,allele,ic50,name,peptide,pos,rank
0,HLA-A01:01,5085.41,AGT17765,MVDLFFNDTAW,0,1.0
31,HLA-A01:01,5418.76,AGT17765,AFLATIKLCMQ,31,2.0
48,HLA-A01:01,5420.89,AGT17765,FFIISPSAYVY,48,3.0
4,HLA-A01:01,5423.44,AGT17765,FFNDTAWYIGQ,4,4.0
42,HLA-A01:01,5431.19,AGT17765,LCGFCNFFIIS,42,5.0
32,HLA-A01:01,5431.52,AGT17765,FLATIKLCMQL,32,6.0
47,HLA-A01:01,5432.27,AGT17765,NFFIISPSAYV,47,7.0
6,HLA-A01:01,5433.49,AGT17765,NDTAWYIGQIL,6,8.0
50,HLA-A01:01,5433.98,AGT17765,IISPSAYVYKR,50,9.0
3,HLA-A01:01,5436.5,AGT17765,LFFNDTAWYIG,3,10.0
16,HLA-A01:01,5436.57,AGT17765,LVLVLFCLISL,16,11.0
33,HLA-A01:01,5437.75,AGT17765,LATIKLCMQLC,33,12.0
51,HLA-A01:01,5438.27,AGT17765,ISPSAYVYKRG,51,13.0
18,HLA-A01:01,5438.83,AGT17765,LVLFCLISLIF,18,14.0
15,HLA-A01:01,5439.26,AGT17765,ILVLVLFCLIS,15,15.0
26,HLA-A01:01,5439.51,AGT17765,LIFVVAFLATI,26,16.0
30,HLA-A01:01,5440.2,AGT17765,VAFLATIKLCM,30,17.0
44,HLA-A01:01,5440.26,AGT17765,GFCNFFIISPS,44,18.0
2,HLA-A01:01,5440.72,AGT17765,DLFFNDTAWYI,2,19.0
17,HLA-A01:01,5441.8,AGT17765,VLVLFCLISLI,17,20.0
28,HLA-A01:01,5441.91,AGT17765,FVVAFLATIKL,28,21.0
27,HLA-A01:01,5442.71,AGT17765,IFVVAFLATIK,27,22.0
37,HLA-A01:01,5442.76,AGT17765,KLCMQLCGFCN,37,23.0
41,HLA-A01:01,5443.28,AGT17765,QLCGFCNFFII,41,24.0
40,HLA-A01:01,5443.69,AGT17765,MQLCGFCNFFI,40,25.0
45,HLA-A01:01,5444.16,AGT17765,FCNFFIISPSA,45,26.0
19,HLA-A01:01,5444.44,AGT17765,VLFCLISLIFV,19,27.0
38,HLA-A01:01,5445.08,AGT17765,LCMQLCGFCNF,38,28.0
34,HLA-A01:01,5445.69,AGT17765,ATIKLCMQLCG,34,29.0
39,HLA-A01:01,5445.96,AGT17765,CMQLCGFCNFF,39,30.0
22,HLA-A01:01,5446.35,AGT17765,CLISLIFVVAF,22,31.0
5,HLA-A01:01,5446.74,AGT17765,FNDTAWYIGQI,5,32.0
13,HLA-A01:01,5447.2,AGT17765,GQILVLVLFCL,13,33.0
29,HLA-A01:01,5447.29,AGT17765,VVAFLATIKLC,29,34.0
35,HLA-A01:01,5448.6,AGT17765,TIKLCMQLCGF,35,35.0
14,HLA-A01:01,5448.79,AGT17765,QILVLVLFCLI,14,36.0
46,HLA-A01:01,5448.8,AGT17765,CNFFIISPSAY,46,37.0
25,HLA-A01:01,5449.21,AGT17765,SLIFVVAFLAT,25,38.0
20,HLA-A01:01,5449.49,AGT17765,LFCLISLIFVV,20,39.0
23,HLA-A01:01,5449.75,AGT17765,LISLIFVVAFL,23,40.0
10,HLA-A01:01,5451.62,AGT17765,WYIGQILVLVL,10,41.0
11,HLA-A01:01,5453.52,AGT17765,YIGQILVLVLF,11,42.0
36,HLA-A01:01,5453.96,AGT17765,IKLCMQLCGFC,36,43.0
8,HLA-A01:01,5454.11,AGT17765,TAWYIGQILVL,8,44.0
52,HLA-A01:01,5454.68,AGT17765,SPSAYVYKRGM,52,45.0
21,HLA-A01:01,5456.85,AGT17765,FCLISLIFVVA,21,46.0
1,HLA-A01:01,5464.66,AGT17765,VDLFFNDTAWY,1,47.0
9,HLA-A01:01,5467.7,AGT17765,AWYIGQILVLV,9,48.0
49,HLA-A01:01,5469.3,AGT17765,FIISPSAYVYK,49,49.0
12,HLA-A01:01,5469.62,AGT17765,IGQILVLVLFC,12,50.0
43,HLA-A01:01,5476.66,AGT17765,CGFCNFFIISP,43,51.0
24,HLA-A01:01,5479.01,AGT17765,ISLIFVVAFLA,24,52.0
7,HLA-A01:01,5491.0,AGT17765,DTAWYIGQILV,7,53.0
19,HLA-A26:01,2754.93,AGT17765,VLFCLISLIFV,19,1.0
32,HLA-A26:01,4013.37,AGT17765,FLATIKLCMQL,32,2.0
16,HLA-A26:01,4382.61,AGT17765,LVLVLFCLISL,16,3.0
26,HLA-A26:01,4559.1,AGT17765,LIFVVAFLATI,26,4.0
20,HLA-A26:01,4776.78,AGT17765,LFCLISLIFVV,20,5.0
17,HLA-A26:01,4793.16,AGT17765,VLVLFCLISLI,17,6.0
2,HLA-A26:01,4853.9,AGT17765,DLFFNDTAWYI,2,7.0
13,HLA-A26:01,5075.18,AGT17765,GQILVLVLFCL,13,8.0
15,HLA-A26:01,5161.93,AGT17765,ILVLVLFCLIS,15,9.0
25,HLA-A26:01,5223.17,AGT17765,SLIFVVAFLAT,25,10.0
24,HLA-A26:01,5317.3,AGT17765,ISLIFVVAFLA,24,11.0
40,HLA-A26:01,5508.49,AGT17765,MQLCGFCNFFI,40,12.0
7,HLA-A26:01,5583.32,AGT17765,DTAWYIGQILV,7,13.0
18,HLA-A26:01,5606.89,AGT17765,LVLFCLISLIF,18,14.0
28,HLA-A26:01,5819.49,AGT17765,FVVAFLATIKL,28,15.0
23,HLA-A26:01,5991.6,AGT17765,LISLIFVVAFL,23,16.0
14,HLA-A26:01,6277.96,AGT17765,QILVLVLFCLI,14,17.0
30,HLA-A26:01,6307.17,AGT17765,VAFLATIKLCM,30,18.0
9,HLA-A26:01,6364.08,AGT17765,AWYIGQILVLV,9,19.0
41,HLA-A26:01,6531.29,AGT17765,QLCGFCNFFII,41,20.0
22,HLA-A26:01,6593.46,AGT17765,CLISLIFVVAF,22,21.0
42,HLA-A26:01,6684.91,AGT17765,LCGFCNFFIIS,42,22.0
47,HLA-A26:01,7118.66,AGT17765,NFFIISPSAYV,47,23.0
11,HLA-A26:01,7164.36,AGT17765,YIGQILVLVLF,11,24.0
12,HLA-A26:01,7400.84,AGT17765,IGQILVLVLFC,12,25.0
39,HLA-A26:01,7440.14,AGT17765,CMQLCGFCNFF,39,26.0
29,HLA-A26:01,7780.89,AGT17765,VVAFLATIKLC,29,27.0
36,HLA-A26:01,7861.49,AGT17765,IKLCMQLCGFC,36,28.0
33,HLA-A26:01,8013.17,AGT17765,LATIKLCMQLC,33,29.0
21,HLA-A26:01,8025.83,AGT17765,FCLISLIFVVA,21,30.0
35,HLA-A26:01,8041.22,AGT17765,TIKLCMQLCGF,35,31.0
38,HLA-A26:01,8346.07,AGT17765,LCMQLCGFCNF,38,32.0
48,HLA-A26:01,8512.51,AGT17765,FFIISPSAYVY,48,33.0
37,HLA-A26:01,8515.01,AGT17765,KLCMQLCGFCN,37,34.0
43,HLA-A26:01,8733.68,AGT17765,CGFCNFFIISP,43,35.0
1,HLA-A26:01,8799.0,AGT17765,VDLFFNDTAWY,1,36.0
8,HLA-A26:01,8859.42,AGT17765,TAWYIGQILVL,8,37.0
31,HLA-A26:01,8886.22,AGT17765,AFLATIKLCMQ,31,38.0
6,HLA-A26:01,9811.77,AGT17765,NDTAWYIGQIL,6,39.0
34,HLA-A26:01,9864.46,AGT17765,ATIKLCMQLCG,34,40.0
44,HLA-A26:01,9954.72,AGT17765,GFCNFFIISPS,44,41.0
27,HLA-A26:01,10382.1,AGT17765,IFVVAFLATIK,27,42.0
46,HLA-A26:01,10461.52,AGT17765,CNFFIISPSAY,46,43.0
10,HLA-A26:01,10525.24,AGT17765,WYIGQILVLVL,10,44.0
50,HLA-A26:01,10565.29,AGT17765,IISPSAYVYKR,50,45.0
0,HLA-A26:01,10743.67,AGT17765,MVDLFFNDTAW,0,46.0
3,HLA-A26:01,10769.97,AGT17765,LFFNDTAWYIG,3,47.0
4,HLA-A26:01,10957.27,AGT17765,FFNDTAWYIGQ,4,48.0
49,HLA-A26:01,11010.43,AGT17765,FIISPSAYVYK,49,49.0
45,HLA-A26:01,11116.29,AGT17765,FCNFFIISPSA,45,50.0
5,HLA-A26:01,12085.21,AGT17765,FNDTAWYIGQI,5,51.0
52,HLA-A26:01,12797.59,AGT17765,SPSAYVYKRGM,52,52.0
51,HLA-A26:01,13627.52,AGT17765,ISPSAYVYKRG,51,53.0
26,HLA-A32:01 ,905.12,AGT17765,LIFVVAFLATI,26,1.0
2,HLA-A32:01 ,1566.79,AGT17765,DLFFNDTAWYI,2,2.0
35,HLA-A32:01 ,1567.89,AGT17765,TIKLCMQLCGF,35,3.0
18,HLA-A32:01 ,2553.53,AGT17765,LVLFCLISLIF,18,4.0
11,HLA-A32:01 ,5304.97,AGT17765,YIGQILVLVLF,11,5.0
40,HLA-A32:01 ,5858.53,AGT17765,MQLCGFCNFFI,40,6.0
28,HLA-A32:01 ,5912.61,AGT17765,FVVAFLATIKL,28,7.0
0,HLA-A32:01 ,6845.12,AGT17765,MVDLFFNDTAW,0,8.0
17,HLA-A32:01 ,8285.63,AGT17765,VLVLFCLISLI,17,9.0
29,HLA-A32:01 ,8482.69,AGT17765,VVAFLATIKLC,29,10.0
25,HLA-A32:01 ,8713.96,AGT17765,SLIFVVAFLAT,25,11.0
16,HLA-A32:01 ,8886.48,AGT17765,LVLVLFCLISL,16,12.0
22,HLA-A32:01 ,8989.63,AGT17765,CLISLIFVVAF,22,13.0
15,HLA-A32:01 ,12833.24,AGT17765,ILVLVLFCLIS,15,14.0
14,HLA-A32:01 ,12941.99,AGT17765,QILVLVLFCLI,14,15.0
12,HLA-A32:01 ,13037.0,AGT17765,IGQILVLVLFC,12,16.0
41,HLA-A32:01 ,13610.96,AGT17765,QLCGFCNFFII,41,17.0
8,HLA-A32:01 ,13981.74,AGT17765,TAWYIGQILVL,8,18.0
39,HLA-A32:01 ,14741.44,AGT17765,CMQLCGFCNFF,39,19.0
7,HLA-A32:01 ,15004.14,AGT17765,DTAWYIGQILV,7,20.0
13,HLA-A32:01 ,15721.8,AGT17765,GQILVLVLFCL,13,21.0
50,HLA-A32:01 ,17658.17,AGT17765,IISPSAYVYKR,50,22.0
19,HLA-A32:01 ,18632.95,AGT17765,VLFCLISLIFV,19,23.0
20,HLA-A32:01 ,19054.02,AGT17765,LFCLISLIFVV,20,24.0
34,HLA-A32:01 ,19482.12,AGT17765,ATIKLCMQLCG,34,25.0
27,HLA-A32:01 ,19522.19,AGT17765,IFVVAFLATIK,27,26.0
9,HLA-A32:01 ,20605.46,AGT17765,AWYIGQILVLV,9,27.0
42,HLA-A32:01 ,20754.9,AGT17765,LCGFCNFFIIS,42,28.0
38,HLA-A32:01 ,21796.92,AGT17765,LCMQLCGFCNF,38,29.0
36,HLA-A32:01 ,22428.69,AGT17765,IKLCMQLCGFC,36,30.0
23,HLA-A32:01 ,22594.96,AGT17765,LISLIFVVAFL,23,31.0
10,HLA-A32:01 ,23889.07,AGT17765,WYIGQILVLVL,10,32.0
3,HLA-A32:01 ,24233.08,AGT17765,LFFNDTAWYIG,3,33.0
6,HLA-A32:01 ,24296.54,AGT17765,NDTAWYIGQIL,6,34.0
21,HLA-A32:01 ,25550.13,AGT17765,FCLISLIFVVA,21,35.0
24,HLA-A32:01 ,25868.78,AGT17765,ISLIFVVAFLA,24,36.0
33,HLA-A32:01 ,26079.84,AGT17765,LATIKLCMQLC,33,37.0
32,HLA-A32:01 ,26487.92,AGT17765,FLATIKLCMQL,32,38.0
37,HLA-A32:01 ,26736.53,AGT17765,KLCMQLCGFCN,37,39.0
44,HLA-A32:01 ,27299.83,AGT17765,GFCNFFIISPS,44,40.0
49,HLA-A32:01 ,28582.41,AGT17765,FIISPSAYVYK,49,41.0
30,HLA-A32:01 ,29315.5,AGT17765,VAFLATIKLCM,30,42.0
43,HLA-A32:01 ,31726.01,AGT17765,CGFCNFFIISP,43,43.0
48,HLA-A32:01 ,32401.13,AGT17765,FFIISPSAYVY,48,44.0
5,HLA-A32:01 ,32804.17,AGT17765,FNDTAWYIGQI,5,45.0
46,HLA-A32:01 ,32972.02,AGT17765,CNFFIISPSAY,46,46.0
1,HLA-A32:01 ,33141.58,AGT17765,VDLFFNDTAWY,1,47.0
31,HLA-A32:01 ,33261.26,AGT17765,AFLATIKLCMQ,31,48.0
45,HLA-A32:01 ,34136.9,AGT17765,FCNFFIISPSA,45,49.0
47,HLA-A32:01 ,36228.14,AGT17765,NFFIISPSAYV,47,50.0
51,HLA-A32:01 ,38912.29,AGT17765,ISPSAYVYKRG,51,51.0
4,HLA-A32:01 ,39508.56,AGT17765,FFNDTAWYIGQ,4,52.0
52,HLA-A32:01 ,41607.05,AGT17765,SPSAYVYKRGM,52,53.0
19,HLA-A02:01,4010.22,AGT17765,VLFCLISLIFV,19,1.0
28,HLA-A02:01,5232.69,AGT17765,FVVAFLATIKL,28,2.0
26,HLA-A02:01,5384.03,AGT17765,LIFVVAFLATI,26,3.0
47,HLA-A02:01,5534.14,AGT17765,NFFIISPSAYV,47,4.0
24,HLA-A02:01,5537.23,AGT17765,ISLIFVVAFLA,24,5.0
13,HLA-A02:01,5539.06,AGT17765,GQILVLVLFCL,13,6.0
9,HLA-A02:01,5539.82,AGT17765,AWYIGQILVLV,9,7.0
16,HLA-A02:01,5548.11,AGT17765,LVLVLFCLISL,16,8.0
32,HLA-A02:01,5551.77,AGT17765,FLATIKLCMQL,32,9.0
21,HLA-A02:01,5559.41,AGT17765,FCLISLIFVVA,21,10.0
7,HLA-A02:01,5561.97,AGT17765,DTAWYIGQILV,7,11.0
34,HLA-A02:01,5563.77,AGT17765,ATIKLCMQLCG,34,12.0
45,HLA-A02:01,5569.63,AGT17765,FCNFFIISPSA,45,13.0
4,HLA-A02:01,5570.81,AGT17765,FFNDTAWYIGQ,4,14.0
3,HLA-A02:01,5575.1,AGT17765,LFFNDTAWYIG,3,15.0
37,HLA-A02:01,5580.13,AGT17765,KLCMQLCGFCN,37,16.0
23,HLA-A02:01,5583.0,AGT17765,LISLIFVVAFL,23,17.0
30,HLA-A02:01,5585.93,AGT17765,VAFLATIKLCM,30,18.0
15,HLA-A02:01,5586.49,AGT17765,ILVLVLFCLIS,15,19.0
51,HLA-A02:01,5587.72,AGT17765,ISPSAYVYKRG,51,20.0
35,HLA-A02:01,5588.54,AGT17765,TIKLCMQLCGF,35,21.0
27,HLA-A02:01,5590.14,AGT17765,IFVVAFLATIK,27,22.0
10,HLA-A02:01,5591.08,AGT17765,WYIGQILVLVL,10,23.0
5,HLA-A02:01,5591.57,AGT17765,FNDTAWYIGQI,5,24.0
8,HLA-A02:01,5592.32,AGT17765,TAWYIGQILVL,8,25.0
48,HLA-A02:01,5592.84,AGT17765,FFIISPSAYVY,48,26.0
42,HLA-A02:01,5594.0,AGT17765,LCGFCNFFIIS,42,27.0
44,HLA-A02:01,5594.98,AGT17765,GFCNFFIISPS,44,28.0
0,HLA-A02:01,5595.51,AGT17765,MVDLFFNDTAW,0,29.0
52,HLA-A02:01,5596.07,AGT17765,SPSAYVYKRGM,52,30.0
31,HLA-A02:01,5596.47,AGT17765,AFLATIKLCMQ,31,31.0
43,HLA-A02:01,5596.51,AGT17765,CGFCNFFIISP,43,32.0
46,HLA-A02:01,5603.9,AGT17765,CNFFIISPSAY,46,33.0
20,HLA-A02:01,5603.98,AGT17765,LFCLISLIFVV,20,34.0
2,HLA-A02:01,5604.16,AGT17765,DLFFNDTAWYI,2,35.0
22,HLA-A02:01,5604.65,AGT17765,CLISLIFVVAF,22,36.0
38,HLA-A02:01,5607.82,AGT17765,LCMQLCGFCNF,38,37.0
6,HLA-A02:01,5613.86,AGT17765,NDTAWYIGQIL,6,38.0
1,HLA-A02:01,5621.07,AGT17765,VDLFFNDTAWY,1,39.0
40,HLA-A02:01,5625.18,AGT17765,MQLCGFCNFFI,40,40.0
14,HLA-A02:01,5627.97,AGT17765,QILVLVLFCLI,14,41.0
33,HLA-A02:01,5628.9,AGT17765,LATIKLCMQLC,33,42.0
36,HLA-A02:01,5633.37,AGT17765,IKLCMQLCGFC,36,43.0
39,HLA-A02:01,5636.23,AGT17765,CMQLCGFCNFF,39,44.0
41,HLA-A02:01,5640.38,AGT17765,QLCGFCNFFII,41,45.0
11,HLA-A02:01,5642.63,AGT17765,YIGQILVLVLF,11,46.0
18,HLA-A02:01,5643.07,AGT17765,LVLFCLISLIF,18,47.0
17,HLA-A02:01,5645.66,AGT17765,VLVLFCLISLI,17,48.0
12,HLA-A02:01,5651.97,AGT17765,IGQILVLVLFC,12,49.0
29,HLA-A02:01,5655.4,AGT17765,VVAFLATIKLC,29,50.0
50,HLA-A02:01,5655.43,AGT17765,IISPSAYVYKR,50,51.0
25,HLA-A02:01,5739.05,AGT17765,SLIFVVAFLAT,25,52.0
49,HLA-A02:01,5794.03,AGT17765,FIISPSAYVYK,49,53.0
19,HLA-A02:03 ,4010.22,AGT17765,VLFCLISLIFV,19,1.0
28,HLA-A02:03 ,5232.69,AGT17765,FVVAFLATIKL,28,2.0
26,HLA-A02:03 ,5384.03,AGT17765,LIFVVAFLATI,26,3.0
47,HLA-A02:03 ,5534.14,AGT17765,NFFIISPSAYV,47,4.0
24,HLA-A02:03 ,5537.23,AGT17765,ISLIFVVAFLA,24,5.0
13,HLA-A02:03 ,5539.06,AGT17765,GQILVLVLFCL,13,6.0
9,HLA-A02:03 ,5539.82,AGT17765,AWYIGQILVLV,9,7.0
16,HLA-A02:03 ,5548.11,AGT17765,LVLVLFCLISL,16,8.0
32,HLA-A02:03 ,5551.77,AGT17765,FLATIKLCMQL,32,9.0
21,HLA-A02:03 ,5559.41,AGT17765,FCLISLIFVVA,21,10.0
7,HLA-A02:03 ,5561.97,AGT17765,DTAWYIGQILV,7,11.0
34,HLA-A02:03 ,5563.77,AGT17765,ATIKLCMQLCG,34,12.0
45,HLA-A02:03 ,5569.63,AGT17765,FCNFFIISPSA,45,13.0
4,HLA-A02:03 ,5570.81,AGT17765,FFNDTAWYIGQ,4,14.0
3,HLA-A02:03 ,5575.1,AGT17765,LFFNDTAWYIG,3,15.0
37,HLA-A02:03 ,5580.13,AGT17765,KLCMQLCGFCN,37,16.0
23,HLA-A02:03 ,5583.0,AGT17765,LISLIFVVAFL,23,17.0
30,HLA-A02:03 ,5585.93,AGT17765,VAFLATIKLCM,30,18.0
15,HLA-A02:03 ,5586.49,AGT17765,ILVLVLFCLIS,15,19.0
51,HLA-A02:03 ,5587.72,AGT17765,ISPSAYVYKRG,51,20.0
35,HLA-A02:03 ,5588.54,AGT17765,TIKLCMQLCGF,35,21.0
27,HLA-A02:03 ,5590.14,AGT17765,IFVVAFLATIK,27,22.0
10,HLA-A02:03 ,5591.08,AGT17765,WYIGQILVLVL,10,23.0
5,HLA-A02:03 ,5591.57,AGT17765,FNDTAWYIGQI,5,24.0
8,HLA-A02:03 ,5592.32,AGT17765,TAWYIGQILVL,8,25.0
48,HLA-A02:03 ,5592.84,AGT17765,FFIISPSAYVY,48,26.0
42,HLA-A02:03 ,5594.0,AGT17765,LCGFCNFFIIS,42,27.0
44,HLA-A02:03 ,5594.98,AGT17765,GFCNFFIISPS,44,28.0
0,HLA-A02:03 ,5595.51,AGT17765,MVDLFFNDTAW,0,29.0
52,HLA-A02:03 ,5596.07,AGT17765,SPSAYVYKRGM,52,30.0
31,HLA-A02:03 ,5596.47,AGT17765,AFLATIKLCMQ,31,31.0
43,HLA-A02:03 ,5596.51,AGT17765,CGFCNFFIISP,43,32.0
46,HLA-A02:03 ,5603.9,AGT17765,CNFFIISPSAY,46,33.0
20,HLA-A02:03 ,5603.98,AGT17765,LFCLISLIFVV,20,34.0
2,HLA-A02:03 ,5604.16,AGT17765,DLFFNDTAWYI,2,35.0
22,HLA-A02:03 ,5604.65,AGT17765,CLISLIFVVAF,22,36.0
38,HLA-A02:03 ,5607.82,AGT17765,LCMQLCGFCNF,38,37.0
6,HLA-A02:03 ,5613.86,AGT17765,NDTAWYIGQIL,6,38.0
1,HLA-A02:03 ,5621.07,AGT17765,VDLFFNDTAWY,1,39.0
40,HLA-A02:03 ,5625.18,AGT17765,MQLCGFCNFFI,40,40.0
14,HLA-A02:03 ,5627.97,AGT17765,QILVLVLFCLI,14,41.0
33,HLA-A02:03 ,5628.9,AGT17765,LATIKLCMQLC,33,42.0
36,HLA-A02:03 ,5633.37,AGT17765,IKLCMQLCGFC,36,43.0
39,HLA-A02:03 ,5636.23,AGT17765,CMQLCGFCNFF,39,44.0
41,HLA-A02:03 ,5640.38,AGT17765,QLCGFCNFFII,41,45.0
11,HLA-A02:03 ,5642.63,AGT17765,YIGQILVLVLF,11,46.0
18,HLA-A02:03 ,5643.07,AGT17765,LVLFCLISLIF,18,47.0
17,HLA-A02:03 ,5645.66,AGT17765,VLVLFCLISLI,17,48.0
12,HLA-A02:03 ,5651.97,AGT17765,IGQILVLVLFC,12,49.0
29,HLA-A02:03 ,5655.4,AGT17765,VVAFLATIKLC,29,50.0
50,HLA-A02:03 ,5655.43,AGT17765,IISPSAYVYKR,50,51.0
25,HLA-A02:03 ,5739.05,AGT17765,SLIFVVAFLAT,25,52.0
49,HLA-A02:03 ,5794.03,AGT17765,FIISPSAYVYK,49,53.0
40,HLA-A02:06,17.64,AGT17765,MQLCGFCNFFI,40,1.0
28,HLA-A02:06,109.61,AGT17765,FVVAFLATIKL,28,2.0
16,HLA-A02:06,184.1,AGT17765,LVLVLFCLISL,16,3.0
19,HLA-A02:06,197.35,AGT17765,VLFCLISLIFV,19,4.0
26,HLA-A02:06,227.37,AGT17765,LIFVVAFLATI,26,5.0
2,HLA-A02:06,339.86,AGT17765,DLFFNDTAWYI,2,6.0
13,HLA-A02:06,534.65,AGT17765,GQILVLVLFCL,13,7.0
23,HLA-A02:06,713.84,AGT17765,LISLIFVVAFL,23,8.0
32,HLA-A02:06,728.3,AGT17765,FLATIKLCMQL,32,9.0
47,HLA-A02:06,1229.71,AGT17765,NFFIISPSAYV,47,10.0
17,HLA-A02:06,1386.14,AGT17765,VLVLFCLISLI,17,11.0
14,HLA-A02:06,1719.04,AGT17765,QILVLVLFCLI,14,12.0
20,HLA-A02:06,1982.29,AGT17765,LFCLISLIFVV,20,13.0
7,HLA-A02:06,2045.67,AGT17765,DTAWYIGQILV,7,14.0
25,HLA-A02:06,2550.18,AGT17765,SLIFVVAFLAT,25,15.0
18,HLA-A02:06,2674.21,AGT17765,LVLFCLISLIF,18,16.0
41,HLA-A02:06,2679.99,AGT17765,QLCGFCNFFII,41,17.0
22,HLA-A02:06,2906.5,AGT17765,CLISLIFVVAF,22,18.0
24,HLA-A02:06,3941.87,AGT17765,ISLIFVVAFLA,24,19.0
21,HLA-A02:06,3947.88,AGT17765,FCLISLIFVVA,21,20.0
43,HLA-A02:06,4367.88,AGT17765,CGFCNFFIISP,43,21.0
9,HLA-A02:06,4644.83,AGT17765,AWYIGQILVLV,9,22.0
4,HLA-A02:06,5244.42,AGT17765,FFNDTAWYIGQ,4,23.0
5,HLA-A02:06,5424.48,AGT17765,FNDTAWYIGQI,5,24.0
34,HLA-A02:06,6005.52,AGT17765,ATIKLCMQLCG,34,25.0
39,HLA-A02:06,6202.75,AGT17765,CMQLCGFCNFF,39,26.0
8,HLA-A02:06,6701.22,AGT17765,TAWYIGQILVL,8,27.0
33,HLA-A02:06,7866.38,AGT17765,LATIKLCMQLC,33,28.0
48,HLA-A02:06,8338.65,AGT17765,FFIISPSAYVY,48,29.0
29,HLA-A02:06,8801.07,AGT17765,VVAFLATIKLC,29,30.0
36,HLA-A02:06,9281.62,AGT17765,IKLCMQLCGFC,36,31.0
10,HLA-A02:06,10014.35,AGT17765,WYIGQILVLVL,10,32.0
31,HLA-A02:06,10044.26,AGT17765,AFLATIKLCMQ,31,33.0
15,HLA-A02:06,10181.94,AGT17765,ILVLVLFCLIS,15,34.0
50,HLA-A02:06,11846.77,AGT17765,IISPSAYVYKR,50,35.0
30,HLA-A02:06,11925.41,AGT17765,VAFLATIKLCM,30,36.0
12,HLA-A02:06,12225.81,AGT17765,IGQILVLVLFC,12,37.0
49,HLA-A02:06,12532.95,AGT17765,FIISPSAYVYK,49,38.0
11,HLA-A02:06,13196.75,AGT17765,YIGQILVLVLF,11,39.0
42,HLA-A02:06,13632.5,AGT17765,LCGFCNFFIIS,42,40.0
44,HLA-A02:06,14172.98,AGT17765,GFCNFFIISPS,44,41.0
27,HLA-A02:06,15976.89,AGT17765,IFVVAFLATIK,27,42.0
45,HLA-A02:06,18557.52,AGT17765,FCNFFIISPSA,45,43.0
37,HLA-A02:06,18577.75,AGT17765,KLCMQLCGFCN,37,44.0
35,HLA-A02:06,18804.33,AGT17765,TIKLCMQLCGF,35,45.0
3,HLA-A02:06,20192.32,AGT17765,LFFNDTAWYIG,3,46.0
1,HLA-A02:06,20467.31,AGT17765,VDLFFNDTAWY,1,47.0
6,HLA-A02:06,21236.84,AGT17765,NDTAWYIGQIL,6,48.0
38,HLA-A02:06,21349.15,AGT17765,LCMQLCGFCNF,38,49.0
46,HLA-A02:06,26097.86,AGT17765,CNFFIISPSAY,46,50.0
51,HLA-A02:06,27062.98,AGT17765,ISPSAYVYKRG,51,51.0
0,HLA-A02:06,30527.03,AGT17765,MVDLFFNDTAW,0,52.0
52,HLA-A02:06,32814.38,AGT17765,SPSAYVYKRGM,52,53.0
7,HLA-A68:02,1695.92,AGT17765,DTAWYIGQILV,7,1.0
28,HLA-A68:02,2100.59,AGT17765,FVVAFLATIKL,28,2.0
2,HLA-A68:02,3303.58,AGT17765,DLFFNDTAWYI,2,3.0
47,HLA-A68:02,4586.65,AGT17765,NFFIISPSAYV,47,4.0
6,HLA-A68:02,4728.77,AGT17765,NDTAWYIGQIL,6,5.0
23,HLA-A68:02,4899.3,AGT17765,LISLIFVVAFL,23,6.0
26,HLA-A68:02,4906.11,AGT17765,LIFVVAFLATI,26,7.0
19,HLA-A68:02,5089.81,AGT17765,VLFCLISLIFV,19,8.0
8,HLA-A68:02,5119.44,AGT17765,TAWYIGQILVL,8,9.0
32,HLA-A68:02,5206.76,AGT17765,FLATIKLCMQL,32,10.0
20,HLA-A68:02,5210.97,AGT17765,LFCLISLIFVV,20,11.0
17,HLA-A68:02,5237.65,AGT17765,VLVLFCLISLI,17,12.0
16,HLA-A68:02,5284.53,AGT17765,LVLVLFCLISL,16,13.0
24,HLA-A68:02,5356.89,AGT17765,ISLIFVVAFLA,24,14.0
25,HLA-A68:02,5424.55,AGT17765,SLIFVVAFLAT,25,15.0
21,HLA-A68:02,5475.76,AGT17765,FCLISLIFVVA,21,16.0
29,HLA-A68:02,5482.11,AGT17765,VVAFLATIKLC,29,17.0
9,HLA-A68:02,5501.96,AGT17765,AWYIGQILVLV,9,18.0
48,HLA-A68:02,5534.78,AGT17765,FFIISPSAYVY,48,19.0
14,HLA-A68:02,5542.22,AGT17765,QILVLVLFCLI,14,20.0
11,HLA-A68:02,5554.05,AGT17765,YIGQILVLVLF,11,21.0
15,HLA-A68:02,5555.13,AGT17765,ILVLVLFCLIS,15,22.0
18,HLA-A68:02,5556.59,AGT17765,LVLFCLISLIF,18,23.0
45,HLA-A68:02,5561.96,AGT17765,FCNFFIISPSA,45,24.0
5,HLA-A68:02,5567.03,AGT17765,FNDTAWYIGQI,5,25.0
10,HLA-A68:02,5582.47,AGT17765,WYIGQILVLVL,10,26.0
41,HLA-A68:02,5586.07,AGT17765,QLCGFCNFFII,41,27.0
49,HLA-A68:02,5588.75,AGT17765,FIISPSAYVYK,49,28.0
22,HLA-A68:02,5596.86,AGT17765,CLISLIFVVAF,22,29.0
50,HLA-A68:02,5611.46,AGT17765,IISPSAYVYKR,50,30.0
42,HLA-A68:02,5615.84,AGT17765,LCGFCNFFIIS,42,31.0
27,HLA-A68:02,5637.89,AGT17765,IFVVAFLATIK,27,32.0
44,HLA-A68:02,5652.08,AGT17765,GFCNFFIISPS,44,33.0
30,HLA-A68:02,5653.85,AGT17765,VAFLATIKLCM,30,34.0
40,HLA-A68:02,5657.37,AGT17765,MQLCGFCNFFI,40,35.0
43,HLA-A68:02,5666.74,AGT17765,CGFCNFFIISP,43,36.0
3,HLA-A68:02,5672.56,AGT17765,LFFNDTAWYIG,3,37.0
33,HLA-A68:02,5673.29,AGT17765,LATIKLCMQLC,33,38.0
46,HLA-A68:02,5697.71,AGT17765,CNFFIISPSAY,46,39.0
34,HLA-A68:02,5720.93,AGT17765,ATIKLCMQLCG,34,40.0
35,HLA-A68:02,5723.38,AGT17765,TIKLCMQLCGF,35,41.0
13,HLA-A68:02,5737.89,AGT17765,GQILVLVLFCL,13,42.0
39,HLA-A68:02,5748.7,AGT17765,CMQLCGFCNFF,39,43.0
0,HLA-A68:02,5750.01,AGT17765,MVDLFFNDTAW,0,44.0
38,HLA-A68:02,5753.57,AGT17765,LCMQLCGFCNF,38,45.0
12,HLA-A68:02,5753.98,AGT17765,IGQILVLVLFC,12,46.0
37,HLA-A68:02,5783.96,AGT17765,KLCMQLCGFCN,37,47.0
1,HLA-A68:02,5787.94,AGT17765,VDLFFNDTAWY,1,48.0
4,HLA-A68:02,5795.97,AGT17765,FFNDTAWYIGQ,4,49.0
31,HLA-A68:02,5811.33,AGT17765,AFLATIKLCMQ,31,50.0
52,HLA-A68:02,5813.48,AGT17765,SPSAYVYKRGM,52,51.0
36,HLA-A68:02,5816.96,AGT17765,IKLCMQLCGFC,36,52.0
51,HLA-A68:02,5862.49,AGT17765,ISPSAYVYKRG,51,53.0
10,HLA-A23:01,63.45,AGT17765,WYIGQILVLVL,10,1.0
18,HLA-A23:01,405.6,AGT17765,LVLFCLISLIF,18,2.0
17,HLA-A23:01,822.67,AGT17765,VLVLFCLISLI,17,3.0
11,HLA-A23:01,1164.22,AGT17765,YIGQILVLVLF,11,4.0
22,HLA-A23:01,1554.94,AGT17765,CLISLIFVVAF,22,5.0
38,HLA-A23:01,1607.11,AGT17765,LCMQLCGFCNF,38,6.0
2,HLA-A23:01,2096.0,AGT17765,DLFFNDTAWYI,2,7.0
39,HLA-A23:01,2212.37,AGT17765,CMQLCGFCNFF,39,8.0
3,HLA-A23:01,2235.22,AGT17765,LFFNDTAWYIG,3,9.0
47,HLA-A23:01,2395.44,AGT17765,NFFIISPSAYV,47,10.0
9,HLA-A23:01,3121.92,AGT17765,AWYIGQILVLV,9,11.0
26,HLA-A23:01,3205.01,AGT17765,LIFVVAFLATI,26,12.0
41,HLA-A23:01,4028.33,AGT17765,QLCGFCNFFII,41,13.0
30,HLA-A23:01,5227.91,AGT17765,VAFLATIKLCM,30,14.0
48,HLA-A23:01,5681.57,AGT17765,FFIISPSAYVY,48,15.0
27,HLA-A23:01,6878.16,AGT17765,IFVVAFLATIK,27,16.0
5,HLA-A23:01,7999.59,AGT17765,FNDTAWYIGQI,5,17.0
8,HLA-A23:01,8011.66,AGT17765,TAWYIGQILVL,8,18.0
13,HLA-A23:01,8470.2,AGT17765,GQILVLVLFCL,13,19.0
35,HLA-A23:01,9141.11,AGT17765,TIKLCMQLCGF,35,20.0
19,HLA-A23:01,10048.44,AGT17765,VLFCLISLIFV,19,21.0
14,HLA-A23:01,11584.37,AGT17765,QILVLVLFCLI,14,22.0
0,HLA-A23:01,12769.65,AGT17765,MVDLFFNDTAW,0,23.0
16,HLA-A23:01,12961.93,AGT17765,LVLVLFCLISL,16,24.0
32,HLA-A23:01,14902.81,AGT17765,FLATIKLCMQL,32,25.0
40,HLA-A23:01,16449.43,AGT17765,MQLCGFCNFFI,40,26.0
6,HLA-A23:01,16727.19,AGT17765,NDTAWYIGQIL,6,27.0
23,HLA-A23:01,17272.17,AGT17765,LISLIFVVAFL,23,28.0
28,HLA-A23:01,17878.13,AGT17765,FVVAFLATIKL,28,29.0
20,HLA-A23:01,20538.81,AGT17765,LFCLISLIFVV,20,30.0
7,HLA-A23:01,22530.76,AGT17765,DTAWYIGQILV,7,31.0
46,HLA-A23:01,25529.21,AGT17765,CNFFIISPSAY,46,32.0
31,HLA-A23:01,26186.57,AGT17765,AFLATIKLCMQ,31,33.0
24,HLA-A23:01,26297.23,AGT17765,ISLIFVVAFLA,24,34.0
43,HLA-A23:01,26704.72,AGT17765,CGFCNFFIISP,43,35.0
29,HLA-A23:01,28686.24,AGT17765,VVAFLATIKLC,29,36.0
12,HLA-A23:01,28997.76,AGT17765,IGQILVLVLFC,12,37.0
4,HLA-A23:01,29057.62,AGT17765,FFNDTAWYIGQ,4,38.0
44,HLA-A23:01,29756.07,AGT17765,GFCNFFIISPS,44,39.0
25,HLA-A23:01,30645.04,AGT17765,SLIFVVAFLAT,25,40.0
52,HLA-A23:01,30751.84,AGT17765,SPSAYVYKRGM,52,41.0
33,HLA-A23:01,30909.97,AGT17765,LATIKLCMQLC,33,42.0
49,HLA-A23:01,30927.38,AGT17765,FIISPSAYVYK,49,43.0
15,HLA-A23:01,32684.09,AGT17765,ILVLVLFCLIS,15,44.0
37,HLA-A23:01,33024.49,AGT17765,KLCMQLCGFCN,37,45.0
36,HLA-A23:01,33541.86,AGT17765,IKLCMQLCGFC,36,46.0
50,HLA-A23:01,34011.97,AGT17765,IISPSAYVYKR,50,47.0
21,HLA-A23:01,34318.49,AGT17765,FCLISLIFVVA,21,48.0
1,HLA-A23:01,35355.36,AGT17765,VDLFFNDTAWY,1,49.0
34,HLA-A23:01,35802.03,AGT17765,ATIKLCMQLCG,34,50.0
42,HLA-A23:01,36828.33,AGT17765,LCGFCNFFIIS,42,51.0
51,HLA-A23:01,38088.17,AGT17765,ISPSAYVYKRG,51,52.0
45,HLA-A23:01,42169.86,AGT17765,FCNFFIISPSA,45,53.0
10,HLA-A24:02,4175.88,AGT17765,WYIGQILVLVL,10,1.0
11,HLA-A24:02,5120.64,AGT17765,YIGQILVLVLF,11,2.0
48,HLA-A24:02,5206.88,AGT17765,FFIISPSAYVY,48,3.0
22,HLA-A24:02,5238.17,AGT17765,CLISLIFVVAF,22,4.0
18,HLA-A24:02,5279.97,AGT17765,LVLFCLISLIF,18,5.0
47,HLA-A24:02,5293.99,AGT17765,NFFIISPSAYV,47,6.0
35,HLA-A24:02,5301.95,AGT17765,TIKLCMQLCGF,35,7.0
39,HLA-A24:02,5306.53,AGT17765,CMQLCGFCNFF,39,8.0
23,HLA-A24:02,5306.99,AGT17765,LISLIFVVAFL,23,9.0
40,HLA-A24:02,5310.19,AGT17765,MQLCGFCNFFI,40,10.0
38,HLA-A24:02,5322.91,AGT17765,LCMQLCGFCNF,38,11.0
8,HLA-A24:02,5331.4,AGT17765,TAWYIGQILVL,8,12.0
28,HLA-A24:02,5338.97,AGT17765,FVVAFLATIKL,28,13.0
6,HLA-A24:02,5342.85,AGT17765,NDTAWYIGQIL,6,14.0
19,HLA-A24:02,5345.4,AGT17765,VLFCLISLIFV,19,15.0
2,HLA-A24:02,5354.72,AGT17765,DLFFNDTAWYI,2,16.0
0,HLA-A24:02,5355.69,AGT17765,MVDLFFNDTAW,0,17.0
27,HLA-A24:02,5357.44,AGT17765,IFVVAFLATIK,27,18.0
41,HLA-A24:02,5359.86,AGT17765,QLCGFCNFFII,41,19.0
32,HLA-A24:02,5360.47,AGT17765,FLATIKLCMQL,32,20.0
25,HLA-A24:02,5366.96,AGT17765,SLIFVVAFLAT,25,21.0
7,HLA-A24:02,5369.0,AGT17765,DTAWYIGQILV,7,22.0
20,HLA-A24:02,5374.66,AGT17765,LFCLISLIFVV,20,23.0
43,HLA-A24:02,5378.31,AGT17765,CGFCNFFIISP,43,24.0
13,HLA-A24:02,5379.53,AGT17765,GQILVLVLFCL,13,25.0
1,HLA-A24:02,5380.09,AGT17765,VDLFFNDTAWY,1,26.0
9,HLA-A24:02,5381.85,AGT17765,AWYIGQILVLV,9,27.0
16,HLA-A24:02,5382.6,AGT17765,LVLVLFCLISL,16,28.0
4,HLA-A24:02,5386.18,AGT17765,FFNDTAWYIGQ,4,29.0
26,HLA-A24:02,5391.28,AGT17765,LIFVVAFLATI,26,30.0
46,HLA-A24:02,5394.63,AGT17765,CNFFIISPSAY,46,31.0
24,HLA-A24:02,5398.55,AGT17765,ISLIFVVAFLA,24,32.0
50,HLA-A24:02,5398.76,AGT17765,IISPSAYVYKR,50,33.0
5,HLA-A24:02,5399.89,AGT17765,FNDTAWYIGQI,5,34.0
42,HLA-A24:02,5403.58,AGT17765,LCGFCNFFIIS,42,35.0
17,HLA-A24:02,5405.03,AGT17765,VLVLFCLISLI,17,36.0
14,HLA-A24:02,5407.42,AGT17765,QILVLVLFCLI,14,37.0
51,HLA-A24:02,5407.97,AGT17765,ISPSAYVYKRG,51,38.0
21,HLA-A24:02,5409.34,AGT17765,FCLISLIFVVA,21,39.0
31,HLA-A24:02,5410.05,AGT17765,AFLATIKLCMQ,31,40.0
45,HLA-A24:02,5410.19,AGT17765,FCNFFIISPSA,45,41.0
52,HLA-A24:02,5410.36,AGT17765,SPSAYVYKRGM,52,42.0
36,HLA-A24:02,5412.56,AGT17765,IKLCMQLCGFC,36,43.0
3,HLA-A24:02,5413.38,AGT17765,LFFNDTAWYIG,3,44.0
12,HLA-A24:02,5415.93,AGT17765,IGQILVLVLFC,12,45.0
44,HLA-A24:02,5416.45,AGT17765,GFCNFFIISPS,44,46.0
15,HLA-A24:02,5418.91,AGT17765,ILVLVLFCLIS,15,47.0
37,HLA-A24:02,5423.86,AGT17765,KLCMQLCGFCN,37,48.0
49,HLA-A24:02,5425.1,AGT17765,FIISPSAYVYK,49,49.0
30,HLA-A24:02,5425.6,AGT17765,VAFLATIKLCM,30,50.0
29,HLA-A24:02,5434.34,AGT17765,VVAFLATIKLC,29,51.0
33,HLA-A24:02,5435.1,AGT17765,LATIKLCMQLC,33,52.0
34,HLA-A24:02,5446.54,AGT17765,ATIKLCMQLCG,34,53.0
49,HLA-A03:01,5200.01,AGT17765,FIISPSAYVYK,49,1.0
26,HLA-A03:01,5446.86,AGT17765,LIFVVAFLATI,26,2.0
16,HLA-A03:01,5488.29,AGT17765,LVLVLFCLISL,16,3.0
19,HLA-A03:01,5497.13,AGT17765,VLFCLISLIFV,19,4.0
8,HLA-A03:01,5522.2,AGT17765,TAWYIGQILVL,8,5.0
28,HLA-A03:01,5528.85,AGT17765,FVVAFLATIKL,28,6.0
17,HLA-A03:01,5543.09,AGT17765,VLVLFCLISLI,17,7.0
10,HLA-A03:01,5545.96,AGT17765,WYIGQILVLVL,10,8.0
32,HLA-A03:01,5550.32,AGT17765,FLATIKLCMQL,32,9.0
13,HLA-A03:01,5559.32,AGT17765,GQILVLVLFCL,13,10.0
23,HLA-A03:01,5563.38,AGT17765,LISLIFVVAFL,23,11.0
25,HLA-A03:01,5585.61,AGT17765,SLIFVVAFLAT,25,12.0
9,HLA-A03:01,5598.38,AGT17765,AWYIGQILVLV,9,13.0
30,HLA-A03:01,5601.1,AGT17765,VAFLATIKLCM,30,14.0
24,HLA-A03:01,5602.23,AGT17765,ISLIFVVAFLA,24,15.0
12,HLA-A03:01,5602.53,AGT17765,IGQILVLVLFC,12,16.0
6,HLA-A03:01,5604.03,AGT17765,NDTAWYIGQIL,6,17.0
14,HLA-A03:01,5604.8,AGT17765,QILVLVLFCLI,14,18.0
33,HLA-A03:01,5608.47,AGT17765,LATIKLCMQLC,33,19.0
29,HLA-A03:01,5611.21,AGT17765,VVAFLATIKLC,29,20.0
21,HLA-A03:01,5612.35,AGT17765,FCLISLIFVVA,21,21.0
20,HLA-A03:01,5612.77,AGT17765,LFCLISLIFVV,20,22.0
15,HLA-A03:01,5614.09,AGT17765,ILVLVLFCLIS,15,23.0
31,HLA-A03:01,5615.06,AGT17765,AFLATIKLCMQ,31,24.0
11,HLA-A03:01,5615.89,AGT17765,YIGQILVLVLF,11,25.0
36,HLA-A03:01,5619.28,AGT17765,IKLCMQLCGFC,36,26.0
7,HLA-A03:01,5620.75,AGT17765,DTAWYIGQILV,7,27.0
4,HLA-A03:01,5628.26,AGT17765,FFNDTAWYIGQ,4,28.0
22,HLA-A03:01,5628.27,AGT17765,CLISLIFVVAF,22,29.0
3,HLA-A03:01,5628.91,AGT17765,LFFNDTAWYIG,3,30.0
18,HLA-A03:01,5629.68,AGT17765,LVLFCLISLIF,18,31.0
27,HLA-A03:01,5630.69,AGT17765,IFVVAFLATIK,27,32.0
42,HLA-A03:01,5632.4,AGT17765,LCGFCNFFIIS,42,33.0
47,HLA-A03:01,5636.03,AGT17765,NFFIISPSAYV,47,34.0
41,HLA-A03:01,5636.15,AGT17765,QLCGFCNFFII,41,35.0
44,HLA-A03:01,5636.75,AGT17765,GFCNFFIISPS,44,36.0
45,HLA-A03:01,5638.94,AGT17765,FCNFFIISPSA,45,37.0
40,HLA-A03:01,5639.4,AGT17765,MQLCGFCNFFI,40,38.0
43,HLA-A03:01,5641.78,AGT17765,CGFCNFFIISP,43,39.0
52,HLA-A03:01,5645.96,AGT17765,SPSAYVYKRGM,52,40.0
38,HLA-A03:01,5646.42,AGT17765,LCMQLCGFCNF,38,41.0
1,HLA-A03:01,5647.37,AGT17765,VDLFFNDTAWY,1,42.0
5,HLA-A03:01,5648.5,AGT17765,FNDTAWYIGQI,5,43.0
39,HLA-A03:01,5649.5,AGT17765,CMQLCGFCNFF,39,44.0
0,HLA-A03:01,5652.55,AGT17765,MVDLFFNDTAW,0,45.0
46,HLA-A03:01,5657.5,AGT17765,CNFFIISPSAY,46,46.0
2,HLA-A03:01,5659.1,AGT17765,DLFFNDTAWYI,2,47.0
34,HLA-A03:01,5662.59,AGT17765,ATIKLCMQLCG,34,48.0
37,HLA-A03:01,5663.04,AGT17765,KLCMQLCGFCN,37,49.0
48,HLA-A03:01,5673.28,AGT17765,FFIISPSAYVY,48,50.0
51,HLA-A03:01,5673.37,AGT17765,ISPSAYVYKRG,51,51.0
35,HLA-A03:01,5678.01,AGT17765,TIKLCMQLCGF,35,52.0
50,HLA-A03:01,5718.61,AGT17765,IISPSAYVYKR,50,53.0
49,HLA-A11:01,9.14,AGT17765,FIISPSAYVYK,49,1.0
50,HLA-A11:01,57.74,AGT17765,IISPSAYVYKR,50,2.0
27,HLA-A11:01,592.36,AGT17765,IFVVAFLATIK,27,3.0
48,HLA-A11:01,5407.23,AGT17765,FFIISPSAYVY,48,4.0
34,HLA-A11:01,6096.21,AGT17765,ATIKLCMQLCG,34,5.0
37,HLA-A11:01,9154.36,AGT17765,KLCMQLCGFCN,37,6.0
28,HLA-A11:01,12047.39,AGT17765,FVVAFLATIKL,28,7.0
24,HLA-A11:01,12251.08,AGT17765,ISLIFVVAFLA,24,8.0
16,HLA-A11:01,12560.99,AGT17765,LVLVLFCLISL,16,9.0
15,HLA-A11:01,15104.47,AGT17765,ILVLVLFCLIS,15,10.0
40,HLA-A11:01,15381.45,AGT17765,MQLCGFCNFFI,40,11.0
43,HLA-A11:01,16469.73,AGT17765,CGFCNFFIISP,43,12.0
3,HLA-A11:01,16534.08,AGT17765,LFFNDTAWYIG,3,13.0
19,HLA-A11:01,16604.14,AGT17765,VLFCLISLIFV,19,14.0
23,HLA-A11:01,16916.17,AGT17765,LISLIFVVAFL,23,15.0
14,HLA-A11:01,17678.76,AGT17765,QILVLVLFCLI,14,16.0
44,HLA-A11:01,18291.21,AGT17765,GFCNFFIISPS,44,17.0
25,HLA-A11:01,19307.8,AGT17765,SLIFVVAFLAT,25,18.0
42,HLA-A11:01,20027.46,AGT17765,LCGFCNFFIIS,42,19.0
47,HLA-A11:01,20532.91,AGT17765,NFFIISPSAYV,47,20.0
17,HLA-A11:01,20996.79,AGT17765,VLVLFCLISLI,17,21.0
41,HLA-A11:01,21799.03,AGT17765,QLCGFCNFFII,41,22.0
13,HLA-A11:01,22105.8,AGT17765,GQILVLVLFCL,13,23.0
4,HLA-A11:01,22335.58,AGT17765,FFNDTAWYIGQ,4,24.0
30,HLA-A11:01,22545.88,AGT17765,VAFLATIKLCM,30,25.0
46,HLA-A11:01,22806.08,AGT17765,CNFFIISPSAY,46,26.0
18,HLA-A11:01,23859.16,AGT17765,LVLFCLISLIF,18,27.0
12,HLA-A11:01,24127.39,AGT17765,IGQILVLVLFC,12,28.0
31,HLA-A11:01,24458.21,AGT17765,AFLATIKLCMQ,31,29.0
21,HLA-A11:01,24929.87,AGT17765,FCLISLIFVVA,21,30.0
51,HLA-A11:01,25126.4,AGT17765,ISPSAYVYKRG,51,31.0
35,HLA-A11:01,25525.02,AGT17765,TIKLCMQLCGF,35,32.0
7,HLA-A11:01,25820.14,AGT17765,DTAWYIGQILV,7,33.0
26,HLA-A11:01,25844.91,AGT17765,LIFVVAFLATI,26,34.0
2,HLA-A11:01,25863.2,AGT17765,DLFFNDTAWYI,2,35.0
32,HLA-A11:01,25898.98,AGT17765,FLATIKLCMQL,32,36.0
20,HLA-A11:01,26164.43,AGT17765,LFCLISLIFVV,20,37.0
9,HLA-A11:01,27969.11,AGT17765,AWYIGQILVLV,9,38.0
1,HLA-A11:01,28533.63,AGT17765,VDLFFNDTAWY,1,39.0
33,HLA-A11:01,28561.19,AGT17765,LATIKLCMQLC,33,40.0
8,HLA-A11:01,28572.79,AGT17765,TAWYIGQILVL,8,41.0
11,HLA-A11:01,29068.16,AGT17765,YIGQILVLVLF,11,42.0
10,HLA-A11:01,30478.02,AGT17765,WYIGQILVLVL,10,43.0
45,HLA-A11:01,30572.02,AGT17765,FCNFFIISPSA,45,44.0
29,HLA-A11:01,30945.34,AGT17765,VVAFLATIKLC,29,45.0
39,HLA-A11:01,31085.07,AGT17765,CMQLCGFCNFF,39,46.0
22,HLA-A11:01,31720.77,AGT17765,CLISLIFVVAF,22,47.0
36,HLA-A11:01,31853.79,AGT17765,IKLCMQLCGFC,36,48.0
38,HLA-A11:01,32531.76,AGT17765,LCMQLCGFCNF,38,49.0
52,HLA-A11:01,32554.98,AGT17765,SPSAYVYKRGM,52,50.0
5,HLA-A11:01,32730.6,AGT17765,FNDTAWYIGQI,5,51.0
6,HLA-A11:01,33259.0,AGT17765,NDTAWYIGQIL,6,52.0
0,HLA-A11:01,35687.11,AGT17765,MVDLFFNDTAW,0,53.0
40,HLA-A30:01,206.2,AGT17765,MQLCGFCNFFI,40,1.0
16,HLA-A30:01,690.26,AGT17765,LVLVLFCLISL,16,2.0
49,HLA-A30:01,767.75,AGT17765,FIISPSAYVYK,49,3.0
26,HLA-A30:01,1410.04,AGT17765,LIFVVAFLATI,26,4.0
17,HLA-A30:01,1551.79,AGT17765,VLVLFCLISLI,17,5.0
27,HLA-A30:01,2105.24,AGT17765,IFVVAFLATIK,27,6.0
19,HLA-A30:01,2913.78,AGT17765,VLFCLISLIFV,19,7.0
2,HLA-A30:01,4246.18,AGT17765,DLFFNDTAWYI,2,8.0
14,HLA-A30:01,7371.38,AGT17765,QILVLVLFCLI,14,9.0
34,HLA-A30:01,7635.56,AGT17765,ATIKLCMQLCG,34,10.0
21,HLA-A30:01,8105.71,AGT17765,FCLISLIFVVA,21,11.0
41,HLA-A30:01,8345.61,AGT17765,QLCGFCNFFII,41,12.0
20,HLA-A30:01,8857.84,AGT17765,LFCLISLIFVV,20,13.0
47,HLA-A30:01,8874.13,AGT17765,NFFIISPSAYV,47,14.0
30,HLA-A30:01,10137.29,AGT17765,VAFLATIKLCM,30,15.0
24,HLA-A30:01,10188.79,AGT17765,ISLIFVVAFLA,24,16.0
45,HLA-A30:01,11914.24,AGT17765,FCNFFIISPSA,45,17.0
25,HLA-A30:01,12654.29,AGT17765,SLIFVVAFLAT,25,18.0
23,HLA-A30:01,13091.88,AGT17765,LISLIFVVAFL,23,19.0
9,HLA-A30:01,13618.52,AGT17765,AWYIGQILVLV,9,20.0
50,HLA-A30:01,13754.06,AGT17765,IISPSAYVYKR,50,21.0
28,HLA-A30:01,13998.51,AGT17765,FVVAFLATIKL,28,22.0
38,HLA-A30:01,14883.4,AGT17765,LCMQLCGFCNF,38,23.0
13,HLA-A30:01,16832.73,AGT17765,GQILVLVLFCL,13,24.0
3,HLA-A30:01,16938.7,AGT17765,LFFNDTAWYIG,3,25.0
39,HLA-A30:01,17635.47,AGT17765,CMQLCGFCNFF,39,26.0
33,HLA-A30:01,18537.43,AGT17765,LATIKLCMQLC,33,27.0
36,HLA-A30:01,18832.6,AGT17765,IKLCMQLCGFC,36,28.0
12,HLA-A30:01,19579.99,AGT17765,IGQILVLVLFC,12,29.0
29,HLA-A30:01,19616.52,AGT17765,VVAFLATIKLC,29,30.0
35,HLA-A30:01,19786.32,AGT17765,TIKLCMQLCGF,35,31.0
8,HLA-A30:01,22252.42,AGT17765,TAWYIGQILVL,8,32.0
43,HLA-A30:01,22279.57,AGT17765,CGFCNFFIISP,43,33.0
10,HLA-A30:01,22352.92,AGT17765,WYIGQILVLVL,10,34.0
22,HLA-A30:01,22641.78,AGT17765,CLISLIFVVAF,22,35.0
7,HLA-A30:01,22746.6,AGT17765,DTAWYIGQILV,7,36.0
48,HLA-A30:01,23682.4,AGT17765,FFIISPSAYVY,48,37.0
32,HLA-A30:01,23901.02,AGT17765,FLATIKLCMQL,32,38.0
44,HLA-A30:01,24964.15,AGT17765,GFCNFFIISPS,44,39.0
37,HLA-A30:01,25113.21,AGT17765,KLCMQLCGFCN,37,40.0
31,HLA-A30:01,26829.98,AGT17765,AFLATIKLCMQ,31,41.0
15,HLA-A30:01,27208.55,AGT17765,ILVLVLFCLIS,15,42.0
18,HLA-A30:01,28012.37,AGT17765,LVLFCLISLIF,18,43.0
42,HLA-A30:01,28310.59,AGT17765,LCGFCNFFIIS,42,44.0
46,HLA-A30:01,29795.37,AGT17765,CNFFIISPSAY,46,45.0
11,HLA-A30:01,30196.38,AGT17765,YIGQILVLVLF,11,46.0
52,HLA-A30:01,30334.94,AGT17765,SPSAYVYKRGM,52,47.0
51,HLA-A30:01,31500.5,AGT17765,ISPSAYVYKRG,51,48.0
1,HLA-A30:01,32104.78,AGT17765,VDLFFNDTAWY,1,49.0
4,HLA-A30:01,32466.06,AGT17765,FFNDTAWYIGQ,4,50.0
5,HLA-A30:01,33584.03,AGT17765,FNDTAWYIGQI,5,51.0
6,HLA-A30:01,33981.28,AGT17765,NDTAWYIGQIL,6,52.0
0,HLA-A30:01,41685.1,AGT17765,MVDLFFNDTAW,0,53.0
50,HLA-A31:01 ,4120.2,AGT17765,IISPSAYVYKR,50,1.0
49,HLA-A31:01 ,5442.39,AGT17765,FIISPSAYVYK,49,2.0
27,HLA-A31:01 ,5585.22,AGT17765,IFVVAFLATIK,27,3.0
11,HLA-A31:01 ,5654.13,AGT17765,YIGQILVLVLF,11,4.0
47,HLA-A31:01 ,5667.81,AGT17765,NFFIISPSAYV,47,5.0
28,HLA-A31:01 ,5683.91,AGT17765,FVVAFLATIKL,28,6.0
1,HLA-A31:01 ,5684.34,AGT17765,VDLFFNDTAWY,1,7.0
24,HLA-A31:01 ,5690.32,AGT17765,ISLIFVVAFLA,24,8.0
44,HLA-A31:01 ,5692.04,AGT17765,GFCNFFIISPS,44,9.0
48,HLA-A31:01 ,5695.42,AGT17765,FFIISPSAYVY,48,10.0
46,HLA-A31:01 ,5696.58,AGT17765,CNFFIISPSAY,46,11.0
4,HLA-A31:01 ,5697.26,AGT17765,FFNDTAWYIGQ,4,12.0
43,HLA-A31:01 ,5699.77,AGT17765,CGFCNFFIISP,43,13.0
18,HLA-A31:01 ,5699.95,AGT17765,LVLFCLISLIF,18,14.0
31,HLA-A31:01 ,5700.14,AGT17765,AFLATIKLCMQ,31,15.0
39,HLA-A31:01 ,5700.68,AGT17765,CMQLCGFCNFF,39,16.0
5,HLA-A31:01 ,5700.89,AGT17765,FNDTAWYIGQI,5,17.0
22,HLA-A31:01 ,5706.74,AGT17765,CLISLIFVVAF,22,18.0
19,HLA-A31:01 ,5708.35,AGT17765,VLFCLISLIFV,19,19.0
40,HLA-A31:01 ,5709.19,AGT17765,MQLCGFCNFFI,40,20.0
38,HLA-A31:01 ,5712.21,AGT17765,LCMQLCGFCNF,38,21.0
6,HLA-A31:01 ,5715.93,AGT17765,NDTAWYIGQIL,6,22.0
16,HLA-A31:01 ,5716.98,AGT17765,LVLVLFCLISL,16,23.0
52,HLA-A31:01 ,5722.8,AGT17765,SPSAYVYKRGM,52,24.0
21,HLA-A31:01 ,5722.9,AGT17765,FCLISLIFVVA,21,25.0
3,HLA-A31:01 ,5724.2,AGT17765,LFFNDTAWYIG,3,26.0
33,HLA-A31:01 ,5724.35,AGT17765,LATIKLCMQLC,33,27.0
8,HLA-A31:01 ,5724.48,AGT17765,TAWYIGQILVL,8,28.0
2,HLA-A31:01 ,5725.97,AGT17765,DLFFNDTAWYI,2,29.0
0,HLA-A31:01 ,5727.37,AGT17765,MVDLFFNDTAW,0,30.0
15,HLA-A31:01 ,5727.52,AGT17765,ILVLVLFCLIS,15,31.0
17,HLA-A31:01 ,5727.96,AGT17765,VLVLFCLISLI,17,32.0
7,HLA-A31:01 ,5729.08,AGT17765,DTAWYIGQILV,7,33.0
41,HLA-A31:01 ,5729.51,AGT17765,QLCGFCNFFII,41,34.0
36,HLA-A31:01 ,5729.82,AGT17765,IKLCMQLCGFC,36,35.0
32,HLA-A31:01 ,5734.56,AGT17765,FLATIKLCMQL,32,36.0
10,HLA-A31:01 ,5739.33,AGT17765,WYIGQILVLVL,10,37.0
51,HLA-A31:01 ,5742.36,AGT17765,ISPSAYVYKRG,51,38.0
42,HLA-A31:01 ,5745.52,AGT17765,LCGFCNFFIIS,42,39.0
13,HLA-A31:01 ,5747.98,AGT17765,GQILVLVLFCL,13,40.0
14,HLA-A31:01 ,5749.84,AGT17765,QILVLVLFCLI,14,41.0
25,HLA-A31:01 ,5756.09,AGT17765,SLIFVVAFLAT,25,42.0
35,HLA-A31:01 ,5760.23,AGT17765,TIKLCMQLCGF,35,43.0
20,HLA-A31:01 ,5763.87,AGT17765,LFCLISLIFVV,20,44.0
30,HLA-A31:01 ,5766.2,AGT17765,VAFLATIKLCM,30,45.0
29,HLA-A31:01 ,5768.98,AGT17765,VVAFLATIKLC,29,46.0
37,HLA-A31:01 ,5769.37,AGT17765,KLCMQLCGFCN,37,47.0
26,HLA-A31:01 ,5770.57,AGT17765,LIFVVAFLATI,26,48.0
45,HLA-A31:01 ,5773.66,AGT17765,FCNFFIISPSA,45,49.0
9,HLA-A31:01 ,5777.01,AGT17765,AWYIGQILVLV,9,50.0
12,HLA-A31:01 ,5782.78,AGT17765,IGQILVLVLFC,12,51.0
34,HLA-A31:01 ,5786.34,AGT17765,ATIKLCMQLCG,34,52.0
23,HLA-A31:01 ,5804.02,AGT17765,LISLIFVVAFL,23,53.0
50,HLA-A33:01 ,613.57,AGT17765,IISPSAYVYKR,50,1.0
2,HLA-A33:01 ,752.39,AGT17765,DLFFNDTAWYI,2,2.0
49,HLA-A33:01 ,1737.67,AGT17765,FIISPSAYVYK,49,3.0
47,HLA-A33:01 ,1837.78,AGT17765,NFFIISPSAYV,47,4.0
27,HLA-A33:01 ,2506.94,AGT17765,IFVVAFLATIK,27,5.0
20,HLA-A33:01 ,4449.11,AGT17765,LFCLISLIFVV,20,6.0
43,HLA-A33:01 ,4569.63,AGT17765,CGFCNFFIISP,43,7.0
16,HLA-A33:01 ,4926.06,AGT17765,LVLVLFCLISL,16,8.0
7,HLA-A33:01 ,5417.08,AGT17765,DTAWYIGQILV,7,9.0
18,HLA-A33:01 ,5583.67,AGT17765,LVLFCLISLIF,18,10.0
19,HLA-A33:01 ,5643.13,AGT17765,VLFCLISLIFV,19,11.0
3,HLA-A33:01 ,6872.02,AGT17765,LFFNDTAWYIG,3,12.0
24,HLA-A33:01 ,7684.51,AGT17765,ISLIFVVAFLA,24,13.0
28,HLA-A33:01 ,7974.25,AGT17765,FVVAFLATIKL,28,14.0
32,HLA-A33:01 ,7994.99,AGT17765,FLATIKLCMQL,32,15.0
44,HLA-A33:01 ,8120.1,AGT17765,GFCNFFIISPS,44,16.0
23,HLA-A33:01 ,9317.47,AGT17765,LISLIFVVAFL,23,17.0
15,HLA-A33:01 ,9561.06,AGT17765,ILVLVLFCLIS,15,18.0
4,HLA-A33:01 ,9901.13,AGT17765,FFNDTAWYIGQ,4,19.0
17,HLA-A33:01 ,10212.63,AGT17765,VLVLFCLISLI,17,20.0
39,HLA-A33:01 ,10498.73,AGT17765,CMQLCGFCNFF,39,21.0
9,HLA-A33:01 ,11206.26,AGT17765,AWYIGQILVLV,9,22.0
22,HLA-A33:01 ,11888.0,AGT17765,CLISLIFVVAF,22,23.0
6,HLA-A33:01 ,12251.34,AGT17765,NDTAWYIGQIL,6,24.0
26,HLA-A33:01 ,12646.37,AGT17765,LIFVVAFLATI,26,25.0
40,HLA-A33:01 ,12700.41,AGT17765,MQLCGFCNFFI,40,26.0
29,HLA-A33:01 ,13153.01,AGT17765,VVAFLATIKLC,29,27.0
14,HLA-A33:01 ,13222.81,AGT17765,QILVLVLFCLI,14,28.0
21,HLA-A33:01 ,13499.3,AGT17765,FCLISLIFVVA,21,29.0
48,HLA-A33:01 ,14107.01,AGT17765,FFIISPSAYVY,48,30.0
42,HLA-A33:01 ,14272.1,AGT17765,LCGFCNFFIIS,42,31.0
41,HLA-A33:01 ,14961.84,AGT17765,QLCGFCNFFII,41,32.0
46,HLA-A33:01 ,15502.07,AGT17765,CNFFIISPSAY,46,33.0
36,HLA-A33:01 ,15830.5,AGT17765,IKLCMQLCGFC,36,34.0
30,HLA-A33:01 ,16341.3,AGT17765,VAFLATIKLCM,30,35.0
25,HLA-A33:01 ,16373.34,AGT17765,SLIFVVAFLAT,25,36.0
38,HLA-A33:01 ,17112.46,AGT17765,LCMQLCGFCNF,38,37.0
8,HLA-A33:01 ,17406.27,AGT17765,TAWYIGQILVL,8,38.0
11,HLA-A33:01 ,18621.89,AGT17765,YIGQILVLVLF,11,39.0
13,HLA-A33:01 ,19335.95,AGT17765,GQILVLVLFCL,13,40.0
37,HLA-A33:01 ,21213.76,AGT17765,KLCMQLCGFCN,37,41.0
31,HLA-A33:01 ,21768.78,AGT17765,AFLATIKLCMQ,31,42.0
35,HLA-A33:01 ,21932.18,AGT17765,TIKLCMQLCGF,35,43.0
33,HLA-A33:01 ,22173.09,AGT17765,LATIKLCMQLC,33,44.0
45,HLA-A33:01 ,22183.46,AGT17765,FCNFFIISPSA,45,45.0
34,HLA-A33:01 ,23067.3,AGT17765,ATIKLCMQLCG,34,46.0
5,HLA-A33:01 ,24326.13,AGT17765,FNDTAWYIGQI,5,47.0
12,HLA-A33:01 ,25742.79,AGT17765,IGQILVLVLFC,12,48.0
10,HLA-A33:01 ,25984.28,AGT17765,WYIGQILVLVL,10,49.0
1,HLA-A33:01 ,27958.61,AGT17765,VDLFFNDTAWY,1,50.0
0,HLA-A33:01 ,28251.25,AGT17765,MVDLFFNDTAW,0,51.0
51,HLA-A33:01 ,33827.57,AGT17765,ISPSAYVYKRG,51,52.0
52,HLA-A33:01 ,35507.52,AGT17765,SPSAYVYKRGM,52,53.0
7,HLA-A68:01 ,1695.92,AGT17765,DTAWYIGQILV,7,1.0
28,HLA-A68:01 ,2100.59,AGT17765,FVVAFLATIKL,28,2.0
2,HLA-A68:01 ,3303.58,AGT17765,DLFFNDTAWYI,2,3.0
47,HLA-A68:01 ,4586.65,AGT17765,NFFIISPSAYV,47,4.0
6,HLA-A68:01 ,4728.77,AGT17765,NDTAWYIGQIL,6,5.0
23,HLA-A68:01 ,4899.3,AGT17765,LISLIFVVAFL,23,6.0
26,HLA-A68:01 ,4906.11,AGT17765,LIFVVAFLATI,26,7.0
19,HLA-A68:01 ,5089.81,AGT17765,VLFCLISLIFV,19,8.0
8,HLA-A68:01 ,5119.44,AGT17765,TAWYIGQILVL,8,9.0
32,HLA-A68:01 ,5206.76,AGT17765,FLATIKLCMQL,32,10.0
20,HLA-A68:01 ,5210.97,AGT17765,LFCLISLIFVV,20,11.0
17,HLA-A68:01 ,5237.65,AGT17765,VLVLFCLISLI,17,12.0
16,HLA-A68:01 ,5284.53,AGT17765,LVLVLFCLISL,16,13.0
24,HLA-A68:01 ,5356.89,AGT17765,ISLIFVVAFLA,24,14.0
25,HLA-A68:01 ,5424.55,AGT17765,SLIFVVAFLAT,25,15.0
21,HLA-A68:01 ,5475.76,AGT17765,FCLISLIFVVA,21,16.0
29,HLA-A68:01 ,5482.11,AGT17765,VVAFLATIKLC,29,17.0
9,HLA-A68:01 ,5501.96,AGT17765,AWYIGQILVLV,9,18.0
48,HLA-A68:01 ,5534.78,AGT17765,FFIISPSAYVY,48,19.0
14,HLA-A68:01 ,5542.22,AGT17765,QILVLVLFCLI,14,20.0
11,HLA-A68:01 ,5554.05,AGT17765,YIGQILVLVLF,11,21.0
15,HLA-A68:01 ,5555.13,AGT17765,ILVLVLFCLIS,15,22.0
18,HLA-A68:01 ,5556.59,AGT17765,LVLFCLISLIF,18,23.0
45,HLA-A68:01 ,5561.96,AGT17765,FCNFFIISPSA,45,24.0
5,HLA-A68:01 ,5567.03,AGT17765,FNDTAWYIGQI,5,25.0
10,HLA-A68:01 ,5582.47,AGT17765,WYIGQILVLVL,10,26.0
41,HLA-A68:01 ,5586.07,AGT17765,QLCGFCNFFII,41,27.0
49,HLA-A68:01 ,5588.75,AGT17765,FIISPSAYVYK,49,28.0
22,HLA-A68:01 ,5596.86,AGT17765,CLISLIFVVAF,22,29.0
50,HLA-A68:01 ,5611.46,AGT17765,IISPSAYVYKR,50,30.0
42,HLA-A68:01 ,5615.84,AGT17765,LCGFCNFFIIS,42,31.0
27,HLA-A68:01 ,5637.89,AGT17765,IFVVAFLATIK,27,32.0
44,HLA-A68:01 ,5652.08,AGT17765,GFCNFFIISPS,44,33.0
30,HLA-A68:01 ,5653.85,AGT17765,VAFLATIKLCM,30,34.0
40,HLA-A68:01 ,5657.37,AGT17765,MQLCGFCNFFI,40,35.0
43,HLA-A68:01 ,5666.74,AGT17765,CGFCNFFIISP,43,36.0
3,HLA-A68:01 ,5672.56,AGT17765,LFFNDTAWYIG,3,37.0
33,HLA-A68:01 ,5673.29,AGT17765,LATIKLCMQLC,33,38.0
46,HLA-A68:01 ,5697.71,AGT17765,CNFFIISPSAY,46,39.0
34,HLA-A68:01 ,5720.93,AGT17765,ATIKLCMQLCG,34,40.0
35,HLA-A68:01 ,5723.38,AGT17765,TIKLCMQLCGF,35,41.0
13,HLA-A68:01 ,5737.89,AGT17765,GQILVLVLFCL,13,42.0
39,HLA-A68:01 ,5748.7,AGT17765,CMQLCGFCNFF,39,43.0
0,HLA-A68:01 ,5750.01,AGT17765,MVDLFFNDTAW,0,44.0
38,HLA-A68:01 ,5753.57,AGT17765,LCMQLCGFCNF,38,45.0
12,HLA-A68:01 ,5753.98,AGT17765,IGQILVLVLFC,12,46.0
37,HLA-A68:01 ,5783.96,AGT17765,KLCMQLCGFCN,37,47.0
1,HLA-A68:01 ,5787.94,AGT17765,VDLFFNDTAWY,1,48.0
4,HLA-A68:01 ,5795.97,AGT17765,FFNDTAWYIGQ,4,49.0
31,HLA-A68:01 ,5811.33,AGT17765,AFLATIKLCMQ,31,50.0
52,HLA-A68:01 ,5813.48,AGT17765,SPSAYVYKRGM,52,51.0
36,HLA-A68:01 ,5816.96,AGT17765,IKLCMQLCGFC,36,52.0
51,HLA-A68:01 ,5862.49,AGT17765,ISPSAYVYKRG,51,53.0
13,HLA-B40:01 ,445.03,AGT17765,GQILVLVLFCL,13,1.0
40,HLA-B40:01 ,2947.08,AGT17765,MQLCGFCNFFI,40,2.0
21,HLA-B40:01 ,8999.12,AGT17765,FCLISLIFVVA,21,3.0
9,HLA-B40:01 ,10947.69,AGT17765,AWYIGQILVLV,9,4.0
16,HLA-B40:01 ,23603.93,AGT17765,LVLVLFCLISL,16,5.0
20,HLA-B40:01 ,26251.04,AGT17765,LFCLISLIFVV,20,6.0
42,HLA-B40:01 ,26444.93,AGT17765,LCGFCNFFIIS,42,7.0
28,HLA-B40:01 ,26496.32,AGT17765,FVVAFLATIKL,28,8.0
6,HLA-B40:01 ,26602.77,AGT17765,NDTAWYIGQIL,6,9.0
14,HLA-B40:01 ,27512.48,AGT17765,QILVLVLFCLI,14,10.0
8,HLA-B40:01 ,27580.17,AGT17765,TAWYIGQILVL,8,11.0
10,HLA-B40:01 ,28146.5,AGT17765,WYIGQILVLVL,10,12.0
45,HLA-B40:01 ,28711.48,AGT17765,FCNFFIISPSA,45,13.0
23,HLA-B40:01 ,29015.56,AGT17765,LISLIFVVAFL,23,14.0
26,HLA-B40:01 ,29080.14,AGT17765,LIFVVAFLATI,26,15.0
38,HLA-B40:01 ,29987.71,AGT17765,LCMQLCGFCNF,38,16.0
24,HLA-B40:01 ,30717.94,AGT17765,ISLIFVVAFLA,24,17.0
5,HLA-B40:01 ,31573.46,AGT17765,FNDTAWYIGQI,5,18.0
32,HLA-B40:01 ,32119.37,AGT17765,FLATIKLCMQL,32,19.0
41,HLA-B40:01 ,33311.57,AGT17765,QLCGFCNFFII,41,20.0
12,HLA-B40:01 ,34857.98,AGT17765,IGQILVLVLFC,12,21.0
43,HLA-B40:01 ,35083.48,AGT17765,CGFCNFFIISP,43,22.0
11,HLA-B40:01 ,35130.56,AGT17765,YIGQILVLVLF,11,23.0
3,HLA-B40:01 ,35173.63,AGT17765,LFFNDTAWYIG,3,24.0
39,HLA-B40:01 ,35494.7,AGT17765,CMQLCGFCNFF,39,25.0
47,HLA-B40:01 ,35546.82,AGT17765,NFFIISPSAYV,47,26.0
7,HLA-B40:01 ,35622.53,AGT17765,DTAWYIGQILV,7,27.0
33,HLA-B40:01 ,35885.5,AGT17765,LATIKLCMQLC,33,28.0
17,HLA-B40:01 ,35915.41,AGT17765,VLVLFCLISLI,17,29.0
4,HLA-B40:01 ,35935.69,AGT17765,FFNDTAWYIGQ,4,30.0
52,HLA-B40:01 ,36158.46,AGT17765,SPSAYVYKRGM,52,31.0
30,HLA-B40:01 ,36336.0,AGT17765,VAFLATIKLCM,30,32.0
18,HLA-B40:01 ,36428.8,AGT17765,LVLFCLISLIF,18,33.0
29,HLA-B40:01 ,36444.38,AGT17765,VVAFLATIKLC,29,34.0
2,HLA-B40:01 ,36600.7,AGT17765,DLFFNDTAWYI,2,35.0
35,HLA-B40:01 ,36610.4,AGT17765,TIKLCMQLCGF,35,36.0
19,HLA-B40:01 ,36890.52,AGT17765,VLFCLISLIFV,19,37.0
27,HLA-B40:01 ,36990.82,AGT17765,IFVVAFLATIK,27,38.0
44,HLA-B40:01 ,37493.12,AGT17765,GFCNFFIISPS,44,39.0
48,HLA-B40:01 ,37682.04,AGT17765,FFIISPSAYVY,48,40.0
22,HLA-B40:01 ,37741.4,AGT17765,CLISLIFVVAF,22,41.0
50,HLA-B40:01 ,38078.27,AGT17765,IISPSAYVYKR,50,42.0
46,HLA-B40:01 ,38097.85,AGT17765,CNFFIISPSAY,46,43.0
36,HLA-B40:01 ,38101.57,AGT17765,IKLCMQLCGFC,36,44.0
15,HLA-B40:01 ,38265.77,AGT17765,ILVLVLFCLIS,15,45.0
31,HLA-B40:01 ,38270.44,AGT17765,AFLATIKLCMQ,31,46.0
25,HLA-B40:01 ,38310.6,AGT17765,SLIFVVAFLAT,25,47.0
37,HLA-B40:01 ,39003.03,AGT17765,KLCMQLCGFCN,37,48.0
51,HLA-B40:01 ,39165.33,AGT17765,ISPSAYVYKRG,51,49.0
34,HLA-B40:01 ,39171.92,AGT17765,ATIKLCMQLCG,34,50.0
1,HLA-B40:01 ,39468.89,AGT17765,VDLFFNDTAWY,1,51.0
49,HLA-B40:01 ,39694.37,AGT17765,FIISPSAYVYK,49,52.0
0,HLA-B40:01 ,39938.82,AGT17765,MVDLFFNDTAW,0,53.0
0,HLA-B44:02 ,4887.18,AGT17765,MVDLFFNDTAW,0,1.0
43,HLA-B44:02 ,4941.89,AGT17765,CGFCNFFIISP,43,2.0
6,HLA-B44:02 ,4955.25,AGT17765,NDTAWYIGQIL,6,3.0
1,HLA-B44:02 ,4958.39,AGT17765,VDLFFNDTAWY,1,4.0
28,HLA-B44:02 ,4963.29,AGT17765,FVVAFLATIKL,28,5.0
8,HLA-B44:02 ,4964.43,AGT17765,TAWYIGQILVL,8,6.0
23,HLA-B44:02 ,4964.68,AGT17765,LISLIFVVAFL,23,7.0
32,HLA-B44:02 ,4964.77,AGT17765,FLATIKLCMQL,32,8.0
16,HLA-B44:02 ,4965.28,AGT17765,LVLVLFCLISL,16,9.0
10,HLA-B44:02 ,4965.42,AGT17765,WYIGQILVLVL,10,10.0
26,HLA-B44:02 ,4967.75,AGT17765,LIFVVAFLATI,26,11.0
41,HLA-B44:02 ,4968.05,AGT17765,QLCGFCNFFII,41,12.0
2,HLA-B44:02 ,4968.23,AGT17765,DLFFNDTAWYI,2,13.0
5,HLA-B44:02 ,4968.88,AGT17765,FNDTAWYIGQI,5,14.0
13,HLA-B44:02 ,4969.13,AGT17765,GQILVLVLFCL,13,15.0
46,HLA-B44:02 ,4969.15,AGT17765,CNFFIISPSAY,46,16.0
14,HLA-B44:02 ,4970.15,AGT17765,QILVLVLFCLI,14,17.0
17,HLA-B44:02 ,4970.29,AGT17765,VLVLFCLISLI,17,18.0
40,HLA-B44:02 ,4971.47,AGT17765,MQLCGFCNFFI,40,19.0
30,HLA-B44:02 ,4973.78,AGT17765,VAFLATIKLCM,30,20.0
11,HLA-B44:02 ,4974.67,AGT17765,YIGQILVLVLF,11,21.0
24,HLA-B44:02 ,4975.31,AGT17765,ISLIFVVAFLA,24,22.0
21,HLA-B44:02 ,4975.33,AGT17765,FCLISLIFVVA,21,23.0
52,HLA-B44:02 ,4975.87,AGT17765,SPSAYVYKRGM,52,24.0
45,HLA-B44:02 ,4977.35,AGT17765,FCNFFIISPSA,45,25.0
48,HLA-B44:02 ,4979.51,AGT17765,FFIISPSAYVY,48,26.0
22,HLA-B44:02 ,4979.54,AGT17765,CLISLIFVVAF,22,27.0
18,HLA-B44:02 ,4979.84,AGT17765,LVLFCLISLIF,18,28.0
50,HLA-B44:02 ,4981.4,AGT17765,IISPSAYVYKR,50,29.0
27,HLA-B44:02 ,4982.55,AGT17765,IFVVAFLATIK,27,30.0
29,HLA-B44:02 ,4982.97,AGT17765,VVAFLATIKLC,29,31.0
31,HLA-B44:02 ,4983.66,AGT17765,AFLATIKLCMQ,31,32.0
49,HLA-B44:02 ,4983.72,AGT17765,FIISPSAYVYK,49,33.0
38,HLA-B44:02 ,4984.42,AGT17765,LCMQLCGFCNF,38,34.0
33,HLA-B44:02 ,4984.95,AGT17765,LATIKLCMQLC,33,35.0
3,HLA-B44:02 ,4985.28,AGT17765,LFFNDTAWYIG,3,36.0
4,HLA-B44:02 ,4985.66,AGT17765,FFNDTAWYIGQ,4,37.0
12,HLA-B44:02 ,4986.05,AGT17765,IGQILVLVLFC,12,38.0
7,HLA-B44:02 ,4986.11,AGT17765,DTAWYIGQILV,7,39.0
9,HLA-B44:02 ,4986.24,AGT17765,AWYIGQILVLV,9,40.0
19,HLA-B44:02 ,4986.78,AGT17765,VLFCLISLIFV,19,41.0
47,HLA-B44:02 ,4987.18,AGT17765,NFFIISPSAYV,47,42.0
36,HLA-B44:02 ,4987.46,AGT17765,IKLCMQLCGFC,36,43.0
20,HLA-B44:02 ,4987.96,AGT17765,LFCLISLIFVV,20,44.0
42,HLA-B44:02 ,4988.62,AGT17765,LCGFCNFFIIS,42,45.0
25,HLA-B44:02 ,4989.25,AGT17765,SLIFVVAFLAT,25,46.0
35,HLA-B44:02 ,4989.64,AGT17765,TIKLCMQLCGF,35,47.0
15,HLA-B44:02 ,4989.74,AGT17765,ILVLVLFCLIS,15,48.0
44,HLA-B44:02 ,4989.82,AGT17765,GFCNFFIISPS,44,49.0
39,HLA-B44:02 ,4990.5,AGT17765,CMQLCGFCNFF,39,50.0
37,HLA-B44:02 ,4991.77,AGT17765,KLCMQLCGFCN,37,51.0
34,HLA-B44:02 ,4993.3,AGT17765,ATIKLCMQLCG,34,52.0
51,HLA-B44:02 ,4995.07,AGT17765,ISPSAYVYKRG,51,53.0
6,HLA-B44:03,5845.01,AGT17765,NDTAWYIGQIL,6,1.0
9,HLA-B44:03,5874.33,AGT17765,AWYIGQILVLV,9,2.0
48,HLA-B44:03,5885.59,AGT17765,FFIISPSAYVY,48,3.0
13,HLA-B44:03,5891.97,AGT17765,GQILVLVLFCL,13,4.0
0,HLA-B44:03,5917.7,AGT17765,MVDLFFNDTAW,0,5.0
47,HLA-B44:03,5926.66,AGT17765,NFFIISPSAYV,47,6.0
28,HLA-B44:03,5938.0,AGT17765,FVVAFLATIKL,28,7.0
21,HLA-B44:03,5949.29,AGT17765,FCLISLIFVVA,21,8.0
11,HLA-B44:03,5969.85,AGT17765,YIGQILVLVLF,11,9.0
2,HLA-B44:03,5971.58,AGT17765,DLFFNDTAWYI,2,10.0
7,HLA-B44:03,5983.65,AGT17765,DTAWYIGQILV,7,11.0
32,HLA-B44:03,5983.75,AGT17765,FLATIKLCMQL,32,12.0
8,HLA-B44:03,5998.31,AGT17765,TAWYIGQILVL,8,13.0
40,HLA-B44:03,5998.92,AGT17765,MQLCGFCNFFI,40,14.0
10,HLA-B44:03,6001.37,AGT17765,WYIGQILVLVL,10,15.0
38,HLA-B44:03,6001.49,AGT17765,LCMQLCGFCNF,38,16.0
26,HLA-B44:03,6006.5,AGT17765,LIFVVAFLATI,26,17.0
46,HLA-B44:03,6009.84,AGT17765,CNFFIISPSAY,46,18.0
20,HLA-B44:03,6012.41,AGT17765,LFCLISLIFVV,20,19.0
51,HLA-B44:03,6015.81,AGT17765,ISPSAYVYKRG,51,20.0
14,HLA-B44:03,6026.08,AGT17765,QILVLVLFCLI,14,21.0
22,HLA-B44:03,6026.57,AGT17765,CLISLIFVVAF,22,22.0
5,HLA-B44:03,6039.54,AGT17765,FNDTAWYIGQI,5,23.0
3,HLA-B44:03,6040.15,AGT17765,LFFNDTAWYIG,3,24.0
18,HLA-B44:03,6043.82,AGT17765,LVLFCLISLIF,18,25.0
45,HLA-B44:03,6050.21,AGT17765,FCNFFIISPSA,45,26.0
50,HLA-B44:03,6065.7,AGT17765,IISPSAYVYKR,50,27.0
24,HLA-B44:03,6066.09,AGT17765,ISLIFVVAFLA,24,28.0
19,HLA-B44:03,6066.5,AGT17765,VLFCLISLIFV,19,29.0
25,HLA-B44:03,6066.66,AGT17765,SLIFVVAFLAT,25,30.0
41,HLA-B44:03,6067.89,AGT17765,QLCGFCNFFII,41,31.0
1,HLA-B44:03,6070.97,AGT17765,VDLFFNDTAWY,1,32.0
30,HLA-B44:03,6075.27,AGT17765,VAFLATIKLCM,30,33.0
39,HLA-B44:03,6075.68,AGT17765,CMQLCGFCNFF,39,34.0
34,HLA-B44:03,6081.46,AGT17765,ATIKLCMQLCG,34,35.0
16,HLA-B44:03,6082.78,AGT17765,LVLVLFCLISL,16,36.0
52,HLA-B44:03,6085.41,AGT17765,SPSAYVYKRGM,52,37.0
44,HLA-B44:03,6086.2,AGT17765,GFCNFFIISPS,44,38.0
35,HLA-B44:03,6088.36,AGT17765,TIKLCMQLCGF,35,39.0
15,HLA-B44:03,6093.63,AGT17765,ILVLVLFCLIS,15,40.0
23,HLA-B44:03,6097.83,AGT17765,LISLIFVVAFL,23,41.0
42,HLA-B44:03,6098.56,AGT17765,LCGFCNFFIIS,42,42.0
27,HLA-B44:03,6104.28,AGT17765,IFVVAFLATIK,27,43.0
4,HLA-B44:03,6112.14,AGT17765,FFNDTAWYIGQ,4,44.0
17,HLA-B44:03,6112.54,AGT17765,VLVLFCLISLI,17,45.0
37,HLA-B44:03,6114.69,AGT17765,KLCMQLCGFCN,37,46.0
29,HLA-B44:03,6119.19,AGT17765,VVAFLATIKLC,29,47.0
49,HLA-B44:03,6130.69,AGT17765,FIISPSAYVYK,49,48.0
43,HLA-B44:03,6133.4,AGT17765,CGFCNFFIISP,43,49.0
31,HLA-B44:03,6137.35,AGT17765,AFLATIKLCMQ,31,50.0
33,HLA-B44:03,6141.58,AGT17765,LATIKLCMQLC,33,51.0
36,HLA-B44:03,6153.64,AGT17765,IKLCMQLCGFC,36,52.0
12,HLA-B44:03,6156.3,AGT17765,IGQILVLVLFC,12,53.0
50,HLA-B57:01,5608.66,AGT17765,IISPSAYVYKR,50,1.0
0,HLA-B57:01,5648.21,AGT17765,MVDLFFNDTAW,0,2.0
24,HLA-B57:01,5723.18,AGT17765,ISLIFVVAFLA,24,3.0
27,HLA-B57:01,5797.32,AGT17765,IFVVAFLATIK,27,4.0
49,HLA-B57:01,5803.28,AGT17765,FIISPSAYVYK,49,5.0
11,HLA-B57:01,5867.78,AGT17765,YIGQILVLVLF,11,6.0
8,HLA-B57:01,5915.94,AGT17765,TAWYIGQILVL,8,7.0
16,HLA-B57:01,5921.44,AGT17765,LVLVLFCLISL,16,8.0
18,HLA-B57:01,5932.44,AGT17765,LVLFCLISLIF,18,9.0
10,HLA-B57:01,5956.44,AGT17765,WYIGQILVLVL,10,10.0
26,HLA-B57:01,5959.8,AGT17765,LIFVVAFLATI,26,11.0
28,HLA-B57:01,5968.87,AGT17765,FVVAFLATIKL,28,12.0
30,HLA-B57:01,5971.55,AGT17765,VAFLATIKLCM,30,13.0
51,HLA-B57:01,5972.99,AGT17765,ISPSAYVYKRG,51,14.0
25,HLA-B57:01,5978.81,AGT17765,SLIFVVAFLAT,25,15.0
21,HLA-B57:01,5982.92,AGT17765,FCLISLIFVVA,21,16.0
15,HLA-B57:01,5985.89,AGT17765,ILVLVLFCLIS,15,17.0
3,HLA-B57:01,5987.08,AGT17765,LFFNDTAWYIG,3,18.0
29,HLA-B57:01,5989.21,AGT17765,VVAFLATIKLC,29,19.0
35,HLA-B57:01,5992.02,AGT17765,TIKLCMQLCGF,35,20.0
1,HLA-B57:01,5994.74,AGT17765,VDLFFNDTAWY,1,21.0
13,HLA-B57:01,5994.93,AGT17765,GQILVLVLFCL,13,22.0
46,HLA-B57:01,6013.88,AGT17765,CNFFIISPSAY,46,23.0
9,HLA-B57:01,6015.39,AGT17765,AWYIGQILVLV,9,24.0
6,HLA-B57:01,6020.33,AGT17765,NDTAWYIGQIL,6,25.0
20,HLA-B57:01,6020.84,AGT17765,LFCLISLIFVV,20,26.0
44,HLA-B57:01,6021.54,AGT17765,GFCNFFIISPS,44,27.0
7,HLA-B57:01,6022.35,AGT17765,DTAWYIGQILV,7,28.0
4,HLA-B57:01,6023.18,AGT17765,FFNDTAWYIGQ,4,29.0
32,HLA-B57:01,6025.61,AGT17765,FLATIKLCMQL,32,30.0
42,HLA-B57:01,6031.39,AGT17765,LCGFCNFFIIS,42,31.0
12,HLA-B57:01,6034.26,AGT17765,IGQILVLVLFC,12,32.0
48,HLA-B57:01,6036.35,AGT17765,FFIISPSAYVY,48,33.0
2,HLA-B57:01,6036.47,AGT17765,DLFFNDTAWYI,2,34.0
45,HLA-B57:01,6039.02,AGT17765,FCNFFIISPSA,45,35.0
17,HLA-B57:01,6039.36,AGT17765,VLVLFCLISLI,17,36.0
5,HLA-B57:01,6042.31,AGT17765,FNDTAWYIGQI,5,37.0
47,HLA-B57:01,6043.02,AGT17765,NFFIISPSAYV,47,38.0
31,HLA-B57:01,6045.9,AGT17765,AFLATIKLCMQ,31,39.0
37,HLA-B57:01,6047.28,AGT17765,KLCMQLCGFCN,37,40.0
38,HLA-B57:01,6047.44,AGT17765,LCMQLCGFCNF,38,41.0
14,HLA-B57:01,6051.89,AGT17765,QILVLVLFCLI,14,42.0
40,HLA-B57:01,6057.37,AGT17765,MQLCGFCNFFI,40,43.0
23,HLA-B57:01,6059.92,AGT17765,LISLIFVVAFL,23,44.0
33,HLA-B57:01,6062.78,AGT17765,LATIKLCMQLC,33,45.0
52,HLA-B57:01,6063.52,AGT17765,SPSAYVYKRGM,52,46.0
41,HLA-B57:01,6064.08,AGT17765,QLCGFCNFFII,41,47.0
19,HLA-B57:01,6065.78,AGT17765,VLFCLISLIFV,19,48.0
39,HLA-B57:01,6067.06,AGT17765,CMQLCGFCNFF,39,49.0
36,HLA-B57:01,6069.81,AGT17765,IKLCMQLCGFC,36,50.0
22,HLA-B57:01,6071.07,AGT17765,CLISLIFVVAF,22,51.0
34,HLA-B57:01,6094.76,AGT17765,ATIKLCMQLCG,34,52.0
43,HLA-B57:01,6108.49,AGT17765,CGFCNFFIISP,43,53.0
0,HLA-B58:01,732.85,AGT17765,MVDLFFNDTAW,0,1.0
30,HLA-B58:01,2268.84,AGT17765,VAFLATIKLCM,30,2.0
26,HLA-B58:01,4541.93,AGT17765,LIFVVAFLATI,26,3.0
48,HLA-B58:01,7170.7,AGT17765,FFIISPSAYVY,48,4.0
2,HLA-B58:01,7651.92,AGT17765,DLFFNDTAWYI,2,5.0
24,HLA-B58:01,9265.36,AGT17765,ISLIFVVAFLA,24,6.0
50,HLA-B58:01,11013.05,AGT17765,IISPSAYVYKR,50,7.0
11,HLA-B58:01,11593.4,AGT17765,YIGQILVLVLF,11,8.0
8,HLA-B58:01,11686.44,AGT17765,TAWYIGQILVL,8,9.0
33,HLA-B58:01,12030.67,AGT17765,LATIKLCMQLC,33,10.0
3,HLA-B58:01,15174.33,AGT17765,LFFNDTAWYIG,3,11.0
29,HLA-B58:01,15258.06,AGT17765,VVAFLATIKLC,29,12.0
28,HLA-B58:01,16172.18,AGT17765,FVVAFLATIKL,28,13.0
37,HLA-B58:01,17473.25,AGT17765,KLCMQLCGFCN,37,14.0
16,HLA-B58:01,18349.35,AGT17765,LVLVLFCLISL,16,15.0
25,HLA-B58:01,18844.72,AGT17765,SLIFVVAFLAT,25,16.0
34,HLA-B58:01,20315.25,AGT17765,ATIKLCMQLCG,34,17.0
23,HLA-B58:01,21342.21,AGT17765,LISLIFVVAFL,23,18.0
39,HLA-B58:01,21593.28,AGT17765,CMQLCGFCNFF,39,19.0
47,HLA-B58:01,22317.0,AGT17765,NFFIISPSAYV,47,20.0
14,HLA-B58:01,24153.17,AGT17765,QILVLVLFCLI,14,21.0
15,HLA-B58:01,24926.58,AGT17765,ILVLVLFCLIS,15,22.0
18,HLA-B58:01,25355.47,AGT17765,LVLFCLISLIF,18,23.0
38,HLA-B58:01,25465.52,AGT17765,LCMQLCGFCNF,38,24.0
41,HLA-B58:01,25499.25,AGT17765,QLCGFCNFFII,41,25.0
13,HLA-B58:01,26845.25,AGT17765,GQILVLVLFCL,13,26.0
7,HLA-B58:01,26935.71,AGT17765,DTAWYIGQILV,7,27.0
1,HLA-B58:01,26941.34,AGT17765,VDLFFNDTAWY,1,28.0
17,HLA-B58:01,27108.4,AGT17765,VLVLFCLISLI,17,29.0
12,HLA-B58:01,27394.92,AGT17765,IGQILVLVLFC,12,30.0
22,HLA-B58:01,27489.3,AGT17765,CLISLIFVVAF,22,31.0
21,HLA-B58:01,28697.87,AGT17765,FCLISLIFVVA,21,32.0
27,HLA-B58:01,29251.06,AGT17765,IFVVAFLATIK,27,33.0
6,HLA-B58:01,29406.4,AGT17765,NDTAWYIGQIL,6,34.0
31,HLA-B58:01,29833.09,AGT17765,AFLATIKLCMQ,31,35.0
5,HLA-B58:01,29894.26,AGT17765,FNDTAWYIGQI,5,36.0
49,HLA-B58:01,31175.82,AGT17765,FIISPSAYVYK,49,37.0
40,HLA-B58:01,31238.8,AGT17765,MQLCGFCNFFI,40,38.0
32,HLA-B58:01,31561.77,AGT17765,FLATIKLCMQL,32,39.0
35,HLA-B58:01,31689.56,AGT17765,TIKLCMQLCGF,35,40.0
46,HLA-B58:01,31714.83,AGT17765,CNFFIISPSAY,46,41.0
19,HLA-B58:01,32005.59,AGT17765,VLFCLISLIFV,19,42.0
10,HLA-B58:01,32076.49,AGT17765,WYIGQILVLVL,10,43.0
43,HLA-B58:01,32147.43,AGT17765,CGFCNFFIISP,43,44.0
42,HLA-B58:01,32296.75,AGT17765,LCGFCNFFIIS,42,45.0
20,HLA-B58:01,32502.91,AGT17765,LFCLISLIFVV,20,46.0
36,HLA-B58:01,33180.29,AGT17765,IKLCMQLCGFC,36,47.0
44,HLA-B58:01,33261.31,AGT17765,GFCNFFIISPS,44,48.0
9,HLA-B58:01,33421.83,AGT17765,AWYIGQILVLV,9,49.0
51,HLA-B58:01,33487.54,AGT17765,ISPSAYVYKRG,51,50.0
45,HLA-B58:01,34233.22,AGT17765,FCNFFIISPSA,45,51.0
4,HLA-B58:01,34427.88,AGT17765,FFNDTAWYIGQ,4,52.0
52,HLA-B58:01,35790.78,AGT17765,SPSAYVYKRGM,52,53.0
39,HLA-B15:01,28.46,AGT17765,CMQLCGFCNFF,39,1.0
22,HLA-B15:01,35.83,AGT17765,CLISLIFVVAF,22,2.0
40,HLA-B15:01,58.5,AGT17765,MQLCGFCNFFI,40,3.0
13,HLA-B15:01,106.53,AGT17765,GQILVLVLFCL,13,4.0
48,HLA-B15:01,117.44,AGT17765,FFIISPSAYVY,48,5.0
11,HLA-B15:01,237.42,AGT17765,YIGQILVLVLF,11,6.0
46,HLA-B15:01,279.62,AGT17765,CNFFIISPSAY,46,7.0
25,HLA-B15:01,500.31,AGT17765,SLIFVVAFLAT,25,8.0
18,HLA-B15:01,651.63,AGT17765,LVLFCLISLIF,18,9.0
41,HLA-B15:01,751.41,AGT17765,QLCGFCNFFII,41,10.0
26,HLA-B15:01,818.5,AGT17765,LIFVVAFLATI,26,11.0
32,HLA-B15:01,953.29,AGT17765,FLATIKLCMQL,32,12.0
30,HLA-B15:01,1138.46,AGT17765,VAFLATIKLCM,30,13.0
35,HLA-B15:01,1188.66,AGT17765,TIKLCMQLCGF,35,14.0
23,HLA-B15:01,1225.34,AGT17765,LISLIFVVAFL,23,15.0
19,HLA-B15:01,2074.45,AGT17765,VLFCLISLIFV,19,16.0
43,HLA-B15:01,3487.0,AGT17765,CGFCNFFIISP,43,17.0
38,HLA-B15:01,3620.7,AGT17765,LCMQLCGFCNF,38,18.0
3,HLA-B15:01,6027.65,AGT17765,LFFNDTAWYIG,3,19.0
17,HLA-B15:01,7262.29,AGT17765,VLVLFCLISLI,17,20.0
49,HLA-B15:01,7603.73,AGT17765,FIISPSAYVYK,49,21.0
21,HLA-B15:01,7996.45,AGT17765,FCLISLIFVVA,21,22.0
28,HLA-B15:01,8983.3,AGT17765,FVVAFLATIKL,28,23.0
34,HLA-B15:01,9936.45,AGT17765,ATIKLCMQLCG,34,24.0
14,HLA-B15:01,10593.02,AGT17765,QILVLVLFCLI,14,25.0
16,HLA-B15:01,10991.46,AGT17765,LVLVLFCLISL,16,26.0
8,HLA-B15:01,11241.41,AGT17765,TAWYIGQILVL,8,27.0
31,HLA-B15:01,11857.47,AGT17765,AFLATIKLCMQ,31,28.0
24,HLA-B15:01,11875.68,AGT17765,ISLIFVVAFLA,24,29.0
29,HLA-B15:01,13258.51,AGT17765,VVAFLATIKLC,29,30.0
2,HLA-B15:01,15575.55,AGT17765,DLFFNDTAWYI,2,31.0
20,HLA-B15:01,16772.53,AGT17765,LFCLISLIFVV,20,32.0
10,HLA-B15:01,17705.46,AGT17765,WYIGQILVLVL,10,33.0
44,HLA-B15:01,18933.58,AGT17765,GFCNFFIISPS,44,34.0
37,HLA-B15:01,18959.82,AGT17765,KLCMQLCGFCN,37,35.0
9,HLA-B15:01,19201.93,AGT17765,AWYIGQILVLV,9,36.0
47,HLA-B15:01,19937.05,AGT17765,NFFIISPSAYV,47,37.0
15,HLA-B15:01,20324.06,AGT17765,ILVLVLFCLIS,15,38.0
12,HLA-B15:01,20524.9,AGT17765,IGQILVLVLFC,12,39.0
42,HLA-B15:01,21518.52,AGT17765,LCGFCNFFIIS,42,40.0
1,HLA-B15:01,21800.73,AGT17765,VDLFFNDTAWY,1,41.0
51,HLA-B15:01,23520.72,AGT17765,ISPSAYVYKRG,51,42.0
4,HLA-B15:01,24219.67,AGT17765,FFNDTAWYIGQ,4,43.0
33,HLA-B15:01,24578.85,AGT17765,LATIKLCMQLC,33,44.0
27,HLA-B15:01,25106.87,AGT17765,IFVVAFLATIK,27,45.0
50,HLA-B15:01,26104.63,AGT17765,IISPSAYVYKR,50,46.0
5,HLA-B15:01,26811.4,AGT17765,FNDTAWYIGQI,5,47.0
45,HLA-B15:01,27203.97,AGT17765,FCNFFIISPSA,45,48.0
36,HLA-B15:01,27329.07,AGT17765,IKLCMQLCGFC,36,49.0
0,HLA-B15:01,28213.45,AGT17765,MVDLFFNDTAW,0,50.0
52,HLA-B15:01,29685.35,AGT17765,SPSAYVYKRGM,52,51.0
7,HLA-B15:01,30307.21,AGT17765,DTAWYIGQILV,7,52.0
6,HLA-B15:01,30596.2,AGT17765,NDTAWYIGQIL,6,53.0
52,HLA-B07:02,866.53,AGT17765,SPSAYVYKRGM,52,1.0
32,HLA-B07:02,2137.18,AGT17765,FLATIKLCMQL,32,2.0
18,HLA-B07:02,2901.97,AGT17765,LVLFCLISLIF,18,3.0
28,HLA-B07:02,5099.8,AGT17765,FVVAFLATIKL,28,4.0
16,HLA-B07:02,5938.95,AGT17765,LVLVLFCLISL,16,5.0
11,HLA-B07:02,7591.97,AGT17765,YIGQILVLVLF,11,6.0
8,HLA-B07:02,7833.85,AGT17765,TAWYIGQILVL,8,7.0
33,HLA-B07:02,9138.15,AGT17765,LATIKLCMQLC,33,8.0
22,HLA-B07:02,10873.6,AGT17765,CLISLIFVVAF,22,9.0
23,HLA-B07:02,11589.54,AGT17765,LISLIFVVAFL,23,10.0
29,HLA-B07:02,12048.21,AGT17765,VVAFLATIKLC,29,11.0
30,HLA-B07:02,13246.4,AGT17765,VAFLATIKLCM,30,12.0
38,HLA-B07:02,16002.92,AGT17765,LCMQLCGFCNF,38,13.0
10,HLA-B07:02,16478.87,AGT17765,WYIGQILVLVL,10,14.0
25,HLA-B07:02,19382.14,AGT17765,SLIFVVAFLAT,25,15.0
35,HLA-B07:02,22553.52,AGT17765,TIKLCMQLCGF,35,16.0
26,HLA-B07:02,23555.99,AGT17765,LIFVVAFLATI,26,17.0
12,HLA-B07:02,23627.9,AGT17765,IGQILVLVLFC,12,18.0
45,HLA-B07:02,24087.69,AGT17765,FCNFFIISPSA,45,19.0
6,HLA-B07:02,25579.09,AGT17765,NDTAWYIGQIL,6,20.0
0,HLA-B07:02,26436.47,AGT17765,MVDLFFNDTAW,0,21.0
17,HLA-B07:02,26713.94,AGT17765,VLVLFCLISLI,17,22.0
41,HLA-B07:02,28296.87,AGT17765,QLCGFCNFFII,41,23.0
13,HLA-B07:02,28412.66,AGT17765,GQILVLVLFCL,13,24.0
5,HLA-B07:02,28876.31,AGT17765,FNDTAWYIGQI,5,25.0
14,HLA-B07:02,29045.41,AGT17765,QILVLVLFCLI,14,26.0
36,HLA-B07:02,29615.43,AGT17765,IKLCMQLCGFC,36,27.0
39,HLA-B07:02,29664.12,AGT17765,CMQLCGFCNFF,39,28.0
21,HLA-B07:02,30597.53,AGT17765,FCLISLIFVVA,21,29.0
15,HLA-B07:02,30763.13,AGT17765,ILVLVLFCLIS,15,30.0
44,HLA-B07:02,31027.54,AGT17765,GFCNFFIISPS,44,31.0
34,HLA-B07:02,31905.38,AGT17765,ATIKLCMQLCG,34,32.0
7,HLA-B07:02,31991.41,AGT17765,DTAWYIGQILV,7,33.0
31,HLA-B07:02,32113.74,AGT17765,AFLATIKLCMQ,31,34.0
37,HLA-B07:02,32897.86,AGT17765,KLCMQLCGFCN,37,35.0
47,HLA-B07:02,33327.97,AGT17765,NFFIISPSAYV,47,36.0
27,HLA-B07:02,33621.69,AGT17765,IFVVAFLATIK,27,37.0
9,HLA-B07:02,33918.76,AGT17765,AWYIGQILVLV,9,38.0
42,HLA-B07:02,34127.51,AGT17765,LCGFCNFFIIS,42,39.0
20,HLA-B07:02,34310.76,AGT17765,LFCLISLIFVV,20,40.0
46,HLA-B07:02,34820.87,AGT17765,CNFFIISPSAY,46,41.0
51,HLA-B07:02,35021.49,AGT17765,ISPSAYVYKRG,51,42.0
43,HLA-B07:02,35133.06,AGT17765,CGFCNFFIISP,43,43.0
40,HLA-B07:02,35264.98,AGT17765,MQLCGFCNFFI,40,44.0
24,HLA-B07:02,35448.88,AGT17765,ISLIFVVAFLA,24,45.0
49,HLA-B07:02,35773.65,AGT17765,FIISPSAYVYK,49,46.0
19,HLA-B07:02,36037.77,AGT17765,VLFCLISLIFV,19,47.0
3,HLA-B07:02,36366.14,AGT17765,LFFNDTAWYIG,3,48.0
2,HLA-B07:02,36639.65,AGT17765,DLFFNDTAWYI,2,49.0
4,HLA-B07:02,37058.08,AGT17765,FFNDTAWYIGQ,4,50.0
48,HLA-B07:02,37176.07,AGT17765,FFIISPSAYVY,48,51.0
50,HLA-B07:02,37210.71,AGT17765,IISPSAYVYKR,50,52.0
1,HLA-B07:02,38421.15,AGT17765,VDLFFNDTAWY,1,53.0
18,HLA-B35:01,4153.51,AGT17765,LVLFCLISLIF,18,1.0
8,HLA-B35:01,4185.29,AGT17765,TAWYIGQILVL,8,2.0
46,HLA-B35:01,4553.17,AGT17765,CNFFIISPSAY,46,3.0
48,HLA-B35:01,4948.16,AGT17765,FFIISPSAYVY,48,4.0
30,HLA-B35:01,4955.1,AGT17765,VAFLATIKLCM,30,5.0
28,HLA-B35:01,5159.11,AGT17765,FVVAFLATIKL,28,6.0
22,HLA-B35:01,5202.82,AGT17765,CLISLIFVVAF,22,7.0
38,HLA-B35:01,5218.43,AGT17765,LCMQLCGFCNF,38,8.0
52,HLA-B35:01,5413.47,AGT17765,SPSAYVYKRGM,52,9.0
45,HLA-B35:01,5546.94,AGT17765,FCNFFIISPSA,45,10.0
1,HLA-B35:01,5641.1,AGT17765,VDLFFNDTAWY,1,11.0
21,HLA-B35:01,5749.98,AGT17765,FCLISLIFVVA,21,12.0
16,HLA-B35:01,5804.9,AGT17765,LVLVLFCLISL,16,13.0
0,HLA-B35:01,5890.13,AGT17765,MVDLFFNDTAW,0,14.0
24,HLA-B35:01,6036.29,AGT17765,ISLIFVVAFLA,24,15.0
17,HLA-B35:01,6115.75,AGT17765,VLVLFCLISLI,17,16.0
3,HLA-B35:01,6142.76,AGT17765,LFFNDTAWYIG,3,17.0
23,HLA-B35:01,6152.25,AGT17765,LISLIFVVAFL,23,18.0
39,HLA-B35:01,6152.84,AGT17765,CMQLCGFCNFF,39,19.0
26,HLA-B35:01,6161.79,AGT17765,LIFVVAFLATI,26,20.0
2,HLA-B35:01,6218.25,AGT17765,DLFFNDTAWYI,2,21.0
29,HLA-B35:01,6255.02,AGT17765,VVAFLATIKLC,29,22.0
14,HLA-B35:01,6269.74,AGT17765,QILVLVLFCLI,14,23.0
6,HLA-B35:01,6289.2,AGT17765,NDTAWYIGQIL,6,24.0
15,HLA-B35:01,6315.23,AGT17765,ILVLVLFCLIS,15,25.0
42,HLA-B35:01,6319.66,AGT17765,LCGFCNFFIIS,42,26.0
40,HLA-B35:01,6372.5,AGT17765,MQLCGFCNFFI,40,27.0
7,HLA-B35:01,6392.32,AGT17765,DTAWYIGQILV,7,28.0
41,HLA-B35:01,6399.49,AGT17765,QLCGFCNFFII,41,29.0
32,HLA-B35:01,6403.87,AGT17765,FLATIKLCMQL,32,30.0
11,HLA-B35:01,6422.92,AGT17765,YIGQILVLVLF,11,31.0
50,HLA-B35:01,6425.9,AGT17765,IISPSAYVYKR,50,32.0
33,HLA-B35:01,6428.94,AGT17765,LATIKLCMQLC,33,33.0
20,HLA-B35:01,6432.13,AGT17765,LFCLISLIFVV,20,34.0
43,HLA-B35:01,6436.58,AGT17765,CGFCNFFIISP,43,35.0
35,HLA-B35:01,6464.16,AGT17765,TIKLCMQLCGF,35,36.0
25,HLA-B35:01,6468.0,AGT17765,SLIFVVAFLAT,25,37.0
19,HLA-B35:01,6476.32,AGT17765,VLFCLISLIFV,19,38.0
13,HLA-B35:01,6480.97,AGT17765,GQILVLVLFCL,13,39.0
10,HLA-B35:01,6489.91,AGT17765,WYIGQILVLVL,10,40.0
47,HLA-B35:01,6492.42,AGT17765,NFFIISPSAYV,47,41.0
27,HLA-B35:01,6505.47,AGT17765,IFVVAFLATIK,27,42.0
51,HLA-B35:01,6605.21,AGT17765,ISPSAYVYKRG,51,43.0
34,HLA-B35:01,6613.9,AGT17765,ATIKLCMQLCG,34,44.0
37,HLA-B35:01,6616.39,AGT17765,KLCMQLCGFCN,37,45.0
12,HLA-B35:01,6624.2,AGT17765,IGQILVLVLFC,12,46.0
4,HLA-B35:01,6629.24,AGT17765,FFNDTAWYIGQ,4,47.0
5,HLA-B35:01,6653.74,AGT17765,FNDTAWYIGQI,5,48.0
9,HLA-B35:01,6675.19,AGT17765,AWYIGQILVLV,9,49.0
49,HLA-B35:01,6705.09,AGT17765,FIISPSAYVYK,49,50.0
31,HLA-B35:01,6732.78,AGT17765,AFLATIKLCMQ,31,51.0
44,HLA-B35:01,6792.67,AGT17765,GFCNFFIISPS,44,52.0
36,HLA-B35:01,6798.94,AGT17765,IKLCMQLCGFC,36,53.0
8,HLA-B51:01,2826.86,AGT17765,TAWYIGQILVL,8,1.0
7,HLA-B51:01,4959.07,AGT17765,DTAWYIGQILV,7,2.0
26,HLA-B51:01,5378.74,AGT17765,LIFVVAFLATI,26,3.0
2,HLA-B51:01,5593.59,AGT17765,DLFFNDTAWYI,2,4.0
41,HLA-B51:01,5712.12,AGT17765,QLCGFCNFFII,41,5.0
30,HLA-B51:01,5728.86,AGT17765,VAFLATIKLCM,30,6.0
47,HLA-B51:01,5733.5,AGT17765,NFFIISPSAYV,47,7.0
14,HLA-B51:01,5735.91,AGT17765,QILVLVLFCLI,14,8.0
27,HLA-B51:01,5737.72,AGT17765,IFVVAFLATIK,27,9.0
10,HLA-B51:01,5738.52,AGT17765,WYIGQILVLVL,10,10.0
12,HLA-B51:01,5741.6,AGT17765,IGQILVLVLFC,12,11.0
42,HLA-B51:01,5747.59,AGT17765,LCGFCNFFIIS,42,12.0
49,HLA-B51:01,5748.21,AGT17765,FIISPSAYVYK,49,13.0
9,HLA-B51:01,5750.62,AGT17765,AWYIGQILVLV,9,14.0
20,HLA-B51:01,5760.9,AGT17765,LFCLISLIFVV,20,15.0
40,HLA-B51:01,5763.61,AGT17765,MQLCGFCNFFI,40,16.0
17,HLA-B51:01,5763.83,AGT17765,VLVLFCLISLI,17,17.0
50,HLA-B51:01,5765.88,AGT17765,IISPSAYVYKR,50,18.0
37,HLA-B51:01,5777.86,AGT17765,KLCMQLCGFCN,37,19.0
18,HLA-B51:01,5780.94,AGT17765,LVLFCLISLIF,18,20.0
31,HLA-B51:01,5785.68,AGT17765,AFLATIKLCMQ,31,21.0
21,HLA-B51:01,5788.44,AGT17765,FCLISLIFVVA,21,22.0
24,HLA-B51:01,5789.13,AGT17765,ISLIFVVAFLA,24,23.0
3,HLA-B51:01,5793.24,AGT17765,LFFNDTAWYIG,3,24.0
15,HLA-B51:01,5794.94,AGT17765,ILVLVLFCLIS,15,25.0
13,HLA-B51:01,5796.69,AGT17765,GQILVLVLFCL,13,26.0
33,HLA-B51:01,5796.89,AGT17765,LATIKLCMQLC,33,27.0
34,HLA-B51:01,5798.58,AGT17765,ATIKLCMQLCG,34,28.0
44,HLA-B51:01,5802.08,AGT17765,GFCNFFIISPS,44,29.0
23,HLA-B51:01,5807.95,AGT17765,LISLIFVVAFL,23,30.0
28,HLA-B51:01,5808.25,AGT17765,FVVAFLATIKL,28,31.0
6,HLA-B51:01,5810.52,AGT17765,NDTAWYIGQIL,6,32.0
36,HLA-B51:01,5812.0,AGT17765,IKLCMQLCGFC,36,33.0
38,HLA-B51:01,5812.35,AGT17765,LCMQLCGFCNF,38,34.0
45,HLA-B51:01,5815.65,AGT17765,FCNFFIISPSA,45,35.0
5,HLA-B51:01,5815.87,AGT17765,FNDTAWYIGQI,5,36.0
22,HLA-B51:01,5817.27,AGT17765,CLISLIFVVAF,22,37.0
19,HLA-B51:01,5821.43,AGT17765,VLFCLISLIFV,19,38.0
16,HLA-B51:01,5822.22,AGT17765,LVLVLFCLISL,16,39.0
39,HLA-B51:01,5833.79,AGT17765,CMQLCGFCNFF,39,40.0
0,HLA-B51:01,5834.05,AGT17765,MVDLFFNDTAW,0,41.0
46,HLA-B51:01,5835.89,AGT17765,CNFFIISPSAY,46,42.0
48,HLA-B51:01,5836.0,AGT17765,FFIISPSAYVY,48,43.0
32,HLA-B51:01,5836.98,AGT17765,FLATIKLCMQL,32,44.0
29,HLA-B51:01,5839.61,AGT17765,VVAFLATIKLC,29,45.0
35,HLA-B51:01,5843.37,AGT17765,TIKLCMQLCGF,35,46.0
51,HLA-B51:01,5846.21,AGT17765,ISPSAYVYKRG,51,47.0
43,HLA-B51:01,5852.21,AGT17765,CGFCNFFIISP,43,48.0
25,HLA-B51:01,5852.25,AGT17765,SLIFVVAFLAT,25,49.0
1,HLA-B51:01,5853.21,AGT17765,VDLFFNDTAWY,1,50.0
4,HLA-B51:01,5855.97,AGT17765,FFNDTAWYIGQ,4,51.0
52,HLA-B51:01,5864.55,AGT17765,SPSAYVYKRGM,52,52.0
11,HLA-B51:01,5878.09,AGT17765,YIGQILVLVLF,11,53.0
0,HLA-B53:01,82.55,AGT17765,MVDLFFNDTAW,0,1.0
5,HLA-B53:01,365.17,AGT17765,FNDTAWYIGQI,5,2.0
22,HLA-B53:01,1126.3,AGT17765,CLISLIFVVAF,22,3.0
38,HLA-B53:01,1543.68,AGT17765,LCMQLCGFCNF,38,4.0
18,HLA-B53:01,1548.87,AGT17765,LVLFCLISLIF,18,5.0
11,HLA-B53:01,3330.87,AGT17765,YIGQILVLVLF,11,6.0
39,HLA-B53:01,3731.9,AGT17765,CMQLCGFCNFF,39,7.0
2,HLA-B53:01,4985.48,AGT17765,DLFFNDTAWYI,2,8.0
48,HLA-B53:01,5475.2,AGT17765,FFIISPSAYVY,48,9.0
8,HLA-B53:01,6744.56,AGT17765,TAWYIGQILVL,8,10.0
40,HLA-B53:01,8437.18,AGT17765,MQLCGFCNFFI,40,11.0
33,HLA-B53:01,8562.25,AGT17765,LATIKLCMQLC,33,12.0
6,HLA-B53:01,8581.45,AGT17765,NDTAWYIGQIL,6,13.0
41,HLA-B53:01,8847.37,AGT17765,QLCGFCNFFII,41,14.0
30,HLA-B53:01,8994.73,AGT17765,VAFLATIKLCM,30,15.0
14,HLA-B53:01,9021.56,AGT17765,QILVLVLFCLI,14,16.0
10,HLA-B53:01,9201.4,AGT17765,WYIGQILVLVL,10,17.0
12,HLA-B53:01,11463.74,AGT17765,IGQILVLVLFC,12,18.0
46,HLA-B53:01,12039.76,AGT17765,CNFFIISPSAY,46,19.0
17,HLA-B53:01,13510.66,AGT17765,VLVLFCLISLI,17,20.0
23,HLA-B53:01,13872.87,AGT17765,LISLIFVVAFL,23,21.0
1,HLA-B53:01,13947.15,AGT17765,VDLFFNDTAWY,1,22.0
9,HLA-B53:01,14340.33,AGT17765,AWYIGQILVLV,9,23.0
7,HLA-B53:01,14816.74,AGT17765,DTAWYIGQILV,7,24.0
16,HLA-B53:01,15286.05,AGT17765,LVLVLFCLISL,16,25.0
26,HLA-B53:01,15562.06,AGT17765,LIFVVAFLATI,26,26.0
32,HLA-B53:01,17627.16,AGT17765,FLATIKLCMQL,32,27.0
29,HLA-B53:01,18686.93,AGT17765,VVAFLATIKLC,29,28.0
45,HLA-B53:01,19761.18,AGT17765,FCNFFIISPSA,45,29.0
28,HLA-B53:01,21709.25,AGT17765,FVVAFLATIKL,28,30.0
52,HLA-B53:01,22356.75,AGT17765,SPSAYVYKRGM,52,31.0
3,HLA-B53:01,23136.77,AGT17765,LFFNDTAWYIG,3,32.0
21,HLA-B53:01,23258.22,AGT17765,FCLISLIFVVA,21,33.0
20,HLA-B53:01,23271.32,AGT17765,LFCLISLIFVV,20,34.0
42,HLA-B53:01,24285.46,AGT17765,LCGFCNFFIIS,42,35.0
15,HLA-B53:01,24485.56,AGT17765,ILVLVLFCLIS,15,36.0
13,HLA-B53:01,25191.88,AGT17765,GQILVLVLFCL,13,37.0
4,HLA-B53:01,25746.37,AGT17765,FFNDTAWYIGQ,4,38.0
35,HLA-B53:01,27691.61,AGT17765,TIKLCMQLCGF,35,39.0
47,HLA-B53:01,28229.33,AGT17765,NFFIISPSAYV,47,40.0
24,HLA-B53:01,29512.87,AGT17765,ISLIFVVAFLA,24,41.0
19,HLA-B53:01,30744.79,AGT17765,VLFCLISLIFV,19,42.0
25,HLA-B53:01,31823.25,AGT17765,SLIFVVAFLAT,25,43.0
36,HLA-B53:01,32675.46,AGT17765,IKLCMQLCGFC,36,44.0
43,HLA-B53:01,34971.08,AGT17765,CGFCNFFIISP,43,45.0
27,HLA-B53:01,35318.58,AGT17765,IFVVAFLATIK,27,46.0
31,HLA-B53:01,35793.23,AGT17765,AFLATIKLCMQ,31,47.0
50,HLA-B53:01,35838.63,AGT17765,IISPSAYVYKR,50,48.0
37,HLA-B53:01,35927.58,AGT17765,KLCMQLCGFCN,37,49.0
34,HLA-B53:01,37211.14,AGT17765,ATIKLCMQLCG,34,50.0
51,HLA-B53:01,37290.92,AGT17765,ISPSAYVYKRG,51,51.0
49,HLA-B53:01,37304.06,AGT17765,FIISPSAYVYK,49,52.0
44,HLA-B53:01,40019.62,AGT17765,GFCNFFIISPS,44,53.0
32,HLA-B08:01,427.27,AGT17765,FLATIKLCMQL,32,1.0
22,HLA-B08:01,2067.32,AGT17765,CLISLIFVVAF,22,2.0
23,HLA-B08:01,2125.32,AGT17765,LISLIFVVAFL,23,3.0
30,HLA-B08:01,2414.47,AGT17765,VAFLATIKLCM,30,4.0
26,HLA-B08:01,3126.78,AGT17765,LIFVVAFLATI,26,5.0
16,HLA-B08:01,3146.27,AGT17765,LVLVLFCLISL,16,6.0
10,HLA-B08:01,3398.45,AGT17765,WYIGQILVLVL,10,7.0
45,HLA-B08:01,3659.62,AGT17765,FCNFFIISPSA,45,8.0
21,HLA-B08:01,3959.51,AGT17765,FCLISLIFVVA,21,9.0
35,HLA-B08:01,5406.39,AGT17765,TIKLCMQLCGF,35,10.0
25,HLA-B08:01,6078.87,AGT17765,SLIFVVAFLAT,25,11.0
8,HLA-B08:01,6654.3,AGT17765,TAWYIGQILVL,8,12.0
28,HLA-B08:01,6783.2,AGT17765,FVVAFLATIKL,28,13.0
13,HLA-B08:01,9819.55,AGT17765,GQILVLVLFCL,13,14.0
31,HLA-B08:01,10109.25,AGT17765,AFLATIKLCMQ,31,15.0
41,HLA-B08:01,10472.69,AGT17765,QLCGFCNFFII,41,16.0
15,HLA-B08:01,10850.5,AGT17765,ILVLVLFCLIS,15,17.0
52,HLA-B08:01,11642.04,AGT17765,SPSAYVYKRGM,52,18.0
20,HLA-B08:01,11846.79,AGT17765,LFCLISLIFVV,20,19.0
17,HLA-B08:01,12948.13,AGT17765,VLVLFCLISLI,17,20.0
47,HLA-B08:01,13016.75,AGT17765,NFFIISPSAYV,47,21.0
14,HLA-B08:01,13018.15,AGT17765,QILVLVLFCLI,14,22.0
18,HLA-B08:01,13393.49,AGT17765,LVLFCLISLIF,18,23.0
40,HLA-B08:01,13622.05,AGT17765,MQLCGFCNFFI,40,24.0
24,HLA-B08:01,13646.33,AGT17765,ISLIFVVAFLA,24,25.0
38,HLA-B08:01,14890.81,AGT17765,LCMQLCGFCNF,38,26.0
11,HLA-B08:01,14933.83,AGT17765,YIGQILVLVLF,11,27.0
9,HLA-B08:01,15036.4,AGT17765,AWYIGQILVLV,9,28.0
36,HLA-B08:01,15970.22,AGT17765,IKLCMQLCGFC,36,29.0
39,HLA-B08:01,16507.49,AGT17765,CMQLCGFCNFF,39,30.0
33,HLA-B08:01,17495.77,AGT17765,LATIKLCMQLC,33,31.0
34,HLA-B08:01,18353.64,AGT17765,ATIKLCMQLCG,34,32.0
6,HLA-B08:01,18770.25,AGT17765,NDTAWYIGQIL,6,33.0
42,HLA-B08:01,19219.48,AGT17765,LCGFCNFFIIS,42,34.0
43,HLA-B08:01,21800.14,AGT17765,CGFCNFFIISP,43,35.0
19,HLA-B08:01,22331.55,AGT17765,VLFCLISLIFV,19,36.0
7,HLA-B08:01,23643.88,AGT17765,DTAWYIGQILV,7,37.0
2,HLA-B08:01,23665.66,AGT17765,DLFFNDTAWYI,2,38.0
51,HLA-B08:01,23680.22,AGT17765,ISPSAYVYKRG,51,39.0
12,HLA-B08:01,24289.54,AGT17765,IGQILVLVLFC,12,40.0
44,HLA-B08:01,24480.51,AGT17765,GFCNFFIISPS,44,41.0
5,HLA-B08:01,24947.45,AGT17765,FNDTAWYIGQI,5,42.0
37,HLA-B08:01,25741.74,AGT17765,KLCMQLCGFCN,37,43.0
48,HLA-B08:01,26062.89,AGT17765,FFIISPSAYVY,48,44.0
46,HLA-B08:01,28498.78,AGT17765,CNFFIISPSAY,46,45.0
29,HLA-B08:01,29758.15,AGT17765,VVAFLATIKLC,29,46.0
3,HLA-B08:01,31931.98,AGT17765,LFFNDTAWYIG,3,47.0
27,HLA-B08:01,32101.89,AGT17765,IFVVAFLATIK,27,48.0
49,HLA-B08:01,32951.38,AGT17765,FIISPSAYVYK,49,49.0
50,HLA-B08:01,34510.25,AGT17765,IISPSAYVYKR,50,50.0
4,HLA-B08:01,34645.0,AGT17765,FFNDTAWYIGQ,4,51.0
0,HLA-B08:01,36667.85,AGT17765,MVDLFFNDTAW,0,52.0
1,HLA-B08:01,39494.95,AGT17765,VDLFFNDTAWY,1,53.0
32,HLA-DRB101:01,215.59,AGT17765,FLATIKLCMQL,32,1.0
15,HLA-DRB101:01,290.6,AGT17765,ILVLVLFCLIS,15,2.0
45,HLA-DRB101:01,318.62,AGT17765,FCNFFIISPSA,45,3.0
14,HLA-DRB101:01,342.77,AGT17765,QILVLVLFCLI,14,4.0
46,HLA-DRB101:01,345.28,AGT17765,CNFFIISPSAY,46,5.0
36,HLA-DRB101:01,610.59,AGT17765,IKLCMQLCGFC,36,6.0
16,HLA-DRB101:01,660.53,AGT17765,LVLVLFCLISL,16,7.0
9,HLA-DRB101:01,682.35,AGT17765,AWYIGQILVLV,9,8.0
3,HLA-DRB101:01,705.08,AGT17765,LFFNDTAWYIG,3,9.0
31,HLA-DRB101:01,778.45,AGT17765,AFLATIKLCMQ,31,10.0
4,HLA-DRB101:01,800.71,AGT17765,FFNDTAWYIGQ,4,11.0
17,HLA-DRB101:01,804.03,AGT17765,VLVLFCLISLI,17,12.0
35,HLA-DRB101:01,838.65,AGT17765,TIKLCMQLCGF,35,13.0
26,HLA-DRB101:01,860.5,AGT17765,LIFVVAFLATI,26,14.0
8,HLA-DRB101:01,897.4,AGT17765,TAWYIGQILVL,8,15.0
10,HLA-DRB101:01,1008.23,AGT17765,WYIGQILVLVL,10,16.0
5,HLA-DRB101:01,1118.75,AGT17765,FNDTAWYIGQI,5,17.0
30,HLA-DRB101:01,1306.63,AGT17765,VAFLATIKLCM,30,18.0
11,HLA-DRB101:01,1441.88,AGT17765,YIGQILVLVLF,11,19.0
47,HLA-DRB101:01,1560.21,AGT17765,NFFIISPSAYV,47,20.0
28,HLA-DRB101:01,1887.33,AGT17765,FVVAFLATIKL,28,21.0
13,HLA-DRB101:01,1977.55,AGT17765,GQILVLVLFCL,13,22.0
18,HLA-DRB101:01,2139.45,AGT17765,LVLFCLISLIF,18,23.0
23,HLA-DRB101:01,2576.08,AGT17765,LISLIFVVAFL,23,24.0
19,HLA-DRB101:01,2637.17,AGT17765,VLFCLISLIFV,19,25.0
7,HLA-DRB101:01,2819.72,AGT17765,DTAWYIGQILV,7,26.0
22,HLA-DRB101:01,3305.81,AGT17765,CLISLIFVVAF,22,27.0
12,HLA-DRB101:01,3576.59,AGT17765,IGQILVLVLFC,12,28.0
40,HLA-DRB101:01,3733.58,AGT17765,MQLCGFCNFFI,40,29.0
34,HLA-DRB101:01,3834.06,AGT17765,ATIKLCMQLCG,34,30.0
2,HLA-DRB101:01,3893.59,AGT17765,DLFFNDTAWYI,2,31.0
33,HLA-DRB101:01,4155.93,AGT17765,LATIKLCMQLC,33,32.0
41,HLA-DRB101:01,4348.5,AGT17765,QLCGFCNFFII,41,33.0
29,HLA-DRB101:01,4463.56,AGT17765,VVAFLATIKLC,29,34.0
25,HLA-DRB101:01,4779.52,AGT17765,SLIFVVAFLAT,25,35.0
38,HLA-DRB101:01,5564.58,AGT17765,LCMQLCGFCNF,38,36.0
27,HLA-DRB101:01,5668.81,AGT17765,IFVVAFLATIK,27,37.0
24,HLA-DRB101:01,5703.44,AGT17765,ISLIFVVAFLA,24,38.0
42,HLA-DRB101:01,6328.4,AGT17765,LCGFCNFFIIS,42,39.0
20,HLA-DRB101:01,6332.03,AGT17765,LFCLISLIFVV,20,40.0
37,HLA-DRB101:01,7625.3,AGT17765,KLCMQLCGFCN,37,41.0
39,HLA-DRB101:01,8127.89,AGT17765,CMQLCGFCNFF,39,42.0
43,HLA-DRB101:01,8301.42,AGT17765,CGFCNFFIISP,43,43.0
21,HLA-DRB101:01,8473.03,AGT17765,FCLISLIFVVA,21,44.0
51,HLA-DRB101:01,9413.83,AGT17765,ISPSAYVYKRG,51,45.0
44,HLA-DRB101:01,9540.38,AGT17765,GFCNFFIISPS,44,46.0
49,HLA-DRB101:01,10229.13,AGT17765,FIISPSAYVYK,49,47.0
50,HLA-DRB101:01,10407.07,AGT17765,IISPSAYVYKR,50,48.0
48,HLA-DRB101:01,11904.29,AGT17765,FFIISPSAYVY,48,49.0
6,HLA-DRB101:01,13996.23,AGT17765,NDTAWYIGQIL,6,50.0
1,HLA-DRB101:01,16368.19,AGT17765,VDLFFNDTAWY,1,51.0
52,HLA-DRB101:01,16663.39,AGT17765,SPSAYVYKRGM,52,52.0
0,HLA-DRB101:01,18194.67,AGT17765,MVDLFFNDTAW,0,53.0
47,HLA-DRB115:01,200.79,AGT17765,NFFIISPSAYV,47,1.0
46,HLA-DRB115:01,493.38,AGT17765,CNFFIISPSAY,46,2.0
45,HLA-DRB115:01,522.52,AGT17765,FCNFFIISPSA,45,3.0
36,HLA-DRB115:01,640.79,AGT17765,IKLCMQLCGFC,36,4.0
32,HLA-DRB115:01,863.22,AGT17765,FLATIKLCMQL,32,5.0
9,HLA-DRB115:01,877.11,AGT17765,AWYIGQILVLV,9,6.0
48,HLA-DRB115:01,898.04,AGT17765,FFIISPSAYVY,48,7.0
16,HLA-DRB115:01,946.28,AGT17765,LVLVLFCLISL,16,8.0
15,HLA-DRB115:01,983.93,AGT17765,ILVLVLFCLIS,15,9.0
18,HLA-DRB115:01,1017.6,AGT17765,LVLFCLISLIF,18,10.0
10,HLA-DRB115:01,1118.06,AGT17765,WYIGQILVLVL,10,11.0
8,HLA-DRB115:01,1368.76,AGT17765,TAWYIGQILVL,8,12.0
17,HLA-DRB115:01,1434.03,AGT17765,VLVLFCLISLI,17,13.0
35,HLA-DRB115:01,1562.97,AGT17765,TIKLCMQLCGF,35,14.0
30,HLA-DRB115:01,1675.75,AGT17765,VAFLATIKLCM,30,15.0
31,HLA-DRB115:01,1751.75,AGT17765,AFLATIKLCMQ,31,16.0
5,HLA-DRB115:01,1791.12,AGT17765,FNDTAWYIGQI,5,17.0
26,HLA-DRB115:01,1817.14,AGT17765,LIFVVAFLATI,26,18.0
14,HLA-DRB115:01,1928.81,AGT17765,QILVLVLFCLI,14,19.0
2,HLA-DRB115:01,2375.45,AGT17765,DLFFNDTAWYI,2,20.0
19,HLA-DRB115:01,2377.47,AGT17765,VLFCLISLIFV,19,21.0
7,HLA-DRB115:01,2574.5,AGT17765,DTAWYIGQILV,7,22.0
13,HLA-DRB115:01,2829.03,AGT17765,GQILVLVLFCL,13,23.0
22,HLA-DRB115:01,2872.55,AGT17765,CLISLIFVVAF,22,24.0
33,HLA-DRB115:01,2954.2,AGT17765,LATIKLCMQLC,33,25.0
23,HLA-DRB115:01,2982.02,AGT17765,LISLIFVVAFL,23,26.0
11,HLA-DRB115:01,3283.41,AGT17765,YIGQILVLVLF,11,27.0
3,HLA-DRB115:01,3595.61,AGT17765,LFFNDTAWYIG,3,28.0
0,HLA-DRB115:01,3652.22,AGT17765,MVDLFFNDTAW,0,29.0
12,HLA-DRB115:01,4553.77,AGT17765,IGQILVLVLFC,12,30.0
28,HLA-DRB115:01,4592.02,AGT17765,FVVAFLATIKL,28,31.0
41,HLA-DRB115:01,4716.1,AGT17765,QLCGFCNFFII,41,32.0
20,HLA-DRB115:01,4863.13,AGT17765,LFCLISLIFVV,20,33.0
4,HLA-DRB115:01,5358.47,AGT17765,FFNDTAWYIGQ,4,34.0
51,HLA-DRB115:01,5368.56,AGT17765,ISPSAYVYKRG,51,35.0
50,HLA-DRB115:01,6060.11,AGT17765,IISPSAYVYKR,50,36.0
37,HLA-DRB115:01,6242.68,AGT17765,KLCMQLCGFCN,37,37.0
42,HLA-DRB115:01,6277.01,AGT17765,LCGFCNFFIIS,42,38.0
24,HLA-DRB115:01,6501.29,AGT17765,ISLIFVVAFLA,24,39.0
49,HLA-DRB115:01,6745.33,AGT17765,FIISPSAYVYK,49,40.0
52,HLA-DRB115:01,6846.4,AGT17765,SPSAYVYKRGM,52,41.0
34,HLA-DRB115:01,7048.57,AGT17765,ATIKLCMQLCG,34,42.0
38,HLA-DRB115:01,7315.73,AGT17765,LCMQLCGFCNF,38,43.0
1,HLA-DRB115:01,7414.67,AGT17765,VDLFFNDTAWY,1,44.0
43,HLA-DRB115:01,7736.4,AGT17765,CGFCNFFIISP,43,45.0
40,HLA-DRB115:01,7810.74,AGT17765,MQLCGFCNFFI,40,46.0
21,HLA-DRB115:01,8019.6,AGT17765,FCLISLIFVVA,21,47.0
44,HLA-DRB115:01,8162.91,AGT17765,GFCNFFIISPS,44,48.0
39,HLA-DRB115:01,10934.39,AGT17765,CMQLCGFCNFF,39,49.0
29,HLA-DRB115:01,11639.52,AGT17765,VVAFLATIKLC,29,50.0
6,HLA-DRB115:01,13691.28,AGT17765,NDTAWYIGQIL,6,51.0
25,HLA-DRB115:01,13934.42,AGT17765,SLIFVVAFLAT,25,52.0
27,HLA-DRB115:01,17737.86,AGT17765,IFVVAFLATIK,27,53.0
17,HLA-DRB103:01,341.53,AGT17765,VLVLFCLISLI,17,1.0
49,HLA-DRB103:01,1628.73,AGT17765,FIISPSAYVYK,49,2.0
14,HLA-DRB103:01,1644.56,AGT17765,QILVLVLFCLI,14,3.0
48,HLA-DRB103:01,2557.84,AGT17765,FFIISPSAYVY,48,4.0
30,HLA-DRB103:01,2732.87,AGT17765,VAFLATIKLCM,30,5.0
2,HLA-DRB103:01,3270.9,AGT17765,DLFFNDTAWYI,2,6.0
5,HLA-DRB103:01,3807.39,AGT17765,FNDTAWYIGQI,5,7.0
3,HLA-DRB103:01,3920.43,AGT17765,LFFNDTAWYIG,3,8.0
0,HLA-DRB103:01,4157.05,AGT17765,MVDLFFNDTAW,0,9.0
1,HLA-DRB103:01,4527.36,AGT17765,VDLFFNDTAWY,1,10.0
33,HLA-DRB103:01,4893.99,AGT17765,LATIKLCMQLC,33,11.0
8,HLA-DRB103:01,4993.71,AGT17765,TAWYIGQILVL,8,12.0
7,HLA-DRB103:01,5692.45,AGT17765,DTAWYIGQILV,7,13.0
18,HLA-DRB103:01,5825.65,AGT17765,LVLFCLISLIF,18,14.0
46,HLA-DRB103:01,6389.97,AGT17765,CNFFIISPSAY,46,15.0
45,HLA-DRB103:01,6536.66,AGT17765,FCNFFIISPSA,45,16.0
47,HLA-DRB103:01,6618.73,AGT17765,NFFIISPSAYV,47,17.0
36,HLA-DRB103:01,6888.51,AGT17765,IKLCMQLCGFC,36,18.0
31,HLA-DRB103:01,7491.72,AGT17765,AFLATIKLCMQ,31,19.0
26,HLA-DRB103:01,7819.92,AGT17765,LIFVVAFLATI,26,20.0
50,HLA-DRB103:01,8536.94,AGT17765,IISPSAYVYKR,50,21.0
11,HLA-DRB103:01,9541.23,AGT17765,YIGQILVLVLF,11,22.0
29,HLA-DRB103:01,9547.41,AGT17765,VVAFLATIKLC,29,23.0
9,HLA-DRB103:01,9924.98,AGT17765,AWYIGQILVLV,9,24.0
10,HLA-DRB103:01,11317.56,AGT17765,WYIGQILVLVL,10,25.0
42,HLA-DRB103:01,11710.21,AGT17765,LCGFCNFFIIS,42,26.0
19,HLA-DRB103:01,12020.23,AGT17765,VLFCLISLIFV,19,27.0
32,HLA-DRB103:01,12091.39,AGT17765,FLATIKLCMQL,32,28.0
15,HLA-DRB103:01,12638.57,AGT17765,ILVLVLFCLIS,15,29.0
35,HLA-DRB103:01,12735.9,AGT17765,TIKLCMQLCGF,35,30.0
4,HLA-DRB103:01,14065.36,AGT17765,FFNDTAWYIGQ,4,31.0
34,HLA-DRB103:01,14969.93,AGT17765,ATIKLCMQLCG,34,32.0
43,HLA-DRB103:01,15745.96,AGT17765,CGFCNFFIISP,43,33.0
22,HLA-DRB103:01,15902.88,AGT17765,CLISLIFVVAF,22,34.0
28,HLA-DRB103:01,16817.45,AGT17765,FVVAFLATIKL,28,35.0
41,HLA-DRB103:01,17582.02,AGT17765,QLCGFCNFFII,41,36.0
40,HLA-DRB103:01,18013.11,AGT17765,MQLCGFCNFFI,40,37.0
16,HLA-DRB103:01,18093.35,AGT17765,LVLVLFCLISL,16,38.0
12,HLA-DRB103:01,18205.91,AGT17765,IGQILVLVLFC,12,39.0
23,HLA-DRB103:01,19683.9,AGT17765,LISLIFVVAFL,23,40.0
27,HLA-DRB103:01,20164.94,AGT17765,IFVVAFLATIK,27,41.0
25,HLA-DRB103:01,22591.23,AGT17765,SLIFVVAFLAT,25,42.0
44,HLA-DRB103:01,23688.32,AGT17765,GFCNFFIISPS,44,43.0
24,HLA-DRB103:01,24426.63,AGT17765,ISLIFVVAFLA,24,44.0
37,HLA-DRB103:01,25622.08,AGT17765,KLCMQLCGFCN,37,45.0
39,HLA-DRB103:01,26086.18,AGT17765,CMQLCGFCNFF,39,46.0
20,HLA-DRB103:01,26285.66,AGT17765,LFCLISLIFVV,20,47.0
6,HLA-DRB103:01,26977.99,AGT17765,NDTAWYIGQIL,6,48.0
38,HLA-DRB103:01,28052.12,AGT17765,LCMQLCGFCNF,38,49.0
13,HLA-DRB103:01,28606.66,AGT17765,GQILVLVLFCL,13,50.0
51,HLA-DRB103:01,28878.05,AGT17765,ISPSAYVYKRG,51,51.0
21,HLA-DRB103:01,31058.61,AGT17765,FCLISLIFVVA,21,52.0
52,HLA-DRB103:01,31228.86,AGT17765,SPSAYVYKRGM,52,53.0
45,HLA-DRB104:01,266.84,AGT17765,FCNFFIISPSA,45,1.0
27,HLA-DRB104:01,455.7,AGT17765,IFVVAFLATIK,27,2.0
4,HLA-DRB104:01,468.96,AGT17765,FFNDTAWYIGQ,4,3.0
32,HLA-DRB104:01,586.23,AGT17765,FLATIKLCMQL,32,4.0
47,HLA-DRB104:01,588.73,AGT17765,NFFIISPSAYV,47,5.0
48,HLA-DRB104:01,623.08,AGT17765,FFIISPSAYVY,48,6.0
26,HLA-DRB104:01,668.69,AGT17765,LIFVVAFLATI,26,7.0
3,HLA-DRB104:01,902.16,AGT17765,LFFNDTAWYIG,3,8.0
31,HLA-DRB104:01,959.11,AGT17765,AFLATIKLCMQ,31,9.0
25,HLA-DRB104:01,1049.9,AGT17765,SLIFVVAFLAT,25,10.0
49,HLA-DRB104:01,1382.79,AGT17765,FIISPSAYVYK,49,11.0
44,HLA-DRB104:01,1439.77,AGT17765,GFCNFFIISPS,44,12.0
46,HLA-DRB104:01,1464.2,AGT17765,CNFFIISPSAY,46,13.0
30,HLA-DRB104:01,1472.6,AGT17765,VAFLATIKLCM,30,14.0
11,HLA-DRB104:01,1663.58,AGT17765,YIGQILVLVLF,11,15.0
22,HLA-DRB104:01,1672.06,AGT17765,CLISLIFVVAF,22,16.0
5,HLA-DRB104:01,2017.44,AGT17765,FNDTAWYIGQI,5,17.0
28,HLA-DRB104:01,2120.89,AGT17765,FVVAFLATIKL,28,18.0
21,HLA-DRB104:01,2277.61,AGT17765,FCLISLIFVVA,21,19.0
15,HLA-DRB104:01,2287.96,AGT17765,ILVLVLFCLIS,15,20.0
24,HLA-DRB104:01,2426.99,AGT17765,ISLIFVVAFLA,24,21.0
36,HLA-DRB104:01,2486.58,AGT17765,IKLCMQLCGFC,36,22.0
0,HLA-DRB104:01,2623.55,AGT17765,MVDLFFNDTAW,0,23.0
29,HLA-DRB104:01,2642.33,AGT17765,VVAFLATIKLC,29,24.0
23,HLA-DRB104:01,2881.03,AGT17765,LISLIFVVAFL,23,25.0
17,HLA-DRB104:01,3099.55,AGT17765,VLVLFCLISLI,17,26.0
18,HLA-DRB104:01,3546.52,AGT17765,LVLFCLISLIF,18,27.0
52,HLA-DRB104:01,4441.91,AGT17765,SPSAYVYKRGM,52,28.0
35,HLA-DRB104:01,4900.39,AGT17765,TIKLCMQLCGF,35,29.0
42,HLA-DRB104:01,4947.43,AGT17765,LCGFCNFFIIS,42,30.0
40,HLA-DRB104:01,5707.67,AGT17765,MQLCGFCNFFI,40,31.0
14,HLA-DRB104:01,6053.77,AGT17765,QILVLVLFCLI,14,32.0
10,HLA-DRB104:01,6091.56,AGT17765,WYIGQILVLVL,10,33.0
37,HLA-DRB104:01,6341.37,AGT17765,KLCMQLCGFCN,37,34.0
33,HLA-DRB104:01,6499.66,AGT17765,LATIKLCMQLC,33,35.0
8,HLA-DRB104:01,6614.26,AGT17765,TAWYIGQILVL,8,36.0
7,HLA-DRB104:01,7396.12,AGT17765,DTAWYIGQILV,7,37.0
19,HLA-DRB104:01,7806.27,AGT17765,VLFCLISLIFV,19,38.0
34,HLA-DRB104:01,8036.73,AGT17765,ATIKLCMQLCG,34,39.0
2,HLA-DRB104:01,8118.14,AGT17765,DLFFNDTAWYI,2,40.0
9,HLA-DRB104:01,8124.93,AGT17765,AWYIGQILVLV,9,41.0
20,HLA-DRB104:01,8331.4,AGT17765,LFCLISLIFVV,20,42.0
16,HLA-DRB104:01,8509.76,AGT17765,LVLVLFCLISL,16,43.0
12,HLA-DRB104:01,8716.93,AGT17765,IGQILVLVLFC,12,44.0
43,HLA-DRB104:01,9041.74,AGT17765,CGFCNFFIISP,43,45.0
39,HLA-DRB104:01,10617.9,AGT17765,CMQLCGFCNFF,39,46.0
38,HLA-DRB104:01,10745.99,AGT17765,LCMQLCGFCNF,38,47.0
41,HLA-DRB104:01,10822.5,AGT17765,QLCGFCNFFII,41,48.0
50,HLA-DRB104:01,11046.75,AGT17765,IISPSAYVYKR,50,49.0
13,HLA-DRB104:01,11501.69,AGT17765,GQILVLVLFCL,13,50.0
1,HLA-DRB104:01,12303.24,AGT17765,VDLFFNDTAWY,1,51.0
51,HLA-DRB104:01,15020.52,AGT17765,ISPSAYVYKRG,51,52.0
6,HLA-DRB104:01,18901.19,AGT17765,NDTAWYIGQIL,6,53.0
49,HLA-DRB104:04,224.92,AGT17765,FIISPSAYVYK,49,1.0
14,HLA-DRB104:04,304.54,AGT17765,QILVLVLFCLI,14,2.0
46,HLA-DRB104:04,415.93,AGT17765,CNFFIISPSAY,46,3.0
45,HLA-DRB104:04,1474.07,AGT17765,FCNFFIISPSA,45,4.0
11,HLA-DRB104:04,1482.32,AGT17765,YIGQILVLVLF,11,5.0
32,HLA-DRB104:04,1955.27,AGT17765,FLATIKLCMQL,32,6.0
48,HLA-DRB104:04,2311.24,AGT17765,FFIISPSAYVY,48,7.0
35,HLA-DRB104:04,2423.51,AGT17765,TIKLCMQLCGF,35,8.0
36,HLA-DRB104:04,2628.26,AGT17765,IKLCMQLCGFC,36,9.0
26,HLA-DRB104:04,2648.82,AGT17765,LIFVVAFLATI,26,10.0
30,HLA-DRB104:04,2750.71,AGT17765,VAFLATIKLCM,30,11.0
17,HLA-DRB104:04,3055.0,AGT17765,VLVLFCLISLI,17,12.0
15,HLA-DRB104:04,3405.55,AGT17765,ILVLVLFCLIS,15,13.0
40,HLA-DRB104:04,3420.94,AGT17765,MQLCGFCNFFI,40,14.0
31,HLA-DRB104:04,3503.6,AGT17765,AFLATIKLCMQ,31,15.0
22,HLA-DRB104:04,3620.54,AGT17765,CLISLIFVVAF,22,16.0
0,HLA-DRB104:04,3796.16,AGT17765,MVDLFFNDTAW,0,17.0
21,HLA-DRB104:04,3796.73,AGT17765,FCLISLIFVVA,21,18.0
41,HLA-DRB104:04,4312.02,AGT17765,QLCGFCNFFII,41,19.0
13,HLA-DRB104:04,4399.35,AGT17765,GQILVLVLFCL,13,20.0
10,HLA-DRB104:04,4807.35,AGT17765,WYIGQILVLVL,10,21.0
50,HLA-DRB104:04,5158.4,AGT17765,IISPSAYVYKR,50,22.0
24,HLA-DRB104:04,5753.88,AGT17765,ISLIFVVAFLA,24,23.0
12,HLA-DRB104:04,5757.02,AGT17765,IGQILVLVLFC,12,24.0
38,HLA-DRB104:04,5982.53,AGT17765,LCMQLCGFCNF,38,25.0
39,HLA-DRB104:04,6335.25,AGT17765,CMQLCGFCNFF,39,26.0
23,HLA-DRB104:04,6557.48,AGT17765,LISLIFVVAFL,23,27.0
5,HLA-DRB104:04,7111.01,AGT17765,FNDTAWYIGQI,5,28.0
8,HLA-DRB104:04,7278.09,AGT17765,TAWYIGQILVL,8,29.0
37,HLA-DRB104:04,7495.68,AGT17765,KLCMQLCGFCN,37,30.0
34,HLA-DRB104:04,7509.81,AGT17765,ATIKLCMQLCG,34,31.0
47,HLA-DRB104:04,7789.68,AGT17765,NFFIISPSAYV,47,32.0
27,HLA-DRB104:04,8111.42,AGT17765,IFVVAFLATIK,27,33.0
33,HLA-DRB104:04,8397.28,AGT17765,LATIKLCMQLC,33,34.0
9,HLA-DRB104:04,8623.81,AGT17765,AWYIGQILVLV,9,35.0
42,HLA-DRB104:04,8711.88,AGT17765,LCGFCNFFIIS,42,36.0
16,HLA-DRB104:04,8907.5,AGT17765,LVLVLFCLISL,16,37.0
44,HLA-DRB104:04,8955.39,AGT17765,GFCNFFIISPS,44,38.0
3,HLA-DRB104:04,9428.22,AGT17765,LFFNDTAWYIG,3,39.0
20,HLA-DRB104:04,9648.03,AGT17765,LFCLISLIFVV,20,40.0
25,HLA-DRB104:04,9930.4,AGT17765,SLIFVVAFLAT,25,41.0
7,HLA-DRB104:04,11115.05,AGT17765,DTAWYIGQILV,7,42.0
28,HLA-DRB104:04,12819.25,AGT17765,FVVAFLATIKL,28,43.0
19,HLA-DRB104:04,12860.17,AGT17765,VLFCLISLIFV,19,44.0
43,HLA-DRB104:04,13006.73,AGT17765,CGFCNFFIISP,43,45.0
2,HLA-DRB104:04,14025.97,AGT17765,DLFFNDTAWYI,2,46.0
4,HLA-DRB104:04,14316.22,AGT17765,FFNDTAWYIGQ,4,47.0
1,HLA-DRB104:04,15216.0,AGT17765,VDLFFNDTAWY,1,48.0
18,HLA-DRB104:04,15636.91,AGT17765,LVLFCLISLIF,18,49.0
29,HLA-DRB104:04,16202.09,AGT17765,VVAFLATIKLC,29,50.0
6,HLA-DRB104:04,18635.31,AGT17765,NDTAWYIGQIL,6,51.0
51,HLA-DRB104:04,27005.87,AGT17765,ISPSAYVYKRG,51,52.0
52,HLA-DRB104:04,27258.7,AGT17765,SPSAYVYKRGM,52,53.0
47,HLA-DRB107:01,36.33,AGT17765,NFFIISPSAYV,47,1.0
46,HLA-DRB107:01,87.35,AGT17765,CNFFIISPSAY,46,2.0
48,HLA-DRB107:01,203.55,AGT17765,FFIISPSAYVY,48,3.0
32,HLA-DRB107:01,300.02,AGT17765,FLATIKLCMQL,32,4.0
3,HLA-DRB107:01,335.23,AGT17765,LFFNDTAWYIG,3,5.0
45,HLA-DRB107:01,366.67,AGT17765,FCNFFIISPSA,45,6.0
4,HLA-DRB107:01,430.67,AGT17765,FFNDTAWYIGQ,4,7.0
30,HLA-DRB107:01,517.34,AGT17765,VAFLATIKLCM,30,8.0
26,HLA-DRB107:01,553.36,AGT17765,LIFVVAFLATI,26,9.0
31,HLA-DRB107:01,568.51,AGT17765,AFLATIKLCMQ,31,10.0
12,HLA-DRB107:01,882.05,AGT17765,IGQILVLVLFC,12,11.0
28,HLA-DRB107:01,892.5,AGT17765,FVVAFLATIKL,28,12.0
23,HLA-DRB107:01,1062.38,AGT17765,LISLIFVVAFL,23,13.0
5,HLA-DRB107:01,1194.3,AGT17765,FNDTAWYIGQI,5,14.0
24,HLA-DRB107:01,1329.64,AGT17765,ISLIFVVAFLA,24,15.0
14,HLA-DRB107:01,1375.04,AGT17765,QILVLVLFCLI,14,16.0
29,HLA-DRB107:01,1420.63,AGT17765,VVAFLATIKLC,29,17.0
2,HLA-DRB107:01,1548.72,AGT17765,DLFFNDTAWYI,2,18.0
17,HLA-DRB107:01,1650.68,AGT17765,VLVLFCLISLI,17,19.0
36,HLA-DRB107:01,1870.82,AGT17765,IKLCMQLCGFC,36,20.0
15,HLA-DRB107:01,2151.88,AGT17765,ILVLVLFCLIS,15,21.0
13,HLA-DRB107:01,2208.63,AGT17765,GQILVLVLFCL,13,22.0
33,HLA-DRB107:01,2467.18,AGT17765,LATIKLCMQLC,33,23.0
16,HLA-DRB107:01,2693.86,AGT17765,LVLVLFCLISL,16,24.0
27,HLA-DRB107:01,2863.29,AGT17765,IFVVAFLATIK,27,25.0
11,HLA-DRB107:01,3095.94,AGT17765,YIGQILVLVLF,11,26.0
10,HLA-DRB107:01,3771.73,AGT17765,WYIGQILVLVL,10,27.0
49,HLA-DRB107:01,3869.41,AGT17765,FIISPSAYVYK,49,28.0
35,HLA-DRB107:01,3900.41,AGT17765,TIKLCMQLCGF,35,29.0
8,HLA-DRB107:01,3906.16,AGT17765,TAWYIGQILVL,8,30.0
22,HLA-DRB107:01,4072.46,AGT17765,CLISLIFVVAF,22,31.0
25,HLA-DRB107:01,4219.01,AGT17765,SLIFVVAFLAT,25,32.0
19,HLA-DRB107:01,4485.4,AGT17765,VLFCLISLIFV,19,33.0
44,HLA-DRB107:01,5113.43,AGT17765,GFCNFFIISPS,44,34.0
20,HLA-DRB107:01,5261.81,AGT17765,LFCLISLIFVV,20,35.0
9,HLA-DRB107:01,5603.38,AGT17765,AWYIGQILVLV,9,36.0
21,HLA-DRB107:01,5769.95,AGT17765,FCLISLIFVVA,21,37.0
18,HLA-DRB107:01,7033.71,AGT17765,LVLFCLISLIF,18,38.0
7,HLA-DRB107:01,9110.15,AGT17765,DTAWYIGQILV,7,39.0
50,HLA-DRB107:01,10293.86,AGT17765,IISPSAYVYKR,50,40.0
34,HLA-DRB107:01,11093.48,AGT17765,ATIKLCMQLCG,34,41.0
40,HLA-DRB107:01,11231.61,AGT17765,MQLCGFCNFFI,40,42.0
1,HLA-DRB107:01,12196.2,AGT17765,VDLFFNDTAWY,1,43.0
51,HLA-DRB107:01,12863.92,AGT17765,ISPSAYVYKRG,51,44.0
37,HLA-DRB107:01,13140.81,AGT17765,KLCMQLCGFCN,37,45.0
38,HLA-DRB107:01,13661.36,AGT17765,LCMQLCGFCNF,38,46.0
43,HLA-DRB107:01,17464.08,AGT17765,CGFCNFFIISP,43,47.0
42,HLA-DRB107:01,17661.5,AGT17765,LCGFCNFFIIS,42,48.0
39,HLA-DRB107:01,21018.32,AGT17765,CMQLCGFCNFF,39,49.0
6,HLA-DRB107:01,21138.86,AGT17765,NDTAWYIGQIL,6,50.0
0,HLA-DRB107:01,21684.65,AGT17765,MVDLFFNDTAW,0,51.0
41,HLA-DRB107:01,22085.41,AGT17765,QLCGFCNFFII,41,52.0
52,HLA-DRB107:01,24703.18,AGT17765,SPSAYVYKRGM,52,53.0
32,HLA-DRB108:01,1329.8,AGT17765,FLATIKLCMQL,32,1.0
14,HLA-DRB108:01,1525.7,AGT17765,QILVLVLFCLI,14,2.0
15,HLA-DRB108:01,1981.08,AGT17765,ILVLVLFCLIS,15,3.0
5,HLA-DRB108:01,2316.02,AGT17765,FNDTAWYIGQI,5,4.0
36,HLA-DRB108:01,2415.88,AGT17765,IKLCMQLCGFC,36,5.0
35,HLA-DRB108:01,2784.46,AGT17765,TIKLCMQLCGF,35,6.0
17,HLA-DRB108:01,3161.63,AGT17765,VLVLFCLISLI,17,7.0
16,HLA-DRB108:01,3250.97,AGT17765,LVLVLFCLISL,16,8.0
30,HLA-DRB108:01,3373.93,AGT17765,VAFLATIKLCM,30,9.0
26,HLA-DRB108:01,3716.26,AGT17765,LIFVVAFLATI,26,10.0
8,HLA-DRB108:01,3719.06,AGT17765,TAWYIGQILVL,8,11.0
31,HLA-DRB108:01,3957.58,AGT17765,AFLATIKLCMQ,31,12.0
28,HLA-DRB108:01,4019.39,AGT17765,FVVAFLATIKL,28,13.0
3,HLA-DRB108:01,4760.42,AGT17765,LFFNDTAWYIG,3,14.0
13,HLA-DRB108:01,4911.5,AGT17765,GQILVLVLFCL,13,15.0
9,HLA-DRB108:01,4964.84,AGT17765,AWYIGQILVLV,9,16.0
18,HLA-DRB108:01,5084.31,AGT17765,LVLFCLISLIF,18,17.0
10,HLA-DRB108:01,5134.48,AGT17765,WYIGQILVLVL,10,18.0
40,HLA-DRB108:01,5382.41,AGT17765,MQLCGFCNFFI,40,19.0
33,HLA-DRB108:01,5409.21,AGT17765,LATIKLCMQLC,33,20.0
11,HLA-DRB108:01,5441.28,AGT17765,YIGQILVLVLF,11,21.0
23,HLA-DRB108:01,5483.97,AGT17765,LISLIFVVAFL,23,22.0
4,HLA-DRB108:01,5605.14,AGT17765,FFNDTAWYIGQ,4,23.0
41,HLA-DRB108:01,5859.67,AGT17765,QLCGFCNFFII,41,24.0
29,HLA-DRB108:01,5894.7,AGT17765,VVAFLATIKLC,29,25.0
51,HLA-DRB108:01,6101.25,AGT17765,ISPSAYVYKRG,51,26.0
46,HLA-DRB108:01,6397.74,AGT17765,CNFFIISPSAY,46,27.0
7,HLA-DRB108:01,6425.67,AGT17765,DTAWYIGQILV,7,28.0
19,HLA-DRB108:01,6480.44,AGT17765,VLFCLISLIFV,19,29.0
45,HLA-DRB108:01,6518.13,AGT17765,FCNFFIISPSA,45,30.0
50,HLA-DRB108:01,6559.75,AGT17765,IISPSAYVYKR,50,31.0
22,HLA-DRB108:01,6740.84,AGT17765,CLISLIFVVAF,22,32.0
34,HLA-DRB108:01,6785.56,AGT17765,ATIKLCMQLCG,34,33.0
12,HLA-DRB108:01,7332.36,AGT17765,IGQILVLVLFC,12,34.0
38,HLA-DRB108:01,7889.15,AGT17765,LCMQLCGFCNF,38,35.0
2,HLA-DRB108:01,8194.03,AGT17765,DLFFNDTAWYI,2,36.0
20,HLA-DRB108:01,9055.31,AGT17765,LFCLISLIFVV,20,37.0
39,HLA-DRB108:01,9173.97,AGT17765,CMQLCGFCNFF,39,38.0
52,HLA-DRB108:01,9293.14,AGT17765,SPSAYVYKRGM,52,39.0
42,HLA-DRB108:01,9818.8,AGT17765,LCGFCNFFIIS,42,40.0
27,HLA-DRB108:01,9946.42,AGT17765,IFVVAFLATIK,27,41.0
49,HLA-DRB108:01,10437.96,AGT17765,FIISPSAYVYK,49,42.0
43,HLA-DRB108:01,10637.68,AGT17765,CGFCNFFIISP,43,43.0
37,HLA-DRB108:01,10654.18,AGT17765,KLCMQLCGFCN,37,44.0
25,HLA-DRB108:01,11444.7,AGT17765,SLIFVVAFLAT,25,45.0
48,HLA-DRB108:01,11528.27,AGT17765,FFIISPSAYVY,48,46.0
6,HLA-DRB108:01,11643.62,AGT17765,NDTAWYIGQIL,6,47.0
47,HLA-DRB108:01,12064.18,AGT17765,NFFIISPSAYV,47,48.0
24,HLA-DRB108:01,12102.72,AGT17765,ISLIFVVAFLA,24,49.0
21,HLA-DRB108:01,12174.57,AGT17765,FCLISLIFVVA,21,50.0
1,HLA-DRB108:01,13608.53,AGT17765,VDLFFNDTAWY,1,51.0
0,HLA-DRB108:01,16408.86,AGT17765,MVDLFFNDTAW,0,52.0
44,HLA-DRB108:01,16451.58,AGT17765,GFCNFFIISPS,44,53.0
32,HLA-DRB111:01,238.48,AGT17765,FLATIKLCMQL,32,1.0
30,HLA-DRB111:01,385.58,AGT17765,VAFLATIKLCM,30,2.0
31,HLA-DRB111:01,472.1,AGT17765,AFLATIKLCMQ,31,3.0
26,HLA-DRB111:01,1183.49,AGT17765,LIFVVAFLATI,26,4.0
16,HLA-DRB111:01,1335.39,AGT17765,LVLVLFCLISL,16,5.0
5,HLA-DRB111:01,1654.72,AGT17765,FNDTAWYIGQI,5,6.0
17,HLA-DRB111:01,2052.97,AGT17765,VLVLFCLISLI,17,7.0
25,HLA-DRB111:01,2147.08,AGT17765,SLIFVVAFLAT,25,8.0
15,HLA-DRB111:01,2194.66,AGT17765,ILVLVLFCLIS,15,9.0
35,HLA-DRB111:01,2589.39,AGT17765,TIKLCMQLCGF,35,10.0
46,HLA-DRB111:01,2632.0,AGT17765,CNFFIISPSAY,46,11.0
36,HLA-DRB111:01,2673.24,AGT17765,IKLCMQLCGFC,36,12.0
34,HLA-DRB111:01,3525.43,AGT17765,ATIKLCMQLCG,34,13.0
4,HLA-DRB111:01,4559.44,AGT17765,FFNDTAWYIGQ,4,14.0
9,HLA-DRB111:01,4919.01,AGT17765,AWYIGQILVLV,9,15.0
8,HLA-DRB111:01,5035.24,AGT17765,TAWYIGQILVL,8,16.0
51,HLA-DRB111:01,5565.28,AGT17765,ISPSAYVYKRG,51,17.0
10,HLA-DRB111:01,6531.81,AGT17765,WYIGQILVLVL,10,18.0
14,HLA-DRB111:01,6564.55,AGT17765,QILVLVLFCLI,14,19.0
33,HLA-DRB111:01,6714.05,AGT17765,LATIKLCMQLC,33,20.0
28,HLA-DRB111:01,6722.64,AGT17765,FVVAFLATIKL,28,21.0
19,HLA-DRB111:01,7197.91,AGT17765,VLFCLISLIFV,19,22.0
13,HLA-DRB111:01,7429.94,AGT17765,GQILVLVLFCL,13,23.0
7,HLA-DRB111:01,7896.44,AGT17765,DTAWYIGQILV,7,24.0
18,HLA-DRB111:01,8007.98,AGT17765,LVLFCLISLIF,18,25.0
20,HLA-DRB111:01,8057.47,AGT17765,LFCLISLIFVV,20,26.0
45,HLA-DRB111:01,9949.09,AGT17765,FCNFFIISPSA,45,27.0
22,HLA-DRB111:01,10506.12,AGT17765,CLISLIFVVAF,22,28.0
11,HLA-DRB111:01,11813.59,AGT17765,YIGQILVLVLF,11,29.0
3,HLA-DRB111:01,12465.14,AGT17765,LFFNDTAWYIG,3,30.0
42,HLA-DRB111:01,12955.99,AGT17765,LCGFCNFFIIS,42,31.0
47,HLA-DRB111:01,13005.9,AGT17765,NFFIISPSAYV,47,32.0
50,HLA-DRB111:01,13727.46,AGT17765,IISPSAYVYKR,50,33.0
24,HLA-DRB111:01,13863.01,AGT17765,ISLIFVVAFLA,24,34.0
12,HLA-DRB111:01,15433.47,AGT17765,IGQILVLVLFC,12,35.0
43,HLA-DRB111:01,15704.6,AGT17765,CGFCNFFIISP,43,36.0
29,HLA-DRB111:01,16258.7,AGT17765,VVAFLATIKLC,29,37.0
21,HLA-DRB111:01,16368.3,AGT17765,FCLISLIFVVA,21,38.0
23,HLA-DRB111:01,16395.72,AGT17765,LISLIFVVAFL,23,39.0
49,HLA-DRB111:01,17954.03,AGT17765,FIISPSAYVYK,49,40.0
48,HLA-DRB111:01,18698.73,AGT17765,FFIISPSAYVY,48,41.0
6,HLA-DRB111:01,21651.27,AGT17765,NDTAWYIGQIL,6,42.0
27,HLA-DRB111:01,22617.49,AGT17765,IFVVAFLATIK,27,43.0
41,HLA-DRB111:01,23519.83,AGT17765,QLCGFCNFFII,41,44.0
44,HLA-DRB111:01,25022.75,AGT17765,GFCNFFIISPS,44,45.0
2,HLA-DRB111:01,25105.51,AGT17765,DLFFNDTAWYI,2,46.0
40,HLA-DRB111:01,25170.91,AGT17765,MQLCGFCNFFI,40,47.0
37,HLA-DRB111:01,25833.36,AGT17765,KLCMQLCGFCN,37,48.0
39,HLA-DRB111:01,26438.13,AGT17765,CMQLCGFCNFF,39,49.0
38,HLA-DRB111:01,26765.48,AGT17765,LCMQLCGFCNF,38,50.0
0,HLA-DRB111:01,27396.33,AGT17765,MVDLFFNDTAW,0,51.0
1,HLA-DRB111:01,27572.18,AGT17765,VDLFFNDTAWY,1,52.0
52,HLA-DRB111:01,31142.12,AGT17765,SPSAYVYKRGM,52,53.0
32,HLA-DRB112:01,269.99,AGT17765,FLATIKLCMQL,32,1.0
35,HLA-DRB112:01,469.05,AGT17765,TIKLCMQLCGF,35,2.0
26,HLA-DRB112:01,635.99,AGT17765,LIFVVAFLATI,26,3.0
30,HLA-DRB112:01,922.2,AGT17765,VAFLATIKLCM,30,4.0
11,HLA-DRB112:01,1010.79,AGT17765,YIGQILVLVLF,11,5.0
48,HLA-DRB112:01,1204.28,AGT17765,FFIISPSAYVY,48,6.0
36,HLA-DRB112:01,1542.91,AGT17765,IKLCMQLCGFC,36,7.0
49,HLA-DRB112:01,1815.57,AGT17765,FIISPSAYVYK,49,8.0
25,HLA-DRB112:01,1876.07,AGT17765,SLIFVVAFLAT,25,9.0
38,HLA-DRB112:01,2027.03,AGT17765,LCMQLCGFCNF,38,10.0
5,HLA-DRB112:01,2038.93,AGT17765,FNDTAWYIGQI,5,11.0
39,HLA-DRB112:01,2217.12,AGT17765,CMQLCGFCNFF,39,12.0
22,HLA-DRB112:01,2240.05,AGT17765,CLISLIFVVAF,22,13.0
50,HLA-DRB112:01,2266.54,AGT17765,IISPSAYVYKR,50,14.0
9,HLA-DRB112:01,2279.79,AGT17765,AWYIGQILVLV,9,15.0
17,HLA-DRB112:01,2330.99,AGT17765,VLVLFCLISLI,17,16.0
18,HLA-DRB112:01,2445.32,AGT17765,LVLFCLISLIF,18,17.0
33,HLA-DRB112:01,2687.02,AGT17765,LATIKLCMQLC,33,18.0
15,HLA-DRB112:01,2767.51,AGT17765,ILVLVLFCLIS,15,19.0
46,HLA-DRB112:01,3091.11,AGT17765,CNFFIISPSAY,46,20.0
10,HLA-DRB112:01,3103.79,AGT17765,WYIGQILVLVL,10,21.0
34,HLA-DRB112:01,3117.43,AGT17765,ATIKLCMQLCG,34,22.0
51,HLA-DRB112:01,3155.95,AGT17765,ISPSAYVYKRG,51,23.0
40,HLA-DRB112:01,3235.66,AGT17765,MQLCGFCNFFI,40,24.0
42,HLA-DRB112:01,3252.04,AGT17765,LCGFCNFFIIS,42,25.0
14,HLA-DRB112:01,3424.67,AGT17765,QILVLVLFCLI,14,26.0
3,HLA-DRB112:01,3491.89,AGT17765,LFFNDTAWYIG,3,27.0
24,HLA-DRB112:01,3564.3,AGT17765,ISLIFVVAFLA,24,28.0
13,HLA-DRB112:01,3633.81,AGT17765,GQILVLVLFCL,13,29.0
43,HLA-DRB112:01,4209.37,AGT17765,CGFCNFFIISP,43,30.0
23,HLA-DRB112:01,4255.47,AGT17765,LISLIFVVAFL,23,31.0
28,HLA-DRB112:01,4479.87,AGT17765,FVVAFLATIKL,28,32.0
19,HLA-DRB112:01,4732.5,AGT17765,VLFCLISLIFV,19,33.0
37,HLA-DRB112:01,4807.31,AGT17765,KLCMQLCGFCN,37,34.0
20,HLA-DRB112:01,5311.73,AGT17765,LFCLISLIFVV,20,35.0
31,HLA-DRB112:01,5562.36,AGT17765,AFLATIKLCMQ,31,36.0
8,HLA-DRB112:01,5815.48,AGT17765,TAWYIGQILVL,8,37.0
41,HLA-DRB112:01,5837.77,AGT17765,QLCGFCNFFII,41,38.0
21,HLA-DRB112:01,5953.08,AGT17765,FCLISLIFVVA,21,39.0
27,HLA-DRB112:01,6156.29,AGT17765,IFVVAFLATIK,27,40.0
12,HLA-DRB112:01,6551.65,AGT17765,IGQILVLVLFC,12,41.0
47,HLA-DRB112:01,6849.98,AGT17765,NFFIISPSAYV,47,42.0
16,HLA-DRB112:01,7038.75,AGT17765,LVLVLFCLISL,16,43.0
4,HLA-DRB112:01,7099.55,AGT17765,FFNDTAWYIGQ,4,44.0
29,HLA-DRB112:01,7491.17,AGT17765,VVAFLATIKLC,29,45.0
7,HLA-DRB112:01,7801.35,AGT17765,DTAWYIGQILV,7,46.0
52,HLA-DRB112:01,8984.33,AGT17765,SPSAYVYKRGM,52,47.0
2,HLA-DRB112:01,10313.19,AGT17765,DLFFNDTAWYI,2,48.0
1,HLA-DRB112:01,14210.93,AGT17765,VDLFFNDTAWY,1,49.0
45,HLA-DRB112:01,14710.65,AGT17765,FCNFFIISPSA,45,50.0
6,HLA-DRB112:01,18948.03,AGT17765,NDTAWYIGQIL,6,51.0
44,HLA-DRB112:01,20804.46,AGT17765,GFCNFFIISPS,44,52.0
0,HLA-DRB112:01,27074.54,AGT17765,MVDLFFNDTAW,0,53.0
51,HLA-DRB112:02,253.01,AGT17765,ISPSAYVYKRG,51,1.0
50,HLA-DRB112:02,269.9,AGT17765,IISPSAYVYKR,50,2.0
34,HLA-DRB112:02,973.89,AGT17765,ATIKLCMQLCG,34,3.0
35,HLA-DRB112:02,993.03,AGT17765,TIKLCMQLCGF,35,4.0
36,HLA-DRB112:02,1067.32,AGT17765,IKLCMQLCGFC,36,5.0
49,HLA-DRB112:02,1181.69,AGT17765,FIISPSAYVYK,49,6.0
0,HLA-DRB112:02,1536.72,AGT17765,MVDLFFNDTAW,0,7.0
37,HLA-DRB112:02,1654.72,AGT17765,KLCMQLCGFCN,37,8.0
3,HLA-DRB112:02,1787.02,AGT17765,LFFNDTAWYIG,3,9.0
32,HLA-DRB112:02,2107.07,AGT17765,FLATIKLCMQL,32,10.0
38,HLA-DRB112:02,2453.61,AGT17765,LCMQLCGFCNF,38,11.0
40,HLA-DRB112:02,3208.81,AGT17765,MQLCGFCNFFI,40,12.0
1,HLA-DRB112:02,3467.17,AGT17765,VDLFFNDTAWY,1,13.0
39,HLA-DRB112:02,3713.19,AGT17765,CMQLCGFCNFF,39,14.0
15,HLA-DRB112:02,4080.99,AGT17765,ILVLVLFCLIS,15,15.0
45,HLA-DRB112:02,4412.15,AGT17765,FCNFFIISPSA,45,16.0
5,HLA-DRB112:02,4502.91,AGT17765,FNDTAWYIGQI,5,17.0
52,HLA-DRB112:02,5029.13,AGT17765,SPSAYVYKRGM,52,18.0
27,HLA-DRB112:02,5499.77,AGT17765,IFVVAFLATIK,27,19.0
33,HLA-DRB112:02,5542.33,AGT17765,LATIKLCMQLC,33,20.0
28,HLA-DRB112:02,5800.22,AGT17765,FVVAFLATIKL,28,21.0
23,HLA-DRB112:02,6301.13,AGT17765,LISLIFVVAFL,23,22.0
2,HLA-DRB112:02,6470.12,AGT17765,DLFFNDTAWYI,2,23.0
41,HLA-DRB112:02,6812.07,AGT17765,QLCGFCNFFII,41,24.0
6,HLA-DRB112:02,6907.19,AGT17765,NDTAWYIGQIL,6,25.0
42,HLA-DRB112:02,7104.47,AGT17765,LCGFCNFFIIS,42,26.0
26,HLA-DRB112:02,7134.24,AGT17765,LIFVVAFLATI,26,27.0
16,HLA-DRB112:02,7236.42,AGT17765,LVLVLFCLISL,16,28.0
19,HLA-DRB112:02,7350.82,AGT17765,VLFCLISLIFV,19,29.0
14,HLA-DRB112:02,7572.62,AGT17765,QILVLVLFCLI,14,30.0
46,HLA-DRB112:02,7715.29,AGT17765,CNFFIISPSAY,46,31.0
13,HLA-DRB112:02,7857.98,AGT17765,GQILVLVLFCL,13,32.0
22,HLA-DRB112:02,8175.24,AGT17765,CLISLIFVVAF,22,33.0
17,HLA-DRB112:02,8307.94,AGT17765,VLVLFCLISLI,17,34.0
31,HLA-DRB112:02,8346.81,AGT17765,AFLATIKLCMQ,31,35.0
18,HLA-DRB112:02,8443.23,AGT17765,LVLFCLISLIF,18,36.0
24,HLA-DRB112:02,8747.64,AGT17765,ISLIFVVAFLA,24,37.0
30,HLA-DRB112:02,10215.85,AGT17765,VAFLATIKLCM,30,38.0
12,HLA-DRB112:02,10259.71,AGT17765,IGQILVLVLFC,12,39.0
4,HLA-DRB112:02,10354.97,AGT17765,FFNDTAWYIGQ,4,40.0
7,HLA-DRB112:02,10634.31,AGT17765,DTAWYIGQILV,7,41.0
8,HLA-DRB112:02,11141.25,AGT17765,TAWYIGQILVL,8,42.0
47,HLA-DRB112:02,11518.73,AGT17765,NFFIISPSAYV,47,43.0
48,HLA-DRB112:02,11522.88,AGT17765,FFIISPSAYVY,48,44.0
29,HLA-DRB112:02,11672.73,AGT17765,VVAFLATIKLC,29,45.0
25,HLA-DRB112:02,12362.34,AGT17765,SLIFVVAFLAT,25,46.0
44,HLA-DRB112:02,12721.92,AGT17765,GFCNFFIISPS,44,47.0
43,HLA-DRB112:02,13859.2,AGT17765,CGFCNFFIISP,43,48.0
11,HLA-DRB112:02,15693.52,AGT17765,YIGQILVLVLF,11,49.0
10,HLA-DRB112:02,19385.1,AGT17765,WYIGQILVLVL,10,50.0
20,HLA-DRB112:02,20449.11,AGT17765,LFCLISLIFVV,20,51.0
21,HLA-DRB112:02,21659.53,AGT17765,FCLISLIFVVA,21,52.0
9,HLA-DRB112:02,22084.53,AGT17765,AWYIGQILVLV,9,53.0
32,HLA-DRB113:01,259.0,AGT17765,FLATIKLCMQL,32,1.0
35,HLA-DRB113:01,285.8,AGT17765,TIKLCMQLCGF,35,2.0
30,HLA-DRB113:01,410.57,AGT17765,VAFLATIKLCM,30,3.0
36,HLA-DRB113:01,459.34,AGT17765,IKLCMQLCGFC,36,4.0
5,HLA-DRB113:01,784.66,AGT17765,FNDTAWYIGQI,5,5.0
4,HLA-DRB113:01,1250.49,AGT17765,FFNDTAWYIGQ,4,6.0
14,HLA-DRB113:01,1264.55,AGT17765,QILVLVLFCLI,14,7.0
28,HLA-DRB113:01,1307.51,AGT17765,FVVAFLATIKL,28,8.0
2,HLA-DRB113:01,1376.38,AGT17765,DLFFNDTAWYI,2,9.0
31,HLA-DRB113:01,1411.0,AGT17765,AFLATIKLCMQ,31,10.0
3,HLA-DRB113:01,1859.93,AGT17765,LFFNDTAWYIG,3,11.0
11,HLA-DRB113:01,2140.61,AGT17765,YIGQILVLVLF,11,12.0
19,HLA-DRB113:01,2260.6,AGT17765,VLFCLISLIFV,19,13.0
52,HLA-DRB113:01,2284.96,AGT17765,SPSAYVYKRGM,52,14.0
22,HLA-DRB113:01,2744.85,AGT17765,CLISLIFVVAF,22,15.0
18,HLA-DRB113:01,2845.15,AGT17765,LVLFCLISLIF,18,16.0
20,HLA-DRB113:01,3026.44,AGT17765,LFCLISLIFVV,20,17.0
51,HLA-DRB113:01,3446.64,AGT17765,ISPSAYVYKRG,51,18.0
13,HLA-DRB113:01,3502.12,AGT17765,GQILVLVLFCL,13,19.0
10,HLA-DRB113:01,4237.22,AGT17765,WYIGQILVLVL,10,20.0
26,HLA-DRB113:01,4754.14,AGT17765,LIFVVAFLATI,26,21.0
38,HLA-DRB113:01,5230.33,AGT17765,LCMQLCGFCNF,38,22.0
9,HLA-DRB113:01,5362.44,AGT17765,AWYIGQILVLV,9,23.0
50,HLA-DRB113:01,5654.59,AGT17765,IISPSAYVYKR,50,24.0
41,HLA-DRB113:01,5660.71,AGT17765,QLCGFCNFFII,41,25.0
40,HLA-DRB113:01,5911.98,AGT17765,MQLCGFCNFFI,40,26.0
17,HLA-DRB113:01,7009.84,AGT17765,VLVLFCLISLI,17,27.0
12,HLA-DRB113:01,7102.25,AGT17765,IGQILVLVLFC,12,28.0
33,HLA-DRB113:01,7170.49,AGT17765,LATIKLCMQLC,33,29.0
21,HLA-DRB113:01,9011.02,AGT17765,FCLISLIFVVA,21,30.0
29,HLA-DRB113:01,9124.68,AGT17765,VVAFLATIKLC,29,31.0
34,HLA-DRB113:01,9189.15,AGT17765,ATIKLCMQLCG,34,32.0
8,HLA-DRB113:01,9751.77,AGT17765,TAWYIGQILVL,8,33.0
23,HLA-DRB113:01,10805.41,AGT17765,LISLIFVVAFL,23,34.0
37,HLA-DRB113:01,10995.7,AGT17765,KLCMQLCGFCN,37,35.0
39,HLA-DRB113:01,11451.52,AGT17765,CMQLCGFCNFF,39,36.0
15,HLA-DRB113:01,15773.65,AGT17765,ILVLVLFCLIS,15,37.0
16,HLA-DRB113:01,16623.45,AGT17765,LVLVLFCLISL,16,38.0
1,HLA-DRB113:01,18564.64,AGT17765,VDLFFNDTAWY,1,39.0
46,HLA-DRB113:01,21206.35,AGT17765,CNFFIISPSAY,46,40.0
42,HLA-DRB113:01,25027.7,AGT17765,LCGFCNFFIIS,42,41.0
27,HLA-DRB113:01,26257.63,AGT17765,IFVVAFLATIK,27,42.0
7,HLA-DRB113:01,26295.75,AGT17765,DTAWYIGQILV,7,43.0
48,HLA-DRB113:01,27786.4,AGT17765,FFIISPSAYVY,48,44.0
49,HLA-DRB113:01,27808.57,AGT17765,FIISPSAYVYK,49,45.0
25,HLA-DRB113:01,27992.72,AGT17765,SLIFVVAFLAT,25,46.0
0,HLA-DRB113:01,30402.0,AGT17765,MVDLFFNDTAW,0,47.0
6,HLA-DRB113:01,31913.0,AGT17765,NDTAWYIGQIL,6,48.0
43,HLA-DRB113:01,34433.83,AGT17765,CGFCNFFIISP,43,49.0
45,HLA-DRB113:01,36024.7,AGT17765,FCNFFIISPSA,45,50.0
47,HLA-DRB113:01,36805.62,AGT17765,NFFIISPSAYV,47,51.0
24,HLA-DRB113:01,37309.86,AGT17765,ISLIFVVAFLA,24,52.0
44,HLA-DRB113:01,41793.01,AGT17765,GFCNFFIISPS,44,53.0
