,allele,ic50,name,peptide,pos,rank
67,HLA-A01:01,633.02,ABE73425,RVDLPPKVHFY,67,1.0
296,HLA-A01:01,921.54,ABE73425,VGDNVQITYTY,296,2.0
180,HLA-A01:01,5360.91,ABE73425,SSDLVAAVTLA,180,3.0
259,HLA-A01:01,5372.64,ABE73425,DSDLVQNGVDA,259,4.0
285,HLA-A01:01,5407.12,ABE73425,LFFDSEVSTDE,285,5.0
158,HLA-A01:01,5409.69,ABE73425,SRDSSRSTSRQ,158,6.0
170,HLA-A01:01,5410.84,ABE73425,SRTRSDSNQSS,170,7.0
145,HLA-A01:01,5411.63,ABE73425,SSRASSRSSTR,145,8.0
166,HLA-A01:01,5413.01,ABE73425,SRQQSRTRSDS,166,9.0
159,HLA-A01:01,5413.36,ABE73425,RDSSRSTSRQQ,159,10.0
163,HLA-A01:01,5413.9,ABE73425,RSTSRQQSRTR,163,11.0
327,HLA-A01:01,5415.34,ABE73425,FTKPSSIKEMQ,327,12.0
162,HLA-A01:01,5415.84,ABE73425,SRSTSRQQSRT,162,13.0
157,HLA-A01:01,5416.31,ABE73425,NSRDSSRSTSR,157,14.0
19,HLA-A01:01,5417.11,ABE73425,FYMPLLVSSDK,19,15.0
329,HLA-A01:01,5417.4,ABE73425,KPSSIKEMQSQ,329,16.0
156,HLA-A01:01,5418.57,ABE73425,NNSRDSSRSTS,156,17.0
142,HLA-A01:01,5418.72,ABE73425,SNNSSRASSRS,142,18.0
168,HLA-A01:01,5419.55,ABE73425,QQSRTRSDSNQ,168,19.0
96,HLA-A01:01,5419.8,ABE73425,VVWVAKEGAKT,96,20.0
192,HLA-A01:01,5420.88,ABE73425,KNLGFDNQSKS,192,21.0
331,HLA-A01:01,5421.24,ABE73425,SSIKEMQSQSS,331,22.0
40,HLA-A01:01,5421.35,ABE73425,VPIGKGNKDEQ,40,23.0
69,HLA-A01:01,5421.57,ABE73425,DLPPKVHFYYL,69,24.0
143,HLA-A01:01,5421.62,ABE73425,NNSSRASSRSS,143,25.0
100,HLA-A01:01,5422.9,ABE73425,AKEGAKTVNTS,100,26.0
191,HLA-A01:01,5422.91,ABE73425,LKNLGFDNQSK,191,27.0
161,HLA-A01:01,5423.19,ABE73425,SSRSTSRQQSR,161,28.0
169,HLA-A01:01,5423.51,ABE73425,QSRTRSDSNQS,169,29.0
123,HLA-A01:01,5423.55,ABE73425,PKFSIALPPEL,123,30.0
328,HLA-A01:01,5423.57,ABE73425,TKPSSIKEMQS,328,31.0
39,HLA-A01:01,5423.82,ABE73425,LVPIGKGNKDE,39,32.0
250,HLA-A01:01,5424.03,ABE73425,PRDFNHNMGDS,250,33.0
190,HLA-A01:01,5424.06,ABE73425,ALKNLGFDNQS,190,34.0
81,HLA-A01:01,5424.41,ABE73425,TGPHKDLKFRQ,81,35.0
146,HLA-A01:01,5424.42,ABE73425,SRASSRSSTRN,146,36.0
83,HLA-A01:01,5424.57,ABE73425,PHKDLKFRQRS,83,37.0
291,HLA-A01:01,5424.79,ABE73425,VSTDEVGDNVQ,291,38.0
196,HLA-A01:01,5424.9,ABE73425,FDNQSKSPSSS,196,39.0
140,HLA-A01:01,5425.15,ABE73425,DRSNNSSRASS,140,40.0
210,HLA-A01:01,5425.28,ABE73425,TPKKPNKPLSQ,210,41.0
198,HLA-A01:01,5425.32,ABE73425,NQSKSPSSSGT,198,42.0
189,HLA-A01:01,5425.37,ABE73425,LALKNLGFDNQ,189,43.0
164,HLA-A01:01,5426.08,ABE73425,STSRQQSRTRS,164,44.0
330,HLA-A01:01,5426.24,ABE73425,PSSIKEMQSQS,330,45.0
155,HLA-A01:01,5426.42,ABE73425,RNNSRDSSRST,155,46.0
106,HLA-A01:01,5426.44,ABE73425,TVNTSLGNRKR,106,47.0
171,HLA-A01:01,5426.49,ABE73425,RTRSDSNQSSS,171,48.0
179,HLA-A01:01,5427.3,ABE73425,SSSDLVAAVTL,179,49.0
152,HLA-A01:01,5427.32,ABE73425,SSTRNNSRDSS,152,50.0
272,HLA-A01:01,5427.42,ABE73425,FPQLAELIPNQ,272,51.0
139,HLA-A01:01,5427.66,ABE73425,EDRSNNSSRAS,139,52.0
141,HLA-A01:01,5427.72,ABE73425,RSNNSSRASSR,141,53.0
295,HLA-A01:01,5427.98,ABE73425,EVGDNVQITYT,295,54.0
160,HLA-A01:01,5428.07,ABE73425,DSSRSTSRQQS,160,55.0
138,HLA-A01:01,5428.11,ABE73425,FEDRSNNSSRA,138,56.0
3,HLA-A01:01,5428.13,ABE73425,NWADDRAARKK,3,57.0
116,HLA-A01:01,5428.18,ABE73425,RNQKPLEPKFS,116,58.0
194,HLA-A01:01,5428.69,ABE73425,LGFDNQSKSPS,194,59.0
136,HLA-A01:01,5428.76,ABE73425,VEFEDRSNNSS,136,60.0
154,HLA-A01:01,5428.78,ABE73425,TRNNSRDSSRS,154,61.0
200,HLA-A01:01,5428.87,ABE73425,SKSPSSSGTFT,200,62.0
315,HLA-A01:01,5428.9,ABE73425,KNLPKFIEQIS,315,63.0
144,HLA-A01:01,5428.95,ABE73425,NSSRASSRSST,144,64.0
149,HLA-A01:01,5429.19,ABE73425,SSRSSTRNNSR,149,65.0
325,HLA-A01:01,5429.28,ABE73425,SAFTKPSSIKE,325,66.0
254,HLA-A01:01,5429.7,ABE73425,NHNMGDSDLVQ,254,67.0
101,HLA-A01:01,5429.73,ABE73425,KEGAKTVNTSL,101,68.0
305,HLA-A01:01,5430.05,ABE73425,TYKMLVAKDNK,305,69.0
18,HLA-A01:01,5430.1,ABE73425,SFYMPLLVSSD,18,70.0
99,HLA-A01:01,5430.52,ABE73425,VAKEGAKTVNT,99,71.0
14,HLA-A01:01,5430.62,ABE73425,FPPPSFYMPLL,14,72.0
135,HLA-A01:01,5430.7,ABE73425,VVEFEDRSNNS,135,73.0
150,HLA-A01:01,5430.81,ABE73425,SRSSTRNNSRD,150,74.0
221,HLA-A01:01,5430.86,ABE73425,PRADKPSQLKK,221,75.0
215,HLA-A01:01,5431.09,ABE73425,NKPLSQPRADK,215,76.0
53,HLA-A01:01,5431.14,ABE73425,YWNVQERWRMR,53,77.0
284,HLA-A01:01,5431.25,ABE73425,ALFFDSEVSTD,284,78.0
178,HLA-A01:01,5431.34,ABE73425,QSSSDLVAAVT,178,79.0
313,HLA-A01:01,5431.5,ABE73425,DNKNLPKFIEQ,313,80.0
323,HLA-A01:01,5431.89,ABE73425,QISAFTKPSSI,323,81.0
151,HLA-A01:01,5432.04,ABE73425,RSSTRNNSRDS,151,82.0
231,HLA-A01:01,5432.15,ABE73425,KPRWKRVPTRE,231,83.0
306,HLA-A01:01,5432.89,ABE73425,YKMLVAKDNKN,306,84.0
235,HLA-A01:01,5432.93,ABE73425,KRVPTREENVI,235,85.0
41,HLA-A01:01,5433.02,ABE73425,PIGKGNKDEQI,41,86.0
236,HLA-A01:01,5433.06,ABE73425,RVPTREENVIQ,236,87.0
147,HLA-A01:01,5433.28,ABE73425,RASSRSSTRNN,147,88.0
108,HLA-A01:01,5433.39,ABE73425,NTSLGNRKRNQ,108,89.0
303,HLA-A01:01,5433.41,ABE73425,TYTYKMLVAKD,303,90.0
137,HLA-A01:01,5433.57,ABE73425,EFEDRSNNSSR,137,91.0
213,HLA-A01:01,5433.63,ABE73425,KPNKPLSQPRA,213,92.0
77,HLA-A01:01,5433.82,ABE73425,YYLGTGPHKDL,77,93.0
97,HLA-A01:01,5433.83,ABE73425,VWVAKEGAKTV,97,94.0
206,HLA-A01:01,5433.89,ABE73425,SGTFTPKKPNK,206,95.0
195,HLA-A01:01,5434.14,ABE73425,GFDNQSKSPSS,195,96.0
321,HLA-A01:01,5434.21,ABE73425,IEQISAFTKPS,321,97.0
2,HLA-A01:01,5434.33,ABE73425,VNWADDRAARK,2,98.0
230,HLA-A01:01,5434.35,ABE73425,KKPRWKRVPTR,230,99.0
224,HLA-A01:01,5434.38,ABE73425,DKPSQLKKPRW,224,100.0
208,HLA-A01:01,5434.51,ABE73425,TFTPKKPNKPL,208,101.0
153,HLA-A01:01,5434.71,ABE73425,STRNNSRDSSR,153,102.0
287,HLA-A01:01,5434.86,ABE73425,FDSEVSTDEVG,287,103.0
283,HLA-A01:01,5434.87,ABE73425,AALFFDSEVST,283,104.0
203,HLA-A01:01,5435.02,ABE73425,PSSSGTFTPKK,203,105.0
56,HLA-A01:01,5435.05,ABE73425,VQERWRMRRGQ,56,106.0
37,HLA-A01:01,5435.2,ABE73425,RNLVPIGKGNK,37,107.0
219,HLA-A01:01,5435.21,ABE73425,SQPRADKPSQL,219,108.0
124,HLA-A01:01,5435.37,ABE73425,KFSIALPPELS,124,109.0
319,HLA-A01:01,5435.37,ABE73425,KFIEQISAFTK,319,109.0
217,HLA-A01:01,5435.4,ABE73425,PLSQPRADKPS,217,111.0
290,HLA-A01:01,5435.55,ABE73425,EVSTDEVGDNV,290,112.0
318,HLA-A01:01,5435.69,ABE73425,PKFIEQISAFT,318,113.0
23,HLA-A01:01,5436.05,ABE73425,LLVSSDKAPYR,23,114.0
32,HLA-A01:01,5436.14,ABE73425,YRVIPRNLVPI,32,115.0
314,HLA-A01:01,5436.35,ABE73425,NKNLPKFIEQI,314,116.0
322,HLA-A01:01,5436.43,ABE73425,EQISAFTKPSS,322,117.0
16,HLA-A01:01,5436.5,ABE73425,PPSFYMPLLVS,16,118.0
269,HLA-A01:01,5436.5,ABE73425,AKGFPQLAELI,269,118.0
232,HLA-A01:01,5436.61,ABE73425,PRWKRVPTREE,232,120.0
229,HLA-A01:01,5436.66,ABE73425,LKKPRWKRVPT,229,121.0
199,HLA-A01:01,5437.14,ABE73425,QSKSPSSSGTF,199,122.0
75,HLA-A01:01,5437.23,ABE73425,HFYYLGTGPHK,75,123.0
279,HLA-A01:01,5437.51,ABE73425,IPNQAALFFDS,279,124.0
65,HLA-A01:01,5437.54,ABE73425,GQRVDLPPKVH,65,125.0
109,HLA-A01:01,5437.67,ABE73425,TSLGNRKRNQK,109,126.0
282,HLA-A01:01,5437.74,ABE73425,QAALFFDSEVS,282,127.0
252,HLA-A01:01,5437.79,ABE73425,DFNHNMGDSDL,252,128.0
256,HLA-A01:01,5437.82,ABE73425,NMGDSDLVQNG,256,129.0
71,HLA-A01:01,5437.86,ABE73425,PPKVHFYYLGT,71,130.0
172,HLA-A01:01,5437.91,ABE73425,TRSDSNQSSSD,172,131.0
264,HLA-A01:01,5438.06,ABE73425,QNGVDAKGFPQ,264,132.0
302,HLA-A01:01,5438.22,ABE73425,ITYTYKMLVAK,302,133.0
34,HLA-A01:01,5438.33,ABE73425,VIPRNLVPIGK,34,134.0
85,HLA-A01:01,5438.34,ABE73425,KDLKFRQRSDG,85,135.0
267,HLA-A01:01,5438.34,ABE73425,VDAKGFPQLAE,267,135.0
72,HLA-A01:01,5438.5,ABE73425,PKVHFYYLGTG,72,137.0
38,HLA-A01:01,5438.66,ABE73425,NLVPIGKGNKD,38,138.0
76,HLA-A01:01,5438.77,ABE73425,FYYLGTGPHKD,76,139.0
181,HLA-A01:01,5438.85,ABE73425,SDLVAAVTLAL,181,140.0
332,HLA-A01:01,5438.98,ABE73425,SIKEMQSQSSH,332,141.0
47,HLA-A01:01,5438.99,ABE73425,KDEQIGYWNVQ,47,142.0
307,HLA-A01:01,5439.04,ABE73425,KMLVAKDNKNL,307,143.0
29,HLA-A01:01,5439.19,ABE73425,KAPYRVIPRNL,29,144.0
107,HLA-A01:01,5439.21,ABE73425,VNTSLGNRKRN,107,145.0
268,HLA-A01:01,5439.24,ABE73425,DAKGFPQLAEL,268,146.0
297,HLA-A01:01,5439.52,ABE73425,GDNVQITYTYK,297,147.0
227,HLA-A01:01,5439.75,ABE73425,SQLKKPRWKRV,227,148.0
35,HLA-A01:01,5439.79,ABE73425,IPRNLVPIGKG,35,149.0
260,HLA-A01:01,5439.98,ABE73425,SDLVQNGVDAK,260,150.0
226,HLA-A01:01,5440.03,ABE73425,PSQLKKPRWKR,226,151.0
110,HLA-A01:01,5440.08,ABE73425,SLGNRKRNQKP,110,152.0
197,HLA-A01:01,5440.37,ABE73425,DNQSKSPSSSG,197,153.0
204,HLA-A01:01,5440.65,ABE73425,SSSGTFTPKKP,204,154.0
218,HLA-A01:01,5440.73,ABE73425,LSQPRADKPSQ,218,155.0
261,HLA-A01:01,5440.8,ABE73425,DLVQNGVDAKG,261,156.0
98,HLA-A01:01,5441.13,ABE73425,WVAKEGAKTVN,98,157.0
148,HLA-A01:01,5441.22,ABE73425,ASSRSSTRNNS,148,158.0
60,HLA-A01:01,5441.27,ABE73425,WRMRRGQRVDL,60,159.0
24,HLA-A01:01,5441.56,ABE73425,LVSSDKAPYRV,24,160.0
54,HLA-A01:01,5441.75,ABE73425,WNVQERWRMRR,54,161.0
134,HLA-A01:01,5441.76,ABE73425,SVVEFEDRSNN,134,162.0
8,HLA-A01:01,5441.78,ABE73425,RAARKKFPPPS,8,163.0
286,HLA-A01:01,5441.82,ABE73425,FFDSEVSTDEV,286,164.0
214,HLA-A01:01,5442.07,ABE73425,PNKPLSQPRAD,214,165.0
273,HLA-A01:01,5442.07,ABE73425,PQLAELIPNQA,273,165.0
119,HLA-A01:01,5442.09,ABE73425,KPLEPKFSIAL,119,167.0
280,HLA-A01:01,5442.19,ABE73425,PNQAALFFDSE,280,168.0
265,HLA-A01:01,5442.21,ABE73425,NGVDAKGFPQL,265,169.0
70,HLA-A01:01,5442.22,ABE73425,LPPKVHFYYLG,70,170.0
266,HLA-A01:01,5442.32,ABE73425,GVDAKGFPQLA,266,171.0
25,HLA-A01:01,5442.54,ABE73425,VSSDKAPYRVI,25,172.0
114,HLA-A01:01,5442.59,ABE73425,RKRNQKPLEPK,114,173.0
212,HLA-A01:01,5442.99,ABE73425,KKPNKPLSQPR,212,174.0
289,HLA-A01:01,5443.0,ABE73425,SEVSTDEVGDN,289,175.0
225,HLA-A01:01,5443.01,ABE73425,KPSQLKKPRWK,225,176.0
326,HLA-A01:01,5443.07,ABE73425,AFTKPSSIKEM,326,177.0
63,HLA-A01:01,5443.23,ABE73425,RRGQRVDLPPK,63,178.0
9,HLA-A01:01,5443.29,ABE73425,AARKKFPPPSF,9,179.0
13,HLA-A01:01,5443.36,ABE73425,KFPPPSFYMPL,13,180.0
220,HLA-A01:01,5443.43,ABE73425,QPRADKPSQLK,220,181.0
251,HLA-A01:01,5443.46,ABE73425,RDFNHNMGDSD,251,182.0
223,HLA-A01:01,5443.5,ABE73425,ADKPSQLKKPR,223,183.0
234,HLA-A01:01,5443.58,ABE73425,WKRVPTREENV,234,184.0
104,HLA-A01:01,5444.05,ABE73425,AKTVNTSLGNR,104,185.0
44,HLA-A01:01,5444.13,ABE73425,KGNKDEQIGYW,44,186.0
177,HLA-A01:01,5444.19,ABE73425,NQSSSDLVAAV,177,187.0
91,HLA-A01:01,5444.52,ABE73425,QRSDGVVWVAK,91,188.0
58,HLA-A01:01,5444.62,ABE73425,ERWRMRRGQRV,58,189.0
111,HLA-A01:01,5444.68,ABE73425,LGNRKRNQKPL,111,190.0
165,HLA-A01:01,5444.86,ABE73425,TSRQQSRTRSD,165,191.0
17,HLA-A01:01,5445.25,ABE73425,PSFYMPLLVSS,17,192.0
93,HLA-A01:01,5445.39,ABE73425,SDGVVWVAKEG,93,193.0
66,HLA-A01:01,5445.45,ABE73425,QRVDLPPKVHF,66,194.0
57,HLA-A01:01,5445.53,ABE73425,QERWRMRRGQR,57,195.0
105,HLA-A01:01,5445.82,ABE73425,KTVNTSLGNRK,105,196.0
176,HLA-A01:01,5445.91,ABE73425,SNQSSSDLVAA,176,197.0
245,HLA-A01:01,5445.91,ABE73425,IQCFGPRDFNH,245,197.0
205,HLA-A01:01,5446.07,ABE73425,SSGTFTPKKPN,205,199.0
248,HLA-A01:01,5446.26,ABE73425,FGPRDFNHNMG,248,200.0
36,HLA-A01:01,5446.3,ABE73425,PRNLVPIGKGN,36,201.0
333,HLA-A01:01,5446.35,ABE73425,IKEMQSQSSHV,333,202.0
127,HLA-A01:01,5446.51,ABE73425,IALPPELSVVE,127,203.0
185,HLA-A01:01,5446.6,ABE73425,AAVTLALKNLG,185,204.0
48,HLA-A01:01,5446.77,ABE73425,DEQIGYWNVQE,48,205.0
312,HLA-A01:01,5446.83,ABE73425,KDNKNLPKFIE,312,206.0
95,HLA-A01:01,5447.01,ABE73425,GVVWVAKEGAK,95,207.0
117,HLA-A01:01,5447.36,ABE73425,NQKPLEPKFSI,117,208.0
167,HLA-A01:01,5447.36,ABE73425,RQQSRTRSDSN,167,208.0
242,HLA-A01:01,5447.42,ABE73425,ENVIQCFGPRD,242,210.0
276,HLA-A01:01,5447.44,ABE73425,AELIPNQAALF,276,211.0
184,HLA-A01:01,5447.68,ABE73425,VAAVTLALKNL,184,212.0
233,HLA-A01:01,5447.71,ABE73425,RWKRVPTREEN,233,213.0
175,HLA-A01:01,5447.91,ABE73425,DSNQSSSDLVA,175,214.0
246,HLA-A01:01,5447.91,ABE73425,QCFGPRDFNHN,246,214.0
311,HLA-A01:01,5448.09,ABE73425,AKDNKNLPKFI,311,216.0
174,HLA-A01:01,5448.39,ABE73425,SDSNQSSSDLV,174,217.0
247,HLA-A01:01,5448.42,ABE73425,CFGPRDFNHNM,247,218.0
94,HLA-A01:01,5448.52,ABE73425,DGVVWVAKEGA,94,219.0
193,HLA-A01:01,5448.65,ABE73425,NLGFDNQSKSP,193,220.0
324,HLA-A01:01,5448.73,ABE73425,ISAFTKPSSIK,324,221.0
317,HLA-A01:01,5448.77,ABE73425,LPKFIEQISAF,317,222.0
27,HLA-A01:01,5448.87,ABE73425,SDKAPYRVIPR,27,223.0
82,HLA-A01:01,5448.87,ABE73425,GPHKDLKFRQR,82,223.0
112,HLA-A01:01,5448.96,ABE73425,GNRKRNQKPLE,112,225.0
211,HLA-A01:01,5449.06,ABE73425,PKKPNKPLSQP,211,226.0
243,HLA-A01:01,5449.16,ABE73425,NVIQCFGPRDF,243,227.0
102,HLA-A01:01,5449.21,ABE73425,EGAKTVNTSLG,102,228.0
42,HLA-A01:01,5449.66,ABE73425,IGKGNKDEQIG,42,229.0
301,HLA-A01:01,5449.9,ABE73425,QITYTYKMLVA,301,230.0
33,HLA-A01:01,5450.0,ABE73425,RVIPRNLVPIG,33,231.0
90,HLA-A01:01,5450.02,ABE73425,RQRSDGVVWVA,90,232.0
316,HLA-A01:01,5450.42,ABE73425,NLPKFIEQISA,316,233.0
244,HLA-A01:01,5450.54,ABE73425,VIQCFGPRDFN,244,234.0
241,HLA-A01:01,5450.69,ABE73425,EENVIQCFGPR,241,235.0
216,HLA-A01:01,5451.0,ABE73425,KPLSQPRADKP,216,236.0
255,HLA-A01:01,5451.34,ABE73425,HNMGDSDLVQN,255,237.0
271,HLA-A01:01,5451.43,ABE73425,GFPQLAELIPN,271,238.0
28,HLA-A01:01,5451.57,ABE73425,DKAPYRVIPRN,28,239.0
131,HLA-A01:01,5451.67,ABE73425,PELSVVEFEDR,131,240.0
15,HLA-A01:01,5451.75,ABE73425,PPPSFYMPLLV,15,241.0
118,HLA-A01:01,5451.78,ABE73425,QKPLEPKFSIA,118,242.0
182,HLA-A01:01,5451.89,ABE73425,DLVAAVTLALK,182,243.0
300,HLA-A01:01,5452.09,ABE73425,VQITYTYKMLV,300,244.0
103,HLA-A01:01,5452.12,ABE73425,GAKTVNTSLGN,103,245.0
64,HLA-A01:01,5452.25,ABE73425,RGQRVDLPPKV,64,246.0
79,HLA-A01:01,5452.25,ABE73425,LGTGPHKDLKF,79,246.0
115,HLA-A01:01,5452.42,ABE73425,KRNQKPLEPKF,115,248.0
84,HLA-A01:01,5452.64,ABE73425,HKDLKFRQRSD,84,249.0
122,HLA-A01:01,5452.64,ABE73425,EPKFSIALPPE,122,249.0
1,HLA-A01:01,5452.67,ABE73425,SVNWADDRAAR,1,251.0
310,HLA-A01:01,5453.08,ABE73425,VAKDNKNLPKF,310,252.0
186,HLA-A01:01,5453.17,ABE73425,AVTLALKNLGF,186,253.0
238,HLA-A01:01,5453.74,ABE73425,PTREENVIQCF,238,254.0
304,HLA-A01:01,5453.76,ABE73425,YTYKMLVAKDN,304,255.0
86,HLA-A01:01,5453.8,ABE73425,DLKFRQRSDGV,86,256.0
293,HLA-A01:01,5453.81,ABE73425,TDEVGDNVQIT,293,257.0
88,HLA-A01:01,5454.3,ABE73425,KFRQRSDGVVW,88,258.0
129,HLA-A01:01,5454.38,ABE73425,LPPELSVVEFE,129,259.0
222,HLA-A01:01,5454.67,ABE73425,RADKPSQLKKP,222,260.0
237,HLA-A01:01,5454.88,ABE73425,VPTREENVIQC,237,261.0
299,HLA-A01:01,5455.26,ABE73425,NVQITYTYKML,299,262.0
87,HLA-A01:01,5455.36,ABE73425,LKFRQRSDGVV,87,263.0
239,HLA-A01:01,5455.47,ABE73425,TREENVIQCFG,239,264.0
45,HLA-A01:01,5455.51,ABE73425,GNKDEQIGYWN,45,265.0
50,HLA-A01:01,5455.91,ABE73425,QIGYWNVQERW,50,266.0
46,HLA-A01:01,5455.97,ABE73425,NKDEQIGYWNV,46,267.0
55,HLA-A01:01,5456.18,ABE73425,NVQERWRMRRG,55,268.0
21,HLA-A01:01,5456.26,ABE73425,MPLLVSSDKAP,21,269.0
202,HLA-A01:01,5457.11,ABE73425,SPSSSGTFTPK,202,270.0
59,HLA-A01:01,5457.15,ABE73425,RWRMRRGQRVD,59,271.0
80,HLA-A01:01,5457.75,ABE73425,GTGPHKDLKFR,80,272.0
274,HLA-A01:01,5458.1,ABE73425,QLAELIPNQAA,274,273.0
11,HLA-A01:01,5458.9,ABE73425,RKKFPPPSFYM,11,274.0
253,HLA-A01:01,5458.98,ABE73425,FNHNMGDSDLV,253,275.0
298,HLA-A01:01,5459.53,ABE73425,DNVQITYTYKM,298,276.0
120,HLA-A01:01,5459.55,ABE73425,PLEPKFSIALP,120,277.0
132,HLA-A01:01,5459.95,ABE73425,ELSVVEFEDRS,132,278.0
262,HLA-A01:01,5460.01,ABE73425,LVQNGVDAKGF,262,279.0
4,HLA-A01:01,5460.3,ABE73425,WADDRAARKKF,4,280.0
249,HLA-A01:01,5460.88,ABE73425,GPRDFNHNMGD,249,281.0
74,HLA-A01:01,5461.15,ABE73425,VHFYYLGTGPH,74,282.0
128,HLA-A01:01,5461.38,ABE73425,ALPPELSVVEF,128,283.0
309,HLA-A01:01,5461.43,ABE73425,LVAKDNKNLPK,309,284.0
68,HLA-A01:01,5461.48,ABE73425,VDLPPKVHFYY,68,285.0
125,HLA-A01:01,5461.56,ABE73425,FSIALPPELSV,125,286.0
89,HLA-A01:01,5461.61,ABE73425,FRQRSDGVVWV,89,287.0
49,HLA-A01:01,5462.07,ABE73425,EQIGYWNVQER,49,288.0
281,HLA-A01:01,5462.46,ABE73425,NQAALFFDSEV,281,289.0
10,HLA-A01:01,5462.5,ABE73425,ARKKFPPPSFY,10,290.0
188,HLA-A01:01,5463.44,ABE73425,TLALKNLGFDN,188,291.0
228,HLA-A01:01,5463.51,ABE73425,QLKKPRWKRVP,228,292.0
183,HLA-A01:01,5464.16,ABE73425,LVAAVTLALKN,183,293.0
62,HLA-A01:01,5464.76,ABE73425,MRRGQRVDLPP,62,294.0
258,HLA-A01:01,5465.09,ABE73425,GDSDLVQNGVD,258,295.0
20,HLA-A01:01,5465.46,ABE73425,YMPLLVSSDKA,20,296.0
308,HLA-A01:01,5465.65,ABE73425,MLVAKDNKNLP,308,297.0
7,HLA-A01:01,5465.7,ABE73425,DRAARKKFPPP,7,298.0
30,HLA-A01:01,5466.27,ABE73425,APYRVIPRNLV,30,299.0
121,HLA-A01:01,5466.45,ABE73425,LEPKFSIALPP,121,300.0
294,HLA-A01:01,5467.13,ABE73425,DEVGDNVQITY,294,301.0
51,HLA-A01:01,5468.01,ABE73425,IGYWNVQERWR,51,302.0
257,HLA-A01:01,5468.6,ABE73425,MGDSDLVQNGV,257,303.0
113,HLA-A01:01,5468.73,ABE73425,NRKRNQKPLEP,113,304.0
22,HLA-A01:01,5469.95,ABE73425,PLLVSSDKAPY,22,305.0
209,HLA-A01:01,5469.97,ABE73425,FTPKKPNKPLS,209,306.0
31,HLA-A01:01,5470.3,ABE73425,PYRVIPRNLVP,31,307.0
78,HLA-A01:01,5470.42,ABE73425,YLGTGPHKDLK,78,308.0
52,HLA-A01:01,5470.55,ABE73425,GYWNVQERWRM,52,309.0
12,HLA-A01:01,5472.05,ABE73425,KKFPPPSFYMP,12,310.0
126,HLA-A01:01,5472.3,ABE73425,SIALPPELSVV,126,311.0
201,HLA-A01:01,5472.34,ABE73425,KSPSSSGTFTP,201,312.0
133,HLA-A01:01,5472.57,ABE73425,LSVVEFEDRSN,133,313.0
43,HLA-A01:01,5472.78,ABE73425,GKGNKDEQIGY,43,314.0
61,HLA-A01:01,5473.44,ABE73425,RMRRGQRVDLP,61,315.0
73,HLA-A01:01,5474.17,ABE73425,KVHFYYLGTGP,73,316.0
277,HLA-A01:01,5474.59,ABE73425,ELIPNQAALFF,277,317.0
6,HLA-A01:01,5474.82,ABE73425,DDRAARKKFPP,6,318.0
240,HLA-A01:01,5475.04,ABE73425,REENVIQCFGP,240,319.0
207,HLA-A01:01,5475.5,ABE73425,GTFTPKKPNKP,207,320.0
270,HLA-A01:01,5477.94,ABE73425,KGFPQLAELIP,270,321.0
278,HLA-A01:01,5479.81,ABE73425,LIPNQAALFFD,278,322.0
0,HLA-A01:01,5480.96,ABE73425,ASVNWADDRAA,0,323.0
173,HLA-A01:01,5484.27,ABE73425,RSDSNQSSSDL,173,324.0
263,HLA-A01:01,5486.53,ABE73425,VQNGVDAKGFP,263,325.0
292,HLA-A01:01,5487.89,ABE73425,STDEVGDNVQI,292,326.0
130,HLA-A01:01,5489.25,ABE73425,PPELSVVEFED,130,327.0
187,HLA-A01:01,5489.4,ABE73425,VTLALKNLGFD,187,328.0
275,HLA-A01:01,5490.7,ABE73425,LAELIPNQAAL,275,329.0
92,HLA-A01:01,5493.61,ABE73425,RSDGVVWVAKE,92,330.0
5,HLA-A01:01,5494.68,ABE73425,ADDRAARKKFP,5,331.0
26,HLA-A01:01,5549.53,ABE73425,SSDKAPYRVIP,26,332.0
288,HLA-A01:01,5556.45,ABE73425,DSEVSTDEVGD,288,333.0
320,HLA-A01:01,5599.14,ABE73425,FIEQISAFTKP,320,334.0
300,HLA-A26:01,6725.63,ABE73425,VQITYTYKMLV,300,1.0
286,HLA-A26:01,7621.28,ABE73425,FFDSEVSTDEV,286,2.0
128,HLA-A26:01,7717.28,ABE73425,ALPPELSVVEF,128,3.0
281,HLA-A26:01,8035.16,ABE73425,NQAALFFDSEV,281,4.0
277,HLA-A26:01,8187.05,ABE73425,ELIPNQAALFF,277,5.0
126,HLA-A26:01,8327.93,ABE73425,SIALPPELSVV,126,6.0
125,HLA-A26:01,8465.51,ABE73425,FSIALPPELSV,125,7.0
181,HLA-A26:01,8577.79,ABE73425,SDLVAAVTLAL,181,8.0
188,HLA-A26:01,8707.05,ABE73425,TLALKNLGFDN,188,9.0
132,HLA-A26:01,8805.84,ABE73425,ELSVVEFEDRS,132,10.0
274,HLA-A26:01,8862.76,ABE73425,QLAELIPNQAA,274,11.0
298,HLA-A26:01,8886.75,ABE73425,DNVQITYTYKM,298,12.0
80,HLA-A26:01,8897.98,ABE73425,GTGPHKDLKFR,80,13.0
46,HLA-A26:01,8942.02,ABE73425,NKDEQIGYWNV,46,14.0
190,HLA-A26:01,9192.19,ABE73425,ALKNLGFDNQS,190,15.0
186,HLA-A26:01,9441.51,ABE73425,AVTLALKNLGF,186,16.0
284,HLA-A26:01,9455.63,ABE73425,ALFFDSEVSTD,284,17.0
32,HLA-A26:01,9488.8,ABE73425,YRVIPRNLVPI,32,18.0
307,HLA-A26:01,9653.2,ABE73425,KMLVAKDNKNL,307,19.0
89,HLA-A26:01,9728.83,ABE73425,FRQRSDGVVWV,89,20.0
17,HLA-A26:01,9770.59,ABE73425,PSFYMPLLVSS,17,21.0
187,HLA-A26:01,9801.65,ABE73425,VTLALKNLGFD,187,22.0
67,HLA-A26:01,9882.9,ABE73425,RVDLPPKVHFY,67,23.0
177,HLA-A26:01,9916.73,ABE73425,NQSSSDLVAAV,177,24.0
133,HLA-A26:01,9920.7,ABE73425,LSVVEFEDRSN,133,25.0
278,HLA-A26:01,9933.11,ABE73425,LIPNQAALFFD,278,26.0
301,HLA-A26:01,9958.23,ABE73425,QITYTYKMLVA,301,27.0
119,HLA-A26:01,9990.49,ABE73425,KPLEPKFSIAL,119,28.0
69,HLA-A26:01,10016.8,ABE73425,DLPPKVHFYYL,69,29.0
296,HLA-A26:01,10030.1,ABE73425,VGDNVQITYTY,296,30.0
73,HLA-A26:01,10083.36,ABE73425,KVHFYYLGTGP,73,31.0
333,HLA-A26:01,10083.49,ABE73425,IKEMQSQSSHV,333,32.0
20,HLA-A26:01,10170.35,ABE73425,YMPLLVSSDKA,20,33.0
78,HLA-A26:01,10207.48,ABE73425,YLGTGPHKDLK,78,34.0
134,HLA-A26:01,10224.04,ABE73425,SVVEFEDRSNN,134,35.0
51,HLA-A26:01,10263.1,ABE73425,IGYWNVQERWR,51,36.0
179,HLA-A26:01,10272.75,ABE73425,SSSDLVAAVTL,179,37.0
265,HLA-A26:01,10305.59,ABE73425,NGVDAKGFPQL,265,38.0
11,HLA-A26:01,10351.8,ABE73425,RKKFPPPSFYM,11,39.0
282,HLA-A26:01,10392.84,ABE73425,QAALFFDSEVS,282,40.0
295,HLA-A26:01,10413.29,ABE73425,EVGDNVQITYT,295,41.0
320,HLA-A26:01,10442.1,ABE73425,FIEQISAFTKP,320,42.0
318,HLA-A26:01,10463.51,ABE73425,PKFIEQISAFT,318,43.0
180,HLA-A26:01,10474.73,ABE73425,SSDLVAAVTLA,180,44.0
315,HLA-A26:01,10475.56,ABE73425,KNLPKFIEQIS,315,45.0
279,HLA-A26:01,10498.78,ABE73425,IPNQAALFFDS,279,46.0
253,HLA-A26:01,10501.4,ABE73425,FNHNMGDSDLV,253,47.0
276,HLA-A26:01,10521.68,ABE73425,AELIPNQAALF,276,48.0
118,HLA-A26:01,10599.9,ABE73425,QKPLEPKFSIA,118,49.0
317,HLA-A26:01,10606.85,ABE73425,LPKFIEQISAF,317,50.0
79,HLA-A26:01,10608.62,ABE73425,LGTGPHKDLKF,79,51.0
244,HLA-A26:01,10707.2,ABE73425,VIQCFGPRDFN,244,52.0
312,HLA-A26:01,10716.36,ABE73425,KDNKNLPKFIE,312,53.0
323,HLA-A26:01,10722.83,ABE73425,QISAFTKPSSI,323,54.0
86,HLA-A26:01,10724.17,ABE73425,DLKFRQRSDGV,86,55.0
200,HLA-A26:01,10746.31,ABE73425,SKSPSSSGTFT,200,56.0
189,HLA-A26:01,10829.09,ABE73425,LALKNLGFDNQ,189,57.0
280,HLA-A26:01,10832.49,ABE73425,PNQAALFFDSE,280,58.0
16,HLA-A26:01,10840.05,ABE73425,PPSFYMPLLVS,16,59.0
135,HLA-A26:01,10889.48,ABE73425,VVEFEDRSNNS,135,60.0
299,HLA-A26:01,10893.08,ABE73425,NVQITYTYKML,299,61.0
84,HLA-A26:01,10896.87,ABE73425,HKDLKFRQRSD,84,62.0
314,HLA-A26:01,10899.07,ABE73425,NKNLPKFIEQI,314,63.0
316,HLA-A26:01,10947.01,ABE73425,NLPKFIEQISA,316,64.0
283,HLA-A26:01,10959.83,ABE73425,AALFFDSEVST,283,65.0
82,HLA-A26:01,11006.49,ABE73425,GPHKDLKFRQR,82,66.0
304,HLA-A26:01,11033.81,ABE73425,YTYKMLVAKDN,304,67.0
285,HLA-A26:01,11047.98,ABE73425,LFFDSEVSTDE,285,68.0
97,HLA-A26:01,11081.81,ABE73425,VWVAKEGAKTV,97,69.0
72,HLA-A26:01,11087.68,ABE73425,PKVHFYYLGTG,72,70.0
294,HLA-A26:01,11122.36,ABE73425,DEVGDNVQITY,294,71.0
266,HLA-A26:01,11129.58,ABE73425,GVDAKGFPQLA,266,72.0
137,HLA-A26:01,11148.73,ABE73425,EFEDRSNNSSR,137,73.0
292,HLA-A26:01,11154.22,ABE73425,STDEVGDNVQI,292,74.0
33,HLA-A26:01,11163.34,ABE73425,RVIPRNLVPIG,33,75.0
1,HLA-A26:01,11183.07,ABE73425,SVNWADDRAAR,1,76.0
94,HLA-A26:01,11188.05,ABE73425,DGVVWVAKEGA,94,77.0
245,HLA-A26:01,11192.65,ABE73425,IQCFGPRDFNH,245,78.0
326,HLA-A26:01,11205.76,ABE73425,AFTKPSSIKEM,326,79.0
152,HLA-A26:01,11212.99,ABE73425,SSTRNNSRDSS,152,80.0
271,HLA-A26:01,11248.53,ABE73425,GFPQLAELIPN,271,81.0
15,HLA-A26:01,11249.02,ABE73425,PPPSFYMPLLV,15,82.0
52,HLA-A26:01,11268.22,ABE73425,GYWNVQERWRM,52,83.0
257,HLA-A26:01,11274.37,ABE73425,MGDSDLVQNGV,257,84.0
18,HLA-A26:01,11295.47,ABE73425,SFYMPLLVSSD,18,85.0
90,HLA-A26:01,11300.35,ABE73425,RQRSDGVVWVA,90,86.0
247,HLA-A26:01,11306.26,ABE73425,CFGPRDFNHNM,247,87.0
327,HLA-A26:01,11325.16,ABE73425,FTKPSSIKEMQ,327,88.0
106,HLA-A26:01,11328.63,ABE73425,TVNTSLGNRKR,106,89.0
302,HLA-A26:01,11362.2,ABE73425,ITYTYKMLVAK,302,90.0
45,HLA-A26:01,11369.92,ABE73425,GNKDEQIGYWN,45,91.0
131,HLA-A26:01,11373.69,ABE73425,PELSVVEFEDR,131,92.0
174,HLA-A26:01,11407.07,ABE73425,SDSNQSSSDLV,174,93.0
53,HLA-A26:01,11487.1,ABE73425,YWNVQERWRMR,53,94.0
49,HLA-A26:01,11497.16,ABE73425,EQIGYWNVQER,49,95.0
167,HLA-A26:01,11510.7,ABE73425,RQQSRTRSDSN,167,96.0
332,HLA-A26:01,11512.22,ABE73425,SIKEMQSQSSH,332,97.0
100,HLA-A26:01,11514.46,ABE73425,AKEGAKTVNTS,100,98.0
23,HLA-A26:01,11528.18,ABE73425,LLVSSDKAPYR,23,99.0
255,HLA-A26:01,11529.96,ABE73425,HNMGDSDLVQN,255,100.0
322,HLA-A26:01,11543.1,ABE73425,EQISAFTKPSS,322,101.0
252,HLA-A26:01,11543.72,ABE73425,DFNHNMGDSDL,252,102.0
24,HLA-A26:01,11571.37,ABE73425,LVSSDKAPYRV,24,103.0
268,HLA-A26:01,11573.73,ABE73425,DAKGFPQLAEL,268,104.0
101,HLA-A26:01,11587.99,ABE73425,KEGAKTVNTSL,101,105.0
83,HLA-A26:01,11591.93,ABE73425,PHKDLKFRQRS,83,106.0
120,HLA-A26:01,11614.38,ABE73425,PLEPKFSIALP,120,107.0
153,HLA-A26:01,11614.52,ABE73425,STRNNSRDSSR,153,108.0
0,HLA-A26:01,11628.25,ABE73425,ASVNWADDRAA,0,109.0
70,HLA-A26:01,11651.84,ABE73425,LPPKVHFYYLG,70,110.0
308,HLA-A26:01,11653.05,ABE73425,MLVAKDNKNLP,308,111.0
68,HLA-A26:01,11672.65,ABE73425,VDLPPKVHFYY,68,112.0
199,HLA-A26:01,11682.2,ABE73425,QSKSPSSSGTF,199,113.0
328,HLA-A26:01,11690.75,ABE73425,TKPSSIKEMQS,328,114.0
50,HLA-A26:01,11697.6,ABE73425,QIGYWNVQERW,50,115.0
176,HLA-A26:01,11701.48,ABE73425,SNQSSSDLVAA,176,116.0
331,HLA-A26:01,11712.85,ABE73425,SSIKEMQSQSS,331,117.0
201,HLA-A26:01,11713.81,ABE73425,KSPSSSGTFTP,201,118.0
71,HLA-A26:01,11725.56,ABE73425,PPKVHFYYLGT,71,119.0
98,HLA-A26:01,11733.74,ABE73425,WVAKEGAKTVN,98,120.0
243,HLA-A26:01,11736.51,ABE73425,NVIQCFGPRDF,243,121.0
183,HLA-A26:01,11744.84,ABE73425,LVAAVTLALKN,183,122.0
313,HLA-A26:01,11747.41,ABE73425,DNKNLPKFIEQ,313,123.0
246,HLA-A26:01,11774.53,ABE73425,QCFGPRDFNHN,246,124.0
178,HLA-A26:01,11779.07,ABE73425,QSSSDLVAAVT,178,125.0
43,HLA-A26:01,11782.32,ABE73425,GKGNKDEQIGY,43,126.0
22,HLA-A26:01,11823.57,ABE73425,PLLVSSDKAPY,22,127.0
275,HLA-A26:01,11840.25,ABE73425,LAELIPNQAAL,275,128.0
192,HLA-A26:01,11882.33,ABE73425,KNLGFDNQSKS,192,129.0
76,HLA-A26:01,11896.67,ABE73425,FYYLGTGPHKD,76,130.0
10,HLA-A26:01,11897.99,ABE73425,ARKKFPPPSFY,10,131.0
104,HLA-A26:01,11918.87,ABE73425,AKTVNTSLGNR,104,132.0
184,HLA-A26:01,11939.77,ABE73425,VAAVTLALKNL,184,133.0
262,HLA-A26:01,11957.24,ABE73425,LVQNGVDAKGF,262,134.0
325,HLA-A26:01,11958.65,ABE73425,SAFTKPSSIKE,325,135.0
58,HLA-A26:01,11975.83,ABE73425,ERWRMRRGQRV,58,136.0
171,HLA-A26:01,11975.96,ABE73425,RTRSDSNQSSS,171,137.0
163,HLA-A26:01,11991.12,ABE73425,RSTSRQQSRTR,163,138.0
48,HLA-A26:01,12001.96,ABE73425,DEQIGYWNVQE,48,139.0
57,HLA-A26:01,12003.17,ABE73425,QERWRMRRGQR,57,140.0
66,HLA-A26:01,12005.51,ABE73425,QRVDLPPKVHF,66,141.0
290,HLA-A26:01,12016.69,ABE73425,EVSTDEVGDNV,290,142.0
95,HLA-A26:01,12017.46,ABE73425,GVVWVAKEGAK,95,143.0
303,HLA-A26:01,12023.47,ABE73425,TYTYKMLVAKD,303,144.0
195,HLA-A26:01,12075.91,ABE73425,GFDNQSKSPSS,195,145.0
238,HLA-A26:01,12076.38,ABE73425,PTREENVIQCF,238,146.0
13,HLA-A26:01,12105.3,ABE73425,KFPPPSFYMPL,13,147.0
240,HLA-A26:01,12115.79,ABE73425,REENVIQCFGP,240,148.0
194,HLA-A26:01,12116.79,ABE73425,LGFDNQSKSPS,194,149.0
65,HLA-A26:01,12131.25,ABE73425,GQRVDLPPKVH,65,150.0
149,HLA-A26:01,12142.49,ABE73425,SSRSSTRNNSR,149,151.0
12,HLA-A26:01,12159.24,ABE73425,KKFPPPSFYMP,12,152.0
47,HLA-A26:01,12162.6,ABE73425,KDEQIGYWNVQ,47,153.0
270,HLA-A26:01,12164.82,ABE73425,KGFPQLAELIP,270,154.0
196,HLA-A26:01,12164.83,ABE73425,FDNQSKSPSSS,196,155.0
306,HLA-A26:01,12165.26,ABE73425,YKMLVAKDNKN,306,156.0
136,HLA-A26:01,12168.54,ABE73425,VEFEDRSNNSS,136,157.0
81,HLA-A26:01,12173.68,ABE73425,TGPHKDLKFRQ,81,158.0
21,HLA-A26:01,12202.66,ABE73425,MPLLVSSDKAP,21,159.0
117,HLA-A26:01,12236.82,ABE73425,NQKPLEPKFSI,117,160.0
293,HLA-A26:01,12239.41,ABE73425,TDEVGDNVQIT,293,161.0
182,HLA-A26:01,12239.89,ABE73425,DLVAAVTLALK,182,162.0
64,HLA-A26:01,12263.92,ABE73425,RGQRVDLPPKV,64,163.0
42,HLA-A26:01,12272.34,ABE73425,IGKGNKDEQIG,42,164.0
273,HLA-A26:01,12281.04,ABE73425,PQLAELIPNQA,273,165.0
140,HLA-A26:01,12295.72,ABE73425,DRSNNSSRASS,140,166.0
124,HLA-A26:01,12313.49,ABE73425,KFSIALPPELS,124,167.0
185,HLA-A26:01,12336.86,ABE73425,AAVTLALKNLG,185,168.0
145,HLA-A26:01,12337.69,ABE73425,SSRASSRSSTR,145,169.0
319,HLA-A26:01,12343.88,ABE73425,KFIEQISAFTK,319,170.0
305,HLA-A26:01,12351.3,ABE73425,TYKMLVAKDNK,305,171.0
311,HLA-A26:01,12361.08,ABE73425,AKDNKNLPKFI,311,172.0
264,HLA-A26:01,12363.59,ABE73425,QNGVDAKGFPQ,264,173.0
96,HLA-A26:01,12385.97,ABE73425,VVWVAKEGAKT,96,174.0
209,HLA-A26:01,12416.89,ABE73425,FTPKKPNKPLS,209,175.0
54,HLA-A26:01,12425.31,ABE73425,WNVQERWRMRR,54,176.0
164,HLA-A26:01,12432.77,ABE73425,STSRQQSRTRS,164,177.0
330,HLA-A26:01,12433.22,ABE73425,PSSIKEMQSQS,330,178.0
157,HLA-A26:01,12438.32,ABE73425,NSRDSSRSTSR,157,179.0
139,HLA-A26:01,12440.59,ABE73425,EDRSNNSSRAS,139,180.0
102,HLA-A26:01,12459.24,ABE73425,EGAKTVNTSLG,102,181.0
129,HLA-A26:01,12461.46,ABE73425,LPPELSVVEFE,129,182.0
226,HLA-A26:01,12469.41,ABE73425,PSQLKKPRWKR,226,183.0
27,HLA-A26:01,12476.74,ABE73425,SDKAPYRVIPR,27,184.0
14,HLA-A26:01,12489.83,ABE73425,FPPPSFYMPLL,14,185.0
116,HLA-A26:01,12498.34,ABE73425,RNQKPLEPKFS,116,186.0
321,HLA-A26:01,12500.14,ABE73425,IEQISAFTKPS,321,187.0
7,HLA-A26:01,12516.02,ABE73425,DRAARKKFPPP,7,188.0
74,HLA-A26:01,12519.92,ABE73425,VHFYYLGTGPH,74,189.0
38,HLA-A26:01,12527.56,ABE73425,NLVPIGKGNKD,38,190.0
121,HLA-A26:01,12528.14,ABE73425,LEPKFSIALPP,121,191.0
248,HLA-A26:01,12528.49,ABE73425,FGPRDFNHNMG,248,192.0
85,HLA-A26:01,12542.24,ABE73425,KDLKFRQRSDG,85,193.0
291,HLA-A26:01,12547.27,ABE73425,VSTDEVGDNVQ,291,194.0
148,HLA-A26:01,12550.01,ABE73425,ASSRSSTRNNS,148,195.0
175,HLA-A26:01,12550.07,ABE73425,DSNQSSSDLVA,175,196.0
103,HLA-A26:01,12563.58,ABE73425,GAKTVNTSLGN,103,197.0
272,HLA-A26:01,12564.46,ABE73425,FPQLAELIPNQ,272,198.0
127,HLA-A26:01,12607.71,ABE73425,IALPPELSVVE,127,199.0
19,HLA-A26:01,12618.38,ABE73425,FYMPLLVSSDK,19,200.0
87,HLA-A26:01,12629.44,ABE73425,LKFRQRSDGVV,87,201.0
254,HLA-A26:01,12631.51,ABE73425,NHNMGDSDLVQ,254,202.0
26,HLA-A26:01,12632.05,ABE73425,SSDKAPYRVIP,26,203.0
263,HLA-A26:01,12661.74,ABE73425,VQNGVDAKGFP,263,204.0
92,HLA-A26:01,12664.02,ABE73425,RSDGVVWVAKE,92,205.0
207,HLA-A26:01,12686.37,ABE73425,GTFTPKKPNKP,207,206.0
309,HLA-A26:01,12693.54,ABE73425,LVAKDNKNLPK,309,207.0
267,HLA-A26:01,12706.45,ABE73425,VDAKGFPQLAE,267,208.0
259,HLA-A26:01,12718.55,ABE73425,DSDLVQNGVDA,259,209.0
77,HLA-A26:01,12727.63,ABE73425,YYLGTGPHKDL,77,210.0
237,HLA-A26:01,12728.2,ABE73425,VPTREENVIQC,237,211.0
110,HLA-A26:01,12730.41,ABE73425,SLGNRKRNQKP,110,212.0
56,HLA-A26:01,12738.73,ABE73425,VQERWRMRRGQ,56,213.0
241,HLA-A26:01,12739.77,ABE73425,EENVIQCFGPR,241,214.0
5,HLA-A26:01,12743.41,ABE73425,ADDRAARKKFP,5,215.0
161,HLA-A26:01,12743.6,ABE73425,SSRSTSRQQSR,161,216.0
329,HLA-A26:01,12744.89,ABE73425,KPSSIKEMQSQ,329,217.0
269,HLA-A26:01,12753.13,ABE73425,AKGFPQLAELI,269,218.0
310,HLA-A26:01,12753.85,ABE73425,VAKDNKNLPKF,310,219.0
227,HLA-A26:01,12778.84,ABE73425,SQLKKPRWKRV,227,220.0
324,HLA-A26:01,12781.35,ABE73425,ISAFTKPSSIK,324,221.0
223,HLA-A26:01,12783.5,ABE73425,ADKPSQLKKPR,223,222.0
156,HLA-A26:01,12788.03,ABE73425,NNSRDSSRSTS,156,223.0
173,HLA-A26:01,12791.7,ABE73425,RSDSNQSSSDL,173,224.0
138,HLA-A26:01,12792.43,ABE73425,FEDRSNNSSRA,138,225.0
251,HLA-A26:01,12799.57,ABE73425,RDFNHNMGDSD,251,226.0
193,HLA-A26:01,12822.84,ABE73425,NLGFDNQSKSP,193,227.0
228,HLA-A26:01,12825.01,ABE73425,QLKKPRWKRVP,228,228.0
216,HLA-A26:01,12840.8,ABE73425,KPLSQPRADKP,216,229.0
62,HLA-A26:01,12841.36,ABE73425,MRRGQRVDLPP,62,230.0
261,HLA-A26:01,12849.36,ABE73425,DLVQNGVDAKG,261,231.0
297,HLA-A26:01,12860.51,ABE73425,GDNVQITYTYK,297,232.0
141,HLA-A26:01,12862.69,ABE73425,RSNNSSRASSR,141,233.0
44,HLA-A26:01,12866.49,ABE73425,KGNKDEQIGYW,44,234.0
6,HLA-A26:01,12886.94,ABE73425,DDRAARKKFPP,6,235.0
191,HLA-A26:01,12900.63,ABE73425,LKNLGFDNQSK,191,236.0
4,HLA-A26:01,12920.35,ABE73425,WADDRAARKKF,4,237.0
160,HLA-A26:01,12949.98,ABE73425,DSSRSTSRQQS,160,238.0
204,HLA-A26:01,12950.51,ABE73425,SSSGTFTPKKP,204,239.0
239,HLA-A26:01,12963.28,ABE73425,TREENVIQCFG,239,240.0
230,HLA-A26:01,12967.94,ABE73425,KKPRWKRVPTR,230,241.0
222,HLA-A26:01,12974.64,ABE73425,RADKPSQLKKP,222,242.0
250,HLA-A26:01,12984.48,ABE73425,PRDFNHNMGDS,250,243.0
107,HLA-A26:01,13033.84,ABE73425,VNTSLGNRKRN,107,244.0
151,HLA-A26:01,13037.66,ABE73425,RSSTRNNSRDS,151,245.0
105,HLA-A26:01,13045.11,ABE73425,KTVNTSLGNRK,105,246.0
39,HLA-A26:01,13067.5,ABE73425,LVPIGKGNKDE,39,247.0
108,HLA-A26:01,13111.46,ABE73425,NTSLGNRKRNQ,108,248.0
61,HLA-A26:01,13148.25,ABE73425,RMRRGQRVDLP,61,249.0
170,HLA-A26:01,13154.52,ABE73425,SRTRSDSNQSS,170,250.0
172,HLA-A26:01,13161.06,ABE73425,TRSDSNQSSSD,172,251.0
99,HLA-A26:01,13185.75,ABE73425,VAKEGAKTVNT,99,252.0
55,HLA-A26:01,13197.14,ABE73425,NVQERWRMRRG,55,253.0
30,HLA-A26:01,13210.76,ABE73425,APYRVIPRNLV,30,254.0
211,HLA-A26:01,13211.72,ABE73425,PKKPNKPLSQP,211,255.0
234,HLA-A26:01,13215.71,ABE73425,WKRVPTREENV,234,256.0
288,HLA-A26:01,13219.72,ABE73425,DSEVSTDEVGD,288,257.0
236,HLA-A26:01,13245.32,ABE73425,RVPTREENVIQ,236,258.0
165,HLA-A26:01,13245.65,ABE73425,TSRQQSRTRSD,165,259.0
130,HLA-A26:01,13249.13,ABE73425,PPELSVVEFED,130,260.0
75,HLA-A26:01,13282.71,ABE73425,HFYYLGTGPHK,75,261.0
28,HLA-A26:01,13283.14,ABE73425,DKAPYRVIPRN,28,262.0
287,HLA-A26:01,13297.16,ABE73425,FDSEVSTDEVG,287,263.0
88,HLA-A26:01,13300.2,ABE73425,KFRQRSDGVVW,88,264.0
260,HLA-A26:01,13331.49,ABE73425,SDLVQNGVDAK,260,265.0
242,HLA-A26:01,13331.54,ABE73425,ENVIQCFGPRD,242,266.0
168,HLA-A26:01,13332.99,ABE73425,QQSRTRSDSNQ,168,267.0
218,HLA-A26:01,13340.76,ABE73425,LSQPRADKPSQ,218,268.0
158,HLA-A26:01,13342.81,ABE73425,SRDSSRSTSRQ,158,269.0
143,HLA-A26:01,13343.38,ABE73425,NNSSRASSRSS,143,270.0
217,HLA-A26:01,13352.32,ABE73425,PLSQPRADKPS,217,271.0
154,HLA-A26:01,13362.4,ABE73425,TRNNSRDSSRS,154,272.0
249,HLA-A26:01,13362.6,ABE73425,GPRDFNHNMGD,249,273.0
146,HLA-A26:01,13383.68,ABE73425,SRASSRSSTRN,146,274.0
60,HLA-A26:01,13387.09,ABE73425,WRMRRGQRVDL,60,275.0
212,HLA-A26:01,13398.52,ABE73425,KKPNKPLSQPR,212,276.0
229,HLA-A26:01,13400.17,ABE73425,LKKPRWKRVPT,229,277.0
169,HLA-A26:01,13419.19,ABE73425,QSRTRSDSNQS,169,278.0
41,HLA-A26:01,13432.13,ABE73425,PIGKGNKDEQI,41,279.0
147,HLA-A26:01,13449.41,ABE73425,RASSRSSTRNN,147,280.0
144,HLA-A26:01,13449.9,ABE73425,NSSRASSRSST,144,281.0
93,HLA-A26:01,13453.06,ABE73425,SDGVVWVAKEG,93,282.0
289,HLA-A26:01,13458.23,ABE73425,SEVSTDEVGDN,289,283.0
197,HLA-A26:01,13477.68,ABE73425,DNQSKSPSSSG,197,284.0
258,HLA-A26:01,13478.77,ABE73425,GDSDLVQNGVD,258,285.0
115,HLA-A26:01,13492.6,ABE73425,KRNQKPLEPKF,115,286.0
142,HLA-A26:01,13503.9,ABE73425,SNNSSRASSRS,142,287.0
208,HLA-A26:01,13517.19,ABE73425,TFTPKKPNKPL,208,288.0
9,HLA-A26:01,13542.64,ABE73425,AARKKFPPPSF,9,289.0
162,HLA-A26:01,13651.2,ABE73425,SRSTSRQQSRT,162,290.0
91,HLA-A26:01,13656.94,ABE73425,QRSDGVVWVAK,91,291.0
150,HLA-A26:01,13660.49,ABE73425,SRSSTRNNSRD,150,292.0
166,HLA-A26:01,13681.24,ABE73425,SRQQSRTRSDS,166,293.0
219,HLA-A26:01,13683.94,ABE73425,SQPRADKPSQL,219,294.0
25,HLA-A26:01,13687.09,ABE73425,VSSDKAPYRVI,25,295.0
224,HLA-A26:01,13694.95,ABE73425,DKPSQLKKPRW,224,296.0
159,HLA-A26:01,13738.0,ABE73425,RDSSRSTSRQQ,159,297.0
31,HLA-A26:01,13742.53,ABE73425,PYRVIPRNLVP,31,298.0
210,HLA-A26:01,13781.36,ABE73425,TPKKPNKPLSQ,210,299.0
198,HLA-A26:01,13781.75,ABE73425,NQSKSPSSSGT,198,300.0
37,HLA-A26:01,13801.81,ABE73425,RNLVPIGKGNK,37,301.0
59,HLA-A26:01,13806.59,ABE73425,RWRMRRGQRVD,59,302.0
122,HLA-A26:01,13812.25,ABE73425,EPKFSIALPPE,122,303.0
202,HLA-A26:01,13850.34,ABE73425,SPSSSGTFTPK,202,304.0
205,HLA-A26:01,13862.28,ABE73425,SSGTFTPKKPN,205,305.0
109,HLA-A26:01,13865.89,ABE73425,TSLGNRKRNQK,109,306.0
256,HLA-A26:01,13885.4,ABE73425,NMGDSDLVQNG,256,307.0
123,HLA-A26:01,13935.91,ABE73425,PKFSIALPPEL,123,308.0
8,HLA-A26:01,14010.49,ABE73425,RAARKKFPPPS,8,309.0
213,HLA-A26:01,14016.27,ABE73425,KPNKPLSQPRA,213,310.0
225,HLA-A26:01,14029.46,ABE73425,KPSQLKKPRWK,225,311.0
155,HLA-A26:01,14031.88,ABE73425,RNNSRDSSRST,155,312.0
36,HLA-A26:01,14039.82,ABE73425,PRNLVPIGKGN,36,313.0
40,HLA-A26:01,14063.76,ABE73425,VPIGKGNKDEQ,40,314.0
206,HLA-A26:01,14067.23,ABE73425,SGTFTPKKPNK,206,315.0
235,HLA-A26:01,14084.98,ABE73425,KRVPTREENVI,235,316.0
203,HLA-A26:01,14101.26,ABE73425,PSSSGTFTPKK,203,317.0
111,HLA-A26:01,14118.58,ABE73425,LGNRKRNQKPL,111,318.0
231,HLA-A26:01,14170.76,ABE73425,KPRWKRVPTRE,231,319.0
113,HLA-A26:01,14229.54,ABE73425,NRKRNQKPLEP,113,320.0
214,HLA-A26:01,14307.32,ABE73425,PNKPLSQPRAD,214,321.0
34,HLA-A26:01,14333.07,ABE73425,VIPRNLVPIGK,34,322.0
35,HLA-A26:01,14411.08,ABE73425,IPRNLVPIGKG,35,323.0
233,HLA-A26:01,14426.12,ABE73425,RWKRVPTREEN,233,324.0
215,HLA-A26:01,14499.6,ABE73425,NKPLSQPRADK,215,325.0
232,HLA-A26:01,14535.47,ABE73425,PRWKRVPTREE,232,326.0
29,HLA-A26:01,14539.31,ABE73425,KAPYRVIPRNL,29,327.0
2,HLA-A26:01,14552.47,ABE73425,VNWADDRAARK,2,328.0
220,HLA-A26:01,14657.39,ABE73425,QPRADKPSQLK,220,329.0
112,HLA-A26:01,14675.59,ABE73425,GNRKRNQKPLE,112,330.0
221,HLA-A26:01,14731.49,ABE73425,PRADKPSQLKK,221,331.0
114,HLA-A26:01,14750.74,ABE73425,RKRNQKPLEPK,114,332.0
3,HLA-A26:01,14756.51,ABE73425,NWADDRAARKK,3,333.0
63,HLA-A26:01,14832.95,ABE73425,RRGQRVDLPPK,63,334.0
128,HLA-A32:01 ,1541.17,ABE73425,ALPPELSVVEF,128,1.0
90,HLA-A32:01 ,2429.42,ABE73425,RQRSDGVVWVA,90,2.0
33,HLA-A32:01 ,2692.84,ABE73425,RVIPRNLVPIG,33,3.0
284,HLA-A32:01 ,2783.27,ABE73425,ALFFDSEVSTD,284,4.0
50,HLA-A32:01 ,6365.56,ABE73425,QIGYWNVQERW,50,5.0
315,HLA-A32:01 ,7551.89,ABE73425,KNLPKFIEQIS,315,6.0
179,HLA-A32:01 ,8463.78,ABE73425,SSSDLVAAVTL,179,7.0
300,HLA-A32:01 ,10742.97,ABE73425,VQITYTYKMLV,300,8.0
302,HLA-A32:01 ,11175.09,ABE73425,ITYTYKMLVAK,302,9.0
277,HLA-A32:01 ,11958.21,ABE73425,ELIPNQAALFF,277,10.0
181,HLA-A32:01 ,12201.41,ABE73425,SDLVAAVTLAL,181,11.0
180,HLA-A32:01 ,12405.87,ABE73425,SSDLVAAVTLA,180,12.0
323,HLA-A32:01 ,12480.73,ABE73425,QISAFTKPSSI,323,13.0
186,HLA-A32:01 ,12895.0,ABE73425,AVTLALKNLGF,186,14.0
17,HLA-A32:01 ,13003.35,ABE73425,PSFYMPLLVSS,17,15.0
126,HLA-A32:01 ,15109.35,ABE73425,SIALPPELSVV,126,16.0
274,HLA-A32:01 ,15515.03,ABE73425,QLAELIPNQAA,274,17.0
314,HLA-A32:01 ,16186.92,ABE73425,NKNLPKFIEQI,314,18.0
91,HLA-A32:01 ,16368.6,ABE73425,QRSDGVVWVAK,91,19.0
32,HLA-A32:01 ,16690.1,ABE73425,YRVIPRNLVPI,32,20.0
292,HLA-A32:01 ,17907.56,ABE73425,STDEVGDNVQI,292,21.0
187,HLA-A32:01 ,18541.81,ABE73425,VTLALKNLGFD,187,22.0
278,HLA-A32:01 ,18617.94,ABE73425,LIPNQAALFFD,278,23.0
307,HLA-A32:01 ,19379.62,ABE73425,KMLVAKDNKNL,307,24.0
16,HLA-A32:01 ,19569.73,ABE73425,PPSFYMPLLVS,16,25.0
296,HLA-A32:01 ,19592.91,ABE73425,VGDNVQITYTY,296,26.0
92,HLA-A32:01 ,20227.51,ABE73425,RSDGVVWVAKE,92,27.0
316,HLA-A32:01 ,20273.12,ABE73425,NLPKFIEQISA,316,28.0
298,HLA-A32:01 ,20489.5,ABE73425,DNVQITYTYKM,298,29.0
269,HLA-A32:01 ,20718.6,ABE73425,AKGFPQLAELI,269,30.0
49,HLA-A32:01 ,20747.23,ABE73425,EQIGYWNVQER,49,31.0
270,HLA-A32:01 ,21259.49,ABE73425,KGFPQLAELIP,270,32.0
317,HLA-A32:01 ,21639.5,ABE73425,LPKFIEQISAF,317,33.0
283,HLA-A32:01 ,21918.8,ABE73425,AALFFDSEVST,283,34.0
34,HLA-A32:01 ,22751.33,ABE73425,VIPRNLVPIGK,34,35.0
182,HLA-A32:01 ,22883.02,ABE73425,DLVAAVTLALK,182,36.0
301,HLA-A32:01 ,23074.26,ABE73425,QITYTYKMLVA,301,37.0
295,HLA-A32:01 ,23435.78,ABE73425,EVGDNVQITYT,295,38.0
227,HLA-A32:01 ,23531.65,ABE73425,SQLKKPRWKRV,227,39.0
188,HLA-A32:01 ,23611.77,ABE73425,TLALKNLGFDN,188,40.0
117,HLA-A32:01 ,23650.3,ABE73425,NQKPLEPKFSI,117,41.0
73,HLA-A32:01 ,23779.24,ABE73425,KVHFYYLGTGP,73,42.0
271,HLA-A32:01 ,24373.34,ABE73425,GFPQLAELIPN,271,43.0
44,HLA-A32:01 ,24738.87,ABE73425,KGNKDEQIGYW,44,44.0
12,HLA-A32:01 ,25077.93,ABE73425,KKFPPPSFYMP,12,45.0
66,HLA-A32:01 ,25298.47,ABE73425,QRVDLPPKVHF,66,46.0
199,HLA-A32:01 ,25553.02,ABE73425,QSKSPSSSGTF,199,47.0
183,HLA-A32:01 ,25965.53,ABE73425,LVAAVTLALKN,183,48.0
309,HLA-A32:01 ,26322.88,ABE73425,LVAKDNKNLPK,309,49.0
18,HLA-A32:01 ,26470.01,ABE73425,SFYMPLLVSSD,18,50.0
46,HLA-A32:01 ,26559.34,ABE73425,NKDEQIGYWNV,46,51.0
178,HLA-A32:01 ,26800.24,ABE73425,QSSSDLVAAVT,178,52.0
79,HLA-A32:01 ,27430.93,ABE73425,LGTGPHKDLKF,79,53.0
268,HLA-A32:01 ,27751.09,ABE73425,DAKGFPQLAEL,268,54.0
303,HLA-A32:01 ,28107.47,ABE73425,TYTYKMLVAKD,303,55.0
230,HLA-A32:01 ,28226.61,ABE73425,KKPRWKRVPTR,230,56.0
25,HLA-A32:01 ,28500.05,ABE73425,VSSDKAPYRVI,25,57.0
47,HLA-A32:01 ,28574.66,ABE73425,KDEQIGYWNVQ,47,58.0
177,HLA-A32:01 ,28588.02,ABE73425,NQSSSDLVAAV,177,59.0
88,HLA-A32:01 ,28862.48,ABE73425,KFRQRSDGVVW,88,60.0
299,HLA-A32:01 ,28970.42,ABE73425,NVQITYTYKML,299,61.0
125,HLA-A32:01 ,29255.47,ABE73425,FSIALPPELSV,125,62.0
201,HLA-A32:01 ,29259.46,ABE73425,KSPSSSGTFTP,201,63.0
281,HLA-A32:01 ,29377.15,ABE73425,NQAALFFDSEV,281,64.0
167,HLA-A32:01 ,29455.25,ABE73425,RQQSRTRSDSN,167,65.0
118,HLA-A32:01 ,29533.56,ABE73425,QKPLEPKFSIA,118,66.0
13,HLA-A32:01 ,29636.26,ABE73425,KFPPPSFYMPL,13,67.0
134,HLA-A32:01 ,29767.23,ABE73425,SVVEFEDRSNN,134,68.0
324,HLA-A32:01 ,29775.41,ABE73425,ISAFTKPSSIK,324,69.0
101,HLA-A32:01 ,30038.02,ABE73425,KEGAKTVNTSL,101,70.0
312,HLA-A32:01 ,30065.82,ABE73425,KDNKNLPKFIE,312,71.0
100,HLA-A32:01 ,30131.98,ABE73425,AKEGAKTVNTS,100,72.0
276,HLA-A32:01 ,30494.66,ABE73425,AELIPNQAALF,276,73.0
52,HLA-A32:01 ,30494.83,ABE73425,GYWNVQERWRM,52,74.0
243,HLA-A32:01 ,30608.53,ABE73425,NVIQCFGPRDF,243,75.0
0,HLA-A32:01 ,30817.32,ABE73425,ASVNWADDRAA,0,76.0
319,HLA-A32:01 ,31032.67,ABE73425,KFIEQISAFTK,319,77.0
304,HLA-A32:01 ,31062.26,ABE73425,YTYKMLVAKDN,304,78.0
38,HLA-A32:01 ,31329.2,ABE73425,NLVPIGKGNKD,38,79.0
98,HLA-A32:01 ,31435.99,ABE73425,WVAKEGAKTVN,98,80.0
297,HLA-A32:01 ,31455.9,ABE73425,GDNVQITYTYK,297,81.0
95,HLA-A32:01 ,31574.6,ABE73425,GVVWVAKEGAK,95,82.0
282,HLA-A32:01 ,31619.05,ABE73425,QAALFFDSEVS,282,83.0
64,HLA-A32:01 ,31669.78,ABE73425,RGQRVDLPPKV,64,84.0
332,HLA-A32:01 ,31706.26,ABE73425,SIKEMQSQSSH,332,85.0
273,HLA-A32:01 ,31731.19,ABE73425,PQLAELIPNQA,273,86.0
238,HLA-A32:01 ,31804.36,ABE73425,PTREENVIQCF,238,87.0
176,HLA-A32:01 ,32063.21,ABE73425,SNQSSSDLVAA,176,88.0
212,HLA-A32:01 ,32070.62,ABE73425,KKPNKPLSQPR,212,89.0
255,HLA-A32:01 ,32134.01,ABE73425,HNMGDSDLVQN,255,90.0
67,HLA-A32:01 ,32199.01,ABE73425,RVDLPPKVHFY,67,91.0
294,HLA-A32:01 ,32447.6,ABE73425,DEVGDNVQITY,294,92.0
51,HLA-A32:01 ,32453.21,ABE73425,IGYWNVQERWR,51,93.0
130,HLA-A32:01 ,32485.34,ABE73425,PPELSVVEFED,130,94.0
190,HLA-A32:01 ,32522.8,ABE73425,ALKNLGFDNQS,190,95.0
236,HLA-A32:01 ,32559.83,ABE73425,RVPTREENVIQ,236,96.0
84,HLA-A32:01 ,32840.62,ABE73425,HKDLKFRQRSD,84,97.0
262,HLA-A32:01 ,32846.63,ABE73425,LVQNGVDAKGF,262,98.0
80,HLA-A32:01 ,32911.13,ABE73425,GTGPHKDLKFR,80,99.0
119,HLA-A32:01 ,32961.23,ABE73425,KPLEPKFSIAL,119,100.0
266,HLA-A32:01 ,33016.63,ABE73425,GVDAKGFPQLA,266,101.0
105,HLA-A32:01 ,33021.82,ABE73425,KTVNTSLGNRK,105,102.0
24,HLA-A32:01 ,33052.47,ABE73425,LVSSDKAPYRV,24,103.0
133,HLA-A32:01 ,33061.39,ABE73425,LSVVEFEDRSN,133,104.0
275,HLA-A32:01 ,33094.28,ABE73425,LAELIPNQAAL,275,105.0
127,HLA-A32:01 ,33263.33,ABE73425,IALPPELSVVE,127,106.0
229,HLA-A32:01 ,33268.87,ABE73425,LKKPRWKRVPT,229,107.0
48,HLA-A32:01 ,33279.93,ABE73425,DEQIGYWNVQE,48,108.0
27,HLA-A32:01 ,33352.31,ABE73425,SDKAPYRVIPR,27,109.0
89,HLA-A32:01 ,33380.46,ABE73425,FRQRSDGVVWV,89,110.0
72,HLA-A32:01 ,33683.66,ABE73425,PKVHFYYLGTG,72,111.0
318,HLA-A32:01 ,33774.78,ABE73425,PKFIEQISAFT,318,112.0
94,HLA-A32:01 ,33817.07,ABE73425,DGVVWVAKEGA,94,113.0
235,HLA-A32:01 ,34020.32,ABE73425,KRVPTREENVI,235,114.0
141,HLA-A32:01 ,34037.37,ABE73425,RSNNSSRASSR,141,115.0
131,HLA-A32:01 ,34072.65,ABE73425,PELSVVEFEDR,131,116.0
54,HLA-A32:01 ,34214.44,ABE73425,WNVQERWRMRR,54,117.0
65,HLA-A32:01 ,34256.49,ABE73425,GQRVDLPPKVH,65,118.0
20,HLA-A32:01 ,34260.19,ABE73425,YMPLLVSSDKA,20,119.0
293,HLA-A32:01 ,34286.25,ABE73425,TDEVGDNVQIT,293,120.0
15,HLA-A32:01 ,34298.77,ABE73425,PPPSFYMPLLV,15,121.0
310,HLA-A32:01 ,34327.85,ABE73425,VAKDNKNLPKF,310,122.0
175,HLA-A32:01 ,34348.13,ABE73425,DSNQSSSDLVA,175,123.0
115,HLA-A32:01 ,34415.09,ABE73425,KRNQKPLEPKF,115,124.0
311,HLA-A32:01 ,34418.5,ABE73425,AKDNKNLPKFI,311,125.0
257,HLA-A32:01 ,34430.67,ABE73425,MGDSDLVQNGV,257,126.0
331,HLA-A32:01 ,34594.82,ABE73425,SSIKEMQSQSS,331,127.0
9,HLA-A32:01 ,34633.53,ABE73425,AARKKFPPPSF,9,128.0
267,HLA-A32:01 ,34809.17,ABE73425,VDAKGFPQLAE,267,129.0
192,HLA-A32:01 ,34840.25,ABE73425,KNLGFDNQSKS,192,130.0
306,HLA-A32:01 ,34840.69,ABE73425,YKMLVAKDNKN,306,131.0
313,HLA-A32:01 ,34949.99,ABE73425,DNKNLPKFIEQ,313,132.0
244,HLA-A32:01 ,35029.47,ABE73425,VIQCFGPRDFN,244,133.0
325,HLA-A32:01 ,35149.78,ABE73425,SAFTKPSSIKE,325,134.0
71,HLA-A32:01 ,35192.46,ABE73425,PPKVHFYYLGT,71,135.0
96,HLA-A32:01 ,35225.88,ABE73425,VVWVAKEGAKT,96,136.0
258,HLA-A32:01 ,35276.36,ABE73425,GDSDLVQNGVD,258,137.0
28,HLA-A32:01 ,35439.38,ABE73425,DKAPYRVIPRN,28,138.0
57,HLA-A32:01 ,35619.57,ABE73425,QERWRMRRGQR,57,139.0
241,HLA-A32:01 ,35640.55,ABE73425,EENVIQCFGPR,241,140.0
245,HLA-A32:01 ,35664.93,ABE73425,IQCFGPRDFNH,245,141.0
172,HLA-A32:01 ,35681.65,ABE73425,TRSDSNQSSSD,172,142.0
226,HLA-A32:01 ,35723.67,ABE73425,PSQLKKPRWKR,226,143.0
116,HLA-A32:01 ,35777.43,ABE73425,RNQKPLEPKFS,116,144.0
224,HLA-A32:01 ,35856.44,ABE73425,DKPSQLKKPRW,224,145.0
173,HLA-A32:01 ,35911.24,ABE73425,RSDSNQSSSDL,173,146.0
237,HLA-A32:01 ,35915.31,ABE73425,VPTREENVIQC,237,147.0
171,HLA-A32:01 ,36072.53,ABE73425,RTRSDSNQSSS,171,148.0
99,HLA-A32:01 ,36077.19,ABE73425,VAKEGAKTVNT,99,149.0
53,HLA-A32:01 ,36187.92,ABE73425,YWNVQERWRMR,53,150.0
82,HLA-A32:01 ,36215.29,ABE73425,GPHKDLKFRQR,82,151.0
140,HLA-A32:01 ,36349.93,ABE73425,DRSNNSSRASS,140,152.0
121,HLA-A32:01 ,36352.33,ABE73425,LEPKFSIALPP,121,153.0
1,HLA-A32:01 ,36411.33,ABE73425,SVNWADDRAAR,1,154.0
132,HLA-A32:01 ,36415.05,ABE73425,ELSVVEFEDRS,132,155.0
200,HLA-A32:01 ,36430.16,ABE73425,SKSPSSSGTFT,200,156.0
251,HLA-A32:01 ,36511.81,ABE73425,RDFNHNMGDSD,251,157.0
148,HLA-A32:01 ,36562.75,ABE73425,ASSRSSTRNNS,148,158.0
78,HLA-A32:01 ,36615.79,ABE73425,YLGTGPHKDLK,78,159.0
147,HLA-A32:01 ,36680.95,ABE73425,RASSRSSTRNN,147,160.0
45,HLA-A32:01 ,36686.48,ABE73425,GNKDEQIGYWN,45,161.0
76,HLA-A32:01 ,36857.48,ABE73425,FYYLGTGPHKD,76,162.0
69,HLA-A32:01 ,36870.45,ABE73425,DLPPKVHFYYL,69,163.0
58,HLA-A32:01 ,36906.1,ABE73425,ERWRMRRGQRV,58,164.0
103,HLA-A32:01 ,36980.82,ABE73425,GAKTVNTSLGN,103,165.0
308,HLA-A32:01 ,36997.01,ABE73425,MLVAKDNKNLP,308,166.0
288,HLA-A32:01 ,37099.11,ABE73425,DSEVSTDEVGD,288,167.0
97,HLA-A32:01 ,37149.54,ABE73425,VWVAKEGAKTV,97,168.0
120,HLA-A32:01 ,37252.39,ABE73425,PLEPKFSIALP,120,169.0
26,HLA-A32:01 ,37264.77,ABE73425,SSDKAPYRVIP,26,170.0
246,HLA-A32:01 ,37330.15,ABE73425,QCFGPRDFNHN,246,171.0
55,HLA-A32:01 ,37372.97,ABE73425,NVQERWRMRRG,55,172.0
153,HLA-A32:01 ,37414.36,ABE73425,STRNNSRDSSR,153,173.0
242,HLA-A32:01 ,37514.78,ABE73425,ENVIQCFGPRD,242,174.0
70,HLA-A32:01 ,37521.38,ABE73425,LPPKVHFYYLG,70,175.0
322,HLA-A32:01 ,37599.28,ABE73425,EQISAFTKPSS,322,176.0
285,HLA-A32:01 ,37638.12,ABE73425,LFFDSEVSTDE,285,177.0
333,HLA-A32:01 ,37684.06,ABE73425,IKEMQSQSSHV,333,178.0
279,HLA-A32:01 ,37725.56,ABE73425,IPNQAALFFDS,279,179.0
260,HLA-A32:01 ,37768.43,ABE73425,SDLVQNGVDAK,260,180.0
191,HLA-A32:01 ,37819.83,ABE73425,LKNLGFDNQSK,191,181.0
165,HLA-A32:01 ,37821.47,ABE73425,TSRQQSRTRSD,165,182.0
124,HLA-A32:01 ,37831.74,ABE73425,KFSIALPPELS,124,183.0
149,HLA-A32:01 ,37851.64,ABE73425,SSRSSTRNNSR,149,184.0
184,HLA-A32:01 ,37864.93,ABE73425,VAAVTLALKNL,184,185.0
163,HLA-A32:01 ,37869.65,ABE73425,RSTSRQQSRTR,163,186.0
320,HLA-A32:01 ,37896.01,ABE73425,FIEQISAFTKP,320,187.0
195,HLA-A32:01 ,38006.38,ABE73425,GFDNQSKSPSS,195,188.0
14,HLA-A32:01 ,38018.09,ABE73425,FPPPSFYMPLL,14,189.0
145,HLA-A32:01 ,38041.42,ABE73425,SSRASSRSSTR,145,190.0
8,HLA-A32:01 ,38045.14,ABE73425,RAARKKFPPPS,8,191.0
61,HLA-A32:01 ,38067.58,ABE73425,RMRRGQRVDLP,61,192.0
19,HLA-A32:01 ,38087.7,ABE73425,FYMPLLVSSDK,19,193.0
254,HLA-A32:01 ,38095.63,ABE73425,NHNMGDSDLVQ,254,194.0
228,HLA-A32:01 ,38117.46,ABE73425,QLKKPRWKRVP,228,195.0
41,HLA-A32:01 ,38148.76,ABE73425,PIGKGNKDEQI,41,196.0
135,HLA-A32:01 ,38149.93,ABE73425,VVEFEDRSNNS,135,197.0
11,HLA-A32:01 ,38185.25,ABE73425,RKKFPPPSFYM,11,198.0
196,HLA-A32:01 ,38210.22,ABE73425,FDNQSKSPSSS,196,199.0
164,HLA-A32:01 ,38268.08,ABE73425,STSRQQSRTRS,164,200.0
161,HLA-A32:01 ,38289.11,ABE73425,SSRSTSRQQSR,161,201.0
75,HLA-A32:01 ,38296.43,ABE73425,HFYYLGTGPHK,75,202.0
62,HLA-A32:01 ,38317.31,ABE73425,MRRGQRVDLPP,62,203.0
152,HLA-A32:01 ,38399.91,ABE73425,SSTRNNSRDSS,152,204.0
174,HLA-A32:01 ,38418.35,ABE73425,SDSNQSSSDLV,174,205.0
202,HLA-A32:01 ,38467.34,ABE73425,SPSSSGTFTPK,202,206.0
263,HLA-A32:01 ,38468.81,ABE73425,VQNGVDAKGFP,263,207.0
256,HLA-A32:01 ,38522.52,ABE73425,NMGDSDLVQNG,256,208.0
74,HLA-A32:01 ,38584.95,ABE73425,VHFYYLGTGPH,74,209.0
286,HLA-A32:01 ,38589.73,ABE73425,FFDSEVSTDEV,286,210.0
204,HLA-A32:01 ,38617.95,ABE73425,SSSGTFTPKKP,204,211.0
7,HLA-A32:01 ,38636.33,ABE73425,DRAARKKFPPP,7,212.0
114,HLA-A32:01 ,38709.09,ABE73425,RKRNQKPLEPK,114,213.0
209,HLA-A32:01 ,38745.97,ABE73425,FTPKKPNKPLS,209,214.0
225,HLA-A32:01 ,38770.03,ABE73425,KPSQLKKPRWK,225,215.0
122,HLA-A32:01 ,38785.82,ABE73425,EPKFSIALPPE,122,216.0
222,HLA-A32:01 ,38838.19,ABE73425,RADKPSQLKKP,222,217.0
83,HLA-A32:01 ,38876.61,ABE73425,PHKDLKFRQRS,83,218.0
265,HLA-A32:01 ,38919.57,ABE73425,NGVDAKGFPQL,265,219.0
93,HLA-A32:01 ,38979.97,ABE73425,SDGVVWVAKEG,93,220.0
194,HLA-A32:01 ,39089.65,ABE73425,LGFDNQSKSPS,194,221.0
207,HLA-A32:01 ,39146.86,ABE73425,GTFTPKKPNKP,207,222.0
214,HLA-A32:01 ,39199.55,ABE73425,PNKPLSQPRAD,214,223.0
305,HLA-A32:01 ,39224.63,ABE73425,TYKMLVAKDNK,305,224.0
106,HLA-A32:01 ,39243.11,ABE73425,TVNTSLGNRKR,106,225.0
23,HLA-A32:01 ,39294.15,ABE73425,LLVSSDKAPYR,23,226.0
240,HLA-A32:01 ,39306.73,ABE73425,REENVIQCFGP,240,227.0
291,HLA-A32:01 ,39350.05,ABE73425,VSTDEVGDNVQ,291,228.0
144,HLA-A32:01 ,39406.7,ABE73425,NSSRASSRSST,144,229.0
109,HLA-A32:01 ,39409.29,ABE73425,TSLGNRKRNQK,109,230.0
259,HLA-A32:01 ,39466.47,ABE73425,DSDLVQNGVDA,259,231.0
129,HLA-A32:01 ,39474.19,ABE73425,LPPELSVVEFE,129,232.0
123,HLA-A32:01 ,39488.62,ABE73425,PKFSIALPPEL,123,233.0
43,HLA-A32:01 ,39569.83,ABE73425,GKGNKDEQIGY,43,234.0
219,HLA-A32:01 ,39575.62,ABE73425,SQPRADKPSQL,219,235.0
59,HLA-A32:01 ,39662.83,ABE73425,RWRMRRGQRVD,59,236.0
151,HLA-A32:01 ,39676.4,ABE73425,RSSTRNNSRDS,151,237.0
6,HLA-A32:01 ,39681.43,ABE73425,DDRAARKKFPP,6,238.0
36,HLA-A32:01 ,39700.26,ABE73425,PRNLVPIGKGN,36,239.0
203,HLA-A32:01 ,39712.13,ABE73425,PSSSGTFTPKK,203,240.0
205,HLA-A32:01 ,39740.64,ABE73425,SSGTFTPKKPN,205,241.0
42,HLA-A32:01 ,39747.29,ABE73425,IGKGNKDEQIG,42,242.0
321,HLA-A32:01 ,39752.43,ABE73425,IEQISAFTKPS,321,243.0
280,HLA-A32:01 ,39761.36,ABE73425,PNQAALFFDSE,280,244.0
104,HLA-A32:01 ,39763.89,ABE73425,AKTVNTSLGNR,104,245.0
193,HLA-A32:01 ,39886.46,ABE73425,NLGFDNQSKSP,193,246.0
223,HLA-A32:01 ,39887.97,ABE73425,ADKPSQLKKPR,223,247.0
60,HLA-A32:01 ,39941.64,ABE73425,WRMRRGQRVDL,60,248.0
253,HLA-A32:01 ,39968.79,ABE73425,FNHNMGDSDLV,253,249.0
170,HLA-A32:01 ,40086.99,ABE73425,SRTRSDSNQSS,170,250.0
85,HLA-A32:01 ,40113.37,ABE73425,KDLKFRQRSDG,85,251.0
197,HLA-A32:01 ,40114.38,ABE73425,DNQSKSPSSSG,197,252.0
63,HLA-A32:01 ,40117.15,ABE73425,RRGQRVDLPPK,63,253.0
31,HLA-A32:01 ,40117.53,ABE73425,PYRVIPRNLVP,31,254.0
328,HLA-A32:01 ,40128.59,ABE73425,TKPSSIKEMQS,328,255.0
185,HLA-A32:01 ,40162.41,ABE73425,AAVTLALKNLG,185,256.0
107,HLA-A32:01 ,40168.66,ABE73425,VNTSLGNRKRN,107,257.0
29,HLA-A32:01 ,40245.15,ABE73425,KAPYRVIPRNL,29,258.0
30,HLA-A32:01 ,40333.15,ABE73425,APYRVIPRNLV,30,259.0
330,HLA-A32:01 ,40356.87,ABE73425,PSSIKEMQSQS,330,260.0
249,HLA-A32:01 ,40358.2,ABE73425,GPRDFNHNMGD,249,261.0
21,HLA-A32:01 ,40409.41,ABE73425,MPLLVSSDKAP,21,262.0
213,HLA-A32:01 ,40417.72,ABE73425,KPNKPLSQPRA,213,263.0
146,HLA-A32:01 ,40418.78,ABE73425,SRASSRSSTRN,146,264.0
102,HLA-A32:01 ,40477.91,ABE73425,EGAKTVNTSLG,102,265.0
252,HLA-A32:01 ,40485.62,ABE73425,DFNHNMGDSDL,252,266.0
22,HLA-A32:01 ,40593.25,ABE73425,PLLVSSDKAPY,22,267.0
156,HLA-A32:01 ,40604.41,ABE73425,NNSRDSSRSTS,156,268.0
143,HLA-A32:01 ,40620.46,ABE73425,NNSSRASSRSS,143,269.0
86,HLA-A32:01 ,40657.63,ABE73425,DLKFRQRSDGV,86,270.0
139,HLA-A32:01 ,40673.08,ABE73425,EDRSNNSSRAS,139,271.0
110,HLA-A32:01 ,40677.86,ABE73425,SLGNRKRNQKP,110,272.0
81,HLA-A32:01 ,40690.5,ABE73425,TGPHKDLKFRQ,81,273.0
231,HLA-A32:01 ,40692.84,ABE73425,KPRWKRVPTRE,231,274.0
37,HLA-A32:01 ,40718.71,ABE73425,RNLVPIGKGNK,37,275.0
211,HLA-A32:01 ,40727.68,ABE73425,PKKPNKPLSQP,211,276.0
155,HLA-A32:01 ,40798.63,ABE73425,RNNSRDSSRST,155,277.0
4,HLA-A32:01 ,40860.17,ABE73425,WADDRAARKKF,4,278.0
215,HLA-A32:01 ,40871.98,ABE73425,NKPLSQPRADK,215,279.0
136,HLA-A32:01 ,40932.81,ABE73425,VEFEDRSNNSS,136,280.0
157,HLA-A32:01 ,40966.26,ABE73425,NSRDSSRSTSR,157,281.0
210,HLA-A32:01 ,41006.33,ABE73425,TPKKPNKPLSQ,210,282.0
261,HLA-A32:01 ,41010.13,ABE73425,DLVQNGVDAKG,261,283.0
290,HLA-A32:01 ,41037.64,ABE73425,EVSTDEVGDNV,290,284.0
189,HLA-A32:01 ,41046.04,ABE73425,LALKNLGFDNQ,189,285.0
198,HLA-A32:01 ,41058.89,ABE73425,NQSKSPSSSGT,198,286.0
326,HLA-A32:01 ,41093.33,ABE73425,AFTKPSSIKEM,326,287.0
264,HLA-A32:01 ,41107.16,ABE73425,QNGVDAKGFPQ,264,288.0
68,HLA-A32:01 ,41127.53,ABE73425,VDLPPKVHFYY,68,289.0
160,HLA-A32:01 ,41162.53,ABE73425,DSSRSTSRQQS,160,290.0
220,HLA-A32:01 ,41171.34,ABE73425,QPRADKPSQLK,220,291.0
150,HLA-A32:01 ,41178.43,ABE73425,SRSSTRNNSRD,150,292.0
137,HLA-A32:01 ,41222.68,ABE73425,EFEDRSNNSSR,137,293.0
154,HLA-A32:01 ,41267.37,ABE73425,TRNNSRDSSRS,154,294.0
87,HLA-A32:01 ,41287.64,ABE73425,LKFRQRSDGVV,87,295.0
272,HLA-A32:01 ,41311.6,ABE73425,FPQLAELIPNQ,272,296.0
287,HLA-A32:01 ,41332.28,ABE73425,FDSEVSTDEVG,287,297.0
250,HLA-A32:01 ,41413.16,ABE73425,PRDFNHNMGDS,250,298.0
39,HLA-A32:01 ,41415.07,ABE73425,LVPIGKGNKDE,39,299.0
169,HLA-A32:01 ,41472.02,ABE73425,QSRTRSDSNQS,169,300.0
111,HLA-A32:01 ,41489.81,ABE73425,LGNRKRNQKPL,111,301.0
289,HLA-A32:01 ,41536.33,ABE73425,SEVSTDEVGDN,289,302.0
113,HLA-A32:01 ,41541.37,ABE73425,NRKRNQKPLEP,113,303.0
206,HLA-A32:01 ,41550.41,ABE73425,SGTFTPKKPNK,206,304.0
56,HLA-A32:01 ,41560.7,ABE73425,VQERWRMRRGQ,56,305.0
142,HLA-A32:01 ,41572.49,ABE73425,SNNSSRASSRS,142,306.0
35,HLA-A32:01 ,41575.1,ABE73425,IPRNLVPIGKG,35,307.0
239,HLA-A32:01 ,41585.22,ABE73425,TREENVIQCFG,239,308.0
216,HLA-A32:01 ,41594.3,ABE73425,KPLSQPRADKP,216,309.0
108,HLA-A32:01 ,41620.7,ABE73425,NTSLGNRKRNQ,108,310.0
217,HLA-A32:01 ,41721.55,ABE73425,PLSQPRADKPS,217,311.0
329,HLA-A32:01 ,41767.44,ABE73425,KPSSIKEMQSQ,329,312.0
232,HLA-A32:01 ,41803.61,ABE73425,PRWKRVPTREE,232,313.0
162,HLA-A32:01 ,41823.89,ABE73425,SRSTSRQQSRT,162,314.0
234,HLA-A32:01 ,41844.87,ABE73425,WKRVPTREENV,234,315.0
10,HLA-A32:01 ,41937.41,ABE73425,ARKKFPPPSFY,10,316.0
2,HLA-A32:01 ,41993.5,ABE73425,VNWADDRAARK,2,317.0
168,HLA-A32:01 ,42017.94,ABE73425,QQSRTRSDSNQ,168,318.0
112,HLA-A32:01 ,42110.1,ABE73425,GNRKRNQKPLE,112,319.0
247,HLA-A32:01 ,42259.68,ABE73425,CFGPRDFNHNM,247,320.0
208,HLA-A32:01 ,42261.35,ABE73425,TFTPKKPNKPL,208,321.0
218,HLA-A32:01 ,42272.48,ABE73425,LSQPRADKPSQ,218,322.0
327,HLA-A32:01 ,42322.29,ABE73425,FTKPSSIKEMQ,327,323.0
77,HLA-A32:01 ,42398.43,ABE73425,YYLGTGPHKDL,77,324.0
221,HLA-A32:01 ,42500.29,ABE73425,PRADKPSQLKK,221,325.0
248,HLA-A32:01 ,42572.66,ABE73425,FGPRDFNHNMG,248,326.0
5,HLA-A32:01 ,42581.12,ABE73425,ADDRAARKKFP,5,327.0
138,HLA-A32:01 ,42612.35,ABE73425,FEDRSNNSSRA,138,328.0
166,HLA-A32:01 ,42655.78,ABE73425,SRQQSRTRSDS,166,329.0
233,HLA-A32:01 ,42743.42,ABE73425,RWKRVPTREEN,233,330.0
3,HLA-A32:01 ,42952.2,ABE73425,NWADDRAARKK,3,331.0
159,HLA-A32:01 ,43472.9,ABE73425,RDSSRSTSRQQ,159,332.0
158,HLA-A32:01 ,43494.61,ABE73425,SRDSSRSTSRQ,158,333.0
40,HLA-A32:01 ,43983.79,ABE73425,VPIGKGNKDEQ,40,334.0
128,HLA-A02:01,4948.96,ABE73425,ALPPELSVVEF,128,1.0
274,HLA-A02:01,5057.43,ABE73425,QLAELIPNQAA,274,2.0
286,HLA-A02:01,5418.39,ABE73425,FFDSEVSTDEV,286,3.0
316,HLA-A02:01,5444.21,ABE73425,NLPKFIEQISA,316,4.0
126,HLA-A02:01,5451.18,ABE73425,SIALPPELSVV,126,5.0
125,HLA-A02:01,5470.78,ABE73425,FSIALPPELSV,125,6.0
257,HLA-A02:01,5513.73,ABE73425,MGDSDLVQNGV,257,7.0
300,HLA-A02:01,5531.45,ABE73425,VQITYTYKMLV,300,8.0
30,HLA-A02:01,5534.03,ABE73425,APYRVIPRNLV,30,9.0
302,HLA-A02:01,5534.22,ABE73425,ITYTYKMLVAK,302,10.0
177,HLA-A02:01,5534.35,ABE73425,NQSSSDLVAAV,177,11.0
64,HLA-A02:01,5535.08,ABE73425,RGQRVDLPPKV,64,12.0
281,HLA-A02:01,5540.57,ABE73425,NQAALFFDSEV,281,13.0
253,HLA-A02:01,5544.92,ABE73425,FNHNMGDSDLV,253,14.0
303,HLA-A02:01,5548.36,ABE73425,TYTYKMLVAKD,303,15.0
86,HLA-A02:01,5552.62,ABE73425,DLKFRQRSDGV,86,16.0
103,HLA-A02:01,5552.67,ABE73425,GAKTVNTSLGN,103,17.0
307,HLA-A02:01,5553.85,ABE73425,KMLVAKDNKNL,307,18.0
249,HLA-A02:01,5554.69,ABE73425,GPRDFNHNMGD,249,19.0
288,HLA-A02:01,5556.06,ABE73425,DSEVSTDEVGD,288,20.0
324,HLA-A02:01,5556.17,ABE73425,ISAFTKPSSIK,324,21.0
301,HLA-A02:01,5557.6,ABE73425,QITYTYKMLVA,301,22.0
20,HLA-A02:01,5557.75,ABE73425,YMPLLVSSDKA,20,23.0
97,HLA-A02:01,5559.11,ABE73425,VWVAKEGAKTV,97,24.0
251,HLA-A02:01,5560.95,ABE73425,RDFNHNMGDSD,251,25.0
220,HLA-A02:01,5562.52,ABE73425,QPRADKPSQLK,220,26.0
34,HLA-A02:01,5562.63,ABE73425,VIPRNLVPIGK,34,27.0
57,HLA-A02:01,5564.82,ABE73425,QERWRMRRGQR,57,28.0
24,HLA-A02:01,5565.45,ABE73425,LVSSDKAPYRV,24,29.0
172,HLA-A02:01,5565.64,ABE73425,TRSDSNQSSSD,172,30.0
15,HLA-A02:01,5565.84,ABE73425,PPPSFYMPLLV,15,31.0
106,HLA-A02:01,5567.07,ABE73425,TVNTSLGNRKR,106,32.0
165,HLA-A02:01,5567.2,ABE73425,TSRQQSRTRSD,165,33.0
179,HLA-A02:01,5567.65,ABE73425,SSSDLVAAVTL,179,34.0
84,HLA-A02:01,5568.91,ABE73425,HKDLKFRQRSD,84,35.0
76,HLA-A02:01,5570.67,ABE73425,FYYLGTGPHKD,76,36.0
174,HLA-A02:01,5570.84,ABE73425,SDSNQSSSDLV,174,37.0
333,HLA-A02:01,5571.53,ABE73425,IKEMQSQSSHV,333,38.0
297,HLA-A02:01,5571.62,ABE73425,GDNVQITYTYK,297,39.0
36,HLA-A02:01,5572.72,ABE73425,PRNLVPIGKGN,36,40.0
255,HLA-A02:01,5572.77,ABE73425,HNMGDSDLVQN,255,41.0
104,HLA-A02:01,5573.22,ABE73425,AKTVNTSLGNR,104,42.0
91,HLA-A02:01,5573.34,ABE73425,QRSDGVVWVAK,91,43.0
163,HLA-A02:01,5573.54,ABE73425,RSTSRQQSRTR,163,44.0
287,HLA-A02:01,5573.71,ABE73425,FDSEVSTDEVG,287,45.0
82,HLA-A02:01,5574.74,ABE73425,GPHKDLKFRQR,82,46.0
182,HLA-A02:01,5575.06,ABE73425,DLVAAVTLALK,182,47.0
44,HLA-A02:01,5575.77,ABE73425,KGNKDEQIGYW,44,48.0
56,HLA-A02:01,5576.03,ABE73425,VQERWRMRRGQ,56,49.0
221,HLA-A02:01,5576.08,ABE73425,PRADKPSQLKK,221,50.0
167,HLA-A02:01,5576.43,ABE73425,RQQSRTRSDSN,167,51.0
0,HLA-A02:01,5576.44,ABE73425,ASVNWADDRAA,0,52.0
3,HLA-A02:01,5576.91,ABE73425,NWADDRAARKK,3,53.0
77,HLA-A02:01,5576.95,ABE73425,YYLGTGPHKDL,77,54.0
203,HLA-A02:01,5577.24,ABE73425,PSSSGTFTPKK,203,55.0
180,HLA-A02:01,5577.73,ABE73425,SSDLVAAVTLA,180,56.0
246,HLA-A02:01,5577.76,ABE73425,QCFGPRDFNHN,246,57.0
109,HLA-A02:01,5577.88,ABE73425,TSLGNRKRNQK,109,58.0
176,HLA-A02:01,5577.99,ABE73425,SNQSSSDLVAA,176,59.0
145,HLA-A02:01,5578.07,ABE73425,SSRASSRSSTR,145,60.0
53,HLA-A02:01,5578.08,ABE73425,YWNVQERWRMR,53,61.0
26,HLA-A02:01,5578.28,ABE73425,SSDKAPYRVIP,26,62.0
40,HLA-A02:01,5578.55,ABE73425,VPIGKGNKDEQ,40,63.0
46,HLA-A02:01,5578.64,ABE73425,NKDEQIGYWNV,46,64.0
275,HLA-A02:01,5579.07,ABE73425,LAELIPNQAAL,275,65.0
42,HLA-A02:01,5579.37,ABE73425,IGKGNKDEQIG,42,66.0
183,HLA-A02:01,5579.4,ABE73425,LVAAVTLALKN,183,67.0
169,HLA-A02:01,5579.63,ABE73425,QSRTRSDSNQS,169,68.0
161,HLA-A02:01,5580.46,ABE73425,SSRSTSRQQSR,161,69.0
19,HLA-A02:01,5580.66,ABE73425,FYMPLLVSSDK,19,70.0
159,HLA-A02:01,5580.78,ABE73425,RDSSRSTSRQQ,159,71.0
325,HLA-A02:01,5581.1,ABE73425,SAFTKPSSIKE,325,72.0
240,HLA-A02:01,5581.23,ABE73425,REENVIQCFGP,240,73.0
218,HLA-A02:01,5581.35,ABE73425,LSQPRADKPSQ,218,74.0
94,HLA-A02:01,5581.68,ABE73425,DGVVWVAKEGA,94,75.0
191,HLA-A02:01,5581.72,ABE73425,LKNLGFDNQSK,191,76.0
248,HLA-A02:01,5581.85,ABE73425,FGPRDFNHNMG,248,77.0
258,HLA-A02:01,5581.92,ABE73425,GDSDLVQNGVD,258,78.0
60,HLA-A02:01,5582.08,ABE73425,WRMRRGQRVDL,60,79.0
1,HLA-A02:01,5582.18,ABE73425,SVNWADDRAAR,1,80.0
79,HLA-A02:01,5582.3,ABE73425,LGTGPHKDLKF,79,81.0
202,HLA-A02:01,5582.66,ABE73425,SPSSSGTFTPK,202,82.0
107,HLA-A02:01,5582.69,ABE73425,VNTSLGNRKRN,107,83.0
186,HLA-A02:01,5583.05,ABE73425,AVTLALKNLGF,186,84.0
233,HLA-A02:01,5583.16,ABE73425,RWKRVPTREEN,233,85.0
306,HLA-A02:01,5583.56,ABE73425,YKMLVAKDNKN,306,86.0
214,HLA-A02:01,5583.59,ABE73425,PNKPLSQPRAD,214,87.0
89,HLA-A02:01,5583.69,ABE73425,FRQRSDGVVWV,89,88.0
168,HLA-A02:01,5583.77,ABE73425,QQSRTRSDSNQ,168,89.0
261,HLA-A02:01,5583.79,ABE73425,DLVQNGVDAKG,261,90.0
175,HLA-A02:01,5583.92,ABE73425,DSNQSSSDLVA,175,91.0
118,HLA-A02:01,5583.98,ABE73425,QKPLEPKFSIA,118,92.0
242,HLA-A02:01,5583.99,ABE73425,ENVIQCFGPRD,242,93.0
234,HLA-A02:01,5584.01,ABE73425,WKRVPTREENV,234,94.0
35,HLA-A02:01,5584.08,ABE73425,IPRNLVPIGKG,35,95.0
152,HLA-A02:01,5584.32,ABE73425,SSTRNNSRDSS,152,96.0
205,HLA-A02:01,5584.33,ABE73425,SSGTFTPKKPN,205,97.0
289,HLA-A02:01,5584.33,ABE73425,SEVSTDEVGDN,289,97.0
153,HLA-A02:01,5584.57,ABE73425,STRNNSRDSSR,153,99.0
226,HLA-A02:01,5584.58,ABE73425,PSQLKKPRWKR,226,100.0
2,HLA-A02:01,5585.02,ABE73425,VNWADDRAARK,2,101.0
149,HLA-A02:01,5585.17,ABE73425,SSRSSTRNNSR,149,102.0
291,HLA-A02:01,5585.34,ABE73425,VSTDEVGDNVQ,291,103.0
197,HLA-A02:01,5585.38,ABE73425,DNQSKSPSSSG,197,104.0
138,HLA-A02:01,5585.45,ABE73425,FEDRSNNSSRA,138,105.0
181,HLA-A02:01,5585.49,ABE73425,SDLVAAVTLAL,181,106.0
95,HLA-A02:01,5585.96,ABE73425,GVVWVAKEGAK,95,107.0
260,HLA-A02:01,5586.27,ABE73425,SDLVQNGVDAK,260,108.0
192,HLA-A02:01,5586.4,ABE73425,KNLGFDNQSKS,192,109.0
150,HLA-A02:01,5586.61,ABE73425,SRSSTRNNSRD,150,110.0
85,HLA-A02:01,5586.66,ABE73425,KDLKFRQRSDG,85,111.0
45,HLA-A02:01,5586.72,ABE73425,GNKDEQIGYWN,45,112.0
157,HLA-A02:01,5586.94,ABE73425,NSRDSSRSTSR,157,113.0
114,HLA-A02:01,5586.96,ABE73425,RKRNQKPLEPK,114,114.0
267,HLA-A02:01,5587.06,ABE73425,VDAKGFPQLAE,267,115.0
70,HLA-A02:01,5587.09,ABE73425,LPPKVHFYYLG,70,116.0
141,HLA-A02:01,5587.09,ABE73425,RSNNSSRASSR,141,116.0
55,HLA-A02:01,5587.12,ABE73425,NVQERWRMRRG,55,118.0
147,HLA-A02:01,5587.14,ABE73425,RASSRSSTRNN,147,119.0
146,HLA-A02:01,5587.17,ABE73425,SRASSRSSTRN,146,120.0
171,HLA-A02:01,5587.39,ABE73425,RTRSDSNQSSS,171,121.0
151,HLA-A02:01,5587.45,ABE73425,RSSTRNNSRDS,151,122.0
215,HLA-A02:01,5587.64,ABE73425,NKPLSQPRADK,215,123.0
108,HLA-A02:01,5587.66,ABE73425,NTSLGNRKRNQ,108,124.0
102,HLA-A02:01,5588.03,ABE73425,EGAKTVNTSLG,102,125.0
58,HLA-A02:01,5588.12,ABE73425,ERWRMRRGQRV,58,126.0
330,HLA-A02:01,5588.33,ABE73425,PSSIKEMQSQS,330,127.0
158,HLA-A02:01,5588.36,ABE73425,SRDSSRSTSRQ,158,128.0
5,HLA-A02:01,5588.46,ABE73425,ADDRAARKKFP,5,129.0
72,HLA-A02:01,5588.49,ABE73425,PKVHFYYLGTG,72,130.0
292,HLA-A02:01,5588.59,ABE73425,STDEVGDNVQI,292,131.0
254,HLA-A02:01,5588.74,ABE73425,NHNMGDSDLVQ,254,132.0
136,HLA-A02:01,5589.09,ABE73425,VEFEDRSNNSS,136,133.0
92,HLA-A02:01,5589.18,ABE73425,RSDGVVWVAKE,92,134.0
93,HLA-A02:01,5589.19,ABE73425,SDGVVWVAKEG,93,135.0
270,HLA-A02:01,5589.34,ABE73425,KGFPQLAELIP,270,136.0
210,HLA-A02:01,5589.43,ABE73425,TPKKPNKPLSQ,210,137.0
18,HLA-A02:01,5589.66,ABE73425,SFYMPLLVSSD,18,138.0
264,HLA-A02:01,5589.83,ABE73425,QNGVDAKGFPQ,264,139.0
148,HLA-A02:01,5589.94,ABE73425,ASSRSSTRNNS,148,140.0
160,HLA-A02:01,5590.0,ABE73425,DSSRSTSRQQS,160,141.0
140,HLA-A02:01,5590.24,ABE73425,DRSNNSSRASS,140,142.0
119,HLA-A02:01,5590.27,ABE73425,KPLEPKFSIAL,119,143.0
250,HLA-A02:01,5590.47,ABE73425,PRDFNHNMGDS,250,144.0
101,HLA-A02:01,5590.52,ABE73425,KEGAKTVNTSL,101,145.0
133,HLA-A02:01,5590.63,ABE73425,LSVVEFEDRSN,133,146.0
135,HLA-A02:01,5590.76,ABE73425,VVEFEDRSNNS,135,147.0
222,HLA-A02:01,5590.89,ABE73425,RADKPSQLKKP,222,148.0
230,HLA-A02:01,5590.94,ABE73425,KKPRWKRVPTR,230,149.0
170,HLA-A02:01,5591.0,ABE73425,SRTRSDSNQSS,170,150.0
51,HLA-A02:01,5591.2,ABE73425,IGYWNVQERWR,51,151.0
305,HLA-A02:01,5591.21,ABE73425,TYKMLVAKDNK,305,152.0
206,HLA-A02:01,5591.36,ABE73425,SGTFTPKKPNK,206,153.0
49,HLA-A02:01,5591.46,ABE73425,EQIGYWNVQER,49,154.0
59,HLA-A02:01,5591.46,ABE73425,RWRMRRGQRVD,59,154.0
100,HLA-A02:01,5591.56,ABE73425,AKEGAKTVNTS,100,156.0
241,HLA-A02:01,5591.59,ABE73425,EENVIQCFGPR,241,157.0
137,HLA-A02:01,5592.33,ABE73425,EFEDRSNNSSR,137,158.0
54,HLA-A02:01,5592.35,ABE73425,WNVQERWRMRR,54,159.0
217,HLA-A02:01,5592.49,ABE73425,PLSQPRADKPS,217,160.0
139,HLA-A02:01,5592.57,ABE73425,EDRSNNSSRAS,139,161.0
41,HLA-A02:01,5592.87,ABE73425,PIGKGNKDEQI,41,162.0
259,HLA-A02:01,5592.96,ABE73425,DSDLVQNGVDA,259,163.0
290,HLA-A02:01,5593.06,ABE73425,EVSTDEVGDNV,290,164.0
113,HLA-A02:01,5593.15,ABE73425,NRKRNQKPLEP,113,165.0
211,HLA-A02:01,5593.15,ABE73425,PKKPNKPLSQP,211,165.0
239,HLA-A02:01,5593.15,ABE73425,TREENVIQCFG,239,165.0
112,HLA-A02:01,5593.16,ABE73425,GNRKRNQKPLE,112,168.0
329,HLA-A02:01,5593.16,ABE73425,KPSSIKEMQSQ,329,168.0
328,HLA-A02:01,5593.33,ABE73425,TKPSSIKEMQS,328,170.0
143,HLA-A02:01,5593.43,ABE73425,NNSSRASSRSS,143,171.0
199,HLA-A02:01,5593.54,ABE73425,QSKSPSSSGTF,199,172.0
225,HLA-A02:01,5593.75,ABE73425,KPSQLKKPRWK,225,173.0
310,HLA-A02:01,5593.8,ABE73425,VAKDNKNLPKF,310,174.0
317,HLA-A02:01,5593.8,ABE73425,LPKFIEQISAF,317,174.0
331,HLA-A02:01,5593.9,ABE73425,SSIKEMQSQSS,331,176.0
268,HLA-A02:01,5594.39,ABE73425,DAKGFPQLAEL,268,177.0
216,HLA-A02:01,5594.53,ABE73425,KPLSQPRADKP,216,178.0
166,HLA-A02:01,5594.73,ABE73425,SRQQSRTRSDS,166,179.0
189,HLA-A02:01,5594.91,ABE73425,LALKNLGFDNQ,189,180.0
47,HLA-A02:01,5595.0,ABE73425,KDEQIGYWNVQ,47,181.0
327,HLA-A02:01,5595.03,ABE73425,FTKPSSIKEMQ,327,182.0
223,HLA-A02:01,5595.31,ABE73425,ADKPSQLKKPR,223,183.0
209,HLA-A02:01,5595.38,ABE73425,FTPKKPNKPLS,209,184.0
194,HLA-A02:01,5595.59,ABE73425,LGFDNQSKSPS,194,185.0
213,HLA-A02:01,5595.7,ABE73425,KPNKPLSQPRA,213,186.0
4,HLA-A02:01,5595.8,ABE73425,WADDRAARKKF,4,187.0
13,HLA-A02:01,5595.95,ABE73425,KFPPPSFYMPL,13,188.0
43,HLA-A02:01,5596.08,ABE73425,GKGNKDEQIGY,43,189.0
87,HLA-A02:01,5596.09,ABE73425,LKFRQRSDGVV,87,190.0
14,HLA-A02:01,5596.46,ABE73425,FPPPSFYMPLL,14,191.0
212,HLA-A02:01,5596.78,ABE73425,KKPNKPLSQPR,212,192.0
63,HLA-A02:01,5596.87,ABE73425,RRGQRVDLPPK,63,193.0
232,HLA-A02:01,5596.9,ABE73425,PRWKRVPTREE,232,194.0
69,HLA-A02:01,5596.99,ABE73425,DLPPKVHFYYL,69,195.0
28,HLA-A02:01,5597.03,ABE73425,DKAPYRVIPRN,28,196.0
195,HLA-A02:01,5597.91,ABE73425,GFDNQSKSPSS,195,197.0
9,HLA-A02:01,5597.97,ABE73425,AARKKFPPPSF,9,198.0
105,HLA-A02:01,5598.16,ABE73425,KTVNTSLGNRK,105,199.0
66,HLA-A02:01,5598.58,ABE73425,QRVDLPPKVHF,66,200.0
304,HLA-A02:01,5598.67,ABE73425,YTYKMLVAKDN,304,201.0
314,HLA-A02:01,5598.69,ABE73425,NKNLPKFIEQI,314,202.0
50,HLA-A02:01,5598.7,ABE73425,QIGYWNVQERW,50,203.0
204,HLA-A02:01,5598.74,ABE73425,SSSGTFTPKKP,204,204.0
265,HLA-A02:01,5598.86,ABE73425,NGVDAKGFPQL,265,205.0
12,HLA-A02:01,5598.95,ABE73425,KKFPPPSFYMP,12,206.0
120,HLA-A02:01,5598.99,ABE73425,PLEPKFSIALP,120,207.0
332,HLA-A02:01,5599.13,ABE73425,SIKEMQSQSSH,332,208.0
273,HLA-A02:01,5599.24,ABE73425,PQLAELIPNQA,273,209.0
131,HLA-A02:01,5599.54,ABE73425,PELSVVEFEDR,131,210.0
247,HLA-A02:01,5599.61,ABE73425,CFGPRDFNHNM,247,211.0
71,HLA-A02:01,5599.65,ABE73425,PPKVHFYYLGT,71,212.0
238,HLA-A02:01,5599.9,ABE73425,PTREENVIQCF,238,213.0
322,HLA-A02:01,5599.9,ABE73425,EQISAFTKPSS,322,213.0
272,HLA-A02:01,5600.1,ABE73425,FPQLAELIPNQ,272,215.0
185,HLA-A02:01,5600.13,ABE73425,AAVTLALKNLG,185,216.0
48,HLA-A02:01,5600.17,ABE73425,DEQIGYWNVQE,48,217.0
321,HLA-A02:01,5600.23,ABE73425,IEQISAFTKPS,321,218.0
311,HLA-A02:01,5600.35,ABE73425,AKDNKNLPKFI,311,219.0
115,HLA-A02:01,5600.45,ABE73425,KRNQKPLEPKF,115,220.0
282,HLA-A02:01,5600.53,ABE73425,QAALFFDSEVS,282,221.0
156,HLA-A02:01,5600.54,ABE73425,NNSRDSSRSTS,156,222.0
219,HLA-A02:01,5600.56,ABE73425,SQPRADKPSQL,219,223.0
262,HLA-A02:01,5600.88,ABE73425,LVQNGVDAKGF,262,224.0
154,HLA-A02:01,5600.98,ABE73425,TRNNSRDSSRS,154,225.0
81,HLA-A02:01,5600.99,ABE73425,TGPHKDLKFRQ,81,226.0
313,HLA-A02:01,5601.13,ABE73425,DNKNLPKFIEQ,313,227.0
298,HLA-A02:01,5601.66,ABE73425,DNVQITYTYKM,298,228.0
90,HLA-A02:01,5601.77,ABE73425,RQRSDGVVWVA,90,229.0
235,HLA-A02:01,5601.86,ABE73425,KRVPTREENVI,235,230.0
227,HLA-A02:01,5602.14,ABE73425,SQLKKPRWKRV,227,231.0
236,HLA-A02:01,5602.39,ABE73425,RVPTREENVIQ,236,232.0
37,HLA-A02:01,5602.55,ABE73425,RNLVPIGKGNK,37,233.0
237,HLA-A02:01,5602.65,ABE73425,VPTREENVIQC,237,234.0
142,HLA-A02:01,5602.87,ABE73425,SNNSSRASSRS,142,235.0
98,HLA-A02:01,5602.89,ABE73425,WVAKEGAKTVN,98,236.0
73,HLA-A02:01,5602.98,ABE73425,KVHFYYLGTGP,73,237.0
224,HLA-A02:01,5603.45,ABE73425,DKPSQLKKPRW,224,238.0
52,HLA-A02:01,5603.52,ABE73425,GYWNVQERWRM,52,239.0
111,HLA-A02:01,5603.54,ABE73425,LGNRKRNQKPL,111,240.0
83,HLA-A02:01,5603.56,ABE73425,PHKDLKFRQRS,83,241.0
88,HLA-A02:01,5603.6,ABE73425,KFRQRSDGVVW,88,242.0
231,HLA-A02:01,5603.65,ABE73425,KPRWKRVPTRE,231,243.0
309,HLA-A02:01,5604.12,ABE73425,LVAKDNKNLPK,309,244.0
326,HLA-A02:01,5604.34,ABE73425,AFTKPSSIKEM,326,245.0
198,HLA-A02:01,5604.55,ABE73425,NQSKSPSSSGT,198,246.0
117,HLA-A02:01,5604.56,ABE73425,NQKPLEPKFSI,117,247.0
269,HLA-A02:01,5604.71,ABE73425,AKGFPQLAELI,269,248.0
75,HLA-A02:01,5604.81,ABE73425,HFYYLGTGPHK,75,249.0
243,HLA-A02:01,5604.83,ABE73425,NVIQCFGPRDF,243,250.0
123,HLA-A02:01,5605.25,ABE73425,PKFSIALPPEL,123,251.0
207,HLA-A02:01,5605.29,ABE73425,GTFTPKKPNKP,207,252.0
7,HLA-A02:01,5605.31,ABE73425,DRAARKKFPPP,7,253.0
245,HLA-A02:01,5605.32,ABE73425,IQCFGPRDFNH,245,254.0
80,HLA-A02:01,5605.54,ABE73425,GTGPHKDLKFR,80,255.0
279,HLA-A02:01,5605.89,ABE73425,IPNQAALFFDS,279,256.0
201,HLA-A02:01,5605.95,ABE73425,KSPSSSGTFTP,201,257.0
8,HLA-A02:01,5606.07,ABE73425,RAARKKFPPPS,8,258.0
319,HLA-A02:01,5606.29,ABE73425,KFIEQISAFTK,319,259.0
173,HLA-A02:01,5606.41,ABE73425,RSDSNQSSSDL,173,260.0
16,HLA-A02:01,5606.42,ABE73425,PPSFYMPLLVS,16,261.0
312,HLA-A02:01,5606.86,ABE73425,KDNKNLPKFIE,312,262.0
10,HLA-A02:01,5606.94,ABE73425,ARKKFPPPSFY,10,263.0
208,HLA-A02:01,5606.97,ABE73425,TFTPKKPNKPL,208,264.0
164,HLA-A02:01,5607.47,ABE73425,STSRQQSRTRS,164,265.0
27,HLA-A02:01,5607.53,ABE73425,SDKAPYRVIPR,27,266.0
74,HLA-A02:01,5607.62,ABE73425,VHFYYLGTGPH,74,267.0
65,HLA-A02:01,5607.73,ABE73425,GQRVDLPPKVH,65,268.0
17,HLA-A02:01,5608.3,ABE73425,PSFYMPLLVSS,17,269.0
280,HLA-A02:01,5608.4,ABE73425,PNQAALFFDSE,280,270.0
62,HLA-A02:01,5608.56,ABE73425,MRRGQRVDLPP,62,271.0
320,HLA-A02:01,5608.73,ABE73425,FIEQISAFTKP,320,272.0
178,HLA-A02:01,5608.85,ABE73425,QSSSDLVAAVT,178,273.0
130,HLA-A02:01,5608.9,ABE73425,PPELSVVEFED,130,274.0
196,HLA-A02:01,5608.95,ABE73425,FDNQSKSPSSS,196,275.0
110,HLA-A02:01,5609.07,ABE73425,SLGNRKRNQKP,110,276.0
25,HLA-A02:01,5609.22,ABE73425,VSSDKAPYRVI,25,277.0
263,HLA-A02:01,5609.23,ABE73425,VQNGVDAKGFP,263,278.0
271,HLA-A02:01,5609.26,ABE73425,GFPQLAELIPN,271,279.0
116,HLA-A02:01,5609.61,ABE73425,RNQKPLEPKFS,116,280.0
252,HLA-A02:01,5609.85,ABE73425,DFNHNMGDSDL,252,281.0
78,HLA-A02:01,5610.41,ABE73425,YLGTGPHKDLK,78,282.0
244,HLA-A02:01,5611.2,ABE73425,VIQCFGPRDFN,244,283.0
129,HLA-A02:01,5611.59,ABE73425,LPPELSVVEFE,129,284.0
266,HLA-A02:01,5611.93,ABE73425,GVDAKGFPQLA,266,285.0
276,HLA-A02:01,5612.03,ABE73425,AELIPNQAALF,276,286.0
39,HLA-A02:01,5612.37,ABE73425,LVPIGKGNKDE,39,287.0
285,HLA-A02:01,5612.41,ABE73425,LFFDSEVSTDE,285,288.0
68,HLA-A02:01,5612.59,ABE73425,VDLPPKVHFYY,68,289.0
99,HLA-A02:01,5613.17,ABE73425,VAKEGAKTVNT,99,290.0
124,HLA-A02:01,5613.24,ABE73425,KFSIALPPELS,124,291.0
6,HLA-A02:01,5613.81,ABE73425,DDRAARKKFPP,6,292.0
29,HLA-A02:01,5614.06,ABE73425,KAPYRVIPRNL,29,293.0
32,HLA-A02:01,5614.3,ABE73425,YRVIPRNLVPI,32,294.0
293,HLA-A02:01,5614.63,ABE73425,TDEVGDNVQIT,293,295.0
184,HLA-A02:01,5614.71,ABE73425,VAAVTLALKNL,184,296.0
21,HLA-A02:01,5615.12,ABE73425,MPLLVSSDKAP,21,297.0
323,HLA-A02:01,5615.23,ABE73425,QISAFTKPSSI,323,298.0
296,HLA-A02:01,5615.61,ABE73425,VGDNVQITYTY,296,299.0
122,HLA-A02:01,5615.68,ABE73425,EPKFSIALPPE,122,300.0
283,HLA-A02:01,5616.14,ABE73425,AALFFDSEVST,283,301.0
315,HLA-A02:01,5616.44,ABE73425,KNLPKFIEQIS,315,302.0
190,HLA-A02:01,5617.08,ABE73425,ALKNLGFDNQS,190,303.0
188,HLA-A02:01,5618.88,ABE73425,TLALKNLGFDN,188,304.0
229,HLA-A02:01,5618.99,ABE73425,LKKPRWKRVPT,229,305.0
155,HLA-A02:01,5619.65,ABE73425,RNNSRDSSRST,155,306.0
31,HLA-A02:01,5620.01,ABE73425,PYRVIPRNLVP,31,307.0
121,HLA-A02:01,5620.14,ABE73425,LEPKFSIALPP,121,308.0
162,HLA-A02:01,5620.17,ABE73425,SRSTSRQQSRT,162,309.0
193,HLA-A02:01,5620.41,ABE73425,NLGFDNQSKSP,193,310.0
294,HLA-A02:01,5622.25,ABE73425,DEVGDNVQITY,294,311.0
144,HLA-A02:01,5622.56,ABE73425,NSSRASSRSST,144,312.0
11,HLA-A02:01,5622.7,ABE73425,RKKFPPPSFYM,11,313.0
277,HLA-A02:01,5623.47,ABE73425,ELIPNQAALFF,277,314.0
96,HLA-A02:01,5623.67,ABE73425,VVWVAKEGAKT,96,315.0
228,HLA-A02:01,5624.03,ABE73425,QLKKPRWKRVP,228,316.0
200,HLA-A02:01,5624.99,ABE73425,SKSPSSSGTFT,200,317.0
187,HLA-A02:01,5627.9,ABE73425,VTLALKNLGFD,187,318.0
134,HLA-A02:01,5628.47,ABE73425,SVVEFEDRSNN,134,319.0
132,HLA-A02:01,5631.86,ABE73425,ELSVVEFEDRS,132,320.0
61,HLA-A02:01,5632.91,ABE73425,RMRRGQRVDLP,61,321.0
256,HLA-A02:01,5633.04,ABE73425,NMGDSDLVQNG,256,322.0
22,HLA-A02:01,5634.02,ABE73425,PLLVSSDKAPY,22,323.0
318,HLA-A02:01,5635.45,ABE73425,PKFIEQISAFT,318,324.0
295,HLA-A02:01,5636.21,ABE73425,EVGDNVQITYT,295,325.0
127,HLA-A02:01,5638.17,ABE73425,IALPPELSVVE,127,326.0
299,HLA-A02:01,5638.74,ABE73425,NVQITYTYKML,299,327.0
308,HLA-A02:01,5651.33,ABE73425,MLVAKDNKNLP,308,328.0
278,HLA-A02:01,5662.92,ABE73425,LIPNQAALFFD,278,329.0
33,HLA-A02:01,5668.81,ABE73425,RVIPRNLVPIG,33,330.0
67,HLA-A02:01,5680.88,ABE73425,RVDLPPKVHFY,67,331.0
284,HLA-A02:01,5696.62,ABE73425,ALFFDSEVSTD,284,332.0
23,HLA-A02:01,5738.88,ABE73425,LLVSSDKAPYR,23,333.0
38,HLA-A02:01,5772.9,ABE73425,NLVPIGKGNKD,38,334.0
128,HLA-A02:03 ,4948.96,ABE73425,ALPPELSVVEF,128,1.0
274,HLA-A02:03 ,5057.43,ABE73425,QLAELIPNQAA,274,2.0
286,HLA-A02:03 ,5418.39,ABE73425,FFDSEVSTDEV,286,3.0
316,HLA-A02:03 ,5444.21,ABE73425,NLPKFIEQISA,316,4.0
126,HLA-A02:03 ,5451.18,ABE73425,SIALPPELSVV,126,5.0
125,HLA-A02:03 ,5470.78,ABE73425,FSIALPPELSV,125,6.0
257,HLA-A02:03 ,5513.73,ABE73425,MGDSDLVQNGV,257,7.0
300,HLA-A02:03 ,5531.45,ABE73425,VQITYTYKMLV,300,8.0
30,HLA-A02:03 ,5534.03,ABE73425,APYRVIPRNLV,30,9.0
302,HLA-A02:03 ,5534.22,ABE73425,ITYTYKMLVAK,302,10.0
177,HLA-A02:03 ,5534.35,ABE73425,NQSSSDLVAAV,177,11.0
64,HLA-A02:03 ,5535.08,ABE73425,RGQRVDLPPKV,64,12.0
281,HLA-A02:03 ,5540.57,ABE73425,NQAALFFDSEV,281,13.0
253,HLA-A02:03 ,5544.92,ABE73425,FNHNMGDSDLV,253,14.0
303,HLA-A02:03 ,5548.36,ABE73425,TYTYKMLVAKD,303,15.0
86,HLA-A02:03 ,5552.62,ABE73425,DLKFRQRSDGV,86,16.0
103,HLA-A02:03 ,5552.67,ABE73425,GAKTVNTSLGN,103,17.0
307,HLA-A02:03 ,5553.85,ABE73425,KMLVAKDNKNL,307,18.0
249,HLA-A02:03 ,5554.69,ABE73425,GPRDFNHNMGD,249,19.0
288,HLA-A02:03 ,5556.06,ABE73425,DSEVSTDEVGD,288,20.0
324,HLA-A02:03 ,5556.17,ABE73425,ISAFTKPSSIK,324,21.0
301,HLA-A02:03 ,5557.6,ABE73425,QITYTYKMLVA,301,22.0
20,HLA-A02:03 ,5557.75,ABE73425,YMPLLVSSDKA,20,23.0
97,HLA-A02:03 ,5559.11,ABE73425,VWVAKEGAKTV,97,24.0
251,HLA-A02:03 ,5560.95,ABE73425,RDFNHNMGDSD,251,25.0
220,HLA-A02:03 ,5562.52,ABE73425,QPRADKPSQLK,220,26.0
34,HLA-A02:03 ,5562.63,ABE73425,VIPRNLVPIGK,34,27.0
57,HLA-A02:03 ,5564.82,ABE73425,QERWRMRRGQR,57,28.0
24,HLA-A02:03 ,5565.45,ABE73425,LVSSDKAPYRV,24,29.0
172,HLA-A02:03 ,5565.64,ABE73425,TRSDSNQSSSD,172,30.0
15,HLA-A02:03 ,5565.84,ABE73425,PPPSFYMPLLV,15,31.0
106,HLA-A02:03 ,5567.07,ABE73425,TVNTSLGNRKR,106,32.0
165,HLA-A02:03 ,5567.2,ABE73425,TSRQQSRTRSD,165,33.0
179,HLA-A02:03 ,5567.65,ABE73425,SSSDLVAAVTL,179,34.0
84,HLA-A02:03 ,5568.91,ABE73425,HKDLKFRQRSD,84,35.0
76,HLA-A02:03 ,5570.67,ABE73425,FYYLGTGPHKD,76,36.0
174,HLA-A02:03 ,5570.84,ABE73425,SDSNQSSSDLV,174,37.0
333,HLA-A02:03 ,5571.53,ABE73425,IKEMQSQSSHV,333,38.0
297,HLA-A02:03 ,5571.62,ABE73425,GDNVQITYTYK,297,39.0
36,HLA-A02:03 ,5572.72,ABE73425,PRNLVPIGKGN,36,40.0
255,HLA-A02:03 ,5572.77,ABE73425,HNMGDSDLVQN,255,41.0
104,HLA-A02:03 ,5573.22,ABE73425,AKTVNTSLGNR,104,42.0
91,HLA-A02:03 ,5573.34,ABE73425,QRSDGVVWVAK,91,43.0
163,HLA-A02:03 ,5573.54,ABE73425,RSTSRQQSRTR,163,44.0
287,HLA-A02:03 ,5573.71,ABE73425,FDSEVSTDEVG,287,45.0
82,HLA-A02:03 ,5574.74,ABE73425,GPHKDLKFRQR,82,46.0
182,HLA-A02:03 ,5575.06,ABE73425,DLVAAVTLALK,182,47.0
44,HLA-A02:03 ,5575.77,ABE73425,KGNKDEQIGYW,44,48.0
56,HLA-A02:03 ,5576.03,ABE73425,VQERWRMRRGQ,56,49.0
221,HLA-A02:03 ,5576.08,ABE73425,PRADKPSQLKK,221,50.0
167,HLA-A02:03 ,5576.43,ABE73425,RQQSRTRSDSN,167,51.0
0,HLA-A02:03 ,5576.44,ABE73425,ASVNWADDRAA,0,52.0
3,HLA-A02:03 ,5576.91,ABE73425,NWADDRAARKK,3,53.0
77,HLA-A02:03 ,5576.95,ABE73425,YYLGTGPHKDL,77,54.0
203,HLA-A02:03 ,5577.24,ABE73425,PSSSGTFTPKK,203,55.0
180,HLA-A02:03 ,5577.73,ABE73425,SSDLVAAVTLA,180,56.0
246,HLA-A02:03 ,5577.76,ABE73425,QCFGPRDFNHN,246,57.0
109,HLA-A02:03 ,5577.88,ABE73425,TSLGNRKRNQK,109,58.0
176,HLA-A02:03 ,5577.99,ABE73425,SNQSSSDLVAA,176,59.0
145,HLA-A02:03 ,5578.07,ABE73425,SSRASSRSSTR,145,60.0
53,HLA-A02:03 ,5578.08,ABE73425,YWNVQERWRMR,53,61.0
26,HLA-A02:03 ,5578.28,ABE73425,SSDKAPYRVIP,26,62.0
40,HLA-A02:03 ,5578.55,ABE73425,VPIGKGNKDEQ,40,63.0
46,HLA-A02:03 ,5578.64,ABE73425,NKDEQIGYWNV,46,64.0
275,HLA-A02:03 ,5579.07,ABE73425,LAELIPNQAAL,275,65.0
42,HLA-A02:03 ,5579.37,ABE73425,IGKGNKDEQIG,42,66.0
183,HLA-A02:03 ,5579.4,ABE73425,LVAAVTLALKN,183,67.0
169,HLA-A02:03 ,5579.63,ABE73425,QSRTRSDSNQS,169,68.0
161,HLA-A02:03 ,5580.46,ABE73425,SSRSTSRQQSR,161,69.0
19,HLA-A02:03 ,5580.66,ABE73425,FYMPLLVSSDK,19,70.0
159,HLA-A02:03 ,5580.78,ABE73425,RDSSRSTSRQQ,159,71.0
325,HLA-A02:03 ,5581.1,ABE73425,SAFTKPSSIKE,325,72.0
240,HLA-A02:03 ,5581.23,ABE73425,REENVIQCFGP,240,73.0
218,HLA-A02:03 ,5581.35,ABE73425,LSQPRADKPSQ,218,74.0
94,HLA-A02:03 ,5581.68,ABE73425,DGVVWVAKEGA,94,75.0
191,HLA-A02:03 ,5581.72,ABE73425,LKNLGFDNQSK,191,76.0
248,HLA-A02:03 ,5581.85,ABE73425,FGPRDFNHNMG,248,77.0
258,HLA-A02:03 ,5581.92,ABE73425,GDSDLVQNGVD,258,78.0
60,HLA-A02:03 ,5582.08,ABE73425,WRMRRGQRVDL,60,79.0
1,HLA-A02:03 ,5582.18,ABE73425,SVNWADDRAAR,1,80.0
79,HLA-A02:03 ,5582.3,ABE73425,LGTGPHKDLKF,79,81.0
202,HLA-A02:03 ,5582.66,ABE73425,SPSSSGTFTPK,202,82.0
107,HLA-A02:03 ,5582.69,ABE73425,VNTSLGNRKRN,107,83.0
186,HLA-A02:03 ,5583.05,ABE73425,AVTLALKNLGF,186,84.0
233,HLA-A02:03 ,5583.16,ABE73425,RWKRVPTREEN,233,85.0
306,HLA-A02:03 ,5583.56,ABE73425,YKMLVAKDNKN,306,86.0
214,HLA-A02:03 ,5583.59,ABE73425,PNKPLSQPRAD,214,87.0
89,HLA-A02:03 ,5583.69,ABE73425,FRQRSDGVVWV,89,88.0
168,HLA-A02:03 ,5583.77,ABE73425,QQSRTRSDSNQ,168,89.0
261,HLA-A02:03 ,5583.79,ABE73425,DLVQNGVDAKG,261,90.0
175,HLA-A02:03 ,5583.92,ABE73425,DSNQSSSDLVA,175,91.0
118,HLA-A02:03 ,5583.98,ABE73425,QKPLEPKFSIA,118,92.0
242,HLA-A02:03 ,5583.99,ABE73425,ENVIQCFGPRD,242,93.0
234,HLA-A02:03 ,5584.01,ABE73425,WKRVPTREENV,234,94.0
35,HLA-A02:03 ,5584.08,ABE73425,IPRNLVPIGKG,35,95.0
152,HLA-A02:03 ,5584.32,ABE73425,SSTRNNSRDSS,152,96.0
205,HLA-A02:03 ,5584.33,ABE73425,SSGTFTPKKPN,205,97.0
289,HLA-A02:03 ,5584.33,ABE73425,SEVSTDEVGDN,289,97.0
153,HLA-A02:03 ,5584.57,ABE73425,STRNNSRDSSR,153,99.0
226,HLA-A02:03 ,5584.58,ABE73425,PSQLKKPRWKR,226,100.0
2,HLA-A02:03 ,5585.02,ABE73425,VNWADDRAARK,2,101.0
149,HLA-A02:03 ,5585.17,ABE73425,SSRSSTRNNSR,149,102.0
291,HLA-A02:03 ,5585.34,ABE73425,VSTDEVGDNVQ,291,103.0
197,HLA-A02:03 ,5585.38,ABE73425,DNQSKSPSSSG,197,104.0
138,HLA-A02:03 ,5585.45,ABE73425,FEDRSNNSSRA,138,105.0
181,HLA-A02:03 ,5585.49,ABE73425,SDLVAAVTLAL,181,106.0
95,HLA-A02:03 ,5585.96,ABE73425,GVVWVAKEGAK,95,107.0
260,HLA-A02:03 ,5586.27,ABE73425,SDLVQNGVDAK,260,108.0
192,HLA-A02:03 ,5586.4,ABE73425,KNLGFDNQSKS,192,109.0
150,HLA-A02:03 ,5586.61,ABE73425,SRSSTRNNSRD,150,110.0
85,HLA-A02:03 ,5586.66,ABE73425,KDLKFRQRSDG,85,111.0
45,HLA-A02:03 ,5586.72,ABE73425,GNKDEQIGYWN,45,112.0
157,HLA-A02:03 ,5586.94,ABE73425,NSRDSSRSTSR,157,113.0
114,HLA-A02:03 ,5586.96,ABE73425,RKRNQKPLEPK,114,114.0
267,HLA-A02:03 ,5587.06,ABE73425,VDAKGFPQLAE,267,115.0
70,HLA-A02:03 ,5587.09,ABE73425,LPPKVHFYYLG,70,116.0
141,HLA-A02:03 ,5587.09,ABE73425,RSNNSSRASSR,141,116.0
55,HLA-A02:03 ,5587.12,ABE73425,NVQERWRMRRG,55,118.0
147,HLA-A02:03 ,5587.14,ABE73425,RASSRSSTRNN,147,119.0
146,HLA-A02:03 ,5587.17,ABE73425,SRASSRSSTRN,146,120.0
171,HLA-A02:03 ,5587.39,ABE73425,RTRSDSNQSSS,171,121.0
151,HLA-A02:03 ,5587.45,ABE73425,RSSTRNNSRDS,151,122.0
215,HLA-A02:03 ,5587.64,ABE73425,NKPLSQPRADK,215,123.0
108,HLA-A02:03 ,5587.66,ABE73425,NTSLGNRKRNQ,108,124.0
102,HLA-A02:03 ,5588.03,ABE73425,EGAKTVNTSLG,102,125.0
58,HLA-A02:03 ,5588.12,ABE73425,ERWRMRRGQRV,58,126.0
330,HLA-A02:03 ,5588.33,ABE73425,PSSIKEMQSQS,330,127.0
158,HLA-A02:03 ,5588.36,ABE73425,SRDSSRSTSRQ,158,128.0
5,HLA-A02:03 ,5588.46,ABE73425,ADDRAARKKFP,5,129.0
72,HLA-A02:03 ,5588.49,ABE73425,PKVHFYYLGTG,72,130.0
292,HLA-A02:03 ,5588.59,ABE73425,STDEVGDNVQI,292,131.0
254,HLA-A02:03 ,5588.74,ABE73425,NHNMGDSDLVQ,254,132.0
136,HLA-A02:03 ,5589.09,ABE73425,VEFEDRSNNSS,136,133.0
92,HLA-A02:03 ,5589.18,ABE73425,RSDGVVWVAKE,92,134.0
93,HLA-A02:03 ,5589.19,ABE73425,SDGVVWVAKEG,93,135.0
270,HLA-A02:03 ,5589.34,ABE73425,KGFPQLAELIP,270,136.0
210,HLA-A02:03 ,5589.43,ABE73425,TPKKPNKPLSQ,210,137.0
18,HLA-A02:03 ,5589.66,ABE73425,SFYMPLLVSSD,18,138.0
264,HLA-A02:03 ,5589.83,ABE73425,QNGVDAKGFPQ,264,139.0
148,HLA-A02:03 ,5589.94,ABE73425,ASSRSSTRNNS,148,140.0
160,HLA-A02:03 ,5590.0,ABE73425,DSSRSTSRQQS,160,141.0
140,HLA-A02:03 ,5590.24,ABE73425,DRSNNSSRASS,140,142.0
119,HLA-A02:03 ,5590.27,ABE73425,KPLEPKFSIAL,119,143.0
250,HLA-A02:03 ,5590.47,ABE73425,PRDFNHNMGDS,250,144.0
101,HLA-A02:03 ,5590.52,ABE73425,KEGAKTVNTSL,101,145.0
133,HLA-A02:03 ,5590.63,ABE73425,LSVVEFEDRSN,133,146.0
135,HLA-A02:03 ,5590.76,ABE73425,VVEFEDRSNNS,135,147.0
222,HLA-A02:03 ,5590.89,ABE73425,RADKPSQLKKP,222,148.0
230,HLA-A02:03 ,5590.94,ABE73425,KKPRWKRVPTR,230,149.0
170,HLA-A02:03 ,5591.0,ABE73425,SRTRSDSNQSS,170,150.0
51,HLA-A02:03 ,5591.2,ABE73425,IGYWNVQERWR,51,151.0
305,HLA-A02:03 ,5591.21,ABE73425,TYKMLVAKDNK,305,152.0
206,HLA-A02:03 ,5591.36,ABE73425,SGTFTPKKPNK,206,153.0
49,HLA-A02:03 ,5591.46,ABE73425,EQIGYWNVQER,49,154.0
59,HLA-A02:03 ,5591.46,ABE73425,RWRMRRGQRVD,59,154.0
100,HLA-A02:03 ,5591.56,ABE73425,AKEGAKTVNTS,100,156.0
241,HLA-A02:03 ,5591.59,ABE73425,EENVIQCFGPR,241,157.0
137,HLA-A02:03 ,5592.33,ABE73425,EFEDRSNNSSR,137,158.0
54,HLA-A02:03 ,5592.35,ABE73425,WNVQERWRMRR,54,159.0
217,HLA-A02:03 ,5592.49,ABE73425,PLSQPRADKPS,217,160.0
139,HLA-A02:03 ,5592.57,ABE73425,EDRSNNSSRAS,139,161.0
41,HLA-A02:03 ,5592.87,ABE73425,PIGKGNKDEQI,41,162.0
259,HLA-A02:03 ,5592.96,ABE73425,DSDLVQNGVDA,259,163.0
290,HLA-A02:03 ,5593.06,ABE73425,EVSTDEVGDNV,290,164.0
113,HLA-A02:03 ,5593.15,ABE73425,NRKRNQKPLEP,113,165.0
211,HLA-A02:03 ,5593.15,ABE73425,PKKPNKPLSQP,211,165.0
239,HLA-A02:03 ,5593.15,ABE73425,TREENVIQCFG,239,165.0
112,HLA-A02:03 ,5593.16,ABE73425,GNRKRNQKPLE,112,168.0
329,HLA-A02:03 ,5593.16,ABE73425,KPSSIKEMQSQ,329,168.0
328,HLA-A02:03 ,5593.33,ABE73425,TKPSSIKEMQS,328,170.0
143,HLA-A02:03 ,5593.43,ABE73425,NNSSRASSRSS,143,171.0
199,HLA-A02:03 ,5593.54,ABE73425,QSKSPSSSGTF,199,172.0
225,HLA-A02:03 ,5593.75,ABE73425,KPSQLKKPRWK,225,173.0
310,HLA-A02:03 ,5593.8,ABE73425,VAKDNKNLPKF,310,174.0
317,HLA-A02:03 ,5593.8,ABE73425,LPKFIEQISAF,317,174.0
331,HLA-A02:03 ,5593.9,ABE73425,SSIKEMQSQSS,331,176.0
268,HLA-A02:03 ,5594.39,ABE73425,DAKGFPQLAEL,268,177.0
216,HLA-A02:03 ,5594.53,ABE73425,KPLSQPRADKP,216,178.0
166,HLA-A02:03 ,5594.73,ABE73425,SRQQSRTRSDS,166,179.0
189,HLA-A02:03 ,5594.91,ABE73425,LALKNLGFDNQ,189,180.0
47,HLA-A02:03 ,5595.0,ABE73425,KDEQIGYWNVQ,47,181.0
327,HLA-A02:03 ,5595.03,ABE73425,FTKPSSIKEMQ,327,182.0
223,HLA-A02:03 ,5595.31,ABE73425,ADKPSQLKKPR,223,183.0
209,HLA-A02:03 ,5595.38,ABE73425,FTPKKPNKPLS,209,184.0
194,HLA-A02:03 ,5595.59,ABE73425,LGFDNQSKSPS,194,185.0
213,HLA-A02:03 ,5595.7,ABE73425,KPNKPLSQPRA,213,186.0
4,HLA-A02:03 ,5595.8,ABE73425,WADDRAARKKF,4,187.0
13,HLA-A02:03 ,5595.95,ABE73425,KFPPPSFYMPL,13,188.0
43,HLA-A02:03 ,5596.08,ABE73425,GKGNKDEQIGY,43,189.0
87,HLA-A02:03 ,5596.09,ABE73425,LKFRQRSDGVV,87,190.0
14,HLA-A02:03 ,5596.46,ABE73425,FPPPSFYMPLL,14,191.0
212,HLA-A02:03 ,5596.78,ABE73425,KKPNKPLSQPR,212,192.0
63,HLA-A02:03 ,5596.87,ABE73425,RRGQRVDLPPK,63,193.0
232,HLA-A02:03 ,5596.9,ABE73425,PRWKRVPTREE,232,194.0
69,HLA-A02:03 ,5596.99,ABE73425,DLPPKVHFYYL,69,195.0
28,HLA-A02:03 ,5597.03,ABE73425,DKAPYRVIPRN,28,196.0
195,HLA-A02:03 ,5597.91,ABE73425,GFDNQSKSPSS,195,197.0
9,HLA-A02:03 ,5597.97,ABE73425,AARKKFPPPSF,9,198.0
105,HLA-A02:03 ,5598.16,ABE73425,KTVNTSLGNRK,105,199.0
66,HLA-A02:03 ,5598.58,ABE73425,QRVDLPPKVHF,66,200.0
304,HLA-A02:03 ,5598.67,ABE73425,YTYKMLVAKDN,304,201.0
314,HLA-A02:03 ,5598.69,ABE73425,NKNLPKFIEQI,314,202.0
50,HLA-A02:03 ,5598.7,ABE73425,QIGYWNVQERW,50,203.0
204,HLA-A02:03 ,5598.74,ABE73425,SSSGTFTPKKP,204,204.0
265,HLA-A02:03 ,5598.86,ABE73425,NGVDAKGFPQL,265,205.0
12,HLA-A02:03 ,5598.95,ABE73425,KKFPPPSFYMP,12,206.0
120,HLA-A02:03 ,5598.99,ABE73425,PLEPKFSIALP,120,207.0
332,HLA-A02:03 ,5599.13,ABE73425,SIKEMQSQSSH,332,208.0
273,HLA-A02:03 ,5599.24,ABE73425,PQLAELIPNQA,273,209.0
131,HLA-A02:03 ,5599.54,ABE73425,PELSVVEFEDR,131,210.0
247,HLA-A02:03 ,5599.61,ABE73425,CFGPRDFNHNM,247,211.0
71,HLA-A02:03 ,5599.65,ABE73425,PPKVHFYYLGT,71,212.0
238,HLA-A02:03 ,5599.9,ABE73425,PTREENVIQCF,238,213.0
322,HLA-A02:03 ,5599.9,ABE73425,EQISAFTKPSS,322,213.0
272,HLA-A02:03 ,5600.1,ABE73425,FPQLAELIPNQ,272,215.0
185,HLA-A02:03 ,5600.13,ABE73425,AAVTLALKNLG,185,216.0
48,HLA-A02:03 ,5600.17,ABE73425,DEQIGYWNVQE,48,217.0
321,HLA-A02:03 ,5600.23,ABE73425,IEQISAFTKPS,321,218.0
311,HLA-A02:03 ,5600.35,ABE73425,AKDNKNLPKFI,311,219.0
115,HLA-A02:03 ,5600.45,ABE73425,KRNQKPLEPKF,115,220.0
282,HLA-A02:03 ,5600.53,ABE73425,QAALFFDSEVS,282,221.0
156,HLA-A02:03 ,5600.54,ABE73425,NNSRDSSRSTS,156,222.0
219,HLA-A02:03 ,5600.56,ABE73425,SQPRADKPSQL,219,223.0
262,HLA-A02:03 ,5600.88,ABE73425,LVQNGVDAKGF,262,224.0
154,HLA-A02:03 ,5600.98,ABE73425,TRNNSRDSSRS,154,225.0
81,HLA-A02:03 ,5600.99,ABE73425,TGPHKDLKFRQ,81,226.0
313,HLA-A02:03 ,5601.13,ABE73425,DNKNLPKFIEQ,313,227.0
298,HLA-A02:03 ,5601.66,ABE73425,DNVQITYTYKM,298,228.0
90,HLA-A02:03 ,5601.77,ABE73425,RQRSDGVVWVA,90,229.0
235,HLA-A02:03 ,5601.86,ABE73425,KRVPTREENVI,235,230.0
227,HLA-A02:03 ,5602.14,ABE73425,SQLKKPRWKRV,227,231.0
236,HLA-A02:03 ,5602.39,ABE73425,RVPTREENVIQ,236,232.0
37,HLA-A02:03 ,5602.55,ABE73425,RNLVPIGKGNK,37,233.0
237,HLA-A02:03 ,5602.65,ABE73425,VPTREENVIQC,237,234.0
142,HLA-A02:03 ,5602.87,ABE73425,SNNSSRASSRS,142,235.0
98,HLA-A02:03 ,5602.89,ABE73425,WVAKEGAKTVN,98,236.0
73,HLA-A02:03 ,5602.98,ABE73425,KVHFYYLGTGP,73,237.0
224,HLA-A02:03 ,5603.45,ABE73425,DKPSQLKKPRW,224,238.0
52,HLA-A02:03 ,5603.52,ABE73425,GYWNVQERWRM,52,239.0
111,HLA-A02:03 ,5603.54,ABE73425,LGNRKRNQKPL,111,240.0
83,HLA-A02:03 ,5603.56,ABE73425,PHKDLKFRQRS,83,241.0
88,HLA-A02:03 ,5603.6,ABE73425,KFRQRSDGVVW,88,242.0
231,HLA-A02:03 ,5603.65,ABE73425,KPRWKRVPTRE,231,243.0
309,HLA-A02:03 ,5604.12,ABE73425,LVAKDNKNLPK,309,244.0
326,HLA-A02:03 ,5604.34,ABE73425,AFTKPSSIKEM,326,245.0
198,HLA-A02:03 ,5604.55,ABE73425,NQSKSPSSSGT,198,246.0
117,HLA-A02:03 ,5604.56,ABE73425,NQKPLEPKFSI,117,247.0
269,HLA-A02:03 ,5604.71,ABE73425,AKGFPQLAELI,269,248.0
75,HLA-A02:03 ,5604.81,ABE73425,HFYYLGTGPHK,75,249.0
243,HLA-A02:03 ,5604.83,ABE73425,NVIQCFGPRDF,243,250.0
123,HLA-A02:03 ,5605.25,ABE73425,PKFSIALPPEL,123,251.0
207,HLA-A02:03 ,5605.29,ABE73425,GTFTPKKPNKP,207,252.0
7,HLA-A02:03 ,5605.31,ABE73425,DRAARKKFPPP,7,253.0
245,HLA-A02:03 ,5605.32,ABE73425,IQCFGPRDFNH,245,254.0
80,HLA-A02:03 ,5605.54,ABE73425,GTGPHKDLKFR,80,255.0
279,HLA-A02:03 ,5605.89,ABE73425,IPNQAALFFDS,279,256.0
201,HLA-A02:03 ,5605.95,ABE73425,KSPSSSGTFTP,201,257.0
8,HLA-A02:03 ,5606.07,ABE73425,RAARKKFPPPS,8,258.0
319,HLA-A02:03 ,5606.29,ABE73425,KFIEQISAFTK,319,259.0
173,HLA-A02:03 ,5606.41,ABE73425,RSDSNQSSSDL,173,260.0
16,HLA-A02:03 ,5606.42,ABE73425,PPSFYMPLLVS,16,261.0
312,HLA-A02:03 ,5606.86,ABE73425,KDNKNLPKFIE,312,262.0
10,HLA-A02:03 ,5606.94,ABE73425,ARKKFPPPSFY,10,263.0
208,HLA-A02:03 ,5606.97,ABE73425,TFTPKKPNKPL,208,264.0
164,HLA-A02:03 ,5607.47,ABE73425,STSRQQSRTRS,164,265.0
27,HLA-A02:03 ,5607.53,ABE73425,SDKAPYRVIPR,27,266.0
74,HLA-A02:03 ,5607.62,ABE73425,VHFYYLGTGPH,74,267.0
65,HLA-A02:03 ,5607.73,ABE73425,GQRVDLPPKVH,65,268.0
17,HLA-A02:03 ,5608.3,ABE73425,PSFYMPLLVSS,17,269.0
280,HLA-A02:03 ,5608.4,ABE73425,PNQAALFFDSE,280,270.0
62,HLA-A02:03 ,5608.56,ABE73425,MRRGQRVDLPP,62,271.0
320,HLA-A02:03 ,5608.73,ABE73425,FIEQISAFTKP,320,272.0
178,HLA-A02:03 ,5608.85,ABE73425,QSSSDLVAAVT,178,273.0
130,HLA-A02:03 ,5608.9,ABE73425,PPELSVVEFED,130,274.0
196,HLA-A02:03 ,5608.95,ABE73425,FDNQSKSPSSS,196,275.0
110,HLA-A02:03 ,5609.07,ABE73425,SLGNRKRNQKP,110,276.0
25,HLA-A02:03 ,5609.22,ABE73425,VSSDKAPYRVI,25,277.0
263,HLA-A02:03 ,5609.23,ABE73425,VQNGVDAKGFP,263,278.0
271,HLA-A02:03 ,5609.26,ABE73425,GFPQLAELIPN,271,279.0
116,HLA-A02:03 ,5609.61,ABE73425,RNQKPLEPKFS,116,280.0
252,HLA-A02:03 ,5609.85,ABE73425,DFNHNMGDSDL,252,281.0
78,HLA-A02:03 ,5610.41,ABE73425,YLGTGPHKDLK,78,282.0
244,HLA-A02:03 ,5611.2,ABE73425,VIQCFGPRDFN,244,283.0
129,HLA-A02:03 ,5611.59,ABE73425,LPPELSVVEFE,129,284.0
266,HLA-A02:03 ,5611.93,ABE73425,GVDAKGFPQLA,266,285.0
276,HLA-A02:03 ,5612.03,ABE73425,AELIPNQAALF,276,286.0
39,HLA-A02:03 ,5612.37,ABE73425,LVPIGKGNKDE,39,287.0
285,HLA-A02:03 ,5612.41,ABE73425,LFFDSEVSTDE,285,288.0
68,HLA-A02:03 ,5612.59,ABE73425,VDLPPKVHFYY,68,289.0
99,HLA-A02:03 ,5613.17,ABE73425,VAKEGAKTVNT,99,290.0
124,HLA-A02:03 ,5613.24,ABE73425,KFSIALPPELS,124,291.0
6,HLA-A02:03 ,5613.81,ABE73425,DDRAARKKFPP,6,292.0
29,HLA-A02:03 ,5614.06,ABE73425,KAPYRVIPRNL,29,293.0
32,HLA-A02:03 ,5614.3,ABE73425,YRVIPRNLVPI,32,294.0
293,HLA-A02:03 ,5614.63,ABE73425,TDEVGDNVQIT,293,295.0
184,HLA-A02:03 ,5614.71,ABE73425,VAAVTLALKNL,184,296.0
21,HLA-A02:03 ,5615.12,ABE73425,MPLLVSSDKAP,21,297.0
323,HLA-A02:03 ,5615.23,ABE73425,QISAFTKPSSI,323,298.0
296,HLA-A02:03 ,5615.61,ABE73425,VGDNVQITYTY,296,299.0
122,HLA-A02:03 ,5615.68,ABE73425,EPKFSIALPPE,122,300.0
283,HLA-A02:03 ,5616.14,ABE73425,AALFFDSEVST,283,301.0
315,HLA-A02:03 ,5616.44,ABE73425,KNLPKFIEQIS,315,302.0
190,HLA-A02:03 ,5617.08,ABE73425,ALKNLGFDNQS,190,303.0
188,HLA-A02:03 ,5618.88,ABE73425,TLALKNLGFDN,188,304.0
229,HLA-A02:03 ,5618.99,ABE73425,LKKPRWKRVPT,229,305.0
155,HLA-A02:03 ,5619.65,ABE73425,RNNSRDSSRST,155,306.0
31,HLA-A02:03 ,5620.01,ABE73425,PYRVIPRNLVP,31,307.0
121,HLA-A02:03 ,5620.14,ABE73425,LEPKFSIALPP,121,308.0
162,HLA-A02:03 ,5620.17,ABE73425,SRSTSRQQSRT,162,309.0
193,HLA-A02:03 ,5620.41,ABE73425,NLGFDNQSKSP,193,310.0
294,HLA-A02:03 ,5622.25,ABE73425,DEVGDNVQITY,294,311.0
144,HLA-A02:03 ,5622.56,ABE73425,NSSRASSRSST,144,312.0
11,HLA-A02:03 ,5622.7,ABE73425,RKKFPPPSFYM,11,313.0
277,HLA-A02:03 ,5623.47,ABE73425,ELIPNQAALFF,277,314.0
96,HLA-A02:03 ,5623.67,ABE73425,VVWVAKEGAKT,96,315.0
228,HLA-A02:03 ,5624.03,ABE73425,QLKKPRWKRVP,228,316.0
200,HLA-A02:03 ,5624.99,ABE73425,SKSPSSSGTFT,200,317.0
187,HLA-A02:03 ,5627.9,ABE73425,VTLALKNLGFD,187,318.0
134,HLA-A02:03 ,5628.47,ABE73425,SVVEFEDRSNN,134,319.0
132,HLA-A02:03 ,5631.86,ABE73425,ELSVVEFEDRS,132,320.0
61,HLA-A02:03 ,5632.91,ABE73425,RMRRGQRVDLP,61,321.0
256,HLA-A02:03 ,5633.04,ABE73425,NMGDSDLVQNG,256,322.0
22,HLA-A02:03 ,5634.02,ABE73425,PLLVSSDKAPY,22,323.0
318,HLA-A02:03 ,5635.45,ABE73425,PKFIEQISAFT,318,324.0
295,HLA-A02:03 ,5636.21,ABE73425,EVGDNVQITYT,295,325.0
127,HLA-A02:03 ,5638.17,ABE73425,IALPPELSVVE,127,326.0
299,HLA-A02:03 ,5638.74,ABE73425,NVQITYTYKML,299,327.0
308,HLA-A02:03 ,5651.33,ABE73425,MLVAKDNKNLP,308,328.0
278,HLA-A02:03 ,5662.92,ABE73425,LIPNQAALFFD,278,329.0
33,HLA-A02:03 ,5668.81,ABE73425,RVIPRNLVPIG,33,330.0
67,HLA-A02:03 ,5680.88,ABE73425,RVDLPPKVHFY,67,331.0
284,HLA-A02:03 ,5696.62,ABE73425,ALFFDSEVSTD,284,332.0
23,HLA-A02:03 ,5738.88,ABE73425,LLVSSDKAPYR,23,333.0
38,HLA-A02:03 ,5772.9,ABE73425,NLVPIGKGNKD,38,334.0
286,HLA-A02:06,138.17,ABE73425,FFDSEVSTDEV,286,1.0
281,HLA-A02:06,160.59,ABE73425,NQAALFFDSEV,281,2.0
300,HLA-A02:06,235.91,ABE73425,VQITYTYKMLV,300,3.0
177,HLA-A02:06,240.86,ABE73425,NQSSSDLVAAV,177,4.0
32,HLA-A02:06,403.96,ABE73425,YRVIPRNLVPI,32,5.0
125,HLA-A02:06,520.62,ABE73425,FSIALPPELSV,125,6.0
257,HLA-A02:06,537.65,ABE73425,MGDSDLVQNGV,257,7.0
33,HLA-A02:06,637.09,ABE73425,RVIPRNLVPIG,33,8.0
265,HLA-A02:06,642.29,ABE73425,NGVDAKGFPQL,265,9.0
46,HLA-A02:06,1005.17,ABE73425,NKDEQIGYWNV,46,10.0
126,HLA-A02:06,1451.48,ABE73425,SIALPPELSVV,126,11.0
49,HLA-A02:06,1818.34,ABE73425,EQIGYWNVQER,49,12.0
179,HLA-A02:06,2480.58,ABE73425,SSSDLVAAVTL,179,13.0
90,HLA-A02:06,2616.76,ABE73425,RQRSDGVVWVA,90,14.0
127,HLA-A02:06,2683.35,ABE73425,IALPPELSVVE,127,15.0
274,HLA-A02:06,2795.85,ABE73425,QLAELIPNQAA,274,16.0
92,HLA-A02:06,3264.25,ABE73425,RSDGVVWVAKE,92,17.0
128,HLA-A02:06,3312.38,ABE73425,ALPPELSVVEF,128,18.0
64,HLA-A02:06,3414.25,ABE73425,RGQRVDLPPKV,64,19.0
24,HLA-A02:06,3453.13,ABE73425,LVSSDKAPYRV,24,20.0
290,HLA-A02:06,3995.6,ABE73425,EVSTDEVGDNV,290,21.0
292,HLA-A02:06,4253.57,ABE73425,STDEVGDNVQI,292,22.0
280,HLA-A02:06,4266.25,ABE73425,PNQAALFFDSE,280,23.0
181,HLA-A02:06,4494.85,ABE73425,SDLVAAVTLAL,181,24.0
227,HLA-A02:06,4703.35,ABE73425,SQLKKPRWKRV,227,25.0
73,HLA-A02:06,4709.66,ABE73425,KVHFYYLGTGP,73,26.0
316,HLA-A02:06,5568.69,ABE73425,NLPKFIEQISA,316,27.0
69,HLA-A02:06,6478.02,ABE73425,DLPPKVHFYYL,69,28.0
20,HLA-A02:06,6776.96,ABE73425,YMPLLVSSDKA,20,29.0
301,HLA-A02:06,6778.88,ABE73425,QITYTYKMLVA,301,30.0
240,HLA-A02:06,6925.79,ABE73425,REENVIQCFGP,240,31.0
89,HLA-A02:06,7161.01,ABE73425,FRQRSDGVVWV,89,32.0
266,HLA-A02:06,7169.72,ABE73425,GVDAKGFPQLA,266,33.0
180,HLA-A02:06,7740.74,ABE73425,SSDLVAAVTLA,180,34.0
314,HLA-A02:06,7903.82,ABE73425,NKNLPKFIEQI,314,35.0
302,HLA-A02:06,8009.64,ABE73425,ITYTYKMLVAK,302,36.0
285,HLA-A02:06,8033.36,ABE73425,LFFDSEVSTDE,285,37.0
176,HLA-A02:06,8884.92,ABE73425,SNQSSSDLVAA,176,38.0
13,HLA-A02:06,9029.98,ABE73425,KFPPPSFYMPL,13,39.0
325,HLA-A02:06,9378.34,ABE73425,SAFTKPSSIKE,325,40.0
275,HLA-A02:06,9458.25,ABE73425,LAELIPNQAAL,275,41.0
278,HLA-A02:06,9656.75,ABE73425,LIPNQAALFFD,278,42.0
190,HLA-A02:06,9664.77,ABE73425,ALKNLGFDNQS,190,43.0
48,HLA-A02:06,10342.65,ABE73425,DEQIGYWNVQE,48,44.0
304,HLA-A02:06,10395.11,ABE73425,YTYKMLVAKDN,304,45.0
253,HLA-A02:06,10484.04,ABE73425,FNHNMGDSDLV,253,46.0
242,HLA-A02:06,10745.91,ABE73425,ENVIQCFGPRD,242,47.0
307,HLA-A02:06,10812.58,ABE73425,KMLVAKDNKNL,307,48.0
117,HLA-A02:06,10965.87,ABE73425,NQKPLEPKFSI,117,49.0
267,HLA-A02:06,11291.97,ABE73425,VDAKGFPQLAE,267,50.0
323,HLA-A02:06,11342.97,ABE73425,QISAFTKPSSI,323,51.0
17,HLA-A02:06,11378.75,ABE73425,PSFYMPLLVSS,17,52.0
273,HLA-A02:06,11448.35,ABE73425,PQLAELIPNQA,273,53.0
320,HLA-A02:06,11539.37,ABE73425,FIEQISAFTKP,320,54.0
234,HLA-A02:06,11743.71,ABE73425,WKRVPTREENV,234,55.0
178,HLA-A02:06,11806.16,ABE73425,QSSSDLVAAVT,178,56.0
129,HLA-A02:06,12183.4,ABE73425,LPPELSVVEFE,129,57.0
187,HLA-A02:06,12184.28,ABE73425,VTLALKNLGFD,187,58.0
121,HLA-A02:06,12588.98,ABE73425,LEPKFSIALPP,121,59.0
188,HLA-A02:06,12702.79,ABE73425,TLALKNLGFDN,188,60.0
15,HLA-A02:06,12740.51,ABE73425,PPPSFYMPLLV,15,61.0
122,HLA-A02:06,12787.86,ABE73425,EPKFSIALPPE,122,62.0
315,HLA-A02:06,13566.63,ABE73425,KNLPKFIEQIS,315,63.0
283,HLA-A02:06,13604.98,ABE73425,AALFFDSEVST,283,64.0
184,HLA-A02:06,13738.77,ABE73425,VAAVTLALKNL,184,65.0
231,HLA-A02:06,13823.45,ABE73425,KPRWKRVPTRE,231,66.0
55,HLA-A02:06,13975.5,ABE73425,NVQERWRMRRG,55,67.0
119,HLA-A02:06,13980.65,ABE73425,KPLEPKFSIAL,119,68.0
97,HLA-A02:06,14288.01,ABE73425,VWVAKEGAKTV,97,69.0
7,HLA-A02:06,14539.24,ABE73425,DRAARKKFPPP,7,70.0
270,HLA-A02:06,14678.05,ABE73425,KGFPQLAELIP,270,71.0
284,HLA-A02:06,14920.22,ABE73425,ALFFDSEVSTD,284,72.0
38,HLA-A02:06,15227.3,ABE73425,NLVPIGKGNKD,38,73.0
14,HLA-A02:06,15690.4,ABE73425,FPPPSFYMPLL,14,74.0
185,HLA-A02:06,15712.97,ABE73425,AAVTLALKNLG,185,75.0
0,HLA-A02:06,15801.04,ABE73425,ASVNWADDRAA,0,76.0
189,HLA-A02:06,15804.3,ABE73425,LALKNLGFDNQ,189,77.0
183,HLA-A02:06,15859.15,ABE73425,LVAAVTLALKN,183,78.0
279,HLA-A02:06,15978.97,ABE73425,IPNQAALFFDS,279,79.0
271,HLA-A02:06,16268.48,ABE73425,GFPQLAELIPN,271,80.0
11,HLA-A02:06,16436.96,ABE73425,RKKFPPPSFYM,11,81.0
246,HLA-A02:06,16514.67,ABE73425,QCFGPRDFNHN,246,82.0
243,HLA-A02:06,16830.77,ABE73425,NVIQCFGPRDF,243,83.0
241,HLA-A02:06,16839.06,ABE73425,EENVIQCFGPR,241,84.0
86,HLA-A02:06,17163.63,ABE73425,DLKFRQRSDGV,86,85.0
333,HLA-A02:06,17444.91,ABE73425,IKEMQSQSSHV,333,86.0
309,HLA-A02:06,17514.95,ABE73425,LVAKDNKNLPK,309,87.0
132,HLA-A02:06,18007.73,ABE73425,ELSVVEFEDRS,132,88.0
18,HLA-A02:06,18014.37,ABE73425,SFYMPLLVSSD,18,89.0
94,HLA-A02:06,18160.06,ABE73425,DGVVWVAKEGA,94,90.0
186,HLA-A02:06,18167.48,ABE73425,AVTLALKNLGF,186,91.0
269,HLA-A02:06,18193.2,ABE73425,AKGFPQLAELI,269,92.0
28,HLA-A02:06,18263.5,ABE73425,DKAPYRVIPRN,28,93.0
16,HLA-A02:06,18308.84,ABE73425,PPSFYMPLLVS,16,94.0
98,HLA-A02:06,18392.2,ABE73425,WVAKEGAKTVN,98,95.0
282,HLA-A02:06,18584.44,ABE73425,QAALFFDSEVS,282,96.0
299,HLA-A02:06,19022.44,ABE73425,NVQITYTYKML,299,97.0
65,HLA-A02:06,19143.16,ABE73425,GQRVDLPPKVH,65,98.0
12,HLA-A02:06,19301.5,ABE73425,KKFPPPSFYMP,12,99.0
322,HLA-A02:06,19346.91,ABE73425,EQISAFTKPSS,322,100.0
167,HLA-A02:06,19460.95,ABE73425,RQQSRTRSDSN,167,101.0
201,HLA-A02:06,19668.58,ABE73425,KSPSSSGTFTP,201,102.0
263,HLA-A02:06,20229.54,ABE73425,VQNGVDAKGFP,263,103.0
244,HLA-A02:06,20270.35,ABE73425,VIQCFGPRDFN,244,104.0
276,HLA-A02:06,20366.31,ABE73425,AELIPNQAALF,276,105.0
255,HLA-A02:06,20588.25,ABE73425,HNMGDSDLVQN,255,106.0
71,HLA-A02:06,20731.7,ABE73425,PPKVHFYYLGT,71,107.0
277,HLA-A02:06,20732.28,ABE73425,ELIPNQAALFF,277,108.0
204,HLA-A02:06,20821.81,ABE73425,SSSGTFTPKKP,204,109.0
120,HLA-A02:06,20891.88,ABE73425,PLEPKFSIALP,120,110.0
308,HLA-A02:06,20899.15,ABE73425,MLVAKDNKNLP,308,111.0
245,HLA-A02:06,21073.07,ABE73425,IQCFGPRDFNH,245,112.0
133,HLA-A02:06,21173.03,ABE73425,LSVVEFEDRSN,133,113.0
272,HLA-A02:06,21315.72,ABE73425,FPQLAELIPNQ,272,114.0
30,HLA-A02:06,21355.8,ABE73425,APYRVIPRNLV,30,115.0
51,HLA-A02:06,21484.17,ABE73425,IGYWNVQERWR,51,116.0
29,HLA-A02:06,21562.57,ABE73425,KAPYRVIPRNL,29,117.0
295,HLA-A02:06,21594.11,ABE73425,EVGDNVQITYT,295,118.0
232,HLA-A02:06,21700.08,ABE73425,PRWKRVPTREE,232,119.0
296,HLA-A02:06,21941.32,ABE73425,VGDNVQITYTY,296,120.0
95,HLA-A02:06,21990.33,ABE73425,GVVWVAKEGAK,95,121.0
262,HLA-A02:06,22007.51,ABE73425,LVQNGVDAKGF,262,122.0
313,HLA-A02:06,22045.96,ABE73425,DNKNLPKFIEQ,313,123.0
134,HLA-A02:06,22121.67,ABE73425,SVVEFEDRSNN,134,124.0
124,HLA-A02:06,22196.3,ABE73425,KFSIALPPELS,124,125.0
182,HLA-A02:06,22306.53,ABE73425,DLVAAVTLALK,182,126.0
118,HLA-A02:06,22319.79,ABE73425,QKPLEPKFSIA,118,127.0
54,HLA-A02:06,22346.29,ABE73425,WNVQERWRMRR,54,128.0
70,HLA-A02:06,22635.88,ABE73425,LPPKVHFYYLG,70,129.0
106,HLA-A02:06,22713.11,ABE73425,TVNTSLGNRKR,106,130.0
291,HLA-A02:06,22725.89,ABE73425,VSTDEVGDNVQ,291,131.0
96,HLA-A02:06,22865.05,ABE73425,VVWVAKEGAKT,96,132.0
62,HLA-A02:06,22918.3,ABE73425,MRRGQRVDLPP,62,133.0
39,HLA-A02:06,23110.86,ABE73425,LVPIGKGNKDE,39,134.0
105,HLA-A02:06,23201.24,ABE73425,KTVNTSLGNRK,105,135.0
23,HLA-A02:06,23217.86,ABE73425,LLVSSDKAPYR,23,136.0
1,HLA-A02:06,23234.75,ABE73425,SVNWADDRAAR,1,137.0
298,HLA-A02:06,23346.67,ABE73425,DNVQITYTYKM,298,138.0
249,HLA-A02:06,23368.6,ABE73425,GPRDFNHNMGD,249,139.0
312,HLA-A02:06,23437.68,ABE73425,KDNKNLPKFIE,312,140.0
60,HLA-A02:06,23559.08,ABE73425,WRMRRGQRVDL,60,141.0
318,HLA-A02:06,23952.76,ABE73425,PKFIEQISAFT,318,142.0
303,HLA-A02:06,24023.59,ABE73425,TYTYKMLVAKD,303,143.0
317,HLA-A02:06,24046.63,ABE73425,LPKFIEQISAF,317,144.0
47,HLA-A02:06,24107.37,ABE73425,KDEQIGYWNVQ,47,145.0
213,HLA-A02:06,24280.99,ABE73425,KPNKPLSQPRA,213,146.0
219,HLA-A02:06,24304.22,ABE73425,SQPRADKPSQL,219,147.0
198,HLA-A02:06,24524.62,ABE73425,NQSKSPSSSGT,198,148.0
288,HLA-A02:06,24563.56,ABE73425,DSEVSTDEVGD,288,149.0
58,HLA-A02:06,24993.91,ABE73425,ERWRMRRGQRV,58,150.0
264,HLA-A02:06,25021.71,ABE73425,QNGVDAKGFPQ,264,151.0
248,HLA-A02:06,25063.52,ABE73425,FGPRDFNHNMG,248,152.0
91,HLA-A02:06,25146.5,ABE73425,QRSDGVVWVAK,91,153.0
21,HLA-A02:06,25733.14,ABE73425,MPLLVSSDKAP,21,154.0
25,HLA-A02:06,25787.53,ABE73425,VSSDKAPYRVI,25,155.0
123,HLA-A02:06,25836.62,ABE73425,PKFSIALPPEL,123,156.0
130,HLA-A02:06,26167.99,ABE73425,PPELSVVEFED,130,157.0
66,HLA-A02:06,26208.89,ABE73425,QRVDLPPKVHF,66,158.0
174,HLA-A02:06,26228.65,ABE73425,SDSNQSSSDLV,174,159.0
193,HLA-A02:06,26244.71,ABE73425,NLGFDNQSKSP,193,160.0
207,HLA-A02:06,26283.49,ABE73425,GTFTPKKPNKP,207,161.0
31,HLA-A02:06,26656.82,ABE73425,PYRVIPRNLVP,31,162.0
34,HLA-A02:06,26724.8,ABE73425,VIPRNLVPIGK,34,163.0
131,HLA-A02:06,26748.46,ABE73425,PELSVVEFEDR,131,164.0
103,HLA-A02:06,26878.4,ABE73425,GAKTVNTSLGN,103,165.0
331,HLA-A02:06,27026.82,ABE73425,SSIKEMQSQSS,331,166.0
321,HLA-A02:06,27032.49,ABE73425,IEQISAFTKPS,321,167.0
237,HLA-A02:06,27095.83,ABE73425,VPTREENVIQC,237,168.0
8,HLA-A02:06,27166.97,ABE73425,RAARKKFPPPS,8,169.0
104,HLA-A02:06,27283.65,ABE73425,AKTVNTSLGNR,104,170.0
45,HLA-A02:06,27327.39,ABE73425,GNKDEQIGYWN,45,171.0
56,HLA-A02:06,27332.02,ABE73425,VQERWRMRRGQ,56,172.0
52,HLA-A02:06,27349.19,ABE73425,GYWNVQERWRM,52,173.0
26,HLA-A02:06,27358.45,ABE73425,SSDKAPYRVIP,26,174.0
289,HLA-A02:06,27490.26,ABE73425,SEVSTDEVGDN,289,175.0
222,HLA-A02:06,27616.51,ABE73425,RADKPSQLKKP,222,176.0
247,HLA-A02:06,27989.75,ABE73425,CFGPRDFNHNM,247,177.0
50,HLA-A02:06,28050.66,ABE73425,QIGYWNVQERW,50,178.0
212,HLA-A02:06,28142.55,ABE73425,KKPNKPLSQPR,212,179.0
53,HLA-A02:06,28202.29,ABE73425,YWNVQERWRMR,53,180.0
147,HLA-A02:06,28245.41,ABE73425,RASSRSSTRNN,147,181.0
268,HLA-A02:06,28311.85,ABE73425,DAKGFPQLAEL,268,182.0
68,HLA-A02:06,28561.94,ABE73425,VDLPPKVHFYY,68,183.0
80,HLA-A02:06,28620.82,ABE73425,GTGPHKDLKFR,80,184.0
78,HLA-A02:06,28646.19,ABE73425,YLGTGPHKDLK,78,185.0
99,HLA-A02:06,28761.49,ABE73425,VAKEGAKTVNT,99,186.0
228,HLA-A02:06,28946.06,ABE73425,QLKKPRWKRVP,228,187.0
148,HLA-A02:06,28950.34,ABE73425,ASSRSSTRNNS,148,188.0
76,HLA-A02:06,29027.31,ABE73425,FYYLGTGPHKD,76,189.0
87,HLA-A02:06,29203.01,ABE73425,LKFRQRSDGVV,87,190.0
27,HLA-A02:06,29216.82,ABE73425,SDKAPYRVIPR,27,191.0
83,HLA-A02:06,29319.33,ABE73425,PHKDLKFRQRS,83,192.0
287,HLA-A02:06,29325.68,ABE73425,FDSEVSTDEVG,287,193.0
149,HLA-A02:06,29440.59,ABE73425,SSRSSTRNNSR,149,194.0
327,HLA-A02:06,29464.76,ABE73425,FTKPSSIKEMQ,327,195.0
146,HLA-A02:06,29504.82,ABE73425,SRASSRSSTRN,146,196.0
72,HLA-A02:06,29620.31,ABE73425,PKVHFYYLGTG,72,197.0
250,HLA-A02:06,29753.95,ABE73425,PRDFNHNMGDS,250,198.0
200,HLA-A02:06,29811.38,ABE73425,SKSPSSSGTFT,200,199.0
306,HLA-A02:06,29839.58,ABE73425,YKMLVAKDNKN,306,200.0
84,HLA-A02:06,29928.53,ABE73425,HKDLKFRQRSD,84,201.0
19,HLA-A02:06,30199.57,ABE73425,FYMPLLVSSDK,19,202.0
236,HLA-A02:06,30227.41,ABE73425,RVPTREENVIQ,236,203.0
4,HLA-A02:06,30257.86,ABE73425,WADDRAARKKF,4,204.0
164,HLA-A02:06,30410.57,ABE73425,STSRQQSRTRS,164,205.0
74,HLA-A02:06,30442.59,ABE73425,VHFYYLGTGPH,74,206.0
332,HLA-A02:06,30448.21,ABE73425,SIKEMQSQSSH,332,207.0
211,HLA-A02:06,30457.71,ABE73425,PKKPNKPLSQP,211,208.0
67,HLA-A02:06,30480.51,ABE73425,RVDLPPKVHFY,67,209.0
107,HLA-A02:06,30482.48,ABE73425,VNTSLGNRKRN,107,210.0
192,HLA-A02:06,30523.47,ABE73425,KNLGFDNQSKS,192,211.0
230,HLA-A02:06,30862.45,ABE73425,KKPRWKRVPTR,230,212.0
175,HLA-A02:06,30869.81,ABE73425,DSNQSSSDLVA,175,213.0
138,HLA-A02:06,30882.29,ABE73425,FEDRSNNSSRA,138,214.0
252,HLA-A02:06,30905.66,ABE73425,DFNHNMGDSDL,252,215.0
100,HLA-A02:06,30944.76,ABE73425,AKEGAKTVNTS,100,216.0
326,HLA-A02:06,30951.94,ABE73425,AFTKPSSIKEM,326,217.0
150,HLA-A02:06,30963.95,ABE73425,SRSSTRNNSRD,150,218.0
297,HLA-A02:06,30969.75,ABE73425,GDNVQITYTYK,297,219.0
209,HLA-A02:06,31006.54,ABE73425,FTPKKPNKPLS,209,220.0
229,HLA-A02:06,31069.2,ABE73425,LKKPRWKRVPT,229,221.0
101,HLA-A02:06,31092.78,ABE73425,KEGAKTVNTSL,101,222.0
256,HLA-A02:06,31116.42,ABE73425,NMGDSDLVQNG,256,223.0
113,HLA-A02:06,31149.42,ABE73425,NRKRNQKPLEP,113,224.0
194,HLA-A02:06,31217.89,ABE73425,LGFDNQSKSPS,194,225.0
81,HLA-A02:06,31230.34,ABE73425,TGPHKDLKFRQ,81,226.0
77,HLA-A02:06,31236.65,ABE73425,YYLGTGPHKDL,77,227.0
319,HLA-A02:06,31270.69,ABE73425,KFIEQISAFTK,319,228.0
153,HLA-A02:06,31371.63,ABE73425,STRNNSRDSSR,153,229.0
135,HLA-A02:06,31472.0,ABE73425,VVEFEDRSNNS,135,230.0
93,HLA-A02:06,31506.75,ABE73425,SDGVVWVAKEG,93,231.0
329,HLA-A02:06,31529.25,ABE73425,KPSSIKEMQSQ,329,232.0
59,HLA-A02:06,31677.2,ABE73425,RWRMRRGQRVD,59,233.0
82,HLA-A02:06,31680.78,ABE73425,GPHKDLKFRQR,82,234.0
216,HLA-A02:06,31891.97,ABE73425,KPLSQPRADKP,216,235.0
173,HLA-A02:06,31916.44,ABE73425,RSDSNQSSSDL,173,236.0
110,HLA-A02:06,31919.09,ABE73425,SLGNRKRNQKP,110,237.0
293,HLA-A02:06,32047.13,ABE73425,TDEVGDNVQIT,293,238.0
324,HLA-A02:06,32083.99,ABE73425,ISAFTKPSSIK,324,239.0
226,HLA-A02:06,32144.48,ABE73425,PSQLKKPRWKR,226,240.0
239,HLA-A02:06,32169.39,ABE73425,TREENVIQCFG,239,241.0
235,HLA-A02:06,32289.58,ABE73425,KRVPTREENVI,235,242.0
165,HLA-A02:06,32391.89,ABE73425,TSRQQSRTRSD,165,243.0
251,HLA-A02:06,32472.34,ABE73425,RDFNHNMGDSD,251,244.0
35,HLA-A02:06,32548.49,ABE73425,IPRNLVPIGKG,35,245.0
141,HLA-A02:06,32555.33,ABE73425,RSNNSSRASSR,141,246.0
259,HLA-A02:06,32572.5,ABE73425,DSDLVQNGVDA,259,247.0
75,HLA-A02:06,32772.02,ABE73425,HFYYLGTGPHK,75,248.0
152,HLA-A02:06,32875.27,ABE73425,SSTRNNSRDSS,152,249.0
218,HLA-A02:06,32964.55,ABE73425,LSQPRADKPSQ,218,250.0
79,HLA-A02:06,33005.85,ABE73425,LGTGPHKDLKF,79,251.0
208,HLA-A02:06,33062.35,ABE73425,TFTPKKPNKPL,208,252.0
9,HLA-A02:06,33085.74,ABE73425,AARKKFPPPSF,9,253.0
238,HLA-A02:06,33102.11,ABE73425,PTREENVIQCF,238,254.0
36,HLA-A02:06,33122.23,ABE73425,PRNLVPIGKGN,36,255.0
136,HLA-A02:06,33192.63,ABE73425,VEFEDRSNNSS,136,256.0
102,HLA-A02:06,33259.78,ABE73425,EGAKTVNTSLG,102,257.0
294,HLA-A02:06,33334.57,ABE73425,DEVGDNVQITY,294,258.0
196,HLA-A02:06,33342.81,ABE73425,FDNQSKSPSSS,196,259.0
311,HLA-A02:06,33352.23,ABE73425,AKDNKNLPKFI,311,260.0
310,HLA-A02:06,33481.84,ABE73425,VAKDNKNLPKF,310,261.0
42,HLA-A02:06,33535.7,ABE73425,IGKGNKDEQIG,42,262.0
157,HLA-A02:06,33619.3,ABE73425,NSRDSSRSTSR,157,263.0
6,HLA-A02:06,33660.8,ABE73425,DDRAARKKFPP,6,264.0
254,HLA-A02:06,33739.52,ABE73425,NHNMGDSDLVQ,254,265.0
37,HLA-A02:06,33786.05,ABE73425,RNLVPIGKGNK,37,266.0
61,HLA-A02:06,33849.69,ABE73425,RMRRGQRVDLP,61,267.0
137,HLA-A02:06,33914.07,ABE73425,EFEDRSNNSSR,137,268.0
258,HLA-A02:06,34061.43,ABE73425,GDSDLVQNGVD,258,269.0
233,HLA-A02:06,34081.14,ABE73425,RWKRVPTREEN,233,270.0
168,HLA-A02:06,34166.23,ABE73425,QQSRTRSDSNQ,168,271.0
22,HLA-A02:06,34190.21,ABE73425,PLLVSSDKAPY,22,272.0
163,HLA-A02:06,34291.54,ABE73425,RSTSRQQSRTR,163,273.0
261,HLA-A02:06,34562.21,ABE73425,DLVQNGVDAKG,261,274.0
115,HLA-A02:06,34614.37,ABE73425,KRNQKPLEPKF,115,275.0
214,HLA-A02:06,34622.36,ABE73425,PNKPLSQPRAD,214,276.0
145,HLA-A02:06,34651.35,ABE73425,SSRASSRSSTR,145,277.0
195,HLA-A02:06,34692.18,ABE73425,GFDNQSKSPSS,195,278.0
328,HLA-A02:06,34743.3,ABE73425,TKPSSIKEMQS,328,279.0
191,HLA-A02:06,34768.67,ABE73425,LKNLGFDNQSK,191,280.0
217,HLA-A02:06,34782.48,ABE73425,PLSQPRADKPS,217,281.0
140,HLA-A02:06,34817.82,ABE73425,DRSNNSSRASS,140,282.0
171,HLA-A02:06,34871.87,ABE73425,RTRSDSNQSSS,171,283.0
142,HLA-A02:06,34902.15,ABE73425,SNNSSRASSRS,142,284.0
223,HLA-A02:06,34926.67,ABE73425,ADKPSQLKKPR,223,285.0
161,HLA-A02:06,34941.13,ABE73425,SSRSTSRQQSR,161,286.0
172,HLA-A02:06,35006.4,ABE73425,TRSDSNQSSSD,172,287.0
116,HLA-A02:06,35106.28,ABE73425,RNQKPLEPKFS,116,288.0
57,HLA-A02:06,35149.67,ABE73425,QERWRMRRGQR,57,289.0
205,HLA-A02:06,35174.24,ABE73425,SSGTFTPKKPN,205,290.0
154,HLA-A02:06,35174.38,ABE73425,TRNNSRDSSRS,154,291.0
260,HLA-A02:06,35185.95,ABE73425,SDLVQNGVDAK,260,292.0
112,HLA-A02:06,35318.22,ABE73425,GNRKRNQKPLE,112,293.0
202,HLA-A02:06,35368.31,ABE73425,SPSSSGTFTPK,202,294.0
143,HLA-A02:06,35482.29,ABE73425,NNSSRASSRSS,143,295.0
151,HLA-A02:06,35786.76,ABE73425,RSSTRNNSRDS,151,296.0
144,HLA-A02:06,35799.57,ABE73425,NSSRASSRSST,144,297.0
88,HLA-A02:06,35842.96,ABE73425,KFRQRSDGVVW,88,298.0
41,HLA-A02:06,35891.65,ABE73425,PIGKGNKDEQI,41,299.0
10,HLA-A02:06,35939.96,ABE73425,ARKKFPPPSFY,10,300.0
111,HLA-A02:06,36010.19,ABE73425,LGNRKRNQKPL,111,301.0
158,HLA-A02:06,36015.81,ABE73425,SRDSSRSTSRQ,158,302.0
108,HLA-A02:06,36027.83,ABE73425,NTSLGNRKRNQ,108,303.0
169,HLA-A02:06,36042.33,ABE73425,QSRTRSDSNQS,169,304.0
203,HLA-A02:06,36046.86,ABE73425,PSSSGTFTPKK,203,305.0
85,HLA-A02:06,36174.81,ABE73425,KDLKFRQRSDG,85,306.0
156,HLA-A02:06,36256.77,ABE73425,NNSRDSSRSTS,156,307.0
63,HLA-A02:06,36555.86,ABE73425,RRGQRVDLPPK,63,308.0
43,HLA-A02:06,36675.24,ABE73425,GKGNKDEQIGY,43,309.0
199,HLA-A02:06,36753.11,ABE73425,QSKSPSSSGTF,199,310.0
5,HLA-A02:06,36808.74,ABE73425,ADDRAARKKFP,5,311.0
139,HLA-A02:06,36990.24,ABE73425,EDRSNNSSRAS,139,312.0
2,HLA-A02:06,36997.38,ABE73425,VNWADDRAARK,2,313.0
162,HLA-A02:06,37060.56,ABE73425,SRSTSRQQSRT,162,314.0
305,HLA-A02:06,37162.73,ABE73425,TYKMLVAKDNK,305,315.0
40,HLA-A02:06,37399.83,ABE73425,VPIGKGNKDEQ,40,316.0
330,HLA-A02:06,37434.56,ABE73425,PSSIKEMQSQS,330,317.0
170,HLA-A02:06,37677.23,ABE73425,SRTRSDSNQSS,170,318.0
155,HLA-A02:06,37727.2,ABE73425,RNNSRDSSRST,155,319.0
225,HLA-A02:06,37757.5,ABE73425,KPSQLKKPRWK,225,320.0
206,HLA-A02:06,37868.27,ABE73425,SGTFTPKKPNK,206,321.0
109,HLA-A02:06,37882.5,ABE73425,TSLGNRKRNQK,109,322.0
197,HLA-A02:06,38280.1,ABE73425,DNQSKSPSSSG,197,323.0
215,HLA-A02:06,38551.64,ABE73425,NKPLSQPRADK,215,324.0
166,HLA-A02:06,38593.28,ABE73425,SRQQSRTRSDS,166,325.0
3,HLA-A02:06,38645.48,ABE73425,NWADDRAARKK,3,326.0
210,HLA-A02:06,38773.43,ABE73425,TPKKPNKPLSQ,210,327.0
159,HLA-A02:06,38832.6,ABE73425,RDSSRSTSRQQ,159,328.0
221,HLA-A02:06,39051.61,ABE73425,PRADKPSQLKK,221,329.0
220,HLA-A02:06,39128.2,ABE73425,QPRADKPSQLK,220,330.0
114,HLA-A02:06,39309.7,ABE73425,RKRNQKPLEPK,114,331.0
160,HLA-A02:06,39535.24,ABE73425,DSSRSTSRQQS,160,332.0
44,HLA-A02:06,39691.11,ABE73425,KGNKDEQIGYW,44,333.0
224,HLA-A02:06,40522.98,ABE73425,DKPSQLKKPRW,224,334.0
69,HLA-A68:02,2920.48,ABE73425,DLPPKVHFYYL,69,1.0
179,HLA-A68:02,3532.68,ABE73425,SSSDLVAAVTL,179,2.0
290,HLA-A68:02,3575.9,ABE73425,EVSTDEVGDNV,290,3.0
24,HLA-A68:02,4348.29,ABE73425,LVSSDKAPYRV,24,4.0
125,HLA-A68:02,4386.03,ABE73425,FSIALPPELSV,125,5.0
295,HLA-A68:02,4706.45,ABE73425,EVGDNVQITYT,295,6.0
126,HLA-A68:02,4742.1,ABE73425,SIALPPELSVV,126,7.0
277,HLA-A68:02,4840.76,ABE73425,ELIPNQAALFF,277,8.0
323,HLA-A68:02,4858.35,ABE73425,QISAFTKPSSI,323,9.0
292,HLA-A68:02,4901.26,ABE73425,STDEVGDNVQI,292,10.0
281,HLA-A68:02,4990.35,ABE73425,NQAALFFDSEV,281,11.0
274,HLA-A68:02,5300.79,ABE73425,QLAELIPNQAA,274,12.0
183,HLA-A68:02,5314.03,ABE73425,LVAAVTLALKN,183,13.0
268,HLA-A68:02,5333.94,ABE73425,DAKGFPQLAEL,268,14.0
33,HLA-A68:02,5362.7,ABE73425,RVIPRNLVPIG,33,15.0
286,HLA-A68:02,5379.49,ABE73425,FFDSEVSTDEV,286,16.0
298,HLA-A68:02,5387.54,ABE73425,DNVQITYTYKM,298,17.0
265,HLA-A68:02,5412.2,ABE73425,NGVDAKGFPQL,265,18.0
304,HLA-A68:02,5424.76,ABE73425,YTYKMLVAKDN,304,19.0
128,HLA-A68:02,5426.92,ABE73425,ALPPELSVVEF,128,20.0
134,HLA-A68:02,5434.37,ABE73425,SVVEFEDRSNN,134,21.0
178,HLA-A68:02,5439.53,ABE73425,QSSSDLVAAVT,178,22.0
257,HLA-A68:02,5443.78,ABE73425,MGDSDLVQNGV,257,23.0
316,HLA-A68:02,5479.09,ABE73425,NLPKFIEQISA,316,24.0
243,HLA-A68:02,5498.54,ABE73425,NVIQCFGPRDF,243,25.0
49,HLA-A68:02,5508.19,ABE73425,EQIGYWNVQER,49,26.0
177,HLA-A68:02,5517.5,ABE73425,NQSSSDLVAAV,177,27.0
58,HLA-A68:02,5524.99,ABE73425,ERWRMRRGQRV,58,28.0
86,HLA-A68:02,5536.35,ABE73425,DLKFRQRSDGV,86,29.0
299,HLA-A68:02,5540.83,ABE73425,NVQITYTYKML,299,30.0
106,HLA-A68:02,5545.55,ABE73425,TVNTSLGNRKR,106,31.0
282,HLA-A68:02,5549.09,ABE73425,QAALFFDSEVS,282,32.0
184,HLA-A68:02,5560.48,ABE73425,VAAVTLALKNL,184,33.0
29,HLA-A68:02,5561.86,ABE73425,KAPYRVIPRNL,29,34.0
32,HLA-A68:02,5582.27,ABE73425,YRVIPRNLVPI,32,35.0
28,HLA-A68:02,5588.09,ABE73425,DKAPYRVIPRN,28,36.0
182,HLA-A68:02,5589.87,ABE73425,DLVAAVTLALK,182,37.0
300,HLA-A68:02,5594.27,ABE73425,VQITYTYKMLV,300,38.0
132,HLA-A68:02,5605.95,ABE73425,ELSVVEFEDRS,132,39.0
94,HLA-A68:02,5607.35,ABE73425,DGVVWVAKEGA,94,40.0
278,HLA-A68:02,5608.79,ABE73425,LIPNQAALFFD,278,41.0
227,HLA-A68:02,5609.31,ABE73425,SQLKKPRWKRV,227,42.0
301,HLA-A68:02,5612.64,ABE73425,QITYTYKMLVA,301,43.0
102,HLA-A68:02,5627.92,ABE73425,EGAKTVNTSLG,102,44.0
303,HLA-A68:02,5628.16,ABE73425,TYTYKMLVAKD,303,45.0
180,HLA-A68:02,5629.35,ABE73425,SSDLVAAVTLA,180,46.0
324,HLA-A68:02,5632.22,ABE73425,ISAFTKPSSIK,324,47.0
46,HLA-A68:02,5632.27,ABE73425,NKDEQIGYWNV,46,48.0
104,HLA-A68:02,5634.32,ABE73425,AKTVNTSLGNR,104,49.0
223,HLA-A68:02,5636.69,ABE73425,ADKPSQLKKPR,223,50.0
14,HLA-A68:02,5638.88,ABE73425,FPPPSFYMPLL,14,51.0
57,HLA-A68:02,5639.81,ABE73425,QERWRMRRGQR,57,52.0
318,HLA-A68:02,5645.11,ABE73425,PKFIEQISAFT,318,53.0
302,HLA-A68:02,5650.94,ABE73425,ITYTYKMLVAK,302,54.0
242,HLA-A68:02,5652.67,ABE73425,ENVIQCFGPRD,242,55.0
38,HLA-A68:02,5654.05,ABE73425,NLVPIGKGNKD,38,56.0
80,HLA-A68:02,5654.69,ABE73425,GTGPHKDLKFR,80,57.0
51,HLA-A68:02,5659.89,ABE73425,IGYWNVQERWR,51,58.0
27,HLA-A68:02,5660.5,ABE73425,SDKAPYRVIPR,27,59.0
322,HLA-A68:02,5661.68,ABE73425,EQISAFTKPSS,322,60.0
327,HLA-A68:02,5661.75,ABE73425,FTKPSSIKEMQ,327,61.0
98,HLA-A68:02,5661.81,ABE73425,WVAKEGAKTVN,98,62.0
230,HLA-A68:02,5662.02,ABE73425,KKPRWKRVPTR,230,63.0
82,HLA-A68:02,5663.94,ABE73425,GPHKDLKFRQR,82,64.0
212,HLA-A68:02,5665.04,ABE73425,KKPNKPLSQPR,212,65.0
131,HLA-A68:02,5668.99,ABE73425,PELSVVEFEDR,131,66.0
75,HLA-A68:02,5671.54,ABE73425,HFYYLGTGPHK,75,67.0
30,HLA-A68:02,5671.58,ABE73425,APYRVIPRNLV,30,68.0
133,HLA-A68:02,5675.5,ABE73425,LSVVEFEDRSN,133,69.0
15,HLA-A68:02,5675.93,ABE73425,PPPSFYMPLLV,15,70.0
241,HLA-A68:02,5677.08,ABE73425,EENVIQCFGPR,241,71.0
333,HLA-A68:02,5678.62,ABE73425,IKEMQSQSSHV,333,72.0
145,HLA-A68:02,5679.86,ABE73425,SSRASSRSSTR,145,73.0
97,HLA-A68:02,5680.14,ABE73425,VWVAKEGAKTV,97,74.0
25,HLA-A68:02,5680.66,ABE73425,VSSDKAPYRVI,25,75.0
253,HLA-A68:02,5682.14,ABE73425,FNHNMGDSDLV,253,76.0
209,HLA-A68:02,5682.41,ABE73425,FTPKKPNKPLS,209,77.0
149,HLA-A68:02,5682.78,ABE73425,SSRSSTRNNSR,149,78.0
163,HLA-A68:02,5685.19,ABE73425,RSTSRQQSRTR,163,79.0
137,HLA-A68:02,5687.52,ABE73425,EFEDRSNNSSR,137,80.0
226,HLA-A68:02,5687.65,ABE73425,PSQLKKPRWKR,226,81.0
234,HLA-A68:02,5690.72,ABE73425,WKRVPTREENV,234,82.0
305,HLA-A68:02,5690.98,ABE73425,TYKMLVAKDNK,305,83.0
76,HLA-A68:02,5694.94,ABE73425,FYYLGTGPHKD,76,84.0
309,HLA-A68:02,5695.37,ABE73425,LVAKDNKNLPK,309,85.0
37,HLA-A68:02,5695.94,ABE73425,RNLVPIGKGNK,37,86.0
70,HLA-A68:02,5696.34,ABE73425,LPPKVHFYYLG,70,87.0
181,HLA-A68:02,5696.66,ABE73425,SDLVAAVTLAL,181,88.0
315,HLA-A68:02,5697.59,ABE73425,KNLPKFIEQIS,315,89.0
73,HLA-A68:02,5697.66,ABE73425,KVHFYYLGTGP,73,90.0
77,HLA-A68:02,5705.12,ABE73425,YYLGTGPHKDL,77,91.0
284,HLA-A68:02,5705.16,ABE73425,ALFFDSEVSTD,284,92.0
164,HLA-A68:02,5705.77,ABE73425,STSRQQSRTRS,164,93.0
157,HLA-A68:02,5706.26,ABE73425,NSRDSSRSTSR,157,94.0
119,HLA-A68:02,5709.99,ABE73425,KPLEPKFSIAL,119,95.0
64,HLA-A68:02,5710.07,ABE73425,RGQRVDLPPKV,64,96.0
319,HLA-A68:02,5710.42,ABE73425,KFIEQISAFTK,319,97.0
297,HLA-A68:02,5710.53,ABE73425,GDNVQITYTYK,297,98.0
53,HLA-A68:02,5711.41,ABE73425,YWNVQERWRMR,53,99.0
202,HLA-A68:02,5711.41,ABE73425,SPSSSGTFTPK,202,99.0
275,HLA-A68:02,5711.56,ABE73425,LAELIPNQAAL,275,101.0
71,HLA-A68:02,5713.12,ABE73425,PPKVHFYYLGT,71,102.0
50,HLA-A68:02,5713.58,ABE73425,QIGYWNVQERW,50,103.0
17,HLA-A68:02,5714.51,ABE73425,PSFYMPLLVSS,17,104.0
91,HLA-A68:02,5715.33,ABE73425,QRSDGVVWVAK,91,105.0
328,HLA-A68:02,5715.48,ABE73425,TKPSSIKEMQS,328,106.0
161,HLA-A68:02,5715.64,ABE73425,SSRSTSRQQSR,161,107.0
320,HLA-A68:02,5716.05,ABE73425,FIEQISAFTKP,320,108.0
16,HLA-A68:02,5716.65,ABE73425,PPSFYMPLLVS,16,109.0
296,HLA-A68:02,5719.08,ABE73425,VGDNVQITYTY,296,110.0
203,HLA-A68:02,5719.69,ABE73425,PSSSGTFTPKK,203,111.0
191,HLA-A68:02,5719.86,ABE73425,LKNLGFDNQSK,191,112.0
141,HLA-A68:02,5720.37,ABE73425,RSNNSSRASSR,141,113.0
208,HLA-A68:02,5720.45,ABE73425,TFTPKKPNKPL,208,114.0
312,HLA-A68:02,5721.73,ABE73425,KDNKNLPKFIE,312,115.0
63,HLA-A68:02,5722.32,ABE73425,RRGQRVDLPPK,63,116.0
160,HLA-A68:02,5722.76,ABE73425,DSSRSTSRQQS,160,117.0
114,HLA-A68:02,5722.87,ABE73425,RKRNQKPLEPK,114,118.0
120,HLA-A68:02,5722.96,ABE73425,PLEPKFSIALP,120,119.0
246,HLA-A68:02,5723.34,ABE73425,QCFGPRDFNHN,246,120.0
221,HLA-A68:02,5723.82,ABE73425,PRADKPSQLKK,221,121.0
20,HLA-A68:02,5723.92,ABE73425,YMPLLVSSDKA,20,122.0
117,HLA-A68:02,5724.45,ABE73425,NQKPLEPKFSI,117,123.0
123,HLA-A68:02,5726.22,ABE73425,PKFSIALPPEL,123,124.0
19,HLA-A68:02,5728.41,ABE73425,FYMPLLVSSDK,19,125.0
220,HLA-A68:02,5729.01,ABE73425,QPRADKPSQLK,220,126.0
54,HLA-A68:02,5729.99,ABE73425,WNVQERWRMRR,54,127.0
283,HLA-A68:02,5730.54,ABE73425,AALFFDSEVST,283,128.0
36,HLA-A68:02,5730.92,ABE73425,PRNLVPIGKGN,36,129.0
124,HLA-A68:02,5733.14,ABE73425,KFSIALPPELS,124,130.0
174,HLA-A68:02,5733.71,ABE73425,SDSNQSSSDLV,174,131.0
78,HLA-A68:02,5736.33,ABE73425,YLGTGPHKDLK,78,132.0
153,HLA-A68:02,5736.39,ABE73425,STRNNSRDSSR,153,133.0
317,HLA-A68:02,5736.5,ABE73425,LPKFIEQISAF,317,134.0
105,HLA-A68:02,5736.62,ABE73425,KTVNTSLGNRK,105,135.0
122,HLA-A68:02,5736.62,ABE73425,EPKFSIALPPE,122,135.0
34,HLA-A68:02,5736.93,ABE73425,VIPRNLVPIGK,34,137.0
331,HLA-A68:02,5737.13,ABE73425,SSIKEMQSQSS,331,138.0
67,HLA-A68:02,5737.25,ABE73425,RVDLPPKVHFY,67,139.0
89,HLA-A68:02,5737.45,ABE73425,FRQRSDGVVWV,89,140.0
204,HLA-A68:02,5737.53,ABE73425,SSSGTFTPKKP,204,141.0
116,HLA-A68:02,5737.69,ABE73425,RNQKPLEPKFS,116,142.0
206,HLA-A68:02,5737.72,ABE73425,SGTFTPKKPNK,206,143.0
146,HLA-A68:02,5738.14,ABE73425,SRASSRSSTRN,146,144.0
238,HLA-A68:02,5739.5,ABE73425,PTREENVIQCF,238,145.0
11,HLA-A68:02,5739.77,ABE73425,RKKFPPPSFYM,11,146.0
325,HLA-A68:02,5740.4,ABE73425,SAFTKPSSIKE,325,147.0
121,HLA-A68:02,5740.41,ABE73425,LEPKFSIALPP,121,148.0
187,HLA-A68:02,5740.64,ABE73425,VTLALKNLGFD,187,149.0
207,HLA-A68:02,5742.01,ABE73425,GTFTPKKPNKP,207,150.0
107,HLA-A68:02,5742.43,ABE73425,VNTSLGNRKRN,107,151.0
271,HLA-A68:02,5743.69,ABE73425,GFPQLAELIPN,271,152.0
96,HLA-A68:02,5744.31,ABE73425,VVWVAKEGAKT,96,153.0
74,HLA-A68:02,5745.44,ABE73425,VHFYYLGTGPH,74,154.0
314,HLA-A68:02,5745.48,ABE73425,NKNLPKFIEQI,314,155.0
95,HLA-A68:02,5750.08,ABE73425,GVVWVAKEGAK,95,156.0
1,HLA-A68:02,5750.51,ABE73425,SVNWADDRAAR,1,157.0
66,HLA-A68:02,5750.54,ABE73425,QRVDLPPKVHF,66,158.0
72,HLA-A68:02,5750.9,ABE73425,PKVHFYYLGTG,72,159.0
294,HLA-A68:02,5750.94,ABE73425,DEVGDNVQITY,294,160.0
87,HLA-A68:02,5751.32,ABE73425,LKFRQRSDGVV,87,161.0
129,HLA-A68:02,5751.32,ABE73425,LPPELSVVEFE,129,161.0
255,HLA-A68:02,5751.84,ABE73425,HNMGDSDLVQN,255,163.0
103,HLA-A68:02,5752.11,ABE73425,GAKTVNTSLGN,103,164.0
215,HLA-A68:02,5752.83,ABE73425,NKPLSQPRADK,215,165.0
143,HLA-A68:02,5754.13,ABE73425,NNSSRASSRSS,143,166.0
237,HLA-A68:02,5754.35,ABE73425,VPTREENVIQC,237,167.0
144,HLA-A68:02,5754.83,ABE73425,NSSRASSRSST,144,168.0
135,HLA-A68:02,5755.55,ABE73425,VVEFEDRSNNS,135,169.0
130,HLA-A68:02,5755.68,ABE73425,PPELSVVEFED,130,170.0
276,HLA-A68:02,5755.98,ABE73425,AELIPNQAALF,276,171.0
260,HLA-A68:02,5758.93,ABE73425,SDLVQNGVDAK,260,172.0
23,HLA-A68:02,5759.03,ABE73425,LLVSSDKAPYR,23,173.0
127,HLA-A68:02,5759.27,ABE73425,IALPPELSVVE,127,174.0
101,HLA-A68:02,5760.01,ABE73425,KEGAKTVNTSL,101,175.0
313,HLA-A68:02,5760.96,ABE73425,DNKNLPKFIEQ,313,176.0
244,HLA-A68:02,5761.86,ABE73425,VIQCFGPRDFN,244,177.0
142,HLA-A68:02,5761.87,ABE73425,SNNSSRASSRS,142,178.0
222,HLA-A68:02,5762.43,ABE73425,RADKPSQLKKP,222,179.0
225,HLA-A68:02,5764.82,ABE73425,KPSQLKKPRWK,225,180.0
175,HLA-A68:02,5765.33,ABE73425,DSNQSSSDLVA,175,181.0
165,HLA-A68:02,5765.58,ABE73425,TSRQQSRTRSD,165,182.0
190,HLA-A68:02,5765.63,ABE73425,ALKNLGFDNQS,190,183.0
13,HLA-A68:02,5765.82,ABE73425,KFPPPSFYMPL,13,184.0
18,HLA-A68:02,5766.07,ABE73425,SFYMPLLVSSD,18,185.0
59,HLA-A68:02,5767.07,ABE73425,RWRMRRGQRVD,59,186.0
147,HLA-A68:02,5768.44,ABE73425,RASSRSSTRNN,147,187.0
118,HLA-A68:02,5769.82,ABE73425,QKPLEPKFSIA,118,188.0
330,HLA-A68:02,5770.05,ABE73425,PSSIKEMQSQS,330,189.0
219,HLA-A68:02,5770.49,ABE73425,SQPRADKPSQL,219,190.0
321,HLA-A68:02,5771.44,ABE73425,IEQISAFTKPS,321,191.0
100,HLA-A68:02,5772.8,ABE73425,AKEGAKTVNTS,100,192.0
233,HLA-A68:02,5772.8,ABE73425,RWKRVPTREEN,233,192.0
288,HLA-A68:02,5773.79,ABE73425,DSEVSTDEVGD,288,194.0
273,HLA-A68:02,5774.29,ABE73425,PQLAELIPNQA,273,195.0
139,HLA-A68:02,5774.42,ABE73425,EDRSNNSSRAS,139,196.0
140,HLA-A68:02,5774.75,ABE73425,DRSNNSSRASS,140,197.0
156,HLA-A68:02,5774.93,ABE73425,NNSRDSSRSTS,156,198.0
252,HLA-A68:02,5775.95,ABE73425,DFNHNMGDSDL,252,199.0
22,HLA-A68:02,5776.08,ABE73425,PLLVSSDKAPY,22,200.0
41,HLA-A68:02,5776.45,ABE73425,PIGKGNKDEQI,41,201.0
196,HLA-A68:02,5776.95,ABE73425,FDNQSKSPSSS,196,202.0
12,HLA-A68:02,5777.56,ABE73425,KKFPPPSFYMP,12,203.0
48,HLA-A68:02,5779.02,ABE73425,DEQIGYWNVQE,48,204.0
52,HLA-A68:02,5779.02,ABE73425,GYWNVQERWRM,52,204.0
247,HLA-A68:02,5779.02,ABE73425,CFGPRDFNHNM,247,204.0
199,HLA-A68:02,5779.39,ABE73425,QSKSPSSSGTF,199,207.0
311,HLA-A68:02,5780.08,ABE73425,AKDNKNLPKFI,311,208.0
287,HLA-A68:02,5780.4,ABE73425,FDSEVSTDEVG,287,209.0
83,HLA-A68:02,5780.5,ABE73425,PHKDLKFRQRS,83,210.0
279,HLA-A68:02,5780.5,ABE73425,IPNQAALFFDS,279,210.0
4,HLA-A68:02,5780.63,ABE73425,WADDRAARKKF,4,212.0
280,HLA-A68:02,5781.02,ABE73425,PNQAALFFDSE,280,213.0
258,HLA-A68:02,5782.84,ABE73425,GDSDLVQNGVD,258,214.0
235,HLA-A68:02,5782.93,ABE73425,KRVPTREENVI,235,215.0
167,HLA-A68:02,5783.54,ABE73425,RQQSRTRSDSN,167,216.0
148,HLA-A68:02,5785.22,ABE73425,ASSRSSTRNNS,148,217.0
198,HLA-A68:02,5785.35,ABE73425,NQSKSPSSSGT,198,218.0
154,HLA-A68:02,5785.42,ABE73425,TRNNSRDSSRS,154,219.0
90,HLA-A68:02,5786.39,ABE73425,RQRSDGVVWVA,90,220.0
150,HLA-A68:02,5786.58,ABE73425,SRSSTRNNSRD,150,221.0
60,HLA-A68:02,5787.21,ABE73425,WRMRRGQRVDL,60,222.0
293,HLA-A68:02,5787.59,ABE73425,TDEVGDNVQIT,293,223.0
269,HLA-A68:02,5788.0,ABE73425,AKGFPQLAELI,269,224.0
194,HLA-A68:02,5790.14,ABE73425,LGFDNQSKSPS,194,225.0
115,HLA-A68:02,5790.26,ABE73425,KRNQKPLEPKF,115,226.0
186,HLA-A68:02,5790.51,ABE73425,AVTLALKNLGF,186,227.0
326,HLA-A68:02,5790.76,ABE73425,AFTKPSSIKEM,326,228.0
99,HLA-A68:02,5790.86,ABE73425,VAKEGAKTVNT,99,229.0
229,HLA-A68:02,5791.23,ABE73425,LKKPRWKRVPT,229,230.0
9,HLA-A68:02,5791.36,ABE73425,AARKKFPPPSF,9,231.0
173,HLA-A68:02,5792.5,ABE73425,RSDSNQSSSDL,173,232.0
262,HLA-A68:02,5793.93,ABE73425,LVQNGVDAKGF,262,233.0
136,HLA-A68:02,5794.34,ABE73425,VEFEDRSNNSS,136,234.0
195,HLA-A68:02,5794.67,ABE73425,GFDNQSKSPSS,195,235.0
171,HLA-A68:02,5795.77,ABE73425,RTRSDSNQSSS,171,236.0
306,HLA-A68:02,5796.17,ABE73425,YKMLVAKDNKN,306,237.0
231,HLA-A68:02,5796.72,ABE73425,KPRWKRVPTRE,231,238.0
79,HLA-A68:02,5797.56,ABE73425,LGTGPHKDLKF,79,239.0
310,HLA-A68:02,5797.63,ABE73425,VAKDNKNLPKF,310,240.0
10,HLA-A68:02,5798.45,ABE73425,ARKKFPPPSFY,10,241.0
26,HLA-A68:02,5798.46,ABE73425,SSDKAPYRVIP,26,242.0
332,HLA-A68:02,5799.05,ABE73425,SIKEMQSQSSH,332,243.0
216,HLA-A68:02,5800.04,ABE73425,KPLSQPRADKP,216,244.0
239,HLA-A68:02,5800.53,ABE73425,TREENVIQCFG,239,245.0
8,HLA-A68:02,5800.87,ABE73425,RAARKKFPPPS,8,246.0
62,HLA-A68:02,5801.51,ABE73425,MRRGQRVDLPP,62,247.0
109,HLA-A68:02,5801.73,ABE73425,TSLGNRKRNQK,109,248.0
192,HLA-A68:02,5802.92,ABE73425,KNLGFDNQSKS,192,249.0
285,HLA-A68:02,5802.99,ABE73425,LFFDSEVSTDE,285,250.0
205,HLA-A68:02,5803.79,ABE73425,SSGTFTPKKPN,205,251.0
272,HLA-A68:02,5804.17,ABE73425,FPQLAELIPNQ,272,252.0
92,HLA-A68:02,5804.2,ABE73425,RSDGVVWVAKE,92,253.0
307,HLA-A68:02,5804.59,ABE73425,KMLVAKDNKNL,307,254.0
329,HLA-A68:02,5804.65,ABE73425,KPSSIKEMQSQ,329,255.0
45,HLA-A68:02,5804.81,ABE73425,GNKDEQIGYWN,45,256.0
0,HLA-A68:02,5805.41,ABE73425,ASVNWADDRAA,0,257.0
266,HLA-A68:02,5805.57,ABE73425,GVDAKGFPQLA,266,258.0
42,HLA-A68:02,5806.66,ABE73425,IGKGNKDEQIG,42,259.0
68,HLA-A68:02,5806.91,ABE73425,VDLPPKVHFYY,68,260.0
185,HLA-A68:02,5806.95,ABE73425,AAVTLALKNLG,185,261.0
213,HLA-A68:02,5807.28,ABE73425,KPNKPLSQPRA,213,262.0
6,HLA-A68:02,5807.39,ABE73425,DDRAARKKFPP,6,263.0
65,HLA-A68:02,5808.95,ABE73425,GQRVDLPPKVH,65,264.0
270,HLA-A68:02,5809.22,ABE73425,KGFPQLAELIP,270,265.0
3,HLA-A68:02,5809.28,ABE73425,NWADDRAARKK,3,266.0
193,HLA-A68:02,5809.63,ABE73425,NLGFDNQSKSP,193,267.0
188,HLA-A68:02,5809.99,ABE73425,TLALKNLGFDN,188,268.0
169,HLA-A68:02,5810.22,ABE73425,QSRTRSDSNQS,169,269.0
170,HLA-A68:02,5811.27,ABE73425,SRTRSDSNQSS,170,270.0
152,HLA-A68:02,5812.12,ABE73425,SSTRNNSRDSS,152,271.0
43,HLA-A68:02,5812.45,ABE73425,GKGNKDEQIGY,43,272.0
162,HLA-A68:02,5813.15,ABE73425,SRSTSRQQSRT,162,273.0
138,HLA-A68:02,5813.26,ABE73425,FEDRSNNSSRA,138,274.0
166,HLA-A68:02,5814.08,ABE73425,SRQQSRTRSDS,166,275.0
267,HLA-A68:02,5814.29,ABE73425,VDAKGFPQLAE,267,276.0
155,HLA-A68:02,5814.83,ABE73425,RNNSRDSSRST,155,277.0
201,HLA-A68:02,5814.93,ABE73425,KSPSSSGTFTP,201,278.0
214,HLA-A68:02,5816.07,ABE73425,PNKPLSQPRAD,214,279.0
289,HLA-A68:02,5816.11,ABE73425,SEVSTDEVGDN,289,280.0
245,HLA-A68:02,5816.52,ABE73425,IQCFGPRDFNH,245,281.0
264,HLA-A68:02,5817.2,ABE73425,QNGVDAKGFPQ,264,282.0
47,HLA-A68:02,5817.57,ABE73425,KDEQIGYWNVQ,47,283.0
308,HLA-A68:02,5817.61,ABE73425,MLVAKDNKNLP,308,284.0
84,HLA-A68:02,5817.62,ABE73425,HKDLKFRQRSD,84,285.0
200,HLA-A68:02,5817.89,ABE73425,SKSPSSSGTFT,200,286.0
224,HLA-A68:02,5818.09,ABE73425,DKPSQLKKPRW,224,287.0
81,HLA-A68:02,5819.64,ABE73425,TGPHKDLKFRQ,81,288.0
240,HLA-A68:02,5819.77,ABE73425,REENVIQCFGP,240,289.0
236,HLA-A68:02,5821.97,ABE73425,RVPTREENVIQ,236,290.0
108,HLA-A68:02,5822.73,ABE73425,NTSLGNRKRNQ,108,291.0
232,HLA-A68:02,5822.95,ABE73425,PRWKRVPTREE,232,292.0
158,HLA-A68:02,5823.47,ABE73425,SRDSSRSTSRQ,158,293.0
159,HLA-A68:02,5824.89,ABE73425,RDSSRSTSRQQ,159,294.0
197,HLA-A68:02,5825.16,ABE73425,DNQSKSPSSSG,197,295.0
2,HLA-A68:02,5826.02,ABE73425,VNWADDRAARK,2,296.0
189,HLA-A68:02,5827.79,ABE73425,LALKNLGFDNQ,189,297.0
56,HLA-A68:02,5828.25,ABE73425,VQERWRMRRGQ,56,298.0
176,HLA-A68:02,5828.75,ABE73425,SNQSSSDLVAA,176,299.0
210,HLA-A68:02,5829.77,ABE73425,TPKKPNKPLSQ,210,300.0
291,HLA-A68:02,5830.07,ABE73425,VSTDEVGDNVQ,291,301.0
61,HLA-A68:02,5830.59,ABE73425,RMRRGQRVDLP,61,302.0
211,HLA-A68:02,5831.1,ABE73425,PKKPNKPLSQP,211,303.0
31,HLA-A68:02,5833.42,ABE73425,PYRVIPRNLVP,31,304.0
111,HLA-A68:02,5833.58,ABE73425,LGNRKRNQKPL,111,305.0
113,HLA-A68:02,5833.76,ABE73425,NRKRNQKPLEP,113,306.0
259,HLA-A68:02,5834.26,ABE73425,DSDLVQNGVDA,259,307.0
250,HLA-A68:02,5834.52,ABE73425,PRDFNHNMGDS,250,308.0
256,HLA-A68:02,5834.52,ABE73425,NMGDSDLVQNG,256,308.0
218,HLA-A68:02,5835.07,ABE73425,LSQPRADKPSQ,218,310.0
5,HLA-A68:02,5835.99,ABE73425,ADDRAARKKFP,5,311.0
172,HLA-A68:02,5836.55,ABE73425,TRSDSNQSSSD,172,312.0
110,HLA-A68:02,5836.59,ABE73425,SLGNRKRNQKP,110,313.0
7,HLA-A68:02,5837.91,ABE73425,DRAARKKFPPP,7,314.0
93,HLA-A68:02,5838.36,ABE73425,SDGVVWVAKEG,93,315.0
21,HLA-A68:02,5839.86,ABE73425,MPLLVSSDKAP,21,316.0
85,HLA-A68:02,5840.1,ABE73425,KDLKFRQRSDG,85,317.0
217,HLA-A68:02,5841.33,ABE73425,PLSQPRADKPS,217,318.0
251,HLA-A68:02,5841.84,ABE73425,RDFNHNMGDSD,251,319.0
228,HLA-A68:02,5841.92,ABE73425,QLKKPRWKRVP,228,320.0
263,HLA-A68:02,5842.63,ABE73425,VQNGVDAKGFP,263,321.0
44,HLA-A68:02,5842.97,ABE73425,KGNKDEQIGYW,44,322.0
168,HLA-A68:02,5844.26,ABE73425,QQSRTRSDSNQ,168,323.0
249,HLA-A68:02,5845.86,ABE73425,GPRDFNHNMGD,249,324.0
254,HLA-A68:02,5846.08,ABE73425,NHNMGDSDLVQ,254,325.0
35,HLA-A68:02,5847.35,ABE73425,IPRNLVPIGKG,35,326.0
112,HLA-A68:02,5850.05,ABE73425,GNRKRNQKPLE,112,327.0
40,HLA-A68:02,5853.21,ABE73425,VPIGKGNKDEQ,40,328.0
151,HLA-A68:02,5860.08,ABE73425,RSSTRNNSRDS,151,329.0
55,HLA-A68:02,5861.9,ABE73425,NVQERWRMRRG,55,330.0
248,HLA-A68:02,5862.89,ABE73425,FGPRDFNHNMG,248,331.0
39,HLA-A68:02,5869.7,ABE73425,LVPIGKGNKDE,39,332.0
88,HLA-A68:02,5870.59,ABE73425,KFRQRSDGVVW,88,333.0
261,HLA-A68:02,5897.26,ABE73425,DLVQNGVDAKG,261,334.0
277,HLA-A23:01,375.8,ABE73425,ELIPNQAALFF,277,1.0
19,HLA-A23:01,1226.54,ABE73425,FYMPLLVSSDK,19,2.0
77,HLA-A23:01,1908.53,ABE73425,YYLGTGPHKDL,77,3.0
52,HLA-A23:01,2389.22,ABE73425,GYWNVQERWRM,52,4.0
88,HLA-A23:01,2743.65,ABE73425,KFRQRSDGVVW,88,5.0
310,HLA-A23:01,2962.95,ABE73425,VAKDNKNLPKF,310,6.0
32,HLA-A23:01,3195.49,ABE73425,YRVIPRNLVPI,32,7.0
276,HLA-A23:01,4002.61,ABE73425,AELIPNQAALF,276,8.0
12,HLA-A23:01,4635.88,ABE73425,KKFPPPSFYMP,12,9.0
18,HLA-A23:01,5671.55,ABE73425,SFYMPLLVSSD,18,10.0
199,HLA-A23:01,5786.15,ABE73425,QSKSPSSSGTF,199,11.0
247,HLA-A23:01,5911.81,ABE73425,CFGPRDFNHNM,247,12.0
13,HLA-A23:01,7040.29,ABE73425,KFPPPSFYMPL,13,13.0
76,HLA-A23:01,8563.94,ABE73425,FYYLGTGPHKD,76,14.0
317,HLA-A23:01,8565.49,ABE73425,LPKFIEQISAF,317,15.0
128,HLA-A23:01,8586.87,ABE73425,ALPPELSVVEF,128,16.0
186,HLA-A23:01,8847.42,ABE73425,AVTLALKNLGF,186,17.0
115,HLA-A23:01,9029.93,ABE73425,KRNQKPLEPKF,115,18.0
11,HLA-A23:01,10588.65,ABE73425,RKKFPPPSFYM,11,19.0
17,HLA-A23:01,11650.9,ABE73425,PSFYMPLLVSS,17,20.0
319,HLA-A23:01,11780.54,ABE73425,KFIEQISAFTK,319,21.0
66,HLA-A23:01,12500.43,ABE73425,QRVDLPPKVHF,66,22.0
314,HLA-A23:01,13482.45,ABE73425,NKNLPKFIEQI,314,23.0
262,HLA-A23:01,13579.5,ABE73425,LVQNGVDAKGF,262,24.0
25,HLA-A23:01,13874.37,ABE73425,VSSDKAPYRVI,25,25.0
75,HLA-A23:01,13974.81,ABE73425,HFYYLGTGPHK,75,26.0
208,HLA-A23:01,14000.18,ABE73425,TFTPKKPNKPL,208,27.0
69,HLA-A23:01,14069.16,ABE73425,DLPPKVHFYYL,69,28.0
300,HLA-A23:01,14204.36,ABE73425,VQITYTYKMLV,300,29.0
14,HLA-A23:01,14876.51,ABE73425,FPPPSFYMPLL,14,30.0
9,HLA-A23:01,15056.75,ABE73425,AARKKFPPPSF,9,31.0
97,HLA-A23:01,15388.61,ABE73425,VWVAKEGAKTV,97,32.0
269,HLA-A23:01,15477.37,ABE73425,AKGFPQLAELI,269,33.0
79,HLA-A23:01,15901.7,ABE73425,LGTGPHKDLKF,79,34.0
307,HLA-A23:01,16268.15,ABE73425,KMLVAKDNKNL,307,35.0
124,HLA-A23:01,16298.64,ABE73425,KFSIALPPELS,124,36.0
41,HLA-A23:01,16567.69,ABE73425,PIGKGNKDEQI,41,37.0
15,HLA-A23:01,16761.08,ABE73425,PPPSFYMPLLV,15,38.0
117,HLA-A23:01,16895.71,ABE73425,NQKPLEPKFSI,117,39.0
238,HLA-A23:01,17134.85,ABE73425,PTREENVIQCF,238,40.0
31,HLA-A23:01,17304.41,ABE73425,PYRVIPRNLVP,31,41.0
298,HLA-A23:01,17397.75,ABE73425,DNVQITYTYKM,298,42.0
16,HLA-A23:01,17915.0,ABE73425,PPSFYMPLLVS,16,43.0
4,HLA-A23:01,19126.65,ABE73425,WADDRAARKKF,4,44.0
326,HLA-A23:01,19339.57,ABE73425,AFTKPSSIKEM,326,45.0
305,HLA-A23:01,19962.78,ABE73425,TYKMLVAKDNK,305,46.0
286,HLA-A23:01,20191.66,ABE73425,FFDSEVSTDEV,286,47.0
233,HLA-A23:01,20257.5,ABE73425,RWKRVPTREEN,233,48.0
270,HLA-A23:01,20948.9,ABE73425,KGFPQLAELIP,270,49.0
235,HLA-A23:01,21436.67,ABE73425,KRVPTREENVI,235,50.0
315,HLA-A23:01,22028.6,ABE73425,KNLPKFIEQIS,315,51.0
285,HLA-A23:01,22573.39,ABE73425,LFFDSEVSTDE,285,52.0
179,HLA-A23:01,23018.73,ABE73425,SSSDLVAAVTL,179,53.0
116,HLA-A23:01,23045.17,ABE73425,RNQKPLEPKFS,116,54.0
26,HLA-A23:01,24345.78,ABE73425,SSDKAPYRVIP,26,55.0
292,HLA-A23:01,24634.63,ABE73425,STDEVGDNVQI,292,56.0
308,HLA-A23:01,24652.46,ABE73425,MLVAKDNKNLP,308,57.0
299,HLA-A23:01,24709.76,ABE73425,NVQITYTYKML,299,58.0
78,HLA-A23:01,24948.72,ABE73425,YLGTGPHKDLK,78,59.0
30,HLA-A23:01,25194.75,ABE73425,APYRVIPRNLV,30,60.0
303,HLA-A23:01,25240.67,ABE73425,TYTYKMLVAKD,303,61.0
237,HLA-A23:01,25689.99,ABE73425,VPTREENVIQC,237,62.0
50,HLA-A23:01,25905.54,ABE73425,QIGYWNVQERW,50,63.0
89,HLA-A23:01,26364.43,ABE73425,FRQRSDGVVWV,89,64.0
311,HLA-A23:01,26400.07,ABE73425,AKDNKNLPKFI,311,65.0
244,HLA-A23:01,26837.69,ABE73425,VIQCFGPRDFN,244,66.0
243,HLA-A23:01,27162.78,ABE73425,NVIQCFGPRDF,243,67.0
125,HLA-A23:01,27382.84,ABE73425,FSIALPPELSV,125,68.0
181,HLA-A23:01,27496.72,ABE73425,SDLVAAVTLAL,181,69.0
123,HLA-A23:01,27701.61,ABE73425,PKFSIALPPEL,123,70.0
323,HLA-A23:01,27819.5,ABE73425,QISAFTKPSSI,323,71.0
253,HLA-A23:01,27824.71,ABE73425,FNHNMGDSDLV,253,72.0
236,HLA-A23:01,28107.45,ABE73425,RVPTREENVIQ,236,73.0
167,HLA-A23:01,28293.4,ABE73425,RQQSRTRSDSN,167,74.0
284,HLA-A23:01,28801.02,ABE73425,ALFFDSEVSTD,284,75.0
174,HLA-A23:01,29000.55,ABE73425,SDSNQSSSDLV,174,76.0
282,HLA-A23:01,29360.96,ABE73425,QAALFFDSEVS,282,77.0
322,HLA-A23:01,29477.89,ABE73425,EQISAFTKPSS,322,78.0
119,HLA-A23:01,29906.69,ABE73425,KPLEPKFSIAL,119,79.0
281,HLA-A23:01,30055.83,ABE73425,NQAALFFDSEV,281,80.0
265,HLA-A23:01,30077.83,ABE73425,NGVDAKGFPQL,265,81.0
140,HLA-A23:01,30236.41,ABE73425,DRSNNSSRASS,140,82.0
318,HLA-A23:01,30256.44,ABE73425,PKFIEQISAFT,318,83.0
29,HLA-A23:01,30377.33,ABE73425,KAPYRVIPRNL,29,84.0
201,HLA-A23:01,30469.54,ABE73425,KSPSSSGTFTP,201,85.0
60,HLA-A23:01,30609.25,ABE73425,WRMRRGQRVDL,60,86.0
246,HLA-A23:01,30842.77,ABE73425,QCFGPRDFNHN,246,87.0
46,HLA-A23:01,31182.47,ABE73425,NKDEQIGYWNV,46,88.0
51,HLA-A23:01,31211.21,ABE73425,IGYWNVQERWR,51,89.0
120,HLA-A23:01,31427.81,ABE73425,PLEPKFSIALP,120,90.0
33,HLA-A23:01,31429.01,ABE73425,RVIPRNLVPIG,33,91.0
195,HLA-A23:01,31553.54,ABE73425,GFDNQSKSPSS,195,92.0
275,HLA-A23:01,31585.34,ABE73425,LAELIPNQAAL,275,93.0
312,HLA-A23:01,31647.51,ABE73425,KDNKNLPKFIE,312,94.0
184,HLA-A23:01,31655.53,ABE73425,VAAVTLALKNL,184,95.0
196,HLA-A23:01,32032.25,ABE73425,FDNQSKSPSSS,196,96.0
324,HLA-A23:01,32287.24,ABE73425,ISAFTKPSSIK,324,97.0
126,HLA-A23:01,32869.91,ABE73425,SIALPPELSVV,126,98.0
53,HLA-A23:01,32912.64,ABE73425,YWNVQERWRMR,53,99.0
278,HLA-A23:01,32945.57,ABE73425,LIPNQAALFFD,278,100.0
47,HLA-A23:01,33041.65,ABE73425,KDEQIGYWNVQ,47,101.0
152,HLA-A23:01,33077.47,ABE73425,SSTRNNSRDSS,152,102.0
61,HLA-A23:01,33078.53,ABE73425,RMRRGQRVDLP,61,103.0
134,HLA-A23:01,33123.9,ABE73425,SVVEFEDRSNN,134,104.0
70,HLA-A23:01,33189.63,ABE73425,LPPKVHFYYLG,70,105.0
304,HLA-A23:01,33384.13,ABE73425,YTYKMLVAKDN,304,106.0
227,HLA-A23:01,33396.01,ABE73425,SQLKKPRWKRV,227,107.0
302,HLA-A23:01,33440.14,ABE73425,ITYTYKMLVAK,302,108.0
64,HLA-A23:01,33514.53,ABE73425,RGQRVDLPPKV,64,109.0
156,HLA-A23:01,33606.74,ABE73425,NNSRDSSRSTS,156,110.0
280,HLA-A23:01,33610.15,ABE73425,PNQAALFFDSE,280,111.0
87,HLA-A23:01,33625.41,ABE73425,LKFRQRSDGVV,87,112.0
74,HLA-A23:01,33654.88,ABE73425,VHFYYLGTGPH,74,113.0
209,HLA-A23:01,33752.75,ABE73425,FTPKKPNKPLS,209,114.0
271,HLA-A23:01,33904.69,ABE73425,GFPQLAELIPN,271,115.0
2,HLA-A23:01,33914.36,ABE73425,VNWADDRAARK,2,116.0
21,HLA-A23:01,33991.01,ABE73425,MPLLVSSDKAP,21,117.0
194,HLA-A23:01,34030.53,ABE73425,LGFDNQSKSPS,194,118.0
320,HLA-A23:01,34060.89,ABE73425,FIEQISAFTKP,320,119.0
211,HLA-A23:01,34106.43,ABE73425,PKKPNKPLSQP,211,120.0
62,HLA-A23:01,34370.81,ABE73425,MRRGQRVDLPP,62,121.0
251,HLA-A23:01,34425.92,ABE73425,RDFNHNMGDSD,251,122.0
59,HLA-A23:01,34434.3,ABE73425,RWRMRRGQRVD,59,123.0
219,HLA-A23:01,34451.91,ABE73425,SQPRADKPSQL,219,124.0
135,HLA-A23:01,34524.5,ABE73425,VVEFEDRSNNS,135,125.0
250,HLA-A23:01,34576.94,ABE73425,PRDFNHNMGDS,250,126.0
127,HLA-A23:01,34632.02,ABE73425,IALPPELSVVE,127,127.0
290,HLA-A23:01,34657.6,ABE73425,EVSTDEVGDNV,290,128.0
44,HLA-A23:01,34745.6,ABE73425,KGNKDEQIGYW,44,129.0
133,HLA-A23:01,34913.04,ABE73425,LSVVEFEDRSN,133,130.0
252,HLA-A23:01,34950.27,ABE73425,DFNHNMGDSDL,252,131.0
136,HLA-A23:01,35055.66,ABE73425,VEFEDRSNNSS,136,132.0
3,HLA-A23:01,35070.3,ABE73425,NWADDRAARKK,3,133.0
296,HLA-A23:01,35134.75,ABE73425,VGDNVQITYTY,296,134.0
234,HLA-A23:01,35305.64,ABE73425,WKRVPTREENV,234,135.0
272,HLA-A23:01,35374.73,ABE73425,FPQLAELIPNQ,272,136.0
306,HLA-A23:01,35433.41,ABE73425,YKMLVAKDNKN,306,137.0
8,HLA-A23:01,35445.2,ABE73425,RAARKKFPPPS,8,138.0
189,HLA-A23:01,35452.5,ABE73425,LALKNLGFDNQ,189,139.0
190,HLA-A23:01,35475.33,ABE73425,ALKNLGFDNQS,190,140.0
96,HLA-A23:01,35578.02,ABE73425,VVWVAKEGAKT,96,141.0
254,HLA-A23:01,35606.73,ABE73425,NHNMGDSDLVQ,254,142.0
188,HLA-A23:01,35794.59,ABE73425,TLALKNLGFDN,188,143.0
279,HLA-A23:01,35874.94,ABE73425,IPNQAALFFDS,279,144.0
263,HLA-A23:01,35879.92,ABE73425,VQNGVDAKGFP,263,145.0
24,HLA-A23:01,35990.14,ABE73425,LVSSDKAPYRV,24,146.0
101,HLA-A23:01,35996.35,ABE73425,KEGAKTVNTSL,101,147.0
218,HLA-A23:01,36001.58,ABE73425,LSQPRADKPSQ,218,148.0
129,HLA-A23:01,36027.79,ABE73425,LPPELSVVEFE,129,149.0
83,HLA-A23:01,36046.83,ABE73425,PHKDLKFRQRS,83,150.0
224,HLA-A23:01,36073.75,ABE73425,DKPSQLKKPRW,224,151.0
193,HLA-A23:01,36137.84,ABE73425,NLGFDNQSKSP,193,152.0
90,HLA-A23:01,36228.72,ABE73425,RQRSDGVVWVA,90,153.0
58,HLA-A23:01,36347.96,ABE73425,ERWRMRRGQRV,58,154.0
147,HLA-A23:01,36388.18,ABE73425,RASSRSSTRNN,147,155.0
98,HLA-A23:01,36394.67,ABE73425,WVAKEGAKTVN,98,156.0
183,HLA-A23:01,36479.0,ABE73425,LVAAVTLALKN,183,157.0
42,HLA-A23:01,36529.08,ABE73425,IGKGNKDEQIG,42,158.0
48,HLA-A23:01,36590.26,ABE73425,DEQIGYWNVQE,48,159.0
111,HLA-A23:01,36608.22,ABE73425,LGNRKRNQKPL,111,160.0
192,HLA-A23:01,36609.53,ABE73425,KNLGFDNQSKS,192,161.0
100,HLA-A23:01,36661.75,ABE73425,AKEGAKTVNTS,100,162.0
81,HLA-A23:01,36696.68,ABE73425,TGPHKDLKFRQ,81,163.0
139,HLA-A23:01,36743.87,ABE73425,EDRSNNSSRAS,139,164.0
187,HLA-A23:01,36748.5,ABE73425,VTLALKNLGFD,187,165.0
331,HLA-A23:01,36752.29,ABE73425,SSIKEMQSQSS,331,166.0
121,HLA-A23:01,36797.79,ABE73425,LEPKFSIALPP,121,167.0
255,HLA-A23:01,36863.15,ABE73425,HNMGDSDLVQN,255,168.0
68,HLA-A23:01,37104.18,ABE73425,VDLPPKVHFYY,68,169.0
321,HLA-A23:01,37104.53,ABE73425,IEQISAFTKPS,321,170.0
73,HLA-A23:01,37153.05,ABE73425,KVHFYYLGTGP,73,171.0
154,HLA-A23:01,37161.66,ABE73425,TRNNSRDSSRS,154,172.0
203,HLA-A23:01,37235.49,ABE73425,PSSSGTFTPKK,203,173.0
268,HLA-A23:01,37284.69,ABE73425,DAKGFPQLAEL,268,174.0
148,HLA-A23:01,37343.59,ABE73425,ASSRSSTRNNS,148,175.0
151,HLA-A23:01,37430.19,ABE73425,RSSTRNNSRDS,151,176.0
257,HLA-A23:01,37456.25,ABE73425,MGDSDLVQNGV,257,177.0
22,HLA-A23:01,37464.06,ABE73425,PLLVSSDKAPY,22,178.0
333,HLA-A23:01,37468.45,ABE73425,IKEMQSQSSHV,333,179.0
240,HLA-A23:01,37548.26,ABE73425,REENVIQCFGP,240,180.0
5,HLA-A23:01,37634.32,ABE73425,ADDRAARKKFP,5,181.0
92,HLA-A23:01,37637.66,ABE73425,RSDGVVWVAKE,92,182.0
177,HLA-A23:01,37652.99,ABE73425,NQSSSDLVAAV,177,183.0
137,HLA-A23:01,37702.73,ABE73425,EFEDRSNNSSR,137,184.0
316,HLA-A23:01,37853.17,ABE73425,NLPKFIEQISA,316,185.0
20,HLA-A23:01,37904.88,ABE73425,YMPLLVSSDKA,20,186.0
166,HLA-A23:01,37922.5,ABE73425,SRQQSRTRSDS,166,187.0
170,HLA-A23:01,37934.92,ABE73425,SRTRSDSNQSS,170,188.0
6,HLA-A23:01,37938.59,ABE73425,DDRAARKKFPP,6,189.0
228,HLA-A23:01,37976.69,ABE73425,QLKKPRWKRVP,228,190.0
143,HLA-A23:01,37992.01,ABE73425,NNSSRASSRSS,143,191.0
328,HLA-A23:01,38000.55,ABE73425,TKPSSIKEMQS,328,192.0
10,HLA-A23:01,38007.08,ABE73425,ARKKFPPPSFY,10,193.0
204,HLA-A23:01,38083.14,ABE73425,SSSGTFTPKKP,204,194.0
267,HLA-A23:01,38301.74,ABE73425,VDAKGFPQLAE,267,195.0
45,HLA-A23:01,38310.27,ABE73425,GNKDEQIGYWN,45,196.0
273,HLA-A23:01,38386.77,ABE73425,PQLAELIPNQA,273,197.0
141,HLA-A23:01,38442.71,ABE73425,RSNNSSRASSR,141,198.0
114,HLA-A23:01,38468.75,ABE73425,RKRNQKPLEPK,114,199.0
301,HLA-A23:01,38509.04,ABE73425,QITYTYKMLVA,301,200.0
256,HLA-A23:01,38622.17,ABE73425,NMGDSDLVQNG,256,201.0
222,HLA-A23:01,38641.15,ABE73425,RADKPSQLKKP,222,202.0
330,HLA-A23:01,38649.8,ABE73425,PSSIKEMQSQS,330,203.0
56,HLA-A23:01,38723.43,ABE73425,VQERWRMRRGQ,56,204.0
28,HLA-A23:01,38802.16,ABE73425,DKAPYRVIPRN,28,205.0
172,HLA-A23:01,38840.55,ABE73425,TRSDSNQSSSD,172,206.0
226,HLA-A23:01,38888.15,ABE73425,PSQLKKPRWKR,226,207.0
132,HLA-A23:01,38927.82,ABE73425,ELSVVEFEDRS,132,208.0
182,HLA-A23:01,38948.57,ABE73425,DLVAAVTLALK,182,209.0
171,HLA-A23:01,39019.93,ABE73425,RTRSDSNQSSS,171,210.0
71,HLA-A23:01,39042.77,ABE73425,PPKVHFYYLGT,71,211.0
110,HLA-A23:01,39050.19,ABE73425,SLGNRKRNQKP,110,212.0
217,HLA-A23:01,39143.31,ABE73425,PLSQPRADKPS,217,213.0
149,HLA-A23:01,39177.96,ABE73425,SSRSSTRNNSR,149,214.0
91,HLA-A23:01,39247.37,ABE73425,QRSDGVVWVAK,91,215.0
173,HLA-A23:01,39264.36,ABE73425,RSDSNQSSSDL,173,216.0
113,HLA-A23:01,39281.17,ABE73425,NRKRNQKPLEP,113,217.0
131,HLA-A23:01,39335.02,ABE73425,PELSVVEFEDR,131,218.0
248,HLA-A23:01,39343.65,ABE73425,FGPRDFNHNMG,248,219.0
245,HLA-A23:01,39367.86,ABE73425,IQCFGPRDFNH,245,220.0
309,HLA-A23:01,39532.58,ABE73425,LVAKDNKNLPK,309,221.0
107,HLA-A23:01,39594.62,ABE73425,VNTSLGNRKRN,107,222.0
325,HLA-A23:01,39617.8,ABE73425,SAFTKPSSIKE,325,223.0
283,HLA-A23:01,39641.71,ABE73425,AALFFDSEVST,283,224.0
169,HLA-A23:01,39658.77,ABE73425,QSRTRSDSNQS,169,225.0
122,HLA-A23:01,39702.52,ABE73425,EPKFSIALPPE,122,226.0
274,HLA-A23:01,39787.59,ABE73425,QLAELIPNQAA,274,227.0
205,HLA-A23:01,39825.47,ABE73425,SSGTFTPKKPN,205,228.0
241,HLA-A23:01,39845.11,ABE73425,EENVIQCFGPR,241,229.0
130,HLA-A23:01,39863.37,ABE73425,PPELSVVEFED,130,230.0
160,HLA-A23:01,39902.61,ABE73425,DSSRSTSRQQS,160,231.0
291,HLA-A23:01,39904.11,ABE73425,VSTDEVGDNVQ,291,232.0
108,HLA-A23:01,39911.08,ABE73425,NTSLGNRKRNQ,108,233.0
232,HLA-A23:01,39914.74,ABE73425,PRWKRVPTREE,232,234.0
264,HLA-A23:01,40013.85,ABE73425,QNGVDAKGFPQ,264,235.0
206,HLA-A23:01,40026.52,ABE73425,SGTFTPKKPNK,206,236.0
287,HLA-A23:01,40028.56,ABE73425,FDSEVSTDEVG,287,237.0
294,HLA-A23:01,40034.72,ABE73425,DEVGDNVQITY,294,238.0
239,HLA-A23:01,40075.19,ABE73425,TREENVIQCFG,239,239.0
72,HLA-A23:01,40103.06,ABE73425,PKVHFYYLGTG,72,240.0
329,HLA-A23:01,40127.33,ABE73425,KPSSIKEMQSQ,329,241.0
216,HLA-A23:01,40133.03,ABE73425,KPLSQPRADKP,216,242.0
212,HLA-A23:01,40139.86,ABE73425,KKPNKPLSQPR,212,243.0
191,HLA-A23:01,40189.74,ABE73425,LKNLGFDNQSK,191,244.0
313,HLA-A23:01,40192.96,ABE73425,DNKNLPKFIEQ,313,245.0
178,HLA-A23:01,40193.56,ABE73425,QSSSDLVAAVT,178,246.0
145,HLA-A23:01,40201.81,ABE73425,SSRASSRSSTR,145,247.0
161,HLA-A23:01,40211.57,ABE73425,SSRSTSRQQSR,161,248.0
118,HLA-A23:01,40227.54,ABE73425,QKPLEPKFSIA,118,249.0
103,HLA-A23:01,40255.51,ABE73425,GAKTVNTSLGN,103,250.0
80,HLA-A23:01,40289.08,ABE73425,GTGPHKDLKFR,80,251.0
158,HLA-A23:01,40296.31,ABE73425,SRDSSRSTSRQ,158,252.0
106,HLA-A23:01,40306.37,ABE73425,TVNTSLGNRKR,106,253.0
225,HLA-A23:01,40322.8,ABE73425,KPSQLKKPRWK,225,254.0
7,HLA-A23:01,40330.9,ABE73425,DRAARKKFPPP,7,255.0
168,HLA-A23:01,40346.34,ABE73425,QQSRTRSDSNQ,168,256.0
230,HLA-A23:01,40370.89,ABE73425,KKPRWKRVPTR,230,257.0
180,HLA-A23:01,40389.66,ABE73425,SSDLVAAVTLA,180,258.0
86,HLA-A23:01,40394.11,ABE73425,DLKFRQRSDGV,86,259.0
99,HLA-A23:01,40432.07,ABE73425,VAKEGAKTVNT,99,260.0
295,HLA-A23:01,40450.96,ABE73425,EVGDNVQITYT,295,261.0
293,HLA-A23:01,40480.73,ABE73425,TDEVGDNVQIT,293,262.0
36,HLA-A23:01,40483.9,ABE73425,PRNLVPIGKGN,36,263.0
153,HLA-A23:01,40495.2,ABE73425,STRNNSRDSSR,153,264.0
150,HLA-A23:01,40509.94,ABE73425,SRSSTRNNSRD,150,265.0
38,HLA-A23:01,40513.16,ABE73425,NLVPIGKGNKD,38,266.0
297,HLA-A23:01,40528.52,ABE73425,GDNVQITYTYK,297,267.0
49,HLA-A23:01,40549.89,ABE73425,EQIGYWNVQER,49,268.0
1,HLA-A23:01,40589.12,ABE73425,SVNWADDRAAR,1,269.0
40,HLA-A23:01,40604.33,ABE73425,VPIGKGNKDEQ,40,270.0
54,HLA-A23:01,40625.11,ABE73425,WNVQERWRMRR,54,271.0
146,HLA-A23:01,40694.31,ABE73425,SRASSRSSTRN,146,272.0
82,HLA-A23:01,40699.68,ABE73425,GPHKDLKFRQR,82,273.0
223,HLA-A23:01,40700.72,ABE73425,ADKPSQLKKPR,223,274.0
266,HLA-A23:01,40744.6,ABE73425,GVDAKGFPQLA,266,275.0
221,HLA-A23:01,40786.44,ABE73425,PRADKPSQLKK,221,276.0
175,HLA-A23:01,40825.67,ABE73425,DSNQSSSDLVA,175,277.0
112,HLA-A23:01,40835.29,ABE73425,GNRKRNQKPLE,112,278.0
37,HLA-A23:01,40865.13,ABE73425,RNLVPIGKGNK,37,279.0
202,HLA-A23:01,40874.37,ABE73425,SPSSSGTFTPK,202,280.0
67,HLA-A23:01,40899.79,ABE73425,RVDLPPKVHFY,67,281.0
258,HLA-A23:01,40908.89,ABE73425,GDSDLVQNGVD,258,282.0
142,HLA-A23:01,40944.82,ABE73425,SNNSSRASSRS,142,283.0
327,HLA-A23:01,41011.74,ABE73425,FTKPSSIKEMQ,327,284.0
200,HLA-A23:01,41042.62,ABE73425,SKSPSSSGTFT,200,285.0
23,HLA-A23:01,41095.01,ABE73425,LLVSSDKAPYR,23,286.0
57,HLA-A23:01,41440.58,ABE73425,QERWRMRRGQR,57,287.0
207,HLA-A23:01,41489.32,ABE73425,GTFTPKKPNKP,207,288.0
102,HLA-A23:01,41561.26,ABE73425,EGAKTVNTSLG,102,289.0
94,HLA-A23:01,41567.83,ABE73425,DGVVWVAKEGA,94,290.0
163,HLA-A23:01,41588.75,ABE73425,RSTSRQQSRTR,163,291.0
260,HLA-A23:01,41817.36,ABE73425,SDLVQNGVDAK,260,292.0
39,HLA-A23:01,41861.57,ABE73425,LVPIGKGNKDE,39,293.0
242,HLA-A23:01,41893.39,ABE73425,ENVIQCFGPRD,242,294.0
63,HLA-A23:01,41896.21,ABE73425,RRGQRVDLPPK,63,295.0
159,HLA-A23:01,41942.9,ABE73425,RDSSRSTSRQQ,159,296.0
185,HLA-A23:01,42008.96,ABE73425,AAVTLALKNLG,185,297.0
210,HLA-A23:01,42019.12,ABE73425,TPKKPNKPLSQ,210,298.0
95,HLA-A23:01,42042.59,ABE73425,GVVWVAKEGAK,95,299.0
197,HLA-A23:01,42117.24,ABE73425,DNQSKSPSSSG,197,300.0
157,HLA-A23:01,42138.4,ABE73425,NSRDSSRSTSR,157,301.0
229,HLA-A23:01,42268.11,ABE73425,LKKPRWKRVPT,229,302.0
93,HLA-A23:01,42314.1,ABE73425,SDGVVWVAKEG,93,303.0
165,HLA-A23:01,42451.62,ABE73425,TSRQQSRTRSD,165,304.0
109,HLA-A23:01,42466.32,ABE73425,TSLGNRKRNQK,109,305.0
144,HLA-A23:01,42533.67,ABE73425,NSSRASSRSST,144,306.0
105,HLA-A23:01,42578.67,ABE73425,KTVNTSLGNRK,105,307.0
84,HLA-A23:01,42613.94,ABE73425,HKDLKFRQRSD,84,308.0
289,HLA-A23:01,42639.92,ABE73425,SEVSTDEVGDN,289,309.0
0,HLA-A23:01,42654.26,ABE73425,ASVNWADDRAA,0,310.0
288,HLA-A23:01,42730.61,ABE73425,DSEVSTDEVGD,288,311.0
164,HLA-A23:01,42764.37,ABE73425,STSRQQSRTRS,164,312.0
43,HLA-A23:01,42776.69,ABE73425,GKGNKDEQIGY,43,313.0
138,HLA-A23:01,42806.11,ABE73425,FEDRSNNSSRA,138,314.0
176,HLA-A23:01,42815.68,ABE73425,SNQSSSDLVAA,176,315.0
220,HLA-A23:01,42884.26,ABE73425,QPRADKPSQLK,220,316.0
65,HLA-A23:01,42918.51,ABE73425,GQRVDLPPKVH,65,317.0
85,HLA-A23:01,42932.73,ABE73425,KDLKFRQRSDG,85,318.0
104,HLA-A23:01,42995.74,ABE73425,AKTVNTSLGNR,104,319.0
55,HLA-A23:01,43050.78,ABE73425,NVQERWRMRRG,55,320.0
27,HLA-A23:01,43080.42,ABE73425,SDKAPYRVIPR,27,321.0
213,HLA-A23:01,43239.52,ABE73425,KPNKPLSQPRA,213,322.0
249,HLA-A23:01,43302.2,ABE73425,GPRDFNHNMGD,249,323.0
231,HLA-A23:01,43326.55,ABE73425,KPRWKRVPTRE,231,324.0
155,HLA-A23:01,43337.05,ABE73425,RNNSRDSSRST,155,325.0
34,HLA-A23:01,43361.88,ABE73425,VIPRNLVPIGK,34,326.0
261,HLA-A23:01,43428.13,ABE73425,DLVQNGVDAKG,261,327.0
332,HLA-A23:01,43565.32,ABE73425,SIKEMQSQSSH,332,328.0
214,HLA-A23:01,43723.0,ABE73425,PNKPLSQPRAD,214,329.0
259,HLA-A23:01,43796.46,ABE73425,DSDLVQNGVDA,259,330.0
215,HLA-A23:01,43806.4,ABE73425,NKPLSQPRADK,215,331.0
35,HLA-A23:01,43819.87,ABE73425,IPRNLVPIGKG,35,332.0
198,HLA-A23:01,43986.53,ABE73425,NQSKSPSSSGT,198,333.0
162,HLA-A23:01,44494.51,ABE73425,SRSTSRQQSRT,162,334.0
128,HLA-A24:02,4748.07,ABE73425,ALPPELSVVEF,128,1.0
277,HLA-A24:02,5106.63,ABE73425,ELIPNQAALFF,277,2.0
276,HLA-A24:02,5177.57,ABE73425,AELIPNQAALF,276,3.0
186,HLA-A24:02,5200.64,ABE73425,AVTLALKNLGF,186,4.0
69,HLA-A24:02,5221.14,ABE73425,DLPPKVHFYYL,69,5.0
310,HLA-A24:02,5227.38,ABE73425,VAKDNKNLPKF,310,6.0
77,HLA-A24:02,5235.43,ABE73425,YYLGTGPHKDL,77,7.0
9,HLA-A24:02,5240.02,ABE73425,AARKKFPPPSF,9,8.0
262,HLA-A24:02,5247.79,ABE73425,LVQNGVDAKGF,262,9.0
79,HLA-A24:02,5260.91,ABE73425,LGTGPHKDLKF,79,10.0
238,HLA-A24:02,5262.02,ABE73425,PTREENVIQCF,238,11.0
199,HLA-A24:02,5274.23,ABE73425,QSKSPSSSGTF,199,12.0
317,HLA-A24:02,5277.23,ABE73425,LPKFIEQISAF,317,13.0
19,HLA-A24:02,5280.14,ABE73425,FYMPLLVSSDK,19,14.0
278,HLA-A24:02,5280.23,ABE73425,LIPNQAALFFD,278,15.0
88,HLA-A24:02,5284.33,ABE73425,KFRQRSDGVVW,88,16.0
66,HLA-A24:02,5287.32,ABE73425,QRVDLPPKVHF,66,17.0
115,HLA-A24:02,5290.87,ABE73425,KRNQKPLEPKF,115,18.0
4,HLA-A24:02,5309.38,ABE73425,WADDRAARKKF,4,19.0
243,HLA-A24:02,5319.03,ABE73425,NVIQCFGPRDF,243,20.0
14,HLA-A24:02,5323.67,ABE73425,FPPPSFYMPLL,14,21.0
224,HLA-A24:02,5344.38,ABE73425,DKPSQLKKPRW,224,22.0
318,HLA-A24:02,5345.31,ABE73425,PKFIEQISAFT,318,23.0
29,HLA-A24:02,5349.89,ABE73425,KAPYRVIPRNL,29,24.0
53,HLA-A24:02,5350.78,ABE73425,YWNVQERWRMR,53,25.0
300,HLA-A24:02,5350.8,ABE73425,VQITYTYKMLV,300,26.0
71,HLA-A24:02,5351.48,ABE73425,PPKVHFYYLGT,71,27.0
263,HLA-A24:02,5351.64,ABE73425,VQNGVDAKGFP,263,28.0
50,HLA-A24:02,5352.53,ABE73425,QIGYWNVQERW,50,29.0
184,HLA-A24:02,5353.32,ABE73425,VAAVTLALKNL,184,30.0
252,HLA-A24:02,5355.35,ABE73425,DFNHNMGDSDL,252,31.0
200,HLA-A24:02,5357.56,ABE73425,SKSPSSSGTFT,200,32.0
101,HLA-A24:02,5357.76,ABE73425,KEGAKTVNTSL,101,33.0
307,HLA-A24:02,5357.97,ABE73425,KMLVAKDNKNL,307,34.0
26,HLA-A24:02,5357.98,ABE73425,SSDKAPYRVIP,26,35.0
265,HLA-A24:02,5358.45,ABE73425,NGVDAKGFPQL,265,36.0
198,HLA-A24:02,5359.48,ABE73425,NQSKSPSSSGT,198,37.0
294,HLA-A24:02,5360.79,ABE73425,DEVGDNVQITY,294,38.0
5,HLA-A24:02,5360.8,ABE73425,ADDRAARKKFP,5,39.0
43,HLA-A24:02,5360.92,ABE73425,GKGNKDEQIGY,43,40.0
60,HLA-A24:02,5361.78,ABE73425,WRMRRGQRVDL,60,41.0
240,HLA-A24:02,5361.82,ABE73425,REENVIQCFGP,240,42.0
311,HLA-A24:02,5362.92,ABE73425,AKDNKNLPKFI,311,43.0
52,HLA-A24:02,5363.93,ABE73425,GYWNVQERWRM,52,44.0
44,HLA-A24:02,5363.97,ABE73425,KGNKDEQIGYW,44,45.0
296,HLA-A24:02,5364.0,ABE73425,VGDNVQITYTY,296,46.0
123,HLA-A24:02,5364.11,ABE73425,PKFSIALPPEL,123,47.0
211,HLA-A24:02,5364.68,ABE73425,PKKPNKPLSQP,211,48.0
179,HLA-A24:02,5365.67,ABE73425,SSSDLVAAVTL,179,49.0
219,HLA-A24:02,5366.09,ABE73425,SQPRADKPSQL,219,50.0
293,HLA-A24:02,5366.66,ABE73425,TDEVGDNVQIT,293,51.0
162,HLA-A24:02,5367.8,ABE73425,SRSTSRQQSRT,162,52.0
96,HLA-A24:02,5368.37,ABE73425,VVWVAKEGAKT,96,53.0
173,HLA-A24:02,5368.7,ABE73425,RSDSNQSSSDL,173,54.0
74,HLA-A24:02,5369.46,ABE73425,VHFYYLGTGPH,74,55.0
119,HLA-A24:02,5369.66,ABE73425,KPLEPKFSIAL,119,56.0
155,HLA-A24:02,5370.42,ABE73425,RNNSRDSSRST,155,57.0
11,HLA-A24:02,5370.66,ABE73425,RKKFPPPSFYM,11,58.0
111,HLA-A24:02,5370.71,ABE73425,LGNRKRNQKPL,111,59.0
15,HLA-A24:02,5371.15,ABE73425,PPPSFYMPLLV,15,60.0
30,HLA-A24:02,5371.44,ABE73425,APYRVIPRNLV,30,61.0
99,HLA-A24:02,5371.48,ABE73425,VAKEGAKTVNT,99,62.0
187,HLA-A24:02,5371.94,ABE73425,VTLALKNLGFD,187,63.0
73,HLA-A24:02,5372.21,ABE73425,KVHFYYLGTGP,73,64.0
201,HLA-A24:02,5373.35,ABE73425,KSPSSSGTFTP,201,65.0
244,HLA-A24:02,5373.4,ABE73425,VIQCFGPRDFN,244,66.0
270,HLA-A24:02,5373.44,ABE73425,KGFPQLAELIP,270,67.0
229,HLA-A24:02,5374.04,ABE73425,LKKPRWKRVPT,229,68.0
13,HLA-A24:02,5374.38,ABE73425,KFPPPSFYMPL,13,69.0
299,HLA-A24:02,5374.68,ABE73425,NVQITYTYKML,299,70.0
116,HLA-A24:02,5376.94,ABE73425,RNQKPLEPKFS,116,71.0
144,HLA-A24:02,5377.43,ABE73425,NSSRASSRSST,144,72.0
147,HLA-A24:02,5377.68,ABE73425,RASSRSSTRNN,147,73.0
97,HLA-A24:02,5378.25,ABE73425,VWVAKEGAKTV,97,74.0
61,HLA-A24:02,5379.0,ABE73425,RMRRGQRVDLP,61,75.0
24,HLA-A24:02,5379.09,ABE73425,LVSSDKAPYRV,24,76.0
120,HLA-A24:02,5379.1,ABE73425,PLEPKFSIALP,120,77.0
22,HLA-A24:02,5379.12,ABE73425,PLLVSSDKAPY,22,78.0
21,HLA-A24:02,5379.4,ABE73425,MPLLVSSDKAP,21,79.0
268,HLA-A24:02,5379.43,ABE73425,DAKGFPQLAEL,268,80.0
316,HLA-A24:02,5379.44,ABE73425,NLPKFIEQISA,316,81.0
181,HLA-A24:02,5379.88,ABE73425,SDLVAAVTLAL,181,82.0
228,HLA-A24:02,5379.89,ABE73425,QLKKPRWKRVP,228,83.0
48,HLA-A24:02,5379.93,ABE73425,DEQIGYWNVQE,48,84.0
117,HLA-A24:02,5380.23,ABE73425,NQKPLEPKFSI,117,85.0
275,HLA-A24:02,5380.93,ABE73425,LAELIPNQAAL,275,86.0
32,HLA-A24:02,5381.22,ABE73425,YRVIPRNLVPI,32,87.0
65,HLA-A24:02,5381.23,ABE73425,GQRVDLPPKVH,65,88.0
308,HLA-A24:02,5381.81,ABE73425,MLVAKDNKNLP,308,89.0
193,HLA-A24:02,5381.95,ABE73425,NLGFDNQSKSP,193,90.0
34,HLA-A24:02,5382.06,ABE73425,VIPRNLVPIGK,34,91.0
12,HLA-A24:02,5383.57,ABE73425,KKFPPPSFYMP,12,92.0
178,HLA-A24:02,5383.78,ABE73425,QSSSDLVAAVT,178,93.0
80,HLA-A24:02,5384.17,ABE73425,GTGPHKDLKFR,80,94.0
325,HLA-A24:02,5384.37,ABE73425,SAFTKPSSIKE,325,95.0
46,HLA-A24:02,5384.52,ABE73425,NKDEQIGYWNV,46,96.0
290,HLA-A24:02,5384.74,ABE73425,EVSTDEVGDNV,290,97.0
45,HLA-A24:02,5384.75,ABE73425,GNKDEQIGYWN,45,98.0
10,HLA-A24:02,5384.99,ABE73425,ARKKFPPPSFY,10,99.0
295,HLA-A24:02,5385.0,ABE73425,EVGDNVQITYT,295,100.0
226,HLA-A24:02,5385.27,ABE73425,PSQLKKPRWKR,226,101.0
36,HLA-A24:02,5385.29,ABE73425,PRNLVPIGKGN,36,102.0
20,HLA-A24:02,5385.4,ABE73425,YMPLLVSSDKA,20,103.0
129,HLA-A24:02,5386.01,ABE73425,LPPELSVVEFE,129,104.0
257,HLA-A24:02,5386.32,ABE73425,MGDSDLVQNGV,257,105.0
25,HLA-A24:02,5386.61,ABE73425,VSSDKAPYRVI,25,106.0
283,HLA-A24:02,5386.7,ABE73425,AALFFDSEVST,283,107.0
312,HLA-A24:02,5387.04,ABE73425,KDNKNLPKFIE,312,108.0
236,HLA-A24:02,5387.31,ABE73425,RVPTREENVIQ,236,109.0
245,HLA-A24:02,5388.0,ABE73425,IQCFGPRDFNH,245,110.0
62,HLA-A24:02,5388.03,ABE73425,MRRGQRVDLPP,62,111.0
86,HLA-A24:02,5388.17,ABE73425,DLKFRQRSDGV,86,112.0
205,HLA-A24:02,5388.19,ABE73425,SSGTFTPKKPN,205,113.0
332,HLA-A24:02,5389.02,ABE73425,SIKEMQSQSSH,332,114.0
222,HLA-A24:02,5389.36,ABE73425,RADKPSQLKKP,222,115.0
113,HLA-A24:02,5389.42,ABE73425,NRKRNQKPLEP,113,116.0
6,HLA-A24:02,5389.59,ABE73425,DDRAARKKFPP,6,117.0
314,HLA-A24:02,5390.06,ABE73425,NKNLPKFIEQI,314,118.0
249,HLA-A24:02,5390.13,ABE73425,GPRDFNHNMGD,249,119.0
255,HLA-A24:02,5391.21,ABE73425,HNMGDSDLVQN,255,120.0
103,HLA-A24:02,5391.27,ABE73425,GAKTVNTSLGN,103,121.0
159,HLA-A24:02,5391.37,ABE73425,RDSSRSTSRQQ,159,122.0
188,HLA-A24:02,5391.44,ABE73425,TLALKNLGFDN,188,123.0
320,HLA-A24:02,5391.95,ABE73425,FIEQISAFTKP,320,124.0
82,HLA-A24:02,5392.11,ABE73425,GPHKDLKFRQR,82,125.0
33,HLA-A24:02,5392.44,ABE73425,RVIPRNLVPIG,33,126.0
125,HLA-A24:02,5392.62,ABE73425,FSIALPPELSV,125,127.0
204,HLA-A24:02,5392.62,ABE73425,SSSGTFTPKKP,204,127.0
167,HLA-A24:02,5392.66,ABE73425,RQQSRTRSDSN,167,129.0
269,HLA-A24:02,5392.72,ABE73425,AKGFPQLAELI,269,130.0
174,HLA-A24:02,5392.88,ABE73425,SDSNQSSSDLV,174,131.0
54,HLA-A24:02,5393.49,ABE73425,WNVQERWRMRR,54,132.0
216,HLA-A24:02,5394.37,ABE73425,KPLSQPRADKP,216,133.0
67,HLA-A24:02,5394.69,ABE73425,RVDLPPKVHFY,67,134.0
246,HLA-A24:02,5394.77,ABE73425,QCFGPRDFNHN,246,135.0
58,HLA-A24:02,5395.04,ABE73425,ERWRMRRGQRV,58,136.0
133,HLA-A24:02,5395.15,ABE73425,LSVVEFEDRSN,133,137.0
189,HLA-A24:02,5395.16,ABE73425,LALKNLGFDNQ,189,138.0
134,HLA-A24:02,5395.2,ABE73425,SVVEFEDRSNN,134,139.0
121,HLA-A24:02,5395.24,ABE73425,LEPKFSIALPP,121,140.0
118,HLA-A24:02,5395.43,ABE73425,QKPLEPKFSIA,118,141.0
107,HLA-A24:02,5395.56,ABE73425,VNTSLGNRKRN,107,142.0
168,HLA-A24:02,5395.72,ABE73425,QQSRTRSDSNQ,168,143.0
288,HLA-A24:02,5396.32,ABE73425,DSEVSTDEVGD,288,144.0
306,HLA-A24:02,5396.49,ABE73425,YKMLVAKDNKN,306,145.0
146,HLA-A24:02,5396.53,ABE73425,SRASSRSSTRN,146,146.0
292,HLA-A24:02,5396.57,ABE73425,STDEVGDNVQI,292,147.0
81,HLA-A24:02,5396.58,ABE73425,TGPHKDLKFRQ,81,148.0
84,HLA-A24:02,5396.65,ABE73425,HKDLKFRQRSD,84,149.0
70,HLA-A24:02,5396.8,ABE73425,LPPKVHFYYLG,70,150.0
289,HLA-A24:02,5396.85,ABE73425,SEVSTDEVGDN,289,151.0
227,HLA-A24:02,5396.89,ABE73425,SQLKKPRWKRV,227,152.0
235,HLA-A24:02,5397.17,ABE73425,KRVPTREENVI,235,153.0
231,HLA-A24:02,5397.45,ABE73425,KPRWKRVPTRE,231,154.0
323,HLA-A24:02,5397.69,ABE73425,QISAFTKPSSI,323,155.0
56,HLA-A24:02,5397.86,ABE73425,VQERWRMRRGQ,56,156.0
68,HLA-A24:02,5397.9,ABE73425,VDLPPKVHFYY,68,157.0
39,HLA-A24:02,5397.95,ABE73425,LVPIGKGNKDE,39,158.0
234,HLA-A24:02,5398.05,ABE73425,WKRVPTREENV,234,159.0
110,HLA-A24:02,5398.09,ABE73425,SLGNRKRNQKP,110,160.0
315,HLA-A24:02,5398.42,ABE73425,KNLPKFIEQIS,315,161.0
127,HLA-A24:02,5398.43,ABE73425,IALPPELSVVE,127,162.0
273,HLA-A24:02,5398.97,ABE73425,PQLAELIPNQA,273,163.0
98,HLA-A24:02,5399.03,ABE73425,WVAKEGAKTVN,98,164.0
150,HLA-A24:02,5399.1,ABE73425,SRSSTRNNSRD,150,165.0
89,HLA-A24:02,5399.11,ABE73425,FRQRSDGVVWV,89,166.0
126,HLA-A24:02,5399.23,ABE73425,SIALPPELSVV,126,167.0
163,HLA-A24:02,5400.18,ABE73425,RSTSRQQSRTR,163,168.0
165,HLA-A24:02,5400.18,ABE73425,TSRQQSRTRSD,165,168.0
122,HLA-A24:02,5400.33,ABE73425,EPKFSIALPPE,122,170.0
272,HLA-A24:02,5400.37,ABE73425,FPQLAELIPNQ,272,171.0
41,HLA-A24:02,5400.66,ABE73425,PIGKGNKDEQI,41,172.0
281,HLA-A24:02,5400.73,ABE73425,NQAALFFDSEV,281,173.0
329,HLA-A24:02,5401.1,ABE73425,KPSSIKEMQSQ,329,174.0
253,HLA-A24:02,5401.3,ABE73425,FNHNMGDSDLV,253,175.0
138,HLA-A24:02,5401.32,ABE73425,FEDRSNNSSRA,138,176.0
64,HLA-A24:02,5401.34,ABE73425,RGQRVDLPPKV,64,177.0
284,HLA-A24:02,5401.6,ABE73425,ALFFDSEVSTD,284,178.0
108,HLA-A24:02,5401.67,ABE73425,NTSLGNRKRNQ,108,179.0
225,HLA-A24:02,5401.69,ABE73425,KPSQLKKPRWK,225,180.0
258,HLA-A24:02,5401.8,ABE73425,GDSDLVQNGVD,258,181.0
304,HLA-A24:02,5402.02,ABE73425,YTYKMLVAKDN,304,182.0
28,HLA-A24:02,5402.03,ABE73425,DKAPYRVIPRN,28,183.0
177,HLA-A24:02,5402.49,ABE73425,NQSSSDLVAAV,177,184.0
298,HLA-A24:02,5402.71,ABE73425,DNVQITYTYKM,298,185.0
212,HLA-A24:02,5402.79,ABE73425,KKPNKPLSQPR,212,186.0
286,HLA-A24:02,5402.87,ABE73425,FFDSEVSTDEV,286,187.0
16,HLA-A24:02,5402.88,ABE73425,PPSFYMPLLVS,16,188.0
271,HLA-A24:02,5402.95,ABE73425,GFPQLAELIPN,271,189.0
274,HLA-A24:02,5403.04,ABE73425,QLAELIPNQAA,274,190.0
7,HLA-A24:02,5403.11,ABE73425,DRAARKKFPPP,7,191.0
210,HLA-A24:02,5403.11,ABE73425,TPKKPNKPLSQ,210,191.0
124,HLA-A24:02,5403.32,ABE73425,KFSIALPPELS,124,193.0
172,HLA-A24:02,5403.61,ABE73425,TRSDSNQSSSD,172,194.0
207,HLA-A24:02,5403.64,ABE73425,GTFTPKKPNKP,207,195.0
333,HLA-A24:02,5403.7,ABE73425,IKEMQSQSSHV,333,196.0
280,HLA-A24:02,5403.77,ABE73425,PNQAALFFDSE,280,197.0
47,HLA-A24:02,5403.8,ABE73425,KDEQIGYWNVQ,47,198.0
92,HLA-A24:02,5403.85,ABE73425,RSDGVVWVAKE,92,199.0
223,HLA-A24:02,5403.98,ABE73425,ADKPSQLKKPR,223,200.0
321,HLA-A24:02,5404.04,ABE73425,IEQISAFTKPS,321,201.0
232,HLA-A24:02,5404.1,ABE73425,PRWKRVPTREE,232,202.0
94,HLA-A24:02,5404.48,ABE73425,DGVVWVAKEGA,94,203.0
158,HLA-A24:02,5404.76,ABE73425,SRDSSRSTSRQ,158,204.0
51,HLA-A24:02,5405.16,ABE73425,IGYWNVQERWR,51,205.0
259,HLA-A24:02,5405.25,ABE73425,DSDLVQNGVDA,259,206.0
266,HLA-A24:02,5405.37,ABE73425,GVDAKGFPQLA,266,207.0
190,HLA-A24:02,5405.8,ABE73425,ALKNLGFDNQS,190,208.0
213,HLA-A24:02,5405.88,ABE73425,KPNKPLSQPRA,213,209.0
59,HLA-A24:02,5405.97,ABE73425,RWRMRRGQRVD,59,210.0
106,HLA-A24:02,5406.19,ABE73425,TVNTSLGNRKR,106,211.0
160,HLA-A24:02,5406.48,ABE73425,DSSRSTSRQQS,160,212.0
214,HLA-A24:02,5406.61,ABE73425,PNKPLSQPRAD,214,213.0
330,HLA-A24:02,5406.65,ABE73425,PSSIKEMQSQS,330,214.0
251,HLA-A24:02,5406.74,ABE73425,RDFNHNMGDSD,251,215.0
305,HLA-A24:02,5406.86,ABE73425,TYKMLVAKDNK,305,216.0
202,HLA-A24:02,5408.32,ABE73425,SPSSSGTFTPK,202,217.0
112,HLA-A24:02,5408.38,ABE73425,GNRKRNQKPLE,112,218.0
267,HLA-A24:02,5408.55,ABE73425,VDAKGFPQLAE,267,219.0
87,HLA-A24:02,5408.59,ABE73425,LKFRQRSDGVV,87,220.0
303,HLA-A24:02,5408.61,ABE73425,TYTYKMLVAKD,303,221.0
209,HLA-A24:02,5408.66,ABE73425,FTPKKPNKPLS,209,222.0
208,HLA-A24:02,5409.29,ABE73425,TFTPKKPNKPL,208,223.0
169,HLA-A24:02,5409.6,ABE73425,QSRTRSDSNQS,169,224.0
161,HLA-A24:02,5409.83,ABE73425,SSRSTSRQQSR,161,225.0
291,HLA-A24:02,5409.9,ABE73425,VSTDEVGDNVQ,291,226.0
250,HLA-A24:02,5409.91,ABE73425,PRDFNHNMGDS,250,227.0
90,HLA-A24:02,5410.26,ABE73425,RQRSDGVVWVA,90,228.0
242,HLA-A24:02,5410.4,ABE73425,ENVIQCFGPRD,242,229.0
180,HLA-A24:02,5410.61,ABE73425,SSDLVAAVTLA,180,230.0
57,HLA-A24:02,5410.68,ABE73425,QERWRMRRGQR,57,231.0
230,HLA-A24:02,5410.7,ABE73425,KKPRWKRVPTR,230,232.0
183,HLA-A24:02,5410.81,ABE73425,LVAAVTLALKN,183,233.0
27,HLA-A24:02,5411.09,ABE73425,SDKAPYRVIPR,27,234.0
218,HLA-A24:02,5411.13,ABE73425,LSQPRADKPSQ,218,235.0
83,HLA-A24:02,5411.2,ABE73425,PHKDLKFRQRS,83,236.0
130,HLA-A24:02,5411.2,ABE73425,PPELSVVEFED,130,236.0
301,HLA-A24:02,5411.28,ABE73425,QITYTYKMLVA,301,238.0
239,HLA-A24:02,5412.24,ABE73425,TREENVIQCFG,239,239.0
38,HLA-A24:02,5412.25,ABE73425,NLVPIGKGNKD,38,240.0
72,HLA-A24:02,5412.27,ABE73425,PKVHFYYLGTG,72,241.0
49,HLA-A24:02,5412.29,ABE73425,EQIGYWNVQER,49,242.0
149,HLA-A24:02,5412.53,ABE73425,SSRSSTRNNSR,149,243.0
40,HLA-A24:02,5412.68,ABE73425,VPIGKGNKDEQ,40,244.0
143,HLA-A24:02,5413.15,ABE73425,NNSSRASSRSS,143,245.0
0,HLA-A24:02,5413.24,ABE73425,ASVNWADDRAA,0,246.0
254,HLA-A24:02,5413.24,ABE73425,NHNMGDSDLVQ,254,246.0
313,HLA-A24:02,5413.28,ABE73425,DNKNLPKFIEQ,313,248.0
104,HLA-A24:02,5413.46,ABE73425,AKTVNTSLGNR,104,249.0
156,HLA-A24:02,5413.89,ABE73425,NNSRDSSRSTS,156,250.0
17,HLA-A24:02,5414.03,ABE73425,PSFYMPLLVSS,17,251.0
328,HLA-A24:02,5414.21,ABE73425,TKPSSIKEMQS,328,252.0
182,HLA-A24:02,5414.22,ABE73425,DLVAAVTLALK,182,253.0
153,HLA-A24:02,5414.56,ABE73425,STRNNSRDSSR,153,254.0
264,HLA-A24:02,5414.57,ABE73425,QNGVDAKGFPQ,264,255.0
145,HLA-A24:02,5415.04,ABE73425,SSRASSRSSTR,145,256.0
157,HLA-A24:02,5415.15,ABE73425,NSRDSSRSTSR,157,257.0
217,HLA-A24:02,5415.52,ABE73425,PLSQPRADKPS,217,258.0
192,HLA-A24:02,5415.65,ABE73425,KNLGFDNQSKS,192,259.0
327,HLA-A24:02,5415.65,ABE73425,FTKPSSIKEMQ,327,259.0
100,HLA-A24:02,5415.77,ABE73425,AKEGAKTVNTS,100,261.0
42,HLA-A24:02,5415.96,ABE73425,IGKGNKDEQIG,42,262.0
175,HLA-A24:02,5416.17,ABE73425,DSNQSSSDLVA,175,263.0
170,HLA-A24:02,5416.25,ABE73425,SRTRSDSNQSS,170,264.0
142,HLA-A24:02,5416.43,ABE73425,SNNSSRASSRS,142,265.0
154,HLA-A24:02,5416.54,ABE73425,TRNNSRDSSRS,154,266.0
176,HLA-A24:02,5416.54,ABE73425,SNQSSSDLVAA,176,266.0
279,HLA-A24:02,5416.67,ABE73425,IPNQAALFFDS,279,268.0
164,HLA-A24:02,5416.96,ABE73425,STSRQQSRTRS,164,269.0
233,HLA-A24:02,5417.09,ABE73425,RWKRVPTREEN,233,270.0
151,HLA-A24:02,5417.12,ABE73425,RSSTRNNSRDS,151,271.0
256,HLA-A24:02,5417.13,ABE73425,NMGDSDLVQNG,256,272.0
137,HLA-A24:02,5417.25,ABE73425,EFEDRSNNSSR,137,273.0
166,HLA-A24:02,5417.25,ABE73425,SRQQSRTRSDS,166,273.0
141,HLA-A24:02,5417.52,ABE73425,RSNNSSRASSR,141,275.0
282,HLA-A24:02,5417.55,ABE73425,QAALFFDSEVS,282,276.0
185,HLA-A24:02,5417.65,ABE73425,AAVTLALKNLG,185,277.0
132,HLA-A24:02,5417.71,ABE73425,ELSVVEFEDRS,132,278.0
297,HLA-A24:02,5417.78,ABE73425,GDNVQITYTYK,297,279.0
194,HLA-A24:02,5417.8,ABE73425,LGFDNQSKSPS,194,280.0
55,HLA-A24:02,5417.91,ABE73425,NVQERWRMRRG,55,281.0
75,HLA-A24:02,5418.34,ABE73425,HFYYLGTGPHK,75,282.0
8,HLA-A24:02,5418.38,ABE73425,RAARKKFPPPS,8,283.0
171,HLA-A24:02,5418.63,ABE73425,RTRSDSNQSSS,171,284.0
148,HLA-A24:02,5418.92,ABE73425,ASSRSSTRNNS,148,285.0
139,HLA-A24:02,5419.09,ABE73425,EDRSNNSSRAS,139,286.0
203,HLA-A24:02,5419.15,ABE73425,PSSSGTFTPKK,203,287.0
322,HLA-A24:02,5419.24,ABE73425,EQISAFTKPSS,322,288.0
331,HLA-A24:02,5419.56,ABE73425,SSIKEMQSQSS,331,289.0
302,HLA-A24:02,5419.61,ABE73425,ITYTYKMLVAK,302,290.0
76,HLA-A24:02,5419.76,ABE73425,FYYLGTGPHKD,76,291.0
324,HLA-A24:02,5419.9,ABE73425,ISAFTKPSSIK,324,292.0
248,HLA-A24:02,5420.45,ABE73425,FGPRDFNHNMG,248,293.0
196,HLA-A24:02,5420.57,ABE73425,FDNQSKSPSSS,196,294.0
220,HLA-A24:02,5420.62,ABE73425,QPRADKPSQLK,220,295.0
197,HLA-A24:02,5421.34,ABE73425,DNQSKSPSSSG,197,296.0
3,HLA-A24:02,5421.37,ABE73425,NWADDRAARKK,3,297.0
131,HLA-A24:02,5422.08,ABE73425,PELSVVEFEDR,131,298.0
140,HLA-A24:02,5422.54,ABE73425,DRSNNSSRASS,140,299.0
152,HLA-A24:02,5422.8,ABE73425,SSTRNNSRDSS,152,300.0
287,HLA-A24:02,5422.84,ABE73425,FDSEVSTDEVG,287,301.0
285,HLA-A24:02,5423.86,ABE73425,LFFDSEVSTDE,285,302.0
18,HLA-A24:02,5424.27,ABE73425,SFYMPLLVSSD,18,303.0
85,HLA-A24:02,5424.34,ABE73425,KDLKFRQRSDG,85,304.0
195,HLA-A24:02,5425.45,ABE73425,GFDNQSKSPSS,195,305.0
136,HLA-A24:02,5425.56,ABE73425,VEFEDRSNNSS,136,306.0
93,HLA-A24:02,5425.6,ABE73425,SDGVVWVAKEG,93,307.0
135,HLA-A24:02,5425.7,ABE73425,VVEFEDRSNNS,135,308.0
63,HLA-A24:02,5426.08,ABE73425,RRGQRVDLPPK,63,309.0
102,HLA-A24:02,5426.38,ABE73425,EGAKTVNTSLG,102,310.0
37,HLA-A24:02,5426.47,ABE73425,RNLVPIGKGNK,37,311.0
221,HLA-A24:02,5426.61,ABE73425,PRADKPSQLKK,221,312.0
91,HLA-A24:02,5426.71,ABE73425,QRSDGVVWVAK,91,313.0
114,HLA-A24:02,5427.51,ABE73425,RKRNQKPLEPK,114,314.0
247,HLA-A24:02,5427.56,ABE73425,CFGPRDFNHNM,247,315.0
1,HLA-A24:02,5428.03,ABE73425,SVNWADDRAAR,1,316.0
78,HLA-A24:02,5428.38,ABE73425,YLGTGPHKDLK,78,317.0
326,HLA-A24:02,5428.47,ABE73425,AFTKPSSIKEM,326,318.0
35,HLA-A24:02,5428.53,ABE73425,IPRNLVPIGKG,35,319.0
206,HLA-A24:02,5428.61,ABE73425,SGTFTPKKPNK,206,320.0
215,HLA-A24:02,5429.24,ABE73425,NKPLSQPRADK,215,321.0
260,HLA-A24:02,5429.99,ABE73425,SDLVQNGVDAK,260,322.0
241,HLA-A24:02,5430.03,ABE73425,EENVIQCFGPR,241,323.0
23,HLA-A24:02,5430.27,ABE73425,LLVSSDKAPYR,23,324.0
261,HLA-A24:02,5431.36,ABE73425,DLVQNGVDAKG,261,325.0
105,HLA-A24:02,5435.52,ABE73425,KTVNTSLGNRK,105,326.0
2,HLA-A24:02,5435.83,ABE73425,VNWADDRAARK,2,327.0
191,HLA-A24:02,5436.04,ABE73425,LKNLGFDNQSK,191,328.0
309,HLA-A24:02,5438.83,ABE73425,LVAKDNKNLPK,309,329.0
95,HLA-A24:02,5441.13,ABE73425,GVVWVAKEGAK,95,330.0
109,HLA-A24:02,5443.64,ABE73425,TSLGNRKRNQK,109,331.0
237,HLA-A24:02,5449.45,ABE73425,VPTREENVIQC,237,332.0
31,HLA-A24:02,5476.05,ABE73425,PYRVIPRNLVP,31,333.0
319,HLA-A24:02,5480.98,ABE73425,KFIEQISAFTK,319,334.0
302,HLA-A03:01,958.09,ABE73425,ITYTYKMLVAK,302,1.0
34,HLA-A03:01,4550.54,ABE73425,VIPRNLVPIGK,34,2.0
309,HLA-A03:01,5134.14,ABE73425,LVAKDNKNLPK,309,3.0
105,HLA-A03:01,5406.2,ABE73425,KTVNTSLGNRK,105,4.0
207,HLA-A03:01,5476.54,ABE73425,GTFTPKKPNKP,207,5.0
67,HLA-A03:01,5480.95,ABE73425,RVDLPPKVHFY,67,6.0
307,HLA-A03:01,5485.94,ABE73425,KMLVAKDNKNL,307,7.0
179,HLA-A03:01,5536.68,ABE73425,SSSDLVAAVTL,179,8.0
126,HLA-A03:01,5537.98,ABE73425,SIALPPELSVV,126,9.0
128,HLA-A03:01,5554.13,ABE73425,ALPPELSVVEF,128,10.0
182,HLA-A03:01,5563.97,ABE73425,DLVAAVTLALK,182,11.0
184,HLA-A03:01,5564.1,ABE73425,VAAVTLALKNL,184,12.0
202,HLA-A03:01,5566.0,ABE73425,SPSSSGTFTPK,202,13.0
181,HLA-A03:01,5579.26,ABE73425,SDLVAAVTLAL,181,14.0
78,HLA-A03:01,5580.8,ABE73425,YLGTGPHKDLK,78,15.0
29,HLA-A03:01,5583.1,ABE73425,KAPYRVIPRNL,29,16.0
324,HLA-A03:01,5583.44,ABE73425,ISAFTKPSSIK,324,17.0
299,HLA-A03:01,5583.57,ABE73425,NVQITYTYKML,299,18.0
14,HLA-A03:01,5585.78,ABE73425,FPPPSFYMPLL,14,19.0
13,HLA-A03:01,5587.41,ABE73425,KFPPPSFYMPL,13,20.0
119,HLA-A03:01,5588.12,ABE73425,KPLEPKFSIAL,119,21.0
60,HLA-A03:01,5593.79,ABE73425,WRMRRGQRVDL,60,22.0
77,HLA-A03:01,5594.86,ABE73425,YYLGTGPHKDL,77,23.0
295,HLA-A03:01,5595.03,ABE73425,EVGDNVQITYT,295,24.0
252,HLA-A03:01,5596.97,ABE73425,DFNHNMGDSDL,252,25.0
300,HLA-A03:01,5597.02,ABE73425,VQITYTYKMLV,300,26.0
101,HLA-A03:01,5597.91,ABE73425,KEGAKTVNTSL,101,27.0
69,HLA-A03:01,5598.78,ABE73425,DLPPKVHFYYL,69,28.0
18,HLA-A03:01,5602.74,ABE73425,SFYMPLLVSSD,18,29.0
8,HLA-A03:01,5603.15,ABE73425,RAARKKFPPPS,8,30.0
275,HLA-A03:01,5604.2,ABE73425,LAELIPNQAAL,275,31.0
89,HLA-A03:01,5604.41,ABE73425,FRQRSDGVVWV,89,32.0
85,HLA-A03:01,5604.67,ABE73425,KDLKFRQRSDG,85,33.0
180,HLA-A03:01,5604.83,ABE73425,SSDLVAAVTLA,180,34.0
173,HLA-A03:01,5605.47,ABE73425,RSDSNQSSSDL,173,35.0
59,HLA-A03:01,5606.4,ABE73425,RWRMRRGQRVD,59,36.0
52,HLA-A03:01,5607.12,ABE73425,GYWNVQERWRM,52,37.0
19,HLA-A03:01,5608.94,ABE73425,FYMPLLVSSDK,19,38.0
99,HLA-A03:01,5609.35,ABE73425,VAKEGAKTVNT,99,39.0
215,HLA-A03:01,5609.75,ABE73425,NKPLSQPRADK,215,40.0
239,HLA-A03:01,5610.59,ABE73425,TREENVIQCFG,239,41.0
290,HLA-A03:01,5610.66,ABE73425,EVSTDEVGDNV,290,42.0
251,HLA-A03:01,5610.85,ABE73425,RDFNHNMGDSD,251,43.0
268,HLA-A03:01,5611.21,ABE73425,DAKGFPQLAEL,268,44.0
178,HLA-A03:01,5611.56,ABE73425,QSSSDLVAAVT,178,45.0
303,HLA-A03:01,5611.67,ABE73425,TYTYKMLVAKD,303,46.0
297,HLA-A03:01,5612.82,ABE73425,GDNVQITYTYK,297,47.0
258,HLA-A03:01,5613.9,ABE73425,GDSDLVQNGVD,258,48.0
109,HLA-A03:01,5614.06,ABE73425,TSLGNRKRNQK,109,49.0
127,HLA-A03:01,5614.72,ABE73425,IALPPELSVVE,127,50.0
247,HLA-A03:01,5615.91,ABE73425,CFGPRDFNHNM,247,51.0
189,HLA-A03:01,5616.07,ABE73425,LALKNLGFDNQ,189,52.0
185,HLA-A03:01,5616.35,ABE73425,AAVTLALKNLG,185,53.0
71,HLA-A03:01,5616.66,ABE73425,PPKVHFYYLGT,71,54.0
237,HLA-A03:01,5616.83,ABE73425,VPTREENVIQC,237,55.0
20,HLA-A03:01,5616.89,ABE73425,YMPLLVSSDKA,20,56.0
253,HLA-A03:01,5617.9,ABE73425,FNHNMGDSDLV,253,57.0
305,HLA-A03:01,5618.09,ABE73425,TYKMLVAKDNK,305,58.0
270,HLA-A03:01,5618.14,ABE73425,KGFPQLAELIP,270,59.0
75,HLA-A03:01,5618.24,ABE73425,HFYYLGTGPHK,75,60.0
150,HLA-A03:01,5618.28,ABE73425,SRSSTRNNSRD,150,61.0
265,HLA-A03:01,5618.87,ABE73425,NGVDAKGFPQL,265,62.0
70,HLA-A03:01,5619.04,ABE73425,LPPKVHFYYLG,70,63.0
234,HLA-A03:01,5619.63,ABE73425,WKRVPTREENV,234,64.0
249,HLA-A03:01,5619.96,ABE73425,GPRDFNHNMGD,249,65.0
114,HLA-A03:01,5620.24,ABE73425,RKRNQKPLEPK,114,66.0
47,HLA-A03:01,5620.42,ABE73425,KDEQIGYWNVQ,47,67.0
40,HLA-A03:01,5620.73,ABE73425,VPIGKGNKDEQ,40,68.0
30,HLA-A03:01,5620.77,ABE73425,APYRVIPRNLV,30,69.0
130,HLA-A03:01,5620.89,ABE73425,PPELSVVEFED,130,70.0
123,HLA-A03:01,5621.02,ABE73425,PKFSIALPPEL,123,71.0
138,HLA-A03:01,5621.03,ABE73425,FEDRSNNSSRA,138,72.0
283,HLA-A03:01,5621.38,ABE73425,AALFFDSEVST,283,73.0
285,HLA-A03:01,5621.46,ABE73425,LFFDSEVSTDE,285,74.0
72,HLA-A03:01,5621.72,ABE73425,PKVHFYYLGTG,72,75.0
17,HLA-A03:01,5621.86,ABE73425,PSFYMPLLVSS,17,76.0
286,HLA-A03:01,5622.02,ABE73425,FFDSEVSTDEV,286,77.0
319,HLA-A03:01,5622.02,ABE73425,KFIEQISAFTK,319,77.0
93,HLA-A03:01,5622.09,ABE73425,SDGVVWVAKEG,93,79.0
102,HLA-A03:01,5622.11,ABE73425,EGAKTVNTSLG,102,80.0
84,HLA-A03:01,5622.61,ABE73425,HKDLKFRQRSD,84,81.0
287,HLA-A03:01,5622.8,ABE73425,FDSEVSTDEVG,287,82.0
76,HLA-A03:01,5622.98,ABE73425,FYYLGTGPHKD,76,83.0
306,HLA-A03:01,5623.05,ABE73425,YKMLVAKDNKN,306,84.0
326,HLA-A03:01,5623.14,ABE73425,AFTKPSSIKEM,326,85.0
259,HLA-A03:01,5623.21,ABE73425,DSDLVQNGVDA,259,86.0
46,HLA-A03:01,5623.23,ABE73425,NKDEQIGYWNV,46,87.0
304,HLA-A03:01,5623.47,ABE73425,YTYKMLVAKDN,304,88.0
63,HLA-A03:01,5624.07,ABE73425,RRGQRVDLPPK,63,89.0
232,HLA-A03:01,5624.39,ABE73425,PRWKRVPTREE,232,90.0
3,HLA-A03:01,5624.42,ABE73425,NWADDRAARKK,3,91.0
97,HLA-A03:01,5624.45,ABE73425,VWVAKEGAKTV,97,92.0
90,HLA-A03:01,5624.51,ABE73425,RQRSDGVVWVA,90,93.0
162,HLA-A03:01,5624.56,ABE73425,SRSTSRQQSRT,162,94.0
100,HLA-A03:01,5625.09,ABE73425,AKEGAKTVNTS,100,95.0
288,HLA-A03:01,5625.22,ABE73425,DSEVSTDEVGD,288,96.0
129,HLA-A03:01,5625.29,ABE73425,LPPELSVVEFE,129,97.0
12,HLA-A03:01,5625.89,ABE73425,KKFPPPSFYMP,12,98.0
250,HLA-A03:01,5626.01,ABE73425,PRDFNHNMGDS,250,99.0
37,HLA-A03:01,5626.07,ABE73425,RNLVPIGKGNK,37,100.0
124,HLA-A03:01,5626.21,ABE73425,KFSIALPPELS,124,101.0
248,HLA-A03:01,5626.45,ABE73425,FGPRDFNHNMG,248,102.0
225,HLA-A03:01,5627.21,ABE73425,KPSQLKKPRWK,225,103.0
289,HLA-A03:01,5627.21,ABE73425,SEVSTDEVGDN,289,103.0
16,HLA-A03:01,5627.32,ABE73425,PPSFYMPLLVS,16,105.0
318,HLA-A03:01,5627.71,ABE73425,PKFIEQISAFT,318,106.0
201,HLA-A03:01,5627.78,ABE73425,KSPSSSGTFTP,201,107.0
86,HLA-A03:01,5627.82,ABE73425,DLKFRQRSDGV,86,108.0
254,HLA-A03:01,5628.29,ABE73425,NHNMGDSDLVQ,254,109.0
280,HLA-A03:01,5628.69,ABE73425,PNQAALFFDSE,280,110.0
301,HLA-A03:01,5628.94,ABE73425,QITYTYKMLVA,301,111.0
279,HLA-A03:01,5628.97,ABE73425,IPNQAALFFDS,279,112.0
91,HLA-A03:01,5629.05,ABE73425,QRSDGVVWVAK,91,113.0
256,HLA-A03:01,5629.13,ABE73425,NMGDSDLVQNG,256,114.0
35,HLA-A03:01,5629.25,ABE73425,IPRNLVPIGKG,35,115.0
120,HLA-A03:01,5629.29,ABE73425,PLEPKFSIALP,120,116.0
272,HLA-A03:01,5629.36,ABE73425,FPQLAELIPNQ,272,117.0
329,HLA-A03:01,5629.64,ABE73425,KPSSIKEMQSQ,329,118.0
298,HLA-A03:01,5629.69,ABE73425,DNVQITYTYKM,298,119.0
174,HLA-A03:01,5629.76,ABE73425,SDSNQSSSDLV,174,120.0
55,HLA-A03:01,5629.77,ABE73425,NVQERWRMRRG,55,121.0
31,HLA-A03:01,5629.85,ABE73425,PYRVIPRNLVP,31,122.0
214,HLA-A03:01,5630.11,ABE73425,PNKPLSQPRAD,214,123.0
229,HLA-A03:01,5630.11,ABE73425,LKKPRWKRVPT,229,123.0
131,HLA-A03:01,5630.13,ABE73425,PELSVVEFEDR,131,125.0
62,HLA-A03:01,5630.45,ABE73425,MRRGQRVDLPP,62,126.0
125,HLA-A03:01,5630.84,ABE73425,FSIALPPELSV,125,127.0
172,HLA-A03:01,5630.95,ABE73425,TRSDSNQSSSD,172,128.0
333,HLA-A03:01,5631.21,ABE73425,IKEMQSQSSHV,333,129.0
260,HLA-A03:01,5631.26,ABE73425,SDLVQNGVDAK,260,130.0
121,HLA-A03:01,5631.38,ABE73425,LEPKFSIALPP,121,131.0
166,HLA-A03:01,5631.6,ABE73425,SRQQSRTRSDS,166,132.0
81,HLA-A03:01,5631.72,ABE73425,TGPHKDLKFRQ,81,133.0
107,HLA-A03:01,5631.78,ABE73425,VNTSLGNRKRN,107,134.0
231,HLA-A03:01,5631.9,ABE73425,KPRWKRVPTRE,231,135.0
261,HLA-A03:01,5632.17,ABE73425,DLVQNGVDAKG,261,136.0
108,HLA-A03:01,5632.18,ABE73425,NTSLGNRKRNQ,108,137.0
281,HLA-A03:01,5632.23,ABE73425,NQAALFFDSEV,281,138.0
208,HLA-A03:01,5632.28,ABE73425,TFTPKKPNKPL,208,139.0
103,HLA-A03:01,5632.5,ABE73425,GAKTVNTSLGN,103,140.0
15,HLA-A03:01,5632.51,ABE73425,PPPSFYMPLLV,15,141.0
158,HLA-A03:01,5632.57,ABE73425,SRDSSRSTSRQ,158,142.0
276,HLA-A03:01,5632.57,ABE73425,AELIPNQAALF,276,142.0
220,HLA-A03:01,5633.11,ABE73425,QPRADKPSQLK,220,144.0
257,HLA-A03:01,5633.3,ABE73425,MGDSDLVQNGV,257,145.0
159,HLA-A03:01,5633.46,ABE73425,RDSSRSTSRQQ,159,146.0
48,HLA-A03:01,5633.89,ABE73425,DEQIGYWNVQE,48,147.0
10,HLA-A03:01,5634.05,ABE73425,ARKKFPPPSFY,10,148.0
242,HLA-A03:01,5634.34,ABE73425,ENVIQCFGPRD,242,149.0
235,HLA-A03:01,5634.49,ABE73425,KRVPTREENVI,235,150.0
233,HLA-A03:01,5635.07,ABE73425,RWKRVPTREEN,233,151.0
168,HLA-A03:01,5635.09,ABE73425,QQSRTRSDSNQ,168,152.0
177,HLA-A03:01,5635.2,ABE73425,NQSSSDLVAAV,177,153.0
313,HLA-A03:01,5635.31,ABE73425,DNKNLPKFIEQ,313,154.0
246,HLA-A03:01,5635.4,ABE73425,QCFGPRDFNHN,246,155.0
21,HLA-A03:01,5635.46,ABE73425,MPLLVSSDKAP,21,156.0
39,HLA-A03:01,5635.57,ABE73425,LVPIGKGNKDE,39,157.0
240,HLA-A03:01,5635.82,ABE73425,REENVIQCFGP,240,158.0
36,HLA-A03:01,5635.94,ABE73425,PRNLVPIGKGN,36,159.0
111,HLA-A03:01,5636.09,ABE73425,LGNRKRNQKPL,111,160.0
2,HLA-A03:01,5636.23,ABE73425,VNWADDRAARK,2,161.0
183,HLA-A03:01,5636.3,ABE73425,LVAAVTLALKN,183,162.0
191,HLA-A03:01,5636.7,ABE73425,LKNLGFDNQSK,191,163.0
176,HLA-A03:01,5636.77,ABE73425,SNQSSSDLVAA,176,164.0
321,HLA-A03:01,5637.18,ABE73425,IEQISAFTKPS,321,165.0
88,HLA-A03:01,5637.24,ABE73425,KFRQRSDGVVW,88,166.0
255,HLA-A03:01,5637.91,ABE73425,HNMGDSDLVQN,255,167.0
210,HLA-A03:01,5638.12,ABE73425,TPKKPNKPLSQ,210,168.0
211,HLA-A03:01,5638.24,ABE73425,PKKPNKPLSQP,211,169.0
56,HLA-A03:01,5638.41,ABE73425,VQERWRMRRGQ,56,170.0
200,HLA-A03:01,5638.43,ABE73425,SKSPSSSGTFT,200,171.0
213,HLA-A03:01,5638.73,ABE73425,KPNKPLSQPRA,213,172.0
206,HLA-A03:01,5638.76,ABE73425,SGTFTPKKPNK,206,173.0
92,HLA-A03:01,5639.32,ABE73425,RSDGVVWVAKE,92,174.0
165,HLA-A03:01,5639.45,ABE73425,TSRQQSRTRSD,165,175.0
312,HLA-A03:01,5639.8,ABE73425,KDNKNLPKFIE,312,176.0
58,HLA-A03:01,5639.98,ABE73425,ERWRMRRGQRV,58,177.0
267,HLA-A03:01,5640.04,ABE73425,VDAKGFPQLAE,267,178.0
308,HLA-A03:01,5640.17,ABE73425,MLVAKDNKNLP,308,179.0
216,HLA-A03:01,5640.49,ABE73425,KPLSQPRADKP,216,180.0
38,HLA-A03:01,5640.79,ABE73425,NLVPIGKGNKD,38,181.0
155,HLA-A03:01,5641.16,ABE73425,RNNSRDSSRST,155,182.0
175,HLA-A03:01,5641.42,ABE73425,DSNQSSSDLVA,175,183.0
327,HLA-A03:01,5641.49,ABE73425,FTKPSSIKEMQ,327,184.0
188,HLA-A03:01,5641.51,ABE73425,TLALKNLGFDN,188,185.0
264,HLA-A03:01,5641.59,ABE73425,QNGVDAKGFPQ,264,186.0
113,HLA-A03:01,5641.64,ABE73425,NRKRNQKPLEP,113,187.0
219,HLA-A03:01,5641.71,ABE73425,SQPRADKPSQL,219,188.0
273,HLA-A03:01,5641.92,ABE73425,PQLAELIPNQA,273,189.0
190,HLA-A03:01,5642.11,ABE73425,ALKNLGFDNQS,190,190.0
146,HLA-A03:01,5642.32,ABE73425,SRASSRSSTRN,146,191.0
323,HLA-A03:01,5642.33,ABE73425,QISAFTKPSSI,323,192.0
222,HLA-A03:01,5642.52,ABE73425,RADKPSQLKKP,222,193.0
293,HLA-A03:01,5642.88,ABE73425,TDEVGDNVQIT,293,194.0
45,HLA-A03:01,5643.0,ABE73425,GNKDEQIGYWN,45,195.0
291,HLA-A03:01,5643.2,ABE73425,VSTDEVGDNVQ,291,196.0
198,HLA-A03:01,5643.68,ABE73425,NQSKSPSSSGT,198,197.0
104,HLA-A03:01,5643.83,ABE73425,AKTVNTSLGNR,104,198.0
80,HLA-A03:01,5643.87,ABE73425,GTGPHKDLKFR,80,199.0
269,HLA-A03:01,5644.11,ABE73425,AKGFPQLAELI,269,200.0
82,HLA-A03:01,5644.15,ABE73425,GPHKDLKFRQR,82,201.0
7,HLA-A03:01,5644.63,ABE73425,DRAARKKFPPP,7,202.0
54,HLA-A03:01,5644.68,ABE73425,WNVQERWRMRR,54,203.0
316,HLA-A03:01,5645.12,ABE73425,NLPKFIEQISA,316,204.0
227,HLA-A03:01,5645.22,ABE73425,SQLKKPRWKRV,227,205.0
116,HLA-A03:01,5645.42,ABE73425,RNQKPLEPKFS,116,206.0
271,HLA-A03:01,5645.53,ABE73425,GFPQLAELIPN,271,207.0
64,HLA-A03:01,5645.93,ABE73425,RGQRVDLPPKV,64,208.0
209,HLA-A03:01,5646.3,ABE73425,FTPKKPNKPLS,209,209.0
192,HLA-A03:01,5646.34,ABE73425,KNLGFDNQSKS,192,210.0
98,HLA-A03:01,5646.92,ABE73425,WVAKEGAKTVN,98,211.0
9,HLA-A03:01,5646.94,ABE73425,AARKKFPPPSF,9,212.0
221,HLA-A03:01,5647.08,ABE73425,PRADKPSQLKK,221,213.0
5,HLA-A03:01,5647.14,ABE73425,ADDRAARKKFP,5,214.0
136,HLA-A03:01,5647.19,ABE73425,VEFEDRSNNSS,136,215.0
6,HLA-A03:01,5647.2,ABE73425,DDRAARKKFPP,6,216.0
144,HLA-A03:01,5647.51,ABE73425,NSSRASSRSST,144,217.0
11,HLA-A03:01,5647.78,ABE73425,RKKFPPPSFYM,11,218.0
61,HLA-A03:01,5647.83,ABE73425,RMRRGQRVDLP,61,219.0
87,HLA-A03:01,5647.92,ABE73425,LKFRQRSDGVV,87,220.0
197,HLA-A03:01,5648.9,ABE73425,DNQSKSPSSSG,197,221.0
212,HLA-A03:01,5649.04,ABE73425,KKPNKPLSQPR,212,222.0
320,HLA-A03:01,5649.05,ABE73425,FIEQISAFTKP,320,223.0
328,HLA-A03:01,5649.13,ABE73425,TKPSSIKEMQS,328,224.0
112,HLA-A03:01,5649.4,ABE73425,GNRKRNQKPLE,112,225.0
154,HLA-A03:01,5649.46,ABE73425,TRNNSRDSSRS,154,226.0
28,HLA-A03:01,5649.6,ABE73425,DKAPYRVIPRN,28,227.0
266,HLA-A03:01,5649.68,ABE73425,GVDAKGFPQLA,266,228.0
96,HLA-A03:01,5650.18,ABE73425,VVWVAKEGAKT,96,229.0
224,HLA-A03:01,5650.22,ABE73425,DKPSQLKKPRW,224,230.0
230,HLA-A03:01,5650.37,ABE73425,KKPRWKRVPTR,230,231.0
66,HLA-A03:01,5651.34,ABE73425,QRVDLPPKVHF,66,232.0
73,HLA-A03:01,5651.4,ABE73425,KVHFYYLGTGP,73,233.0
223,HLA-A03:01,5651.55,ABE73425,ADKPSQLKKPR,223,234.0
315,HLA-A03:01,5651.87,ABE73425,KNLPKFIEQIS,315,235.0
132,HLA-A03:01,5651.91,ABE73425,ELSVVEFEDRS,132,236.0
133,HLA-A03:01,5652.6,ABE73425,LSVVEFEDRSN,133,237.0
83,HLA-A03:01,5652.67,ABE73425,PHKDLKFRQRS,83,238.0
194,HLA-A03:01,5652.86,ABE73425,LGFDNQSKSPS,194,239.0
122,HLA-A03:01,5653.16,ABE73425,EPKFSIALPPE,122,240.0
139,HLA-A03:01,5653.38,ABE73425,EDRSNNSSRAS,139,241.0
314,HLA-A03:01,5653.65,ABE73425,NKNLPKFIEQI,314,242.0
74,HLA-A03:01,5654.12,ABE73425,VHFYYLGTGPH,74,243.0
142,HLA-A03:01,5654.13,ABE73425,SNNSSRASSRS,142,244.0
95,HLA-A03:01,5654.16,ABE73425,GVVWVAKEGAK,95,245.0
226,HLA-A03:01,5654.42,ABE73425,PSQLKKPRWKR,226,246.0
156,HLA-A03:01,5654.48,ABE73425,NNSRDSSRSTS,156,247.0
151,HLA-A03:01,5655.07,ABE73425,RSSTRNNSRDS,151,248.0
147,HLA-A03:01,5655.17,ABE73425,RASSRSSTRNN,147,249.0
245,HLA-A03:01,5655.41,ABE73425,IQCFGPRDFNH,245,250.0
317,HLA-A03:01,5655.58,ABE73425,LPKFIEQISAF,317,251.0
296,HLA-A03:01,5655.65,ABE73425,VGDNVQITYTY,296,252.0
134,HLA-A03:01,5655.79,ABE73425,SVVEFEDRSNN,134,253.0
196,HLA-A03:01,5655.81,ABE73425,FDNQSKSPSSS,196,254.0
94,HLA-A03:01,5656.08,ABE73425,DGVVWVAKEGA,94,255.0
294,HLA-A03:01,5656.18,ABE73425,DEVGDNVQITY,294,256.0
148,HLA-A03:01,5656.3,ABE73425,ASSRSSTRNNS,148,257.0
330,HLA-A03:01,5656.39,ABE73425,PSSIKEMQSQS,330,258.0
26,HLA-A03:01,5656.85,ABE73425,SSDKAPYRVIP,26,259.0
115,HLA-A03:01,5656.98,ABE73425,KRNQKPLEPKF,115,260.0
277,HLA-A03:01,5657.44,ABE73425,ELIPNQAALFF,277,261.0
44,HLA-A03:01,5657.45,ABE73425,KGNKDEQIGYW,44,262.0
167,HLA-A03:01,5657.58,ABE73425,RQQSRTRSDSN,167,263.0
311,HLA-A03:01,5657.75,ABE73425,AKDNKNLPKFI,311,264.0
263,HLA-A03:01,5657.81,ABE73425,VQNGVDAKGFP,263,265.0
42,HLA-A03:01,5657.83,ABE73425,IGKGNKDEQIG,42,266.0
332,HLA-A03:01,5657.95,ABE73425,SIKEMQSQSSH,332,267.0
218,HLA-A03:01,5658.46,ABE73425,LSQPRADKPSQ,218,268.0
170,HLA-A03:01,5658.7,ABE73425,SRTRSDSNQSS,170,269.0
79,HLA-A03:01,5658.83,ABE73425,LGTGPHKDLKF,79,270.0
143,HLA-A03:01,5659.45,ABE73425,NNSSRASSRSS,143,271.0
33,HLA-A03:01,5659.5,ABE73425,RVIPRNLVPIG,33,272.0
137,HLA-A03:01,5659.83,ABE73425,EFEDRSNNSSR,137,273.0
135,HLA-A03:01,5660.21,ABE73425,VVEFEDRSNNS,135,274.0
282,HLA-A03:01,5660.51,ABE73425,QAALFFDSEVS,282,275.0
195,HLA-A03:01,5660.58,ABE73425,GFDNQSKSPSS,195,276.0
160,HLA-A03:01,5660.66,ABE73425,DSSRSTSRQQS,160,277.0
203,HLA-A03:01,5660.8,ABE73425,PSSSGTFTPKK,203,278.0
32,HLA-A03:01,5660.86,ABE73425,YRVIPRNLVPI,32,279.0
118,HLA-A03:01,5660.95,ABE73425,QKPLEPKFSIA,118,280.0
238,HLA-A03:01,5661.07,ABE73425,PTREENVIQCF,238,281.0
322,HLA-A03:01,5661.14,ABE73425,EQISAFTKPSS,322,282.0
149,HLA-A03:01,5661.34,ABE73425,SSRSSTRNNSR,149,283.0
217,HLA-A03:01,5662.02,ABE73425,PLSQPRADKPS,217,284.0
243,HLA-A03:01,5662.39,ABE73425,NVIQCFGPRDF,243,285.0
193,HLA-A03:01,5662.51,ABE73425,NLGFDNQSKSP,193,286.0
244,HLA-A03:01,5663.3,ABE73425,VIQCFGPRDFN,244,287.0
4,HLA-A03:01,5663.39,ABE73425,WADDRAARKKF,4,288.0
41,HLA-A03:01,5663.43,ABE73425,PIGKGNKDEQI,41,289.0
152,HLA-A03:01,5663.52,ABE73425,SSTRNNSRDSS,152,290.0
169,HLA-A03:01,5663.68,ABE73425,QSRTRSDSNQS,169,291.0
310,HLA-A03:01,5663.88,ABE73425,VAKDNKNLPKF,310,292.0
0,HLA-A03:01,5665.57,ABE73425,ASVNWADDRAA,0,293.0
43,HLA-A03:01,5665.77,ABE73425,GKGNKDEQIGY,43,294.0
57,HLA-A03:01,5665.95,ABE73425,QERWRMRRGQR,57,295.0
49,HLA-A03:01,5666.48,ABE73425,EQIGYWNVQER,49,296.0
140,HLA-A03:01,5667.73,ABE73425,DRSNNSSRASS,140,297.0
117,HLA-A03:01,5668.33,ABE73425,NQKPLEPKFSI,117,298.0
51,HLA-A03:01,5668.74,ABE73425,IGYWNVQERWR,51,299.0
68,HLA-A03:01,5669.44,ABE73425,VDLPPKVHFYY,68,300.0
27,HLA-A03:01,5669.77,ABE73425,SDKAPYRVIPR,27,301.0
24,HLA-A03:01,5670.25,ABE73425,LVSSDKAPYRV,24,302.0
50,HLA-A03:01,5670.37,ABE73425,QIGYWNVQERW,50,303.0
205,HLA-A03:01,5670.42,ABE73425,SSGTFTPKKPN,205,304.0
141,HLA-A03:01,5670.55,ABE73425,RSNNSSRASSR,141,305.0
157,HLA-A03:01,5670.71,ABE73425,NSRDSSRSTSR,157,306.0
241,HLA-A03:01,5670.73,ABE73425,EENVIQCFGPR,241,307.0
164,HLA-A03:01,5671.46,ABE73425,STSRQQSRTRS,164,308.0
145,HLA-A03:01,5672.72,ABE73425,SSRASSRSSTR,145,309.0
53,HLA-A03:01,5673.26,ABE73425,YWNVQERWRMR,53,310.0
163,HLA-A03:01,5675.72,ABE73425,RSTSRQQSRTR,163,311.0
325,HLA-A03:01,5676.98,ABE73425,SAFTKPSSIKE,325,312.0
199,HLA-A03:01,5677.08,ABE73425,QSKSPSSSGTF,199,313.0
331,HLA-A03:01,5677.47,ABE73425,SSIKEMQSQSS,331,314.0
236,HLA-A03:01,5678.25,ABE73425,RVPTREENVIQ,236,315.0
65,HLA-A03:01,5679.18,ABE73425,GQRVDLPPKVH,65,316.0
22,HLA-A03:01,5682.4,ABE73425,PLLVSSDKAPY,22,317.0
110,HLA-A03:01,5682.67,ABE73425,SLGNRKRNQKP,110,318.0
161,HLA-A03:01,5684.16,ABE73425,SSRSTSRQQSR,161,319.0
228,HLA-A03:01,5684.44,ABE73425,QLKKPRWKRVP,228,320.0
153,HLA-A03:01,5684.58,ABE73425,STRNNSRDSSR,153,321.0
171,HLA-A03:01,5684.76,ABE73425,RTRSDSNQSSS,171,322.0
187,HLA-A03:01,5685.3,ABE73425,VTLALKNLGFD,187,323.0
262,HLA-A03:01,5685.58,ABE73425,LVQNGVDAKGF,262,324.0
204,HLA-A03:01,5685.98,ABE73425,SSSGTFTPKKP,204,325.0
186,HLA-A03:01,5690.84,ABE73425,AVTLALKNLGF,186,326.0
292,HLA-A03:01,5690.89,ABE73425,STDEVGDNVQI,292,327.0
25,HLA-A03:01,5693.66,ABE73425,VSSDKAPYRVI,25,328.0
278,HLA-A03:01,5693.78,ABE73425,LIPNQAALFFD,278,329.0
274,HLA-A03:01,5694.4,ABE73425,QLAELIPNQAA,274,330.0
284,HLA-A03:01,5696.81,ABE73425,ALFFDSEVSTD,284,331.0
23,HLA-A03:01,5697.9,ABE73425,LLVSSDKAPYR,23,332.0
1,HLA-A03:01,5699.64,ABE73425,SVNWADDRAAR,1,333.0
106,HLA-A03:01,5704.32,ABE73425,TVNTSLGNRKR,106,334.0
302,HLA-A11:01,21.49,ABE73425,ITYTYKMLVAK,302,1.0
105,HLA-A11:01,31.62,ABE73425,KTVNTSLGNRK,105,2.0
182,HLA-A11:01,36.46,ABE73425,DLVAAVTLALK,182,3.0
309,HLA-A11:01,46.56,ABE73425,LVAKDNKNLPK,309,4.0
324,HLA-A11:01,107.97,ABE73425,ISAFTKPSSIK,324,5.0
75,HLA-A11:01,250.69,ABE73425,HFYYLGTGPHK,75,6.0
297,HLA-A11:01,252.22,ABE73425,GDNVQITYTYK,297,7.0
203,HLA-A11:01,272.53,ABE73425,PSSSGTFTPKK,203,8.0
34,HLA-A11:01,278.9,ABE73425,VIPRNLVPIGK,34,9.0
109,HLA-A11:01,301.23,ABE73425,TSLGNRKRNQK,109,10.0
202,HLA-A11:01,343.23,ABE73425,SPSSSGTFTPK,202,11.0
206,HLA-A11:01,398.39,ABE73425,SGTFTPKKPNK,206,12.0
95,HLA-A11:01,407.35,ABE73425,GVVWVAKEGAK,95,13.0
67,HLA-A11:01,497.33,ABE73425,RVDLPPKVHFY,67,14.0
78,HLA-A11:01,567.72,ABE73425,YLGTGPHKDLK,78,15.0
319,HLA-A11:01,621.37,ABE73425,KFIEQISAFTK,319,16.0
80,HLA-A11:01,1365.26,ABE73425,GTGPHKDLKFR,80,17.0
325,HLA-A11:01,1800.8,ABE73425,SAFTKPSSIKE,325,18.0
63,HLA-A11:01,1841.45,ABE73425,RRGQRVDLPPK,63,19.0
220,HLA-A11:01,2768.6,ABE73425,QPRADKPSQLK,220,20.0
141,HLA-A11:01,2805.7,ABE73425,RSNNSSRASSR,141,21.0
305,HLA-A11:01,3033.58,ABE73425,TYKMLVAKDNK,305,22.0
114,HLA-A11:01,3178.75,ABE73425,RKRNQKPLEPK,114,23.0
23,HLA-A11:01,3210.61,ABE73425,LLVSSDKAPYR,23,24.0
91,HLA-A11:01,3491.44,ABE73425,QRSDGVVWVAK,91,25.0
1,HLA-A11:01,3705.03,ABE73425,SVNWADDRAAR,1,26.0
106,HLA-A11:01,4342.9,ABE73425,TVNTSLGNRKR,106,27.0
27,HLA-A11:01,4423.59,ABE73425,SDKAPYRVIPR,27,28.0
183,HLA-A11:01,4476.76,ABE73425,LVAAVTLALKN,183,29.0
19,HLA-A11:01,5808.59,ABE73425,FYMPLLVSSDK,19,30.0
92,HLA-A11:01,6560.15,ABE73425,RSDGVVWVAKE,92,31.0
260,HLA-A11:01,6798.76,ABE73425,SDLVQNGVDAK,260,32.0
145,HLA-A11:01,6882.6,ABE73425,SSRASSRSSTR,145,33.0
37,HLA-A11:01,7801.11,ABE73425,RNLVPIGKGNK,37,34.0
2,HLA-A11:01,8483.55,ABE73425,VNWADDRAARK,2,35.0
104,HLA-A11:01,8650.29,ABE73425,AKTVNTSLGNR,104,36.0
191,HLA-A11:01,9099.65,ABE73425,LKNLGFDNQSK,191,37.0
33,HLA-A11:01,9531.46,ABE73425,RVIPRNLVPIG,33,38.0
153,HLA-A11:01,9635.26,ABE73425,STRNNSRDSSR,153,39.0
24,HLA-A11:01,9873.44,ABE73425,LVSSDKAPYRV,24,40.0
149,HLA-A11:01,9991.04,ABE73425,SSRSSTRNNSR,149,41.0
49,HLA-A11:01,10250.69,ABE73425,EQIGYWNVQER,49,42.0
134,HLA-A11:01,11591.03,ABE73425,SVVEFEDRSNN,134,43.0
301,HLA-A11:01,11623.17,ABE73425,QITYTYKMLVA,301,44.0
221,HLA-A11:01,12006.69,ABE73425,PRADKPSQLKK,221,45.0
103,HLA-A11:01,12059.52,ABE73425,GAKTVNTSLGN,103,46.0
205,HLA-A11:01,12201.6,ABE73425,SSGTFTPKKPN,205,47.0
147,HLA-A11:01,12371.06,ABE73425,RASSRSSTRNN,147,48.0
204,HLA-A11:01,12425.75,ABE73425,SSSGTFTPKKP,204,49.0
163,HLA-A11:01,12795.84,ABE73425,RSTSRQQSRTR,163,50.0
161,HLA-A11:01,12934.74,ABE73425,SSRSTSRQQSR,161,51.0
271,HLA-A11:01,13191.53,ABE73425,GFPQLAELIPN,271,52.0
207,HLA-A11:01,13751.41,ABE73425,GTFTPKKPNKP,207,53.0
148,HLA-A11:01,14207.32,ABE73425,ASSRSSTRNNS,148,54.0
296,HLA-A11:01,14284.53,ABE73425,VGDNVQITYTY,296,55.0
320,HLA-A11:01,14363.71,ABE73425,FIEQISAFTKP,320,56.0
244,HLA-A11:01,14481.71,ABE73425,VIQCFGPRDFN,244,57.0
76,HLA-A11:01,15561.25,ABE73425,FYYLGTGPHKD,76,58.0
245,HLA-A11:01,15622.87,ABE73425,IQCFGPRDFNH,245,59.0
125,HLA-A11:01,16163.85,ABE73425,FSIALPPELSV,125,60.0
8,HLA-A11:01,16522.66,ABE73425,RAARKKFPPPS,8,61.0
303,HLA-A11:01,16618.27,ABE73425,TYTYKMLVAKD,303,62.0
292,HLA-A11:01,16903.77,ABE73425,STDEVGDNVQI,292,63.0
188,HLA-A11:01,17044.05,ABE73425,TLALKNLGFDN,188,64.0
164,HLA-A11:01,17105.3,ABE73425,STSRQQSRTRS,164,65.0
226,HLA-A11:01,17359.5,ABE73425,PSQLKKPRWKR,226,66.0
278,HLA-A11:01,17438.0,ABE73425,LIPNQAALFFD,278,67.0
255,HLA-A11:01,17687.5,ABE73425,HNMGDSDLVQN,255,68.0
127,HLA-A11:01,17745.69,ABE73425,IALPPELSVVE,127,69.0
135,HLA-A11:01,17845.65,ABE73425,VVEFEDRSNNS,135,70.0
332,HLA-A11:01,17991.2,ABE73425,SIKEMQSQSSH,332,71.0
146,HLA-A11:01,18408.44,ABE73425,SRASSRSSTRN,146,72.0
129,HLA-A11:01,18593.0,ABE73425,LPPELSVVEFE,129,73.0
270,HLA-A11:01,18719.63,ABE73425,KGFPQLAELIP,270,74.0
241,HLA-A11:01,18816.3,ABE73425,EENVIQCFGPR,241,75.0
300,HLA-A11:01,18920.47,ABE73425,VQITYTYKMLV,300,76.0
90,HLA-A11:01,19365.47,ABE73425,RQRSDGVVWVA,90,77.0
215,HLA-A11:01,19371.89,ABE73425,NKPLSQPRADK,215,78.0
73,HLA-A11:01,19819.88,ABE73425,KVHFYYLGTGP,73,79.0
16,HLA-A11:01,19952.29,ABE73425,PPSFYMPLLVS,16,80.0
131,HLA-A11:01,20019.19,ABE73425,PELSVVEFEDR,131,81.0
236,HLA-A11:01,20110.28,ABE73425,RVPTREENVIQ,236,82.0
225,HLA-A11:01,20202.35,ABE73425,KPSQLKKPRWK,225,83.0
190,HLA-A11:01,20350.99,ABE73425,ALKNLGFDNQS,190,84.0
167,HLA-A11:01,20536.41,ABE73425,RQQSRTRSDSN,167,85.0
130,HLA-A11:01,20590.35,ABE73425,PPELSVVEFED,130,86.0
312,HLA-A11:01,20703.99,ABE73425,KDNKNLPKFIE,312,87.0
295,HLA-A11:01,20720.2,ABE73425,EVGDNVQITYT,295,88.0
304,HLA-A11:01,20782.64,ABE73425,YTYKMLVAKDN,304,89.0
17,HLA-A11:01,20893.86,ABE73425,PSFYMPLLVSS,17,90.0
122,HLA-A11:01,20990.23,ABE73425,EPKFSIALPPE,122,91.0
185,HLA-A11:01,21007.19,ABE73425,AAVTLALKNLG,185,92.0
98,HLA-A11:01,21045.56,ABE73425,WVAKEGAKTVN,98,93.0
28,HLA-A11:01,21123.02,ABE73425,DKAPYRVIPRN,28,94.0
99,HLA-A11:01,21200.85,ABE73425,VAKEGAKTVNT,99,95.0
299,HLA-A11:01,21234.85,ABE73425,NVQITYTYKML,299,96.0
150,HLA-A11:01,21271.05,ABE73425,SRSSTRNNSRD,150,97.0
323,HLA-A11:01,21407.05,ABE73425,QISAFTKPSSI,323,98.0
157,HLA-A11:01,21589.49,ABE73425,NSRDSSRSTSR,157,99.0
187,HLA-A11:01,21596.09,ABE73425,VTLALKNLGFD,187,100.0
240,HLA-A11:01,21827.47,ABE73425,REENVIQCFGP,240,101.0
68,HLA-A11:01,21921.49,ABE73425,VDLPPKVHFYY,68,102.0
18,HLA-A11:01,21976.18,ABE73425,SFYMPLLVSSD,18,103.0
22,HLA-A11:01,21998.32,ABE73425,PLLVSSDKAPY,22,104.0
64,HLA-A11:01,21999.06,ABE73425,RGQRVDLPPKV,64,105.0
96,HLA-A11:01,22076.94,ABE73425,VVWVAKEGAKT,96,106.0
186,HLA-A11:01,22116.34,ABE73425,AVTLALKNLGF,186,107.0
180,HLA-A11:01,22254.42,ABE73425,SSDLVAAVTLA,180,108.0
298,HLA-A11:01,22299.9,ABE73425,DNVQITYTYKM,298,109.0
45,HLA-A11:01,22499.96,ABE73425,GNKDEQIGYWN,45,110.0
3,HLA-A11:01,22500.54,ABE73425,NWADDRAARKK,3,111.0
230,HLA-A11:01,22595.46,ABE73425,KKPRWKRVPTR,230,112.0
322,HLA-A11:01,22666.38,ABE73425,EQISAFTKPSS,322,113.0
126,HLA-A11:01,22715.25,ABE73425,SIALPPELSVV,126,114.0
266,HLA-A11:01,22807.12,ABE73425,GVDAKGFPQLA,266,115.0
267,HLA-A11:01,22814.85,ABE73425,VDAKGFPQLAE,267,116.0
54,HLA-A11:01,22882.04,ABE73425,WNVQERWRMRR,54,117.0
189,HLA-A11:01,22947.73,ABE73425,LALKNLGFDNQ,189,118.0
283,HLA-A11:01,23468.29,ABE73425,AALFFDSEVST,283,119.0
194,HLA-A11:01,23606.2,ABE73425,LGFDNQSKSPS,194,120.0
110,HLA-A11:01,23646.14,ABE73425,SLGNRKRNQKP,110,121.0
26,HLA-A11:01,23781.28,ABE73425,SSDKAPYRVIP,26,122.0
331,HLA-A11:01,23882.05,ABE73425,SSIKEMQSQSS,331,123.0
71,HLA-A11:01,23982.42,ABE73425,PPKVHFYYLGT,71,124.0
48,HLA-A11:01,24013.62,ABE73425,DEQIGYWNVQE,48,125.0
57,HLA-A11:01,24328.63,ABE73425,QERWRMRRGQR,57,126.0
264,HLA-A11:01,24381.18,ABE73425,QNGVDAKGFPQ,264,127.0
201,HLA-A11:01,24518.51,ABE73425,KSPSSSGTFTP,201,128.0
51,HLA-A11:01,24645.86,ABE73425,IGYWNVQERWR,51,129.0
291,HLA-A11:01,24663.65,ABE73425,VSTDEVGDNVQ,291,130.0
284,HLA-A11:01,24707.85,ABE73425,ALFFDSEVSTD,284,131.0
142,HLA-A11:01,24769.29,ABE73425,SNNSSRASSRS,142,132.0
20,HLA-A11:01,24777.17,ABE73425,YMPLLVSSDKA,20,133.0
242,HLA-A11:01,24799.25,ABE73425,ENVIQCFGPRD,242,134.0
38,HLA-A11:01,24887.13,ABE73425,NLVPIGKGNKD,38,135.0
169,HLA-A11:01,24919.08,ABE73425,QSRTRSDSNQS,169,136.0
327,HLA-A11:01,24978.41,ABE73425,FTKPSSIKEMQ,327,137.0
82,HLA-A11:01,24986.66,ABE73425,GPHKDLKFRQR,82,138.0
124,HLA-A11:01,24990.04,ABE73425,KFSIALPPELS,124,139.0
282,HLA-A11:01,25009.48,ABE73425,QAALFFDSEVS,282,140.0
310,HLA-A11:01,25027.38,ABE73425,VAKDNKNLPKF,310,141.0
285,HLA-A11:01,25105.19,ABE73425,LFFDSEVSTDE,285,142.0
246,HLA-A11:01,25141.63,ABE73425,QCFGPRDFNHN,246,143.0
168,HLA-A11:01,25152.97,ABE73425,QQSRTRSDSNQ,168,144.0
132,HLA-A11:01,25180.7,ABE73425,ELSVVEFEDRS,132,145.0
81,HLA-A11:01,25275.19,ABE73425,TGPHKDLKFRQ,81,146.0
151,HLA-A11:01,25285.46,ABE73425,RSSTRNNSRDS,151,147.0
313,HLA-A11:01,25285.93,ABE73425,DNKNLPKFIEQ,313,148.0
212,HLA-A11:01,25455.77,ABE73425,KKPNKPLSQPR,212,149.0
195,HLA-A11:01,25605.66,ABE73425,GFDNQSKSPSS,195,150.0
107,HLA-A11:01,25619.43,ABE73425,VNTSLGNRKRN,107,151.0
273,HLA-A11:01,25647.08,ABE73425,PQLAELIPNQA,273,152.0
279,HLA-A11:01,25736.58,ABE73425,IPNQAALFFDS,279,153.0
116,HLA-A11:01,25810.91,ABE73425,RNQKPLEPKFS,116,154.0
198,HLA-A11:01,25840.44,ABE73425,NQSKSPSSSGT,198,155.0
294,HLA-A11:01,25982.88,ABE73425,DEVGDNVQITY,294,156.0
112,HLA-A11:01,26136.98,ABE73425,GNRKRNQKPLE,112,157.0
175,HLA-A11:01,26150.06,ABE73425,DSNQSSSDLVA,175,158.0
176,HLA-A11:01,26207.21,ABE73425,SNQSSSDLVAA,176,159.0
328,HLA-A11:01,26226.63,ABE73425,TKPSSIKEMQS,328,160.0
172,HLA-A11:01,26345.1,ABE73425,TRSDSNQSSSD,172,161.0
120,HLA-A11:01,26665.17,ABE73425,PLEPKFSIALP,120,162.0
222,HLA-A11:01,26704.47,ABE73425,RADKPSQLKKP,222,163.0
121,HLA-A11:01,26743.43,ABE73425,LEPKFSIALPP,121,164.0
254,HLA-A11:01,26791.53,ABE73425,NHNMGDSDLVQ,254,165.0
321,HLA-A11:01,26947.06,ABE73425,IEQISAFTKPS,321,166.0
272,HLA-A11:01,27069.14,ABE73425,FPQLAELIPNQ,272,167.0
280,HLA-A11:01,27078.35,ABE73425,PNQAALFFDSE,280,168.0
223,HLA-A11:01,27120.66,ABE73425,ADKPSQLKKPR,223,169.0
209,HLA-A11:01,27136.81,ABE73425,FTPKKPNKPLS,209,170.0
133,HLA-A11:01,27334.47,ABE73425,LSVVEFEDRSN,133,171.0
256,HLA-A11:01,27358.96,ABE73425,NMGDSDLVQNG,256,172.0
12,HLA-A11:01,27367.8,ABE73425,KKFPPPSFYMP,12,173.0
25,HLA-A11:01,27395.04,ABE73425,VSSDKAPYRVI,25,174.0
184,HLA-A11:01,27426.74,ABE73425,VAAVTLALKNL,184,175.0
192,HLA-A11:01,27487.48,ABE73425,KNLGFDNQSKS,192,176.0
249,HLA-A11:01,27524.77,ABE73425,GPRDFNHNMGD,249,177.0
6,HLA-A11:01,27551.3,ABE73425,DDRAARKKFPP,6,178.0
108,HLA-A11:01,27555.41,ABE73425,NTSLGNRKRNQ,108,179.0
152,HLA-A11:01,27725.53,ABE73425,SSTRNNSRDSS,152,180.0
308,HLA-A11:01,27799.05,ABE73425,MLVAKDNKNLP,308,181.0
62,HLA-A11:01,27881.85,ABE73425,MRRGQRVDLPP,62,182.0
171,HLA-A11:01,27894.19,ABE73425,RTRSDSNQSSS,171,183.0
13,HLA-A11:01,27906.14,ABE73425,KFPPPSFYMPL,13,184.0
231,HLA-A11:01,27922.91,ABE73425,KPRWKRVPTRE,231,185.0
281,HLA-A11:01,27926.21,ABE73425,NQAALFFDSEV,281,186.0
47,HLA-A11:01,27935.78,ABE73425,KDEQIGYWNVQ,47,187.0
232,HLA-A11:01,27949.64,ABE73425,PRWKRVPTREE,232,188.0
70,HLA-A11:01,27987.34,ABE73425,LPPKVHFYYLG,70,189.0
158,HLA-A11:01,28090.07,ABE73425,SRDSSRSTSRQ,158,190.0
290,HLA-A11:01,28155.71,ABE73425,EVSTDEVGDNV,290,191.0
154,HLA-A11:01,28158.8,ABE73425,TRNNSRDSSRS,154,192.0
128,HLA-A11:01,28175.95,ABE73425,ALPPELSVVEF,128,193.0
117,HLA-A11:01,28182.94,ABE73425,NQKPLEPKFSI,117,194.0
229,HLA-A11:01,28185.5,ABE73425,LKKPRWKRVPT,229,195.0
113,HLA-A11:01,28228.13,ABE73425,NRKRNQKPLEP,113,196.0
316,HLA-A11:01,28292.3,ABE73425,NLPKFIEQISA,316,197.0
179,HLA-A11:01,28319.89,ABE73425,SSSDLVAAVTL,179,198.0
257,HLA-A11:01,28320.0,ABE73425,MGDSDLVQNGV,257,199.0
288,HLA-A11:01,28375.56,ABE73425,DSEVSTDEVGD,288,200.0
31,HLA-A11:01,28382.32,ABE73425,PYRVIPRNLVP,31,201.0
306,HLA-A11:01,28448.54,ABE73425,YKMLVAKDNKN,306,202.0
233,HLA-A11:01,28481.58,ABE73425,RWKRVPTREEN,233,203.0
7,HLA-A11:01,28520.1,ABE73425,DRAARKKFPPP,7,204.0
178,HLA-A11:01,28541.76,ABE73425,QSSSDLVAAVT,178,205.0
263,HLA-A11:01,28604.9,ABE73425,VQNGVDAKGFP,263,206.0
315,HLA-A11:01,28624.63,ABE73425,KNLPKFIEQIS,315,207.0
314,HLA-A11:01,28847.37,ABE73425,NKNLPKFIEQI,314,208.0
61,HLA-A11:01,28950.29,ABE73425,RMRRGQRVDLP,61,209.0
102,HLA-A11:01,29009.77,ABE73425,EGAKTVNTSLG,102,210.0
0,HLA-A11:01,29121.29,ABE73425,ASVNWADDRAA,0,211.0
118,HLA-A11:01,29122.69,ABE73425,QKPLEPKFSIA,118,212.0
74,HLA-A11:01,29143.51,ABE73425,VHFYYLGTGPH,74,213.0
69,HLA-A11:01,29226.98,ABE73425,DLPPKVHFYYL,69,214.0
93,HLA-A11:01,29267.46,ABE73425,SDGVVWVAKEG,93,215.0
261,HLA-A11:01,29463.48,ABE73425,DLVQNGVDAKG,261,216.0
32,HLA-A11:01,29499.73,ABE73425,YRVIPRNLVPI,32,217.0
162,HLA-A11:01,29501.63,ABE73425,SRSTSRQQSRT,162,218.0
330,HLA-A11:01,29702.95,ABE73425,PSSIKEMQSQS,330,219.0
196,HLA-A11:01,29719.33,ABE73425,FDNQSKSPSSS,196,220.0
138,HLA-A11:01,29768.54,ABE73425,FEDRSNNSSRA,138,221.0
42,HLA-A11:01,29815.83,ABE73425,IGKGNKDEQIG,42,222.0
277,HLA-A11:01,29909.41,ABE73425,ELIPNQAALFF,277,223.0
15,HLA-A11:01,29925.87,ABE73425,PPPSFYMPLLV,15,224.0
173,HLA-A11:01,29962.28,ABE73425,RSDSNQSSSDL,173,225.0
170,HLA-A11:01,29982.59,ABE73425,SRTRSDSNQSS,170,226.0
94,HLA-A11:01,29999.07,ABE73425,DGVVWVAKEGA,94,227.0
65,HLA-A11:01,30055.34,ABE73425,GQRVDLPPKVH,65,228.0
144,HLA-A11:01,30101.12,ABE73425,NSSRASSRSST,144,229.0
137,HLA-A11:01,30185.11,ABE73425,EFEDRSNNSSR,137,230.0
318,HLA-A11:01,30199.96,ABE73425,PKFIEQISAFT,318,231.0
10,HLA-A11:01,30304.25,ABE73425,ARKKFPPPSFY,10,232.0
55,HLA-A11:01,30319.15,ABE73425,NVQERWRMRRG,55,233.0
160,HLA-A11:01,30374.27,ABE73425,DSSRSTSRQQS,160,234.0
181,HLA-A11:01,30391.25,ABE73425,SDLVAAVTLAL,181,235.0
218,HLA-A11:01,30476.8,ABE73425,LSQPRADKPSQ,218,236.0
265,HLA-A11:01,30497.92,ABE73425,NGVDAKGFPQL,265,237.0
39,HLA-A11:01,30524.28,ABE73425,LVPIGKGNKDE,39,238.0
211,HLA-A11:01,30543.14,ABE73425,PKKPNKPLSQP,211,239.0
269,HLA-A11:01,30640.35,ABE73425,AKGFPQLAELI,269,240.0
237,HLA-A11:01,30718.85,ABE73425,VPTREENVIQC,237,241.0
217,HLA-A11:01,30745.12,ABE73425,PLSQPRADKPS,217,242.0
248,HLA-A11:01,30745.32,ABE73425,FGPRDFNHNMG,248,243.0
239,HLA-A11:01,30762.99,ABE73425,TREENVIQCFG,239,244.0
100,HLA-A11:01,30773.89,ABE73425,AKEGAKTVNTS,100,245.0
307,HLA-A11:01,30780.62,ABE73425,KMLVAKDNKNL,307,246.0
177,HLA-A11:01,30781.26,ABE73425,NQSSSDLVAAV,177,247.0
83,HLA-A11:01,30803.85,ABE73425,PHKDLKFRQRS,83,248.0
210,HLA-A11:01,30877.43,ABE73425,TPKKPNKPLSQ,210,249.0
139,HLA-A11:01,30981.92,ABE73425,EDRSNNSSRAS,139,250.0
143,HLA-A11:01,31026.34,ABE73425,NNSSRASSRSS,143,251.0
174,HLA-A11:01,31048.13,ABE73425,SDSNQSSSDLV,174,252.0
35,HLA-A11:01,31072.62,ABE73425,IPRNLVPIGKG,35,253.0
40,HLA-A11:01,31130.62,ABE73425,VPIGKGNKDEQ,40,254.0
36,HLA-A11:01,31135.04,ABE73425,PRNLVPIGKGN,36,255.0
213,HLA-A11:01,31173.03,ABE73425,KPNKPLSQPRA,213,256.0
268,HLA-A11:01,31179.38,ABE73425,DAKGFPQLAEL,268,257.0
286,HLA-A11:01,31290.32,ABE73425,FFDSEVSTDEV,286,258.0
46,HLA-A11:01,31304.83,ABE73425,NKDEQIGYWNV,46,259.0
11,HLA-A11:01,31324.77,ABE73425,RKKFPPPSFYM,11,260.0
251,HLA-A11:01,31349.28,ABE73425,RDFNHNMGDSD,251,261.0
72,HLA-A11:01,31350.09,ABE73425,PKVHFYYLGTG,72,262.0
53,HLA-A11:01,31399.48,ABE73425,YWNVQERWRMR,53,263.0
274,HLA-A11:01,31424.58,ABE73425,QLAELIPNQAA,274,264.0
136,HLA-A11:01,31581.59,ABE73425,VEFEDRSNNSS,136,265.0
287,HLA-A11:01,31600.7,ABE73425,FDSEVSTDEVG,287,266.0
159,HLA-A11:01,31615.0,ABE73425,RDSSRSTSRQQ,159,267.0
200,HLA-A11:01,31620.07,ABE73425,SKSPSSSGTFT,200,268.0
227,HLA-A11:01,31664.45,ABE73425,SQLKKPRWKRV,227,269.0
258,HLA-A11:01,31671.7,ABE73425,GDSDLVQNGVD,258,270.0
216,HLA-A11:01,31674.62,ABE73425,KPLSQPRADKP,216,271.0
59,HLA-A11:01,31745.32,ABE73425,RWRMRRGQRVD,59,272.0
41,HLA-A11:01,31756.09,ABE73425,PIGKGNKDEQI,41,273.0
156,HLA-A11:01,31788.32,ABE73425,NNSRDSSRSTS,156,274.0
293,HLA-A11:01,31807.25,ABE73425,TDEVGDNVQIT,293,275.0
228,HLA-A11:01,31813.43,ABE73425,QLKKPRWKRVP,228,276.0
155,HLA-A11:01,31829.41,ABE73425,RNNSRDSSRST,155,277.0
29,HLA-A11:01,31887.23,ABE73425,KAPYRVIPRNL,29,278.0
140,HLA-A11:01,31889.64,ABE73425,DRSNNSSRASS,140,279.0
289,HLA-A11:01,32000.5,ABE73425,SEVSTDEVGDN,289,280.0
197,HLA-A11:01,32009.73,ABE73425,DNQSKSPSSSG,197,281.0
14,HLA-A11:01,32010.63,ABE73425,FPPPSFYMPLL,14,282.0
166,HLA-A11:01,32040.17,ABE73425,SRQQSRTRSDS,166,283.0
329,HLA-A11:01,32045.0,ABE73425,KPSSIKEMQSQ,329,284.0
119,HLA-A11:01,32101.43,ABE73425,KPLEPKFSIAL,119,285.0
326,HLA-A11:01,32160.55,ABE73425,AFTKPSSIKEM,326,286.0
165,HLA-A11:01,32164.54,ABE73425,TSRQQSRTRSD,165,287.0
9,HLA-A11:01,32267.17,ABE73425,AARKKFPPPSF,9,288.0
79,HLA-A11:01,32270.68,ABE73425,LGTGPHKDLKF,79,289.0
56,HLA-A11:01,32289.6,ABE73425,VQERWRMRRGQ,56,290.0
250,HLA-A11:01,32305.0,ABE73425,PRDFNHNMGDS,250,291.0
5,HLA-A11:01,32323.18,ABE73425,ADDRAARKKFP,5,292.0
333,HLA-A11:01,32456.2,ABE73425,IKEMQSQSSHV,333,293.0
58,HLA-A11:01,32498.44,ABE73425,ERWRMRRGQRV,58,294.0
259,HLA-A11:01,32520.75,ABE73425,DSDLVQNGVDA,259,295.0
43,HLA-A11:01,32636.55,ABE73425,GKGNKDEQIGY,43,296.0
253,HLA-A11:01,32672.04,ABE73425,FNHNMGDSDLV,253,297.0
44,HLA-A11:01,32751.36,ABE73425,KGNKDEQIGYW,44,298.0
262,HLA-A11:01,32753.44,ABE73425,LVQNGVDAKGF,262,299.0
219,HLA-A11:01,32800.08,ABE73425,SQPRADKPSQL,219,300.0
52,HLA-A11:01,32957.71,ABE73425,GYWNVQERWRM,52,301.0
30,HLA-A11:01,32997.25,ABE73425,APYRVIPRNLV,30,302.0
86,HLA-A11:01,33161.49,ABE73425,DLKFRQRSDGV,86,303.0
234,HLA-A11:01,33206.38,ABE73425,WKRVPTREENV,234,304.0
247,HLA-A11:01,33399.45,ABE73425,CFGPRDFNHNM,247,305.0
235,HLA-A11:01,33561.32,ABE73425,KRVPTREENVI,235,306.0
21,HLA-A11:01,33572.01,ABE73425,MPLLVSSDKAP,21,307.0
123,HLA-A11:01,33607.68,ABE73425,PKFSIALPPEL,123,308.0
85,HLA-A11:01,33716.44,ABE73425,KDLKFRQRSDG,85,309.0
84,HLA-A11:01,33725.92,ABE73425,HKDLKFRQRSD,84,310.0
275,HLA-A11:01,33761.09,ABE73425,LAELIPNQAAL,275,311.0
89,HLA-A11:01,33761.1,ABE73425,FRQRSDGVVWV,89,312.0
311,HLA-A11:01,33883.54,ABE73425,AKDNKNLPKFI,311,313.0
87,HLA-A11:01,33924.45,ABE73425,LKFRQRSDGVV,87,314.0
208,HLA-A11:01,33960.14,ABE73425,TFTPKKPNKPL,208,315.0
193,HLA-A11:01,34087.61,ABE73425,NLGFDNQSKSP,193,316.0
317,HLA-A11:01,34134.69,ABE73425,LPKFIEQISAF,317,317.0
115,HLA-A11:01,34469.84,ABE73425,KRNQKPLEPKF,115,318.0
88,HLA-A11:01,34472.04,ABE73425,KFRQRSDGVVW,88,319.0
66,HLA-A11:01,34546.08,ABE73425,QRVDLPPKVHF,66,320.0
50,HLA-A11:01,34553.37,ABE73425,QIGYWNVQERW,50,321.0
101,HLA-A11:01,34590.61,ABE73425,KEGAKTVNTSL,101,322.0
77,HLA-A11:01,34619.43,ABE73425,YYLGTGPHKDL,77,323.0
252,HLA-A11:01,34635.75,ABE73425,DFNHNMGDSDL,252,324.0
238,HLA-A11:01,34845.01,ABE73425,PTREENVIQCF,238,325.0
199,HLA-A11:01,34891.41,ABE73425,QSKSPSSSGTF,199,326.0
60,HLA-A11:01,35110.04,ABE73425,WRMRRGQRVDL,60,327.0
111,HLA-A11:01,35204.9,ABE73425,LGNRKRNQKPL,111,328.0
214,HLA-A11:01,35234.23,ABE73425,PNKPLSQPRAD,214,329.0
97,HLA-A11:01,35342.66,ABE73425,VWVAKEGAKTV,97,330.0
276,HLA-A11:01,35519.54,ABE73425,AELIPNQAALF,276,331.0
4,HLA-A11:01,35546.47,ABE73425,WADDRAARKKF,4,332.0
243,HLA-A11:01,35722.87,ABE73425,NVIQCFGPRDF,243,333.0
224,HLA-A11:01,36095.62,ABE73425,DKPSQLKKPRW,224,334.0
75,HLA-A30:01,6.77,ABE73425,HFYYLGTGPHK,75,1.0
90,HLA-A30:01,14.06,ABE73425,RQRSDGVVWVA,90,2.0
171,HLA-A30:01,19.0,ABE73425,RTRSDSNQSSS,171,3.0
105,HLA-A30:01,19.71,ABE73425,KTVNTSLGNRK,105,4.0
302,HLA-A30:01,49.14,ABE73425,ITYTYKMLVAK,302,5.0
33,HLA-A30:01,59.84,ABE73425,RVIPRNLVPIG,33,6.0
309,HLA-A30:01,60.76,ABE73425,LVAKDNKNLPK,309,7.0
319,HLA-A30:01,76.45,ABE73425,KFIEQISAFTK,319,8.0
11,HLA-A30:01,87.21,ABE73425,RKKFPPPSFYM,11,9.0
114,HLA-A30:01,113.05,ABE73425,RKRNQKPLEPK,114,10.0
161,HLA-A30:01,270.21,ABE73425,SSRSTSRQQSR,161,11.0
64,HLA-A30:01,359.86,ABE73425,RGQRVDLPPKV,64,12.0
149,HLA-A30:01,396.53,ABE73425,SSRSSTRNNSR,149,13.0
8,HLA-A30:01,573.6,ABE73425,RAARKKFPPPS,8,14.0
324,HLA-A30:01,634.75,ABE73425,ISAFTKPSSIK,324,15.0
9,HLA-A30:01,650.24,ABE73425,AARKKFPPPSF,9,16.0
145,HLA-A30:01,753.03,ABE73425,SSRASSRSSTR,145,17.0
203,HLA-A30:01,767.7,ABE73425,PSSSGTFTPKK,203,18.0
12,HLA-A30:01,991.72,ABE73425,KKFPPPSFYMP,12,19.0
63,HLA-A30:01,1126.62,ABE73425,RRGQRVDLPPK,63,20.0
73,HLA-A30:01,1316.47,ABE73425,KVHFYYLGTGP,73,21.0
109,HLA-A30:01,1358.89,ABE73425,TSLGNRKRNQK,109,22.0
34,HLA-A30:01,1450.56,ABE73425,VIPRNLVPIGK,34,23.0
182,HLA-A30:01,1751.32,ABE73425,DLVAAVTLALK,182,24.0
91,HLA-A30:01,2058.75,ABE73425,QRSDGVVWVAK,91,25.0
153,HLA-A30:01,2989.79,ABE73425,STRNNSRDSSR,153,26.0
61,HLA-A30:01,3202.3,ABE73425,RMRRGQRVDLP,61,27.0
202,HLA-A30:01,3390.3,ABE73425,SPSSSGTFTPK,202,28.0
206,HLA-A30:01,3794.49,ABE73425,SGTFTPKKPNK,206,29.0
307,HLA-A30:01,3982.37,ABE73425,KMLVAKDNKNL,307,30.0
59,HLA-A30:01,4077.45,ABE73425,RWRMRRGQRVD,59,31.0
65,HLA-A30:01,5857.34,ABE73425,GQRVDLPPKVH,65,32.0
191,HLA-A30:01,5887.66,ABE73425,LKNLGFDNQSK,191,33.0
10,HLA-A30:01,6130.56,ABE73425,ARKKFPPPSFY,10,34.0
148,HLA-A30:01,6241.99,ABE73425,ASSRSSTRNNS,148,35.0
220,HLA-A30:01,6461.52,ABE73425,QPRADKPSQLK,220,36.0
311,HLA-A30:01,6645.31,ABE73425,AKDNKNLPKFI,311,37.0
32,HLA-A30:01,7481.11,ABE73425,YRVIPRNLVPI,32,38.0
117,HLA-A30:01,7517.41,ABE73425,NQKPLEPKFSI,117,39.0
116,HLA-A30:01,7544.62,ABE73425,RNQKPLEPKFS,116,40.0
323,HLA-A30:01,7687.4,ABE73425,QISAFTKPSSI,323,41.0
305,HLA-A30:01,7776.97,ABE73425,TYKMLVAKDNK,305,42.0
163,HLA-A30:01,7907.41,ABE73425,RSTSRQQSRTR,163,43.0
229,HLA-A30:01,7956.54,ABE73425,LKKPRWKRVPT,229,44.0
13,HLA-A30:01,8076.22,ABE73425,KFPPPSFYMPL,13,45.0
103,HLA-A30:01,8270.49,ABE73425,GAKTVNTSLGN,103,46.0
151,HLA-A30:01,8530.96,ABE73425,RSSTRNNSRDS,151,47.0
1,HLA-A30:01,8782.48,ABE73425,SVNWADDRAAR,1,48.0
89,HLA-A30:01,8959.38,ABE73425,FRQRSDGVVWV,89,49.0
300,HLA-A30:01,9514.72,ABE73425,VQITYTYKMLV,300,50.0
310,HLA-A30:01,9657.78,ABE73425,VAKDNKNLPKF,310,51.0
157,HLA-A30:01,9807.92,ABE73425,NSRDSSRSTSR,157,52.0
230,HLA-A30:01,9977.93,ABE73425,KKPRWKRVPTR,230,53.0
23,HLA-A30:01,9994.86,ABE73425,LLVSSDKAPYR,23,54.0
19,HLA-A30:01,10710.45,ABE73425,FYMPLLVSSDK,19,55.0
141,HLA-A30:01,10798.98,ABE73425,RSNNSSRASSR,141,56.0
25,HLA-A30:01,11404.71,ABE73425,VSSDKAPYRVI,25,57.0
80,HLA-A30:01,11764.86,ABE73425,GTGPHKDLKFR,80,58.0
195,HLA-A30:01,11948.72,ABE73425,GFDNQSKSPSS,195,59.0
297,HLA-A30:01,12040.28,ABE73425,GDNVQITYTYK,297,60.0
225,HLA-A30:01,12721.46,ABE73425,KPSQLKKPRWK,225,61.0
322,HLA-A30:01,12779.1,ABE73425,EQISAFTKPSS,322,62.0
106,HLA-A30:01,12945.32,ABE73425,TVNTSLGNRKR,106,63.0
95,HLA-A30:01,13048.67,ABE73425,GVVWVAKEGAK,95,64.0
147,HLA-A30:01,13128.51,ABE73425,RASSRSSTRNN,147,65.0
326,HLA-A30:01,13410.23,ABE73425,AFTKPSSIKEM,326,66.0
7,HLA-A30:01,13440.42,ABE73425,DRAARKKFPPP,7,67.0
58,HLA-A30:01,13481.87,ABE73425,ERWRMRRGQRV,58,68.0
67,HLA-A30:01,14633.4,ABE73425,RVDLPPKVHFY,67,69.0
221,HLA-A30:01,14940.76,ABE73425,PRADKPSQLKK,221,70.0
29,HLA-A30:01,14941.27,ABE73425,KAPYRVIPRNL,29,71.0
124,HLA-A30:01,15114.16,ABE73425,KFSIALPPELS,124,72.0
215,HLA-A30:01,15199.41,ABE73425,NKPLSQPRADK,215,73.0
24,HLA-A30:01,15573.13,ABE73425,LVSSDKAPYRV,24,74.0
184,HLA-A30:01,16169.86,ABE73425,VAAVTLALKNL,184,75.0
301,HLA-A30:01,16366.88,ABE73425,QITYTYKMLVA,301,76.0
30,HLA-A30:01,16477.74,ABE73425,APYRVIPRNLV,30,77.0
87,HLA-A30:01,16573.94,ABE73425,LKFRQRSDGVV,87,78.0
212,HLA-A30:01,16636.76,ABE73425,KKPNKPLSQPR,212,79.0
209,HLA-A30:01,17139.79,ABE73425,FTPKKPNKPLS,209,80.0
233,HLA-A30:01,18030.17,ABE73425,RWKRVPTREEN,233,81.0
62,HLA-A30:01,18211.56,ABE73425,MRRGQRVDLPP,62,82.0
37,HLA-A30:01,18383.88,ABE73425,RNLVPIGKGNK,37,83.0
315,HLA-A30:01,18582.81,ABE73425,KNLPKFIEQIS,315,84.0
27,HLA-A30:01,19048.66,ABE73425,SDKAPYRVIPR,27,85.0
78,HLA-A30:01,19050.46,ABE73425,YLGTGPHKDLK,78,86.0
201,HLA-A30:01,19669.31,ABE73425,KSPSSSGTFTP,201,87.0
213,HLA-A30:01,19724.15,ABE73425,KPNKPLSQPRA,213,88.0
111,HLA-A30:01,19821.07,ABE73425,LGNRKRNQKPL,111,89.0
31,HLA-A30:01,20183.08,ABE73425,PYRVIPRNLVP,31,90.0
298,HLA-A30:01,20227.22,ABE73425,DNVQITYTYKM,298,91.0
6,HLA-A30:01,20405.87,ABE73425,DDRAARKKFPP,6,92.0
60,HLA-A30:01,20657.02,ABE73425,WRMRRGQRVDL,60,93.0
17,HLA-A30:01,20765.68,ABE73425,PSFYMPLLVSS,17,94.0
113,HLA-A30:01,20787.33,ABE73425,NRKRNQKPLEP,113,95.0
71,HLA-A30:01,20934.15,ABE73425,PPKVHFYYLGT,71,96.0
333,HLA-A30:01,21009.82,ABE73425,IKEMQSQSSHV,333,97.0
281,HLA-A30:01,21123.65,ABE73425,NQAALFFDSEV,281,98.0
197,HLA-A30:01,21166.19,ABE73425,DNQSKSPSSSG,197,99.0
227,HLA-A30:01,21375.09,ABE73425,SQLKKPRWKRV,227,100.0
325,HLA-A30:01,21501.24,ABE73425,SAFTKPSSIKE,325,101.0
53,HLA-A30:01,21520.39,ABE73425,YWNVQERWRMR,53,102.0
165,HLA-A30:01,21553.13,ABE73425,TSRQQSRTRSD,165,103.0
270,HLA-A30:01,21612.91,ABE73425,KGFPQLAELIP,270,104.0
2,HLA-A30:01,21732.09,ABE73425,VNWADDRAARK,2,105.0
303,HLA-A30:01,22045.13,ABE73425,TYTYKMLVAKD,303,106.0
3,HLA-A30:01,22126.14,ABE73425,NWADDRAARKK,3,107.0
86,HLA-A30:01,22621.42,ABE73425,DLKFRQRSDGV,86,108.0
228,HLA-A30:01,22651.35,ABE73425,QLKKPRWKRVP,228,109.0
164,HLA-A30:01,22656.98,ABE73425,STSRQQSRTRS,164,110.0
312,HLA-A30:01,22755.12,ABE73425,KDNKNLPKFIE,312,111.0
266,HLA-A30:01,23164.56,ABE73425,GVDAKGFPQLA,266,112.0
169,HLA-A30:01,23206.38,ABE73425,QSRTRSDSNQS,169,113.0
196,HLA-A30:01,23348.67,ABE73425,FDNQSKSPSSS,196,114.0
28,HLA-A30:01,23356.53,ABE73425,DKAPYRVIPRN,28,115.0
183,HLA-A30:01,23414.07,ABE73425,LVAAVTLALKN,183,116.0
208,HLA-A30:01,23503.24,ABE73425,TFTPKKPNKPL,208,117.0
308,HLA-A30:01,23518.53,ABE73425,MLVAKDNKNLP,308,118.0
226,HLA-A30:01,23576.29,ABE73425,PSQLKKPRWKR,226,119.0
123,HLA-A30:01,23601.4,ABE73425,PKFSIALPPEL,123,120.0
332,HLA-A30:01,23741.9,ABE73425,SIKEMQSQSSH,332,121.0
194,HLA-A30:01,23790.3,ABE73425,LGFDNQSKSPS,194,122.0
207,HLA-A30:01,23799.48,ABE73425,GTFTPKKPNKP,207,123.0
22,HLA-A30:01,23864.5,ABE73425,PLLVSSDKAPY,22,124.0
102,HLA-A30:01,23962.84,ABE73425,EGAKTVNTSLG,102,125.0
283,HLA-A30:01,24003.75,ABE73425,AALFFDSEVST,283,126.0
223,HLA-A30:01,24036.18,ABE73425,ADKPSQLKKPR,223,127.0
277,HLA-A30:01,24083.55,ABE73425,ELIPNQAALFF,277,128.0
190,HLA-A30:01,24126.15,ABE73425,ALKNLGFDNQS,190,129.0
121,HLA-A30:01,24128.36,ABE73425,LEPKFSIALPP,121,130.0
74,HLA-A30:01,24144.56,ABE73425,VHFYYLGTGPH,74,131.0
241,HLA-A30:01,24166.06,ABE73425,EENVIQCFGPR,241,132.0
97,HLA-A30:01,24324.62,ABE73425,VWVAKEGAKTV,97,133.0
125,HLA-A30:01,24401.48,ABE73425,FSIALPPELSV,125,134.0
260,HLA-A30:01,24508.06,ABE73425,SDLVQNGVDAK,260,135.0
120,HLA-A30:01,24848.89,ABE73425,PLEPKFSIALP,120,136.0
185,HLA-A30:01,24865.51,ABE73425,AAVTLALKNLG,185,137.0
72,HLA-A30:01,25022.18,ABE73425,PKVHFYYLGTG,72,138.0
69,HLA-A30:01,25067.49,ABE73425,DLPPKVHFYYL,69,139.0
160,HLA-A30:01,25211.07,ABE73425,DSSRSTSRQQS,160,140.0
112,HLA-A30:01,25482.31,ABE73425,GNRKRNQKPLE,112,141.0
46,HLA-A30:01,25693.63,ABE73425,NKDEQIGYWNV,46,142.0
268,HLA-A30:01,25801.02,ABE73425,DAKGFPQLAEL,268,143.0
5,HLA-A30:01,25907.62,ABE73425,ADDRAARKKFP,5,144.0
177,HLA-A30:01,25939.3,ABE73425,NQSSSDLVAAV,177,145.0
331,HLA-A30:01,25945.08,ABE73425,SSIKEMQSQSS,331,146.0
99,HLA-A30:01,26287.42,ABE73425,VAKEGAKTVNT,99,147.0
26,HLA-A30:01,26418.99,ABE73425,SSDKAPYRVIP,26,148.0
51,HLA-A30:01,26747.79,ABE73425,IGYWNVQERWR,51,149.0
55,HLA-A30:01,26914.1,ABE73425,NVQERWRMRRG,55,150.0
70,HLA-A30:01,26989.54,ABE73425,LPPKVHFYYLG,70,151.0
144,HLA-A30:01,27128.32,ABE73425,NSSRASSRSST,144,152.0
104,HLA-A30:01,27397.62,ABE73425,AKTVNTSLGNR,104,153.0
118,HLA-A30:01,27727.44,ABE73425,QKPLEPKFSIA,118,154.0
181,HLA-A30:01,27738.57,ABE73425,SDLVAAVTLAL,181,155.0
126,HLA-A30:01,27929.22,ABE73425,SIALPPELSVV,126,156.0
244,HLA-A30:01,27934.45,ABE73425,VIQCFGPRDFN,244,157.0
211,HLA-A30:01,27976.28,ABE73425,PKKPNKPLSQP,211,158.0
57,HLA-A30:01,27988.17,ABE73425,QERWRMRRGQR,57,159.0
45,HLA-A30:01,28011.88,ABE73425,GNKDEQIGYWN,45,160.0
66,HLA-A30:01,28327.93,ABE73425,QRVDLPPKVHF,66,161.0
68,HLA-A30:01,28332.24,ABE73425,VDLPPKVHFYY,68,162.0
76,HLA-A30:01,28395.19,ABE73425,FYYLGTGPHKD,76,163.0
187,HLA-A30:01,28409.15,ABE73425,VTLALKNLGFD,187,164.0
245,HLA-A30:01,28430.76,ABE73425,IQCFGPRDFNH,245,165.0
140,HLA-A30:01,28454.18,ABE73425,DRSNNSSRASS,140,166.0
186,HLA-A30:01,28699.11,ABE73425,AVTLALKNLGF,186,167.0
273,HLA-A30:01,28770.87,ABE73425,PQLAELIPNQA,273,168.0
200,HLA-A30:01,28857.19,ABE73425,SKSPSSSGTFT,200,169.0
49,HLA-A30:01,29015.62,ABE73425,EQIGYWNVQER,49,170.0
205,HLA-A30:01,29048.17,ABE73425,SSGTFTPKKPN,205,171.0
175,HLA-A30:01,29049.8,ABE73425,DSNQSSSDLVA,175,172.0
98,HLA-A30:01,29415.34,ABE73425,WVAKEGAKTVN,98,173.0
314,HLA-A30:01,29478.49,ABE73425,NKNLPKFIEQI,314,174.0
253,HLA-A30:01,29507.59,ABE73425,FNHNMGDSDLV,253,175.0
152,HLA-A30:01,29633.03,ABE73425,SSTRNNSRDSS,152,176.0
265,HLA-A30:01,29720.39,ABE73425,NGVDAKGFPQL,265,177.0
217,HLA-A30:01,29748.59,ABE73425,PLSQPRADKPS,217,178.0
247,HLA-A30:01,29874.87,ABE73425,CFGPRDFNHNM,247,179.0
234,HLA-A30:01,29969.37,ABE73425,WKRVPTREENV,234,180.0
115,HLA-A30:01,30065.4,ABE73425,KRNQKPLEPKF,115,181.0
56,HLA-A30:01,30094.18,ABE73425,VQERWRMRRGQ,56,182.0
189,HLA-A30:01,30094.24,ABE73425,LALKNLGFDNQ,189,183.0
88,HLA-A30:01,30175.61,ABE73425,KFRQRSDGVVW,88,184.0
304,HLA-A30:01,30185.72,ABE73425,YTYKMLVAKDN,304,185.0
286,HLA-A30:01,30226.59,ABE73425,FFDSEVSTDEV,286,186.0
179,HLA-A30:01,30230.71,ABE73425,SSSDLVAAVTL,179,187.0
167,HLA-A30:01,30413.55,ABE73425,RQQSRTRSDSN,167,188.0
101,HLA-A30:01,30418.67,ABE73425,KEGAKTVNTSL,101,189.0
299,HLA-A30:01,30562.21,ABE73425,NVQITYTYKML,299,190.0
222,HLA-A30:01,30586.7,ABE73425,RADKPSQLKKP,222,191.0
146,HLA-A30:01,30607.79,ABE73425,SRASSRSSTRN,146,192.0
188,HLA-A30:01,30633.7,ABE73425,TLALKNLGFDN,188,193.0
174,HLA-A30:01,30808.7,ABE73425,SDSNQSSSDLV,174,194.0
236,HLA-A30:01,30840.11,ABE73425,RVPTREENVIQ,236,195.0
82,HLA-A30:01,30911.06,ABE73425,GPHKDLKFRQR,82,196.0
110,HLA-A30:01,31002.76,ABE73425,SLGNRKRNQKP,110,197.0
239,HLA-A30:01,31058.41,ABE73425,TREENVIQCFG,239,198.0
271,HLA-A30:01,31067.5,ABE73425,GFPQLAELIPN,271,199.0
306,HLA-A30:01,31070.84,ABE73425,YKMLVAKDNKN,306,200.0
15,HLA-A30:01,31087.53,ABE73425,PPPSFYMPLLV,15,201.0
122,HLA-A30:01,31100.85,ABE73425,EPKFSIALPPE,122,202.0
180,HLA-A30:01,31216.4,ABE73425,SSDLVAAVTLA,180,203.0
218,HLA-A30:01,31402.46,ABE73425,LSQPRADKPSQ,218,204.0
18,HLA-A30:01,31438.79,ABE73425,SFYMPLLVSSD,18,205.0
316,HLA-A30:01,31442.25,ABE73425,NLPKFIEQISA,316,206.0
77,HLA-A30:01,31491.54,ABE73425,YYLGTGPHKDL,77,207.0
14,HLA-A30:01,31511.52,ABE73425,FPPPSFYMPLL,14,208.0
321,HLA-A30:01,31617.99,ABE73425,IEQISAFTKPS,321,209.0
0,HLA-A30:01,31670.34,ABE73425,ASVNWADDRAA,0,210.0
204,HLA-A30:01,31732.46,ABE73425,SSSGTFTPKKP,204,211.0
269,HLA-A30:01,31743.61,ABE73425,AKGFPQLAELI,269,212.0
263,HLA-A30:01,31888.67,ABE73425,VQNGVDAKGFP,263,213.0
176,HLA-A30:01,31902.39,ABE73425,SNQSSSDLVAA,176,214.0
156,HLA-A30:01,32049.19,ABE73425,NNSRDSSRSTS,156,215.0
173,HLA-A30:01,32087.55,ABE73425,RSDSNQSSSDL,173,216.0
278,HLA-A30:01,32308.24,ABE73425,LIPNQAALFFD,278,217.0
320,HLA-A30:01,32310.85,ABE73425,FIEQISAFTKP,320,218.0
52,HLA-A30:01,32324.75,ABE73425,GYWNVQERWRM,52,219.0
219,HLA-A30:01,32378.29,ABE73425,SQPRADKPSQL,219,220.0
296,HLA-A30:01,32442.27,ABE73425,VGDNVQITYTY,296,221.0
238,HLA-A30:01,32444.66,ABE73425,PTREENVIQCF,238,222.0
16,HLA-A30:01,32460.38,ABE73425,PPSFYMPLLVS,16,223.0
108,HLA-A30:01,32497.0,ABE73425,NTSLGNRKRNQ,108,224.0
192,HLA-A30:01,32580.07,ABE73425,KNLGFDNQSKS,192,225.0
100,HLA-A30:01,32620.45,ABE73425,AKEGAKTVNTS,100,226.0
242,HLA-A30:01,32764.84,ABE73425,ENVIQCFGPRD,242,227.0
155,HLA-A30:01,32775.03,ABE73425,RNNSRDSSRST,155,228.0
119,HLA-A30:01,33010.78,ABE73425,KPLEPKFSIAL,119,229.0
134,HLA-A30:01,33167.4,ABE73425,SVVEFEDRSNN,134,230.0
235,HLA-A30:01,33253.44,ABE73425,KRVPTREENVI,235,231.0
54,HLA-A30:01,33254.51,ABE73425,WNVQERWRMRR,54,232.0
327,HLA-A30:01,33294.08,ABE73425,FTKPSSIKEMQ,327,233.0
137,HLA-A30:01,33312.55,ABE73425,EFEDRSNNSSR,137,234.0
210,HLA-A30:01,33580.39,ABE73425,TPKKPNKPLSQ,210,235.0
107,HLA-A30:01,33582.43,ABE73425,VNTSLGNRKRN,107,236.0
139,HLA-A30:01,33896.54,ABE73425,EDRSNNSSRAS,139,237.0
83,HLA-A30:01,33971.07,ABE73425,PHKDLKFRQRS,83,238.0
81,HLA-A30:01,34025.95,ABE73425,TGPHKDLKFRQ,81,239.0
128,HLA-A30:01,34068.89,ABE73425,ALPPELSVVEF,128,240.0
142,HLA-A30:01,34079.2,ABE73425,SNNSSRASSRS,142,241.0
92,HLA-A30:01,34224.31,ABE73425,RSDGVVWVAKE,92,242.0
178,HLA-A30:01,34233.13,ABE73425,QSSSDLVAAVT,178,243.0
199,HLA-A30:01,34246.6,ABE73425,QSKSPSSSGTF,199,244.0
21,HLA-A30:01,34377.06,ABE73425,MPLLVSSDKAP,21,245.0
79,HLA-A30:01,34410.36,ABE73425,LGTGPHKDLKF,79,246.0
42,HLA-A30:01,34498.12,ABE73425,IGKGNKDEQIG,42,247.0
231,HLA-A30:01,34608.15,ABE73425,KPRWKRVPTRE,231,248.0
20,HLA-A30:01,34651.45,ABE73425,YMPLLVSSDKA,20,249.0
274,HLA-A30:01,34669.99,ABE73425,QLAELIPNQAA,274,250.0
170,HLA-A30:01,34735.1,ABE73425,SRTRSDSNQSS,170,251.0
282,HLA-A30:01,34873.7,ABE73425,QAALFFDSEVS,282,252.0
292,HLA-A30:01,34931.49,ABE73425,STDEVGDNVQI,292,253.0
294,HLA-A30:01,34969.53,ABE73425,DEVGDNVQITY,294,254.0
313,HLA-A30:01,34969.8,ABE73425,DNKNLPKFIEQ,313,255.0
240,HLA-A30:01,35058.32,ABE73425,REENVIQCFGP,240,256.0
143,HLA-A30:01,35096.08,ABE73425,NNSSRASSRSS,143,257.0
246,HLA-A30:01,35103.36,ABE73425,QCFGPRDFNHN,246,258.0
232,HLA-A30:01,35122.26,ABE73425,PRWKRVPTREE,232,259.0
275,HLA-A30:01,35226.25,ABE73425,LAELIPNQAAL,275,260.0
135,HLA-A30:01,35301.84,ABE73425,VVEFEDRSNNS,135,261.0
193,HLA-A30:01,35309.88,ABE73425,NLGFDNQSKSP,193,262.0
257,HLA-A30:01,35362.69,ABE73425,MGDSDLVQNGV,257,263.0
4,HLA-A30:01,35460.85,ABE73425,WADDRAARKKF,4,264.0
284,HLA-A30:01,35490.1,ABE73425,ALFFDSEVSTD,284,265.0
255,HLA-A30:01,35495.77,ABE73425,HNMGDSDLVQN,255,266.0
36,HLA-A30:01,35513.84,ABE73425,PRNLVPIGKGN,36,267.0
216,HLA-A30:01,35593.31,ABE73425,KPLSQPRADKP,216,268.0
133,HLA-A30:01,35732.01,ABE73425,LSVVEFEDRSN,133,269.0
243,HLA-A30:01,35817.89,ABE73425,NVIQCFGPRDF,243,270.0
41,HLA-A30:01,35989.71,ABE73425,PIGKGNKDEQI,41,271.0
131,HLA-A30:01,36013.2,ABE73425,PELSVVEFEDR,131,272.0
214,HLA-A30:01,36045.76,ABE73425,PNKPLSQPRAD,214,273.0
44,HLA-A30:01,36108.41,ABE73425,KGNKDEQIGYW,44,274.0
158,HLA-A30:01,36136.79,ABE73425,SRDSSRSTSRQ,158,275.0
85,HLA-A30:01,36240.87,ABE73425,KDLKFRQRSDG,85,276.0
154,HLA-A30:01,36289.27,ABE73425,TRNNSRDSSRS,154,277.0
285,HLA-A30:01,36379.43,ABE73425,LFFDSEVSTDE,285,278.0
150,HLA-A30:01,36421.48,ABE73425,SRSSTRNNSRD,150,279.0
127,HLA-A30:01,36500.43,ABE73425,IALPPELSVVE,127,280.0
237,HLA-A30:01,36531.46,ABE73425,VPTREENVIQC,237,281.0
252,HLA-A30:01,36734.19,ABE73425,DFNHNMGDSDL,252,282.0
318,HLA-A30:01,36810.05,ABE73425,PKFIEQISAFT,318,283.0
159,HLA-A30:01,36884.33,ABE73425,RDSSRSTSRQQ,159,284.0
166,HLA-A30:01,36889.59,ABE73425,SRQQSRTRSDS,166,285.0
248,HLA-A30:01,36891.02,ABE73425,FGPRDFNHNMG,248,286.0
198,HLA-A30:01,36998.36,ABE73425,NQSKSPSSSGT,198,287.0
276,HLA-A30:01,37157.25,ABE73425,AELIPNQAALF,276,288.0
168,HLA-A30:01,37193.55,ABE73425,QQSRTRSDSNQ,168,289.0
224,HLA-A30:01,37313.37,ABE73425,DKPSQLKKPRW,224,290.0
43,HLA-A30:01,37333.54,ABE73425,GKGNKDEQIGY,43,291.0
138,HLA-A30:01,37379.28,ABE73425,FEDRSNNSSRA,138,292.0
38,HLA-A30:01,37423.5,ABE73425,NLVPIGKGNKD,38,293.0
267,HLA-A30:01,37531.04,ABE73425,VDAKGFPQLAE,267,294.0
94,HLA-A30:01,37542.03,ABE73425,DGVVWVAKEGA,94,295.0
96,HLA-A30:01,37642.15,ABE73425,VVWVAKEGAKT,96,296.0
272,HLA-A30:01,37847.46,ABE73425,FPQLAELIPNQ,272,297.0
317,HLA-A30:01,37894.39,ABE73425,LPKFIEQISAF,317,298.0
279,HLA-A30:01,38074.21,ABE73425,IPNQAALFFDS,279,299.0
136,HLA-A30:01,38133.67,ABE73425,VEFEDRSNNSS,136,300.0
328,HLA-A30:01,38218.52,ABE73425,TKPSSIKEMQS,328,301.0
261,HLA-A30:01,38481.63,ABE73425,DLVQNGVDAKG,261,302.0
129,HLA-A30:01,38556.48,ABE73425,LPPELSVVEFE,129,303.0
35,HLA-A30:01,38561.97,ABE73425,IPRNLVPIGKG,35,304.0
295,HLA-A30:01,38608.08,ABE73425,EVGDNVQITYT,295,305.0
290,HLA-A30:01,38629.74,ABE73425,EVSTDEVGDNV,290,306.0
254,HLA-A30:01,38823.32,ABE73425,NHNMGDSDLVQ,254,307.0
162,HLA-A30:01,38858.72,ABE73425,SRSTSRQQSRT,162,308.0
264,HLA-A30:01,38869.36,ABE73425,QNGVDAKGFPQ,264,309.0
84,HLA-A30:01,38902.15,ABE73425,HKDLKFRQRSD,84,310.0
262,HLA-A30:01,39039.93,ABE73425,LVQNGVDAKGF,262,311.0
293,HLA-A30:01,39406.93,ABE73425,TDEVGDNVQIT,293,312.0
47,HLA-A30:01,39427.28,ABE73425,KDEQIGYWNVQ,47,313.0
280,HLA-A30:01,39441.24,ABE73425,PNQAALFFDSE,280,314.0
93,HLA-A30:01,39691.09,ABE73425,SDGVVWVAKEG,93,315.0
39,HLA-A30:01,39809.52,ABE73425,LVPIGKGNKDE,39,316.0
330,HLA-A30:01,39896.47,ABE73425,PSSIKEMQSQS,330,317.0
256,HLA-A30:01,39995.2,ABE73425,NMGDSDLVQNG,256,318.0
250,HLA-A30:01,40251.19,ABE73425,PRDFNHNMGDS,250,319.0
329,HLA-A30:01,40308.17,ABE73425,KPSSIKEMQSQ,329,320.0
132,HLA-A30:01,40405.25,ABE73425,ELSVVEFEDRS,132,321.0
259,HLA-A30:01,40427.19,ABE73425,DSDLVQNGVDA,259,322.0
291,HLA-A30:01,40513.18,ABE73425,VSTDEVGDNVQ,291,323.0
40,HLA-A30:01,40740.47,ABE73425,VPIGKGNKDEQ,40,324.0
172,HLA-A30:01,40814.51,ABE73425,TRSDSNQSSSD,172,325.0
287,HLA-A30:01,40885.32,ABE73425,FDSEVSTDEVG,287,326.0
48,HLA-A30:01,41021.66,ABE73425,DEQIGYWNVQE,48,327.0
249,HLA-A30:01,41029.24,ABE73425,GPRDFNHNMGD,249,328.0
50,HLA-A30:01,41773.86,ABE73425,QIGYWNVQERW,50,329.0
289,HLA-A30:01,41820.39,ABE73425,SEVSTDEVGDN,289,330.0
130,HLA-A30:01,41933.96,ABE73425,PPELSVVEFED,130,331.0
251,HLA-A30:01,41981.03,ABE73425,RDFNHNMGDSD,251,332.0
288,HLA-A30:01,42476.95,ABE73425,DSEVSTDEVGD,288,333.0
258,HLA-A30:01,43126.24,ABE73425,GDSDLVQNGVD,258,334.0
1,HLA-A31:01 ,3570.3,ABE73425,SVNWADDRAAR,1,1.0
80,HLA-A31:01 ,4123.27,ABE73425,GTGPHKDLKFR,80,2.0
106,HLA-A31:01 ,4210.42,ABE73425,TVNTSLGNRKR,106,3.0
51,HLA-A31:01 ,4658.94,ABE73425,IGYWNVQERWR,51,4.0
319,HLA-A31:01 ,4923.03,ABE73425,KFIEQISAFTK,319,5.0
23,HLA-A31:01 ,5333.29,ABE73425,LLVSSDKAPYR,23,6.0
302,HLA-A31:01 ,5336.58,ABE73425,ITYTYKMLVAK,302,7.0
37,HLA-A31:01 ,5338.76,ABE73425,RNLVPIGKGNK,37,8.0
49,HLA-A31:01 ,5409.66,ABE73425,EQIGYWNVQER,49,9.0
82,HLA-A31:01 ,5418.01,ABE73425,GPHKDLKFRQR,82,10.0
141,HLA-A31:01 ,5425.29,ABE73425,RSNNSSRASSR,141,11.0
13,HLA-A31:01 ,5444.7,ABE73425,KFPPPSFYMPL,13,12.0
19,HLA-A31:01 ,5450.49,ABE73425,FYMPLLVSSDK,19,13.0
104,HLA-A31:01 ,5468.35,ABE73425,AKTVNTSLGNR,104,14.0
53,HLA-A31:01 ,5476.71,ABE73425,YWNVQERWRMR,53,15.0
27,HLA-A31:01 ,5477.05,ABE73425,SDKAPYRVIPR,27,16.0
223,HLA-A31:01 ,5491.5,ABE73425,ADKPSQLKKPR,223,17.0
212,HLA-A31:01 ,5511.74,ABE73425,KKPNKPLSQPR,212,18.0
95,HLA-A31:01 ,5528.01,ABE73425,GVVWVAKEGAK,95,19.0
91,HLA-A31:01 ,5529.0,ABE73425,QRSDGVVWVAK,91,20.0
230,HLA-A31:01 ,5535.17,ABE73425,KKPRWKRVPTR,230,21.0
75,HLA-A31:01 ,5542.79,ABE73425,HFYYLGTGPHK,75,22.0
34,HLA-A31:01 ,5545.92,ABE73425,VIPRNLVPIGK,34,23.0
2,HLA-A31:01 ,5551.74,ABE73425,VNWADDRAARK,2,24.0
309,HLA-A31:01 ,5554.25,ABE73425,LVAKDNKNLPK,309,25.0
300,HLA-A31:01 ,5555.8,ABE73425,VQITYTYKMLV,300,26.0
305,HLA-A31:01 ,5563.65,ABE73425,TYKMLVAKDNK,305,27.0
131,HLA-A31:01 ,5566.29,ABE73425,PELSVVEFEDR,131,28.0
202,HLA-A31:01 ,5569.44,ABE73425,SPSSSGTFTPK,202,29.0
260,HLA-A31:01 ,5575.35,ABE73425,SDLVQNGVDAK,260,30.0
297,HLA-A31:01 ,5576.85,ABE73425,GDNVQITYTYK,297,31.0
149,HLA-A31:01 ,5580.26,ABE73425,SSRSSTRNNSR,149,32.0
206,HLA-A31:01 ,5589.28,ABE73425,SGTFTPKKPNK,206,33.0
163,HLA-A31:01 ,5592.58,ABE73425,RSTSRQQSRTR,163,34.0
63,HLA-A31:01 ,5593.92,ABE73425,RRGQRVDLPPK,63,35.0
324,HLA-A31:01 ,5596.3,ABE73425,ISAFTKPSSIK,324,36.0
29,HLA-A31:01 ,5598.86,ABE73425,KAPYRVIPRNL,29,37.0
114,HLA-A31:01 ,5600.78,ABE73425,RKRNQKPLEPK,114,38.0
78,HLA-A31:01 ,5603.16,ABE73425,YLGTGPHKDLK,78,39.0
182,HLA-A31:01 ,5609.95,ABE73425,DLVAAVTLALK,182,40.0
226,HLA-A31:01 ,5613.32,ABE73425,PSQLKKPRWKR,226,41.0
105,HLA-A31:01 ,5613.92,ABE73425,KTVNTSLGNRK,105,42.0
127,HLA-A31:01 ,5615.55,ABE73425,IALPPELSVVE,127,43.0
145,HLA-A31:01 ,5620.31,ABE73425,SSRASSRSSTR,145,44.0
203,HLA-A31:01 ,5621.19,ABE73425,PSSSGTFTPKK,203,45.0
191,HLA-A31:01 ,5621.69,ABE73425,LKNLGFDNQSK,191,46.0
241,HLA-A31:01 ,5626.18,ABE73425,EENVIQCFGPR,241,47.0
3,HLA-A31:01 ,5626.6,ABE73425,NWADDRAARKK,3,48.0
109,HLA-A31:01 ,5628.2,ABE73425,TSLGNRKRNQK,109,49.0
64,HLA-A31:01 ,5628.54,ABE73425,RGQRVDLPPKV,64,50.0
307,HLA-A31:01 ,5628.54,ABE73425,KMLVAKDNKNL,307,50.0
137,HLA-A31:01 ,5630.6,ABE73425,EFEDRSNNSSR,137,52.0
225,HLA-A31:01 ,5636.21,ABE73425,KPSQLKKPRWK,225,53.0
153,HLA-A31:01 ,5638.54,ABE73425,STRNNSRDSSR,153,54.0
194,HLA-A31:01 ,5642.19,ABE73425,LGFDNQSKSPS,194,55.0
221,HLA-A31:01 ,5642.65,ABE73425,PRADKPSQLKK,221,56.0
310,HLA-A31:01 ,5646.16,ABE73425,VAKDNKNLPKF,310,57.0
161,HLA-A31:01 ,5647.11,ABE73425,SSRSTSRQQSR,161,58.0
220,HLA-A31:01 ,5649.31,ABE73425,QPRADKPSQLK,220,59.0
157,HLA-A31:01 ,5650.71,ABE73425,NSRDSSRSTSR,157,60.0
66,HLA-A31:01 ,5654.77,ABE73425,QRVDLPPKVHF,66,61.0
46,HLA-A31:01 ,5659.68,ABE73425,NKDEQIGYWNV,46,62.0
184,HLA-A31:01 ,5660.05,ABE73425,VAAVTLALKNL,184,63.0
18,HLA-A31:01 ,5663.95,ABE73425,SFYMPLLVSSD,18,64.0
227,HLA-A31:01 ,5669.64,ABE73425,SQLKKPRWKRV,227,65.0
24,HLA-A31:01 ,5670.18,ABE73425,LVSSDKAPYRV,24,66.0
299,HLA-A31:01 ,5674.28,ABE73425,NVQITYTYKML,299,67.0
296,HLA-A31:01 ,5674.66,ABE73425,VGDNVQITYTY,296,68.0
128,HLA-A31:01 ,5674.9,ABE73425,ALPPELSVVEF,128,69.0
8,HLA-A31:01 ,5675.57,ABE73425,RAARKKFPPPS,8,70.0
155,HLA-A31:01 ,5676.89,ABE73425,RNNSRDSSRST,155,71.0
74,HLA-A31:01 ,5677.52,ABE73425,VHFYYLGTGPH,74,72.0
77,HLA-A31:01 ,5678.32,ABE73425,YYLGTGPHKDL,77,73.0
186,HLA-A31:01 ,5678.92,ABE73425,AVTLALKNLGF,186,74.0
125,HLA-A31:01 ,5680.18,ABE73425,FSIALPPELSV,125,75.0
282,HLA-A31:01 ,5680.79,ABE73425,QAALFFDSEVS,282,76.0
76,HLA-A31:01 ,5681.02,ABE73425,FYYLGTGPHKD,76,77.0
121,HLA-A31:01 ,5681.78,ABE73425,LEPKFSIALPP,121,78.0
43,HLA-A31:01 ,5682.72,ABE73425,GKGNKDEQIGY,43,79.0
294,HLA-A31:01 ,5683.6,ABE73425,DEVGDNVQITY,294,80.0
320,HLA-A31:01 ,5683.83,ABE73425,FIEQISAFTKP,320,81.0
22,HLA-A31:01 ,5683.97,ABE73425,PLLVSSDKAPY,22,82.0
321,HLA-A31:01 ,5685.04,ABE73425,IEQISAFTKPS,321,83.0
215,HLA-A31:01 ,5685.14,ABE73425,NKPLSQPRADK,215,84.0
0,HLA-A31:01 ,5686.34,ABE73425,ASVNWADDRAA,0,85.0
193,HLA-A31:01 ,5688.16,ABE73425,NLGFDNQSKSP,193,86.0
6,HLA-A31:01 ,5689.16,ABE73425,DDRAARKKFPP,6,87.0
179,HLA-A31:01 ,5689.95,ABE73425,SSSDLVAAVTL,179,88.0
192,HLA-A31:01 ,5691.54,ABE73425,KNLGFDNQSKS,192,89.0
303,HLA-A31:01 ,5691.95,ABE73425,TYTYKMLVAKD,303,90.0
132,HLA-A31:01 ,5692.0,ABE73425,ELSVVEFEDRS,132,91.0
62,HLA-A31:01 ,5692.38,ABE73425,MRRGQRVDLPP,62,92.0
276,HLA-A31:01 ,5692.6,ABE73425,AELIPNQAALF,276,93.0
162,HLA-A31:01 ,5692.9,ABE73425,SRSTSRQQSRT,162,94.0
119,HLA-A31:01 ,5692.92,ABE73425,KPLEPKFSIAL,119,95.0
47,HLA-A31:01 ,5694.29,ABE73425,KDEQIGYWNVQ,47,96.0
115,HLA-A31:01 ,5694.75,ABE73425,KRNQKPLEPKF,115,97.0
171,HLA-A31:01 ,5695.32,ABE73425,RTRSDSNQSSS,171,98.0
30,HLA-A31:01 ,5695.97,ABE73425,APYRVIPRNLV,30,99.0
287,HLA-A31:01 ,5696.08,ABE73425,FDSEVSTDEVG,287,100.0
284,HLA-A31:01 ,5696.51,ABE73425,ALFFDSEVSTD,284,101.0
291,HLA-A31:01 ,5697.04,ABE73425,VSTDEVGDNVQ,291,102.0
283,HLA-A31:01 ,5697.32,ABE73425,AALFFDSEVST,283,103.0
237,HLA-A31:01 ,5697.36,ABE73425,VPTREENVIQC,237,104.0
68,HLA-A31:01 ,5697.83,ABE73425,VDLPPKVHFYY,68,105.0
167,HLA-A31:01 ,5698.82,ABE73425,RQQSRTRSDSN,167,106.0
293,HLA-A31:01 ,5699.62,ABE73425,TDEVGDNVQIT,293,107.0
32,HLA-A31:01 ,5699.93,ABE73425,YRVIPRNLVPI,32,108.0
257,HLA-A31:01 ,5700.13,ABE73425,MGDSDLVQNGV,257,109.0
298,HLA-A31:01 ,5701.83,ABE73425,DNVQITYTYKM,298,110.0
204,HLA-A31:01 ,5702.09,ABE73425,SSSGTFTPKKP,204,111.0
229,HLA-A31:01 ,5702.1,ABE73425,LKKPRWKRVPT,229,112.0
79,HLA-A31:01 ,5702.17,ABE73425,LGTGPHKDLKF,79,113.0
228,HLA-A31:01 ,5702.53,ABE73425,QLKKPRWKRVP,228,114.0
116,HLA-A31:01 ,5702.78,ABE73425,RNQKPLEPKFS,116,115.0
180,HLA-A31:01 ,5703.57,ABE73425,SSDLVAAVTLA,180,116.0
69,HLA-A31:01 ,5704.19,ABE73425,DLPPKVHFYYL,69,117.0
219,HLA-A31:01 ,5704.39,ABE73425,SQPRADKPSQL,219,118.0
258,HLA-A31:01 ,5704.93,ABE73425,GDSDLVQNGVD,258,119.0
207,HLA-A31:01 ,5705.0,ABE73425,GTFTPKKPNKP,207,120.0
275,HLA-A31:01 ,5705.08,ABE73425,LAELIPNQAAL,275,121.0
142,HLA-A31:01 ,5705.86,ABE73425,SNNSSRASSRS,142,122.0
208,HLA-A31:01 ,5706.57,ABE73425,TFTPKKPNKPL,208,123.0
83,HLA-A31:01 ,5706.58,ABE73425,PHKDLKFRQRS,83,124.0
14,HLA-A31:01 ,5706.6,ABE73425,FPPPSFYMPLL,14,125.0
295,HLA-A31:01 ,5706.61,ABE73425,EVGDNVQITYT,295,126.0
7,HLA-A31:01 ,5706.63,ABE73425,DRAARKKFPPP,7,127.0
110,HLA-A31:01 ,5706.65,ABE73425,SLGNRKRNQKP,110,128.0
217,HLA-A31:01 ,5707.11,ABE73425,PLSQPRADKPS,217,129.0
42,HLA-A31:01 ,5707.15,ABE73425,IGKGNKDEQIG,42,130.0
269,HLA-A31:01 ,5707.34,ABE73425,AKGFPQLAELI,269,131.0
176,HLA-A31:01 ,5707.58,ABE73425,SNQSSSDLVAA,176,132.0
311,HLA-A31:01 ,5707.63,ABE73425,AKDNKNLPKFI,311,133.0
222,HLA-A31:01 ,5708.27,ABE73425,RADKPSQLKKP,222,134.0
289,HLA-A31:01 ,5708.41,ABE73425,SEVSTDEVGDN,289,135.0
314,HLA-A31:01 ,5708.64,ABE73425,NKNLPKFIEQI,314,136.0
164,HLA-A31:01 ,5708.69,ABE73425,STSRQQSRTRS,164,137.0
16,HLA-A31:01 ,5709.16,ABE73425,PPSFYMPLLVS,16,138.0
4,HLA-A31:01 ,5709.54,ABE73425,WADDRAARKKF,4,139.0
96,HLA-A31:01 ,5710.07,ABE73425,VVWVAKEGAKT,96,140.0
254,HLA-A31:01 ,5710.17,ABE73425,NHNMGDSDLVQ,254,141.0
100,HLA-A31:01 ,5710.43,ABE73425,AKEGAKTVNTS,100,142.0
10,HLA-A31:01 ,5710.46,ABE73425,ARKKFPPPSFY,10,143.0
264,HLA-A31:01 ,5710.87,ABE73425,QNGVDAKGFPQ,264,144.0
301,HLA-A31:01 ,5711.48,ABE73425,QITYTYKMLVA,301,145.0
329,HLA-A31:01 ,5711.73,ABE73425,KPSSIKEMQSQ,329,146.0
111,HLA-A31:01 ,5712.86,ABE73425,LGNRKRNQKPL,111,147.0
15,HLA-A31:01 ,5713.49,ABE73425,PPPSFYMPLLV,15,148.0
199,HLA-A31:01 ,5713.62,ABE73425,QSKSPSSSGTF,199,149.0
21,HLA-A31:01 ,5714.38,ABE73425,MPLLVSSDKAP,21,150.0
154,HLA-A31:01 ,5714.53,ABE73425,TRNNSRDSSRS,154,151.0
9,HLA-A31:01 ,5714.77,ABE73425,AARKKFPPPSF,9,152.0
55,HLA-A31:01 ,5715.04,ABE73425,NVQERWRMRRG,55,153.0
70,HLA-A31:01 ,5716.28,ABE73425,LPPKVHFYYLG,70,154.0
101,HLA-A31:01 ,5716.82,ABE73425,KEGAKTVNTSL,101,155.0
165,HLA-A31:01 ,5717.54,ABE73425,TSRQQSRTRSD,165,156.0
216,HLA-A31:01 ,5718.47,ABE73425,KPLSQPRADKP,216,157.0
201,HLA-A31:01 ,5718.49,ABE73425,KSPSSSGTFTP,201,158.0
139,HLA-A31:01 ,5718.76,ABE73425,EDRSNNSSRAS,139,159.0
209,HLA-A31:01 ,5719.0,ABE73425,FTPKKPNKPLS,209,160.0
144,HLA-A31:01 ,5719.09,ABE73425,NSSRASSRSST,144,161.0
190,HLA-A31:01 ,5719.38,ABE73425,ALKNLGFDNQS,190,162.0
211,HLA-A31:01 ,5719.4,ABE73425,PKKPNKPLSQP,211,163.0
156,HLA-A31:01 ,5719.71,ABE73425,NNSRDSSRSTS,156,164.0
272,HLA-A31:01 ,5721.73,ABE73425,FPQLAELIPNQ,272,165.0
57,HLA-A31:01 ,5721.76,ABE73425,QERWRMRRGQR,57,166.0
81,HLA-A31:01 ,5721.86,ABE73425,TGPHKDLKFRQ,81,167.0
281,HLA-A31:01 ,5722.25,ABE73425,NQAALFFDSEV,281,168.0
286,HLA-A31:01 ,5722.37,ABE73425,FFDSEVSTDEV,286,169.0
327,HLA-A31:01 ,5722.38,ABE73425,FTKPSSIKEMQ,327,170.0
20,HLA-A31:01 ,5722.56,ABE73425,YMPLLVSSDKA,20,171.0
72,HLA-A31:01 ,5722.58,ABE73425,PKVHFYYLGTG,72,172.0
136,HLA-A31:01 ,5722.77,ABE73425,VEFEDRSNNSS,136,173.0
61,HLA-A31:01 ,5722.8,ABE73425,RMRRGQRVDLP,61,174.0
54,HLA-A31:01 ,5722.83,ABE73425,WNVQERWRMRR,54,175.0
175,HLA-A31:01 ,5723.37,ABE73425,DSNQSSSDLVA,175,176.0
224,HLA-A31:01 ,5723.67,ABE73425,DKPSQLKKPRW,224,177.0
317,HLA-A31:01 ,5724.01,ABE73425,LPKFIEQISAF,317,178.0
133,HLA-A31:01 ,5724.14,ABE73425,LSVVEFEDRSN,133,179.0
31,HLA-A31:01 ,5724.28,ABE73425,PYRVIPRNLVP,31,180.0
102,HLA-A31:01 ,5724.29,ABE73425,EGAKTVNTSLG,102,181.0
117,HLA-A31:01 ,5724.68,ABE73425,NQKPLEPKFSI,117,182.0
308,HLA-A31:01 ,5725.11,ABE73425,MLVAKDNKNLP,308,183.0
178,HLA-A31:01 ,5725.44,ABE73425,QSSSDLVAAVT,178,184.0
108,HLA-A31:01 ,5725.73,ABE73425,NTSLGNRKRNQ,108,185.0
218,HLA-A31:01 ,5725.82,ABE73425,LSQPRADKPSQ,218,186.0
292,HLA-A31:01 ,5725.85,ABE73425,STDEVGDNVQI,292,187.0
185,HLA-A31:01 ,5726.47,ABE73425,AAVTLALKNLG,185,188.0
12,HLA-A31:01 ,5727.42,ABE73425,KKFPPPSFYMP,12,189.0
38,HLA-A31:01 ,5727.63,ABE73425,NLVPIGKGNKD,38,190.0
97,HLA-A31:01 ,5727.92,ABE73425,VWVAKEGAKTV,97,191.0
233,HLA-A31:01 ,5728.24,ABE73425,RWKRVPTREEN,233,192.0
304,HLA-A31:01 ,5728.79,ABE73425,YTYKMLVAKDN,304,193.0
240,HLA-A31:01 ,5729.21,ABE73425,REENVIQCFGP,240,194.0
189,HLA-A31:01 ,5729.25,ABE73425,LALKNLGFDNQ,189,195.0
84,HLA-A31:01 ,5729.39,ABE73425,HKDLKFRQRSD,84,196.0
120,HLA-A31:01 ,5729.52,ABE73425,PLEPKFSIALP,120,197.0
262,HLA-A31:01 ,5729.6,ABE73425,LVQNGVDAKGF,262,198.0
39,HLA-A31:01 ,5729.78,ABE73425,LVPIGKGNKDE,39,199.0
143,HLA-A31:01 ,5729.81,ABE73425,NNSSRASSRSS,143,200.0
265,HLA-A31:01 ,5729.9,ABE73425,NGVDAKGFPQL,265,201.0
195,HLA-A31:01 ,5729.97,ABE73425,GFDNQSKSPSS,195,202.0
73,HLA-A31:01 ,5731.97,ABE73425,KVHFYYLGTGP,73,203.0
107,HLA-A31:01 ,5732.01,ABE73425,VNTSLGNRKRN,107,204.0
140,HLA-A31:01 ,5732.97,ABE73425,DRSNNSSRASS,140,205.0
285,HLA-A31:01 ,5733.13,ABE73425,LFFDSEVSTDE,285,206.0
48,HLA-A31:01 ,5733.79,ABE73425,DEQIGYWNVQE,48,207.0
59,HLA-A31:01 ,5733.86,ABE73425,RWRMRRGQRVD,59,208.0
235,HLA-A31:01 ,5734.09,ABE73425,KRVPTREENVI,235,209.0
135,HLA-A31:01 ,5734.77,ABE73425,VVEFEDRSNNS,135,210.0
288,HLA-A31:01 ,5735.18,ABE73425,DSEVSTDEVGD,288,211.0
124,HLA-A31:01 ,5735.33,ABE73425,KFSIALPPELS,124,212.0
113,HLA-A31:01 ,5735.54,ABE73425,NRKRNQKPLEP,113,213.0
214,HLA-A31:01 ,5735.62,ABE73425,PNKPLSQPRAD,214,214.0
118,HLA-A31:01 ,5735.77,ABE73425,QKPLEPKFSIA,118,215.0
148,HLA-A31:01 ,5736.26,ABE73425,ASSRSSTRNNS,148,216.0
17,HLA-A31:01 ,5736.79,ABE73425,PSFYMPLLVSS,17,217.0
71,HLA-A31:01 ,5737.17,ABE73425,PPKVHFYYLGT,71,218.0
123,HLA-A31:01 ,5737.63,ABE73425,PKFSIALPPEL,123,219.0
259,HLA-A31:01 ,5738.41,ABE73425,DSDLVQNGVDA,259,220.0
147,HLA-A31:01 ,5738.65,ABE73425,RASSRSSTRNN,147,221.0
130,HLA-A31:01 ,5738.67,ABE73425,PPELSVVEFED,130,222.0
67,HLA-A31:01 ,5738.73,ABE73425,RVDLPPKVHFY,67,223.0
170,HLA-A31:01 ,5739.16,ABE73425,SRTRSDSNQSS,170,224.0
134,HLA-A31:01 ,5739.24,ABE73425,SVVEFEDRSNN,134,225.0
205,HLA-A31:01 ,5739.34,ABE73425,SSGTFTPKKPN,205,226.0
5,HLA-A31:01 ,5739.43,ABE73425,ADDRAARKKFP,5,227.0
322,HLA-A31:01 ,5739.45,ABE73425,EQISAFTKPSS,322,228.0
331,HLA-A31:01 ,5739.47,ABE73425,SSIKEMQSQSS,331,229.0
256,HLA-A31:01 ,5739.54,ABE73425,NMGDSDLVQNG,256,230.0
248,HLA-A31:01 ,5740.1,ABE73425,FGPRDFNHNMG,248,231.0
146,HLA-A31:01 ,5740.31,ABE73425,SRASSRSSTRN,146,232.0
253,HLA-A31:01 ,5740.59,ABE73425,FNHNMGDSDLV,253,233.0
173,HLA-A31:01 ,5741.01,ABE73425,RSDSNQSSSDL,173,234.0
85,HLA-A31:01 ,5741.03,ABE73425,KDLKFRQRSDG,85,235.0
58,HLA-A31:01 ,5741.25,ABE73425,ERWRMRRGQRV,58,236.0
56,HLA-A31:01 ,5742.51,ABE73425,VQERWRMRRGQ,56,237.0
152,HLA-A31:01 ,5742.77,ABE73425,SSTRNNSRDSS,152,238.0
169,HLA-A31:01 ,5743.67,ABE73425,QSRTRSDSNQS,169,239.0
313,HLA-A31:01 ,5743.8,ABE73425,DNKNLPKFIEQ,313,240.0
328,HLA-A31:01 ,5743.86,ABE73425,TKPSSIKEMQS,328,241.0
177,HLA-A31:01 ,5744.51,ABE73425,NQSSSDLVAAV,177,242.0
238,HLA-A31:01 ,5745.3,ABE73425,PTREENVIQCF,238,243.0
11,HLA-A31:01 ,5745.36,ABE73425,RKKFPPPSFYM,11,244.0
89,HLA-A31:01 ,5745.56,ABE73425,FRQRSDGVVWV,89,245.0
122,HLA-A31:01 ,5745.7,ABE73425,EPKFSIALPPE,122,246.0
150,HLA-A31:01 ,5745.96,ABE73425,SRSSTRNNSRD,150,247.0
234,HLA-A31:01 ,5746.28,ABE73425,WKRVPTREENV,234,248.0
326,HLA-A31:01 ,5746.94,ABE73425,AFTKPSSIKEM,326,249.0
41,HLA-A31:01 ,5747.02,ABE73425,PIGKGNKDEQI,41,250.0
159,HLA-A31:01 ,5747.59,ABE73425,RDSSRSTSRQQ,159,251.0
249,HLA-A31:01 ,5747.71,ABE73425,GPRDFNHNMGD,249,252.0
26,HLA-A31:01 ,5747.97,ABE73425,SSDKAPYRVIP,26,253.0
88,HLA-A31:01 ,5748.27,ABE73425,KFRQRSDGVVW,88,254.0
158,HLA-A31:01 ,5748.64,ABE73425,SRDSSRSTSRQ,158,255.0
277,HLA-A31:01 ,5748.85,ABE73425,ELIPNQAALFF,277,256.0
98,HLA-A31:01 ,5749.14,ABE73425,WVAKEGAKTVN,98,257.0
151,HLA-A31:01 ,5749.43,ABE73425,RSSTRNNSRDS,151,258.0
210,HLA-A31:01 ,5749.47,ABE73425,TPKKPNKPLSQ,210,259.0
236,HLA-A31:01 ,5750.16,ABE73425,RVPTREENVIQ,236,260.0
168,HLA-A31:01 ,5750.37,ABE73425,QQSRTRSDSNQ,168,261.0
188,HLA-A31:01 ,5751.0,ABE73425,TLALKNLGFDN,188,262.0
247,HLA-A31:01 ,5751.03,ABE73425,CFGPRDFNHNM,247,263.0
35,HLA-A31:01 ,5752.66,ABE73425,IPRNLVPIGKG,35,264.0
174,HLA-A31:01 ,5753.77,ABE73425,SDSNQSSSDLV,174,265.0
28,HLA-A31:01 ,5753.99,ABE73425,DKAPYRVIPRN,28,266.0
160,HLA-A31:01 ,5754.11,ABE73425,DSSRSTSRQQS,160,267.0
245,HLA-A31:01 ,5754.36,ABE73425,IQCFGPRDFNH,245,268.0
271,HLA-A31:01 ,5754.63,ABE73425,GFPQLAELIPN,271,269.0
196,HLA-A31:01 ,5754.69,ABE73425,FDNQSKSPSSS,196,270.0
60,HLA-A31:01 ,5754.72,ABE73425,WRMRRGQRVDL,60,271.0
213,HLA-A31:01 ,5755.09,ABE73425,KPNKPLSQPRA,213,272.0
268,HLA-A31:01 ,5755.33,ABE73425,DAKGFPQLAEL,268,273.0
290,HLA-A31:01 ,5756.0,ABE73425,EVSTDEVGDNV,290,274.0
274,HLA-A31:01 ,5756.55,ABE73425,QLAELIPNQAA,274,275.0
40,HLA-A31:01 ,5756.56,ABE73425,VPIGKGNKDEQ,40,276.0
252,HLA-A31:01 ,5756.73,ABE73425,DFNHNMGDSDL,252,277.0
50,HLA-A31:01 ,5757.24,ABE73425,QIGYWNVQERW,50,278.0
94,HLA-A31:01 ,5757.42,ABE73425,DGVVWVAKEGA,94,279.0
243,HLA-A31:01 ,5757.5,ABE73425,NVIQCFGPRDF,243,280.0
333,HLA-A31:01 ,5758.04,ABE73425,IKEMQSQSSHV,333,281.0
86,HLA-A31:01 ,5758.8,ABE73425,DLKFRQRSDGV,86,282.0
181,HLA-A31:01 ,5758.83,ABE73425,SDLVAAVTLAL,181,283.0
87,HLA-A31:01 ,5758.87,ABE73425,LKFRQRSDGVV,87,284.0
200,HLA-A31:01 ,5759.06,ABE73425,SKSPSSSGTFT,200,285.0
279,HLA-A31:01 ,5759.2,ABE73425,IPNQAALFFDS,279,286.0
138,HLA-A31:01 ,5759.7,ABE73425,FEDRSNNSSRA,138,287.0
198,HLA-A31:01 ,5759.76,ABE73425,NQSKSPSSSGT,198,288.0
65,HLA-A31:01 ,5759.86,ABE73425,GQRVDLPPKVH,65,289.0
197,HLA-A31:01 ,5759.93,ABE73425,DNQSKSPSSSG,197,290.0
52,HLA-A31:01 ,5762.41,ABE73425,GYWNVQERWRM,52,291.0
261,HLA-A31:01 ,5762.52,ABE73425,DLVQNGVDAKG,261,292.0
112,HLA-A31:01 ,5762.56,ABE73425,GNRKRNQKPLE,112,293.0
330,HLA-A31:01 ,5763.88,ABE73425,PSSIKEMQSQS,330,294.0
250,HLA-A31:01 ,5764.55,ABE73425,PRDFNHNMGDS,250,295.0
33,HLA-A31:01 ,5764.86,ABE73425,RVIPRNLVPIG,33,296.0
126,HLA-A31:01 ,5765.36,ABE73425,SIALPPELSVV,126,297.0
323,HLA-A31:01 ,5765.77,ABE73425,QISAFTKPSSI,323,298.0
93,HLA-A31:01 ,5765.89,ABE73425,SDGVVWVAKEG,93,299.0
318,HLA-A31:01 ,5766.39,ABE73425,PKFIEQISAFT,318,300.0
92,HLA-A31:01 ,5766.44,ABE73425,RSDGVVWVAKE,92,301.0
316,HLA-A31:01 ,5766.81,ABE73425,NLPKFIEQISA,316,302.0
172,HLA-A31:01 ,5767.9,ABE73425,TRSDSNQSSSD,172,303.0
231,HLA-A31:01 ,5769.38,ABE73425,KPRWKRVPTRE,231,304.0
99,HLA-A31:01 ,5771.16,ABE73425,VAKEGAKTVNT,99,305.0
183,HLA-A31:01 ,5772.21,ABE73425,LVAAVTLALKN,183,306.0
280,HLA-A31:01 ,5772.9,ABE73425,PNQAALFFDSE,280,307.0
45,HLA-A31:01 ,5773.61,ABE73425,GNKDEQIGYWN,45,308.0
273,HLA-A31:01 ,5774.18,ABE73425,PQLAELIPNQA,273,309.0
232,HLA-A31:01 ,5774.26,ABE73425,PRWKRVPTREE,232,310.0
315,HLA-A31:01 ,5774.76,ABE73425,KNLPKFIEQIS,315,311.0
103,HLA-A31:01 ,5774.89,ABE73425,GAKTVNTSLGN,103,312.0
312,HLA-A31:01 ,5778.04,ABE73425,KDNKNLPKFIE,312,313.0
325,HLA-A31:01 ,5778.27,ABE73425,SAFTKPSSIKE,325,314.0
251,HLA-A31:01 ,5778.6,ABE73425,RDFNHNMGDSD,251,315.0
166,HLA-A31:01 ,5778.85,ABE73425,SRQQSRTRSDS,166,316.0
306,HLA-A31:01 ,5779.24,ABE73425,YKMLVAKDNKN,306,317.0
239,HLA-A31:01 ,5779.81,ABE73425,TREENVIQCFG,239,318.0
36,HLA-A31:01 ,5780.27,ABE73425,PRNLVPIGKGN,36,319.0
242,HLA-A31:01 ,5781.4,ABE73425,ENVIQCFGPRD,242,320.0
25,HLA-A31:01 ,5784.27,ABE73425,VSSDKAPYRVI,25,321.0
332,HLA-A31:01 ,5785.24,ABE73425,SIKEMQSQSSH,332,322.0
246,HLA-A31:01 ,5792.54,ABE73425,QCFGPRDFNHN,246,323.0
266,HLA-A31:01 ,5792.6,ABE73425,GVDAKGFPQLA,266,324.0
278,HLA-A31:01 ,5796.03,ABE73425,LIPNQAALFFD,278,325.0
187,HLA-A31:01 ,5796.55,ABE73425,VTLALKNLGFD,187,326.0
129,HLA-A31:01 ,5797.56,ABE73425,LPPELSVVEFE,129,327.0
90,HLA-A31:01 ,5797.92,ABE73425,RQRSDGVVWVA,90,328.0
267,HLA-A31:01 ,5799.08,ABE73425,VDAKGFPQLAE,267,329.0
255,HLA-A31:01 ,5800.66,ABE73425,HNMGDSDLVQN,255,330.0
244,HLA-A31:01 ,5801.6,ABE73425,VIQCFGPRDFN,244,331.0
263,HLA-A31:01 ,5815.19,ABE73425,VQNGVDAKGFP,263,332.0
270,HLA-A31:01 ,5837.19,ABE73425,KGFPQLAELIP,270,333.0
44,HLA-A31:01 ,5875.14,ABE73425,KGNKDEQIGYW,44,334.0
137,HLA-A33:01 ,81.86,ABE73425,EFEDRSNNSSR,137,1.0
53,HLA-A33:01 ,128.81,ABE73425,YWNVQERWRMR,53,2.0
1,HLA-A33:01 ,255.3,ABE73425,SVNWADDRAAR,1,3.0
153,HLA-A33:01 ,263.0,ABE73425,STRNNSRDSSR,153,4.0
241,HLA-A33:01 ,281.99,ABE73425,EENVIQCFGPR,241,5.0
157,HLA-A33:01 ,329.15,ABE73425,NSRDSSRSTSR,157,6.0
145,HLA-A33:01 ,429.2,ABE73425,SSRASSRSSTR,145,7.0
57,HLA-A33:01 ,461.59,ABE73425,QERWRMRRGQR,57,8.0
27,HLA-A33:01 ,473.7,ABE73425,SDKAPYRVIPR,27,9.0
54,HLA-A33:01 ,590.88,ABE73425,WNVQERWRMRR,54,10.0
302,HLA-A33:01 ,736.1,ABE73425,ITYTYKMLVAK,302,11.0
182,HLA-A33:01 ,889.89,ABE73425,DLVAAVTLALK,182,12.0
149,HLA-A33:01 ,1014.16,ABE73425,SSRSSTRNNSR,149,13.0
49,HLA-A33:01 ,1053.67,ABE73425,EQIGYWNVQER,49,14.0
303,HLA-A33:01 ,1191.01,ABE73425,TYTYKMLVAKD,303,15.0
305,HLA-A33:01 ,1346.69,ABE73425,TYKMLVAKDNK,305,16.0
51,HLA-A33:01 ,1938.01,ABE73425,IGYWNVQERWR,51,17.0
6,HLA-A33:01 ,2308.94,ABE73425,DDRAARKKFPP,6,18.0
255,HLA-A33:01 ,2516.63,ABE73425,HNMGDSDLVQN,255,19.0
141,HLA-A33:01 ,2808.03,ABE73425,RSNNSSRASSR,141,20.0
161,HLA-A33:01 ,2889.2,ABE73425,SSRSTSRQQSR,161,21.0
19,HLA-A33:01 ,3056.02,ABE73425,FYMPLLVSSDK,19,22.0
226,HLA-A33:01 ,3189.79,ABE73425,PSQLKKPRWKR,226,23.0
76,HLA-A33:01 ,3940.03,ABE73425,FYYLGTGPHKD,76,24.0
122,HLA-A33:01 ,3997.49,ABE73425,EPKFSIALPPE,122,25.0
304,HLA-A33:01 ,4236.73,ABE73425,YTYKMLVAKDN,304,26.0
82,HLA-A33:01 ,4441.94,ABE73425,GPHKDLKFRQR,82,27.0
75,HLA-A33:01 ,4768.08,ABE73425,HFYYLGTGPHK,75,28.0
106,HLA-A33:01 ,4860.03,ABE73425,TVNTSLGNRKR,106,29.0
62,HLA-A33:01 ,5079.34,ABE73425,MRRGQRVDLPP,62,30.0
23,HLA-A33:01 ,5243.79,ABE73425,LLVSSDKAPYR,23,31.0
319,HLA-A33:01 ,5792.41,ABE73425,KFIEQISAFTK,319,32.0
48,HLA-A33:01 ,5863.48,ABE73425,DEQIGYWNVQE,48,33.0
298,HLA-A33:01 ,5976.6,ABE73425,DNVQITYTYKM,298,34.0
104,HLA-A33:01 ,5976.82,ABE73425,AKTVNTSLGNR,104,35.0
80,HLA-A33:01 ,6201.59,ABE73425,GTGPHKDLKFR,80,36.0
223,HLA-A33:01 ,6933.67,ABE73425,ADKPSQLKKPR,223,37.0
74,HLA-A33:01 ,8957.33,ABE73425,VHFYYLGTGPH,74,38.0
306,HLA-A33:01 ,9390.54,ABE73425,YKMLVAKDNKN,306,39.0
18,HLA-A33:01 ,9641.85,ABE73425,SFYMPLLVSSD,18,40.0
163,HLA-A33:01 ,9985.45,ABE73425,RSTSRQQSRTR,163,41.0
271,HLA-A33:01 ,10024.77,ABE73425,GFPQLAELIPN,271,42.0
28,HLA-A33:01 ,11120.31,ABE73425,DKAPYRVIPRN,28,43.0
246,HLA-A33:01 ,11347.99,ABE73425,QCFGPRDFNHN,246,44.0
134,HLA-A33:01 ,12021.12,ABE73425,SVVEFEDRSNN,134,45.0
183,HLA-A33:01 ,13199.96,ABE73425,LVAAVTLALKN,183,46.0
147,HLA-A33:01 ,13740.55,ABE73425,RASSRSSTRNN,147,47.0
17,HLA-A33:01 ,14558.44,ABE73425,PSFYMPLLVSS,17,48.0
244,HLA-A33:01 ,14794.26,ABE73425,VIQCFGPRDFN,244,49.0
212,HLA-A33:01 ,14971.69,ABE73425,KKPNKPLSQPR,212,50.0
91,HLA-A33:01 ,15348.38,ABE73425,QRSDGVVWVAK,91,51.0
131,HLA-A33:01 ,15872.16,ABE73425,PELSVVEFEDR,131,52.0
325,HLA-A33:01 ,16173.12,ABE73425,SAFTKPSSIKE,325,53.0
146,HLA-A33:01 ,17325.46,ABE73425,SRASSRSSTRN,146,54.0
121,HLA-A33:01 ,17549.14,ABE73425,LEPKFSIALPP,121,55.0
133,HLA-A33:01 ,17715.72,ABE73425,LSVVEFEDRSN,133,56.0
140,HLA-A33:01 ,18139.9,ABE73425,DRSNNSSRASS,140,57.0
107,HLA-A33:01 ,18495.53,ABE73425,VNTSLGNRKRN,107,58.0
92,HLA-A33:01 ,18567.92,ABE73425,RSDGVVWVAKE,92,59.0
202,HLA-A33:01 ,18881.9,ABE73425,SPSSSGTFTPK,202,60.0
321,HLA-A33:01 ,19332.09,ABE73425,IEQISAFTKPS,321,61.0
132,HLA-A33:01 ,19400.72,ABE73425,ELSVVEFEDRS,132,62.0
328,HLA-A33:01 ,19473.3,ABE73425,TKPSSIKEMQS,328,63.0
230,HLA-A33:01 ,19488.04,ABE73425,KKPRWKRVPTR,230,64.0
280,HLA-A33:01 ,19602.03,ABE73425,PNQAALFFDSE,280,65.0
7,HLA-A33:01 ,19605.26,ABE73425,DRAARKKFPPP,7,66.0
297,HLA-A33:01 ,19607.65,ABE73425,GDNVQITYTYK,297,67.0
299,HLA-A33:01 ,19730.06,ABE73425,NVQITYTYKML,299,68.0
320,HLA-A33:01 ,20014.64,ABE73425,FIEQISAFTKP,320,69.0
188,HLA-A33:01 ,20126.61,ABE73425,TLALKNLGFDN,188,70.0
318,HLA-A33:01 ,20359.45,ABE73425,PKFIEQISAFT,318,71.0
120,HLA-A33:01 ,20837.51,ABE73425,PLEPKFSIALP,120,72.0
308,HLA-A33:01 ,21160.73,ABE73425,MLVAKDNKNLP,308,73.0
240,HLA-A33:01 ,21195.69,ABE73425,REENVIQCFGP,240,74.0
313,HLA-A33:01 ,21335.75,ABE73425,DNKNLPKFIEQ,313,75.0
309,HLA-A33:01 ,21615.64,ABE73425,LVAKDNKNLPK,309,76.0
196,HLA-A33:01 ,21660.37,ABE73425,FDNQSKSPSSS,196,77.0
160,HLA-A33:01 ,22292.74,ABE73425,DSSRSTSRQQS,160,78.0
69,HLA-A33:01 ,22377.93,ABE73425,DLPPKVHFYYL,69,79.0
3,HLA-A33:01 ,22401.14,ABE73425,NWADDRAARKK,3,80.0
109,HLA-A33:01 ,22621.93,ABE73425,TSLGNRKRNQK,109,81.0
78,HLA-A33:01 ,22880.14,ABE73425,YLGTGPHKDLK,78,82.0
242,HLA-A33:01 ,23071.63,ABE73425,ENVIQCFGPRD,242,83.0
247,HLA-A33:01 ,23083.23,ABE73425,CFGPRDFNHNM,247,84.0
52,HLA-A33:01 ,23390.54,ABE73425,GYWNVQERWRM,52,85.0
268,HLA-A33:01 ,23490.86,ABE73425,DAKGFPQLAEL,268,86.0
187,HLA-A33:01 ,23727.22,ABE73425,VTLALKNLGFD,187,87.0
332,HLA-A33:01 ,23951.73,ABE73425,SIKEMQSQSSH,332,88.0
86,HLA-A33:01 ,24615.89,ABE73425,DLKFRQRSDGV,86,89.0
94,HLA-A33:01 ,24704.8,ABE73425,DGVVWVAKEGA,94,90.0
300,HLA-A33:01 ,24825.12,ABE73425,VQITYTYKMLV,300,91.0
211,HLA-A33:01 ,24826.39,ABE73425,PKKPNKPLSQP,211,92.0
233,HLA-A33:01 ,25008.37,ABE73425,RWKRVPTREEN,233,93.0
317,HLA-A33:01 ,25038.28,ABE73425,LPKFIEQISAF,317,94.0
12,HLA-A33:01 ,25476.69,ABE73425,KKFPPPSFYMP,12,95.0
143,HLA-A33:01 ,25487.42,ABE73425,NNSSRASSRSS,143,96.0
267,HLA-A33:01 ,25942.42,ABE73425,VDAKGFPQLAE,267,97.0
285,HLA-A33:01 ,25971.7,ABE73425,LFFDSEVSTDE,285,98.0
31,HLA-A33:01 ,25995.75,ABE73425,PYRVIPRNLVP,31,99.0
2,HLA-A33:01 ,26628.89,ABE73425,VNWADDRAARK,2,100.0
201,HLA-A33:01 ,26724.38,ABE73425,KSPSSSGTFTP,201,101.0
301,HLA-A33:01 ,26840.03,ABE73425,QITYTYKMLVA,301,102.0
281,HLA-A33:01 ,26880.01,ABE73425,NQAALFFDSEV,281,103.0
21,HLA-A33:01 ,26929.27,ABE73425,MPLLVSSDKAP,21,104.0
98,HLA-A33:01 ,27337.2,ABE73425,WVAKEGAKTVN,98,105.0
252,HLA-A33:01 ,27490.29,ABE73425,DFNHNMGDSDL,252,106.0
205,HLA-A33:01 ,27584.36,ABE73425,SSGTFTPKKPN,205,107.0
279,HLA-A33:01 ,27678.51,ABE73425,IPNQAALFFDS,279,108.0
156,HLA-A33:01 ,27758.17,ABE73425,NNSRDSSRSTS,156,109.0
190,HLA-A33:01 ,27854.17,ABE73425,ALKNLGFDNQS,190,110.0
26,HLA-A33:01 ,28198.63,ABE73425,SSDKAPYRVIP,26,111.0
148,HLA-A33:01 ,28281.36,ABE73425,ASSRSSTRNNS,148,112.0
324,HLA-A33:01 ,28424.68,ABE73425,ISAFTKPSSIK,324,113.0
330,HLA-A33:01 ,28442.11,ABE73425,PSSIKEMQSQS,330,114.0
103,HLA-A33:01 ,28467.34,ABE73425,GAKTVNTSLGN,103,115.0
316,HLA-A33:01 ,28531.1,ABE73425,NLPKFIEQISA,316,116.0
286,HLA-A33:01 ,28579.27,ABE73425,FFDSEVSTDEV,286,117.0
73,HLA-A33:01 ,28724.7,ABE73425,KVHFYYLGTGP,73,118.0
243,HLA-A33:01 ,28755.05,ABE73425,NVIQCFGPRDF,243,119.0
282,HLA-A33:01 ,28847.85,ABE73425,QAALFFDSEVS,282,120.0
125,HLA-A33:01 ,29044.92,ABE73425,FSIALPPELSV,125,121.0
181,HLA-A33:01 ,29169.39,ABE73425,SDLVAAVTLAL,181,122.0
142,HLA-A33:01 ,29189.02,ABE73425,SNNSSRASSRS,142,123.0
277,HLA-A33:01 ,29320.0,ABE73425,ELIPNQAALFF,277,124.0
108,HLA-A33:01 ,29423.89,ABE73425,NTSLGNRKRNQ,108,125.0
322,HLA-A33:01 ,29545.53,ABE73425,EQISAFTKPSS,322,126.0
114,HLA-A33:01 ,29605.62,ABE73425,RKRNQKPLEPK,114,127.0
95,HLA-A33:01 ,29652.56,ABE73425,GVVWVAKEGAK,95,128.0
139,HLA-A33:01 ,29742.99,ABE73425,EDRSNNSSRAS,139,129.0
169,HLA-A33:01 ,29899.44,ABE73425,QSRTRSDSNQS,169,130.0
58,HLA-A33:01 ,29928.62,ABE73425,ERWRMRRGQRV,58,131.0
164,HLA-A33:01 ,30005.49,ABE73425,STSRQQSRTRS,164,132.0
5,HLA-A33:01 ,30007.94,ABE73425,ADDRAARKKFP,5,133.0
36,HLA-A33:01 ,30160.99,ABE73425,PRNLVPIGKGN,36,134.0
124,HLA-A33:01 ,30267.51,ABE73425,KFSIALPPELS,124,135.0
136,HLA-A33:01 ,30286.87,ABE73425,VEFEDRSNNSS,136,136.0
264,HLA-A33:01 ,30417.3,ABE73425,QNGVDAKGFPQ,264,137.0
194,HLA-A33:01 ,30649.85,ABE73425,LGFDNQSKSPS,194,138.0
245,HLA-A33:01 ,30932.02,ABE73425,IQCFGPRDFNH,245,139.0
191,HLA-A33:01 ,31009.4,ABE73425,LKNLGFDNQSK,191,140.0
312,HLA-A33:01 ,31036.57,ABE73425,KDNKNLPKFIE,312,141.0
327,HLA-A33:01 ,31046.53,ABE73425,FTKPSSIKEMQ,327,142.0
93,HLA-A33:01 ,31288.3,ABE73425,SDGVVWVAKEG,93,143.0
209,HLA-A33:01 ,31445.8,ABE73425,FTPKKPNKPLS,209,144.0
84,HLA-A33:01 ,31460.0,ABE73425,HKDLKFRQRSD,84,145.0
20,HLA-A33:01 ,31555.07,ABE73425,YMPLLVSSDKA,20,146.0
263,HLA-A33:01 ,31624.1,ABE73425,VQNGVDAKGFP,263,147.0
113,HLA-A33:01 ,31723.74,ABE73425,NRKRNQKPLEP,113,148.0
83,HLA-A33:01 ,31764.29,ABE73425,PHKDLKFRQRS,83,149.0
203,HLA-A33:01 ,31805.9,ABE73425,PSSSGTFTPKK,203,150.0
116,HLA-A33:01 ,31920.78,ABE73425,RNQKPLEPKFS,116,151.0
207,HLA-A33:01 ,32043.5,ABE73425,GTFTPKKPNKP,207,152.0
331,HLA-A33:01 ,32174.54,ABE73425,SSIKEMQSQSS,331,153.0
270,HLA-A33:01 ,32180.93,ABE73425,KGFPQLAELIP,270,154.0
127,HLA-A33:01 ,32242.88,ABE73425,IALPPELSVVE,127,155.0
55,HLA-A33:01 ,32410.39,ABE73425,NVQERWRMRRG,55,156.0
278,HLA-A33:01 ,32419.04,ABE73425,LIPNQAALFFD,278,157.0
32,HLA-A33:01 ,32579.46,ABE73425,YRVIPRNLVPI,32,158.0
315,HLA-A33:01 ,32631.52,ABE73425,KNLPKFIEQIS,315,159.0
8,HLA-A33:01 ,32742.93,ABE73425,RAARKKFPPPS,8,160.0
34,HLA-A33:01 ,32794.18,ABE73425,VIPRNLVPIGK,34,161.0
46,HLA-A33:01 ,32819.62,ABE73425,NKDEQIGYWNV,46,162.0
184,HLA-A33:01 ,33182.22,ABE73425,VAAVTLALKNL,184,163.0
228,HLA-A33:01 ,33296.37,ABE73425,QLKKPRWKRVP,228,164.0
275,HLA-A33:01 ,33561.53,ABE73425,LAELIPNQAAL,275,165.0
283,HLA-A33:01 ,33595.13,ABE73425,AALFFDSEVST,283,166.0
129,HLA-A33:01 ,33655.54,ABE73425,LPPELSVVEFE,129,167.0
204,HLA-A33:01 ,33663.46,ABE73425,SSSGTFTPKKP,204,168.0
16,HLA-A33:01 ,33688.62,ABE73425,PPSFYMPLLVS,16,169.0
135,HLA-A33:01 ,34120.13,ABE73425,VVEFEDRSNNS,135,170.0
77,HLA-A33:01 ,34151.8,ABE73425,YYLGTGPHKDL,77,171.0
326,HLA-A33:01 ,34186.74,ABE73425,AFTKPSSIKEM,326,172.0
110,HLA-A33:01 ,34196.36,ABE73425,SLGNRKRNQKP,110,173.0
37,HLA-A33:01 ,34215.84,ABE73425,RNLVPIGKGNK,37,174.0
152,HLA-A33:01 ,34415.82,ABE73425,SSTRNNSRDSS,152,175.0
154,HLA-A33:01 ,34434.69,ABE73425,TRNNSRDSSRS,154,176.0
295,HLA-A33:01 ,34499.3,ABE73425,EVGDNVQITYT,295,177.0
237,HLA-A33:01 ,34512.61,ABE73425,VPTREENVIQC,237,178.0
229,HLA-A33:01 ,34691.34,ABE73425,LKKPRWKRVPT,229,179.0
232,HLA-A33:01 ,34770.85,ABE73425,PRWKRVPTREE,232,180.0
96,HLA-A33:01 ,34772.08,ABE73425,VVWVAKEGAKT,96,181.0
220,HLA-A33:01 ,34778.64,ABE73425,QPRADKPSQLK,220,182.0
167,HLA-A33:01 ,34875.33,ABE73425,RQQSRTRSDSN,167,183.0
171,HLA-A33:01 ,34875.47,ABE73425,RTRSDSNQSSS,171,184.0
314,HLA-A33:01 ,34946.53,ABE73425,NKNLPKFIEQI,314,185.0
189,HLA-A33:01 ,35037.98,ABE73425,LALKNLGFDNQ,189,186.0
100,HLA-A33:01 ,35127.06,ABE73425,AKEGAKTVNTS,100,187.0
112,HLA-A33:01 ,35188.92,ABE73425,GNRKRNQKPLE,112,188.0
261,HLA-A33:01 ,35196.42,ABE73425,DLVQNGVDAKG,261,189.0
272,HLA-A33:01 ,35259.2,ABE73425,FPQLAELIPNQ,272,190.0
24,HLA-A33:01 ,35333.41,ABE73425,LVSSDKAPYRV,24,191.0
260,HLA-A33:01 ,35357.08,ABE73425,SDLVQNGVDAK,260,192.0
170,HLA-A33:01 ,35391.29,ABE73425,SRTRSDSNQSS,170,193.0
215,HLA-A33:01 ,35666.73,ABE73425,NKPLSQPRADK,215,194.0
30,HLA-A33:01 ,35668.18,ABE73425,APYRVIPRNLV,30,195.0
159,HLA-A33:01 ,35708.24,ABE73425,RDSSRSTSRQQ,159,196.0
254,HLA-A33:01 ,35728.03,ABE73425,NHNMGDSDLVQ,254,197.0
256,HLA-A33:01 ,35748.45,ABE73425,NMGDSDLVQNG,256,198.0
274,HLA-A33:01 ,35801.58,ABE73425,QLAELIPNQAA,274,199.0
63,HLA-A33:01 ,35873.37,ABE73425,RRGQRVDLPPK,63,200.0
15,HLA-A33:01 ,35908.31,ABE73425,PPPSFYMPLLV,15,201.0
45,HLA-A33:01 ,35915.93,ABE73425,GNKDEQIGYWN,45,202.0
193,HLA-A33:01 ,35962.99,ABE73425,NLGFDNQSKSP,193,203.0
266,HLA-A33:01 ,36290.89,ABE73425,GVDAKGFPQLA,266,204.0
206,HLA-A33:01 ,36295.25,ABE73425,SGTFTPKKPNK,206,205.0
72,HLA-A33:01 ,36316.7,ABE73425,PKVHFYYLGTG,72,206.0
11,HLA-A33:01 ,36389.55,ABE73425,RKKFPPPSFYM,11,207.0
195,HLA-A33:01 ,36556.69,ABE73425,GFDNQSKSPSS,195,208.0
253,HLA-A33:01 ,36557.59,ABE73425,FNHNMGDSDLV,253,209.0
231,HLA-A33:01 ,36628.91,ABE73425,KPRWKRVPTRE,231,210.0
323,HLA-A33:01 ,36676.61,ABE73425,QISAFTKPSSI,323,211.0
222,HLA-A33:01 ,36898.82,ABE73425,RADKPSQLKKP,222,212.0
144,HLA-A33:01 ,36907.38,ABE73425,NSSRASSRSST,144,213.0
50,HLA-A33:01 ,36951.61,ABE73425,QIGYWNVQERW,50,214.0
97,HLA-A33:01 ,37102.01,ABE73425,VWVAKEGAKTV,97,215.0
158,HLA-A33:01 ,37146.06,ABE73425,SRDSSRSTSRQ,158,216.0
197,HLA-A33:01 ,37251.42,ABE73425,DNQSKSPSSSG,197,217.0
165,HLA-A33:01 ,37294.8,ABE73425,TSRQQSRTRSD,165,218.0
221,HLA-A33:01 ,37321.32,ABE73425,PRADKPSQLKK,221,219.0
216,HLA-A33:01 ,37563.9,ABE73425,KPLSQPRADKP,216,220.0
47,HLA-A33:01 ,37590.11,ABE73425,KDEQIGYWNVQ,47,221.0
192,HLA-A33:01 ,37668.43,ABE73425,KNLGFDNQSKS,192,222.0
186,HLA-A33:01 ,37674.83,ABE73425,AVTLALKNLGF,186,223.0
307,HLA-A33:01 ,37682.98,ABE73425,KMLVAKDNKNL,307,224.0
81,HLA-A33:01 ,37704.74,ABE73425,TGPHKDLKFRQ,81,225.0
70,HLA-A33:01 ,37714.71,ABE73425,LPPKVHFYYLG,70,226.0
234,HLA-A33:01 ,37761.56,ABE73425,WKRVPTREENV,234,227.0
105,HLA-A33:01 ,37813.49,ABE73425,KTVNTSLGNRK,105,228.0
61,HLA-A33:01 ,37845.75,ABE73425,RMRRGQRVDLP,61,229.0
292,HLA-A33:01 ,37851.09,ABE73425,STDEVGDNVQI,292,230.0
185,HLA-A33:01 ,37869.7,ABE73425,AAVTLALKNLG,185,231.0
273,HLA-A33:01 ,37875.87,ABE73425,PQLAELIPNQA,273,232.0
296,HLA-A33:01 ,37889.27,ABE73425,VGDNVQITYTY,296,233.0
180,HLA-A33:01 ,38036.48,ABE73425,SSDLVAAVTLA,180,234.0
250,HLA-A33:01 ,38132.45,ABE73425,PRDFNHNMGDS,250,235.0
284,HLA-A33:01 ,38135.87,ABE73425,ALFFDSEVSTD,284,236.0
102,HLA-A33:01 ,38164.53,ABE73425,EGAKTVNTSLG,102,237.0
179,HLA-A33:01 ,38219.63,ABE73425,SSSDLVAAVTL,179,238.0
289,HLA-A33:01 ,38457.4,ABE73425,SEVSTDEVGDN,289,239.0
265,HLA-A33:01 ,38474.71,ABE73425,NGVDAKGFPQL,265,240.0
126,HLA-A33:01 ,38487.66,ABE73425,SIALPPELSVV,126,241.0
333,HLA-A33:01 ,38500.84,ABE73425,IKEMQSQSSHV,333,242.0
13,HLA-A33:01 ,38513.92,ABE73425,KFPPPSFYMPL,13,243.0
217,HLA-A33:01 ,38555.31,ABE73425,PLSQPRADKPS,217,244.0
257,HLA-A33:01 ,38598.28,ABE73425,MGDSDLVQNGV,257,245.0
168,HLA-A33:01 ,38650.78,ABE73425,QQSRTRSDSNQ,168,246.0
14,HLA-A33:01 ,38697.11,ABE73425,FPPPSFYMPLL,14,247.0
56,HLA-A33:01 ,38703.66,ABE73425,VQERWRMRRGQ,56,248.0
236,HLA-A33:01 ,38751.57,ABE73425,RVPTREENVIQ,236,249.0
239,HLA-A33:01 ,38828.68,ABE73425,TREENVIQCFG,239,250.0
89,HLA-A33:01 ,38844.54,ABE73425,FRQRSDGVVWV,89,251.0
208,HLA-A33:01 ,38870.6,ABE73425,TFTPKKPNKPL,208,252.0
166,HLA-A33:01 ,38900.52,ABE73425,SRQQSRTRSDS,166,253.0
172,HLA-A33:01 ,38993.52,ABE73425,TRSDSNQSSSD,172,254.0
138,HLA-A33:01 ,39033.55,ABE73425,FEDRSNNSSRA,138,255.0
38,HLA-A33:01 ,39109.74,ABE73425,NLVPIGKGNKD,38,256.0
99,HLA-A33:01 ,39119.61,ABE73425,VAKEGAKTVNT,99,257.0
288,HLA-A33:01 ,39167.39,ABE73425,DSEVSTDEVGD,288,258.0
290,HLA-A33:01 ,39290.12,ABE73425,EVSTDEVGDNV,290,259.0
9,HLA-A33:01 ,39346.94,ABE73425,AARKKFPPPSF,9,260.0
329,HLA-A33:01 ,39448.15,ABE73425,KPSSIKEMQSQ,329,261.0
123,HLA-A33:01 ,39450.43,ABE73425,PKFSIALPPEL,123,262.0
119,HLA-A33:01 ,39541.0,ABE73425,KPLEPKFSIAL,119,263.0
151,HLA-A33:01 ,39592.39,ABE73425,RSSTRNNSRDS,151,264.0
117,HLA-A33:01 ,39698.03,ABE73425,NQKPLEPKFSI,117,265.0
33,HLA-A33:01 ,39704.29,ABE73425,RVIPRNLVPIG,33,266.0
177,HLA-A33:01 ,39727.61,ABE73425,NQSSSDLVAAV,177,267.0
22,HLA-A33:01 ,39758.03,ABE73425,PLLVSSDKAPY,22,268.0
29,HLA-A33:01 ,39831.22,ABE73425,KAPYRVIPRNL,29,269.0
71,HLA-A33:01 ,39915.4,ABE73425,PPKVHFYYLGT,71,270.0
294,HLA-A33:01 ,40056.58,ABE73425,DEVGDNVQITY,294,271.0
287,HLA-A33:01 ,40217.15,ABE73425,FDSEVSTDEVG,287,272.0
150,HLA-A33:01 ,40226.51,ABE73425,SRSSTRNNSRD,150,273.0
218,HLA-A33:01 ,40286.02,ABE73425,LSQPRADKPSQ,218,274.0
238,HLA-A33:01 ,40293.81,ABE73425,PTREENVIQCF,238,275.0
4,HLA-A33:01 ,40314.45,ABE73425,WADDRAARKKF,4,276.0
68,HLA-A33:01 ,40326.42,ABE73425,VDLPPKVHFYY,68,277.0
310,HLA-A33:01 ,40496.71,ABE73425,VAKDNKNLPKF,310,278.0
248,HLA-A33:01 ,40697.37,ABE73425,FGPRDFNHNMG,248,279.0
39,HLA-A33:01 ,40713.88,ABE73425,LVPIGKGNKDE,39,280.0
199,HLA-A33:01 ,40811.35,ABE73425,QSKSPSSSGTF,199,281.0
101,HLA-A33:01 ,40814.08,ABE73425,KEGAKTVNTSL,101,282.0
210,HLA-A33:01 ,40831.72,ABE73425,TPKKPNKPLSQ,210,283.0
227,HLA-A33:01 ,40925.99,ABE73425,SQLKKPRWKRV,227,284.0
118,HLA-A33:01 ,40933.34,ABE73425,QKPLEPKFSIA,118,285.0
85,HLA-A33:01 ,40945.47,ABE73425,KDLKFRQRSDG,85,286.0
276,HLA-A33:01 ,41010.79,ABE73425,AELIPNQAALF,276,287.0
200,HLA-A33:01 ,41025.15,ABE73425,SKSPSSSGTFT,200,288.0
155,HLA-A33:01 ,41045.39,ABE73425,RNNSRDSSRST,155,289.0
213,HLA-A33:01 ,41129.13,ABE73425,KPNKPLSQPRA,213,290.0
262,HLA-A33:01 ,41160.02,ABE73425,LVQNGVDAKGF,262,291.0
176,HLA-A33:01 ,41184.89,ABE73425,SNQSSSDLVAA,176,292.0
311,HLA-A33:01 ,41193.0,ABE73425,AKDNKNLPKFI,311,293.0
291,HLA-A33:01 ,41260.14,ABE73425,VSTDEVGDNVQ,291,294.0
10,HLA-A33:01 ,41347.74,ABE73425,ARKKFPPPSFY,10,295.0
219,HLA-A33:01 ,41450.11,ABE73425,SQPRADKPSQL,219,296.0
128,HLA-A33:01 ,41477.81,ABE73425,ALPPELSVVEF,128,297.0
60,HLA-A33:01 ,41514.5,ABE73425,WRMRRGQRVDL,60,298.0
249,HLA-A33:01 ,41567.13,ABE73425,GPRDFNHNMGD,249,299.0
59,HLA-A33:01 ,41604.37,ABE73425,RWRMRRGQRVD,59,300.0
198,HLA-A33:01 ,41614.83,ABE73425,NQSKSPSSSGT,198,301.0
0,HLA-A33:01 ,41666.46,ABE73425,ASVNWADDRAA,0,302.0
79,HLA-A33:01 ,41667.82,ABE73425,LGTGPHKDLKF,79,303.0
87,HLA-A33:01 ,41704.69,ABE73425,LKFRQRSDGVV,87,304.0
162,HLA-A33:01 ,41718.48,ABE73425,SRSTSRQQSRT,162,305.0
64,HLA-A33:01 ,41751.96,ABE73425,RGQRVDLPPKV,64,306.0
251,HLA-A33:01 ,41784.71,ABE73425,RDFNHNMGDSD,251,307.0
178,HLA-A33:01 ,41877.68,ABE73425,QSSSDLVAAVT,178,308.0
225,HLA-A33:01 ,41950.17,ABE73425,KPSQLKKPRWK,225,309.0
130,HLA-A33:01 ,42004.97,ABE73425,PPELSVVEFED,130,310.0
90,HLA-A33:01 ,42073.99,ABE73425,RQRSDGVVWVA,90,311.0
175,HLA-A33:01 ,42081.61,ABE73425,DSNQSSSDLVA,175,312.0
174,HLA-A33:01 ,42094.39,ABE73425,SDSNQSSSDLV,174,313.0
44,HLA-A33:01 ,42115.57,ABE73425,KGNKDEQIGYW,44,314.0
25,HLA-A33:01 ,42230.29,ABE73425,VSSDKAPYRVI,25,315.0
41,HLA-A33:01 ,42343.38,ABE73425,PIGKGNKDEQI,41,316.0
224,HLA-A33:01 ,42424.1,ABE73425,DKPSQLKKPRW,224,317.0
40,HLA-A33:01 ,42512.62,ABE73425,VPIGKGNKDEQ,40,318.0
35,HLA-A33:01 ,42537.75,ABE73425,IPRNLVPIGKG,35,319.0
111,HLA-A33:01 ,42559.7,ABE73425,LGNRKRNQKPL,111,320.0
269,HLA-A33:01 ,42565.42,ABE73425,AKGFPQLAELI,269,321.0
173,HLA-A33:01 ,42702.01,ABE73425,RSDSNQSSSDL,173,322.0
115,HLA-A33:01 ,42814.15,ABE73425,KRNQKPLEPKF,115,323.0
65,HLA-A33:01 ,42815.14,ABE73425,GQRVDLPPKVH,65,324.0
214,HLA-A33:01 ,43014.43,ABE73425,PNKPLSQPRAD,214,325.0
67,HLA-A33:01 ,43022.34,ABE73425,RVDLPPKVHFY,67,326.0
259,HLA-A33:01 ,43138.67,ABE73425,DSDLVQNGVDA,259,327.0
42,HLA-A33:01 ,43249.47,ABE73425,IGKGNKDEQIG,42,328.0
66,HLA-A33:01 ,43277.91,ABE73425,QRVDLPPKVHF,66,329.0
293,HLA-A33:01 ,43694.7,ABE73425,TDEVGDNVQIT,293,330.0
43,HLA-A33:01 ,44093.62,ABE73425,GKGNKDEQIGY,43,331.0
88,HLA-A33:01 ,44279.44,ABE73425,KFRQRSDGVVW,88,332.0
235,HLA-A33:01 ,44444.1,ABE73425,KRVPTREENVI,235,333.0
258,HLA-A33:01 ,45080.7,ABE73425,GDSDLVQNGVD,258,334.0
69,HLA-A68:01 ,2920.48,ABE73425,DLPPKVHFYYL,69,1.0
179,HLA-A68:01 ,3532.68,ABE73425,SSSDLVAAVTL,179,2.0
290,HLA-A68:01 ,3575.9,ABE73425,EVSTDEVGDNV,290,3.0
24,HLA-A68:01 ,4348.29,ABE73425,LVSSDKAPYRV,24,4.0
125,HLA-A68:01 ,4386.03,ABE73425,FSIALPPELSV,125,5.0
295,HLA-A68:01 ,4706.45,ABE73425,EVGDNVQITYT,295,6.0
126,HLA-A68:01 ,4742.1,ABE73425,SIALPPELSVV,126,7.0
277,HLA-A68:01 ,4840.76,ABE73425,ELIPNQAALFF,277,8.0
323,HLA-A68:01 ,4858.35,ABE73425,QISAFTKPSSI,323,9.0
292,HLA-A68:01 ,4901.26,ABE73425,STDEVGDNVQI,292,10.0
281,HLA-A68:01 ,4990.35,ABE73425,NQAALFFDSEV,281,11.0
274,HLA-A68:01 ,5300.79,ABE73425,QLAELIPNQAA,274,12.0
183,HLA-A68:01 ,5314.03,ABE73425,LVAAVTLALKN,183,13.0
268,HLA-A68:01 ,5333.94,ABE73425,DAKGFPQLAEL,268,14.0
33,HLA-A68:01 ,5362.7,ABE73425,RVIPRNLVPIG,33,15.0
286,HLA-A68:01 ,5379.49,ABE73425,FFDSEVSTDEV,286,16.0
298,HLA-A68:01 ,5387.54,ABE73425,DNVQITYTYKM,298,17.0
265,HLA-A68:01 ,5412.2,ABE73425,NGVDAKGFPQL,265,18.0
304,HLA-A68:01 ,5424.76,ABE73425,YTYKMLVAKDN,304,19.0
128,HLA-A68:01 ,5426.92,ABE73425,ALPPELSVVEF,128,20.0
134,HLA-A68:01 ,5434.37,ABE73425,SVVEFEDRSNN,134,21.0
178,HLA-A68:01 ,5439.53,ABE73425,QSSSDLVAAVT,178,22.0
257,HLA-A68:01 ,5443.78,ABE73425,MGDSDLVQNGV,257,23.0
316,HLA-A68:01 ,5479.09,ABE73425,NLPKFIEQISA,316,24.0
243,HLA-A68:01 ,5498.54,ABE73425,NVIQCFGPRDF,243,25.0
49,HLA-A68:01 ,5508.19,ABE73425,EQIGYWNVQER,49,26.0
177,HLA-A68:01 ,5517.5,ABE73425,NQSSSDLVAAV,177,27.0
58,HLA-A68:01 ,5524.99,ABE73425,ERWRMRRGQRV,58,28.0
86,HLA-A68:01 ,5536.35,ABE73425,DLKFRQRSDGV,86,29.0
299,HLA-A68:01 ,5540.83,ABE73425,NVQITYTYKML,299,30.0
106,HLA-A68:01 ,5545.55,ABE73425,TVNTSLGNRKR,106,31.0
282,HLA-A68:01 ,5549.09,ABE73425,QAALFFDSEVS,282,32.0
184,HLA-A68:01 ,5560.48,ABE73425,VAAVTLALKNL,184,33.0
29,HLA-A68:01 ,5561.86,ABE73425,KAPYRVIPRNL,29,34.0
32,HLA-A68:01 ,5582.27,ABE73425,YRVIPRNLVPI,32,35.0
28,HLA-A68:01 ,5588.09,ABE73425,DKAPYRVIPRN,28,36.0
182,HLA-A68:01 ,5589.87,ABE73425,DLVAAVTLALK,182,37.0
300,HLA-A68:01 ,5594.27,ABE73425,VQITYTYKMLV,300,38.0
132,HLA-A68:01 ,5605.95,ABE73425,ELSVVEFEDRS,132,39.0
94,HLA-A68:01 ,5607.35,ABE73425,DGVVWVAKEGA,94,40.0
278,HLA-A68:01 ,5608.79,ABE73425,LIPNQAALFFD,278,41.0
227,HLA-A68:01 ,5609.31,ABE73425,SQLKKPRWKRV,227,42.0
301,HLA-A68:01 ,5612.64,ABE73425,QITYTYKMLVA,301,43.0
102,HLA-A68:01 ,5627.92,ABE73425,EGAKTVNTSLG,102,44.0
303,HLA-A68:01 ,5628.16,ABE73425,TYTYKMLVAKD,303,45.0
180,HLA-A68:01 ,5629.35,ABE73425,SSDLVAAVTLA,180,46.0
324,HLA-A68:01 ,5632.22,ABE73425,ISAFTKPSSIK,324,47.0
46,HLA-A68:01 ,5632.27,ABE73425,NKDEQIGYWNV,46,48.0
104,HLA-A68:01 ,5634.32,ABE73425,AKTVNTSLGNR,104,49.0
223,HLA-A68:01 ,5636.69,ABE73425,ADKPSQLKKPR,223,50.0
14,HLA-A68:01 ,5638.88,ABE73425,FPPPSFYMPLL,14,51.0
57,HLA-A68:01 ,5639.81,ABE73425,QERWRMRRGQR,57,52.0
318,HLA-A68:01 ,5645.11,ABE73425,PKFIEQISAFT,318,53.0
302,HLA-A68:01 ,5650.94,ABE73425,ITYTYKMLVAK,302,54.0
242,HLA-A68:01 ,5652.67,ABE73425,ENVIQCFGPRD,242,55.0
38,HLA-A68:01 ,5654.05,ABE73425,NLVPIGKGNKD,38,56.0
80,HLA-A68:01 ,5654.69,ABE73425,GTGPHKDLKFR,80,57.0
51,HLA-A68:01 ,5659.89,ABE73425,IGYWNVQERWR,51,58.0
27,HLA-A68:01 ,5660.5,ABE73425,SDKAPYRVIPR,27,59.0
322,HLA-A68:01 ,5661.68,ABE73425,EQISAFTKPSS,322,60.0
327,HLA-A68:01 ,5661.75,ABE73425,FTKPSSIKEMQ,327,61.0
98,HLA-A68:01 ,5661.81,ABE73425,WVAKEGAKTVN,98,62.0
230,HLA-A68:01 ,5662.02,ABE73425,KKPRWKRVPTR,230,63.0
82,HLA-A68:01 ,5663.94,ABE73425,GPHKDLKFRQR,82,64.0
212,HLA-A68:01 ,5665.04,ABE73425,KKPNKPLSQPR,212,65.0
131,HLA-A68:01 ,5668.99,ABE73425,PELSVVEFEDR,131,66.0
75,HLA-A68:01 ,5671.54,ABE73425,HFYYLGTGPHK,75,67.0
30,HLA-A68:01 ,5671.58,ABE73425,APYRVIPRNLV,30,68.0
133,HLA-A68:01 ,5675.5,ABE73425,LSVVEFEDRSN,133,69.0
15,HLA-A68:01 ,5675.93,ABE73425,PPPSFYMPLLV,15,70.0
241,HLA-A68:01 ,5677.08,ABE73425,EENVIQCFGPR,241,71.0
333,HLA-A68:01 ,5678.62,ABE73425,IKEMQSQSSHV,333,72.0
145,HLA-A68:01 ,5679.86,ABE73425,SSRASSRSSTR,145,73.0
97,HLA-A68:01 ,5680.14,ABE73425,VWVAKEGAKTV,97,74.0
25,HLA-A68:01 ,5680.66,ABE73425,VSSDKAPYRVI,25,75.0
253,HLA-A68:01 ,5682.14,ABE73425,FNHNMGDSDLV,253,76.0
209,HLA-A68:01 ,5682.41,ABE73425,FTPKKPNKPLS,209,77.0
149,HLA-A68:01 ,5682.78,ABE73425,SSRSSTRNNSR,149,78.0
163,HLA-A68:01 ,5685.19,ABE73425,RSTSRQQSRTR,163,79.0
137,HLA-A68:01 ,5687.52,ABE73425,EFEDRSNNSSR,137,80.0
226,HLA-A68:01 ,5687.65,ABE73425,PSQLKKPRWKR,226,81.0
234,HLA-A68:01 ,5690.72,ABE73425,WKRVPTREENV,234,82.0
305,HLA-A68:01 ,5690.98,ABE73425,TYKMLVAKDNK,305,83.0
76,HLA-A68:01 ,5694.94,ABE73425,FYYLGTGPHKD,76,84.0
309,HLA-A68:01 ,5695.37,ABE73425,LVAKDNKNLPK,309,85.0
37,HLA-A68:01 ,5695.94,ABE73425,RNLVPIGKGNK,37,86.0
70,HLA-A68:01 ,5696.34,ABE73425,LPPKVHFYYLG,70,87.0
181,HLA-A68:01 ,5696.66,ABE73425,SDLVAAVTLAL,181,88.0
315,HLA-A68:01 ,5697.59,ABE73425,KNLPKFIEQIS,315,89.0
73,HLA-A68:01 ,5697.66,ABE73425,KVHFYYLGTGP,73,90.0
77,HLA-A68:01 ,5705.12,ABE73425,YYLGTGPHKDL,77,91.0
284,HLA-A68:01 ,5705.16,ABE73425,ALFFDSEVSTD,284,92.0
164,HLA-A68:01 ,5705.77,ABE73425,STSRQQSRTRS,164,93.0
157,HLA-A68:01 ,5706.26,ABE73425,NSRDSSRSTSR,157,94.0
119,HLA-A68:01 ,5709.99,ABE73425,KPLEPKFSIAL,119,95.0
64,HLA-A68:01 ,5710.07,ABE73425,RGQRVDLPPKV,64,96.0
319,HLA-A68:01 ,5710.42,ABE73425,KFIEQISAFTK,319,97.0
297,HLA-A68:01 ,5710.53,ABE73425,GDNVQITYTYK,297,98.0
53,HLA-A68:01 ,5711.41,ABE73425,YWNVQERWRMR,53,99.0
202,HLA-A68:01 ,5711.41,ABE73425,SPSSSGTFTPK,202,99.0
275,HLA-A68:01 ,5711.56,ABE73425,LAELIPNQAAL,275,101.0
71,HLA-A68:01 ,5713.12,ABE73425,PPKVHFYYLGT,71,102.0
50,HLA-A68:01 ,5713.58,ABE73425,QIGYWNVQERW,50,103.0
17,HLA-A68:01 ,5714.51,ABE73425,PSFYMPLLVSS,17,104.0
91,HLA-A68:01 ,5715.33,ABE73425,QRSDGVVWVAK,91,105.0
328,HLA-A68:01 ,5715.48,ABE73425,TKPSSIKEMQS,328,106.0
161,HLA-A68:01 ,5715.64,ABE73425,SSRSTSRQQSR,161,107.0
320,HLA-A68:01 ,5716.05,ABE73425,FIEQISAFTKP,320,108.0
16,HLA-A68:01 ,5716.65,ABE73425,PPSFYMPLLVS,16,109.0
296,HLA-A68:01 ,5719.08,ABE73425,VGDNVQITYTY,296,110.0
203,HLA-A68:01 ,5719.69,ABE73425,PSSSGTFTPKK,203,111.0
191,HLA-A68:01 ,5719.86,ABE73425,LKNLGFDNQSK,191,112.0
141,HLA-A68:01 ,5720.37,ABE73425,RSNNSSRASSR,141,113.0
208,HLA-A68:01 ,5720.45,ABE73425,TFTPKKPNKPL,208,114.0
312,HLA-A68:01 ,5721.73,ABE73425,KDNKNLPKFIE,312,115.0
63,HLA-A68:01 ,5722.32,ABE73425,RRGQRVDLPPK,63,116.0
160,HLA-A68:01 ,5722.76,ABE73425,DSSRSTSRQQS,160,117.0
114,HLA-A68:01 ,5722.87,ABE73425,RKRNQKPLEPK,114,118.0
120,HLA-A68:01 ,5722.96,ABE73425,PLEPKFSIALP,120,119.0
246,HLA-A68:01 ,5723.34,ABE73425,QCFGPRDFNHN,246,120.0
221,HLA-A68:01 ,5723.82,ABE73425,PRADKPSQLKK,221,121.0
20,HLA-A68:01 ,5723.92,ABE73425,YMPLLVSSDKA,20,122.0
117,HLA-A68:01 ,5724.45,ABE73425,NQKPLEPKFSI,117,123.0
123,HLA-A68:01 ,5726.22,ABE73425,PKFSIALPPEL,123,124.0
19,HLA-A68:01 ,5728.41,ABE73425,FYMPLLVSSDK,19,125.0
220,HLA-A68:01 ,5729.01,ABE73425,QPRADKPSQLK,220,126.0
54,HLA-A68:01 ,5729.99,ABE73425,WNVQERWRMRR,54,127.0
283,HLA-A68:01 ,5730.54,ABE73425,AALFFDSEVST,283,128.0
36,HLA-A68:01 ,5730.92,ABE73425,PRNLVPIGKGN,36,129.0
124,HLA-A68:01 ,5733.14,ABE73425,KFSIALPPELS,124,130.0
174,HLA-A68:01 ,5733.71,ABE73425,SDSNQSSSDLV,174,131.0
78,HLA-A68:01 ,5736.33,ABE73425,YLGTGPHKDLK,78,132.0
153,HLA-A68:01 ,5736.39,ABE73425,STRNNSRDSSR,153,133.0
317,HLA-A68:01 ,5736.5,ABE73425,LPKFIEQISAF,317,134.0
105,HLA-A68:01 ,5736.62,ABE73425,KTVNTSLGNRK,105,135.0
122,HLA-A68:01 ,5736.62,ABE73425,EPKFSIALPPE,122,135.0
34,HLA-A68:01 ,5736.93,ABE73425,VIPRNLVPIGK,34,137.0
331,HLA-A68:01 ,5737.13,ABE73425,SSIKEMQSQSS,331,138.0
67,HLA-A68:01 ,5737.25,ABE73425,RVDLPPKVHFY,67,139.0
89,HLA-A68:01 ,5737.45,ABE73425,FRQRSDGVVWV,89,140.0
204,HLA-A68:01 ,5737.53,ABE73425,SSSGTFTPKKP,204,141.0
116,HLA-A68:01 ,5737.69,ABE73425,RNQKPLEPKFS,116,142.0
206,HLA-A68:01 ,5737.72,ABE73425,SGTFTPKKPNK,206,143.0
146,HLA-A68:01 ,5738.14,ABE73425,SRASSRSSTRN,146,144.0
238,HLA-A68:01 ,5739.5,ABE73425,PTREENVIQCF,238,145.0
11,HLA-A68:01 ,5739.77,ABE73425,RKKFPPPSFYM,11,146.0
325,HLA-A68:01 ,5740.4,ABE73425,SAFTKPSSIKE,325,147.0
121,HLA-A68:01 ,5740.41,ABE73425,LEPKFSIALPP,121,148.0
187,HLA-A68:01 ,5740.64,ABE73425,VTLALKNLGFD,187,149.0
207,HLA-A68:01 ,5742.01,ABE73425,GTFTPKKPNKP,207,150.0
107,HLA-A68:01 ,5742.43,ABE73425,VNTSLGNRKRN,107,151.0
271,HLA-A68:01 ,5743.69,ABE73425,GFPQLAELIPN,271,152.0
96,HLA-A68:01 ,5744.31,ABE73425,VVWVAKEGAKT,96,153.0
74,HLA-A68:01 ,5745.44,ABE73425,VHFYYLGTGPH,74,154.0
314,HLA-A68:01 ,5745.48,ABE73425,NKNLPKFIEQI,314,155.0
95,HLA-A68:01 ,5750.08,ABE73425,GVVWVAKEGAK,95,156.0
1,HLA-A68:01 ,5750.51,ABE73425,SVNWADDRAAR,1,157.0
66,HLA-A68:01 ,5750.54,ABE73425,QRVDLPPKVHF,66,158.0
72,HLA-A68:01 ,5750.9,ABE73425,PKVHFYYLGTG,72,159.0
294,HLA-A68:01 ,5750.94,ABE73425,DEVGDNVQITY,294,160.0
87,HLA-A68:01 ,5751.32,ABE73425,LKFRQRSDGVV,87,161.0
129,HLA-A68:01 ,5751.32,ABE73425,LPPELSVVEFE,129,161.0
255,HLA-A68:01 ,5751.84,ABE73425,HNMGDSDLVQN,255,163.0
103,HLA-A68:01 ,5752.11,ABE73425,GAKTVNTSLGN,103,164.0
215,HLA-A68:01 ,5752.83,ABE73425,NKPLSQPRADK,215,165.0
143,HLA-A68:01 ,5754.13,ABE73425,NNSSRASSRSS,143,166.0
237,HLA-A68:01 ,5754.35,ABE73425,VPTREENVIQC,237,167.0
144,HLA-A68:01 ,5754.83,ABE73425,NSSRASSRSST,144,168.0
135,HLA-A68:01 ,5755.55,ABE73425,VVEFEDRSNNS,135,169.0
130,HLA-A68:01 ,5755.68,ABE73425,PPELSVVEFED,130,170.0
276,HLA-A68:01 ,5755.98,ABE73425,AELIPNQAALF,276,171.0
260,HLA-A68:01 ,5758.93,ABE73425,SDLVQNGVDAK,260,172.0
23,HLA-A68:01 ,5759.03,ABE73425,LLVSSDKAPYR,23,173.0
127,HLA-A68:01 ,5759.27,ABE73425,IALPPELSVVE,127,174.0
101,HLA-A68:01 ,5760.01,ABE73425,KEGAKTVNTSL,101,175.0
313,HLA-A68:01 ,5760.96,ABE73425,DNKNLPKFIEQ,313,176.0
244,HLA-A68:01 ,5761.86,ABE73425,VIQCFGPRDFN,244,177.0
142,HLA-A68:01 ,5761.87,ABE73425,SNNSSRASSRS,142,178.0
222,HLA-A68:01 ,5762.43,ABE73425,RADKPSQLKKP,222,179.0
225,HLA-A68:01 ,5764.82,ABE73425,KPSQLKKPRWK,225,180.0
175,HLA-A68:01 ,5765.33,ABE73425,DSNQSSSDLVA,175,181.0
165,HLA-A68:01 ,5765.58,ABE73425,TSRQQSRTRSD,165,182.0
190,HLA-A68:01 ,5765.63,ABE73425,ALKNLGFDNQS,190,183.0
13,HLA-A68:01 ,5765.82,ABE73425,KFPPPSFYMPL,13,184.0
18,HLA-A68:01 ,5766.07,ABE73425,SFYMPLLVSSD,18,185.0
59,HLA-A68:01 ,5767.07,ABE73425,RWRMRRGQRVD,59,186.0
147,HLA-A68:01 ,5768.44,ABE73425,RASSRSSTRNN,147,187.0
118,HLA-A68:01 ,5769.82,ABE73425,QKPLEPKFSIA,118,188.0
330,HLA-A68:01 ,5770.05,ABE73425,PSSIKEMQSQS,330,189.0
219,HLA-A68:01 ,5770.49,ABE73425,SQPRADKPSQL,219,190.0
321,HLA-A68:01 ,5771.44,ABE73425,IEQISAFTKPS,321,191.0
100,HLA-A68:01 ,5772.8,ABE73425,AKEGAKTVNTS,100,192.0
233,HLA-A68:01 ,5772.8,ABE73425,RWKRVPTREEN,233,192.0
288,HLA-A68:01 ,5773.79,ABE73425,DSEVSTDEVGD,288,194.0
273,HLA-A68:01 ,5774.29,ABE73425,PQLAELIPNQA,273,195.0
139,HLA-A68:01 ,5774.42,ABE73425,EDRSNNSSRAS,139,196.0
140,HLA-A68:01 ,5774.75,ABE73425,DRSNNSSRASS,140,197.0
156,HLA-A68:01 ,5774.93,ABE73425,NNSRDSSRSTS,156,198.0
252,HLA-A68:01 ,5775.95,ABE73425,DFNHNMGDSDL,252,199.0
22,HLA-A68:01 ,5776.08,ABE73425,PLLVSSDKAPY,22,200.0
41,HLA-A68:01 ,5776.45,ABE73425,PIGKGNKDEQI,41,201.0
196,HLA-A68:01 ,5776.95,ABE73425,FDNQSKSPSSS,196,202.0
12,HLA-A68:01 ,5777.56,ABE73425,KKFPPPSFYMP,12,203.0
48,HLA-A68:01 ,5779.02,ABE73425,DEQIGYWNVQE,48,204.0
52,HLA-A68:01 ,5779.02,ABE73425,GYWNVQERWRM,52,204.0
247,HLA-A68:01 ,5779.02,ABE73425,CFGPRDFNHNM,247,204.0
199,HLA-A68:01 ,5779.39,ABE73425,QSKSPSSSGTF,199,207.0
311,HLA-A68:01 ,5780.08,ABE73425,AKDNKNLPKFI,311,208.0
287,HLA-A68:01 ,5780.4,ABE73425,FDSEVSTDEVG,287,209.0
83,HLA-A68:01 ,5780.5,ABE73425,PHKDLKFRQRS,83,210.0
279,HLA-A68:01 ,5780.5,ABE73425,IPNQAALFFDS,279,210.0
4,HLA-A68:01 ,5780.63,ABE73425,WADDRAARKKF,4,212.0
280,HLA-A68:01 ,5781.02,ABE73425,PNQAALFFDSE,280,213.0
258,HLA-A68:01 ,5782.84,ABE73425,GDSDLVQNGVD,258,214.0
235,HLA-A68:01 ,5782.93,ABE73425,KRVPTREENVI,235,215.0
167,HLA-A68:01 ,5783.54,ABE73425,RQQSRTRSDSN,167,216.0
148,HLA-A68:01 ,5785.22,ABE73425,ASSRSSTRNNS,148,217.0
198,HLA-A68:01 ,5785.35,ABE73425,NQSKSPSSSGT,198,218.0
154,HLA-A68:01 ,5785.42,ABE73425,TRNNSRDSSRS,154,219.0
90,HLA-A68:01 ,5786.39,ABE73425,RQRSDGVVWVA,90,220.0
150,HLA-A68:01 ,5786.58,ABE73425,SRSSTRNNSRD,150,221.0
60,HLA-A68:01 ,5787.21,ABE73425,WRMRRGQRVDL,60,222.0
293,HLA-A68:01 ,5787.59,ABE73425,TDEVGDNVQIT,293,223.0
269,HLA-A68:01 ,5788.0,ABE73425,AKGFPQLAELI,269,224.0
194,HLA-A68:01 ,5790.14,ABE73425,LGFDNQSKSPS,194,225.0
115,HLA-A68:01 ,5790.26,ABE73425,KRNQKPLEPKF,115,226.0
186,HLA-A68:01 ,5790.51,ABE73425,AVTLALKNLGF,186,227.0
326,HLA-A68:01 ,5790.76,ABE73425,AFTKPSSIKEM,326,228.0
99,HLA-A68:01 ,5790.86,ABE73425,VAKEGAKTVNT,99,229.0
229,HLA-A68:01 ,5791.23,ABE73425,LKKPRWKRVPT,229,230.0
9,HLA-A68:01 ,5791.36,ABE73425,AARKKFPPPSF,9,231.0
173,HLA-A68:01 ,5792.5,ABE73425,RSDSNQSSSDL,173,232.0
262,HLA-A68:01 ,5793.93,ABE73425,LVQNGVDAKGF,262,233.0
136,HLA-A68:01 ,5794.34,ABE73425,VEFEDRSNNSS,136,234.0
195,HLA-A68:01 ,5794.67,ABE73425,GFDNQSKSPSS,195,235.0
171,HLA-A68:01 ,5795.77,ABE73425,RTRSDSNQSSS,171,236.0
306,HLA-A68:01 ,5796.17,ABE73425,YKMLVAKDNKN,306,237.0
231,HLA-A68:01 ,5796.72,ABE73425,KPRWKRVPTRE,231,238.0
79,HLA-A68:01 ,5797.56,ABE73425,LGTGPHKDLKF,79,239.0
310,HLA-A68:01 ,5797.63,ABE73425,VAKDNKNLPKF,310,240.0
10,HLA-A68:01 ,5798.45,ABE73425,ARKKFPPPSFY,10,241.0
26,HLA-A68:01 ,5798.46,ABE73425,SSDKAPYRVIP,26,242.0
332,HLA-A68:01 ,5799.05,ABE73425,SIKEMQSQSSH,332,243.0
216,HLA-A68:01 ,5800.04,ABE73425,KPLSQPRADKP,216,244.0
239,HLA-A68:01 ,5800.53,ABE73425,TREENVIQCFG,239,245.0
8,HLA-A68:01 ,5800.87,ABE73425,RAARKKFPPPS,8,246.0
62,HLA-A68:01 ,5801.51,ABE73425,MRRGQRVDLPP,62,247.0
109,HLA-A68:01 ,5801.73,ABE73425,TSLGNRKRNQK,109,248.0
192,HLA-A68:01 ,5802.92,ABE73425,KNLGFDNQSKS,192,249.0
285,HLA-A68:01 ,5802.99,ABE73425,LFFDSEVSTDE,285,250.0
205,HLA-A68:01 ,5803.79,ABE73425,SSGTFTPKKPN,205,251.0
272,HLA-A68:01 ,5804.17,ABE73425,FPQLAELIPNQ,272,252.0
92,HLA-A68:01 ,5804.2,ABE73425,RSDGVVWVAKE,92,253.0
307,HLA-A68:01 ,5804.59,ABE73425,KMLVAKDNKNL,307,254.0
329,HLA-A68:01 ,5804.65,ABE73425,KPSSIKEMQSQ,329,255.0
45,HLA-A68:01 ,5804.81,ABE73425,GNKDEQIGYWN,45,256.0
0,HLA-A68:01 ,5805.41,ABE73425,ASVNWADDRAA,0,257.0
266,HLA-A68:01 ,5805.57,ABE73425,GVDAKGFPQLA,266,258.0
42,HLA-A68:01 ,5806.66,ABE73425,IGKGNKDEQIG,42,259.0
68,HLA-A68:01 ,5806.91,ABE73425,VDLPPKVHFYY,68,260.0
185,HLA-A68:01 ,5806.95,ABE73425,AAVTLALKNLG,185,261.0
213,HLA-A68:01 ,5807.28,ABE73425,KPNKPLSQPRA,213,262.0
6,HLA-A68:01 ,5807.39,ABE73425,DDRAARKKFPP,6,263.0
65,HLA-A68:01 ,5808.95,ABE73425,GQRVDLPPKVH,65,264.0
270,HLA-A68:01 ,5809.22,ABE73425,KGFPQLAELIP,270,265.0
3,HLA-A68:01 ,5809.28,ABE73425,NWADDRAARKK,3,266.0
193,HLA-A68:01 ,5809.63,ABE73425,NLGFDNQSKSP,193,267.0
188,HLA-A68:01 ,5809.99,ABE73425,TLALKNLGFDN,188,268.0
169,HLA-A68:01 ,5810.22,ABE73425,QSRTRSDSNQS,169,269.0
170,HLA-A68:01 ,5811.27,ABE73425,SRTRSDSNQSS,170,270.0
152,HLA-A68:01 ,5812.12,ABE73425,SSTRNNSRDSS,152,271.0
43,HLA-A68:01 ,5812.45,ABE73425,GKGNKDEQIGY,43,272.0
162,HLA-A68:01 ,5813.15,ABE73425,SRSTSRQQSRT,162,273.0
138,HLA-A68:01 ,5813.26,ABE73425,FEDRSNNSSRA,138,274.0
166,HLA-A68:01 ,5814.08,ABE73425,SRQQSRTRSDS,166,275.0
267,HLA-A68:01 ,5814.29,ABE73425,VDAKGFPQLAE,267,276.0
155,HLA-A68:01 ,5814.83,ABE73425,RNNSRDSSRST,155,277.0
201,HLA-A68:01 ,5814.93,ABE73425,KSPSSSGTFTP,201,278.0
214,HLA-A68:01 ,5816.07,ABE73425,PNKPLSQPRAD,214,279.0
289,HLA-A68:01 ,5816.11,ABE73425,SEVSTDEVGDN,289,280.0
245,HLA-A68:01 ,5816.52,ABE73425,IQCFGPRDFNH,245,281.0
264,HLA-A68:01 ,5817.2,ABE73425,QNGVDAKGFPQ,264,282.0
47,HLA-A68:01 ,5817.57,ABE73425,KDEQIGYWNVQ,47,283.0
308,HLA-A68:01 ,5817.61,ABE73425,MLVAKDNKNLP,308,284.0
84,HLA-A68:01 ,5817.62,ABE73425,HKDLKFRQRSD,84,285.0
200,HLA-A68:01 ,5817.89,ABE73425,SKSPSSSGTFT,200,286.0
224,HLA-A68:01 ,5818.09,ABE73425,DKPSQLKKPRW,224,287.0
81,HLA-A68:01 ,5819.64,ABE73425,TGPHKDLKFRQ,81,288.0
240,HLA-A68:01 ,5819.77,ABE73425,REENVIQCFGP,240,289.0
236,HLA-A68:01 ,5821.97,ABE73425,RVPTREENVIQ,236,290.0
108,HLA-A68:01 ,5822.73,ABE73425,NTSLGNRKRNQ,108,291.0
232,HLA-A68:01 ,5822.95,ABE73425,PRWKRVPTREE,232,292.0
158,HLA-A68:01 ,5823.47,ABE73425,SRDSSRSTSRQ,158,293.0
159,HLA-A68:01 ,5824.89,ABE73425,RDSSRSTSRQQ,159,294.0
197,HLA-A68:01 ,5825.16,ABE73425,DNQSKSPSSSG,197,295.0
2,HLA-A68:01 ,5826.02,ABE73425,VNWADDRAARK,2,296.0
189,HLA-A68:01 ,5827.79,ABE73425,LALKNLGFDNQ,189,297.0
56,HLA-A68:01 ,5828.25,ABE73425,VQERWRMRRGQ,56,298.0
176,HLA-A68:01 ,5828.75,ABE73425,SNQSSSDLVAA,176,299.0
210,HLA-A68:01 ,5829.77,ABE73425,TPKKPNKPLSQ,210,300.0
291,HLA-A68:01 ,5830.07,ABE73425,VSTDEVGDNVQ,291,301.0
61,HLA-A68:01 ,5830.59,ABE73425,RMRRGQRVDLP,61,302.0
211,HLA-A68:01 ,5831.1,ABE73425,PKKPNKPLSQP,211,303.0
31,HLA-A68:01 ,5833.42,ABE73425,PYRVIPRNLVP,31,304.0
111,HLA-A68:01 ,5833.58,ABE73425,LGNRKRNQKPL,111,305.0
113,HLA-A68:01 ,5833.76,ABE73425,NRKRNQKPLEP,113,306.0
259,HLA-A68:01 ,5834.26,ABE73425,DSDLVQNGVDA,259,307.0
250,HLA-A68:01 ,5834.52,ABE73425,PRDFNHNMGDS,250,308.0
256,HLA-A68:01 ,5834.52,ABE73425,NMGDSDLVQNG,256,308.0
218,HLA-A68:01 ,5835.07,ABE73425,LSQPRADKPSQ,218,310.0
5,HLA-A68:01 ,5835.99,ABE73425,ADDRAARKKFP,5,311.0
172,HLA-A68:01 ,5836.55,ABE73425,TRSDSNQSSSD,172,312.0
110,HLA-A68:01 ,5836.59,ABE73425,SLGNRKRNQKP,110,313.0
7,HLA-A68:01 ,5837.91,ABE73425,DRAARKKFPPP,7,314.0
93,HLA-A68:01 ,5838.36,ABE73425,SDGVVWVAKEG,93,315.0
21,HLA-A68:01 ,5839.86,ABE73425,MPLLVSSDKAP,21,316.0
85,HLA-A68:01 ,5840.1,ABE73425,KDLKFRQRSDG,85,317.0
217,HLA-A68:01 ,5841.33,ABE73425,PLSQPRADKPS,217,318.0
251,HLA-A68:01 ,5841.84,ABE73425,RDFNHNMGDSD,251,319.0
228,HLA-A68:01 ,5841.92,ABE73425,QLKKPRWKRVP,228,320.0
263,HLA-A68:01 ,5842.63,ABE73425,VQNGVDAKGFP,263,321.0
44,HLA-A68:01 ,5842.97,ABE73425,KGNKDEQIGYW,44,322.0
168,HLA-A68:01 ,5844.26,ABE73425,QQSRTRSDSNQ,168,323.0
249,HLA-A68:01 ,5845.86,ABE73425,GPRDFNHNMGD,249,324.0
254,HLA-A68:01 ,5846.08,ABE73425,NHNMGDSDLVQ,254,325.0
35,HLA-A68:01 ,5847.35,ABE73425,IPRNLVPIGKG,35,326.0
112,HLA-A68:01 ,5850.05,ABE73425,GNRKRNQKPLE,112,327.0
40,HLA-A68:01 ,5853.21,ABE73425,VPIGKGNKDEQ,40,328.0
151,HLA-A68:01 ,5860.08,ABE73425,RSSTRNNSRDS,151,329.0
55,HLA-A68:01 ,5861.9,ABE73425,NVQERWRMRRG,55,330.0
248,HLA-A68:01 ,5862.89,ABE73425,FGPRDFNHNMG,248,331.0
39,HLA-A68:01 ,5869.7,ABE73425,LVPIGKGNKDE,39,332.0
88,HLA-A68:01 ,5870.59,ABE73425,KFRQRSDGVVW,88,333.0
261,HLA-A68:01 ,5897.26,ABE73425,DLVQNGVDAKG,261,334.0
101,HLA-B40:01 ,177.52,ABE73425,KEGAKTVNTSL,101,1.0
276,HLA-B40:01 ,2889.45,ABE73425,AELIPNQAALF,276,2.0
275,HLA-B40:01 ,4927.76,ABE73425,LAELIPNQAAL,275,3.0
179,HLA-B40:01 ,6481.51,ABE73425,SSSDLVAAVTL,179,4.0
136,HLA-B40:01 ,7033.12,ABE73425,VEFEDRSNNSS,136,5.0
240,HLA-B40:01 ,7947.6,ABE73425,REENVIQCFGP,240,6.0
121,HLA-B40:01 ,8783.21,ABE73425,LEPKFSIALPP,121,7.0
289,HLA-B40:01 ,11932.8,ABE73425,SEVSTDEVGDN,289,8.0
177,HLA-B40:01 ,11993.19,ABE73425,NQSSSDLVAAV,177,9.0
300,HLA-B40:01 ,13031.44,ABE73425,VQITYTYKMLV,300,10.0
90,HLA-B40:01 ,13330.02,ABE73425,RQRSDGVVWVA,90,11.0
181,HLA-B40:01 ,13828.59,ABE73425,SDLVAAVTLAL,181,12.0
321,HLA-B40:01 ,15335.18,ABE73425,IEQISAFTKPS,321,13.0
49,HLA-B40:01 ,15971.3,ABE73425,EQIGYWNVQER,49,14.0
138,HLA-B40:01 ,19743.4,ABE73425,FEDRSNNSSRA,138,15.0
65,HLA-B40:01 ,21089.72,ABE73425,GQRVDLPPKVH,65,16.0
241,HLA-B40:01 ,23143.84,ABE73425,EENVIQCFGPR,241,17.0
281,HLA-B40:01 ,23718.58,ABE73425,NQAALFFDSEV,281,18.0
125,HLA-B40:01 ,24296.26,ABE73425,FSIALPPELSV,125,19.0
47,HLA-B40:01 ,24358.77,ABE73425,KDEQIGYWNVQ,47,20.0
13,HLA-B40:01 ,25005.68,ABE73425,KFPPPSFYMPL,13,21.0
288,HLA-B40:01 ,25185.93,ABE73425,DSEVSTDEVGD,288,22.0
48,HLA-B40:01 ,26457.14,ABE73425,DEQIGYWNVQE,48,23.0
264,HLA-B40:01 ,26572.86,ABE73425,QNGVDAKGFPQ,264,24.0
57,HLA-B40:01 ,26796.81,ABE73425,QERWRMRRGQR,57,25.0
180,HLA-B40:01 ,27245.95,ABE73425,SSDLVAAVTLA,180,26.0
265,HLA-B40:01 ,27287.39,ABE73425,NGVDAKGFPQL,265,27.0
219,HLA-B40:01 ,27927.31,ABE73425,SQPRADKPSQL,219,28.0
46,HLA-B40:01 ,28218.98,ABE73425,NKDEQIGYWNV,46,29.0
245,HLA-B40:01 ,28301.0,ABE73425,IQCFGPRDFNH,245,30.0
32,HLA-B40:01 ,28429.0,ABE73425,YRVIPRNLVPI,32,31.0
294,HLA-B40:01 ,28725.62,ABE73425,DEVGDNVQITY,294,32.0
263,HLA-B40:01 ,29505.43,ABE73425,VQNGVDAKGFP,263,33.0
26,HLA-B40:01 ,29651.02,ABE73425,SSDKAPYRVIP,26,34.0
253,HLA-B40:01 ,29945.47,ABE73425,FNHNMGDSDLV,253,35.0
52,HLA-B40:01 ,30555.45,ABE73425,GYWNVQERWRM,52,36.0
173,HLA-B40:01 ,30653.54,ABE73425,RSDSNQSSSDL,173,37.0
131,HLA-B40:01 ,31085.39,ABE73425,PELSVVEFEDR,131,38.0
14,HLA-B40:01 ,31108.47,ABE73425,FPPPSFYMPLL,14,39.0
298,HLA-B40:01 ,31173.17,ABE73425,DNVQITYTYKM,298,40.0
117,HLA-B40:01 ,31266.68,ABE73425,NQKPLEPKFSI,117,41.0
333,HLA-B40:01 ,31401.83,ABE73425,IKEMQSQSSHV,333,42.0
299,HLA-B40:01 ,31455.98,ABE73425,NVQITYTYKML,299,43.0
174,HLA-B40:01 ,31782.37,ABE73425,SDSNQSSSDLV,174,44.0
119,HLA-B40:01 ,31873.35,ABE73425,KPLEPKFSIAL,119,45.0
89,HLA-B40:01 ,31993.39,ABE73425,FRQRSDGVVWV,89,46.0
60,HLA-B40:01 ,32067.91,ABE73425,WRMRRGQRVDL,60,47.0
252,HLA-B40:01 ,32208.2,ABE73425,DFNHNMGDSDL,252,48.0
293,HLA-B40:01 ,32426.02,ABE73425,TDEVGDNVQIT,293,49.0
247,HLA-B40:01 ,32495.83,ABE73425,CFGPRDFNHNM,247,50.0
77,HLA-B40:01 ,32527.03,ABE73425,YYLGTGPHKDL,77,51.0
233,HLA-B40:01 ,32691.25,ABE73425,RWKRVPTREEN,233,52.0
201,HLA-B40:01 ,32785.51,ABE73425,KSPSSSGTFTP,201,53.0
257,HLA-B40:01 ,32917.84,ABE73425,MGDSDLVQNGV,257,54.0
97,HLA-B40:01 ,33021.93,ABE73425,VWVAKEGAKTV,97,55.0
29,HLA-B40:01 ,33112.37,ABE73425,KAPYRVIPRNL,29,56.0
208,HLA-B40:01 ,33164.79,ABE73425,TFTPKKPNKPL,208,57.0
184,HLA-B40:01 ,33266.36,ABE73425,VAAVTLALKNL,184,58.0
56,HLA-B40:01 ,33598.81,ABE73425,VQERWRMRRGQ,56,59.0
307,HLA-B40:01 ,33789.13,ABE73425,KMLVAKDNKNL,307,60.0
286,HLA-B40:01 ,33916.89,ABE73425,FFDSEVSTDEV,286,61.0
199,HLA-B40:01 ,33936.32,ABE73425,QSKSPSSSGTF,199,62.0
11,HLA-B40:01 ,33987.28,ABE73425,RKKFPPPSFYM,11,63.0
320,HLA-B40:01 ,34025.6,ABE73425,FIEQISAFTKP,320,64.0
292,HLA-B40:01 ,34155.67,ABE73425,STDEVGDNVQI,292,65.0
227,HLA-B40:01 ,34196.04,ABE73425,SQLKKPRWKRV,227,66.0
69,HLA-B40:01 ,34350.99,ABE73425,DLPPKVHFYYL,69,67.0
268,HLA-B40:01 ,34461.64,ABE73425,DAKGFPQLAEL,268,68.0
123,HLA-B40:01 ,34465.44,ABE73425,PKFSIALPPEL,123,69.0
45,HLA-B40:01 ,34466.67,ABE73425,GNKDEQIGYWN,45,70.0
120,HLA-B40:01 ,34554.88,ABE73425,PLEPKFSIALP,120,71.0
27,HLA-B40:01 ,34694.42,ABE73425,SDKAPYRVIPR,27,72.0
74,HLA-B40:01 ,34761.1,ABE73425,VHFYYLGTGPH,74,73.0
111,HLA-B40:01 ,34762.78,ABE73425,LGNRKRNQKPL,111,74.0
64,HLA-B40:01 ,34943.09,ABE73425,RGQRVDLPPKV,64,75.0
271,HLA-B40:01 ,34989.92,ABE73425,GFPQLAELIPN,271,76.0
25,HLA-B40:01 ,35025.58,ABE73425,VSSDKAPYRVI,25,77.0
54,HLA-B40:01 ,35046.3,ABE73425,WNVQERWRMRR,54,78.0
254,HLA-B40:01 ,35092.52,ABE73425,NHNMGDSDLVQ,254,79.0
326,HLA-B40:01 ,35147.56,ABE73425,AFTKPSSIKEM,326,80.0
304,HLA-B40:01 ,35187.56,ABE73425,YTYKMLVAKDN,304,81.0
291,HLA-B40:01 ,35228.1,ABE73425,VSTDEVGDNVQ,291,82.0
92,HLA-B40:01 ,35371.49,ABE73425,RSDGVVWVAKE,92,83.0
133,HLA-B40:01 ,35441.64,ABE73425,LSVVEFEDRSN,133,84.0
167,HLA-B40:01 ,35779.0,ABE73425,RQQSRTRSDSN,167,85.0
322,HLA-B40:01 ,35782.78,ABE73425,EQISAFTKPSS,322,86.0
98,HLA-B40:01 ,35836.96,ABE73425,WVAKEGAKTVN,98,87.0
239,HLA-B40:01 ,35868.05,ABE73425,TREENVIQCFG,239,88.0
258,HLA-B40:01 ,35881.49,ABE73425,GDSDLVQNGVD,258,89.0
273,HLA-B40:01 ,35914.26,ABE73425,PQLAELIPNQA,273,90.0
255,HLA-B40:01 ,35961.06,ABE73425,HNMGDSDLVQN,255,91.0
81,HLA-B40:01 ,36069.82,ABE73425,TGPHKDLKFRQ,81,92.0
297,HLA-B40:01 ,36080.08,ABE73425,GDNVQITYTYK,297,93.0
246,HLA-B40:01 ,36105.15,ABE73425,QCFGPRDFNHN,246,94.0
272,HLA-B40:01 ,36127.77,ABE73425,FPQLAELIPNQ,272,95.0
314,HLA-B40:01 ,36143.08,ABE73425,NKNLPKFIEQI,314,96.0
287,HLA-B40:01 ,36178.08,ABE73425,FDSEVSTDEVG,287,97.0
176,HLA-B40:01 ,36242.74,ABE73425,SNQSSSDLVAA,176,98.0
251,HLA-B40:01 ,36366.76,ABE73425,RDFNHNMGDSD,251,99.0
168,HLA-B40:01 ,36382.9,ABE73425,QQSRTRSDSNQ,168,100.0
269,HLA-B40:01 ,36472.41,ABE73425,AKGFPQLAELI,269,101.0
15,HLA-B40:01 ,36556.22,ABE73425,PPPSFYMPLLV,15,102.0
53,HLA-B40:01 ,36632.17,ABE73425,YWNVQERWRMR,53,103.0
159,HLA-B40:01 ,36656.25,ABE73425,RDSSRSTSRQQ,159,104.0
51,HLA-B40:01 ,36725.42,ABE73425,IGYWNVQERWR,51,105.0
93,HLA-B40:01 ,36760.72,ABE73425,SDGVVWVAKEG,93,106.0
218,HLA-B40:01 ,36794.5,ABE73425,LSQPRADKPSQ,218,107.0
137,HLA-B40:01 ,36805.44,ABE73425,EFEDRSNNSSR,137,108.0
235,HLA-B40:01 ,36827.5,ABE73425,KRVPTREENVI,235,109.0
62,HLA-B40:01 ,36828.42,ABE73425,MRRGQRVDLPP,62,110.0
0,HLA-B40:01 ,36867.67,ABE73425,ASVNWADDRAA,0,111.0
59,HLA-B40:01 ,36883.04,ABE73425,RWRMRRGQRVD,59,112.0
178,HLA-B40:01 ,36925.1,ABE73425,QSSSDLVAAVT,178,113.0
18,HLA-B40:01 ,36955.66,ABE73425,SFYMPLLVSSD,18,114.0
290,HLA-B40:01 ,37013.6,ABE73425,EVSTDEVGDNV,290,115.0
158,HLA-B40:01 ,37047.09,ABE73425,SRDSSRSTSRQ,158,116.0
115,HLA-B40:01 ,37056.01,ABE73425,KRNQKPLEPKF,115,117.0
126,HLA-B40:01 ,37074.41,ABE73425,SIALPPELSVV,126,118.0
73,HLA-B40:01 ,37084.8,ABE73425,KVHFYYLGTGP,73,119.0
147,HLA-B40:01 ,37213.14,ABE73425,RASSRSSTRNN,147,120.0
58,HLA-B40:01 ,37221.61,ABE73425,ERWRMRRGQRV,58,121.0
87,HLA-B40:01 ,37233.78,ABE73425,LKFRQRSDGVV,87,122.0
243,HLA-B40:01 ,37246.34,ABE73425,NVIQCFGPRDF,243,123.0
4,HLA-B40:01 ,37306.86,ABE73425,WADDRAARKKF,4,124.0
204,HLA-B40:01 ,37307.92,ABE73425,SSSGTFTPKKP,204,125.0
130,HLA-B40:01 ,37353.38,ABE73425,PPELSVVEFED,130,126.0
317,HLA-B40:01 ,37397.29,ABE73425,LPKFIEQISAF,317,127.0
6,HLA-B40:01 ,37403.62,ABE73425,DDRAARKKFPP,6,128.0
100,HLA-B40:01 ,37412.98,ABE73425,AKEGAKTVNTS,100,129.0
94,HLA-B40:01 ,37438.31,ABE73425,DGVVWVAKEGA,94,130.0
280,HLA-B40:01 ,37484.78,ABE73425,PNQAALFFDSE,280,131.0
248,HLA-B40:01 ,37576.43,ABE73425,FGPRDFNHNMG,248,132.0
312,HLA-B40:01 ,37609.86,ABE73425,KDNKNLPKFIE,312,133.0
223,HLA-B40:01 ,37611.78,ABE73425,ADKPSQLKKPR,223,134.0
311,HLA-B40:01 ,37622.57,ABE73425,AKDNKNLPKFI,311,135.0
66,HLA-B40:01 ,37635.54,ABE73425,QRVDLPPKVHF,66,136.0
323,HLA-B40:01 ,37638.01,ABE73425,QISAFTKPSSI,323,137.0
205,HLA-B40:01 ,37650.88,ABE73425,SSGTFTPKKPN,205,138.0
222,HLA-B40:01 ,37660.9,ABE73425,RADKPSQLKKP,222,139.0
161,HLA-B40:01 ,37663.86,ABE73425,SSRSTSRQQSR,161,140.0
24,HLA-B40:01 ,37667.54,ABE73425,LVSSDKAPYRV,24,141.0
82,HLA-B40:01 ,37669.03,ABE73425,GPHKDLKFRQR,82,142.0
79,HLA-B40:01 ,37690.66,ABE73425,LGTGPHKDLKF,79,143.0
7,HLA-B40:01 ,37691.57,ABE73425,DRAARKKFPPP,7,144.0
134,HLA-B40:01 ,37718.09,ABE73425,SVVEFEDRSNN,134,145.0
183,HLA-B40:01 ,37733.24,ABE73425,LVAAVTLALKN,183,146.0
332,HLA-B40:01 ,37747.86,ABE73425,SIKEMQSQSSH,332,147.0
277,HLA-B40:01 ,37807.43,ABE73425,ELIPNQAALFF,277,148.0
234,HLA-B40:01 ,37839.7,ABE73425,WKRVPTREENV,234,149.0
5,HLA-B40:01 ,37842.77,ABE73425,ADDRAARKKFP,5,150.0
301,HLA-B40:01 ,37844.27,ABE73425,QITYTYKMLVA,301,151.0
30,HLA-B40:01 ,37872.31,ABE73425,APYRVIPRNLV,30,152.0
238,HLA-B40:01 ,37873.1,ABE73425,PTREENVIQCF,238,153.0
189,HLA-B40:01 ,37909.69,ABE73425,LALKNLGFDNQ,189,154.0
188,HLA-B40:01 ,37963.29,ABE73425,TLALKNLGFDN,188,155.0
146,HLA-B40:01 ,37993.99,ABE73425,SRASSRSSTRN,146,156.0
242,HLA-B40:01 ,37995.99,ABE73425,ENVIQCFGPRD,242,157.0
76,HLA-B40:01 ,38019.24,ABE73425,FYYLGTGPHKD,76,158.0
28,HLA-B40:01 ,38038.9,ABE73425,DKAPYRVIPRN,28,159.0
212,HLA-B40:01 ,38063.88,ABE73425,KKPNKPLSQPR,212,160.0
237,HLA-B40:01 ,38074.73,ABE73425,VPTREENVIQC,237,161.0
303,HLA-B40:01 ,38078.33,ABE73425,TYTYKMLVAKD,303,162.0
316,HLA-B40:01 ,38083.97,ABE73425,NLPKFIEQISA,316,163.0
319,HLA-B40:01 ,38095.15,ABE73425,KFIEQISAFTK,319,164.0
122,HLA-B40:01 ,38099.09,ABE73425,EPKFSIALPPE,122,165.0
70,HLA-B40:01 ,38102.41,ABE73425,LPPKVHFYYLG,70,166.0
211,HLA-B40:01 ,38103.24,ABE73425,PKKPNKPLSQP,211,167.0
306,HLA-B40:01 ,38128.61,ABE73425,YKMLVAKDNKN,306,168.0
91,HLA-B40:01 ,38141.58,ABE73425,QRSDGVVWVAK,91,169.0
86,HLA-B40:01 ,38167.27,ABE73425,DLKFRQRSDGV,86,170.0
185,HLA-B40:01 ,38175.33,ABE73425,AAVTLALKNLG,185,171.0
9,HLA-B40:01 ,38196.72,ABE73425,AARKKFPPPSF,9,172.0
36,HLA-B40:01 ,38234.69,ABE73425,PRNLVPIGKGN,36,173.0
310,HLA-B40:01 ,38234.75,ABE73425,VAKDNKNLPKF,310,174.0
270,HLA-B40:01 ,38248.76,ABE73425,KGFPQLAELIP,270,175.0
103,HLA-B40:01 ,38249.91,ABE73425,GAKTVNTSLGN,103,176.0
8,HLA-B40:01 ,38265.59,ABE73425,RAARKKFPPPS,8,177.0
163,HLA-B40:01 ,38268.95,ABE73425,RSTSRQQSRTR,163,178.0
172,HLA-B40:01 ,38272.68,ABE73425,TRSDSNQSSSD,172,179.0
186,HLA-B40:01 ,38282.0,ABE73425,AVTLALKNLGF,186,180.0
313,HLA-B40:01 ,38287.94,ABE73425,DNKNLPKFIEQ,313,181.0
21,HLA-B40:01 ,38294.93,ABE73425,MPLLVSSDKAP,21,182.0
282,HLA-B40:01 ,38301.67,ABE73425,QAALFFDSEVS,282,183.0
33,HLA-B40:01 ,38337.3,ABE73425,RVIPRNLVPIG,33,184.0
102,HLA-B40:01 ,38346.81,ABE73425,EGAKTVNTSLG,102,185.0
285,HLA-B40:01 ,38381.53,ABE73425,LFFDSEVSTDE,285,186.0
175,HLA-B40:01 ,38384.04,ABE73425,DSNQSSSDLVA,175,187.0
244,HLA-B40:01 ,38402.3,ABE73425,VIQCFGPRDFN,244,188.0
127,HLA-B40:01 ,38407.65,ABE73425,IALPPELSVVE,127,189.0
262,HLA-B40:01 ,38415.55,ABE73425,LVQNGVDAKGF,262,190.0
141,HLA-B40:01 ,38437.92,ABE73425,RSNNSSRASSR,141,191.0
214,HLA-B40:01 ,38455.08,ABE73425,PNKPLSQPRAD,214,192.0
31,HLA-B40:01 ,38459.08,ABE73425,PYRVIPRNLVP,31,193.0
1,HLA-B40:01 ,38460.62,ABE73425,SVNWADDRAAR,1,194.0
124,HLA-B40:01 ,38478.54,ABE73425,KFSIALPPELS,124,195.0
17,HLA-B40:01 ,38489.81,ABE73425,PSFYMPLLVSS,17,196.0
296,HLA-B40:01 ,38501.92,ABE73425,VGDNVQITYTY,296,197.0
315,HLA-B40:01 ,38542.87,ABE73425,KNLPKFIEQIS,315,198.0
16,HLA-B40:01 ,38561.64,ABE73425,PPSFYMPLLVS,16,199.0
228,HLA-B40:01 ,38566.87,ABE73425,QLKKPRWKRVP,228,200.0
226,HLA-B40:01 ,38595.55,ABE73425,PSQLKKPRWKR,226,201.0
259,HLA-B40:01 ,38596.86,ABE73425,DSDLVQNGVDA,259,202.0
145,HLA-B40:01 ,38609.72,ABE73425,SSRASSRSSTR,145,203.0
256,HLA-B40:01 ,38630.87,ABE73425,NMGDSDLVQNG,256,204.0
267,HLA-B40:01 ,38632.67,ABE73425,VDAKGFPQLAE,267,205.0
295,HLA-B40:01 ,38635.37,ABE73425,EVGDNVQITYT,295,206.0
329,HLA-B40:01 ,38659.31,ABE73425,KPSSIKEMQSQ,329,207.0
20,HLA-B40:01 ,38676.74,ABE73425,YMPLLVSSDKA,20,208.0
12,HLA-B40:01 ,38706.63,ABE73425,KKFPPPSFYMP,12,209.0
104,HLA-B40:01 ,38714.64,ABE73425,AKTVNTSLGNR,104,210.0
157,HLA-B40:01 ,38727.84,ABE73425,NSRDSSRSTSR,157,211.0
42,HLA-B40:01 ,38735.44,ABE73425,IGKGNKDEQIG,42,212.0
324,HLA-B40:01 ,38738.58,ABE73425,ISAFTKPSSIK,324,213.0
55,HLA-B40:01 ,38755.78,ABE73425,NVQERWRMRRG,55,214.0
165,HLA-B40:01 ,38760.96,ABE73425,TSRQQSRTRSD,165,215.0
112,HLA-B40:01 ,38786.01,ABE73425,GNRKRNQKPLE,112,216.0
113,HLA-B40:01 ,38798.52,ABE73425,NRKRNQKPLEP,113,217.0
107,HLA-B40:01 ,38801.63,ABE73425,VNTSLGNRKRN,107,218.0
236,HLA-B40:01 ,38804.26,ABE73425,RVPTREENVIQ,236,219.0
128,HLA-B40:01 ,38826.07,ABE73425,ALPPELSVVEF,128,220.0
260,HLA-B40:01 ,38833.9,ABE73425,SDLVQNGVDAK,260,221.0
72,HLA-B40:01 ,38871.81,ABE73425,PKVHFYYLGTG,72,222.0
61,HLA-B40:01 ,38880.08,ABE73425,RMRRGQRVDLP,61,223.0
207,HLA-B40:01 ,38886.09,ABE73425,GTFTPKKPNKP,207,224.0
41,HLA-B40:01 ,38891.79,ABE73425,PIGKGNKDEQI,41,225.0
116,HLA-B40:01 ,38908.42,ABE73425,RNQKPLEPKFS,116,226.0
149,HLA-B40:01 ,38909.77,ABE73425,SSRSSTRNNSR,149,227.0
95,HLA-B40:01 ,38930.2,ABE73425,GVVWVAKEGAK,95,228.0
230,HLA-B40:01 ,38942.0,ABE73425,KKPRWKRVPTR,230,229.0
210,HLA-B40:01 ,38958.63,ABE73425,TPKKPNKPLSQ,210,230.0
85,HLA-B40:01 ,38965.31,ABE73425,KDLKFRQRSDG,85,231.0
19,HLA-B40:01 ,38969.42,ABE73425,FYMPLLVSSDK,19,232.0
250,HLA-B40:01 ,38970.62,ABE73425,PRDFNHNMGDS,250,233.0
38,HLA-B40:01 ,38988.7,ABE73425,NLVPIGKGNKD,38,234.0
39,HLA-B40:01 ,38992.35,ABE73425,LVPIGKGNKDE,39,235.0
206,HLA-B40:01 ,39005.32,ABE73425,SGTFTPKKPNK,206,236.0
197,HLA-B40:01 ,39015.38,ABE73425,DNQSKSPSSSG,197,237.0
284,HLA-B40:01 ,39019.07,ABE73425,ALFFDSEVSTD,284,238.0
132,HLA-B40:01 ,39043.01,ABE73425,ELSVVEFEDRS,132,239.0
203,HLA-B40:01 ,39047.85,ABE73425,PSSSGTFTPKK,203,240.0
106,HLA-B40:01 ,39051.9,ABE73425,TVNTSLGNRKR,106,241.0
198,HLA-B40:01 ,39060.72,ABE73425,NQSKSPSSSGT,198,242.0
279,HLA-B40:01 ,39096.24,ABE73425,IPNQAALFFDS,279,243.0
63,HLA-B40:01 ,39111.01,ABE73425,RRGQRVDLPPK,63,244.0
220,HLA-B40:01 ,39115.97,ABE73425,QPRADKPSQLK,220,245.0
75,HLA-B40:01 ,39123.69,ABE73425,HFYYLGTGPHK,75,246.0
327,HLA-B40:01 ,39127.18,ABE73425,FTKPSSIKEMQ,327,247.0
80,HLA-B40:01 ,39146.01,ABE73425,GTGPHKDLKFR,80,248.0
331,HLA-B40:01 ,39164.64,ABE73425,SSIKEMQSQSS,331,249.0
249,HLA-B40:01 ,39168.78,ABE73425,GPRDFNHNMGD,249,250.0
84,HLA-B40:01 ,39174.93,ABE73425,HKDLKFRQRSD,84,251.0
216,HLA-B40:01 ,39175.2,ABE73425,KPLSQPRADKP,216,252.0
118,HLA-B40:01 ,39177.38,ABE73425,QKPLEPKFSIA,118,253.0
325,HLA-B40:01 ,39196.74,ABE73425,SAFTKPSSIKE,325,254.0
23,HLA-B40:01 ,39197.27,ABE73425,LLVSSDKAPYR,23,255.0
114,HLA-B40:01 ,39219.41,ABE73425,RKRNQKPLEPK,114,256.0
129,HLA-B40:01 ,39220.33,ABE73425,LPPELSVVEFE,129,257.0
108,HLA-B40:01 ,39225.17,ABE73425,NTSLGNRKRNQ,108,258.0
194,HLA-B40:01 ,39236.28,ABE73425,LGFDNQSKSPS,194,259.0
153,HLA-B40:01 ,39247.72,ABE73425,STRNNSRDSSR,153,260.0
232,HLA-B40:01 ,39254.39,ABE73425,PRWKRVPTREE,232,261.0
40,HLA-B40:01 ,39262.36,ABE73425,VPIGKGNKDEQ,40,262.0
195,HLA-B40:01 ,39291.19,ABE73425,GFDNQSKSPSS,195,263.0
215,HLA-B40:01 ,39296.79,ABE73425,NKPLSQPRADK,215,264.0
274,HLA-B40:01 ,39308.84,ABE73425,QLAELIPNQAA,274,265.0
182,HLA-B40:01 ,39309.38,ABE73425,DLVAAVTLALK,182,266.0
302,HLA-B40:01 ,39333.29,ABE73425,ITYTYKMLVAK,302,267.0
150,HLA-B40:01 ,39336.9,ABE73425,SRSSTRNNSRD,150,268.0
37,HLA-B40:01 ,39353.04,ABE73425,RNLVPIGKGNK,37,269.0
196,HLA-B40:01 ,39360.11,ABE73425,FDNQSKSPSSS,196,270.0
202,HLA-B40:01 ,39362.39,ABE73425,SPSSSGTFTPK,202,271.0
193,HLA-B40:01 ,39376.81,ABE73425,NLGFDNQSKSP,193,272.0
305,HLA-B40:01 ,39378.8,ABE73425,TYKMLVAKDNK,305,273.0
209,HLA-B40:01 ,39382.35,ABE73425,FTPKKPNKPLS,209,274.0
213,HLA-B40:01 ,39404.55,ABE73425,KPNKPLSQPRA,213,275.0
78,HLA-B40:01 ,39414.7,ABE73425,YLGTGPHKDLK,78,276.0
3,HLA-B40:01 ,39422.39,ABE73425,NWADDRAARKK,3,277.0
156,HLA-B40:01 ,39423.47,ABE73425,NNSRDSSRSTS,156,278.0
166,HLA-B40:01 ,39446.61,ABE73425,SRQQSRTRSDS,166,279.0
278,HLA-B40:01 ,39466.15,ABE73425,LIPNQAALFFD,278,280.0
99,HLA-B40:01 ,39484.07,ABE73425,VAKEGAKTVNT,99,281.0
88,HLA-B40:01 ,39502.02,ABE73425,KFRQRSDGVVW,88,282.0
110,HLA-B40:01 ,39513.16,ABE73425,SLGNRKRNQKP,110,283.0
200,HLA-B40:01 ,39519.71,ABE73425,SKSPSSSGTFT,200,284.0
105,HLA-B40:01 ,39519.94,ABE73425,KTVNTSLGNRK,105,285.0
83,HLA-B40:01 ,39545.13,ABE73425,PHKDLKFRQRS,83,286.0
221,HLA-B40:01 ,39551.01,ABE73425,PRADKPSQLKK,221,287.0
152,HLA-B40:01 ,39558.22,ABE73425,SSTRNNSRDSS,152,288.0
231,HLA-B40:01 ,39579.93,ABE73425,KPRWKRVPTRE,231,289.0
190,HLA-B40:01 ,39597.58,ABE73425,ALKNLGFDNQS,190,290.0
225,HLA-B40:01 ,39598.47,ABE73425,KPSQLKKPRWK,225,291.0
135,HLA-B40:01 ,39606.6,ABE73425,VVEFEDRSNNS,135,292.0
309,HLA-B40:01 ,39610.72,ABE73425,LVAKDNKNLPK,309,293.0
266,HLA-B40:01 ,39614.64,ABE73425,GVDAKGFPQLA,266,294.0
139,HLA-B40:01 ,39616.61,ABE73425,EDRSNNSSRAS,139,295.0
160,HLA-B40:01 ,39621.66,ABE73425,DSSRSTSRQQS,160,296.0
143,HLA-B40:01 ,39625.12,ABE73425,NNSSRASSRSS,143,297.0
2,HLA-B40:01 ,39633.59,ABE73425,VNWADDRAARK,2,298.0
151,HLA-B40:01 ,39636.23,ABE73425,RSSTRNNSRDS,151,299.0
71,HLA-B40:01 ,39638.96,ABE73425,PPKVHFYYLGT,71,300.0
96,HLA-B40:01 ,39646.24,ABE73425,VVWVAKEGAKT,96,301.0
148,HLA-B40:01 ,39678.52,ABE73425,ASSRSSTRNNS,148,302.0
187,HLA-B40:01 ,39682.63,ABE73425,VTLALKNLGFD,187,303.0
318,HLA-B40:01 ,39710.9,ABE73425,PKFIEQISAFT,318,304.0
164,HLA-B40:01 ,39746.05,ABE73425,STSRQQSRTRS,164,305.0
191,HLA-B40:01 ,39763.83,ABE73425,LKNLGFDNQSK,191,306.0
142,HLA-B40:01 ,39764.18,ABE73425,SNNSSRASSRS,142,307.0
328,HLA-B40:01 ,39769.8,ABE73425,TKPSSIKEMQS,328,308.0
229,HLA-B40:01 ,39781.12,ABE73425,LKKPRWKRVPT,229,309.0
140,HLA-B40:01 ,39788.81,ABE73425,DRSNNSSRASS,140,310.0
170,HLA-B40:01 ,39797.15,ABE73425,SRTRSDSNQSS,170,311.0
169,HLA-B40:01 ,39817.98,ABE73425,QSRTRSDSNQS,169,312.0
283,HLA-B40:01 ,39822.92,ABE73425,AALFFDSEVST,283,313.0
261,HLA-B40:01 ,39834.89,ABE73425,DLVQNGVDAKG,261,314.0
109,HLA-B40:01 ,39841.38,ABE73425,TSLGNRKRNQK,109,315.0
144,HLA-B40:01 ,39849.45,ABE73425,NSSRASSRSST,144,316.0
68,HLA-B40:01 ,39854.53,ABE73425,VDLPPKVHFYY,68,317.0
10,HLA-B40:01 ,39854.92,ABE73425,ARKKFPPPSFY,10,318.0
154,HLA-B40:01 ,39859.22,ABE73425,TRNNSRDSSRS,154,319.0
22,HLA-B40:01 ,39879.89,ABE73425,PLLVSSDKAPY,22,320.0
35,HLA-B40:01 ,39890.66,ABE73425,IPRNLVPIGKG,35,321.0
34,HLA-B40:01 ,39893.74,ABE73425,VIPRNLVPIGK,34,322.0
308,HLA-B40:01 ,39898.62,ABE73425,MLVAKDNKNLP,308,323.0
330,HLA-B40:01 ,39898.78,ABE73425,PSSIKEMQSQS,330,324.0
50,HLA-B40:01 ,39900.64,ABE73425,QIGYWNVQERW,50,325.0
162,HLA-B40:01 ,39933.63,ABE73425,SRSTSRQQSRT,162,326.0
217,HLA-B40:01 ,39938.53,ABE73425,PLSQPRADKPS,217,327.0
171,HLA-B40:01 ,39954.61,ABE73425,RTRSDSNQSSS,171,328.0
192,HLA-B40:01 ,39960.77,ABE73425,KNLGFDNQSKS,192,329.0
155,HLA-B40:01 ,40041.23,ABE73425,RNNSRDSSRST,155,330.0
43,HLA-B40:01 ,40076.24,ABE73425,GKGNKDEQIGY,43,331.0
67,HLA-B40:01 ,40113.68,ABE73425,RVDLPPKVHFY,67,332.0
44,HLA-B40:01 ,40294.35,ABE73425,KGNKDEQIGYW,44,333.0
224,HLA-B40:01 ,40305.12,ABE73425,DKPSQLKKPRW,224,334.0
276,HLA-B44:02 ,508.59,ABE73425,AELIPNQAALF,276,1.0
136,HLA-B44:02 ,4763.2,ABE73425,VEFEDRSNNSS,136,2.0
121,HLA-B44:02 ,4813.89,ABE73425,LEPKFSIALPP,121,3.0
294,HLA-B44:02 ,4818.51,ABE73425,DEVGDNVQITY,294,4.0
241,HLA-B44:02 ,4829.27,ABE73425,EENVIQCFGPR,241,5.0
289,HLA-B44:02 ,4866.59,ABE73425,SEVSTDEVGDN,289,6.0
240,HLA-B44:02 ,4878.44,ABE73425,REENVIQCFGP,240,7.0
50,HLA-B44:02 ,4879.62,ABE73425,QIGYWNVQERW,50,8.0
224,HLA-B44:02 ,4882.43,ABE73425,DKPSQLKKPRW,224,9.0
181,HLA-B44:02 ,4893.49,ABE73425,SDLVAAVTLAL,181,10.0
321,HLA-B44:02 ,4902.74,ABE73425,IEQISAFTKPS,321,11.0
88,HLA-B44:02 ,4902.85,ABE73425,KFRQRSDGVVW,88,12.0
47,HLA-B44:02 ,4929.08,ABE73425,KDEQIGYWNVQ,47,13.0
44,HLA-B44:02 ,4939.61,ABE73425,KGNKDEQIGYW,44,14.0
120,HLA-B44:02 ,4940.77,ABE73425,PLEPKFSIALP,120,15.0
320,HLA-B44:02 ,4941.89,ABE73425,FIEQISAFTKP,320,16.0
222,HLA-B44:02 ,4942.43,ABE73425,RADKPSQLKKP,222,17.0
308,HLA-B44:02 ,4942.44,ABE73425,MLVAKDNKNLP,308,18.0
12,HLA-B44:02 ,4942.51,ABE73425,KKFPPPSFYMP,12,19.0
26,HLA-B44:02 ,4942.52,ABE73425,SSDKAPYRVIP,26,20.0
193,HLA-B44:02 ,4942.56,ABE73425,NLGFDNQSKSP,193,21.0
204,HLA-B44:02 ,4942.73,ABE73425,SSSGTFTPKKP,204,22.0
5,HLA-B44:02 ,4942.77,ABE73425,ADDRAARKKFP,5,23.0
207,HLA-B44:02 ,4942.8,ABE73425,GTFTPKKPNKP,207,24.0
270,HLA-B44:02 ,4942.81,ABE73425,KGFPQLAELIP,270,25.0
211,HLA-B44:02 ,4942.84,ABE73425,PKKPNKPLSQP,211,26.0
110,HLA-B44:02 ,4942.86,ABE73425,SLGNRKRNQKP,110,27.0
113,HLA-B44:02 ,4943.37,ABE73425,NRKRNQKPLEP,113,28.0
201,HLA-B44:02 ,4943.69,ABE73425,KSPSSSGTFTP,201,29.0
6,HLA-B44:02 ,4943.87,ABE73425,DDRAARKKFPP,6,30.0
31,HLA-B44:02 ,4944.32,ABE73425,PYRVIPRNLVP,31,31.0
216,HLA-B44:02 ,4944.56,ABE73425,KPLSQPRADKP,216,32.0
21,HLA-B44:02 ,4944.93,ABE73425,MPLLVSSDKAP,21,33.0
61,HLA-B44:02 ,4944.93,ABE73425,RMRRGQRVDLP,61,33.0
228,HLA-B44:02 ,4945.31,ABE73425,QLKKPRWKRVP,228,35.0
62,HLA-B44:02 ,4945.34,ABE73425,MRRGQRVDLPP,62,36.0
7,HLA-B44:02 ,4945.52,ABE73425,DRAARKKFPPP,7,37.0
73,HLA-B44:02 ,4945.88,ABE73425,KVHFYYLGTGP,73,38.0
263,HLA-B44:02 ,4946.78,ABE73425,VQNGVDAKGFP,263,39.0
101,HLA-B44:02 ,4951.32,ABE73425,KEGAKTVNTSL,101,40.0
93,HLA-B44:02 ,4951.58,ABE73425,SDGVVWVAKEG,93,41.0
179,HLA-B44:02 ,4961.31,ABE73425,SSSDLVAAVTL,179,42.0
275,HLA-B44:02 ,4961.58,ABE73425,LAELIPNQAAL,275,43.0
312,HLA-B44:02 ,4961.73,ABE73425,KDNKNLPKFIE,312,44.0
260,HLA-B44:02 ,4961.85,ABE73425,SDLVQNGVDAK,260,45.0
14,HLA-B44:02 ,4962.09,ABE73425,FPPPSFYMPLL,14,46.0
219,HLA-B44:02 ,4962.1,ABE73425,SQPRADKPSQL,219,47.0
29,HLA-B44:02 ,4962.16,ABE73425,KAPYRVIPRNL,29,48.0
119,HLA-B44:02 ,4962.16,ABE73425,KPLEPKFSIAL,119,48.0
299,HLA-B44:02 ,4962.76,ABE73425,NVQITYTYKML,299,50.0
27,HLA-B44:02 ,4962.87,ABE73425,SDKAPYRVIPR,27,51.0
184,HLA-B44:02 ,4962.94,ABE73425,VAAVTLALKNL,184,52.0
265,HLA-B44:02 ,4963.41,ABE73425,NGVDAKGFPQL,265,53.0
268,HLA-B44:02 ,4963.51,ABE73425,DAKGFPQLAEL,268,54.0
69,HLA-B44:02 ,4963.69,ABE73425,DLPPKVHFYYL,69,55.0
111,HLA-B44:02 ,4963.77,ABE73425,LGNRKRNQKPL,111,56.0
13,HLA-B44:02 ,4963.82,ABE73425,KFPPPSFYMPL,13,57.0
123,HLA-B44:02 ,4963.94,ABE73425,PKFSIALPPEL,123,58.0
208,HLA-B44:02 ,4963.99,ABE73425,TFTPKKPNKPL,208,59.0
173,HLA-B44:02 ,4964.74,ABE73425,RSDSNQSSSDL,173,60.0
307,HLA-B44:02 ,4965.36,ABE73425,KMLVAKDNKNL,307,61.0
117,HLA-B44:02 ,4965.54,ABE73425,NQKPLEPKFSI,117,62.0
323,HLA-B44:02 ,4965.58,ABE73425,QISAFTKPSSI,323,63.0
252,HLA-B44:02 ,4966.71,ABE73425,DFNHNMGDSDL,252,64.0
298,HLA-B44:02 ,4967.13,ABE73425,DNVQITYTYKM,298,65.0
32,HLA-B44:02 ,4967.24,ABE73425,YRVIPRNLVPI,32,66.0
77,HLA-B44:02 ,4967.34,ABE73425,YYLGTGPHKDL,77,67.0
267,HLA-B44:02 ,4968.19,ABE73425,VDAKGFPQLAE,267,68.0
292,HLA-B44:02 ,4968.27,ABE73425,STDEVGDNVQI,292,69.0
138,HLA-B44:02 ,4968.43,ABE73425,FEDRSNNSSRA,138,70.0
269,HLA-B44:02 ,4968.61,ABE73425,AKGFPQLAELI,269,71.0
60,HLA-B44:02 ,4968.74,ABE73425,WRMRRGQRVDL,60,72.0
314,HLA-B44:02 ,4968.94,ABE73425,NKNLPKFIEQI,314,73.0
41,HLA-B44:02 ,4969.52,ABE73425,PIGKGNKDEQI,41,74.0
122,HLA-B44:02 ,4969.6,ABE73425,EPKFSIALPPE,122,75.0
25,HLA-B44:02 ,4969.67,ABE73425,VSSDKAPYRVI,25,76.0
232,HLA-B44:02 ,4970.28,ABE73425,PRWKRVPTREE,232,77.0
311,HLA-B44:02 ,4970.3,ABE73425,AKDNKNLPKFI,311,78.0
235,HLA-B44:02 ,4970.45,ABE73425,KRVPTREENVI,235,79.0
68,HLA-B44:02 ,4971.01,ABE73425,VDLPPKVHFYY,68,80.0
247,HLA-B44:02 ,4971.18,ABE73425,CFGPRDFNHNM,247,81.0
231,HLA-B44:02 ,4971.24,ABE73425,KPRWKRVPTRE,231,82.0
159,HLA-B44:02 ,4971.25,ABE73425,RDSSRSTSRQQ,159,83.0
127,HLA-B44:02 ,4971.94,ABE73425,IALPPELSVVE,127,84.0
39,HLA-B44:02 ,4971.95,ABE73425,LVPIGKGNKDE,39,85.0
325,HLA-B44:02 ,4971.99,ABE73425,SAFTKPSSIKE,325,86.0
92,HLA-B44:02 ,4972.48,ABE73425,RSDGVVWVAKE,92,87.0
285,HLA-B44:02 ,4972.49,ABE73425,LFFDSEVSTDE,285,88.0
297,HLA-B44:02 ,4972.68,ABE73425,GDNVQITYTYK,297,89.0
280,HLA-B44:02 ,4972.93,ABE73425,PNQAALFFDSE,280,90.0
129,HLA-B44:02 ,4973.05,ABE73425,LPPELSVVEFE,129,91.0
67,HLA-B44:02 ,4973.21,ABE73425,RVDLPPKVHFY,67,92.0
296,HLA-B44:02 ,4973.39,ABE73425,VGDNVQITYTY,296,93.0
22,HLA-B44:02 ,4973.56,ABE73425,PLLVSSDKAPY,22,94.0
112,HLA-B44:02 ,4973.71,ABE73425,GNRKRNQKPLE,112,95.0
157,HLA-B44:02 ,4973.82,ABE73425,NSRDSSRSTSR,157,96.0
43,HLA-B44:02 ,4973.97,ABE73425,GKGNKDEQIGY,43,97.0
137,HLA-B44:02 ,4974.02,ABE73425,EFEDRSNNSSR,137,98.0
141,HLA-B44:02 ,4974.13,ABE73425,RSNNSSRASSR,141,99.0
180,HLA-B44:02 ,4974.35,ABE73425,SSDLVAAVTLA,180,100.0
52,HLA-B44:02 ,4974.88,ABE73425,GYWNVQERWRM,52,101.0
332,HLA-B44:02 ,4974.96,ABE73425,SIKEMQSQSSH,332,102.0
153,HLA-B44:02 ,4974.98,ABE73425,STRNNSRDSSR,153,103.0
9,HLA-B44:02 ,4975.08,ABE73425,AARKKFPPPSF,9,104.0
10,HLA-B44:02 ,4975.15,ABE73425,ARKKFPPPSFY,10,105.0
161,HLA-B44:02 ,4975.21,ABE73425,SSRSTSRQQSR,161,106.0
0,HLA-B44:02 ,4975.34,ABE73425,ASVNWADDRAA,0,107.0
176,HLA-B44:02 ,4975.5,ABE73425,SNQSSSDLVAA,176,108.0
213,HLA-B44:02 ,4975.5,ABE73425,KPNKPLSQPRA,213,108.0
316,HLA-B44:02 ,4975.63,ABE73425,NLPKFIEQISA,316,110.0
266,HLA-B44:02 ,4975.8,ABE73425,GVDAKGFPQLA,266,111.0
175,HLA-B44:02 ,4975.9,ABE73425,DSNQSSSDLVA,175,112.0
128,HLA-B44:02 ,4975.96,ABE73425,ALPPELSVVEF,128,113.0
326,HLA-B44:02 ,4976.03,ABE73425,AFTKPSSIKEM,326,114.0
53,HLA-B44:02 ,4976.1,ABE73425,YWNVQERWRMR,53,115.0
90,HLA-B44:02 ,4976.2,ABE73425,RQRSDGVVWVA,90,116.0
118,HLA-B44:02 ,4976.37,ABE73425,QKPLEPKFSIA,118,117.0
301,HLA-B44:02 ,4976.39,ABE73425,QITYTYKMLVA,301,118.0
317,HLA-B44:02 ,4976.44,ABE73425,LPKFIEQISAF,317,119.0
11,HLA-B44:02 ,4976.45,ABE73425,RKKFPPPSFYM,11,120.0
274,HLA-B44:02 ,4976.63,ABE73425,QLAELIPNQAA,274,121.0
277,HLA-B44:02 ,4976.81,ABE73425,ELIPNQAALFF,277,122.0
273,HLA-B44:02 ,4977.27,ABE73425,PQLAELIPNQA,273,123.0
199,HLA-B44:02 ,4977.4,ABE73425,QSKSPSSSGTF,199,124.0
131,HLA-B44:02 ,4977.47,ABE73425,PELSVVEFEDR,131,125.0
20,HLA-B44:02 ,4977.62,ABE73425,YMPLLVSSDKA,20,126.0
51,HLA-B44:02 ,4977.63,ABE73425,IGYWNVQERWR,51,127.0
145,HLA-B44:02 ,4977.67,ABE73425,SSRASSRSSTR,145,128.0
163,HLA-B44:02 ,4977.87,ABE73425,RSTSRQQSRTR,163,129.0
174,HLA-B44:02 ,4977.93,ABE73425,SDSNQSSSDLV,174,130.0
94,HLA-B44:02 ,4978.27,ABE73425,DGVVWVAKEGA,94,131.0
149,HLA-B44:02 ,4978.36,ABE73425,SSRSSTRNNSR,149,132.0
65,HLA-B44:02 ,4978.91,ABE73425,GQRVDLPPKVH,65,133.0
54,HLA-B44:02 ,4978.97,ABE73425,WNVQERWRMRR,54,134.0
230,HLA-B44:02 ,4979.17,ABE73425,KKPRWKRVPTR,230,135.0
223,HLA-B44:02 ,4979.54,ABE73425,ADKPSQLKKPR,223,136.0
259,HLA-B44:02 ,4979.73,ABE73425,DSDLVQNGVDA,259,137.0
212,HLA-B44:02 ,4980.11,ABE73425,KKPNKPLSQPR,212,138.0
23,HLA-B44:02 ,4980.69,ABE73425,LLVSSDKAPYR,23,139.0
245,HLA-B44:02 ,4981.17,ABE73425,IQCFGPRDFNH,245,140.0
49,HLA-B44:02 ,4981.37,ABE73425,EQIGYWNVQER,49,141.0
1,HLA-B44:02 ,4981.91,ABE73425,SVNWADDRAAR,1,142.0
227,HLA-B44:02 ,4982.1,ABE73425,SQLKKPRWKRV,227,143.0
82,HLA-B44:02 ,4982.19,ABE73425,GPHKDLKFRQR,82,144.0
210,HLA-B44:02 ,4982.25,ABE73425,TPKKPNKPLSQ,210,145.0
196,HLA-B44:02 ,4982.54,ABE73425,FDNQSKSPSSS,196,146.0
329,HLA-B44:02 ,4982.68,ABE73425,KPSSIKEMQSQ,329,147.0
79,HLA-B44:02 ,4982.77,ABE73425,LGTGPHKDLKF,79,148.0
85,HLA-B44:02 ,4983.06,ABE73425,KDLKFRQRSDG,85,149.0
324,HLA-B44:02 ,4983.07,ABE73425,ISAFTKPSSIK,324,150.0
104,HLA-B44:02 ,4983.19,ABE73425,AKTVNTSLGNR,104,151.0
236,HLA-B44:02 ,4983.34,ABE73425,RVPTREENVIQ,236,152.0
33,HLA-B44:02 ,4983.42,ABE73425,RVIPRNLVPIG,33,153.0
42,HLA-B44:02 ,4983.55,ABE73425,IGKGNKDEQIG,42,154.0
192,HLA-B44:02 ,4983.56,ABE73425,KNLGFDNQSKS,192,155.0
293,HLA-B44:02 ,4983.58,ABE73425,TDEVGDNVQIT,293,156.0
226,HLA-B44:02 ,4983.74,ABE73425,PSQLKKPRWKR,226,157.0
143,HLA-B44:02 ,4984.15,ABE73425,NNSSRASSRSS,143,158.0
4,HLA-B44:02 ,4984.19,ABE73425,WADDRAARKKF,4,159.0
17,HLA-B44:02 ,4984.21,ABE73425,PSFYMPLLVSS,17,160.0
243,HLA-B44:02 ,4984.27,ABE73425,NVIQCFGPRDF,243,161.0
237,HLA-B44:02 ,4984.34,ABE73425,VPTREENVIQC,237,162.0
74,HLA-B44:02 ,4984.39,ABE73425,VHFYYLGTGPH,74,163.0
281,HLA-B44:02 ,4984.39,ABE73425,NQAALFFDSEV,281,163.0
331,HLA-B44:02 ,4984.49,ABE73425,SSIKEMQSQSS,331,165.0
57,HLA-B44:02 ,4984.5,ABE73425,QERWRMRRGQR,57,166.0
254,HLA-B44:02 ,4984.51,ABE73425,NHNMGDSDLVQ,254,167.0
106,HLA-B44:02 ,4984.54,ABE73425,TVNTSLGNRKR,106,168.0
182,HLA-B44:02 ,4984.61,ABE73425,DLVAAVTLALK,182,169.0
70,HLA-B44:02 ,4984.63,ABE73425,LPPKVHFYYLG,70,170.0
185,HLA-B44:02 ,4984.8,ABE73425,AAVTLALKNLG,185,171.0
218,HLA-B44:02 ,4984.81,ABE73425,LSQPRADKPSQ,218,172.0
319,HLA-B44:02 ,4984.85,ABE73425,KFIEQISAFTK,319,173.0
158,HLA-B44:02 ,4984.86,ABE73425,SRDSSRSTSRQ,158,174.0
283,HLA-B44:02 ,4984.9,ABE73425,AALFFDSEVST,283,175.0
15,HLA-B44:02 ,4985.03,ABE73425,PPPSFYMPLLV,15,176.0
291,HLA-B44:02 ,4985.07,ABE73425,VSTDEVGDNVQ,291,177.0
206,HLA-B44:02 ,4985.16,ABE73425,SGTFTPKKPNK,206,178.0
220,HLA-B44:02 ,4985.22,ABE73425,QPRADKPSQLK,220,179.0
327,HLA-B44:02 ,4985.23,ABE73425,FTKPSSIKEMQ,327,180.0
171,HLA-B44:02 ,4985.27,ABE73425,RTRSDSNQSSS,171,181.0
66,HLA-B44:02 ,4985.29,ABE73425,QRVDLPPKVHF,66,182.0
3,HLA-B44:02 ,4985.36,ABE73425,NWADDRAARKK,3,183.0
30,HLA-B44:02 ,4985.41,ABE73425,APYRVIPRNLV,30,184.0
46,HLA-B44:02 ,4985.42,ABE73425,NKDEQIGYWNV,46,185.0
37,HLA-B44:02 ,4985.49,ABE73425,RNLVPIGKGNK,37,186.0
168,HLA-B44:02 ,4985.49,ABE73425,QQSRTRSDSNQ,168,186.0
189,HLA-B44:02 ,4985.49,ABE73425,LALKNLGFDNQ,189,186.0
215,HLA-B44:02 ,4985.51,ABE73425,NKPLSQPRADK,215,189.0
251,HLA-B44:02 ,4985.52,ABE73425,RDFNHNMGDSD,251,190.0
2,HLA-B44:02 ,4985.56,ABE73425,VNWADDRAARK,2,191.0
133,HLA-B44:02 ,4985.56,ABE73425,LSVVEFEDRSN,133,191.0
139,HLA-B44:02 ,4985.69,ABE73425,EDRSNNSSRAS,139,193.0
221,HLA-B44:02 ,4985.72,ABE73425,PRADKPSQLKK,221,194.0
125,HLA-B44:02 ,4985.73,ABE73425,FSIALPPELSV,125,195.0
167,HLA-B44:02 ,4985.76,ABE73425,RQQSRTRSDSN,167,196.0
191,HLA-B44:02 ,4985.77,ABE73425,LKNLGFDNQSK,191,197.0
19,HLA-B44:02 ,4985.78,ABE73425,FYMPLLVSSDK,19,198.0
333,HLA-B44:02 ,4985.79,ABE73425,IKEMQSQSSHV,333,199.0
64,HLA-B44:02 ,4985.81,ABE73425,RGQRVDLPPKV,64,200.0
78,HLA-B44:02 ,4985.84,ABE73425,YLGTGPHKDLK,78,201.0
108,HLA-B44:02 ,4985.86,ABE73425,NTSLGNRKRNQ,108,202.0
203,HLA-B44:02 ,4985.86,ABE73425,PSSSGTFTPKK,203,202.0
156,HLA-B44:02 ,4985.9,ABE73425,NNSRDSSRSTS,156,204.0
322,HLA-B44:02 ,4985.91,ABE73425,EQISAFTKPSS,322,205.0
126,HLA-B44:02 ,4985.92,ABE73425,SIALPPELSVV,126,206.0
177,HLA-B44:02 ,4986.0,ABE73425,NQSSSDLVAAV,177,207.0
279,HLA-B44:02 ,4986.0,ABE73425,IPNQAALFFDS,279,207.0
315,HLA-B44:02 ,4986.28,ABE73425,KNLPKFIEQIS,315,209.0
287,HLA-B44:02 ,4986.29,ABE73425,FDSEVSTDEVG,287,210.0
34,HLA-B44:02 ,4986.32,ABE73425,VIPRNLVPIGK,34,211.0
302,HLA-B44:02 ,4986.44,ABE73425,ITYTYKMLVAK,302,212.0
170,HLA-B44:02 ,4986.47,ABE73425,SRTRSDSNQSS,170,213.0
95,HLA-B44:02 ,4986.5,ABE73425,GVVWVAKEGAK,95,214.0
91,HLA-B44:02 ,4986.52,ABE73425,QRSDGVVWVAK,91,215.0
35,HLA-B44:02 ,4986.59,ABE73425,IPRNLVPIGKG,35,216.0
310,HLA-B44:02 ,4986.64,ABE73425,VAKDNKNLPKF,310,217.0
140,HLA-B44:02 ,4986.69,ABE73425,DRSNNSSRASS,140,218.0
16,HLA-B44:02 ,4986.73,ABE73425,PPSFYMPLLVS,16,219.0
152,HLA-B44:02 ,4986.78,ABE73425,SSTRNNSRDSS,152,220.0
282,HLA-B44:02 ,4986.83,ABE73425,QAALFFDSEVS,282,221.0
195,HLA-B44:02 ,4986.91,ABE73425,GFDNQSKSPSS,195,222.0
234,HLA-B44:02 ,4986.94,ABE73425,WKRVPTREENV,234,223.0
100,HLA-B44:02 ,4986.99,ABE73425,AKEGAKTVNTS,100,224.0
305,HLA-B44:02 ,4987.0,ABE73425,TYKMLVAKDNK,305,225.0
262,HLA-B44:02 ,4987.01,ABE73425,LVQNGVDAKGF,262,226.0
272,HLA-B44:02 ,4987.06,ABE73425,FPQLAELIPNQ,272,227.0
264,HLA-B44:02 ,4987.11,ABE73425,QNGVDAKGFPQ,264,228.0
56,HLA-B44:02 ,4987.12,ABE73425,VQERWRMRRGQ,56,229.0
97,HLA-B44:02 ,4987.12,ABE73425,VWVAKEGAKTV,97,229.0
186,HLA-B44:02 ,4987.14,ABE73425,AVTLALKNLGF,186,231.0
183,HLA-B44:02 ,4987.19,ABE73425,LVAAVTLALKN,183,232.0
300,HLA-B44:02 ,4987.25,ABE73425,VQITYTYKMLV,300,233.0
115,HLA-B44:02 ,4987.32,ABE73425,KRNQKPLEPKF,115,234.0
248,HLA-B44:02 ,4987.36,ABE73425,FGPRDFNHNMG,248,235.0
75,HLA-B44:02 ,4987.37,ABE73425,HFYYLGTGPHK,75,236.0
24,HLA-B44:02 ,4987.39,ABE73425,LVSSDKAPYRV,24,237.0
102,HLA-B44:02 ,4987.49,ABE73425,EGAKTVNTSLG,102,238.0
81,HLA-B44:02 ,4987.51,ABE73425,TGPHKDLKFRQ,81,239.0
134,HLA-B44:02 ,4987.53,ABE73425,SVVEFEDRSNN,134,240.0
330,HLA-B44:02 ,4987.6,ABE73425,PSSIKEMQSQS,330,241.0
253,HLA-B44:02 ,4987.81,ABE73425,FNHNMGDSDLV,253,242.0
109,HLA-B44:02 ,4987.84,ABE73425,TSLGNRKRNQK,109,243.0
286,HLA-B44:02 ,4987.86,ABE73425,FFDSEVSTDEV,286,244.0
238,HLA-B44:02 ,4987.89,ABE73425,PTREENVIQCF,238,245.0
146,HLA-B44:02 ,4987.9,ABE73425,SRASSRSSTRN,146,246.0
147,HLA-B44:02 ,4987.93,ABE73425,RASSRSSTRNN,147,247.0
144,HLA-B44:02 ,4987.94,ABE73425,NSSRASSRSST,144,248.0
290,HLA-B44:02 ,4987.99,ABE73425,EVSTDEVGDNV,290,249.0
313,HLA-B44:02 ,4987.99,ABE73425,DNKNLPKFIEQ,313,249.0
105,HLA-B44:02 ,4988.06,ABE73425,KTVNTSLGNRK,105,251.0
255,HLA-B44:02 ,4988.07,ABE73425,HNMGDSDLVQN,255,252.0
89,HLA-B44:02 ,4988.09,ABE73425,FRQRSDGVVWV,89,253.0
256,HLA-B44:02 ,4988.14,ABE73425,NMGDSDLVQNG,256,254.0
166,HLA-B44:02 ,4988.16,ABE73425,SRQQSRTRSDS,166,255.0
188,HLA-B44:02 ,4988.16,ABE73425,TLALKNLGFDN,188,255.0
142,HLA-B44:02 ,4988.2,ABE73425,SNNSSRASSRS,142,257.0
309,HLA-B44:02 ,4988.21,ABE73425,LVAKDNKNLPK,309,258.0
87,HLA-B44:02 ,4988.24,ABE73425,LKFRQRSDGVV,87,259.0
246,HLA-B44:02 ,4988.3,ABE73425,QCFGPRDFNHN,246,260.0
98,HLA-B44:02 ,4988.31,ABE73425,WVAKEGAKTVN,98,261.0
295,HLA-B44:02 ,4988.31,ABE73425,EVGDNVQITYT,295,261.0
202,HLA-B44:02 ,4988.33,ABE73425,SPSSSGTFTPK,202,263.0
45,HLA-B44:02 ,4988.52,ABE73425,GNKDEQIGYWN,45,264.0
155,HLA-B44:02 ,4988.54,ABE73425,RNNSRDSSRST,155,265.0
304,HLA-B44:02 ,4988.56,ABE73425,YTYKMLVAKDN,304,266.0
28,HLA-B44:02 ,4988.7,ABE73425,DKAPYRVIPRN,28,267.0
103,HLA-B44:02 ,4988.71,ABE73425,GAKTVNTSLGN,103,268.0
190,HLA-B44:02 ,4988.73,ABE73425,ALKNLGFDNQS,190,269.0
151,HLA-B44:02 ,4988.74,ABE73425,RSSTRNNSRDS,151,270.0
229,HLA-B44:02 ,4988.78,ABE73425,LKKPRWKRVPT,229,271.0
80,HLA-B44:02 ,4988.87,ABE73425,GTGPHKDLKFR,80,272.0
250,HLA-B44:02 ,4988.91,ABE73425,PRDFNHNMGDS,250,273.0
257,HLA-B44:02 ,4988.95,ABE73425,MGDSDLVQNGV,257,274.0
63,HLA-B44:02 ,4989.01,ABE73425,RRGQRVDLPPK,63,275.0
107,HLA-B44:02 ,4989.01,ABE73425,VNTSLGNRKRN,107,275.0
160,HLA-B44:02 ,4989.06,ABE73425,DSSRSTSRQQS,160,277.0
225,HLA-B44:02 ,4989.08,ABE73425,KPSQLKKPRWK,225,278.0
124,HLA-B44:02 ,4989.09,ABE73425,KFSIALPPELS,124,279.0
135,HLA-B44:02 ,4989.17,ABE73425,VVEFEDRSNNS,135,280.0
148,HLA-B44:02 ,4989.21,ABE73425,ASSRSSTRNNS,148,281.0
197,HLA-B44:02 ,4989.21,ABE73425,DNQSKSPSSSG,197,281.0
328,HLA-B44:02 ,4989.27,ABE73425,TKPSSIKEMQS,328,283.0
40,HLA-B44:02 ,4989.39,ABE73425,VPIGKGNKDEQ,40,284.0
114,HLA-B44:02 ,4989.42,ABE73425,RKRNQKPLEPK,114,285.0
205,HLA-B44:02 ,4989.54,ABE73425,SSGTFTPKKPN,205,286.0
194,HLA-B44:02 ,4989.71,ABE73425,LGFDNQSKSPS,194,287.0
271,HLA-B44:02 ,4989.71,ABE73425,GFPQLAELIPN,271,287.0
169,HLA-B44:02 ,4989.8,ABE73425,QSRTRSDSNQS,169,289.0
306,HLA-B44:02 ,4989.98,ABE73425,YKMLVAKDNKN,306,290.0
86,HLA-B44:02 ,4990.03,ABE73425,DLKFRQRSDGV,86,291.0
36,HLA-B44:02 ,4990.04,ABE73425,PRNLVPIGKGN,36,292.0
198,HLA-B44:02 ,4990.11,ABE73425,NQSKSPSSSGT,198,293.0
72,HLA-B44:02 ,4990.22,ABE73425,PKVHFYYLGTG,72,294.0
8,HLA-B44:02 ,4990.23,ABE73425,RAARKKFPPPS,8,295.0
209,HLA-B44:02 ,4990.25,ABE73425,FTPKKPNKPLS,209,296.0
154,HLA-B44:02 ,4990.55,ABE73425,TRNNSRDSSRS,154,297.0
116,HLA-B44:02 ,4990.59,ABE73425,RNQKPLEPKFS,116,298.0
217,HLA-B44:02 ,4990.73,ABE73425,PLSQPRADKPS,217,299.0
132,HLA-B44:02 ,4990.75,ABE73425,ELSVVEFEDRS,132,300.0
178,HLA-B44:02 ,4991.07,ABE73425,QSSSDLVAAVT,178,301.0
233,HLA-B44:02 ,4991.07,ABE73425,RWKRVPTREEN,233,301.0
261,HLA-B44:02 ,4991.24,ABE73425,DLVQNGVDAKG,261,303.0
96,HLA-B44:02 ,4991.27,ABE73425,VVWVAKEGAKT,96,304.0
99,HLA-B44:02 ,4991.32,ABE73425,VAKEGAKTVNT,99,305.0
200,HLA-B44:02 ,4991.32,ABE73425,SKSPSSSGTFT,200,305.0
58,HLA-B44:02 ,4991.46,ABE73425,ERWRMRRGQRV,58,307.0
164,HLA-B44:02 ,4991.71,ABE73425,STSRQQSRTRS,164,308.0
244,HLA-B44:02 ,4991.73,ABE73425,VIQCFGPRDFN,244,309.0
318,HLA-B44:02 ,4992.43,ABE73425,PKFIEQISAFT,318,310.0
83,HLA-B44:02 ,4992.73,ABE73425,PHKDLKFRQRS,83,311.0
71,HLA-B44:02 ,4993.19,ABE73425,PPKVHFYYLGT,71,312.0
284,HLA-B44:02 ,4993.43,ABE73425,ALFFDSEVSTD,284,313.0
162,HLA-B44:02 ,4993.58,ABE73425,SRSTSRQQSRT,162,314.0
239,HLA-B44:02 ,4993.95,ABE73425,TREENVIQCFG,239,315.0
18,HLA-B44:02 ,4994.17,ABE73425,SFYMPLLVSSD,18,316.0
172,HLA-B44:02 ,4994.3,ABE73425,TRSDSNQSSSD,172,317.0
165,HLA-B44:02 ,4995.24,ABE73425,TSRQQSRTRSD,165,318.0
84,HLA-B44:02 ,4995.77,ABE73425,HKDLKFRQRSD,84,319.0
76,HLA-B44:02 ,4996.0,ABE73425,FYYLGTGPHKD,76,320.0
38,HLA-B44:02 ,4996.22,ABE73425,NLVPIGKGNKD,38,321.0
130,HLA-B44:02 ,4997.21,ABE73425,PPELSVVEFED,130,322.0
242,HLA-B44:02 ,4997.91,ABE73425,ENVIQCFGPRD,242,323.0
249,HLA-B44:02 ,4997.98,ABE73425,GPRDFNHNMGD,249,324.0
150,HLA-B44:02 ,4998.07,ABE73425,SRSSTRNNSRD,150,325.0
258,HLA-B44:02 ,4998.13,ABE73425,GDSDLVQNGVD,258,326.0
214,HLA-B44:02 ,4998.37,ABE73425,PNKPLSQPRAD,214,327.0
303,HLA-B44:02 ,4998.45,ABE73425,TYTYKMLVAKD,303,328.0
288,HLA-B44:02 ,4998.69,ABE73425,DSEVSTDEVGD,288,329.0
278,HLA-B44:02 ,4998.79,ABE73425,LIPNQAALFFD,278,330.0
55,HLA-B44:02 ,4999.19,ABE73425,NVQERWRMRRG,55,331.0
187,HLA-B44:02 ,5000.48,ABE73425,VTLALKNLGFD,187,332.0
59,HLA-B44:02 ,5001.91,ABE73425,RWRMRRGQRVD,59,333.0
48,HLA-B44:02 ,5048.7,ABE73425,DEQIGYWNVQE,48,334.0
276,HLA-B44:03,582.38,ABE73425,AELIPNQAALF,276,1.0
294,HLA-B44:03,1079.2,ABE73425,DEVGDNVQITY,294,2.0
289,HLA-B44:03,5483.47,ABE73425,SEVSTDEVGDN,289,3.0
48,HLA-B44:03,5741.41,ABE73425,DEQIGYWNVQE,48,4.0
101,HLA-B44:03,5781.59,ABE73425,KEGAKTVNTSL,101,5.0
50,HLA-B44:03,5812.87,ABE73425,QIGYWNVQERW,50,6.0
298,HLA-B44:03,5847.92,ABE73425,DNVQITYTYKM,298,7.0
321,HLA-B44:03,5860.43,ABE73425,IEQISAFTKPS,321,8.0
88,HLA-B44:03,5878.24,ABE73425,KFRQRSDGVVW,88,9.0
76,HLA-B44:03,5933.2,ABE73425,FYYLGTGPHKD,76,10.0
38,HLA-B44:03,5947.5,ABE73425,NLVPIGKGNKD,38,11.0
241,HLA-B44:03,5956.38,ABE73425,EENVIQCFGPR,241,12.0
227,HLA-B44:03,5972.01,ABE73425,SQLKKPRWKRV,227,13.0
121,HLA-B44:03,5975.43,ABE73425,LEPKFSIALPP,121,14.0
224,HLA-B44:03,5985.87,ABE73425,DKPSQLKKPRW,224,15.0
242,HLA-B44:03,5986.6,ABE73425,ENVIQCFGPRD,242,16.0
286,HLA-B44:03,5993.92,ABE73425,FFDSEVSTDEV,286,17.0
125,HLA-B44:03,5994.58,ABE73425,FSIALPPELSV,125,18.0
126,HLA-B44:03,5995.16,ABE73425,SIALPPELSVV,126,19.0
300,HLA-B44:03,6000.43,ABE73425,VQITYTYKMLV,300,20.0
281,HLA-B44:03,6001.22,ABE73425,NQAALFFDSEV,281,21.0
46,HLA-B44:03,6001.26,ABE73425,NKDEQIGYWNV,46,22.0
181,HLA-B44:03,6002.96,ABE73425,SDLVAAVTLAL,181,23.0
44,HLA-B44:03,6007.8,ABE73425,KGNKDEQIGYW,44,24.0
69,HLA-B44:03,6012.66,ABE73425,DLPPKVHFYYL,69,25.0
299,HLA-B44:03,6014.96,ABE73425,NVQITYTYKML,299,26.0
64,HLA-B44:03,6015.28,ABE73425,RGQRVDLPPKV,64,27.0
24,HLA-B44:03,6018.28,ABE73425,LVSSDKAPYRV,24,28.0
253,HLA-B44:03,6020.15,ABE73425,FNHNMGDSDLV,253,29.0
275,HLA-B44:03,6021.85,ABE73425,LAELIPNQAAL,275,30.0
320,HLA-B44:03,6026.36,ABE73425,FIEQISAFTKP,320,31.0
284,HLA-B44:03,6026.92,ABE73425,ALFFDSEVSTD,284,32.0
66,HLA-B44:03,6030.22,ABE73425,QRVDLPPKVHF,66,33.0
296,HLA-B44:03,6031.8,ABE73425,VGDNVQITYTY,296,34.0
292,HLA-B44:03,6031.91,ABE73425,STDEVGDNVQI,292,35.0
55,HLA-B44:03,6032.61,ABE73425,NVQERWRMRRG,55,36.0
204,HLA-B44:03,6034.87,ABE73425,SSSGTFTPKKP,204,37.0
290,HLA-B44:03,6035.72,ABE73425,EVSTDEVGDNV,290,38.0
79,HLA-B44:03,6036.9,ABE73425,LGTGPHKDLKF,79,39.0
222,HLA-B44:03,6037.92,ABE73425,RADKPSQLKKP,222,40.0
192,HLA-B44:03,6038.74,ABE73425,KNLGFDNQSKS,192,41.0
54,HLA-B44:03,6040.73,ABE73425,WNVQERWRMRR,54,42.0
186,HLA-B44:03,6045.03,ABE73425,AVTLALKNLGF,186,43.0
323,HLA-B44:03,6046.89,ABE73425,QISAFTKPSSI,323,44.0
301,HLA-B44:03,6048.48,ABE73425,QITYTYKMLVA,301,45.0
97,HLA-B44:03,6049.16,ABE73425,VWVAKEGAKTV,97,46.0
86,HLA-B44:03,6049.31,ABE73425,DLKFRQRSDGV,86,47.0
18,HLA-B44:03,6050.52,ABE73425,SFYMPLLVSSD,18,48.0
33,HLA-B44:03,6051.51,ABE73425,RVIPRNLVPIG,33,49.0
20,HLA-B44:03,6052.19,ABE73425,YMPLLVSSDKA,20,50.0
110,HLA-B44:03,6054.36,ABE73425,SLGNRKRNQKP,110,51.0
107,HLA-B44:03,6054.46,ABE73425,VNTSLGNRKRN,107,52.0
307,HLA-B44:03,6056.51,ABE73425,KMLVAKDNKNL,307,53.0
70,HLA-B44:03,6056.8,ABE73425,LPPKVHFYYLG,70,54.0
251,HLA-B44:03,6058.51,ABE73425,RDFNHNMGDSD,251,55.0
185,HLA-B44:03,6058.58,ABE73425,AAVTLALKNLG,185,56.0
333,HLA-B44:03,6058.77,ABE73425,IKEMQSQSSHV,333,57.0
278,HLA-B44:03,6059.47,ABE73425,LIPNQAALFFD,278,58.0
106,HLA-B44:03,6060.1,ABE73425,TVNTSLGNRKR,106,59.0
282,HLA-B44:03,6060.17,ABE73425,QAALFFDSEVS,282,60.0
303,HLA-B44:03,6061.73,ABE73425,TYTYKMLVAKD,303,61.0
274,HLA-B44:03,6061.85,ABE73425,QLAELIPNQAA,274,62.0
179,HLA-B44:03,6062.45,ABE73425,SSSDLVAAVTL,179,63.0
219,HLA-B44:03,6062.49,ABE73425,SQPRADKPSQL,219,64.0
134,HLA-B44:03,6062.74,ABE73425,SVVEFEDRSNN,134,65.0
258,HLA-B44:03,6063.21,ABE73425,GDSDLVQNGVD,258,66.0
187,HLA-B44:03,6063.66,ABE73425,VTLALKNLGFD,187,67.0
277,HLA-B44:03,6064.66,ABE73425,ELIPNQAALFF,277,68.0
295,HLA-B44:03,6066.74,ABE73425,EVGDNVQITYT,295,69.0
183,HLA-B44:03,6066.79,ABE73425,LVAAVTLALKN,183,70.0
245,HLA-B44:03,6067.22,ABE73425,IQCFGPRDFNH,245,71.0
68,HLA-B44:03,6067.74,ABE73425,VDLPPKVHFYY,68,72.0
84,HLA-B44:03,6067.79,ABE73425,HKDLKFRQRSD,84,73.0
73,HLA-B44:03,6068.17,ABE73425,KVHFYYLGTGP,73,74.0
4,HLA-B44:03,6068.83,ABE73425,WADDRAARKKF,4,75.0
89,HLA-B44:03,6068.96,ABE73425,FRQRSDGVVWV,89,76.0
257,HLA-B44:03,6069.93,ABE73425,MGDSDLVQNGV,257,77.0
226,HLA-B44:03,6071.73,ABE73425,PSQLKKPRWKR,226,78.0
132,HLA-B44:03,6072.27,ABE73425,ELSVVEFEDRS,132,79.0
94,HLA-B44:03,6072.75,ABE73425,DGVVWVAKEGA,94,80.0
98,HLA-B44:03,6072.75,ABE73425,WVAKEGAKTVN,98,80.0
207,HLA-B44:03,6072.97,ABE73425,GTFTPKKPNKP,207,82.0
184,HLA-B44:03,6074.02,ABE73425,VAAVTLALKNL,184,83.0
175,HLA-B44:03,6074.15,ABE73425,DSNQSSSDLVA,175,84.0
248,HLA-B44:03,6074.76,ABE73425,FGPRDFNHNMG,248,85.0
287,HLA-B44:03,6075.88,ABE73425,FDSEVSTDEVG,287,86.0
283,HLA-B44:03,6076.47,ABE73425,AALFFDSEVST,283,87.0
49,HLA-B44:03,6077.01,ABE73425,EQIGYWNVQER,49,88.0
77,HLA-B44:03,6077.8,ABE73425,YYLGTGPHKDL,77,89.0
193,HLA-B44:03,6077.82,ABE73425,NLGFDNQSKSP,193,90.0
164,HLA-B44:03,6078.39,ABE73425,STSRQQSRTRS,164,91.0
205,HLA-B44:03,6078.67,ABE73425,SSGTFTPKKPN,205,92.0
177,HLA-B44:03,6079.2,ABE73425,NQSSSDLVAAV,177,93.0
304,HLA-B44:03,6079.27,ABE73425,YTYKMLVAKDN,304,94.0
308,HLA-B44:03,6080.06,ABE73425,MLVAKDNKNLP,308,95.0
174,HLA-B44:03,6080.14,ABE73425,SDSNQSSSDLV,174,96.0
65,HLA-B44:03,6080.52,ABE73425,GQRVDLPPKVH,65,97.0
261,HLA-B44:03,6080.97,ABE73425,DLVQNGVDAKG,261,98.0
332,HLA-B44:03,6081.28,ABE73425,SIKEMQSQSSH,332,99.0
87,HLA-B44:03,6081.54,ABE73425,LKFRQRSDGVV,87,100.0
96,HLA-B44:03,6081.8,ABE73425,VVWVAKEGAKT,96,101.0
310,HLA-B44:03,6082.42,ABE73425,VAKDNKNLPKF,310,102.0
262,HLA-B44:03,6082.48,ABE73425,LVQNGVDAKGF,262,103.0
58,HLA-B44:03,6083.03,ABE73425,ERWRMRRGQRV,58,104.0
256,HLA-B44:03,6083.43,ABE73425,NMGDSDLVQNG,256,105.0
41,HLA-B44:03,6084.06,ABE73425,PIGKGNKDEQI,41,106.0
201,HLA-B44:03,6084.17,ABE73425,KSPSSSGTFTP,201,107.0
35,HLA-B44:03,6084.31,ABE73425,IPRNLVPIGKG,35,108.0
246,HLA-B44:03,6084.55,ABE73425,QCFGPRDFNHN,246,109.0
30,HLA-B44:03,6084.57,ABE73425,APYRVIPRNLV,30,110.0
178,HLA-B44:03,6084.62,ABE73425,QSSSDLVAAVT,178,111.0
216,HLA-B44:03,6085.1,ABE73425,KPLSQPRADKP,216,112.0
29,HLA-B44:03,6087.45,ABE73425,KAPYRVIPRNL,29,113.0
133,HLA-B44:03,6088.11,ABE73425,LSVVEFEDRSN,133,114.0
72,HLA-B44:03,6088.34,ABE73425,PKVHFYYLGTG,72,115.0
316,HLA-B44:03,6088.91,ABE73425,NLPKFIEQISA,316,116.0
92,HLA-B44:03,6089.29,ABE73425,RSDGVVWVAKE,92,117.0
265,HLA-B44:03,6089.34,ABE73425,NGVDAKGFPQL,265,118.0
148,HLA-B44:03,6090.36,ABE73425,ASSRSSTRNNS,148,119.0
266,HLA-B44:03,6090.6,ABE73425,GVDAKGFPQLA,266,120.0
173,HLA-B44:03,6090.64,ABE73425,RSDSNQSSSDL,173,121.0
78,HLA-B44:03,6091.03,ABE73425,YLGTGPHKDLK,78,122.0
247,HLA-B44:03,6091.11,ABE73425,CFGPRDFNHNM,247,123.0
228,HLA-B44:03,6091.3,ABE73425,QLKKPRWKRVP,228,124.0
325,HLA-B44:03,6091.34,ABE73425,SAFTKPSSIKE,325,125.0
59,HLA-B44:03,6091.57,ABE73425,RWRMRRGQRVD,59,126.0
61,HLA-B44:03,6092.07,ABE73425,RMRRGQRVDLP,61,127.0
190,HLA-B44:03,6092.26,ABE73425,ALKNLGFDNQS,190,128.0
1,HLA-B44:03,6092.29,ABE73425,SVNWADDRAAR,1,129.0
14,HLA-B44:03,6092.79,ABE73425,FPPPSFYMPLL,14,130.0
199,HLA-B44:03,6092.84,ABE73425,QSKSPSSSGTF,199,131.0
142,HLA-B44:03,6093.3,ABE73425,SNNSSRASSRS,142,132.0
273,HLA-B44:03,6093.34,ABE73425,PQLAELIPNQA,273,133.0
163,HLA-B44:03,6093.7,ABE73425,RSTSRQQSRTR,163,134.0
194,HLA-B44:03,6094.23,ABE73425,LGFDNQSKSPS,194,135.0
53,HLA-B44:03,6094.57,ABE73425,YWNVQERWRMR,53,136.0
12,HLA-B44:03,6094.7,ABE73425,KKFPPPSFYMP,12,137.0
322,HLA-B44:03,6095.03,ABE73425,EQISAFTKPSS,322,138.0
22,HLA-B44:03,6095.73,ABE73425,PLLVSSDKAPY,22,139.0
160,HLA-B44:03,6095.76,ABE73425,DSSRSTSRQQS,160,140.0
80,HLA-B44:03,6095.89,ABE73425,GTGPHKDLKFR,80,141.0
145,HLA-B44:03,6095.91,ABE73425,SSRASSRSSTR,145,142.0
208,HLA-B44:03,6096.32,ABE73425,TFTPKKPNKPL,208,143.0
123,HLA-B44:03,6096.43,ABE73425,PKFSIALPPEL,123,144.0
51,HLA-B44:03,6096.55,ABE73425,IGYWNVQERWR,51,145.0
151,HLA-B44:03,6096.56,ABE73425,RSSTRNNSRDS,151,146.0
0,HLA-B44:03,6097.31,ABE73425,ASVNWADDRAA,0,147.0
147,HLA-B44:03,6097.46,ABE73425,RASSRSSTRNN,147,148.0
39,HLA-B44:03,6097.74,ABE73425,LVPIGKGNKDE,39,149.0
234,HLA-B44:03,6098.15,ABE73425,WKRVPTREENV,234,150.0
8,HLA-B44:03,6098.23,ABE73425,RAARKKFPPPS,8,151.0
198,HLA-B44:03,6098.44,ABE73425,NQSKSPSSSGT,198,152.0
213,HLA-B44:03,6098.49,ABE73425,KPNKPLSQPRA,213,153.0
127,HLA-B44:03,6098.73,ABE73425,IALPPELSVVE,127,154.0
13,HLA-B44:03,6098.89,ABE73425,KFPPPSFYMPL,13,155.0
150,HLA-B44:03,6099.1,ABE73425,SRSSTRNNSRD,150,156.0
105,HLA-B44:03,6099.11,ABE73425,KTVNTSLGNRK,105,157.0
3,HLA-B44:03,6099.14,ABE73425,NWADDRAARKK,3,158.0
11,HLA-B44:03,6099.62,ABE73425,RKKFPPPSFYM,11,159.0
309,HLA-B44:03,6099.62,ABE73425,LVAKDNKNLPK,309,159.0
56,HLA-B44:03,6100.1,ABE73425,VQERWRMRRGQ,56,161.0
259,HLA-B44:03,6100.27,ABE73425,DSDLVQNGVDA,259,162.0
176,HLA-B44:03,6100.62,ABE73425,SNQSSSDLVAA,176,163.0
203,HLA-B44:03,6100.73,ABE73425,PSSSGTFTPKK,203,164.0
75,HLA-B44:03,6100.89,ABE73425,HFYYLGTGPHK,75,165.0
188,HLA-B44:03,6101.54,ABE73425,TLALKNLGFDN,188,166.0
268,HLA-B44:03,6101.59,ABE73425,DAKGFPQLAEL,268,167.0
111,HLA-B44:03,6101.67,ABE73425,LGNRKRNQKPL,111,168.0
31,HLA-B44:03,6102.03,ABE73425,PYRVIPRNLVP,31,169.0
306,HLA-B44:03,6102.17,ABE73425,YKMLVAKDNKN,306,170.0
115,HLA-B44:03,6102.18,ABE73425,KRNQKPLEPKF,115,171.0
331,HLA-B44:03,6102.19,ABE73425,SSIKEMQSQSS,331,172.0
117,HLA-B44:03,6102.36,ABE73425,NQKPLEPKFSI,117,173.0
180,HLA-B44:03,6102.57,ABE73425,SSDLVAAVTLA,180,174.0
124,HLA-B44:03,6102.82,ABE73425,KFSIALPPELS,124,175.0
209,HLA-B44:03,6103.17,ABE73425,FTPKKPNKPLS,209,176.0
182,HLA-B44:03,6103.42,ABE73425,DLVAAVTLALK,182,177.0
169,HLA-B44:03,6103.72,ABE73425,QSRTRSDSNQS,169,178.0
154,HLA-B44:03,6104.01,ABE73425,TRNNSRDSSRS,154,179.0
15,HLA-B44:03,6104.58,ABE73425,PPPSFYMPLLV,15,180.0
60,HLA-B44:03,6104.59,ABE73425,WRMRRGQRVDL,60,181.0
112,HLA-B44:03,6104.68,ABE73425,GNRKRNQKPLE,112,182.0
279,HLA-B44:03,6105.07,ABE73425,IPNQAALFFDS,279,183.0
318,HLA-B44:03,6105.25,ABE73425,PKFIEQISAFT,318,184.0
232,HLA-B44:03,6105.6,ABE73425,PRWKRVPTREE,232,185.0
270,HLA-B44:03,6106.02,ABE73425,KGFPQLAELIP,270,186.0
297,HLA-B44:03,6106.07,ABE73425,GDNVQITYTYK,297,187.0
319,HLA-B44:03,6106.09,ABE73425,KFIEQISAFTK,319,188.0
21,HLA-B44:03,6106.34,ABE73425,MPLLVSSDKAP,21,189.0
83,HLA-B44:03,6106.46,ABE73425,PHKDLKFRQRS,83,190.0
269,HLA-B44:03,6106.64,ABE73425,AKGFPQLAELI,269,191.0
99,HLA-B44:03,6107.85,ABE73425,VAKEGAKTVNT,99,192.0
330,HLA-B44:03,6108.09,ABE73425,PSSIKEMQSQS,330,193.0
119,HLA-B44:03,6108.12,ABE73425,KPLEPKFSIAL,119,194.0
158,HLA-B44:03,6108.19,ABE73425,SRDSSRSTSRQ,158,195.0
6,HLA-B44:03,6108.25,ABE73425,DDRAARKKFPP,6,196.0
212,HLA-B44:03,6108.36,ABE73425,KKPNKPLSQPR,212,197.0
43,HLA-B44:03,6108.8,ABE73425,GKGNKDEQIGY,43,198.0
263,HLA-B44:03,6109.06,ABE73425,VQNGVDAKGFP,263,199.0
2,HLA-B44:03,6109.2,ABE73425,VNWADDRAARK,2,200.0
108,HLA-B44:03,6109.29,ABE73425,NTSLGNRKRNQ,108,201.0
165,HLA-B44:03,6109.59,ABE73425,TSRQQSRTRSD,165,202.0
230,HLA-B44:03,6110.09,ABE73425,KKPRWKRVPTR,230,203.0
102,HLA-B44:03,6110.24,ABE73425,EGAKTVNTSLG,102,204.0
267,HLA-B44:03,6110.25,ABE73425,VDAKGFPQLAE,267,205.0
161,HLA-B44:03,6110.38,ABE73425,SSRSTSRQQSR,161,206.0
52,HLA-B44:03,6110.48,ABE73425,GYWNVQERWRM,52,207.0
104,HLA-B44:03,6110.53,ABE73425,AKTVNTSLGNR,104,208.0
74,HLA-B44:03,6110.89,ABE73425,VHFYYLGTGPH,74,209.0
109,HLA-B44:03,6111.02,ABE73425,TSLGNRKRNQK,109,210.0
42,HLA-B44:03,6111.06,ABE73425,IGKGNKDEQIG,42,211.0
314,HLA-B44:03,6111.1,ABE73425,NKNLPKFIEQI,314,212.0
146,HLA-B44:03,6111.2,ABE73425,SRASSRSSTRN,146,213.0
159,HLA-B44:03,6111.32,ABE73425,RDSSRSTSRQQ,159,214.0
113,HLA-B44:03,6111.42,ABE73425,NRKRNQKPLEP,113,215.0
32,HLA-B44:03,6111.49,ABE73425,YRVIPRNLVPI,32,216.0
156,HLA-B44:03,6111.72,ABE73425,NNSRDSSRSTS,156,217.0
135,HLA-B44:03,6111.77,ABE73425,VVEFEDRSNNS,135,218.0
141,HLA-B44:03,6111.8,ABE73425,RSNNSSRASSR,141,219.0
25,HLA-B44:03,6111.84,ABE73425,VSSDKAPYRVI,25,220.0
217,HLA-B44:03,6111.93,ABE73425,PLSQPRADKPS,217,221.0
45,HLA-B44:03,6111.98,ABE73425,GNKDEQIGYWN,45,222.0
144,HLA-B44:03,6112.66,ABE73425,NSSRASSRSST,144,223.0
90,HLA-B44:03,6112.88,ABE73425,RQRSDGVVWVA,90,224.0
93,HLA-B44:03,6112.89,ABE73425,SDGVVWVAKEG,93,225.0
36,HLA-B44:03,6112.98,ABE73425,PRNLVPIGKGN,36,226.0
272,HLA-B44:03,6113.09,ABE73425,FPQLAELIPNQ,272,227.0
221,HLA-B44:03,6113.28,ABE73425,PRADKPSQLKK,221,228.0
327,HLA-B44:03,6113.31,ABE73425,FTKPSSIKEMQ,327,229.0
155,HLA-B44:03,6113.52,ABE73425,RNNSRDSSRST,155,230.0
95,HLA-B44:03,6113.95,ABE73425,GVVWVAKEGAK,95,231.0
71,HLA-B44:03,6114.15,ABE73425,PPKVHFYYLGT,71,232.0
311,HLA-B44:03,6114.19,ABE73425,AKDNKNLPKFI,311,233.0
23,HLA-B44:03,6114.32,ABE73425,LLVSSDKAPYR,23,234.0
5,HLA-B44:03,6114.65,ABE73425,ADDRAARKKFP,5,235.0
231,HLA-B44:03,6115.32,ABE73425,KPRWKRVPTRE,231,236.0
34,HLA-B44:03,6115.55,ABE73425,VIPRNLVPIGK,34,237.0
328,HLA-B44:03,6115.63,ABE73425,TKPSSIKEMQS,328,238.0
280,HLA-B44:03,6115.96,ABE73425,PNQAALFFDSE,280,239.0
128,HLA-B44:03,6116.0,ABE73425,ALPPELSVVEF,128,240.0
100,HLA-B44:03,6116.05,ABE73425,AKEGAKTVNTS,100,241.0
143,HLA-B44:03,6116.23,ABE73425,NNSSRASSRSS,143,242.0
27,HLA-B44:03,6116.75,ABE73425,SDKAPYRVIPR,27,243.0
152,HLA-B44:03,6116.83,ABE73425,SSTRNNSRDSS,152,244.0
285,HLA-B44:03,6116.89,ABE73425,LFFDSEVSTDE,285,245.0
116,HLA-B44:03,6116.99,ABE73425,RNQKPLEPKFS,116,246.0
243,HLA-B44:03,6117.33,ABE73425,NVIQCFGPRDF,243,247.0
172,HLA-B44:03,6117.73,ABE73425,TRSDSNQSSSD,172,248.0
255,HLA-B44:03,6118.11,ABE73425,HNMGDSDLVQN,255,249.0
271,HLA-B44:03,6118.11,ABE73425,GFPQLAELIPN,271,249.0
140,HLA-B44:03,6118.5,ABE73425,DRSNNSSRASS,140,251.0
114,HLA-B44:03,6118.52,ABE73425,RKRNQKPLEPK,114,252.0
149,HLA-B44:03,6118.7,ABE73425,SSRSSTRNNSR,149,253.0
10,HLA-B44:03,6118.79,ABE73425,ARKKFPPPSFY,10,254.0
240,HLA-B44:03,6119.17,ABE73425,REENVIQCFGP,240,255.0
252,HLA-B44:03,6119.44,ABE73425,DFNHNMGDSDL,252,256.0
162,HLA-B44:03,6119.67,ABE73425,SRSTSRQQSRT,162,257.0
82,HLA-B44:03,6119.82,ABE73425,GPHKDLKFRQR,82,258.0
16,HLA-B44:03,6119.89,ABE73425,PPSFYMPLLVS,16,259.0
28,HLA-B44:03,6119.93,ABE73425,DKAPYRVIPRN,28,260.0
239,HLA-B44:03,6120.16,ABE73425,TREENVIQCFG,239,261.0
326,HLA-B44:03,6120.3,ABE73425,AFTKPSSIKEM,326,262.0
189,HLA-B44:03,6120.41,ABE73425,LALKNLGFDNQ,189,263.0
167,HLA-B44:03,6120.47,ABE73425,RQQSRTRSDSN,167,264.0
103,HLA-B44:03,6120.63,ABE73425,GAKTVNTSLGN,103,265.0
305,HLA-B44:03,6121.23,ABE73425,TYKMLVAKDNK,305,266.0
168,HLA-B44:03,6121.59,ABE73425,QQSRTRSDSNQ,168,267.0
67,HLA-B44:03,6121.73,ABE73425,RVDLPPKVHFY,67,268.0
153,HLA-B44:03,6122.49,ABE73425,STRNNSRDSSR,153,269.0
211,HLA-B44:03,6122.57,ABE73425,PKKPNKPLSQP,211,270.0
7,HLA-B44:03,6122.85,ABE73425,DRAARKKFPPP,7,271.0
139,HLA-B44:03,6123.15,ABE73425,EDRSNNSSRAS,139,272.0
235,HLA-B44:03,6123.21,ABE73425,KRVPTREENVI,235,273.0
223,HLA-B44:03,6123.29,ABE73425,ADKPSQLKKPR,223,274.0
220,HLA-B44:03,6124.54,ABE73425,QPRADKPSQLK,220,275.0
157,HLA-B44:03,6124.84,ABE73425,NSRDSSRSTSR,157,276.0
317,HLA-B44:03,6124.89,ABE73425,LPKFIEQISAF,317,277.0
63,HLA-B44:03,6125.03,ABE73425,RRGQRVDLPPK,63,278.0
171,HLA-B44:03,6125.04,ABE73425,RTRSDSNQSSS,171,279.0
249,HLA-B44:03,6125.21,ABE73425,GPRDFNHNMGD,249,280.0
315,HLA-B44:03,6125.98,ABE73425,KNLPKFIEQIS,315,281.0
196,HLA-B44:03,6126.1,ABE73425,FDNQSKSPSSS,196,282.0
81,HLA-B44:03,6126.19,ABE73425,TGPHKDLKFRQ,81,283.0
40,HLA-B44:03,6126.46,ABE73425,VPIGKGNKDEQ,40,284.0
120,HLA-B44:03,6127.44,ABE73425,PLEPKFSIALP,120,285.0
244,HLA-B44:03,6128.0,ABE73425,VIQCFGPRDFN,244,286.0
250,HLA-B44:03,6128.03,ABE73425,PRDFNHNMGDS,250,287.0
233,HLA-B44:03,6128.5,ABE73425,RWKRVPTREEN,233,288.0
26,HLA-B44:03,6128.65,ABE73425,SSDKAPYRVIP,26,289.0
166,HLA-B44:03,6128.75,ABE73425,SRQQSRTRSDS,166,290.0
138,HLA-B44:03,6129.26,ABE73425,FEDRSNNSSRA,138,291.0
191,HLA-B44:03,6129.72,ABE73425,LKNLGFDNQSK,191,292.0
62,HLA-B44:03,6129.81,ABE73425,MRRGQRVDLPP,62,293.0
37,HLA-B44:03,6129.83,ABE73425,RNLVPIGKGNK,37,294.0
118,HLA-B44:03,6131.06,ABE73425,QKPLEPKFSIA,118,295.0
214,HLA-B44:03,6131.09,ABE73425,PNKPLSQPRAD,214,296.0
19,HLA-B44:03,6131.53,ABE73425,FYMPLLVSSDK,19,297.0
9,HLA-B44:03,6131.54,ABE73425,AARKKFPPPSF,9,298.0
47,HLA-B44:03,6134.33,ABE73425,KDEQIGYWNVQ,47,299.0
202,HLA-B44:03,6134.67,ABE73425,SPSSSGTFTPK,202,300.0
324,HLA-B44:03,6134.74,ABE73425,ISAFTKPSSIK,324,301.0
215,HLA-B44:03,6135.09,ABE73425,NKPLSQPRADK,215,302.0
122,HLA-B44:03,6135.19,ABE73425,EPKFSIALPPE,122,303.0
17,HLA-B44:03,6135.23,ABE73425,PSFYMPLLVSS,17,304.0
85,HLA-B44:03,6135.7,ABE73425,KDLKFRQRSDG,85,305.0
129,HLA-B44:03,6135.73,ABE73425,LPPELSVVEFE,129,306.0
254,HLA-B44:03,6136.9,ABE73425,NHNMGDSDLVQ,254,307.0
195,HLA-B44:03,6137.46,ABE73425,GFDNQSKSPSS,195,308.0
302,HLA-B44:03,6137.61,ABE73425,ITYTYKMLVAK,302,309.0
288,HLA-B44:03,6138.27,ABE73425,DSEVSTDEVGD,288,310.0
293,HLA-B44:03,6138.69,ABE73425,TDEVGDNVQIT,293,311.0
91,HLA-B44:03,6138.85,ABE73425,QRSDGVVWVAK,91,312.0
329,HLA-B44:03,6139.16,ABE73425,KPSSIKEMQSQ,329,313.0
312,HLA-B44:03,6139.77,ABE73425,KDNKNLPKFIE,312,314.0
210,HLA-B44:03,6140.33,ABE73425,TPKKPNKPLSQ,210,315.0
57,HLA-B44:03,6140.71,ABE73425,QERWRMRRGQR,57,316.0
264,HLA-B44:03,6140.91,ABE73425,QNGVDAKGFPQ,264,317.0
236,HLA-B44:03,6141.48,ABE73425,RVPTREENVIQ,236,318.0
218,HLA-B44:03,6141.93,ABE73425,LSQPRADKPSQ,218,319.0
137,HLA-B44:03,6142.79,ABE73425,EFEDRSNNSSR,137,320.0
170,HLA-B44:03,6143.3,ABE73425,SRTRSDSNQSS,170,321.0
291,HLA-B44:03,6144.24,ABE73425,VSTDEVGDNVQ,291,322.0
200,HLA-B44:03,6146.21,ABE73425,SKSPSSSGTFT,200,323.0
238,HLA-B44:03,6147.14,ABE73425,PTREENVIQCF,238,324.0
229,HLA-B44:03,6148.1,ABE73425,LKKPRWKRVPT,229,325.0
131,HLA-B44:03,6148.69,ABE73425,PELSVVEFEDR,131,326.0
225,HLA-B44:03,6150.89,ABE73425,KPSQLKKPRWK,225,327.0
130,HLA-B44:03,6152.02,ABE73425,PPELSVVEFED,130,328.0
313,HLA-B44:03,6152.02,ABE73425,DNKNLPKFIEQ,313,328.0
197,HLA-B44:03,6156.17,ABE73425,DNQSKSPSSSG,197,330.0
260,HLA-B44:03,6157.35,ABE73425,SDLVQNGVDAK,260,331.0
206,HLA-B44:03,6163.56,ABE73425,SGTFTPKKPNK,206,332.0
237,HLA-B44:03,6171.88,ABE73425,VPTREENVIQC,237,333.0
136,HLA-B44:03,6207.02,ABE73425,VEFEDRSNNSS,136,334.0
179,HLA-B57:01,5307.33,ABE73425,SSSDLVAAVTL,179,1.0
310,HLA-B57:01,5317.97,ABE73425,VAKDNKNLPKF,310,2.0
163,HLA-B57:01,5492.49,ABE73425,RSTSRQQSRTR,163,3.0
127,HLA-B57:01,5533.58,ABE73425,IALPPELSVVE,127,4.0
44,HLA-B57:01,5550.98,ABE73425,KGNKDEQIGYW,44,5.0
296,HLA-B57:01,5553.28,ABE73425,VGDNVQITYTY,296,6.0
80,HLA-B57:01,5635.0,ABE73425,GTGPHKDLKFR,80,7.0
201,HLA-B57:01,5658.45,ABE73425,KSPSSSGTFTP,201,8.0
133,HLA-B57:01,5677.09,ABE73425,LSVVEFEDRSN,133,9.0
106,HLA-B57:01,5684.97,ABE73425,TVNTSLGNRKR,106,10.0
67,HLA-B57:01,5695.62,ABE73425,RVDLPPKVHFY,67,11.0
145,HLA-B57:01,5700.78,ABE73425,SSRASSRSSTR,145,12.0
302,HLA-B57:01,5706.0,ABE73425,ITYTYKMLVAK,302,13.0
149,HLA-B57:01,5709.86,ABE73425,SSRSSTRNNSR,149,14.0
161,HLA-B57:01,5728.71,ABE73425,SSRSTSRQQSR,161,15.0
105,HLA-B57:01,5735.63,ABE73425,KTVNTSLGNRK,105,16.0
153,HLA-B57:01,5735.87,ABE73425,STRNNSRDSSR,153,17.0
141,HLA-B57:01,5742.05,ABE73425,RSNNSSRASSR,141,18.0
51,HLA-B57:01,5742.48,ABE73425,IGYWNVQERWR,51,19.0
207,HLA-B57:01,5743.99,ABE73425,GTFTPKKPNKP,207,20.0
131,HLA-B57:01,5747.87,ABE73425,PELSVVEFEDR,131,21.0
157,HLA-B57:01,5751.14,ABE73425,NSRDSSRSTSR,157,22.0
241,HLA-B57:01,5765.95,ABE73425,EENVIQCFGPR,241,23.0
1,HLA-B57:01,5772.58,ABE73425,SVNWADDRAAR,1,24.0
204,HLA-B57:01,5774.82,ABE73425,SSSGTFTPKKP,204,25.0
171,HLA-B57:01,5775.97,ABE73425,RTRSDSNQSSS,171,26.0
23,HLA-B57:01,5782.96,ABE73425,LLVSSDKAPYR,23,27.0
49,HLA-B57:01,5784.02,ABE73425,EQIGYWNVQER,49,28.0
225,HLA-B57:01,5787.17,ABE73425,KPSQLKKPRWK,225,29.0
212,HLA-B57:01,5787.24,ABE73425,KKPNKPLSQPR,212,30.0
319,HLA-B57:01,5787.68,ABE73425,KFIEQISAFTK,319,31.0
9,HLA-B57:01,5793.0,ABE73425,AARKKFPPPSF,9,32.0
230,HLA-B57:01,5794.37,ABE73425,KKPRWKRVPTR,230,33.0
25,HLA-B57:01,5796.28,ABE73425,VSSDKAPYRVI,25,34.0
27,HLA-B57:01,5796.63,ABE73425,SDKAPYRVIPR,27,35.0
50,HLA-B57:01,5798.87,ABE73425,QIGYWNVQERW,50,36.0
91,HLA-B57:01,5802.51,ABE73425,QRSDGVVWVAK,91,37.0
186,HLA-B57:01,5804.93,ABE73425,AVTLALKNLGF,186,38.0
223,HLA-B57:01,5807.16,ABE73425,ADKPSQLKKPR,223,39.0
104,HLA-B57:01,5811.02,ABE73425,AKTVNTSLGNR,104,40.0
297,HLA-B57:01,5811.31,ABE73425,GDNVQITYTYK,297,41.0
82,HLA-B57:01,5815.53,ABE73425,GPHKDLKFRQR,82,42.0
292,HLA-B57:01,5817.0,ABE73425,STDEVGDNVQI,292,43.0
53,HLA-B57:01,5818.76,ABE73425,YWNVQERWRMR,53,44.0
4,HLA-B57:01,5821.79,ABE73425,WADDRAARKKF,4,45.0
57,HLA-B57:01,5829.07,ABE73425,QERWRMRRGQR,57,46.0
164,HLA-B57:01,5830.39,ABE73425,STSRQQSRTRS,164,47.0
226,HLA-B57:01,5835.09,ABE73425,PSQLKKPRWKR,226,48.0
222,HLA-B57:01,5835.58,ABE73425,RADKPSQLKKP,222,49.0
206,HLA-B57:01,5836.01,ABE73425,SGTFTPKKPNK,206,50.0
54,HLA-B57:01,5836.07,ABE73425,WNVQERWRMRR,54,51.0
304,HLA-B57:01,5837.82,ABE73425,YTYKMLVAKDN,304,52.0
137,HLA-B57:01,5838.14,ABE73425,EFEDRSNNSSR,137,53.0
95,HLA-B57:01,5838.34,ABE73425,GVVWVAKEGAK,95,54.0
19,HLA-B57:01,5841.63,ABE73425,FYMPLLVSSDK,19,55.0
324,HLA-B57:01,5843.33,ABE73425,ISAFTKPSSIK,324,56.0
305,HLA-B57:01,5847.33,ABE73425,TYKMLVAKDNK,305,57.0
2,HLA-B57:01,5848.22,ABE73425,VNWADDRAARK,2,58.0
34,HLA-B57:01,5851.74,ABE73425,VIPRNLVPIGK,34,59.0
215,HLA-B57:01,5852.77,ABE73425,NKPLSQPRADK,215,60.0
260,HLA-B57:01,5857.07,ABE73425,SDLVQNGVDAK,260,61.0
128,HLA-B57:01,5858.51,ABE73425,ALPPELSVVEF,128,62.0
37,HLA-B57:01,5860.28,ABE73425,RNLVPIGKGNK,37,63.0
220,HLA-B57:01,5862.84,ABE73425,QPRADKPSQLK,220,64.0
191,HLA-B57:01,5863.47,ABE73425,LKNLGFDNQSK,191,65.0
92,HLA-B57:01,5863.74,ABE73425,RSDGVVWVAKE,92,66.0
114,HLA-B57:01,5863.9,ABE73425,RKRNQKPLEPK,114,67.0
202,HLA-B57:01,5866.18,ABE73425,SPSSSGTFTPK,202,68.0
78,HLA-B57:01,5868.64,ABE73425,YLGTGPHKDLK,78,69.0
327,HLA-B57:01,5871.71,ABE73425,FTKPSSIKEMQ,327,70.0
63,HLA-B57:01,5874.55,ABE73425,RRGQRVDLPPK,63,71.0
224,HLA-B57:01,5883.71,ABE73425,DKPSQLKKPRW,224,72.0
109,HLA-B57:01,5885.5,ABE73425,TSLGNRKRNQK,109,73.0
309,HLA-B57:01,5886.9,ABE73425,LVAKDNKNLPK,309,74.0
199,HLA-B57:01,5889.95,ABE73425,QSKSPSSSGTF,199,75.0
221,HLA-B57:01,5893.15,ABE73425,PRADKPSQLKK,221,76.0
75,HLA-B57:01,5893.78,ABE73425,HFYYLGTGPHK,75,77.0
3,HLA-B57:01,5907.38,ABE73425,NWADDRAARKK,3,78.0
88,HLA-B57:01,5908.96,ABE73425,KFRQRSDGVVW,88,79.0
203,HLA-B57:01,5909.84,ABE73425,PSSSGTFTPKK,203,80.0
262,HLA-B57:01,5911.0,ABE73425,LVQNGVDAKGF,262,81.0
218,HLA-B57:01,5913.5,ABE73425,LSQPRADKPSQ,218,82.0
79,HLA-B57:01,5914.15,ABE73425,LGTGPHKDLKF,79,83.0
147,HLA-B57:01,5915.66,ABE73425,RASSRSSTRNN,147,84.0
0,HLA-B57:01,5923.53,ABE73425,ASVNWADDRAA,0,85.0
325,HLA-B57:01,5925.83,ABE73425,SAFTKPSSIKE,325,86.0
283,HLA-B57:01,5926.42,ABE73425,AALFFDSEVST,283,87.0
26,HLA-B57:01,5927.32,ABE73425,SSDKAPYRVIP,26,88.0
61,HLA-B57:01,5928.94,ABE73425,RMRRGQRVDLP,61,89.0
331,HLA-B57:01,5929.49,ABE73425,SSIKEMQSQSS,331,90.0
184,HLA-B57:01,5931.81,ABE73425,VAAVTLALKNL,184,91.0
96,HLA-B57:01,5934.18,ABE73425,VVWVAKEGAKT,96,92.0
182,HLA-B57:01,5940.34,ABE73425,DLVAAVTLALK,182,93.0
187,HLA-B57:01,5941.28,ABE73425,VTLALKNLGFD,187,94.0
320,HLA-B57:01,5942.92,ABE73425,FIEQISAFTKP,320,95.0
99,HLA-B57:01,5944.87,ABE73425,VAKEGAKTVNT,99,96.0
73,HLA-B57:01,5947.73,ABE73425,KVHFYYLGTGP,73,97.0
189,HLA-B57:01,5948.55,ABE73425,LALKNLGFDNQ,189,98.0
175,HLA-B57:01,5948.57,ABE73425,DSNQSSSDLVA,175,99.0
65,HLA-B57:01,5949.23,ABE73425,GQRVDLPPKVH,65,100.0
236,HLA-B57:01,5949.76,ABE73425,RVPTREENVIQ,236,101.0
134,HLA-B57:01,5949.78,ABE73425,SVVEFEDRSNN,134,102.0
152,HLA-B57:01,5950.03,ABE73425,SSTRNNSRDSS,152,103.0
301,HLA-B57:01,5953.33,ABE73425,QITYTYKMLVA,301,104.0
165,HLA-B57:01,5953.82,ABE73425,TSRQQSRTRSD,165,105.0
151,HLA-B57:01,5955.54,ABE73425,RSSTRNNSRDS,151,106.0
148,HLA-B57:01,5957.15,ABE73425,ASSRSSTRNNS,148,107.0
74,HLA-B57:01,5960.4,ABE73425,VHFYYLGTGPH,74,108.0
183,HLA-B57:01,5960.81,ABE73425,LVAAVTLALKN,183,109.0
178,HLA-B57:01,5963.83,ABE73425,QSSSDLVAAVT,178,110.0
90,HLA-B57:01,5969.1,ABE73425,RQRSDGVVWVA,90,111.0
33,HLA-B57:01,5969.87,ABE73425,RVIPRNLVPIG,33,112.0
258,HLA-B57:01,5972.54,ABE73425,GDSDLVQNGVD,258,113.0
273,HLA-B57:01,5976.95,ABE73425,PQLAELIPNQA,273,114.0
293,HLA-B57:01,5977.38,ABE73425,TDEVGDNVQIT,293,115.0
24,HLA-B57:01,5977.7,ABE73425,LVSSDKAPYRV,24,116.0
267,HLA-B57:01,5978.52,ABE73425,VDAKGFPQLAE,267,117.0
138,HLA-B57:01,5979.26,ABE73425,FEDRSNNSSRA,138,118.0
144,HLA-B57:01,5980.85,ABE73425,NSSRASSRSST,144,119.0
229,HLA-B57:01,5981.08,ABE73425,LKKPRWKRVPT,229,120.0
274,HLA-B57:01,5981.22,ABE73425,QLAELIPNQAA,274,121.0
245,HLA-B57:01,5981.66,ABE73425,IQCFGPRDFNH,245,122.0
72,HLA-B57:01,5981.91,ABE73425,PKVHFYYLGTG,72,123.0
39,HLA-B57:01,5982.0,ABE73425,LVPIGKGNKDE,39,124.0
126,HLA-B57:01,5982.13,ABE73425,SIALPPELSVV,126,125.0
185,HLA-B57:01,5982.95,ABE73425,AAVTLALKNLG,185,126.0
81,HLA-B57:01,5985.95,ABE73425,TGPHKDLKFRQ,81,127.0
118,HLA-B57:01,5986.56,ABE73425,QKPLEPKFSIA,118,128.0
259,HLA-B57:01,5987.82,ABE73425,DSDLVQNGVDA,259,129.0
125,HLA-B57:01,5987.86,ABE73425,FSIALPPELSV,125,130.0
108,HLA-B57:01,5988.85,ABE73425,NTSLGNRKRNQ,108,131.0
231,HLA-B57:01,5988.85,ABE73425,KPRWKRVPTRE,231,131.0
160,HLA-B57:01,5989.97,ABE73425,DSSRSTSRQQS,160,133.0
32,HLA-B57:01,5989.99,ABE73425,YRVIPRNLVPI,32,134.0
276,HLA-B57:01,5990.14,ABE73425,AELIPNQAALF,276,135.0
176,HLA-B57:01,5990.39,ABE73425,SNQSSSDLVAA,176,136.0
181,HLA-B57:01,5990.54,ABE73425,SDLVAAVTLAL,181,137.0
47,HLA-B57:01,5991.3,ABE73425,KDEQIGYWNVQ,47,138.0
329,HLA-B57:01,5991.43,ABE73425,KPSSIKEMQSQ,329,139.0
254,HLA-B57:01,5991.74,ABE73425,NHNMGDSDLVQ,254,140.0
208,HLA-B57:01,5992.17,ABE73425,TFTPKKPNKPL,208,141.0
71,HLA-B57:01,5993.17,ABE73425,PPKVHFYYLGT,71,142.0
198,HLA-B57:01,5994.11,ABE73425,NQSKSPSSSGT,198,143.0
256,HLA-B57:01,5996.13,ABE73425,NMGDSDLVQNG,256,144.0
315,HLA-B57:01,5996.67,ABE73425,KNLPKFIEQIS,315,145.0
284,HLA-B57:01,5997.3,ABE73425,ALFFDSEVSTD,284,146.0
156,HLA-B57:01,5997.52,ABE73425,NNSRDSSRSTS,156,147.0
58,HLA-B57:01,5997.56,ABE73425,ERWRMRRGQRV,58,148.0
98,HLA-B57:01,5997.68,ABE73425,WVAKEGAKTVN,98,149.0
115,HLA-B57:01,5998.05,ABE73425,KRNQKPLEPKF,115,150.0
288,HLA-B57:01,5998.51,ABE73425,DSEVSTDEVGD,288,151.0
119,HLA-B57:01,5998.76,ABE73425,KPLEPKFSIAL,119,152.0
150,HLA-B57:01,5998.78,ABE73425,SRSSTRNNSRD,150,153.0
22,HLA-B57:01,6000.05,ABE73425,PLLVSSDKAPY,22,154.0
285,HLA-B57:01,6000.09,ABE73425,LFFDSEVSTDE,285,155.0
155,HLA-B57:01,6001.17,ABE73425,RNNSRDSSRST,155,156.0
168,HLA-B57:01,6002.86,ABE73425,QQSRTRSDSNQ,168,157.0
318,HLA-B57:01,6003.28,ABE73425,PKFIEQISAFT,318,158.0
266,HLA-B57:01,6003.38,ABE73425,GVDAKGFPQLA,266,159.0
275,HLA-B57:01,6003.44,ABE73425,LAELIPNQAAL,275,160.0
97,HLA-B57:01,6003.63,ABE73425,VWVAKEGAKTV,97,161.0
317,HLA-B57:01,6004.15,ABE73425,LPKFIEQISAF,317,162.0
217,HLA-B57:01,6004.2,ABE73425,PLSQPRADKPS,217,163.0
20,HLA-B57:01,6004.53,ABE73425,YMPLLVSSDKA,20,164.0
227,HLA-B57:01,6005.39,ABE73425,SQLKKPRWKRV,227,165.0
264,HLA-B57:01,6005.51,ABE73425,QNGVDAKGFPQ,264,166.0
247,HLA-B57:01,6005.54,ABE73425,CFGPRDFNHNM,247,167.0
282,HLA-B57:01,6005.66,ABE73425,QAALFFDSEVS,282,168.0
45,HLA-B57:01,6005.74,ABE73425,GNKDEQIGYWN,45,169.0
107,HLA-B57:01,6005.89,ABE73425,VNTSLGNRKRN,107,170.0
52,HLA-B57:01,6006.09,ABE73425,GYWNVQERWRM,52,171.0
270,HLA-B57:01,6006.13,ABE73425,KGFPQLAELIP,270,172.0
287,HLA-B57:01,6007.33,ABE73425,FDSEVSTDEVG,287,173.0
295,HLA-B57:01,6007.49,ABE73425,EVGDNVQITYT,295,174.0
130,HLA-B57:01,6007.9,ABE73425,PPELSVVEFED,130,175.0
332,HLA-B57:01,6007.92,ABE73425,SIKEMQSQSSH,332,176.0
313,HLA-B57:01,6007.98,ABE73425,DNKNLPKFIEQ,313,177.0
291,HLA-B57:01,6008.34,ABE73425,VSTDEVGDNVQ,291,178.0
60,HLA-B57:01,6008.87,ABE73425,WRMRRGQRVDL,60,179.0
42,HLA-B57:01,6009.03,ABE73425,IGKGNKDEQIG,42,180.0
219,HLA-B57:01,6009.07,ABE73425,SQPRADKPSQL,219,181.0
307,HLA-B57:01,6009.9,ABE73425,KMLVAKDNKNL,307,182.0
303,HLA-B57:01,6010.97,ABE73425,TYTYKMLVAKD,303,183.0
243,HLA-B57:01,6011.12,ABE73425,NVIQCFGPRDF,243,184.0
255,HLA-B57:01,6011.58,ABE73425,HNMGDSDLVQN,255,185.0
85,HLA-B57:01,6011.67,ABE73425,KDLKFRQRSDG,85,186.0
210,HLA-B57:01,6011.76,ABE73425,TPKKPNKPLSQ,210,187.0
272,HLA-B57:01,6011.96,ABE73425,FPQLAELIPNQ,272,188.0
146,HLA-B57:01,6013.25,ABE73425,SRASSRSSTRN,146,189.0
312,HLA-B57:01,6014.1,ABE73425,KDNKNLPKFIE,312,190.0
233,HLA-B57:01,6014.64,ABE73425,RWKRVPTREEN,233,191.0
83,HLA-B57:01,6015.08,ABE73425,PHKDLKFRQRS,83,192.0
277,HLA-B57:01,6015.35,ABE73425,ELIPNQAALFF,277,193.0
77,HLA-B57:01,6015.83,ABE73425,YYLGTGPHKDL,77,194.0
93,HLA-B57:01,6016.16,ABE73425,SDGVVWVAKEG,93,195.0
17,HLA-B57:01,6016.29,ABE73425,PSFYMPLLVSS,17,196.0
234,HLA-B57:01,6016.42,ABE73425,WKRVPTREENV,234,197.0
35,HLA-B57:01,6016.8,ABE73425,IPRNLVPIGKG,35,198.0
16,HLA-B57:01,6017.55,ABE73425,PPSFYMPLLVS,16,199.0
326,HLA-B57:01,6017.66,ABE73425,AFTKPSSIKEM,326,200.0
59,HLA-B57:01,6017.72,ABE73425,RWRMRRGQRVD,59,201.0
29,HLA-B57:01,6018.5,ABE73425,KAPYRVIPRNL,29,202.0
214,HLA-B57:01,6019.03,ABE73425,PNKPLSQPRAD,214,203.0
294,HLA-B57:01,6019.04,ABE73425,DEVGDNVQITY,294,204.0
316,HLA-B57:01,6019.73,ABE73425,NLPKFIEQISA,316,205.0
166,HLA-B57:01,6019.88,ABE73425,SRQQSRTRSDS,166,206.0
48,HLA-B57:01,6020.6,ABE73425,DEQIGYWNVQE,48,207.0
101,HLA-B57:01,6021.37,ABE73425,KEGAKTVNTSL,101,208.0
271,HLA-B57:01,6021.72,ABE73425,GFPQLAELIPN,271,209.0
289,HLA-B57:01,6021.78,ABE73425,SEVSTDEVGDN,289,210.0
162,HLA-B57:01,6022.21,ABE73425,SRSTSRQQSRT,162,211.0
111,HLA-B57:01,6022.46,ABE73425,LGNRKRNQKPL,111,212.0
94,HLA-B57:01,6022.74,ABE73425,DGVVWVAKEGA,94,213.0
100,HLA-B57:01,6023.33,ABE73425,AKEGAKTVNTS,100,214.0
135,HLA-B57:01,6023.57,ABE73425,VVEFEDRSNNS,135,215.0
238,HLA-B57:01,6024.99,ABE73425,PTREENVIQCF,238,216.0
169,HLA-B57:01,6025.68,ABE73425,QSRTRSDSNQS,169,217.0
110,HLA-B57:01,6025.94,ABE73425,SLGNRKRNQKP,110,218.0
213,HLA-B57:01,6026.43,ABE73425,KPNKPLSQPRA,213,219.0
154,HLA-B57:01,6026.51,ABE73425,TRNNSRDSSRS,154,220.0
38,HLA-B57:01,6026.9,ABE73425,NLVPIGKGNKD,38,221.0
298,HLA-B57:01,6027.21,ABE73425,DNVQITYTYKM,298,222.0
170,HLA-B57:01,6027.86,ABE73425,SRTRSDSNQSS,170,223.0
18,HLA-B57:01,6028.49,ABE73425,SFYMPLLVSSD,18,224.0
11,HLA-B57:01,6028.64,ABE73425,RKKFPPPSFYM,11,225.0
66,HLA-B57:01,6028.78,ABE73425,QRVDLPPKVHF,66,226.0
279,HLA-B57:01,6028.95,ABE73425,IPNQAALFFDS,279,227.0
89,HLA-B57:01,6029.17,ABE73425,FRQRSDGVVWV,89,228.0
70,HLA-B57:01,6029.46,ABE73425,LPPKVHFYYLG,70,229.0
172,HLA-B57:01,6029.74,ABE73425,TRSDSNQSSSD,172,230.0
142,HLA-B57:01,6030.25,ABE73425,SNNSSRASSRS,142,231.0
196,HLA-B57:01,6030.26,ABE73425,FDNQSKSPSSS,196,232.0
123,HLA-B57:01,6030.35,ABE73425,PKFSIALPPEL,123,233.0
333,HLA-B57:01,6030.48,ABE73425,IKEMQSQSSHV,333,234.0
268,HLA-B57:01,6030.98,ABE73425,DAKGFPQLAEL,268,235.0
68,HLA-B57:01,6031.28,ABE73425,VDLPPKVHFYY,68,236.0
257,HLA-B57:01,6034.07,ABE73425,MGDSDLVQNGV,257,237.0
244,HLA-B57:01,6034.31,ABE73425,VIQCFGPRDFN,244,238.0
140,HLA-B57:01,6034.57,ABE73425,DRSNNSSRASS,140,239.0
328,HLA-B57:01,6034.74,ABE73425,TKPSSIKEMQS,328,240.0
41,HLA-B57:01,6035.21,ABE73425,PIGKGNKDEQI,41,241.0
15,HLA-B57:01,6035.61,ABE73425,PPPSFYMPLLV,15,242.0
286,HLA-B57:01,6036.54,ABE73425,FFDSEVSTDEV,286,243.0
330,HLA-B57:01,6036.63,ABE73425,PSSIKEMQSQS,330,244.0
278,HLA-B57:01,6036.81,ABE73425,LIPNQAALFFD,278,245.0
323,HLA-B57:01,6036.98,ABE73425,QISAFTKPSSI,323,246.0
158,HLA-B57:01,6037.3,ABE73425,SRDSSRSTSRQ,158,247.0
139,HLA-B57:01,6037.8,ABE73425,EDRSNNSSRAS,139,248.0
180,HLA-B57:01,6037.99,ABE73425,SSDLVAAVTLA,180,249.0
7,HLA-B57:01,6038.1,ABE73425,DRAARKKFPPP,7,250.0
55,HLA-B57:01,6038.1,ABE73425,NVQERWRMRRG,55,250.0
43,HLA-B57:01,6038.37,ABE73425,GKGNKDEQIGY,43,252.0
188,HLA-B57:01,6038.37,ABE73425,TLALKNLGFDN,188,252.0
69,HLA-B57:01,6038.58,ABE73425,DLPPKVHFYYL,69,254.0
86,HLA-B57:01,6038.64,ABE73425,DLKFRQRSDGV,86,255.0
321,HLA-B57:01,6038.65,ABE73425,IEQISAFTKPS,321,256.0
228,HLA-B57:01,6038.75,ABE73425,QLKKPRWKRVP,228,257.0
103,HLA-B57:01,6039.13,ABE73425,GAKTVNTSLGN,103,258.0
122,HLA-B57:01,6039.4,ABE73425,EPKFSIALPPE,122,259.0
232,HLA-B57:01,6039.89,ABE73425,PRWKRVPTREE,232,260.0
209,HLA-B57:01,6040.03,ABE73425,FTPKKPNKPLS,209,261.0
242,HLA-B57:01,6040.28,ABE73425,ENVIQCFGPRD,242,262.0
46,HLA-B57:01,6040.8,ABE73425,NKDEQIGYWNV,46,263.0
87,HLA-B57:01,6041.28,ABE73425,LKFRQRSDGVV,87,264.0
64,HLA-B57:01,6041.34,ABE73425,RGQRVDLPPKV,64,265.0
21,HLA-B57:01,6041.66,ABE73425,MPLLVSSDKAP,21,266.0
159,HLA-B57:01,6041.7,ABE73425,RDSSRSTSRQQ,159,267.0
192,HLA-B57:01,6042.12,ABE73425,KNLGFDNQSKS,192,268.0
290,HLA-B57:01,6042.45,ABE73425,EVSTDEVGDNV,290,269.0
253,HLA-B57:01,6042.52,ABE73425,FNHNMGDSDLV,253,270.0
174,HLA-B57:01,6043.92,ABE73425,SDSNQSSSDLV,174,271.0
281,HLA-B57:01,6044.22,ABE73425,NQAALFFDSEV,281,272.0
252,HLA-B57:01,6044.36,ABE73425,DFNHNMGDSDL,252,273.0
194,HLA-B57:01,6044.54,ABE73425,LGFDNQSKSPS,194,274.0
10,HLA-B57:01,6044.57,ABE73425,ARKKFPPPSFY,10,275.0
235,HLA-B57:01,6044.6,ABE73425,KRVPTREENVI,235,276.0
299,HLA-B57:01,6044.7,ABE73425,NVQITYTYKML,299,277.0
250,HLA-B57:01,6044.71,ABE73425,PRDFNHNMGDS,250,278.0
265,HLA-B57:01,6044.74,ABE73425,NGVDAKGFPQL,265,279.0
76,HLA-B57:01,6045.14,ABE73425,FYYLGTGPHKD,76,280.0
112,HLA-B57:01,6045.15,ABE73425,GNRKRNQKPLE,112,281.0
117,HLA-B57:01,6045.43,ABE73425,NQKPLEPKFSI,117,282.0
261,HLA-B57:01,6045.54,ABE73425,DLVQNGVDAKG,261,283.0
31,HLA-B57:01,6045.63,ABE73425,PYRVIPRNLVP,31,284.0
6,HLA-B57:01,6046.19,ABE73425,DDRAARKKFPP,6,285.0
132,HLA-B57:01,6046.26,ABE73425,ELSVVEFEDRS,132,286.0
246,HLA-B57:01,6047.73,ABE73425,QCFGPRDFNHN,246,287.0
129,HLA-B57:01,6047.78,ABE73425,LPPELSVVEFE,129,288.0
249,HLA-B57:01,6047.83,ABE73425,GPRDFNHNMGD,249,289.0
197,HLA-B57:01,6048.18,ABE73425,DNQSKSPSSSG,197,290.0
173,HLA-B57:01,6048.22,ABE73425,RSDSNQSSSDL,173,291.0
13,HLA-B57:01,6048.53,ABE73425,KFPPPSFYMPL,13,292.0
40,HLA-B57:01,6049.78,ABE73425,VPIGKGNKDEQ,40,293.0
195,HLA-B57:01,6050.26,ABE73425,GFDNQSKSPSS,195,294.0
143,HLA-B57:01,6051.18,ABE73425,NNSSRASSRSS,143,295.0
177,HLA-B57:01,6051.26,ABE73425,NQSSSDLVAAV,177,296.0
136,HLA-B57:01,6051.35,ABE73425,VEFEDRSNNSS,136,297.0
205,HLA-B57:01,6052.15,ABE73425,SSGTFTPKKPN,205,298.0
116,HLA-B57:01,6053.35,ABE73425,RNQKPLEPKFS,116,299.0
36,HLA-B57:01,6053.76,ABE73425,PRNLVPIGKGN,36,300.0
190,HLA-B57:01,6054.0,ABE73425,ALKNLGFDNQS,190,301.0
306,HLA-B57:01,6054.28,ABE73425,YKMLVAKDNKN,306,302.0
237,HLA-B57:01,6054.78,ABE73425,VPTREENVIQC,237,303.0
28,HLA-B57:01,6055.35,ABE73425,DKAPYRVIPRN,28,304.0
248,HLA-B57:01,6056.04,ABE73425,FGPRDFNHNMG,248,305.0
269,HLA-B57:01,6056.58,ABE73425,AKGFPQLAELI,269,306.0
30,HLA-B57:01,6056.6,ABE73425,APYRVIPRNLV,30,307.0
124,HLA-B57:01,6056.7,ABE73425,KFSIALPPELS,124,308.0
300,HLA-B57:01,6056.85,ABE73425,VQITYTYKMLV,300,309.0
56,HLA-B57:01,6058.09,ABE73425,VQERWRMRRGQ,56,310.0
167,HLA-B57:01,6058.85,ABE73425,RQQSRTRSDSN,167,311.0
14,HLA-B57:01,6061.44,ABE73425,FPPPSFYMPLL,14,312.0
121,HLA-B57:01,6061.65,ABE73425,LEPKFSIALPP,121,313.0
314,HLA-B57:01,6062.53,ABE73425,NKNLPKFIEQI,314,314.0
200,HLA-B57:01,6065.4,ABE73425,SKSPSSSGTFT,200,315.0
62,HLA-B57:01,6065.49,ABE73425,MRRGQRVDLPP,62,316.0
193,HLA-B57:01,6066.07,ABE73425,NLGFDNQSKSP,193,317.0
263,HLA-B57:01,6066.68,ABE73425,VQNGVDAKGFP,263,318.0
239,HLA-B57:01,6067.19,ABE73425,TREENVIQCFG,239,319.0
280,HLA-B57:01,6068.65,ABE73425,PNQAALFFDSE,280,320.0
216,HLA-B57:01,6069.45,ABE73425,KPLSQPRADKP,216,321.0
251,HLA-B57:01,6069.49,ABE73425,RDFNHNMGDSD,251,322.0
8,HLA-B57:01,6071.32,ABE73425,RAARKKFPPPS,8,323.0
322,HLA-B57:01,6071.47,ABE73425,EQISAFTKPSS,322,324.0
102,HLA-B57:01,6072.06,ABE73425,EGAKTVNTSLG,102,325.0
84,HLA-B57:01,6074.44,ABE73425,HKDLKFRQRSD,84,326.0
120,HLA-B57:01,6075.36,ABE73425,PLEPKFSIALP,120,327.0
311,HLA-B57:01,6079.79,ABE73425,AKDNKNLPKFI,311,328.0
5,HLA-B57:01,6080.05,ABE73425,ADDRAARKKFP,5,329.0
211,HLA-B57:01,6081.7,ABE73425,PKKPNKPLSQP,211,330.0
308,HLA-B57:01,6088.26,ABE73425,MLVAKDNKNLP,308,331.0
113,HLA-B57:01,6093.44,ABE73425,NRKRNQKPLEP,113,332.0
12,HLA-B57:01,6096.26,ABE73425,KKFPPPSFYMP,12,333.0
240,HLA-B57:01,6112.9,ABE73425,REENVIQCFGP,240,334.0
44,HLA-B58:01,18.18,ABE73425,KGNKDEQIGYW,44,1.0
50,HLA-B58:01,115.58,ABE73425,QIGYWNVQERW,50,2.0
147,HLA-B58:01,354.79,ABE73425,RASSRSSTRNN,147,3.0
25,HLA-B58:01,736.69,ABE73425,VSSDKAPYRVI,25,4.0
51,HLA-B58:01,1058.07,ABE73425,IGYWNVQERWR,51,5.0
133,HLA-B58:01,1104.96,ABE73425,LSVVEFEDRSN,133,6.0
127,HLA-B58:01,1687.12,ABE73425,IALPPELSVVE,127,7.0
270,HLA-B58:01,2178.77,ABE73425,KGFPQLAELIP,270,8.0
179,HLA-B58:01,2317.0,ABE73425,SSSDLVAAVTL,179,9.0
178,HLA-B58:01,3833.65,ABE73425,QSSSDLVAAVT,178,10.0
304,HLA-B58:01,4423.89,ABE73425,YTYKMLVAKDN,304,11.0
125,HLA-B58:01,5051.12,ABE73425,FSIALPPELSV,125,12.0
141,HLA-B58:01,5381.19,ABE73425,RSNNSSRASSR,141,13.0
88,HLA-B58:01,5454.43,ABE73425,KFRQRSDGVVW,88,14.0
33,HLA-B58:01,6356.77,ABE73425,RVIPRNLVPIG,33,15.0
163,HLA-B58:01,7542.43,ABE73425,RSTSRQQSRTR,163,16.0
187,HLA-B58:01,8685.43,ABE73425,VTLALKNLGFD,187,17.0
92,HLA-B58:01,9141.48,ABE73425,RSDGVVWVAKE,92,18.0
323,HLA-B58:01,9611.82,ABE73425,QISAFTKPSSI,323,19.0
180,HLA-B58:01,10303.47,ABE73425,SSDLVAAVTLA,180,20.0
307,HLA-B58:01,10866.73,ABE73425,KMLVAKDNKNL,307,21.0
148,HLA-B58:01,10957.27,ABE73425,ASSRSSTRNNS,148,22.0
296,HLA-B58:01,12490.01,ABE73425,VGDNVQITYTY,296,23.0
184,HLA-B58:01,12685.15,ABE73425,VAAVTLALKNL,184,24.0
189,HLA-B58:01,12957.9,ABE73425,LALKNLGFDNQ,189,25.0
224,HLA-B58:01,14181.74,ABE73425,DKPSQLKKPRW,224,26.0
222,HLA-B58:01,14886.88,ABE73425,RADKPSQLKKP,222,27.0
52,HLA-B58:01,15332.79,ABE73425,GYWNVQERWRM,52,28.0
173,HLA-B58:01,15482.41,ABE73425,RSDSNQSSSDL,173,29.0
26,HLA-B58:01,15875.84,ABE73425,SSDKAPYRVIP,26,30.0
144,HLA-B58:01,16557.63,ABE73425,NSSRASSRSST,144,31.0
67,HLA-B58:01,17017.98,ABE73425,RVDLPPKVHFY,67,32.0
183,HLA-B58:01,17090.59,ABE73425,LVAAVTLALKN,183,33.0
291,HLA-B58:01,17829.68,ABE73425,VSTDEVGDNVQ,291,34.0
123,HLA-B58:01,17832.88,ABE73425,PKFSIALPPEL,123,35.0
247,HLA-B58:01,17852.48,ABE73425,CFGPRDFNHNM,247,36.0
301,HLA-B58:01,18389.75,ABE73425,QITYTYKMLVA,301,37.0
302,HLA-B58:01,19423.65,ABE73425,ITYTYKMLVAK,302,38.0
310,HLA-B58:01,19571.42,ABE73425,VAKDNKNLPKF,310,39.0
0,HLA-B58:01,19620.77,ABE73425,ASVNWADDRAA,0,40.0
149,HLA-B58:01,19766.63,ABE73425,SSRSSTRNNSR,149,41.0
4,HLA-B58:01,19925.02,ABE73425,WADDRAARKKF,4,42.0
124,HLA-B58:01,20158.47,ABE73425,KFSIALPPELS,124,43.0
64,HLA-B58:01,20404.35,ABE73425,RGQRVDLPPKV,64,44.0
151,HLA-B58:01,21036.33,ABE73425,RSSTRNNSRDS,151,45.0
292,HLA-B58:01,21126.69,ABE73425,STDEVGDNVQI,292,46.0
325,HLA-B58:01,21735.4,ABE73425,SAFTKPSSIKE,325,47.0
246,HLA-B58:01,21836.12,ABE73425,QCFGPRDFNHN,246,48.0
134,HLA-B58:01,22320.51,ABE73425,SVVEFEDRSNN,134,49.0
314,HLA-B58:01,22698.06,ABE73425,NKNLPKFIEQI,314,50.0
98,HLA-B58:01,23334.97,ABE73425,WVAKEGAKTVN,98,51.0
79,HLA-B58:01,23562.08,ABE73425,LGTGPHKDLKF,79,52.0
106,HLA-B58:01,23807.19,ABE73425,TVNTSLGNRKR,106,53.0
185,HLA-B58:01,23975.59,ABE73425,AAVTLALKNLG,185,54.0
186,HLA-B58:01,24297.93,ABE73425,AVTLALKNLGF,186,55.0
164,HLA-B58:01,24661.12,ABE73425,STSRQQSRTRS,164,56.0
324,HLA-B58:01,25043.37,ABE73425,ISAFTKPSSIK,324,57.0
282,HLA-B58:01,25625.2,ABE73425,QAALFFDSEVS,282,58.0
257,HLA-B58:01,25681.58,ABE73425,MGDSDLVQNGV,257,59.0
308,HLA-B58:01,25824.37,ABE73425,MLVAKDNKNLP,308,60.0
66,HLA-B58:01,25858.52,ABE73425,QRVDLPPKVHF,66,61.0
96,HLA-B58:01,25923.95,ABE73425,VVWVAKEGAKT,96,62.0
204,HLA-B58:01,25946.35,ABE73425,SSSGTFTPKKP,204,63.0
61,HLA-B58:01,26183.83,ABE73425,RMRRGQRVDLP,61,64.0
165,HLA-B58:01,26699.69,ABE73425,TSRQQSRTRSD,165,65.0
315,HLA-B58:01,26709.49,ABE73425,KNLPKFIEQIS,315,66.0
107,HLA-B58:01,26725.14,ABE73425,VNTSLGNRKRN,107,67.0
283,HLA-B58:01,26775.14,ABE73425,AALFFDSEVST,283,68.0
218,HLA-B58:01,26786.88,ABE73425,LSQPRADKPSQ,218,69.0
99,HLA-B58:01,26795.12,ABE73425,VAKEGAKTVNT,99,70.0
238,HLA-B58:01,26829.45,ABE73425,PTREENVIQCF,238,71.0
277,HLA-B58:01,26843.74,ABE73425,ELIPNQAALFF,277,72.0
171,HLA-B58:01,27084.13,ABE73425,RTRSDSNQSSS,171,73.0
90,HLA-B58:01,27462.85,ABE73425,RQRSDGVVWVA,90,74.0
300,HLA-B58:01,27527.44,ABE73425,VQITYTYKMLV,300,75.0
152,HLA-B58:01,27752.52,ABE73425,SSTRNNSRDSS,152,76.0
143,HLA-B58:01,28146.76,ABE73425,NNSSRASSRSS,143,77.0
108,HLA-B58:01,28180.51,ABE73425,NTSLGNRKRNQ,108,78.0
274,HLA-B58:01,28318.29,ABE73425,QLAELIPNQAA,274,79.0
128,HLA-B58:01,28477.67,ABE73425,ALPPELSVVEF,128,80.0
146,HLA-B58:01,28655.44,ABE73425,SRASSRSSTRN,146,81.0
318,HLA-B58:01,28794.6,ABE73425,PKFIEQISAFT,318,82.0
126,HLA-B58:01,28814.15,ABE73425,SIALPPELSVV,126,83.0
312,HLA-B58:01,28911.4,ABE73425,KDNKNLPKFIE,312,84.0
319,HLA-B58:01,28922.04,ABE73425,KFIEQISAFTK,319,85.0
105,HLA-B58:01,28933.36,ABE73425,KTVNTSLGNRK,105,86.0
201,HLA-B58:01,29235.77,ABE73425,KSPSSSGTFTP,201,87.0
24,HLA-B58:01,29265.86,ABE73425,LVSSDKAPYRV,24,88.0
73,HLA-B58:01,29268.46,ABE73425,KVHFYYLGTGP,73,89.0
11,HLA-B58:01,29653.31,ABE73425,RKKFPPPSFYM,11,90.0
199,HLA-B58:01,29901.04,ABE73425,QSKSPSSSGTF,199,91.0
29,HLA-B58:01,29921.22,ABE73425,KAPYRVIPRNL,29,92.0
32,HLA-B58:01,30127.4,ABE73425,YRVIPRNLVPI,32,93.0
269,HLA-B58:01,30461.53,ABE73425,AKGFPQLAELI,269,94.0
18,HLA-B58:01,30519.71,ABE73425,SFYMPLLVSSD,18,95.0
285,HLA-B58:01,30730.62,ABE73425,LFFDSEVSTDE,285,96.0
331,HLA-B58:01,30740.41,ABE73425,SSIKEMQSQSS,331,97.0
284,HLA-B58:01,30768.93,ABE73425,ALFFDSEVSTD,284,98.0
145,HLA-B58:01,30884.15,ABE73425,SSRASSRSSTR,145,99.0
80,HLA-B58:01,30987.47,ABE73425,GTGPHKDLKFR,80,100.0
130,HLA-B58:01,31116.21,ABE73425,PPELSVVEFED,130,101.0
295,HLA-B58:01,31280.05,ABE73425,EVGDNVQITYT,295,102.0
91,HLA-B58:01,31795.23,ABE73425,QRSDGVVWVAK,91,103.0
153,HLA-B58:01,31934.32,ABE73425,STRNNSRDSSR,153,104.0
181,HLA-B58:01,31963.47,ABE73425,SDLVAAVTLAL,181,105.0
205,HLA-B58:01,31997.87,ABE73425,SSGTFTPKKPN,205,106.0
317,HLA-B58:01,32037.7,ABE73425,LPKFIEQISAF,317,107.0
45,HLA-B58:01,32152.54,ABE73425,GNKDEQIGYWN,45,108.0
1,HLA-B58:01,32257.06,ABE73425,SVNWADDRAAR,1,109.0
298,HLA-B58:01,32333.07,ABE73425,DNVQITYTYKM,298,110.0
177,HLA-B58:01,32350.58,ABE73425,NQSSSDLVAAV,177,111.0
161,HLA-B58:01,32505.52,ABE73425,SSRSTSRQQSR,161,112.0
290,HLA-B58:01,32629.72,ABE73425,EVSTDEVGDNV,290,113.0
188,HLA-B58:01,32784.84,ABE73425,TLALKNLGFDN,188,114.0
69,HLA-B58:01,32841.53,ABE73425,DLPPKVHFYYL,69,115.0
175,HLA-B58:01,32942.02,ABE73425,DSNQSSSDLVA,175,116.0
258,HLA-B58:01,32972.6,ABE73425,GDSDLVQNGVD,258,117.0
8,HLA-B58:01,33010.18,ABE73425,RAARKKFPPPS,8,118.0
303,HLA-B58:01,33109.25,ABE73425,TYTYKMLVAKD,303,119.0
226,HLA-B58:01,33258.67,ABE73425,PSQLKKPRWKR,226,120.0
327,HLA-B58:01,33263.79,ABE73425,FTKPSSIKEMQ,327,121.0
47,HLA-B58:01,33316.62,ABE73425,KDEQIGYWNVQ,47,122.0
275,HLA-B58:01,33347.61,ABE73425,LAELIPNQAAL,275,123.0
17,HLA-B58:01,33470.62,ABE73425,PSFYMPLLVSS,17,124.0
265,HLA-B58:01,33478.14,ABE73425,NGVDAKGFPQL,265,125.0
115,HLA-B58:01,33493.19,ABE73425,KRNQKPLEPKF,115,126.0
235,HLA-B58:01,33569.1,ABE73425,KRVPTREENVI,235,127.0
46,HLA-B58:01,33847.02,ABE73425,NKDEQIGYWNV,46,128.0
68,HLA-B58:01,33889.29,ABE73425,VDLPPKVHFYY,68,129.0
49,HLA-B58:01,33954.77,ABE73425,EQIGYWNVQER,49,130.0
20,HLA-B58:01,33975.6,ABE73425,YMPLLVSSDKA,20,131.0
306,HLA-B58:01,34143.56,ABE73425,YKMLVAKDNKN,306,132.0
103,HLA-B58:01,34288.62,ABE73425,GAKTVNTSLGN,103,133.0
140,HLA-B58:01,34383.59,ABE73425,DRSNNSSRASS,140,134.0
330,HLA-B58:01,34430.02,ABE73425,PSSIKEMQSQS,330,135.0
266,HLA-B58:01,34433.73,ABE73425,GVDAKGFPQLA,266,136.0
271,HLA-B58:01,34449.03,ABE73425,GFPQLAELIPN,271,137.0
262,HLA-B58:01,34474.53,ABE73425,LVQNGVDAKGF,262,138.0
237,HLA-B58:01,34491.31,ABE73425,VPTREENVIQC,237,139.0
167,HLA-B58:01,34497.82,ABE73425,RQQSRTRSDSN,167,140.0
286,HLA-B58:01,34678.79,ABE73425,FFDSEVSTDEV,286,141.0
311,HLA-B58:01,34690.96,ABE73425,AKDNKNLPKFI,311,142.0
12,HLA-B58:01,34726.37,ABE73425,KKFPPPSFYMP,12,143.0
280,HLA-B58:01,34782.4,ABE73425,PNQAALFFDSE,280,144.0
326,HLA-B58:01,34819.47,ABE73425,AFTKPSSIKEM,326,145.0
111,HLA-B58:01,34830.02,ABE73425,LGNRKRNQKPL,111,146.0
294,HLA-B58:01,34931.21,ABE73425,DEVGDNVQITY,294,147.0
245,HLA-B58:01,34931.79,ABE73425,IQCFGPRDFNH,245,148.0
14,HLA-B58:01,34967.7,ABE73425,FPPPSFYMPLL,14,149.0
94,HLA-B58:01,34978.74,ABE73425,DGVVWVAKEGA,94,150.0
174,HLA-B58:01,35001.47,ABE73425,SDSNQSSSDLV,174,151.0
160,HLA-B58:01,35030.5,ABE73425,DSSRSTSRQQS,160,152.0
150,HLA-B58:01,35066.69,ABE73425,SRSSTRNNSRD,150,153.0
81,HLA-B58:01,35075.0,ABE73425,TGPHKDLKFRQ,81,154.0
236,HLA-B58:01,35102.0,ABE73425,RVPTREENVIQ,236,155.0
316,HLA-B58:01,35209.15,ABE73425,NLPKFIEQISA,316,156.0
279,HLA-B58:01,35254.84,ABE73425,IPNQAALFFDS,279,157.0
129,HLA-B58:01,35261.98,ABE73425,LPPELSVVEFE,129,158.0
200,HLA-B58:01,35325.92,ABE73425,SKSPSSSGTFT,200,159.0
255,HLA-B58:01,35358.65,ABE73425,HNMGDSDLVQN,255,160.0
244,HLA-B58:01,35391.28,ABE73425,VIQCFGPRDFN,244,161.0
169,HLA-B58:01,35429.79,ABE73425,QSRTRSDSNQS,169,162.0
276,HLA-B58:01,35494.35,ABE73425,AELIPNQAALF,276,163.0
15,HLA-B58:01,35611.25,ABE73425,PPPSFYMPLLV,15,164.0
89,HLA-B58:01,35631.94,ABE73425,FRQRSDGVVWV,89,165.0
71,HLA-B58:01,35653.88,ABE73425,PPKVHFYYLGT,71,166.0
293,HLA-B58:01,35677.69,ABE73425,TDEVGDNVQIT,293,167.0
65,HLA-B58:01,35691.15,ABE73425,GQRVDLPPKVH,65,168.0
309,HLA-B58:01,35692.55,ABE73425,LVAKDNKNLPK,309,169.0
251,HLA-B58:01,35722.77,ABE73425,RDFNHNMGDSD,251,170.0
117,HLA-B58:01,35742.89,ABE73425,NQKPLEPKFSI,117,171.0
299,HLA-B58:01,35794.87,ABE73425,NVQITYTYKML,299,172.0
16,HLA-B58:01,35802.76,ABE73425,PPSFYMPLLVS,16,173.0
278,HLA-B58:01,35803.24,ABE73425,LIPNQAALFFD,278,174.0
131,HLA-B58:01,35822.41,ABE73425,PELSVVEFEDR,131,175.0
41,HLA-B58:01,35822.66,ABE73425,PIGKGNKDEQI,41,176.0
13,HLA-B58:01,35827.58,ABE73425,KFPPPSFYMPL,13,177.0
132,HLA-B58:01,35837.12,ABE73425,ELSVVEFEDRS,132,178.0
22,HLA-B58:01,35924.47,ABE73425,PLLVSSDKAPY,22,179.0
54,HLA-B58:01,35959.15,ABE73425,WNVQERWRMRR,54,180.0
281,HLA-B58:01,35959.44,ABE73425,NQAALFFDSEV,281,181.0
97,HLA-B58:01,35964.96,ABE73425,VWVAKEGAKTV,97,182.0
207,HLA-B58:01,35969.48,ABE73425,GTFTPKKPNKP,207,183.0
30,HLA-B58:01,35982.29,ABE73425,APYRVIPRNLV,30,184.0
9,HLA-B58:01,35987.62,ABE73425,AARKKFPPPSF,9,185.0
253,HLA-B58:01,36008.77,ABE73425,FNHNMGDSDLV,253,186.0
228,HLA-B58:01,36024.21,ABE73425,QLKKPRWKRVP,228,187.0
76,HLA-B58:01,36043.16,ABE73425,FYYLGTGPHKD,76,188.0
268,HLA-B58:01,36075.23,ABE73425,DAKGFPQLAEL,268,189.0
159,HLA-B58:01,36228.02,ABE73425,RDSSRSTSRQQ,159,190.0
119,HLA-B58:01,36290.09,ABE73425,KPLEPKFSIAL,119,191.0
194,HLA-B58:01,36318.74,ABE73425,LGFDNQSKSPS,194,192.0
264,HLA-B58:01,36336.29,ABE73425,QNGVDAKGFPQ,264,193.0
43,HLA-B58:01,36397.25,ABE73425,GKGNKDEQIGY,43,194.0
259,HLA-B58:01,36406.21,ABE73425,DSDLVQNGVDA,259,195.0
242,HLA-B58:01,36407.55,ABE73425,ENVIQCFGPRD,242,196.0
272,HLA-B58:01,36418.5,ABE73425,FPQLAELIPNQ,272,197.0
182,HLA-B58:01,36475.98,ABE73425,DLVAAVTLALK,182,198.0
42,HLA-B58:01,36477.69,ABE73425,IGKGNKDEQIG,42,199.0
203,HLA-B58:01,36479.97,ABE73425,PSSSGTFTPKK,203,200.0
243,HLA-B58:01,36491.16,ABE73425,NVIQCFGPRDF,243,201.0
192,HLA-B58:01,36534.83,ABE73425,KNLGFDNQSKS,192,202.0
87,HLA-B58:01,36546.65,ABE73425,LKFRQRSDGVV,87,203.0
227,HLA-B58:01,36605.3,ABE73425,SQLKKPRWKRV,227,204.0
31,HLA-B58:01,36606.43,ABE73425,PYRVIPRNLVP,31,205.0
74,HLA-B58:01,36634.34,ABE73425,VHFYYLGTGPH,74,206.0
48,HLA-B58:01,36713.55,ABE73425,DEQIGYWNVQE,48,207.0
116,HLA-B58:01,36736.43,ABE73425,RNQKPLEPKFS,116,208.0
168,HLA-B58:01,36742.03,ABE73425,QQSRTRSDSNQ,168,209.0
104,HLA-B58:01,36759.57,ABE73425,AKTVNTSLGNR,104,210.0
297,HLA-B58:01,36801.66,ABE73425,GDNVQITYTYK,297,211.0
155,HLA-B58:01,36830.76,ABE73425,RNNSRDSSRST,155,212.0
209,HLA-B58:01,36911.72,ABE73425,FTPKKPNKPLS,209,213.0
101,HLA-B58:01,36915.81,ABE73425,KEGAKTVNTSL,101,214.0
267,HLA-B58:01,36931.75,ABE73425,VDAKGFPQLAE,267,215.0
172,HLA-B58:01,37002.7,ABE73425,TRSDSNQSSSD,172,216.0
58,HLA-B58:01,37020.95,ABE73425,ERWRMRRGQRV,58,217.0
120,HLA-B58:01,37026.36,ABE73425,PLEPKFSIALP,120,218.0
84,HLA-B58:01,37048.14,ABE73425,HKDLKFRQRSD,84,219.0
252,HLA-B58:01,37062.99,ABE73425,DFNHNMGDSDL,252,220.0
162,HLA-B58:01,37100.74,ABE73425,SRSTSRQQSRT,162,221.0
56,HLA-B58:01,37104.14,ABE73425,VQERWRMRRGQ,56,222.0
59,HLA-B58:01,37105.7,ABE73425,RWRMRRGQRVD,59,223.0
118,HLA-B58:01,37122.65,ABE73425,QKPLEPKFSIA,118,224.0
28,HLA-B58:01,37136.41,ABE73425,DKAPYRVIPRN,28,225.0
157,HLA-B58:01,37162.45,ABE73425,NSRDSSRSTSR,157,226.0
313,HLA-B58:01,37164.41,ABE73425,DNKNLPKFIEQ,313,227.0
38,HLA-B58:01,37164.74,ABE73425,NLVPIGKGNKD,38,228.0
254,HLA-B58:01,37184.69,ABE73425,NHNMGDSDLVQ,254,229.0
176,HLA-B58:01,37195.74,ABE73425,SNQSSSDLVAA,176,230.0
82,HLA-B58:01,37211.25,ABE73425,GPHKDLKFRQR,82,231.0
10,HLA-B58:01,37230.31,ABE73425,ARKKFPPPSFY,10,232.0
53,HLA-B58:01,37240.45,ABE73425,YWNVQERWRMR,53,233.0
333,HLA-B58:01,37279.46,ABE73425,IKEMQSQSSHV,333,234.0
57,HLA-B58:01,37287.05,ABE73425,QERWRMRRGQR,57,235.0
273,HLA-B58:01,37450.09,ABE73425,PQLAELIPNQA,273,236.0
248,HLA-B58:01,37459.93,ABE73425,FGPRDFNHNMG,248,237.0
112,HLA-B58:01,37466.64,ABE73425,GNRKRNQKPLE,112,238.0
233,HLA-B58:01,37509.15,ABE73425,RWKRVPTREEN,233,239.0
156,HLA-B58:01,37527.9,ABE73425,NNSRDSSRSTS,156,240.0
121,HLA-B58:01,37569.37,ABE73425,LEPKFSIALPP,121,241.0
219,HLA-B58:01,37577.51,ABE73425,SQPRADKPSQL,219,242.0
6,HLA-B58:01,37578.23,ABE73425,DDRAARKKFPP,6,243.0
23,HLA-B58:01,37579.8,ABE73425,LLVSSDKAPYR,23,244.0
109,HLA-B58:01,37587.57,ABE73425,TSLGNRKRNQK,109,245.0
75,HLA-B58:01,37695.75,ABE73425,HFYYLGTGPHK,75,246.0
332,HLA-B58:01,37718.83,ABE73425,SIKEMQSQSSH,332,247.0
27,HLA-B58:01,37757.86,ABE73425,SDKAPYRVIPR,27,248.0
142,HLA-B58:01,37760.7,ABE73425,SNNSSRASSRS,142,249.0
122,HLA-B58:01,37762.33,ABE73425,EPKFSIALPPE,122,250.0
288,HLA-B58:01,37793.16,ABE73425,DSEVSTDEVGD,288,251.0
60,HLA-B58:01,37926.42,ABE73425,WRMRRGQRVDL,60,252.0
230,HLA-B58:01,37989.19,ABE73425,KKPRWKRVPTR,230,253.0
70,HLA-B58:01,37996.19,ABE73425,LPPKVHFYYLG,70,254.0
225,HLA-B58:01,38000.76,ABE73425,KPSQLKKPRWK,225,255.0
135,HLA-B58:01,38022.42,ABE73425,VVEFEDRSNNS,135,256.0
320,HLA-B58:01,38068.89,ABE73425,FIEQISAFTKP,320,257.0
208,HLA-B58:01,38079.39,ABE73425,TFTPKKPNKPL,208,258.0
86,HLA-B58:01,38134.76,ABE73425,DLKFRQRSDGV,86,259.0
212,HLA-B58:01,38141.84,ABE73425,KKPNKPLSQPR,212,260.0
329,HLA-B58:01,38192.88,ABE73425,KPSSIKEMQSQ,329,261.0
241,HLA-B58:01,38295.48,ABE73425,EENVIQCFGPR,241,262.0
7,HLA-B58:01,38429.31,ABE73425,DRAARKKFPPP,7,263.0
289,HLA-B58:01,38467.58,ABE73425,SEVSTDEVGDN,289,264.0
263,HLA-B58:01,38538.4,ABE73425,VQNGVDAKGFP,263,265.0
232,HLA-B58:01,38598.41,ABE73425,PRWKRVPTREE,232,266.0
321,HLA-B58:01,38628.48,ABE73425,IEQISAFTKPS,321,267.0
77,HLA-B58:01,38631.65,ABE73425,YYLGTGPHKDL,77,268.0
213,HLA-B58:01,38672.36,ABE73425,KPNKPLSQPRA,213,269.0
198,HLA-B58:01,38673.71,ABE73425,NQSKSPSSSGT,198,270.0
36,HLA-B58:01,38676.9,ABE73425,PRNLVPIGKGN,36,271.0
100,HLA-B58:01,38736.79,ABE73425,AKEGAKTVNTS,100,272.0
158,HLA-B58:01,38742.22,ABE73425,SRDSSRSTSRQ,158,273.0
249,HLA-B58:01,38783.74,ABE73425,GPRDFNHNMGD,249,274.0
229,HLA-B58:01,38816.11,ABE73425,LKKPRWKRVPT,229,275.0
138,HLA-B58:01,38838.69,ABE73425,FEDRSNNSSRA,138,276.0
322,HLA-B58:01,38848.8,ABE73425,EQISAFTKPSS,322,277.0
223,HLA-B58:01,38858.41,ABE73425,ADKPSQLKKPR,223,278.0
137,HLA-B58:01,38860.22,ABE73425,EFEDRSNNSSR,137,279.0
190,HLA-B58:01,38893.27,ABE73425,ALKNLGFDNQS,190,280.0
195,HLA-B58:01,38900.79,ABE73425,GFDNQSKSPSS,195,281.0
216,HLA-B58:01,38922.07,ABE73425,KPLSQPRADKP,216,282.0
256,HLA-B58:01,38929.43,ABE73425,NMGDSDLVQNG,256,283.0
110,HLA-B58:01,38945.05,ABE73425,SLGNRKRNQKP,110,284.0
234,HLA-B58:01,38976.62,ABE73425,WKRVPTREENV,234,285.0
214,HLA-B58:01,38976.77,ABE73425,PNKPLSQPRAD,214,286.0
83,HLA-B58:01,38978.65,ABE73425,PHKDLKFRQRS,83,287.0
93,HLA-B58:01,38997.72,ABE73425,SDGVVWVAKEG,93,288.0
95,HLA-B58:01,39044.61,ABE73425,GVVWVAKEGAK,95,289.0
62,HLA-B58:01,39077.34,ABE73425,MRRGQRVDLPP,62,290.0
231,HLA-B58:01,39145.54,ABE73425,KPRWKRVPTRE,231,291.0
328,HLA-B58:01,39170.53,ABE73425,TKPSSIKEMQS,328,292.0
250,HLA-B58:01,39188.36,ABE73425,PRDFNHNMGDS,250,293.0
217,HLA-B58:01,39239.79,ABE73425,PLSQPRADKPS,217,294.0
102,HLA-B58:01,39324.0,ABE73425,EGAKTVNTSLG,102,295.0
210,HLA-B58:01,39387.49,ABE73425,TPKKPNKPLSQ,210,296.0
39,HLA-B58:01,39409.08,ABE73425,LVPIGKGNKDE,39,297.0
5,HLA-B58:01,39415.77,ABE73425,ADDRAARKKFP,5,298.0
139,HLA-B58:01,39430.85,ABE73425,EDRSNNSSRAS,139,299.0
239,HLA-B58:01,39437.91,ABE73425,TREENVIQCFG,239,300.0
202,HLA-B58:01,39443.51,ABE73425,SPSSSGTFTPK,202,301.0
19,HLA-B58:01,39464.11,ABE73425,FYMPLLVSSDK,19,302.0
21,HLA-B58:01,39466.46,ABE73425,MPLLVSSDKAP,21,303.0
78,HLA-B58:01,39494.44,ABE73425,YLGTGPHKDLK,78,304.0
196,HLA-B58:01,39544.4,ABE73425,FDNQSKSPSSS,196,305.0
305,HLA-B58:01,39618.56,ABE73425,TYKMLVAKDNK,305,306.0
72,HLA-B58:01,39667.01,ABE73425,PKVHFYYLGTG,72,307.0
287,HLA-B58:01,39685.21,ABE73425,FDSEVSTDEVG,287,308.0
40,HLA-B58:01,39839.91,ABE73425,VPIGKGNKDEQ,40,309.0
206,HLA-B58:01,39896.91,ABE73425,SGTFTPKKPNK,206,310.0
154,HLA-B58:01,39918.01,ABE73425,TRNNSRDSSRS,154,311.0
240,HLA-B58:01,39929.58,ABE73425,REENVIQCFGP,240,312.0
2,HLA-B58:01,39934.27,ABE73425,VNWADDRAARK,2,313.0
260,HLA-B58:01,39941.9,ABE73425,SDLVQNGVDAK,260,314.0
55,HLA-B58:01,39976.17,ABE73425,NVQERWRMRRG,55,315.0
215,HLA-B58:01,40015.6,ABE73425,NKPLSQPRADK,215,316.0
63,HLA-B58:01,40047.93,ABE73425,RRGQRVDLPPK,63,317.0
170,HLA-B58:01,40056.59,ABE73425,SRTRSDSNQSS,170,318.0
193,HLA-B58:01,40080.63,ABE73425,NLGFDNQSKSP,193,319.0
113,HLA-B58:01,40096.46,ABE73425,NRKRNQKPLEP,113,320.0
220,HLA-B58:01,40128.12,ABE73425,QPRADKPSQLK,220,321.0
85,HLA-B58:01,40172.83,ABE73425,KDLKFRQRSDG,85,322.0
114,HLA-B58:01,40188.66,ABE73425,RKRNQKPLEPK,114,323.0
211,HLA-B58:01,40335.01,ABE73425,PKKPNKPLSQP,211,324.0
136,HLA-B58:01,40350.35,ABE73425,VEFEDRSNNSS,136,325.0
37,HLA-B58:01,40402.49,ABE73425,RNLVPIGKGNK,37,326.0
261,HLA-B58:01,40417.06,ABE73425,DLVQNGVDAKG,261,327.0
34,HLA-B58:01,40464.47,ABE73425,VIPRNLVPIGK,34,328.0
166,HLA-B58:01,40465.56,ABE73425,SRQQSRTRSDS,166,329.0
35,HLA-B58:01,40467.06,ABE73425,IPRNLVPIGKG,35,330.0
197,HLA-B58:01,40605.55,ABE73425,DNQSKSPSSSG,197,331.0
3,HLA-B58:01,40739.9,ABE73425,NWADDRAARKK,3,332.0
221,HLA-B58:01,40847.74,ABE73425,PRADKPSQLKK,221,333.0
191,HLA-B58:01,40911.48,ABE73425,LKNLGFDNQSK,191,334.0
277,HLA-B15:01,19.49,ABE73425,ELIPNQAALFF,277,1.0
9,HLA-B15:01,29.48,ABE73425,AARKKFPPPSF,9,2.0
33,HLA-B15:01,41.28,ABE73425,RVIPRNLVPIG,33,3.0
90,HLA-B15:01,108.84,ABE73425,RQRSDGVVWVA,90,4.0
65,HLA-B15:01,181.11,ABE73425,GQRVDLPPKVH,65,5.0
199,HLA-B15:01,267.4,ABE73425,QSKSPSSSGTF,199,6.0
61,HLA-B15:01,291.49,ABE73425,RMRRGQRVDLP,61,7.0
300,HLA-B15:01,303.6,ABE73425,VQITYTYKMLV,300,8.0
128,HLA-B15:01,318.41,ABE73425,ALPPELSVVEF,128,9.0
323,HLA-B15:01,346.69,ABE73425,QISAFTKPSSI,323,10.0
332,HLA-B15:01,455.79,ABE73425,SIKEMQSQSSH,332,11.0
262,HLA-B15:01,534.26,ABE73425,LVQNGVDAKGF,262,12.0
219,HLA-B15:01,546.48,ABE73425,SQPRADKPSQL,219,13.0
32,HLA-B15:01,604.9,ABE73425,YRVIPRNLVPI,32,14.0
168,HLA-B15:01,697.0,ABE73425,QQSRTRSDSNQ,168,15.0
322,HLA-B15:01,849.2,ABE73425,EQISAFTKPSS,322,16.0
245,HLA-B15:01,946.27,ABE73425,IQCFGPRDFNH,245,17.0
117,HLA-B15:01,993.01,ABE73425,NQKPLEPKFSI,117,18.0
276,HLA-B15:01,1031.5,ABE73425,AELIPNQAALF,276,19.0
177,HLA-B15:01,1060.69,ABE73425,NQSSSDLVAAV,177,20.0
263,HLA-B15:01,1230.4,ABE73425,VQNGVDAKGFP,263,21.0
218,HLA-B15:01,1545.32,ABE73425,LSQPRADKPSQ,218,22.0
22,HLA-B15:01,1573.32,ABE73425,PLLVSSDKAPY,22,23.0
167,HLA-B15:01,2142.91,ABE73425,RQQSRTRSDSN,167,24.0
171,HLA-B15:01,2940.45,ABE73425,RTRSDSNQSSS,171,25.0
186,HLA-B15:01,3753.72,ABE73425,AVTLALKNLGF,186,26.0
274,HLA-B15:01,4436.95,ABE73425,QLAELIPNQAA,274,27.0
198,HLA-B15:01,4748.54,ABE73425,NQSKSPSSSGT,198,28.0
327,HLA-B15:01,4843.18,ABE73425,FTKPSSIKEMQ,327,29.0
178,HLA-B15:01,4902.35,ABE73425,QSSSDLVAAVT,178,30.0
317,HLA-B15:01,5021.21,ABE73425,LPKFIEQISAF,317,31.0
194,HLA-B15:01,5134.48,ABE73425,LGFDNQSKSPS,194,32.0
161,HLA-B15:01,5465.73,ABE73425,SSRSTSRQQSR,161,33.0
179,HLA-B15:01,6250.13,ABE73425,SSSDLVAAVTL,179,34.0
281,HLA-B15:01,7179.95,ABE73425,NQAALFFDSEV,281,35.0
283,HLA-B15:01,7267.13,ABE73425,AALFFDSEVST,283,36.0
98,HLA-B15:01,7631.38,ABE73425,WVAKEGAKTVN,98,37.0
307,HLA-B15:01,7783.44,ABE73425,KMLVAKDNKNL,307,38.0
243,HLA-B15:01,7963.86,ABE73425,NVIQCFGPRDF,243,39.0
125,HLA-B15:01,8166.29,ABE73425,FSIALPPELSV,125,40.0
141,HLA-B15:01,8206.43,ABE73425,RSNNSSRASSR,141,41.0
8,HLA-B15:01,8322.51,ABE73425,RAARKKFPPPS,8,42.0
67,HLA-B15:01,9218.8,ABE73425,RVDLPPKVHFY,67,43.0
144,HLA-B15:01,9285.34,ABE73425,NSSRASSRSST,144,44.0
270,HLA-B15:01,9516.26,ABE73425,KGFPQLAELIP,270,45.0
310,HLA-B15:01,9694.35,ABE73425,VAKDNKNLPKF,310,46.0
309,HLA-B15:01,9761.53,ABE73425,LVAKDNKNLPK,309,47.0
256,HLA-B15:01,9846.59,ABE73425,NMGDSDLVQNG,256,48.0
73,HLA-B15:01,10160.67,ABE73425,KVHFYYLGTGP,73,49.0
331,HLA-B15:01,10638.73,ABE73425,SSIKEMQSQSS,331,50.0
273,HLA-B15:01,10789.43,ABE73425,PQLAELIPNQA,273,51.0
308,HLA-B15:01,12051.92,ABE73425,MLVAKDNKNLP,308,52.0
183,HLA-B15:01,12739.96,ABE73425,LVAAVTLALKN,183,53.0
23,HLA-B15:01,12779.52,ABE73425,LLVSSDKAPYR,23,54.0
314,HLA-B15:01,12863.56,ABE73425,NKNLPKFIEQI,314,55.0
25,HLA-B15:01,12954.19,ABE73425,VSSDKAPYRVI,25,56.0
301,HLA-B15:01,13062.09,ABE73425,QITYTYKMLVA,301,57.0
284,HLA-B15:01,13272.44,ABE73425,ALFFDSEVSTD,284,58.0
126,HLA-B15:01,13435.76,ABE73425,SIALPPELSVV,126,59.0
101,HLA-B15:01,13769.9,ABE73425,KEGAKTVNTSL,101,60.0
145,HLA-B15:01,14047.05,ABE73425,SSRASSRSSTR,145,61.0
49,HLA-B15:01,14064.26,ABE73425,EQIGYWNVQER,49,62.0
88,HLA-B15:01,14102.24,ABE73425,KFRQRSDGVVW,88,63.0
299,HLA-B15:01,14234.62,ABE73425,NVQITYTYKML,299,64.0
326,HLA-B15:01,14547.57,ABE73425,AFTKPSSIKEM,326,65.0
201,HLA-B15:01,14688.81,ABE73425,KSPSSSGTFTP,201,66.0
42,HLA-B15:01,14706.86,ABE73425,IGKGNKDEQIG,42,67.0
56,HLA-B15:01,15190.32,ABE73425,VQERWRMRRGQ,56,68.0
228,HLA-B15:01,15382.87,ABE73425,QLKKPRWKRVP,228,69.0
296,HLA-B15:01,15456.95,ABE73425,VGDNVQITYTY,296,70.0
190,HLA-B15:01,15612.35,ABE73425,ALKNLGFDNQS,190,71.0
255,HLA-B15:01,15884.04,ABE73425,HNMGDSDLVQN,255,72.0
324,HLA-B15:01,16067.32,ABE73425,ISAFTKPSSIK,324,73.0
149,HLA-B15:01,16231.89,ABE73425,SSRSSTRNNSR,149,74.0
229,HLA-B15:01,16418.95,ABE73425,LKKPRWKRVPT,229,75.0
176,HLA-B15:01,16758.14,ABE73425,SNQSSSDLVAA,176,76.0
10,HLA-B15:01,17232.05,ABE73425,ARKKFPPPSFY,10,77.0
236,HLA-B15:01,17358.25,ABE73425,RVPTREENVIQ,236,78.0
321,HLA-B15:01,17420.69,ABE73425,IEQISAFTKPS,321,79.0
116,HLA-B15:01,17568.2,ABE73425,RNQKPLEPKFS,116,80.0
275,HLA-B15:01,17842.4,ABE73425,LAELIPNQAAL,275,81.0
238,HLA-B15:01,17959.81,ABE73425,PTREENVIQCF,238,82.0
121,HLA-B15:01,18011.92,ABE73425,LEPKFSIALPP,121,83.0
330,HLA-B15:01,18053.52,ABE73425,PSSIKEMQSQS,330,84.0
156,HLA-B15:01,18099.33,ABE73425,NNSRDSSRSTS,156,85.0
169,HLA-B15:01,18282.05,ABE73425,QSRTRSDSNQS,169,86.0
329,HLA-B15:01,18331.69,ABE73425,KPSSIKEMQSQ,329,87.0
282,HLA-B15:01,18430.82,ABE73425,QAALFFDSEVS,282,88.0
60,HLA-B15:01,18995.99,ABE73425,WRMRRGQRVDL,60,89.0
294,HLA-B15:01,19266.99,ABE73425,DEVGDNVQITY,294,90.0
264,HLA-B15:01,19290.29,ABE73425,QNGVDAKGFPQ,264,91.0
111,HLA-B15:01,19495.6,ABE73425,LGNRKRNQKPL,111,92.0
278,HLA-B15:01,19739.15,ABE73425,LIPNQAALFFD,278,93.0
74,HLA-B15:01,19758.37,ABE73425,VHFYYLGTGPH,74,94.0
79,HLA-B15:01,19827.74,ABE73425,LGTGPHKDLKF,79,95.0
43,HLA-B15:01,19990.59,ABE73425,GKGNKDEQIGY,43,96.0
151,HLA-B15:01,20028.43,ABE73425,RSSTRNNSRDS,151,97.0
17,HLA-B15:01,20054.3,ABE73425,PSFYMPLLVSS,17,98.0
24,HLA-B15:01,20221.73,ABE73425,LVSSDKAPYRV,24,99.0
153,HLA-B15:01,20328.11,ABE73425,STRNNSRDSSR,153,100.0
291,HLA-B15:01,20660.03,ABE73425,VSTDEVGDNVQ,291,101.0
315,HLA-B15:01,20790.1,ABE73425,KNLPKFIEQIS,315,102.0
148,HLA-B15:01,20848.11,ABE73425,ASSRSSTRNNS,148,103.0
136,HLA-B15:01,20877.75,ABE73425,VEFEDRSNNSS,136,104.0
99,HLA-B15:01,20931.93,ABE73425,VAKEGAKTVNT,99,105.0
241,HLA-B15:01,21146.58,ABE73425,EENVIQCFGPR,241,106.0
133,HLA-B15:01,21176.1,ABE73425,LSVVEFEDRSN,133,107.0
197,HLA-B15:01,21439.07,ABE73425,DNQSKSPSSSG,197,108.0
189,HLA-B15:01,21508.82,ABE73425,LALKNLGFDNQ,189,109.0
0,HLA-B15:01,21792.37,ABE73425,ASVNWADDRAA,0,110.0
102,HLA-B15:01,21807.04,ABE73425,EGAKTVNTSLG,102,111.0
41,HLA-B15:01,21843.44,ABE73425,PIGKGNKDEQI,41,112.0
20,HLA-B15:01,21876.39,ABE73425,YMPLLVSSDKA,20,113.0
62,HLA-B15:01,21943.16,ABE73425,MRRGQRVDLPP,62,114.0
295,HLA-B15:01,22008.94,ABE73425,EVGDNVQITYT,295,115.0
184,HLA-B15:01,22143.34,ABE73425,VAAVTLALKNL,184,116.0
316,HLA-B15:01,22173.4,ABE73425,NLPKFIEQISA,316,117.0
87,HLA-B15:01,22267.97,ABE73425,LKFRQRSDGVV,87,118.0
160,HLA-B15:01,22399.42,ABE73425,DSSRSTSRQQS,160,119.0
142,HLA-B15:01,22462.17,ABE73425,SNNSSRASSRS,142,120.0
302,HLA-B15:01,22624.44,ABE73425,ITYTYKMLVAK,302,121.0
217,HLA-B15:01,22679.13,ABE73425,PLSQPRADKPS,217,122.0
209,HLA-B15:01,22846.68,ABE73425,FTPKKPNKPLS,209,123.0
333,HLA-B15:01,23071.42,ABE73425,IKEMQSQSSHV,333,124.0
180,HLA-B15:01,23112.71,ABE73425,SSDLVAAVTLA,180,125.0
164,HLA-B15:01,23127.16,ABE73425,STSRQQSRTRS,164,126.0
147,HLA-B15:01,23337.2,ABE73425,RASSRSSTRNN,147,127.0
44,HLA-B15:01,23456.25,ABE73425,KGNKDEQIGYW,44,128.0
118,HLA-B15:01,23748.54,ABE73425,QKPLEPKFSIA,118,129.0
64,HLA-B15:01,23793.5,ABE73425,RGQRVDLPPKV,64,130.0
210,HLA-B15:01,23817.72,ABE73425,TPKKPNKPLSQ,210,131.0
227,HLA-B15:01,23925.08,ABE73425,SQLKKPRWKRV,227,132.0
155,HLA-B15:01,23940.93,ABE73425,RNNSRDSSRST,155,133.0
97,HLA-B15:01,23967.06,ABE73425,VWVAKEGAKTV,97,134.0
1,HLA-B15:01,24068.45,ABE73425,SVNWADDRAAR,1,135.0
230,HLA-B15:01,24129.03,ABE73425,KKPRWKRVPTR,230,136.0
208,HLA-B15:01,24152.52,ABE73425,TFTPKKPNKPL,208,137.0
7,HLA-B15:01,24260.81,ABE73425,DRAARKKFPPP,7,138.0
157,HLA-B15:01,24330.59,ABE73425,NSRDSSRSTSR,157,139.0
185,HLA-B15:01,24366.81,ABE73425,AAVTLALKNLG,185,140.0
127,HLA-B15:01,24528.45,ABE73425,IALPPELSVVE,127,141.0
193,HLA-B15:01,24569.86,ABE73425,NLGFDNQSKSP,193,142.0
134,HLA-B15:01,24625.92,ABE73425,SVVEFEDRSNN,134,143.0
254,HLA-B15:01,24631.68,ABE73425,NHNMGDSDLVQ,254,144.0
66,HLA-B15:01,24760.47,ABE73425,QRVDLPPKVHF,66,145.0
120,HLA-B15:01,25088.16,ABE73425,PLEPKFSIALP,120,146.0
320,HLA-B15:01,25142.64,ABE73425,FIEQISAFTKP,320,147.0
233,HLA-B15:01,25213.0,ABE73425,RWKRVPTREEN,233,148.0
285,HLA-B15:01,25218.25,ABE73425,LFFDSEVSTDE,285,149.0
152,HLA-B15:01,25249.95,ABE73425,SSTRNNSRDSS,152,150.0
163,HLA-B15:01,25338.54,ABE73425,RSTSRQQSRTR,163,151.0
304,HLA-B15:01,25353.74,ABE73425,YTYKMLVAKDN,304,152.0
13,HLA-B15:01,25364.48,ABE73425,KFPPPSFYMPL,13,153.0
89,HLA-B15:01,25432.1,ABE73425,FRQRSDGVVWV,89,154.0
235,HLA-B15:01,25579.75,ABE73425,KRVPTREENVI,235,155.0
212,HLA-B15:01,25591.45,ABE73425,KKPNKPLSQPR,212,156.0
318,HLA-B15:01,25597.37,ABE73425,PKFIEQISAFT,318,157.0
173,HLA-B15:01,25788.75,ABE73425,RSDSNQSSSDL,173,158.0
170,HLA-B15:01,25880.18,ABE73425,SRTRSDSNQSS,170,159.0
75,HLA-B15:01,25929.36,ABE73425,HFYYLGTGPHK,75,160.0
200,HLA-B15:01,26022.3,ABE73425,SKSPSSSGTFT,200,161.0
11,HLA-B15:01,26058.05,ABE73425,RKKFPPPSFYM,11,162.0
175,HLA-B15:01,26082.34,ABE73425,DSNQSSSDLVA,175,163.0
119,HLA-B15:01,26088.12,ABE73425,KPLEPKFSIAL,119,164.0
181,HLA-B15:01,26126.63,ABE73425,SDLVAAVTLAL,181,165.0
70,HLA-B15:01,26143.41,ABE73425,LPPKVHFYYLG,70,166.0
269,HLA-B15:01,26278.22,ABE73425,AKGFPQLAELI,269,167.0
196,HLA-B15:01,26286.04,ABE73425,FDNQSKSPSSS,196,168.0
298,HLA-B15:01,26331.01,ABE73425,DNVQITYTYKM,298,169.0
292,HLA-B15:01,26504.97,ABE73425,STDEVGDNVQI,292,170.0
313,HLA-B15:01,26509.25,ABE73425,DNKNLPKFIEQ,313,171.0
279,HLA-B15:01,26661.8,ABE73425,IPNQAALFFDS,279,172.0
4,HLA-B15:01,26810.37,ABE73425,WADDRAARKKF,4,173.0
244,HLA-B15:01,26905.85,ABE73425,VIQCFGPRDFN,244,174.0
77,HLA-B15:01,26958.06,ABE73425,YYLGTGPHKDL,77,175.0
143,HLA-B15:01,27023.0,ABE73425,NNSSRASSRSS,143,176.0
21,HLA-B15:01,27124.94,ABE73425,MPLLVSSDKAP,21,177.0
211,HLA-B15:01,27152.62,ABE73425,PKKPNKPLSQP,211,178.0
140,HLA-B15:01,27161.03,ABE73425,DRSNNSSRASS,140,179.0
240,HLA-B15:01,27165.58,ABE73425,REENVIQCFGP,240,180.0
247,HLA-B15:01,27231.32,ABE73425,CFGPRDFNHNM,247,181.0
68,HLA-B15:01,27246.97,ABE73425,VDLPPKVHFYY,68,182.0
72,HLA-B15:01,27381.69,ABE73425,PKVHFYYLGTG,72,183.0
265,HLA-B15:01,27420.79,ABE73425,NGVDAKGFPQL,265,184.0
248,HLA-B15:01,27605.55,ABE73425,FGPRDFNHNMG,248,185.0
272,HLA-B15:01,27652.5,ABE73425,FPQLAELIPNQ,272,186.0
195,HLA-B15:01,27767.16,ABE73425,GFDNQSKSPSS,195,187.0
135,HLA-B15:01,27819.11,ABE73425,VVEFEDRSNNS,135,188.0
207,HLA-B15:01,27881.41,ABE73425,GTFTPKKPNKP,207,189.0
48,HLA-B15:01,27890.95,ABE73425,DEQIGYWNVQE,48,190.0
29,HLA-B15:01,27978.5,ABE73425,KAPYRVIPRNL,29,191.0
286,HLA-B15:01,28063.73,ABE73425,FFDSEVSTDEV,286,192.0
12,HLA-B15:01,28094.78,ABE73425,KKFPPPSFYMP,12,193.0
108,HLA-B15:01,28100.11,ABE73425,NTSLGNRKRNQ,108,194.0
124,HLA-B15:01,28166.08,ABE73425,KFSIALPPELS,124,195.0
204,HLA-B15:01,28188.42,ABE73425,SSSGTFTPKKP,204,196.0
104,HLA-B15:01,28386.3,ABE73425,AKTVNTSLGNR,104,197.0
16,HLA-B15:01,28663.66,ABE73425,PPSFYMPLLVS,16,198.0
165,HLA-B15:01,28701.21,ABE73425,TSRQQSRTRSD,165,199.0
223,HLA-B15:01,28950.56,ABE73425,ADKPSQLKKPR,223,200.0
54,HLA-B15:01,29029.6,ABE73425,WNVQERWRMRR,54,201.0
47,HLA-B15:01,29075.33,ABE73425,KDEQIGYWNVQ,47,202.0
166,HLA-B15:01,29137.01,ABE73425,SRQQSRTRSDS,166,203.0
80,HLA-B15:01,29176.39,ABE73425,GTGPHKDLKFR,80,204.0
50,HLA-B15:01,29216.75,ABE73425,QIGYWNVQERW,50,205.0
115,HLA-B15:01,29273.3,ABE73425,KRNQKPLEPKF,115,206.0
205,HLA-B15:01,29303.62,ABE73425,SSGTFTPKKPN,205,207.0
266,HLA-B15:01,29365.29,ABE73425,GVDAKGFPQLA,266,208.0
18,HLA-B15:01,29368.0,ABE73425,SFYMPLLVSSD,18,209.0
53,HLA-B15:01,29481.84,ABE73425,YWNVQERWRMR,53,210.0
103,HLA-B15:01,29523.84,ABE73425,GAKTVNTSLGN,103,211.0
253,HLA-B15:01,29636.89,ABE73425,FNHNMGDSDLV,253,212.0
57,HLA-B15:01,29640.46,ABE73425,QERWRMRRGQR,57,213.0
95,HLA-B15:01,29744.28,ABE73425,GVVWVAKEGAK,95,214.0
159,HLA-B15:01,29823.75,ABE73425,RDSSRSTSRQQ,159,215.0
78,HLA-B15:01,30053.24,ABE73425,YLGTGPHKDLK,78,216.0
55,HLA-B15:01,30059.7,ABE73425,NVQERWRMRRG,55,217.0
188,HLA-B15:01,30099.62,ABE73425,TLALKNLGFDN,188,218.0
14,HLA-B15:01,30140.66,ABE73425,FPPPSFYMPLL,14,219.0
192,HLA-B15:01,30340.58,ABE73425,KNLGFDNQSKS,192,220.0
113,HLA-B15:01,30409.49,ABE73425,NRKRNQKPLEP,113,221.0
187,HLA-B15:01,30457.99,ABE73425,VTLALKNLGFD,187,222.0
51,HLA-B15:01,30464.72,ABE73425,IGYWNVQERWR,51,223.0
26,HLA-B15:01,30480.94,ABE73425,SSDKAPYRVIP,26,224.0
71,HLA-B15:01,30529.81,ABE73425,PPKVHFYYLGT,71,225.0
280,HLA-B15:01,30562.47,ABE73425,PNQAALFFDSE,280,226.0
110,HLA-B15:01,30565.63,ABE73425,SLGNRKRNQKP,110,227.0
105,HLA-B15:01,30668.43,ABE73425,KTVNTSLGNRK,105,228.0
59,HLA-B15:01,30696.34,ABE73425,RWRMRRGQRVD,59,229.0
231,HLA-B15:01,30726.48,ABE73425,KPRWKRVPTRE,231,230.0
319,HLA-B15:01,30728.96,ABE73425,KFIEQISAFTK,319,231.0
114,HLA-B15:01,30757.31,ABE73425,RKRNQKPLEPK,114,232.0
31,HLA-B15:01,30867.92,ABE73425,PYRVIPRNLVP,31,233.0
15,HLA-B15:01,30906.97,ABE73425,PPPSFYMPLLV,15,234.0
52,HLA-B15:01,30916.14,ABE73425,GYWNVQERWRM,52,235.0
287,HLA-B15:01,30925.49,ABE73425,FDSEVSTDEVG,287,236.0
252,HLA-B15:01,30935.79,ABE73425,DFNHNMGDSDL,252,237.0
206,HLA-B15:01,31020.94,ABE73425,SGTFTPKKPNK,206,238.0
138,HLA-B15:01,31048.4,ABE73425,FEDRSNNSSRA,138,239.0
239,HLA-B15:01,31059.12,ABE73425,TREENVIQCFG,239,240.0
325,HLA-B15:01,31098.85,ABE73425,SAFTKPSSIKE,325,241.0
123,HLA-B15:01,31145.8,ABE73425,PKFSIALPPEL,123,242.0
39,HLA-B15:01,31157.39,ABE73425,LVPIGKGNKDE,39,243.0
76,HLA-B15:01,31158.85,ABE73425,FYYLGTGPHKD,76,244.0
268,HLA-B15:01,31169.74,ABE73425,DAKGFPQLAEL,268,245.0
246,HLA-B15:01,31259.86,ABE73425,QCFGPRDFNHN,246,246.0
27,HLA-B15:01,31289.03,ABE73425,SDKAPYRVIPR,27,247.0
40,HLA-B15:01,31455.05,ABE73425,VPIGKGNKDEQ,40,248.0
271,HLA-B15:01,31507.25,ABE73425,GFPQLAELIPN,271,249.0
37,HLA-B15:01,31569.3,ABE73425,RNLVPIGKGNK,37,250.0
213,HLA-B15:01,31586.3,ABE73425,KPNKPLSQPRA,213,251.0
132,HLA-B15:01,31614.7,ABE73425,ELSVVEFEDRS,132,252.0
122,HLA-B15:01,31649.44,ABE73425,EPKFSIALPPE,122,253.0
146,HLA-B15:01,31656.17,ABE73425,SRASSRSSTRN,146,254.0
154,HLA-B15:01,31659.85,ABE73425,TRNNSRDSSRS,154,255.0
250,HLA-B15:01,31701.57,ABE73425,PRDFNHNMGDS,250,256.0
158,HLA-B15:01,31714.5,ABE73425,SRDSSRSTSRQ,158,257.0
83,HLA-B15:01,31748.98,ABE73425,PHKDLKFRQRS,83,258.0
6,HLA-B15:01,31775.79,ABE73425,DDRAARKKFPP,6,259.0
293,HLA-B15:01,31847.9,ABE73425,TDEVGDNVQIT,293,260.0
34,HLA-B15:01,31869.54,ABE73425,VIPRNLVPIGK,34,261.0
137,HLA-B15:01,31920.39,ABE73425,EFEDRSNNSSR,137,262.0
306,HLA-B15:01,31988.52,ABE73425,YKMLVAKDNKN,306,263.0
85,HLA-B15:01,31993.47,ABE73425,KDLKFRQRSDG,85,264.0
257,HLA-B15:01,31993.47,ABE73425,MGDSDLVQNGV,257,264.0
139,HLA-B15:01,31998.92,ABE73425,EDRSNNSSRAS,139,266.0
289,HLA-B15:01,32010.16,ABE73425,SEVSTDEVGDN,289,267.0
222,HLA-B15:01,32089.75,ABE73425,RADKPSQLKKP,222,268.0
69,HLA-B15:01,32099.97,ABE73425,DLPPKVHFYYL,69,269.0
92,HLA-B15:01,32101.73,ABE73425,RSDGVVWVAKE,92,270.0
96,HLA-B15:01,32142.15,ABE73425,VVWVAKEGAKT,96,271.0
311,HLA-B15:01,32159.08,ABE73425,AKDNKNLPKFI,311,272.0
259,HLA-B15:01,32224.51,ABE73425,DSDLVQNGVDA,259,273.0
328,HLA-B15:01,32246.02,ABE73425,TKPSSIKEMQS,328,274.0
174,HLA-B15:01,32437.87,ABE73425,SDSNQSSSDLV,174,275.0
112,HLA-B15:01,32477.8,ABE73425,GNRKRNQKPLE,112,276.0
162,HLA-B15:01,32548.0,ABE73425,SRSTSRQQSRT,162,277.0
106,HLA-B15:01,32558.25,ABE73425,TVNTSLGNRKR,106,278.0
191,HLA-B15:01,32580.55,ABE73425,LKNLGFDNQSK,191,279.0
234,HLA-B15:01,32653.59,ABE73425,WKRVPTREENV,234,280.0
202,HLA-B15:01,32690.9,ABE73425,SPSSSGTFTPK,202,281.0
93,HLA-B15:01,32704.22,ABE73425,SDGVVWVAKEG,93,282.0
100,HLA-B15:01,32800.84,ABE73425,AKEGAKTVNTS,100,283.0
63,HLA-B15:01,32849.78,ABE73425,RRGQRVDLPPK,63,284.0
216,HLA-B15:01,32917.3,ABE73425,KPLSQPRADKP,216,285.0
19,HLA-B15:01,32925.61,ABE73425,FYMPLLVSSDK,19,286.0
107,HLA-B15:01,32930.43,ABE73425,VNTSLGNRKRN,107,287.0
129,HLA-B15:01,32971.78,ABE73425,LPPELSVVEFE,129,288.0
58,HLA-B15:01,33170.95,ABE73425,ERWRMRRGQRV,58,289.0
5,HLA-B15:01,33180.78,ABE73425,ADDRAARKKFP,5,290.0
131,HLA-B15:01,33417.75,ABE73425,PELSVVEFEDR,131,291.0
267,HLA-B15:01,33418.05,ABE73425,VDAKGFPQLAE,267,292.0
94,HLA-B15:01,33535.12,ABE73425,DGVVWVAKEGA,94,293.0
35,HLA-B15:01,33596.5,ABE73425,IPRNLVPIGKG,35,294.0
30,HLA-B15:01,33741.89,ABE73425,APYRVIPRNLV,30,295.0
312,HLA-B15:01,33745.03,ABE73425,KDNKNLPKFIE,312,296.0
82,HLA-B15:01,33881.95,ABE73425,GPHKDLKFRQR,82,297.0
86,HLA-B15:01,34055.71,ABE73425,DLKFRQRSDGV,86,298.0
81,HLA-B15:01,34088.02,ABE73425,TGPHKDLKFRQ,81,299.0
226,HLA-B15:01,34293.39,ABE73425,PSQLKKPRWKR,226,300.0
232,HLA-B15:01,34332.95,ABE73425,PRWKRVPTREE,232,301.0
290,HLA-B15:01,34364.69,ABE73425,EVSTDEVGDNV,290,302.0
237,HLA-B15:01,34463.59,ABE73425,VPTREENVIQC,237,303.0
28,HLA-B15:01,34643.46,ABE73425,DKAPYRVIPRN,28,304.0
214,HLA-B15:01,34720.46,ABE73425,PNKPLSQPRAD,214,305.0
46,HLA-B15:01,34728.71,ABE73425,NKDEQIGYWNV,46,306.0
220,HLA-B15:01,34792.29,ABE73425,QPRADKPSQLK,220,307.0
109,HLA-B15:01,34878.56,ABE73425,TSLGNRKRNQK,109,308.0
203,HLA-B15:01,34922.94,ABE73425,PSSSGTFTPKK,203,309.0
297,HLA-B15:01,34936.23,ABE73425,GDNVQITYTYK,297,310.0
38,HLA-B15:01,34938.66,ABE73425,NLVPIGKGNKD,38,311.0
84,HLA-B15:01,34988.01,ABE73425,HKDLKFRQRSD,84,312.0
36,HLA-B15:01,35049.18,ABE73425,PRNLVPIGKGN,36,313.0
215,HLA-B15:01,35061.39,ABE73425,NKPLSQPRADK,215,314.0
182,HLA-B15:01,35085.95,ABE73425,DLVAAVTLALK,182,315.0
172,HLA-B15:01,35093.78,ABE73425,TRSDSNQSSSD,172,316.0
150,HLA-B15:01,35116.07,ABE73425,SRSSTRNNSRD,150,317.0
303,HLA-B15:01,35171.03,ABE73425,TYTYKMLVAKD,303,318.0
242,HLA-B15:01,35175.71,ABE73425,ENVIQCFGPRD,242,319.0
251,HLA-B15:01,35629.81,ABE73425,RDFNHNMGDSD,251,320.0
91,HLA-B15:01,35647.64,ABE73425,QRSDGVVWVAK,91,321.0
258,HLA-B15:01,35658.79,ABE73425,GDSDLVQNGVD,258,322.0
261,HLA-B15:01,35802.11,ABE73425,DLVQNGVDAKG,261,323.0
45,HLA-B15:01,35930.45,ABE73425,GNKDEQIGYWN,45,324.0
249,HLA-B15:01,36178.98,ABE73425,GPRDFNHNMGD,249,325.0
224,HLA-B15:01,36216.21,ABE73425,DKPSQLKKPRW,224,326.0
2,HLA-B15:01,36353.66,ABE73425,VNWADDRAARK,2,327.0
305,HLA-B15:01,36473.7,ABE73425,TYKMLVAKDNK,305,328.0
288,HLA-B15:01,36574.45,ABE73425,DSEVSTDEVGD,288,329.0
130,HLA-B15:01,36636.77,ABE73425,PPELSVVEFED,130,330.0
221,HLA-B15:01,36643.35,ABE73425,PRADKPSQLKK,221,331.0
225,HLA-B15:01,36871.42,ABE73425,KPSQLKKPRWK,225,332.0
260,HLA-B15:01,36993.97,ABE73425,SDLVQNGVDAK,260,333.0
3,HLA-B15:01,37547.77,ABE73425,NWADDRAARKK,3,334.0
30,HLA-B07:02,174.77,ABE73425,APYRVIPRNLV,30,1.0
119,HLA-B07:02,378.63,ABE73425,KPLEPKFSIAL,119,2.0
317,HLA-B07:02,602.69,ABE73425,LPKFIEQISAF,317,3.0
29,HLA-B07:02,824.98,ABE73425,KAPYRVIPRNL,29,4.0
186,HLA-B07:02,1145.2,ABE73425,AVTLALKNLGF,186,5.0
275,HLA-B07:02,1169.64,ABE73425,LAELIPNQAAL,275,6.0
13,HLA-B07:02,1516.51,ABE73425,KFPPPSFYMPL,13,7.0
171,HLA-B07:02,1535.87,ABE73425,RTRSDSNQSSS,171,8.0
14,HLA-B07:02,1539.4,ABE73425,FPPPSFYMPLL,14,9.0
8,HLA-B07:02,2135.02,ABE73425,RAARKKFPPPS,8,10.0
231,HLA-B07:02,2393.28,ABE73425,KPRWKRVPTRE,231,11.0
155,HLA-B07:02,2472.36,ABE73425,RNNSRDSSRST,155,12.0
9,HLA-B07:02,2596.04,ABE73425,AARKKFPPPSF,9,13.0
249,HLA-B07:02,3715.84,ABE73425,GPRDFNHNMGD,249,14.0
213,HLA-B07:02,4263.18,ABE73425,KPNKPLSQPRA,213,15.0
111,HLA-B07:02,4466.69,ABE73425,LGNRKRNQKPL,111,16.0
237,HLA-B07:02,4477.26,ABE73425,VPTREENVIQC,237,17.0
35,HLA-B07:02,4508.98,ABE73425,IPRNLVPIGKG,35,18.0
329,HLA-B07:02,4599.19,ABE73425,KPSSIKEMQSQ,329,19.0
210,HLA-B07:02,5329.32,ABE73425,TPKKPNKPLSQ,210,20.0
184,HLA-B07:02,5493.29,ABE73425,VAAVTLALKNL,184,21.0
60,HLA-B07:02,5597.81,ABE73425,WRMRRGQRVDL,60,22.0
202,HLA-B07:02,5882.71,ABE73425,SPSSSGTFTPK,202,23.0
141,HLA-B07:02,6164.9,ABE73425,RSNNSSRASSR,141,24.0
122,HLA-B07:02,6266.98,ABE73425,EPKFSIALPPE,122,25.0
33,HLA-B07:02,6356.82,ABE73425,RVIPRNLVPIG,33,26.0
309,HLA-B07:02,6369.9,ABE73425,LVAKDNKNLPK,309,27.0
220,HLA-B07:02,6712.06,ABE73425,QPRADKPSQLK,220,28.0
147,HLA-B07:02,8092.62,ABE73425,RASSRSSTRNN,147,29.0
90,HLA-B07:02,8453.37,ABE73425,RQRSDGVVWVA,90,30.0
126,HLA-B07:02,9060.82,ABE73425,SIALPPELSVV,126,31.0
98,HLA-B07:02,10298.8,ABE73425,WVAKEGAKTVN,98,32.0
32,HLA-B07:02,10485.74,ABE73425,YRVIPRNLVPI,32,33.0
274,HLA-B07:02,10880.68,ABE73425,QLAELIPNQAA,274,34.0
11,HLA-B07:02,10913.75,ABE73425,RKKFPPPSFYM,11,35.0
323,HLA-B07:02,11318.38,ABE73425,QISAFTKPSSI,323,36.0
310,HLA-B07:02,11435.18,ABE73425,VAKDNKNLPKF,310,37.0
219,HLA-B07:02,11527.79,ABE73425,SQPRADKPSQL,219,38.0
332,HLA-B07:02,11769.21,ABE73425,SIKEMQSQSSH,332,39.0
225,HLA-B07:02,11808.16,ABE73425,KPSQLKKPRWK,225,40.0
96,HLA-B07:02,11810.1,ABE73425,VVWVAKEGAKT,96,41.0
59,HLA-B07:02,11885.64,ABE73425,RWRMRRGQRVD,59,42.0
101,HLA-B07:02,12200.66,ABE73425,KEGAKTVNTSL,101,43.0
279,HLA-B07:02,12836.34,ABE73425,IPNQAALFFDS,279,44.0
212,HLA-B07:02,12935.95,ABE73425,KKPNKPLSQPR,212,45.0
82,HLA-B07:02,13473.55,ABE73425,GPHKDLKFRQR,82,46.0
173,HLA-B07:02,13484.76,ABE73425,RSDSNQSSSDL,173,47.0
183,HLA-B07:02,13548.99,ABE73425,LVAAVTLALKN,183,48.0
114,HLA-B07:02,13643.97,ABE73425,RKRNQKPLEPK,114,49.0
64,HLA-B07:02,13697.63,ABE73425,RGQRVDLPPKV,64,50.0
4,HLA-B07:02,13735.03,ABE73425,WADDRAARKKF,4,51.0
121,HLA-B07:02,14116.21,ABE73425,LEPKFSIALPP,121,52.0
144,HLA-B07:02,14686.56,ABE73425,NSSRASSRSST,144,53.0
283,HLA-B07:02,15338.3,ABE73425,AALFFDSEVST,283,54.0
15,HLA-B07:02,16255.72,ABE73425,PPPSFYMPLLV,15,55.0
299,HLA-B07:02,16521.86,ABE73425,NVQITYTYKML,299,56.0
247,HLA-B07:02,16787.53,ABE73425,CFGPRDFNHNM,247,57.0
70,HLA-B07:02,16838.14,ABE73425,LPPKVHFYYLG,70,58.0
99,HLA-B07:02,16932.91,ABE73425,VAKEGAKTVNT,99,59.0
229,HLA-B07:02,16943.42,ABE73425,LKKPRWKRVPT,229,60.0
277,HLA-B07:02,17332.17,ABE73425,ELIPNQAALFF,277,61.0
151,HLA-B07:02,17362.93,ABE73425,RSSTRNNSRDS,151,62.0
301,HLA-B07:02,17390.78,ABE73425,QITYTYKMLVA,301,63.0
262,HLA-B07:02,17464.41,ABE73425,LVQNGVDAKGF,262,64.0
165,HLA-B07:02,17505.78,ABE73425,TSRQQSRTRSD,165,65.0
272,HLA-B07:02,17608.8,ABE73425,FPQLAELIPNQ,272,66.0
208,HLA-B07:02,17612.75,ABE73425,TFTPKKPNKPL,208,67.0
230,HLA-B07:02,17697.8,ABE73425,KKPRWKRVPTR,230,68.0
181,HLA-B07:02,17895.13,ABE73425,SDLVAAVTLAL,181,69.0
159,HLA-B07:02,18060.11,ABE73425,RDSSRSTSRQQ,159,70.0
88,HLA-B07:02,18490.46,ABE73425,KFRQRSDGVVW,88,71.0
179,HLA-B07:02,18890.51,ABE73425,SSSDLVAAVTL,179,72.0
145,HLA-B07:02,19054.66,ABE73425,SSRASSRSSTR,145,73.0
149,HLA-B07:02,19240.93,ABE73425,SSRSSTRNNSR,149,74.0
328,HLA-B07:02,19301.16,ABE73425,TKPSSIKEMQS,328,75.0
316,HLA-B07:02,19330.96,ABE73425,NLPKFIEQISA,316,76.0
271,HLA-B07:02,19439.34,ABE73425,GFPQLAELIPN,271,77.0
71,HLA-B07:02,19448.28,ABE73425,PPKVHFYYLGT,71,78.0
1,HLA-B07:02,19499.36,ABE73425,SVNWADDRAAR,1,79.0
40,HLA-B07:02,19632.77,ABE73425,VPIGKGNKDEQ,40,80.0
209,HLA-B07:02,19640.06,ABE73425,FTPKKPNKPLS,209,81.0
142,HLA-B07:02,19653.93,ABE73425,SNNSSRASSRS,142,82.0
176,HLA-B07:02,19779.71,ABE73425,SNQSSSDLVAA,176,83.0
39,HLA-B07:02,19785.75,ABE73425,LVPIGKGNKDE,39,84.0
236,HLA-B07:02,20006.73,ABE73425,RVPTREENVIQ,236,85.0
58,HLA-B07:02,20108.02,ABE73425,ERWRMRRGQRV,58,86.0
199,HLA-B07:02,20358.44,ABE73425,QSKSPSSSGTF,199,87.0
326,HLA-B07:02,21010.84,ABE73425,AFTKPSSIKEM,326,88.0
24,HLA-B07:02,21156.56,ABE73425,LVSSDKAPYRV,24,89.0
103,HLA-B07:02,21226.41,ABE73425,GAKTVNTSLGN,103,90.0
167,HLA-B07:02,21361.94,ABE73425,RQQSRTRSDSN,167,91.0
55,HLA-B07:02,21559.8,ABE73425,NVQERWRMRRG,55,92.0
134,HLA-B07:02,21657.6,ABE73425,SVVEFEDRSNN,134,93.0
129,HLA-B07:02,22056.97,ABE73425,LPPELSVVEFE,129,94.0
325,HLA-B07:02,22085.56,ABE73425,SAFTKPSSIKE,325,95.0
120,HLA-B07:02,22340.52,ABE73425,PLEPKFSIALP,120,96.0
232,HLA-B07:02,22602.11,ABE73425,PRWKRVPTREE,232,97.0
278,HLA-B07:02,22626.63,ABE73425,LIPNQAALFFD,278,98.0
307,HLA-B07:02,22701.22,ABE73425,KMLVAKDNKNL,307,99.0
87,HLA-B07:02,22704.58,ABE73425,LKFRQRSDGVV,87,100.0
234,HLA-B07:02,22792.0,ABE73425,WKRVPTREENV,234,101.0
238,HLA-B07:02,23350.41,ABE73425,PTREENVIQCF,238,102.0
153,HLA-B07:02,23387.42,ABE73425,STRNNSRDSSR,153,103.0
16,HLA-B07:02,23642.65,ABE73425,PPSFYMPLLVS,16,104.0
161,HLA-B07:02,24095.22,ABE73425,SSRSTSRQQSR,161,105.0
115,HLA-B07:02,24143.22,ABE73425,KRNQKPLEPKF,115,106.0
164,HLA-B07:02,24156.23,ABE73425,STSRQQSRTRS,164,107.0
235,HLA-B07:02,24388.6,ABE73425,KRVPTREENVI,235,108.0
185,HLA-B07:02,24412.93,ABE73425,AAVTLALKNLG,185,109.0
143,HLA-B07:02,24489.86,ABE73425,NNSSRASSRSS,143,110.0
118,HLA-B07:02,24566.46,ABE73425,QKPLEPKFSIA,118,111.0
216,HLA-B07:02,24808.83,ABE73425,KPLSQPRADKP,216,112.0
265,HLA-B07:02,24938.37,ABE73425,NGVDAKGFPQL,265,113.0
61,HLA-B07:02,24987.78,ABE73425,RMRRGQRVDLP,61,114.0
266,HLA-B07:02,25087.97,ABE73425,GVDAKGFPQLA,266,115.0
218,HLA-B07:02,25133.15,ABE73425,LSQPRADKPSQ,218,116.0
65,HLA-B07:02,25169.27,ABE73425,GQRVDLPPKVH,65,117.0
146,HLA-B07:02,25574.94,ABE73425,SRASSRSSTRN,146,118.0
123,HLA-B07:02,26333.87,ABE73425,PKFSIALPPEL,123,119.0
267,HLA-B07:02,26470.13,ABE73425,VDAKGFPQLAE,267,120.0
198,HLA-B07:02,26477.37,ABE73425,NQSKSPSSSGT,198,121.0
248,HLA-B07:02,26696.4,ABE73425,FGPRDFNHNMG,248,122.0
157,HLA-B07:02,26760.8,ABE73425,NSRDSSRSTSR,157,123.0
163,HLA-B07:02,26810.77,ABE73425,RSTSRQQSRTR,163,124.0
211,HLA-B07:02,26980.29,ABE73425,PKKPNKPLSQP,211,125.0
200,HLA-B07:02,27086.32,ABE73425,SKSPSSSGTFT,200,126.0
172,HLA-B07:02,27284.01,ABE73425,TRSDSNQSSSD,172,127.0
127,HLA-B07:02,27296.42,ABE73425,IALPPELSVVE,127,128.0
69,HLA-B07:02,27298.73,ABE73425,DLPPKVHFYYL,69,129.0
116,HLA-B07:02,27431.08,ABE73425,RNQKPLEPKFS,116,130.0
125,HLA-B07:02,27449.41,ABE73425,FSIALPPELSV,125,131.0
154,HLA-B07:02,27532.54,ABE73425,TRNNSRDSSRS,154,132.0
324,HLA-B07:02,27549.19,ABE73425,ISAFTKPSSIK,324,133.0
169,HLA-B07:02,27603.13,ABE73425,QSRTRSDSNQS,169,134.0
168,HLA-B07:02,27609.33,ABE73425,QQSRTRSDSNQ,168,135.0
158,HLA-B07:02,27653.24,ABE73425,SRDSSRSTSRQ,158,136.0
162,HLA-B07:02,27700.97,ABE73425,SRSTSRQQSRT,162,137.0
243,HLA-B07:02,27738.72,ABE73425,NVIQCFGPRDF,243,138.0
62,HLA-B07:02,27832.99,ABE73425,MRRGQRVDLPP,62,139.0
177,HLA-B07:02,27921.99,ABE73425,NQSSSDLVAAV,177,140.0
21,HLA-B07:02,27947.94,ABE73425,MPLLVSSDKAP,21,141.0
95,HLA-B07:02,28113.24,ABE73425,GVVWVAKEGAK,95,142.0
79,HLA-B07:02,28149.93,ABE73425,LGTGPHKDLKF,79,143.0
56,HLA-B07:02,28280.8,ABE73425,VQERWRMRRGQ,56,144.0
302,HLA-B07:02,28327.66,ABE73425,ITYTYKMLVAK,302,145.0
268,HLA-B07:02,28334.93,ABE73425,DAKGFPQLAEL,268,146.0
112,HLA-B07:02,28470.18,ABE73425,GNRKRNQKPLE,112,147.0
170,HLA-B07:02,28474.15,ABE73425,SRTRSDSNQSS,170,148.0
233,HLA-B07:02,28507.46,ABE73425,RWKRVPTREEN,233,149.0
135,HLA-B07:02,28729.28,ABE73425,VVEFEDRSNNS,135,150.0
217,HLA-B07:02,28775.27,ABE73425,PLSQPRADKPS,217,151.0
292,HLA-B07:02,28987.63,ABE73425,STDEVGDNVQI,292,152.0
222,HLA-B07:02,29025.7,ABE73425,RADKPSQLKKP,222,153.0
17,HLA-B07:02,29104.69,ABE73425,PSFYMPLLVSS,17,154.0
139,HLA-B07:02,29140.02,ABE73425,EDRSNNSSRAS,139,155.0
97,HLA-B07:02,29154.79,ABE73425,VWVAKEGAKTV,97,156.0
214,HLA-B07:02,29327.27,ABE73425,PNKPLSQPRAD,214,157.0
57,HLA-B07:02,29441.02,ABE73425,QERWRMRRGQR,57,158.0
2,HLA-B07:02,29469.75,ABE73425,VNWADDRAARK,2,159.0
308,HLA-B07:02,29767.67,ABE73425,MLVAKDNKNLP,308,160.0
74,HLA-B07:02,29795.9,ABE73425,VHFYYLGTGPH,74,161.0
52,HLA-B07:02,29838.23,ABE73425,GYWNVQERWRM,52,162.0
282,HLA-B07:02,29851.96,ABE73425,QAALFFDSEVS,282,163.0
148,HLA-B07:02,29902.54,ABE73425,ASSRSSTRNNS,148,164.0
327,HLA-B07:02,29907.88,ABE73425,FTKPSSIKEMQ,327,165.0
54,HLA-B07:02,30022.1,ABE73425,WNVQERWRMRR,54,166.0
201,HLA-B07:02,30134.69,ABE73425,KSPSSSGTFTP,201,167.0
150,HLA-B07:02,30230.01,ABE73425,SRSSTRNNSRD,150,168.0
221,HLA-B07:02,30395.5,ABE73425,PRADKPSQLKK,221,169.0
77,HLA-B07:02,30420.47,ABE73425,YYLGTGPHKDL,77,170.0
273,HLA-B07:02,30490.07,ABE73425,PQLAELIPNQA,273,171.0
89,HLA-B07:02,30507.09,ABE73425,FRQRSDGVVWV,89,172.0
333,HLA-B07:02,30592.16,ABE73425,IKEMQSQSSHV,333,173.0
0,HLA-B07:02,30615.06,ABE73425,ASVNWADDRAA,0,174.0
92,HLA-B07:02,30616.34,ABE73425,RSDGVVWVAKE,92,175.0
50,HLA-B07:02,30675.89,ABE73425,QIGYWNVQERW,50,176.0
156,HLA-B07:02,30753.49,ABE73425,NNSRDSSRSTS,156,177.0
178,HLA-B07:02,30757.57,ABE73425,QSSSDLVAAVT,178,178.0
253,HLA-B07:02,30779.6,ABE73425,FNHNMGDSDLV,253,179.0
18,HLA-B07:02,30786.54,ABE73425,SFYMPLLVSSD,18,180.0
63,HLA-B07:02,30810.77,ABE73425,RRGQRVDLPPK,63,181.0
140,HLA-B07:02,30821.53,ABE73425,DRSNNSSRASS,140,182.0
41,HLA-B07:02,30912.44,ABE73425,PIGKGNKDEQI,41,183.0
194,HLA-B07:02,30958.15,ABE73425,LGFDNQSKSPS,194,184.0
102,HLA-B07:02,31079.98,ABE73425,EGAKTVNTSLG,102,185.0
276,HLA-B07:02,31235.12,ABE73425,AELIPNQAALF,276,186.0
20,HLA-B07:02,31259.67,ABE73425,YMPLLVSSDKA,20,187.0
252,HLA-B07:02,31437.39,ABE73425,DFNHNMGDSDL,252,188.0
37,HLA-B07:02,31481.29,ABE73425,RNLVPIGKGNK,37,189.0
224,HLA-B07:02,31587.24,ABE73425,DKPSQLKKPRW,224,190.0
298,HLA-B07:02,31588.55,ABE73425,DNVQITYTYKM,298,191.0
73,HLA-B07:02,31635.67,ABE73425,KVHFYYLGTGP,73,192.0
190,HLA-B07:02,31668.05,ABE73425,ALKNLGFDNQS,190,193.0
110,HLA-B07:02,31762.35,ABE73425,SLGNRKRNQKP,110,194.0
36,HLA-B07:02,31825.98,ABE73425,PRNLVPIGKGN,36,195.0
255,HLA-B07:02,31860.51,ABE73425,HNMGDSDLVQN,255,196.0
290,HLA-B07:02,31895.67,ABE73425,EVSTDEVGDNV,290,197.0
72,HLA-B07:02,32018.81,ABE73425,PKVHFYYLGTG,72,198.0
7,HLA-B07:02,32027.17,ABE73425,DRAARKKFPPP,7,199.0
166,HLA-B07:02,32043.93,ABE73425,SRQQSRTRSDS,166,200.0
280,HLA-B07:02,32080.32,ABE73425,PNQAALFFDSE,280,201.0
138,HLA-B07:02,32297.58,ABE73425,FEDRSNNSSRA,138,202.0
196,HLA-B07:02,32308.53,ABE73425,FDNQSKSPSSS,196,203.0
315,HLA-B07:02,32345.68,ABE73425,KNLPKFIEQIS,315,204.0
203,HLA-B07:02,32467.72,ABE73425,PSSSGTFTPKK,203,205.0
128,HLA-B07:02,32483.65,ABE73425,ALPPELSVVEF,128,206.0
108,HLA-B07:02,32634.59,ABE73425,NTSLGNRKRNQ,108,207.0
38,HLA-B07:02,32665.12,ABE73425,NLVPIGKGNKD,38,208.0
152,HLA-B07:02,32714.24,ABE73425,SSTRNNSRDSS,152,209.0
25,HLA-B07:02,32742.71,ABE73425,VSSDKAPYRVI,25,210.0
195,HLA-B07:02,32743.66,ABE73425,GFDNQSKSPSS,195,211.0
331,HLA-B07:02,32896.99,ABE73425,SSIKEMQSQSS,331,212.0
27,HLA-B07:02,32914.86,ABE73425,SDKAPYRVIPR,27,213.0
242,HLA-B07:02,32929.42,ABE73425,ENVIQCFGPRD,242,214.0
304,HLA-B07:02,32962.49,ABE73425,YTYKMLVAKDN,304,215.0
189,HLA-B07:02,33037.96,ABE73425,LALKNLGFDNQ,189,216.0
314,HLA-B07:02,33057.78,ABE73425,NKNLPKFIEQI,314,217.0
330,HLA-B07:02,33204.02,ABE73425,PSSIKEMQSQS,330,218.0
81,HLA-B07:02,33214.03,ABE73425,TGPHKDLKFRQ,81,219.0
318,HLA-B07:02,33239.42,ABE73425,PKFIEQISAFT,318,220.0
133,HLA-B07:02,33306.21,ABE73425,LSVVEFEDRSN,133,221.0
130,HLA-B07:02,33396.73,ABE73425,PPELSVVEFED,130,222.0
174,HLA-B07:02,33409.94,ABE73425,SDSNQSSSDLV,174,223.0
197,HLA-B07:02,33416.16,ABE73425,DNQSKSPSSSG,197,224.0
23,HLA-B07:02,33440.31,ABE73425,LLVSSDKAPYR,23,225.0
303,HLA-B07:02,33456.72,ABE73425,TYTYKMLVAKD,303,226.0
84,HLA-B07:02,33626.62,ABE73425,HKDLKFRQRSD,84,227.0
34,HLA-B07:02,33640.34,ABE73425,VIPRNLVPIGK,34,228.0
320,HLA-B07:02,33642.81,ABE73425,FIEQISAFTKP,320,229.0
227,HLA-B07:02,33652.62,ABE73425,SQLKKPRWKRV,227,230.0
67,HLA-B07:02,33696.42,ABE73425,RVDLPPKVHFY,67,231.0
137,HLA-B07:02,33723.0,ABE73425,EFEDRSNNSSR,137,232.0
117,HLA-B07:02,33795.45,ABE73425,NQKPLEPKFSI,117,233.0
86,HLA-B07:02,33803.51,ABE73425,DLKFRQRSDGV,86,234.0
187,HLA-B07:02,33829.32,ABE73425,VTLALKNLGFD,187,235.0
113,HLA-B07:02,33880.03,ABE73425,NRKRNQKPLEP,113,236.0
245,HLA-B07:02,33918.35,ABE73425,IQCFGPRDFNH,245,237.0
244,HLA-B07:02,33920.55,ABE73425,VIQCFGPRDFN,244,238.0
257,HLA-B07:02,33950.99,ABE73425,MGDSDLVQNGV,257,239.0
215,HLA-B07:02,33951.71,ABE73425,NKPLSQPRADK,215,240.0
300,HLA-B07:02,33974.79,ABE73425,VQITYTYKMLV,300,241.0
251,HLA-B07:02,34072.17,ABE73425,RDFNHNMGDSD,251,242.0
270,HLA-B07:02,34251.53,ABE73425,KGFPQLAELIP,270,243.0
66,HLA-B07:02,34263.19,ABE73425,QRVDLPPKVHF,66,244.0
321,HLA-B07:02,34266.95,ABE73425,IEQISAFTKPS,321,245.0
42,HLA-B07:02,34308.26,ABE73425,IGKGNKDEQIG,42,246.0
83,HLA-B07:02,34308.89,ABE73425,PHKDLKFRQRS,83,247.0
284,HLA-B07:02,34340.56,ABE73425,ALFFDSEVSTD,284,248.0
285,HLA-B07:02,34346.72,ABE73425,LFFDSEVSTDE,285,249.0
322,HLA-B07:02,34357.49,ABE73425,EQISAFTKPSS,322,250.0
109,HLA-B07:02,34379.33,ABE73425,TSLGNRKRNQK,109,251.0
293,HLA-B07:02,34537.97,ABE73425,TDEVGDNVQIT,293,252.0
281,HLA-B07:02,34545.46,ABE73425,NQAALFFDSEV,281,253.0
312,HLA-B07:02,34559.08,ABE73425,KDNKNLPKFIE,312,254.0
6,HLA-B07:02,34640.38,ABE73425,DDRAARKKFPP,6,255.0
182,HLA-B07:02,34674.92,ABE73425,DLVAAVTLALK,182,256.0
28,HLA-B07:02,34691.09,ABE73425,DKAPYRVIPRN,28,257.0
22,HLA-B07:02,34702.36,ABE73425,PLLVSSDKAPY,22,258.0
78,HLA-B07:02,34727.98,ABE73425,YLGTGPHKDLK,78,259.0
228,HLA-B07:02,34744.24,ABE73425,QLKKPRWKRVP,228,260.0
241,HLA-B07:02,34930.44,ABE73425,EENVIQCFGPR,241,261.0
107,HLA-B07:02,34993.46,ABE73425,VNTSLGNRKRN,107,262.0
286,HLA-B07:02,35037.79,ABE73425,FFDSEVSTDEV,286,263.0
295,HLA-B07:02,35041.63,ABE73425,EVGDNVQITYT,295,264.0
206,HLA-B07:02,35052.11,ABE73425,SGTFTPKKPNK,206,265.0
136,HLA-B07:02,35061.08,ABE73425,VEFEDRSNNSS,136,266.0
264,HLA-B07:02,35061.58,ABE73425,QNGVDAKGFPQ,264,267.0
223,HLA-B07:02,35189.29,ABE73425,ADKPSQLKKPR,223,268.0
160,HLA-B07:02,35190.28,ABE73425,DSSRSTSRQQS,160,269.0
48,HLA-B07:02,35213.94,ABE73425,DEQIGYWNVQE,48,270.0
306,HLA-B07:02,35336.28,ABE73425,YKMLVAKDNKN,306,271.0
226,HLA-B07:02,35388.72,ABE73425,PSQLKKPRWKR,226,272.0
76,HLA-B07:02,35402.81,ABE73425,FYYLGTGPHKD,76,273.0
246,HLA-B07:02,35434.04,ABE73425,QCFGPRDFNHN,246,274.0
311,HLA-B07:02,35437.5,ABE73425,AKDNKNLPKFI,311,275.0
192,HLA-B07:02,35450.25,ABE73425,KNLGFDNQSKS,192,276.0
51,HLA-B07:02,35488.79,ABE73425,IGYWNVQERWR,51,277.0
3,HLA-B07:02,35489.18,ABE73425,NWADDRAARKK,3,278.0
269,HLA-B07:02,35561.63,ABE73425,AKGFPQLAELI,269,279.0
75,HLA-B07:02,35564.21,ABE73425,HFYYLGTGPHK,75,280.0
26,HLA-B07:02,35583.64,ABE73425,SSDKAPYRVIP,26,281.0
287,HLA-B07:02,35637.57,ABE73425,FDSEVSTDEVG,287,282.0
104,HLA-B07:02,35639.47,ABE73425,AKTVNTSLGNR,104,283.0
191,HLA-B07:02,35750.83,ABE73425,LKNLGFDNQSK,191,284.0
319,HLA-B07:02,35781.04,ABE73425,KFIEQISAFTK,319,285.0
5,HLA-B07:02,35792.02,ABE73425,ADDRAARKKFP,5,286.0
105,HLA-B07:02,35836.08,ABE73425,KTVNTSLGNRK,105,287.0
188,HLA-B07:02,35841.44,ABE73425,TLALKNLGFDN,188,288.0
239,HLA-B07:02,35860.55,ABE73425,TREENVIQCFG,239,289.0
175,HLA-B07:02,35874.34,ABE73425,DSNQSSSDLVA,175,290.0
94,HLA-B07:02,35896.74,ABE73425,DGVVWVAKEGA,94,291.0
258,HLA-B07:02,35898.03,ABE73425,GDSDLVQNGVD,258,292.0
261,HLA-B07:02,35916.54,ABE73425,DLVQNGVDAKG,261,293.0
250,HLA-B07:02,35955.63,ABE73425,PRDFNHNMGDS,250,294.0
256,HLA-B07:02,35984.1,ABE73425,NMGDSDLVQNG,256,295.0
53,HLA-B07:02,36018.72,ABE73425,YWNVQERWRMR,53,296.0
31,HLA-B07:02,36116.47,ABE73425,PYRVIPRNLVP,31,297.0
260,HLA-B07:02,36119.48,ABE73425,SDLVQNGVDAK,260,298.0
85,HLA-B07:02,36183.53,ABE73425,KDLKFRQRSDG,85,299.0
91,HLA-B07:02,36195.04,ABE73425,QRSDGVVWVAK,91,300.0
124,HLA-B07:02,36321.44,ABE73425,KFSIALPPELS,124,301.0
132,HLA-B07:02,36344.84,ABE73425,ELSVVEFEDRS,132,302.0
254,HLA-B07:02,36365.34,ABE73425,NHNMGDSDLVQ,254,303.0
19,HLA-B07:02,36428.21,ABE73425,FYMPLLVSSDK,19,304.0
106,HLA-B07:02,36441.52,ABE73425,TVNTSLGNRKR,106,305.0
131,HLA-B07:02,36478.39,ABE73425,PELSVVEFEDR,131,306.0
205,HLA-B07:02,36491.91,ABE73425,SSGTFTPKKPN,205,307.0
288,HLA-B07:02,36538.95,ABE73425,DSEVSTDEVGD,288,308.0
193,HLA-B07:02,36629.61,ABE73425,NLGFDNQSKSP,193,309.0
291,HLA-B07:02,36682.41,ABE73425,VSTDEVGDNVQ,291,310.0
45,HLA-B07:02,36742.12,ABE73425,GNKDEQIGYWN,45,311.0
80,HLA-B07:02,36759.59,ABE73425,GTGPHKDLKFR,80,312.0
44,HLA-B07:02,36771.74,ABE73425,KGNKDEQIGYW,44,313.0
289,HLA-B07:02,36885.57,ABE73425,SEVSTDEVGDN,289,314.0
49,HLA-B07:02,37100.9,ABE73425,EQIGYWNVQER,49,315.0
305,HLA-B07:02,37247.88,ABE73425,TYKMLVAKDNK,305,316.0
259,HLA-B07:02,37260.95,ABE73425,DSDLVQNGVDA,259,317.0
180,HLA-B07:02,37297.45,ABE73425,SSDLVAAVTLA,180,318.0
204,HLA-B07:02,37316.86,ABE73425,SSSGTFTPKKP,204,319.0
47,HLA-B07:02,37349.69,ABE73425,KDEQIGYWNVQ,47,320.0
10,HLA-B07:02,37369.13,ABE73425,ARKKFPPPSFY,10,321.0
93,HLA-B07:02,37397.65,ABE73425,SDGVVWVAKEG,93,322.0
240,HLA-B07:02,37408.4,ABE73425,REENVIQCFGP,240,323.0
46,HLA-B07:02,37447.67,ABE73425,NKDEQIGYWNV,46,324.0
263,HLA-B07:02,37460.77,ABE73425,VQNGVDAKGFP,263,325.0
12,HLA-B07:02,37698.35,ABE73425,KKFPPPSFYMP,12,326.0
297,HLA-B07:02,37712.74,ABE73425,GDNVQITYTYK,297,327.0
207,HLA-B07:02,37759.87,ABE73425,GTFTPKKPNKP,207,328.0
100,HLA-B07:02,37812.29,ABE73425,AKEGAKTVNTS,100,329.0
313,HLA-B07:02,38184.01,ABE73425,DNKNLPKFIEQ,313,330.0
294,HLA-B07:02,38274.06,ABE73425,DEVGDNVQITY,294,331.0
296,HLA-B07:02,38437.22,ABE73425,VGDNVQITYTY,296,332.0
68,HLA-B07:02,38605.31,ABE73425,VDLPPKVHFYY,68,333.0
43,HLA-B07:02,38643.52,ABE73425,GKGNKDEQIGY,43,334.0
317,HLA-B35:01,1885.32,ABE73425,LPKFIEQISAF,317,1.0
14,HLA-B35:01,2918.75,ABE73425,FPPPSFYMPLL,14,2.0
119,HLA-B35:01,3910.05,ABE73425,KPLEPKFSIAL,119,3.0
272,HLA-B35:01,3916.36,ABE73425,FPQLAELIPNQ,272,4.0
21,HLA-B35:01,4604.34,ABE73425,MPLLVSSDKAP,21,5.0
70,HLA-B35:01,4746.61,ABE73425,LPPKVHFYYLG,70,6.0
35,HLA-B35:01,4857.57,ABE73425,IPRNLVPIGKG,35,7.0
275,HLA-B35:01,4922.99,ABE73425,LAELIPNQAAL,275,8.0
22,HLA-B35:01,5056.83,ABE73425,PLLVSSDKAPY,22,9.0
237,HLA-B35:01,5275.35,ABE73425,VPTREENVIQC,237,10.0
128,HLA-B35:01,5288.21,ABE73425,ALPPELSVVEF,128,11.0
296,HLA-B35:01,5339.78,ABE73425,VGDNVQITYTY,296,12.0
279,HLA-B35:01,5454.1,ABE73425,IPNQAALFFDS,279,13.0
238,HLA-B35:01,5455.96,ABE73425,PTREENVIQCF,238,14.0
129,HLA-B35:01,5471.24,ABE73425,LPPELSVVEFE,129,15.0
294,HLA-B35:01,5730.08,ABE73425,DEVGDNVQITY,294,16.0
30,HLA-B35:01,5861.76,ABE73425,APYRVIPRNLV,30,17.0
67,HLA-B35:01,5865.59,ABE73425,RVDLPPKVHFY,67,18.0
329,HLA-B35:01,5900.8,ABE73425,KPSSIKEMQSQ,329,19.0
276,HLA-B35:01,5910.46,ABE73425,AELIPNQAALF,276,20.0
69,HLA-B35:01,5928.41,ABE73425,DLPPKVHFYYL,69,21.0
213,HLA-B35:01,5936.86,ABE73425,KPNKPLSQPRA,213,22.0
277,HLA-B35:01,5974.3,ABE73425,ELIPNQAALFF,277,23.0
130,HLA-B35:01,5998.92,ABE73425,PPELSVVEFED,130,24.0
123,HLA-B35:01,6004.79,ABE73425,PKFSIALPPEL,123,25.0
1,HLA-B35:01,6039.6,ABE73425,SVNWADDRAAR,1,26.0
122,HLA-B35:01,6059.85,ABE73425,EPKFSIALPPE,122,27.0
16,HLA-B35:01,6067.55,ABE73425,PPSFYMPLLVS,16,28.0
298,HLA-B35:01,6072.25,ABE73425,DNVQITYTYKM,298,29.0
40,HLA-B35:01,6104.89,ABE73425,VPIGKGNKDEQ,40,30.0
127,HLA-B35:01,6186.19,ABE73425,IALPPELSVVE,127,31.0
243,HLA-B35:01,6214.95,ABE73425,NVIQCFGPRDF,243,32.0
210,HLA-B35:01,6222.14,ABE73425,TPKKPNKPLSQ,210,33.0
9,HLA-B35:01,6223.28,ABE73425,AARKKFPPPSF,9,34.0
4,HLA-B35:01,6241.43,ABE73425,WADDRAARKKF,4,35.0
274,HLA-B35:01,6243.11,ABE73425,QLAELIPNQAA,274,36.0
186,HLA-B35:01,6243.54,ABE73425,AVTLALKNLGF,186,37.0
183,HLA-B35:01,6257.57,ABE73425,LVAAVTLALKN,183,38.0
310,HLA-B35:01,6263.34,ABE73425,VAKDNKNLPKF,310,39.0
268,HLA-B35:01,6265.11,ABE73425,DAKGFPQLAEL,268,40.0
216,HLA-B35:01,6266.47,ABE73425,KPLSQPRADKP,216,41.0
133,HLA-B35:01,6266.53,ABE73425,LSVVEFEDRSN,133,42.0
31,HLA-B35:01,6279.89,ABE73425,PYRVIPRNLVP,31,43.0
120,HLA-B35:01,6297.19,ABE73425,PLEPKFSIALP,120,44.0
271,HLA-B35:01,6300.14,ABE73425,GFPQLAELIPN,271,45.0
179,HLA-B35:01,6301.42,ABE73425,SSSDLVAAVTL,179,46.0
33,HLA-B35:01,6305.83,ABE73425,RVIPRNLVPIG,33,47.0
125,HLA-B35:01,6305.83,ABE73425,FSIALPPELSV,125,47.0
121,HLA-B35:01,6314.24,ABE73425,LEPKFSIALPP,121,49.0
68,HLA-B35:01,6339.66,ABE73425,VDLPPKVHFYY,68,50.0
246,HLA-B35:01,6343.45,ABE73425,QCFGPRDFNHN,246,51.0
185,HLA-B35:01,6345.48,ABE73425,AAVTLALKNLG,185,52.0
282,HLA-B35:01,6346.42,ABE73425,QAALFFDSEVS,282,53.0
134,HLA-B35:01,6353.02,ABE73425,SVVEFEDRSNN,134,54.0
247,HLA-B35:01,6359.21,ABE73425,CFGPRDFNHNM,247,55.0
181,HLA-B35:01,6359.75,ABE73425,SDLVAAVTLAL,181,56.0
131,HLA-B35:01,6359.92,ABE73425,PELSVVEFEDR,131,57.0
316,HLA-B35:01,6363.87,ABE73425,NLPKFIEQISA,316,58.0
15,HLA-B35:01,6365.3,ABE73425,PPPSFYMPLLV,15,59.0
32,HLA-B35:01,6370.73,ABE73425,YRVIPRNLVPI,32,60.0
106,HLA-B35:01,6373.47,ABE73425,TVNTSLGNRKR,106,61.0
214,HLA-B35:01,6377.04,ABE73425,PNKPLSQPRAD,214,62.0
53,HLA-B35:01,6391.61,ABE73425,YWNVQERWRMR,53,63.0
273,HLA-B35:01,6393.3,ABE73425,PQLAELIPNQA,273,64.0
184,HLA-B35:01,6394.47,ABE73425,VAAVTLALKNL,184,65.0
262,HLA-B35:01,6396.49,ABE73425,LVQNGVDAKGF,262,66.0
49,HLA-B35:01,6407.44,ABE73425,EQIGYWNVQER,49,67.0
287,HLA-B35:01,6412.92,ABE73425,FDSEVSTDEVG,287,68.0
126,HLA-B35:01,6425.63,ABE73425,SIALPPELSVV,126,69.0
24,HLA-B35:01,6426.31,ABE73425,LVSSDKAPYRV,24,70.0
157,HLA-B35:01,6434.53,ABE73425,NSRDSSRSTSR,157,71.0
241,HLA-B35:01,6435.37,ABE73425,EENVIQCFGPR,241,72.0
248,HLA-B35:01,6443.42,ABE73425,FGPRDFNHNMG,248,73.0
29,HLA-B35:01,6447.76,ABE73425,KAPYRVIPRNL,29,74.0
17,HLA-B35:01,6448.36,ABE73425,PSFYMPLLVSS,17,75.0
55,HLA-B35:01,6451.1,ABE73425,NVQERWRMRRG,55,76.0
202,HLA-B35:01,6456.47,ABE73425,SPSSSGTFTPK,202,77.0
149,HLA-B35:01,6457.65,ABE73425,SSRSSTRNNSR,149,78.0
137,HLA-B35:01,6461.21,ABE73425,EFEDRSNNSSR,137,79.0
270,HLA-B35:01,6465.57,ABE73425,KGFPQLAELIP,270,80.0
252,HLA-B35:01,6469.14,ABE73425,DFNHNMGDSDL,252,81.0
52,HLA-B35:01,6470.05,ABE73425,GYWNVQERWRM,52,82.0
72,HLA-B35:01,6477.02,ABE73425,PKVHFYYLGTG,72,83.0
82,HLA-B35:01,6484.23,ABE73425,GPHKDLKFRQR,82,84.0
145,HLA-B35:01,6485.36,ABE73425,SSRASSRSSTR,145,85.0
51,HLA-B35:01,6486.02,ABE73425,IGYWNVQERWR,51,86.0
0,HLA-B35:01,6487.77,ABE73425,ASVNWADDRAA,0,87.0
73,HLA-B35:01,6489.66,ABE73425,KVHFYYLGTGP,73,88.0
177,HLA-B35:01,6492.6,ABE73425,NQSSSDLVAAV,177,89.0
66,HLA-B35:01,6497.41,ABE73425,QRVDLPPKVHF,66,90.0
79,HLA-B35:01,6497.57,ABE73425,LGTGPHKDLKF,79,91.0
26,HLA-B35:01,6504.23,ABE73425,SSDKAPYRVIP,26,92.0
236,HLA-B35:01,6506.99,ABE73425,RVPTREENVIQ,236,93.0
77,HLA-B35:01,6508.61,ABE73425,YYLGTGPHKDL,77,94.0
98,HLA-B35:01,6523.51,ABE73425,WVAKEGAKTVN,98,95.0
308,HLA-B35:01,6527.31,ABE73425,MLVAKDNKNLP,308,96.0
161,HLA-B35:01,6534.0,ABE73425,SSRSTSRQQSR,161,97.0
278,HLA-B35:01,6538.78,ABE73425,LIPNQAALFFD,278,98.0
141,HLA-B35:01,6540.78,ABE73425,RSNNSSRASSR,141,99.0
163,HLA-B35:01,6542.36,ABE73425,RSTSRQQSRTR,163,100.0
54,HLA-B35:01,6552.36,ABE73425,WNVQERWRMRR,54,101.0
231,HLA-B35:01,6557.91,ABE73425,KPRWKRVPTRE,231,102.0
256,HLA-B35:01,6561.69,ABE73425,NMGDSDLVQNG,256,103.0
286,HLA-B35:01,6562.64,ABE73425,FFDSEVSTDEV,286,104.0
57,HLA-B35:01,6563.3,ABE73425,QERWRMRRGQR,57,105.0
34,HLA-B35:01,6565.27,ABE73425,VIPRNLVPIGK,34,106.0
153,HLA-B35:01,6567.81,ABE73425,STRNNSRDSSR,153,107.0
143,HLA-B35:01,6571.24,ABE73425,NNSSRASSRSS,143,108.0
178,HLA-B35:01,6571.94,ABE73425,QSSSDLVAAVT,178,109.0
299,HLA-B35:01,6578.73,ABE73425,NVQITYTYKML,299,110.0
295,HLA-B35:01,6581.49,ABE73425,EVGDNVQITYT,295,111.0
104,HLA-B35:01,6583.51,ABE73425,AKTVNTSLGNR,104,112.0
291,HLA-B35:01,6584.43,ABE73425,VSTDEVGDNVQ,291,113.0
212,HLA-B35:01,6590.35,ABE73425,KKPNKPLSQPR,212,114.0
325,HLA-B35:01,6591.92,ABE73425,SAFTKPSSIKE,325,115.0
217,HLA-B35:01,6595.54,ABE73425,PLSQPRADKPS,217,116.0
324,HLA-B35:01,6596.59,ABE73425,ISAFTKPSSIK,324,117.0
239,HLA-B35:01,6598.74,ABE73425,TREENVIQCFG,239,118.0
255,HLA-B35:01,6600.28,ABE73425,HNMGDSDLVQN,255,119.0
180,HLA-B35:01,6600.95,ABE73425,SSDLVAAVTLA,180,120.0
36,HLA-B35:01,6603.54,ABE73425,PRNLVPIGKGN,36,121.0
226,HLA-B35:01,6604.04,ABE73425,PSQLKKPRWKR,226,122.0
62,HLA-B35:01,6604.12,ABE73425,MRRGQRVDLPP,62,123.0
74,HLA-B35:01,6604.18,ABE73425,VHFYYLGTGPH,74,124.0
18,HLA-B35:01,6605.88,ABE73425,SFYMPLLVSSD,18,125.0
208,HLA-B35:01,6607.33,ABE73425,TFTPKKPNKPL,208,126.0
176,HLA-B35:01,6608.01,ABE73425,SNQSSSDLVAA,176,127.0
25,HLA-B35:01,6610.69,ABE73425,VSSDKAPYRVI,25,128.0
60,HLA-B35:01,6610.94,ABE73425,WRMRRGQRVDL,60,129.0
230,HLA-B35:01,6612.13,ABE73425,KKPRWKRVPTR,230,130.0
135,HLA-B35:01,6615.36,ABE73425,VVEFEDRSNNS,135,131.0
254,HLA-B35:01,6616.11,ABE73425,NHNMGDSDLVQ,254,132.0
173,HLA-B35:01,6616.67,ABE73425,RSDSNQSSSDL,173,133.0
27,HLA-B35:01,6617.83,ABE73425,SDKAPYRVIPR,27,134.0
242,HLA-B35:01,6620.8,ABE73425,ENVIQCFGPRD,242,135.0
71,HLA-B35:01,6621.53,ABE73425,PPKVHFYYLGT,71,136.0
13,HLA-B35:01,6625.09,ABE73425,KFPPPSFYMPL,13,137.0
289,HLA-B35:01,6630.18,ABE73425,SEVSTDEVGDN,289,138.0
315,HLA-B35:01,6631.42,ABE73425,KNLPKFIEQIS,315,139.0
285,HLA-B35:01,6634.41,ABE73425,LFFDSEVSTDE,285,140.0
156,HLA-B35:01,6635.36,ABE73425,NNSRDSSRSTS,156,141.0
102,HLA-B35:01,6635.69,ABE73425,EGAKTVNTSLG,102,142.0
124,HLA-B35:01,6635.92,ABE73425,KFSIALPPELS,124,143.0
332,HLA-B35:01,6636.83,ABE73425,SIKEMQSQSSH,332,144.0
304,HLA-B35:01,6646.75,ABE73425,YTYKMLVAKDN,304,145.0
323,HLA-B35:01,6648.86,ABE73425,QISAFTKPSSI,323,146.0
95,HLA-B35:01,6650.64,ABE73425,GVVWVAKEGAK,95,147.0
182,HLA-B35:01,6651.63,ABE73425,DLVAAVTLALK,182,148.0
20,HLA-B35:01,6654.69,ABE73425,YMPLLVSSDKA,20,149.0
199,HLA-B35:01,6655.2,ABE73425,QSKSPSSSGTF,199,150.0
80,HLA-B35:01,6655.64,ABE73425,GTGPHKDLKFR,80,151.0
189,HLA-B35:01,6656.17,ABE73425,LALKNLGFDNQ,189,152.0
93,HLA-B35:01,6656.97,ABE73425,SDGVVWVAKEG,93,153.0
203,HLA-B35:01,6657.09,ABE73425,PSSSGTFTPKK,203,154.0
175,HLA-B35:01,6660.16,ABE73425,DSNQSSSDLVA,175,155.0
240,HLA-B35:01,6662.99,ABE73425,REENVIQCFGP,240,156.0
281,HLA-B35:01,6666.31,ABE73425,NQAALFFDSEV,281,157.0
223,HLA-B35:01,6666.41,ABE73425,ADKPSQLKKPR,223,158.0
290,HLA-B35:01,6666.59,ABE73425,EVSTDEVGDNV,290,159.0
309,HLA-B35:01,6668.83,ABE73425,LVAKDNKNLPK,309,160.0
257,HLA-B35:01,6669.74,ABE73425,MGDSDLVQNGV,257,161.0
326,HLA-B35:01,6672.61,ABE73425,AFTKPSSIKEM,326,162.0
10,HLA-B35:01,6673.31,ABE73425,ARKKFPPPSFY,10,163.0
196,HLA-B35:01,6678.36,ABE73425,FDNQSKSPSSS,196,164.0
253,HLA-B35:01,6680.0,ABE73425,FNHNMGDSDLV,253,165.0
188,HLA-B35:01,6681.6,ABE73425,TLALKNLGFDN,188,166.0
142,HLA-B35:01,6683.17,ABE73425,SNNSSRASSRS,142,167.0
43,HLA-B35:01,6683.53,ABE73425,GKGNKDEQIGY,43,168.0
331,HLA-B35:01,6684.52,ABE73425,SSIKEMQSQSS,331,169.0
288,HLA-B35:01,6686.29,ABE73425,DSEVSTDEVGD,288,170.0
165,HLA-B35:01,6687.65,ABE73425,TSRQQSRTRSD,165,171.0
39,HLA-B35:01,6688.3,ABE73425,LVPIGKGNKDE,39,172.0
139,HLA-B35:01,6689.41,ABE73425,EDRSNNSSRAS,139,173.0
280,HLA-B35:01,6690.15,ABE73425,PNQAALFFDSE,280,174.0
267,HLA-B35:01,6690.87,ABE73425,VDAKGFPQLAE,267,175.0
330,HLA-B35:01,6694.4,ABE73425,PSSIKEMQSQS,330,176.0
265,HLA-B35:01,6694.7,ABE73425,NGVDAKGFPQL,265,177.0
244,HLA-B35:01,6695.9,ABE73425,VIQCFGPRDFN,244,178.0
318,HLA-B35:01,6697.23,ABE73425,PKFIEQISAFT,318,179.0
284,HLA-B35:01,6698.6,ABE73425,ALFFDSEVSTD,284,180.0
132,HLA-B35:01,6702.87,ABE73425,ELSVVEFEDRS,132,181.0
147,HLA-B35:01,6703.39,ABE73425,RASSRSSTRNN,147,182.0
103,HLA-B35:01,6704.0,ABE73425,GAKTVNTSLGN,103,183.0
115,HLA-B35:01,6704.15,ABE73425,KRNQKPLEPKF,115,184.0
7,HLA-B35:01,6706.79,ABE73425,DRAARKKFPPP,7,185.0
11,HLA-B35:01,6712.4,ABE73425,RKKFPPPSFYM,11,186.0
220,HLA-B35:01,6712.47,ABE73425,QPRADKPSQLK,220,187.0
174,HLA-B35:01,6713.1,ABE73425,SDSNQSSSDLV,174,188.0
113,HLA-B35:01,6713.11,ABE73425,NRKRNQKPLEP,113,189.0
65,HLA-B35:01,6713.38,ABE73425,GQRVDLPPKVH,65,190.0
209,HLA-B35:01,6714.8,ABE73425,FTPKKPNKPLS,209,191.0
111,HLA-B35:01,6714.99,ABE73425,LGNRKRNQKPL,111,192.0
259,HLA-B35:01,6718.98,ABE73425,DSDLVQNGVDA,259,193.0
91,HLA-B35:01,6720.62,ABE73425,QRSDGVVWVAK,91,194.0
258,HLA-B35:01,6723.71,ABE73425,GDSDLVQNGVD,258,195.0
83,HLA-B35:01,6724.78,ABE73425,PHKDLKFRQRS,83,196.0
45,HLA-B35:01,6726.43,ABE73425,GNKDEQIGYWN,45,197.0
195,HLA-B35:01,6726.69,ABE73425,GFDNQSKSPSS,195,198.0
58,HLA-B35:01,6727.43,ABE73425,ERWRMRRGQRV,58,199.0
320,HLA-B35:01,6727.64,ABE73425,FIEQISAFTKP,320,200.0
42,HLA-B35:01,6728.05,ABE73425,IGKGNKDEQIG,42,201.0
59,HLA-B35:01,6730.32,ABE73425,RWRMRRGQRVD,59,202.0
164,HLA-B35:01,6730.51,ABE73425,STSRQQSRTRS,164,203.0
172,HLA-B35:01,6731.42,ABE73425,TRSDSNQSSSD,172,204.0
23,HLA-B35:01,6732.12,ABE73425,LLVSSDKAPYR,23,205.0
146,HLA-B35:01,6733.17,ABE73425,SRASSRSSTRN,146,206.0
297,HLA-B35:01,6734.45,ABE73425,GDNVQITYTYK,297,207.0
160,HLA-B35:01,6735.4,ABE73425,DSSRSTSRQQS,160,208.0
152,HLA-B35:01,6739.72,ABE73425,SSTRNNSRDSS,152,209.0
154,HLA-B35:01,6740.0,ABE73425,TRNNSRDSSRS,154,210.0
225,HLA-B35:01,6740.5,ABE73425,KPSQLKKPRWK,225,211.0
56,HLA-B35:01,6744.81,ABE73425,VQERWRMRRGQ,56,212.0
313,HLA-B35:01,6746.36,ABE73425,DNKNLPKFIEQ,313,213.0
215,HLA-B35:01,6751.19,ABE73425,NKPLSQPRADK,215,214.0
249,HLA-B35:01,6751.23,ABE73425,GPRDFNHNMGD,249,215.0
321,HLA-B35:01,6751.4,ABE73425,IEQISAFTKPS,321,216.0
250,HLA-B35:01,6752.52,ABE73425,PRDFNHNMGDS,250,217.0
261,HLA-B35:01,6752.68,ABE73425,DLVQNGVDAKG,261,218.0
302,HLA-B35:01,6753.17,ABE73425,ITYTYKMLVAK,302,219.0
87,HLA-B35:01,6753.62,ABE73425,LKFRQRSDGVV,87,220.0
197,HLA-B35:01,6753.74,ABE73425,DNQSKSPSSSG,197,221.0
219,HLA-B35:01,6754.05,ABE73425,SQPRADKPSQL,219,222.0
194,HLA-B35:01,6754.29,ABE73425,LGFDNQSKSPS,194,223.0
266,HLA-B35:01,6754.34,ABE73425,GVDAKGFPQLA,266,224.0
75,HLA-B35:01,6756.93,ABE73425,HFYYLGTGPHK,75,225.0
260,HLA-B35:01,6758.06,ABE73425,SDLVQNGVDAK,260,226.0
206,HLA-B35:01,6761.18,ABE73425,SGTFTPKKPNK,206,227.0
193,HLA-B35:01,6762.51,ABE73425,NLGFDNQSKSP,193,228.0
222,HLA-B35:01,6763.09,ABE73425,RADKPSQLKKP,222,229.0
28,HLA-B35:01,6764.51,ABE73425,DKAPYRVIPRN,28,230.0
64,HLA-B35:01,6764.83,ABE73425,RGQRVDLPPKV,64,231.0
300,HLA-B35:01,6765.73,ABE73425,VQITYTYKMLV,300,232.0
150,HLA-B35:01,6765.77,ABE73425,SRSSTRNNSRD,150,233.0
312,HLA-B35:01,6766.33,ABE73425,KDNKNLPKFIE,312,234.0
84,HLA-B35:01,6769.1,ABE73425,HKDLKFRQRSD,84,235.0
218,HLA-B35:01,6771.38,ABE73425,LSQPRADKPSQ,218,236.0
107,HLA-B35:01,6772.87,ABE73425,VNTSLGNRKRN,107,237.0
19,HLA-B35:01,6774.04,ABE73425,FYMPLLVSSDK,19,238.0
303,HLA-B35:01,6774.23,ABE73425,TYTYKMLVAKD,303,239.0
191,HLA-B35:01,6775.58,ABE73425,LKNLGFDNQSK,191,240.0
293,HLA-B35:01,6775.84,ABE73425,TDEVGDNVQIT,293,241.0
187,HLA-B35:01,6776.03,ABE73425,VTLALKNLGFD,187,242.0
221,HLA-B35:01,6777.1,ABE73425,PRADKPSQLKK,221,243.0
245,HLA-B35:01,6778.95,ABE73425,IQCFGPRDFNH,245,244.0
78,HLA-B35:01,6779.35,ABE73425,YLGTGPHKDLK,78,245.0
319,HLA-B35:01,6779.42,ABE73425,KFIEQISAFTK,319,246.0
47,HLA-B35:01,6780.2,ABE73425,KDEQIGYWNVQ,47,247.0
263,HLA-B35:01,6780.75,ABE73425,VQNGVDAKGFP,263,248.0
136,HLA-B35:01,6781.7,ABE73425,VEFEDRSNNSS,136,249.0
301,HLA-B35:01,6783.15,ABE73425,QITYTYKMLVA,301,250.0
37,HLA-B35:01,6786.73,ABE73425,RNLVPIGKGNK,37,251.0
138,HLA-B35:01,6786.78,ABE73425,FEDRSNNSSRA,138,252.0
322,HLA-B35:01,6786.91,ABE73425,EQISAFTKPSS,322,253.0
314,HLA-B35:01,6788.93,ABE73425,NKNLPKFIEQI,314,254.0
76,HLA-B35:01,6790.26,ABE73425,FYYLGTGPHKD,76,255.0
94,HLA-B35:01,6790.29,ABE73425,DGVVWVAKEGA,94,256.0
61,HLA-B35:01,6790.63,ABE73425,RMRRGQRVDLP,61,257.0
204,HLA-B35:01,6790.75,ABE73425,SSSGTFTPKKP,204,258.0
48,HLA-B35:01,6790.87,ABE73425,DEQIGYWNVQE,48,259.0
97,HLA-B35:01,6793.93,ABE73425,VWVAKEGAKTV,97,260.0
228,HLA-B35:01,6794.6,ABE73425,QLKKPRWKRVP,228,261.0
101,HLA-B35:01,6794.86,ABE73425,KEGAKTVNTSL,101,262.0
168,HLA-B35:01,6794.91,ABE73425,QQSRTRSDSNQ,168,263.0
251,HLA-B35:01,6795.1,ABE73425,RDFNHNMGDSD,251,264.0
159,HLA-B35:01,6796.16,ABE73425,RDSSRSTSRQQ,159,265.0
158,HLA-B35:01,6796.42,ABE73425,SRDSSRSTSRQ,158,266.0
170,HLA-B35:01,6798.35,ABE73425,SRTRSDSNQSS,170,267.0
96,HLA-B35:01,6802.84,ABE73425,VVWVAKEGAKT,96,268.0
105,HLA-B35:01,6804.52,ABE73425,KTVNTSLGNRK,105,269.0
232,HLA-B35:01,6805.88,ABE73425,PRWKRVPTREE,232,270.0
169,HLA-B35:01,6806.2,ABE73425,QSRTRSDSNQS,169,271.0
306,HLA-B35:01,6809.87,ABE73425,YKMLVAKDNKN,306,272.0
109,HLA-B35:01,6810.96,ABE73425,TSLGNRKRNQK,109,273.0
205,HLA-B35:01,6811.36,ABE73425,SSGTFTPKKPN,205,274.0
283,HLA-B35:01,6811.62,ABE73425,AALFFDSEVST,283,275.0
2,HLA-B35:01,6814.75,ABE73425,VNWADDRAARK,2,276.0
305,HLA-B35:01,6815.3,ABE73425,TYKMLVAKDNK,305,277.0
233,HLA-B35:01,6816.09,ABE73425,RWKRVPTREEN,233,278.0
307,HLA-B35:01,6818.94,ABE73425,KMLVAKDNKNL,307,279.0
190,HLA-B35:01,6822.52,ABE73425,ALKNLGFDNQS,190,280.0
198,HLA-B35:01,6824.94,ABE73425,NQSKSPSSSGT,198,281.0
3,HLA-B35:01,6827.4,ABE73425,NWADDRAARKK,3,282.0
144,HLA-B35:01,6828.42,ABE73425,NSSRASSRSST,144,283.0
38,HLA-B35:01,6829.46,ABE73425,NLVPIGKGNKD,38,284.0
328,HLA-B35:01,6829.87,ABE73425,TKPSSIKEMQS,328,285.0
171,HLA-B35:01,6830.44,ABE73425,RTRSDSNQSSS,171,286.0
292,HLA-B35:01,6830.7,ABE73425,STDEVGDNVQI,292,287.0
227,HLA-B35:01,6831.08,ABE73425,SQLKKPRWKRV,227,288.0
140,HLA-B35:01,6832.38,ABE73425,DRSNNSSRASS,140,289.0
269,HLA-B35:01,6835.95,ABE73425,AKGFPQLAELI,269,290.0
46,HLA-B35:01,6836.12,ABE73425,NKDEQIGYWNV,46,291.0
108,HLA-B35:01,6836.3,ABE73425,NTSLGNRKRNQ,108,292.0
148,HLA-B35:01,6836.3,ABE73425,ASSRSSTRNNS,148,292.0
333,HLA-B35:01,6840.5,ABE73425,IKEMQSQSSHV,333,294.0
211,HLA-B35:01,6841.53,ABE73425,PKKPNKPLSQP,211,295.0
235,HLA-B35:01,6843.87,ABE73425,KRVPTREENVI,235,296.0
90,HLA-B35:01,6844.59,ABE73425,RQRSDGVVWVA,90,297.0
201,HLA-B35:01,6844.96,ABE73425,KSPSSSGTFTP,201,298.0
151,HLA-B35:01,6845.48,ABE73425,RSSTRNNSRDS,151,299.0
207,HLA-B35:01,6848.53,ABE73425,GTFTPKKPNKP,207,300.0
117,HLA-B35:01,6849.19,ABE73425,NQKPLEPKFSI,117,301.0
92,HLA-B35:01,6855.35,ABE73425,RSDGVVWVAKE,92,302.0
81,HLA-B35:01,6857.6,ABE73425,TGPHKDLKFRQ,81,303.0
85,HLA-B35:01,6857.92,ABE73425,KDLKFRQRSDG,85,304.0
327,HLA-B35:01,6859.16,ABE73425,FTKPSSIKEMQ,327,305.0
8,HLA-B35:01,6861.44,ABE73425,RAARKKFPPPS,8,306.0
192,HLA-B35:01,6863.09,ABE73425,KNLGFDNQSKS,192,307.0
118,HLA-B35:01,6864.64,ABE73425,QKPLEPKFSIA,118,308.0
166,HLA-B35:01,6868.34,ABE73425,SRQQSRTRSDS,166,309.0
12,HLA-B35:01,6868.61,ABE73425,KKFPPPSFYMP,12,310.0
155,HLA-B35:01,6869.21,ABE73425,RNNSRDSSRST,155,311.0
5,HLA-B35:01,6872.38,ABE73425,ADDRAARKKFP,5,312.0
112,HLA-B35:01,6880.61,ABE73425,GNRKRNQKPLE,112,313.0
167,HLA-B35:01,6881.3,ABE73425,RQQSRTRSDSN,167,314.0
200,HLA-B35:01,6881.75,ABE73425,SKSPSSSGTFT,200,315.0
110,HLA-B35:01,6881.86,ABE73425,SLGNRKRNQKP,110,316.0
86,HLA-B35:01,6885.26,ABE73425,DLKFRQRSDGV,86,317.0
224,HLA-B35:01,6891.81,ABE73425,DKPSQLKKPRW,224,318.0
41,HLA-B35:01,6892.48,ABE73425,PIGKGNKDEQI,41,319.0
44,HLA-B35:01,6896.53,ABE73425,KGNKDEQIGYW,44,320.0
116,HLA-B35:01,6899.12,ABE73425,RNQKPLEPKFS,116,321.0
63,HLA-B35:01,6902.67,ABE73425,RRGQRVDLPPK,63,322.0
114,HLA-B35:01,6903.15,ABE73425,RKRNQKPLEPK,114,323.0
311,HLA-B35:01,6905.96,ABE73425,AKDNKNLPKFI,311,324.0
50,HLA-B35:01,6912.74,ABE73425,QIGYWNVQERW,50,325.0
88,HLA-B35:01,6914.17,ABE73425,KFRQRSDGVVW,88,326.0
99,HLA-B35:01,6914.68,ABE73425,VAKEGAKTVNT,99,327.0
89,HLA-B35:01,6914.77,ABE73425,FRQRSDGVVWV,89,328.0
234,HLA-B35:01,6915.53,ABE73425,WKRVPTREENV,234,329.0
100,HLA-B35:01,6920.24,ABE73425,AKEGAKTVNTS,100,330.0
162,HLA-B35:01,6929.61,ABE73425,SRSTSRQQSRT,162,331.0
264,HLA-B35:01,6936.14,ABE73425,QNGVDAKGFPQ,264,332.0
6,HLA-B35:01,6949.15,ABE73425,DDRAARKKFPP,6,333.0
229,HLA-B35:01,7027.9,ABE73425,LKKPRWKRVPT,229,334.0
14,HLA-B51:01,2203.85,ABE73425,FPPPSFYMPLL,14,1.0
268,HLA-B51:01,5413.42,ABE73425,DAKGFPQLAEL,268,2.0
126,HLA-B51:01,5418.75,ABE73425,SIALPPELSVV,126,3.0
129,HLA-B51:01,5452.02,ABE73425,LPPELSVVEFE,129,4.0
317,HLA-B51:01,5472.64,ABE73425,LPKFIEQISAF,317,5.0
127,HLA-B51:01,5482.12,ABE73425,IALPPELSVVE,127,6.0
30,HLA-B51:01,5636.49,ABE73425,APYRVIPRNLV,30,7.0
125,HLA-B51:01,5658.05,ABE73425,FSIALPPELSV,125,8.0
131,HLA-B51:01,5668.47,ABE73425,PELSVVEFEDR,131,9.0
104,HLA-B51:01,5674.7,ABE73425,AKTVNTSLGNR,104,10.0
32,HLA-B51:01,5677.36,ABE73425,YRVIPRNLVPI,32,11.0
15,HLA-B51:01,5695.15,ABE73425,PPPSFYMPLLV,15,12.0
23,HLA-B51:01,5699.65,ABE73425,LLVSSDKAPYR,23,13.0
161,HLA-B51:01,5701.45,ABE73425,SSRSTSRQQSR,161,14.0
157,HLA-B51:01,5701.5,ABE73425,NSRDSSRSTSR,157,15.0
163,HLA-B51:01,5701.53,ABE73425,RSTSRQQSRTR,163,16.0
149,HLA-B51:01,5703.71,ABE73425,SSRSSTRNNSR,149,17.0
80,HLA-B51:01,5703.86,ABE73425,GTGPHKDLKFR,80,18.0
182,HLA-B51:01,5705.27,ABE73425,DLVAAVTLALK,182,19.0
49,HLA-B51:01,5707.11,ABE73425,EQIGYWNVQER,49,20.0
145,HLA-B51:01,5707.36,ABE73425,SSRASSRSSTR,145,21.0
57,HLA-B51:01,5710.84,ABE73425,QERWRMRRGQR,57,22.0
184,HLA-B51:01,5710.98,ABE73425,VAAVTLALKNL,184,23.0
137,HLA-B51:01,5711.62,ABE73425,EFEDRSNNSSR,137,24.0
305,HLA-B51:01,5714.12,ABE73425,TYKMLVAKDNK,305,25.0
106,HLA-B51:01,5714.26,ABE73425,TVNTSLGNRKR,106,26.0
153,HLA-B51:01,5714.37,ABE73425,STRNNSRDSSR,153,27.0
241,HLA-B51:01,5715.78,ABE73425,EENVIQCFGPR,241,28.0
141,HLA-B51:01,5716.73,ABE73425,RSNNSSRASSR,141,29.0
235,HLA-B51:01,5717.1,ABE73425,KRVPTREENVI,235,30.0
82,HLA-B51:01,5718.83,ABE73425,GPHKDLKFRQR,82,31.0
53,HLA-B51:01,5719.14,ABE73425,YWNVQERWRMR,53,32.0
223,HLA-B51:01,5725.63,ABE73425,ADKPSQLKKPR,223,33.0
230,HLA-B51:01,5727.84,ABE73425,KKPRWKRVPTR,230,34.0
27,HLA-B51:01,5728.59,ABE73425,SDKAPYRVIPR,27,35.0
212,HLA-B51:01,5731.79,ABE73425,KKPNKPLSQPR,212,36.0
1,HLA-B51:01,5732.03,ABE73425,SVNWADDRAAR,1,37.0
220,HLA-B51:01,5733.39,ABE73425,QPRADKPSQLK,220,38.0
78,HLA-B51:01,5737.03,ABE73425,YLGTGPHKDLK,78,39.0
54,HLA-B51:01,5737.55,ABE73425,WNVQERWRMRR,54,40.0
269,HLA-B51:01,5738.05,ABE73425,AKGFPQLAELI,269,41.0
226,HLA-B51:01,5739.39,ABE73425,PSQLKKPRWKR,226,42.0
119,HLA-B51:01,5739.46,ABE73425,KPLEPKFSIAL,119,43.0
35,HLA-B51:01,5739.78,ABE73425,IPRNLVPIGKG,35,44.0
324,HLA-B51:01,5740.34,ABE73425,ISAFTKPSSIK,324,45.0
206,HLA-B51:01,5741.8,ABE73425,SGTFTPKKPNK,206,46.0
37,HLA-B51:01,5742.5,ABE73425,RNLVPIGKGNK,37,47.0
297,HLA-B51:01,5743.57,ABE73425,GDNVQITYTYK,297,48.0
16,HLA-B51:01,5743.83,ABE73425,PPSFYMPLLVS,16,49.0
69,HLA-B51:01,5744.78,ABE73425,DLPPKVHFYYL,69,50.0
203,HLA-B51:01,5745.13,ABE73425,PSSSGTFTPKK,203,51.0
191,HLA-B51:01,5746.2,ABE73425,LKNLGFDNQSK,191,52.0
19,HLA-B51:01,5747.94,ABE73425,FYMPLLVSSDK,19,53.0
215,HLA-B51:01,5748.77,ABE73425,NKPLSQPRADK,215,54.0
105,HLA-B51:01,5748.98,ABE73425,KTVNTSLGNRK,105,55.0
323,HLA-B51:01,5753.56,ABE73425,QISAFTKPSSI,323,56.0
25,HLA-B51:01,5754.31,ABE73425,VSSDKAPYRVI,25,57.0
292,HLA-B51:01,5756.05,ABE73425,STDEVGDNVQI,292,58.0
98,HLA-B51:01,5756.1,ABE73425,WVAKEGAKTVN,98,59.0
95,HLA-B51:01,5756.65,ABE73425,GVVWVAKEGAK,95,60.0
225,HLA-B51:01,5762.95,ABE73425,KPSQLKKPRWK,225,61.0
2,HLA-B51:01,5763.11,ABE73425,VNWADDRAARK,2,62.0
302,HLA-B51:01,5764.21,ABE73425,ITYTYKMLVAK,302,63.0
13,HLA-B51:01,5764.35,ABE73425,KFPPPSFYMPL,13,64.0
109,HLA-B51:01,5764.44,ABE73425,TSLGNRKRNQK,109,65.0
3,HLA-B51:01,5765.37,ABE73425,NWADDRAARKK,3,66.0
33,HLA-B51:01,5765.89,ABE73425,RVIPRNLVPIG,33,67.0
260,HLA-B51:01,5766.38,ABE73425,SDLVQNGVDAK,260,68.0
310,HLA-B51:01,5767.1,ABE73425,VAKDNKNLPKF,310,69.0
41,HLA-B51:01,5769.86,ABE73425,PIGKGNKDEQI,41,70.0
319,HLA-B51:01,5770.05,ABE73425,KFIEQISAFTK,319,71.0
58,HLA-B51:01,5770.14,ABE73425,ERWRMRRGQRV,58,72.0
309,HLA-B51:01,5770.28,ABE73425,LVAKDNKNLPK,309,73.0
63,HLA-B51:01,5770.62,ABE73425,RRGQRVDLPPK,63,74.0
221,HLA-B51:01,5770.72,ABE73425,PRADKPSQLKK,221,75.0
290,HLA-B51:01,5772.29,ABE73425,EVSTDEVGDNV,290,76.0
117,HLA-B51:01,5777.97,ABE73425,NQKPLEPKFSI,117,77.0
36,HLA-B51:01,5778.18,ABE73425,PRNLVPIGKGN,36,78.0
257,HLA-B51:01,5778.92,ABE73425,MGDSDLVQNGV,257,79.0
188,HLA-B51:01,5779.42,ABE73425,TLALKNLGFDN,188,80.0
175,HLA-B51:01,5781.17,ABE73425,DSNQSSSDLVA,175,81.0
72,HLA-B51:01,5782.3,ABE73425,PKVHFYYLGTG,72,82.0
174,HLA-B51:01,5782.44,ABE73425,SDSNQSSSDLV,174,83.0
202,HLA-B51:01,5782.49,ABE73425,SPSSSGTFTPK,202,84.0
304,HLA-B51:01,5783.06,ABE73425,YTYKMLVAKDN,304,85.0
237,HLA-B51:01,5783.59,ABE73425,VPTREENVIQC,237,86.0
89,HLA-B51:01,5783.86,ABE73425,FRQRSDGVVWV,89,87.0
17,HLA-B51:01,5784.27,ABE73425,PSFYMPLLVSS,17,88.0
88,HLA-B51:01,5784.51,ABE73425,KFRQRSDGVVW,88,89.0
254,HLA-B51:01,5785.44,ABE73425,NHNMGDSDLVQ,254,90.0
181,HLA-B51:01,5785.6,ABE73425,SDLVAAVTLAL,181,91.0
252,HLA-B51:01,5787.94,ABE73425,DFNHNMGDSDL,252,92.0
179,HLA-B51:01,5788.58,ABE73425,SSSDLVAAVTL,179,93.0
114,HLA-B51:01,5789.08,ABE73425,RKRNQKPLEPK,114,94.0
209,HLA-B51:01,5789.33,ABE73425,FTPKKPNKPLS,209,95.0
91,HLA-B51:01,5789.5,ABE73425,QRSDGVVWVAK,91,96.0
278,HLA-B51:01,5789.71,ABE73425,LIPNQAALFFD,278,97.0
29,HLA-B51:01,5790.74,ABE73425,KAPYRVIPRNL,29,98.0
34,HLA-B51:01,5790.74,ABE73425,VIPRNLVPIGK,34,98.0
177,HLA-B51:01,5790.95,ABE73425,NQSSSDLVAAV,177,100.0
90,HLA-B51:01,5791.09,ABE73425,RQRSDGVVWVA,90,101.0
289,HLA-B51:01,5791.23,ABE73425,SEVSTDEVGDN,289,102.0
167,HLA-B51:01,5791.33,ABE73425,RQQSRTRSDSN,167,103.0
75,HLA-B51:01,5792.17,ABE73425,HFYYLGTGPHK,75,104.0
128,HLA-B51:01,5792.38,ABE73425,ALPPELSVVEF,128,105.0
325,HLA-B51:01,5792.78,ABE73425,SAFTKPSSIKE,325,106.0
281,HLA-B51:01,5793.29,ABE73425,NQAALFFDSEV,281,107.0
185,HLA-B51:01,5793.36,ABE73425,AAVTLALKNLG,185,108.0
282,HLA-B51:01,5793.67,ABE73425,QAALFFDSEVS,282,109.0
9,HLA-B51:01,5794.0,ABE73425,AARKKFPPPSF,9,110.0
189,HLA-B51:01,5794.14,ABE73425,LALKNLGFDNQ,189,111.0
86,HLA-B51:01,5794.2,ABE73425,DLKFRQRSDGV,86,112.0
244,HLA-B51:01,5794.2,ABE73425,VIQCFGPRDFN,244,112.0
239,HLA-B51:01,5794.76,ABE73425,TREENVIQCFG,239,114.0
255,HLA-B51:01,5794.86,ABE73425,HNMGDSDLVQN,255,115.0
147,HLA-B51:01,5795.04,ABE73425,RASSRSSTRNN,147,116.0
256,HLA-B51:01,5795.05,ABE73425,NMGDSDLVQNG,256,117.0
301,HLA-B51:01,5796.24,ABE73425,QITYTYKMLVA,301,118.0
18,HLA-B51:01,5796.94,ABE73425,SFYMPLLVSSD,18,119.0
250,HLA-B51:01,5797.14,ABE73425,PRDFNHNMGDS,250,120.0
64,HLA-B51:01,5797.29,ABE73425,RGQRVDLPPKV,64,121.0
183,HLA-B51:01,5797.5,ABE73425,LVAAVTLALKN,183,122.0
280,HLA-B51:01,5798.02,ABE73425,PNQAALFFDSE,280,123.0
148,HLA-B51:01,5798.04,ABE73425,ASSRSSTRNNS,148,124.0
103,HLA-B51:01,5798.64,ABE73425,GAKTVNTSLGN,103,125.0
314,HLA-B51:01,5798.93,ABE73425,NKNLPKFIEQI,314,126.0
60,HLA-B51:01,5799.11,ABE73425,WRMRRGQRVDL,60,127.0
151,HLA-B51:01,5799.42,ABE73425,RSSTRNNSRDS,151,128.0
275,HLA-B51:01,5799.56,ABE73425,LAELIPNQAAL,275,129.0
140,HLA-B51:01,5799.7,ABE73425,DRSNNSSRASS,140,130.0
195,HLA-B51:01,5800.36,ABE73425,GFDNQSKSPSS,195,131.0
135,HLA-B51:01,5800.63,ABE73425,VVEFEDRSNNS,135,132.0
46,HLA-B51:01,5800.84,ABE73425,NKDEQIGYWNV,46,133.0
136,HLA-B51:01,5801.36,ABE73425,VEFEDRSNNSS,136,134.0
45,HLA-B51:01,5801.49,ABE73425,GNKDEQIGYWN,45,135.0
273,HLA-B51:01,5801.81,ABE73425,PQLAELIPNQA,273,136.0
146,HLA-B51:01,5802.82,ABE73425,SRASSRSSTRN,146,137.0
190,HLA-B51:01,5803.09,ABE73425,ALKNLGFDNQS,190,138.0
107,HLA-B51:01,5803.73,ABE73425,VNTSLGNRKRN,107,139.0
166,HLA-B51:01,5803.74,ABE73425,SRQQSRTRSDS,166,140.0
102,HLA-B51:01,5804.0,ABE73425,EGAKTVNTSLG,102,141.0
236,HLA-B51:01,5804.78,ABE73425,RVPTREENVIQ,236,142.0
22,HLA-B51:01,5804.88,ABE73425,PLLVSSDKAPY,22,143.0
180,HLA-B51:01,5804.9,ABE73425,SSDLVAAVTLA,180,144.0
51,HLA-B51:01,5805.1,ABE73425,IGYWNVQERWR,51,145.0
284,HLA-B51:01,5805.38,ABE73425,ALFFDSEVSTD,284,146.0
143,HLA-B51:01,5805.39,ABE73425,NNSSRASSRSS,143,147.0
152,HLA-B51:01,5805.6,ABE73425,SSTRNNSRDSS,152,148.0
40,HLA-B51:01,5805.9,ABE73425,VPIGKGNKDEQ,40,149.0
322,HLA-B51:01,5806.01,ABE73425,EQISAFTKPSS,322,150.0
66,HLA-B51:01,5806.63,ABE73425,QRVDLPPKVHF,66,151.0
242,HLA-B51:01,5806.67,ABE73425,ENVIQCFGPRD,242,152.0
42,HLA-B51:01,5806.84,ABE73425,IGKGNKDEQIG,42,153.0
21,HLA-B51:01,5806.98,ABE73425,MPLLVSSDKAP,21,154.0
303,HLA-B51:01,5806.99,ABE73425,TYTYKMLVAKD,303,155.0
253,HLA-B51:01,5807.1,ABE73425,FNHNMGDSDLV,253,156.0
48,HLA-B51:01,5807.37,ABE73425,DEQIGYWNVQE,48,157.0
285,HLA-B51:01,5808.06,ABE73425,LFFDSEVSTDE,285,158.0
311,HLA-B51:01,5808.22,ABE73425,AKDNKNLPKFI,311,159.0
101,HLA-B51:01,5808.35,ABE73425,KEGAKTVNTSL,101,160.0
270,HLA-B51:01,5808.4,ABE73425,KGFPQLAELIP,270,161.0
307,HLA-B51:01,5809.21,ABE73425,KMLVAKDNKNL,307,162.0
85,HLA-B51:01,5809.27,ABE73425,KDLKFRQRSDG,85,163.0
306,HLA-B51:01,5809.58,ABE73425,YKMLVAKDNKN,306,164.0
251,HLA-B51:01,5809.74,ABE73425,RDFNHNMGDSD,251,165.0
291,HLA-B51:01,5809.93,ABE73425,VSTDEVGDNVQ,291,166.0
65,HLA-B51:01,5810.02,ABE73425,GQRVDLPPKVH,65,167.0
330,HLA-B51:01,5810.05,ABE73425,PSSIKEMQSQS,330,168.0
329,HLA-B51:01,5810.22,ABE73425,KPSSIKEMQSQ,329,169.0
97,HLA-B51:01,5810.47,ABE73425,VWVAKEGAKTV,97,170.0
170,HLA-B51:01,5810.72,ABE73425,SRTRSDSNQSS,170,171.0
171,HLA-B51:01,5811.04,ABE73425,RTRSDSNQSSS,171,172.0
100,HLA-B51:01,5811.49,ABE73425,AKEGAKTVNTS,100,173.0
165,HLA-B51:01,5811.68,ABE73425,TSRQQSRTRSD,165,174.0
133,HLA-B51:01,5812.1,ABE73425,LSVVEFEDRSN,133,175.0
287,HLA-B51:01,5812.14,ABE73425,FDSEVSTDEVG,287,176.0
83,HLA-B51:01,5812.5,ABE73425,PHKDLKFRQRS,83,177.0
150,HLA-B51:01,5812.65,ABE73425,SRSSTRNNSRD,150,178.0
84,HLA-B51:01,5812.69,ABE73425,HKDLKFRQRSD,84,179.0
172,HLA-B51:01,5812.92,ABE73425,TRSDSNQSSSD,172,180.0
156,HLA-B51:01,5813.43,ABE73425,NNSRDSSRSTS,156,181.0
173,HLA-B51:01,5813.44,ABE73425,RSDSNQSSSDL,173,182.0
93,HLA-B51:01,5813.64,ABE73425,SDGVVWVAKEG,93,183.0
331,HLA-B51:01,5813.64,ABE73425,SSIKEMQSQSS,331,183.0
210,HLA-B51:01,5814.03,ABE73425,TPKKPNKPLSQ,210,185.0
59,HLA-B51:01,5814.44,ABE73425,RWRMRRGQRVD,59,186.0
134,HLA-B51:01,5814.8,ABE73425,SVVEFEDRSNN,134,187.0
213,HLA-B51:01,5815.23,ABE73425,KPNKPLSQPRA,213,188.0
116,HLA-B51:01,5815.41,ABE73425,RNQKPLEPKFS,116,189.0
47,HLA-B51:01,5815.78,ABE73425,KDEQIGYWNVQ,47,190.0
160,HLA-B51:01,5815.87,ABE73425,DSSRSTSRQQS,160,191.0
315,HLA-B51:01,5815.89,ABE73425,KNLPKFIEQIS,315,192.0
67,HLA-B51:01,5816.08,ABE73425,RVDLPPKVHFY,67,193.0
118,HLA-B51:01,5816.42,ABE73425,QKPLEPKFSIA,118,194.0
169,HLA-B51:01,5816.62,ABE73425,QSRTRSDSNQS,169,195.0
332,HLA-B51:01,5816.74,ABE73425,SIKEMQSQSSH,332,196.0
124,HLA-B51:01,5816.76,ABE73425,KFSIALPPELS,124,197.0
245,HLA-B51:01,5817.07,ABE73425,IQCFGPRDFNH,245,198.0
130,HLA-B51:01,5817.09,ABE73425,PPELSVVEFED,130,199.0
187,HLA-B51:01,5817.1,ABE73425,VTLALKNLGFD,187,200.0
298,HLA-B51:01,5818.31,ABE73425,DNVQITYTYKM,298,201.0
333,HLA-B51:01,5818.31,ABE73425,IKEMQSQSSHV,333,201.0
328,HLA-B51:01,5818.44,ABE73425,TKPSSIKEMQS,328,203.0
276,HLA-B51:01,5818.49,ABE73425,AELIPNQAALF,276,204.0
92,HLA-B51:01,5818.77,ABE73425,RSDGVVWVAKE,92,205.0
108,HLA-B51:01,5819.07,ABE73425,NTSLGNRKRNQ,108,206.0
87,HLA-B51:01,5819.77,ABE73425,LKFRQRSDGVV,87,207.0
327,HLA-B51:01,5820.05,ABE73425,FTKPSSIKEMQ,327,208.0
216,HLA-B51:01,5820.6,ABE73425,KPLSQPRADKP,216,209.0
112,HLA-B51:01,5820.63,ABE73425,GNRKRNQKPLE,112,210.0
164,HLA-B51:01,5820.76,ABE73425,STSRQQSRTRS,164,211.0
299,HLA-B51:01,5820.9,ABE73425,NVQITYTYKML,299,212.0
55,HLA-B51:01,5821.22,ABE73425,NVQERWRMRRG,55,213.0
243,HLA-B51:01,5821.65,ABE73425,NVIQCFGPRDF,243,214.0
248,HLA-B51:01,5821.68,ABE73425,FGPRDFNHNMG,248,215.0
295,HLA-B51:01,5822.04,ABE73425,EVGDNVQITYT,295,216.0
142,HLA-B51:01,5822.11,ABE73425,SNNSSRASSRS,142,217.0
312,HLA-B51:01,5822.25,ABE73425,KDNKNLPKFIE,312,218.0
168,HLA-B51:01,5822.73,ABE73425,QQSRTRSDSNQ,168,219.0
258,HLA-B51:01,5823.29,ABE73425,GDSDLVQNGVD,258,220.0
139,HLA-B51:01,5823.61,ABE73425,EDRSNNSSRAS,139,221.0
224,HLA-B51:01,5823.97,ABE73425,DKPSQLKKPRW,224,222.0
24,HLA-B51:01,5824.0,ABE73425,LVSSDKAPYRV,24,223.0
234,HLA-B51:01,5824.02,ABE73425,WKRVPTREENV,234,224.0
233,HLA-B51:01,5824.19,ABE73425,RWKRVPTREEN,233,225.0
159,HLA-B51:01,5824.59,ABE73425,RDSSRSTSRQQ,159,226.0
38,HLA-B51:01,5824.72,ABE73425,NLVPIGKGNKD,38,227.0
178,HLA-B51:01,5824.99,ABE73425,QSSSDLVAAVT,178,228.0
10,HLA-B51:01,5825.04,ABE73425,ARKKFPPPSFY,10,229.0
28,HLA-B51:01,5825.11,ABE73425,DKAPYRVIPRN,28,230.0
283,HLA-B51:01,5825.16,ABE73425,AALFFDSEVST,283,231.0
318,HLA-B51:01,5826.02,ABE73425,PKFIEQISAFT,318,232.0
286,HLA-B51:01,5826.09,ABE73425,FFDSEVSTDEV,286,233.0
39,HLA-B51:01,5826.29,ABE73425,LVPIGKGNKDE,39,234.0
219,HLA-B51:01,5826.44,ABE73425,SQPRADKPSQL,219,235.0
0,HLA-B51:01,5826.56,ABE73425,ASVNWADDRAA,0,236.0
261,HLA-B51:01,5826.67,ABE73425,DLVQNGVDAKG,261,237.0
154,HLA-B51:01,5826.81,ABE73425,TRNNSRDSSRS,154,238.0
227,HLA-B51:01,5826.92,ABE73425,SQLKKPRWKRV,227,239.0
73,HLA-B51:01,5827.02,ABE73425,KVHFYYLGTGP,73,240.0
132,HLA-B51:01,5827.19,ABE73425,ELSVVEFEDRS,132,241.0
266,HLA-B51:01,5827.32,ABE73425,GVDAKGFPQLA,266,242.0
316,HLA-B51:01,5827.43,ABE73425,NLPKFIEQISA,316,243.0
246,HLA-B51:01,5827.48,ABE73425,QCFGPRDFNHN,246,244.0
20,HLA-B51:01,5828.56,ABE73425,YMPLLVSSDKA,20,245.0
138,HLA-B51:01,5828.79,ABE73425,FEDRSNNSSRA,138,246.0
288,HLA-B51:01,5828.79,ABE73425,DSEVSTDEVGD,288,246.0
192,HLA-B51:01,5829.67,ABE73425,KNLGFDNQSKS,192,248.0
217,HLA-B51:01,5829.73,ABE73425,PLSQPRADKPS,217,249.0
43,HLA-B51:01,5830.06,ABE73425,GKGNKDEQIGY,43,250.0
222,HLA-B51:01,5830.14,ABE73425,RADKPSQLKKP,222,251.0
265,HLA-B51:01,5830.83,ABE73425,NGVDAKGFPQL,265,252.0
8,HLA-B51:01,5831.36,ABE73425,RAARKKFPPPS,8,253.0
123,HLA-B51:01,5831.55,ABE73425,PKFSIALPPEL,123,254.0
300,HLA-B51:01,5831.77,ABE73425,VQITYTYKMLV,300,255.0
197,HLA-B51:01,5831.97,ABE73425,DNQSKSPSSSG,197,256.0
56,HLA-B51:01,5832.16,ABE73425,VQERWRMRRGQ,56,257.0
214,HLA-B51:01,5832.52,ABE73425,PNKPLSQPRAD,214,258.0
196,HLA-B51:01,5832.69,ABE73425,FDNQSKSPSSS,196,259.0
218,HLA-B51:01,5832.95,ABE73425,LSQPRADKPSQ,218,260.0
81,HLA-B51:01,5833.52,ABE73425,TGPHKDLKFRQ,81,261.0
259,HLA-B51:01,5833.77,ABE73425,DSDLVQNGVDA,259,262.0
208,HLA-B51:01,5834.04,ABE73425,TFTPKKPNKPL,208,263.0
50,HLA-B51:01,5834.14,ABE73425,QIGYWNVQERW,50,264.0
158,HLA-B51:01,5834.72,ABE73425,SRDSSRSTSRQ,158,265.0
267,HLA-B51:01,5835.41,ABE73425,VDAKGFPQLAE,267,266.0
200,HLA-B51:01,5835.42,ABE73425,SKSPSSSGTFT,200,267.0
193,HLA-B51:01,5835.82,ABE73425,NLGFDNQSKSP,193,268.0
204,HLA-B51:01,5836.67,ABE73425,SSSGTFTPKKP,204,269.0
194,HLA-B51:01,5836.97,ABE73425,LGFDNQSKSPS,194,270.0
238,HLA-B51:01,5837.54,ABE73425,PTREENVIQCF,238,271.0
232,HLA-B51:01,5837.85,ABE73425,PRWKRVPTREE,232,272.0
199,HLA-B51:01,5838.26,ABE73425,QSKSPSSSGTF,199,273.0
31,HLA-B51:01,5838.67,ABE73425,PYRVIPRNLVP,31,274.0
231,HLA-B51:01,5839.63,ABE73425,KPRWKRVPTRE,231,275.0
111,HLA-B51:01,5839.7,ABE73425,LGNRKRNQKPL,111,276.0
44,HLA-B51:01,5840.05,ABE73425,KGNKDEQIGYW,44,277.0
249,HLA-B51:01,5840.44,ABE73425,GPRDFNHNMGD,249,278.0
71,HLA-B51:01,5840.88,ABE73425,PPKVHFYYLGT,71,279.0
110,HLA-B51:01,5841.51,ABE73425,SLGNRKRNQKP,110,280.0
277,HLA-B51:01,5841.53,ABE73425,ELIPNQAALFF,277,281.0
7,HLA-B51:01,5841.62,ABE73425,DRAARKKFPPP,7,282.0
70,HLA-B51:01,5843.18,ABE73425,LPPKVHFYYLG,70,283.0
4,HLA-B51:01,5843.66,ABE73425,WADDRAARKKF,4,284.0
313,HLA-B51:01,5843.71,ABE73425,DNKNLPKFIEQ,313,285.0
207,HLA-B51:01,5844.17,ABE73425,GTFTPKKPNKP,207,286.0
320,HLA-B51:01,5844.6,ABE73425,FIEQISAFTKP,320,287.0
205,HLA-B51:01,5844.74,ABE73425,SSGTFTPKKPN,205,288.0
211,HLA-B51:01,5845.18,ABE73425,PKKPNKPLSQP,211,289.0
99,HLA-B51:01,5845.37,ABE73425,VAKEGAKTVNT,99,290.0
11,HLA-B51:01,5845.88,ABE73425,RKKFPPPSFYM,11,291.0
176,HLA-B51:01,5846.51,ABE73425,SNQSSSDLVAA,176,292.0
321,HLA-B51:01,5847.63,ABE73425,IEQISAFTKPS,321,293.0
274,HLA-B51:01,5847.81,ABE73425,QLAELIPNQAA,274,294.0
264,HLA-B51:01,5848.49,ABE73425,QNGVDAKGFPQ,264,295.0
294,HLA-B51:01,5848.8,ABE73425,DEVGDNVQITY,294,296.0
186,HLA-B51:01,5849.32,ABE73425,AVTLALKNLGF,186,297.0
247,HLA-B51:01,5850.18,ABE73425,CFGPRDFNHNM,247,298.0
201,HLA-B51:01,5850.65,ABE73425,KSPSSSGTFTP,201,299.0
240,HLA-B51:01,5851.54,ABE73425,REENVIQCFGP,240,300.0
96,HLA-B51:01,5852.08,ABE73425,VVWVAKEGAKT,96,301.0
26,HLA-B51:01,5852.48,ABE73425,SSDKAPYRVIP,26,302.0
77,HLA-B51:01,5853.35,ABE73425,YYLGTGPHKDL,77,303.0
326,HLA-B51:01,5854.89,ABE73425,AFTKPSSIKEM,326,304.0
293,HLA-B51:01,5855.57,ABE73425,TDEVGDNVQIT,293,305.0
144,HLA-B51:01,5855.66,ABE73425,NSSRASSRSST,144,306.0
262,HLA-B51:01,5857.47,ABE73425,LVQNGVDAKGF,262,307.0
76,HLA-B51:01,5858.52,ABE73425,FYYLGTGPHKD,76,308.0
155,HLA-B51:01,5859.25,ABE73425,RNNSRDSSRST,155,309.0
198,HLA-B51:01,5862.34,ABE73425,NQSKSPSSSGT,198,310.0
115,HLA-B51:01,5864.78,ABE73425,KRNQKPLEPKF,115,311.0
272,HLA-B51:01,5867.11,ABE73425,FPQLAELIPNQ,272,312.0
162,HLA-B51:01,5867.97,ABE73425,SRSTSRQQSRT,162,313.0
74,HLA-B51:01,5868.93,ABE73425,VHFYYLGTGPH,74,314.0
308,HLA-B51:01,5869.3,ABE73425,MLVAKDNKNLP,308,315.0
113,HLA-B51:01,5869.79,ABE73425,NRKRNQKPLEP,113,316.0
12,HLA-B51:01,5870.16,ABE73425,KKFPPPSFYMP,12,317.0
5,HLA-B51:01,5870.59,ABE73425,ADDRAARKKFP,5,318.0
228,HLA-B51:01,5871.35,ABE73425,QLKKPRWKRVP,228,319.0
121,HLA-B51:01,5872.04,ABE73425,LEPKFSIALPP,121,320.0
120,HLA-B51:01,5873.91,ABE73425,PLEPKFSIALP,120,321.0
52,HLA-B51:01,5874.25,ABE73425,GYWNVQERWRM,52,322.0
271,HLA-B51:01,5874.82,ABE73425,GFPQLAELIPN,271,323.0
79,HLA-B51:01,5876.11,ABE73425,LGTGPHKDLKF,79,324.0
122,HLA-B51:01,5880.79,ABE73425,EPKFSIALPPE,122,325.0
62,HLA-B51:01,5882.95,ABE73425,MRRGQRVDLPP,62,326.0
263,HLA-B51:01,5884.45,ABE73425,VQNGVDAKGFP,263,327.0
94,HLA-B51:01,5885.68,ABE73425,DGVVWVAKEGA,94,328.0
6,HLA-B51:01,5888.74,ABE73425,DDRAARKKFPP,6,329.0
229,HLA-B51:01,5890.96,ABE73425,LKKPRWKRVPT,229,330.0
61,HLA-B51:01,5893.26,ABE73425,RMRRGQRVDLP,61,331.0
296,HLA-B51:01,5898.38,ABE73425,VGDNVQITYTY,296,332.0
68,HLA-B51:01,5902.35,ABE73425,VDLPPKVHFYY,68,333.0
279,HLA-B51:01,6007.59,ABE73425,IPNQAALFFDS,279,334.0
317,HLA-B53:01,218.65,ABE73425,LPKFIEQISAF,317,1.0
14,HLA-B53:01,278.0,ABE73425,FPPPSFYMPLL,14,2.0
272,HLA-B53:01,1979.89,ABE73425,FPQLAELIPNQ,272,3.0
50,HLA-B53:01,3633.48,ABE73425,QIGYWNVQERW,50,4.0
298,HLA-B53:01,4554.98,ABE73425,DNVQITYTYKM,298,5.0
253,HLA-B53:01,4838.38,ABE73425,FNHNMGDSDLV,253,6.0
119,HLA-B53:01,5955.0,ABE73425,KPLEPKFSIAL,119,7.0
286,HLA-B53:01,6327.98,ABE73425,FFDSEVSTDEV,286,8.0
129,HLA-B53:01,6654.64,ABE73425,LPPELSVVEFE,129,9.0
237,HLA-B53:01,6847.69,ABE73425,VPTREENVIQC,237,10.0
247,HLA-B53:01,6956.99,ABE73425,CFGPRDFNHNM,247,11.0
69,HLA-B53:01,9287.56,ABE73425,DLPPKVHFYYL,69,12.0
238,HLA-B53:01,11194.65,ABE73425,PTREENVIQCF,238,13.0
275,HLA-B53:01,11876.38,ABE73425,LAELIPNQAAL,275,14.0
79,HLA-B53:01,12721.65,ABE73425,LGTGPHKDLKF,79,15.0
184,HLA-B53:01,13995.75,ABE73425,VAAVTLALKNL,184,16.0
70,HLA-B53:01,15124.71,ABE73425,LPPKVHFYYLG,70,17.0
46,HLA-B53:01,16323.35,ABE73425,NKDEQIGYWNV,46,18.0
181,HLA-B53:01,16503.66,ABE73425,SDLVAAVTLAL,181,19.0
287,HLA-B53:01,17002.41,ABE73425,FDSEVSTDEVG,287,20.0
128,HLA-B53:01,17502.83,ABE73425,ALPPELSVVEF,128,21.0
276,HLA-B53:01,17582.66,ABE73425,AELIPNQAALF,276,22.0
186,HLA-B53:01,17710.97,ABE73425,AVTLALKNLGF,186,23.0
277,HLA-B53:01,17788.2,ABE73425,ELIPNQAALFF,277,24.0
15,HLA-B53:01,18301.85,ABE73425,PPPSFYMPLLV,15,25.0
125,HLA-B53:01,18658.44,ABE73425,FSIALPPELSV,125,26.0
299,HLA-B53:01,18849.48,ABE73425,NVQITYTYKML,299,27.0
279,HLA-B53:01,19898.48,ABE73425,IPNQAALFFDS,279,28.0
296,HLA-B53:01,20385.85,ABE73425,VGDNVQITYTY,296,29.0
174,HLA-B53:01,21085.83,ABE73425,SDSNQSSSDLV,174,30.0
16,HLA-B53:01,21609.42,ABE73425,PPSFYMPLLVS,16,31.0
130,HLA-B53:01,21825.98,ABE73425,PPELSVVEFED,130,32.0
4,HLA-B53:01,21934.46,ABE73425,WADDRAARKKF,4,33.0
281,HLA-B53:01,21958.64,ABE73425,NQAALFFDSEV,281,34.0
17,HLA-B53:01,22135.75,ABE73425,PSFYMPLLVSS,17,35.0
316,HLA-B53:01,22316.73,ABE73425,NLPKFIEQISA,316,36.0
179,HLA-B53:01,22498.97,ABE73425,SSSDLVAAVTL,179,37.0
323,HLA-B53:01,22686.25,ABE73425,QISAFTKPSSI,323,38.0
32,HLA-B53:01,22905.79,ABE73425,YRVIPRNLVPI,32,39.0
257,HLA-B53:01,22952.05,ABE73425,MGDSDLVQNGV,257,40.0
20,HLA-B53:01,23119.97,ABE73425,YMPLLVSSDKA,20,41.0
294,HLA-B53:01,23230.7,ABE73425,DEVGDNVQITY,294,42.0
243,HLA-B53:01,23391.92,ABE73425,NVIQCFGPRDF,243,43.0
314,HLA-B53:01,23772.74,ABE73425,NKNLPKFIEQI,314,44.0
52,HLA-B53:01,24189.12,ABE73425,GYWNVQERWRM,52,45.0
21,HLA-B53:01,24227.94,ABE73425,MPLLVSSDKAP,21,46.0
310,HLA-B53:01,24255.44,ABE73425,VAKDNKNLPKF,310,47.0
300,HLA-B53:01,24507.16,ABE73425,VQITYTYKMLV,300,48.0
122,HLA-B53:01,24722.67,ABE73425,EPKFSIALPPE,122,49.0
123,HLA-B53:01,24831.98,ABE73425,PKFSIALPPEL,123,50.0
262,HLA-B53:01,24951.7,ABE73425,LVQNGVDAKGF,262,51.0
66,HLA-B53:01,25037.42,ABE73425,QRVDLPPKVHF,66,52.0
138,HLA-B53:01,25290.74,ABE73425,FEDRSNNSSRA,138,53.0
68,HLA-B53:01,25489.98,ABE73425,VDLPPKVHFYY,68,54.0
248,HLA-B53:01,25570.3,ABE73425,FGPRDFNHNMG,248,55.0
22,HLA-B53:01,25596.82,ABE73425,PLLVSSDKAPY,22,56.0
255,HLA-B53:01,25603.9,ABE73425,HNMGDSDLVQN,255,57.0
293,HLA-B53:01,25715.39,ABE73425,TDEVGDNVQIT,293,58.0
326,HLA-B53:01,25828.84,ABE73425,AFTKPSSIKEM,326,59.0
196,HLA-B53:01,26142.78,ABE73425,FDNQSKSPSSS,196,60.0
285,HLA-B53:01,26249.59,ABE73425,LFFDSEVSTDE,285,61.0
30,HLA-B53:01,26650.0,ABE73425,APYRVIPRNLV,30,62.0
25,HLA-B53:01,26693.61,ABE73425,VSSDKAPYRVI,25,63.0
76,HLA-B53:01,26930.55,ABE73425,FYYLGTGPHKD,76,64.0
183,HLA-B53:01,27056.13,ABE73425,LVAAVTLALKN,183,65.0
35,HLA-B53:01,27956.4,ABE73425,IPRNLVPIGKG,35,66.0
88,HLA-B53:01,28142.66,ABE73425,KFRQRSDGVVW,88,67.0
120,HLA-B53:01,28291.29,ABE73425,PLEPKFSIALP,120,68.0
290,HLA-B53:01,28494.03,ABE73425,EVSTDEVGDNV,290,69.0
44,HLA-B53:01,28509.79,ABE73425,KGNKDEQIGYW,44,70.0
180,HLA-B53:01,28571.85,ABE73425,SSDLVAAVTLA,180,71.0
133,HLA-B53:01,28676.99,ABE73425,LSVVEFEDRSN,133,72.0
292,HLA-B53:01,28913.88,ABE73425,STDEVGDNVQI,292,73.0
24,HLA-B53:01,29114.54,ABE73425,LVSSDKAPYRV,24,74.0
71,HLA-B53:01,29149.81,ABE73425,PPKVHFYYLGT,71,75.0
252,HLA-B53:01,29300.96,ABE73425,DFNHNMGDSDL,252,76.0
67,HLA-B53:01,29310.39,ABE73425,RVDLPPKVHFY,67,77.0
278,HLA-B53:01,29523.22,ABE73425,LIPNQAALFFD,278,78.0
89,HLA-B53:01,29601.89,ABE73425,FRQRSDGVVWV,89,79.0
189,HLA-B53:01,29794.79,ABE73425,LALKNLGFDNQ,189,80.0
282,HLA-B53:01,29795.86,ABE73425,QAALFFDSEVS,282,81.0
156,HLA-B53:01,29921.95,ABE73425,NNSRDSSRSTS,156,82.0
135,HLA-B53:01,29942.83,ABE73425,VVEFEDRSNNS,135,83.0
19,HLA-B53:01,29964.13,ABE73425,FYMPLLVSSDK,19,84.0
254,HLA-B53:01,29974.21,ABE73425,NHNMGDSDLVQ,254,85.0
224,HLA-B53:01,30033.51,ABE73425,DKPSQLKKPRW,224,86.0
318,HLA-B53:01,30107.25,ABE73425,PKFIEQISAFT,318,87.0
283,HLA-B53:01,30196.68,ABE73425,AALFFDSEVST,283,88.0
13,HLA-B53:01,30403.01,ABE73425,KFPPPSFYMPL,13,89.0
199,HLA-B53:01,30534.42,ABE73425,QSKSPSSSGTF,199,90.0
131,HLA-B53:01,30571.07,ABE73425,PELSVVEFEDR,131,91.0
295,HLA-B53:01,30574.36,ABE73425,EVGDNVQITYT,295,92.0
329,HLA-B53:01,30590.36,ABE73425,KPSSIKEMQSQ,329,93.0
280,HLA-B53:01,30679.2,ABE73425,PNQAALFFDSE,280,94.0
265,HLA-B53:01,30855.79,ABE73425,NGVDAKGFPQL,265,95.0
134,HLA-B53:01,30871.4,ABE73425,SVVEFEDRSNN,134,96.0
51,HLA-B53:01,31148.29,ABE73425,IGYWNVQERWR,51,97.0
77,HLA-B53:01,31162.44,ABE73425,YYLGTGPHKDL,77,98.0
9,HLA-B53:01,31280.28,ABE73425,AARKKFPPPSF,9,99.0
320,HLA-B53:01,31526.21,ABE73425,FIEQISAFTKP,320,100.0
177,HLA-B53:01,31838.19,ABE73425,NQSSSDLVAAV,177,101.0
18,HLA-B53:01,31842.58,ABE73425,SFYMPLLVSSD,18,102.0
127,HLA-B53:01,32006.39,ABE73425,IALPPELSVVE,127,103.0
185,HLA-B53:01,32115.85,ABE73425,AAVTLALKNLG,185,104.0
45,HLA-B53:01,32439.78,ABE73425,GNKDEQIGYWN,45,105.0
274,HLA-B53:01,32577.04,ABE73425,QLAELIPNQAA,274,106.0
117,HLA-B53:01,32621.26,ABE73425,NQKPLEPKFSI,117,107.0
136,HLA-B53:01,32815.15,ABE73425,VEFEDRSNNSS,136,108.0
288,HLA-B53:01,32848.7,ABE73425,DSEVSTDEVGD,288,109.0
48,HLA-B53:01,32945.17,ABE73425,DEQIGYWNVQE,48,110.0
301,HLA-B53:01,32957.17,ABE73425,QITYTYKMLVA,301,111.0
126,HLA-B53:01,32987.65,ABE73425,SIALPPELSVV,126,112.0
121,HLA-B53:01,32998.41,ABE73425,LEPKFSIALPP,121,113.0
267,HLA-B53:01,33308.1,ABE73425,VDAKGFPQLAE,267,114.0
315,HLA-B53:01,33473.2,ABE73425,KNLPKFIEQIS,315,115.0
200,HLA-B53:01,33697.45,ABE73425,SKSPSSSGTFT,200,116.0
29,HLA-B53:01,33730.6,ABE73425,KAPYRVIPRNL,29,117.0
143,HLA-B53:01,33802.14,ABE73425,NNSSRASSRSS,143,118.0
271,HLA-B53:01,33856.91,ABE73425,GFPQLAELIPN,271,119.0
289,HLA-B53:01,33863.28,ABE73425,SEVSTDEVGDN,289,120.0
244,HLA-B53:01,33927.17,ABE73425,VIQCFGPRDFN,244,121.0
250,HLA-B53:01,34035.28,ABE73425,PRDFNHNMGDS,250,122.0
273,HLA-B53:01,34140.79,ABE73425,PQLAELIPNQA,273,123.0
132,HLA-B53:01,34361.26,ABE73425,ELSVVEFEDRS,132,124.0
268,HLA-B53:01,34394.74,ABE73425,DAKGFPQLAEL,268,125.0
330,HLA-B53:01,34416.07,ABE73425,PSSIKEMQSQS,330,126.0
307,HLA-B53:01,34480.13,ABE73425,KMLVAKDNKNL,307,127.0
53,HLA-B53:01,34488.11,ABE73425,YWNVQERWRMR,53,128.0
325,HLA-B53:01,34496.85,ABE73425,SAFTKPSSIKE,325,129.0
239,HLA-B53:01,34541.45,ABE73425,TREENVIQCFG,239,130.0
256,HLA-B53:01,34579.08,ABE73425,NMGDSDLVQNG,256,131.0
202,HLA-B53:01,34589.47,ABE73425,SPSSSGTFTPK,202,132.0
11,HLA-B53:01,34691.95,ABE73425,RKKFPPPSFYM,11,133.0
175,HLA-B53:01,34716.68,ABE73425,DSNQSSSDLVA,175,134.0
147,HLA-B53:01,34730.31,ABE73425,RASSRSSTRNN,147,135.0
92,HLA-B53:01,34820.36,ABE73425,RSDGVVWVAKE,92,136.0
176,HLA-B53:01,34914.06,ABE73425,SNQSSSDLVAA,176,137.0
41,HLA-B53:01,35126.88,ABE73425,PIGKGNKDEQI,41,138.0
97,HLA-B53:01,35361.88,ABE73425,VWVAKEGAKTV,97,139.0
284,HLA-B53:01,35385.02,ABE73425,ALFFDSEVSTD,284,140.0
124,HLA-B53:01,35546.91,ABE73425,KFSIALPPELS,124,141.0
324,HLA-B53:01,35563.33,ABE73425,ISAFTKPSSIK,324,142.0
187,HLA-B53:01,35776.11,ABE73425,VTLALKNLGFD,187,143.0
40,HLA-B53:01,35939.53,ABE73425,VPIGKGNKDEQ,40,144.0
178,HLA-B53:01,35966.19,ABE73425,QSSSDLVAAVT,178,145.0
241,HLA-B53:01,36044.18,ABE73425,EENVIQCFGPR,241,146.0
188,HLA-B53:01,36056.37,ABE73425,TLALKNLGFDN,188,147.0
142,HLA-B53:01,36104.79,ABE73425,SNNSSRASSRS,142,148.0
321,HLA-B53:01,36194.73,ABE73425,IEQISAFTKPS,321,149.0
101,HLA-B53:01,36288.72,ABE73425,KEGAKTVNTSL,101,150.0
242,HLA-B53:01,36473.03,ABE73425,ENVIQCFGPRD,242,151.0
98,HLA-B53:01,36514.52,ABE73425,WVAKEGAKTVN,98,152.0
251,HLA-B53:01,36521.51,ABE73425,RDFNHNMGDSD,251,153.0
328,HLA-B53:01,36566.74,ABE73425,TKPSSIKEMQS,328,154.0
118,HLA-B53:01,36718.88,ABE73425,QKPLEPKFSIA,118,155.0
269,HLA-B53:01,36724.13,ABE73425,AKGFPQLAELI,269,156.0
182,HLA-B53:01,36791.45,ABE73425,DLVAAVTLALK,182,157.0
192,HLA-B53:01,36863.64,ABE73425,KNLGFDNQSKS,192,158.0
146,HLA-B53:01,36912.67,ABE73425,SRASSRSSTRN,146,159.0
72,HLA-B53:01,37086.09,ABE73425,PKVHFYYLGTG,72,160.0
203,HLA-B53:01,37175.17,ABE73425,PSSSGTFTPKK,203,161.0
93,HLA-B53:01,37251.06,ABE73425,SDGVVWVAKEG,93,162.0
225,HLA-B53:01,37381.58,ABE73425,KPSQLKKPRWK,225,163.0
172,HLA-B53:01,37451.76,ABE73425,TRSDSNQSSSD,172,164.0
249,HLA-B53:01,37547.64,ABE73425,GPRDFNHNMGD,249,165.0
322,HLA-B53:01,37576.04,ABE73425,EQISAFTKPSS,322,166.0
308,HLA-B53:01,37600.4,ABE73425,MLVAKDNKNLP,308,167.0
266,HLA-B53:01,37650.11,ABE73425,GVDAKGFPQLA,266,168.0
54,HLA-B53:01,37682.71,ABE73425,WNVQERWRMRR,54,169.0
49,HLA-B53:01,37701.07,ABE73425,EQIGYWNVQER,49,170.0
311,HLA-B53:01,37776.35,ABE73425,AKDNKNLPKFI,311,171.0
0,HLA-B53:01,37885.44,ABE73425,ASVNWADDRAA,0,172.0
234,HLA-B53:01,37962.48,ABE73425,WKRVPTREENV,234,173.0
137,HLA-B53:01,38005.4,ABE73425,EFEDRSNNSSR,137,174.0
115,HLA-B53:01,38021.12,ABE73425,KRNQKPLEPKF,115,175.0
213,HLA-B53:01,38098.7,ABE73425,KPNKPLSQPRA,213,176.0
304,HLA-B53:01,38111.13,ABE73425,YTYKMLVAKDN,304,177.0
246,HLA-B53:01,38127.6,ABE73425,QCFGPRDFNHN,246,178.0
303,HLA-B53:01,38162.63,ABE73425,TYTYKMLVAKD,303,179.0
152,HLA-B53:01,38191.23,ABE73425,SSTRNNSRDSS,152,180.0
331,HLA-B53:01,38192.25,ABE73425,SSIKEMQSQSS,331,181.0
312,HLA-B53:01,38231.21,ABE73425,KDNKNLPKFIE,312,182.0
39,HLA-B53:01,38255.78,ABE73425,LVPIGKGNKDE,39,183.0
313,HLA-B53:01,38309.59,ABE73425,DNKNLPKFIEQ,313,184.0
154,HLA-B53:01,38341.23,ABE73425,TRNNSRDSSRS,154,185.0
102,HLA-B53:01,38368.48,ABE73425,EGAKTVNTSLG,102,186.0
195,HLA-B53:01,38370.29,ABE73425,GFDNQSKSPSS,195,187.0
78,HLA-B53:01,38418.96,ABE73425,YLGTGPHKDLK,78,188.0
47,HLA-B53:01,38477.94,ABE73425,KDEQIGYWNVQ,47,189.0
74,HLA-B53:01,38484.16,ABE73425,VHFYYLGTGPH,74,190.0
194,HLA-B53:01,38530.27,ABE73425,LGFDNQSKSPS,194,191.0
173,HLA-B53:01,38535.31,ABE73425,RSDSNQSSSDL,173,192.0
216,HLA-B53:01,38569.62,ABE73425,KPLSQPRADKP,216,193.0
235,HLA-B53:01,38596.47,ABE73425,KRVPTREENVI,235,194.0
23,HLA-B53:01,38648.73,ABE73425,LLVSSDKAPYR,23,195.0
148,HLA-B53:01,38686.0,ABE73425,ASSRSSTRNNS,148,196.0
96,HLA-B53:01,38713.01,ABE73425,VVWVAKEGAKT,96,197.0
333,HLA-B53:01,38718.6,ABE73425,IKEMQSQSSHV,333,198.0
80,HLA-B53:01,38727.4,ABE73425,GTGPHKDLKFR,80,199.0
157,HLA-B53:01,38733.08,ABE73425,NSRDSSRSTSR,157,200.0
144,HLA-B53:01,38817.82,ABE73425,NSSRASSRSST,144,201.0
139,HLA-B53:01,38899.14,ABE73425,EDRSNNSSRAS,139,202.0
291,HLA-B53:01,38986.45,ABE73425,VSTDEVGDNVQ,291,203.0
231,HLA-B53:01,38987.17,ABE73425,KPRWKRVPTRE,231,204.0
36,HLA-B53:01,39027.71,ABE73425,PRNLVPIGKGN,36,205.0
10,HLA-B53:01,39030.93,ABE73425,ARKKFPPPSFY,10,206.0
75,HLA-B53:01,39105.73,ABE73425,HFYYLGTGPHK,75,207.0
107,HLA-B53:01,39124.76,ABE73425,VNTSLGNRKRN,107,208.0
116,HLA-B53:01,39137.92,ABE73425,RNQKPLEPKFS,116,209.0
209,HLA-B53:01,39156.5,ABE73425,FTPKKPNKPLS,209,210.0
99,HLA-B53:01,39184.59,ABE73425,VAKEGAKTVNT,99,211.0
94,HLA-B53:01,39257.66,ABE73425,DGVVWVAKEGA,94,212.0
197,HLA-B53:01,39272.28,ABE73425,DNQSKSPSSSG,197,213.0
103,HLA-B53:01,39272.68,ABE73425,GAKTVNTSLGN,103,214.0
306,HLA-B53:01,39277.18,ABE73425,YKMLVAKDNKN,306,215.0
100,HLA-B53:01,39285.45,ABE73425,AKEGAKTVNTS,100,216.0
245,HLA-B53:01,39305.79,ABE73425,IQCFGPRDFNH,245,217.0
297,HLA-B53:01,39338.7,ABE73425,GDNVQITYTYK,297,218.0
81,HLA-B53:01,39342.45,ABE73425,TGPHKDLKFRQ,81,219.0
190,HLA-B53:01,39356.62,ABE73425,ALKNLGFDNQS,190,220.0
259,HLA-B53:01,39393.43,ABE73425,DSDLVQNGVDA,259,221.0
205,HLA-B53:01,39530.86,ABE73425,SSGTFTPKKPN,205,222.0
170,HLA-B53:01,39552.37,ABE73425,SRTRSDSNQSS,170,223.0
217,HLA-B53:01,39566.75,ABE73425,PLSQPRADKPS,217,224.0
33,HLA-B53:01,39577.57,ABE73425,RVIPRNLVPIG,33,225.0
83,HLA-B53:01,39581.23,ABE73425,PHKDLKFRQRS,83,226.0
26,HLA-B53:01,39592.28,ABE73425,SSDKAPYRVIP,26,227.0
319,HLA-B53:01,39623.34,ABE73425,KFIEQISAFTK,319,228.0
258,HLA-B53:01,39661.98,ABE73425,GDSDLVQNGVD,258,229.0
27,HLA-B53:01,39714.79,ABE73425,SDKAPYRVIPR,27,230.0
91,HLA-B53:01,39777.84,ABE73425,QRSDGVVWVAK,91,231.0
226,HLA-B53:01,39851.45,ABE73425,PSQLKKPRWKR,226,232.0
233,HLA-B53:01,39942.87,ABE73425,RWKRVPTREEN,233,233.0
302,HLA-B53:01,39952.63,ABE73425,ITYTYKMLVAK,302,234.0
104,HLA-B53:01,39982.91,ABE73425,AKTVNTSLGNR,104,235.0
327,HLA-B53:01,39986.68,ABE73425,FTKPSSIKEMQ,327,236.0
28,HLA-B53:01,39998.68,ABE73425,DKAPYRVIPRN,28,237.0
55,HLA-B53:01,40109.76,ABE73425,NVQERWRMRRG,55,238.0
90,HLA-B53:01,40128.78,ABE73425,RQRSDGVVWVA,90,239.0
1,HLA-B53:01,40170.13,ABE73425,SVNWADDRAAR,1,240.0
236,HLA-B53:01,40274.91,ABE73425,RVPTREENVIQ,236,241.0
204,HLA-B53:01,40297.58,ABE73425,SSSGTFTPKKP,204,242.0
193,HLA-B53:01,40325.0,ABE73425,NLGFDNQSKSP,193,243.0
82,HLA-B53:01,40325.94,ABE73425,GPHKDLKFRQR,82,244.0
232,HLA-B53:01,40363.07,ABE73425,PRWKRVPTREE,232,245.0
106,HLA-B53:01,40366.74,ABE73425,TVNTSLGNRKR,106,246.0
264,HLA-B53:01,40422.57,ABE73425,QNGVDAKGFPQ,264,247.0
60,HLA-B53:01,40440.07,ABE73425,WRMRRGQRVDL,60,248.0
210,HLA-B53:01,40445.6,ABE73425,TPKKPNKPLSQ,210,249.0
31,HLA-B53:01,40450.35,ABE73425,PYRVIPRNLVP,31,250.0
240,HLA-B53:01,40481.03,ABE73425,REENVIQCFGP,240,251.0
208,HLA-B53:01,40485.71,ABE73425,TFTPKKPNKPL,208,252.0
214,HLA-B53:01,40531.13,ABE73425,PNKPLSQPRAD,214,253.0
201,HLA-B53:01,40582.35,ABE73425,KSPSSSGTFTP,201,254.0
158,HLA-B53:01,40582.74,ABE73425,SRDSSRSTSRQ,158,255.0
309,HLA-B53:01,40605.0,ABE73425,LVAKDNKNLPK,309,256.0
191,HLA-B53:01,40612.09,ABE73425,LKNLGFDNQSK,191,257.0
145,HLA-B53:01,40640.71,ABE73425,SSRASSRSSTR,145,258.0
38,HLA-B53:01,40815.84,ABE73425,NLVPIGKGNKD,38,259.0
3,HLA-B53:01,40887.56,ABE73425,NWADDRAARKK,3,260.0
223,HLA-B53:01,40894.96,ABE73425,ADKPSQLKKPR,223,261.0
42,HLA-B53:01,40914.38,ABE73425,IGKGNKDEQIG,42,262.0
62,HLA-B53:01,40966.18,ABE73425,MRRGQRVDLPP,62,263.0
8,HLA-B53:01,41139.8,ABE73425,RAARKKFPPPS,8,264.0
332,HLA-B53:01,41150.79,ABE73425,SIKEMQSQSSH,332,265.0
2,HLA-B53:01,41166.45,ABE73425,VNWADDRAARK,2,266.0
43,HLA-B53:01,41186.64,ABE73425,GKGNKDEQIGY,43,267.0
153,HLA-B53:01,41202.74,ABE73425,STRNNSRDSSR,153,268.0
261,HLA-B53:01,41239.14,ABE73425,DLVQNGVDAKG,261,269.0
108,HLA-B53:01,41281.36,ABE73425,NTSLGNRKRNQ,108,270.0
164,HLA-B53:01,41284.14,ABE73425,STSRQQSRTRS,164,271.0
171,HLA-B53:01,41288.95,ABE73425,RTRSDSNQSSS,171,272.0
206,HLA-B53:01,41305.9,ABE73425,SGTFTPKKPNK,206,273.0
218,HLA-B53:01,41314.72,ABE73425,LSQPRADKPSQ,218,274.0
34,HLA-B53:01,41320.97,ABE73425,VIPRNLVPIGK,34,275.0
198,HLA-B53:01,41385.71,ABE73425,NQSKSPSSSGT,198,276.0
167,HLA-B53:01,41417.13,ABE73425,RQQSRTRSDSN,167,277.0
140,HLA-B53:01,41450.87,ABE73425,DRSNNSSRASS,140,278.0
161,HLA-B53:01,41533.52,ABE73425,SSRSTSRQQSR,161,279.0
260,HLA-B53:01,41601.91,ABE73425,SDLVQNGVDAK,260,280.0
141,HLA-B53:01,41621.41,ABE73425,RSNNSSRASSR,141,281.0
219,HLA-B53:01,41622.18,ABE73425,SQPRADKPSQL,219,282.0
305,HLA-B53:01,41647.79,ABE73425,TYKMLVAKDNK,305,283.0
215,HLA-B53:01,41667.33,ABE73425,NKPLSQPRADK,215,284.0
5,HLA-B53:01,41715.02,ABE73425,ADDRAARKKFP,5,285.0
212,HLA-B53:01,41725.61,ABE73425,KKPNKPLSQPR,212,286.0
87,HLA-B53:01,41784.17,ABE73425,LKFRQRSDGVV,87,287.0
263,HLA-B53:01,41786.37,ABE73425,VQNGVDAKGFP,263,288.0
155,HLA-B53:01,41846.03,ABE73425,RNNSRDSSRST,155,289.0
150,HLA-B53:01,41914.85,ABE73425,SRSSTRNNSRD,150,290.0
270,HLA-B53:01,41938.03,ABE73425,KGFPQLAELIP,270,291.0
149,HLA-B53:01,41943.04,ABE73425,SSRSSTRNNSR,149,292.0
220,HLA-B53:01,42040.46,ABE73425,QPRADKPSQLK,220,293.0
160,HLA-B53:01,42110.07,ABE73425,DSSRSTSRQQS,160,294.0
111,HLA-B53:01,42115.21,ABE73425,LGNRKRNQKPL,111,295.0
73,HLA-B53:01,42184.37,ABE73425,KVHFYYLGTGP,73,296.0
163,HLA-B53:01,42190.27,ABE73425,RSTSRQQSRTR,163,297.0
169,HLA-B53:01,42266.35,ABE73425,QSRTRSDSNQS,169,298.0
64,HLA-B53:01,42271.32,ABE73425,RGQRVDLPPKV,64,299.0
12,HLA-B53:01,42312.35,ABE73425,KKFPPPSFYMP,12,300.0
151,HLA-B53:01,42342.41,ABE73425,RSSTRNNSRDS,151,301.0
7,HLA-B53:01,42358.53,ABE73425,DRAARKKFPPP,7,302.0
222,HLA-B53:01,42449.9,ABE73425,RADKPSQLKKP,222,303.0
95,HLA-B53:01,42464.63,ABE73425,GVVWVAKEGAK,95,304.0
58,HLA-B53:01,42556.17,ABE73425,ERWRMRRGQRV,58,305.0
162,HLA-B53:01,42600.76,ABE73425,SRSTSRQQSRT,162,306.0
86,HLA-B53:01,42724.41,ABE73425,DLKFRQRSDGV,86,307.0
6,HLA-B53:01,42742.05,ABE73425,DDRAARKKFPP,6,308.0
227,HLA-B53:01,42744.78,ABE73425,SQLKKPRWKRV,227,309.0
221,HLA-B53:01,42753.76,ABE73425,PRADKPSQLKK,221,310.0
165,HLA-B53:01,42781.72,ABE73425,TSRQQSRTRSD,165,311.0
56,HLA-B53:01,42807.88,ABE73425,VQERWRMRRGQ,56,312.0
168,HLA-B53:01,42817.74,ABE73425,QQSRTRSDSNQ,168,313.0
37,HLA-B53:01,42879.5,ABE73425,RNLVPIGKGNK,37,314.0
159,HLA-B53:01,42958.47,ABE73425,RDSSRSTSRQQ,159,315.0
166,HLA-B53:01,43050.03,ABE73425,SRQQSRTRSDS,166,316.0
230,HLA-B53:01,43099.36,ABE73425,KKPRWKRVPTR,230,317.0
211,HLA-B53:01,43135.55,ABE73425,PKKPNKPLSQP,211,318.0
229,HLA-B53:01,43167.9,ABE73425,LKKPRWKRVPT,229,319.0
65,HLA-B53:01,43171.97,ABE73425,GQRVDLPPKVH,65,320.0
85,HLA-B53:01,43340.82,ABE73425,KDLKFRQRSDG,85,321.0
84,HLA-B53:01,43391.6,ABE73425,HKDLKFRQRSD,84,322.0
57,HLA-B53:01,43467.72,ABE73425,QERWRMRRGQR,57,323.0
228,HLA-B53:01,43483.63,ABE73425,QLKKPRWKRVP,228,324.0
105,HLA-B53:01,43530.48,ABE73425,KTVNTSLGNRK,105,325.0
112,HLA-B53:01,43544.01,ABE73425,GNRKRNQKPLE,112,326.0
61,HLA-B53:01,43626.0,ABE73425,RMRRGQRVDLP,61,327.0
59,HLA-B53:01,43685.2,ABE73425,RWRMRRGQRVD,59,328.0
110,HLA-B53:01,43792.92,ABE73425,SLGNRKRNQKP,110,329.0
113,HLA-B53:01,43828.75,ABE73425,NRKRNQKPLEP,113,330.0
207,HLA-B53:01,43892.72,ABE73425,GTFTPKKPNKP,207,331.0
63,HLA-B53:01,43945.08,ABE73425,RRGQRVDLPPK,63,332.0
109,HLA-B53:01,44300.58,ABE73425,TSLGNRKRNQK,109,333.0
114,HLA-B53:01,44422.49,ABE73425,RKRNQKPLEPK,114,334.0
32,HLA-B08:01,111.94,ABE73425,YRVIPRNLVPI,32,1.0
111,HLA-B08:01,165.2,ABE73425,LGNRKRNQKPL,111,2.0
118,HLA-B08:01,387.94,ABE73425,QKPLEPKFSIA,118,3.0
60,HLA-B08:01,450.48,ABE73425,WRMRRGQRVDL,60,4.0
58,HLA-B08:01,543.89,ABE73425,ERWRMRRGQRV,58,5.0
62,HLA-B08:01,587.65,ABE73425,MRRGQRVDLPP,62,6.0
119,HLA-B08:01,647.85,ABE73425,KPLEPKFSIAL,119,7.0
229,HLA-B08:01,680.03,ABE73425,LKKPRWKRVPT,229,8.0
7,HLA-B08:01,1163.69,ABE73425,DRAARKKFPPP,7,9.0
86,HLA-B08:01,1333.52,ABE73425,DLKFRQRSDGV,86,10.0
301,HLA-B08:01,1668.88,ABE73425,QITYTYKMLVA,301,11.0
69,HLA-B08:01,1976.8,ABE73425,DLPPKVHFYYL,69,12.0
9,HLA-B08:01,2193.7,ABE73425,AARKKFPPPSF,9,13.0
323,HLA-B08:01,2353.63,ABE73425,QISAFTKPSSI,323,14.0
333,HLA-B08:01,2504.15,ABE73425,IKEMQSQSSHV,333,15.0
70,HLA-B08:01,2585.89,ABE73425,LPPKVHFYYLG,70,16.0
314,HLA-B08:01,2875.99,ABE73425,NKNLPKFIEQI,314,17.0
121,HLA-B08:01,3164.54,ABE73425,LEPKFSIALPP,121,18.0
281,HLA-B08:01,3193.53,ABE73425,NQAALFFDSEV,281,19.0
300,HLA-B08:01,3196.09,ABE73425,VQITYTYKMLV,300,20.0
14,HLA-B08:01,3528.58,ABE73425,FPPPSFYMPLL,14,21.0
177,HLA-B08:01,3725.23,ABE73425,NQSSSDLVAAV,177,22.0
298,HLA-B08:01,4118.44,ABE73425,DNVQITYTYKM,298,23.0
325,HLA-B08:01,4363.06,ABE73425,SAFTKPSSIKE,325,24.0
331,HLA-B08:01,4401.58,ABE73425,SSIKEMQSQSS,331,25.0
87,HLA-B08:01,4526.41,ABE73425,LKFRQRSDGVV,87,26.0
113,HLA-B08:01,5001.05,ABE73425,NRKRNQKPLEP,113,27.0
30,HLA-B08:01,5124.76,ABE73425,APYRVIPRNLV,30,28.0
227,HLA-B08:01,5379.62,ABE73425,SQLKKPRWKRV,227,29.0
71,HLA-B08:01,5409.43,ABE73425,PPKVHFYYLGT,71,30.0
208,HLA-B08:01,5450.19,ABE73425,TFTPKKPNKPL,208,31.0
165,HLA-B08:01,5452.43,ABE73425,TSRQQSRTRSD,165,32.0
316,HLA-B08:01,5457.73,ABE73425,NLPKFIEQISA,316,33.0
268,HLA-B08:01,5595.91,ABE73425,DAKGFPQLAEL,268,34.0
83,HLA-B08:01,5597.2,ABE73425,PHKDLKFRQRS,83,35.0
317,HLA-B08:01,5758.58,ABE73425,LPKFIEQISAF,317,36.0
307,HLA-B08:01,5999.58,ABE73425,KMLVAKDNKNL,307,37.0
299,HLA-B08:01,6027.45,ABE73425,NVQITYTYKML,299,38.0
101,HLA-B08:01,6113.78,ABE73425,KEGAKTVNTSL,101,39.0
144,HLA-B08:01,6654.16,ABE73425,NSSRASSRSST,144,40.0
15,HLA-B08:01,7240.62,ABE73425,PPPSFYMPLLV,15,41.0
210,HLA-B08:01,7353.21,ABE73425,TPKKPNKPLSQ,210,42.0
110,HLA-B08:01,7761.31,ABE73425,SLGNRKRNQKP,110,43.0
117,HLA-B08:01,7807.14,ABE73425,NQKPLEPKFSI,117,44.0
219,HLA-B08:01,7848.03,ABE73425,SQPRADKPSQL,219,45.0
6,HLA-B08:01,7897.13,ABE73425,DDRAARKKFPP,6,46.0
84,HLA-B08:01,8626.06,ABE73425,HKDLKFRQRSD,84,47.0
275,HLA-B08:01,8769.28,ABE73425,LAELIPNQAAL,275,48.0
328,HLA-B08:01,8984.68,ABE73425,TKPSSIKEMQS,328,49.0
112,HLA-B08:01,9268.83,ABE73425,GNRKRNQKPLE,112,50.0
176,HLA-B08:01,9542.37,ABE73425,SNQSSSDLVAA,176,51.0
231,HLA-B08:01,9869.45,ABE73425,KPRWKRVPTRE,231,52.0
265,HLA-B08:01,9959.36,ABE73425,NGVDAKGFPQL,265,53.0
140,HLA-B08:01,10133.56,ABE73425,DRSNNSSRASS,140,54.0
126,HLA-B08:01,10291.74,ABE73425,SIALPPELSVV,126,55.0
13,HLA-B08:01,10503.71,ABE73425,KFPPPSFYMPL,13,56.0
181,HLA-B08:01,10554.38,ABE73425,SDLVAAVTLAL,181,57.0
89,HLA-B08:01,10842.93,ABE73425,FRQRSDGVVWV,89,58.0
143,HLA-B08:01,10884.06,ABE73425,NNSSRASSRSS,143,59.0
156,HLA-B08:01,11066.03,ABE73425,NNSRDSSRSTS,156,60.0
85,HLA-B08:01,11085.35,ABE73425,KDLKFRQRSDG,85,61.0
8,HLA-B08:01,12009.71,ABE73425,RAARKKFPPPS,8,62.0
329,HLA-B08:01,12223.21,ABE73425,KPSSIKEMQSQ,329,63.0
313,HLA-B08:01,12618.26,ABE73425,DNKNLPKFIEQ,313,64.0
52,HLA-B08:01,12753.49,ABE73425,GYWNVQERWRM,52,65.0
280,HLA-B08:01,12787.96,ABE73425,PNQAALFFDSE,280,66.0
228,HLA-B08:01,12935.15,ABE73425,QLKKPRWKRVP,228,67.0
315,HLA-B08:01,13207.31,ABE73425,KNLPKFIEQIS,315,68.0
41,HLA-B08:01,13713.37,ABE73425,PIGKGNKDEQI,41,69.0
55,HLA-B08:01,13825.7,ABE73425,NVQERWRMRRG,55,70.0
155,HLA-B08:01,13986.71,ABE73425,RNNSRDSSRST,155,71.0
16,HLA-B08:01,14003.07,ABE73425,PPSFYMPLLVS,16,72.0
31,HLA-B08:01,14005.48,ABE73425,PYRVIPRNLVP,31,73.0
312,HLA-B08:01,14542.0,ABE73425,KDNKNLPKFIE,312,74.0
253,HLA-B08:01,14542.93,ABE73425,FNHNMGDSDLV,253,75.0
146,HLA-B08:01,14572.43,ABE73425,SRASSRSSTRN,146,76.0
326,HLA-B08:01,14716.22,ABE73425,AFTKPSSIKEM,326,77.0
29,HLA-B08:01,15629.91,ABE73425,KAPYRVIPRNL,29,78.0
330,HLA-B08:01,16023.42,ABE73425,PSSIKEMQSQS,330,79.0
59,HLA-B08:01,16160.93,ABE73425,RWRMRRGQRVD,59,80.0
122,HLA-B08:01,16200.64,ABE73425,EPKFSIALPPE,122,81.0
277,HLA-B08:01,16306.97,ABE73425,ELIPNQAALFF,277,82.0
234,HLA-B08:01,16546.13,ABE73425,WKRVPTREENV,234,83.0
17,HLA-B08:01,16572.88,ABE73425,PSFYMPLLVSS,17,84.0
173,HLA-B08:01,16640.89,ABE73425,RSDSNQSSSDL,173,85.0
190,HLA-B08:01,16710.02,ABE73425,ALKNLGFDNQS,190,86.0
123,HLA-B08:01,17037.37,ABE73425,PKFSIALPPEL,123,87.0
184,HLA-B08:01,17045.31,ABE73425,VAAVTLALKNL,184,88.0
99,HLA-B08:01,17392.53,ABE73425,VAKEGAKTVNT,99,89.0
166,HLA-B08:01,17440.46,ABE73425,SRQQSRTRSDS,166,90.0
160,HLA-B08:01,17497.89,ABE73425,DSSRSTSRQQS,160,91.0
127,HLA-B08:01,17527.07,ABE73425,IALPPELSVVE,127,92.0
142,HLA-B08:01,17752.49,ABE73425,SNNSSRASSRS,142,93.0
247,HLA-B08:01,17894.58,ABE73425,CFGPRDFNHNM,247,94.0
179,HLA-B08:01,17914.39,ABE73425,SSSDLVAAVTL,179,95.0
232,HLA-B08:01,18121.1,ABE73425,PRWKRVPTREE,232,96.0
145,HLA-B08:01,18175.03,ABE73425,SSRASSRSSTR,145,97.0
77,HLA-B08:01,18413.93,ABE73425,YYLGTGPHKDL,77,98.0
167,HLA-B08:01,18415.14,ABE73425,RQQSRTRSDSN,167,99.0
209,HLA-B08:01,18803.62,ABE73425,FTPKKPNKPLS,209,100.0
11,HLA-B08:01,18992.93,ABE73425,RKKFPPPSFYM,11,101.0
194,HLA-B08:01,19199.41,ABE73425,LGFDNQSKSPS,194,102.0
61,HLA-B08:01,19298.08,ABE73425,RMRRGQRVDLP,61,103.0
178,HLA-B08:01,19419.19,ABE73425,QSSSDLVAAVT,178,104.0
196,HLA-B08:01,19678.62,ABE73425,FDNQSKSPSSS,196,105.0
175,HLA-B08:01,19715.86,ABE73425,DSNQSSSDLVA,175,106.0
102,HLA-B08:01,19824.07,ABE73425,EGAKTVNTSLG,102,107.0
162,HLA-B08:01,19960.91,ABE73425,SRSTSRQQSRT,162,108.0
120,HLA-B08:01,19998.42,ABE73425,PLEPKFSIALP,120,109.0
282,HLA-B08:01,20069.74,ABE73425,QAALFFDSEVS,282,110.0
195,HLA-B08:01,20304.98,ABE73425,GFDNQSKSPSS,195,111.0
147,HLA-B08:01,20333.67,ABE73425,RASSRSSTRNN,147,112.0
72,HLA-B08:01,20342.19,ABE73425,PKVHFYYLGTG,72,113.0
42,HLA-B08:01,20494.76,ABE73425,IGKGNKDEQIG,42,114.0
199,HLA-B08:01,20634.76,ABE73425,QSKSPSSSGTF,199,115.0
332,HLA-B08:01,21108.72,ABE73425,SIKEMQSQSSH,332,116.0
235,HLA-B08:01,21219.44,ABE73425,KRVPTREENVI,235,117.0
174,HLA-B08:01,21226.98,ABE73425,SDSNQSSSDLV,174,118.0
327,HLA-B08:01,21335.3,ABE73425,FTKPSSIKEMQ,327,119.0
39,HLA-B08:01,21510.29,ABE73425,LVPIGKGNKDE,39,120.0
98,HLA-B08:01,21609.56,ABE73425,WVAKEGAKTVN,98,121.0
90,HLA-B08:01,21712.63,ABE73425,RQRSDGVVWVA,90,122.0
207,HLA-B08:01,21802.56,ABE73425,GTFTPKKPNKP,207,123.0
274,HLA-B08:01,21872.51,ABE73425,QLAELIPNQAA,274,124.0
108,HLA-B08:01,21929.29,ABE73425,NTSLGNRKRNQ,108,125.0
197,HLA-B08:01,22047.42,ABE73425,DNQSKSPSSSG,197,126.0
21,HLA-B08:01,22070.75,ABE73425,MPLLVSSDKAP,21,127.0
324,HLA-B08:01,22100.15,ABE73425,ISAFTKPSSIK,324,128.0
322,HLA-B08:01,22226.06,ABE73425,EQISAFTKPSS,322,129.0
82,HLA-B08:01,22269.13,ABE73425,GPHKDLKFRQR,82,130.0
170,HLA-B08:01,22275.67,ABE73425,SRTRSDSNQSS,170,131.0
33,HLA-B08:01,22338.64,ABE73425,RVIPRNLVPIG,33,132.0
103,HLA-B08:01,22356.07,ABE73425,GAKTVNTSLGN,103,133.0
211,HLA-B08:01,22444.0,ABE73425,PKKPNKPLSQP,211,134.0
125,HLA-B08:01,23006.89,ABE73425,FSIALPPELSV,125,135.0
154,HLA-B08:01,23058.48,ABE73425,TRNNSRDSSRS,154,136.0
188,HLA-B08:01,23059.77,ABE73425,TLALKNLGFDN,188,137.0
161,HLA-B08:01,23207.5,ABE73425,SSRSTSRQQSR,161,138.0
320,HLA-B08:01,23248.21,ABE73425,FIEQISAFTKP,320,139.0
164,HLA-B08:01,23401.89,ABE73425,STSRQQSRTRS,164,140.0
169,HLA-B08:01,23426.17,ABE73425,QSRTRSDSNQS,169,141.0
304,HLA-B08:01,23611.05,ABE73425,YTYKMLVAKDN,304,142.0
220,HLA-B08:01,23630.23,ABE73425,QPRADKPSQLK,220,143.0
128,HLA-B08:01,23766.42,ABE73425,ALPPELSVVEF,128,144.0
88,HLA-B08:01,23878.55,ABE73425,KFRQRSDGVVW,88,145.0
24,HLA-B08:01,24027.51,ABE73425,LVSSDKAPYRV,24,146.0
198,HLA-B08:01,24101.23,ABE73425,NQSKSPSSSGT,198,147.0
213,HLA-B08:01,24130.25,ABE73425,KPNKPLSQPRA,213,148.0
53,HLA-B08:01,24208.36,ABE73425,YWNVQERWRMR,53,149.0
54,HLA-B08:01,24315.6,ABE73425,WNVQERWRMRR,54,150.0
310,HLA-B08:01,24337.25,ABE73425,VAKDNKNLPKF,310,151.0
186,HLA-B08:01,24434.76,ABE73425,AVTLALKNLGF,186,152.0
149,HLA-B08:01,24474.97,ABE73425,SSRSSTRNNSR,149,153.0
283,HLA-B08:01,24525.86,ABE73425,AALFFDSEVST,283,154.0
100,HLA-B08:01,24624.08,ABE73425,AKEGAKTVNTS,100,155.0
78,HLA-B08:01,24662.64,ABE73425,YLGTGPHKDLK,78,156.0
230,HLA-B08:01,24681.41,ABE73425,KKPRWKRVPTR,230,157.0
217,HLA-B08:01,24905.66,ABE73425,PLSQPRADKPS,217,158.0
57,HLA-B08:01,25005.53,ABE73425,QERWRMRRGQR,57,159.0
306,HLA-B08:01,25019.33,ABE73425,YKMLVAKDNKN,306,160.0
148,HLA-B08:01,25219.83,ABE73425,ASSRSSTRNNS,148,161.0
129,HLA-B08:01,25234.79,ABE73425,LPPELSVVEFE,129,162.0
302,HLA-B08:01,25539.22,ABE73425,ITYTYKMLVAK,302,163.0
141,HLA-B08:01,25560.9,ABE73425,RSNNSSRASSR,141,164.0
152,HLA-B08:01,25575.75,ABE73425,SSTRNNSRDSS,152,165.0
267,HLA-B08:01,25614.52,ABE73425,VDAKGFPQLAE,267,166.0
308,HLA-B08:01,25981.78,ABE73425,MLVAKDNKNLP,308,167.0
286,HLA-B08:01,26098.49,ABE73425,FFDSEVSTDEV,286,168.0
64,HLA-B08:01,26109.49,ABE73425,RGQRVDLPPKV,64,169.0
25,HLA-B08:01,26112.75,ABE73425,VSSDKAPYRVI,25,170.0
252,HLA-B08:01,26241.35,ABE73425,DFNHNMGDSDL,252,171.0
116,HLA-B08:01,26340.45,ABE73425,RNQKPLEPKFS,116,172.0
257,HLA-B08:01,26369.25,ABE73425,MGDSDLVQNGV,257,173.0
151,HLA-B08:01,26383.47,ABE73425,RSSTRNNSRDS,151,174.0
266,HLA-B08:01,26432.99,ABE73425,GVDAKGFPQLA,266,175.0
246,HLA-B08:01,26546.62,ABE73425,QCFGPRDFNHN,246,176.0
56,HLA-B08:01,26554.49,ABE73425,VQERWRMRRGQ,56,177.0
205,HLA-B08:01,26596.54,ABE73425,SSGTFTPKKPN,205,178.0
171,HLA-B08:01,26700.27,ABE73425,RTRSDSNQSSS,171,179.0
185,HLA-B08:01,26839.87,ABE73425,AAVTLALKNLG,185,180.0
276,HLA-B08:01,26877.33,ABE73425,AELIPNQAALF,276,181.0
233,HLA-B08:01,26885.08,ABE73425,RWKRVPTREEN,233,182.0
79,HLA-B08:01,26986.8,ABE73425,LGTGPHKDLKF,79,183.0
109,HLA-B08:01,27052.48,ABE73425,TSLGNRKRNQK,109,184.0
157,HLA-B08:01,27085.44,ABE73425,NSRDSSRSTSR,157,185.0
150,HLA-B08:01,27114.08,ABE73425,SRSSTRNNSRD,150,186.0
158,HLA-B08:01,27237.69,ABE73425,SRDSSRSTSRQ,158,187.0
66,HLA-B08:01,27406.32,ABE73425,QRVDLPPKVHF,66,188.0
63,HLA-B08:01,27428.66,ABE73425,RRGQRVDLPPK,63,189.0
180,HLA-B08:01,27493.24,ABE73425,SSDLVAAVTLA,180,190.0
200,HLA-B08:01,27798.84,ABE73425,SKSPSSSGTFT,200,191.0
269,HLA-B08:01,27832.97,ABE73425,AKGFPQLAELI,269,192.0
81,HLA-B08:01,27912.16,ABE73425,TGPHKDLKFRQ,81,193.0
264,HLA-B08:01,27916.23,ABE73425,QNGVDAKGFPQ,264,194.0
97,HLA-B08:01,28060.55,ABE73425,VWVAKEGAKTV,97,195.0
321,HLA-B08:01,28350.04,ABE73425,IEQISAFTKPS,321,196.0
212,HLA-B08:01,28374.41,ABE73425,KKPNKPLSQPR,212,197.0
139,HLA-B08:01,28462.01,ABE73425,EDRSNNSSRAS,139,198.0
159,HLA-B08:01,28466.21,ABE73425,RDSSRSTSRQQ,159,199.0
279,HLA-B08:01,28584.27,ABE73425,IPNQAALFFDS,279,200.0
285,HLA-B08:01,28677.91,ABE73425,LFFDSEVSTDE,285,201.0
107,HLA-B08:01,28683.82,ABE73425,VNTSLGNRKRN,107,202.0
20,HLA-B08:01,28743.4,ABE73425,YMPLLVSSDKA,20,203.0
153,HLA-B08:01,28785.73,ABE73425,STRNNSRDSSR,153,204.0
202,HLA-B08:01,28830.46,ABE73425,SPSSSGTFTPK,202,205.0
18,HLA-B08:01,28978.56,ABE73425,SFYMPLLVSSD,18,206.0
35,HLA-B08:01,29020.12,ABE73425,IPRNLVPIGKG,35,207.0
114,HLA-B08:01,29040.53,ABE73425,RKRNQKPLEPK,114,208.0
271,HLA-B08:01,29104.96,ABE73425,GFPQLAELIPN,271,209.0
183,HLA-B08:01,29134.36,ABE73425,LVAAVTLALKN,183,210.0
28,HLA-B08:01,29182.49,ABE73425,DKAPYRVIPRN,28,211.0
65,HLA-B08:01,29276.07,ABE73425,GQRVDLPPKVH,65,212.0
248,HLA-B08:01,29346.36,ABE73425,FGPRDFNHNMG,248,213.0
311,HLA-B08:01,29429.61,ABE73425,AKDNKNLPKFI,311,214.0
318,HLA-B08:01,29440.84,ABE73425,PKFIEQISAFT,318,215.0
46,HLA-B08:01,29717.44,ABE73425,NKDEQIGYWNV,46,216.0
204,HLA-B08:01,29721.69,ABE73425,SSSGTFTPKKP,204,217.0
218,HLA-B08:01,29729.12,ABE73425,LSQPRADKPSQ,218,218.0
273,HLA-B08:01,29858.83,ABE73425,PQLAELIPNQA,273,219.0
26,HLA-B08:01,29926.19,ABE73425,SSDKAPYRVIP,26,220.0
189,HLA-B08:01,29949.05,ABE73425,LALKNLGFDNQ,189,221.0
132,HLA-B08:01,30148.55,ABE73425,ELSVVEFEDRS,132,222.0
172,HLA-B08:01,30211.29,ABE73425,TRSDSNQSSSD,172,223.0
73,HLA-B08:01,30346.05,ABE73425,KVHFYYLGTGP,73,224.0
10,HLA-B08:01,30486.21,ABE73425,ARKKFPPPSFY,10,225.0
303,HLA-B08:01,30657.59,ABE73425,TYTYKMLVAKD,303,226.0
214,HLA-B08:01,30798.01,ABE73425,PNKPLSQPRAD,214,227.0
225,HLA-B08:01,31094.78,ABE73425,KPSQLKKPRWK,225,228.0
133,HLA-B08:01,31112.78,ABE73425,LSVVEFEDRSN,133,229.0
193,HLA-B08:01,31174.39,ABE73425,NLGFDNQSKSP,193,230.0
236,HLA-B08:01,31242.45,ABE73425,RVPTREENVIQ,236,231.0
309,HLA-B08:01,31371.78,ABE73425,LVAKDNKNLPK,309,232.0
191,HLA-B08:01,31493.24,ABE73425,LKNLGFDNQSK,191,233.0
192,HLA-B08:01,31517.74,ABE73425,KNLGFDNQSKS,192,234.0
48,HLA-B08:01,31530.98,ABE73425,DEQIGYWNVQE,48,235.0
168,HLA-B08:01,31696.09,ABE73425,QQSRTRSDSNQ,168,236.0
222,HLA-B08:01,31890.64,ABE73425,RADKPSQLKKP,222,237.0
80,HLA-B08:01,31912.05,ABE73425,GTGPHKDLKFR,80,238.0
92,HLA-B08:01,31920.31,ABE73425,RSDGVVWVAKE,92,239.0
262,HLA-B08:01,32088.33,ABE73425,LVQNGVDAKGF,262,240.0
238,HLA-B08:01,32137.66,ABE73425,PTREENVIQCF,238,241.0
270,HLA-B08:01,32151.85,ABE73425,KGFPQLAELIP,270,242.0
187,HLA-B08:01,32170.19,ABE73425,VTLALKNLGFD,187,243.0
36,HLA-B08:01,32183.31,ABE73425,PRNLVPIGKGN,36,244.0
255,HLA-B08:01,32248.18,ABE73425,HNMGDSDLVQN,255,245.0
226,HLA-B08:01,32319.89,ABE73425,PSQLKKPRWKR,226,246.0
278,HLA-B08:01,32361.65,ABE73425,LIPNQAALFFD,278,247.0
237,HLA-B08:01,32572.8,ABE73425,VPTREENVIQC,237,248.0
135,HLA-B08:01,32667.58,ABE73425,VVEFEDRSNNS,135,249.0
134,HLA-B08:01,32951.08,ABE73425,SVVEFEDRSNN,134,250.0
0,HLA-B08:01,32998.23,ABE73425,ASVNWADDRAA,0,251.0
249,HLA-B08:01,33014.24,ABE73425,GPRDFNHNMGD,249,252.0
124,HLA-B08:01,33138.72,ABE73425,KFSIALPPELS,124,253.0
216,HLA-B08:01,33171.24,ABE73425,KPLSQPRADKP,216,254.0
138,HLA-B08:01,33199.72,ABE73425,FEDRSNNSSRA,138,255.0
254,HLA-B08:01,33228.73,ABE73425,NHNMGDSDLVQ,254,256.0
182,HLA-B08:01,33242.7,ABE73425,DLVAAVTLALK,182,257.0
22,HLA-B08:01,33343.21,ABE73425,PLLVSSDKAPY,22,258.0
4,HLA-B08:01,33361.33,ABE73425,WADDRAARKKF,4,259.0
27,HLA-B08:01,33374.56,ABE73425,SDKAPYRVIPR,27,260.0
244,HLA-B08:01,33412.43,ABE73425,VIQCFGPRDFN,244,261.0
243,HLA-B08:01,33525.44,ABE73425,NVIQCFGPRDF,243,262.0
163,HLA-B08:01,33560.93,ABE73425,RSTSRQQSRTR,163,263.0
115,HLA-B08:01,33589.74,ABE73425,KRNQKPLEPKF,115,264.0
224,HLA-B08:01,33609.12,ABE73425,DKPSQLKKPRW,224,265.0
272,HLA-B08:01,33660.97,ABE73425,FPQLAELIPNQ,272,266.0
287,HLA-B08:01,33713.81,ABE73425,FDSEVSTDEVG,287,267.0
19,HLA-B08:01,33756.85,ABE73425,FYMPLLVSSDK,19,268.0
215,HLA-B08:01,34024.6,ABE73425,NKPLSQPRADK,215,269.0
96,HLA-B08:01,34104.18,ABE73425,VVWVAKEGAKT,96,270.0
50,HLA-B08:01,34206.02,ABE73425,QIGYWNVQERW,50,271.0
290,HLA-B08:01,34321.46,ABE73425,EVSTDEVGDNV,290,272.0
47,HLA-B08:01,34483.55,ABE73425,KDEQIGYWNVQ,47,273.0
23,HLA-B08:01,34490.61,ABE73425,LLVSSDKAPYR,23,274.0
5,HLA-B08:01,34568.48,ABE73425,ADDRAARKKFP,5,275.0
256,HLA-B08:01,34736.12,ABE73425,NMGDSDLVQNG,256,276.0
94,HLA-B08:01,34777.93,ABE73425,DGVVWVAKEGA,94,277.0
259,HLA-B08:01,34787.71,ABE73425,DSDLVQNGVDA,259,278.0
223,HLA-B08:01,34841.54,ABE73425,ADKPSQLKKPR,223,279.0
106,HLA-B08:01,34844.19,ABE73425,TVNTSLGNRKR,106,280.0
239,HLA-B08:01,34933.21,ABE73425,TREENVIQCFG,239,281.0
242,HLA-B08:01,35017.06,ABE73425,ENVIQCFGPRD,242,282.0
293,HLA-B08:01,35091.14,ABE73425,TDEVGDNVQIT,293,283.0
76,HLA-B08:01,35197.59,ABE73425,FYYLGTGPHKD,76,284.0
40,HLA-B08:01,35212.59,ABE73425,VPIGKGNKDEQ,40,285.0
292,HLA-B08:01,35220.16,ABE73425,STDEVGDNVQI,292,286.0
38,HLA-B08:01,35279.24,ABE73425,NLVPIGKGNKD,38,287.0
295,HLA-B08:01,35300.36,ABE73425,EVGDNVQITYT,295,288.0
305,HLA-B08:01,35404.74,ABE73425,TYKMLVAKDNK,305,289.0
136,HLA-B08:01,35431.47,ABE73425,VEFEDRSNNSS,136,290.0
206,HLA-B08:01,35551.44,ABE73425,SGTFTPKKPNK,206,291.0
45,HLA-B08:01,35597.05,ABE73425,GNKDEQIGYWN,45,292.0
284,HLA-B08:01,35597.11,ABE73425,ALFFDSEVSTD,284,293.0
1,HLA-B08:01,35790.0,ABE73425,SVNWADDRAAR,1,294.0
250,HLA-B08:01,35859.17,ABE73425,PRDFNHNMGDS,250,295.0
130,HLA-B08:01,35886.44,ABE73425,PPELSVVEFED,130,296.0
91,HLA-B08:01,36054.21,ABE73425,QRSDGVVWVAK,91,297.0
240,HLA-B08:01,36089.83,ABE73425,REENVIQCFGP,240,298.0
93,HLA-B08:01,36148.07,ABE73425,SDGVVWVAKEG,93,299.0
49,HLA-B08:01,36210.75,ABE73425,EQIGYWNVQER,49,300.0
34,HLA-B08:01,36294.93,ABE73425,VIPRNLVPIGK,34,301.0
75,HLA-B08:01,36402.13,ABE73425,HFYYLGTGPHK,75,302.0
261,HLA-B08:01,36568.78,ABE73425,DLVQNGVDAKG,261,303.0
245,HLA-B08:01,36740.36,ABE73425,IQCFGPRDFNH,245,304.0
51,HLA-B08:01,36741.79,ABE73425,IGYWNVQERWR,51,305.0
203,HLA-B08:01,36783.71,ABE73425,PSSSGTFTPKK,203,306.0
104,HLA-B08:01,36784.43,ABE73425,AKTVNTSLGNR,104,307.0
131,HLA-B08:01,36808.43,ABE73425,PELSVVEFEDR,131,308.0
95,HLA-B08:01,36852.57,ABE73425,GVVWVAKEGAK,95,309.0
137,HLA-B08:01,36884.19,ABE73425,EFEDRSNNSSR,137,310.0
258,HLA-B08:01,37004.49,ABE73425,GDSDLVQNGVD,258,311.0
241,HLA-B08:01,37022.22,ABE73425,EENVIQCFGPR,241,312.0
291,HLA-B08:01,37144.91,ABE73425,VSTDEVGDNVQ,291,313.0
289,HLA-B08:01,37149.45,ABE73425,SEVSTDEVGDN,289,314.0
221,HLA-B08:01,37150.75,ABE73425,PRADKPSQLKK,221,315.0
251,HLA-B08:01,37155.23,ABE73425,RDFNHNMGDSD,251,316.0
74,HLA-B08:01,37403.7,ABE73425,VHFYYLGTGPH,74,317.0
105,HLA-B08:01,37420.21,ABE73425,KTVNTSLGNRK,105,318.0
201,HLA-B08:01,37421.91,ABE73425,KSPSSSGTFTP,201,319.0
2,HLA-B08:01,37486.23,ABE73425,VNWADDRAARK,2,320.0
67,HLA-B08:01,37519.61,ABE73425,RVDLPPKVHFY,67,321.0
43,HLA-B08:01,37866.84,ABE73425,GKGNKDEQIGY,43,322.0
297,HLA-B08:01,37976.53,ABE73425,GDNVQITYTYK,297,323.0
12,HLA-B08:01,38010.4,ABE73425,KKFPPPSFYMP,12,324.0
263,HLA-B08:01,38030.58,ABE73425,VQNGVDAKGFP,263,325.0
288,HLA-B08:01,38032.66,ABE73425,DSEVSTDEVGD,288,326.0
3,HLA-B08:01,38040.72,ABE73425,NWADDRAARKK,3,327.0
319,HLA-B08:01,38167.17,ABE73425,KFIEQISAFTK,319,328.0
37,HLA-B08:01,38419.31,ABE73425,RNLVPIGKGNK,37,329.0
44,HLA-B08:01,38503.66,ABE73425,KGNKDEQIGYW,44,330.0
68,HLA-B08:01,38612.2,ABE73425,VDLPPKVHFYY,68,331.0
296,HLA-B08:01,38615.11,ABE73425,VGDNVQITYTY,296,332.0
260,HLA-B08:01,38780.54,ABE73425,SDLVQNGVDAK,260,333.0
294,HLA-B08:01,39258.5,ABE73425,DEVGDNVQITY,294,334.0
125,HLA-DRB101:01,59.08,ABE73425,FSIALPPELSV,125,1.0
76,HLA-DRB101:01,196.9,ABE73425,FYYLGTGPHKD,76,2.0
182,HLA-DRB101:01,327.58,ABE73425,DLVAAVTLALK,182,3.0
77,HLA-DRB101:01,332.0,ABE73425,YYLGTGPHKDL,77,4.0
124,HLA-DRB101:01,342.13,ABE73425,KFSIALPPELS,124,5.0
237,HLA-DRB101:01,360.37,ABE73425,VPTREENVIQC,237,6.0
30,HLA-DRB101:01,422.23,ABE73425,APYRVIPRNLV,30,7.0
186,HLA-DRB101:01,440.09,ABE73425,AVTLALKNLGF,186,8.0
60,HLA-DRB101:01,459.55,ABE73425,WRMRRGQRVDL,60,9.0
299,HLA-DRB101:01,468.86,ABE73425,NVQITYTYKML,299,10.0
183,HLA-DRB101:01,522.34,ABE73425,LVAAVTLALKN,183,11.0
121,HLA-DRB101:01,554.32,ABE73425,LEPKFSIALPP,121,12.0
32,HLA-DRB101:01,625.46,ABE73425,YRVIPRNLVPI,32,13.0
181,HLA-DRB101:01,642.76,ABE73425,SDLVAAVTLAL,181,14.0
278,HLA-DRB101:01,646.53,ABE73425,LIPNQAALFFD,278,15.0
53,HLA-DRB101:01,661.86,ABE73425,YWNVQERWRMR,53,16.0
318,HLA-DRB101:01,805.76,ABE73425,PKFIEQISAFT,318,17.0
18,HLA-DRB101:01,853.16,ABE73425,SFYMPLLVSSD,18,18.0
269,HLA-DRB101:01,1031.8,ABE73425,AKGFPQLAELI,269,19.0
187,HLA-DRB101:01,1048.37,ABE73425,VTLALKNLGFD,187,20.0
333,HLA-DRB101:01,1098.27,ABE73425,IKEMQSQSSHV,333,21.0
20,HLA-DRB101:01,1124.54,ABE73425,YMPLLVSSDKA,20,22.0
78,HLA-DRB101:01,1134.85,ABE73425,YLGTGPHKDLK,78,23.0
31,HLA-DRB101:01,1188.81,ABE73425,PYRVIPRNLVP,31,24.0
184,HLA-DRB101:01,1224.7,ABE73425,VAAVTLALKNL,184,25.0
279,HLA-DRB101:01,1375.23,ABE73425,IPNQAALFFDS,279,26.0
306,HLA-DRB101:01,1434.91,ABE73425,YKMLVAKDNKN,306,27.0
185,HLA-DRB101:01,1566.44,ABE73425,AAVTLALKNLG,185,28.0
300,HLA-DRB101:01,1636.93,ABE73425,VQITYTYKMLV,300,29.0
17,HLA-DRB101:01,1781.71,ABE73425,PSFYMPLLVSS,17,30.0
52,HLA-DRB101:01,1839.76,ABE73425,GYWNVQERWRM,52,31.0
90,HLA-DRB101:01,1968.47,ABE73425,RQRSDGVVWVA,90,32.0
94,HLA-DRB101:01,2014.65,ABE73425,DGVVWVAKEGA,94,33.0
29,HLA-DRB101:01,2047.2,ABE73425,KAPYRVIPRNL,29,34.0
88,HLA-DRB101:01,2077.39,ABE73425,KFRQRSDGVVW,88,35.0
21,HLA-DRB101:01,2098.26,ABE73425,MPLLVSSDKAP,21,36.0
59,HLA-DRB101:01,2118.95,ABE73425,RWRMRRGQRVD,59,37.0
11,HLA-DRB101:01,2142.12,ABE73425,RKKFPPPSFYM,11,38.0
305,HLA-DRB101:01,2150.83,ABE73425,TYKMLVAKDNK,305,39.0
253,HLA-DRB101:01,2186.19,ABE73425,FNHNMGDSDLV,253,40.0
270,HLA-DRB101:01,2219.79,ABE73425,KGFPQLAELIP,270,41.0
177,HLA-DRB101:01,2316.88,ABE73425,NQSSSDLVAAV,177,42.0
89,HLA-DRB101:01,2376.41,ABE73425,FRQRSDGVVWV,89,43.0
326,HLA-DRB101:01,2452.0,ABE73425,AFTKPSSIKEM,326,44.0
123,HLA-DRB101:01,2490.92,ABE73425,PKFSIALPPEL,123,45.0
262,HLA-DRB101:01,2509.22,ABE73425,LVQNGVDAKGF,262,46.0
316,HLA-DRB101:01,2535.01,ABE73425,NLPKFIEQISA,316,47.0
98,HLA-DRB101:01,2742.51,ABE73425,WVAKEGAKTVN,98,48.0
51,HLA-DRB101:01,2779.02,ABE73425,IGYWNVQERWR,51,49.0
122,HLA-DRB101:01,2809.26,ABE73425,EPKFSIALPPE,122,50.0
69,HLA-DRB101:01,2833.11,ABE73425,DLPPKVHFYYL,69,51.0
87,HLA-DRB101:01,2875.46,ABE73425,LKFRQRSDGVV,87,52.0
320,HLA-DRB101:01,2937.0,ABE73425,FIEQISAFTKP,320,53.0
175,HLA-DRB101:01,3002.66,ABE73425,DSNQSSSDLVA,175,54.0
254,HLA-DRB101:01,3110.31,ABE73425,NHNMGDSDLVQ,254,55.0
303,HLA-DRB101:01,3118.46,ABE73425,TYTYKMLVAKD,303,56.0
57,HLA-DRB101:01,3201.41,ABE73425,QERWRMRRGQR,57,57.0
176,HLA-DRB101:01,3371.19,ABE73425,SNQSSSDLVAA,176,58.0
272,HLA-DRB101:01,3478.73,ABE73425,FPQLAELIPNQ,272,59.0
129,HLA-DRB101:01,3557.87,ABE73425,LPPELSVVEFE,129,60.0
97,HLA-DRB101:01,3666.07,ABE73425,VWVAKEGAKTV,97,61.0
327,HLA-DRB101:01,3670.22,ABE73425,FTKPSSIKEMQ,327,62.0
49,HLA-DRB101:01,3697.38,ABE73425,EQIGYWNVQER,49,63.0
301,HLA-DRB101:01,3766.09,ABE73425,QITYTYKMLVA,301,64.0
298,HLA-DRB101:01,3835.6,ABE73425,DNVQITYTYKM,298,65.0
317,HLA-DRB101:01,3836.26,ABE73425,LPKFIEQISAF,317,66.0
128,HLA-DRB101:01,3880.45,ABE73425,ALPPELSVVEF,128,67.0
271,HLA-DRB101:01,3910.93,ABE73425,GFPQLAELIPN,271,68.0
178,HLA-DRB101:01,3918.42,ABE73425,QSSSDLVAAVT,178,69.0
331,HLA-DRB101:01,3943.73,ABE73425,SSIKEMQSQSS,331,70.0
99,HLA-DRB101:01,4039.89,ABE73425,VAKEGAKTVNT,99,71.0
315,HLA-DRB101:01,4186.0,ABE73425,KNLPKFIEQIS,315,72.0
70,HLA-DRB101:01,4203.42,ABE73425,LPPKVHFYYLG,70,73.0
54,HLA-DRB101:01,4270.06,ABE73425,WNVQERWRMRR,54,74.0
58,HLA-DRB101:01,4365.69,ABE73425,ERWRMRRGQRV,58,75.0
330,HLA-DRB101:01,4411.8,ABE73425,PSSIKEMQSQS,330,76.0
126,HLA-DRB101:01,4714.56,ABE73425,SIALPPELSVV,126,77.0
120,HLA-DRB101:01,4786.56,ABE73425,PLEPKFSIALP,120,78.0
273,HLA-DRB101:01,4802.37,ABE73425,PQLAELIPNQA,273,79.0
22,HLA-DRB101:01,4807.12,ABE73425,PLLVSSDKAPY,22,80.0
93,HLA-DRB101:01,4857.15,ABE73425,SDGVVWVAKEG,93,81.0
75,HLA-DRB101:01,4877.41,ABE73425,HFYYLGTGPHK,75,82.0
179,HLA-DRB101:01,4899.03,ABE73425,SSSDLVAAVTL,179,83.0
4,HLA-DRB101:01,4941.69,ABE73425,WADDRAARKKF,4,84.0
277,HLA-DRB101:01,4969.13,ABE73425,ELIPNQAALFF,277,85.0
229,HLA-DRB101:01,4989.13,ABE73425,LKKPRWKRVPT,229,86.0
96,HLA-DRB101:01,5131.28,ABE73425,VVWVAKEGAKT,96,87.0
304,HLA-DRB101:01,5167.95,ABE73425,YTYKMLVAKDN,304,88.0
283,HLA-DRB101:01,5373.67,ABE73425,AALFFDSEVST,283,89.0
95,HLA-DRB101:01,5427.64,ABE73425,GVVWVAKEGAK,95,90.0
227,HLA-DRB101:01,5434.67,ABE73425,SQLKKPRWKRV,227,91.0
118,HLA-DRB101:01,5514.51,ABE73425,QKPLEPKFSIA,118,92.0
285,HLA-DRB101:01,5528.37,ABE73425,LFFDSEVSTDE,285,93.0
323,HLA-DRB101:01,5532.02,ABE73425,QISAFTKPSSI,323,94.0
235,HLA-DRB101:01,5564.49,ABE73425,KRVPTREENVI,235,95.0
127,HLA-DRB101:01,5607.87,ABE73425,IALPPELSVVE,127,96.0
66,HLA-DRB101:01,5610.71,ABE73425,QRVDLPPKVHF,66,97.0
130,HLA-DRB101:01,5815.38,ABE73425,PPELSVVEFED,130,98.0
307,HLA-DRB101:01,5888.29,ABE73425,KMLVAKDNKNL,307,99.0
19,HLA-DRB101:01,5946.34,ABE73425,FYMPLLVSSDK,19,100.0
46,HLA-DRB101:01,5951.28,ABE73425,NKDEQIGYWNV,46,101.0
144,HLA-DRB101:01,6043.12,ABE73425,NSSRASSRSST,144,102.0
265,HLA-DRB101:01,6274.91,ABE73425,NGVDAKGFPQL,265,103.0
0,HLA-DRB101:01,6388.07,ABE73425,ASVNWADDRAA,0,104.0
266,HLA-DRB101:01,6501.37,ABE73425,GVDAKGFPQLA,266,105.0
16,HLA-DRB101:01,6627.01,ABE73425,PPSFYMPLLVS,16,106.0
71,HLA-DRB101:01,6677.93,ABE73425,PPKVHFYYLGT,71,107.0
276,HLA-DRB101:01,6835.12,ABE73425,AELIPNQAALF,276,108.0
200,HLA-DRB101:01,7004.08,ABE73425,SKSPSSSGTFT,200,109.0
284,HLA-DRB101:01,7053.57,ABE73425,ALFFDSEVSTD,284,110.0
226,HLA-DRB101:01,7186.72,ABE73425,PSQLKKPRWKR,226,111.0
131,HLA-DRB101:01,7201.57,ABE73425,PELSVVEFEDR,131,112.0
274,HLA-DRB101:01,7301.66,ABE73425,QLAELIPNQAA,274,113.0
117,HLA-DRB101:01,7328.59,ABE73425,NQKPLEPKFSI,117,114.0
15,HLA-DRB101:01,7459.38,ABE73425,PPPSFYMPLLV,15,115.0
234,HLA-DRB101:01,7551.86,ABE73425,WKRVPTREENV,234,116.0
50,HLA-DRB101:01,7565.94,ABE73425,QIGYWNVQERW,50,117.0
180,HLA-DRB101:01,7624.95,ABE73425,SSDLVAAVTLA,180,118.0
102,HLA-DRB101:01,8040.4,ABE73425,EGAKTVNTSLG,102,119.0
48,HLA-DRB101:01,8166.49,ABE73425,DEQIGYWNVQE,48,120.0
321,HLA-DRB101:01,8183.31,ABE73425,IEQISAFTKPS,321,121.0
56,HLA-DRB101:01,8183.65,ABE73425,VQERWRMRRGQ,56,122.0
319,HLA-DRB101:01,8205.91,ABE73425,KFIEQISAFTK,319,123.0
286,HLA-DRB101:01,8237.67,ABE73425,FFDSEVSTDEV,286,124.0
292,HLA-DRB101:01,8289.17,ABE73425,STDEVGDNVQI,292,125.0
263,HLA-DRB101:01,8295.94,ABE73425,VQNGVDAKGFP,263,126.0
328,HLA-DRB101:01,8306.37,ABE73425,TKPSSIKEMQS,328,127.0
91,HLA-DRB101:01,8501.44,ABE73425,QRSDGVVWVAK,91,128.0
255,HLA-DRB101:01,8580.44,ABE73425,HNMGDSDLVQN,255,129.0
13,HLA-DRB101:01,8942.13,ABE73425,KFPPPSFYMPL,13,130.0
86,HLA-DRB101:01,8957.29,ABE73425,DLKFRQRSDGV,86,131.0
238,HLA-DRB101:01,8984.05,ABE73425,PTREENVIQCF,238,132.0
68,HLA-DRB101:01,9051.03,ABE73425,VDLPPKVHFYY,68,133.0
106,HLA-DRB101:01,9136.9,ABE73425,TVNTSLGNRKR,106,134.0
228,HLA-DRB101:01,9198.62,ABE73425,QLKKPRWKRVP,228,135.0
243,HLA-DRB101:01,9228.26,ABE73425,NVIQCFGPRDF,243,136.0
261,HLA-DRB101:01,9286.42,ABE73425,DLVQNGVDAKG,261,137.0
199,HLA-DRB101:01,9358.01,ABE73425,QSKSPSSSGTF,199,138.0
79,HLA-DRB101:01,9380.44,ABE73425,LGTGPHKDLKF,79,139.0
302,HLA-DRB101:01,9417.46,ABE73425,ITYTYKMLVAK,302,140.0
24,HLA-DRB101:01,9438.66,ABE73425,LVSSDKAPYRV,24,141.0
67,HLA-DRB101:01,9531.1,ABE73425,RVDLPPKVHFY,67,142.0
329,HLA-DRB101:01,9584.62,ABE73425,KPSSIKEMQSQ,329,143.0
33,HLA-DRB101:01,9906.37,ABE73425,RVIPRNLVPIG,33,144.0
12,HLA-DRB101:01,9999.49,ABE73425,KKFPPPSFYMP,12,145.0
236,HLA-DRB101:01,10051.32,ABE73425,RVPTREENVIQ,236,146.0
132,HLA-DRB101:01,10061.04,ABE73425,ELSVVEFEDRS,132,147.0
281,HLA-DRB101:01,10154.2,ABE73425,NQAALFFDSEV,281,148.0
332,HLA-DRB101:01,10158.79,ABE73425,SIKEMQSQSSH,332,149.0
161,HLA-DRB101:01,10236.64,ABE73425,SSRSTSRQQSR,161,150.0
61,HLA-DRB101:01,10347.85,ABE73425,RMRRGQRVDLP,61,151.0
162,HLA-DRB101:01,10436.65,ABE73425,SRSTSRQQSRT,162,152.0
314,HLA-DRB101:01,10626.82,ABE73425,NKNLPKFIEQI,314,153.0
214,HLA-DRB101:01,10644.59,ABE73425,PNKPLSQPRAD,214,154.0
256,HLA-DRB101:01,10686.14,ABE73425,NMGDSDLVQNG,256,155.0
209,HLA-DRB101:01,10697.34,ABE73425,FTPKKPNKPLS,209,156.0
160,HLA-DRB101:01,10730.89,ABE73425,DSSRSTSRQQS,160,157.0
257,HLA-DRB101:01,10757.0,ABE73425,MGDSDLVQNGV,257,158.0
55,HLA-DRB101:01,10770.01,ABE73425,NVQERWRMRRG,55,159.0
14,HLA-DRB101:01,10846.71,ABE73425,FPPPSFYMPLL,14,160.0
25,HLA-DRB101:01,10930.24,ABE73425,VSSDKAPYRVI,25,161.0
174,HLA-DRB101:01,10936.66,ABE73425,SDSNQSSSDLV,174,162.0
268,HLA-DRB101:01,10945.02,ABE73425,DAKGFPQLAEL,268,163.0
35,HLA-DRB101:01,10984.27,ABE73425,IPRNLVPIGKG,35,164.0
119,HLA-DRB101:01,11034.02,ABE73425,KPLEPKFSIAL,119,165.0
82,HLA-DRB101:01,11040.82,ABE73425,GPHKDLKFRQR,82,166.0
282,HLA-DRB101:01,11176.14,ABE73425,QAALFFDSEVS,282,167.0
322,HLA-DRB101:01,11373.02,ABE73425,EQISAFTKPSS,322,168.0
164,HLA-DRB101:01,11397.39,ABE73425,STSRQQSRTRS,164,169.0
233,HLA-DRB101:01,11451.26,ABE73425,RWKRVPTREEN,233,170.0
190,HLA-DRB101:01,11531.97,ABE73425,ALKNLGFDNQS,190,171.0
41,HLA-DRB101:01,11869.77,ABE73425,PIGKGNKDEQI,41,172.0
216,HLA-DRB101:01,11931.67,ABE73425,KPLSQPRADKP,216,173.0
83,HLA-DRB101:01,11937.33,ABE73425,PHKDLKFRQRS,83,174.0
47,HLA-DRB101:01,12133.94,ABE73425,KDEQIGYWNVQ,47,175.0
280,HLA-DRB101:01,12150.99,ABE73425,PNQAALFFDSE,280,176.0
143,HLA-DRB101:01,12154.24,ABE73425,NNSSRASSRSS,143,177.0
232,HLA-DRB101:01,12166.47,ABE73425,PRWKRVPTREE,232,178.0
39,HLA-DRB101:01,12304.32,ABE73425,LVPIGKGNKDE,39,179.0
264,HLA-DRB101:01,12463.79,ABE73425,QNGVDAKGFPQ,264,180.0
145,HLA-DRB101:01,12724.69,ABE73425,SSRASSRSSTR,145,181.0
104,HLA-DRB101:01,12780.34,ABE73425,AKTVNTSLGNR,104,182.0
73,HLA-DRB101:01,12782.66,ABE73425,KVHFYYLGTGP,73,183.0
23,HLA-DRB101:01,12824.41,ABE73425,LLVSSDKAPYR,23,184.0
213,HLA-DRB101:01,12853.99,ABE73425,KPNKPLSQPRA,213,185.0
225,HLA-DRB101:01,13040.27,ABE73425,KPSQLKKPRWK,225,186.0
293,HLA-DRB101:01,13138.59,ABE73425,TDEVGDNVQIT,293,187.0
148,HLA-DRB101:01,13151.55,ABE73425,ASSRSSTRNNS,148,188.0
147,HLA-DRB101:01,13156.91,ABE73425,RASSRSSTRNN,147,189.0
65,HLA-DRB101:01,13481.95,ABE73425,GQRVDLPPKVH,65,190.0
170,HLA-DRB101:01,13509.46,ABE73425,SRTRSDSNQSS,170,191.0
208,HLA-DRB101:01,13510.05,ABE73425,TFTPKKPNKPL,208,192.0
240,HLA-DRB101:01,13512.25,ABE73425,REENVIQCFGP,240,193.0
74,HLA-DRB101:01,13705.94,ABE73425,VHFYYLGTGPH,74,194.0
163,HLA-DRB101:01,13772.47,ABE73425,RSTSRQQSRTR,163,195.0
224,HLA-DRB101:01,13880.92,ABE73425,DKPSQLKKPRW,224,196.0
169,HLA-DRB101:01,14080.36,ABE73425,QSRTRSDSNQS,169,197.0
220,HLA-DRB101:01,14306.13,ABE73425,QPRADKPSQLK,220,198.0
100,HLA-DRB101:01,14549.18,ABE73425,AKEGAKTVNTS,100,199.0
267,HLA-DRB101:01,14556.0,ABE73425,VDAKGFPQLAE,267,200.0
290,HLA-DRB101:01,14724.96,ABE73425,EVSTDEVGDNV,290,201.0
197,HLA-DRB101:01,14779.89,ABE73425,DNQSKSPSSSG,197,202.0
239,HLA-DRB101:01,14850.81,ABE73425,TREENVIQCFG,239,203.0
287,HLA-DRB101:01,14963.61,ABE73425,FDSEVSTDEVG,287,204.0
64,HLA-DRB101:01,14964.58,ABE73425,RGQRVDLPPKV,64,205.0
217,HLA-DRB101:01,15004.55,ABE73425,PLSQPRADKPS,217,206.0
189,HLA-DRB101:01,15118.3,ABE73425,LALKNLGFDNQ,189,207.0
101,HLA-DRB101:01,15289.5,ABE73425,KEGAKTVNTSL,101,208.0
259,HLA-DRB101:01,15345.37,ABE73425,DSDLVQNGVDA,259,209.0
245,HLA-DRB101:01,15573.52,ABE73425,IQCFGPRDFNH,245,210.0
198,HLA-DRB101:01,15573.7,ABE73425,NQSKSPSSSGT,198,211.0
116,HLA-DRB101:01,15579.27,ABE73425,RNQKPLEPKFS,116,212.0
244,HLA-DRB101:01,15673.48,ABE73425,VIQCFGPRDFN,244,213.0
275,HLA-DRB101:01,15715.24,ABE73425,LAELIPNQAAL,275,214.0
291,HLA-DRB101:01,15759.37,ABE73425,VSTDEVGDNVQ,291,215.0
218,HLA-DRB101:01,15780.41,ABE73425,LSQPRADKPSQ,218,216.0
42,HLA-DRB101:01,15858.38,ABE73425,IGKGNKDEQIG,42,217.0
1,HLA-DRB101:01,15880.22,ABE73425,SVNWADDRAAR,1,218.0
146,HLA-DRB101:01,15934.85,ABE73425,SRASSRSSTRN,146,219.0
155,HLA-DRB101:01,16146.29,ABE73425,RNNSRDSSRST,155,220.0
108,HLA-DRB101:01,16161.96,ABE73425,NTSLGNRKRNQ,108,221.0
34,HLA-DRB101:01,16220.65,ABE73425,VIPRNLVPIGK,34,222.0
40,HLA-DRB101:01,16376.67,ABE73425,VPIGKGNKDEQ,40,223.0
157,HLA-DRB101:01,16428.01,ABE73425,NSRDSSRSTSR,157,224.0
288,HLA-DRB101:01,16677.77,ABE73425,DSEVSTDEVGD,288,225.0
230,HLA-DRB101:01,16708.92,ABE73425,KKPRWKRVPTR,230,226.0
325,HLA-DRB101:01,17074.19,ABE73425,SAFTKPSSIKE,325,227.0
152,HLA-DRB101:01,17078.39,ABE73425,SSTRNNSRDSS,152,228.0
311,HLA-DRB101:01,17244.48,ABE73425,AKDNKNLPKFI,311,229.0
62,HLA-DRB101:01,17251.68,ABE73425,MRRGQRVDLPP,62,230.0
111,HLA-DRB101:01,17303.72,ABE73425,LGNRKRNQKPL,111,231.0
221,HLA-DRB101:01,17377.34,ABE73425,PRADKPSQLKK,221,232.0
107,HLA-DRB101:01,17420.35,ABE73425,VNTSLGNRKRN,107,233.0
159,HLA-DRB101:01,17536.37,ABE73425,RDSSRSTSRQQ,159,234.0
241,HLA-DRB101:01,17622.65,ABE73425,EENVIQCFGPR,241,235.0
103,HLA-DRB101:01,17672.96,ABE73425,GAKTVNTSLGN,103,236.0
80,HLA-DRB101:01,17719.16,ABE73425,GTGPHKDLKFR,80,237.0
10,HLA-DRB101:01,17728.48,ABE73425,ARKKFPPPSFY,10,238.0
115,HLA-DRB101:01,18067.14,ABE73425,KRNQKPLEPKF,115,239.0
168,HLA-DRB101:01,18165.72,ABE73425,QQSRTRSDSNQ,168,240.0
296,HLA-DRB101:01,18165.82,ABE73425,VGDNVQITYTY,296,241.0
201,HLA-DRB101:01,18198.23,ABE73425,KSPSSSGTFTP,201,242.0
92,HLA-DRB101:01,18266.15,ABE73425,RSDGVVWVAKE,92,243.0
219,HLA-DRB101:01,18287.5,ABE73425,SQPRADKPSQL,219,244.0
193,HLA-DRB101:01,18353.76,ABE73425,NLGFDNQSKSP,193,245.0
158,HLA-DRB101:01,18405.89,ABE73425,SRDSSRSTSRQ,158,246.0
105,HLA-DRB101:01,18425.8,ABE73425,KTVNTSLGNRK,105,247.0
171,HLA-DRB101:01,18427.77,ABE73425,RTRSDSNQSSS,171,248.0
289,HLA-DRB101:01,18454.84,ABE73425,SEVSTDEVGDN,289,249.0
294,HLA-DRB101:01,18496.88,ABE73425,DEVGDNVQITY,294,250.0
295,HLA-DRB101:01,18523.23,ABE73425,EVGDNVQITYT,295,251.0
156,HLA-DRB101:01,18528.13,ABE73425,NNSRDSSRSTS,156,252.0
195,HLA-DRB101:01,18560.4,ABE73425,GFDNQSKSPSS,195,253.0
252,HLA-DRB101:01,18608.58,ABE73425,DFNHNMGDSDL,252,254.0
312,HLA-DRB101:01,18863.81,ABE73425,KDNKNLPKFIE,312,255.0
223,HLA-DRB101:01,19030.81,ABE73425,ADKPSQLKKPR,223,256.0
310,HLA-DRB101:01,19363.06,ABE73425,VAKDNKNLPKF,310,257.0
191,HLA-DRB101:01,19401.59,ABE73425,LKNLGFDNQSK,191,258.0
142,HLA-DRB101:01,19414.82,ABE73425,SNNSSRASSRS,142,259.0
188,HLA-DRB101:01,19491.61,ABE73425,TLALKNLGFDN,188,260.0
85,HLA-DRB101:01,19643.22,ABE73425,KDLKFRQRSDG,85,261.0
81,HLA-DRB101:01,19671.05,ABE73425,TGPHKDLKFRQ,81,262.0
202,HLA-DRB101:01,19884.16,ABE73425,SPSSSGTFTPK,202,263.0
166,HLA-DRB101:01,19905.97,ABE73425,SRQQSRTRSDS,166,264.0
43,HLA-DRB101:01,20152.39,ABE73425,GKGNKDEQIGY,43,265.0
231,HLA-DRB101:01,20201.91,ABE73425,KPRWKRVPTRE,231,266.0
133,HLA-DRB101:01,20426.62,ABE73425,LSVVEFEDRSN,133,267.0
324,HLA-DRB101:01,20734.88,ABE73425,ISAFTKPSSIK,324,268.0
247,HLA-DRB101:01,20841.44,ABE73425,CFGPRDFNHNM,247,269.0
196,HLA-DRB101:01,20914.73,ABE73425,FDNQSKSPSSS,196,270.0
72,HLA-DRB101:01,20921.9,ABE73425,PKVHFYYLGTG,72,271.0
36,HLA-DRB101:01,21070.91,ABE73425,PRNLVPIGKGN,36,272.0
26,HLA-DRB101:01,21115.34,ABE73425,SSDKAPYRVIP,26,273.0
251,HLA-DRB101:01,21162.92,ABE73425,RDFNHNMGDSD,251,274.0
242,HLA-DRB101:01,21267.71,ABE73425,ENVIQCFGPRD,242,275.0
112,HLA-DRB101:01,21329.2,ABE73425,GNRKRNQKPLE,112,276.0
38,HLA-DRB101:01,21365.24,ABE73425,NLVPIGKGNKD,38,277.0
149,HLA-DRB101:01,21482.08,ABE73425,SSRSSTRNNSR,149,278.0
211,HLA-DRB101:01,21494.95,ABE73425,PKKPNKPLSQP,211,279.0
109,HLA-DRB101:01,21875.28,ABE73425,TSLGNRKRNQK,109,280.0
9,HLA-DRB101:01,21944.07,ABE73425,AARKKFPPPSF,9,281.0
203,HLA-DRB101:01,22134.08,ABE73425,PSSSGTFTPKK,203,282.0
192,HLA-DRB101:01,22260.43,ABE73425,KNLGFDNQSKS,192,283.0
308,HLA-DRB101:01,22364.09,ABE73425,MLVAKDNKNLP,308,284.0
84,HLA-DRB101:01,22451.3,ABE73425,HKDLKFRQRSD,84,285.0
141,HLA-DRB101:01,22492.34,ABE73425,RSNNSSRASSR,141,286.0
258,HLA-DRB101:01,22811.75,ABE73425,GDSDLVQNGVD,258,287.0
215,HLA-DRB101:01,22880.36,ABE73425,NKPLSQPRADK,215,288.0
194,HLA-DRB101:01,23036.91,ABE73425,LGFDNQSKSPS,194,289.0
153,HLA-DRB101:01,23080.34,ABE73425,STRNNSRDSSR,153,290.0
246,HLA-DRB101:01,23206.26,ABE73425,QCFGPRDFNHN,246,291.0
210,HLA-DRB101:01,23459.26,ABE73425,TPKKPNKPLSQ,210,292.0
165,HLA-DRB101:01,23639.33,ABE73425,TSRQQSRTRSD,165,293.0
44,HLA-DRB101:01,23793.9,ABE73425,KGNKDEQIGYW,44,294.0
27,HLA-DRB101:01,23839.46,ABE73425,SDKAPYRVIPR,27,295.0
167,HLA-DRB101:01,23928.04,ABE73425,RQQSRTRSDSN,167,296.0
204,HLA-DRB101:01,23947.75,ABE73425,SSSGTFTPKKP,204,297.0
37,HLA-DRB101:01,24153.33,ABE73425,RNLVPIGKGNK,37,298.0
5,HLA-DRB101:01,24485.61,ABE73425,ADDRAARKKFP,5,299.0
3,HLA-DRB101:01,24591.01,ABE73425,NWADDRAARKK,3,300.0
206,HLA-DRB101:01,24697.06,ABE73425,SGTFTPKKPNK,206,301.0
212,HLA-DRB101:01,24719.72,ABE73425,KKPNKPLSQPR,212,302.0
207,HLA-DRB101:01,24959.23,ABE73425,GTFTPKKPNKP,207,303.0
140,HLA-DRB101:01,25279.19,ABE73425,DRSNNSSRASS,140,304.0
205,HLA-DRB101:01,25626.1,ABE73425,SSGTFTPKKPN,205,305.0
222,HLA-DRB101:01,25753.56,ABE73425,RADKPSQLKKP,222,306.0
154,HLA-DRB101:01,25997.02,ABE73425,TRNNSRDSSRS,154,307.0
2,HLA-DRB101:01,25998.47,ABE73425,VNWADDRAARK,2,308.0
151,HLA-DRB101:01,26053.42,ABE73425,RSSTRNNSRDS,151,309.0
138,HLA-DRB101:01,26745.06,ABE73425,FEDRSNNSSRA,138,310.0
28,HLA-DRB101:01,26963.54,ABE73425,DKAPYRVIPRN,28,311.0
313,HLA-DRB101:01,26998.01,ABE73425,DNKNLPKFIEQ,313,312.0
150,HLA-DRB101:01,27187.44,ABE73425,SRSSTRNNSRD,150,313.0
137,HLA-DRB101:01,27756.58,ABE73425,EFEDRSNNSSR,137,314.0
297,HLA-DRB101:01,27889.71,ABE73425,GDNVQITYTYK,297,315.0
135,HLA-DRB101:01,28191.89,ABE73425,VVEFEDRSNNS,135,316.0
45,HLA-DRB101:01,28330.03,ABE73425,GNKDEQIGYWN,45,317.0
260,HLA-DRB101:01,28589.44,ABE73425,SDLVQNGVDAK,260,318.0
134,HLA-DRB101:01,28839.27,ABE73425,SVVEFEDRSNN,134,319.0
110,HLA-DRB101:01,29531.47,ABE73425,SLGNRKRNQKP,110,320.0
172,HLA-DRB101:01,30010.91,ABE73425,TRSDSNQSSSD,172,321.0
248,HLA-DRB101:01,30178.93,ABE73425,FGPRDFNHNMG,248,322.0
249,HLA-DRB101:01,30231.68,ABE73425,GPRDFNHNMGD,249,323.0
139,HLA-DRB101:01,30668.4,ABE73425,EDRSNNSSRAS,139,324.0
136,HLA-DRB101:01,30681.32,ABE73425,VEFEDRSNNSS,136,325.0
250,HLA-DRB101:01,31352.31,ABE73425,PRDFNHNMGDS,250,326.0
173,HLA-DRB101:01,32110.62,ABE73425,RSDSNQSSSDL,173,327.0
6,HLA-DRB101:01,32130.23,ABE73425,DDRAARKKFPP,6,328.0
113,HLA-DRB101:01,32524.6,ABE73425,NRKRNQKPLEP,113,329.0
7,HLA-DRB101:01,33382.31,ABE73425,DRAARKKFPPP,7,330.0
63,HLA-DRB101:01,34313.16,ABE73425,RRGQRVDLPPK,63,331.0
309,HLA-DRB101:01,34416.18,ABE73425,LVAKDNKNLPK,309,332.0
8,HLA-DRB101:01,35786.0,ABE73425,RAARKKFPPPS,8,333.0
114,HLA-DRB101:01,40914.87,ABE73425,RKRNQKPLEPK,114,334.0
299,HLA-DRB115:01,41.35,ABE73425,NVQITYTYKML,299,1.0
186,HLA-DRB115:01,50.6,ABE73425,AVTLALKNLGF,186,2.0
301,HLA-DRB115:01,82.68,ABE73425,QITYTYKMLVA,301,3.0
69,HLA-DRB115:01,103.38,ABE73425,DLPPKVHFYYL,69,4.0
300,HLA-DRB115:01,127.66,ABE73425,VQITYTYKMLV,300,5.0
298,HLA-DRB115:01,135.65,ABE73425,DNVQITYTYKM,298,6.0
187,HLA-DRB115:01,143.82,ABE73425,VTLALKNLGFD,187,7.0
185,HLA-DRB115:01,366.41,ABE73425,AAVTLALKNLG,185,8.0
57,HLA-DRB115:01,448.35,ABE73425,QERWRMRRGQR,57,9.0
49,HLA-DRB115:01,519.87,ABE73425,EQIGYWNVQER,49,10.0
125,HLA-DRB115:01,546.35,ABE73425,FSIALPPELSV,125,11.0
70,HLA-DRB115:01,567.2,ABE73425,LPPKVHFYYLG,70,12.0
184,HLA-DRB115:01,578.92,ABE73425,VAAVTLALKNL,184,13.0
16,HLA-DRB115:01,625.63,ABE73425,PPSFYMPLLVS,16,14.0
68,HLA-DRB115:01,1069.02,ABE73425,VDLPPKVHFYY,68,15.0
121,HLA-DRB115:01,1248.55,ABE73425,LEPKFSIALPP,121,16.0
302,HLA-DRB115:01,1508.61,ABE73425,ITYTYKMLVAK,302,17.0
71,HLA-DRB115:01,1526.45,ABE73425,PPKVHFYYLGT,71,18.0
15,HLA-DRB115:01,1546.4,ABE73425,PPPSFYMPLLV,15,19.0
51,HLA-DRB115:01,1590.85,ABE73425,IGYWNVQERWR,51,20.0
181,HLA-DRB115:01,1613.93,ABE73425,SDLVAAVTLAL,181,21.0
188,HLA-DRB115:01,1628.24,ABE73425,TLALKNLGFDN,188,22.0
317,HLA-DRB115:01,1631.28,ABE73425,LPKFIEQISAF,317,23.0
32,HLA-DRB115:01,1721.03,ABE73425,YRVIPRNLVPI,32,24.0
14,HLA-DRB115:01,2030.48,ABE73425,FPPPSFYMPLL,14,25.0
226,HLA-DRB115:01,2049.0,ABE73425,PSQLKKPRWKR,226,26.0
318,HLA-DRB115:01,2069.16,ABE73425,PKFIEQISAFT,318,27.0
120,HLA-DRB115:01,2093.2,ABE73425,PLEPKFSIALP,120,28.0
59,HLA-DRB115:01,2248.41,ABE73425,RWRMRRGQRVD,59,29.0
48,HLA-DRB115:01,2332.72,ABE73425,DEQIGYWNVQE,48,30.0
72,HLA-DRB115:01,2365.01,ABE73425,PKVHFYYLGTG,72,31.0
315,HLA-DRB115:01,2454.76,ABE73425,KNLPKFIEQIS,315,32.0
17,HLA-DRB115:01,2583.82,ABE73425,PSFYMPLLVSS,17,33.0
183,HLA-DRB115:01,2604.45,ABE73425,LVAAVTLALKN,183,34.0
225,HLA-DRB115:01,2620.97,ABE73425,KPSQLKKPRWK,225,35.0
22,HLA-DRB115:01,2785.21,ABE73425,PLLVSSDKAPY,22,36.0
93,HLA-DRB115:01,2801.91,ABE73425,SDGVVWVAKEG,93,37.0
53,HLA-DRB115:01,2873.71,ABE73425,YWNVQERWRMR,53,38.0
58,HLA-DRB115:01,2879.73,ABE73425,ERWRMRRGQRV,58,39.0
87,HLA-DRB115:01,2896.3,ABE73425,LKFRQRSDGVV,87,40.0
11,HLA-DRB115:01,2970.78,ABE73425,RKKFPPPSFYM,11,41.0
98,HLA-DRB115:01,3062.55,ABE73425,WVAKEGAKTVN,98,42.0
316,HLA-DRB115:01,3075.71,ABE73425,NLPKFIEQISA,316,43.0
23,HLA-DRB115:01,3109.97,ABE73425,LLVSSDKAPYR,23,44.0
31,HLA-DRB115:01,3190.31,ABE73425,PYRVIPRNLVP,31,45.0
56,HLA-DRB115:01,3300.57,ABE73425,VQERWRMRRGQ,56,46.0
47,HLA-DRB115:01,3393.17,ABE73425,KDEQIGYWNVQ,47,47.0
54,HLA-DRB115:01,3430.95,ABE73425,WNVQERWRMRR,54,48.0
330,HLA-DRB115:01,3456.12,ABE73425,PSSIKEMQSQS,330,49.0
227,HLA-DRB115:01,3478.12,ABE73425,SQLKKPRWKRV,227,50.0
95,HLA-DRB115:01,3652.55,ABE73425,GVVWVAKEGAK,95,51.0
119,HLA-DRB115:01,3795.95,ABE73425,KPLEPKFSIAL,119,52.0
52,HLA-DRB115:01,3820.62,ABE73425,GYWNVQERWRM,52,53.0
94,HLA-DRB115:01,4034.51,ABE73425,DGVVWVAKEGA,94,54.0
296,HLA-DRB115:01,4124.91,ABE73425,VGDNVQITYTY,296,55.0
303,HLA-DRB115:01,4226.51,ABE73425,TYTYKMLVAKD,303,56.0
182,HLA-DRB115:01,4253.53,ABE73425,DLVAAVTLALK,182,57.0
30,HLA-DRB115:01,4508.72,ABE73425,APYRVIPRNLV,30,58.0
50,HLA-DRB115:01,4511.78,ABE73425,QIGYWNVQERW,50,59.0
82,HLA-DRB115:01,4544.94,ABE73425,GPHKDLKFRQR,82,60.0
278,HLA-DRB115:01,4578.9,ABE73425,LIPNQAALFFD,278,61.0
241,HLA-DRB115:01,4605.08,ABE73425,EENVIQCFGPR,241,62.0
323,HLA-DRB115:01,4642.12,ABE73425,QISAFTKPSSI,323,63.0
67,HLA-DRB115:01,4755.37,ABE73425,RVDLPPKVHFY,67,64.0
237,HLA-DRB115:01,5333.85,ABE73425,VPTREENVIQC,237,65.0
329,HLA-DRB115:01,5507.19,ABE73425,KPSSIKEMQSQ,329,66.0
324,HLA-DRB115:01,5530.29,ABE73425,ISAFTKPSSIK,324,67.0
18,HLA-DRB115:01,5786.69,ABE73425,SFYMPLLVSSD,18,68.0
314,HLA-DRB115:01,6016.75,ABE73425,NKNLPKFIEQI,314,69.0
229,HLA-DRB115:01,6227.52,ABE73425,LKKPRWKRVPT,229,70.0
55,HLA-DRB115:01,6272.32,ABE73425,NVQERWRMRRG,55,71.0
243,HLA-DRB115:01,6412.86,ABE73425,NVIQCFGPRDF,243,72.0
91,HLA-DRB115:01,6571.41,ABE73425,QRSDGVVWVAK,91,73.0
228,HLA-DRB115:01,6579.06,ABE73425,QLKKPRWKRVP,228,74.0
242,HLA-DRB115:01,7114.87,ABE73425,ENVIQCFGPRD,242,75.0
130,HLA-DRB115:01,7130.73,ABE73425,PPELSVVEFED,130,76.0
25,HLA-DRB115:01,7229.05,ABE73425,VSSDKAPYRVI,25,77.0
320,HLA-DRB115:01,7429.86,ABE73425,FIEQISAFTKP,320,78.0
306,HLA-DRB115:01,7597.7,ABE73425,YKMLVAKDNKN,306,79.0
83,HLA-DRB115:01,7851.14,ABE73425,PHKDLKFRQRS,83,80.0
73,HLA-DRB115:01,7859.76,ABE73425,KVHFYYLGTGP,73,81.0
46,HLA-DRB115:01,7860.71,ABE73425,NKDEQIGYWNV,46,82.0
124,HLA-DRB115:01,7996.61,ABE73425,KFSIALPPELS,124,83.0
123,HLA-DRB115:01,8033.75,ABE73425,PKFSIALPPEL,123,84.0
179,HLA-DRB115:01,8393.96,ABE73425,SSSDLVAAVTL,179,85.0
325,HLA-DRB115:01,8409.51,ABE73425,SAFTKPSSIKE,325,86.0
279,HLA-DRB115:01,8422.84,ABE73425,IPNQAALFFDS,279,87.0
118,HLA-DRB115:01,8461.73,ABE73425,QKPLEPKFSIA,118,88.0
10,HLA-DRB115:01,8523.31,ABE73425,ARKKFPPPSFY,10,89.0
33,HLA-DRB115:01,8675.68,ABE73425,RVIPRNLVPIG,33,90.0
60,HLA-DRB115:01,8754.08,ABE73425,WRMRRGQRVDL,60,91.0
4,HLA-DRB115:01,8780.24,ABE73425,WADDRAARKKF,4,92.0
21,HLA-DRB115:01,8881.55,ABE73425,MPLLVSSDKAP,21,93.0
294,HLA-DRB115:01,8919.41,ABE73425,DEVGDNVQITY,294,94.0
103,HLA-DRB115:01,9124.13,ABE73425,GAKTVNTSLGN,103,95.0
107,HLA-DRB115:01,9258.94,ABE73425,VNTSLGNRKRN,107,96.0
86,HLA-DRB115:01,9277.64,ABE73425,DLKFRQRSDGV,86,97.0
321,HLA-DRB115:01,9325.84,ABE73425,IEQISAFTKPS,321,98.0
276,HLA-DRB115:01,9389.58,ABE73425,AELIPNQAALF,276,99.0
277,HLA-DRB115:01,9424.08,ABE73425,ELIPNQAALFF,277,100.0
331,HLA-DRB115:01,9568.5,ABE73425,SSIKEMQSQSS,331,101.0
189,HLA-DRB115:01,9603.88,ABE73425,LALKNLGFDNQ,189,102.0
283,HLA-DRB115:01,9662.29,ABE73425,AALFFDSEVST,283,103.0
13,HLA-DRB115:01,9673.82,ABE73425,KFPPPSFYMPL,13,104.0
271,HLA-DRB115:01,9814.66,ABE73425,GFPQLAELIPN,271,105.0
122,HLA-DRB115:01,9973.18,ABE73425,EPKFSIALPPE,122,106.0
84,HLA-DRB115:01,10001.39,ABE73425,HKDLKFRQRSD,84,107.0
224,HLA-DRB115:01,10009.26,ABE73425,DKPSQLKKPRW,224,108.0
262,HLA-DRB115:01,10051.67,ABE73425,LVQNGVDAKGF,262,109.0
147,HLA-DRB115:01,10086.95,ABE73425,RASSRSSTRNN,147,110.0
88,HLA-DRB115:01,10236.11,ABE73425,KFRQRSDGVVW,88,111.0
92,HLA-DRB115:01,10470.12,ABE73425,RSDGVVWVAKE,92,112.0
66,HLA-DRB115:01,10523.13,ABE73425,QRVDLPPKVHF,66,113.0
131,HLA-DRB115:01,10590.35,ABE73425,PELSVVEFEDR,131,114.0
244,HLA-DRB115:01,10643.53,ABE73425,VIQCFGPRDFN,244,115.0
76,HLA-DRB115:01,10661.32,ABE73425,FYYLGTGPHKD,76,116.0
20,HLA-DRB115:01,10767.33,ABE73425,YMPLLVSSDKA,20,117.0
284,HLA-DRB115:01,10791.3,ABE73425,ALFFDSEVSTD,284,118.0
273,HLA-DRB115:01,10950.59,ABE73425,PQLAELIPNQA,273,119.0
328,HLA-DRB115:01,11117.15,ABE73425,TKPSSIKEMQS,328,120.0
97,HLA-DRB115:01,11144.29,ABE73425,VWVAKEGAKTV,97,121.0
146,HLA-DRB115:01,11175.4,ABE73425,SRASSRSSTRN,146,122.0
266,HLA-DRB115:01,11217.38,ABE73425,GVDAKGFPQLA,266,123.0
90,HLA-DRB115:01,11283.54,ABE73425,RQRSDGVVWVA,90,124.0
45,HLA-DRB115:01,11750.98,ABE73425,GNKDEQIGYWN,45,125.0
297,HLA-DRB115:01,11753.4,ABE73425,GDNVQITYTYK,297,126.0
255,HLA-DRB115:01,11996.31,ABE73425,HNMGDSDLVQN,255,127.0
12,HLA-DRB115:01,12014.33,ABE73425,KKFPPPSFYMP,12,128.0
333,HLA-DRB115:01,12035.34,ABE73425,IKEMQSQSSHV,333,129.0
199,HLA-DRB115:01,12203.63,ABE73425,QSKSPSSSGTF,199,130.0
240,HLA-DRB115:01,12207.75,ABE73425,REENVIQCFGP,240,131.0
29,HLA-DRB115:01,12327.1,ABE73425,KAPYRVIPRNL,29,132.0
307,HLA-DRB115:01,12373.41,ABE73425,KMLVAKDNKNL,307,133.0
200,HLA-DRB115:01,12448.6,ABE73425,SKSPSSSGTFT,200,134.0
180,HLA-DRB115:01,12482.29,ABE73425,SSDLVAAVTLA,180,135.0
282,HLA-DRB115:01,12629.33,ABE73425,QAALFFDSEVS,282,136.0
34,HLA-DRB115:01,12637.98,ABE73425,VIPRNLVPIGK,34,137.0
319,HLA-DRB115:01,12778.34,ABE73425,KFIEQISAFTK,319,138.0
39,HLA-DRB115:01,12784.16,ABE73425,LVPIGKGNKDE,39,139.0
129,HLA-DRB115:01,12790.49,ABE73425,LPPELSVVEFE,129,140.0
160,HLA-DRB115:01,12796.35,ABE73425,DSSRSTSRQQS,160,141.0
26,HLA-DRB115:01,12850.01,ABE73425,SSDKAPYRVIP,26,142.0
274,HLA-DRB115:01,12866.7,ABE73425,QLAELIPNQAA,274,143.0
191,HLA-DRB115:01,12907.29,ABE73425,LKNLGFDNQSK,191,144.0
104,HLA-DRB115:01,12912.74,ABE73425,AKTVNTSLGNR,104,145.0
272,HLA-DRB115:01,13223.66,ABE73425,FPQLAELIPNQ,272,146.0
36,HLA-DRB115:01,13388.98,ABE73425,PRNLVPIGKGN,36,147.0
235,HLA-DRB115:01,13476.7,ABE73425,KRVPTREENVI,235,148.0
127,HLA-DRB115:01,13542.7,ABE73425,IALPPELSVVE,127,149.0
109,HLA-DRB115:01,13730.41,ABE73425,TSLGNRKRNQK,109,150.0
96,HLA-DRB115:01,13798.09,ABE73425,VVWVAKEGAKT,96,151.0
128,HLA-DRB115:01,13841.76,ABE73425,ALPPELSVVEF,128,152.0
106,HLA-DRB115:01,13941.72,ABE73425,TVNTSLGNRKR,106,153.0
239,HLA-DRB115:01,14097.2,ABE73425,TREENVIQCFG,239,154.0
78,HLA-DRB115:01,14187.84,ABE73425,YLGTGPHKDLK,78,155.0
265,HLA-DRB115:01,14269.91,ABE73425,NGVDAKGFPQL,265,156.0
24,HLA-DRB115:01,14427.11,ABE73425,LVSSDKAPYRV,24,157.0
0,HLA-DRB115:01,14569.62,ABE73425,ASVNWADDRAA,0,158.0
326,HLA-DRB115:01,14578.52,ABE73425,AFTKPSSIKEM,326,159.0
190,HLA-DRB115:01,14703.56,ABE73425,ALKNLGFDNQS,190,160.0
261,HLA-DRB115:01,14754.74,ABE73425,DLVQNGVDAKG,261,161.0
35,HLA-DRB115:01,14854.57,ABE73425,IPRNLVPIGKG,35,162.0
322,HLA-DRB115:01,14861.81,ABE73425,EQISAFTKPSS,322,163.0
292,HLA-DRB115:01,14862.04,ABE73425,STDEVGDNVQI,292,164.0
159,HLA-DRB115:01,14968.16,ABE73425,RDSSRSTSRQQ,159,165.0
105,HLA-DRB115:01,15095.72,ABE73425,KTVNTSLGNRK,105,166.0
258,HLA-DRB115:01,15322.29,ABE73425,GDSDLVQNGVD,258,167.0
102,HLA-DRB115:01,15343.35,ABE73425,EGAKTVNTSLG,102,168.0
85,HLA-DRB115:01,15344.72,ABE73425,KDLKFRQRSDG,85,169.0
117,HLA-DRB115:01,15519.5,ABE73425,NQKPLEPKFSI,117,170.0
295,HLA-DRB115:01,15529.21,ABE73425,EVGDNVQITYT,295,171.0
197,HLA-DRB115:01,15601.61,ABE73425,DNQSKSPSSSG,197,172.0
65,HLA-DRB115:01,15692.86,ABE73425,GQRVDLPPKVH,65,173.0
40,HLA-DRB115:01,15696.49,ABE73425,VPIGKGNKDEQ,40,174.0
133,HLA-DRB115:01,15744.79,ABE73425,LSVVEFEDRSN,133,175.0
41,HLA-DRB115:01,15771.15,ABE73425,PIGKGNKDEQI,41,176.0
304,HLA-DRB115:01,16048.37,ABE73425,YTYKMLVAKDN,304,177.0
269,HLA-DRB115:01,16113.34,ABE73425,AKGFPQLAELI,269,178.0
74,HLA-DRB115:01,16153.13,ABE73425,VHFYYLGTGPH,74,179.0
132,HLA-DRB115:01,16345.26,ABE73425,ELSVVEFEDRS,132,180.0
28,HLA-DRB115:01,16374.28,ABE73425,DKAPYRVIPRN,28,181.0
79,HLA-DRB115:01,16426.38,ABE73425,LGTGPHKDLKF,79,182.0
169,HLA-DRB115:01,16466.5,ABE73425,QSRTRSDSNQS,169,183.0
77,HLA-DRB115:01,16522.39,ABE73425,YYLGTGPHKDL,77,184.0
259,HLA-DRB115:01,16734.11,ABE73425,DSDLVQNGVDA,259,185.0
270,HLA-DRB115:01,16972.65,ABE73425,KGFPQLAELIP,270,186.0
27,HLA-DRB115:01,17044.79,ABE73425,SDKAPYRVIPR,27,187.0
281,HLA-DRB115:01,17101.88,ABE73425,NQAALFFDSEV,281,188.0
245,HLA-DRB115:01,17231.48,ABE73425,IQCFGPRDFNH,245,189.0
238,HLA-DRB115:01,17285.08,ABE73425,PTREENVIQCF,238,190.0
280,HLA-DRB115:01,17367.68,ABE73425,PNQAALFFDSE,280,191.0
38,HLA-DRB115:01,17552.3,ABE73425,NLVPIGKGNKD,38,192.0
205,HLA-DRB115:01,17672.28,ABE73425,SSGTFTPKKPN,205,193.0
233,HLA-DRB115:01,17924.52,ABE73425,RWKRVPTREEN,233,194.0
178,HLA-DRB115:01,18086.33,ABE73425,QSSSDLVAAVT,178,195.0
108,HLA-DRB115:01,18203.03,ABE73425,NTSLGNRKRNQ,108,196.0
275,HLA-DRB115:01,18267.58,ABE73425,LAELIPNQAAL,275,197.0
285,HLA-DRB115:01,18332.9,ABE73425,LFFDSEVSTDE,285,198.0
44,HLA-DRB115:01,18532.15,ABE73425,KGNKDEQIGYW,44,199.0
81,HLA-DRB115:01,18541.36,ABE73425,TGPHKDLKFRQ,81,200.0
126,HLA-DRB115:01,18757.31,ABE73425,SIALPPELSVV,126,201.0
230,HLA-DRB115:01,18892.56,ABE73425,KKPRWKRVPTR,230,202.0
293,HLA-DRB115:01,18989.29,ABE73425,TDEVGDNVQIT,293,203.0
176,HLA-DRB115:01,18992.58,ABE73425,SNQSSSDLVAA,176,204.0
42,HLA-DRB115:01,19189.18,ABE73425,IGKGNKDEQIG,42,205.0
37,HLA-DRB115:01,19231.22,ABE73425,RNLVPIGKGNK,37,206.0
327,HLA-DRB115:01,19237.84,ABE73425,FTKPSSIKEMQ,327,207.0
170,HLA-DRB115:01,19269.41,ABE73425,SRTRSDSNQSS,170,208.0
221,HLA-DRB115:01,19327.51,ABE73425,PRADKPSQLKK,221,209.0
249,HLA-DRB115:01,19357.04,ABE73425,GPRDFNHNMGD,249,210.0
253,HLA-DRB115:01,19384.92,ABE73425,FNHNMGDSDLV,253,211.0
308,HLA-DRB115:01,19387.01,ABE73425,MLVAKDNKNLP,308,212.0
251,HLA-DRB115:01,19495.5,ABE73425,RDFNHNMGDSD,251,213.0
220,HLA-DRB115:01,19694.28,ABE73425,QPRADKPSQLK,220,214.0
89,HLA-DRB115:01,19935.67,ABE73425,FRQRSDGVVWV,89,215.0
246,HLA-DRB115:01,19945.16,ABE73425,QCFGPRDFNHN,246,216.0
214,HLA-DRB115:01,20095.2,ABE73425,PNKPLSQPRAD,214,217.0
75,HLA-DRB115:01,20229.32,ABE73425,HFYYLGTGPHK,75,218.0
310,HLA-DRB115:01,20251.13,ABE73425,VAKDNKNLPKF,310,219.0
177,HLA-DRB115:01,20479.27,ABE73425,NQSSSDLVAAV,177,220.0
161,HLA-DRB115:01,20750.72,ABE73425,SSRSTSRQQSR,161,221.0
289,HLA-DRB115:01,20983.11,ABE73425,SEVSTDEVGDN,289,222.0
254,HLA-DRB115:01,21027.92,ABE73425,NHNMGDSDLVQ,254,223.0
80,HLA-DRB115:01,21272.27,ABE73425,GTGPHKDLKFR,80,224.0
267,HLA-DRB115:01,21288.6,ABE73425,VDAKGFPQLAE,267,225.0
148,HLA-DRB115:01,21308.49,ABE73425,ASSRSSTRNNS,148,226.0
175,HLA-DRB115:01,21317.06,ABE73425,DSNQSSSDLVA,175,227.0
143,HLA-DRB115:01,21378.32,ABE73425,NNSSRASSRSS,143,228.0
312,HLA-DRB115:01,21413.71,ABE73425,KDNKNLPKFIE,312,229.0
1,HLA-DRB115:01,21636.81,ABE73425,SVNWADDRAAR,1,230.0
291,HLA-DRB115:01,21783.17,ABE73425,VSTDEVGDNVQ,291,231.0
99,HLA-DRB115:01,21824.47,ABE73425,VAKEGAKTVNT,99,232.0
305,HLA-DRB115:01,21883.53,ABE73425,TYKMLVAKDNK,305,233.0
203,HLA-DRB115:01,22193.33,ABE73425,PSSSGTFTPKK,203,234.0
134,HLA-DRB115:01,22203.45,ABE73425,SVVEFEDRSNN,134,235.0
145,HLA-DRB115:01,22328.34,ABE73425,SSRASSRSSTR,145,236.0
231,HLA-DRB115:01,22415.72,ABE73425,KPRWKRVPTRE,231,237.0
311,HLA-DRB115:01,22520.36,ABE73425,AKDNKNLPKFI,311,238.0
236,HLA-DRB115:01,22579.8,ABE73425,RVPTREENVIQ,236,239.0
206,HLA-DRB115:01,22588.4,ABE73425,SGTFTPKKPNK,206,240.0
167,HLA-DRB115:01,22621.64,ABE73425,RQQSRTRSDSN,167,241.0
263,HLA-DRB115:01,22648.36,ABE73425,VQNGVDAKGFP,263,242.0
218,HLA-DRB115:01,22649.64,ABE73425,LSQPRADKPSQ,218,243.0
264,HLA-DRB115:01,22736.31,ABE73425,QNGVDAKGFPQ,264,244.0
158,HLA-DRB115:01,22783.79,ABE73425,SRDSSRSTSRQ,158,245.0
3,HLA-DRB115:01,22918.64,ABE73425,NWADDRAARKK,3,246.0
288,HLA-DRB115:01,23266.7,ABE73425,DSEVSTDEVGD,288,247.0
260,HLA-DRB115:01,23441.6,ABE73425,SDLVQNGVDAK,260,248.0
2,HLA-DRB115:01,23446.03,ABE73425,VNWADDRAARK,2,249.0
116,HLA-DRB115:01,23516.45,ABE73425,RNQKPLEPKFS,116,250.0
309,HLA-DRB115:01,23619.68,ABE73425,LVAKDNKNLPK,309,251.0
313,HLA-DRB115:01,23824.62,ABE73425,DNKNLPKFIEQ,313,252.0
209,HLA-DRB115:01,23917.56,ABE73425,FTPKKPNKPLS,209,253.0
137,HLA-DRB115:01,24346.31,ABE73425,EFEDRSNNSSR,137,254.0
193,HLA-DRB115:01,24387.31,ABE73425,NLGFDNQSKSP,193,255.0
192,HLA-DRB115:01,24412.58,ABE73425,KNLGFDNQSKS,192,256.0
256,HLA-DRB115:01,24415.39,ABE73425,NMGDSDLVQNG,256,257.0
144,HLA-DRB115:01,24703.7,ABE73425,NSSRASSRSST,144,258.0
43,HLA-DRB115:01,24716.64,ABE73425,GKGNKDEQIGY,43,259.0
232,HLA-DRB115:01,24994.26,ABE73425,PRWKRVPTREE,232,260.0
141,HLA-DRB115:01,25285.55,ABE73425,RSNNSSRASSR,141,261.0
9,HLA-DRB115:01,25306.27,ABE73425,AARKKFPPPSF,9,262.0
208,HLA-DRB115:01,25393.91,ABE73425,TFTPKKPNKPL,208,263.0
5,HLA-DRB115:01,25406.77,ABE73425,ADDRAARKKFP,5,264.0
156,HLA-DRB115:01,25500.5,ABE73425,NNSRDSSRSTS,156,265.0
268,HLA-DRB115:01,25755.98,ABE73425,DAKGFPQLAEL,268,266.0
162,HLA-DRB115:01,25841.71,ABE73425,SRSTSRQQSRT,162,267.0
257,HLA-DRB115:01,25981.58,ABE73425,MGDSDLVQNGV,257,268.0
168,HLA-DRB115:01,26101.33,ABE73425,QQSRTRSDSNQ,168,269.0
164,HLA-DRB115:01,26380.91,ABE73425,STSRQQSRTRS,164,270.0
287,HLA-DRB115:01,26586.73,ABE73425,FDSEVSTDEVG,287,271.0
202,HLA-DRB115:01,26631.53,ABE73425,SPSSSGTFTPK,202,272.0
149,HLA-DRB115:01,26665.79,ABE73425,SSRSSTRNNSR,149,273.0
142,HLA-DRB115:01,26673.78,ABE73425,SNNSSRASSRS,142,274.0
195,HLA-DRB115:01,26677.25,ABE73425,GFDNQSKSPSS,195,275.0
111,HLA-DRB115:01,26815.26,ABE73425,LGNRKRNQKPL,111,276.0
201,HLA-DRB115:01,26901.89,ABE73425,KSPSSSGTFTP,201,277.0
223,HLA-DRB115:01,27086.92,ABE73425,ADKPSQLKKPR,223,278.0
110,HLA-DRB115:01,27175.39,ABE73425,SLGNRKRNQKP,110,279.0
157,HLA-DRB115:01,27219.77,ABE73425,NSRDSSRSTSR,157,280.0
211,HLA-DRB115:01,27389.46,ABE73425,PKKPNKPLSQP,211,281.0
216,HLA-DRB115:01,27505.81,ABE73425,KPLSQPRADKP,216,282.0
150,HLA-DRB115:01,27532.8,ABE73425,SRSSTRNNSRD,150,283.0
61,HLA-DRB115:01,27828.26,ABE73425,RMRRGQRVDLP,61,284.0
332,HLA-DRB115:01,28141.8,ABE73425,SIKEMQSQSSH,332,285.0
248,HLA-DRB115:01,28235.54,ABE73425,FGPRDFNHNMG,248,286.0
213,HLA-DRB115:01,28491.14,ABE73425,KPNKPLSQPRA,213,287.0
219,HLA-DRB115:01,28545.66,ABE73425,SQPRADKPSQL,219,288.0
174,HLA-DRB115:01,28648.08,ABE73425,SDSNQSSSDLV,174,289.0
196,HLA-DRB115:01,28728.24,ABE73425,FDNQSKSPSSS,196,290.0
115,HLA-DRB115:01,29095.36,ABE73425,KRNQKPLEPKF,115,291.0
217,HLA-DRB115:01,29115.01,ABE73425,PLSQPRADKPS,217,292.0
198,HLA-DRB115:01,29352.72,ABE73425,NQSKSPSSSGT,198,293.0
153,HLA-DRB115:01,29584.01,ABE73425,STRNNSRDSSR,153,294.0
152,HLA-DRB115:01,29826.32,ABE73425,SSTRNNSRDSS,152,295.0
140,HLA-DRB115:01,30257.72,ABE73425,DRSNNSSRASS,140,296.0
215,HLA-DRB115:01,30353.89,ABE73425,NKPLSQPRADK,215,297.0
155,HLA-DRB115:01,30476.92,ABE73425,RNNSRDSSRST,155,298.0
204,HLA-DRB115:01,30752.71,ABE73425,SSSGTFTPKKP,204,299.0
154,HLA-DRB115:01,30983.02,ABE73425,TRNNSRDSSRS,154,300.0
247,HLA-DRB115:01,31210.95,ABE73425,CFGPRDFNHNM,247,301.0
171,HLA-DRB115:01,31233.78,ABE73425,RTRSDSNQSSS,171,302.0
64,HLA-DRB115:01,31300.25,ABE73425,RGQRVDLPPKV,64,303.0
101,HLA-DRB115:01,31471.03,ABE73425,KEGAKTVNTSL,101,304.0
138,HLA-DRB115:01,31491.63,ABE73425,FEDRSNNSSRA,138,305.0
163,HLA-DRB115:01,31661.3,ABE73425,RSTSRQQSRTR,163,306.0
222,HLA-DRB115:01,31665.84,ABE73425,RADKPSQLKKP,222,307.0
151,HLA-DRB115:01,31772.39,ABE73425,RSSTRNNSRDS,151,308.0
19,HLA-DRB115:01,31781.43,ABE73425,FYMPLLVSSDK,19,309.0
165,HLA-DRB115:01,31811.95,ABE73425,TSRQQSRTRSD,165,310.0
135,HLA-DRB115:01,32194.5,ABE73425,VVEFEDRSNNS,135,311.0
136,HLA-DRB115:01,32423.34,ABE73425,VEFEDRSNNSS,136,312.0
210,HLA-DRB115:01,32427.34,ABE73425,TPKKPNKPLSQ,210,313.0
194,HLA-DRB115:01,32589.67,ABE73425,LGFDNQSKSPS,194,314.0
290,HLA-DRB115:01,32670.58,ABE73425,EVSTDEVGDNV,290,315.0
286,HLA-DRB115:01,32746.93,ABE73425,FFDSEVSTDEV,286,316.0
166,HLA-DRB115:01,32968.18,ABE73425,SRQQSRTRSDS,166,317.0
139,HLA-DRB115:01,33185.77,ABE73425,EDRSNNSSRAS,139,318.0
234,HLA-DRB115:01,33222.54,ABE73425,WKRVPTREENV,234,319.0
100,HLA-DRB115:01,33306.82,ABE73425,AKEGAKTVNTS,100,320.0
172,HLA-DRB115:01,33633.26,ABE73425,TRSDSNQSSSD,172,321.0
212,HLA-DRB115:01,33636.01,ABE73425,KKPNKPLSQPR,212,322.0
207,HLA-DRB115:01,33801.48,ABE73425,GTFTPKKPNKP,207,323.0
252,HLA-DRB115:01,34026.72,ABE73425,DFNHNMGDSDL,252,324.0
6,HLA-DRB115:01,34205.76,ABE73425,DDRAARKKFPP,6,325.0
250,HLA-DRB115:01,34349.04,ABE73425,PRDFNHNMGDS,250,326.0
112,HLA-DRB115:01,35011.71,ABE73425,GNRKRNQKPLE,112,327.0
62,HLA-DRB115:01,35882.46,ABE73425,MRRGQRVDLPP,62,328.0
7,HLA-DRB115:01,36763.67,ABE73425,DRAARKKFPPP,7,329.0
8,HLA-DRB115:01,39624.32,ABE73425,RAARKKFPPPS,8,330.0
63,HLA-DRB115:01,39793.56,ABE73425,RRGQRVDLPPK,63,331.0
173,HLA-DRB115:01,39962.43,ABE73425,RSDSNQSSSDL,173,332.0
114,HLA-DRB115:01,41817.47,ABE73425,RKRNQKPLEPK,114,333.0
113,HLA-DRB115:01,42024.93,ABE73425,NRKRNQKPLEP,113,334.0
300,HLA-DRB103:01,315.58,ABE73425,VQITYTYKMLV,300,1.0
22,HLA-DRB103:01,391.86,ABE73425,PLLVSSDKAPY,22,2.0
328,HLA-DRB103:01,865.03,ABE73425,TKPSSIKEMQS,328,3.0
283,HLA-DRB103:01,880.35,ABE73425,AALFFDSEVST,283,4.0
1,HLA-DRB103:01,1011.36,ABE73425,SVNWADDRAAR,1,5.0
23,HLA-DRB103:01,1026.71,ABE73425,LLVSSDKAPYR,23,6.0
24,HLA-DRB103:01,1450.93,ABE73425,LVSSDKAPYRV,24,7.0
301,HLA-DRB103:01,1481.23,ABE73425,QITYTYKMLVA,301,8.0
255,HLA-DRB103:01,1740.33,ABE73425,HNMGDSDLVQN,255,9.0
88,HLA-DRB103:01,1925.21,ABE73425,KFRQRSDGVVW,88,10.0
2,HLA-DRB103:01,1958.18,ABE73425,VNWADDRAARK,2,11.0
278,HLA-DRB103:01,2062.67,ABE73425,LIPNQAALFFD,278,12.0
0,HLA-DRB103:01,2220.45,ABE73425,ASVNWADDRAA,0,13.0
318,HLA-DRB103:01,2351.44,ABE73425,PKFIEQISAFT,318,14.0
284,HLA-DRB103:01,2388.21,ABE73425,ALFFDSEVSTD,284,15.0
125,HLA-DRB103:01,3123.44,ABE73425,FSIALPPELSV,125,16.0
131,HLA-DRB103:01,3425.26,ABE73425,PELSVVEFEDR,131,17.0
49,HLA-DRB103:01,3524.08,ABE73425,EQIGYWNVQER,49,18.0
240,HLA-DRB103:01,3793.74,ABE73425,REENVIQCFGP,240,19.0
330,HLA-DRB103:01,4198.24,ABE73425,PSSIKEMQSQS,330,20.0
187,HLA-DRB103:01,4215.53,ABE73425,VTLALKNLGFD,187,21.0
254,HLA-DRB103:01,4280.59,ABE73425,NHNMGDSDLVQ,254,22.0
285,HLA-DRB103:01,4358.34,ABE73425,LFFDSEVSTDE,285,23.0
51,HLA-DRB103:01,4737.61,ABE73425,IGYWNVQERWR,51,24.0
130,HLA-DRB103:01,4897.62,ABE73425,PPELSVVEFED,130,25.0
329,HLA-DRB103:01,5171.2,ABE73425,KPSSIKEMQSQ,329,26.0
61,HLA-DRB103:01,5451.03,ABE73425,RMRRGQRVDLP,61,27.0
299,HLA-DRB103:01,5601.36,ABE73425,NVQITYTYKML,299,28.0
90,HLA-DRB103:01,5715.35,ABE73425,RQRSDGVVWVA,90,29.0
262,HLA-DRB103:01,5719.76,ABE73425,LVQNGVDAKGF,262,30.0
316,HLA-DRB103:01,5838.25,ABE73425,NLPKFIEQISA,316,31.0
253,HLA-DRB103:01,6099.2,ABE73425,FNHNMGDSDLV,253,32.0
186,HLA-DRB103:01,6320.18,ABE73425,AVTLALKNLGF,186,33.0
317,HLA-DRB103:01,6342.7,ABE73425,LPKFIEQISAF,317,34.0
237,HLA-DRB103:01,6567.09,ABE73425,VPTREENVIQC,237,35.0
315,HLA-DRB103:01,6651.88,ABE73425,KNLPKFIEQIS,315,36.0
175,HLA-DRB103:01,6743.97,ABE73425,DSNQSSSDLVA,175,37.0
60,HLA-DRB103:01,6759.31,ABE73425,WRMRRGQRVDL,60,38.0
282,HLA-DRB103:01,6931.4,ABE73425,QAALFFDSEVS,282,39.0
21,HLA-DRB103:01,7181.08,ABE73425,MPLLVSSDKAP,21,40.0
87,HLA-DRB103:01,7326.73,ABE73425,LKFRQRSDGVV,87,41.0
57,HLA-DRB103:01,7634.66,ABE73425,QERWRMRRGQR,57,42.0
320,HLA-DRB103:01,7670.12,ABE73425,FIEQISAFTKP,320,43.0
303,HLA-DRB103:01,7778.72,ABE73425,TYTYKMLVAKD,303,44.0
331,HLA-DRB103:01,8444.08,ABE73425,SSIKEMQSQSS,331,45.0
176,HLA-DRB103:01,8481.84,ABE73425,SNQSSSDLVAA,176,46.0
53,HLA-DRB103:01,8566.01,ABE73425,YWNVQERWRMR,53,47.0
324,HLA-DRB103:01,8661.55,ABE73425,ISAFTKPSSIK,324,48.0
191,HLA-DRB103:01,8947.46,ABE73425,LKNLGFDNQSK,191,49.0
62,HLA-DRB103:01,9062.64,ABE73425,MRRGQRVDLPP,62,50.0
319,HLA-DRB103:01,9254.89,ABE73425,KFIEQISAFTK,319,51.0
18,HLA-DRB103:01,9527.02,ABE73425,SFYMPLLVSSD,18,52.0
184,HLA-DRB103:01,9987.77,ABE73425,VAAVTLALKNL,184,53.0
31,HLA-DRB103:01,10104.18,ABE73425,PYRVIPRNLVP,31,54.0
84,HLA-DRB103:01,10170.05,ABE73425,HKDLKFRQRSD,84,55.0
32,HLA-DRB103:01,10170.61,ABE73425,YRVIPRNLVPI,32,56.0
124,HLA-DRB103:01,10293.14,ABE73425,KFSIALPPELS,124,57.0
288,HLA-DRB103:01,10380.55,ABE73425,DSEVSTDEVGD,288,58.0
233,HLA-DRB103:01,10409.74,ABE73425,RWKRVPTREEN,233,59.0
120,HLA-DRB103:01,10473.72,ABE73425,PLEPKFSIALP,120,60.0
121,HLA-DRB103:01,10526.71,ABE73425,LEPKFSIALPP,121,61.0
54,HLA-DRB103:01,10733.08,ABE73425,WNVQERWRMRR,54,62.0
333,HLA-DRB103:01,10733.81,ABE73425,IKEMQSQSSHV,333,63.0
277,HLA-DRB103:01,10842.91,ABE73425,ELIPNQAALFF,277,64.0
16,HLA-DRB103:01,10941.78,ABE73425,PPSFYMPLLVS,16,65.0
133,HLA-DRB103:01,10952.17,ABE73425,LSVVEFEDRSN,133,66.0
30,HLA-DRB103:01,10957.07,ABE73425,APYRVIPRNLV,30,67.0
281,HLA-DRB103:01,11230.5,ABE73425,NQAALFFDSEV,281,68.0
307,HLA-DRB103:01,11258.43,ABE73425,KMLVAKDNKNL,307,69.0
287,HLA-DRB103:01,11476.68,ABE73425,FDSEVSTDEVG,287,70.0
59,HLA-DRB103:01,11566.59,ABE73425,RWRMRRGQRVD,59,71.0
286,HLA-DRB103:01,11570.65,ABE73425,FFDSEVSTDEV,286,72.0
292,HLA-DRB103:01,11605.43,ABE73425,STDEVGDNVQI,292,73.0
263,HLA-DRB103:01,11614.12,ABE73425,VQNGVDAKGFP,263,74.0
222,HLA-DRB103:01,11643.72,ABE73425,RADKPSQLKKP,222,75.0
327,HLA-DRB103:01,11802.0,ABE73425,FTKPSSIKEMQ,327,76.0
256,HLA-DRB103:01,11844.83,ABE73425,NMGDSDLVQNG,256,77.0
82,HLA-DRB103:01,12011.67,ABE73425,GPHKDLKFRQR,82,78.0
181,HLA-DRB103:01,12011.92,ABE73425,SDLVAAVTLAL,181,79.0
107,HLA-DRB103:01,12023.89,ABE73425,VNTSLGNRKRN,107,80.0
12,HLA-DRB103:01,12271.11,ABE73425,KKFPPPSFYMP,12,81.0
64,HLA-DRB103:01,12336.79,ABE73425,RGQRVDLPPKV,64,82.0
91,HLA-DRB103:01,12420.74,ABE73425,QRSDGVVWVAK,91,83.0
325,HLA-DRB103:01,12525.42,ABE73425,SAFTKPSSIKE,325,84.0
293,HLA-DRB103:01,12642.42,ABE73425,TDEVGDNVQIT,293,85.0
190,HLA-DRB103:01,13041.16,ABE73425,ALKNLGFDNQS,190,86.0
20,HLA-DRB103:01,13073.07,ABE73425,YMPLLVSSDKA,20,87.0
52,HLA-DRB103:01,13129.74,ABE73425,GYWNVQERWRM,52,88.0
25,HLA-DRB103:01,13295.24,ABE73425,VSSDKAPYRVI,25,89.0
257,HLA-DRB103:01,13491.79,ABE73425,MGDSDLVQNGV,257,90.0
147,HLA-DRB103:01,13601.22,ABE73425,RASSRSSTRNN,147,91.0
33,HLA-DRB103:01,13732.07,ABE73425,RVIPRNLVPIG,33,92.0
85,HLA-DRB103:01,13939.54,ABE73425,KDLKFRQRSDG,85,93.0
308,HLA-DRB103:01,13986.68,ABE73425,MLVAKDNKNLP,308,94.0
73,HLA-DRB103:01,14047.4,ABE73425,KVHFYYLGTGP,73,95.0
179,HLA-DRB103:01,14089.51,ABE73425,SSSDLVAAVTL,179,96.0
236,HLA-DRB103:01,14159.97,ABE73425,RVPTREENVIQ,236,97.0
279,HLA-DRB103:01,14470.46,ABE73425,IPNQAALFFDS,279,98.0
177,HLA-DRB103:01,14565.82,ABE73425,NQSSSDLVAAV,177,99.0
134,HLA-DRB103:01,14597.51,ABE73425,SVVEFEDRSNN,134,100.0
185,HLA-DRB103:01,14625.59,ABE73425,AAVTLALKNLG,185,101.0
294,HLA-DRB103:01,14811.07,ABE73425,DEVGDNVQITY,294,102.0
118,HLA-DRB103:01,14958.29,ABE73425,QKPLEPKFSIA,118,103.0
332,HLA-DRB103:01,15214.5,ABE73425,SIKEMQSQSSH,332,104.0
314,HLA-DRB103:01,15223.31,ABE73425,NKNLPKFIEQI,314,105.0
89,HLA-DRB103:01,15323.25,ABE73425,FRQRSDGVVWV,89,106.0
92,HLA-DRB103:01,15622.71,ABE73425,RSDGVVWVAKE,92,107.0
17,HLA-DRB103:01,15677.79,ABE73425,PSFYMPLLVSS,17,108.0
326,HLA-DRB103:01,15689.92,ABE73425,AFTKPSSIKEM,326,109.0
302,HLA-DRB103:01,15745.54,ABE73425,ITYTYKMLVAK,302,110.0
321,HLA-DRB103:01,15746.49,ABE73425,IEQISAFTKPS,321,111.0
174,HLA-DRB103:01,16263.24,ABE73425,SDSNQSSSDLV,174,112.0
83,HLA-DRB103:01,16267.43,ABE73425,PHKDLKFRQRS,83,113.0
86,HLA-DRB103:01,16289.83,ABE73425,DLKFRQRSDGV,86,114.0
312,HLA-DRB103:01,16440.07,ABE73425,KDNKNLPKFIE,312,115.0
48,HLA-DRB103:01,16616.7,ABE73425,DEQIGYWNVQE,48,116.0
238,HLA-DRB103:01,16799.44,ABE73425,PTREENVIQCF,238,117.0
289,HLA-DRB103:01,16815.37,ABE73425,SEVSTDEVGDN,289,118.0
160,HLA-DRB103:01,16867.24,ABE73425,DSSRSTSRQQS,160,119.0
50,HLA-DRB103:01,16910.07,ABE73425,QIGYWNVQERW,50,120.0
171,HLA-DRB103:01,17038.87,ABE73425,RTRSDSNQSSS,171,121.0
230,HLA-DRB103:01,17213.59,ABE73425,KKPRWKRVPTR,230,122.0
71,HLA-DRB103:01,17218.28,ABE73425,PPKVHFYYLGT,71,123.0
132,HLA-DRB103:01,17346.31,ABE73425,ELSVVEFEDRS,132,124.0
261,HLA-DRB103:01,17558.92,ABE73425,DLVQNGVDAKG,261,125.0
251,HLA-DRB103:01,17594.08,ABE73425,RDFNHNMGDSD,251,126.0
35,HLA-DRB103:01,17650.6,ABE73425,IPRNLVPIGKG,35,127.0
249,HLA-DRB103:01,17663.72,ABE73425,GPRDFNHNMGD,249,128.0
3,HLA-DRB103:01,17771.32,ABE73425,NWADDRAARKK,3,129.0
58,HLA-DRB103:01,17885.93,ABE73425,ERWRMRRGQRV,58,130.0
103,HLA-DRB103:01,17899.04,ABE73425,GAKTVNTSLGN,103,131.0
106,HLA-DRB103:01,17933.69,ABE73425,TVNTSLGNRKR,106,132.0
258,HLA-DRB103:01,17962.47,ABE73425,GDSDLVQNGVD,258,133.0
104,HLA-DRB103:01,18070.85,ABE73425,AKTVNTSLGNR,104,134.0
119,HLA-DRB103:01,18296.44,ABE73425,KPLEPKFSIAL,119,135.0
153,HLA-DRB103:01,18434.21,ABE73425,STRNNSRDSSR,153,136.0
182,HLA-DRB103:01,18570.62,ABE73425,DLVAAVTLALK,182,137.0
93,HLA-DRB103:01,18647.68,ABE73425,SDGVVWVAKEG,93,138.0
135,HLA-DRB103:01,18740.16,ABE73425,VVEFEDRSNNS,135,139.0
226,HLA-DRB103:01,18780.05,ABE73425,PSQLKKPRWKR,226,140.0
306,HLA-DRB103:01,18787.26,ABE73425,YKMLVAKDNKN,306,141.0
276,HLA-DRB103:01,18801.5,ABE73425,AELIPNQAALF,276,142.0
193,HLA-DRB103:01,18803.99,ABE73425,NLGFDNQSKSP,193,143.0
323,HLA-DRB103:01,19139.24,ABE73425,QISAFTKPSSI,323,144.0
123,HLA-DRB103:01,19497.48,ABE73425,PKFSIALPPEL,123,145.0
161,HLA-DRB103:01,19529.43,ABE73425,SSRSTSRQQSR,161,146.0
265,HLA-DRB103:01,19607.35,ABE73425,NGVDAKGFPQL,265,147.0
170,HLA-DRB103:01,19609.55,ABE73425,SRTRSDSNQSS,170,148.0
290,HLA-DRB103:01,19612.05,ABE73425,EVSTDEVGDNV,290,149.0
167,HLA-DRB103:01,19637.54,ABE73425,RQQSRTRSDSN,167,150.0
291,HLA-DRB103:01,19732.14,ABE73425,VSTDEVGDNVQ,291,151.0
129,HLA-DRB103:01,19774.5,ABE73425,LPPELSVVEFE,129,152.0
122,HLA-DRB103:01,19782.15,ABE73425,EPKFSIALPPE,122,153.0
81,HLA-DRB103:01,19887.9,ABE73425,TGPHKDLKFRQ,81,154.0
194,HLA-DRB103:01,19935.75,ABE73425,LGFDNQSKSPS,194,155.0
42,HLA-DRB103:01,19981.05,ABE73425,IGKGNKDEQIG,42,156.0
126,HLA-DRB103:01,20020.95,ABE73425,SIALPPELSVV,126,157.0
76,HLA-DRB103:01,20165.9,ABE73425,FYYLGTGPHKD,76,158.0
94,HLA-DRB103:01,20169.83,ABE73425,DGVVWVAKEGA,94,159.0
43,HLA-DRB103:01,20256.25,ABE73425,GKGNKDEQIGY,43,160.0
4,HLA-DRB103:01,20256.78,ABE73425,WADDRAARKKF,4,161.0
295,HLA-DRB103:01,20362.65,ABE73425,EVGDNVQITYT,295,162.0
201,HLA-DRB103:01,20515.73,ABE73425,KSPSSSGTFTP,201,163.0
192,HLA-DRB103:01,20632.81,ABE73425,KNLGFDNQSKS,192,164.0
169,HLA-DRB103:01,20663.88,ABE73425,QSRTRSDSNQS,169,165.0
36,HLA-DRB103:01,20745.08,ABE73425,PRNLVPIGKGN,36,166.0
241,HLA-DRB103:01,20945.13,ABE73425,EENVIQCFGPR,241,167.0
79,HLA-DRB103:01,20999.07,ABE73425,LGTGPHKDLKF,79,168.0
269,HLA-DRB103:01,21020.86,ABE73425,AKGFPQLAELI,269,169.0
136,HLA-DRB103:01,21093.68,ABE73425,VEFEDRSNNSS,136,170.0
211,HLA-DRB103:01,21188.1,ABE73425,PKKPNKPLSQP,211,171.0
65,HLA-DRB103:01,21206.9,ABE73425,GQRVDLPPKVH,65,172.0
228,HLA-DRB103:01,21232.07,ABE73425,QLKKPRWKRVP,228,173.0
296,HLA-DRB103:01,21417.85,ABE73425,VGDNVQITYTY,296,174.0
274,HLA-DRB103:01,21449.11,ABE73425,QLAELIPNQAA,274,175.0
232,HLA-DRB103:01,21490.02,ABE73425,PRWKRVPTREE,232,176.0
66,HLA-DRB103:01,21534.79,ABE73425,QRVDLPPKVHF,66,177.0
97,HLA-DRB103:01,21679.24,ABE73425,VWVAKEGAKTV,97,178.0
280,HLA-DRB103:01,21828.04,ABE73425,PNQAALFFDSE,280,179.0
273,HLA-DRB103:01,22229.4,ABE73425,PQLAELIPNQA,273,180.0
221,HLA-DRB103:01,22236.88,ABE73425,PRADKPSQLKK,221,181.0
242,HLA-DRB103:01,22250.91,ABE73425,ENVIQCFGPRD,242,182.0
309,HLA-DRB103:01,22253.95,ABE73425,LVAKDNKNLPK,309,183.0
26,HLA-DRB103:01,22255.13,ABE73425,SSDKAPYRVIP,26,184.0
322,HLA-DRB103:01,22329.36,ABE73425,EQISAFTKPSS,322,185.0
11,HLA-DRB103:01,22456.4,ABE73425,RKKFPPPSFYM,11,186.0
128,HLA-DRB103:01,22472.31,ABE73425,ALPPELSVVEF,128,187.0
102,HLA-DRB103:01,22474.06,ABE73425,EGAKTVNTSLG,102,188.0
183,HLA-DRB103:01,22636.08,ABE73425,LVAAVTLALKN,183,189.0
235,HLA-DRB103:01,22710.0,ABE73425,KRVPTREENVI,235,190.0
264,HLA-DRB103:01,22781.75,ABE73425,QNGVDAKGFPQ,264,191.0
75,HLA-DRB103:01,22926.75,ABE73425,HFYYLGTGPHK,75,192.0
244,HLA-DRB103:01,22976.31,ABE73425,VIQCFGPRDFN,244,193.0
146,HLA-DRB103:01,22981.69,ABE73425,SRASSRSSTRN,146,194.0
34,HLA-DRB103:01,23086.37,ABE73425,VIPRNLVPIGK,34,195.0
188,HLA-DRB103:01,23127.11,ABE73425,TLALKNLGFDN,188,196.0
5,HLA-DRB103:01,23137.21,ABE73425,ADDRAARKKFP,5,197.0
96,HLA-DRB103:01,23152.28,ABE73425,VVWVAKEGAKT,96,198.0
10,HLA-DRB103:01,23156.05,ABE73425,ARKKFPPPSFY,10,199.0
98,HLA-DRB103:01,23191.35,ABE73425,WVAKEGAKTVN,98,200.0
137,HLA-DRB103:01,23217.55,ABE73425,EFEDRSNNSSR,137,201.0
56,HLA-DRB103:01,23284.82,ABE73425,VQERWRMRRGQ,56,202.0
159,HLA-DRB103:01,23311.89,ABE73425,RDSSRSTSRQQ,159,203.0
231,HLA-DRB103:01,23317.04,ABE73425,KPRWKRVPTRE,231,204.0
154,HLA-DRB103:01,23342.54,ABE73425,TRNNSRDSSRS,154,205.0
275,HLA-DRB103:01,23372.62,ABE73425,LAELIPNQAAL,275,206.0
80,HLA-DRB103:01,23410.4,ABE73425,GTGPHKDLKFR,80,207.0
216,HLA-DRB103:01,23538.23,ABE73425,KPLSQPRADKP,216,208.0
298,HLA-DRB103:01,23616.69,ABE73425,DNVQITYTYKM,298,209.0
178,HLA-DRB103:01,23691.83,ABE73425,QSSSDLVAAVT,178,210.0
28,HLA-DRB103:01,23702.4,ABE73425,DKAPYRVIPRN,28,211.0
220,HLA-DRB103:01,23829.6,ABE73425,QPRADKPSQLK,220,212.0
55,HLA-DRB103:01,23888.51,ABE73425,NVQERWRMRRG,55,213.0
77,HLA-DRB103:01,24215.14,ABE73425,YYLGTGPHKDL,77,214.0
127,HLA-DRB103:01,24447.77,ABE73425,IALPPELSVVE,127,215.0
252,HLA-DRB103:01,24512.87,ABE73425,DFNHNMGDSDL,252,216.0
145,HLA-DRB103:01,24590.34,ABE73425,SSRASSRSSTR,145,217.0
234,HLA-DRB103:01,24594.67,ABE73425,WKRVPTREENV,234,218.0
41,HLA-DRB103:01,24676.12,ABE73425,PIGKGNKDEQI,41,219.0
189,HLA-DRB103:01,24765.02,ABE73425,LALKNLGFDNQ,189,220.0
67,HLA-DRB103:01,24827.44,ABE73425,RVDLPPKVHFY,67,221.0
266,HLA-DRB103:01,24929.79,ABE73425,GVDAKGFPQLA,266,222.0
305,HLA-DRB103:01,25100.62,ABE73425,TYKMLVAKDNK,305,223.0
250,HLA-DRB103:01,25159.26,ABE73425,PRDFNHNMGDS,250,224.0
47,HLA-DRB103:01,25212.13,ABE73425,KDEQIGYWNVQ,47,225.0
68,HLA-DRB103:01,25243.48,ABE73425,VDLPPKVHFYY,68,226.0
195,HLA-DRB103:01,25381.91,ABE73425,GFDNQSKSPSS,195,227.0
27,HLA-DRB103:01,25409.58,ABE73425,SDKAPYRVIPR,27,228.0
225,HLA-DRB103:01,25447.0,ABE73425,KPSQLKKPRWK,225,229.0
239,HLA-DRB103:01,25501.24,ABE73425,TREENVIQCFG,239,230.0
270,HLA-DRB103:01,25523.44,ABE73425,KGFPQLAELIP,270,231.0
224,HLA-DRB103:01,25718.42,ABE73425,DKPSQLKKPRW,224,232.0
304,HLA-DRB103:01,25999.77,ABE73425,YTYKMLVAKDN,304,233.0
157,HLA-DRB103:01,26215.9,ABE73425,NSRDSSRSTSR,157,234.0
243,HLA-DRB103:01,26239.69,ABE73425,NVIQCFGPRDF,243,235.0
227,HLA-DRB103:01,26322.52,ABE73425,SQLKKPRWKRV,227,236.0
313,HLA-DRB103:01,26444.08,ABE73425,DNKNLPKFIEQ,313,237.0
155,HLA-DRB103:01,26480.28,ABE73425,RNNSRDSSRST,155,238.0
223,HLA-DRB103:01,26488.02,ABE73425,ADKPSQLKKPR,223,239.0
219,HLA-DRB103:01,26548.19,ABE73425,SQPRADKPSQL,219,240.0
95,HLA-DRB103:01,26627.9,ABE73425,GVVWVAKEGAK,95,241.0
217,HLA-DRB103:01,26778.77,ABE73425,PLSQPRADKPS,217,242.0
6,HLA-DRB103:01,26826.39,ABE73425,DDRAARKKFPP,6,243.0
15,HLA-DRB103:01,26840.59,ABE73425,PPPSFYMPLLV,15,244.0
109,HLA-DRB103:01,26881.69,ABE73425,TSLGNRKRNQK,109,245.0
111,HLA-DRB103:01,26966.22,ABE73425,LGNRKRNQKPL,111,246.0
271,HLA-DRB103:01,27013.18,ABE73425,GFPQLAELIPN,271,247.0
19,HLA-DRB103:01,27092.87,ABE73425,FYMPLLVSSDK,19,248.0
165,HLA-DRB103:01,27107.85,ABE73425,TSRQQSRTRSD,165,249.0
310,HLA-DRB103:01,27118.67,ABE73425,VAKDNKNLPKF,310,250.0
200,HLA-DRB103:01,27134.07,ABE73425,SKSPSSSGTFT,200,251.0
117,HLA-DRB103:01,27205.99,ABE73425,NQKPLEPKFSI,117,252.0
208,HLA-DRB103:01,27408.63,ABE73425,TFTPKKPNKPL,208,253.0
268,HLA-DRB103:01,27438.93,ABE73425,DAKGFPQLAEL,268,254.0
156,HLA-DRB103:01,27452.58,ABE73425,NNSRDSSRSTS,156,255.0
196,HLA-DRB103:01,27622.57,ABE73425,FDNQSKSPSSS,196,256.0
152,HLA-DRB103:01,27669.11,ABE73425,SSTRNNSRDSS,152,257.0
141,HLA-DRB103:01,27682.91,ABE73425,RSNNSSRASSR,141,258.0
163,HLA-DRB103:01,27692.12,ABE73425,RSTSRQQSRTR,163,259.0
29,HLA-DRB103:01,27700.7,ABE73425,KAPYRVIPRNL,29,260.0
259,HLA-DRB103:01,27716.73,ABE73425,DSDLVQNGVDA,259,261.0
39,HLA-DRB103:01,27721.67,ABE73425,LVPIGKGNKDE,39,262.0
162,HLA-DRB103:01,27737.23,ABE73425,SRSTSRQQSRT,162,263.0
180,HLA-DRB103:01,27794.54,ABE73425,SSDLVAAVTLA,180,264.0
105,HLA-DRB103:01,27982.04,ABE73425,KTVNTSLGNRK,105,265.0
63,HLA-DRB103:01,27997.0,ABE73425,RRGQRVDLPPK,63,266.0
245,HLA-DRB103:01,28018.33,ABE73425,IQCFGPRDFNH,245,267.0
246,HLA-DRB103:01,28195.46,ABE73425,QCFGPRDFNHN,246,268.0
172,HLA-DRB103:01,28212.15,ABE73425,TRSDSNQSSSD,172,269.0
108,HLA-DRB103:01,28471.62,ABE73425,NTSLGNRKRNQ,108,270.0
214,HLA-DRB103:01,28575.6,ABE73425,PNKPLSQPRAD,214,271.0
72,HLA-DRB103:01,28882.55,ABE73425,PKVHFYYLGTG,72,272.0
112,HLA-DRB103:01,29055.21,ABE73425,GNRKRNQKPLE,112,273.0
7,HLA-DRB103:01,29080.33,ABE73425,DRAARKKFPPP,7,274.0
209,HLA-DRB103:01,29231.7,ABE73425,FTPKKPNKPLS,209,275.0
158,HLA-DRB103:01,29268.43,ABE73425,SRDSSRSTSRQ,158,276.0
69,HLA-DRB103:01,29303.83,ABE73425,DLPPKVHFYYL,69,277.0
116,HLA-DRB103:01,29431.63,ABE73425,RNQKPLEPKFS,116,278.0
143,HLA-DRB103:01,29521.79,ABE73425,NNSSRASSRSS,143,279.0
148,HLA-DRB103:01,29587.61,ABE73425,ASSRSSTRNNS,148,280.0
218,HLA-DRB103:01,29712.33,ABE73425,LSQPRADKPSQ,218,281.0
113,HLA-DRB103:01,29864.77,ABE73425,NRKRNQKPLEP,113,282.0
99,HLA-DRB103:01,30125.29,ABE73425,VAKEGAKTVNT,99,283.0
78,HLA-DRB103:01,30207.48,ABE73425,YLGTGPHKDLK,78,284.0
204,HLA-DRB103:01,30281.22,ABE73425,SSSGTFTPKKP,204,285.0
229,HLA-DRB103:01,30541.26,ABE73425,LKKPRWKRVPT,229,286.0
205,HLA-DRB103:01,30678.86,ABE73425,SSGTFTPKKPN,205,287.0
142,HLA-DRB103:01,30888.27,ABE73425,SNNSSRASSRS,142,288.0
311,HLA-DRB103:01,30904.22,ABE73425,AKDNKNLPKFI,311,289.0
140,HLA-DRB103:01,31084.67,ABE73425,DRSNNSSRASS,140,290.0
168,HLA-DRB103:01,31128.02,ABE73425,QQSRTRSDSNQ,168,291.0
9,HLA-DRB103:01,31137.06,ABE73425,AARKKFPPPSF,9,292.0
144,HLA-DRB103:01,31142.87,ABE73425,NSSRASSRSST,144,293.0
38,HLA-DRB103:01,31375.5,ABE73425,NLVPIGKGNKD,38,294.0
173,HLA-DRB103:01,31376.52,ABE73425,RSDSNQSSSDL,173,295.0
44,HLA-DRB103:01,31404.44,ABE73425,KGNKDEQIGYW,44,296.0
110,HLA-DRB103:01,31453.94,ABE73425,SLGNRKRNQKP,110,297.0
267,HLA-DRB103:01,31504.47,ABE73425,VDAKGFPQLAE,267,298.0
138,HLA-DRB103:01,31634.26,ABE73425,FEDRSNNSSRA,138,299.0
212,HLA-DRB103:01,31798.29,ABE73425,KKPNKPLSQPR,212,300.0
213,HLA-DRB103:01,31894.31,ABE73425,KPNKPLSQPRA,213,301.0
13,HLA-DRB103:01,32016.32,ABE73425,KFPPPSFYMPL,13,302.0
199,HLA-DRB103:01,32414.62,ABE73425,QSKSPSSSGTF,199,303.0
207,HLA-DRB103:01,32422.52,ABE73425,GTFTPKKPNKP,207,304.0
166,HLA-DRB103:01,32449.72,ABE73425,SRQQSRTRSDS,166,305.0
150,HLA-DRB103:01,32452.55,ABE73425,SRSSTRNNSRD,150,306.0
149,HLA-DRB103:01,32523.26,ABE73425,SSRSSTRNNSR,149,307.0
197,HLA-DRB103:01,32809.9,ABE73425,DNQSKSPSSSG,197,308.0
45,HLA-DRB103:01,32852.51,ABE73425,GNKDEQIGYWN,45,309.0
164,HLA-DRB103:01,32864.94,ABE73425,STSRQQSRTRS,164,310.0
247,HLA-DRB103:01,33086.48,ABE73425,CFGPRDFNHNM,247,311.0
272,HLA-DRB103:01,33113.2,ABE73425,FPQLAELIPNQ,272,312.0
8,HLA-DRB103:01,33116.13,ABE73425,RAARKKFPPPS,8,313.0
248,HLA-DRB103:01,33220.05,ABE73425,FGPRDFNHNMG,248,314.0
100,HLA-DRB103:01,33244.5,ABE73425,AKEGAKTVNTS,100,315.0
115,HLA-DRB103:01,33452.37,ABE73425,KRNQKPLEPKF,115,316.0
260,HLA-DRB103:01,34444.95,ABE73425,SDLVQNGVDAK,260,317.0
151,HLA-DRB103:01,34581.29,ABE73425,RSSTRNNSRDS,151,318.0
70,HLA-DRB103:01,34615.37,ABE73425,LPPKVHFYYLG,70,319.0
46,HLA-DRB103:01,34976.75,ABE73425,NKDEQIGYWNV,46,320.0
40,HLA-DRB103:01,35081.22,ABE73425,VPIGKGNKDEQ,40,321.0
101,HLA-DRB103:01,35118.05,ABE73425,KEGAKTVNTSL,101,322.0
14,HLA-DRB103:01,35141.61,ABE73425,FPPPSFYMPLL,14,323.0
74,HLA-DRB103:01,36432.2,ABE73425,VHFYYLGTGPH,74,324.0
210,HLA-DRB103:01,36622.54,ABE73425,TPKKPNKPLSQ,210,325.0
139,HLA-DRB103:01,36640.27,ABE73425,EDRSNNSSRAS,139,326.0
198,HLA-DRB103:01,36642.31,ABE73425,NQSKSPSSSGT,198,327.0
203,HLA-DRB103:01,36691.33,ABE73425,PSSSGTFTPKK,203,328.0
206,HLA-DRB103:01,36801.27,ABE73425,SGTFTPKKPNK,206,329.0
37,HLA-DRB103:01,36984.14,ABE73425,RNLVPIGKGNK,37,330.0
297,HLA-DRB103:01,37786.14,ABE73425,GDNVQITYTYK,297,331.0
215,HLA-DRB103:01,37851.05,ABE73425,NKPLSQPRADK,215,332.0
114,HLA-DRB103:01,38023.51,ABE73425,RKRNQKPLEPK,114,333.0
202,HLA-DRB103:01,39823.02,ABE73425,SPSSSGTFTPK,202,334.0
76,HLA-DRB104:01,284.23,ABE73425,FYYLGTGPHKD,76,1.0
318,HLA-DRB104:01,304.77,ABE73425,PKFIEQISAFT,318,2.0
124,HLA-DRB104:01,328.4,ABE73425,KFSIALPPELS,124,3.0
60,HLA-DRB104:01,395.12,ABE73425,WRMRRGQRVDL,60,4.0
122,HLA-DRB104:01,448.68,ABE73425,EPKFSIALPPE,122,5.0
17,HLA-DRB104:01,451.13,ABE73425,PSFYMPLLVSS,17,6.0
77,HLA-DRB104:01,455.59,ABE73425,YYLGTGPHKDL,77,7.0
319,HLA-DRB104:01,490.41,ABE73425,KFIEQISAFTK,319,8.0
75,HLA-DRB104:01,507.74,ABE73425,HFYYLGTGPHK,75,9.0
182,HLA-DRB104:01,575.09,ABE73425,DLVAAVTLALK,182,10.0
186,HLA-DRB104:01,577.25,ABE73425,AVTLALKNLGF,186,11.0
284,HLA-DRB104:01,628.1,ABE73425,ALFFDSEVSTD,284,12.0
16,HLA-DRB104:01,636.96,ABE73425,PPSFYMPLLVS,16,13.0
125,HLA-DRB104:01,672.57,ABE73425,FSIALPPELSV,125,14.0
333,HLA-DRB104:01,706.71,ABE73425,IKEMQSQSSHV,333,15.0
181,HLA-DRB104:01,816.12,ABE73425,SDLVAAVTLAL,181,16.0
123,HLA-DRB104:01,833.48,ABE73425,PKFSIALPPEL,123,17.0
95,HLA-DRB104:01,863.74,ABE73425,GVVWVAKEGAK,95,18.0
20,HLA-DRB104:01,898.89,ABE73425,YMPLLVSSDKA,20,19.0
285,HLA-DRB104:01,978.77,ABE73425,LFFDSEVSTDE,285,20.0
183,HLA-DRB104:01,1048.59,ABE73425,LVAAVTLALKN,183,21.0
283,HLA-DRB104:01,1106.78,ABE73425,AALFFDSEVST,283,22.0
53,HLA-DRB104:01,1108.82,ABE73425,YWNVQERWRMR,53,23.0
187,HLA-DRB104:01,1142.63,ABE73425,VTLALKNLGFD,187,24.0
88,HLA-DRB104:01,1153.25,ABE73425,KFRQRSDGVVW,88,25.0
32,HLA-DRB104:01,1244.9,ABE73425,YRVIPRNLVPI,32,26.0
98,HLA-DRB104:01,1317.71,ABE73425,WVAKEGAKTVN,98,27.0
306,HLA-DRB104:01,1334.69,ABE73425,YKMLVAKDNKN,306,28.0
49,HLA-DRB104:01,1406.53,ABE73425,EQIGYWNVQER,49,29.0
184,HLA-DRB104:01,1431.25,ABE73425,VAAVTLALKNL,184,30.0
326,HLA-DRB104:01,1445.54,ABE73425,AFTKPSSIKEM,326,31.0
11,HLA-DRB104:01,1481.0,ABE73425,RKKFPPPSFYM,11,32.0
19,HLA-DRB104:01,1497.85,ABE73425,FYMPLLVSSDK,19,33.0
121,HLA-DRB104:01,1539.72,ABE73425,LEPKFSIALPP,121,34.0
323,HLA-DRB104:01,1560.26,ABE73425,QISAFTKPSSI,323,35.0
52,HLA-DRB104:01,1569.91,ABE73425,GYWNVQERWRM,52,36.0
93,HLA-DRB104:01,1579.39,ABE73425,SDGVVWVAKEG,93,37.0
307,HLA-DRB104:01,1639.65,ABE73425,KMLVAKDNKNL,307,38.0
320,HLA-DRB104:01,1686.28,ABE73425,FIEQISAFTKP,320,39.0
286,HLA-DRB104:01,1746.27,ABE73425,FFDSEVSTDEV,286,40.0
74,HLA-DRB104:01,1755.94,ABE73425,VHFYYLGTGPH,74,41.0
179,HLA-DRB104:01,1877.8,ABE73425,SSSDLVAAVTL,179,42.0
302,HLA-DRB104:01,1893.92,ABE73425,ITYTYKMLVAK,302,43.0
331,HLA-DRB104:01,1945.69,ABE73425,SSIKEMQSQSS,331,44.0
94,HLA-DRB104:01,1996.96,ABE73425,DGVVWVAKEGA,94,45.0
89,HLA-DRB104:01,2048.23,ABE73425,FRQRSDGVVWV,89,46.0
59,HLA-DRB104:01,2077.23,ABE73425,RWRMRRGQRVD,59,47.0
317,HLA-DRB104:01,2092.22,ABE73425,LPKFIEQISAF,317,48.0
316,HLA-DRB104:01,2095.58,ABE73425,NLPKFIEQISA,316,49.0
57,HLA-DRB104:01,2096.66,ABE73425,QERWRMRRGQR,57,50.0
22,HLA-DRB104:01,2121.94,ABE73425,PLLVSSDKAPY,22,51.0
185,HLA-DRB104:01,2157.76,ABE73425,AAVTLALKNLG,185,52.0
21,HLA-DRB104:01,2160.46,ABE73425,MPLLVSSDKAP,21,53.0
271,HLA-DRB104:01,2231.48,ABE73425,GFPQLAELIPN,271,54.0
87,HLA-DRB104:01,2327.56,ABE73425,LKFRQRSDGVV,87,55.0
54,HLA-DRB104:01,2377.25,ABE73425,WNVQERWRMRR,54,56.0
48,HLA-DRB104:01,2428.61,ABE73425,DEQIGYWNVQE,48,57.0
305,HLA-DRB104:01,2565.56,ABE73425,TYKMLVAKDNK,305,58.0
96,HLA-DRB104:01,2747.47,ABE73425,VVWVAKEGAKT,96,59.0
321,HLA-DRB104:01,2777.27,ABE73425,IEQISAFTKPS,321,60.0
282,HLA-DRB104:01,2804.46,ABE73425,QAALFFDSEVS,282,61.0
2,HLA-DRB104:01,2835.02,ABE73425,VNWADDRAARK,2,62.0
92,HLA-DRB104:01,2923.43,ABE73425,RSDGVVWVAKE,92,63.0
47,HLA-DRB104:01,2949.9,ABE73425,KDEQIGYWNVQ,47,64.0
18,HLA-DRB104:01,3008.51,ABE73425,SFYMPLLVSSD,18,65.0
299,HLA-DRB104:01,3042.99,ABE73425,NVQITYTYKML,299,66.0
325,HLA-DRB104:01,3121.79,ABE73425,SAFTKPSSIKE,325,67.0
324,HLA-DRB104:01,3128.85,ABE73425,ISAFTKPSSIK,324,68.0
97,HLA-DRB104:01,3406.64,ABE73425,VWVAKEGAKTV,97,69.0
120,HLA-DRB104:01,3426.82,ABE73425,PLEPKFSIALP,120,70.0
301,HLA-DRB104:01,3481.04,ABE73425,QITYTYKMLVA,301,71.0
278,HLA-DRB104:01,3522.98,ABE73425,LIPNQAALFFD,278,72.0
280,HLA-DRB104:01,3682.41,ABE73425,PNQAALFFDSE,280,73.0
176,HLA-DRB104:01,3720.43,ABE73425,SNQSSSDLVAA,176,74.0
58,HLA-DRB104:01,3794.22,ABE73425,ERWRMRRGQRV,58,75.0
51,HLA-DRB104:01,3803.47,ABE73425,IGYWNVQERWR,51,76.0
50,HLA-DRB104:01,3812.78,ABE73425,QIGYWNVQERW,50,77.0
322,HLA-DRB104:01,3910.26,ABE73425,EQISAFTKPSS,322,78.0
327,HLA-DRB104:01,4104.12,ABE73425,FTKPSSIKEMQ,327,79.0
177,HLA-DRB104:01,4106.63,ABE73425,NQSSSDLVAAV,177,80.0
262,HLA-DRB104:01,4108.95,ABE73425,LVQNGVDAKGF,262,81.0
269,HLA-DRB104:01,4155.51,ABE73425,AKGFPQLAELI,269,82.0
332,HLA-DRB104:01,4208.25,ABE73425,SIKEMQSQSSH,332,83.0
90,HLA-DRB104:01,4266.93,ABE73425,RQRSDGVVWVA,90,84.0
279,HLA-DRB104:01,4317.17,ABE73425,IPNQAALFFDS,279,85.0
0,HLA-DRB104:01,4347.16,ABE73425,ASVNWADDRAA,0,86.0
78,HLA-DRB104:01,4405.07,ABE73425,YLGTGPHKDLK,78,87.0
86,HLA-DRB104:01,4521.06,ABE73425,DLKFRQRSDGV,86,88.0
281,HLA-DRB104:01,4537.14,ABE73425,NQAALFFDSEV,281,89.0
330,HLA-DRB104:01,4598.01,ABE73425,PSSIKEMQSQS,330,90.0
129,HLA-DRB104:01,4603.54,ABE73425,LPPELSVVEFE,129,91.0
233,HLA-DRB104:01,4607.25,ABE73425,RWKRVPTREEN,233,92.0
23,HLA-DRB104:01,4643.83,ABE73425,LLVSSDKAPYR,23,93.0
180,HLA-DRB104:01,4644.93,ABE73425,SSDLVAAVTLA,180,94.0
46,HLA-DRB104:01,4987.32,ABE73425,NKDEQIGYWNV,46,95.0
232,HLA-DRB104:01,5034.47,ABE73425,PRWKRVPTREE,232,96.0
272,HLA-DRB104:01,5093.37,ABE73425,FPQLAELIPNQ,272,97.0
270,HLA-DRB104:01,5099.63,ABE73425,KGFPQLAELIP,270,98.0
30,HLA-DRB104:01,5102.88,ABE73425,APYRVIPRNLV,30,99.0
191,HLA-DRB104:01,5118.79,ABE73425,LKNLGFDNQSK,191,100.0
3,HLA-DRB104:01,5157.77,ABE73425,NWADDRAARKK,3,101.0
253,HLA-DRB104:01,5248.36,ABE73425,FNHNMGDSDLV,253,102.0
1,HLA-DRB104:01,5358.83,ABE73425,SVNWADDRAAR,1,103.0
178,HLA-DRB104:01,5413.33,ABE73425,QSSSDLVAAVT,178,104.0
296,HLA-DRB104:01,5458.45,ABE73425,VGDNVQITYTY,296,105.0
298,HLA-DRB104:01,5496.92,ABE73425,DNVQITYTYKM,298,106.0
12,HLA-DRB104:01,5550.29,ABE73425,KKFPPPSFYMP,12,107.0
102,HLA-DRB104:01,5551.67,ABE73425,EGAKTVNTSLG,102,108.0
31,HLA-DRB104:01,5696.36,ABE73425,PYRVIPRNLVP,31,109.0
101,HLA-DRB104:01,5790.85,ABE73425,KEGAKTVNTSL,101,110.0
73,HLA-DRB104:01,5995.66,ABE73425,KVHFYYLGTGP,73,111.0
25,HLA-DRB104:01,6052.53,ABE73425,VSSDKAPYRVI,25,112.0
24,HLA-DRB104:01,6254.76,ABE73425,LVSSDKAPYRV,24,113.0
29,HLA-DRB104:01,6335.26,ABE73425,KAPYRVIPRNL,29,114.0
273,HLA-DRB104:01,6368.5,ABE73425,PQLAELIPNQA,273,115.0
300,HLA-DRB104:01,6402.08,ABE73425,VQITYTYKMLV,300,116.0
71,HLA-DRB104:01,6406.4,ABE73425,PPKVHFYYLGT,71,117.0
297,HLA-DRB104:01,6556.57,ABE73425,GDNVQITYTYK,297,118.0
82,HLA-DRB104:01,6579.82,ABE73425,GPHKDLKFRQR,82,119.0
234,HLA-DRB104:01,6704.6,ABE73425,WKRVPTREENV,234,120.0
303,HLA-DRB104:01,6797.97,ABE73425,TYTYKMLVAKD,303,121.0
315,HLA-DRB104:01,6798.22,ABE73425,KNLPKFIEQIS,315,122.0
295,HLA-DRB104:01,6812.6,ABE73425,EVGDNVQITYT,295,123.0
128,HLA-DRB104:01,7092.02,ABE73425,ALPPELSVVEF,128,124.0
274,HLA-DRB104:01,7093.66,ABE73425,QLAELIPNQAA,274,125.0
175,HLA-DRB104:01,7223.52,ABE73425,DSNQSSSDLVA,175,126.0
294,HLA-DRB104:01,7491.48,ABE73425,DEVGDNVQITY,294,127.0
200,HLA-DRB104:01,7541.49,ABE73425,SKSPSSSGTFT,200,128.0
106,HLA-DRB104:01,7566.48,ABE73425,TVNTSLGNRKR,106,129.0
13,HLA-DRB104:01,7599.94,ABE73425,KFPPPSFYMPL,13,130.0
81,HLA-DRB104:01,7642.06,ABE73425,TGPHKDLKFRQ,81,131.0
304,HLA-DRB104:01,7802.86,ABE73425,YTYKMLVAKDN,304,132.0
44,HLA-DRB104:01,7816.97,ABE73425,KGNKDEQIGYW,44,133.0
69,HLA-DRB104:01,7842.41,ABE73425,DLPPKVHFYYL,69,134.0
292,HLA-DRB104:01,7862.32,ABE73425,STDEVGDNVQI,292,135.0
33,HLA-DRB104:01,8094.71,ABE73425,RVIPRNLVPIG,33,136.0
308,HLA-DRB104:01,8278.36,ABE73425,MLVAKDNKNLP,308,137.0
144,HLA-DRB104:01,8284.99,ABE73425,NSSRASSRSST,144,138.0
131,HLA-DRB104:01,8493.99,ABE73425,PELSVVEFEDR,131,139.0
130,HLA-DRB104:01,8551.83,ABE73425,PPELSVVEFED,130,140.0
91,HLA-DRB104:01,8561.65,ABE73425,QRSDGVVWVAK,91,141.0
103,HLA-DRB104:01,8861.83,ABE73425,GAKTVNTSLGN,103,142.0
126,HLA-DRB104:01,8894.1,ABE73425,SIALPPELSVV,126,143.0
329,HLA-DRB104:01,8903.91,ABE73425,KPSSIKEMQSQ,329,144.0
264,HLA-DRB104:01,8999.15,ABE73425,QNGVDAKGFPQ,264,145.0
45,HLA-DRB104:01,9013.11,ABE73425,GNKDEQIGYWN,45,146.0
237,HLA-DRB104:01,9104.34,ABE73425,VPTREENVIQC,237,147.0
263,HLA-DRB104:01,9200.33,ABE73425,VQNGVDAKGFP,263,148.0
118,HLA-DRB104:01,9325.76,ABE73425,QKPLEPKFSIA,118,149.0
265,HLA-DRB104:01,9403.26,ABE73425,NGVDAKGFPQL,265,150.0
147,HLA-DRB104:01,9454.6,ABE73425,RASSRSSTRNN,147,151.0
277,HLA-DRB104:01,9463.83,ABE73425,ELIPNQAALFF,277,152.0
146,HLA-DRB104:01,9515.91,ABE73425,SRASSRSSTRN,146,153.0
105,HLA-DRB104:01,9602.24,ABE73425,KTVNTSLGNRK,105,154.0
56,HLA-DRB104:01,9629.23,ABE73425,VQERWRMRRGQ,56,155.0
293,HLA-DRB104:01,9704.6,ABE73425,TDEVGDNVQIT,293,156.0
240,HLA-DRB104:01,9992.01,ABE73425,REENVIQCFGP,240,157.0
104,HLA-DRB104:01,10093.34,ABE73425,AKTVNTSLGNR,104,158.0
127,HLA-DRB104:01,10165.99,ABE73425,IALPPELSVVE,127,159.0
208,HLA-DRB104:01,10301.93,ABE73425,TFTPKKPNKPL,208,160.0
290,HLA-DRB104:01,10318.79,ABE73425,EVSTDEVGDNV,290,161.0
68,HLA-DRB104:01,10342.88,ABE73425,VDLPPKVHFYY,68,162.0
328,HLA-DRB104:01,10603.64,ABE73425,TKPSSIKEMQS,328,163.0
119,HLA-DRB104:01,10634.02,ABE73425,KPLEPKFSIAL,119,164.0
14,HLA-DRB104:01,10720.22,ABE73425,FPPPSFYMPLL,14,165.0
190,HLA-DRB104:01,10804.73,ABE73425,ALKNLGFDNQS,190,166.0
231,HLA-DRB104:01,10946.64,ABE73425,KPRWKRVPTRE,231,167.0
254,HLA-DRB104:01,10986.53,ABE73425,NHNMGDSDLVQ,254,168.0
275,HLA-DRB104:01,11116.04,ABE73425,LAELIPNQAAL,275,169.0
188,HLA-DRB104:01,11140.37,ABE73425,TLALKNLGFDN,188,170.0
268,HLA-DRB104:01,11227.59,ABE73425,DAKGFPQLAEL,268,171.0
224,HLA-DRB104:01,11415.85,ABE73425,DKPSQLKKPRW,224,172.0
192,HLA-DRB104:01,11444.49,ABE73425,KNLGFDNQSKS,192,173.0
248,HLA-DRB104:01,11524.16,ABE73425,FGPRDFNHNMG,248,174.0
100,HLA-DRB104:01,11585.52,ABE73425,AKEGAKTVNTS,100,175.0
241,HLA-DRB104:01,11687.0,ABE73425,EENVIQCFGPR,241,176.0
35,HLA-DRB104:01,11890.62,ABE73425,IPRNLVPIGKG,35,177.0
72,HLA-DRB104:01,11905.53,ABE73425,PKVHFYYLGTG,72,178.0
85,HLA-DRB104:01,12317.32,ABE73425,KDLKFRQRSDG,85,179.0
247,HLA-DRB104:01,12406.36,ABE73425,CFGPRDFNHNM,247,180.0
137,HLA-DRB104:01,12411.7,ABE73425,EFEDRSNNSSR,137,181.0
67,HLA-DRB104:01,12417.46,ABE73425,RVDLPPKVHFY,67,182.0
61,HLA-DRB104:01,12553.54,ABE73425,RMRRGQRVDLP,61,183.0
143,HLA-DRB104:01,12718.58,ABE73425,NNSSRASSRSS,143,184.0
267,HLA-DRB104:01,12784.79,ABE73425,VDAKGFPQLAE,267,185.0
34,HLA-DRB104:01,12838.75,ABE73425,VIPRNLVPIGK,34,186.0
239,HLA-DRB104:01,12869.91,ABE73425,TREENVIQCFG,239,187.0
207,HLA-DRB104:01,12887.42,ABE73425,GTFTPKKPNKP,207,188.0
70,HLA-DRB104:01,12892.25,ABE73425,LPPKVHFYYLG,70,189.0
291,HLA-DRB104:01,12992.23,ABE73425,VSTDEVGDNVQ,291,190.0
15,HLA-DRB104:01,13021.49,ABE73425,PPPSFYMPLLV,15,191.0
83,HLA-DRB104:01,13058.8,ABE73425,PHKDLKFRQRS,83,192.0
289,HLA-DRB104:01,13075.01,ABE73425,SEVSTDEVGDN,289,193.0
26,HLA-DRB104:01,13231.17,ABE73425,SSDKAPYRVIP,26,194.0
255,HLA-DRB104:01,13290.27,ABE73425,HNMGDSDLVQN,255,195.0
259,HLA-DRB104:01,13337.38,ABE73425,DSDLVQNGVDA,259,196.0
4,HLA-DRB104:01,13354.95,ABE73425,WADDRAARKKF,4,197.0
109,HLA-DRB104:01,13483.7,ABE73425,TSLGNRKRNQK,109,198.0
235,HLA-DRB104:01,13571.08,ABE73425,KRVPTREENVI,235,199.0
252,HLA-DRB104:01,13676.36,ABE73425,DFNHNMGDSDL,252,200.0
189,HLA-DRB104:01,13734.67,ABE73425,LALKNLGFDNQ,189,201.0
276,HLA-DRB104:01,13884.98,ABE73425,AELIPNQAALF,276,202.0
38,HLA-DRB104:01,13904.56,ABE73425,NLVPIGKGNKD,38,203.0
257,HLA-DRB104:01,13953.25,ABE73425,MGDSDLVQNGV,257,204.0
132,HLA-DRB104:01,13981.61,ABE73425,ELSVVEFEDRS,132,205.0
229,HLA-DRB104:01,14049.68,ABE73425,LKKPRWKRVPT,229,206.0
28,HLA-DRB104:01,14051.69,ABE73425,DKAPYRVIPRN,28,207.0
261,HLA-DRB104:01,14118.29,ABE73425,DLVQNGVDAKG,261,208.0
161,HLA-DRB104:01,14164.57,ABE73425,SSRSTSRQQSR,161,209.0
228,HLA-DRB104:01,14178.29,ABE73425,QLKKPRWKRVP,228,210.0
199,HLA-DRB104:01,14181.8,ABE73425,QSKSPSSSGTF,199,211.0
206,HLA-DRB104:01,14209.8,ABE73425,SGTFTPKKPNK,206,212.0
43,HLA-DRB104:01,14231.73,ABE73425,GKGNKDEQIGY,43,213.0
84,HLA-DRB104:01,14249.33,ABE73425,HKDLKFRQRSD,84,214.0
236,HLA-DRB104:01,14274.18,ABE73425,RVPTREENVIQ,236,215.0
162,HLA-DRB104:01,14327.87,ABE73425,SRSTSRQQSRT,162,216.0
145,HLA-DRB104:01,14334.8,ABE73425,SSRASSRSSTR,145,217.0
169,HLA-DRB104:01,14603.85,ABE73425,QSRTRSDSNQS,169,218.0
227,HLA-DRB104:01,14640.91,ABE73425,SQLKKPRWKRV,227,219.0
174,HLA-DRB104:01,14649.19,ABE73425,SDSNQSSSDLV,174,220.0
99,HLA-DRB104:01,14656.26,ABE73425,VAKEGAKTVNT,99,221.0
37,HLA-DRB104:01,14717.07,ABE73425,RNLVPIGKGNK,37,222.0
41,HLA-DRB104:01,14905.07,ABE73425,PIGKGNKDEQI,41,223.0
251,HLA-DRB104:01,14980.68,ABE73425,RDFNHNMGDSD,251,224.0
287,HLA-DRB104:01,15006.93,ABE73425,FDSEVSTDEVG,287,225.0
39,HLA-DRB104:01,15033.56,ABE73425,LVPIGKGNKDE,39,226.0
27,HLA-DRB104:01,15179.23,ABE73425,SDKAPYRVIPR,27,227.0
136,HLA-DRB104:01,15306.91,ABE73425,VEFEDRSNNSS,136,228.0
148,HLA-DRB104:01,15412.54,ABE73425,ASSRSSTRNNS,148,229.0
226,HLA-DRB104:01,15430.27,ABE73425,PSQLKKPRWKR,226,230.0
214,HLA-DRB104:01,15694.17,ABE73425,PNKPLSQPRAD,214,231.0
79,HLA-DRB104:01,15725.69,ABE73425,LGTGPHKDLKF,79,232.0
288,HLA-DRB104:01,15771.63,ABE73425,DSEVSTDEVGD,288,233.0
258,HLA-DRB104:01,15858.98,ABE73425,GDSDLVQNGVD,258,234.0
260,HLA-DRB104:01,15986.84,ABE73425,SDLVQNGVDAK,260,235.0
80,HLA-DRB104:01,16109.69,ABE73425,GTGPHKDLKFR,80,236.0
10,HLA-DRB104:01,16243.81,ABE73425,ARKKFPPPSFY,10,237.0
242,HLA-DRB104:01,16321.94,ABE73425,ENVIQCFGPRD,242,238.0
249,HLA-DRB104:01,16346.9,ABE73425,GPRDFNHNMGD,249,239.0
168,HLA-DRB104:01,16456.54,ABE73425,QQSRTRSDSNQ,168,240.0
164,HLA-DRB104:01,16488.32,ABE73425,STSRQQSRTRS,164,241.0
170,HLA-DRB104:01,16584.81,ABE73425,SRTRSDSNQSS,170,242.0
309,HLA-DRB104:01,16689.36,ABE73425,LVAKDNKNLPK,309,243.0
66,HLA-DRB104:01,16965.71,ABE73425,QRVDLPPKVHF,66,244.0
36,HLA-DRB104:01,17001.98,ABE73425,PRNLVPIGKGN,36,245.0
149,HLA-DRB104:01,17340.84,ABE73425,SSRSSTRNNSR,149,246.0
195,HLA-DRB104:01,17343.56,ABE73425,GFDNQSKSPSS,195,247.0
266,HLA-DRB104:01,17539.23,ABE73425,GVDAKGFPQLA,266,248.0
230,HLA-DRB104:01,17566.35,ABE73425,KKPRWKRVPTR,230,249.0
205,HLA-DRB104:01,17572.94,ABE73425,SSGTFTPKKPN,205,250.0
135,HLA-DRB104:01,17750.31,ABE73425,VVEFEDRSNNS,135,251.0
167,HLA-DRB104:01,17792.41,ABE73425,RQQSRTRSDSN,167,252.0
196,HLA-DRB104:01,18332.43,ABE73425,FDNQSKSPSSS,196,253.0
256,HLA-DRB104:01,18400.89,ABE73425,NMGDSDLVQNG,256,254.0
138,HLA-DRB104:01,18403.76,ABE73425,FEDRSNNSSRA,138,255.0
220,HLA-DRB104:01,18424.62,ABE73425,QPRADKPSQLK,220,256.0
193,HLA-DRB104:01,18507.18,ABE73425,NLGFDNQSKSP,193,257.0
238,HLA-DRB104:01,18532.75,ABE73425,PTREENVIQCF,238,258.0
107,HLA-DRB104:01,18533.77,ABE73425,VNTSLGNRKRN,107,259.0
133,HLA-DRB104:01,18660.32,ABE73425,LSVVEFEDRSN,133,260.0
194,HLA-DRB104:01,18766.04,ABE73425,LGFDNQSKSPS,194,261.0
219,HLA-DRB104:01,18770.42,ABE73425,SQPRADKPSQL,219,262.0
225,HLA-DRB104:01,18904.4,ABE73425,KPSQLKKPRWK,225,263.0
55,HLA-DRB104:01,18934.83,ABE73425,NVQERWRMRRG,55,264.0
108,HLA-DRB104:01,19518.51,ABE73425,NTSLGNRKRNQ,108,265.0
117,HLA-DRB104:01,19654.41,ABE73425,NQKPLEPKFSI,117,266.0
134,HLA-DRB104:01,20163.67,ABE73425,SVVEFEDRSNN,134,267.0
142,HLA-DRB104:01,20247.69,ABE73425,SNNSSRASSRS,142,268.0
171,HLA-DRB104:01,20265.96,ABE73425,RTRSDSNQSSS,171,269.0
221,HLA-DRB104:01,20374.8,ABE73425,PRADKPSQLKK,221,270.0
62,HLA-DRB104:01,20544.25,ABE73425,MRRGQRVDLPP,62,271.0
198,HLA-DRB104:01,20603.96,ABE73425,NQSKSPSSSGT,198,272.0
9,HLA-DRB104:01,20667.93,ABE73425,AARKKFPPPSF,9,273.0
314,HLA-DRB104:01,20724.43,ABE73425,NKNLPKFIEQI,314,274.0
150,HLA-DRB104:01,20771.75,ABE73425,SRSSTRNNSRD,150,275.0
64,HLA-DRB104:01,20815.95,ABE73425,RGQRVDLPPKV,64,276.0
111,HLA-DRB104:01,21041.09,ABE73425,LGNRKRNQKPL,111,277.0
216,HLA-DRB104:01,21044.04,ABE73425,KPLSQPRADKP,216,278.0
215,HLA-DRB104:01,21070.36,ABE73425,NKPLSQPRADK,215,279.0
218,HLA-DRB104:01,21118.99,ABE73425,LSQPRADKPSQ,218,280.0
197,HLA-DRB104:01,21312.51,ABE73425,DNQSKSPSSSG,197,281.0
153,HLA-DRB104:01,21373.53,ABE73425,STRNNSRDSSR,153,282.0
152,HLA-DRB104:01,21403.62,ABE73425,SSTRNNSRDSS,152,283.0
209,HLA-DRB104:01,21446.3,ABE73425,FTPKKPNKPLS,209,284.0
42,HLA-DRB104:01,21812.91,ABE73425,IGKGNKDEQIG,42,285.0
250,HLA-DRB104:01,21837.44,ABE73425,PRDFNHNMGDS,250,286.0
40,HLA-DRB104:01,22006.69,ABE73425,VPIGKGNKDEQ,40,287.0
163,HLA-DRB104:01,22087.97,ABE73425,RSTSRQQSRTR,163,288.0
165,HLA-DRB104:01,22284.92,ABE73425,TSRQQSRTRSD,165,289.0
202,HLA-DRB104:01,22325.54,ABE73425,SPSSSGTFTPK,202,290.0
243,HLA-DRB104:01,22360.38,ABE73425,NVIQCFGPRDF,243,291.0
246,HLA-DRB104:01,22803.09,ABE73425,QCFGPRDFNHN,246,292.0
217,HLA-DRB104:01,22804.06,ABE73425,PLSQPRADKPS,217,293.0
166,HLA-DRB104:01,22825.21,ABE73425,SRQQSRTRSDS,166,294.0
141,HLA-DRB104:01,23300.76,ABE73425,RSNNSSRASSR,141,295.0
223,HLA-DRB104:01,23398.27,ABE73425,ADKPSQLKKPR,223,296.0
140,HLA-DRB104:01,24164.41,ABE73425,DRSNNSSRASS,140,297.0
157,HLA-DRB104:01,24192.41,ABE73425,NSRDSSRSTSR,157,298.0
201,HLA-DRB104:01,24517.42,ABE73425,KSPSSSGTFTP,201,299.0
155,HLA-DRB104:01,24556.04,ABE73425,RNNSRDSSRST,155,300.0
173,HLA-DRB104:01,24556.85,ABE73425,RSDSNQSSSDL,173,301.0
5,HLA-DRB104:01,24660.3,ABE73425,ADDRAARKKFP,5,302.0
244,HLA-DRB104:01,24717.38,ABE73425,VIQCFGPRDFN,244,303.0
172,HLA-DRB104:01,25244.44,ABE73425,TRSDSNQSSSD,172,304.0
245,HLA-DRB104:01,25302.85,ABE73425,IQCFGPRDFNH,245,305.0
63,HLA-DRB104:01,25335.81,ABE73425,RRGQRVDLPPK,63,306.0
203,HLA-DRB104:01,25391.36,ABE73425,PSSSGTFTPKK,203,307.0
213,HLA-DRB104:01,25408.06,ABE73425,KPNKPLSQPRA,213,308.0
65,HLA-DRB104:01,25636.95,ABE73425,GQRVDLPPKVH,65,309.0
160,HLA-DRB104:01,25755.73,ABE73425,DSSRSTSRQQS,160,310.0
310,HLA-DRB104:01,25897.11,ABE73425,VAKDNKNLPKF,310,311.0
158,HLA-DRB104:01,25941.95,ABE73425,SRDSSRSTSRQ,158,312.0
156,HLA-DRB104:01,26112.78,ABE73425,NNSRDSSRSTS,156,313.0
112,HLA-DRB104:01,26560.88,ABE73425,GNRKRNQKPLE,112,314.0
204,HLA-DRB104:01,26856.48,ABE73425,SSSGTFTPKKP,204,315.0
116,HLA-DRB104:01,27361.02,ABE73425,RNQKPLEPKFS,116,316.0
139,HLA-DRB104:01,27723.12,ABE73425,EDRSNNSSRAS,139,317.0
151,HLA-DRB104:01,27972.06,ABE73425,RSSTRNNSRDS,151,318.0
110,HLA-DRB104:01,29221.41,ABE73425,SLGNRKRNQKP,110,319.0
210,HLA-DRB104:01,29484.9,ABE73425,TPKKPNKPLSQ,210,320.0
159,HLA-DRB104:01,29570.12,ABE73425,RDSSRSTSRQQ,159,321.0
154,HLA-DRB104:01,29690.73,ABE73425,TRNNSRDSSRS,154,322.0
115,HLA-DRB104:01,30008.72,ABE73425,KRNQKPLEPKF,115,323.0
313,HLA-DRB104:01,30381.55,ABE73425,DNKNLPKFIEQ,313,324.0
222,HLA-DRB104:01,30883.79,ABE73425,RADKPSQLKKP,222,325.0
312,HLA-DRB104:01,31462.09,ABE73425,KDNKNLPKFIE,312,326.0
6,HLA-DRB104:01,31473.37,ABE73425,DDRAARKKFPP,6,327.0
311,HLA-DRB104:01,32069.96,ABE73425,AKDNKNLPKFI,311,328.0
7,HLA-DRB104:01,32986.15,ABE73425,DRAARKKFPPP,7,329.0
212,HLA-DRB104:01,32994.91,ABE73425,KKPNKPLSQPR,212,330.0
113,HLA-DRB104:01,33065.17,ABE73425,NRKRNQKPLEP,113,331.0
8,HLA-DRB104:01,33166.78,ABE73425,RAARKKFPPPS,8,332.0
211,HLA-DRB104:01,34933.46,ABE73425,PKKPNKPLSQP,211,333.0
114,HLA-DRB104:01,36180.81,ABE73425,RKRNQKPLEPK,114,334.0
333,HLA-DRB104:04,170.52,ABE73425,IKEMQSQSSHV,333,1.0
32,HLA-DRB104:04,337.46,ABE73425,YRVIPRNLVPI,32,2.0
182,HLA-DRB104:04,501.94,ABE73425,DLVAAVTLALK,182,3.0
319,HLA-DRB104:04,523.7,ABE73425,KFIEQISAFTK,319,4.0
125,HLA-DRB104:04,563.9,ABE73425,FSIALPPELSV,125,5.0
324,HLA-DRB104:04,571.31,ABE73425,ISAFTKPSSIK,324,6.0
318,HLA-DRB104:04,786.19,ABE73425,PKFIEQISAFT,318,7.0
187,HLA-DRB104:04,813.66,ABE73425,VTLALKNLGFD,187,8.0
300,HLA-DRB104:04,906.22,ABE73425,VQITYTYKMLV,300,9.0
186,HLA-DRB104:04,1241.1,ABE73425,AVTLALKNLGF,186,10.0
278,HLA-DRB104:04,1412.47,ABE73425,LIPNQAALFFD,278,11.0
181,HLA-DRB104:04,1473.53,ABE73425,SDLVAAVTLAL,181,12.0
18,HLA-DRB104:04,1500.36,ABE73425,SFYMPLLVSSD,18,13.0
301,HLA-DRB104:04,1567.15,ABE73425,QITYTYKMLVA,301,14.0
20,HLA-DRB104:04,1576.96,ABE73425,YMPLLVSSDKA,20,15.0
77,HLA-DRB104:04,1640.4,ABE73425,YYLGTGPHKDL,77,16.0
76,HLA-DRB104:04,1669.84,ABE73425,FYYLGTGPHKD,76,17.0
124,HLA-DRB104:04,1808.47,ABE73425,KFSIALPPELS,124,18.0
75,HLA-DRB104:04,1958.99,ABE73425,HFYYLGTGPHK,75,19.0
320,HLA-DRB104:04,2423.39,ABE73425,FIEQISAFTKP,320,20.0
299,HLA-DRB104:04,2481.08,ABE73425,NVQITYTYKML,299,21.0
53,HLA-DRB104:04,2524.9,ABE73425,YWNVQERWRMR,53,22.0
59,HLA-DRB104:04,2731.58,ABE73425,RWRMRRGQRVD,59,23.0
298,HLA-DRB104:04,2754.69,ABE73425,DNVQITYTYKM,298,24.0
273,HLA-DRB104:04,2903.58,ABE73425,PQLAELIPNQA,273,25.0
269,HLA-DRB104:04,3030.82,ABE73425,AKGFPQLAELI,269,26.0
51,HLA-DRB104:04,3081.13,ABE73425,IGYWNVQERWR,51,27.0
270,HLA-DRB104:04,3292.03,ABE73425,KGFPQLAELIP,270,28.0
191,HLA-DRB104:04,3450.21,ABE73425,LKNLGFDNQSK,191,29.0
126,HLA-DRB104:04,3517.32,ABE73425,SIALPPELSVV,126,30.0
60,HLA-DRB104:04,3566.13,ABE73425,WRMRRGQRVDL,60,31.0
272,HLA-DRB104:04,3640.16,ABE73425,FPQLAELIPNQ,272,32.0
144,HLA-DRB104:04,3722.9,ABE73425,NSSRASSRSST,144,33.0
237,HLA-DRB104:04,3771.98,ABE73425,VPTREENVIQC,237,34.0
94,HLA-DRB104:04,3802.25,ABE73425,DGVVWVAKEGA,94,35.0
326,HLA-DRB104:04,3972.37,ABE73425,AFTKPSSIKEM,326,36.0
183,HLA-DRB104:04,4166.13,ABE73425,LVAAVTLALKN,183,37.0
31,HLA-DRB104:04,4227.76,ABE73425,PYRVIPRNLVP,31,38.0
33,HLA-DRB104:04,4289.99,ABE73425,RVIPRNLVPIG,33,39.0
317,HLA-DRB104:04,4528.12,ABE73425,LPKFIEQISAF,317,40.0
243,HLA-DRB104:04,4622.1,ABE73425,NVIQCFGPRDF,243,41.0
323,HLA-DRB104:04,4645.59,ABE73425,QISAFTKPSSI,323,42.0
274,HLA-DRB104:04,4688.98,ABE73425,QLAELIPNQAA,274,43.0
87,HLA-DRB104:04,4701.59,ABE73425,LKFRQRSDGVV,87,44.0
78,HLA-DRB104:04,4755.37,ABE73425,YLGTGPHKDLK,78,45.0
305,HLA-DRB104:04,4797.48,ABE73425,TYKMLVAKDNK,305,46.0
50,HLA-DRB104:04,4833.35,ABE73425,QIGYWNVQERW,50,47.0
129,HLA-DRB104:04,5196.77,ABE73425,LPPELSVVEFE,129,48.0
58,HLA-DRB104:04,5270.52,ABE73425,ERWRMRRGQRV,58,49.0
49,HLA-DRB104:04,5317.42,ABE73425,EQIGYWNVQER,49,50.0
184,HLA-DRB104:04,5337.06,ABE73425,VAAVTLALKNL,184,51.0
123,HLA-DRB104:04,5389.86,ABE73425,PKFSIALPPEL,123,52.0
277,HLA-DRB104:04,5469.29,ABE73425,ELIPNQAALFF,277,53.0
95,HLA-DRB104:04,5562.56,ABE73425,GVVWVAKEGAK,95,54.0
17,HLA-DRB104:04,5657.73,ABE73425,PSFYMPLLVSS,17,55.0
16,HLA-DRB104:04,5743.61,ABE73425,PPSFYMPLLVS,16,56.0
253,HLA-DRB104:04,5762.29,ABE73425,FNHNMGDSDLV,253,57.0
316,HLA-DRB104:04,5941.96,ABE73425,NLPKFIEQISA,316,58.0
271,HLA-DRB104:04,5968.14,ABE73425,GFPQLAELIPN,271,59.0
276,HLA-DRB104:04,6081.51,ABE73425,AELIPNQAALF,276,60.0
98,HLA-DRB104:04,6154.8,ABE73425,WVAKEGAKTVN,98,61.0
127,HLA-DRB104:04,6537.15,ABE73425,IALPPELSVVE,127,62.0
19,HLA-DRB104:04,6670.0,ABE73425,FYMPLLVSSDK,19,63.0
34,HLA-DRB104:04,6670.09,ABE73425,VIPRNLVPIGK,34,64.0
321,HLA-DRB104:04,6823.23,ABE73425,IEQISAFTKPS,321,65.0
57,HLA-DRB104:04,6900.52,ABE73425,QERWRMRRGQR,57,66.0
128,HLA-DRB104:04,6985.44,ABE73425,ALPPELSVVEF,128,67.0
327,HLA-DRB104:04,7036.24,ABE73425,FTKPSSIKEMQ,327,68.0
179,HLA-DRB104:04,7043.82,ABE73425,SSSDLVAAVTL,179,69.0
145,HLA-DRB104:04,7092.26,ABE73425,SSRASSRSSTR,145,70.0
279,HLA-DRB104:04,7109.35,ABE73425,IPNQAALFFDS,279,71.0
88,HLA-DRB104:04,7459.25,ABE73425,KFRQRSDGVVW,88,72.0
30,HLA-DRB104:04,7540.77,ABE73425,APYRVIPRNLV,30,73.0
185,HLA-DRB104:04,7814.09,ABE73425,AAVTLALKNLG,185,74.0
86,HLA-DRB104:04,7960.16,ABE73425,DLKFRQRSDGV,86,75.0
307,HLA-DRB104:04,8023.35,ABE73425,KMLVAKDNKNL,307,76.0
331,HLA-DRB104:04,8075.12,ABE73425,SSIKEMQSQSS,331,77.0
242,HLA-DRB104:04,8301.54,ABE73425,ENVIQCFGPRD,242,78.0
102,HLA-DRB104:04,8348.54,ABE73425,EGAKTVNTSLG,102,79.0
121,HLA-DRB104:04,8381.2,ABE73425,LEPKFSIALPP,121,80.0
262,HLA-DRB104:04,8458.87,ABE73425,LVQNGVDAKGF,262,81.0
21,HLA-DRB104:04,8534.48,ABE73425,MPLLVSSDKAP,21,82.0
137,HLA-DRB104:04,8557.24,ABE73425,EFEDRSNNSSR,137,83.0
200,HLA-DRB104:04,8637.75,ABE73425,SKSPSSSGTFT,200,84.0
4,HLA-DRB104:04,8844.12,ABE73425,WADDRAARKKF,4,85.0
292,HLA-DRB104:04,8896.58,ABE73425,STDEVGDNVQI,292,86.0
285,HLA-DRB104:04,8951.72,ABE73425,LFFDSEVSTDE,285,87.0
3,HLA-DRB104:04,8979.85,ABE73425,NWADDRAARKK,3,88.0
29,HLA-DRB104:04,9107.96,ABE73425,KAPYRVIPRNL,29,89.0
105,HLA-DRB104:04,9402.72,ABE73425,KTVNTSLGNRK,105,90.0
330,HLA-DRB104:04,9573.43,ABE73425,PSSIKEMQSQS,330,91.0
235,HLA-DRB104:04,9731.49,ABE73425,KRVPTREENVI,235,92.0
180,HLA-DRB104:04,9855.35,ABE73425,SSDLVAAVTLA,180,93.0
255,HLA-DRB104:04,9859.33,ABE73425,HNMGDSDLVQN,255,94.0
286,HLA-DRB104:04,9868.74,ABE73425,FFDSEVSTDEV,286,95.0
101,HLA-DRB104:04,9954.26,ABE73425,KEGAKTVNTSL,101,96.0
106,HLA-DRB104:04,10042.38,ABE73425,TVNTSLGNRKR,106,97.0
118,HLA-DRB104:04,10072.19,ABE73425,QKPLEPKFSIA,118,98.0
241,HLA-DRB104:04,10232.33,ABE73425,EENVIQCFGPR,241,99.0
12,HLA-DRB104:04,10491.87,ABE73425,KKFPPPSFYMP,12,100.0
131,HLA-DRB104:04,10541.46,ABE73425,PELSVVEFEDR,131,101.0
41,HLA-DRB104:04,10566.69,ABE73425,PIGKGNKDEQI,41,102.0
178,HLA-DRB104:04,10887.97,ABE73425,QSSSDLVAAVT,178,103.0
315,HLA-DRB104:04,10905.5,ABE73425,KNLPKFIEQIS,315,104.0
265,HLA-DRB104:04,11003.82,ABE73425,NGVDAKGFPQL,265,105.0
294,HLA-DRB104:04,11105.08,ABE73425,DEVGDNVQITY,294,106.0
69,HLA-DRB104:04,11317.57,ABE73425,DLPPKVHFYYL,69,107.0
306,HLA-DRB104:04,11394.77,ABE73425,YKMLVAKDNKN,306,108.0
35,HLA-DRB104:04,11419.87,ABE73425,IPRNLVPIGKG,35,109.0
15,HLA-DRB104:04,11787.08,ABE73425,PPPSFYMPLLV,15,110.0
23,HLA-DRB104:04,11802.45,ABE73425,LLVSSDKAPYR,23,111.0
275,HLA-DRB104:04,11832.68,ABE73425,LAELIPNQAAL,275,112.0
66,HLA-DRB104:04,11844.74,ABE73425,QRVDLPPKVHF,66,113.0
61,HLA-DRB104:04,11911.26,ABE73425,RMRRGQRVDLP,61,114.0
254,HLA-DRB104:04,11928.67,ABE73425,NHNMGDSDLVQ,254,115.0
130,HLA-DRB104:04,11949.66,ABE73425,PPELSVVEFED,130,116.0
322,HLA-DRB104:04,11949.92,ABE73425,EQISAFTKPSS,322,117.0
175,HLA-DRB104:04,12035.81,ABE73425,DSNQSSSDLVA,175,118.0
122,HLA-DRB104:04,12102.94,ABE73425,EPKFSIALPPE,122,119.0
22,HLA-DRB104:04,12148.34,ABE73425,PLLVSSDKAPY,22,120.0
263,HLA-DRB104:04,12178.07,ABE73425,VQNGVDAKGFP,263,121.0
104,HLA-DRB104:04,12226.18,ABE73425,AKTVNTSLGNR,104,122.0
157,HLA-DRB104:04,12332.92,ABE73425,NSRDSSRSTSR,157,123.0
259,HLA-DRB104:04,12374.99,ABE73425,DSDLVQNGVDA,259,124.0
310,HLA-DRB104:04,12413.15,ABE73425,VAKDNKNLPKF,310,125.0
44,HLA-DRB104:04,12431.26,ABE73425,KGNKDEQIGYW,44,126.0
120,HLA-DRB104:04,12465.37,ABE73425,PLEPKFSIALP,120,127.0
325,HLA-DRB104:04,12487.21,ABE73425,SAFTKPSSIKE,325,128.0
160,HLA-DRB104:04,12495.83,ABE73425,DSSRSTSRQQS,160,129.0
293,HLA-DRB104:04,12507.91,ABE73425,TDEVGDNVQIT,293,130.0
119,HLA-DRB104:04,12600.23,ABE73425,KPLEPKFSIAL,119,131.0
65,HLA-DRB104:04,12714.46,ABE73425,GQRVDLPPKVH,65,132.0
283,HLA-DRB104:04,12842.46,ABE73425,AALFFDSEVST,283,133.0
147,HLA-DRB104:04,12855.29,ABE73425,RASSRSSTRNN,147,134.0
261,HLA-DRB104:04,12890.9,ABE73425,DLVQNGVDAKG,261,135.0
146,HLA-DRB104:04,12942.61,ABE73425,SRASSRSSTRN,146,136.0
233,HLA-DRB104:04,13038.55,ABE73425,RWKRVPTREEN,233,137.0
97,HLA-DRB104:04,13066.3,ABE73425,VWVAKEGAKTV,97,138.0
52,HLA-DRB104:04,13158.91,ABE73425,GYWNVQERWRM,52,139.0
99,HLA-DRB104:04,13183.49,ABE73425,VAKEGAKTVNT,99,140.0
112,HLA-DRB104:04,13183.5,ABE73425,GNRKRNQKPLE,112,141.0
143,HLA-DRB104:04,13201.12,ABE73425,NNSSRASSRSS,143,142.0
284,HLA-DRB104:04,13284.33,ABE73425,ALFFDSEVSTD,284,143.0
264,HLA-DRB104:04,13555.87,ABE73425,QNGVDAKGFPQ,264,144.0
42,HLA-DRB104:04,13571.46,ABE73425,IGKGNKDEQIG,42,145.0
177,HLA-DRB104:04,13624.16,ABE73425,NQSSSDLVAAV,177,146.0
64,HLA-DRB104:04,13635.41,ABE73425,RGQRVDLPPKV,64,147.0
169,HLA-DRB104:04,13651.5,ABE73425,QSRTRSDSNQS,169,148.0
302,HLA-DRB104:04,13775.54,ABE73425,ITYTYKMLVAK,302,149.0
48,HLA-DRB104:04,13847.03,ABE73425,DEQIGYWNVQE,48,150.0
236,HLA-DRB104:04,13913.0,ABE73425,RVPTREENVIQ,236,151.0
39,HLA-DRB104:04,14056.29,ABE73425,LVPIGKGNKDE,39,152.0
190,HLA-DRB104:04,14098.98,ABE73425,ALKNLGFDNQS,190,153.0
103,HLA-DRB104:04,14195.16,ABE73425,GAKTVNTSLGN,103,154.0
314,HLA-DRB104:04,14399.27,ABE73425,NKNLPKFIEQI,314,155.0
234,HLA-DRB104:04,14528.92,ABE73425,WKRVPTREENV,234,156.0
213,HLA-DRB104:04,14829.95,ABE73425,KPNKPLSQPRA,213,157.0
328,HLA-DRB104:04,14928.2,ABE73425,TKPSSIKEMQS,328,158.0
11,HLA-DRB104:04,14952.67,ABE73425,RKKFPPPSFYM,11,159.0
54,HLA-DRB104:04,14955.19,ABE73425,WNVQERWRMRR,54,160.0
170,HLA-DRB104:04,15004.27,ABE73425,SRTRSDSNQSS,170,161.0
220,HLA-DRB104:04,15055.49,ABE73425,QPRADKPSQLK,220,162.0
312,HLA-DRB104:04,15068.58,ABE73425,KDNKNLPKFIE,312,163.0
38,HLA-DRB104:04,15082.96,ABE73425,NLVPIGKGNKD,38,164.0
93,HLA-DRB104:04,15124.44,ABE73425,SDGVVWVAKEG,93,165.0
2,HLA-DRB104:04,15192.21,ABE73425,VNWADDRAARK,2,166.0
155,HLA-DRB104:04,15458.27,ABE73425,RNNSRDSSRST,155,167.0
176,HLA-DRB104:04,15603.25,ABE73425,SNQSSSDLVAA,176,168.0
161,HLA-DRB104:04,15727.25,ABE73425,SSRSTSRQQSR,161,169.0
73,HLA-DRB104:04,15915.35,ABE73425,KVHFYYLGTGP,73,170.0
256,HLA-DRB104:04,15968.6,ABE73425,NMGDSDLVQNG,256,171.0
45,HLA-DRB104:04,16038.47,ABE73425,GNKDEQIGYWN,45,172.0
89,HLA-DRB104:04,16063.58,ABE73425,FRQRSDGVVWV,89,173.0
232,HLA-DRB104:04,16157.01,ABE73425,PRWKRVPTREE,232,174.0
174,HLA-DRB104:04,16211.13,ABE73425,SDSNQSSSDLV,174,175.0
201,HLA-DRB104:04,16238.31,ABE73425,KSPSSSGTFTP,201,176.0
266,HLA-DRB104:04,16324.79,ABE73425,GVDAKGFPQLA,266,177.0
221,HLA-DRB104:04,16403.08,ABE73425,PRADKPSQLKK,221,178.0
296,HLA-DRB104:04,16415.47,ABE73425,VGDNVQITYTY,296,179.0
14,HLA-DRB104:04,16689.65,ABE73425,FPPPSFYMPLL,14,180.0
0,HLA-DRB104:04,16722.58,ABE73425,ASVNWADDRAA,0,181.0
43,HLA-DRB104:04,16788.45,ABE73425,GKGNKDEQIGY,43,182.0
244,HLA-DRB104:04,16840.92,ABE73425,VIQCFGPRDFN,244,183.0
257,HLA-DRB104:04,16901.16,ABE73425,MGDSDLVQNGV,257,184.0
96,HLA-DRB104:04,16913.97,ABE73425,VVWVAKEGAKT,96,185.0
240,HLA-DRB104:04,16914.36,ABE73425,REENVIQCFGP,240,186.0
188,HLA-DRB104:04,16978.55,ABE73425,TLALKNLGFDN,188,187.0
24,HLA-DRB104:04,17099.93,ABE73425,LVSSDKAPYRV,24,188.0
195,HLA-DRB104:04,17188.25,ABE73425,GFDNQSKSPSS,195,189.0
90,HLA-DRB104:04,17257.11,ABE73425,RQRSDGVVWVA,90,190.0
246,HLA-DRB104:04,17331.26,ABE73425,QCFGPRDFNHN,246,191.0
162,HLA-DRB104:04,17578.81,ABE73425,SRSTSRQQSRT,162,192.0
303,HLA-DRB104:04,17627.92,ABE73425,TYTYKMLVAKD,303,193.0
329,HLA-DRB104:04,17764.8,ABE73425,KPSSIKEMQSQ,329,194.0
311,HLA-DRB104:04,17775.78,ABE73425,AKDNKNLPKFI,311,195.0
80,HLA-DRB104:04,17913.6,ABE73425,GTGPHKDLKFR,80,196.0
37,HLA-DRB104:04,17915.27,ABE73425,RNLVPIGKGNK,37,197.0
281,HLA-DRB104:04,17947.96,ABE73425,NQAALFFDSEV,281,198.0
107,HLA-DRB104:04,18055.15,ABE73425,VNTSLGNRKRN,107,199.0
308,HLA-DRB104:04,18055.68,ABE73425,MLVAKDNKNLP,308,200.0
55,HLA-DRB104:04,18104.58,ABE73425,NVQERWRMRRG,55,201.0
192,HLA-DRB104:04,18180.32,ABE73425,KNLGFDNQSKS,192,202.0
79,HLA-DRB104:04,18406.58,ABE73425,LGTGPHKDLKF,79,203.0
141,HLA-DRB104:04,18512.24,ABE73425,RSNNSSRASSR,141,204.0
214,HLA-DRB104:04,18624.72,ABE73425,PNKPLSQPRAD,214,205.0
159,HLA-DRB104:04,19032.73,ABE73425,RDSSRSTSRQQ,159,206.0
62,HLA-DRB104:04,19041.29,ABE73425,MRRGQRVDLPP,62,207.0
189,HLA-DRB104:04,19047.08,ABE73425,LALKNLGFDNQ,189,208.0
158,HLA-DRB104:04,19057.29,ABE73425,SRDSSRSTSRQ,158,209.0
67,HLA-DRB104:04,19071.81,ABE73425,RVDLPPKVHFY,67,210.0
171,HLA-DRB104:04,19088.18,ABE73425,RTRSDSNQSSS,171,211.0
156,HLA-DRB104:04,19134.83,ABE73425,NNSRDSSRSTS,156,212.0
47,HLA-DRB104:04,19160.39,ABE73425,KDEQIGYWNVQ,47,213.0
46,HLA-DRB104:04,19356.18,ABE73425,NKDEQIGYWNV,46,214.0
226,HLA-DRB104:04,19388.61,ABE73425,PSQLKKPRWKR,226,215.0
56,HLA-DRB104:04,19463.52,ABE73425,VQERWRMRRGQ,56,216.0
291,HLA-DRB104:04,19658.05,ABE73425,VSTDEVGDNVQ,291,217.0
215,HLA-DRB104:04,19706.63,ABE73425,NKPLSQPRADK,215,218.0
289,HLA-DRB104:04,19770.72,ABE73425,SEVSTDEVGDN,289,219.0
332,HLA-DRB104:04,19934.16,ABE73425,SIKEMQSQSSH,332,220.0
82,HLA-DRB104:04,20085.77,ABE73425,GPHKDLKFRQR,82,221.0
258,HLA-DRB104:04,20093.42,ABE73425,GDSDLVQNGVD,258,222.0
40,HLA-DRB104:04,20133.41,ABE73425,VPIGKGNKDEQ,40,223.0
227,HLA-DRB104:04,20308.2,ABE73425,SQLKKPRWKRV,227,224.0
282,HLA-DRB104:04,20349.69,ABE73425,QAALFFDSEVS,282,225.0
13,HLA-DRB104:04,20526.79,ABE73425,KFPPPSFYMPL,13,226.0
100,HLA-DRB104:04,20812.41,ABE73425,AKEGAKTVNTS,100,227.0
295,HLA-DRB104:04,20915.68,ABE73425,EVGDNVQITYT,295,228.0
193,HLA-DRB104:04,21023.64,ABE73425,NLGFDNQSKSP,193,229.0
26,HLA-DRB104:04,21026.36,ABE73425,SSDKAPYRVIP,26,230.0
111,HLA-DRB104:04,21258.44,ABE73425,LGNRKRNQKPL,111,231.0
268,HLA-DRB104:04,21269.52,ABE73425,DAKGFPQLAEL,268,232.0
304,HLA-DRB104:04,21274.17,ABE73425,YTYKMLVAKDN,304,233.0
245,HLA-DRB104:04,21295.96,ABE73425,IQCFGPRDFNH,245,234.0
287,HLA-DRB104:04,21331.49,ABE73425,FDSEVSTDEVG,287,235.0
239,HLA-DRB104:04,21347.11,ABE73425,TREENVIQCFG,239,236.0
132,HLA-DRB104:04,21385.24,ABE73425,ELSVVEFEDRS,132,237.0
225,HLA-DRB104:04,21466.79,ABE73425,KPSQLKKPRWK,225,238.0
1,HLA-DRB104:04,21478.05,ABE73425,SVNWADDRAAR,1,239.0
81,HLA-DRB104:04,21485.49,ABE73425,TGPHKDLKFRQ,81,240.0
309,HLA-DRB104:04,21534.64,ABE73425,LVAKDNKNLPK,309,241.0
108,HLA-DRB104:04,21632.74,ABE73425,NTSLGNRKRNQ,108,242.0
280,HLA-DRB104:04,21633.75,ABE73425,PNQAALFFDSE,280,243.0
247,HLA-DRB104:04,21681.12,ABE73425,CFGPRDFNHNM,247,244.0
148,HLA-DRB104:04,21908.02,ABE73425,ASSRSSTRNNS,148,245.0
224,HLA-DRB104:04,22305.02,ABE73425,DKPSQLKKPRW,224,246.0
211,HLA-DRB104:04,22348.66,ABE73425,PKKPNKPLSQP,211,247.0
138,HLA-DRB104:04,22354.18,ABE73425,FEDRSNNSSRA,138,248.0
142,HLA-DRB104:04,22421.02,ABE73425,SNNSSRASSRS,142,249.0
68,HLA-DRB104:04,22502.41,ABE73425,VDLPPKVHFYY,68,250.0
209,HLA-DRB104:04,22604.55,ABE73425,FTPKKPNKPLS,209,251.0
70,HLA-DRB104:04,22618.98,ABE73425,LPPKVHFYYLG,70,252.0
219,HLA-DRB104:04,22622.7,ABE73425,SQPRADKPSQL,219,253.0
117,HLA-DRB104:04,22738.47,ABE73425,NQKPLEPKFSI,117,254.0
196,HLA-DRB104:04,22768.58,ABE73425,FDNQSKSPSSS,196,255.0
168,HLA-DRB104:04,22823.69,ABE73425,QQSRTRSDSNQ,168,256.0
115,HLA-DRB104:04,22847.83,ABE73425,KRNQKPLEPKF,115,257.0
5,HLA-DRB104:04,22898.27,ABE73425,ADDRAARKKFP,5,258.0
194,HLA-DRB104:04,22998.59,ABE73425,LGFDNQSKSPS,194,259.0
109,HLA-DRB104:04,23010.57,ABE73425,TSLGNRKRNQK,109,260.0
163,HLA-DRB104:04,23068.83,ABE73425,RSTSRQQSRTR,163,261.0
36,HLA-DRB104:04,23189.97,ABE73425,PRNLVPIGKGN,36,262.0
25,HLA-DRB104:04,23562.43,ABE73425,VSSDKAPYRVI,25,263.0
222,HLA-DRB104:04,23611.76,ABE73425,RADKPSQLKKP,222,264.0
252,HLA-DRB104:04,23679.08,ABE73425,DFNHNMGDSDL,252,265.0
116,HLA-DRB104:04,23772.12,ABE73425,RNQKPLEPKFS,116,266.0
199,HLA-DRB104:04,23887.37,ABE73425,QSKSPSSSGTF,199,267.0
251,HLA-DRB104:04,24114.91,ABE73425,RDFNHNMGDSD,251,268.0
238,HLA-DRB104:04,24163.52,ABE73425,PTREENVIQCF,238,269.0
154,HLA-DRB104:04,24402.87,ABE73425,TRNNSRDSSRS,154,270.0
167,HLA-DRB104:04,24609.52,ABE73425,RQQSRTRSDSN,167,271.0
74,HLA-DRB104:04,24657.06,ABE73425,VHFYYLGTGPH,74,272.0
10,HLA-DRB104:04,24679.56,ABE73425,ARKKFPPPSFY,10,273.0
228,HLA-DRB104:04,24693.0,ABE73425,QLKKPRWKRVP,228,274.0
151,HLA-DRB104:04,24879.3,ABE73425,RSSTRNNSRDS,151,275.0
313,HLA-DRB104:04,25011.56,ABE73425,DNKNLPKFIEQ,313,276.0
198,HLA-DRB104:04,25117.41,ABE73425,NQSKSPSSSGT,198,277.0
290,HLA-DRB104:04,25296.0,ABE73425,EVSTDEVGDNV,290,278.0
208,HLA-DRB104:04,25491.79,ABE73425,TFTPKKPNKPL,208,279.0
133,HLA-DRB104:04,25624.47,ABE73425,LSVVEFEDRSN,133,280.0
152,HLA-DRB104:04,25792.15,ABE73425,SSTRNNSRDSS,152,281.0
206,HLA-DRB104:04,26078.9,ABE73425,SGTFTPKKPNK,206,282.0
134,HLA-DRB104:04,26242.0,ABE73425,SVVEFEDRSNN,134,283.0
297,HLA-DRB104:04,26386.54,ABE73425,GDNVQITYTYK,297,284.0
260,HLA-DRB104:04,26658.43,ABE73425,SDLVQNGVDAK,260,285.0
153,HLA-DRB104:04,27086.99,ABE73425,STRNNSRDSSR,153,286.0
231,HLA-DRB104:04,27096.94,ABE73425,KPRWKRVPTRE,231,287.0
28,HLA-DRB104:04,27349.33,ABE73425,DKAPYRVIPRN,28,288.0
230,HLA-DRB104:04,27432.75,ABE73425,KKPRWKRVPTR,230,289.0
110,HLA-DRB104:04,27489.14,ABE73425,SLGNRKRNQKP,110,290.0
136,HLA-DRB104:04,27697.26,ABE73425,VEFEDRSNNSS,136,291.0
9,HLA-DRB104:04,27707.83,ABE73425,AARKKFPPPSF,9,292.0
210,HLA-DRB104:04,27772.51,ABE73425,TPKKPNKPLSQ,210,293.0
166,HLA-DRB104:04,27921.6,ABE73425,SRQQSRTRSDS,166,294.0
218,HLA-DRB104:04,27967.98,ABE73425,LSQPRADKPSQ,218,295.0
216,HLA-DRB104:04,28007.12,ABE73425,KPLSQPRADKP,216,296.0
203,HLA-DRB104:04,28017.34,ABE73425,PSSSGTFTPKK,203,297.0
212,HLA-DRB104:04,28261.28,ABE73425,KKPNKPLSQPR,212,298.0
71,HLA-DRB104:04,28309.12,ABE73425,PPKVHFYYLGT,71,299.0
83,HLA-DRB104:04,28444.61,ABE73425,PHKDLKFRQRS,83,300.0
150,HLA-DRB104:04,28640.22,ABE73425,SRSSTRNNSRD,150,301.0
135,HLA-DRB104:04,28720.49,ABE73425,VVEFEDRSNNS,135,302.0
288,HLA-DRB104:04,28745.44,ABE73425,DSEVSTDEVGD,288,303.0
139,HLA-DRB104:04,28878.45,ABE73425,EDRSNNSSRAS,139,304.0
63,HLA-DRB104:04,29264.25,ABE73425,RRGQRVDLPPK,63,305.0
91,HLA-DRB104:04,29561.15,ABE73425,QRSDGVVWVAK,91,306.0
149,HLA-DRB104:04,29951.77,ABE73425,SSRSSTRNNSR,149,307.0
205,HLA-DRB104:04,30090.5,ABE73425,SSGTFTPKKPN,205,308.0
267,HLA-DRB104:04,30135.09,ABE73425,VDAKGFPQLAE,267,309.0
85,HLA-DRB104:04,30145.72,ABE73425,KDLKFRQRSDG,85,310.0
197,HLA-DRB104:04,30190.31,ABE73425,DNQSKSPSSSG,197,311.0
72,HLA-DRB104:04,30366.27,ABE73425,PKVHFYYLGTG,72,312.0
164,HLA-DRB104:04,31202.16,ABE73425,STSRQQSRTRS,164,313.0
229,HLA-DRB104:04,31209.11,ABE73425,LKKPRWKRVPT,229,314.0
113,HLA-DRB104:04,31268.31,ABE73425,NRKRNQKPLEP,113,315.0
207,HLA-DRB104:04,31419.73,ABE73425,GTFTPKKPNKP,207,316.0
27,HLA-DRB104:04,31845.9,ABE73425,SDKAPYRVIPR,27,317.0
223,HLA-DRB104:04,31902.47,ABE73425,ADKPSQLKKPR,223,318.0
204,HLA-DRB104:04,32266.79,ABE73425,SSSGTFTPKKP,204,319.0
202,HLA-DRB104:04,32334.14,ABE73425,SPSSSGTFTPK,202,320.0
173,HLA-DRB104:04,32525.71,ABE73425,RSDSNQSSSDL,173,321.0
250,HLA-DRB104:04,33227.92,ABE73425,PRDFNHNMGDS,250,322.0
6,HLA-DRB104:04,33425.5,ABE73425,DDRAARKKFPP,6,323.0
92,HLA-DRB104:04,33720.95,ABE73425,RSDGVVWVAKE,92,324.0
249,HLA-DRB104:04,34275.43,ABE73425,GPRDFNHNMGD,249,325.0
84,HLA-DRB104:04,34646.58,ABE73425,HKDLKFRQRSD,84,326.0
140,HLA-DRB104:04,34775.59,ABE73425,DRSNNSSRASS,140,327.0
248,HLA-DRB104:04,34803.29,ABE73425,FGPRDFNHNMG,248,328.0
217,HLA-DRB104:04,34932.62,ABE73425,PLSQPRADKPS,217,329.0
165,HLA-DRB104:04,35012.51,ABE73425,TSRQQSRTRSD,165,330.0
172,HLA-DRB104:04,36369.63,ABE73425,TRSDSNQSSSD,172,331.0
7,HLA-DRB104:04,37561.13,ABE73425,DRAARKKFPPP,7,332.0
8,HLA-DRB104:04,39959.59,ABE73425,RAARKKFPPPS,8,333.0
114,HLA-DRB104:04,40712.24,ABE73425,RKRNQKPLEPK,114,334.0
318,HLA-DRB107:01,79.46,ABE73425,PKFIEQISAFT,318,1.0
299,HLA-DRB107:01,162.05,ABE73425,NVQITYTYKML,299,2.0
121,HLA-DRB107:01,364.61,ABE73425,LEPKFSIALPP,121,3.0
300,HLA-DRB107:01,386.45,ABE73425,VQITYTYKMLV,300,4.0
323,HLA-DRB107:01,441.65,ABE73425,QISAFTKPSSI,323,5.0
122,HLA-DRB107:01,553.6,ABE73425,EPKFSIALPPE,122,6.0
123,HLA-DRB107:01,577.7,ABE73425,PKFSIALPPEL,123,7.0
181,HLA-DRB107:01,610.66,ABE73425,SDLVAAVTLAL,181,8.0
278,HLA-DRB107:01,751.98,ABE73425,LIPNQAALFFD,278,9.0
88,HLA-DRB107:01,1003.21,ABE73425,KFRQRSDGVVW,88,10.0
20,HLA-DRB107:01,1004.35,ABE73425,YMPLLVSSDKA,20,11.0
326,HLA-DRB107:01,1240.47,ABE73425,AFTKPSSIKEM,326,12.0
320,HLA-DRB107:01,1368.82,ABE73425,FIEQISAFTKP,320,13.0
182,HLA-DRB107:01,1381.54,ABE73425,DLVAAVTLALK,182,14.0
11,HLA-DRB107:01,1574.79,ABE73425,RKKFPPPSFYM,11,15.0
319,HLA-DRB107:01,1787.26,ABE73425,KFIEQISAFTK,319,16.0
89,HLA-DRB107:01,1788.83,ABE73425,FRQRSDGVVWV,89,17.0
21,HLA-DRB107:01,1828.43,ABE73425,MPLLVSSDKAP,21,18.0
120,HLA-DRB107:01,1874.53,ABE73425,PLEPKFSIALP,120,19.0
178,HLA-DRB107:01,1989.11,ABE73425,QSSSDLVAAVT,178,20.0
325,HLA-DRB107:01,1989.12,ABE73425,SAFTKPSSIKE,325,21.0
298,HLA-DRB107:01,2032.98,ABE73425,DNVQITYTYKM,298,22.0
301,HLA-DRB107:01,2071.33,ABE73425,QITYTYKMLVA,301,23.0
29,HLA-DRB107:01,2207.95,ABE73425,KAPYRVIPRNL,29,24.0
183,HLA-DRB107:01,2216.17,ABE73425,LVAAVTLALKN,183,25.0
316,HLA-DRB107:01,2303.34,ABE73425,NLPKFIEQISA,316,26.0
184,HLA-DRB107:01,2307.44,ABE73425,VAAVTLALKNL,184,27.0
237,HLA-DRB107:01,2565.61,ABE73425,VPTREENVIQC,237,28.0
32,HLA-DRB107:01,2616.99,ABE73425,YRVIPRNLVPI,32,29.0
179,HLA-DRB107:01,2650.92,ABE73425,SSSDLVAAVTL,179,30.0
124,HLA-DRB107:01,2674.74,ABE73425,KFSIALPPELS,124,31.0
286,HLA-DRB107:01,2684.04,ABE73425,FFDSEVSTDEV,286,32.0
87,HLA-DRB107:01,2692.01,ABE73425,LKFRQRSDGVV,87,33.0
186,HLA-DRB107:01,2740.57,ABE73425,AVTLALKNLGF,186,34.0
130,HLA-DRB107:01,2782.09,ABE73425,PPELSVVEFED,130,35.0
317,HLA-DRB107:01,2784.69,ABE73425,LPKFIEQISAF,317,36.0
129,HLA-DRB107:01,2833.24,ABE73425,LPPELSVVEFE,129,37.0
30,HLA-DRB107:01,2986.57,ABE73425,APYRVIPRNLV,30,38.0
292,HLA-DRB107:01,3021.97,ABE73425,STDEVGDNVQI,292,39.0
187,HLA-DRB107:01,3294.59,ABE73425,VTLALKNLGFD,187,40.0
333,HLA-DRB107:01,3322.09,ABE73425,IKEMQSQSSHV,333,41.0
94,HLA-DRB107:01,3362.71,ABE73425,DGVVWVAKEGA,94,42.0
269,HLA-DRB107:01,3539.75,ABE73425,AKGFPQLAELI,269,43.0
18,HLA-DRB107:01,3570.15,ABE73425,SFYMPLLVSSD,18,44.0
330,HLA-DRB107:01,3694.33,ABE73425,PSSIKEMQSQS,330,45.0
327,HLA-DRB107:01,3832.1,ABE73425,FTKPSSIKEMQ,327,46.0
131,HLA-DRB107:01,4164.25,ABE73425,PELSVVEFEDR,131,47.0
162,HLA-DRB107:01,4248.32,ABE73425,SRSTSRQQSRT,162,48.0
180,HLA-DRB107:01,4327.37,ABE73425,SSDLVAAVTLA,180,49.0
270,HLA-DRB107:01,4427.29,ABE73425,KGFPQLAELIP,270,50.0
128,HLA-DRB107:01,4506.69,ABE73425,ALPPELSVVEF,128,51.0
60,HLA-DRB107:01,4708.11,ABE73425,WRMRRGQRVDL,60,52.0
276,HLA-DRB107:01,4810.7,ABE73425,AELIPNQAALF,276,53.0
90,HLA-DRB107:01,4817.25,ABE73425,RQRSDGVVWVA,90,54.0
175,HLA-DRB107:01,4919.91,ABE73425,DSNQSSSDLVA,175,55.0
322,HLA-DRB107:01,5170.39,ABE73425,EQISAFTKPSS,322,56.0
277,HLA-DRB107:01,5216.11,ABE73425,ELIPNQAALFF,277,57.0
125,HLA-DRB107:01,5263.68,ABE73425,FSIALPPELSV,125,58.0
324,HLA-DRB107:01,5452.99,ABE73425,ISAFTKPSSIK,324,59.0
321,HLA-DRB107:01,5529.68,ABE73425,IEQISAFTKPS,321,60.0
200,HLA-DRB107:01,5545.14,ABE73425,SKSPSSSGTFT,200,61.0
235,HLA-DRB107:01,5597.26,ABE73425,KRVPTREENVI,235,62.0
144,HLA-DRB107:01,5624.2,ABE73425,NSSRASSRSST,144,63.0
132,HLA-DRB107:01,5702.79,ABE73425,ELSVVEFEDRS,132,64.0
315,HLA-DRB107:01,5853.1,ABE73425,KNLPKFIEQIS,315,65.0
93,HLA-DRB107:01,6050.68,ABE73425,SDGVVWVAKEG,93,66.0
31,HLA-DRB107:01,6093.93,ABE73425,PYRVIPRNLVP,31,67.0
328,HLA-DRB107:01,6150.71,ABE73425,TKPSSIKEMQS,328,68.0
91,HLA-DRB107:01,6268.86,ABE73425,QRSDGVVWVAK,91,69.0
177,HLA-DRB107:01,6278.28,ABE73425,NQSSSDLVAAV,177,70.0
279,HLA-DRB107:01,6637.61,ABE73425,IPNQAALFFDS,279,71.0
4,HLA-DRB107:01,6661.65,ABE73425,WADDRAARKKF,4,72.0
293,HLA-DRB107:01,6743.68,ABE73425,TDEVGDNVQIT,293,73.0
160,HLA-DRB107:01,6844.54,ABE73425,DSSRSTSRQQS,160,74.0
22,HLA-DRB107:01,6917.86,ABE73425,PLLVSSDKAPY,22,75.0
199,HLA-DRB107:01,6960.79,ABE73425,QSKSPSSSGTF,199,76.0
69,HLA-DRB107:01,7088.2,ABE73425,DLPPKVHFYYL,69,77.0
176,HLA-DRB107:01,7129.52,ABE73425,SNQSSSDLVAA,176,78.0
331,HLA-DRB107:01,7225.97,ABE73425,SSIKEMQSQSS,331,79.0
92,HLA-DRB107:01,7277.34,ABE73425,RSDGVVWVAKE,92,80.0
262,HLA-DRB107:01,7338.92,ABE73425,LVQNGVDAKGF,262,81.0
302,HLA-DRB107:01,7405.07,ABE73425,ITYTYKMLVAK,302,82.0
273,HLA-DRB107:01,7448.13,ABE73425,PQLAELIPNQA,273,83.0
96,HLA-DRB107:01,7561.67,ABE73425,VVWVAKEGAKT,96,84.0
285,HLA-DRB107:01,7608.39,ABE73425,LFFDSEVSTDE,285,85.0
97,HLA-DRB107:01,8030.82,ABE73425,VWVAKEGAKTV,97,86.0
303,HLA-DRB107:01,8141.66,ABE73425,TYTYKMLVAKD,303,87.0
253,HLA-DRB107:01,8150.38,ABE73425,FNHNMGDSDLV,253,88.0
52,HLA-DRB107:01,8525.09,ABE73425,GYWNVQERWRM,52,89.0
17,HLA-DRB107:01,8766.55,ABE73425,PSFYMPLLVSS,17,90.0
274,HLA-DRB107:01,8994.3,ABE73425,QLAELIPNQAA,274,91.0
58,HLA-DRB107:01,9240.82,ABE73425,ERWRMRRGQRV,58,92.0
284,HLA-DRB107:01,9288.11,ABE73425,ALFFDSEVSTD,284,93.0
263,HLA-DRB107:01,9402.81,ABE73425,VQNGVDAKGFP,263,94.0
225,HLA-DRB107:01,9590.13,ABE73425,KPSQLKKPRWK,225,95.0
185,HLA-DRB107:01,9605.95,ABE73425,AAVTLALKNLG,185,96.0
53,HLA-DRB107:01,9728.12,ABE73425,YWNVQERWRMR,53,97.0
25,HLA-DRB107:01,9746.59,ABE73425,VSSDKAPYRVI,25,98.0
314,HLA-DRB107:01,9837.88,ABE73425,NKNLPKFIEQI,314,99.0
226,HLA-DRB107:01,9895.03,ABE73425,PSQLKKPRWKR,226,100.0
146,HLA-DRB107:01,9901.8,ABE73425,SRASSRSSTRN,146,101.0
214,HLA-DRB107:01,10223.1,ABE73425,PNKPLSQPRAD,214,102.0
288,HLA-DRB107:01,10292.77,ABE73425,DSEVSTDEVGD,288,103.0
102,HLA-DRB107:01,10328.32,ABE73425,EGAKTVNTSLG,102,104.0
49,HLA-DRB107:01,10553.38,ABE73425,EQIGYWNVQER,49,105.0
243,HLA-DRB107:01,10599.69,ABE73425,NVIQCFGPRDF,243,106.0
169,HLA-DRB107:01,10606.29,ABE73425,QSRTRSDSNQS,169,107.0
271,HLA-DRB107:01,10611.22,ABE73425,GFPQLAELIPN,271,108.0
198,HLA-DRB107:01,10621.96,ABE73425,NQSKSPSSSGT,198,109.0
170,HLA-DRB107:01,10733.66,ABE73425,SRTRSDSNQSS,170,110.0
147,HLA-DRB107:01,10790.63,ABE73425,RASSRSSTRNN,147,111.0
70,HLA-DRB107:01,11034.35,ABE73425,LPPKVHFYYLG,70,112.0
174,HLA-DRB107:01,11132.57,ABE73425,SDSNQSSSDLV,174,113.0
118,HLA-DRB107:01,11212.53,ABE73425,QKPLEPKFSIA,118,114.0
76,HLA-DRB107:01,11288.66,ABE73425,FYYLGTGPHKD,76,115.0
103,HLA-DRB107:01,11402.7,ABE73425,GAKTVNTSLGN,103,116.0
283,HLA-DRB107:01,11517.73,ABE73425,AALFFDSEVST,283,117.0
164,HLA-DRB107:01,11518.86,ABE73425,STSRQQSRTRS,164,118.0
68,HLA-DRB107:01,11805.78,ABE73425,VDLPPKVHFYY,68,119.0
227,HLA-DRB107:01,11864.33,ABE73425,SQLKKPRWKRV,227,120.0
259,HLA-DRB107:01,11986.23,ABE73425,DSDLVQNGVDA,259,121.0
16,HLA-DRB107:01,11992.09,ABE73425,PPSFYMPLLVS,16,122.0
59,HLA-DRB107:01,12066.13,ABE73425,RWRMRRGQRVD,59,123.0
104,HLA-DRB107:01,12161.15,ABE73425,AKTVNTSLGNR,104,124.0
66,HLA-DRB107:01,12346.67,ABE73425,QRVDLPPKVHF,66,125.0
167,HLA-DRB107:01,12437.81,ABE73425,RQQSRTRSDSN,167,126.0
251,HLA-DRB107:01,12449.32,ABE73425,RDFNHNMGDSD,251,127.0
171,HLA-DRB107:01,12499.98,ABE73425,RTRSDSNQSSS,171,128.0
50,HLA-DRB107:01,12942.57,ABE73425,QIGYWNVQERW,50,129.0
24,HLA-DRB107:01,12956.53,ABE73425,LVSSDKAPYRV,24,130.0
0,HLA-DRB107:01,13069.32,ABE73425,ASVNWADDRAA,0,131.0
166,HLA-DRB107:01,13117.28,ABE73425,SRQQSRTRSDS,166,132.0
296,HLA-DRB107:01,13392.53,ABE73425,VGDNVQITYTY,296,133.0
51,HLA-DRB107:01,13402.25,ABE73425,IGYWNVQERWR,51,134.0
163,HLA-DRB107:01,13405.29,ABE73425,RSTSRQQSRTR,163,135.0
193,HLA-DRB107:01,13417.41,ABE73425,NLGFDNQSKSP,193,136.0
224,HLA-DRB107:01,13561.31,ABE73425,DKPSQLKKPRW,224,137.0
12,HLA-DRB107:01,13686.33,ABE73425,KKFPPPSFYMP,12,138.0
41,HLA-DRB107:01,13901.14,ABE73425,PIGKGNKDEQI,41,139.0
161,HLA-DRB107:01,13953.86,ABE73425,SSRSTSRQQSR,161,140.0
234,HLA-DRB107:01,14285.62,ABE73425,WKRVPTREENV,234,141.0
240,HLA-DRB107:01,14311.77,ABE73425,REENVIQCFGP,240,142.0
101,HLA-DRB107:01,14374.26,ABE73425,KEGAKTVNTSL,101,143.0
10,HLA-DRB107:01,14400.13,ABE73425,ARKKFPPPSFY,10,144.0
242,HLA-DRB107:01,14446.41,ABE73425,ENVIQCFGPRD,242,145.0
287,HLA-DRB107:01,14461.65,ABE73425,FDSEVSTDEVG,287,146.0
201,HLA-DRB107:01,14528.05,ABE73425,KSPSSSGTFTP,201,147.0
213,HLA-DRB107:01,14626.05,ABE73425,KPNKPLSQPRA,213,148.0
106,HLA-DRB107:01,14690.55,ABE73425,TVNTSLGNRKR,106,149.0
95,HLA-DRB107:01,14808.85,ABE73425,GVVWVAKEGAK,95,150.0
264,HLA-DRB107:01,14820.29,ABE73425,QNGVDAKGFPQ,264,151.0
233,HLA-DRB107:01,14877.0,ABE73425,RWKRVPTREEN,233,152.0
98,HLA-DRB107:01,14927.09,ABE73425,WVAKEGAKTVN,98,153.0
86,HLA-DRB107:01,14985.29,ABE73425,DLKFRQRSDGV,86,154.0
232,HLA-DRB107:01,15042.58,ABE73425,PRWKRVPTREE,232,155.0
71,HLA-DRB107:01,15134.48,ABE73425,PPKVHFYYLGT,71,156.0
115,HLA-DRB107:01,15200.67,ABE73425,KRNQKPLEPKF,115,157.0
290,HLA-DRB107:01,15243.18,ABE73425,EVSTDEVGDNV,290,158.0
275,HLA-DRB107:01,15360.6,ABE73425,LAELIPNQAAL,275,159.0
19,HLA-DRB107:01,15476.19,ABE73425,FYMPLLVSSDK,19,160.0
77,HLA-DRB107:01,15485.86,ABE73425,YYLGTGPHKDL,77,161.0
143,HLA-DRB107:01,15617.72,ABE73425,NNSSRASSRSS,143,162.0
291,HLA-DRB107:01,15664.46,ABE73425,VSTDEVGDNVQ,291,163.0
312,HLA-DRB107:01,15729.51,ABE73425,KDNKNLPKFIE,312,164.0
221,HLA-DRB107:01,16031.93,ABE73425,PRADKPSQLKK,221,165.0
272,HLA-DRB107:01,16066.34,ABE73425,FPQLAELIPNQ,272,166.0
82,HLA-DRB107:01,16284.8,ABE73425,GPHKDLKFRQR,82,167.0
172,HLA-DRB107:01,16422.74,ABE73425,TRSDSNQSSSD,172,168.0
165,HLA-DRB107:01,16491.87,ABE73425,TSRQQSRTRSD,165,169.0
156,HLA-DRB107:01,16549.48,ABE73425,NNSRDSSRSTS,156,170.0
236,HLA-DRB107:01,16579.41,ABE73425,RVPTREENVIQ,236,171.0
119,HLA-DRB107:01,16649.67,ABE73425,KPLEPKFSIAL,119,172.0
140,HLA-DRB107:01,16798.17,ABE73425,DRSNNSSRASS,140,173.0
289,HLA-DRB107:01,16807.74,ABE73425,SEVSTDEVGDN,289,174.0
74,HLA-DRB107:01,16849.26,ABE73425,VHFYYLGTGPH,74,175.0
254,HLA-DRB107:01,16856.58,ABE73425,NHNMGDSDLVQ,254,176.0
33,HLA-DRB107:01,16860.51,ABE73425,RVIPRNLVPIG,33,177.0
168,HLA-DRB107:01,16862.94,ABE73425,QQSRTRSDSNQ,168,178.0
255,HLA-DRB107:01,16878.97,ABE73425,HNMGDSDLVQN,255,179.0
83,HLA-DRB107:01,16966.49,ABE73425,PHKDLKFRQRS,83,180.0
196,HLA-DRB107:01,17026.55,ABE73425,FDNQSKSPSSS,196,181.0
57,HLA-DRB107:01,17037.4,ABE73425,QERWRMRRGQR,57,182.0
241,HLA-DRB107:01,17073.35,ABE73425,EENVIQCFGPR,241,183.0
297,HLA-DRB107:01,17078.02,ABE73425,GDNVQITYTYK,297,184.0
281,HLA-DRB107:01,17137.19,ABE73425,NQAALFFDSEV,281,185.0
280,HLA-DRB107:01,17191.15,ABE73425,PNQAALFFDSE,280,186.0
220,HLA-DRB107:01,17256.16,ABE73425,QPRADKPSQLK,220,187.0
67,HLA-DRB107:01,17322.67,ABE73425,RVDLPPKVHFY,67,188.0
306,HLA-DRB107:01,17323.22,ABE73425,YKMLVAKDNKN,306,189.0
216,HLA-DRB107:01,17508.43,ABE73425,KPLSQPRADKP,216,190.0
332,HLA-DRB107:01,17568.05,ABE73425,SIKEMQSQSSH,332,191.0
265,HLA-DRB107:01,17604.16,ABE73425,NGVDAKGFPQL,265,192.0
195,HLA-DRB107:01,17942.14,ABE73425,GFDNQSKSPSS,195,193.0
223,HLA-DRB107:01,18039.8,ABE73425,ADKPSQLKKPR,223,194.0
282,HLA-DRB107:01,18051.23,ABE73425,QAALFFDSEVS,282,195.0
258,HLA-DRB107:01,18586.23,ABE73425,GDSDLVQNGVD,258,196.0
127,HLA-DRB107:01,18664.34,ABE73425,IALPPELSVVE,127,197.0
257,HLA-DRB107:01,18682.38,ABE73425,MGDSDLVQNGV,257,198.0
295,HLA-DRB107:01,18771.85,ABE73425,EVGDNVQITYT,295,199.0
13,HLA-DRB107:01,19009.89,ABE73425,KFPPPSFYMPL,13,200.0
9,HLA-DRB107:01,19061.01,ABE73425,AARKKFPPPSF,9,201.0
208,HLA-DRB107:01,19205.33,ABE73425,TFTPKKPNKPL,208,202.0
1,HLA-DRB107:01,19347.14,ABE73425,SVNWADDRAAR,1,203.0
197,HLA-DRB107:01,19468.07,ABE73425,DNQSKSPSSSG,197,204.0
212,HLA-DRB107:01,19488.26,ABE73425,KKPNKPLSQPR,212,205.0
155,HLA-DRB107:01,19616.91,ABE73425,RNNSRDSSRST,155,206.0
133,HLA-DRB107:01,19662.71,ABE73425,LSVVEFEDRSN,133,207.0
266,HLA-DRB107:01,19718.38,ABE73425,GVDAKGFPQLA,266,208.0
244,HLA-DRB107:01,19811.19,ABE73425,VIQCFGPRDFN,244,209.0
117,HLA-DRB107:01,19880.62,ABE73425,NQKPLEPKFSI,117,210.0
48,HLA-DRB107:01,20008.66,ABE73425,DEQIGYWNVQE,48,211.0
54,HLA-DRB107:01,20159.91,ABE73425,WNVQERWRMRR,54,212.0
222,HLA-DRB107:01,20173.33,ABE73425,RADKPSQLKKP,222,213.0
228,HLA-DRB107:01,20246.06,ABE73425,QLKKPRWKRVP,228,214.0
245,HLA-DRB107:01,20376.1,ABE73425,IQCFGPRDFNH,245,215.0
148,HLA-DRB107:01,20393.68,ABE73425,ASSRSSTRNNS,148,216.0
261,HLA-DRB107:01,20439.0,ABE73425,DLVQNGVDAKG,261,217.0
78,HLA-DRB107:01,20670.76,ABE73425,YLGTGPHKDLK,78,218.0
142,HLA-DRB107:01,20936.43,ABE73425,SNNSSRASSRS,142,219.0
211,HLA-DRB107:01,21129.71,ABE73425,PKKPNKPLSQP,211,220.0
249,HLA-DRB107:01,21190.74,ABE73425,GPRDFNHNMGD,249,221.0
204,HLA-DRB107:01,21226.32,ABE73425,SSSGTFTPKKP,204,222.0
14,HLA-DRB107:01,21239.82,ABE73425,FPPPSFYMPLL,14,223.0
145,HLA-DRB107:01,21450.81,ABE73425,SSRASSRSSTR,145,224.0
23,HLA-DRB107:01,21503.9,ABE73425,LLVSSDKAPYR,23,225.0
231,HLA-DRB107:01,21572.94,ABE73425,KPRWKRVPTRE,231,226.0
294,HLA-DRB107:01,21639.82,ABE73425,DEVGDNVQITY,294,227.0
152,HLA-DRB107:01,21674.66,ABE73425,SSTRNNSRDSS,152,228.0
61,HLA-DRB107:01,21708.28,ABE73425,RMRRGQRVDLP,61,229.0
329,HLA-DRB107:01,21779.28,ABE73425,KPSSIKEMQSQ,329,230.0
26,HLA-DRB107:01,21969.33,ABE73425,SSDKAPYRVIP,26,231.0
305,HLA-DRB107:01,22078.03,ABE73425,TYKMLVAKDNK,305,232.0
3,HLA-DRB107:01,22105.28,ABE73425,NWADDRAARKK,3,233.0
229,HLA-DRB107:01,22702.53,ABE73425,LKKPRWKRVPT,229,234.0
2,HLA-DRB107:01,22703.63,ABE73425,VNWADDRAARK,2,235.0
194,HLA-DRB107:01,22793.22,ABE73425,LGFDNQSKSPS,194,236.0
79,HLA-DRB107:01,22975.86,ABE73425,LGTGPHKDLKF,79,237.0
150,HLA-DRB107:01,23007.23,ABE73425,SRSSTRNNSRD,150,238.0
188,HLA-DRB107:01,23054.7,ABE73425,TLALKNLGFDN,188,239.0
65,HLA-DRB107:01,23086.0,ABE73425,GQRVDLPPKVH,65,240.0
268,HLA-DRB107:01,23088.94,ABE73425,DAKGFPQLAEL,268,241.0
75,HLA-DRB107:01,23099.96,ABE73425,HFYYLGTGPHK,75,242.0
35,HLA-DRB107:01,23204.02,ABE73425,IPRNLVPIGKG,35,243.0
311,HLA-DRB107:01,23204.11,ABE73425,AKDNKNLPKFI,311,244.0
157,HLA-DRB107:01,23204.94,ABE73425,NSRDSSRSTSR,157,245.0
105,HLA-DRB107:01,23296.9,ABE73425,KTVNTSLGNRK,105,246.0
36,HLA-DRB107:01,23388.87,ABE73425,PRNLVPIGKGN,36,247.0
151,HLA-DRB107:01,23655.67,ABE73425,RSSTRNNSRDS,151,248.0
46,HLA-DRB107:01,23760.99,ABE73425,NKDEQIGYWNV,46,249.0
84,HLA-DRB107:01,23947.56,ABE73425,HKDLKFRQRSD,84,250.0
99,HLA-DRB107:01,24235.68,ABE73425,VAKEGAKTVNT,99,251.0
202,HLA-DRB107:01,24246.57,ABE73425,SPSSSGTFTPK,202,252.0
158,HLA-DRB107:01,24308.04,ABE73425,SRDSSRSTSRQ,158,253.0
5,HLA-DRB107:01,24383.61,ABE73425,ADDRAARKKFP,5,254.0
27,HLA-DRB107:01,24403.8,ABE73425,SDKAPYRVIPR,27,255.0
64,HLA-DRB107:01,24753.72,ABE73425,RGQRVDLPPKV,64,256.0
134,HLA-DRB107:01,24766.67,ABE73425,SVVEFEDRSNN,134,257.0
219,HLA-DRB107:01,24790.49,ABE73425,SQPRADKPSQL,219,258.0
250,HLA-DRB107:01,24887.6,ABE73425,PRDFNHNMGDS,250,259.0
238,HLA-DRB107:01,24899.75,ABE73425,PTREENVIQCF,238,260.0
304,HLA-DRB107:01,24975.06,ABE73425,YTYKMLVAKDN,304,261.0
246,HLA-DRB107:01,24990.54,ABE73425,QCFGPRDFNHN,246,262.0
252,HLA-DRB107:01,25243.34,ABE73425,DFNHNMGDSDL,252,263.0
80,HLA-DRB107:01,25373.71,ABE73425,GTGPHKDLKFR,80,264.0
267,HLA-DRB107:01,25396.66,ABE73425,VDAKGFPQLAE,267,265.0
203,HLA-DRB107:01,25489.44,ABE73425,PSSSGTFTPKK,203,266.0
107,HLA-DRB107:01,25822.93,ABE73425,VNTSLGNRKRN,107,267.0
205,HLA-DRB107:01,25938.71,ABE73425,SSGTFTPKKPN,205,268.0
260,HLA-DRB107:01,25979.2,ABE73425,SDLVQNGVDAK,260,269.0
126,HLA-DRB107:01,26028.27,ABE73425,SIALPPELSVV,126,270.0
62,HLA-DRB107:01,26204.52,ABE73425,MRRGQRVDLPP,62,271.0
207,HLA-DRB107:01,26294.31,ABE73425,GTFTPKKPNKP,207,272.0
256,HLA-DRB107:01,26333.07,ABE73425,NMGDSDLVQNG,256,273.0
159,HLA-DRB107:01,26931.1,ABE73425,RDSSRSTSRQQ,159,274.0
34,HLA-DRB107:01,26949.07,ABE73425,VIPRNLVPIGK,34,275.0
28,HLA-DRB107:01,27030.4,ABE73425,DKAPYRVIPRN,28,276.0
190,HLA-DRB107:01,27241.98,ABE73425,ALKNLGFDNQS,190,277.0
39,HLA-DRB107:01,27547.51,ABE73425,LVPIGKGNKDE,39,278.0
218,HLA-DRB107:01,27623.88,ABE73425,LSQPRADKPSQ,218,279.0
47,HLA-DRB107:01,27629.46,ABE73425,KDEQIGYWNVQ,47,280.0
209,HLA-DRB107:01,27858.83,ABE73425,FTPKKPNKPLS,209,281.0
215,HLA-DRB107:01,27886.72,ABE73425,NKPLSQPRADK,215,282.0
230,HLA-DRB107:01,28203.58,ABE73425,KKPRWKRVPTR,230,283.0
116,HLA-DRB107:01,28264.22,ABE73425,RNQKPLEPKFS,116,284.0
139,HLA-DRB107:01,28268.99,ABE73425,EDRSNNSSRAS,139,285.0
85,HLA-DRB107:01,28488.25,ABE73425,KDLKFRQRSDG,85,286.0
310,HLA-DRB107:01,28630.79,ABE73425,VAKDNKNLPKF,310,287.0
38,HLA-DRB107:01,28839.83,ABE73425,NLVPIGKGNKD,38,288.0
44,HLA-DRB107:01,28861.89,ABE73425,KGNKDEQIGYW,44,289.0
141,HLA-DRB107:01,29509.71,ABE73425,RSNNSSRASSR,141,290.0
55,HLA-DRB107:01,29590.21,ABE73425,NVQERWRMRRG,55,291.0
43,HLA-DRB107:01,29704.06,ABE73425,GKGNKDEQIGY,43,292.0
217,HLA-DRB107:01,29812.68,ABE73425,PLSQPRADKPS,217,293.0
153,HLA-DRB107:01,29822.19,ABE73425,STRNNSRDSSR,153,294.0
189,HLA-DRB107:01,29926.04,ABE73425,LALKNLGFDNQ,189,295.0
15,HLA-DRB107:01,30041.89,ABE73425,PPPSFYMPLLV,15,296.0
154,HLA-DRB107:01,30193.84,ABE73425,TRNNSRDSSRS,154,297.0
192,HLA-DRB107:01,30428.31,ABE73425,KNLGFDNQSKS,192,298.0
7,HLA-DRB107:01,30722.59,ABE73425,DRAARKKFPPP,7,299.0
42,HLA-DRB107:01,31082.67,ABE73425,IGKGNKDEQIG,42,300.0
206,HLA-DRB107:01,31183.13,ABE73425,SGTFTPKKPNK,206,301.0
239,HLA-DRB107:01,31320.2,ABE73425,TREENVIQCFG,239,302.0
6,HLA-DRB107:01,31446.47,ABE73425,DDRAARKKFPP,6,303.0
73,HLA-DRB107:01,31474.56,ABE73425,KVHFYYLGTGP,73,304.0
109,HLA-DRB107:01,31515.1,ABE73425,TSLGNRKRNQK,109,305.0
56,HLA-DRB107:01,31660.49,ABE73425,VQERWRMRRGQ,56,306.0
307,HLA-DRB107:01,31847.83,ABE73425,KMLVAKDNKNL,307,307.0
138,HLA-DRB107:01,31982.29,ABE73425,FEDRSNNSSRA,138,308.0
100,HLA-DRB107:01,32089.86,ABE73425,AKEGAKTVNTS,100,309.0
173,HLA-DRB107:01,32237.21,ABE73425,RSDSNQSSSDL,173,310.0
135,HLA-DRB107:01,33010.74,ABE73425,VVEFEDRSNNS,135,311.0
137,HLA-DRB107:01,33175.3,ABE73425,EFEDRSNNSSR,137,312.0
149,HLA-DRB107:01,33351.97,ABE73425,SSRSSTRNNSR,149,313.0
308,HLA-DRB107:01,33530.94,ABE73425,MLVAKDNKNLP,308,314.0
81,HLA-DRB107:01,33595.07,ABE73425,TGPHKDLKFRQ,81,315.0
37,HLA-DRB107:01,34147.36,ABE73425,RNLVPIGKGNK,37,316.0
247,HLA-DRB107:01,34788.63,ABE73425,CFGPRDFNHNM,247,317.0
45,HLA-DRB107:01,34804.17,ABE73425,GNKDEQIGYWN,45,318.0
136,HLA-DRB107:01,34907.25,ABE73425,VEFEDRSNNSS,136,319.0
112,HLA-DRB107:01,34911.43,ABE73425,GNRKRNQKPLE,112,320.0
313,HLA-DRB107:01,35171.23,ABE73425,DNKNLPKFIEQ,313,321.0
110,HLA-DRB107:01,35476.8,ABE73425,SLGNRKRNQKP,110,322.0
111,HLA-DRB107:01,35510.62,ABE73425,LGNRKRNQKPL,111,323.0
40,HLA-DRB107:01,35527.53,ABE73425,VPIGKGNKDEQ,40,324.0
8,HLA-DRB107:01,35713.94,ABE73425,RAARKKFPPPS,8,325.0
248,HLA-DRB107:01,36190.48,ABE73425,FGPRDFNHNMG,248,326.0
210,HLA-DRB107:01,36405.99,ABE73425,TPKKPNKPLSQ,210,327.0
72,HLA-DRB107:01,36680.85,ABE73425,PKVHFYYLGTG,72,328.0
191,HLA-DRB107:01,37149.78,ABE73425,LKNLGFDNQSK,191,329.0
63,HLA-DRB107:01,37176.31,ABE73425,RRGQRVDLPPK,63,330.0
113,HLA-DRB107:01,37352.51,ABE73425,NRKRNQKPLEP,113,331.0
108,HLA-DRB107:01,38650.03,ABE73425,NTSLGNRKRNQ,108,332.0
114,HLA-DRB107:01,39220.0,ABE73425,RKRNQKPLEPK,114,333.0
309,HLA-DRB107:01,40742.26,ABE73425,LVAKDNKNLPK,309,334.0
237,HLA-DRB108:01,277.54,ABE73425,VPTREENVIQC,237,1.0
60,HLA-DRB108:01,979.5,ABE73425,WRMRRGQRVDL,60,2.0
186,HLA-DRB108:01,1787.12,ABE73425,AVTLALKNLGF,186,3.0
59,HLA-DRB108:01,1787.18,ABE73425,RWRMRRGQRVD,59,4.0
183,HLA-DRB108:01,2003.67,ABE73425,LVAAVTLALKN,183,5.0
53,HLA-DRB108:01,2039.41,ABE73425,YWNVQERWRMR,53,6.0
187,HLA-DRB108:01,2271.9,ABE73425,VTLALKNLGFD,187,7.0
182,HLA-DRB108:01,2317.8,ABE73425,DLVAAVTLALK,182,8.0
278,HLA-DRB108:01,2537.01,ABE73425,LIPNQAALFFD,278,9.0
181,HLA-DRB108:01,2620.65,ABE73425,SDLVAAVTLAL,181,10.0
32,HLA-DRB108:01,2716.99,ABE73425,YRVIPRNLVPI,32,11.0
125,HLA-DRB108:01,2781.11,ABE73425,FSIALPPELSV,125,12.0
299,HLA-DRB108:01,2972.42,ABE73425,NVQITYTYKML,299,13.0
57,HLA-DRB108:01,2987.21,ABE73425,QERWRMRRGQR,57,14.0
184,HLA-DRB108:01,3077.02,ABE73425,VAAVTLALKNL,184,15.0
279,HLA-DRB108:01,3160.7,ABE73425,IPNQAALFFDS,279,16.0
130,HLA-DRB108:01,3387.67,ABE73425,PPELSVVEFED,130,17.0
235,HLA-DRB108:01,3460.24,ABE73425,KRVPTREENVI,235,18.0
30,HLA-DRB108:01,3516.3,ABE73425,APYRVIPRNLV,30,19.0
54,HLA-DRB108:01,3532.23,ABE73425,WNVQERWRMRR,54,20.0
131,HLA-DRB108:01,3538.76,ABE73425,PELSVVEFEDR,131,21.0
132,HLA-DRB108:01,3824.55,ABE73425,ELSVVEFEDRS,132,22.0
52,HLA-DRB108:01,3918.2,ABE73425,GYWNVQERWRM,52,23.0
69,HLA-DRB108:01,3977.21,ABE73425,DLPPKVHFYYL,69,24.0
58,HLA-DRB108:01,4260.06,ABE73425,ERWRMRRGQRV,58,25.0
292,HLA-DRB108:01,4366.04,ABE73425,STDEVGDNVQI,292,26.0
129,HLA-DRB108:01,4369.05,ABE73425,LPPELSVVEFE,129,27.0
269,HLA-DRB108:01,4414.52,ABE73425,AKGFPQLAELI,269,28.0
121,HLA-DRB108:01,4495.88,ABE73425,LEPKFSIALPP,121,29.0
76,HLA-DRB108:01,4508.46,ABE73425,FYYLGTGPHKD,76,30.0
29,HLA-DRB108:01,4551.3,ABE73425,KAPYRVIPRNL,29,31.0
11,HLA-DRB108:01,4576.23,ABE73425,RKKFPPPSFYM,11,32.0
128,HLA-DRB108:01,4762.21,ABE73425,ALPPELSVVEF,128,33.0
4,HLA-DRB108:01,4779.13,ABE73425,WADDRAARKKF,4,34.0
88,HLA-DRB108:01,4927.07,ABE73425,KFRQRSDGVVW,88,35.0
0,HLA-DRB108:01,4937.0,ABE73425,ASVNWADDRAA,0,36.0
31,HLA-DRB108:01,5027.21,ABE73425,PYRVIPRNLVP,31,37.0
333,HLA-DRB108:01,5051.13,ABE73425,IKEMQSQSSHV,333,38.0
179,HLA-DRB108:01,5181.59,ABE73425,SSSDLVAAVTL,179,39.0
318,HLA-DRB108:01,5202.89,ABE73425,PKFIEQISAFT,318,40.0
175,HLA-DRB108:01,5371.75,ABE73425,DSNQSSSDLVA,175,41.0
262,HLA-DRB108:01,5441.49,ABE73425,LVQNGVDAKGF,262,42.0
326,HLA-DRB108:01,5490.5,ABE73425,AFTKPSSIKEM,326,43.0
306,HLA-DRB108:01,5535.4,ABE73425,YKMLVAKDNKN,306,44.0
273,HLA-DRB108:01,5535.41,ABE73425,PQLAELIPNQA,273,45.0
185,HLA-DRB108:01,5537.32,ABE73425,AAVTLALKNLG,185,46.0
226,HLA-DRB108:01,5574.55,ABE73425,PSQLKKPRWKR,226,47.0
87,HLA-DRB108:01,5591.77,ABE73425,LKFRQRSDGVV,87,48.0
90,HLA-DRB108:01,5591.93,ABE73425,RQRSDGVVWVA,90,49.0
316,HLA-DRB108:01,5653.42,ABE73425,NLPKFIEQISA,316,50.0
307,HLA-DRB108:01,5771.91,ABE73425,KMLVAKDNKNL,307,51.0
298,HLA-DRB108:01,5811.32,ABE73425,DNVQITYTYKM,298,52.0
177,HLA-DRB108:01,5843.62,ABE73425,NQSSSDLVAAV,177,53.0
227,HLA-DRB108:01,5930.69,ABE73425,SQLKKPRWKRV,227,54.0
317,HLA-DRB108:01,5959.64,ABE73425,LPKFIEQISAF,317,55.0
236,HLA-DRB108:01,6001.57,ABE73425,RVPTREENVIQ,236,56.0
77,HLA-DRB108:01,6009.71,ABE73425,YYLGTGPHKDL,77,57.0
238,HLA-DRB108:01,6020.28,ABE73425,PTREENVIQCF,238,58.0
66,HLA-DRB108:01,6172.86,ABE73425,QRVDLPPKVHF,66,59.0
51,HLA-DRB108:01,6242.61,ABE73425,IGYWNVQERWR,51,60.0
234,HLA-DRB108:01,6479.25,ABE73425,WKRVPTREENV,234,61.0
253,HLA-DRB108:01,6542.97,ABE73425,FNHNMGDSDLV,253,62.0
82,HLA-DRB108:01,6544.19,ABE73425,GPHKDLKFRQR,82,63.0
315,HLA-DRB108:01,6707.1,ABE73425,KNLPKFIEQIS,315,64.0
78,HLA-DRB108:01,6709.84,ABE73425,YLGTGPHKDLK,78,65.0
56,HLA-DRB108:01,6748.32,ABE73425,VQERWRMRRGQ,56,66.0
120,HLA-DRB108:01,6763.59,ABE73425,PLEPKFSIALP,120,67.0
305,HLA-DRB108:01,6764.95,ABE73425,TYKMLVAKDNK,305,68.0
83,HLA-DRB108:01,6787.38,ABE73425,PHKDLKFRQRS,83,69.0
254,HLA-DRB108:01,6858.0,ABE73425,NHNMGDSDLVQ,254,70.0
133,HLA-DRB108:01,6888.76,ABE73425,LSVVEFEDRSN,133,71.0
20,HLA-DRB108:01,6909.26,ABE73425,YMPLLVSSDKA,20,72.0
124,HLA-DRB108:01,6914.34,ABE73425,KFSIALPPELS,124,73.0
71,HLA-DRB108:01,6922.64,ABE73425,PPKVHFYYLGT,71,74.0
118,HLA-DRB108:01,6941.8,ABE73425,QKPLEPKFSIA,118,75.0
98,HLA-DRB108:01,6966.6,ABE73425,WVAKEGAKTVN,98,76.0
229,HLA-DRB108:01,6975.76,ABE73425,LKKPRWKRVPT,229,77.0
67,HLA-DRB108:01,7007.13,ABE73425,RVDLPPKVHFY,67,78.0
176,HLA-DRB108:01,7019.43,ABE73425,SNQSSSDLVAA,176,79.0
68,HLA-DRB108:01,7021.51,ABE73425,VDLPPKVHFYY,68,80.0
89,HLA-DRB108:01,7030.82,ABE73425,FRQRSDGVVWV,89,81.0
126,HLA-DRB108:01,7038.85,ABE73425,SIALPPELSVV,126,82.0
49,HLA-DRB108:01,7123.04,ABE73425,EQIGYWNVQER,49,83.0
70,HLA-DRB108:01,7140.12,ABE73425,LPPKVHFYYLG,70,84.0
276,HLA-DRB108:01,7232.13,ABE73425,AELIPNQAALF,276,85.0
277,HLA-DRB108:01,7256.42,ABE73425,ELIPNQAALFF,277,86.0
178,HLA-DRB108:01,7278.8,ABE73425,QSSSDLVAAVT,178,87.0
330,HLA-DRB108:01,7291.39,ABE73425,PSSIKEMQSQS,330,88.0
200,HLA-DRB108:01,7345.27,ABE73425,SKSPSSSGTFT,200,89.0
164,HLA-DRB108:01,7544.05,ABE73425,STSRQQSRTRS,164,90.0
94,HLA-DRB108:01,7553.67,ABE73425,DGVVWVAKEGA,94,91.0
300,HLA-DRB108:01,7586.53,ABE73425,VQITYTYKMLV,300,92.0
18,HLA-DRB108:01,7618.59,ABE73425,SFYMPLLVSSD,18,93.0
290,HLA-DRB108:01,7738.97,ABE73425,EVSTDEVGDNV,290,94.0
323,HLA-DRB108:01,7771.76,ABE73425,QISAFTKPSSI,323,95.0
270,HLA-DRB108:01,7772.52,ABE73425,KGFPQLAELIP,270,96.0
25,HLA-DRB108:01,7802.65,ABE73425,VSSDKAPYRVI,25,97.0
21,HLA-DRB108:01,7819.19,ABE73425,MPLLVSSDKAP,21,98.0
274,HLA-DRB108:01,7833.17,ABE73425,QLAELIPNQAA,274,99.0
22,HLA-DRB108:01,7838.95,ABE73425,PLLVSSDKAPY,22,100.0
233,HLA-DRB108:01,7877.51,ABE73425,RWKRVPTREEN,233,101.0
170,HLA-DRB108:01,7903.86,ABE73425,SRTRSDSNQSS,170,102.0
61,HLA-DRB108:01,7928.38,ABE73425,RMRRGQRVDLP,61,103.0
293,HLA-DRB108:01,7949.25,ABE73425,TDEVGDNVQIT,293,104.0
228,HLA-DRB108:01,8012.95,ABE73425,QLKKPRWKRVP,228,105.0
99,HLA-DRB108:01,8235.94,ABE73425,VAKEGAKTVNT,99,106.0
119,HLA-DRB108:01,8342.52,ABE73425,KPLEPKFSIAL,119,107.0
117,HLA-DRB108:01,8351.8,ABE73425,NQKPLEPKFSI,117,108.0
265,HLA-DRB108:01,8377.76,ABE73425,NGVDAKGFPQL,265,109.0
123,HLA-DRB108:01,8379.86,ABE73425,PKFSIALPPEL,123,110.0
331,HLA-DRB108:01,8396.88,ABE73425,SSIKEMQSQSS,331,111.0
127,HLA-DRB108:01,8404.24,ABE73425,IALPPELSVVE,127,112.0
55,HLA-DRB108:01,8412.35,ABE73425,NVQERWRMRRG,55,113.0
320,HLA-DRB108:01,8451.46,ABE73425,FIEQISAFTKP,320,114.0
289,HLA-DRB108:01,8510.53,ABE73425,SEVSTDEVGDN,289,115.0
314,HLA-DRB108:01,8513.08,ABE73425,NKNLPKFIEQI,314,116.0
147,HLA-DRB108:01,8587.98,ABE73425,RASSRSSTRNN,147,117.0
161,HLA-DRB108:01,8614.34,ABE73425,SSRSTSRQQSR,161,118.0
162,HLA-DRB108:01,8617.88,ABE73425,SRSTSRQQSRT,162,119.0
24,HLA-DRB108:01,8674.03,ABE73425,LVSSDKAPYRV,24,120.0
328,HLA-DRB108:01,8758.13,ABE73425,TKPSSIKEMQS,328,121.0
160,HLA-DRB108:01,8921.71,ABE73425,DSSRSTSRQQS,160,122.0
97,HLA-DRB108:01,9026.55,ABE73425,VWVAKEGAKTV,97,123.0
327,HLA-DRB108:01,9092.72,ABE73425,FTKPSSIKEMQ,327,124.0
163,HLA-DRB108:01,9105.06,ABE73425,RSTSRQQSRTR,163,125.0
240,HLA-DRB108:01,9153.6,ABE73425,REENVIQCFGP,240,126.0
152,HLA-DRB108:01,9170.32,ABE73425,SSTRNNSRDSS,152,127.0
288,HLA-DRB108:01,9229.29,ABE73425,DSEVSTDEVGD,288,128.0
148,HLA-DRB108:01,9307.73,ABE73425,ASSRSSTRNNS,148,129.0
281,HLA-DRB108:01,9323.06,ABE73425,NQAALFFDSEV,281,130.0
272,HLA-DRB108:01,9446.52,ABE73425,FPQLAELIPNQ,272,131.0
79,HLA-DRB108:01,9455.35,ABE73425,LGTGPHKDLKF,79,132.0
144,HLA-DRB108:01,9473.12,ABE73425,NSSRASSRSST,144,133.0
86,HLA-DRB108:01,9526.06,ABE73425,DLKFRQRSDGV,86,134.0
232,HLA-DRB108:01,9543.46,ABE73425,PRWKRVPTREE,232,135.0
263,HLA-DRB108:01,9654.46,ABE73425,VQNGVDAKGFP,263,136.0
294,HLA-DRB108:01,9708.89,ABE73425,DEVGDNVQITY,294,137.0
291,HLA-DRB108:01,9721.46,ABE73425,VSTDEVGDNVQ,291,138.0
303,HLA-DRB108:01,9721.98,ABE73425,TYTYKMLVAKD,303,139.0
286,HLA-DRB108:01,9754.29,ABE73425,FFDSEVSTDEV,286,140.0
106,HLA-DRB108:01,9985.83,ABE73425,TVNTSLGNRKR,106,141.0
243,HLA-DRB108:01,10012.26,ABE73425,NVIQCFGPRDF,243,142.0
91,HLA-DRB108:01,10024.41,ABE73425,QRSDGVVWVAK,91,143.0
280,HLA-DRB108:01,10037.55,ABE73425,PNQAALFFDSE,280,144.0
239,HLA-DRB108:01,10144.42,ABE73425,TREENVIQCFG,239,145.0
275,HLA-DRB108:01,10158.14,ABE73425,LAELIPNQAAL,275,146.0
122,HLA-DRB108:01,10159.93,ABE73425,EPKFSIALPPE,122,147.0
50,HLA-DRB108:01,10161.42,ABE73425,QIGYWNVQERW,50,148.0
1,HLA-DRB108:01,10164.18,ABE73425,SVNWADDRAAR,1,149.0
255,HLA-DRB108:01,10165.09,ABE73425,HNMGDSDLVQN,255,150.0
224,HLA-DRB108:01,10267.62,ABE73425,DKPSQLKKPRW,224,151.0
225,HLA-DRB108:01,10325.55,ABE73425,KPSQLKKPRWK,225,152.0
285,HLA-DRB108:01,10332.45,ABE73425,LFFDSEVSTDE,285,153.0
329,HLA-DRB108:01,10358.1,ABE73425,KPSSIKEMQSQ,329,154.0
283,HLA-DRB108:01,10451.27,ABE73425,AALFFDSEVST,283,155.0
171,HLA-DRB108:01,10483.95,ABE73425,RTRSDSNQSSS,171,156.0
169,HLA-DRB108:01,10525.9,ABE73425,QSRTRSDSNQS,169,157.0
134,HLA-DRB108:01,10529.57,ABE73425,SVVEFEDRSNN,134,158.0
271,HLA-DRB108:01,10567.21,ABE73425,GFPQLAELIPN,271,159.0
41,HLA-DRB108:01,10580.12,ABE73425,PIGKGNKDEQI,41,160.0
199,HLA-DRB108:01,10647.41,ABE73425,QSKSPSSSGTF,199,161.0
93,HLA-DRB108:01,10712.75,ABE73425,SDGVVWVAKEG,93,162.0
301,HLA-DRB108:01,10853.03,ABE73425,QITYTYKMLVA,301,163.0
174,HLA-DRB108:01,10950.8,ABE73425,SDSNQSSSDLV,174,164.0
287,HLA-DRB108:01,11066.57,ABE73425,FDSEVSTDEVG,287,165.0
282,HLA-DRB108:01,11079.42,ABE73425,QAALFFDSEVS,282,166.0
180,HLA-DRB108:01,11174.46,ABE73425,SSDLVAAVTLA,180,167.0
12,HLA-DRB108:01,11221.09,ABE73425,KKFPPPSFYMP,12,168.0
256,HLA-DRB108:01,11285.37,ABE73425,NMGDSDLVQNG,256,169.0
23,HLA-DRB108:01,11325.03,ABE73425,LLVSSDKAPYR,23,170.0
321,HLA-DRB108:01,11328.77,ABE73425,IEQISAFTKPS,321,171.0
257,HLA-DRB108:01,11379.27,ABE73425,MGDSDLVQNGV,257,172.0
48,HLA-DRB108:01,11495.2,ABE73425,DEQIGYWNVQE,48,173.0
80,HLA-DRB108:01,11516.74,ABE73425,GTGPHKDLKFR,80,174.0
146,HLA-DRB108:01,11519.35,ABE73425,SRASSRSSTRN,146,175.0
145,HLA-DRB108:01,11566.96,ABE73425,SSRASSRSSTR,145,176.0
135,HLA-DRB108:01,11583.02,ABE73425,VVEFEDRSNNS,135,177.0
284,HLA-DRB108:01,11592.11,ABE73425,ALFFDSEVSTD,284,178.0
17,HLA-DRB108:01,11624.23,ABE73425,PSFYMPLLVSS,17,179.0
95,HLA-DRB108:01,11677.94,ABE73425,GVVWVAKEGAK,95,180.0
102,HLA-DRB108:01,11683.55,ABE73425,EGAKTVNTSLG,102,181.0
39,HLA-DRB108:01,11733.94,ABE73425,LVPIGKGNKDE,39,182.0
115,HLA-DRB108:01,11745.61,ABE73425,KRNQKPLEPKF,115,183.0
26,HLA-DRB108:01,11785.17,ABE73425,SSDKAPYRVIP,26,184.0
266,HLA-DRB108:01,11798.19,ABE73425,GVDAKGFPQLA,266,185.0
295,HLA-DRB108:01,11817.0,ABE73425,EVGDNVQITYT,295,186.0
33,HLA-DRB108:01,11827.21,ABE73425,RVIPRNLVPIG,33,187.0
65,HLA-DRB108:01,11871.76,ABE73425,GQRVDLPPKVH,65,188.0
46,HLA-DRB108:01,11938.56,ABE73425,NKDEQIGYWNV,46,189.0
157,HLA-DRB108:01,11967.6,ABE73425,NSRDSSRSTSR,157,190.0
64,HLA-DRB108:01,11985.13,ABE73425,RGQRVDLPPKV,64,191.0
220,HLA-DRB108:01,12097.14,ABE73425,QPRADKPSQLK,220,192.0
304,HLA-DRB108:01,12098.13,ABE73425,YTYKMLVAKDN,304,193.0
216,HLA-DRB108:01,12099.39,ABE73425,KPLSQPRADKP,216,194.0
111,HLA-DRB108:01,12146.44,ABE73425,LGNRKRNQKPL,111,195.0
230,HLA-DRB108:01,12236.68,ABE73425,KKPRWKRVPTR,230,196.0
62,HLA-DRB108:01,12258.33,ABE73425,MRRGQRVDLPP,62,197.0
13,HLA-DRB108:01,12413.66,ABE73425,KFPPPSFYMPL,13,198.0
259,HLA-DRB108:01,12414.77,ABE73425,DSDLVQNGVDA,259,199.0
81,HLA-DRB108:01,12460.01,ABE73425,TGPHKDLKFRQ,81,200.0
116,HLA-DRB108:01,12464.2,ABE73425,RNQKPLEPKFS,116,201.0
245,HLA-DRB108:01,12552.25,ABE73425,IQCFGPRDFNH,245,202.0
268,HLA-DRB108:01,12573.38,ABE73425,DAKGFPQLAEL,268,203.0
155,HLA-DRB108:01,12581.11,ABE73425,RNNSRDSSRST,155,204.0
96,HLA-DRB108:01,12589.76,ABE73425,VVWVAKEGAKT,96,205.0
322,HLA-DRB108:01,12601.62,ABE73425,EQISAFTKPSS,322,206.0
10,HLA-DRB108:01,12611.27,ABE73425,ARKKFPPPSFY,10,207.0
217,HLA-DRB108:01,12612.12,ABE73425,PLSQPRADKPS,217,208.0
108,HLA-DRB108:01,12708.33,ABE73425,NTSLGNRKRNQ,108,209.0
101,HLA-DRB108:01,12754.9,ABE73425,KEGAKTVNTSL,101,210.0
84,HLA-DRB108:01,12769.8,ABE73425,HKDLKFRQRSD,84,211.0
261,HLA-DRB108:01,12795.87,ABE73425,DLVQNGVDAKG,261,212.0
296,HLA-DRB108:01,12839.18,ABE73425,VGDNVQITYTY,296,213.0
19,HLA-DRB108:01,12904.89,ABE73425,FYMPLLVSSDK,19,214.0
208,HLA-DRB108:01,12943.22,ABE73425,TFTPKKPNKPL,208,215.0
319,HLA-DRB108:01,13039.99,ABE73425,KFIEQISAFTK,319,216.0
221,HLA-DRB108:01,13068.06,ABE73425,PRADKPSQLKK,221,217.0
219,HLA-DRB108:01,13087.88,ABE73425,SQPRADKPSQL,219,218.0
100,HLA-DRB108:01,13144.12,ABE73425,AKEGAKTVNTS,100,219.0
14,HLA-DRB108:01,13183.3,ABE73425,FPPPSFYMPLL,14,220.0
151,HLA-DRB108:01,13287.45,ABE73425,RSSTRNNSRDS,151,221.0
35,HLA-DRB108:01,13293.64,ABE73425,IPRNLVPIGKG,35,222.0
241,HLA-DRB108:01,13312.22,ABE73425,EENVIQCFGPR,241,223.0
188,HLA-DRB108:01,13338.38,ABE73425,TLALKNLGFDN,188,224.0
107,HLA-DRB108:01,13394.71,ABE73425,VNTSLGNRKRN,107,225.0
159,HLA-DRB108:01,13558.98,ABE73425,RDSSRSTSRQQ,159,226.0
153,HLA-DRB108:01,13626.91,ABE73425,STRNNSRDSSR,153,227.0
166,HLA-DRB108:01,13651.92,ABE73425,SRQQSRTRSDS,166,228.0
43,HLA-DRB108:01,13658.31,ABE73425,GKGNKDEQIGY,43,229.0
158,HLA-DRB108:01,13675.08,ABE73425,SRDSSRSTSRQ,158,230.0
244,HLA-DRB108:01,13681.92,ABE73425,VIQCFGPRDFN,244,231.0
104,HLA-DRB108:01,13686.54,ABE73425,AKTVNTSLGNR,104,232.0
264,HLA-DRB108:01,13695.36,ABE73425,QNGVDAKGFPQ,264,233.0
149,HLA-DRB108:01,13740.06,ABE73425,SSRSSTRNNSR,149,234.0
201,HLA-DRB108:01,13758.98,ABE73425,KSPSSSGTFTP,201,235.0
310,HLA-DRB108:01,13805.08,ABE73425,VAKDNKNLPKF,310,236.0
311,HLA-DRB108:01,13870.44,ABE73425,AKDNKNLPKFI,311,237.0
75,HLA-DRB108:01,13914.39,ABE73425,HFYYLGTGPHK,75,238.0
202,HLA-DRB108:01,13992.4,ABE73425,SPSSSGTFTPK,202,239.0
190,HLA-DRB108:01,13998.17,ABE73425,ALKNLGFDNQS,190,240.0
231,HLA-DRB108:01,14043.2,ABE73425,KPRWKRVPTRE,231,241.0
109,HLA-DRB108:01,14043.89,ABE73425,TSLGNRKRNQK,109,242.0
332,HLA-DRB108:01,14169.53,ABE73425,SIKEMQSQSSH,332,243.0
189,HLA-DRB108:01,14199.83,ABE73425,LALKNLGFDNQ,189,244.0
168,HLA-DRB108:01,14217.43,ABE73425,QQSRTRSDSNQ,168,245.0
218,HLA-DRB108:01,14314.85,ABE73425,LSQPRADKPSQ,218,246.0
85,HLA-DRB108:01,14364.09,ABE73425,KDLKFRQRSDG,85,247.0
143,HLA-DRB108:01,14370.48,ABE73425,NNSSRASSRSS,143,248.0
5,HLA-DRB108:01,14480.37,ABE73425,ADDRAARKKFP,5,249.0
92,HLA-DRB108:01,14669.11,ABE73425,RSDGVVWVAKE,92,250.0
209,HLA-DRB108:01,14712.72,ABE73425,FTPKKPNKPLS,209,251.0
223,HLA-DRB108:01,14737.0,ABE73425,ADKPSQLKKPR,223,252.0
3,HLA-DRB108:01,14743.61,ABE73425,NWADDRAARKK,3,253.0
16,HLA-DRB108:01,14794.9,ABE73425,PPSFYMPLLVS,16,254.0
2,HLA-DRB108:01,14951.17,ABE73425,VNWADDRAARK,2,255.0
42,HLA-DRB108:01,14988.39,ABE73425,IGKGNKDEQIG,42,256.0
267,HLA-DRB108:01,15157.02,ABE73425,VDAKGFPQLAE,267,257.0
27,HLA-DRB108:01,15187.92,ABE73425,SDKAPYRVIPR,27,258.0
9,HLA-DRB108:01,15216.13,ABE73425,AARKKFPPPSF,9,259.0
167,HLA-DRB108:01,15249.49,ABE73425,RQQSRTRSDSN,167,260.0
73,HLA-DRB108:01,15370.45,ABE73425,KVHFYYLGTGP,73,261.0
214,HLA-DRB108:01,15378.8,ABE73425,PNKPLSQPRAD,214,262.0
302,HLA-DRB108:01,15413.97,ABE73425,ITYTYKMLVAK,302,263.0
15,HLA-DRB108:01,15516.17,ABE73425,PPPSFYMPLLV,15,264.0
40,HLA-DRB108:01,15539.65,ABE73425,VPIGKGNKDEQ,40,265.0
150,HLA-DRB108:01,15596.98,ABE73425,SRSSTRNNSRD,150,266.0
156,HLA-DRB108:01,15657.58,ABE73425,NNSRDSSRSTS,156,267.0
325,HLA-DRB108:01,15680.77,ABE73425,SAFTKPSSIKE,325,268.0
198,HLA-DRB108:01,15753.29,ABE73425,NQSKSPSSSGT,198,269.0
213,HLA-DRB108:01,15900.88,ABE73425,KPNKPLSQPRA,213,270.0
247,HLA-DRB108:01,15986.16,ABE73425,CFGPRDFNHNM,247,271.0
36,HLA-DRB108:01,16011.53,ABE73425,PRNLVPIGKGN,36,272.0
34,HLA-DRB108:01,16021.45,ABE73425,VIPRNLVPIGK,34,273.0
246,HLA-DRB108:01,16090.11,ABE73425,QCFGPRDFNHN,246,274.0
47,HLA-DRB108:01,16125.33,ABE73425,KDEQIGYWNVQ,47,275.0
141,HLA-DRB108:01,16156.1,ABE73425,RSNNSSRASSR,141,276.0
142,HLA-DRB108:01,16193.07,ABE73425,SNNSSRASSRS,142,277.0
165,HLA-DRB108:01,16277.16,ABE73425,TSRQQSRTRSD,165,278.0
154,HLA-DRB108:01,16350.91,ABE73425,TRNNSRDSSRS,154,279.0
136,HLA-DRB108:01,16364.84,ABE73425,VEFEDRSNNSS,136,280.0
308,HLA-DRB108:01,16364.99,ABE73425,MLVAKDNKNLP,308,281.0
105,HLA-DRB108:01,16439.19,ABE73425,KTVNTSLGNRK,105,282.0
203,HLA-DRB108:01,16554.39,ABE73425,PSSSGTFTPKK,203,283.0
312,HLA-DRB108:01,16621.17,ABE73425,KDNKNLPKFIE,312,284.0
258,HLA-DRB108:01,16690.83,ABE73425,GDSDLVQNGVD,258,285.0
112,HLA-DRB108:01,16813.75,ABE73425,GNRKRNQKPLE,112,286.0
44,HLA-DRB108:01,16876.44,ABE73425,KGNKDEQIGYW,44,287.0
242,HLA-DRB108:01,17010.12,ABE73425,ENVIQCFGPRD,242,288.0
222,HLA-DRB108:01,17297.24,ABE73425,RADKPSQLKKP,222,289.0
103,HLA-DRB108:01,17298.48,ABE73425,GAKTVNTSLGN,103,290.0
38,HLA-DRB108:01,17305.7,ABE73425,NLVPIGKGNKD,38,291.0
204,HLA-DRB108:01,17926.8,ABE73425,SSSGTFTPKKP,204,292.0
252,HLA-DRB108:01,17939.05,ABE73425,DFNHNMGDSDL,252,293.0
6,HLA-DRB108:01,18141.56,ABE73425,DDRAARKKFPP,6,294.0
72,HLA-DRB108:01,18159.66,ABE73425,PKVHFYYLGTG,72,295.0
140,HLA-DRB108:01,18207.99,ABE73425,DRSNNSSRASS,140,296.0
251,HLA-DRB108:01,18346.73,ABE73425,RDFNHNMGDSD,251,297.0
206,HLA-DRB108:01,18629.57,ABE73425,SGTFTPKKPNK,206,298.0
192,HLA-DRB108:01,18887.18,ABE73425,KNLGFDNQSKS,192,299.0
193,HLA-DRB108:01,18922.93,ABE73425,NLGFDNQSKSP,193,300.0
197,HLA-DRB108:01,19007.62,ABE73425,DNQSKSPSSSG,197,301.0
324,HLA-DRB108:01,19029.54,ABE73425,ISAFTKPSSIK,324,302.0
172,HLA-DRB108:01,19068.31,ABE73425,TRSDSNQSSSD,172,303.0
205,HLA-DRB108:01,19068.72,ABE73425,SSGTFTPKKPN,205,304.0
37,HLA-DRB108:01,19152.02,ABE73425,RNLVPIGKGNK,37,305.0
110,HLA-DRB108:01,19290.51,ABE73425,SLGNRKRNQKP,110,306.0
28,HLA-DRB108:01,19298.94,ABE73425,DKAPYRVIPRN,28,307.0
215,HLA-DRB108:01,19589.66,ABE73425,NKPLSQPRADK,215,308.0
191,HLA-DRB108:01,19625.46,ABE73425,LKNLGFDNQSK,191,309.0
211,HLA-DRB108:01,19644.36,ABE73425,PKKPNKPLSQP,211,310.0
7,HLA-DRB108:01,19654.53,ABE73425,DRAARKKFPPP,7,311.0
313,HLA-DRB108:01,19817.61,ABE73425,DNKNLPKFIEQ,313,312.0
74,HLA-DRB108:01,19882.97,ABE73425,VHFYYLGTGPH,74,313.0
137,HLA-DRB108:01,20018.66,ABE73425,EFEDRSNNSSR,137,314.0
138,HLA-DRB108:01,20137.52,ABE73425,FEDRSNNSSRA,138,315.0
207,HLA-DRB108:01,20599.79,ABE73425,GTFTPKKPNKP,207,316.0
8,HLA-DRB108:01,20879.38,ABE73425,RAARKKFPPPS,8,317.0
45,HLA-DRB108:01,20882.09,ABE73425,GNKDEQIGYWN,45,318.0
212,HLA-DRB108:01,20900.32,ABE73425,KKPNKPLSQPR,212,319.0
210,HLA-DRB108:01,20901.08,ABE73425,TPKKPNKPLSQ,210,320.0
249,HLA-DRB108:01,21038.14,ABE73425,GPRDFNHNMGD,249,321.0
195,HLA-DRB108:01,21151.09,ABE73425,GFDNQSKSPSS,195,322.0
173,HLA-DRB108:01,21356.81,ABE73425,RSDSNQSSSDL,173,323.0
297,HLA-DRB108:01,21483.04,ABE73425,GDNVQITYTYK,297,324.0
196,HLA-DRB108:01,21678.96,ABE73425,FDNQSKSPSSS,196,325.0
113,HLA-DRB108:01,21745.11,ABE73425,NRKRNQKPLEP,113,326.0
139,HLA-DRB108:01,21766.45,ABE73425,EDRSNNSSRAS,139,327.0
194,HLA-DRB108:01,22297.95,ABE73425,LGFDNQSKSPS,194,328.0
260,HLA-DRB108:01,22307.16,ABE73425,SDLVQNGVDAK,260,329.0
63,HLA-DRB108:01,22371.23,ABE73425,RRGQRVDLPPK,63,330.0
250,HLA-DRB108:01,23286.81,ABE73425,PRDFNHNMGDS,250,331.0
248,HLA-DRB108:01,23473.77,ABE73425,FGPRDFNHNMG,248,332.0
309,HLA-DRB108:01,24481.65,ABE73425,LVAKDNKNLPK,309,333.0
114,HLA-DRB108:01,28598.55,ABE73425,RKRNQKPLEPK,114,334.0
57,HLA-DRB111:01,12.05,ABE73425,QERWRMRRGQR,57,1.0
56,HLA-DRB111:01,14.47,ABE73425,VQERWRMRRGQ,56,2.0
55,HLA-DRB111:01,45.69,ABE73425,NVQERWRMRRG,55,3.0
58,HLA-DRB111:01,49.3,ABE73425,ERWRMRRGQRV,58,4.0
54,HLA-DRB111:01,58.41,ABE73425,WNVQERWRMRR,54,5.0
59,HLA-DRB111:01,78.57,ABE73425,RWRMRRGQRVD,59,6.0
60,HLA-DRB111:01,151.24,ABE73425,WRMRRGQRVDL,60,7.0
233,HLA-DRB111:01,160.75,ABE73425,RWKRVPTREEN,233,8.0
93,HLA-DRB111:01,294.31,ABE73425,SDGVVWVAKEG,93,9.0
232,HLA-DRB111:01,383.65,ABE73425,PRWKRVPTREE,232,10.0
53,HLA-DRB111:01,413.08,ABE73425,YWNVQERWRMR,53,11.0
49,HLA-DRB111:01,442.61,ABE73425,EQIGYWNVQER,49,12.0
92,HLA-DRB111:01,1022.56,ABE73425,RSDGVVWVAKE,92,13.0
164,HLA-DRB111:01,1166.27,ABE73425,STSRQQSRTRS,164,14.0
52,HLA-DRB111:01,1238.08,ABE73425,GYWNVQERWRM,52,15.0
18,HLA-DRB111:01,1351.64,ABE73425,SFYMPLLVSSD,18,16.0
330,HLA-DRB111:01,1382.52,ABE73425,PSSIKEMQSQS,330,17.0
231,HLA-DRB111:01,1481.91,ABE73425,KPRWKRVPTRE,231,18.0
161,HLA-DRB111:01,1509.8,ABE73425,SSRSTSRQQSR,161,19.0
4,HLA-DRB111:01,1517.05,ABE73425,WADDRAARKKF,4,20.0
331,HLA-DRB111:01,1754.65,ABE73425,SSIKEMQSQSS,331,21.0
48,HLA-DRB111:01,1758.09,ABE73425,DEQIGYWNVQE,48,22.0
160,HLA-DRB111:01,1776.07,ABE73425,DSSRSTSRQQS,160,23.0
163,HLA-DRB111:01,1902.48,ABE73425,RSTSRQQSRTR,163,24.0
234,HLA-DRB111:01,1939.77,ABE73425,WKRVPTREENV,234,25.0
70,HLA-DRB111:01,1944.58,ABE73425,LPPKVHFYYLG,70,26.0
94,HLA-DRB111:01,1979.49,ABE73425,DGVVWVAKEGA,94,27.0
187,HLA-DRB111:01,2151.64,ABE73425,VTLALKNLGFD,187,28.0
50,HLA-DRB111:01,2205.7,ABE73425,QIGYWNVQERW,50,29.0
162,HLA-DRB111:01,2227.43,ABE73425,SRSTSRQQSRT,162,30.0
235,HLA-DRB111:01,2370.16,ABE73425,KRVPTREENVI,235,31.0
21,HLA-DRB111:01,2391.69,ABE73425,MPLLVSSDKAP,21,32.0
109,HLA-DRB111:01,2456.3,ABE73425,TSLGNRKRNQK,109,33.0
125,HLA-DRB111:01,2461.93,ABE73425,FSIALPPELSV,125,34.0
143,HLA-DRB111:01,2549.52,ABE73425,NNSSRASSRSS,143,35.0
318,HLA-DRB111:01,2629.85,ABE73425,PKFIEQISAFT,318,36.0
227,HLA-DRB111:01,2631.26,ABE73425,SQLKKPRWKRV,227,37.0
108,HLA-DRB111:01,2835.33,ABE73425,NTSLGNRKRNQ,108,38.0
31,HLA-DRB111:01,2930.29,ABE73425,PYRVIPRNLVP,31,39.0
121,HLA-DRB111:01,3003.73,ABE73425,LEPKFSIALPP,121,40.0
226,HLA-DRB111:01,3022.05,ABE73425,PSQLKKPRWKR,226,41.0
122,HLA-DRB111:01,3026.43,ABE73425,EPKFSIALPPE,122,42.0
303,HLA-DRB111:01,3031.65,ABE73425,TYTYKMLVAKD,303,43.0
167,HLA-DRB111:01,3106.3,ABE73425,RQQSRTRSDSN,167,44.0
0,HLA-DRB111:01,3113.54,ABE73425,ASVNWADDRAA,0,45.0
102,HLA-DRB111:01,3147.62,ABE73425,EGAKTVNTSLG,102,46.0
166,HLA-DRB111:01,3189.97,ABE73425,SRQQSRTRSDS,166,47.0
19,HLA-DRB111:01,3222.09,ABE73425,FYMPLLVSSDK,19,48.0
20,HLA-DRB111:01,3306.05,ABE73425,YMPLLVSSDKA,20,49.0
300,HLA-DRB111:01,3367.3,ABE73425,VQITYTYKMLV,300,50.0
147,HLA-DRB111:01,3428.71,ABE73425,RASSRSSTRNN,147,51.0
61,HLA-DRB111:01,3468.32,ABE73425,RMRRGQRVDLP,61,52.0
301,HLA-DRB111:01,3574.88,ABE73425,QITYTYKMLVA,301,53.0
186,HLA-DRB111:01,3596.5,ABE73425,AVTLALKNLGF,186,54.0
144,HLA-DRB111:01,3619.45,ABE73425,NSSRASSRSST,144,55.0
35,HLA-DRB111:01,3628.17,ABE73425,IPRNLVPIGKG,35,56.0
319,HLA-DRB111:01,3638.69,ABE73425,KFIEQISAFTK,319,57.0
185,HLA-DRB111:01,3658.65,ABE73425,AAVTLALKNLG,185,58.0
146,HLA-DRB111:01,3719.07,ABE73425,SRASSRSSTRN,146,59.0
320,HLA-DRB111:01,3723.81,ABE73425,FIEQISAFTKP,320,60.0
304,HLA-DRB111:01,3803.61,ABE73425,YTYKMLVAKDN,304,61.0
107,HLA-DRB111:01,3883.83,ABE73425,VNTSLGNRKRN,107,62.0
32,HLA-DRB111:01,3923.88,ABE73425,YRVIPRNLVPI,32,63.0
302,HLA-DRB111:01,4081.81,ABE73425,ITYTYKMLVAK,302,64.0
237,HLA-DRB111:01,4103.17,ABE73425,VPTREENVIQC,237,65.0
329,HLA-DRB111:01,4197.39,ABE73425,KPSSIKEMQSQ,329,66.0
30,HLA-DRB111:01,4208.52,ABE73425,APYRVIPRNLV,30,67.0
142,HLA-DRB111:01,4243.13,ABE73425,SNNSSRASSRS,142,68.0
132,HLA-DRB111:01,4284.9,ABE73425,ELSVVEFEDRS,132,69.0
299,HLA-DRB111:01,4374.31,ABE73425,NVQITYTYKML,299,70.0
230,HLA-DRB111:01,4417.28,ABE73425,KKPRWKRVPTR,230,71.0
51,HLA-DRB111:01,4555.46,ABE73425,IGYWNVQERWR,51,72.0
106,HLA-DRB111:01,4555.46,ABE73425,TVNTSLGNRKR,106,72.0
90,HLA-DRB111:01,4603.72,ABE73425,RQRSDGVVWVA,90,74.0
29,HLA-DRB111:01,4710.47,ABE73425,KAPYRVIPRNL,29,75.0
96,HLA-DRB111:01,4773.12,ABE73425,VVWVAKEGAKT,96,76.0
148,HLA-DRB111:01,4773.42,ABE73425,ASSRSSTRNNS,148,77.0
97,HLA-DRB111:01,4796.45,ABE73425,VWVAKEGAKTV,97,78.0
328,HLA-DRB111:01,4825.98,ABE73425,TKPSSIKEMQS,328,79.0
278,HLA-DRB111:01,4866.25,ABE73425,LIPNQAALFFD,278,80.0
154,HLA-DRB111:01,4879.71,ABE73425,TRNNSRDSSRS,154,81.0
83,HLA-DRB111:01,4959.89,ABE73425,PHKDLKFRQRS,83,82.0
82,HLA-DRB111:01,5015.7,ABE73425,GPHKDLKFRQR,82,83.0
141,HLA-DRB111:01,5016.25,ABE73425,RSNNSSRASSR,141,84.0
22,HLA-DRB111:01,5065.89,ABE73425,PLLVSSDKAPY,22,85.0
145,HLA-DRB111:01,5130.44,ABE73425,SSRASSRSSTR,145,86.0
140,HLA-DRB111:01,5291.19,ABE73425,DRSNNSSRASS,140,87.0
181,HLA-DRB111:01,5614.16,ABE73425,SDLVAAVTLAL,181,88.0
120,HLA-DRB111:01,5781.73,ABE73425,PLEPKFSIALP,120,89.0
316,HLA-DRB111:01,5787.62,ABE73425,NLPKFIEQISA,316,90.0
298,HLA-DRB111:01,5961.22,ABE73425,DNVQITYTYKM,298,91.0
262,HLA-DRB111:01,6290.73,ABE73425,LVQNGVDAKGF,262,92.0
17,HLA-DRB111:01,6662.24,ABE73425,PSFYMPLLVSS,17,93.0
305,HLA-DRB111:01,7091.27,ABE73425,TYKMLVAKDNK,305,94.0
129,HLA-DRB111:01,7182.49,ABE73425,LPPELSVVEFE,129,95.0
165,HLA-DRB111:01,7206.11,ABE73425,TSRQQSRTRSD,165,96.0
131,HLA-DRB111:01,7402.6,ABE73425,PELSVVEFEDR,131,97.0
152,HLA-DRB111:01,7417.84,ABE73425,SSTRNNSRDSS,152,98.0
326,HLA-DRB111:01,7481.44,ABE73425,AFTKPSSIKEM,326,99.0
130,HLA-DRB111:01,7611.03,ABE73425,PPELSVVEFED,130,100.0
267,HLA-DRB111:01,7701.2,ABE73425,VDAKGFPQLAE,267,101.0
76,HLA-DRB111:01,7711.18,ABE73425,FYYLGTGPHKD,76,102.0
91,HLA-DRB111:01,7843.18,ABE73425,QRSDGVVWVAK,91,103.0
315,HLA-DRB111:01,7879.65,ABE73425,KNLPKFIEQIS,315,104.0
159,HLA-DRB111:01,8100.22,ABE73425,RDSSRSTSRQQ,159,105.0
103,HLA-DRB111:01,8110.72,ABE73425,GAKTVNTSLGN,103,106.0
62,HLA-DRB111:01,8204.34,ABE73425,MRRGQRVDLPP,62,107.0
139,HLA-DRB111:01,8324.92,ABE73425,EDRSNNSSRAS,139,108.0
1,HLA-DRB111:01,8747.14,ABE73425,SVNWADDRAAR,1,109.0
151,HLA-DRB111:01,8841.69,ABE73425,RSSTRNNSRDS,151,110.0
261,HLA-DRB111:01,8885.32,ABE73425,DLVQNGVDAKG,261,111.0
33,HLA-DRB111:01,8940.41,ABE73425,RVIPRNLVPIG,33,112.0
104,HLA-DRB111:01,9210.86,ABE73425,AKTVNTSLGNR,104,113.0
314,HLA-DRB111:01,9268.62,ABE73425,NKNLPKFIEQI,314,114.0
3,HLA-DRB111:01,9310.41,ABE73425,NWADDRAARKK,3,115.0
228,HLA-DRB111:01,9331.78,ABE73425,QLKKPRWKRVP,228,116.0
333,HLA-DRB111:01,9411.5,ABE73425,IKEMQSQSSHV,333,117.0
98,HLA-DRB111:01,9447.84,ABE73425,WVAKEGAKTVN,98,118.0
73,HLA-DRB111:01,9463.21,ABE73425,KVHFYYLGTGP,73,119.0
321,HLA-DRB111:01,9738.49,ABE73425,IEQISAFTKPS,321,120.0
270,HLA-DRB111:01,9778.9,ABE73425,KGFPQLAELIP,270,121.0
225,HLA-DRB111:01,9782.81,ABE73425,KPSQLKKPRWK,225,122.0
296,HLA-DRB111:01,10004.87,ABE73425,VGDNVQITYTY,296,123.0
169,HLA-DRB111:01,10026.51,ABE73425,QSRTRSDSNQS,169,124.0
317,HLA-DRB111:01,10060.33,ABE73425,LPKFIEQISAF,317,125.0
157,HLA-DRB111:01,10321.91,ABE73425,NSRDSSRSTSR,157,126.0
153,HLA-DRB111:01,10374.45,ABE73425,STRNNSRDSSR,153,127.0
306,HLA-DRB111:01,10480.27,ABE73425,YKMLVAKDNKN,306,128.0
263,HLA-DRB111:01,10550.88,ABE73425,VQNGVDAKGFP,263,129.0
119,HLA-DRB111:01,10652.62,ABE73425,KPLEPKFSIAL,119,130.0
110,HLA-DRB111:01,10671.23,ABE73425,SLGNRKRNQKP,110,131.0
273,HLA-DRB111:01,10739.22,ABE73425,PQLAELIPNQA,273,132.0
155,HLA-DRB111:01,10816.8,ABE73425,RNNSRDSSRST,155,133.0
236,HLA-DRB111:01,10833.64,ABE73425,RVPTREENVIQ,236,134.0
240,HLA-DRB111:01,10851.87,ABE73425,REENVIQCFGP,240,135.0
100,HLA-DRB111:01,10941.25,ABE73425,AKEGAKTVNTS,100,136.0
41,HLA-DRB111:01,10963.91,ABE73425,PIGKGNKDEQI,41,137.0
332,HLA-DRB111:01,10994.44,ABE73425,SIKEMQSQSSH,332,138.0
280,HLA-DRB111:01,11119.66,ABE73425,PNQAALFFDSE,280,139.0
47,HLA-DRB111:01,11123.58,ABE73425,KDEQIGYWNVQ,47,140.0
269,HLA-DRB111:01,11166.11,ABE73425,AKGFPQLAELI,269,141.0
266,HLA-DRB111:01,11566.71,ABE73425,GVDAKGFPQLA,266,142.0
279,HLA-DRB111:01,11858.61,ABE73425,IPNQAALFFDS,279,143.0
118,HLA-DRB111:01,11862.27,ABE73425,QKPLEPKFSIA,118,144.0
84,HLA-DRB111:01,11882.12,ABE73425,HKDLKFRQRSD,84,145.0
149,HLA-DRB111:01,12042.26,ABE73425,SSRSSTRNNSR,149,146.0
39,HLA-DRB111:01,12182.14,ABE73425,LVPIGKGNKDE,39,147.0
43,HLA-DRB111:01,12266.05,ABE73425,GKGNKDEQIGY,43,148.0
85,HLA-DRB111:01,12372.74,ABE73425,KDLKFRQRSDG,85,149.0
34,HLA-DRB111:01,12373.09,ABE73425,VIPRNLVPIGK,34,150.0
229,HLA-DRB111:01,12443.26,ABE73425,LKKPRWKRVPT,229,151.0
2,HLA-DRB111:01,12451.02,ABE73425,VNWADDRAARK,2,152.0
5,HLA-DRB111:01,12547.59,ABE73425,ADDRAARKKFP,5,153.0
272,HLA-DRB111:01,12604.47,ABE73425,FPQLAELIPNQ,272,154.0
177,HLA-DRB111:01,12628.0,ABE73425,NQSSSDLVAAV,177,155.0
214,HLA-DRB111:01,12821.38,ABE73425,PNKPLSQPRAD,214,156.0
16,HLA-DRB111:01,12851.83,ABE73425,PPSFYMPLLVS,16,157.0
224,HLA-DRB111:01,12949.72,ABE73425,DKPSQLKKPRW,224,158.0
184,HLA-DRB111:01,12993.28,ABE73425,VAAVTLALKNL,184,159.0
217,HLA-DRB111:01,13007.83,ABE73425,PLSQPRADKPS,217,160.0
200,HLA-DRB111:01,13028.42,ABE73425,SKSPSSSGTFT,200,161.0
197,HLA-DRB111:01,13154.52,ABE73425,DNQSKSPSSSG,197,162.0
11,HLA-DRB111:01,13155.82,ABE73425,RKKFPPPSFYM,11,163.0
128,HLA-DRB111:01,13162.58,ABE73425,ALPPELSVVEF,128,164.0
294,HLA-DRB111:01,13289.52,ABE73425,DEVGDNVQITY,294,165.0
176,HLA-DRB111:01,13406.45,ABE73425,SNQSSSDLVAA,176,166.0
195,HLA-DRB111:01,13483.8,ABE73425,GFDNQSKSPSS,195,167.0
251,HLA-DRB111:01,13501.51,ABE73425,RDFNHNMGDSD,251,168.0
69,HLA-DRB111:01,13636.19,ABE73425,DLPPKVHFYYL,69,169.0
221,HLA-DRB111:01,13804.29,ABE73425,PRADKPSQLKK,221,170.0
265,HLA-DRB111:01,13928.56,ABE73425,NGVDAKGFPQL,265,171.0
264,HLA-DRB111:01,14179.44,ABE73425,QNGVDAKGFPQ,264,172.0
327,HLA-DRB111:01,14225.25,ABE73425,FTKPSSIKEMQ,327,173.0
77,HLA-DRB111:01,14286.86,ABE73425,YYLGTGPHKDL,77,174.0
87,HLA-DRB111:01,14289.49,ABE73425,LKFRQRSDGVV,87,175.0
89,HLA-DRB111:01,14351.41,ABE73425,FRQRSDGVVWV,89,176.0
170,HLA-DRB111:01,14375.66,ABE73425,SRTRSDSNQSS,170,177.0
295,HLA-DRB111:01,14403.85,ABE73425,EVGDNVQITYT,295,178.0
95,HLA-DRB111:01,14499.59,ABE73425,GVVWVAKEGAK,95,179.0
71,HLA-DRB111:01,14522.79,ABE73425,PPKVHFYYLGT,71,180.0
253,HLA-DRB111:01,14721.26,ABE73425,FNHNMGDSDLV,253,181.0
150,HLA-DRB111:01,14888.88,ABE73425,SRSSTRNNSRD,150,182.0
242,HLA-DRB111:01,14960.34,ABE73425,ENVIQCFGPRD,242,183.0
216,HLA-DRB111:01,15070.91,ABE73425,KPLSQPRADKP,216,184.0
156,HLA-DRB111:01,15104.13,ABE73425,NNSRDSSRSTS,156,185.0
171,HLA-DRB111:01,15313.43,ABE73425,RTRSDSNQSSS,171,186.0
158,HLA-DRB111:01,15419.04,ABE73425,SRDSSRSTSRQ,158,187.0
274,HLA-DRB111:01,15425.89,ABE73425,QLAELIPNQAA,274,188.0
99,HLA-DRB111:01,15618.08,ABE73425,VAKEGAKTVNT,99,189.0
178,HLA-DRB111:01,15660.95,ABE73425,QSSSDLVAAVT,178,190.0
88,HLA-DRB111:01,15853.06,ABE73425,KFRQRSDGVVW,88,191.0
256,HLA-DRB111:01,15901.07,ABE73425,NMGDSDLVQNG,256,192.0
86,HLA-DRB111:01,15964.64,ABE73425,DLKFRQRSDGV,86,193.0
183,HLA-DRB111:01,15965.47,ABE73425,LVAAVTLALKN,183,194.0
123,HLA-DRB111:01,15968.27,ABE73425,PKFSIALPPEL,123,195.0
40,HLA-DRB111:01,16202.5,ABE73425,VPIGKGNKDEQ,40,196.0
126,HLA-DRB111:01,16301.65,ABE73425,SIALPPELSVV,126,197.0
175,HLA-DRB111:01,16358.13,ABE73425,DSNQSSSDLVA,175,198.0
271,HLA-DRB111:01,16362.37,ABE73425,GFPQLAELIPN,271,199.0
292,HLA-DRB111:01,16520.64,ABE73425,STDEVGDNVQI,292,200.0
81,HLA-DRB111:01,16774.39,ABE73425,TGPHKDLKFRQ,81,201.0
138,HLA-DRB111:01,16846.58,ABE73425,FEDRSNNSSRA,138,202.0
190,HLA-DRB111:01,16848.76,ABE73425,ALKNLGFDNQS,190,203.0
42,HLA-DRB111:01,17216.24,ABE73425,IGKGNKDEQIG,42,204.0
281,HLA-DRB111:01,17222.58,ABE73425,NQAALFFDSEV,281,205.0
72,HLA-DRB111:01,17253.13,ABE73425,PKVHFYYLGTG,72,206.0
286,HLA-DRB111:01,17333.72,ABE73425,FFDSEVSTDEV,286,207.0
322,HLA-DRB111:01,17387.61,ABE73425,EQISAFTKPSS,322,208.0
137,HLA-DRB111:01,17490.81,ABE73425,EFEDRSNNSSR,137,209.0
79,HLA-DRB111:01,17575.38,ABE73425,LGTGPHKDLKF,79,210.0
182,HLA-DRB111:01,17783.35,ABE73425,DLVAAVTLALK,182,211.0
220,HLA-DRB111:01,18225.75,ABE73425,QPRADKPSQLK,220,212.0
198,HLA-DRB111:01,18246.32,ABE73425,NQSKSPSSSGT,198,213.0
285,HLA-DRB111:01,18249.68,ABE73425,LFFDSEVSTDE,285,214.0
297,HLA-DRB111:01,18259.73,ABE73425,GDNVQITYTYK,297,215.0
188,HLA-DRB111:01,18405.04,ABE73425,TLALKNLGFDN,188,216.0
241,HLA-DRB111:01,18437.89,ABE73425,EENVIQCFGPR,241,217.0
196,HLA-DRB111:01,18468.45,ABE73425,FDNQSKSPSSS,196,218.0
78,HLA-DRB111:01,18630.65,ABE73425,YLGTGPHKDLK,78,219.0
277,HLA-DRB111:01,18699.81,ABE73425,ELIPNQAALFF,277,220.0
199,HLA-DRB111:01,18784.91,ABE73425,QSKSPSSSGTF,199,221.0
255,HLA-DRB111:01,19004.62,ABE73425,HNMGDSDLVQN,255,222.0
250,HLA-DRB111:01,19589.05,ABE73425,PRDFNHNMGDS,250,223.0
284,HLA-DRB111:01,19711.38,ABE73425,ALFFDSEVSTD,284,224.0
117,HLA-DRB111:01,19727.2,ABE73425,NQKPLEPKFSI,117,225.0
127,HLA-DRB111:01,19850.12,ABE73425,IALPPELSVVE,127,226.0
211,HLA-DRB111:01,19939.32,ABE73425,PKKPNKPLSQP,211,227.0
223,HLA-DRB111:01,19958.57,ABE73425,ADKPSQLKKPR,223,228.0
105,HLA-DRB111:01,20061.1,ABE73425,KTVNTSLGNRK,105,229.0
239,HLA-DRB111:01,20104.47,ABE73425,TREENVIQCFG,239,230.0
63,HLA-DRB111:01,20175.75,ABE73425,RRGQRVDLPPK,63,231.0
215,HLA-DRB111:01,20335.81,ABE73425,NKPLSQPRADK,215,232.0
189,HLA-DRB111:01,20427.22,ABE73425,LALKNLGFDNQ,189,233.0
201,HLA-DRB111:01,20447.25,ABE73425,KSPSSSGTFTP,201,234.0
168,HLA-DRB111:01,20554.91,ABE73425,QQSRTRSDSNQ,168,235.0
80,HLA-DRB111:01,20567.19,ABE73425,GTGPHKDLKFR,80,236.0
245,HLA-DRB111:01,20671.03,ABE73425,IQCFGPRDFNH,245,237.0
15,HLA-DRB111:01,20730.96,ABE73425,PPPSFYMPLLV,15,238.0
179,HLA-DRB111:01,20755.22,ABE73425,SSSDLVAAVTL,179,239.0
249,HLA-DRB111:01,20758.61,ABE73425,GPRDFNHNMGD,249,240.0
243,HLA-DRB111:01,20771.54,ABE73425,NVIQCFGPRDF,243,241.0
136,HLA-DRB111:01,20953.61,ABE73425,VEFEDRSNNSS,136,242.0
283,HLA-DRB111:01,20993.1,ABE73425,AALFFDSEVST,283,243.0
101,HLA-DRB111:01,21134.86,ABE73425,KEGAKTVNTSL,101,244.0
268,HLA-DRB111:01,21155.85,ABE73425,DAKGFPQLAEL,268,245.0
293,HLA-DRB111:01,21206.61,ABE73425,TDEVGDNVQIT,293,246.0
244,HLA-DRB111:01,21329.51,ABE73425,VIQCFGPRDFN,244,247.0
124,HLA-DRB111:01,21370.84,ABE73425,KFSIALPPELS,124,248.0
252,HLA-DRB111:01,21456.17,ABE73425,DFNHNMGDSDL,252,249.0
254,HLA-DRB111:01,21627.84,ABE73425,NHNMGDSDLVQ,254,250.0
222,HLA-DRB111:01,21817.68,ABE73425,RADKPSQLKKP,222,251.0
68,HLA-DRB111:01,22199.28,ABE73425,VDLPPKVHFYY,68,252.0
36,HLA-DRB111:01,22553.61,ABE73425,PRNLVPIGKGN,36,253.0
115,HLA-DRB111:01,22610.16,ABE73425,KRNQKPLEPKF,115,254.0
64,HLA-DRB111:01,22787.99,ABE73425,RGQRVDLPPKV,64,255.0
10,HLA-DRB111:01,22921.22,ABE73425,ARKKFPPPSFY,10,256.0
180,HLA-DRB111:01,23293.38,ABE73425,SSDLVAAVTLA,180,257.0
25,HLA-DRB111:01,23368.12,ABE73425,VSSDKAPYRVI,25,258.0
209,HLA-DRB111:01,23572.95,ABE73425,FTPKKPNKPLS,209,259.0
46,HLA-DRB111:01,23580.22,ABE73425,NKDEQIGYWNV,46,260.0
38,HLA-DRB111:01,23692.79,ABE73425,NLVPIGKGNKD,38,261.0
111,HLA-DRB111:01,23753.59,ABE73425,LGNRKRNQKPL,111,262.0
307,HLA-DRB111:01,23883.91,ABE73425,KMLVAKDNKNL,307,263.0
325,HLA-DRB111:01,23887.65,ABE73425,SAFTKPSSIKE,325,264.0
238,HLA-DRB111:01,23893.7,ABE73425,PTREENVIQCF,238,265.0
219,HLA-DRB111:01,24058.89,ABE73425,SQPRADKPSQL,219,266.0
14,HLA-DRB111:01,24371.98,ABE73425,FPPPSFYMPLL,14,267.0
174,HLA-DRB111:01,24586.0,ABE73425,SDSNQSSSDLV,174,268.0
258,HLA-DRB111:01,24757.32,ABE73425,GDSDLVQNGVD,258,269.0
218,HLA-DRB111:01,24768.39,ABE73425,LSQPRADKPSQ,218,270.0
259,HLA-DRB111:01,24936.36,ABE73425,DSDLVQNGVDA,259,271.0
28,HLA-DRB111:01,25305.54,ABE73425,DKAPYRVIPRN,28,272.0
208,HLA-DRB111:01,25551.08,ABE73425,TFTPKKPNKPL,208,273.0
9,HLA-DRB111:01,25845.85,ABE73425,AARKKFPPPSF,9,274.0
66,HLA-DRB111:01,25847.48,ABE73425,QRVDLPPKVHF,66,275.0
133,HLA-DRB111:01,25942.51,ABE73425,LSVVEFEDRSN,133,276.0
257,HLA-DRB111:01,26150.08,ABE73425,MGDSDLVQNGV,257,277.0
248,HLA-DRB111:01,26170.18,ABE73425,FGPRDFNHNMG,248,278.0
116,HLA-DRB111:01,26172.29,ABE73425,RNQKPLEPKFS,116,279.0
313,HLA-DRB111:01,26179.76,ABE73425,DNKNLPKFIEQ,313,280.0
172,HLA-DRB111:01,26233.34,ABE73425,TRSDSNQSSSD,172,281.0
67,HLA-DRB111:01,26233.9,ABE73425,RVDLPPKVHFY,67,282.0
24,HLA-DRB111:01,26437.87,ABE73425,LVSSDKAPYRV,24,283.0
6,HLA-DRB111:01,26473.15,ABE73425,DDRAARKKFPP,6,284.0
312,HLA-DRB111:01,26544.89,ABE73425,KDNKNLPKFIE,312,285.0
75,HLA-DRB111:01,26766.24,ABE73425,HFYYLGTGPHK,75,286.0
194,HLA-DRB111:01,26846.09,ABE73425,LGFDNQSKSPS,194,287.0
289,HLA-DRB111:01,26851.9,ABE73425,SEVSTDEVGDN,289,288.0
45,HLA-DRB111:01,26864.6,ABE73425,GNKDEQIGYWN,45,289.0
213,HLA-DRB111:01,27019.61,ABE73425,KPNKPLSQPRA,213,290.0
287,HLA-DRB111:01,27053.68,ABE73425,FDSEVSTDEVG,287,291.0
290,HLA-DRB111:01,27120.5,ABE73425,EVSTDEVGDNV,290,292.0
112,HLA-DRB111:01,27273.8,ABE73425,GNRKRNQKPLE,112,293.0
12,HLA-DRB111:01,27395.18,ABE73425,KKFPPPSFYMP,12,294.0
282,HLA-DRB111:01,27505.05,ABE73425,QAALFFDSEVS,282,295.0
44,HLA-DRB111:01,27580.89,ABE73425,KGNKDEQIGYW,44,296.0
23,HLA-DRB111:01,27604.62,ABE73425,LLVSSDKAPYR,23,297.0
210,HLA-DRB111:01,27737.56,ABE73425,TPKKPNKPLSQ,210,298.0
323,HLA-DRB111:01,27865.08,ABE73425,QISAFTKPSSI,323,299.0
288,HLA-DRB111:01,28487.45,ABE73425,DSEVSTDEVGD,288,300.0
193,HLA-DRB111:01,28898.86,ABE73425,NLGFDNQSKSP,193,301.0
7,HLA-DRB111:01,29287.23,ABE73425,DRAARKKFPPP,7,302.0
260,HLA-DRB111:01,29559.02,ABE73425,SDLVQNGVDAK,260,303.0
135,HLA-DRB111:01,29747.56,ABE73425,VVEFEDRSNNS,135,304.0
276,HLA-DRB111:01,30025.04,ABE73425,AELIPNQAALF,276,305.0
212,HLA-DRB111:01,30184.16,ABE73425,KKPNKPLSQPR,212,306.0
26,HLA-DRB111:01,30752.51,ABE73425,SSDKAPYRVIP,26,307.0
191,HLA-DRB111:01,30993.63,ABE73425,LKNLGFDNQSK,191,308.0
291,HLA-DRB111:01,31072.61,ABE73425,VSTDEVGDNVQ,291,309.0
202,HLA-DRB111:01,31240.24,ABE73425,SPSSSGTFTPK,202,310.0
113,HLA-DRB111:01,31298.3,ABE73425,NRKRNQKPLEP,113,311.0
27,HLA-DRB111:01,31661.76,ABE73425,SDKAPYRVIPR,27,312.0
246,HLA-DRB111:01,31964.86,ABE73425,QCFGPRDFNHN,246,313.0
8,HLA-DRB111:01,32264.8,ABE73425,RAARKKFPPPS,8,314.0
207,HLA-DRB111:01,32505.78,ABE73425,GTFTPKKPNKP,207,315.0
13,HLA-DRB111:01,32539.66,ABE73425,KFPPPSFYMPL,13,316.0
308,HLA-DRB111:01,32621.7,ABE73425,MLVAKDNKNLP,308,317.0
114,HLA-DRB111:01,32627.95,ABE73425,RKRNQKPLEPK,114,318.0
173,HLA-DRB111:01,32837.89,ABE73425,RSDSNQSSSDL,173,319.0
310,HLA-DRB111:01,32892.02,ABE73425,VAKDNKNLPKF,310,320.0
204,HLA-DRB111:01,33398.39,ABE73425,SSSGTFTPKKP,204,321.0
324,HLA-DRB111:01,33676.63,ABE73425,ISAFTKPSSIK,324,322.0
192,HLA-DRB111:01,33775.77,ABE73425,KNLGFDNQSKS,192,323.0
311,HLA-DRB111:01,34265.39,ABE73425,AKDNKNLPKFI,311,324.0
74,HLA-DRB111:01,34282.47,ABE73425,VHFYYLGTGPH,74,325.0
203,HLA-DRB111:01,34455.61,ABE73425,PSSSGTFTPKK,203,326.0
205,HLA-DRB111:01,34971.77,ABE73425,SSGTFTPKKPN,205,327.0
275,HLA-DRB111:01,35387.16,ABE73425,LAELIPNQAAL,275,328.0
37,HLA-DRB111:01,35447.49,ABE73425,RNLVPIGKGNK,37,329.0
206,HLA-DRB111:01,35672.98,ABE73425,SGTFTPKKPNK,206,330.0
134,HLA-DRB111:01,35689.62,ABE73425,SVVEFEDRSNN,134,331.0
65,HLA-DRB111:01,36106.7,ABE73425,GQRVDLPPKVH,65,332.0
247,HLA-DRB111:01,37258.41,ABE73425,CFGPRDFNHNM,247,333.0
309,HLA-DRB111:01,38658.35,ABE73425,LVAKDNKNLPK,309,334.0
187,HLA-DRB112:01,69.64,ABE73425,VTLALKNLGFD,187,1.0
70,HLA-DRB112:01,201.94,ABE73425,LPPKVHFYYLG,70,2.0
278,HLA-DRB112:01,214.15,ABE73425,LIPNQAALFFD,278,3.0
186,HLA-DRB112:01,250.5,ABE73425,AVTLALKNLGF,186,4.0
298,HLA-DRB112:01,446.46,ABE73425,DNVQITYTYKM,298,5.0
69,HLA-DRB112:01,450.64,ABE73425,DLPPKVHFYYL,69,6.0
188,HLA-DRB112:01,579.47,ABE73425,TLALKNLGFDN,188,7.0
279,HLA-DRB112:01,702.16,ABE73425,IPNQAALFFDS,279,8.0
299,HLA-DRB112:01,914.48,ABE73425,NVQITYTYKML,299,9.0
71,HLA-DRB112:01,1371.06,ABE73425,PPKVHFYYLGT,71,10.0
277,HLA-DRB112:01,1437.08,ABE73425,ELIPNQAALFF,277,11.0
317,HLA-DRB112:01,1563.79,ABE73425,LPKFIEQISAF,317,12.0
318,HLA-DRB112:01,1654.39,ABE73425,PKFIEQISAFT,318,13.0
333,HLA-DRB112:01,1764.66,ABE73425,IKEMQSQSSHV,333,14.0
120,HLA-DRB112:01,1823.48,ABE73425,PLEPKFSIALP,120,15.0
270,HLA-DRB112:01,1830.73,ABE73425,KGFPQLAELIP,270,16.0
121,HLA-DRB112:01,1900.91,ABE73425,LEPKFSIALPP,121,17.0
68,HLA-DRB112:01,1946.54,ABE73425,VDLPPKVHFYY,68,18.0
185,HLA-DRB112:01,2190.13,ABE73425,AAVTLALKNLG,185,19.0
129,HLA-DRB112:01,2193.77,ABE73425,LPPELSVVEFE,129,20.0
237,HLA-DRB112:01,2207.61,ABE73425,VPTREENVIQC,237,21.0
181,HLA-DRB112:01,2227.72,ABE73425,SDLVAAVTLAL,181,22.0
273,HLA-DRB112:01,2237.88,ABE73425,PQLAELIPNQA,273,23.0
184,HLA-DRB112:01,2266.04,ABE73425,VAAVTLALKNL,184,24.0
315,HLA-DRB112:01,2374.24,ABE73425,KNLPKFIEQIS,315,25.0
189,HLA-DRB112:01,2507.24,ABE73425,LALKNLGFDNQ,189,26.0
319,HLA-DRB112:01,2539.67,ABE73425,KFIEQISAFTK,319,27.0
128,HLA-DRB112:01,2585.73,ABE73425,ALPPELSVVEF,128,28.0
269,HLA-DRB112:01,2612.23,ABE73425,AKGFPQLAELI,269,29.0
22,HLA-DRB112:01,2633.39,ABE73425,PLLVSSDKAPY,22,30.0
32,HLA-DRB112:01,2696.78,ABE73425,YRVIPRNLVPI,32,31.0
182,HLA-DRB112:01,2708.15,ABE73425,DLVAAVTLALK,182,32.0
316,HLA-DRB112:01,2814.12,ABE73425,NLPKFIEQISA,316,33.0
20,HLA-DRB112:01,2820.57,ABE73425,YMPLLVSSDKA,20,34.0
320,HLA-DRB112:01,2822.71,ABE73425,FIEQISAFTKP,320,35.0
330,HLA-DRB112:01,3038.32,ABE73425,PSSIKEMQSQS,330,36.0
127,HLA-DRB112:01,3069.4,ABE73425,IALPPELSVVE,127,37.0
125,HLA-DRB112:01,3080.6,ABE73425,FSIALPPELSV,125,38.0
276,HLA-DRB112:01,3376.71,ABE73425,AELIPNQAALF,276,39.0
18,HLA-DRB112:01,3505.19,ABE73425,SFYMPLLVSSD,18,40.0
331,HLA-DRB112:01,3989.54,ABE73425,SSIKEMQSQSS,331,41.0
296,HLA-DRB112:01,4136.18,ABE73425,VGDNVQITYTY,296,42.0
21,HLA-DRB112:01,4182.83,ABE73425,MPLLVSSDKAP,21,43.0
274,HLA-DRB112:01,4370.69,ABE73425,QLAELIPNQAA,274,44.0
262,HLA-DRB112:01,4575.74,ABE73425,LVQNGVDAKGF,262,45.0
60,HLA-DRB112:01,4783.43,ABE73425,WRMRRGQRVDL,60,46.0
126,HLA-DRB112:01,4832.4,ABE73425,SIALPPELSVV,126,47.0
33,HLA-DRB112:01,4995.08,ABE73425,RVIPRNLVPIG,33,48.0
67,HLA-DRB112:01,5064.53,ABE73425,RVDLPPKVHFY,67,49.0
280,HLA-DRB112:01,5158.32,ABE73425,PNQAALFFDSE,280,50.0
118,HLA-DRB112:01,5177.79,ABE73425,QKPLEPKFSIA,118,51.0
183,HLA-DRB112:01,5237.5,ABE73425,LVAAVTLALKN,183,52.0
265,HLA-DRB112:01,5277.76,ABE73425,NGVDAKGFPQL,265,53.0
49,HLA-DRB112:01,5513.03,ABE73425,EQIGYWNVQER,49,54.0
19,HLA-DRB112:01,5623.37,ABE73425,FYMPLLVSSDK,19,55.0
243,HLA-DRB112:01,5723.46,ABE73425,NVIQCFGPRDF,243,56.0
26,HLA-DRB112:01,5756.55,ABE73425,SSDKAPYRVIP,26,57.0
176,HLA-DRB112:01,5955.27,ABE73425,SNQSSSDLVAA,176,58.0
300,HLA-DRB112:01,6110.43,ABE73425,VQITYTYKMLV,300,59.0
180,HLA-DRB112:01,6392.16,ABE73425,SSDLVAAVTLA,180,60.0
34,HLA-DRB112:01,6442.82,ABE73425,VIPRNLVPIGK,34,61.0
275,HLA-DRB112:01,6538.98,ABE73425,LAELIPNQAAL,275,62.0
332,HLA-DRB112:01,6574.28,ABE73425,SIKEMQSQSSH,332,63.0
82,HLA-DRB112:01,6592.49,ABE73425,GPHKDLKFRQR,82,64.0
12,HLA-DRB112:01,6633.59,ABE73425,KKFPPPSFYMP,12,65.0
329,HLA-DRB112:01,6695.03,ABE73425,KPSSIKEMQSQ,329,66.0
267,HLA-DRB112:01,7127.0,ABE73425,VDAKGFPQLAE,267,67.0
179,HLA-DRB112:01,7211.63,ABE73425,SSSDLVAAVTL,179,68.0
72,HLA-DRB112:01,7313.49,ABE73425,PKVHFYYLGTG,72,69.0
11,HLA-DRB112:01,7316.4,ABE73425,RKKFPPPSFYM,11,70.0
263,HLA-DRB112:01,7399.86,ABE73425,VQNGVDAKGFP,263,71.0
177,HLA-DRB112:01,7449.24,ABE73425,NQSSSDLVAAV,177,72.0
314,HLA-DRB112:01,7500.86,ABE73425,NKNLPKFIEQI,314,73.0
178,HLA-DRB112:01,7695.08,ABE73425,QSSSDLVAAVT,178,74.0
15,HLA-DRB112:01,7798.12,ABE73425,PPPSFYMPLLV,15,75.0
90,HLA-DRB112:01,7826.5,ABE73425,RQRSDGVVWVA,90,76.0
16,HLA-DRB112:01,7906.89,ABE73425,PPSFYMPLLVS,16,77.0
130,HLA-DRB112:01,8031.27,ABE73425,PPELSVVEFED,130,78.0
301,HLA-DRB112:01,8112.72,ABE73425,QITYTYKMLVA,301,79.0
48,HLA-DRB112:01,8153.35,ABE73425,DEQIGYWNVQE,48,80.0
119,HLA-DRB112:01,8229.61,ABE73425,KPLEPKFSIAL,119,81.0
39,HLA-DRB112:01,8301.58,ABE73425,LVPIGKGNKDE,39,82.0
321,HLA-DRB112:01,8390.58,ABE73425,IEQISAFTKPS,321,83.0
59,HLA-DRB112:01,8393.16,ABE73425,RWRMRRGQRVD,59,84.0
226,HLA-DRB112:01,8680.45,ABE73425,PSQLKKPRWKR,226,85.0
266,HLA-DRB112:01,8809.46,ABE73425,GVDAKGFPQLA,266,86.0
24,HLA-DRB112:01,8899.01,ABE73425,LVSSDKAPYRV,24,87.0
31,HLA-DRB112:01,8906.1,ABE73425,PYRVIPRNLVP,31,88.0
227,HLA-DRB112:01,8957.45,ABE73425,SQLKKPRWKRV,227,89.0
190,HLA-DRB112:01,8966.51,ABE73425,ALKNLGFDNQS,190,90.0
272,HLA-DRB112:01,9135.81,ABE73425,FPQLAELIPNQ,272,91.0
175,HLA-DRB112:01,9162.74,ABE73425,DSNQSSSDLVA,175,92.0
305,HLA-DRB112:01,9163.82,ABE73425,TYKMLVAKDNK,305,93.0
122,HLA-DRB112:01,9229.72,ABE73425,EPKFSIALPPE,122,94.0
91,HLA-DRB112:01,9340.72,ABE73425,QRSDGVVWVAK,91,95.0
240,HLA-DRB112:01,9341.51,ABE73425,REENVIQCFGP,240,96.0
303,HLA-DRB112:01,9582.36,ABE73425,TYTYKMLVAKD,303,97.0
87,HLA-DRB112:01,9707.95,ABE73425,LKFRQRSDGVV,87,98.0
200,HLA-DRB112:01,9718.88,ABE73425,SKSPSSSGTFT,200,99.0
302,HLA-DRB112:01,9720.34,ABE73425,ITYTYKMLVAK,302,100.0
228,HLA-DRB112:01,9767.1,ABE73425,QLKKPRWKRVP,228,101.0
53,HLA-DRB112:01,9791.06,ABE73425,YWNVQERWRMR,53,102.0
17,HLA-DRB112:01,9846.46,ABE73425,PSFYMPLLVSS,17,103.0
271,HLA-DRB112:01,9949.76,ABE73425,GFPQLAELIPN,271,104.0
297,HLA-DRB112:01,10243.69,ABE73425,GDNVQITYTYK,297,105.0
10,HLA-DRB112:01,10440.44,ABE73425,ARKKFPPPSFY,10,106.0
25,HLA-DRB112:01,10494.71,ABE73425,VSSDKAPYRVI,25,107.0
52,HLA-DRB112:01,10543.94,ABE73425,GYWNVQERWRM,52,108.0
224,HLA-DRB112:01,10613.7,ABE73425,DKPSQLKKPRW,224,109.0
225,HLA-DRB112:01,10793.03,ABE73425,KPSQLKKPRWK,225,110.0
66,HLA-DRB112:01,11034.48,ABE73425,QRVDLPPKVHF,66,111.0
131,HLA-DRB112:01,11164.06,ABE73425,PELSVVEFEDR,131,112.0
328,HLA-DRB112:01,11168.63,ABE73425,TKPSSIKEMQS,328,113.0
13,HLA-DRB112:01,11195.33,ABE73425,KFPPPSFYMPL,13,114.0
323,HLA-DRB112:01,11422.24,ABE73425,QISAFTKPSSI,323,115.0
307,HLA-DRB112:01,11454.8,ABE73425,KMLVAKDNKNL,307,116.0
199,HLA-DRB112:01,11521.29,ABE73425,QSKSPSSSGTF,199,117.0
73,HLA-DRB112:01,11532.97,ABE73425,KVHFYYLGTGP,73,118.0
106,HLA-DRB112:01,11597.11,ABE73425,TVNTSLGNRKR,106,119.0
294,HLA-DRB112:01,11637.34,ABE73425,DEVGDNVQITY,294,120.0
326,HLA-DRB112:01,11682.98,ABE73425,AFTKPSSIKEM,326,121.0
259,HLA-DRB112:01,11714.17,ABE73425,DSDLVQNGVDA,259,122.0
281,HLA-DRB112:01,11739.4,ABE73425,NQAALFFDSEV,281,123.0
117,HLA-DRB112:01,11995.49,ABE73425,NQKPLEPKFSI,117,124.0
14,HLA-DRB112:01,12037.04,ABE73425,FPPPSFYMPLL,14,125.0
77,HLA-DRB112:01,12268.78,ABE73425,YYLGTGPHKDL,77,126.0
54,HLA-DRB112:01,12286.44,ABE73425,WNVQERWRMRR,54,127.0
29,HLA-DRB112:01,12686.98,ABE73425,KAPYRVIPRNL,29,128.0
94,HLA-DRB112:01,12710.84,ABE73425,DGVVWVAKEGA,94,129.0
84,HLA-DRB112:01,12717.63,ABE73425,HKDLKFRQRSD,84,130.0
23,HLA-DRB112:01,12759.81,ABE73425,LLVSSDKAPYR,23,131.0
123,HLA-DRB112:01,12991.62,ABE73425,PKFSIALPPEL,123,132.0
124,HLA-DRB112:01,13171.12,ABE73425,KFSIALPPELS,124,133.0
174,HLA-DRB112:01,13447.4,ABE73425,SDSNQSSSDLV,174,134.0
242,HLA-DRB112:01,13493.88,ABE73425,ENVIQCFGPRD,242,135.0
4,HLA-DRB112:01,13576.92,ABE73425,WADDRAARKKF,4,136.0
264,HLA-DRB112:01,13836.22,ABE73425,QNGVDAKGFPQ,264,137.0
295,HLA-DRB112:01,14002.08,ABE73425,EVGDNVQITYT,295,138.0
216,HLA-DRB112:01,14085.09,ABE73425,KPLSQPRADKP,216,139.0
35,HLA-DRB112:01,14448.81,ABE73425,IPRNLVPIGKG,35,140.0
83,HLA-DRB112:01,14518.15,ABE73425,PHKDLKFRQRS,83,141.0
86,HLA-DRB112:01,14518.97,ABE73425,DLKFRQRSDGV,86,142.0
30,HLA-DRB112:01,14581.9,ABE73425,APYRVIPRNLV,30,143.0
244,HLA-DRB112:01,14722.13,ABE73425,VIQCFGPRDFN,244,144.0
104,HLA-DRB112:01,15126.31,ABE73425,AKTVNTSLGNR,104,145.0
27,HLA-DRB112:01,15149.04,ABE73425,SDKAPYRVIPR,27,146.0
292,HLA-DRB112:01,15169.3,ABE73425,STDEVGDNVQI,292,147.0
304,HLA-DRB112:01,15432.27,ABE73425,YTYKMLVAKDN,304,148.0
61,HLA-DRB112:01,15710.07,ABE73425,RMRRGQRVDLP,61,149.0
283,HLA-DRB112:01,15758.69,ABE73425,AALFFDSEVST,283,150.0
218,HLA-DRB112:01,15807.67,ABE73425,LSQPRADKPSQ,218,151.0
327,HLA-DRB112:01,15986.43,ABE73425,FTKPSSIKEMQ,327,152.0
47,HLA-DRB112:01,16143.68,ABE73425,KDEQIGYWNVQ,47,153.0
76,HLA-DRB112:01,16161.26,ABE73425,FYYLGTGPHKD,76,154.0
85,HLA-DRB112:01,16169.78,ABE73425,KDLKFRQRSDG,85,155.0
229,HLA-DRB112:01,16185.65,ABE73425,LKKPRWKRVPT,229,156.0
268,HLA-DRB112:01,16237.45,ABE73425,DAKGFPQLAEL,268,157.0
261,HLA-DRB112:01,16380.57,ABE73425,DLVQNGVDAKG,261,158.0
253,HLA-DRB112:01,16569.49,ABE73425,FNHNMGDSDLV,253,159.0
245,HLA-DRB112:01,16645.36,ABE73425,IQCFGPRDFNH,245,160.0
239,HLA-DRB112:01,16735.11,ABE73425,TREENVIQCFG,239,161.0
80,HLA-DRB112:01,16813.08,ABE73425,GTGPHKDLKFR,80,162.0
38,HLA-DRB112:01,16905.08,ABE73425,NLVPIGKGNKD,38,163.0
43,HLA-DRB112:01,16937.32,ABE73425,GKGNKDEQIGY,43,164.0
50,HLA-DRB112:01,16947.22,ABE73425,QIGYWNVQERW,50,165.0
88,HLA-DRB112:01,17003.76,ABE73425,KFRQRSDGVVW,88,166.0
116,HLA-DRB112:01,17047.86,ABE73425,RNQKPLEPKFS,116,167.0
144,HLA-DRB112:01,17072.33,ABE73425,NSSRASSRSST,144,168.0
241,HLA-DRB112:01,17128.02,ABE73425,EENVIQCFGPR,241,169.0
322,HLA-DRB112:01,17144.74,ABE73425,EQISAFTKPSS,322,170.0
115,HLA-DRB112:01,17166.61,ABE73425,KRNQKPLEPKF,115,171.0
57,HLA-DRB112:01,17254.68,ABE73425,QERWRMRRGQR,57,172.0
97,HLA-DRB112:01,17365.92,ABE73425,VWVAKEGAKTV,97,173.0
235,HLA-DRB112:01,17387.4,ABE73425,KRVPTREENVI,235,174.0
238,HLA-DRB112:01,17414.73,ABE73425,PTREENVIQCF,238,175.0
132,HLA-DRB112:01,17473.2,ABE73425,ELSVVEFEDRS,132,176.0
191,HLA-DRB112:01,17493.98,ABE73425,LKNLGFDNQSK,191,177.0
105,HLA-DRB112:01,17530.05,ABE73425,KTVNTSLGNRK,105,178.0
46,HLA-DRB112:01,17571.02,ABE73425,NKDEQIGYWNV,46,179.0
161,HLA-DRB112:01,17611.46,ABE73425,SSRSTSRQQSR,161,180.0
51,HLA-DRB112:01,17756.1,ABE73425,IGYWNVQERWR,51,181.0
217,HLA-DRB112:01,17963.4,ABE73425,PLSQPRADKPS,217,182.0
258,HLA-DRB112:01,18026.48,ABE73425,GDSDLVQNGVD,258,183.0
324,HLA-DRB112:01,18067.63,ABE73425,ISAFTKPSSIK,324,184.0
325,HLA-DRB112:01,18124.44,ABE73425,SAFTKPSSIKE,325,185.0
96,HLA-DRB112:01,18173.43,ABE73425,VVWVAKEGAKT,96,186.0
0,HLA-DRB112:01,18194.97,ABE73425,ASVNWADDRAA,0,187.0
62,HLA-DRB112:01,18439.22,ABE73425,MRRGQRVDLPP,62,188.0
81,HLA-DRB112:01,18461.0,ABE73425,TGPHKDLKFRQ,81,189.0
312,HLA-DRB112:01,18510.95,ABE73425,KDNKNLPKFIE,312,190.0
93,HLA-DRB112:01,18684.7,ABE73425,SDGVVWVAKEG,93,191.0
311,HLA-DRB112:01,18923.49,ABE73425,AKDNKNLPKFI,311,192.0
41,HLA-DRB112:01,18955.4,ABE73425,PIGKGNKDEQI,41,193.0
79,HLA-DRB112:01,18997.77,ABE73425,LGTGPHKDLKF,79,194.0
40,HLA-DRB112:01,19023.29,ABE73425,VPIGKGNKDEQ,40,195.0
310,HLA-DRB112:01,19169.83,ABE73425,VAKDNKNLPKF,310,196.0
214,HLA-DRB112:01,19182.3,ABE73425,PNKPLSQPRAD,214,197.0
78,HLA-DRB112:01,19193.45,ABE73425,YLGTGPHKDLK,78,198.0
58,HLA-DRB112:01,19483.28,ABE73425,ERWRMRRGQRV,58,199.0
109,HLA-DRB112:01,19609.3,ABE73425,TSLGNRKRNQK,109,200.0
282,HLA-DRB112:01,19610.93,ABE73425,QAALFFDSEVS,282,201.0
56,HLA-DRB112:01,19614.99,ABE73425,VQERWRMRRGQ,56,202.0
89,HLA-DRB112:01,19789.54,ABE73425,FRQRSDGVVWV,89,203.0
92,HLA-DRB112:01,19804.09,ABE73425,RSDGVVWVAKE,92,204.0
251,HLA-DRB112:01,19997.13,ABE73425,RDFNHNMGDSD,251,205.0
254,HLA-DRB112:01,20005.56,ABE73425,NHNMGDSDLVQ,254,206.0
148,HLA-DRB112:01,20103.16,ABE73425,ASSRSSTRNNS,148,207.0
145,HLA-DRB112:01,20137.12,ABE73425,SSRASSRSSTR,145,208.0
257,HLA-DRB112:01,20500.24,ABE73425,MGDSDLVQNGV,257,209.0
37,HLA-DRB112:01,20611.32,ABE73425,RNLVPIGKGNK,37,210.0
168,HLA-DRB112:01,20891.91,ABE73425,QQSRTRSDSNQ,168,211.0
149,HLA-DRB112:01,20956.49,ABE73425,SSRSSTRNNSR,149,212.0
284,HLA-DRB112:01,21006.8,ABE73425,ALFFDSEVSTD,284,213.0
5,HLA-DRB112:01,21114.8,ABE73425,ADDRAARKKFP,5,214.0
75,HLA-DRB112:01,21144.34,ABE73425,HFYYLGTGPHK,75,215.0
215,HLA-DRB112:01,21213.81,ABE73425,NKPLSQPRADK,215,216.0
223,HLA-DRB112:01,21243.51,ABE73425,ADKPSQLKKPR,223,217.0
256,HLA-DRB112:01,21274.35,ABE73425,NMGDSDLVQNG,256,218.0
162,HLA-DRB112:01,21314.39,ABE73425,SRSTSRQQSRT,162,219.0
260,HLA-DRB112:01,21796.85,ABE73425,SDLVQNGVDAK,260,220.0
111,HLA-DRB112:01,22090.13,ABE73425,LGNRKRNQKPL,111,221.0
208,HLA-DRB112:01,22090.75,ABE73425,TFTPKKPNKPL,208,222.0
65,HLA-DRB112:01,22108.4,ABE73425,GQRVDLPPKVH,65,223.0
306,HLA-DRB112:01,22160.57,ABE73425,YKMLVAKDNKN,306,224.0
198,HLA-DRB112:01,22205.86,ABE73425,NQSKSPSSSGT,198,225.0
293,HLA-DRB112:01,22331.14,ABE73425,TDEVGDNVQIT,293,226.0
308,HLA-DRB112:01,22525.23,ABE73425,MLVAKDNKNLP,308,227.0
313,HLA-DRB112:01,22696.44,ABE73425,DNKNLPKFIEQ,313,228.0
252,HLA-DRB112:01,22766.1,ABE73425,DFNHNMGDSDL,252,229.0
201,HLA-DRB112:01,22819.11,ABE73425,KSPSSSGTFTP,201,230.0
98,HLA-DRB112:01,22888.8,ABE73425,WVAKEGAKTVN,98,231.0
108,HLA-DRB112:01,23239.42,ABE73425,NTSLGNRKRNQ,108,232.0
102,HLA-DRB112:01,23434.81,ABE73425,EGAKTVNTSLG,102,233.0
249,HLA-DRB112:01,23531.54,ABE73425,GPRDFNHNMGD,249,234.0
236,HLA-DRB112:01,23596.23,ABE73425,RVPTREENVIQ,236,235.0
169,HLA-DRB112:01,23609.53,ABE73425,QSRTRSDSNQS,169,236.0
141,HLA-DRB112:01,23691.4,ABE73425,RSNNSSRASSR,141,237.0
55,HLA-DRB112:01,23749.89,ABE73425,NVQERWRMRRG,55,238.0
107,HLA-DRB112:01,23854.66,ABE73425,VNTSLGNRKRN,107,239.0
64,HLA-DRB112:01,23869.53,ABE73425,RGQRVDLPPKV,64,240.0
160,HLA-DRB112:01,23948.7,ABE73425,DSSRSTSRQQS,160,241.0
143,HLA-DRB112:01,24196.72,ABE73425,NNSSRASSRSS,143,242.0
95,HLA-DRB112:01,24456.97,ABE73425,GVVWVAKEGAK,95,243.0
150,HLA-DRB112:01,24498.32,ABE73425,SRSSTRNNSRD,150,244.0
44,HLA-DRB112:01,24503.71,ABE73425,KGNKDEQIGYW,44,245.0
74,HLA-DRB112:01,24677.46,ABE73425,VHFYYLGTGPH,74,246.0
133,HLA-DRB112:01,24764.42,ABE73425,LSVVEFEDRSN,133,247.0
99,HLA-DRB112:01,24808.25,ABE73425,VAKEGAKTVNT,99,248.0
6,HLA-DRB112:01,24811.47,ABE73425,DDRAARKKFPP,6,249.0
170,HLA-DRB112:01,24886.1,ABE73425,SRTRSDSNQSS,170,250.0
291,HLA-DRB112:01,24933.13,ABE73425,VSTDEVGDNVQ,291,251.0
221,HLA-DRB112:01,25023.42,ABE73425,PRADKPSQLKK,221,252.0
147,HLA-DRB112:01,25201.2,ABE73425,RASSRSSTRNN,147,253.0
222,HLA-DRB112:01,25304.77,ABE73425,RADKPSQLKKP,222,254.0
287,HLA-DRB112:01,25730.1,ABE73425,FDSEVSTDEVG,287,255.0
213,HLA-DRB112:01,25801.54,ABE73425,KPNKPLSQPRA,213,256.0
202,HLA-DRB112:01,25815.24,ABE73425,SPSSSGTFTPK,202,257.0
167,HLA-DRB112:01,25819.32,ABE73425,RQQSRTRSDSN,167,258.0
246,HLA-DRB112:01,26027.02,ABE73425,QCFGPRDFNHN,246,259.0
110,HLA-DRB112:01,26118.82,ABE73425,SLGNRKRNQKP,110,260.0
285,HLA-DRB112:01,26145.36,ABE73425,LFFDSEVSTDE,285,261.0
220,HLA-DRB112:01,26151.08,ABE73425,QPRADKPSQLK,220,262.0
9,HLA-DRB112:01,26217.63,ABE73425,AARKKFPPPSF,9,263.0
36,HLA-DRB112:01,26595.17,ABE73425,PRNLVPIGKGN,36,264.0
142,HLA-DRB112:01,26641.33,ABE73425,SNNSSRASSRS,142,265.0
288,HLA-DRB112:01,26691.42,ABE73425,DSEVSTDEVGD,288,266.0
146,HLA-DRB112:01,26956.5,ABE73425,SRASSRSSTRN,146,267.0
255,HLA-DRB112:01,26968.61,ABE73425,HNMGDSDLVQN,255,268.0
197,HLA-DRB112:01,27140.6,ABE73425,DNQSKSPSSSG,197,269.0
103,HLA-DRB112:01,27161.54,ABE73425,GAKTVNTSLGN,103,270.0
219,HLA-DRB112:01,27271.83,ABE73425,SQPRADKPSQL,219,271.0
152,HLA-DRB112:01,27274.16,ABE73425,SSTRNNSRDSS,152,272.0
173,HLA-DRB112:01,27312.61,ABE73425,RSDSNQSSSDL,173,273.0
172,HLA-DRB112:01,27331.63,ABE73425,TRSDSNQSSSD,172,274.0
164,HLA-DRB112:01,27397.35,ABE73425,STSRQQSRTRS,164,275.0
193,HLA-DRB112:01,27533.3,ABE73425,NLGFDNQSKSP,193,276.0
211,HLA-DRB112:01,27544.21,ABE73425,PKKPNKPLSQP,211,277.0
290,HLA-DRB112:01,27742.05,ABE73425,EVSTDEVGDNV,290,278.0
166,HLA-DRB112:01,27771.46,ABE73425,SRQQSRTRSDS,166,279.0
289,HLA-DRB112:01,27798.22,ABE73425,SEVSTDEVGDN,289,280.0
286,HLA-DRB112:01,27981.19,ABE73425,FFDSEVSTDEV,286,281.0
203,HLA-DRB112:01,27995.82,ABE73425,PSSSGTFTPKK,203,282.0
45,HLA-DRB112:01,28047.3,ABE73425,GNKDEQIGYWN,45,283.0
165,HLA-DRB112:01,28054.91,ABE73425,TSRQQSRTRSD,165,284.0
234,HLA-DRB112:01,28335.48,ABE73425,WKRVPTREENV,234,285.0
42,HLA-DRB112:01,28501.95,ABE73425,IGKGNKDEQIG,42,286.0
101,HLA-DRB112:01,28565.91,ABE73425,KEGAKTVNTSL,101,287.0
159,HLA-DRB112:01,28793.22,ABE73425,RDSSRSTSRQQ,159,288.0
247,HLA-DRB112:01,28886.04,ABE73425,CFGPRDFNHNM,247,289.0
163,HLA-DRB112:01,28978.93,ABE73425,RSTSRQQSRTR,163,290.0
7,HLA-DRB112:01,29213.19,ABE73425,DRAARKKFPPP,7,291.0
112,HLA-DRB112:01,29489.5,ABE73425,GNRKRNQKPLE,112,292.0
192,HLA-DRB112:01,29642.59,ABE73425,KNLGFDNQSKS,192,293.0
157,HLA-DRB112:01,29713.8,ABE73425,NSRDSSRSTSR,157,294.0
28,HLA-DRB112:01,29820.0,ABE73425,DKAPYRVIPRN,28,295.0
309,HLA-DRB112:01,30035.74,ABE73425,LVAKDNKNLPK,309,296.0
250,HLA-DRB112:01,30311.04,ABE73425,PRDFNHNMGDS,250,297.0
158,HLA-DRB112:01,30340.23,ABE73425,SRDSSRSTSRQ,158,298.0
151,HLA-DRB112:01,30386.51,ABE73425,RSSTRNNSRDS,151,299.0
171,HLA-DRB112:01,30482.68,ABE73425,RTRSDSNQSSS,171,300.0
204,HLA-DRB112:01,30494.91,ABE73425,SSSGTFTPKKP,204,301.0
1,HLA-DRB112:01,30598.42,ABE73425,SVNWADDRAAR,1,302.0
212,HLA-DRB112:01,30727.29,ABE73425,KKPNKPLSQPR,212,303.0
196,HLA-DRB112:01,30792.01,ABE73425,FDNQSKSPSSS,196,304.0
134,HLA-DRB112:01,31199.43,ABE73425,SVVEFEDRSNN,134,305.0
248,HLA-DRB112:01,32461.19,ABE73425,FGPRDFNHNMG,248,306.0
153,HLA-DRB112:01,32577.82,ABE73425,STRNNSRDSSR,153,307.0
113,HLA-DRB112:01,32591.59,ABE73425,NRKRNQKPLEP,113,308.0
209,HLA-DRB112:01,32689.2,ABE73425,FTPKKPNKPLS,209,309.0
155,HLA-DRB112:01,32896.94,ABE73425,RNNSRDSSRST,155,310.0
194,HLA-DRB112:01,33014.35,ABE73425,LGFDNQSKSPS,194,311.0
232,HLA-DRB112:01,33128.68,ABE73425,PRWKRVPTREE,232,312.0
195,HLA-DRB112:01,33327.84,ABE73425,GFDNQSKSPSS,195,313.0
207,HLA-DRB112:01,33391.66,ABE73425,GTFTPKKPNKP,207,314.0
63,HLA-DRB112:01,33551.67,ABE73425,RRGQRVDLPPK,63,315.0
206,HLA-DRB112:01,33586.17,ABE73425,SGTFTPKKPNK,206,316.0
210,HLA-DRB112:01,33674.52,ABE73425,TPKKPNKPLSQ,210,317.0
230,HLA-DRB112:01,33676.07,ABE73425,KKPRWKRVPTR,230,318.0
233,HLA-DRB112:01,33735.05,ABE73425,RWKRVPTREEN,233,319.0
100,HLA-DRB112:01,33850.11,ABE73425,AKEGAKTVNTS,100,320.0
3,HLA-DRB112:01,33900.59,ABE73425,NWADDRAARKK,3,321.0
135,HLA-DRB112:01,34044.24,ABE73425,VVEFEDRSNNS,135,322.0
140,HLA-DRB112:01,34063.86,ABE73425,DRSNNSSRASS,140,323.0
8,HLA-DRB112:01,34597.7,ABE73425,RAARKKFPPPS,8,324.0
231,HLA-DRB112:01,34941.52,ABE73425,KPRWKRVPTRE,231,325.0
137,HLA-DRB112:01,35258.16,ABE73425,EFEDRSNNSSR,137,326.0
205,HLA-DRB112:01,35448.8,ABE73425,SSGTFTPKKPN,205,327.0
2,HLA-DRB112:01,35485.25,ABE73425,VNWADDRAARK,2,328.0
138,HLA-DRB112:01,35660.35,ABE73425,FEDRSNNSSRA,138,329.0
136,HLA-DRB112:01,36013.77,ABE73425,VEFEDRSNNSS,136,330.0
156,HLA-DRB112:01,36273.44,ABE73425,NNSRDSSRSTS,156,331.0
114,HLA-DRB112:01,37385.58,ABE73425,RKRNQKPLEPK,114,332.0
139,HLA-DRB112:01,37955.26,ABE73425,EDRSNNSSRAS,139,333.0
154,HLA-DRB112:01,38826.64,ABE73425,TRNNSRDSSRS,154,334.0
187,HLA-DRB112:02,48.88,ABE73425,VTLALKNLGFD,187,1.0
51,HLA-DRB112:02,206.86,ABE73425,IGYWNVQERWR,51,2.0
53,HLA-DRB112:02,273.7,ABE73425,YWNVQERWRMR,53,3.0
106,HLA-DRB112:02,286.09,ABE73425,TVNTSLGNRKR,106,4.0
54,HLA-DRB112:02,321.05,ABE73425,WNVQERWRMRR,54,5.0
278,HLA-DRB112:02,412.75,ABE73425,LIPNQAALFFD,278,6.0
188,HLA-DRB112:02,435.8,ABE73425,TLALKNLGFDN,188,7.0
70,HLA-DRB112:02,442.83,ABE73425,LPPKVHFYYLG,70,8.0
186,HLA-DRB112:02,485.24,ABE73425,AVTLALKNLGF,186,9.0
241,HLA-DRB112:02,492.23,ABE73425,EENVIQCFGPR,241,10.0
49,HLA-DRB112:02,524.02,ABE73425,EQIGYWNVQER,49,11.0
185,HLA-DRB112:02,618.34,ABE73425,AAVTLALKNLG,185,12.0
279,HLA-DRB112:02,634.57,ABE73425,IPNQAALFFDS,279,13.0
23,HLA-DRB112:02,687.41,ABE73425,LLVSSDKAPYR,23,14.0
333,HLA-DRB112:02,715.31,ABE73425,IKEMQSQSSHV,333,15.0
96,HLA-DRB112:02,802.78,ABE73425,VVWVAKEGAKT,96,16.0
324,HLA-DRB112:02,837.33,ABE73425,ISAFTKPSSIK,324,17.0
34,HLA-DRB112:02,843.64,ABE73425,VIPRNLVPIGK,34,18.0
60,HLA-DRB112:02,879.13,ABE73425,WRMRRGQRVDL,60,19.0
35,HLA-DRB112:02,938.2,ABE73425,IPRNLVPIGKG,35,20.0
59,HLA-DRB112:02,959.51,ABE73425,RWRMRRGQRVD,59,21.0
21,HLA-DRB112:02,996.94,ABE73425,MPLLVSSDKAP,21,22.0
125,HLA-DRB112:02,1014.81,ABE73425,FSIALPPELSV,125,23.0
299,HLA-DRB112:02,1090.03,ABE73425,NVQITYTYKML,299,24.0
262,HLA-DRB112:02,1091.91,ABE73425,LVQNGVDAKGF,262,25.0
22,HLA-DRB112:02,1105.96,ABE73425,PLLVSSDKAPY,22,26.0
107,HLA-DRB112:02,1166.49,ABE73425,VNTSLGNRKRN,107,27.0
213,HLA-DRB112:02,1267.29,ABE73425,KPNKPLSQPRA,213,28.0
24,HLA-DRB112:02,1299.66,ABE73425,LVSSDKAPYRV,24,29.0
331,HLA-DRB112:02,1309.76,ABE73425,SSIKEMQSQSS,331,30.0
69,HLA-DRB112:02,1317.56,ABE73425,DLPPKVHFYYL,69,31.0
39,HLA-DRB112:02,1352.43,ABE73425,LVPIGKGNKDE,39,32.0
95,HLA-DRB112:02,1434.12,ABE73425,GVVWVAKEGAK,95,33.0
315,HLA-DRB112:02,1479.35,ABE73425,KNLPKFIEQIS,315,34.0
242,HLA-DRB112:02,1523.04,ABE73425,ENVIQCFGPRD,242,35.0
105,HLA-DRB112:02,1539.73,ABE73425,KTVNTSLGNRK,105,36.0
321,HLA-DRB112:02,1585.86,ABE73425,IEQISAFTKPS,321,37.0
104,HLA-DRB112:02,1597.32,ABE73425,AKTVNTSLGNR,104,38.0
212,HLA-DRB112:02,1626.43,ABE73425,KKPNKPLSQPR,212,39.0
124,HLA-DRB112:02,1753.31,ABE73425,KFSIALPPELS,124,40.0
275,HLA-DRB112:02,1770.49,ABE73425,LAELIPNQAAL,275,41.0
274,HLA-DRB112:02,1851.69,ABE73425,QLAELIPNQAA,274,42.0
298,HLA-DRB112:02,1876.39,ABE73425,DNVQITYTYKM,298,43.0
189,HLA-DRB112:02,1952.37,ABE73425,LALKNLGFDNQ,189,44.0
37,HLA-DRB112:02,1955.0,ABE73425,RNLVPIGKGNK,37,45.0
316,HLA-DRB112:02,1963.66,ABE73425,NLPKFIEQISA,316,46.0
261,HLA-DRB112:02,2026.69,ABE73425,DLVQNGVDAKG,261,47.0
330,HLA-DRB112:02,2030.09,ABE73425,PSSIKEMQSQS,330,48.0
126,HLA-DRB112:02,2040.16,ABE73425,SIALPPELSVV,126,49.0
48,HLA-DRB112:02,2045.1,ABE73425,DEQIGYWNVQE,48,50.0
50,HLA-DRB112:02,2066.79,ABE73425,QIGYWNVQERW,50,51.0
127,HLA-DRB112:02,2085.75,ABE73425,IALPPELSVVE,127,52.0
121,HLA-DRB112:02,2109.11,ABE73425,LEPKFSIALPP,121,53.0
243,HLA-DRB112:02,2139.95,ABE73425,NVIQCFGPRDF,243,54.0
191,HLA-DRB112:02,2223.86,ABE73425,LKNLGFDNQSK,191,55.0
108,HLA-DRB112:02,2247.27,ABE73425,NTSLGNRKRNQ,108,56.0
82,HLA-DRB112:02,2302.68,ABE73425,GPHKDLKFRQR,82,57.0
68,HLA-DRB112:02,2305.18,ABE73425,VDLPPKVHFYY,68,58.0
38,HLA-DRB112:02,2351.36,ABE73425,NLVPIGKGNKD,38,59.0
182,HLA-DRB112:02,2363.15,ABE73425,DLVAAVTLALK,182,60.0
305,HLA-DRB112:02,2369.88,ABE73425,TYKMLVAKDNK,305,61.0
214,HLA-DRB112:02,2388.98,ABE73425,PNKPLSQPRAD,214,62.0
226,HLA-DRB112:02,2422.56,ABE73425,PSQLKKPRWKR,226,63.0
52,HLA-DRB112:02,2425.47,ABE73425,GYWNVQERWRM,52,64.0
75,HLA-DRB112:02,2427.78,ABE73425,HFYYLGTGPHK,75,65.0
129,HLA-DRB112:02,2473.84,ABE73425,LPPELSVVEFE,129,66.0
215,HLA-DRB112:02,2511.95,ABE73425,NKPLSQPRADK,215,67.0
128,HLA-DRB112:02,2515.38,ABE73425,ALPPELSVVEF,128,68.0
297,HLA-DRB112:02,2610.85,ABE73425,GDNVQITYTYK,297,69.0
320,HLA-DRB112:02,2645.17,ABE73425,FIEQISAFTKP,320,70.0
98,HLA-DRB112:02,2680.12,ABE73425,WVAKEGAKTVN,98,71.0
118,HLA-DRB112:02,2703.13,ABE73425,QKPLEPKFSIA,118,72.0
83,HLA-DRB112:02,2714.72,ABE73425,PHKDLKFRQRS,83,73.0
300,HLA-DRB112:02,2762.16,ABE73425,VQITYTYKMLV,300,74.0
120,HLA-DRB112:02,2859.31,ABE73425,PLEPKFSIALP,120,75.0
266,HLA-DRB112:02,2871.34,ABE73425,GVDAKGFPQLA,266,76.0
20,HLA-DRB112:02,2892.13,ABE73425,YMPLLVSSDKA,20,77.0
273,HLA-DRB112:02,2910.47,ABE73425,PQLAELIPNQA,273,78.0
57,HLA-DRB112:02,2917.17,ABE73425,QERWRMRRGQR,57,79.0
263,HLA-DRB112:02,2982.72,ABE73425,VQNGVDAKGFP,263,80.0
276,HLA-DRB112:02,3035.33,ABE73425,AELIPNQAALF,276,81.0
323,HLA-DRB112:02,3154.12,ABE73425,QISAFTKPSSI,323,82.0
277,HLA-DRB112:02,3230.8,ABE73425,ELIPNQAALFF,277,83.0
233,HLA-DRB112:02,3240.76,ABE73425,RWKRVPTREEN,233,84.0
314,HLA-DRB112:02,3260.1,ABE73425,NKNLPKFIEQI,314,85.0
190,HLA-DRB112:02,3269.81,ABE73425,ALKNLGFDNQS,190,86.0
46,HLA-DRB112:02,3276.56,ABE73425,NKDEQIGYWNV,46,87.0
97,HLA-DRB112:02,3354.59,ABE73425,VWVAKEGAKTV,97,88.0
317,HLA-DRB112:02,3412.73,ABE73425,LPKFIEQISAF,317,89.0
93,HLA-DRB112:02,3417.83,ABE73425,SDGVVWVAKEG,93,90.0
184,HLA-DRB112:02,3446.32,ABE73425,VAAVTLALKNL,184,91.0
131,HLA-DRB112:02,3506.86,ABE73425,PELSVVEFEDR,131,92.0
94,HLA-DRB112:02,3576.09,ABE73425,DGVVWVAKEGA,94,93.0
1,HLA-DRB112:02,3624.07,ABE73425,SVNWADDRAAR,1,94.0
237,HLA-DRB112:02,3637.62,ABE73425,VPTREENVIQC,237,95.0
232,HLA-DRB112:02,3688.89,ABE73425,PRWKRVPTREE,232,96.0
25,HLA-DRB112:02,3786.15,ABE73425,VSSDKAPYRVI,25,97.0
322,HLA-DRB112:02,3908.69,ABE73425,EQISAFTKPSS,322,98.0
302,HLA-DRB112:02,3932.43,ABE73425,ITYTYKMLVAK,302,99.0
142,HLA-DRB112:02,3997.15,ABE73425,SNNSSRASSRS,142,100.0
66,HLA-DRB112:02,4043.15,ABE73425,QRVDLPPKVHF,66,101.0
183,HLA-DRB112:02,4153.77,ABE73425,LVAAVTLALKN,183,102.0
33,HLA-DRB112:02,4177.67,ABE73425,RVIPRNLVPIG,33,103.0
332,HLA-DRB112:02,4207.38,ABE73425,SIKEMQSQSSH,332,104.0
102,HLA-DRB112:02,4246.77,ABE73425,EGAKTVNTSLG,102,105.0
307,HLA-DRB112:02,4290.32,ABE73425,KMLVAKDNKNL,307,106.0
319,HLA-DRB112:02,4313.54,ABE73425,KFIEQISAFTK,319,107.0
303,HLA-DRB112:02,4313.78,ABE73425,TYTYKMLVAKD,303,108.0
225,HLA-DRB112:02,4350.87,ABE73425,KPSQLKKPRWK,225,109.0
254,HLA-DRB112:02,4407.08,ABE73425,NHNMGDSDLVQ,254,110.0
282,HLA-DRB112:02,4429.88,ABE73425,QAALFFDSEVS,282,111.0
318,HLA-DRB112:02,4506.2,ABE73425,PKFIEQISAFT,318,112.0
67,HLA-DRB112:02,4551.14,ABE73425,RVDLPPKVHFY,67,113.0
234,HLA-DRB112:02,4569.78,ABE73425,WKRVPTREENV,234,114.0
281,HLA-DRB112:02,4589.9,ABE73425,NQAALFFDSEV,281,115.0
19,HLA-DRB112:02,4604.57,ABE73425,FYMPLLVSSDK,19,116.0
32,HLA-DRB112:02,4674.71,ABE73425,YRVIPRNLVPI,32,117.0
119,HLA-DRB112:02,4731.09,ABE73425,KPLEPKFSIAL,119,118.0
0,HLA-DRB112:02,4754.46,ABE73425,ASVNWADDRAA,0,119.0
55,HLA-DRB112:02,4780.21,ABE73425,NVQERWRMRRG,55,120.0
296,HLA-DRB112:02,4866.35,ABE73425,VGDNVQITYTY,296,121.0
143,HLA-DRB112:02,4871.67,ABE73425,NNSSRASSRSS,143,122.0
123,HLA-DRB112:02,4921.14,ABE73425,PKFSIALPPEL,123,123.0
240,HLA-DRB112:02,4954.55,ABE73425,REENVIQCFGP,240,124.0
117,HLA-DRB112:02,4995.53,ABE73425,NQKPLEPKFSI,117,125.0
40,HLA-DRB112:02,5097.35,ABE73425,VPIGKGNKDEQ,40,126.0
130,HLA-DRB112:02,5134.24,ABE73425,PPELSVVEFED,130,127.0
4,HLA-DRB112:02,5212.78,ABE73425,WADDRAARKKF,4,128.0
87,HLA-DRB112:02,5334.07,ABE73425,LKFRQRSDGVV,87,129.0
56,HLA-DRB112:02,5532.2,ABE73425,VQERWRMRRGQ,56,130.0
216,HLA-DRB112:02,5596.23,ABE73425,KPLSQPRADKP,216,131.0
2,HLA-DRB112:02,5640.79,ABE73425,VNWADDRAARK,2,132.0
71,HLA-DRB112:02,5700.39,ABE73425,PPKVHFYYLGT,71,133.0
280,HLA-DRB112:02,5731.65,ABE73425,PNQAALFFDSE,280,134.0
29,HLA-DRB112:02,5750.14,ABE73425,KAPYRVIPRNL,29,135.0
181,HLA-DRB112:02,5756.5,ABE73425,SDLVAAVTLAL,181,136.0
312,HLA-DRB112:02,5773.5,ABE73425,KDNKNLPKFIE,312,137.0
265,HLA-DRB112:02,5776.3,ABE73425,NGVDAKGFPQL,265,138.0
141,HLA-DRB112:02,5853.9,ABE73425,RSNNSSRASSR,141,139.0
253,HLA-DRB112:02,5903.08,ABE73425,FNHNMGDSDLV,253,140.0
244,HLA-DRB112:02,5973.52,ABE73425,VIQCFGPRDFN,244,141.0
306,HLA-DRB112:02,6022.94,ABE73425,YKMLVAKDNKN,306,142.0
76,HLA-DRB112:02,6095.06,ABE73425,FYYLGTGPHKD,76,143.0
179,HLA-DRB112:02,6120.75,ABE73425,SSSDLVAAVTL,179,144.0
329,HLA-DRB112:02,6130.91,ABE73425,KPSSIKEMQSQ,329,145.0
283,HLA-DRB112:02,6206.86,ABE73425,AALFFDSEVST,283,146.0
259,HLA-DRB112:02,6253.7,ABE73425,DSDLVQNGVDA,259,147.0
72,HLA-DRB112:02,6257.33,ABE73425,PKVHFYYLGTG,72,148.0
144,HLA-DRB112:02,6294.94,ABE73425,NSSRASSRSST,144,149.0
58,HLA-DRB112:02,6319.01,ABE73425,ERWRMRRGQRV,58,150.0
74,HLA-DRB112:02,6369.61,ABE73425,VHFYYLGTGPH,74,151.0
239,HLA-DRB112:02,6427.51,ABE73425,TREENVIQCFG,239,152.0
73,HLA-DRB112:02,6534.38,ABE73425,KVHFYYLGTGP,73,153.0
10,HLA-DRB112:02,6553.66,ABE73425,ARKKFPPPSFY,10,154.0
11,HLA-DRB112:02,6576.73,ABE73425,RKKFPPPSFYM,11,155.0
260,HLA-DRB112:02,6621.42,ABE73425,SDLVQNGVDAK,260,156.0
257,HLA-DRB112:02,6630.77,ABE73425,MGDSDLVQNGV,257,157.0
227,HLA-DRB112:02,6802.01,ABE73425,SQLKKPRWKRV,227,158.0
47,HLA-DRB112:02,7152.49,ABE73425,KDEQIGYWNVQ,47,159.0
18,HLA-DRB112:02,7162.69,ABE73425,SFYMPLLVSSD,18,160.0
86,HLA-DRB112:02,7227.39,ABE73425,DLKFRQRSDGV,86,161.0
175,HLA-DRB112:02,7299.77,ABE73425,DSNQSSSDLVA,175,162.0
176,HLA-DRB112:02,7377.83,ABE73425,SNQSSSDLVAA,176,163.0
116,HLA-DRB112:02,7459.78,ABE73425,RNQKPLEPKFS,116,164.0
14,HLA-DRB112:02,7493.72,ABE73425,FPPPSFYMPLL,14,165.0
177,HLA-DRB112:02,7555.73,ABE73425,NQSSSDLVAAV,177,166.0
3,HLA-DRB112:02,7684.99,ABE73425,NWADDRAARKK,3,167.0
99,HLA-DRB112:02,7715.93,ABE73425,VAKEGAKTVNT,99,168.0
256,HLA-DRB112:02,7731.36,ABE73425,NMGDSDLVQNG,256,169.0
308,HLA-DRB112:02,7827.99,ABE73425,MLVAKDNKNLP,308,170.0
26,HLA-DRB112:02,7914.41,ABE73425,SSDKAPYRVIP,26,171.0
200,HLA-DRB112:02,7951.9,ABE73425,SKSPSSSGTFT,200,172.0
223,HLA-DRB112:02,7965.04,ABE73425,ADKPSQLKKPR,223,173.0
328,HLA-DRB112:02,7971.58,ABE73425,TKPSSIKEMQS,328,174.0
311,HLA-DRB112:02,8027.41,ABE73425,AKDNKNLPKFI,311,175.0
84,HLA-DRB112:02,8055.01,ABE73425,HKDLKFRQRSD,84,176.0
231,HLA-DRB112:02,8153.26,ABE73425,KPRWKRVPTRE,231,177.0
229,HLA-DRB112:02,8196.63,ABE73425,LKKPRWKRVPT,229,178.0
148,HLA-DRB112:02,8309.83,ABE73425,ASSRSSTRNNS,148,179.0
31,HLA-DRB112:02,8348.52,ABE73425,PYRVIPRNLVP,31,180.0
36,HLA-DRB112:02,8411.61,ABE73425,PRNLVPIGKGN,36,181.0
115,HLA-DRB112:02,8442.51,ABE73425,KRNQKPLEPKF,115,182.0
326,HLA-DRB112:02,8661.59,ABE73425,AFTKPSSIKEM,326,183.0
77,HLA-DRB112:02,8783.81,ABE73425,YYLGTGPHKDL,77,184.0
132,HLA-DRB112:02,8953.82,ABE73425,ELSVVEFEDRS,132,185.0
199,HLA-DRB112:02,9018.79,ABE73425,QSKSPSSSGTF,199,186.0
78,HLA-DRB112:02,9040.66,ABE73425,YLGTGPHKDLK,78,187.0
310,HLA-DRB112:02,9117.08,ABE73425,VAKDNKNLPKF,310,188.0
153,HLA-DRB112:02,9197.14,ABE73425,STRNNSRDSSR,153,189.0
12,HLA-DRB112:02,9233.89,ABE73425,KKFPPPSFYMP,12,190.0
30,HLA-DRB112:02,9240.63,ABE73425,APYRVIPRNLV,30,191.0
217,HLA-DRB112:02,9329.41,ABE73425,PLSQPRADKPS,217,192.0
301,HLA-DRB112:02,9390.83,ABE73425,QITYTYKMLVA,301,193.0
267,HLA-DRB112:02,9394.79,ABE73425,VDAKGFPQLAE,267,194.0
268,HLA-DRB112:02,9438.58,ABE73425,DAKGFPQLAEL,268,195.0
269,HLA-DRB112:02,9473.64,ABE73425,AKGFPQLAELI,269,196.0
313,HLA-DRB112:02,9546.93,ABE73425,DNKNLPKFIEQ,313,197.0
228,HLA-DRB112:02,9560.26,ABE73425,QLKKPRWKRVP,228,198.0
85,HLA-DRB112:02,9759.86,ABE73425,KDLKFRQRSDG,85,199.0
88,HLA-DRB112:02,9862.71,ABE73425,KFRQRSDGVVW,88,200.0
264,HLA-DRB112:02,9923.27,ABE73425,QNGVDAKGFPQ,264,201.0
180,HLA-DRB112:02,9973.68,ABE73425,SSDLVAAVTLA,180,202.0
109,HLA-DRB112:02,9974.48,ABE73425,TSLGNRKRNQK,109,203.0
238,HLA-DRB112:02,10009.1,ABE73425,PTREENVIQCF,238,204.0
192,HLA-DRB112:02,10012.36,ABE73425,KNLGFDNQSKS,192,205.0
224,HLA-DRB112:02,10179.2,ABE73425,DKPSQLKKPRW,224,206.0
255,HLA-DRB112:02,10239.5,ABE73425,HNMGDSDLVQN,255,207.0
178,HLA-DRB112:02,10281.03,ABE73425,QSSSDLVAAVT,178,208.0
149,HLA-DRB112:02,10362.98,ABE73425,SSRSSTRNNSR,149,209.0
140,HLA-DRB112:02,10414.61,ABE73425,DRSNNSSRASS,140,210.0
304,HLA-DRB112:02,10725.61,ABE73425,YTYKMLVAKDN,304,211.0
27,HLA-DRB112:02,10751.19,ABE73425,SDKAPYRVIPR,27,212.0
202,HLA-DRB112:02,10934.18,ABE73425,SPSSSGTFTPK,202,213.0
327,HLA-DRB112:02,11066.71,ABE73425,FTKPSSIKEMQ,327,214.0
235,HLA-DRB112:02,11166.32,ABE73425,KRVPTREENVI,235,215.0
258,HLA-DRB112:02,11239.13,ABE73425,GDSDLVQNGVD,258,216.0
295,HLA-DRB112:02,11346.84,ABE73425,EVGDNVQITYT,295,217.0
230,HLA-DRB112:02,11409.59,ABE73425,KKPRWKRVPTR,230,218.0
152,HLA-DRB112:02,11587.38,ABE73425,SSTRNNSRDSS,152,219.0
245,HLA-DRB112:02,11733.85,ABE73425,IQCFGPRDFNH,245,220.0
325,HLA-DRB112:02,11741.41,ABE73425,SAFTKPSSIKE,325,221.0
161,HLA-DRB112:02,11767.72,ABE73425,SSRSTSRQQSR,161,222.0
145,HLA-DRB112:02,11839.83,ABE73425,SSRASSRSSTR,145,223.0
211,HLA-DRB112:02,11911.46,ABE73425,PKKPNKPLSQP,211,224.0
13,HLA-DRB112:02,11923.23,ABE73425,KFPPPSFYMPL,13,225.0
174,HLA-DRB112:02,11964.72,ABE73425,SDSNQSSSDLV,174,226.0
41,HLA-DRB112:02,12026.76,ABE73425,PIGKGNKDEQI,41,227.0
9,HLA-DRB112:02,12099.82,ABE73425,AARKKFPPPSF,9,228.0
203,HLA-DRB112:02,12209.24,ABE73425,PSSSGTFTPKK,203,229.0
80,HLA-DRB112:02,12246.27,ABE73425,GTGPHKDLKFR,80,230.0
17,HLA-DRB112:02,12278.81,ABE73425,PSFYMPLLVSS,17,231.0
103,HLA-DRB112:02,12308.32,ABE73425,GAKTVNTSLGN,103,232.0
42,HLA-DRB112:02,12363.88,ABE73425,IGKGNKDEQIG,42,233.0
122,HLA-DRB112:02,12666.47,ABE73425,EPKFSIALPPE,122,234.0
15,HLA-DRB112:02,12867.22,ABE73425,PPPSFYMPLLV,15,235.0
155,HLA-DRB112:02,13078.19,ABE73425,RNNSRDSSRST,155,236.0
272,HLA-DRB112:02,13157.86,ABE73425,FPQLAELIPNQ,272,237.0
157,HLA-DRB112:02,13419.25,ABE73425,NSRDSSRSTSR,157,238.0
292,HLA-DRB112:02,13465.93,ABE73425,STDEVGDNVQI,292,239.0
133,HLA-DRB112:02,13497.41,ABE73425,LSVVEFEDRSN,133,240.0
220,HLA-DRB112:02,13585.68,ABE73425,QPRADKPSQLK,220,241.0
197,HLA-DRB112:02,13776.95,ABE73425,DNQSKSPSSSG,197,242.0
147,HLA-DRB112:02,13818.71,ABE73425,RASSRSSTRNN,147,243.0
156,HLA-DRB112:02,13982.89,ABE73425,NNSRDSSRSTS,156,244.0
293,HLA-DRB112:02,14199.03,ABE73425,TDEVGDNVQIT,293,245.0
291,HLA-DRB112:02,14284.56,ABE73425,VSTDEVGDNVQ,291,246.0
287,HLA-DRB112:02,14342.07,ABE73425,FDSEVSTDEVG,287,247.0
209,HLA-DRB112:02,14574.11,ABE73425,FTPKKPNKPLS,209,248.0
44,HLA-DRB112:02,14829.76,ABE73425,KGNKDEQIGYW,44,249.0
195,HLA-DRB112:02,14896.5,ABE73425,GFDNQSKSPSS,195,250.0
204,HLA-DRB112:02,14956.06,ABE73425,SSSGTFTPKKP,204,251.0
201,HLA-DRB112:02,15167.04,ABE73425,KSPSSSGTFTP,201,252.0
79,HLA-DRB112:02,15206.78,ABE73425,LGTGPHKDLKF,79,253.0
16,HLA-DRB112:02,15223.37,ABE73425,PPSFYMPLLVS,16,254.0
196,HLA-DRB112:02,15236.51,ABE73425,FDNQSKSPSSS,196,255.0
81,HLA-DRB112:02,15320.7,ABE73425,TGPHKDLKFRQ,81,256.0
90,HLA-DRB112:02,15410.46,ABE73425,RQRSDGVVWVA,90,257.0
284,HLA-DRB112:02,15442.92,ABE73425,ALFFDSEVSTD,284,258.0
162,HLA-DRB112:02,15638.64,ABE73425,SRSTSRQQSRT,162,259.0
89,HLA-DRB112:02,15838.08,ABE73425,FRQRSDGVVWV,89,260.0
193,HLA-DRB112:02,15864.17,ABE73425,NLGFDNQSKSP,193,261.0
208,HLA-DRB112:02,15979.24,ABE73425,TFTPKKPNKPL,208,262.0
218,HLA-DRB112:02,16224.78,ABE73425,LSQPRADKPSQ,218,263.0
270,HLA-DRB112:02,16286.53,ABE73425,KGFPQLAELIP,270,264.0
45,HLA-DRB112:02,16378.21,ABE73425,GNKDEQIGYWN,45,265.0
206,HLA-DRB112:02,16378.22,ABE73425,SGTFTPKKPNK,206,266.0
198,HLA-DRB112:02,16406.12,ABE73425,NQSKSPSSSGT,198,267.0
101,HLA-DRB112:02,16621.15,ABE73425,KEGAKTVNTSL,101,268.0
290,HLA-DRB112:02,16893.6,ABE73425,EVSTDEVGDNV,290,269.0
65,HLA-DRB112:02,16929.97,ABE73425,GQRVDLPPKVH,65,270.0
309,HLA-DRB112:02,17050.89,ABE73425,LVAKDNKNLPK,309,271.0
146,HLA-DRB112:02,17237.42,ABE73425,SRASSRSSTRN,146,272.0
251,HLA-DRB112:02,17258.69,ABE73425,RDFNHNMGDSD,251,273.0
194,HLA-DRB112:02,17343.1,ABE73425,LGFDNQSKSPS,194,274.0
92,HLA-DRB112:02,17370.96,ABE73425,RSDGVVWVAKE,92,275.0
163,HLA-DRB112:02,17553.47,ABE73425,RSTSRQQSRTR,163,276.0
236,HLA-DRB112:02,17745.18,ABE73425,RVPTREENVIQ,236,277.0
221,HLA-DRB112:02,17819.29,ABE73425,PRADKPSQLKK,221,278.0
252,HLA-DRB112:02,17830.22,ABE73425,DFNHNMGDSDL,252,279.0
294,HLA-DRB112:02,17938.71,ABE73425,DEVGDNVQITY,294,280.0
154,HLA-DRB112:02,18615.71,ABE73425,TRNNSRDSSRS,154,281.0
150,HLA-DRB112:02,18644.7,ABE73425,SRSSTRNNSRD,150,282.0
285,HLA-DRB112:02,18910.84,ABE73425,LFFDSEVSTDE,285,283.0
43,HLA-DRB112:02,19192.85,ABE73425,GKGNKDEQIGY,43,284.0
205,HLA-DRB112:02,19356.7,ABE73425,SSGTFTPKKPN,205,285.0
288,HLA-DRB112:02,19464.14,ABE73425,DSEVSTDEVGD,288,286.0
28,HLA-DRB112:02,19713.62,ABE73425,DKAPYRVIPRN,28,287.0
111,HLA-DRB112:02,20023.26,ABE73425,LGNRKRNQKPL,111,288.0
164,HLA-DRB112:02,20029.98,ABE73425,STSRQQSRTRS,164,289.0
139,HLA-DRB112:02,20114.9,ABE73425,EDRSNNSSRAS,139,290.0
64,HLA-DRB112:02,20172.15,ABE73425,RGQRVDLPPKV,64,291.0
160,HLA-DRB112:02,20787.52,ABE73425,DSSRSTSRQQS,160,292.0
289,HLA-DRB112:02,21039.01,ABE73425,SEVSTDEVGDN,289,293.0
250,HLA-DRB112:02,21277.06,ABE73425,PRDFNHNMGDS,250,294.0
112,HLA-DRB112:02,21694.05,ABE73425,GNRKRNQKPLE,112,295.0
219,HLA-DRB112:02,22028.24,ABE73425,SQPRADKPSQL,219,296.0
249,HLA-DRB112:02,22376.45,ABE73425,GPRDFNHNMGD,249,297.0
158,HLA-DRB112:02,22407.08,ABE73425,SRDSSRSTSRQ,158,298.0
271,HLA-DRB112:02,22450.22,ABE73425,GFPQLAELIPN,271,299.0
222,HLA-DRB112:02,22725.46,ABE73425,RADKPSQLKKP,222,300.0
247,HLA-DRB112:02,23019.08,ABE73425,CFGPRDFNHNM,247,301.0
286,HLA-DRB112:02,23024.6,ABE73425,FFDSEVSTDEV,286,302.0
210,HLA-DRB112:02,23028.3,ABE73425,TPKKPNKPLSQ,210,303.0
61,HLA-DRB112:02,23243.61,ABE73425,RMRRGQRVDLP,61,304.0
248,HLA-DRB112:02,23348.19,ABE73425,FGPRDFNHNMG,248,305.0
151,HLA-DRB112:02,23654.71,ABE73425,RSSTRNNSRDS,151,306.0
91,HLA-DRB112:02,23674.9,ABE73425,QRSDGVVWVAK,91,307.0
134,HLA-DRB112:02,23809.76,ABE73425,SVVEFEDRSNN,134,308.0
110,HLA-DRB112:02,24008.59,ABE73425,SLGNRKRNQKP,110,309.0
159,HLA-DRB112:02,24394.35,ABE73425,RDSSRSTSRQQ,159,310.0
169,HLA-DRB112:02,24883.07,ABE73425,QSRTRSDSNQS,169,311.0
100,HLA-DRB112:02,25034.58,ABE73425,AKEGAKTVNTS,100,312.0
170,HLA-DRB112:02,25961.47,ABE73425,SRTRSDSNQSS,170,313.0
168,HLA-DRB112:02,26753.16,ABE73425,QQSRTRSDSNQ,168,314.0
166,HLA-DRB112:02,26810.72,ABE73425,SRQQSRTRSDS,166,315.0
246,HLA-DRB112:02,27715.74,ABE73425,QCFGPRDFNHN,246,316.0
165,HLA-DRB112:02,28252.07,ABE73425,TSRQQSRTRSD,165,317.0
137,HLA-DRB112:02,28677.81,ABE73425,EFEDRSNNSSR,137,318.0
207,HLA-DRB112:02,28799.58,ABE73425,GTFTPKKPNKP,207,319.0
138,HLA-DRB112:02,29129.06,ABE73425,FEDRSNNSSRA,138,320.0
171,HLA-DRB112:02,29612.28,ABE73425,RTRSDSNQSSS,171,321.0
5,HLA-DRB112:02,30138.29,ABE73425,ADDRAARKKFP,5,322.0
173,HLA-DRB112:02,30381.92,ABE73425,RSDSNQSSSDL,173,323.0
167,HLA-DRB112:02,30949.97,ABE73425,RQQSRTRSDSN,167,324.0
172,HLA-DRB112:02,31052.8,ABE73425,TRSDSNQSSSD,172,325.0
135,HLA-DRB112:02,31223.05,ABE73425,VVEFEDRSNNS,135,326.0
62,HLA-DRB112:02,31658.39,ABE73425,MRRGQRVDLPP,62,327.0
113,HLA-DRB112:02,33185.39,ABE73425,NRKRNQKPLEP,113,328.0
8,HLA-DRB112:02,34937.88,ABE73425,RAARKKFPPPS,8,329.0
136,HLA-DRB112:02,36455.85,ABE73425,VEFEDRSNNSS,136,330.0
114,HLA-DRB112:02,36486.58,ABE73425,RKRNQKPLEPK,114,331.0
6,HLA-DRB112:02,37005.92,ABE73425,DDRAARKKFPP,6,332.0
7,HLA-DRB112:02,37378.04,ABE73425,DRAARKKFPPP,7,333.0
63,HLA-DRB112:02,37647.1,ABE73425,RRGQRVDLPPK,63,334.0
59,HLA-DRB113:01,14.52,ABE73425,RWRMRRGQRVD,59,1.0
57,HLA-DRB113:01,18.62,ABE73425,QERWRMRRGQR,57,2.0
56,HLA-DRB113:01,27.16,ABE73425,VQERWRMRRGQ,56,3.0
54,HLA-DRB113:01,45.06,ABE73425,WNVQERWRMRR,54,4.0
53,HLA-DRB113:01,47.57,ABE73425,YWNVQERWRMR,53,5.0
52,HLA-DRB113:01,78.97,ABE73425,GYWNVQERWRM,52,6.0
60,HLA-DRB113:01,119.03,ABE73425,WRMRRGQRVDL,60,7.0
55,HLA-DRB113:01,246.84,ABE73425,NVQERWRMRRG,55,8.0
58,HLA-DRB113:01,258.92,ABE73425,ERWRMRRGQRV,58,9.0
32,HLA-DRB113:01,291.67,ABE73425,YRVIPRNLVPI,32,10.0
237,HLA-DRB113:01,375.23,ABE73425,VPTREENVIQC,237,11.0
298,HLA-DRB113:01,393.31,ABE73425,DNVQITYTYKM,298,12.0
227,HLA-DRB113:01,417.23,ABE73425,SQLKKPRWKRV,227,13.0
226,HLA-DRB113:01,617.68,ABE73425,PSQLKKPRWKR,226,14.0
229,HLA-DRB113:01,637.15,ABE73425,LKKPRWKRVPT,229,15.0
232,HLA-DRB113:01,694.84,ABE73425,PRWKRVPTREE,232,16.0
186,HLA-DRB113:01,790.94,ABE73425,AVTLALKNLGF,186,17.0
329,HLA-DRB113:01,798.23,ABE73425,KPSSIKEMQSQ,329,18.0
233,HLA-DRB113:01,1146.32,ABE73425,RWKRVPTREEN,233,19.0
88,HLA-DRB113:01,1406.62,ABE73425,KFRQRSDGVVW,88,20.0
330,HLA-DRB113:01,1415.73,ABE73425,PSSIKEMQSQS,330,21.0
231,HLA-DRB113:01,1465.74,ABE73425,KPRWKRVPTRE,231,22.0
68,HLA-DRB113:01,1483.9,ABE73425,VDLPPKVHFYY,68,23.0
328,HLA-DRB113:01,1594.49,ABE73425,TKPSSIKEMQS,328,24.0
93,HLA-DRB113:01,1806.71,ABE73425,SDGVVWVAKEG,93,25.0
145,HLA-DRB113:01,1810.3,ABE73425,SSRASSRSSTR,145,26.0
49,HLA-DRB113:01,1870.81,ABE73425,EQIGYWNVQER,49,27.0
11,HLA-DRB113:01,2093.6,ABE73425,RKKFPPPSFYM,11,28.0
144,HLA-DRB113:01,2130.56,ABE73425,NSSRASSRSST,144,29.0
51,HLA-DRB113:01,2172.45,ABE73425,IGYWNVQERWR,51,30.0
162,HLA-DRB113:01,2221.39,ABE73425,SRSTSRQQSRT,162,31.0
71,HLA-DRB113:01,2318.37,ABE73425,PPKVHFYYLGT,71,32.0
146,HLA-DRB113:01,2359.93,ABE73425,SRASSRSSTRN,146,33.0
318,HLA-DRB113:01,2458.86,ABE73425,PKFIEQISAFT,318,34.0
299,HLA-DRB113:01,2552.76,ABE73425,NVQITYTYKML,299,35.0
82,HLA-DRB113:01,2682.25,ABE73425,GPHKDLKFRQR,82,36.0
147,HLA-DRB113:01,2939.96,ABE73425,RASSRSSTRNN,147,37.0
228,HLA-DRB113:01,2947.09,ABE73425,QLKKPRWKRVP,228,38.0
262,HLA-DRB113:01,3509.03,ABE73425,LVQNGVDAKGF,262,39.0
230,HLA-DRB113:01,3519.84,ABE73425,KKPRWKRVPTR,230,40.0
326,HLA-DRB113:01,3567.61,ABE73425,AFTKPSSIKEM,326,41.0
69,HLA-DRB113:01,3570.58,ABE73425,DLPPKVHFYYL,69,42.0
161,HLA-DRB113:01,3923.1,ABE73425,SSRSTSRQQSR,161,43.0
317,HLA-DRB113:01,3954.23,ABE73425,LPKFIEQISAF,317,44.0
50,HLA-DRB113:01,4020.11,ABE73425,QIGYWNVQERW,50,45.0
187,HLA-DRB113:01,4283.92,ABE73425,VTLALKNLGFD,187,46.0
316,HLA-DRB113:01,4308.21,ABE73425,NLPKFIEQISA,316,47.0
94,HLA-DRB113:01,4445.01,ABE73425,DGVVWVAKEGA,94,48.0
315,HLA-DRB113:01,4504.38,ABE73425,KNLPKFIEQIS,315,49.0
92,HLA-DRB113:01,4995.45,ABE73425,RSDGVVWVAKE,92,50.0
181,HLA-DRB113:01,5039.83,ABE73425,SDLVAAVTLAL,181,51.0
333,HLA-DRB113:01,5074.02,ABE73425,IKEMQSQSSHV,333,52.0
25,HLA-DRB113:01,5134.47,ABE73425,VSSDKAPYRVI,25,53.0
31,HLA-DRB113:01,5283.14,ABE73425,PYRVIPRNLVP,31,54.0
296,HLA-DRB113:01,5307.6,ABE73425,VGDNVQITYTY,296,55.0
304,HLA-DRB113:01,5397.98,ABE73425,YTYKMLVAKDN,304,56.0
131,HLA-DRB113:01,5666.75,ABE73425,PELSVVEFEDR,131,57.0
278,HLA-DRB113:01,5703.21,ABE73425,LIPNQAALFFD,278,58.0
61,HLA-DRB113:01,5724.67,ABE73425,RMRRGQRVDLP,61,59.0
90,HLA-DRB113:01,5758.4,ABE73425,RQRSDGVVWVA,90,60.0
164,HLA-DRB113:01,5926.32,ABE73425,STSRQQSRTRS,164,61.0
163,HLA-DRB113:01,5930.3,ABE73425,RSTSRQQSRTR,163,62.0
273,HLA-DRB113:01,5943.5,ABE73425,PQLAELIPNQA,273,63.0
149,HLA-DRB113:01,6061.93,ABE73425,SSRSSTRNNSR,149,64.0
184,HLA-DRB113:01,6080.6,ABE73425,VAAVTLALKNL,184,65.0
106,HLA-DRB113:01,6643.14,ABE73425,TVNTSLGNRKR,106,66.0
81,HLA-DRB113:01,6658.14,ABE73425,TGPHKDLKFRQ,81,67.0
303,HLA-DRB113:01,6727.05,ABE73425,TYTYKMLVAKD,303,68.0
67,HLA-DRB113:01,6935.68,ABE73425,RVDLPPKVHFY,67,69.0
34,HLA-DRB113:01,6977.66,ABE73425,VIPRNLVPIGK,34,70.0
83,HLA-DRB113:01,7108.29,ABE73425,PHKDLKFRQRS,83,71.0
77,HLA-DRB113:01,7152.79,ABE73425,YYLGTGPHKDL,77,72.0
179,HLA-DRB113:01,7267.14,ABE73425,SSSDLVAAVTL,179,73.0
76,HLA-DRB113:01,7324.88,ABE73425,FYYLGTGPHKD,76,74.0
238,HLA-DRB113:01,7410.99,ABE73425,PTREENVIQCF,238,75.0
130,HLA-DRB113:01,7621.05,ABE73425,PPELSVVEFED,130,76.0
48,HLA-DRB113:01,7637.24,ABE73425,DEQIGYWNVQE,48,77.0
178,HLA-DRB113:01,7685.23,ABE73425,QSSSDLVAAVT,178,78.0
331,HLA-DRB113:01,7724.8,ABE73425,SSIKEMQSQSS,331,79.0
30,HLA-DRB113:01,7892.02,ABE73425,APYRVIPRNLV,30,80.0
96,HLA-DRB113:01,7974.52,ABE73425,VVWVAKEGAKT,96,81.0
125,HLA-DRB113:01,8103.43,ABE73425,FSIALPPELSV,125,82.0
176,HLA-DRB113:01,8353.63,ABE73425,SNQSSSDLVAA,176,83.0
35,HLA-DRB113:01,8381.56,ABE73425,IPRNLVPIGKG,35,84.0
29,HLA-DRB113:01,8840.88,ABE73425,KAPYRVIPRNL,29,85.0
279,HLA-DRB113:01,9107.34,ABE73425,IPNQAALFFDS,279,86.0
20,HLA-DRB113:01,9510.22,ABE73425,YMPLLVSSDKA,20,87.0
269,HLA-DRB113:01,9622.38,ABE73425,AKGFPQLAELI,269,88.0
225,HLA-DRB113:01,9666.56,ABE73425,KPSQLKKPRWK,225,89.0
121,HLA-DRB113:01,9846.41,ABE73425,LEPKFSIALPP,121,90.0
36,HLA-DRB113:01,10097.12,ABE73425,PRNLVPIGKGN,36,91.0
314,HLA-DRB113:01,10197.12,ABE73425,NKNLPKFIEQI,314,92.0
118,HLA-DRB113:01,10209.3,ABE73425,QKPLEPKFSIA,118,93.0
271,HLA-DRB113:01,10292.35,ABE73425,GFPQLAELIPN,271,94.0
327,HLA-DRB113:01,10773.24,ABE73425,FTKPSSIKEMQ,327,95.0
70,HLA-DRB113:01,10880.78,ABE73425,LPPKVHFYYLG,70,96.0
129,HLA-DRB113:01,11058.17,ABE73425,LPPELSVVEFE,129,97.0
104,HLA-DRB113:01,11315.98,ABE73425,AKTVNTSLGNR,104,98.0
148,HLA-DRB113:01,11506.14,ABE73425,ASSRSSTRNNS,148,99.0
272,HLA-DRB113:01,11741.89,ABE73425,FPQLAELIPNQ,272,100.0
87,HLA-DRB113:01,11838.06,ABE73425,LKFRQRSDGVV,87,101.0
33,HLA-DRB113:01,11838.18,ABE73425,RVIPRNLVPIG,33,102.0
277,HLA-DRB113:01,11840.9,ABE73425,ELIPNQAALFF,277,103.0
120,HLA-DRB113:01,11925.33,ABE73425,PLEPKFSIALP,120,104.0
295,HLA-DRB113:01,11939.31,ABE73425,EVGDNVQITYT,295,105.0
234,HLA-DRB113:01,12033.22,ABE73425,WKRVPTREENV,234,106.0
79,HLA-DRB113:01,12412.48,ABE73425,LGTGPHKDLKF,79,107.0
66,HLA-DRB113:01,12679.04,ABE73425,QRVDLPPKVHF,66,108.0
235,HLA-DRB113:01,12894.69,ABE73425,KRVPTREENVI,235,109.0
24,HLA-DRB113:01,13083.44,ABE73425,LVSSDKAPYRV,24,110.0
89,HLA-DRB113:01,13084.57,ABE73425,FRQRSDGVVWV,89,111.0
185,HLA-DRB113:01,13116.83,ABE73425,AAVTLALKNLG,185,112.0
119,HLA-DRB113:01,13201.95,ABE73425,KPLEPKFSIAL,119,113.0
200,HLA-DRB113:01,13413.45,ABE73425,SKSPSSSGTFT,200,114.0
159,HLA-DRB113:01,13427.6,ABE73425,RDSSRSTSRQQ,159,115.0
78,HLA-DRB113:01,13594.09,ABE73425,YLGTGPHKDLK,78,116.0
320,HLA-DRB113:01,13696.18,ABE73425,FIEQISAFTKP,320,117.0
183,HLA-DRB113:01,13838.55,ABE73425,LVAAVTLALKN,183,118.0
305,HLA-DRB113:01,14027.48,ABE73425,TYKMLVAKDNK,305,119.0
236,HLA-DRB113:01,14205.4,ABE73425,RVPTREENVIQ,236,120.0
128,HLA-DRB113:01,14476.75,ABE73425,ALPPELSVVEF,128,121.0
166,HLA-DRB113:01,14702.1,ABE73425,SRQQSRTRSDS,166,122.0
160,HLA-DRB113:01,14777.36,ABE73425,DSSRSTSRQQS,160,123.0
158,HLA-DRB113:01,14807.53,ABE73425,SRDSSRSTSRQ,158,124.0
98,HLA-DRB113:01,14923.62,ABE73425,WVAKEGAKTVN,98,125.0
62,HLA-DRB113:01,15080.66,ABE73425,MRRGQRVDLPP,62,126.0
177,HLA-DRB113:01,15092.3,ABE73425,NQSSSDLVAAV,177,127.0
244,HLA-DRB113:01,15168.85,ABE73425,VIQCFGPRDFN,244,128.0
22,HLA-DRB113:01,15339.56,ABE73425,PLLVSSDKAPY,22,129.0
274,HLA-DRB113:01,15438.74,ABE73425,QLAELIPNQAA,274,130.0
294,HLA-DRB113:01,15501.64,ABE73425,DEVGDNVQITY,294,131.0
270,HLA-DRB113:01,15524.62,ABE73425,KGFPQLAELIP,270,132.0
175,HLA-DRB113:01,15596.76,ABE73425,DSNQSSSDLVA,175,133.0
283,HLA-DRB113:01,16031.03,ABE73425,AALFFDSEVST,283,134.0
300,HLA-DRB113:01,16079.78,ABE73425,VQITYTYKMLV,300,135.0
19,HLA-DRB113:01,16089.3,ABE73425,FYMPLLVSSDK,19,136.0
240,HLA-DRB113:01,16095.35,ABE73425,REENVIQCFGP,240,137.0
332,HLA-DRB113:01,16257.12,ABE73425,SIKEMQSQSSH,332,138.0
117,HLA-DRB113:01,16326.4,ABE73425,NQKPLEPKFSI,117,139.0
276,HLA-DRB113:01,16341.3,ABE73425,AELIPNQAALF,276,140.0
132,HLA-DRB113:01,16447.96,ABE73425,ELSVVEFEDRS,132,141.0
102,HLA-DRB113:01,16687.15,ABE73425,EGAKTVNTSLG,102,142.0
80,HLA-DRB113:01,16722.47,ABE73425,GTGPHKDLKFR,80,143.0
165,HLA-DRB113:01,16770.92,ABE73425,TSRQQSRTRSD,165,144.0
126,HLA-DRB113:01,17107.54,ABE73425,SIALPPELSVV,126,145.0
182,HLA-DRB113:01,17120.05,ABE73425,DLVAAVTLALK,182,146.0
323,HLA-DRB113:01,17274.73,ABE73425,QISAFTKPSSI,323,147.0
224,HLA-DRB113:01,17314.79,ABE73425,DKPSQLKKPRW,224,148.0
265,HLA-DRB113:01,17379.65,ABE73425,NGVDAKGFPQL,265,149.0
91,HLA-DRB113:01,17627.34,ABE73425,QRSDGVVWVAK,91,150.0
216,HLA-DRB113:01,17699.31,ABE73425,KPLSQPRADKP,216,151.0
107,HLA-DRB113:01,17790.89,ABE73425,VNTSLGNRKRN,107,152.0
280,HLA-DRB113:01,17986.62,ABE73425,PNQAALFFDSE,280,153.0
86,HLA-DRB113:01,18054.53,ABE73425,DLKFRQRSDGV,86,154.0
97,HLA-DRB113:01,18079.55,ABE73425,VWVAKEGAKTV,97,155.0
263,HLA-DRB113:01,18097.95,ABE73425,VQNGVDAKGFP,263,156.0
143,HLA-DRB113:01,18162.19,ABE73425,NNSSRASSRSS,143,157.0
141,HLA-DRB113:01,18165.25,ABE73425,RSNNSSRASSR,141,158.0
306,HLA-DRB113:01,18260.25,ABE73425,YKMLVAKDNKN,306,159.0
99,HLA-DRB113:01,18410.11,ABE73425,VAKEGAKTVNT,99,160.0
105,HLA-DRB113:01,18697.54,ABE73425,KTVNTSLGNRK,105,161.0
214,HLA-DRB113:01,18710.38,ABE73425,PNKPLSQPRAD,214,162.0
253,HLA-DRB113:01,18862.22,ABE73425,FNHNMGDSDLV,253,163.0
292,HLA-DRB113:01,18936.27,ABE73425,STDEVGDNVQI,292,164.0
18,HLA-DRB113:01,18945.43,ABE73425,SFYMPLLVSSD,18,165.0
123,HLA-DRB113:01,18985.33,ABE73425,PKFSIALPPEL,123,166.0
127,HLA-DRB113:01,19078.82,ABE73425,IALPPELSVVE,127,167.0
325,HLA-DRB113:01,19092.03,ABE73425,SAFTKPSSIKE,325,168.0
275,HLA-DRB113:01,19331.83,ABE73425,LAELIPNQAAL,275,169.0
157,HLA-DRB113:01,19390.08,ABE73425,NSRDSSRSTSR,157,170.0
167,HLA-DRB113:01,19467.86,ABE73425,RQQSRTRSDSN,167,171.0
243,HLA-DRB113:01,19699.46,ABE73425,NVIQCFGPRDF,243,172.0
239,HLA-DRB113:01,20120.87,ABE73425,TREENVIQCFG,239,173.0
267,HLA-DRB113:01,20372.45,ABE73425,VDAKGFPQLAE,267,174.0
150,HLA-DRB113:01,20741.5,ABE73425,SRSSTRNNSRD,150,175.0
0,HLA-DRB113:01,21263.05,ABE73425,ASVNWADDRAA,0,176.0
21,HLA-DRB113:01,21423.8,ABE73425,MPLLVSSDKAP,21,177.0
103,HLA-DRB113:01,21632.32,ABE73425,GAKTVNTSLGN,103,178.0
27,HLA-DRB113:01,21716.32,ABE73425,SDKAPYRVIPR,27,179.0
84,HLA-DRB113:01,21829.55,ABE73425,HKDLKFRQRSD,84,180.0
17,HLA-DRB113:01,21932.01,ABE73425,PSFYMPLLVSS,17,181.0
199,HLA-DRB113:01,22141.89,ABE73425,QSKSPSSSGTF,199,182.0
10,HLA-DRB113:01,22379.26,ABE73425,ARKKFPPPSFY,10,183.0
257,HLA-DRB113:01,22549.96,ABE73425,MGDSDLVQNGV,257,184.0
319,HLA-DRB113:01,22558.97,ABE73425,KFIEQISAFTK,319,185.0
85,HLA-DRB113:01,22632.81,ABE73425,KDLKFRQRSDG,85,186.0
249,HLA-DRB113:01,22721.59,ABE73425,GPRDFNHNMGD,249,187.0
122,HLA-DRB113:01,22767.14,ABE73425,EPKFSIALPPE,122,188.0
264,HLA-DRB113:01,22853.52,ABE73425,QNGVDAKGFPQ,264,189.0
254,HLA-DRB113:01,23114.42,ABE73425,NHNMGDSDLVQ,254,190.0
47,HLA-DRB113:01,23131.04,ABE73425,KDEQIGYWNVQ,47,191.0
26,HLA-DRB113:01,23300.29,ABE73425,SSDKAPYRVIP,26,192.0
124,HLA-DRB113:01,23502.56,ABE73425,KFSIALPPELS,124,193.0
198,HLA-DRB113:01,23520.23,ABE73425,NQSKSPSSSGT,198,194.0
40,HLA-DRB113:01,23627.81,ABE73425,VPIGKGNKDEQ,40,195.0
41,HLA-DRB113:01,23858.41,ABE73425,PIGKGNKDEQI,41,196.0
259,HLA-DRB113:01,23929.41,ABE73425,DSDLVQNGVDA,259,197.0
168,HLA-DRB113:01,24004.59,ABE73425,QQSRTRSDSNQ,168,198.0
268,HLA-DRB113:01,24284.49,ABE73425,DAKGFPQLAEL,268,199.0
245,HLA-DRB113:01,24301.46,ABE73425,IQCFGPRDFNH,245,200.0
43,HLA-DRB113:01,24466.28,ABE73425,GKGNKDEQIGY,43,201.0
261,HLA-DRB113:01,24526.91,ABE73425,DLVQNGVDAKG,261,202.0
142,HLA-DRB113:01,24597.88,ABE73425,SNNSSRASSRS,142,203.0
301,HLA-DRB113:01,24705.3,ABE73425,QITYTYKMLVA,301,204.0
169,HLA-DRB113:01,24774.63,ABE73425,QSRTRSDSNQS,169,205.0
241,HLA-DRB113:01,24813.43,ABE73425,EENVIQCFGPR,241,206.0
321,HLA-DRB113:01,25026.58,ABE73425,IEQISAFTKPS,321,207.0
289,HLA-DRB113:01,25316.82,ABE73425,SEVSTDEVGDN,289,208.0
217,HLA-DRB113:01,25341.89,ABE73425,PLSQPRADKPS,217,209.0
12,HLA-DRB113:01,25387.96,ABE73425,KKFPPPSFYMP,12,210.0
293,HLA-DRB113:01,25730.54,ABE73425,TDEVGDNVQIT,293,211.0
180,HLA-DRB113:01,25744.85,ABE73425,SSDLVAAVTLA,180,212.0
23,HLA-DRB113:01,25750.04,ABE73425,LLVSSDKAPYR,23,213.0
188,HLA-DRB113:01,25880.77,ABE73425,TLALKNLGFDN,188,214.0
39,HLA-DRB113:01,26001.1,ABE73425,LVPIGKGNKDE,39,215.0
189,HLA-DRB113:01,26201.39,ABE73425,LALKNLGFDNQ,189,216.0
152,HLA-DRB113:01,26358.81,ABE73425,SSTRNNSRDSS,152,217.0
302,HLA-DRB113:01,26550.83,ABE73425,ITYTYKMLVAK,302,218.0
151,HLA-DRB113:01,26651.43,ABE73425,RSSTRNNSRDS,151,219.0
266,HLA-DRB113:01,26934.07,ABE73425,GVDAKGFPQLA,266,220.0
213,HLA-DRB113:01,26976.97,ABE73425,KPNKPLSQPRA,213,221.0
255,HLA-DRB113:01,27062.16,ABE73425,HNMGDSDLVQN,255,222.0
28,HLA-DRB113:01,27678.69,ABE73425,DKAPYRVIPRN,28,223.0
72,HLA-DRB113:01,27822.4,ABE73425,PKVHFYYLGTG,72,224.0
4,HLA-DRB113:01,28331.38,ABE73425,WADDRAARKKF,4,225.0
42,HLA-DRB113:01,28663.53,ABE73425,IGKGNKDEQIG,42,226.0
197,HLA-DRB113:01,28831.83,ABE73425,DNQSKSPSSSG,197,227.0
282,HLA-DRB113:01,28909.28,ABE73425,QAALFFDSEVS,282,228.0
133,HLA-DRB113:01,29496.72,ABE73425,LSVVEFEDRSN,133,229.0
218,HLA-DRB113:01,29509.59,ABE73425,LSQPRADKPSQ,218,230.0
287,HLA-DRB113:01,29617.05,ABE73425,FDSEVSTDEVG,287,231.0
65,HLA-DRB113:01,29761.3,ABE73425,GQRVDLPPKVH,65,232.0
288,HLA-DRB113:01,29839.16,ABE73425,DSEVSTDEVGD,288,233.0
13,HLA-DRB113:01,29861.06,ABE73425,KFPPPSFYMPL,13,234.0
64,HLA-DRB113:01,30117.89,ABE73425,RGQRVDLPPKV,64,235.0
37,HLA-DRB113:01,30368.52,ABE73425,RNLVPIGKGNK,37,236.0
281,HLA-DRB113:01,30542.57,ABE73425,NQAALFFDSEV,281,237.0
95,HLA-DRB113:01,30580.25,ABE73425,GVVWVAKEGAK,95,238.0
116,HLA-DRB113:01,30881.35,ABE73425,RNQKPLEPKFS,116,239.0
170,HLA-DRB113:01,31016.69,ABE73425,SRTRSDSNQSS,170,240.0
291,HLA-DRB113:01,31081.1,ABE73425,VSTDEVGDNVQ,291,241.0
247,HLA-DRB113:01,31273.89,ABE73425,CFGPRDFNHNM,247,242.0
153,HLA-DRB113:01,31492.5,ABE73425,STRNNSRDSSR,153,243.0
108,HLA-DRB113:01,31715.11,ABE73425,NTSLGNRKRNQ,108,244.0
109,HLA-DRB113:01,31887.25,ABE73425,TSLGNRKRNQK,109,245.0
155,HLA-DRB113:01,31910.29,ABE73425,RNNSRDSSRST,155,246.0
285,HLA-DRB113:01,31933.4,ABE73425,LFFDSEVSTDE,285,247.0
174,HLA-DRB113:01,31941.88,ABE73425,SDSNQSSSDLV,174,248.0
251,HLA-DRB113:01,32267.01,ABE73425,RDFNHNMGDSD,251,249.0
256,HLA-DRB113:01,32314.15,ABE73425,NMGDSDLVQNG,256,250.0
246,HLA-DRB113:01,32487.19,ABE73425,QCFGPRDFNHN,246,251.0
1,HLA-DRB113:01,32520.82,ABE73425,SVNWADDRAAR,1,252.0
201,HLA-DRB113:01,33021.99,ABE73425,KSPSSSGTFTP,201,253.0
322,HLA-DRB113:01,33359.18,ABE73425,EQISAFTKPSS,322,254.0
290,HLA-DRB113:01,33741.96,ABE73425,EVSTDEVGDNV,290,255.0
250,HLA-DRB113:01,33877.18,ABE73425,PRDFNHNMGDS,250,256.0
284,HLA-DRB113:01,34143.6,ABE73425,ALFFDSEVSTD,284,257.0
190,HLA-DRB113:01,34173.59,ABE73425,ALKNLGFDNQS,190,258.0
258,HLA-DRB113:01,34191.05,ABE73425,GDSDLVQNGVD,258,259.0
73,HLA-DRB113:01,34267.22,ABE73425,KVHFYYLGTGP,73,260.0
324,HLA-DRB113:01,34349.94,ABE73425,ISAFTKPSSIK,324,261.0
46,HLA-DRB113:01,34438.21,ABE73425,NKDEQIGYWNV,46,262.0
44,HLA-DRB113:01,34499.79,ABE73425,KGNKDEQIGYW,44,263.0
286,HLA-DRB113:01,35073.64,ABE73425,FFDSEVSTDEV,286,264.0
211,HLA-DRB113:01,35243.23,ABE73425,PKKPNKPLSQP,211,265.0
195,HLA-DRB113:01,35486.28,ABE73425,GFDNQSKSPSS,195,266.0
205,HLA-DRB113:01,35670.81,ABE73425,SSGTFTPKKPN,205,267.0
297,HLA-DRB113:01,35850.09,ABE73425,GDNVQITYTYK,297,268.0
38,HLA-DRB113:01,36080.81,ABE73425,NLVPIGKGNKD,38,269.0
9,HLA-DRB113:01,36137.81,ABE73425,AARKKFPPPSF,9,270.0
248,HLA-DRB113:01,36190.78,ABE73425,FGPRDFNHNMG,248,271.0
15,HLA-DRB113:01,36418.4,ABE73425,PPPSFYMPLLV,15,272.0
75,HLA-DRB113:01,36428.56,ABE73425,HFYYLGTGPHK,75,273.0
14,HLA-DRB113:01,36465.96,ABE73425,FPPPSFYMPLL,14,274.0
16,HLA-DRB113:01,36533.21,ABE73425,PPSFYMPLLVS,16,275.0
134,HLA-DRB113:01,36575.76,ABE73425,SVVEFEDRSNN,134,276.0
204,HLA-DRB113:01,36616.02,ABE73425,SSSGTFTPKKP,204,277.0
202,HLA-DRB113:01,36638.7,ABE73425,SPSSSGTFTPK,202,278.0
45,HLA-DRB113:01,36755.89,ABE73425,GNKDEQIGYWN,45,279.0
212,HLA-DRB113:01,36872.75,ABE73425,KKPNKPLSQPR,212,280.0
196,HLA-DRB113:01,36989.47,ABE73425,FDNQSKSPSSS,196,281.0
203,HLA-DRB113:01,37110.07,ABE73425,PSSSGTFTPKK,203,282.0
252,HLA-DRB113:01,37163.97,ABE73425,DFNHNMGDSDL,252,283.0
312,HLA-DRB113:01,37253.37,ABE73425,KDNKNLPKFIE,312,284.0
140,HLA-DRB113:01,37314.52,ABE73425,DRSNNSSRASS,140,285.0
242,HLA-DRB113:01,37440.6,ABE73425,ENVIQCFGPRD,242,286.0
223,HLA-DRB113:01,37824.38,ABE73425,ADKPSQLKKPR,223,287.0
101,HLA-DRB113:01,38169.92,ABE73425,KEGAKTVNTSL,101,288.0
115,HLA-DRB113:01,38381.23,ABE73425,KRNQKPLEPKF,115,289.0
156,HLA-DRB113:01,38435.38,ABE73425,NNSRDSSRSTS,156,290.0
209,HLA-DRB113:01,38823.51,ABE73425,FTPKKPNKPLS,209,291.0
171,HLA-DRB113:01,39205.78,ABE73425,RTRSDSNQSSS,171,292.0
215,HLA-DRB113:01,39317.36,ABE73425,NKPLSQPRADK,215,293.0
210,HLA-DRB113:01,39438.68,ABE73425,TPKKPNKPLSQ,210,294.0
63,HLA-DRB113:01,39648.52,ABE73425,RRGQRVDLPPK,63,295.0
221,HLA-DRB113:01,39851.54,ABE73425,PRADKPSQLKK,221,296.0
74,HLA-DRB113:01,40008.51,ABE73425,VHFYYLGTGPH,74,297.0
260,HLA-DRB113:01,40303.11,ABE73425,SDLVQNGVDAK,260,298.0
313,HLA-DRB113:01,40366.56,ABE73425,DNKNLPKFIEQ,313,299.0
307,HLA-DRB113:01,40551.48,ABE73425,KMLVAKDNKNL,307,300.0
112,HLA-DRB113:01,40735.33,ABE73425,GNRKRNQKPLE,112,301.0
220,HLA-DRB113:01,41059.52,ABE73425,QPRADKPSQLK,220,302.0
100,HLA-DRB113:01,41094.55,ABE73425,AKEGAKTVNTS,100,303.0
154,HLA-DRB113:01,41221.18,ABE73425,TRNNSRDSSRS,154,304.0
311,HLA-DRB113:01,41450.37,ABE73425,AKDNKNLPKFI,311,305.0
137,HLA-DRB113:01,41734.77,ABE73425,EFEDRSNNSSR,137,306.0
219,HLA-DRB113:01,41837.84,ABE73425,SQPRADKPSQL,219,307.0
208,HLA-DRB113:01,41970.38,ABE73425,TFTPKKPNKPL,208,308.0
193,HLA-DRB113:01,42313.31,ABE73425,NLGFDNQSKSP,193,309.0
310,HLA-DRB113:01,42358.68,ABE73425,VAKDNKNLPKF,310,310.0
173,HLA-DRB113:01,42432.53,ABE73425,RSDSNQSSSDL,173,311.0
206,HLA-DRB113:01,42574.17,ABE73425,SGTFTPKKPNK,206,312.0
192,HLA-DRB113:01,42615.39,ABE73425,KNLGFDNQSKS,192,313.0
172,HLA-DRB113:01,42622.43,ABE73425,TRSDSNQSSSD,172,314.0
194,HLA-DRB113:01,42835.17,ABE73425,LGFDNQSKSPS,194,315.0
2,HLA-DRB113:01,43054.08,ABE73425,VNWADDRAARK,2,316.0
8,HLA-DRB113:01,43303.46,ABE73425,RAARKKFPPPS,8,317.0
135,HLA-DRB113:01,43340.59,ABE73425,VVEFEDRSNNS,135,318.0
139,HLA-DRB113:01,43343.55,ABE73425,EDRSNNSSRAS,139,319.0
110,HLA-DRB113:01,43461.35,ABE73425,SLGNRKRNQKP,110,320.0
222,HLA-DRB113:01,43563.64,ABE73425,RADKPSQLKKP,222,321.0
111,HLA-DRB113:01,43899.81,ABE73425,LGNRKRNQKPL,111,322.0
7,HLA-DRB113:01,44104.73,ABE73425,DRAARKKFPPP,7,323.0
138,HLA-DRB113:01,44223.85,ABE73425,FEDRSNNSSRA,138,324.0
207,HLA-DRB113:01,44313.39,ABE73425,GTFTPKKPNKP,207,325.0
3,HLA-DRB113:01,44435.74,ABE73425,NWADDRAARKK,3,326.0
191,HLA-DRB113:01,44553.81,ABE73425,LKNLGFDNQSK,191,327.0
136,HLA-DRB113:01,44638.59,ABE73425,VEFEDRSNNSS,136,328.0
5,HLA-DRB113:01,45494.4,ABE73425,ADDRAARKKFP,5,329.0
6,HLA-DRB113:01,45894.56,ABE73425,DDRAARKKFPP,6,330.0
308,HLA-DRB113:01,45950.91,ABE73425,MLVAKDNKNLP,308,331.0
114,HLA-DRB113:01,46263.37,ABE73425,RKRNQKPLEPK,114,332.0
309,HLA-DRB113:01,46484.6,ABE73425,LVAKDNKNLPK,309,333.0
113,HLA-DRB113:01,46863.11,ABE73425,NRKRNQKPLEP,113,334.0
