,allele,ic50,name,peptide,pos,rank
43,HLA-A01:01,459.42,ANZ78847,TVDVTNGLGTY,43,1.0
413,HLA-A01:01,575.85,ANZ78847,KVDLQLGNLGY,413,2.0
206,HLA-A01:01,1081.42,ANZ78847,FTYDVNATYLY,206,3.0
982,HLA-A01:01,3807.28,ANZ78847,WTAAAGVPFYL,982,4.0
230,HLA-A01:01,4107.29,ANZ78847,FTDTGVVTKFL,230,5.0
1193,HLA-A01:01,4228.72,ANZ78847,NTWMYTGSGYY,1193,6.0
718,HLA-A01:01,4974.37,ANZ78847,QLQPINYFDSY,718,7.0
695,HLA-A01:01,5033.24,ANZ78847,SSEPALLFRNI,695,8.0
192,HLA-A01:01,5143.05,ANZ78847,HMDTGVVSCLY,192,9.0
85,HLA-A01:01,5210.72,ANZ78847,GTDKLSTLWFK,85,10.0
99,HLA-A01:01,5223.04,ANZ78847,LSDFINGIFAK,99,11.0
220,HLA-A01:01,5335.57,ANZ78847,YQEGGTFYAYF,220,12.0
1268,HLA-A01:01,5357.22,ANZ78847,FLDLQVEMNRL,1268,13.0
1144,HLA-A01:01,5373.06,ANZ78847,LVQNAPYGLYF,1144,14.0
923,HLA-A01:01,5379.26,ANZ78847,KLSDVGFVAAY,923,15.0
51,HLA-A01:01,5382.56,ANZ78847,GTYYVLDRVYL,51,16.0
961,HLA-A01:01,5396.75,ANZ78847,LSENQISGYTL,961,17.0
272,HLA-A01:01,5399.07,ANZ78847,WVTPLTSRQYL,272,18.0
267,HLA-A01:01,5404.72,ANZ78847,FTLEYWVTPLT,267,19.0
429,HLA-A01:01,5406.47,ANZ78847,YRIDTTATSCQ,429,20.0
55,HLA-A01:01,5406.69,ANZ78847,VLDRVYLNTTL,55,21.0
113,HLA-A01:01,5409.96,ANZ78847,TKVFKDGVMYS,113,22.0
205,HLA-A01:01,5410.48,ANZ78847,NFTYDVNATYL,205,23.0
229,HLA-A01:01,5411.0,ANZ78847,YFTDTGVVTKF,229,24.0
63,HLA-A01:01,5411.17,ANZ78847,TTLFLNGYYPT,63,25.0
900,HLA-A01:01,5412.34,ANZ78847,CLGSECSKASS,900,26.0
749,HLA-A01:01,5413.13,ANZ78847,TVGSGYCVDYS,749,27.0
130,HLA-A01:01,5413.31,ANZ78847,IGSTFVNTSYS,130,28.0
300,HLA-A01:01,5414.39,ANZ78847,DFMSEIKCKTQ,300,29.0
18,HLA-A01:01,5414.4,ANZ78847,LKCPLDSRTGS,18,30.0
324,HLA-A01:01,5414.48,ANZ78847,YTVQPIADVYR,324,31.0
573,HLA-A01:01,5414.58,ANZ78847,NPCTCQPQAFL,573,32.0
1103,HLA-A01:01,5415.1,ANZ78847,QLSDSTLVKFS,1103,33.0
270,HLA-A01:01,5415.15,ANZ78847,EYWVTPLTSRQ,270,34.0
568,HLA-A01:01,5415.17,ANZ78847,DYCGGNPCTCQ,568,35.0
1109,HLA-A01:01,5415.44,ANZ78847,LVKFSAAQAME,1109,36.0
54,HLA-A01:01,5415.93,ANZ78847,YVLDRVYLNTT,54,37.0
500,HLA-A01:01,5416.03,ANZ78847,CKSNSSLCVGS,500,38.0
539,HLA-A01:01,5416.04,ANZ78847,ITFTGPYKCPQ,539,39.0
1118,HLA-A01:01,5416.39,ANZ78847,MEKVNECVKSQ,1118,40.0
78,HLA-A01:01,5416.59,ANZ78847,YRNMALKGTDK,78,41.0
14,HLA-A01:01,5416.76,ANZ78847,VIGDLKCPLDS,14,42.0
828,HLA-A01:01,5416.8,ANZ78847,VCGDYAACKSQ,828,43.0
896,HLA-A01:01,5416.82,ANZ78847,SVLGCLGSECS,896,44.0
901,HLA-A01:01,5416.86,ANZ78847,LGSECSKASSR,901,45.0
82,HLA-A01:01,5416.91,ANZ78847,ALKGTDKLSTL,82,46.0
604,HLA-A01:01,5417.18,ANZ78847,LHDVNSGLTCS,604,47.0
557,HLA-A01:01,5417.25,ANZ78847,GEHCSGLAVKS,557,48.0
1153,HLA-A01:01,5417.25,ANZ78847,YFIHFSYVPTK,1153,48.0
834,HLA-A01:01,5417.38,ANZ78847,ACKSQLVEYGS,834,50.0
899,HLA-A01:01,5417.55,ANZ78847,GCLGSECSKAS,899,51.0
492,HLA-A01:01,5417.76,ANZ78847,KAPKNFCPCKS,492,52.0
1106,HLA-A01:01,5417.89,ANZ78847,DSTLVKFSAAQ,1106,53.0
1249,HLA-A01:01,5418.14,ANZ78847,FKNQTSVAPDL,1249,54.0
16,HLA-A01:01,5418.16,ANZ78847,GDLKCPLDSRT,16,55.0
542,HLA-A01:01,5418.44,ANZ78847,TGPYKCPQSKS,542,56.0
1187,HLA-A01:01,5418.52,ANZ78847,YFVNVNNTWMY,1187,57.0
1002,HLA-A01:01,5418.65,ANZ78847,GVTMDVLSQNQ,1002,58.0
1289,HLA-A01:01,5419.06,ANZ78847,YINLKDIGTYE,1289,59.0
104,HLA-A01:01,5419.3,ANZ78847,NGIFAKVKNTK,104,60.0
1098,HLA-A01:01,5419.4,ANZ78847,AYVSQQLSDST,1098,61.0
1325,HLA-A01:01,5419.42,ANZ78847,FICCCTGCGTS,1325,62.0
569,HLA-A01:01,5419.5,ANZ78847,YCGGNPCTCQP,569,63.0
897,HLA-A01:01,5419.64,ANZ78847,VLGCLGSECSK,897,64.0
427,HLA-A01:01,5419.72,ANZ78847,FNYRIDTTATS,427,65.0
515,HLA-A01:01,5419.8,ANZ78847,NNGIGTCPAGT,515,66.0
540,HLA-A01:01,5419.82,ANZ78847,TFTGPYKCPQS,540,67.0
228,HLA-A01:01,5419.84,ANZ78847,AYFTDTGVVTK,228,68.0
342,HLA-A01:01,5419.98,ANZ78847,CNIEAWLNDKS,342,69.0
674,HLA-A01:01,5419.98,ANZ78847,NRTFMIRSCYS,674,69.0
301,HLA-A01:01,5420.15,ANZ78847,FMSEIKCKTQS,301,71.0
827,HLA-A01:01,5420.17,ANZ78847,FVCGDYAACKS,827,72.0
1338,HLA-A01:01,5420.32,ANZ78847,KKCGGCCDDYT,1338,73.0
898,HLA-A01:01,5420.35,ANZ78847,LGCLGSECSKA,898,74.0
570,HLA-A01:01,5420.49,ANZ78847,CGGNPCTCQPQ,570,75.0
518,HLA-A01:01,5420.5,ANZ78847,IGTCPAGTNYL,518,76.0
804,HLA-A01:01,5420.61,ANZ78847,FTIGNMEEFIQ,804,77.0
885,HLA-A01:01,5420.68,ANZ78847,VNFNVDDINFS,885,78.0
708,HLA-A01:01,5420.97,ANZ78847,NYVFNNSLTRQ,708,79.0
742,HLA-A01:01,5421.08,ANZ78847,SVQTCDLTVGS,742,80.0
289,HLA-A01:01,5421.26,ANZ78847,GIIFNAVDCMS,289,81.0
1122,HLA-A01:01,5421.34,ANZ78847,NECVKSQSSRI,1122,82.0
754,HLA-A01:01,5421.53,ANZ78847,YCVDYSKNRRS,754,83.0
1224,HLA-A01:01,5421.61,ANZ78847,TKAPYVMLNTS,1224,84.0
494,HLA-A01:01,5421.66,ANZ78847,PKNFCPCKSNS,494,85.0
495,HLA-A01:01,5421.67,ANZ78847,KNFCPCKSNSS,495,86.0
1324,HLA-A01:01,5421.71,ANZ78847,FFICCCTGCGT,1324,87.0
452,HLA-A01:01,5421.78,ANZ78847,SRFNPSTWNKR,452,88.0
252,HLA-A01:01,5421.91,ANZ78847,YYVMPLTCISR,252,89.0
905,HLA-A01:01,5421.96,ANZ78847,CSKASSRSAIE,905,90.0
541,HLA-A01:01,5421.99,ANZ78847,FTGPYKCPQSK,541,91.0
142,HLA-A01:01,5422.2,ANZ78847,VVQPRTINSTQ,142,92.0
366,HLA-A01:01,5422.38,ANZ78847,NCNFNMSSLMS,366,93.0
607,HLA-A01:01,5422.48,ANZ78847,VNSGLTCSTDL,607,94.0
955,HLA-A01:01,5422.73,ANZ78847,KVLPPLLSENQ,955,95.0
854,HLA-A01:01,5422.75,ANZ78847,TEVNELLDTTQ,854,96.0
1320,HLA-A01:01,5422.78,ANZ78847,LVLLFFICCCT,1320,97.0
582,HLA-A01:01,5422.8,ANZ78847,FLGWSADSCLQ,582,98.0
459,HLA-A01:01,5422.81,ANZ78847,WNKRFGFIEDS,459,99.0
778,HLA-A01:01,5422.85,ANZ78847,EPFTVNSVNDS,778,100.0
219,HLA-A01:01,5422.87,ANZ78847,FYQEGGTFYAY,219,101.0
939,HLA-A01:01,5422.88,ANZ78847,GAEIRDLICVQ,939,102.0
553,HLA-A01:01,5422.9,ANZ78847,LVGIGEHCSGL,553,103.0
299,HLA-A01:01,5422.99,ANZ78847,SDFMSEIKCKT,299,104.0
610,HLA-A01:01,5423.02,ANZ78847,GLTCSTDLQKA,610,105.0
496,HLA-A01:01,5423.08,ANZ78847,NFCPCKSNSSL,496,106.0
1060,HLA-A01:01,5423.09,ANZ78847,NRFGAISSSLQ,1060,107.0
1119,HLA-A01:01,5423.28,ANZ78847,EKVNECVKSQS,1119,108.0
860,HLA-A01:01,5423.35,ANZ78847,LDTTQLQVANS,860,109.0
545,HLA-A01:01,5423.42,ANZ78847,YKCPQSKSLVG,545,110.0
543,HLA-A01:01,5423.46,ANZ78847,GPYKCPQSKSL,543,111.0
1343,HLA-A01:01,5423.67,ANZ78847,CCDDYTGYQEL,1343,112.0
800,HLA-A01:01,5423.72,ANZ78847,IPSDFTIGNME,800,113.0
630,HLA-A01:01,5423.76,ANZ78847,VNYDLYGISGQ,630,114.0
957,HLA-A01:01,5423.77,ANZ78847,LPPLLSENQIS,957,115.0
967,HLA-A01:01,5423.81,ANZ78847,SGYTLAATSAS,967,116.0
1216,HLA-A01:01,5423.83,ANZ78847,MSTCAVNYTKA,1216,117.0
158,HLA-A01:01,5423.98,ANZ78847,LQGLLEVSVCQ,158,118.0
965,HLA-A01:01,5424.28,ANZ78847,QISGYTLAATS,965,119.0
988,HLA-A01:01,5424.34,ANZ78847,VPFYLNVQYRI,988,120.0
504,HLA-A01:01,5424.35,ANZ78847,SSLCVGSGPGK,504,121.0
1074,HLA-A01:01,5424.51,ANZ78847,SRLDALEAEAQ,1074,122.0
1214,HLA-A01:01,5424.53,ANZ78847,VVMSTCAVNYT,1214,123.0
728,HLA-A01:01,5424.59,ANZ78847,YLGCVVNAYNS,728,124.0
1215,HLA-A01:01,5424.63,ANZ78847,VMSTCAVNYTK,1215,125.0
951,HLA-A01:01,5424.87,ANZ78847,YKGIKVLPPLL,951,126.0
138,HLA-A01:01,5424.88,ANZ78847,SYSVVVQPRTI,138,127.0
893,HLA-A01:01,5424.91,ANZ78847,NFSSVLGCLGS,893,128.0
1321,HLA-A01:01,5424.94,ANZ78847,VLLFFICCCTG,1321,129.0
197,HLA-A01:01,5424.95,ANZ78847,VVSCLYKRNFT,197,130.0
685,HLA-A01:01,5425.12,ANZ78847,GRVSAAFHANS,685,131.0
942,HLA-A01:01,5425.21,ANZ78847,IRDLICVQSYK,942,132.0
491,HLA-A01:01,5425.22,ANZ78847,FKAPKNFCPCK,491,133.0
76,HLA-A01:01,5425.45,ANZ78847,STYRNMALKGT,76,134.0
608,HLA-A01:01,5425.64,ANZ78847,NSGLTCSTDLQ,608,135.0
315,HLA-A01:01,5425.66,ANZ78847,PTGVYELNGYT,315,136.0
734,HLA-A01:01,5425.7,ANZ78847,NAYNSTAISVQ,734,137.0
1120,HLA-A01:01,5425.72,ANZ78847,KVNECVKSQSS,1120,138.0
1160,HLA-A01:01,5425.79,ANZ78847,VPTKYVTAKVS,1160,139.0
1329,HLA-A01:01,5425.82,ANZ78847,CTGCGTSCFKK,1329,140.0
606,HLA-A01:01,5425.84,ANZ78847,DVNSGLTCSTD,606,141.0
440,HLA-A01:01,5425.9,ANZ78847,LYYNLPAANVS,440,142.0
69,HLA-A01:01,5425.92,ANZ78847,GYYPTSGSTYR,69,143.0
612,HLA-A01:01,5426.11,ANZ78847,TCSTDLQKANT,612,144.0
806,HLA-A01:01,5426.13,ANZ78847,IGNMEEFIQTS,806,145.0
829,HLA-A01:01,5426.28,ANZ78847,CGDYAACKSQL,829,146.0
960,HLA-A01:01,5426.36,ANZ78847,LLSENQISGYT,960,147.0
168,HLA-A01:01,5426.54,ANZ78847,QYNMCEYPHTI,168,148.0
1091,HLA-A01:01,5426.56,ANZ78847,GRLTALNAYVS,1091,149.0
1097,HLA-A01:01,5426.69,ANZ78847,NAYVSQQLSDS,1097,150.0
1059,HLA-A01:01,5426.7,ANZ78847,SNRFGAISSSL,1059,151.0
227,HLA-A01:01,5426.72,ANZ78847,YAYFTDTGVVT,227,152.0
581,HLA-A01:01,5426.8,ANZ78847,AFLGWSADSCL,581,153.0
755,HLA-A01:01,5426.8,ANZ78847,CVDYSKNRRSR,755,153.0
1341,HLA-A01:01,5426.97,ANZ78847,GGCCDDYTGYQ,1341,155.0
973,HLA-A01:01,5427.0,ANZ78847,ATSASLFPPWT,973,156.0
1061,HLA-A01:01,5427.07,ANZ78847,RFGAISSSLQE,1061,157.0
1221,HLA-A01:01,5427.07,ANZ78847,VNYTKAPYVML,1221,157.0
1148,HLA-A01:01,5427.13,ANZ78847,APYGLYFIHFS,1148,159.0
1278,HLA-A01:01,5427.24,ANZ78847,LQEAIKVLNQS,1278,160.0
632,HLA-A01:01,5427.31,ANZ78847,YDLYGISGQGI,632,161.0
678,HLA-A01:01,5427.36,ANZ78847,MIRSCYSGRVS,678,162.0
253,HLA-A01:01,5427.43,ANZ78847,YVMPLTCISRR,253,163.0
812,HLA-A01:01,5427.43,ANZ78847,FIQTSSPKVTI,812,163.0
1328,HLA-A01:01,5427.44,ANZ78847,CCTGCGTSCFK,1328,165.0
24,HLA-A01:01,5427.63,ANZ78847,SRTGSLNNIDT,24,166.0
53,HLA-A01:01,5427.74,ANZ78847,YYVLDRVYLNT,53,167.0
186,HLA-A01:01,5427.74,ANZ78847,HFKELWHMDTG,186,167.0
1121,HLA-A01:01,5427.84,ANZ78847,VNECVKSQSSR,1121,169.0
831,HLA-A01:01,5427.9,ANZ78847,DYAACKSQLVE,831,170.0
185,HLA-A01:01,5427.94,ANZ78847,NHFKELWHMDT,185,171.0
704,HLA-A01:01,5427.98,ANZ78847,NIKCNYVFNNS,704,172.0
968,HLA-A01:01,5428.0,ANZ78847,GYTLAATSASL,968,173.0
1310,HLA-A01:01,5428.07,ANZ78847,LLICLAGVAML,1310,174.0
690,HLA-A01:01,5428.17,ANZ78847,AFHANSSEPAL,690,175.0
917,HLA-A01:01,5428.17,ANZ78847,LLFDKVKLSDV,917,175.0
79,HLA-A01:01,5428.24,ANZ78847,RNMALKGTDKL,79,177.0
710,HLA-A01:01,5428.37,ANZ78847,VFNNSLTRQLQ,710,178.0
103,HLA-A01:01,5428.54,ANZ78847,INGIFAKVKNT,103,179.0
605,HLA-A01:01,5428.59,ANZ78847,HDVNSGLTCST,605,180.0
134,HLA-A01:01,5428.61,ANZ78847,FVNTSYSVVVQ,134,181.0
730,HLA-A01:01,5428.64,ANZ78847,GCVVNAYNSTA,730,182.0
167,HLA-A01:01,5428.69,ANZ78847,CQYNMCEYPHT,167,183.0
1025,HLA-A01:01,5428.71,ANZ78847,AIQEGFDATNS,1025,184.0
1336,HLA-A01:01,5428.71,ANZ78847,CFKKCGGCCDD,1336,184.0
707,HLA-A01:01,5428.73,ANZ78847,CNYVFNNSLTR,707,186.0
719,HLA-A01:01,5428.82,ANZ78847,LQPINYFDSYL,719,187.0
527,HLA-A01:01,5428.85,ANZ78847,YLTCHNLCNPD,527,188.0
1200,HLA-A01:01,5428.87,ANZ78847,SGYYYPEPITE,1200,189.0
464,HLA-A01:01,5428.99,ANZ78847,GFIEDSVFKPQ,464,190.0
505,HLA-A01:01,5429.0,ANZ78847,SLCVGSGPGKN,505,191.0
163,HLA-A01:01,5429.07,ANZ78847,EVSVCQYNMCE,163,192.0
194,HLA-A01:01,5429.07,ANZ78847,DTGVVSCLYKR,194,192.0
750,HLA-A01:01,5429.15,ANZ78847,VGSGYCVDYSK,750,194.0
333,HLA-A01:01,5429.27,ANZ78847,YRRKPDLPNCN,333,195.0
1342,HLA-A01:01,5429.27,ANZ78847,GCCDDYTGYQE,1342,195.0
1031,HLA-A01:01,5429.41,ANZ78847,DATNSALVKIQ,1031,197.0
579,HLA-A01:01,5429.43,ANZ78847,PQAFLGWSADS,579,198.0
19,HLA-A01:01,5429.53,ANZ78847,KCPLDSRTGSL,19,199.0
1348,HLA-A01:01,5429.54,ANZ78847,TGYQELVIKTS,1348,200.0
1300,HLA-A01:01,5429.56,ANZ78847,YYVKWPWYVWL,1300,201.0
155,HLA-A01:01,5429.6,ANZ78847,VNKLQGLLEVS,155,202.0
731,HLA-A01:01,5429.63,ANZ78847,CVVNAYNSTAI,731,203.0
30,HLA-A01:01,5429.64,ANZ78847,NNIDTGPPSIS,30,204.0
918,HLA-A01:01,5429.64,ANZ78847,LFDKVKLSDVG,918,204.0
532,HLA-A01:01,5429.68,ANZ78847,NLCNPDPITFT,532,206.0
1262,HLA-A01:01,5429.7,ANZ78847,DYINVTFLDLQ,1262,207.0
737,HLA-A01:01,5429.75,ANZ78847,NSTAISVQTCD,737,208.0
908,HLA-A01:01,5429.76,ANZ78847,ASSRSAIEDLL,908,209.0
255,HLA-A01:01,5429.77,ANZ78847,MPLTCISRRNI,255,210.0
389,HLA-A01:01,5429.86,ANZ78847,DAAKIYGMCFS,389,211.0
943,HLA-A01:01,5429.87,ANZ78847,RDLICVQSYKG,943,212.0
105,HLA-A01:01,5429.89,ANZ78847,GIFAKVKNTKV,105,213.0
295,HLA-A01:01,5429.92,ANZ78847,VDCMSDFMSEI,295,214.0
334,HLA-A01:01,5429.92,ANZ78847,RRKPDLPNCNI,334,214.0
756,HLA-A01:01,5429.94,ANZ78847,VDYSKNRRSRR,756,216.0
985,HLA-A01:01,5429.95,ANZ78847,AAGVPFYLNVQ,985,217.0
39,HLA-A01:01,5430.04,ANZ78847,ISTATVDVTNG,39,218.0
235,HLA-A01:01,5430.05,ANZ78847,VVTKFLFNVYL,235,219.0
251,HLA-A01:01,5430.07,ANZ78847,HYYVMPLTCIS,251,220.0
914,HLA-A01:01,5430.08,ANZ78847,IEDLLFDKVKL,914,221.0
250,HLA-A01:01,5430.09,ANZ78847,SHYYVMPLTCI,250,222.0
870,HLA-A01:01,5430.14,ANZ78847,SLMNGVTLSTK,870,223.0
269,HLA-A01:01,5430.15,ANZ78847,LEYWVTPLTSR,269,224.0
1030,HLA-A01:01,5430.19,ANZ78847,FDATNSALVKI,1030,225.0
1136,HLA-A01:01,5430.23,ANZ78847,GNGNHIISLVQ,1136,226.0
760,HLA-A01:01,5430.36,ANZ78847,KNRRSRRAITT,760,227.0
826,HLA-A01:01,5430.44,ANZ78847,AFVCGDYAACK,826,228.0
662,HLA-A01:01,5430.47,ANZ78847,NGNLYGFRDYL,662,229.0
1242,HLA-A01:01,5430.48,ANZ78847,REELDQWFKNQ,1242,230.0
259,HLA-A01:01,5430.5,ANZ78847,CISRRNIGFTL,259,231.0
15,HLA-A01:01,5430.71,ANZ78847,IGDLKCPLDSR,15,232.0
729,HLA-A01:01,5430.75,ANZ78847,LGCVVNAYNST,729,233.0
588,HLA-A01:01,5430.76,ANZ78847,DSCLQGDKCNI,588,234.0
953,HLA-A01:01,5430.8,ANZ78847,GIKVLPPLLSE,953,235.0
757,HLA-A01:01,5430.91,ANZ78847,DYSKNRRSRRA,757,236.0
657,HLA-A01:01,5430.95,ANZ78847,LLYDSNGNLYG,657,237.0
17,HLA-A01:01,5431.04,ANZ78847,DLKCPLDSRTG,17,238.0
1170,HLA-A01:01,5431.05,ANZ78847,SPGLCIAGDRG,1170,239.0
403,HLA-A01:01,5431.16,ANZ78847,IDKFAIPNGRK,403,240.0
1339,HLA-A01:01,5431.16,ANZ78847,KCGGCCDDYTG,1339,240.0
335,HLA-A01:01,5431.27,ANZ78847,RKPDLPNCNIE,335,242.0
904,HLA-A01:01,5431.33,ANZ78847,ECSKASSRSAI,904,243.0
216,HLA-A01:01,5431.34,ANZ78847,YFHFYQEGGTF,216,244.0
1287,HLA-A01:01,5431.34,ANZ78847,QSYINLKDIGT,1287,244.0
372,HLA-A01:01,5431.37,ANZ78847,SSLMSFIQADS,372,246.0
0,HLA-A01:01,5431.38,ANZ78847,MFLILLISLPT,0,247.0
363,HLA-A01:01,5431.41,ANZ78847,TFSNCNFNMSS,363,248.0
426,HLA-A01:01,5431.51,ANZ78847,SFNYRIDTTAT,426,249.0
871,HLA-A01:01,5431.51,ANZ78847,LMNGVTLSTKL,871,249.0
811,HLA-A01:01,5431.53,ANZ78847,EFIQTSSPKVT,811,251.0
355,HLA-A01:01,5431.58,ANZ78847,SPLNWERKTFS,355,252.0
1207,HLA-A01:01,5431.62,ANZ78847,PITENNVVVMS,1207,253.0
1163,HLA-A01:01,5431.69,ANZ78847,KYVTAKVSPGL,1163,254.0
81,HLA-A01:01,5431.7,ANZ78847,MALKGTDKLST,81,255.0
407,HLA-A01:01,5431.74,ANZ78847,AIPNGRKVDLQ,407,256.0
761,HLA-A01:01,5431.74,ANZ78847,NRRSRRAITTG,761,256.0
307,HLA-A01:01,5431.79,ANZ78847,CKTQSIAPPTG,307,258.0
478,HLA-A01:01,5431.79,ANZ78847,VLTNHDVVYAQ,478,258.0
1277,HLA-A01:01,5431.79,ANZ78847,RLQEAIKVLNQ,1277,258.0
393,HLA-A01:01,5431.84,ANZ78847,IYGMCFSSITI,393,261.0
498,HLA-A01:01,5431.85,ANZ78847,CPCKSNSSLCV,498,262.0
71,HLA-A01:01,5431.93,ANZ78847,YPTSGSTYRNM,71,263.0
1243,HLA-A01:01,5431.98,ANZ78847,EELDQWFKNQT,1243,264.0
1111,HLA-A01:01,5432.02,ANZ78847,KFSAAQAMEKV,1111,265.0
613,HLA-A01:01,5432.16,ANZ78847,CSTDLQKANTD,613,266.0
741,HLA-A01:01,5432.16,ANZ78847,ISVQTCDLTVG,741,266.0
779,HLA-A01:01,5432.16,ANZ78847,PFTVNSVNDSL,779,266.0
666,HLA-A01:01,5432.19,ANZ78847,YGFRDYLTNRT,666,269.0
353,HLA-A01:01,5432.2,ANZ78847,VPSPLNWERKT,353,270.0
1062,HLA-A01:01,5432.21,ANZ78847,FGAISSSLQEI,1062,271.0
421,HLA-A01:01,5432.24,ANZ78847,LGYLQSFNYRI,421,272.0
676,HLA-A01:01,5432.27,ANZ78847,TFMIRSCYSGR,676,273.0
140,HLA-A01:01,5432.34,ANZ78847,SVVVQPRTINS,140,274.0
1285,HLA-A01:01,5432.36,ANZ78847,LNQSYINLKDI,1285,275.0
753,HLA-A01:01,5432.41,ANZ78847,GYCVDYSKNRR,753,276.0
735,HLA-A01:01,5432.42,ANZ78847,AYNSTAISVQT,735,277.0
148,HLA-A01:01,5432.43,ANZ78847,INSTQDGVNKL,148,278.0
137,HLA-A01:01,5432.47,ANZ78847,TSYSVVVQPRT,137,279.0
966,HLA-A01:01,5432.51,ANZ78847,ISGYTLAATSA,966,280.0
149,HLA-A01:01,5432.61,ANZ78847,NSTQDGVNKLQ,149,281.0
293,HLA-A01:01,5432.63,ANZ78847,NAVDCMSDFMS,293,282.0
609,HLA-A01:01,5432.7,ANZ78847,SGLTCSTDLQK,609,283.0
1092,HLA-A01:01,5432.73,ANZ78847,RLTALNAYVSQ,1092,284.0
551,HLA-A01:01,5432.77,ANZ78847,KSLVGIGEHCS,551,285.0
215,HLA-A01:01,5432.89,ANZ78847,LYFHFYQEGGT,215,286.0
1323,HLA-A01:01,5432.94,ANZ78847,LFFICCCTGCG,1323,287.0
964,HLA-A01:01,5433.04,ANZ78847,NQISGYTLAAT,964,288.0
1171,HLA-A01:01,5433.04,ANZ78847,PGLCIAGDRGI,1171,288.0
1158,HLA-A01:01,5433.08,ANZ78847,SYVPTKYVTAK,1158,290.0
516,HLA-A01:01,5433.09,ANZ78847,NGIGTCPAGTN,516,291.0
1184,HLA-A01:01,5433.12,ANZ78847,KSGYFVNVNNT,1184,292.0
471,HLA-A01:01,5433.14,ANZ78847,FKPQPAGVLTN,471,293.0
765,HLA-A01:01,5433.15,ANZ78847,RRAITTGYRFT,765,294.0
1194,HLA-A01:01,5433.16,ANZ78847,TWMYTGSGYYY,1194,295.0
211,HLA-A01:01,5433.2,ANZ78847,NATYLYFHFYQ,211,296.0
996,HLA-A01:01,5433.38,ANZ78847,YRINGLGVTMD,996,297.0
1264,HLA-A01:01,5433.46,ANZ78847,INVTFLDLQVE,1264,298.0
940,HLA-A01:01,5433.51,ANZ78847,AEIRDLICVQS,940,299.0
414,HLA-A01:01,5433.52,ANZ78847,VDLQLGNLGYL,414,300.0
927,HLA-A01:01,5433.57,ANZ78847,VGFVAAYNNCT,927,301.0
1347,HLA-A01:01,5433.58,ANZ78847,YTGYQELVIKT,1347,302.0
947,HLA-A01:01,5433.6,ANZ78847,CVQSYKGIKVL,947,303.0
839,HLA-A01:01,5433.64,ANZ78847,LVEYGSFCDNI,839,304.0
956,HLA-A01:01,5433.65,ANZ78847,VLPPLLSENQI,956,305.0
1237,HLA-A01:01,5433.66,ANZ78847,NLPDFREELDQ,1237,306.0
1159,HLA-A01:01,5433.7,ANZ78847,YVPTKYVTAKV,1159,307.0
1332,HLA-A01:01,5433.76,ANZ78847,CGTSCFKKCGG,1332,308.0
1128,HLA-A01:01,5433.84,ANZ78847,QSSRINFCGNG,1128,309.0
874,HLA-A01:01,5433.85,ANZ78847,GVTLSTKLKDG,874,310.0
369,HLA-A01:01,5433.9,ANZ78847,FNMSSLMSFIQ,369,311.0
903,HLA-A01:01,5433.97,ANZ78847,SECSKASSRSA,903,312.0
189,HLA-A01:01,5433.98,ANZ78847,ELWHMDTGVVS,189,313.0
416,HLA-A01:01,5434.0,ANZ78847,LQLGNLGYLQS,416,314.0
567,HLA-A01:01,5434.02,ANZ78847,SDYCGGNPCTC,567,315.0
1107,HLA-A01:01,5434.07,ANZ78847,STLVKFSAAQA,1107,316.0
599,HLA-A01:01,5434.11,ANZ78847,FANLILHDVNS,599,317.0
38,HLA-A01:01,5434.17,ANZ78847,SISTATVDVTN,38,318.0
928,HLA-A01:01,5434.22,ANZ78847,GFVAAYNNCTG,928,319.0
796,HLA-A01:01,5434.25,ANZ78847,YEIQIPSDFTI,796,320.0
746,HLA-A01:01,5434.28,ANZ78847,CDLTVGSGYCV,746,321.0
886,HLA-A01:01,5434.31,ANZ78847,NFNVDDINFSS,886,322.0
1063,HLA-A01:01,5434.31,ANZ78847,GAISSSLQEIL,1063,322.0
628,HLA-A01:01,5434.33,ANZ78847,VCVNYDLYGIS,628,324.0
179,HLA-A01:01,5434.34,ANZ78847,CHPNLGNHFKE,179,325.0
751,HLA-A01:01,5434.34,ANZ78847,GSGYCVDYSKN,751,325.0
1099,HLA-A01:01,5434.41,ANZ78847,YVSQQLSDSTL,1099,327.0
1116,HLA-A01:01,5434.43,ANZ78847,QAMEKVNECVK,1116,328.0
736,HLA-A01:01,5434.47,ANZ78847,YNSTAISVQTC,736,329.0
1056,HLA-A01:01,5434.48,ANZ78847,QQLSNRFGAIS,1056,330.0
1280,HLA-A01:01,5434.48,ANZ78847,EAIKVLNQSYI,1280,330.0
292,HLA-A01:01,5434.58,ANZ78847,FNAVDCMSDFM,292,332.0
447,HLA-A01:01,5434.58,ANZ78847,ANVSVSRFNPS,447,332.0
752,HLA-A01:01,5434.63,ANZ78847,SGYCVDYSKNR,752,334.0
326,HLA-A01:01,5434.67,ANZ78847,VQPIADVYRRK,326,335.0
463,HLA-A01:01,5434.67,ANZ78847,FGFIEDSVFKP,463,335.0
739,HLA-A01:01,5434.67,ANZ78847,TAISVQTCDLT,739,335.0
443,HLA-A01:01,5434.91,ANZ78847,NLPAANVSVSR,443,338.0
705,HLA-A01:01,5434.92,ANZ78847,IKCNYVFNNSL,705,339.0
1113,HLA-A01:01,5434.92,ANZ78847,SAAQAMEKVNE,1113,339.0
349,HLA-A01:01,5434.93,ANZ78847,NDKSVPSPLNW,349,341.0
1306,HLA-A01:01,5434.95,ANZ78847,WYVWLLICLAG,1306,342.0
32,HLA-A01:01,5434.98,ANZ78847,IDTGPPSISTA,32,343.0
651,HLA-A01:01,5435.0,ANZ78847,YNSWQNLLYDS,651,344.0
193,HLA-A01:01,5435.03,ANZ78847,MDTGVVSCLYK,193,345.0
1027,HLA-A01:01,5435.05,ANZ78847,QEGFDATNSAL,1027,346.0
503,HLA-A01:01,5435.08,ANZ78847,NSSLCVGSGPG,503,347.0
127,HLA-A01:01,5435.11,ANZ78847,AITIGSTFVNT,127,348.0
392,HLA-A01:01,5435.12,ANZ78847,KIYGMCFSSIT,392,349.0
932,HLA-A01:01,5435.14,ANZ78847,AYNNCTGGAEI,932,350.0
933,HLA-A01:01,5435.17,ANZ78847,YNNCTGGAEIR,933,351.0
935,HLA-A01:01,5435.18,ANZ78847,NCTGGAEIRDL,935,352.0
624,HLA-A01:01,5435.23,ANZ78847,IKLGVCVNYDL,624,353.0
664,HLA-A01:01,5435.24,ANZ78847,NLYGFRDYLTN,664,354.0
173,HLA-A01:01,5435.27,ANZ78847,EYPHTICHPNL,173,355.0
12,HLA-A01:01,5435.29,ANZ78847,FAVIGDLKCPL,12,356.0
424,HLA-A01:01,5435.32,ANZ78847,LQSFNYRIDTT,424,357.0
1095,HLA-A01:01,5435.32,ANZ78847,ALNAYVSQQLS,1095,357.0
240,HLA-A01:01,5435.37,ANZ78847,LFNVYLGMALS,240,359.0
29,HLA-A01:01,5435.38,ANZ78847,LNNIDTGPPSI,29,360.0
823,HLA-A01:01,5435.38,ANZ78847,DCAAFVCGDYA,823,360.0
37,HLA-A01:01,5435.41,ANZ78847,PSISTATVDVT,37,362.0
280,HLA-A01:01,5435.42,ANZ78847,QYLLAFNQDGI,280,363.0
998,HLA-A01:01,5435.42,ANZ78847,INGLGVTMDVL,998,363.0
1225,HLA-A01:01,5435.43,ANZ78847,KAPYVMLNTSI,1225,365.0
74,HLA-A01:01,5435.45,ANZ78847,SGSTYRNMALK,74,366.0
277,HLA-A01:01,5435.46,ANZ78847,TSRQYLLAFNQ,277,367.0
191,HLA-A01:01,5435.47,ANZ78847,WHMDTGVVSCL,191,368.0
507,HLA-A01:01,5435.47,ANZ78847,CVGSGPGKNNG,507,368.0
1296,HLA-A01:01,5435.48,ANZ78847,GTYEYYVKWPW,1296,370.0
114,HLA-A01:01,5435.51,ANZ78847,KVFKDGVMYSE,114,371.0
686,HLA-A01:01,5435.53,ANZ78847,RVSAAFHANSS,686,372.0
317,HLA-A01:01,5435.54,ANZ78847,GVYELNGYTVQ,317,373.0
530,HLA-A01:01,5435.55,ANZ78847,CHNLCNPDPIT,530,374.0
1133,HLA-A01:01,5435.58,ANZ78847,NFCGNGNHIIS,1133,375.0
556,HLA-A01:01,5435.59,ANZ78847,IGEHCSGLAVK,556,376.0
944,HLA-A01:01,5435.6,ANZ78847,DLICVQSYKGI,944,377.0
571,HLA-A01:01,5435.63,ANZ78847,GGNPCTCQPQA,571,378.0
404,HLA-A01:01,5435.64,ANZ78847,DKFAIPNGRKV,404,379.0
67,HLA-A01:01,5435.67,ANZ78847,LNGYYPTSGST,67,380.0
1169,HLA-A01:01,5435.71,ANZ78847,VSPGLCIAGDR,1169,381.0
1175,HLA-A01:01,5435.75,ANZ78847,IAGDRGIAPKS,1175,382.0
28,HLA-A01:01,5435.78,ANZ78847,SLNNIDTGPPS,28,383.0
583,HLA-A01:01,5435.79,ANZ78847,LGWSADSCLQG,583,384.0
1319,HLA-A01:01,5435.83,ANZ78847,MLVLLFFICCC,1319,385.0
758,HLA-A01:01,5435.85,ANZ78847,YSKNRRSRRAI,758,386.0
845,HLA-A01:01,5435.86,ANZ78847,FCDNINAILTE,845,387.0
1000,HLA-A01:01,5435.9,ANZ78847,GLGVTMDVLSQ,1000,388.0
792,HLA-A01:01,5435.92,ANZ78847,VGGLYEIQIPS,792,389.0
691,HLA-A01:01,5435.93,ANZ78847,FHANSSEPALL,691,390.0
448,HLA-A01:01,5435.94,ANZ78847,NVSVSRFNPST,448,391.0
1145,HLA-A01:01,5435.94,ANZ78847,VQNAPYGLYFI,1145,391.0
128,HLA-A01:01,5436.0,ANZ78847,ITIGSTFVNTS,128,393.0
1351,HLA-A01:01,5436.01,ANZ78847,QELVIKTSHDD,1351,394.0
1322,HLA-A01:01,5436.05,ANZ78847,LLFFICCCTGC,1322,395.0
576,HLA-A01:01,5436.06,ANZ78847,TCQPQAFLGWS,576,396.0
1326,HLA-A01:01,5436.06,ANZ78847,ICCCTGCGTSC,1326,396.0
665,HLA-A01:01,5436.18,ANZ78847,LYGFRDYLTNR,665,398.0
842,HLA-A01:01,5436.25,ANZ78847,YGSFCDNINAI,842,399.0
587,HLA-A01:01,5436.32,ANZ78847,ADSCLQGDKCN,587,400.0
724,HLA-A01:01,5436.32,ANZ78847,YFDSYLGCVVN,724,400.0
1093,HLA-A01:01,5436.32,ANZ78847,LTALNAYVSQQ,1093,400.0
248,HLA-A01:01,5436.33,ANZ78847,ALSHYYVMPLT,248,403.0
626,HLA-A01:01,5436.41,ANZ78847,LGVCVNYDLYG,626,404.0
302,HLA-A01:01,5436.42,ANZ78847,MSEIKCKTQSI,302,405.0
350,HLA-A01:01,5436.47,ANZ78847,DKSVPSPLNWE,350,406.0
120,HLA-A01:01,5436.52,ANZ78847,VMYSEFPAITI,120,407.0
552,HLA-A01:01,5436.52,ANZ78847,SLVGIGEHCSG,552,407.0
1083,HLA-A01:01,5436.55,ANZ78847,AQIDRLINGRL,1083,409.0
22,HLA-A01:01,5436.56,ANZ78847,LDSRTGSLNNI,22,410.0
434,HLA-A01:01,5436.62,ANZ78847,TATSCQLYYNL,434,411.0
521,HLA-A01:01,5436.68,ANZ78847,CPAGTNYLTCH,521,412.0
1210,HLA-A01:01,5436.69,ANZ78847,ENNVVVMSTCA,1210,413.0
575,HLA-A01:01,5436.72,ANZ78847,CTCQPQAFLGW,575,414.0
848,HLA-A01:01,5436.72,ANZ78847,NINAILTEVNE,848,414.0
558,HLA-A01:01,5436.73,ANZ78847,EHCSGLAVKSD,558,416.0
13,HLA-A01:01,5436.81,ANZ78847,AVIGDLKCPLD,13,417.0
486,HLA-A01:01,5436.81,ANZ78847,YAQHCFKAPKN,486,417.0
650,HLA-A01:01,5436.83,ANZ78847,YYNSWQNLLYD,650,419.0
1304,HLA-A01:01,5436.9,ANZ78847,WPWYVWLLICL,1304,420.0
490,HLA-A01:01,5436.94,ANZ78847,CFKAPKNFCPC,490,421.0
1131,HLA-A01:01,5436.95,ANZ78847,RINFCGNGNHI,1131,422.0
1331,HLA-A01:01,5436.95,ANZ78847,GCGTSCFKKCG,1331,422.0
73,HLA-A01:01,5436.99,ANZ78847,TSGSTYRNMAL,73,424.0
523,HLA-A01:01,5437.04,ANZ78847,AGTNYLTCHNL,523,425.0
891,HLA-A01:01,5437.07,ANZ78847,DINFSSVLGCL,891,426.0
271,HLA-A01:01,5437.08,ANZ78847,YWVTPLTSRQY,271,427.0
33,HLA-A01:01,5437.19,ANZ78847,DTGPPSISTAT,33,428.0
385,HLA-A01:01,5437.2,ANZ78847,CNNIDAAKIYG,385,429.0
420,HLA-A01:01,5437.21,ANZ78847,NLGYLQSFNYR,420,430.0
1152,HLA-A01:01,5437.21,ANZ78847,LYFIHFSYVPT,1152,430.0
273,HLA-A01:01,5437.22,ANZ78847,VTPLTSRQYLL,273,432.0
546,HLA-A01:01,5437.24,ANZ78847,KCPQSKSLVGI,546,433.0
11,HLA-A01:01,5437.28,ANZ78847,AFAVIGDLKCP,11,434.0
123,HLA-A01:01,5437.3,ANZ78847,SEFPAITIGST,123,435.0
1330,HLA-A01:01,5437.31,ANZ78847,TGCGTSCFKKC,1330,436.0
833,HLA-A01:01,5437.35,ANZ78847,AACKSQLVEYG,833,437.0
1254,HLA-A01:01,5437.36,ANZ78847,SVAPDLALDYI,1254,438.0
382,HLA-A01:01,5437.37,ANZ78847,SFTCNNIDAAK,382,439.0
144,HLA-A01:01,5437.44,ANZ78847,QPRTINSTQDG,144,440.0
451,HLA-A01:01,5437.5,ANZ78847,VSRFNPSTWNK,451,441.0
873,HLA-A01:01,5437.55,ANZ78847,NGVTLSTKLKD,873,442.0
499,HLA-A01:01,5437.63,ANZ78847,PCKSNSSLCVG,499,443.0
1223,HLA-A01:01,5437.66,ANZ78847,YTKAPYVMLNT,1223,444.0
290,HLA-A01:01,5437.69,ANZ78847,IIFNAVDCMSD,290,445.0
485,HLA-A01:01,5437.74,ANZ78847,VYAQHCFKAPK,485,446.0
548,HLA-A01:01,5437.74,ANZ78847,PQSKSLVGIGE,548,446.0
1039,HLA-A01:01,5437.74,ANZ78847,KIQAVVNANAE,1039,446.0
83,HLA-A01:01,5437.75,ANZ78847,LKGTDKLSTLW,83,449.0
203,HLA-A01:01,5437.8,ANZ78847,KRNFTYDVNAT,203,450.0
1101,HLA-A01:01,5437.81,ANZ78847,SQQLSDSTLVK,1101,451.0
1257,HLA-A01:01,5437.86,ANZ78847,PDLALDYINVT,1257,452.0
789,HLA-A01:01,5437.87,ANZ78847,LEPVGGLYEIQ,789,453.0
807,HLA-A01:01,5437.92,ANZ78847,GNMEEFIQTSS,807,454.0
93,HLA-A01:01,5437.93,ANZ78847,WFKPPFLSDFI,93,455.0
141,HLA-A01:01,5437.93,ANZ78847,VVVQPRTINST,141,455.0
882,HLA-A01:01,5437.94,ANZ78847,KDGVNFNVDDI,882,457.0
647,HLA-A01:01,5437.96,ANZ78847,NATYYNSWQNL,647,458.0
740,HLA-A01:01,5437.98,ANZ78847,AISVQTCDLTV,740,459.0
700,HLA-A01:01,5437.99,ANZ78847,LLFRNIKCNYV,700,460.0
258,HLA-A01:01,5438.05,ANZ78847,TCISRRNIGFT,258,461.0
529,HLA-A01:01,5438.07,ANZ78847,TCHNLCNPDPI,529,462.0
1185,HLA-A01:01,5438.14,ANZ78847,SGYFVNVNNTW,1185,463.0
1335,HLA-A01:01,5438.19,ANZ78847,SCFKKCGGCCD,1335,464.0
1334,HLA-A01:01,5438.2,ANZ78847,TSCFKKCGGCC,1334,465.0
620,HLA-A01:01,5438.23,ANZ78847,ANTDIKLGVCV,620,466.0
77,HLA-A01:01,5438.24,ANZ78847,TYRNMALKGTD,77,467.0
795,HLA-A01:01,5438.24,ANZ78847,LYEIQIPSDFT,795,467.0
510,HLA-A01:01,5438.25,ANZ78847,SGPGKNNGIGT,510,469.0
221,HLA-A01:01,5438.28,ANZ78847,QEGGTFYAYFT,221,470.0
987,HLA-A01:01,5438.28,ANZ78847,GVPFYLNVQYR,987,470.0
1267,HLA-A01:01,5438.29,ANZ78847,TFLDLQVEMNR,1267,472.0
528,HLA-A01:01,5438.32,ANZ78847,LTCHNLCNPDP,528,473.0
1012,HLA-A01:01,5438.34,ANZ78847,QKLIANAFNNA,1012,474.0
174,HLA-A01:01,5438.36,ANZ78847,YPHTICHPNLG,174,475.0
508,HLA-A01:01,5438.39,ANZ78847,VGSGPGKNNGI,508,476.0
1147,HLA-A01:01,5438.39,ANZ78847,NAPYGLYFIHF,1147,476.0
469,HLA-A01:01,5438.44,ANZ78847,SVFKPQPAGVL,469,478.0
805,HLA-A01:01,5438.45,ANZ78847,TIGNMEEFIQT,805,479.0
915,HLA-A01:01,5438.46,ANZ78847,EDLLFDKVKLS,915,480.0
526,HLA-A01:01,5438.48,ANZ78847,NYLTCHNLCNP,526,481.0
170,HLA-A01:01,5438.58,ANZ78847,NMCEYPHTICH,170,482.0
946,HLA-A01:01,5438.6,ANZ78847,ICVQSYKGIKV,946,483.0
872,HLA-A01:01,5438.62,ANZ78847,MNGVTLSTKLK,872,484.0
147,HLA-A01:01,5438.63,ANZ78847,TINSTQDGVNK,147,485.0
72,HLA-A01:01,5438.66,ANZ78847,PTSGSTYRNMA,72,486.0
1211,HLA-A01:01,5438.71,ANZ78847,NNVVVMSTCAV,1211,487.0
96,HLA-A01:01,5438.74,ANZ78847,PPFLSDFINGI,96,488.0
867,HLA-A01:01,5438.76,ANZ78847,VANSLMNGVTL,867,489.0
1112,HLA-A01:01,5438.78,ANZ78847,FSAAQAMEKVN,1112,490.0
8,HLA-A01:01,5438.8,ANZ78847,LPTAFAVIGDL,8,491.0
1269,HLA-A01:01,5438.82,ANZ78847,LDLQVEMNRLQ,1269,492.0
1301,HLA-A01:01,5438.83,ANZ78847,YVKWPWYVWLL,1301,493.0
377,HLA-A01:01,5438.84,ANZ78847,FIQADSFTCNN,377,494.0
256,HLA-A01:01,5438.89,ANZ78847,PLTCISRRNIG,256,495.0
497,HLA-A01:01,5438.92,ANZ78847,FCPCKSNSSLC,497,496.0
1307,HLA-A01:01,5438.95,ANZ78847,YVWLLICLAGV,1307,497.0
1018,HLA-A01:01,5438.98,ANZ78847,AFNNALDAIQE,1018,498.0
969,HLA-A01:01,5439.03,ANZ78847,YTLAATSASLF,969,499.0
378,HLA-A01:01,5439.05,ANZ78847,IQADSFTCNNI,378,500.0
1138,HLA-A01:01,5439.05,ANZ78847,GNHIISLVQNA,1138,500.0
482,HLA-A01:01,5439.06,ANZ78847,HDVVYAQHCFK,482,502.0
1017,HLA-A01:01,5439.09,ANZ78847,NAFNNALDAIQ,1017,503.0
380,HLA-A01:01,5439.1,ANZ78847,ADSFTCNNIDA,380,504.0
725,HLA-A01:01,5439.11,ANZ78847,FDSYLGCVVNA,725,505.0
533,HLA-A01:01,5439.22,ANZ78847,LCNPDPITFTG,533,506.0
866,HLA-A01:01,5439.23,ANZ78847,QVANSLMNGVT,866,507.0
1,HLA-A01:01,5439.24,ANZ78847,FLILLISLPTA,1,508.0
202,HLA-A01:01,5439.26,ANZ78847,YKRNFTYDVNA,202,509.0
1327,HLA-A01:01,5439.26,ANZ78847,CCCTGCGTSCF,1327,509.0
1016,HLA-A01:01,5439.28,ANZ78847,ANAFNNALDAI,1016,511.0
1190,HLA-A01:01,5439.34,ANZ78847,NVNNTWMYTGS,1190,512.0
1105,HLA-A01:01,5439.36,ANZ78847,SDSTLVKFSAA,1105,513.0
1292,HLA-A01:01,5439.37,ANZ78847,LKDIGTYEYYV,1292,514.0
376,HLA-A01:01,5439.38,ANZ78847,SFIQADSFTCN,376,515.0
1235,HLA-A01:01,5439.4,ANZ78847,IPNLPDFREEL,1235,516.0
931,HLA-A01:01,5439.42,ANZ78847,AAYNNCTGGAE,931,517.0
513,HLA-A01:01,5439.44,ANZ78847,GKNNGIGTCPA,513,518.0
868,HLA-A01:01,5439.44,ANZ78847,ANSLMNGVTLS,868,518.0
1070,HLA-A01:01,5439.44,ANZ78847,QEILSRLDALE,1070,518.0
249,HLA-A01:01,5439.46,ANZ78847,LSHYYVMPLTC,249,521.0
514,HLA-A01:01,5439.52,ANZ78847,KNNGIGTCPAG,514,522.0
337,HLA-A01:01,5439.64,ANZ78847,PDLPNCNIEAW,337,523.0
467,HLA-A01:01,5439.68,ANZ78847,EDSVFKPQPAG,467,524.0
538,HLA-A01:01,5439.68,ANZ78847,PITFTGPYKCP,538,524.0
1156,HLA-A01:01,5439.69,ANZ78847,HFSYVPTKYVT,1156,526.0
374,HLA-A01:01,5439.71,ANZ78847,LMSFIQADSFT,374,527.0
525,HLA-A01:01,5439.71,ANZ78847,TNYLTCHNLCN,525,527.0
586,HLA-A01:01,5439.73,ANZ78847,SADSCLQGDKC,586,529.0
838,HLA-A01:01,5439.8,ANZ78847,QLVEYGSFCDN,838,530.0
999,HLA-A01:01,5439.87,ANZ78847,NGLGVTMDVLS,999,531.0
207,HLA-A01:01,5439.91,ANZ78847,TYDVNATYLYF,207,532.0
560,HLA-A01:01,5439.98,ANZ78847,CSGLAVKSDYC,560,533.0
972,HLA-A01:01,5439.98,ANZ78847,AATSASLFPPW,972,533.0
10,HLA-A01:01,5439.99,ANZ78847,TAFAVIGDLKC,10,535.0
631,HLA-A01:01,5440.04,ANZ78847,NYDLYGISGQG,631,536.0
816,HLA-A01:01,5440.05,ANZ78847,SSPKVTIDCAA,816,537.0
375,HLA-A01:01,5440.11,ANZ78847,MSFIQADSFTC,375,538.0
506,HLA-A01:01,5440.21,ANZ78847,LCVGSGPGKNN,506,539.0
449,HLA-A01:01,5440.23,ANZ78847,VSVSRFNPSTW,449,540.0
254,HLA-A01:01,5440.24,ANZ78847,VMPLTCISRRN,254,541.0
1245,HLA-A01:01,5440.26,ANZ78847,LDQWFKNQTSV,1245,542.0
1110,HLA-A01:01,5440.27,ANZ78847,VKFSAAQAMEK,1110,543.0
325,HLA-A01:01,5440.31,ANZ78847,TVQPIADVYRR,325,544.0
1259,HLA-A01:01,5440.31,ANZ78847,LALDYINVTFL,1259,544.0
1001,HLA-A01:01,5440.32,ANZ78847,LGVTMDVLSQN,1001,546.0
938,HLA-A01:01,5440.36,ANZ78847,GGAEIRDLICV,938,547.0
101,HLA-A01:01,5440.38,ANZ78847,DFINGIFAKVK,101,548.0
1051,HLA-A01:01,5440.41,ANZ78847,LNNLLQQLSNR,1051,549.0
1154,HLA-A01:01,5440.41,ANZ78847,FIHFSYVPTKY,1154,549.0
727,HLA-A01:01,5440.42,ANZ78847,SYLGCVVNAYN,727,551.0
195,HLA-A01:01,5440.45,ANZ78847,TGVVSCLYKRN,195,552.0
759,HLA-A01:01,5440.47,ANZ78847,SKNRRSRRAIT,759,553.0
442,HLA-A01:01,5440.51,ANZ78847,YNLPAANVSVS,442,554.0
1298,HLA-A01:01,5440.51,ANZ78847,YEYYVKWPWYV,1298,554.0
501,HLA-A01:01,5440.55,ANZ78847,KSNSSLCVGSG,501,556.0
428,HLA-A01:01,5440.56,ANZ78847,NYRIDTTATSC,428,557.0
395,HLA-A01:01,5440.59,ANZ78847,GMCFSSITIDK,395,558.0
1086,HLA-A01:01,5440.61,ANZ78847,DRLINGRLTAL,1086,559.0
341,HLA-A01:01,5440.64,ANZ78847,NCNIEAWLNDK,341,560.0
841,HLA-A01:01,5440.64,ANZ78847,EYGSFCDNINA,841,560.0
1202,HLA-A01:01,5440.68,ANZ78847,YYYPEPITENN,1202,562.0
493,HLA-A01:01,5440.74,ANZ78847,APKNFCPCKSN,493,563.0
732,HLA-A01:01,5440.76,ANZ78847,VVNAYNSTAIS,732,564.0
1072,HLA-A01:01,5440.83,ANZ78847,ILSRLDALEAE,1072,565.0
894,HLA-A01:01,5440.87,ANZ78847,FSSVLGCLGSE,894,566.0
394,HLA-A01:01,5440.88,ANZ78847,YGMCFSSITID,394,567.0
411,HLA-A01:01,5440.88,ANZ78847,GRKVDLQLGNL,411,567.0
712,HLA-A01:01,5440.89,ANZ78847,NNSLTRQLQPI,712,569.0
306,HLA-A01:01,5440.91,ANZ78847,KCKTQSIAPPT,306,570.0
584,HLA-A01:01,5440.91,ANZ78847,GWSADSCLQGD,584,570.0
1212,HLA-A01:01,5440.91,ANZ78847,NVVVMSTCAVN,1212,570.0
1167,HLA-A01:01,5440.96,ANZ78847,AKVSPGLCIAG,1167,573.0
143,HLA-A01:01,5441.04,ANZ78847,VQPRTINSTQD,143,574.0
1075,HLA-A01:01,5441.04,ANZ78847,RLDALEAEAQI,1075,574.0
241,HLA-A01:01,5441.08,ANZ78847,FNVYLGMALSH,241,576.0
747,HLA-A01:01,5441.11,ANZ78847,DLTVGSGYCVD,747,577.0
667,HLA-A01:01,5441.13,ANZ78847,GFRDYLTNRTF,667,578.0
1188,HLA-A01:01,5441.2,ANZ78847,FVNVNNTWMYT,1188,579.0
187,HLA-A01:01,5441.24,ANZ78847,FKELWHMDTGV,187,580.0
706,HLA-A01:01,5441.26,ANZ78847,KCNYVFNNSLT,706,581.0
1038,HLA-A01:01,5441.26,ANZ78847,VKIQAVVNANA,1038,581.0
861,HLA-A01:01,5441.29,ANZ78847,DTTQLQVANSL,861,583.0
345,HLA-A01:01,5441.3,ANZ78847,EAWLNDKSVPS,345,584.0
279,HLA-A01:01,5441.31,ANZ78847,RQYLLAFNQDG,279,585.0
824,HLA-A01:01,5441.32,ANZ78847,CAAFVCGDYAA,824,586.0
89,HLA-A01:01,5441.33,ANZ78847,LSTLWFKPPFL,89,587.0
1130,HLA-A01:01,5441.36,ANZ78847,SRINFCGNGNH,1130,588.0
354,HLA-A01:01,5441.42,ANZ78847,PSPLNWERKTF,354,589.0
723,HLA-A01:01,5441.43,ANZ78847,NYFDSYLGCVV,723,590.0
1313,HLA-A01:01,5441.45,ANZ78847,CLAGVAMLVLL,1313,591.0
722,HLA-A01:01,5441.46,ANZ78847,INYFDSYLGCV,722,592.0
466,HLA-A01:01,5441.48,ANZ78847,IEDSVFKPQPA,466,593.0
1349,HLA-A01:01,5441.48,ANZ78847,GYQELVIKTSH,1349,593.0
952,HLA-A01:01,5441.51,ANZ78847,KGIKVLPPLLS,952,595.0
124,HLA-A01:01,5441.52,ANZ78847,EFPAITIGSTF,124,596.0
401,HLA-A01:01,5441.53,ANZ78847,ITIDKFAIPNG,401,597.0
1164,HLA-A01:01,5441.56,ANZ78847,YVTAKVSPGLC,1164,598.0
1165,HLA-A01:01,5441.6,ANZ78847,VTAKVSPGLCI,1165,599.0
1203,HLA-A01:01,5441.6,ANZ78847,YYPEPITENNV,1203,599.0
814,HLA-A01:01,5441.66,ANZ78847,QTSSPKVTIDC,814,601.0
1079,HLA-A01:01,5441.73,ANZ78847,LEAEAQIDRLI,1079,602.0
439,HLA-A01:01,5441.75,ANZ78847,QLYYNLPAANV,439,603.0
563,HLA-A01:01,5441.76,ANZ78847,LAVKSDYCGGN,563,604.0
1251,HLA-A01:01,5441.8,ANZ78847,NQTSVAPDLAL,1251,605.0
653,HLA-A01:01,5441.81,ANZ78847,SWQNLLYDSNG,653,606.0
717,HLA-A01:01,5441.83,ANZ78847,RQLQPINYFDS,717,607.0
562,HLA-A01:01,5441.89,ANZ78847,GLAVKSDYCGG,562,608.0
176,HLA-A01:01,5441.94,ANZ78847,HTICHPNLGNH,176,609.0
1024,HLA-A01:01,5441.96,ANZ78847,DAIQEGFDATN,1024,610.0
390,HLA-A01:01,5442.01,ANZ78847,AAKIYGMCFSS,390,611.0
1314,HLA-A01:01,5442.06,ANZ78847,LAGVAMLVLLF,1314,612.0
322,HLA-A01:01,5442.09,ANZ78847,NGYTVQPIADV,322,613.0
1019,HLA-A01:01,5442.09,ANZ78847,FNNALDAIQEG,1019,613.0
483,HLA-A01:01,5442.1,ANZ78847,DVVYAQHCFKA,483,615.0
855,HLA-A01:01,5442.11,ANZ78847,EVNELLDTTQL,855,616.0
675,HLA-A01:01,5442.15,ANZ78847,RTFMIRSCYSG,675,617.0
623,HLA-A01:01,5442.17,ANZ78847,DIKLGVCVNYD,623,618.0
950,HLA-A01:01,5442.17,ANZ78847,SYKGIKVLPPL,950,618.0
362,HLA-A01:01,5442.22,ANZ78847,KTFSNCNFNMS,362,620.0
1096,HLA-A01:01,5442.22,ANZ78847,LNAYVSQQLSD,1096,620.0
1055,HLA-A01:01,5442.24,ANZ78847,LQQLSNRFGAI,1055,622.0
297,HLA-A01:01,5442.3,ANZ78847,CMSDFMSEIKC,297,623.0
201,HLA-A01:01,5442.31,ANZ78847,LYKRNFTYDVN,201,624.0
1134,HLA-A01:01,5442.36,ANZ78847,FCGNGNHIISL,1134,625.0
2,HLA-A01:01,5442.38,ANZ78847,LILLISLPTAF,2,626.0
1309,HLA-A01:01,5442.39,ANZ78847,WLLICLAGVAM,1309,627.0
655,HLA-A01:01,5442.51,ANZ78847,QNLLYDSNGNL,655,628.0
180,HLA-A01:01,5442.6,ANZ78847,HPNLGNHFKEL,180,629.0
1036,HLA-A01:01,5442.6,ANZ78847,ALVKIQAVVNA,1036,629.0
1141,HLA-A01:01,5442.6,ANZ78847,IISLVQNAPYG,1141,629.0
226,HLA-A01:01,5442.61,ANZ78847,FYAYFTDTGVV,226,632.0
1275,HLA-A01:01,5442.63,ANZ78847,MNRLQEAIKVL,1275,633.0
1057,HLA-A01:01,5442.64,ANZ78847,QLSNRFGAISS,1057,634.0
470,HLA-A01:01,5442.65,ANZ78847,VFKPQPAGVLT,470,635.0
1094,HLA-A01:01,5442.66,ANZ78847,TALNAYVSQQL,1094,636.0
701,HLA-A01:01,5442.68,ANZ78847,LFRNIKCNYVF,701,637.0
627,HLA-A01:01,5442.69,ANZ78847,GVCVNYDLYGI,627,638.0
799,HLA-A01:01,5442.72,ANZ78847,QIPSDFTIGNM,799,639.0
109,HLA-A01:01,5442.75,ANZ78847,KVKNTKVFKDG,109,640.0
680,HLA-A01:01,5442.75,ANZ78847,RSCYSGRVSAA,680,640.0
319,HLA-A01:01,5442.83,ANZ78847,YELNGYTVQPI,319,642.0
480,HLA-A01:01,5442.83,ANZ78847,TNHDVVYAQHC,480,642.0
1044,HLA-A01:01,5442.87,ANZ78847,VNANAEALNNL,1044,644.0
1318,HLA-A01:01,5442.87,ANZ78847,AMLVLLFFICC,1318,644.0
577,HLA-A01:01,5442.95,ANZ78847,CQPQAFLGWSA,577,646.0
391,HLA-A01:01,5442.99,ANZ78847,AKIYGMCFSSI,391,647.0
1246,HLA-A01:01,5442.99,ANZ78847,DQWFKNQTSVA,1246,647.0
44,HLA-A01:01,5443.02,ANZ78847,VDVTNGLGTYY,44,649.0
1189,HLA-A01:01,5443.02,ANZ78847,VNVNNTWMYTG,1189,649.0
949,HLA-A01:01,5443.05,ANZ78847,QSYKGIKVLPP,949,651.0
1108,HLA-A01:01,5443.09,ANZ78847,TLVKFSAAQAM,1108,652.0
611,HLA-A01:01,5443.14,ANZ78847,LTCSTDLQKAN,611,653.0
1333,HLA-A01:01,5443.14,ANZ78847,GTSCFKKCGGC,1333,653.0
1155,HLA-A01:01,5443.21,ANZ78847,IHFSYVPTKYV,1155,655.0
1312,HLA-A01:01,5443.29,ANZ78847,ICLAGVAMLVL,1312,656.0
1064,HLA-A01:01,5443.34,ANZ78847,AISSSLQEILS,1064,657.0
217,HLA-A01:01,5443.36,ANZ78847,FHFYQEGGTFY,217,658.0
1115,HLA-A01:01,5443.37,ANZ78847,AQAMEKVNECV,1115,659.0
709,HLA-A01:01,5443.38,ANZ78847,YVFNNSLTRQL,709,660.0
639,HLA-A01:01,5443.44,ANZ78847,GQGIFVEVNAT,639,661.0
668,HLA-A01:01,5443.44,ANZ78847,FRDYLTNRTFM,668,661.0
184,HLA-A01:01,5443.45,ANZ78847,GNHFKELWHMD,184,663.0
844,HLA-A01:01,5443.49,ANZ78847,SFCDNINAILT,844,664.0
1102,HLA-A01:01,5443.5,ANZ78847,QQLSDSTLVKF,1102,665.0
916,HLA-A01:01,5443.55,ANZ78847,DLLFDKVKLSD,916,666.0
347,HLA-A01:01,5443.57,ANZ78847,WLNDKSVPSPL,347,667.0
152,HLA-A01:01,5443.59,ANZ78847,QDGVNKLQGLL,152,668.0
358,HLA-A01:01,5443.6,ANZ78847,NWERKTFSNCN,358,669.0
743,HLA-A01:01,5443.61,ANZ78847,VQTCDLTVGSG,743,670.0
936,HLA-A01:01,5443.61,ANZ78847,CTGGAEIRDLI,936,670.0
580,HLA-A01:01,5443.62,ANZ78847,QAFLGWSADSC,580,672.0
1048,HLA-A01:01,5443.71,ANZ78847,AEALNNLLQQL,1048,673.0
1013,HLA-A01:01,5443.72,ANZ78847,KLIANAFNNAL,1013,674.0
929,HLA-A01:01,5443.74,ANZ78847,FVAAYNNCTGG,929,675.0
107,HLA-A01:01,5443.77,ANZ78847,FAKVKNTKVFK,107,676.0
162,HLA-A01:01,5443.77,ANZ78847,LEVSVCQYNMC,162,676.0
1293,HLA-A01:01,5443.84,ANZ78847,KDIGTYEYYVK,1293,678.0
547,HLA-A01:01,5443.86,ANZ78847,CPQSKSLVGIG,547,679.0
574,HLA-A01:01,5443.86,ANZ78847,PCTCQPQAFLG,574,679.0
978,HLA-A01:01,5443.87,ANZ78847,LFPPWTAAAGV,978,681.0
121,HLA-A01:01,5443.88,ANZ78847,MYSEFPAITIG,121,682.0
151,HLA-A01:01,5443.88,ANZ78847,TQDGVNKLQGL,151,682.0
296,HLA-A01:01,5443.89,ANZ78847,DCMSDFMSEIK,296,684.0
550,HLA-A01:01,5443.92,ANZ78847,SKSLVGIGEHC,550,685.0
810,HLA-A01:01,5443.92,ANZ78847,EEFIQTSSPKV,810,685.0
171,HLA-A01:01,5443.93,ANZ78847,MCEYPHTICHP,171,687.0
225,HLA-A01:01,5443.93,ANZ78847,TFYAYFTDTGV,225,687.0
332,HLA-A01:01,5443.93,ANZ78847,VYRRKPDLPNC,332,687.0
1005,HLA-A01:01,5443.93,ANZ78847,MDVLSQNQKLI,1005,687.0
1085,HLA-A01:01,5443.93,ANZ78847,IDRLINGRLTA,1085,687.0
1299,HLA-A01:01,5443.97,ANZ78847,EYYVKWPWYVW,1299,692.0
1162,HLA-A01:01,5443.98,ANZ78847,TKYVTAKVSPG,1162,693.0
698,HLA-A01:01,5443.99,ANZ78847,PALLFRNIKCN,698,694.0
790,HLA-A01:01,5444.01,ANZ78847,EPVGGLYEIQI,790,695.0
338,HLA-A01:01,5444.02,ANZ78847,DLPNCNIEAWL,338,696.0
1302,HLA-A01:01,5444.05,ANZ78847,VKWPWYVWLLI,1302,697.0
895,HLA-A01:01,5444.09,ANZ78847,SSVLGCLGSEC,895,698.0
994,HLA-A01:01,5444.11,ANZ78847,VQYRINGLGVT,994,699.0
687,HLA-A01:01,5444.14,ANZ78847,VSAAFHANSSE,687,700.0
1228,HLA-A01:01,5444.15,ANZ78847,YVMLNTSIPNL,1228,701.0
57,HLA-A01:01,5444.16,ANZ78847,DRVYLNTTLFL,57,702.0
715,HLA-A01:01,5444.17,ANZ78847,LTRQLQPINYF,715,703.0
669,HLA-A01:01,5444.18,ANZ78847,RDYLTNRTFMI,669,704.0
1345,HLA-A01:01,5444.19,ANZ78847,DDYTGYQELVI,1345,705.0
172,HLA-A01:01,5444.23,ANZ78847,CEYPHTICHPN,172,706.0
75,HLA-A01:01,5444.32,ANZ78847,GSTYRNMALKG,75,707.0
1088,HLA-A01:01,5444.34,ANZ78847,LINGRLTALNA,1088,708.0
603,HLA-A01:01,5444.35,ANZ78847,ILHDVNSGLTC,603,709.0
169,HLA-A01:01,5444.39,ANZ78847,YNMCEYPHTIC,169,710.0
1129,HLA-A01:01,5444.4,ANZ78847,SSRINFCGNGN,1129,711.0
405,HLA-A01:01,5444.43,ANZ78847,KFAIPNGRKVD,405,712.0
91,HLA-A01:01,5444.44,ANZ78847,TLWFKPPFLSD,91,713.0
291,HLA-A01:01,5444.45,ANZ78847,IFNAVDCMSDF,291,714.0
1026,HLA-A01:01,5444.45,ANZ78847,IQEGFDATNSA,1026,714.0
199,HLA-A01:01,5444.46,ANZ78847,SCLYKRNFTYD,199,716.0
887,HLA-A01:01,5444.5,ANZ78847,FNVDDINFSSV,887,717.0
1132,HLA-A01:01,5444.53,ANZ78847,INFCGNGNHII,1132,718.0
438,HLA-A01:01,5444.58,ANZ78847,CQLYYNLPAAN,438,719.0
262,HLA-A01:01,5444.67,ANZ78847,RRNIGFTLEYW,262,720.0
522,HLA-A01:01,5444.67,ANZ78847,PAGTNYLTCHN,522,720.0
1041,HLA-A01:01,5444.67,ANZ78847,QAVVNANAEAL,1041,720.0
601,HLA-A01:01,5444.7,ANZ78847,NLILHDVNSGL,601,723.0
659,HLA-A01:01,5444.7,ANZ78847,YDSNGNLYGFR,659,723.0
1149,HLA-A01:01,5444.7,ANZ78847,PYGLYFIHFSY,1149,723.0
590,HLA-A01:01,5444.76,ANZ78847,CLQGDKCNIFA,590,726.0
990,HLA-A01:01,5444.78,ANZ78847,FYLNVQYRING,990,727.0
46,HLA-A01:01,5444.79,ANZ78847,VTNGLGTYYVL,46,728.0
1015,HLA-A01:01,5444.82,ANZ78847,IANAFNNALDA,1015,729.0
1127,HLA-A01:01,5444.82,ANZ78847,SQSSRINFCGN,1127,729.0
945,HLA-A01:01,5444.85,ANZ78847,LICVQSYKGIK,945,731.0
1238,HLA-A01:01,5444.85,ANZ78847,LPDFREELDQW,1238,731.0
565,HLA-A01:01,5444.93,ANZ78847,VKSDYCGGNPC,565,733.0
602,HLA-A01:01,5444.94,ANZ78847,LILHDVNSGLT,602,734.0
619,HLA-A01:01,5444.99,ANZ78847,KANTDIKLGVC,619,735.0
763,HLA-A01:01,5444.99,ANZ78847,RSRRAITTGYR,763,735.0
408,HLA-A01:01,5445.01,ANZ78847,IPNGRKVDLQL,408,737.0
907,HLA-A01:01,5445.05,ANZ78847,KASSRSAIEDL,907,738.0
1033,HLA-A01:01,5445.08,ANZ78847,TNSALVKIQAV,1033,739.0
303,HLA-A01:01,5445.09,ANZ78847,SEIKCKTQSIA,303,740.0
616,HLA-A01:01,5445.17,ANZ78847,DLQKANTDIKL,616,741.0
1337,HLA-A01:01,5445.21,ANZ78847,FKKCGGCCDDY,1337,742.0
450,HLA-A01:01,5445.23,ANZ78847,SVSRFNPSTWN,450,743.0
813,HLA-A01:01,5445.25,ANZ78847,IQTSSPKVTID,813,744.0
106,HLA-A01:01,5445.27,ANZ78847,IFAKVKNTKVF,106,745.0
536,HLA-A01:01,5445.29,ANZ78847,PDPITFTGPYK,536,746.0
598,HLA-A01:01,5445.29,ANZ78847,IFANLILHDVN,598,746.0
572,HLA-A01:01,5445.37,ANZ78847,GNPCTCQPQAF,572,748.0
1058,HLA-A01:01,5445.4,ANZ78847,LSNRFGAISSS,1058,749.0
1265,HLA-A01:01,5445.41,ANZ78847,NVTFLDLQVEM,1265,750.0
368,HLA-A01:01,5445.42,ANZ78847,NFNMSSLMSFI,368,751.0
738,HLA-A01:01,5445.49,ANZ78847,STAISVQTCDL,738,752.0
1219,HLA-A01:01,5445.56,ANZ78847,CAVNYTKAPYV,1219,753.0
360,HLA-A01:01,5445.58,ANZ78847,ERKTFSNCNFN,360,754.0
25,HLA-A01:01,5445.68,ANZ78847,RTGSLNNIDTG,25,755.0
287,HLA-A01:01,5445.68,ANZ78847,QDGIIFNAVDC,287,755.0
160,HLA-A01:01,5445.7,ANZ78847,GLLEVSVCQYN,160,757.0
594,HLA-A01:01,5445.7,ANZ78847,DKCNIFANLIL,594,757.0
830,HLA-A01:01,5445.75,ANZ78847,GDYAACKSQLV,830,759.0
50,HLA-A01:01,5445.78,ANZ78847,LGTYYVLDRVY,50,760.0
118,HLA-A01:01,5445.8,ANZ78847,DGVMYSEFPAI,118,761.0
617,HLA-A01:01,5445.85,ANZ78847,LQKANTDIKLG,617,762.0
679,HLA-A01:01,5445.87,ANZ78847,IRSCYSGRVSA,679,763.0
865,HLA-A01:01,5445.91,ANZ78847,LQVANSLMNGV,865,764.0
537,HLA-A01:01,5445.94,ANZ78847,DPITFTGPYKC,537,765.0
596,HLA-A01:01,5445.97,ANZ78847,CNIFANLILHD,596,766.0
310,HLA-A01:01,5445.99,ANZ78847,QSIAPPTGVYE,310,767.0
825,HLA-A01:01,5445.99,ANZ78847,AAFVCGDYAAC,825,767.0
644,HLA-A01:01,5446.04,ANZ78847,VEVNATYYNSW,644,769.0
585,HLA-A01:01,5446.07,ANZ78847,WSADSCLQGDK,585,770.0
600,HLA-A01:01,5446.08,ANZ78847,ANLILHDVNSG,600,771.0
278,HLA-A01:01,5446.11,ANZ78847,SRQYLLAFNQD,278,772.0
468,HLA-A01:01,5446.14,ANZ78847,DSVFKPQPAGV,468,773.0
1065,HLA-A01:01,5446.16,ANZ78847,ISSSLQEILSR,1065,774.0
502,HLA-A01:01,5446.29,ANZ78847,SNSSLCVGSGP,502,775.0
819,HLA-A01:01,5446.31,ANZ78847,KVTIDCAAFVC,819,776.0
954,HLA-A01:01,5446.31,ANZ78847,IKVLPPLLSEN,954,776.0
100,HLA-A01:01,5446.34,ANZ78847,SDFINGIFAKV,100,778.0
654,HLA-A01:01,5446.34,ANZ78847,WQNLLYDSNGN,654,778.0
892,HLA-A01:01,5446.37,ANZ78847,INFSSVLGCLG,892,780.0
1037,HLA-A01:01,5446.41,ANZ78847,LVKIQAVVNAN,1037,781.0
766,HLA-A01:01,5446.45,ANZ78847,RAITTGYRFTN,766,782.0
40,HLA-A01:01,5446.52,ANZ78847,STATVDVTNGL,40,783.0
472,HLA-A01:01,5446.56,ANZ78847,KPQPAGVLTNH,472,784.0
1029,HLA-A01:01,5446.56,ANZ78847,GFDATNSALVK,1029,784.0
178,HLA-A01:01,5446.66,ANZ78847,ICHPNLGNHFK,178,786.0
454,HLA-A01:01,5446.66,ANZ78847,FNPSTWNKRFG,454,786.0
1241,HLA-A01:01,5446.67,ANZ78847,FREELDQWFKN,1241,788.0
852,HLA-A01:01,5446.69,ANZ78847,ILTEVNELLDT,852,789.0
473,HLA-A01:01,5446.7,ANZ78847,PQPAGVLTNHD,473,790.0
196,HLA-A01:01,5446.75,ANZ78847,GVVSCLYKRNF,196,791.0
92,HLA-A01:01,5446.8,ANZ78847,LWFKPPFLSDF,92,792.0
359,HLA-A01:01,5446.82,ANZ78847,WERKTFSNCNF,359,793.0
1023,HLA-A01:01,5446.82,ANZ78847,LDAIQEGFDAT,1023,793.0
1166,HLA-A01:01,5446.93,ANZ78847,TAKVSPGLCIA,1166,795.0
561,HLA-A01:01,5446.97,ANZ78847,SGLAVKSDYCG,561,796.0
677,HLA-A01:01,5446.97,ANZ78847,FMIRSCYSGRV,677,796.0
520,HLA-A01:01,5446.98,ANZ78847,TCPAGTNYLTC,520,798.0
818,HLA-A01:01,5446.98,ANZ78847,PKVTIDCAAFV,818,798.0
843,HLA-A01:01,5447.01,ANZ78847,GSFCDNINAIL,843,800.0
1011,HLA-A01:01,5447.01,ANZ78847,NQKLIANAFNN,1011,800.0
786,HLA-A01:01,5447.03,ANZ78847,NDSLEPVGGLY,786,802.0
60,HLA-A01:01,5447.05,ANZ78847,YLNTTLFLNGY,60,803.0
1286,HLA-A01:01,5447.05,ANZ78847,NQSYINLKDIG,1286,803.0
1082,HLA-A01:01,5447.1,ANZ78847,EAQIDRLINGR,1082,805.0
364,HLA-A01:01,5447.17,ANZ78847,FSNCNFNMSSL,364,806.0
234,HLA-A01:01,5447.27,ANZ78847,GVVTKFLFNVY,234,807.0
1174,HLA-A01:01,5447.29,ANZ78847,CIAGDRGIAPK,1174,808.0
1222,HLA-A01:01,5447.32,ANZ78847,NYTKAPYVMLN,1222,809.0
856,HLA-A01:01,5447.34,ANZ78847,VNELLDTTQLQ,856,810.0
412,HLA-A01:01,5447.36,ANZ78847,RKVDLQLGNLG,412,811.0
699,HLA-A01:01,5447.38,ANZ78847,ALLFRNIKCNY,699,812.0
1282,HLA-A01:01,5447.38,ANZ78847,IKVLNQSYINL,1282,812.0
635,HLA-A01:01,5447.41,ANZ78847,YGISGQGIFVE,635,814.0
1291,HLA-A01:01,5447.47,ANZ78847,NLKDIGTYEYY,1291,815.0
645,HLA-A01:01,5447.48,ANZ78847,EVNATYYNSWQ,645,816.0
876,HLA-A01:01,5447.51,ANZ78847,TLSTKLKDGVN,876,817.0
175,HLA-A01:01,5447.53,ANZ78847,PHTICHPNLGN,175,818.0
200,HLA-A01:01,5447.56,ANZ78847,CLYKRNFTYDV,200,819.0
1049,HLA-A01:01,5447.59,ANZ78847,EALNNLLQQLS,1049,820.0
1191,HLA-A01:01,5447.6,ANZ78847,VNNTWMYTGSG,1191,821.0
5,HLA-A01:01,5447.62,ANZ78847,LISLPTAFAVI,5,822.0
213,HLA-A01:01,5447.63,ANZ78847,TYLYFHFYQEG,213,823.0
406,HLA-A01:01,5447.65,ANZ78847,FAIPNGRKVDL,406,824.0
783,HLA-A01:01,5447.66,ANZ78847,NSVNDSLEPVG,783,825.0
995,HLA-A01:01,5447.76,ANZ78847,QYRINGLGVTM,995,826.0
181,HLA-A01:01,5447.77,ANZ78847,PNLGNHFKELW,181,827.0
671,HLA-A01:01,5447.79,ANZ78847,YLTNRTFMIRS,671,828.0
592,HLA-A01:01,5447.81,ANZ78847,QGDKCNIFANL,592,829.0
1146,HLA-A01:01,5447.81,ANZ78847,QNAPYGLYFIH,1146,829.0
1043,HLA-A01:01,5447.84,ANZ78847,VVNANAEALNN,1043,831.0
593,HLA-A01:01,5447.85,ANZ78847,GDKCNIFANLI,593,832.0
764,HLA-A01:01,5447.95,ANZ78847,SRRAITTGYRF,764,833.0
629,HLA-A01:01,5447.98,ANZ78847,CVNYDLYGISG,629,834.0
817,HLA-A01:01,5447.98,ANZ78847,SPKVTIDCAAF,817,834.0
930,HLA-A01:01,5448.04,ANZ78847,VAAYNNCTGGA,930,836.0
35,HLA-A01:01,5448.05,ANZ78847,GPPSISTATVD,35,837.0
396,HLA-A01:01,5448.07,ANZ78847,MCFSSITIDKF,396,838.0
1117,HLA-A01:01,5448.11,ANZ78847,AMEKVNECVKS,1117,839.0
1090,HLA-A01:01,5448.16,ANZ78847,NGRLTALNAYV,1090,840.0
858,HLA-A01:01,5448.17,ANZ78847,ELLDTTQLQVA,858,841.0
597,HLA-A01:01,5448.18,ANZ78847,NIFANLILHDV,597,842.0
726,HLA-A01:01,5448.21,ANZ78847,DSYLGCVVNAY,726,843.0
511,HLA-A01:01,5448.26,ANZ78847,GPGKNNGIGTC,511,844.0
61,HLA-A01:01,5448.27,ANZ78847,LNTTLFLNGYY,61,845.0
1209,HLA-A01:01,5448.27,ANZ78847,TENNVVVMSTC,1209,845.0
367,HLA-A01:01,5448.28,ANZ78847,CNFNMSSLMSF,367,847.0
1213,HLA-A01:01,5448.31,ANZ78847,VVVMSTCAVNY,1213,848.0
288,HLA-A01:01,5448.32,ANZ78847,DGIIFNAVDCM,288,849.0
1308,HLA-A01:01,5448.35,ANZ78847,VWLLICLAGVA,1308,850.0
524,HLA-A01:01,5448.37,ANZ78847,GTNYLTCHNLC,524,851.0
615,HLA-A01:01,5448.4,ANZ78847,TDLQKANTDIK,615,852.0
1123,HLA-A01:01,5448.4,ANZ78847,ECVKSQSSRIN,1123,852.0
182,HLA-A01:01,5448.46,ANZ78847,NLGNHFKELWH,182,854.0
1178,HLA-A01:01,5448.48,ANZ78847,DRGIAPKSGYF,1178,855.0
441,HLA-A01:01,5448.49,ANZ78847,YYNLPAANVSV,441,856.0
487,HLA-A01:01,5448.51,ANZ78847,AQHCFKAPKNF,487,857.0
809,HLA-A01:01,5448.53,ANZ78847,MEEFIQTSSPK,809,858.0
94,HLA-A01:01,5448.55,ANZ78847,FKPPFLSDFIN,94,859.0
777,HLA-A01:01,5448.61,ANZ78847,FEPFTVNSVND,777,860.0
66,HLA-A01:01,5448.62,ANZ78847,FLNGYYPTSGS,66,861.0
702,HLA-A01:01,5448.71,ANZ78847,FRNIKCNYVFN,702,862.0
453,HLA-A01:01,5448.72,ANZ78847,RFNPSTWNKRF,453,863.0
188,HLA-A01:01,5448.77,ANZ78847,KELWHMDTGVV,188,864.0
409,HLA-A01:01,5448.81,ANZ78847,PNGRKVDLQLG,409,865.0
672,HLA-A01:01,5448.85,ANZ78847,LTNRTFMIRSC,672,866.0
1050,HLA-A01:01,5448.88,ANZ78847,ALNNLLQQLSN,1050,867.0
566,HLA-A01:01,5448.89,ANZ78847,KSDYCGGNPCT,566,868.0
849,HLA-A01:01,5448.89,ANZ78847,INAILTEVNEL,849,868.0
1069,HLA-A01:01,5448.96,ANZ78847,LQEILSRLDAL,1069,870.0
488,HLA-A01:01,5448.97,ANZ78847,QHCFKAPKNFC,488,871.0
266,HLA-A01:01,5449.01,ANZ78847,GFTLEYWVTPL,266,872.0
703,HLA-A01:01,5449.01,ANZ78847,RNIKCNYVFNN,703,872.0
863,HLA-A01:01,5449.02,ANZ78847,TQLQVANSLMN,863,874.0
772,HLA-A01:01,5449.07,ANZ78847,YRFTNFEPFTV,772,875.0
877,HLA-A01:01,5449.07,ANZ78847,LSTKLKDGVNF,877,875.0
798,HLA-A01:01,5449.09,ANZ78847,IQIPSDFTIGN,798,877.0
785,HLA-A01:01,5449.11,ANZ78847,VNDSLEPVGGL,785,878.0
423,HLA-A01:01,5449.13,ANZ78847,YLQSFNYRIDT,423,879.0
840,HLA-A01:01,5449.15,ANZ78847,VEYGSFCDNIN,840,880.0
531,HLA-A01:01,5449.16,ANZ78847,HNLCNPDPITF,531,881.0
519,HLA-A01:01,5449.18,ANZ78847,GTCPAGTNYLT,519,882.0
589,HLA-A01:01,5449.18,ANZ78847,SCLQGDKCNIF,589,882.0
284,HLA-A01:01,5449.19,ANZ78847,AFNQDGIIFNA,284,884.0
45,HLA-A01:01,5449.22,ANZ78847,DVTNGLGTYYV,45,885.0
689,HLA-A01:01,5449.23,ANZ78847,AAFHANSSEPA,689,886.0
417,HLA-A01:01,5449.27,ANZ78847,QLGNLGYLQSF,417,887.0
1114,HLA-A01:01,5449.28,ANZ78847,AAQAMEKVNEC,1114,888.0
20,HLA-A01:01,5449.3,ANZ78847,CPLDSRTGSLN,20,889.0
370,HLA-A01:01,5449.3,ANZ78847,NMSSLMSFIQA,370,889.0
218,HLA-A01:01,5449.34,ANZ78847,HFYQEGGTFYA,218,891.0
1150,HLA-A01:01,5449.34,ANZ78847,YGLYFIHFSYV,1150,891.0
42,HLA-A01:01,5449.38,ANZ78847,ATVDVTNGLGT,42,893.0
461,HLA-A01:01,5449.4,ANZ78847,KRFGFIEDSVF,461,894.0
681,HLA-A01:01,5449.46,ANZ78847,SCYSGRVSAAF,681,895.0
902,HLA-A01:01,5449.46,ANZ78847,GSECSKASSRS,902,895.0
512,HLA-A01:01,5449.49,ANZ78847,PGKNNGIGTCP,512,897.0
462,HLA-A01:01,5449.5,ANZ78847,RFGFIEDSVFK,462,898.0
713,HLA-A01:01,5449.5,ANZ78847,NSLTRQLQPIN,713,898.0
145,HLA-A01:01,5449.51,ANZ78847,PRTINSTQDGV,145,900.0
1271,HLA-A01:01,5449.55,ANZ78847,LQVEMNRLQEA,1271,901.0
231,HLA-A01:01,5449.6,ANZ78847,TDTGVVTKFLF,231,902.0
1010,HLA-A01:01,5449.67,ANZ78847,QNQKLIANAFN,1010,903.0
696,HLA-A01:01,5449.68,ANZ78847,SEPALLFRNIK,696,904.0
1008,HLA-A01:01,5449.71,ANZ78847,LSQNQKLIANA,1008,905.0
748,HLA-A01:01,5449.75,ANZ78847,LTVGSGYCVDY,748,906.0
1137,HLA-A01:01,5449.75,ANZ78847,NGNHIISLVQN,1137,906.0
1198,HLA-A01:01,5449.84,ANZ78847,TGSGYYYPEPI,1198,908.0
70,HLA-A01:01,5449.89,ANZ78847,YYPTSGSTYRN,70,909.0
102,HLA-A01:01,5449.94,ANZ78847,FINGIFAKVKN,102,910.0
321,HLA-A01:01,5449.99,ANZ78847,LNGYTVQPIAD,321,911.0
1040,HLA-A01:01,5450.0,ANZ78847,IQAVVNANAEA,1040,912.0
36,HLA-A01:01,5450.04,ANZ78847,PPSISTATVDV,36,913.0
115,HLA-A01:01,5450.05,ANZ78847,VFKDGVMYSEF,115,914.0
925,HLA-A01:01,5450.05,ANZ78847,SDVGFVAAYNN,925,914.0
890,HLA-A01:01,5450.06,ANZ78847,DDINFSSVLGC,890,916.0
1261,HLA-A01:01,5450.07,ANZ78847,LDYINVTFLDL,1261,917.0
348,HLA-A01:01,5450.1,ANZ78847,LNDKSVPSPLN,348,918.0
767,HLA-A01:01,5450.13,ANZ78847,AITTGYRFTNF,767,919.0
771,HLA-A01:01,5450.14,ANZ78847,GYRFTNFEPFT,771,920.0
1009,HLA-A01:01,5450.16,ANZ78847,SQNQKLIANAF,1009,921.0
1248,HLA-A01:01,5450.17,ANZ78847,WFKNQTSVAPD,1248,922.0
640,HLA-A01:01,5450.19,ANZ78847,QGIFVEVNATY,640,923.0
1258,HLA-A01:01,5450.2,ANZ78847,DLALDYINVTF,1258,924.0
110,HLA-A01:01,5450.22,ANZ78847,VKNTKVFKDGV,110,925.0
684,HLA-A01:01,5450.26,ANZ78847,SGRVSAAFHAN,684,926.0
1081,HLA-A01:01,5450.27,ANZ78847,AEAQIDRLING,1081,927.0
34,HLA-A01:01,5450.34,ANZ78847,TGPPSISTATV,34,928.0
926,HLA-A01:01,5450.46,ANZ78847,DVGFVAAYNNC,926,929.0
481,HLA-A01:01,5450.5,ANZ78847,NHDVVYAQHCF,481,930.0
1035,HLA-A01:01,5450.51,ANZ78847,SALVKIQAVVN,1035,931.0
244,HLA-A01:01,5450.52,ANZ78847,YLGMALSHYYV,244,932.0
95,HLA-A01:01,5450.55,ANZ78847,KPPFLSDFING,95,933.0
1263,HLA-A01:01,5450.55,ANZ78847,YINVTFLDLQV,1263,933.0
361,HLA-A01:01,5450.58,ANZ78847,RKTFSNCNFNM,361,935.0
869,HLA-A01:01,5450.6,ANZ78847,NSLMNGVTLST,869,936.0
339,HLA-A01:01,5450.61,ANZ78847,LPNCNIEAWLN,339,937.0
958,HLA-A01:01,5450.67,ANZ78847,PPLLSENQISG,958,938.0
934,HLA-A01:01,5450.69,ANZ78847,NNCTGGAEIRD,934,939.0
183,HLA-A01:01,5450.71,ANZ78847,LGNHFKELWHM,183,940.0
223,HLA-A01:01,5450.72,ANZ78847,GGTFYAYFTDT,223,941.0
474,HLA-A01:01,5450.74,ANZ78847,QPAGVLTNHDV,474,942.0
773,HLA-A01:01,5450.74,ANZ78847,RFTNFEPFTVN,773,942.0
357,HLA-A01:01,5450.79,ANZ78847,LNWERKTFSNC,357,944.0
857,HLA-A01:01,5450.81,ANZ78847,NELLDTTQLQV,857,945.0
1201,HLA-A01:01,5450.85,ANZ78847,GYYYPEPITEN,1201,946.0
1124,HLA-A01:01,5450.91,ANZ78847,CVKSQSSRINF,1124,947.0
1227,HLA-A01:01,5450.91,ANZ78847,PYVMLNTSIPN,1227,947.0
1046,HLA-A01:01,5450.93,ANZ78847,ANAEALNNLLQ,1046,949.0
720,HLA-A01:01,5450.94,ANZ78847,QPINYFDSYLG,720,950.0
397,HLA-A01:01,5450.96,ANZ78847,CFSSITIDKFA,397,951.0
997,HLA-A01:01,5450.97,ANZ78847,RINGLGVTMDV,997,952.0
190,HLA-A01:01,5451.08,ANZ78847,LWHMDTGVVSC,190,953.0
697,HLA-A01:01,5451.12,ANZ78847,EPALLFRNIKC,697,954.0
247,HLA-A01:01,5451.16,ANZ78847,MALSHYYVMPL,247,955.0
1250,HLA-A01:01,5451.23,ANZ78847,KNQTSVAPDLA,1250,956.0
591,HLA-A01:01,5451.25,ANZ78847,LQGDKCNIFAN,591,957.0
544,HLA-A01:01,5451.27,ANZ78847,PYKCPQSKSLV,544,958.0
177,HLA-A01:01,5451.32,ANZ78847,TICHPNLGNHF,177,959.0
658,HLA-A01:01,5451.32,ANZ78847,LYDSNGNLYGF,658,959.0
316,HLA-A01:01,5451.4,ANZ78847,TGVYELNGYTV,316,961.0
670,HLA-A01:01,5451.4,ANZ78847,DYLTNRTFMIR,670,961.0
646,HLA-A01:01,5451.47,ANZ78847,VNATYYNSWQN,646,963.0
475,HLA-A01:01,5451.48,ANZ78847,PAGVLTNHDVV,475,964.0
431,HLA-A01:01,5451.51,ANZ78847,IDTTATSCQLY,431,965.0
962,HLA-A01:01,5451.51,ANZ78847,SENQISGYTLA,962,965.0
336,HLA-A01:01,5451.52,ANZ78847,KPDLPNCNIEA,336,967.0
432,HLA-A01:01,5451.58,ANZ78847,DTTATSCQLYY,432,968.0
1032,HLA-A01:01,5451.68,ANZ78847,ATNSALVKIQA,1032,969.0
622,HLA-A01:01,5451.7,ANZ78847,TDIKLGVCVNY,622,970.0
910,HLA-A01:01,5451.74,ANZ78847,SRSAIEDLLFD,910,971.0
257,HLA-A01:01,5451.78,ANZ78847,LTCISRRNIGF,257,972.0
386,HLA-A01:01,5451.8,ANZ78847,NNIDAAKIYGM,386,973.0
776,HLA-A01:01,5451.83,ANZ78847,NFEPFTVNSVN,776,974.0
820,HLA-A01:01,5451.86,ANZ78847,VTIDCAAFVCG,820,975.0
564,HLA-A01:01,5451.89,ANZ78847,AVKSDYCGGNP,564,976.0
638,HLA-A01:01,5451.92,ANZ78847,SGQGIFVEVNA,638,977.0
1270,HLA-A01:01,5452.01,ANZ78847,DLQVEMNRLQE,1270,978.0
275,HLA-A01:01,5452.06,ANZ78847,PLTSRQYLLAF,275,979.0
1007,HLA-A01:01,5452.07,ANZ78847,VLSQNQKLIAN,1007,980.0
381,HLA-A01:01,5452.1,ANZ78847,DSFTCNNIDAA,381,981.0
119,HLA-A01:01,5452.12,ANZ78847,GVMYSEFPAIT,119,982.0
864,HLA-A01:01,5452.12,ANZ78847,QLQVANSLMNG,864,982.0
875,HLA-A01:01,5452.18,ANZ78847,VTLSTKLKDGV,875,984.0
460,HLA-A01:01,5452.19,ANZ78847,NKRFGFIEDSV,460,985.0
878,HLA-A01:01,5452.21,ANZ78847,STKLKDGVNFN,878,986.0
682,HLA-A01:01,5452.22,ANZ78847,CYSGRVSAAFH,682,987.0
517,HLA-A01:01,5452.24,ANZ78847,GIGTCPAGTNY,517,988.0
311,HLA-A01:01,5452.28,ANZ78847,SIAPPTGVYEL,311,989.0
400,HLA-A01:01,5452.28,ANZ78847,SITIDKFAIPN,400,989.0
711,HLA-A01:01,5452.33,ANZ78847,FNNSLTRQLQP,711,991.0
153,HLA-A01:01,5452.47,ANZ78847,DGVNKLQGLLE,153,992.0
815,HLA-A01:01,5452.47,ANZ78847,TSSPKVTIDCA,815,992.0
1255,HLA-A01:01,5452.49,ANZ78847,VAPDLALDYIN,1255,994.0
373,HLA-A01:01,5452.54,ANZ78847,SLMSFIQADSF,373,995.0
963,HLA-A01:01,5452.56,ANZ78847,ENQISGYTLAA,963,996.0
971,HLA-A01:01,5452.64,ANZ78847,LAATSASLFPP,971,997.0
648,HLA-A01:01,5452.72,ANZ78847,ATYYNSWQNLL,648,998.0
693,HLA-A01:01,5452.75,ANZ78847,ANSSEPALLFR,693,999.0
425,HLA-A01:01,5452.78,ANZ78847,QSFNYRIDTTA,425,1000.0
1125,HLA-A01:01,5452.82,ANZ78847,VKSQSSRINFC,1125,1001.0
642,HLA-A01:01,5452.84,ANZ78847,IFVEVNATYYN,642,1002.0
721,HLA-A01:01,5452.84,ANZ78847,PINYFDSYLGC,721,1002.0
64,HLA-A01:01,5452.86,ANZ78847,TLFLNGYYPTS,64,1004.0
1052,HLA-A01:01,5452.93,ANZ78847,NNLLQQLSNRF,1052,1005.0
477,HLA-A01:01,5452.97,ANZ78847,GVLTNHDVVYA,477,1006.0
340,HLA-A01:01,5452.98,ANZ78847,PNCNIEAWLND,340,1007.0
444,HLA-A01:01,5453.03,ANZ78847,LPAANVSVSRF,444,1008.0
1020,HLA-A01:01,5453.05,ANZ78847,NNALDAIQEGF,1020,1009.0
97,HLA-A01:01,5453.08,ANZ78847,PFLSDFINGIF,97,1010.0
388,HLA-A01:01,5453.15,ANZ78847,IDAAKIYGMCF,388,1011.0
919,HLA-A01:01,5453.25,ANZ78847,FDKVKLSDVGF,919,1012.0
922,HLA-A01:01,5453.28,ANZ78847,VKLSDVGFVAA,922,1013.0
1288,HLA-A01:01,5453.32,ANZ78847,SYINLKDIGTY,1288,1014.0
132,HLA-A01:01,5453.4,ANZ78847,STFVNTSYSVV,132,1015.0
52,HLA-A01:01,5453.41,ANZ78847,TYYVLDRVYLN,52,1016.0
331,HLA-A01:01,5453.44,ANZ78847,DVYRRKPDLPN,331,1017.0
88,HLA-A01:01,5453.48,ANZ78847,KLSTLWFKPPF,88,1018.0
1183,HLA-A01:01,5453.48,ANZ78847,PKSGYFVNVNN,1183,1018.0
578,HLA-A01:01,5453.53,ANZ78847,QPQAFLGWSAD,578,1020.0
549,HLA-A01:01,5453.54,ANZ78847,QSKSLVGIGEH,549,1021.0
1077,HLA-A01:01,5453.57,ANZ78847,DALEAEAQIDR,1077,1022.0
365,HLA-A01:01,5453.76,ANZ78847,SNCNFNMSSLM,365,1023.0
1168,HLA-A01:01,5453.8,ANZ78847,KVSPGLCIAGD,1168,1024.0
768,HLA-A01:01,5453.81,ANZ78847,ITTGYRFTNFE,768,1025.0
1273,HLA-A01:01,5453.83,ANZ78847,VEMNRLQEAIK,1273,1026.0
835,HLA-A01:01,5453.84,ANZ78847,CKSQLVEYGSF,835,1027.0
1172,HLA-A01:01,5453.97,ANZ78847,GLCIAGDRGIA,1172,1028.0
41,HLA-A01:01,5453.99,ANZ78847,TATVDVTNGLG,41,1029.0
159,HLA-A01:01,5453.99,ANZ78847,QGLLEVSVCQY,159,1029.0
7,HLA-A01:01,5454.08,ANZ78847,SLPTAFAVIGD,7,1031.0
139,HLA-A01:01,5454.09,ANZ78847,YSVVVQPRTIN,139,1032.0
1199,HLA-A01:01,5454.09,ANZ78847,GSGYYYPEPIT,1199,1032.0
847,HLA-A01:01,5454.1,ANZ78847,DNINAILTEVN,847,1034.0
108,HLA-A01:01,5454.14,ANZ78847,AKVKNTKVFKD,108,1035.0
1204,HLA-A01:01,5454.21,ANZ78847,YPEPITENNVV,1204,1036.0
445,HLA-A01:01,5454.23,ANZ78847,PAANVSVSRFN,445,1037.0
479,HLA-A01:01,5454.24,ANZ78847,LTNHDVVYAQH,479,1038.0
1239,HLA-A01:01,5454.28,ANZ78847,PDFREELDQWF,1239,1039.0
1279,HLA-A01:01,5454.32,ANZ78847,QEAIKVLNQSY,1279,1040.0
233,HLA-A01:01,5454.36,ANZ78847,TGVVTKFLFNV,233,1041.0
1157,HLA-A01:01,5454.42,ANZ78847,FSYVPTKYVTA,1157,1042.0
410,HLA-A01:01,5454.47,ANZ78847,NGRKVDLQLGN,410,1043.0
238,HLA-A01:01,5454.48,ANZ78847,KFLFNVYLGMA,238,1044.0
1006,HLA-A01:01,5454.54,ANZ78847,DVLSQNQKLIA,1006,1045.0
313,HLA-A01:01,5454.58,ANZ78847,APPTGVYELNG,313,1046.0
437,HLA-A01:01,5454.59,ANZ78847,SCQLYYNLPAA,437,1047.0
264,HLA-A01:01,5454.6,ANZ78847,NIGFTLEYWVT,264,1048.0
937,HLA-A01:01,5454.7,ANZ78847,TGGAEIRDLIC,937,1049.0
555,HLA-A01:01,5454.75,ANZ78847,GIGEHCSGLAV,555,1050.0
309,HLA-A01:01,5454.8,ANZ78847,TQSIAPPTGVY,309,1051.0
992,HLA-A01:01,5454.8,ANZ78847,LNVQYRINGLG,992,1051.0
1240,HLA-A01:01,5454.81,ANZ78847,DFREELDQWFK,1240,1053.0
65,HLA-A01:01,5454.83,ANZ78847,LFLNGYYPTSG,65,1054.0
1045,HLA-A01:01,5454.85,ANZ78847,NANAEALNNLL,1045,1055.0
554,HLA-A01:01,5454.92,ANZ78847,VGIGEHCSGLA,554,1056.0
1256,HLA-A01:01,5454.96,ANZ78847,APDLALDYINV,1256,1057.0
117,HLA-A01:01,5454.97,ANZ78847,KDGVMYSEFPA,117,1058.0
436,HLA-A01:01,5454.98,ANZ78847,TSCQLYYNLPA,436,1059.0
242,HLA-A01:01,5455.03,ANZ78847,NVYLGMALSHY,242,1060.0
641,HLA-A01:01,5455.07,ANZ78847,GIFVEVNATYY,641,1061.0
133,HLA-A01:01,5455.09,ANZ78847,TFVNTSYSVVV,133,1062.0
1053,HLA-A01:01,5455.1,ANZ78847,NLLQQLSNRFG,1053,1063.0
129,HLA-A01:01,5455.11,ANZ78847,TIGSTFVNTSY,129,1064.0
150,HLA-A01:01,5455.13,ANZ78847,STQDGVNKLQG,150,1065.0
784,HLA-A01:01,5455.15,ANZ78847,SVNDSLEPVGG,784,1066.0
1283,HLA-A01:01,5455.15,ANZ78847,KVLNQSYINLK,1283,1066.0
161,HLA-A01:01,5455.18,ANZ78847,LLEVSVCQYNM,161,1068.0
941,HLA-A01:01,5455.18,ANZ78847,EIRDLICVQSY,941,1068.0
633,HLA-A01:01,5455.22,ANZ78847,DLYGISGQGIF,633,1070.0
1068,HLA-A01:01,5455.36,ANZ78847,SLQEILSRLDA,1068,1071.0
87,HLA-A01:01,5455.44,ANZ78847,DKLSTLWFKPP,87,1072.0
663,HLA-A01:01,5455.47,ANZ78847,GNLYGFRDYLT,663,1073.0
989,HLA-A01:01,5455.49,ANZ78847,PFYLNVQYRIN,989,1074.0
775,HLA-A01:01,5455.64,ANZ78847,TNFEPFTVNSV,775,1075.0
204,HLA-A01:01,5455.69,ANZ78847,RNFTYDVNATY,204,1076.0
1087,HLA-A01:01,5455.8,ANZ78847,RLINGRLTALN,1087,1077.0
1305,HLA-A01:01,5455.85,ANZ78847,PWYVWLLICLA,1305,1078.0
1276,HLA-A01:01,5455.91,ANZ78847,NRLQEAIKVLN,1276,1079.0
146,HLA-A01:01,5456.0,ANZ78847,RTINSTQDGVN,146,1080.0
884,HLA-A01:01,5456.11,ANZ78847,GVNFNVDDINF,884,1081.0
157,HLA-A01:01,5456.15,ANZ78847,KLQGLLEVSVC,157,1082.0
164,HLA-A01:01,5456.26,ANZ78847,VSVCQYNMCEY,164,1083.0
1315,HLA-A01:01,5456.29,ANZ78847,AGVAMLVLLFF,1315,1084.0
1303,HLA-A01:01,5456.31,ANZ78847,KWPWYVWLLIC,1303,1085.0
433,HLA-A01:01,5456.41,ANZ78847,TTATSCQLYYN,433,1086.0
126,HLA-A01:01,5456.43,ANZ78847,PAITIGSTFVN,126,1087.0
1253,HLA-A01:01,5456.43,ANZ78847,TSVAPDLALDY,1253,1087.0
3,HLA-A01:01,5456.56,ANZ78847,ILLISLPTAFA,3,1089.0
282,HLA-A01:01,5456.58,ANZ78847,LLAFNQDGIIF,282,1090.0
352,HLA-A01:01,5456.66,ANZ78847,SVPSPLNWERK,352,1091.0
285,HLA-A01:01,5456.67,ANZ78847,FNQDGIIFNAV,285,1092.0
1234,HLA-A01:01,5456.67,ANZ78847,SIPNLPDFREE,1234,1092.0
733,HLA-A01:01,5456.73,ANZ78847,VNAYNSTAISV,733,1094.0
1142,HLA-A01:01,5456.73,ANZ78847,ISLVQNAPYGL,1142,1094.0
48,HLA-A01:01,5456.77,ANZ78847,NGLGTYYVLDR,48,1096.0
59,HLA-A01:01,5456.92,ANZ78847,VYLNTTLFLNG,59,1097.0
906,HLA-A01:01,5456.96,ANZ78847,SKASSRSAIED,906,1098.0
1220,HLA-A01:01,5456.97,ANZ78847,AVNYTKAPYVM,1220,1099.0
156,HLA-A01:01,5457.06,ANZ78847,NKLQGLLEVSV,156,1100.0
879,HLA-A01:01,5457.25,ANZ78847,TKLKDGVNFNV,879,1101.0
1042,HLA-A01:01,5457.27,ANZ78847,AVVNANAEALN,1042,1102.0
383,HLA-A01:01,5457.28,ANZ78847,FTCNNIDAAKI,383,1103.0
1181,HLA-A01:01,5457.32,ANZ78847,IAPKSGYFVNV,1181,1104.0
802,HLA-A01:01,5457.44,ANZ78847,SDFTIGNMEEF,802,1105.0
327,HLA-A01:01,5457.48,ANZ78847,QPIADVYRRKP,327,1106.0
86,HLA-A01:01,5457.76,ANZ78847,TDKLSTLWFKP,86,1107.0
4,HLA-A01:01,5457.9,ANZ78847,LLISLPTAFAV,4,1108.0
714,HLA-A01:01,5457.94,ANZ78847,SLTRQLQPINY,714,1109.0
263,HLA-A01:01,5457.99,ANZ78847,RNIGFTLEYWV,263,1110.0
634,HLA-A01:01,5457.99,ANZ78847,LYGISGQGIFV,634,1110.0
1294,HLA-A01:01,5458.01,ANZ78847,DIGTYEYYVKW,1294,1112.0
27,HLA-A01:01,5458.03,ANZ78847,GSLNNIDTGPP,27,1113.0
977,HLA-A01:01,5458.03,ANZ78847,SLFPPWTAAAG,977,1113.0
1281,HLA-A01:01,5458.04,ANZ78847,AIKVLNQSYIN,1281,1115.0
921,HLA-A01:01,5458.08,ANZ78847,KVKLSDVGFVA,921,1116.0
832,HLA-A01:01,5458.09,ANZ78847,YAACKSQLVEY,832,1117.0
1073,HLA-A01:01,5458.12,ANZ78847,LSRLDALEAEA,1073,1118.0
165,HLA-A01:01,5458.14,ANZ78847,SVCQYNMCEYP,165,1119.0
637,HLA-A01:01,5458.14,ANZ78847,ISGQGIFVEVN,637,1119.0
239,HLA-A01:01,5458.21,ANZ78847,FLFNVYLGMAL,239,1121.0
418,HLA-A01:01,5458.24,ANZ78847,LGNLGYLQSFN,418,1122.0
595,HLA-A01:01,5458.26,ANZ78847,KCNIFANLILH,595,1123.0
198,HLA-A01:01,5458.43,ANZ78847,VSCLYKRNFTY,198,1124.0
745,HLA-A01:01,5458.51,ANZ78847,TCDLTVGSGYC,745,1125.0
803,HLA-A01:01,5458.51,ANZ78847,DFTIGNMEEFI,803,1125.0
111,HLA-A01:01,5458.54,ANZ78847,KNTKVFKDGVM,111,1127.0
1182,HLA-A01:01,5458.54,ANZ78847,APKSGYFVNVN,1182,1127.0
1180,HLA-A01:01,5458.63,ANZ78847,GIAPKSGYFVN,1180,1129.0
924,HLA-A01:01,5458.69,ANZ78847,LSDVGFVAAYN,924,1130.0
56,HLA-A01:01,5458.85,ANZ78847,LDRVYLNTTLF,56,1131.0
298,HLA-A01:01,5458.93,ANZ78847,MSDFMSEIKCK,298,1132.0
1290,HLA-A01:01,5458.99,ANZ78847,INLKDIGTYEY,1290,1133.0
883,HLA-A01:01,5459.0,ANZ78847,DGVNFNVDDIN,883,1134.0
398,HLA-A01:01,5459.1,ANZ78847,FSSITIDKFAI,398,1135.0
23,HLA-A01:01,5459.11,ANZ78847,DSRTGSLNNID,23,1136.0
237,HLA-A01:01,5459.14,ANZ78847,TKFLFNVYLGM,237,1137.0
1236,HLA-A01:01,5459.25,ANZ78847,PNLPDFREELD,1236,1138.0
880,HLA-A01:01,5459.34,ANZ78847,KLKDGVNFNVD,880,1139.0
260,HLA-A01:01,5459.36,ANZ78847,ISRRNIGFTLE,260,1140.0
881,HLA-A01:01,5459.37,ANZ78847,LKDGVNFNVDD,881,1141.0
673,HLA-A01:01,5459.57,ANZ78847,TNRTFMIRSCY,673,1142.0
1274,HLA-A01:01,5459.57,ANZ78847,EMNRLQEAIKV,1274,1142.0
1179,HLA-A01:01,5459.66,ANZ78847,RGIAPKSGYFV,1179,1144.0
323,HLA-A01:01,5459.67,ANZ78847,GYTVQPIADVY,323,1145.0
84,HLA-A01:01,5459.74,ANZ78847,KGTDKLSTLWF,84,1146.0
688,HLA-A01:01,5459.82,ANZ78847,SAAFHANSSEP,688,1147.0
1217,HLA-A01:01,5459.84,ANZ78847,STCAVNYTKAP,1217,1148.0
243,HLA-A01:01,5459.87,ANZ78847,VYLGMALSHYY,243,1149.0
371,HLA-A01:01,5459.94,ANZ78847,MSSLMSFIQAD,371,1150.0
456,HLA-A01:01,5459.96,ANZ78847,PSTWNKRFGFI,456,1151.0
846,HLA-A01:01,5460.03,ANZ78847,CDNINAILTEV,846,1152.0
1340,HLA-A01:01,5460.03,ANZ78847,CGGCCDDYTGY,1340,1152.0
822,HLA-A01:01,5460.12,ANZ78847,IDCAAFVCGDY,822,1154.0
222,HLA-A01:01,5460.14,ANZ78847,EGGTFYAYFTD,222,1155.0
484,HLA-A01:01,5460.22,ANZ78847,VVYAQHCFKAP,484,1156.0
780,HLA-A01:01,5460.38,ANZ78847,FTVNSVNDSLE,780,1157.0
125,HLA-A01:01,5460.39,ANZ78847,FPAITIGSTFV,125,1158.0
1346,HLA-A01:01,5460.39,ANZ78847,DYTGYQELVIK,1346,1158.0
618,HLA-A01:01,5460.44,ANZ78847,QKANTDIKLGV,618,1160.0
1311,HLA-A01:01,5460.5,ANZ78847,LICLAGVAMLV,1311,1161.0
821,HLA-A01:01,5460.74,ANZ78847,TIDCAAFVCGD,821,1162.0
1205,HLA-A01:01,5460.8,ANZ78847,PEPITENNVVV,1205,1163.0
489,HLA-A01:01,5460.92,ANZ78847,HCFKAPKNFCP,489,1164.0
320,HLA-A01:01,5460.97,ANZ78847,ELNGYTVQPIA,320,1165.0
1195,HLA-A01:01,5460.98,ANZ78847,WMYTGSGYYYP,1195,1166.0
559,HLA-A01:01,5461.06,ANZ78847,HCSGLAVKSDY,559,1167.0
1003,HLA-A01:01,5461.09,ANZ78847,VTMDVLSQNQK,1003,1168.0
328,HLA-A01:01,5461.12,ANZ78847,PIADVYRRKPD,328,1169.0
1284,HLA-A01:01,5461.17,ANZ78847,VLNQSYINLKD,1284,1170.0
1317,HLA-A01:01,5461.32,ANZ78847,VAMLVLLFFIC,1317,1171.0
6,HLA-A01:01,5461.35,ANZ78847,ISLPTAFAVIG,6,1172.0
1316,HLA-A01:01,5461.38,ANZ78847,GVAMLVLLFFI,1316,1173.0
1076,HLA-A01:01,5461.54,ANZ78847,LDALEAEAQID,1076,1174.0
419,HLA-A01:01,5461.71,ANZ78847,GNLGYLQSFNY,419,1175.0
1192,HLA-A01:01,5461.85,ANZ78847,NNTWMYTGSGY,1192,1176.0
692,HLA-A01:01,5461.89,ANZ78847,HANSSEPALLF,692,1177.0
455,HLA-A01:01,5462.02,ANZ78847,NPSTWNKRFGF,455,1178.0
782,HLA-A01:01,5462.03,ANZ78847,VNSVNDSLEPV,782,1179.0
1233,HLA-A01:01,5462.07,ANZ78847,TSIPNLPDFRE,1233,1180.0
90,HLA-A01:01,5462.15,ANZ78847,STLWFKPPFLS,90,1181.0
1100,HLA-A01:01,5462.15,ANZ78847,VSQQLSDSTLV,1100,1181.0
346,HLA-A01:01,5462.22,ANZ78847,AWLNDKSVPSP,346,1183.0
509,HLA-A01:01,5462.23,ANZ78847,GSGPGKNNGIG,509,1184.0
166,HLA-A01:01,5462.26,ANZ78847,VCQYNMCEYPH,166,1185.0
986,HLA-A01:01,5462.27,ANZ78847,AGVPFYLNVQY,986,1186.0
1186,HLA-A01:01,5462.31,ANZ78847,GYFVNVNNTWM,1186,1187.0
49,HLA-A01:01,5462.32,ANZ78847,GLGTYYVLDRV,49,1188.0
68,HLA-A01:01,5462.47,ANZ78847,NGYYPTSGSTY,68,1189.0
1230,HLA-A01:01,5462.6,ANZ78847,MLNTSIPNLPD,1230,1190.0
920,HLA-A01:01,5462.68,ANZ78847,DKVKLSDVGFV,920,1191.0
274,HLA-A01:01,5462.75,ANZ78847,TPLTSRQYLLA,274,1192.0
1231,HLA-A01:01,5462.81,ANZ78847,LNTSIPNLPDF,1231,1193.0
762,HLA-A01:01,5462.83,ANZ78847,RRSRRAITTGY,762,1194.0
430,HLA-A01:01,5462.85,ANZ78847,RIDTTATSCQL,430,1195.0
1089,HLA-A01:01,5462.94,ANZ78847,INGRLTALNAY,1089,1196.0
1196,HLA-A01:01,5463.25,ANZ78847,MYTGSGYYYPE,1196,1197.0
384,HLA-A01:01,5463.36,ANZ78847,TCNNIDAAKIY,384,1198.0
236,HLA-A01:01,5463.59,ANZ78847,VTKFLFNVYLG,236,1199.0
356,HLA-A01:01,5463.76,ANZ78847,PLNWERKTFSN,356,1200.0
47,HLA-A01:01,5463.87,ANZ78847,TNGLGTYYVLD,47,1201.0
975,HLA-A01:01,5463.9,ANZ78847,SASLFPPWTAA,975,1202.0
1143,HLA-A01:01,5464.01,ANZ78847,SLVQNAPYGLY,1143,1203.0
387,HLA-A01:01,5464.05,ANZ78847,NIDAAKIYGMC,387,1204.0
1135,HLA-A01:01,5464.06,ANZ78847,CGNGNHIISLV,1135,1205.0
1066,HLA-A01:01,5464.08,ANZ78847,SSSLQEILSRL,1066,1206.0
913,HLA-A01:01,5464.14,ANZ78847,AIEDLLFDKVK,913,1207.0
1028,HLA-A01:01,5464.17,ANZ78847,EGFDATNSALV,1028,1208.0
793,HLA-A01:01,5464.21,ANZ78847,GGLYEIQIPSD,793,1209.0
1344,HLA-A01:01,5464.28,ANZ78847,CDDYTGYQELV,1344,1210.0
1247,HLA-A01:01,5464.36,ANZ78847,QWFKNQTSVAP,1247,1211.0
636,HLA-A01:01,5464.51,ANZ78847,GISGQGIFVEV,636,1212.0
1151,HLA-A01:01,5464.58,ANZ78847,GLYFIHFSYVP,1151,1213.0
344,HLA-A01:01,5464.62,ANZ78847,IEAWLNDKSVP,344,1214.0
1139,HLA-A01:01,5464.71,ANZ78847,NHIISLVQNAP,1139,1215.0
131,HLA-A01:01,5464.95,ANZ78847,GSTFVNTSYSV,131,1216.0
716,HLA-A01:01,5465.22,ANZ78847,TRQLQPINYFD,716,1217.0
794,HLA-A01:01,5465.33,ANZ78847,GLYEIQIPSDF,794,1218.0
837,HLA-A01:01,5465.35,ANZ78847,SQLVEYGSFCD,837,1219.0
224,HLA-A01:01,5465.47,ANZ78847,GTFYAYFTDTG,224,1220.0
770,HLA-A01:01,5465.67,ANZ78847,TGYRFTNFEPF,770,1221.0
208,HLA-A01:01,5465.71,ANZ78847,YDVNATYLYFH,208,1222.0
1177,HLA-A01:01,5465.73,ANZ78847,GDRGIAPKSGY,1177,1223.0
80,HLA-A01:01,5465.81,ANZ78847,NMALKGTDKLS,80,1224.0
415,HLA-A01:01,5465.81,ANZ78847,DLQLGNLGYLQ,415,1224.0
1350,HLA-A01:01,5465.84,ANZ78847,YQELVIKTSHD,1350,1226.0
1071,HLA-A01:01,5465.88,ANZ78847,EILSRLDALEA,1071,1227.0
850,HLA-A01:01,5465.95,ANZ78847,NAILTEVNELL,850,1228.0
245,HLA-A01:01,5466.02,ANZ78847,LGMALSHYYVM,245,1229.0
1272,HLA-A01:01,5466.03,ANZ78847,QVEMNRLQEAI,1272,1230.0
305,HLA-A01:01,5466.1,ANZ78847,IKCKTQSIAPP,305,1231.0
912,HLA-A01:01,5466.17,ANZ78847,SAIEDLLFDKV,912,1232.0
797,HLA-A01:01,5466.3,ANZ78847,EIQIPSDFTIG,797,1233.0
1014,HLA-A01:01,5466.43,ANZ78847,LIANAFNNALD,1014,1234.0
422,HLA-A01:01,5466.51,ANZ78847,GYLQSFNYRID,422,1235.0
210,HLA-A01:01,5466.53,ANZ78847,VNATYLYFHFY,210,1236.0
136,HLA-A01:01,5466.57,ANZ78847,NTSYSVVVQPR,136,1237.0
1161,HLA-A01:01,5466.58,ANZ78847,PTKYVTAKVSP,1161,1238.0
909,HLA-A01:01,5466.65,ANZ78847,SSRSAIEDLLF,909,1239.0
286,HLA-A01:01,5466.7,ANZ78847,NQDGIIFNAVD,286,1240.0
889,HLA-A01:01,5466.78,ANZ78847,VDDINFSSVLG,889,1241.0
351,HLA-A01:01,5466.83,ANZ78847,KSVPSPLNWER,351,1242.0
154,HLA-A01:01,5467.07,ANZ78847,GVNKLQGLLEV,154,1243.0
649,HLA-A01:01,5467.12,ANZ78847,TYYNSWQNLLY,649,1244.0
984,HLA-A01:01,5467.37,ANZ78847,AAAGVPFYLNV,984,1245.0
744,HLA-A01:01,5467.39,ANZ78847,QTCDLTVGSGY,744,1246.0
457,HLA-A01:01,5467.48,ANZ78847,STWNKRFGFIE,457,1247.0
959,HLA-A01:01,5467.59,ANZ78847,PLLSENQISGY,959,1248.0
209,HLA-A01:01,5467.66,ANZ78847,DVNATYLYFHF,209,1249.0
1054,HLA-A01:01,5467.82,ANZ78847,LLQQLSNRFGA,1054,1250.0
980,HLA-A01:01,5467.93,ANZ78847,PPWTAAAGVPF,980,1251.0
304,HLA-A01:01,5468.02,ANZ78847,EIKCKTQSIAP,304,1252.0
283,HLA-A01:01,5468.8,ANZ78847,LAFNQDGIIFN,283,1253.0
888,HLA-A01:01,5468.8,ANZ78847,NVDDINFSSVL,888,1253.0
683,HLA-A01:01,5468.86,ANZ78847,YSGRVSAAFHA,683,1255.0
261,HLA-A01:01,5468.96,ANZ78847,SRRNIGFTLEY,261,1256.0
135,HLA-A01:01,5469.62,ANZ78847,VNTSYSVVVQP,135,1257.0
656,HLA-A01:01,5469.75,ANZ78847,NLLYDSNGNLY,656,1258.0
948,HLA-A01:01,5469.93,ANZ78847,VQSYKGIKVLP,948,1259.0
1067,HLA-A01:01,5469.95,ANZ78847,SSLQEILSRLD,1067,1260.0
312,HLA-A01:01,5470.76,ANZ78847,IAPPTGVYELN,312,1261.0
476,HLA-A01:01,5470.87,ANZ78847,AGVLTNHDVVY,476,1262.0
661,HLA-A01:01,5471.03,ANZ78847,SNGNLYGFRDY,661,1263.0
112,HLA-A01:01,5471.47,ANZ78847,NTKVFKDGVMY,112,1264.0
402,HLA-A01:01,5471.48,ANZ78847,TIDKFAIPNGR,402,1265.0
446,HLA-A01:01,5471.61,ANZ78847,AANVSVSRFNP,446,1266.0
314,HLA-A01:01,5472.13,ANZ78847,PPTGVYELNGY,314,1267.0
26,HLA-A01:01,5472.48,ANZ78847,TGSLNNIDTGP,26,1268.0
265,HLA-A01:01,5472.82,ANZ78847,IGFTLEYWVTP,265,1269.0
1173,HLA-A01:01,5472.92,ANZ78847,LCIAGDRGIAP,1173,1270.0
1218,HLA-A01:01,5472.94,ANZ78847,TCAVNYTKAPY,1218,1271.0
1104,HLA-A01:01,5473.15,ANZ78847,LSDSTLVKFSA,1104,1272.0
435,HLA-A01:01,5473.23,ANZ78847,ATSCQLYYNLP,435,1273.0
1140,HLA-A01:01,5473.55,ANZ78847,HIISLVQNAPY,1140,1274.0
294,HLA-A01:01,5473.95,ANZ78847,AVDCMSDFMSE,294,1275.0
281,HLA-A01:01,5474.12,ANZ78847,YLLAFNQDGII,281,1276.0
458,HLA-A01:01,5474.24,ANZ78847,TWNKRFGFIED,458,1277.0
625,HLA-A01:01,5474.32,ANZ78847,KLGVCVNYDLY,625,1278.0
976,HLA-A01:01,5474.92,ANZ78847,ASLFPPWTAAA,976,1279.0
214,HLA-A01:01,5475.88,ANZ78847,YLYFHFYQEGG,214,1280.0
232,HLA-A01:01,5475.91,ANZ78847,DTGVVTKFLFN,232,1281.0
862,HLA-A01:01,5476.14,ANZ78847,TTQLQVANSLM,862,1282.0
1126,HLA-A01:01,5476.25,ANZ78847,KSQSSRINFCG,1126,1283.0
787,HLA-A01:01,5476.35,ANZ78847,DSLEPVGGLYE,787,1284.0
979,HLA-A01:01,5476.6,ANZ78847,FPPWTAAAGVP,979,1285.0
1084,HLA-A01:01,5476.91,ANZ78847,QIDRLINGRLT,1084,1286.0
1297,HLA-A01:01,5477.09,ANZ78847,TYEYYVKWPWY,1297,1287.0
330,HLA-A01:01,5477.3,ANZ78847,ADVYRRKPDLP,330,1288.0
981,HLA-A01:01,5477.58,ANZ78847,PWTAAAGVPFY,981,1289.0
991,HLA-A01:01,5478.01,ANZ78847,YLNVQYRINGL,991,1290.0
58,HLA-A01:01,5478.06,ANZ78847,RVYLNTTLFLN,58,1291.0
970,HLA-A01:01,5478.53,ANZ78847,TLAATSASLFP,970,1292.0
993,HLA-A01:01,5478.69,ANZ78847,NVQYRINGLGV,993,1293.0
116,HLA-A01:01,5479.54,ANZ78847,FKDGVMYSEFP,116,1294.0
534,HLA-A01:01,5479.57,ANZ78847,CNPDPITFTGP,534,1295.0
318,HLA-A01:01,5479.59,ANZ78847,VYELNGYTVQP,318,1296.0
122,HLA-A01:01,5479.61,ANZ78847,YSEFPAITIGS,122,1297.0
399,HLA-A01:01,5479.78,ANZ78847,SSITIDKFAIP,399,1298.0
212,HLA-A01:01,5479.83,ANZ78847,ATYLYFHFYQE,212,1299.0
774,HLA-A01:01,5480.11,ANZ78847,FTNFEPFTVNS,774,1300.0
1226,HLA-A01:01,5481.67,ANZ78847,APYVMLNTSIP,1226,1301.0
379,HLA-A01:01,5482.06,ANZ78847,QADSFTCNNID,379,1302.0
535,HLA-A01:01,5482.34,ANZ78847,NPDPITFTGPY,535,1303.0
1021,HLA-A01:01,5482.86,ANZ78847,NALDAIQEGFD,1021,1304.0
329,HLA-A01:01,5483.19,ANZ78847,IADVYRRKPDL,329,1305.0
1229,HLA-A01:01,5483.71,ANZ78847,VMLNTSIPNLP,1229,1306.0
1206,HLA-A01:01,5484.04,ANZ78847,EPITENNVVVM,1206,1307.0
246,HLA-A01:01,5484.29,ANZ78847,GMALSHYYVMP,246,1308.0
791,HLA-A01:01,5485.14,ANZ78847,PVGGLYEIQIP,791,1309.0
788,HLA-A01:01,5485.94,ANZ78847,SLEPVGGLYEI,788,1310.0
660,HLA-A01:01,5486.08,ANZ78847,DSNGNLYGFRD,660,1311.0
1244,HLA-A01:01,5486.35,ANZ78847,ELDQWFKNQTS,1244,1312.0
851,HLA-A01:01,5486.46,ANZ78847,AILTEVNELLD,851,1313.0
983,HLA-A01:01,5487.04,ANZ78847,TAAAGVPFYLN,983,1314.0
781,HLA-A01:01,5487.31,ANZ78847,TVNSVNDSLEP,781,1315.0
1078,HLA-A01:01,5487.64,ANZ78847,ALEAEAQIDRL,1078,1316.0
1295,HLA-A01:01,5487.86,ANZ78847,IGTYEYYVKWP,1295,1317.0
1080,HLA-A01:01,5488.4,ANZ78847,EAEAQIDRLIN,1080,1318.0
308,HLA-A01:01,5488.97,ANZ78847,KTQSIAPPTGV,308,1319.0
1176,HLA-A01:01,5491.02,ANZ78847,AGDRGIAPKSG,1176,1320.0
1266,HLA-A01:01,5492.84,ANZ78847,VTFLDLQVEMN,1266,1321.0
1034,HLA-A01:01,5492.99,ANZ78847,NSALVKIQAVV,1034,1322.0
1022,HLA-A01:01,5495.46,ANZ78847,ALDAIQEGFDA,1022,1323.0
1004,HLA-A01:01,5497.81,ANZ78847,TMDVLSQNQKL,1004,1324.0
836,HLA-A01:01,5498.8,ANZ78847,KSQLVEYGSFC,836,1325.0
621,HLA-A01:01,5499.14,ANZ78847,NTDIKLGVCVN,621,1326.0
643,HLA-A01:01,5499.16,ANZ78847,FVEVNATYYNS,643,1327.0
1252,HLA-A01:01,5499.4,ANZ78847,QTSVAPDLALD,1252,1328.0
974,HLA-A01:01,5501.11,ANZ78847,TSASLFPPWTA,974,1329.0
1047,HLA-A01:01,5503.41,ANZ78847,NAEALNNLLQQ,1047,1330.0
9,HLA-A01:01,5504.26,ANZ78847,PTAFAVIGDLK,9,1331.0
343,HLA-A01:01,5504.68,ANZ78847,NIEAWLNDKSV,343,1332.0
1232,HLA-A01:01,5505.72,ANZ78847,NTSIPNLPDFR,1232,1333.0
276,HLA-A01:01,5505.95,ANZ78847,LTSRQYLLAFN,276,1334.0
911,HLA-A01:01,5506.38,ANZ78847,RSAIEDLLFDK,911,1335.0
98,HLA-A01:01,5506.5,ANZ78847,FLSDFINGIFA,98,1336.0
853,HLA-A01:01,5507.95,ANZ78847,LTEVNELLDTT,853,1337.0
801,HLA-A01:01,5509.68,ANZ78847,PSDFTIGNMEE,801,1338.0
614,HLA-A01:01,5509.88,ANZ78847,STDLQKANTDI,614,1339.0
268,HLA-A01:01,5513.82,ANZ78847,TLEYWVTPLTS,268,1340.0
652,HLA-A01:01,5514.35,ANZ78847,NSWQNLLYDSN,652,1341.0
808,HLA-A01:01,5528.96,ANZ78847,NMEEFIQTSSP,808,1342.0
694,HLA-A01:01,5530.2,ANZ78847,NSSEPALLFRN,694,1343.0
1260,HLA-A01:01,5537.72,ANZ78847,ALDYINVTFLD,1260,1344.0
769,HLA-A01:01,5539.28,ANZ78847,TTGYRFTNFEP,769,1345.0
1208,HLA-A01:01,5547.43,ANZ78847,ITENNVVVMST,1208,1346.0
62,HLA-A01:01,5550.05,ANZ78847,NTTLFLNGYYP,62,1347.0
21,HLA-A01:01,5555.08,ANZ78847,PLDSRTGSLNN,21,1348.0
859,HLA-A01:01,5555.62,ANZ78847,LLDTTQLQVAN,859,1349.0
465,HLA-A01:01,5568.46,ANZ78847,FIEDSVFKPQP,465,1350.0
1197,HLA-A01:01,5612.69,ANZ78847,YTGSGYYYPEP,1197,1351.0
31,HLA-A01:01,5759.73,ANZ78847,NIDTGPPSIST,31,1352.0
1,HLA-A26:01,1455.03,ANZ78847,FLILLISLPTA,1,1.0
239,HLA-A26:01,2699.92,ANZ78847,FLFNVYLGMAL,239,2.0
98,HLA-A26:01,2888.22,ANZ78847,FLSDFINGIFA,98,3.0
244,HLA-A26:01,3023.6,ANZ78847,YLGMALSHYYV,244,4.0
120,HLA-A26:01,3427.4,ANZ78847,VMYSEFPAITI,120,5.0
1316,HLA-A26:01,3681.24,ANZ78847,GVAMLVLLFFI,1316,6.0
1322,HLA-A26:01,3754.3,ANZ78847,LLFFICCCTGC,1322,7.0
1150,HLA-A26:01,3972.08,ANZ78847,YGLYFIHFSYV,1150,8.0
1311,HLA-A26:01,3973.83,ANZ78847,LICLAGVAMLV,1311,9.0
439,HLA-A26:01,4692.06,ANZ78847,QLYYNLPAANV,439,10.0
373,HLA-A26:01,4880.52,ANZ78847,SLMSFIQADSF,373,11.0
263,HLA-A26:01,4923.78,ANZ78847,RNIGFTLEYWV,263,12.0
1228,HLA-A26:01,4929.03,ANZ78847,YVMLNTSIPNL,1228,13.0
233,HLA-A26:01,4932.12,ANZ78847,TGVVTKFLFNV,233,14.0
1310,HLA-A26:01,5001.19,ANZ78847,LLICLAGVAML,1310,15.0
0,HLA-A26:01,5089.9,ANZ78847,MFLILLISLPT,0,16.0
869,HLA-A26:01,5175.61,ANZ78847,NSLMNGVTLST,869,17.0
49,HLA-A26:01,5233.75,ANZ78847,GLGTYYVLDRV,49,18.0
1318,HLA-A26:01,5239.46,ANZ78847,AMLVLLFFICC,1318,19.0
4,HLA-A26:01,5367.54,ANZ78847,LLISLPTAFAV,4,20.0
266,HLA-A26:01,5398.45,ANZ78847,GFTLEYWVTPL,266,21.0
700,HLA-A26:01,5414.83,ANZ78847,LLFRNIKCNYV,700,22.0
214,HLA-A26:01,5532.35,ANZ78847,YLYFHFYQEGG,214,23.0
220,HLA-A26:01,5641.08,ANZ78847,YQEGGTFYAYF,220,24.0
603,HLA-A26:01,5776.71,ANZ78847,ILHDVNSGLTC,603,25.0
206,HLA-A26:01,5875.32,ANZ78847,FTYDVNATYLY,206,26.0
297,HLA-A26:01,5902.64,ANZ78847,CMSDFMSEIKC,297,27.0
267,HLA-A26:01,5908.6,ANZ78847,FTLEYWVTPLT,267,28.0
1320,HLA-A26:01,5909.39,ANZ78847,LVLLFFICCCT,1320,29.0
634,HLA-A26:01,5912.2,ANZ78847,LYGISGQGIFV,634,30.0
917,HLA-A26:01,5930.21,ANZ78847,LLFDKVKLSDV,917,31.0
1268,HLA-A26:01,5939.48,ANZ78847,FLDLQVEMNRL,1268,32.0
237,HLA-A26:01,6038.22,ANZ78847,TKFLFNVYLGM,237,33.0
66,HLA-A26:01,6040.36,ANZ78847,FLNGYYPTSGS,66,34.0
1309,HLA-A26:01,6131.45,ANZ78847,WLLICLAGVAM,1309,35.0
248,HLA-A26:01,6194.97,ANZ78847,ALSHYYVMPLT,248,36.0
991,HLA-A26:01,6204.12,ANZ78847,YLNVQYRINGL,991,37.0
245,HLA-A26:01,6317.99,ANZ78847,LGMALSHYYVM,245,38.0
235,HLA-A26:01,6337.3,ANZ78847,VVTKFLFNVYL,235,39.0
1258,HLA-A26:01,6407.26,ANZ78847,DLALDYINVTF,1258,40.0
1321,HLA-A26:01,6445.21,ANZ78847,VLLFFICCCTG,1321,41.0
636,HLA-A26:01,6447.93,ANZ78847,GISGQGIFVEV,636,42.0
1151,HLA-A26:01,6520.42,ANZ78847,GLYFIHFSYVP,1151,43.0
671,HLA-A26:01,6559.8,ANZ78847,YLTNRTFMIRS,671,44.0
1195,HLA-A26:01,6581.8,ANZ78847,WMYTGSGYYYP,1195,45.0
594,HLA-A26:01,6596.79,ANZ78847,DKCNIFANLIL,594,46.0
45,HLA-A26:01,6600.42,ANZ78847,DVTNGLGTYYV,45,47.0
230,HLA-A26:01,6638.94,ANZ78847,FTDTGVVTKFL,230,48.0
1301,HLA-A26:01,6700.12,ANZ78847,YVKWPWYVWLL,1301,49.0
1263,HLA-A26:01,6757.45,ANZ78847,YINVTFLDLQV,1263,50.0
794,HLA-A26:01,6779.46,ANZ78847,GLYEIQIPSDF,794,51.0
677,HLA-A26:01,6833.55,ANZ78847,FMIRSCYSGRV,677,52.0
1307,HLA-A26:01,6849.37,ANZ78847,YVWLLICLAGV,1307,53.0
1086,HLA-A26:01,6858.46,ANZ78847,DRLINGRLTAL,1086,54.0
423,HLA-A26:01,6901.6,ANZ78847,YLQSFNYRIDT,423,55.0
1219,HLA-A26:01,6936.32,ANZ78847,CAVNYTKAPYV,1219,56.0
57,HLA-A26:01,6959.21,ANZ78847,DRVYLNTTLFL,57,57.0
209,HLA-A26:01,6966.2,ANZ78847,DVNATYLYFHF,209,58.0
887,HLA-A26:01,6970.78,ANZ78847,FNVDDINFSSV,887,59.0
282,HLA-A26:01,6988.65,ANZ78847,LLAFNQDGIIF,282,60.0
64,HLA-A26:01,7008.22,ANZ78847,TLFLNGYYPTS,64,61.0
157,HLA-A26:01,7033.45,ANZ78847,KLQGLLEVSVC,157,62.0
627,HLA-A26:01,7045.36,ANZ78847,GVCVNYDLYGI,627,63.0
870,HLA-A26:01,7077.69,ANZ78847,SLMNGVTLSTK,870,64.0
1315,HLA-A26:01,7078.29,ANZ78847,AGVAMLVLLFF,1315,65.0
281,HLA-A26:01,7080.6,ANZ78847,YLLAFNQDGII,281,66.0
1148,HLA-A26:01,7091.95,ANZ78847,APYGLYFIHFS,1148,67.0
292,HLA-A26:01,7104.17,ANZ78847,FNAVDCMSDFM,292,68.0
393,HLA-A26:01,7106.46,ANZ78847,IYGMCFSSITI,393,69.0
1259,HLA-A26:01,7111.27,ANZ78847,LALDYINVTFL,1259,70.0
1317,HLA-A26:01,7111.9,ANZ78847,VAMLVLLFFIC,1317,71.0
368,HLA-A26:01,7132.68,ANZ78847,NFNMSSLMSFI,368,72.0
247,HLA-A26:01,7156.59,ANZ78847,MALSHYYVMPL,247,73.0
264,HLA-A26:01,7162.24,ANZ78847,NIGFTLEYWVT,264,74.0
1319,HLA-A26:01,7176.77,ANZ78847,MLVLLFFICCC,1319,75.0
1211,HLA-A26:01,7187.69,ANZ78847,NNVVVMSTCAV,1211,76.0
1298,HLA-A26:01,7268.5,ANZ78847,YEYYVKWPWYV,1298,77.0
131,HLA-A26:01,7302.27,ANZ78847,GSTFVNTSYSV,131,78.0
879,HLA-A26:01,7305.33,ANZ78847,TKLKDGVNFNV,879,79.0
1103,HLA-A26:01,7307.74,ANZ78847,QLSDSTLVKFS,1103,80.0
60,HLA-A26:01,7318.17,ANZ78847,YLNTTLFLNGY,60,81.0
54,HLA-A26:01,7326.74,ANZ78847,YVLDRVYLNTT,54,82.0
1013,HLA-A26:01,7342.25,ANZ78847,KLIANAFNNAL,1013,83.0
316,HLA-A26:01,7346.13,ANZ78847,TGVYELNGYTV,316,84.0
372,HLA-A26:01,7353.31,ANZ78847,SSLMSFIQADS,372,85.0
3,HLA-A26:01,7414.85,ANZ78847,ILLISLPTAFA,3,86.0
259,HLA-A26:01,7456.64,ANZ78847,CISRRNIGFTL,259,87.0
118,HLA-A26:01,7466.47,ANZ78847,DGVMYSEFPAI,118,88.0
923,HLA-A26:01,7517.78,ANZ78847,KLSDVGFVAAY,923,89.0
1325,HLA-A26:01,7524.44,ANZ78847,FICCCTGCGTS,1325,90.0
295,HLA-A26:01,7543.91,ANZ78847,VDCMSDFMSEI,295,91.0
740,HLA-A26:01,7562.31,ANZ78847,AISVQTCDLTV,740,92.0
782,HLA-A26:01,7572.37,ANZ78847,VNSVNDSLEPV,782,93.0
154,HLA-A26:01,7590.75,ANZ78847,GVNKLQGLLEV,154,94.0
361,HLA-A26:01,7596.75,ANZ78847,RKTFSNCNFNM,361,95.0
392,HLA-A26:01,7625.09,ANZ78847,KIYGMCFSSIT,392,96.0
234,HLA-A26:01,7661.57,ANZ78847,GVVTKFLFNVY,234,97.0
441,HLA-A26:01,7707.1,ANZ78847,YYNLPAANVSV,441,98.0
1188,HLA-A26:01,7786.59,ANZ78847,FVNVNNTWMYT,1188,99.0
915,HLA-A26:01,7828.3,ANZ78847,EDLLFDKVKLS,915,100.0
788,HLA-A26:01,7837.62,ANZ78847,SLEPVGGLYEI,788,101.0
192,HLA-A26:01,7863.66,ANZ78847,HMDTGVVSCLY,192,102.0
2,HLA-A26:01,7873.83,ANZ78847,LILLISLPTAF,2,103.0
114,HLA-A26:01,7874.58,ANZ78847,KVFKDGVMYSE,114,104.0
1075,HLA-A26:01,7878.76,ANZ78847,RLDALEAEAQI,1075,105.0
156,HLA-A26:01,7882.68,ANZ78847,NKLQGLLEVSV,156,106.0
113,HLA-A26:01,7886.93,ANZ78847,TKVFKDGVMYS,113,107.0
1187,HLA-A26:01,7898.35,ANZ78847,YFVNVNNTWMY,1187,108.0
852,HLA-A26:01,7919.4,ANZ78847,ILTEVNELLDT,852,109.0
370,HLA-A26:01,7938.44,ANZ78847,NMSSLMSFIQA,370,110.0
982,HLA-A26:01,7949.23,ANZ78847,WTAAAGVPFYL,982,111.0
210,HLA-A26:01,7953.51,ANZ78847,VNATYLYFHFY,210,112.0
728,HLA-A26:01,7982.54,ANZ78847,YLGCVVNAYNS,728,113.0
1108,HLA-A26:01,7990.07,ANZ78847,TLVKFSAAQAM,1108,114.0
257,HLA-A26:01,7990.53,ANZ78847,LTCISRRNIGF,257,115.0
82,HLA-A26:01,7992.65,ANZ78847,ALKGTDKLSTL,82,116.0
1292,HLA-A26:01,8000.49,ANZ78847,LKDIGTYEYYV,1292,117.0
51,HLA-A26:01,8021.47,ANZ78847,GTYYVLDRVYL,51,118.0
132,HLA-A26:01,8032.23,ANZ78847,STFVNTSYSVV,132,119.0
133,HLA-A26:01,8033.76,ANZ78847,TFVNTSYSVVV,133,120.0
212,HLA-A26:01,8051.91,ANZ78847,ATYLYFHFYQE,212,121.0
1179,HLA-A26:01,8075.65,ANZ78847,RGIAPKSGYFV,1179,122.0
1034,HLA-A26:01,8077.7,ANZ78847,NSALVKIQAVV,1034,123.0
231,HLA-A26:01,8083.9,ANZ78847,TDTGVVTKFLF,231,124.0
969,HLA-A26:01,8114.85,ANZ78847,YTLAATSASLF,969,125.0
100,HLA-A26:01,8131.55,ANZ78847,SDFINGIFAKV,100,126.0
183,HLA-A26:01,8134.66,ANZ78847,LGNHFKELWHM,183,127.0
984,HLA-A26:01,8148.35,ANZ78847,AAAGVPFYLNV,984,128.0
1145,HLA-A26:01,8157.94,ANZ78847,VQNAPYGLYFI,1145,129.0
362,HLA-A26:01,8175.94,ANZ78847,KTFSNCNFNMS,362,130.0
58,HLA-A26:01,8184.81,ANZ78847,RVYLNTTLFLN,58,131.0
843,HLA-A26:01,8193.9,ANZ78847,GSFCDNINAIL,843,132.0
938,HLA-A26:01,8208.73,ANZ78847,GGAEIRDLICV,938,133.0
363,HLA-A26:01,8213.12,ANZ78847,TFSNCNFNMSS,363,134.0
964,HLA-A26:01,8217.26,ANZ78847,NQISGYTLAAT,964,135.0
238,HLA-A26:01,8219.8,ANZ78847,KFLFNVYLGMA,238,136.0
417,HLA-A26:01,8228.92,ANZ78847,QLGNLGYLQSF,417,137.0
225,HLA-A26:01,8235.0,ANZ78847,TFYAYFTDTGV,225,138.0
1305,HLA-A26:01,8237.04,ANZ78847,PWYVWLLICLA,1305,139.0
767,HLA-A26:01,8258.42,ANZ78847,AITTGYRFTNF,767,140.0
301,HLA-A26:01,8261.85,ANZ78847,FMSEIKCKTQS,301,141.0
375,HLA-A26:01,8266.79,ANZ78847,MSFIQADSFTC,375,142.0
1154,HLA-A26:01,8279.09,ANZ78847,FIHFSYVPTKY,1154,143.0
555,HLA-A26:01,8291.82,ANZ78847,GIGEHCSGLAV,555,144.0
857,HLA-A26:01,8317.59,ANZ78847,NELLDTTQLQV,857,145.0
912,HLA-A26:01,8328.69,ANZ78847,SAIEDLLFDKV,912,146.0
1313,HLA-A26:01,8349.26,ANZ78847,CLAGVAMLVLL,1313,147.0
434,HLA-A26:01,8350.63,ANZ78847,TATSCQLYYNL,434,148.0
1214,HLA-A26:01,8372.55,ANZ78847,VVMSTCAVNYT,1214,149.0
916,HLA-A26:01,8385.75,ANZ78847,DLLFDKVKLSD,916,150.0
1308,HLA-A26:01,8390.94,ANZ78847,VWLLICLAGVA,1308,151.0
125,HLA-A26:01,8399.54,ANZ78847,FPAITIGSTFV,125,152.0
836,HLA-A26:01,8405.77,ANZ78847,KSQLVEYGSFC,836,153.0
1254,HLA-A26:01,8409.7,ANZ78847,SVAPDLALDYI,1254,154.0
293,HLA-A26:01,8415.9,ANZ78847,NAVDCMSDFMS,293,155.0
1186,HLA-A26:01,8429.8,ANZ78847,GYFVNVNNTWM,1186,156.0
803,HLA-A26:01,8434.24,ANZ78847,DFTIGNMEEFI,803,157.0
886,HLA-A26:01,8447.32,ANZ78847,NFNVDDINFSS,886,158.0
1245,HLA-A26:01,8450.89,ANZ78847,LDQWFKNQTSV,1245,159.0
477,HLA-A26:01,8458.14,ANZ78847,GVLTNHDVVYA,477,160.0
1105,HLA-A26:01,8458.52,ANZ78847,SDSTLVKFSAA,1105,161.0
1314,HLA-A26:01,8458.9,ANZ78847,LAGVAMLVLLF,1314,162.0
1099,HLA-A26:01,8460.78,ANZ78847,YVSQQLSDSTL,1099,163.0
90,HLA-A26:01,8473.47,ANZ78847,STLWFKPPFLS,90,164.0
590,HLA-A26:01,8490.44,ANZ78847,CLQGDKCNIFA,590,165.0
597,HLA-A26:01,8492.6,ANZ78847,NIFANLILHDV,597,166.0
844,HLA-A26:01,8496.14,ANZ78847,SFCDNINAILT,844,167.0
846,HLA-A26:01,8497.8,ANZ78847,CDNINAILTEV,846,168.0
365,HLA-A26:01,8529.32,ANZ78847,SNCNFNMSSLM,365,169.0
968,HLA-A26:01,8534.68,ANZ78847,GYTLAATSASL,968,170.0
592,HLA-A26:01,8538.79,ANZ78847,QGDKCNIFANL,592,171.0
1147,HLA-A26:01,8554.42,ANZ78847,NAPYGLYFIHF,1147,172.0
119,HLA-A26:01,8563.79,ANZ78847,GVMYSEFPAIT,119,173.0
1312,HLA-A26:01,8565.09,ANZ78847,ICLAGVAMLVL,1312,174.0
1323,HLA-A26:01,8566.35,ANZ78847,LFFICCCTGCG,1323,175.0
819,HLA-A26:01,8569.1,ANZ78847,KVTIDCAAFVC,819,176.0
398,HLA-A26:01,8569.71,ANZ78847,FSSITIDKFAI,398,177.0
805,HLA-A26:01,8577.19,ANZ78847,TIGNMEEFIQT,805,178.0
818,HLA-A26:01,8580.93,ANZ78847,PKVTIDCAAFV,818,179.0
160,HLA-A26:01,8599.67,ANZ78847,GLLEVSVCQYN,160,180.0
240,HLA-A26:01,8634.94,ANZ78847,LFNVYLGMALS,240,181.0
1022,HLA-A26:01,8636.67,ANZ78847,ALDAIQEGFDA,1022,182.0
531,HLA-A26:01,8662.67,ANZ78847,HNLCNPDPITF,531,183.0
1181,HLA-A26:01,8671.97,ANZ78847,IAPKSGYFVNV,1181,184.0
804,HLA-A26:01,8672.6,ANZ78847,FTIGNMEEFIQ,804,185.0
1149,HLA-A26:01,8676.39,ANZ78847,PYGLYFIHFSY,1149,186.0
223,HLA-A26:01,8687.73,ANZ78847,GGTFYAYFTDT,223,187.0
232,HLA-A26:01,8690.48,ANZ78847,DTGVVTKFLFN,232,188.0
733,HLA-A26:01,8699.66,ANZ78847,VNAYNSTAISV,733,189.0
709,HLA-A26:01,8704.42,ANZ78847,YVFNNSLTRQL,709,190.0
89,HLA-A26:01,8713.94,ANZ78847,LSTLWFKPPFL,89,191.0
582,HLA-A26:01,8719.83,ANZ78847,FLGWSADSCLQ,582,192.0
218,HLA-A26:01,8723.51,ANZ78847,HFYQEGGTFYA,218,193.0
224,HLA-A26:01,8749.06,ANZ78847,GTFYAYFTDTG,224,194.0
389,HLA-A26:01,8754.6,ANZ78847,DAAKIYGMCFS,389,195.0
1007,HLA-A26:01,8756.8,ANZ78847,VLSQNQKLIAN,1007,196.0
1324,HLA-A26:01,8761.56,ANZ78847,FFICCCTGCGT,1324,197.0
625,HLA-A26:01,8762.23,ANZ78847,KLGVCVNYDLY,625,198.0
723,HLA-A26:01,8776.2,ANZ78847,NYFDSYLGCVV,723,199.0
1135,HLA-A26:01,8795.79,ANZ78847,CGNGNHIISLV,1135,200.0
722,HLA-A26:01,8804.81,ANZ78847,INYFDSYLGCV,722,201.0
276,HLA-A26:01,8812.08,ANZ78847,LTSRQYLLAFN,276,202.0
46,HLA-A26:01,8819.26,ANZ78847,VTNGLGTYYVL,46,203.0
746,HLA-A26:01,8821.59,ANZ78847,CDLTVGSGYCV,746,204.0
1133,HLA-A26:01,8828.92,ANZ78847,NFCGNGNHIIS,1133,205.0
386,HLA-A26:01,8829.89,ANZ78847,NNIDAAKIYGM,386,206.0
656,HLA-A26:01,8839.33,ANZ78847,NLLYDSNGNLY,656,207.0
374,HLA-A26:01,8846.45,ANZ78847,LMSFIQADSFT,374,208.0
922,HLA-A26:01,8851.09,ANZ78847,VKLSDVGFVAA,922,209.0
88,HLA-A26:01,8851.15,ANZ78847,KLSTLWFKPPF,88,210.0
391,HLA-A26:01,8855.74,ANZ78847,AKIYGMCFSSI,391,211.0
387,HLA-A26:01,8871.43,ANZ78847,NIDAAKIYGMC,387,212.0
812,HLA-A26:01,8875.61,ANZ78847,FIQTSSPKVTI,812,213.0
478,HLA-A26:01,8903.07,ANZ78847,VLTNHDVVYAQ,478,214.0
1134,HLA-A26:01,8933.61,ANZ78847,FCGNGNHIISL,1134,215.0
865,HLA-A26:01,8948.08,ANZ78847,LQVANSLMNGV,865,216.0
84,HLA-A26:01,8951.91,ANZ78847,KGTDKLSTLWF,84,217.0
1303,HLA-A26:01,8953.68,ANZ78847,KWPWYVWLLIC,1303,218.0
1087,HLA-A26:01,8965.82,ANZ78847,RLINGRLTALN,1087,219.0
806,HLA-A26:01,8977.9,ANZ78847,IGNMEEFIQTS,806,220.0
97,HLA-A26:01,8982.46,ANZ78847,PFLSDFINGIF,97,221.0
850,HLA-A26:01,9011.42,ANZ78847,NAILTEVNELL,850,222.0
1213,HLA-A26:01,9021.91,ANZ78847,VVVMSTCAVNY,1213,223.0
868,HLA-A26:01,9022.16,ANZ78847,ANSLMNGVTLS,868,224.0
221,HLA-A26:01,9062.65,ANZ78847,QEGGTFYAYFT,221,225.0
229,HLA-A26:01,9101.48,ANZ78847,YFTDTGVVTKF,229,226.0
1159,HLA-A26:01,9110.45,ANZ78847,YVPTKYVTAKV,1159,227.0
55,HLA-A26:01,9123.77,ANZ78847,VLDRVYLNTTL,55,228.0
62,HLA-A26:01,9124.23,ANZ78847,NTTLFLNGYYP,62,229.0
252,HLA-A26:01,9128.32,ANZ78847,YYVMPLTCISR,252,230.0
207,HLA-A26:01,9128.92,ANZ78847,TYDVNATYLYF,207,231.0
649,HLA-A26:01,9130.04,ANZ78847,TYYNSWQNLLY,649,232.0
657,HLA-A26:01,9133.39,ANZ78847,LLYDSNGNLYG,657,233.0
1300,HLA-A26:01,9135.88,ANZ78847,YYVKWPWYVWL,1300,234.0
205,HLA-A26:01,9140.9,ANZ78847,NFTYDVNATYL,205,235.0
1104,HLA-A26:01,9150.7,ANZ78847,LSDSTLVKFSA,1104,236.0
838,HLA-A26:01,9156.63,ANZ78847,QLVEYGSFCDN,838,237.0
200,HLA-A26:01,9163.18,ANZ78847,CLYKRNFTYDV,200,238.0
749,HLA-A26:01,9173.75,ANZ78847,TVGSGYCVDYS,749,239.0
122,HLA-A26:01,9184.99,ANZ78847,YSEFPAITIGS,122,240.0
1036,HLA-A26:01,9189.33,ANZ78847,ALVKIQAVVNA,1036,241.0
890,HLA-A26:01,9193.96,ANZ78847,DDINFSSVLGC,890,242.0
1069,HLA-A26:01,9200.39,ANZ78847,LQEILSRLDAL,1069,243.0
10,HLA-A26:01,9205.28,ANZ78847,TAFAVIGDLKC,10,244.0
1277,HLA-A26:01,9218.14,ANZ78847,RLQEAIKVLNQ,1277,245.0
93,HLA-A26:01,9230.54,ANZ78847,WFKPPFLSDFI,93,246.0
659,HLA-A26:01,9231.5,ANZ78847,YDSNGNLYGFR,659,247.0
1265,HLA-A26:01,9233.99,ANZ78847,NVTFLDLQVEM,1265,248.0
895,HLA-A26:01,9234.62,ANZ78847,SSVLGCLGSEC,895,249.0
946,HLA-A26:01,9238.98,ANZ78847,ICVQSYKGIKV,946,250.0
177,HLA-A26:01,9265.63,ANZ78847,TICHPNLGNHF,177,251.0
390,HLA-A26:01,9273.22,ANZ78847,AAKIYGMCFSS,390,252.0
219,HLA-A26:01,9278.25,ANZ78847,FYQEGGTFYAY,219,253.0
581,HLA-A26:01,9284.48,ANZ78847,AFLGWSADSCL,581,254.0
1028,HLA-A26:01,9294.55,ANZ78847,EGFDATNSALV,1028,255.0
468,HLA-A26:01,9298.79,ANZ78847,DSVFKPQPAGV,468,256.0
1143,HLA-A26:01,9316.31,ANZ78847,SLVQNAPYGLY,1143,257.0
80,HLA-A26:01,9320.78,ANZ78847,NMALKGTDKLS,80,258.0
790,HLA-A26:01,9326.03,ANZ78847,EPVGGLYEIQI,790,259.0
884,HLA-A26:01,9327.33,ANZ78847,GVNFNVDDINF,884,260.0
977,HLA-A26:01,9338.48,ANZ78847,SLFPPWTAAAG,977,261.0
275,HLA-A26:01,9347.85,ANZ78847,PLTSRQYLLAF,275,262.0
1033,HLA-A26:01,9357.06,ANZ78847,TNSALVKIQAV,1033,263.0
397,HLA-A26:01,9361.52,ANZ78847,CFSSITIDKFA,397,264.0
730,HLA-A26:01,9364.96,ANZ78847,GCVVNAYNSTA,730,265.0
285,HLA-A26:01,9369.99,ANZ78847,FNQDGIIFNAV,285,266.0
1282,HLA-A26:01,9371.18,ANZ78847,IKVLNQSYINL,1282,267.0
616,HLA-A26:01,9377.26,ANZ78847,DLQKANTDIKL,616,268.0
626,HLA-A26:01,9377.58,ANZ78847,LGVCVNYDLYG,626,269.0
641,HLA-A26:01,9378.04,ANZ78847,GIFVEVNATYY,641,270.0
226,HLA-A26:01,9378.3,ANZ78847,FYAYFTDTGVV,226,271.0
364,HLA-A26:01,9384.08,ANZ78847,FSNCNFNMSSL,364,272.0
997,HLA-A26:01,9387.05,ANZ78847,RINGLGVTMDV,997,273.0
236,HLA-A26:01,9387.65,ANZ78847,VTKFLFNVYLG,236,274.0
249,HLA-A26:01,9404.27,ANZ78847,LSHYYVMPLTC,249,275.0
196,HLA-A26:01,9418.85,ANZ78847,GVVSCLYKRNF,196,276.0
1348,HLA-A26:01,9420.25,ANZ78847,TGYQELVIKTS,1348,277.0
56,HLA-A26:01,9420.65,ANZ78847,LDRVYLNTTLF,56,278.0
871,HLA-A26:01,9449.51,ANZ78847,LMNGVTLSTKL,871,279.0
296,HLA-A26:01,9455.04,ANZ78847,DCMSDFMSEIK,296,280.0
1347,HLA-A26:01,9455.53,ANZ78847,YTGYQELVIKT,1347,281.0
668,HLA-A26:01,9474.98,ANZ78847,FRDYLTNRTFM,668,282.0
1091,HLA-A26:01,9482.23,ANZ78847,GRLTALNAYVS,1091,283.0
170,HLA-A26:01,9485.57,ANZ78847,NMCEYPHTICH,170,284.0
1296,HLA-A26:01,9500.23,ANZ78847,GTYEYYVKWPW,1296,285.0
294,HLA-A26:01,9503.52,ANZ78847,AVDCMSDFMSE,294,286.0
963,HLA-A26:01,9522.9,ANZ78847,ENQISGYTLAA,963,287.0
960,HLA-A26:01,9536.85,ANZ78847,LLSENQISGYT,960,288.0
208,HLA-A26:01,9538.75,ANZ78847,YDVNATYLYFH,208,289.0
885,HLA-A26:01,9543.36,ANZ78847,VNFNVDDINFS,885,290.0
580,HLA-A26:01,9554.55,ANZ78847,QAFLGWSADSC,580,291.0
1066,HLA-A26:01,9554.71,ANZ78847,SSSLQEILSRL,1066,292.0
880,HLA-A26:01,9564.51,ANZ78847,KLKDGVNFNVD,880,293.0
169,HLA-A26:01,9566.58,ANZ78847,YNMCEYPHTIC,169,294.0
620,HLA-A26:01,9566.67,ANZ78847,ANTDIKLGVCV,620,295.0
190,HLA-A26:01,9573.89,ANZ78847,LWHMDTGVVSC,190,296.0
1302,HLA-A26:01,9573.98,ANZ78847,VKWPWYVWLLI,1302,297.0
643,HLA-A26:01,9575.62,ANZ78847,FVEVNATYYNS,643,298.0
1144,HLA-A26:01,9577.31,ANZ78847,LVQNAPYGLYF,1144,299.0
738,HLA-A26:01,9577.97,ANZ78847,STAISVQTCDL,738,300.0
162,HLA-A26:01,9579.35,ANZ78847,LEVSVCQYNMC,162,301.0
779,HLA-A26:01,9580.8,ANZ78847,PFTVNSVNDSL,779,302.0
1261,HLA-A26:01,9586.8,ANZ78847,LDYINVTFLDL,1261,303.0
418,HLA-A26:01,9614.88,ANZ78847,LGNLGYLQSFN,418,304.0
268,HLA-A26:01,9616.02,ANZ78847,TLEYWVTPLTS,268,305.0
670,HLA-A26:01,9622.03,ANZ78847,DYLTNRTFMIR,670,306.0
1054,HLA-A26:01,9641.29,ANZ78847,LLQQLSNRFGA,1054,307.0
1326,HLA-A26:01,9645.57,ANZ78847,ICCCTGCGTSC,1326,308.0
1180,HLA-A26:01,9646.4,ANZ78847,GIAPKSGYFVN,1180,309.0
134,HLA-A26:01,9660.91,ANZ78847,FVNTSYSVVVQ,134,310.0
216,HLA-A26:01,9665.86,ANZ78847,YFHFYQEGGTF,216,311.0
1012,HLA-A26:01,9670.37,ANZ78847,QKLIANAFNNA,1012,312.0
1256,HLA-A26:01,9670.93,ANZ78847,APDLALDYINV,1256,313.0
159,HLA-A26:01,9671.16,ANZ78847,QGLLEVSVCQY,159,314.0
1172,HLA-A26:01,9675.64,ANZ78847,GLCIAGDRGIA,1172,315.0
704,HLA-A26:01,9681.73,ANZ78847,NIKCNYVFNNS,704,316.0
1229,HLA-A26:01,9683.88,ANZ78847,VMLNTSIPNLP,1229,317.0
106,HLA-A26:01,9689.01,ANZ78847,IFAKVKNTKVF,106,318.0
94,HLA-A26:01,9693.02,ANZ78847,FKPPFLSDFIN,94,319.0
921,HLA-A26:01,9694.08,ANZ78847,KVKLSDVGFVA,921,320.0
457,HLA-A26:01,9702.72,ANZ78847,STWNKRFGFIE,457,321.0
283,HLA-A26:01,9703.69,ANZ78847,LAFNQDGIIFN,283,322.0
640,HLA-A26:01,9704.49,ANZ78847,QGIFVEVNATY,640,323.0
920,HLA-A26:01,9708.93,ANZ78847,DKVKLSDVGFV,920,324.0
1106,HLA-A26:01,9709.89,ANZ78847,DSTLVKFSAAQ,1106,325.0
1274,HLA-A26:01,9710.15,ANZ78847,EMNRLQEAIKV,1274,326.0
1100,HLA-A26:01,9711.17,ANZ78847,VSQQLSDSTLV,1100,327.0
222,HLA-A26:01,9715.85,ANZ78847,EGGTFYAYFTD,222,328.0
1092,HLA-A26:01,9716.78,ANZ78847,RLTALNAYVSQ,1092,329.0
628,HLA-A26:01,9717.61,ANZ78847,VCVNYDLYGIS,628,330.0
165,HLA-A26:01,9718.78,ANZ78847,SVCQYNMCEYP,165,331.0
825,HLA-A26:01,9721.06,ANZ78847,AAFVCGDYAAC,825,332.0
1304,HLA-A26:01,9739.22,ANZ78847,WPWYVWLLICL,1304,333.0
1056,HLA-A26:01,9739.66,ANZ78847,QQLSNRFGAIS,1056,334.0
772,HLA-A26:01,9741.45,ANZ78847,YRFTNFEPFTV,772,335.0
527,HLA-A26:01,9745.84,ANZ78847,YLTCHNLCNPD,527,336.0
102,HLA-A26:01,9746.89,ANZ78847,FINGIFAKVKN,102,337.0
669,HLA-A26:01,9754.89,ANZ78847,RDYLTNRTFMI,669,338.0
242,HLA-A26:01,9755.12,ANZ78847,NVYLGMALSHY,242,339.0
161,HLA-A26:01,9759.07,ANZ78847,LLEVSVCQYNM,161,340.0
253,HLA-A26:01,9761.47,ANZ78847,YVMPLTCISRR,253,341.0
124,HLA-A26:01,9802.08,ANZ78847,EFPAITIGSTF,124,342.0
976,HLA-A26:01,9808.64,ANZ78847,ASLFPPWTAAA,976,343.0
1281,HLA-A26:01,9821.19,ANZ78847,AIKVLNQSYIN,1281,344.0
595,HLA-A26:01,9833.54,ANZ78847,KCNIFANLILH,595,345.0
63,HLA-A26:01,9840.88,ANZ78847,TTLFLNGYYPT,63,346.0
551,HLA-A26:01,9861.54,ANZ78847,KSLVGIGEHCS,551,347.0
127,HLA-A26:01,9862.63,ANZ78847,AITIGSTFVNT,127,348.0
983,HLA-A26:01,9865.45,ANZ78847,TAAAGVPFYLN,983,349.0
128,HLA-A26:01,9872.19,ANZ78847,ITIGSTFVNTS,128,350.0
633,HLA-A26:01,9879.29,ANZ78847,DLYGISGQGIF,633,351.0
211,HLA-A26:01,9881.01,ANZ78847,NATYLYFHFYQ,211,352.0
50,HLA-A26:01,9890.04,ANZ78847,LGTYYVLDRVY,50,353.0
116,HLA-A26:01,9890.59,ANZ78847,FKDGVMYSEFP,116,354.0
589,HLA-A26:01,9896.48,ANZ78847,SCLQGDKCNIF,589,355.0
92,HLA-A26:01,9915.4,ANZ78847,LWFKPPFLSDF,92,356.0
153,HLA-A26:01,9921.53,ANZ78847,DGVNKLQGLLE,153,357.0
187,HLA-A26:01,9926.03,ANZ78847,FKELWHMDTGV,187,358.0
189,HLA-A26:01,9929.29,ANZ78847,ELWHMDTGVVS,189,359.0
768,HLA-A26:01,9929.3,ANZ78847,ITTGYRFTNFE,768,360.0
140,HLA-A26:01,9932.32,ANZ78847,SVVVQPRTINS,140,361.0
1212,HLA-A26:01,9936.31,ANZ78847,NVVVMSTCAVN,1212,362.0
995,HLA-A26:01,9940.64,ANZ78847,QYRINGLGVTM,995,363.0
111,HLA-A26:01,9946.02,ANZ78847,KNTKVFKDGVM,111,364.0
1000,HLA-A26:01,9949.53,ANZ78847,GLGVTMDVLSQ,1000,365.0
115,HLA-A26:01,9955.91,ANZ78847,VFKDGVMYSEF,115,366.0
5,HLA-A26:01,9959.55,ANZ78847,LISLPTAFAVI,5,367.0
970,HLA-A26:01,9962.46,ANZ78847,TLAATSASLFP,970,368.0
1107,HLA-A26:01,9965.09,ANZ78847,STLVKFSAAQA,1107,369.0
1006,HLA-A26:01,9978.52,ANZ78847,DVLSQNQKLIA,1006,370.0
395,HLA-A26:01,9986.75,ANZ78847,GMCFSSITIDK,395,371.0
1197,HLA-A26:01,9999.58,ANZ78847,YTGSGYYYPEP,1197,372.0
289,HLA-A26:01,10005.95,ANZ78847,GIIFNAVDCMS,289,373.0
91,HLA-A26:01,10008.8,ANZ78847,TLWFKPPFLSD,91,374.0
1068,HLA-A26:01,10009.79,ANZ78847,SLQEILSRLDA,1068,375.0
1157,HLA-A26:01,10022.62,ANZ78847,FSYVPTKYVTA,1157,376.0
862,HLA-A26:01,10035.7,ANZ78847,TTQLQVANSLM,862,377.0
416,HLA-A26:01,10042.22,ANZ78847,LQLGNLGYLQS,416,378.0
194,HLA-A26:01,10044.51,ANZ78847,DTGVVSCLYKR,194,379.0
914,HLA-A26:01,10045.42,ANZ78847,IEDLLFDKVKL,914,380.0
256,HLA-A26:01,10046.88,ANZ78847,PLTCISRRNIG,256,381.0
1266,HLA-A26:01,10058.83,ANZ78847,VTFLDLQVEMN,1266,382.0
766,HLA-A26:01,10059.77,ANZ78847,RAITTGYRFTN,766,383.0
787,HLA-A26:01,10063.14,ANZ78847,DSLEPVGGLYE,787,384.0
593,HLA-A26:01,10063.39,ANZ78847,GDKCNIFANLI,593,385.0
697,HLA-A26:01,10066.94,ANZ78847,EPALLFRNIKC,697,386.0
1260,HLA-A26:01,10069.28,ANZ78847,ALDYINVTFLD,1260,387.0
1117,HLA-A26:01,10071.43,ANZ78847,AMEKVNECVKS,1117,388.0
1334,HLA-A26:01,10080.78,ANZ78847,TSCFKKCGGCC,1334,389.0
552,HLA-A26:01,10082.51,ANZ78847,SLVGIGEHCSG,552,390.0
663,HLA-A26:01,10085.08,ANZ78847,GNLYGFRDYLT,663,391.0
28,HLA-A26:01,10086.13,ANZ78847,SLNNIDTGPPS,28,392.0
1262,HLA-A26:01,10087.13,ANZ78847,DYINVTFLDLQ,1262,393.0
635,HLA-A26:01,10090.41,ANZ78847,YGISGQGIFVE,635,394.0
1220,HLA-A26:01,10091.45,ANZ78847,AVNYTKAPYVM,1220,395.0
217,HLA-A26:01,10093.19,ANZ78847,FHFYQEGGTFY,217,396.0
73,HLA-A26:01,10094.11,ANZ78847,TSGSTYRNMAL,73,397.0
246,HLA-A26:01,10096.4,ANZ78847,GMALSHYYVMP,246,398.0
381,HLA-A26:01,10098.94,ANZ78847,DSFTCNNIDAA,381,399.0
288,HLA-A26:01,10106.05,ANZ78847,DGIIFNAVDCM,288,400.0
701,HLA-A26:01,10116.46,ANZ78847,LFRNIKCNYVF,701,401.0
664,HLA-A26:01,10116.53,ANZ78847,NLYGFRDYLTN,664,402.0
191,HLA-A26:01,10118.86,ANZ78847,WHMDTGVVSCL,191,403.0
317,HLA-A26:01,10119.8,ANZ78847,GVYELNGYTVQ,317,404.0
1244,HLA-A26:01,10121.98,ANZ78847,ELDQWFKNQTS,1244,405.0
280,HLA-A26:01,10123.56,ANZ78847,QYLLAFNQDGI,280,406.0
721,HLA-A26:01,10129.76,ANZ78847,PINYFDSYLGC,721,407.0
436,HLA-A26:01,10134.8,ANZ78847,TSCQLYYNLPA,436,408.0
1194,HLA-A26:01,10138.56,ANZ78847,TWMYTGSGYYY,1194,409.0
591,HLA-A26:01,10148.62,ANZ78847,LQGDKCNIFAN,591,410.0
394,HLA-A26:01,10158.34,ANZ78847,YGMCFSSITID,394,411.0
1024,HLA-A26:01,10167.58,ANZ78847,DAIQEGFDATN,1024,412.0
1208,HLA-A26:01,10180.92,ANZ78847,ITENNVVVMST,1208,413.0
524,HLA-A26:01,10183.7,ANZ78847,GTNYLTCHNLC,524,414.0
667,HLA-A26:01,10187.94,ANZ78847,GFRDYLTNRTF,667,415.0
369,HLA-A26:01,10192.5,ANZ78847,FNMSSLMSFIQ,369,416.0
396,HLA-A26:01,10203.14,ANZ78847,MCFSSITIDKF,396,417.0
265,HLA-A26:01,10204.48,ANZ78847,IGFTLEYWVTP,265,418.0
251,HLA-A26:01,10211.57,ANZ78847,HYYVMPLTCIS,251,419.0
877,HLA-A26:01,10214.36,ANZ78847,LSTKLKDGVNF,877,420.0
81,HLA-A26:01,10216.13,ANZ78847,MALKGTDKLST,81,421.0
874,HLA-A26:01,10225.51,ANZ78847,GVTLSTKLKDG,874,422.0
945,HLA-A26:01,10225.92,ANZ78847,LICVQSYKGIK,945,423.0
1057,HLA-A26:01,10229.08,ANZ78847,QLSNRFGAISS,1057,424.0
560,HLA-A26:01,10233.72,ANZ78847,CSGLAVKSDYC,560,425.0
1004,HLA-A26:01,10234.6,ANZ78847,TMDVLSQNQKL,1004,426.0
1294,HLA-A26:01,10237.17,ANZ78847,DIGTYEYYVKW,1294,427.0
419,HLA-A26:01,10238.83,ANZ78847,GNLGYLQSFNY,419,428.0
496,HLA-A26:01,10241.32,ANZ78847,NFCPCKSNSSL,496,429.0
61,HLA-A26:01,10245.38,ANZ78847,LNTTLFLNGYY,61,430.0
241,HLA-A26:01,10246.31,ANZ78847,FNVYLGMALSH,241,431.0
705,HLA-A26:01,10247.62,ANZ78847,IKCNYVFNNSL,705,432.0
355,HLA-A26:01,10247.81,ANZ78847,SPLNWERKTFS,355,433.0
610,HLA-A26:01,10257.64,ANZ78847,GLTCSTDLQKA,610,434.0
377,HLA-A26:01,10258.17,ANZ78847,FIQADSFTCNN,377,435.0
797,HLA-A26:01,10271.69,ANZ78847,EIQIPSDFTIG,797,436.0
456,HLA-A26:01,10272.58,ANZ78847,PSTWNKRFGFI,456,437.0
43,HLA-A26:01,10272.72,ANZ78847,TVDVTNGLGTY,43,438.0
1094,HLA-A26:01,10274.58,ANZ78847,TALNAYVSQQL,1094,439.0
1349,HLA-A26:01,10275.53,ANZ78847,GYQELVIKTSH,1349,440.0
823,HLA-A26:01,10284.06,ANZ78847,DCAAFVCGDYA,823,441.0
726,HLA-A26:01,10286.76,ANZ78847,DSYLGCVVNAY,726,442.0
437,HLA-A26:01,10287.63,ANZ78847,SCQLYYNLPAA,437,443.0
243,HLA-A26:01,10296.53,ANZ78847,VYLGMALSHYY,243,444.0
837,HLA-A26:01,10300.32,ANZ78847,SQLVEYGSFCD,837,445.0
863,HLA-A26:01,10314.44,ANZ78847,TQLQVANSLMN,863,446.0
599,HLA-A26:01,10321.22,ANZ78847,FANLILHDVNS,599,447.0
714,HLA-A26:01,10322.23,ANZ78847,SLTRQLQPINY,714,448.0
755,HLA-A26:01,10325.35,ANZ78847,CVDYSKNRRSR,755,449.0
308,HLA-A26:01,10328.65,ANZ78847,KTQSIAPPTGV,308,450.0
367,HLA-A26:01,10329.94,ANZ78847,CNFNMSSLMSF,367,451.0
198,HLA-A26:01,10332.55,ANZ78847,VSCLYKRNFTY,198,452.0
639,HLA-A26:01,10333.37,ANZ78847,GQGIFVEVNAT,639,453.0
718,HLA-A26:01,10338.44,ANZ78847,QLQPINYFDSY,718,454.0
1041,HLA-A26:01,10338.8,ANZ78847,QAVVNANAEAL,1041,455.0
311,HLA-A26:01,10341.0,ANZ78847,SIAPPTGVYEL,311,456.0
724,HLA-A26:01,10349.13,ANZ78847,YFDSYLGCVVN,724,457.0
919,HLA-A26:01,10354.95,ANZ78847,FDKVKLSDVGF,919,458.0
745,HLA-A26:01,10355.11,ANZ78847,TCDLTVGSGYC,745,459.0
1155,HLA-A26:01,10365.19,ANZ78847,IHFSYVPTKYV,1155,460.0
900,HLA-A26:01,10366.2,ANZ78847,CLGSECSKASS,900,461.0
851,HLA-A26:01,10370.74,ANZ78847,AILTEVNELLD,851,462.0
792,HLA-A26:01,10373.44,ANZ78847,VGGLYEIQIPS,792,463.0
845,HLA-A26:01,10378.1,ANZ78847,FCDNINAILTE,845,464.0
875,HLA-A26:01,10379.32,ANZ78847,VTLSTKLKDGV,875,465.0
1120,HLA-A26:01,10380.09,ANZ78847,KVNECVKSQSS,1120,466.0
105,HLA-A26:01,10382.54,ANZ78847,GIFAKVKNTKV,105,467.0
1124,HLA-A26:01,10385.03,ANZ78847,CVKSQSSRINF,1124,468.0
197,HLA-A26:01,10391.11,ANZ78847,VVSCLYKRNFT,197,469.0
604,HLA-A26:01,10392.75,ANZ78847,LHDVNSGLTCS,604,470.0
1224,HLA-A26:01,10409.82,ANZ78847,TKAPYVMLNTS,1224,471.0
864,HLA-A26:01,10420.15,ANZ78847,QLQVANSLMNG,864,472.0
859,HLA-A26:01,10429.44,ANZ78847,LLDTTQLQVAN,859,473.0
965,HLA-A26:01,10439.94,ANZ78847,QISGYTLAATS,965,474.0
858,HLA-A26:01,10445.82,ANZ78847,ELLDTTQLQVA,858,475.0
774,HLA-A26:01,10447.19,ANZ78847,FTNFEPFTVNS,774,476.0
1115,HLA-A26:01,10460.08,ANZ78847,AQAMEKVNECV,1115,477.0
808,HLA-A26:01,10461.79,ANZ78847,NMEEFIQTSSP,808,478.0
272,HLA-A26:01,10468.81,ANZ78847,WVTPLTSRQYL,272,479.0
672,HLA-A26:01,10473.35,ANZ78847,LTNRTFMIRSC,672,480.0
1271,HLA-A26:01,10476.24,ANZ78847,LQVEMNRLQEA,1271,481.0
433,HLA-A26:01,10476.68,ANZ78847,TTATSCQLYYN,433,482.0
388,HLA-A26:01,10476.99,ANZ78847,IDAAKIYGMCF,388,483.0
861,HLA-A26:01,10488.05,ANZ78847,DTTQLQVANSL,861,484.0
579,HLA-A26:01,10488.97,ANZ78847,PQAFLGWSADS,579,485.0
707,HLA-A26:01,10492.38,ANZ78847,CNYVFNNSLTR,707,486.0
1064,HLA-A26:01,10494.88,ANZ78847,AISSSLQEILS,1064,487.0
888,HLA-A26:01,10495.16,ANZ78847,NVDDINFSSVL,888,488.0
227,HLA-A26:01,10501.03,ANZ78847,YAYFTDTGVVT,227,489.0
576,HLA-A26:01,10506.65,ANZ78847,TCQPQAFLGWS,576,490.0
284,HLA-A26:01,10511.86,ANZ78847,AFNQDGIIFNA,284,491.0
186,HLA-A26:01,10514.45,ANZ78847,HFKELWHMDTG,186,492.0
719,HLA-A26:01,10515.88,ANZ78847,LQPINYFDSYL,719,493.0
431,HLA-A26:01,10516.72,ANZ78847,IDTTATSCQLY,431,494.0
1146,HLA-A26:01,10519.13,ANZ78847,QNAPYGLYFIH,1146,495.0
878,HLA-A26:01,10520.17,ANZ78847,STKLKDGVNFN,878,496.0
425,HLA-A26:01,10520.57,ANZ78847,QSFNYRIDTTA,425,497.0
1102,HLA-A26:01,10524.98,ANZ78847,QQLSDSTLVKF,1102,498.0
1289,HLA-A26:01,10533.15,ANZ78847,YINLKDIGTYE,1289,499.0
780,HLA-A26:01,10536.81,ANZ78847,FTVNSVNDSLE,780,500.0
414,HLA-A26:01,10543.14,ANZ78847,VDLQLGNLGYL,414,501.0
799,HLA-A26:01,10543.39,ANZ78847,QIPSDFTIGNM,799,502.0
814,HLA-A26:01,10543.94,ANZ78847,QTSSPKVTIDC,814,503.0
1257,HLA-A26:01,10546.54,ANZ78847,PDLALDYINVT,1257,504.0
1065,HLA-A26:01,10547.89,ANZ78847,ISSSLQEILSR,1065,505.0
532,HLA-A26:01,10551.34,ANZ78847,NLCNPDPITFT,532,506.0
1253,HLA-A26:01,10556.81,ANZ78847,TSVAPDLALDY,1253,507.0
1283,HLA-A26:01,10560.0,ANZ78847,KVLNQSYINLK,1283,508.0
109,HLA-A26:01,10560.77,ANZ78847,KVKNTKVFKDG,109,509.0
126,HLA-A26:01,10563.68,ANZ78847,PAITIGSTFVN,126,510.0
678,HLA-A26:01,10565.23,ANZ78847,MIRSCYSGRVS,678,511.0
121,HLA-A26:01,10567.61,ANZ78847,MYSEFPAITIG,121,512.0
520,HLA-A26:01,10570.77,ANZ78847,TCPAGTNYLTC,520,513.0
1280,HLA-A26:01,10573.24,ANZ78847,EAIKVLNQSYI,1280,514.0
1288,HLA-A26:01,10573.68,ANZ78847,SYINLKDIGTY,1288,515.0
1023,HLA-A26:01,10578.31,ANZ78847,LDAIQEGFDAT,1023,516.0
1232,HLA-A26:01,10593.83,ANZ78847,NTSIPNLPDFR,1232,517.0
550,HLA-A26:01,10599.04,ANZ78847,SKSLVGIGEHC,550,518.0
624,HLA-A26:01,10599.86,ANZ78847,IKLGVCVNYDL,624,519.0
827,HLA-A26:01,10600.47,ANZ78847,FVCGDYAACKS,827,520.0
1299,HLA-A26:01,10617.54,ANZ78847,EYYVKWPWYVW,1299,521.0
849,HLA-A26:01,10621.91,ANZ78847,INAILTEVNEL,849,522.0
96,HLA-A26:01,10622.58,ANZ78847,PPFLSDFINGI,96,523.0
290,HLA-A26:01,10622.83,ANZ78847,IIFNAVDCMSD,290,524.0
681,HLA-A26:01,10622.83,ANZ78847,SCYSGRVSAAF,681,524.0
820,HLA-A26:01,10626.19,ANZ78847,VTIDCAAFVCG,820,526.0
618,HLA-A26:01,10630.81,ANZ78847,QKANTDIKLGV,618,527.0
1016,HLA-A26:01,10639.06,ANZ78847,ANAFNNALDAI,1016,528.0
1011,HLA-A26:01,10644.03,ANZ78847,NQKLIANAFNN,1011,529.0
495,HLA-A26:01,10644.7,ANZ78847,KNFCPCKSNSS,495,530.0
204,HLA-A26:01,10644.75,ANZ78847,RNFTYDVNATY,204,531.0
463,HLA-A26:01,10647.63,ANZ78847,FGFIEDSVFKP,463,532.0
1021,HLA-A26:01,10653.19,ANZ78847,NALDAIQEGFD,1021,533.0
676,HLA-A26:01,10654.33,ANZ78847,TFMIRSCYSGR,676,534.0
112,HLA-A26:01,10664.09,ANZ78847,NTKVFKDGVMY,112,535.0
151,HLA-A26:01,10664.5,ANZ78847,TQDGVNKLQGL,151,536.0
34,HLA-A26:01,10666.1,ANZ78847,TGPPSISTATV,34,537.0
702,HLA-A26:01,10668.38,ANZ78847,FRNIKCNYVFN,702,538.0
1078,HLA-A26:01,10669.71,ANZ78847,ALEAEAQIDRL,1078,539.0
910,HLA-A26:01,10671.51,ANZ78847,SRSAIEDLLFD,910,540.0
692,HLA-A26:01,10672.42,ANZ78847,HANSSEPALLF,692,541.0
937,HLA-A26:01,10680.41,ANZ78847,TGGAEIRDLIC,937,542.0
807,HLA-A26:01,10681.39,ANZ78847,GNMEEFIQTSS,807,543.0
53,HLA-A26:01,10681.61,ANZ78847,YYVLDRVYLNT,53,544.0
896,HLA-A26:01,10693.66,ANZ78847,SVLGCLGSECS,896,545.0
617,HLA-A26:01,10695.01,ANZ78847,LQKANTDIKLG,617,546.0
1095,HLA-A26:01,10699.07,ANZ78847,ALNAYVSQQLS,1095,547.0
1077,HLA-A26:01,10706.14,ANZ78847,DALEAEAQIDR,1077,548.0
1009,HLA-A26:01,10713.92,ANZ78847,SQNQKLIANAF,1009,549.0
717,HLA-A26:01,10716.68,ANZ78847,RQLQPINYFDS,717,550.0
163,HLA-A26:01,10717.47,ANZ78847,EVSVCQYNMCE,163,551.0
986,HLA-A26:01,10717.53,ANZ78847,AGVPFYLNVQY,986,552.0
567,HLA-A26:01,10719.82,ANZ78847,SDYCGGNPCTC,567,553.0
961,HLA-A26:01,10726.36,ANZ78847,LSENQISGYTL,961,554.0
926,HLA-A26:01,10729.23,ANZ78847,DVGFVAAYNNC,926,555.0
171,HLA-A26:01,10733.47,ANZ78847,MCEYPHTICHP,171,556.0
338,HLA-A26:01,10741.59,ANZ78847,DLPNCNIEAWL,338,557.0
1164,HLA-A26:01,10745.62,ANZ78847,YVTAKVSPGLC,1164,558.0
974,HLA-A26:01,10748.78,ANZ78847,TSASLFPPWTA,974,559.0
729,HLA-A26:01,10751.26,ANZ78847,LGCVVNAYNST,729,560.0
1203,HLA-A26:01,10751.59,ANZ78847,YYPEPITENNV,1203,561.0
1223,HLA-A26:01,10752.07,ANZ78847,YTKAPYVMLNT,1223,562.0
85,HLA-A26:01,10753.69,ANZ78847,GTDKLSTLWFK,85,563.0
1193,HLA-A26:01,10753.72,ANZ78847,NTWMYTGSGYY,1193,564.0
830,HLA-A26:01,10758.8,ANZ78847,GDYAACKSQLV,830,565.0
188,HLA-A26:01,10761.39,ANZ78847,KELWHMDTGVV,188,566.0
699,HLA-A26:01,10762.46,ANZ78847,ALLFRNIKCNY,699,567.0
432,HLA-A26:01,10762.47,ANZ78847,DTTATSCQLYY,432,568.0
413,HLA-A26:01,10771.22,ANZ78847,KVDLQLGNLGY,413,569.0
987,HLA-A26:01,10776.85,ANZ78847,GVPFYLNVQYR,987,570.0
1209,HLA-A26:01,10782.54,ANZ78847,TENNVVVMSTC,1209,571.0
891,HLA-A26:01,10784.83,ANZ78847,DINFSSVLGCL,891,572.0
773,HLA-A26:01,10786.37,ANZ78847,RFTNFEPFTVN,773,573.0
712,HLA-A26:01,10787.54,ANZ78847,NNSLTRQLQPI,712,574.0
1227,HLA-A26:01,10788.98,ANZ78847,PYVMLNTSIPN,1227,575.0
101,HLA-A26:01,10796.03,ANZ78847,DFINGIFAKVK,101,576.0
796,HLA-A26:01,10797.25,ANZ78847,YEIQIPSDFTI,796,577.0
1125,HLA-A26:01,10797.44,ANZ78847,VKSQSSRINFC,1125,578.0
12,HLA-A26:01,10801.3,ANZ78847,FAVIGDLKCPL,12,579.0
913,HLA-A26:01,10815.26,ANZ78847,AIEDLLFDKVK,913,580.0
1001,HLA-A26:01,10815.35,ANZ78847,LGVTMDVLSQN,1001,581.0
867,HLA-A26:01,10817.79,ANZ78847,VANSLMNGVTL,867,582.0
518,HLA-A26:01,10818.44,ANZ78847,IGTCPAGTNYL,518,583.0
1295,HLA-A26:01,10823.62,ANZ78847,IGTYEYYVKWP,1295,584.0
602,HLA-A26:01,10825.28,ANZ78847,LILHDVNSGLT,602,585.0
775,HLA-A26:01,10826.19,ANZ78847,TNFEPFTVNSV,775,586.0
483,HLA-A26:01,10839.23,ANZ78847,DVVYAQHCFKA,483,587.0
415,HLA-A26:01,10840.54,ANZ78847,DLQLGNLGYLQ,415,588.0
371,HLA-A26:01,10846.15,ANZ78847,MSSLMSFIQAD,371,589.0
1167,HLA-A26:01,10848.13,ANZ78847,AKVSPGLCIAG,1167,590.0
802,HLA-A26:01,10851.64,ANZ78847,SDFTIGNMEEF,802,591.0
1140,HLA-A26:01,10858.94,ANZ78847,HIISLVQNAPY,1140,592.0
129,HLA-A26:01,10864.84,ANZ78847,TIGSTFVNTSY,129,593.0
1035,HLA-A26:01,10866.87,ANZ78847,SALVKIQAVVN,1035,594.0
822,HLA-A26:01,10866.93,ANZ78847,IDCAAFVCGDY,822,595.0
748,HLA-A26:01,10867.06,ANZ78847,LTVGSGYCVDY,748,596.0
366,HLA-A26:01,10881.4,ANZ78847,NCNFNMSSLMS,366,597.0
1267,HLA-A26:01,10881.6,ANZ78847,TFLDLQVEMNR,1267,598.0
601,HLA-A26:01,10882.38,ANZ78847,NLILHDVNSGL,601,599.0
130,HLA-A26:01,10883.93,ANZ78847,IGSTFVNTSYS,130,600.0
732,HLA-A26:01,10891.36,ANZ78847,VVNAYNSTAIS,732,601.0
893,HLA-A26:01,10907.89,ANZ78847,NFSSVLGCLGS,893,602.0
273,HLA-A26:01,10910.42,ANZ78847,VTPLTSRQYLL,273,603.0
48,HLA-A26:01,10913.88,ANZ78847,NGLGTYYVLDR,48,604.0
471,HLA-A26:01,10919.85,ANZ78847,FKPQPAGVLTN,471,605.0
323,HLA-A26:01,10920.56,ANZ78847,GYTVQPIADVY,323,606.0
824,HLA-A26:01,10925.66,ANZ78847,CAAFVCGDYAA,824,607.0
350,HLA-A26:01,10931.24,ANZ78847,DKSVPSPLNWE,350,608.0
855,HLA-A26:01,10932.39,ANZ78847,EVNELLDTTQL,855,609.0
1010,HLA-A26:01,10932.59,ANZ78847,QNQKLIANAFN,1010,610.0
1345,HLA-A26:01,10933.91,ANZ78847,DDYTGYQELVI,1345,611.0
586,HLA-A26:01,10938.86,ANZ78847,SADSCLQGDKC,586,612.0
164,HLA-A26:01,10941.93,ANZ78847,VSVCQYNMCEY,164,613.0
658,HLA-A26:01,10951.17,ANZ78847,LYDSNGNLYGF,658,614.0
167,HLA-A26:01,10951.28,ANZ78847,CQYNMCEYPHT,167,615.0
1207,HLA-A26:01,10952.15,ANZ78847,PITENNVVVMS,1207,616.0
302,HLA-A26:01,10954.13,ANZ78847,MSEIKCKTQSI,302,617.0
675,HLA-A26:01,10955.59,ANZ78847,RTFMIRSCYSG,675,618.0
298,HLA-A26:01,10956.97,ANZ78847,MSDFMSEIKCK,298,619.0
38,HLA-A26:01,10959.55,ANZ78847,SISTATVDVTN,38,620.0
990,HLA-A26:01,10959.77,ANZ78847,FYLNVQYRING,990,621.0
1192,HLA-A26:01,10962.75,ANZ78847,NNTWMYTGSGY,1192,622.0
756,HLA-A26:01,10969.61,ANZ78847,VDYSKNRRSRR,756,623.0
981,HLA-A26:01,10974.28,ANZ78847,PWTAAAGVPFY,981,624.0
703,HLA-A26:01,10978.03,ANZ78847,RNIKCNYVFNN,703,625.0
1216,HLA-A26:01,10980.27,ANZ78847,MSTCAVNYTKA,1216,626.0
488,HLA-A26:01,10982.16,ANZ78847,QHCFKAPKNFC,488,627.0
944,HLA-A26:01,10984.43,ANZ78847,DLICVQSYKGI,944,628.0
793,HLA-A26:01,10987.23,ANZ78847,GGLYEIQIPSD,793,629.0
1264,HLA-A26:01,10990.41,ANZ78847,INVTFLDLQVE,1264,630.0
899,HLA-A26:01,10992.09,ANZ78847,GCLGSECSKAS,899,631.0
894,HLA-A26:01,10993.32,ANZ78847,FSSVLGCLGSE,894,632.0
435,HLA-A26:01,10994.22,ANZ78847,ATSCQLYYNLP,435,633.0
304,HLA-A26:01,10994.67,ANZ78847,EIKCKTQSIAP,304,634.0
1306,HLA-A26:01,10996.67,ANZ78847,WYVWLLICLAG,1306,635.0
1063,HLA-A26:01,11000.5,ANZ78847,GAISSSLQEIL,1063,636.0
682,HLA-A26:01,11003.27,ANZ78847,CYSGRVSAAFH,682,637.0
842,HLA-A26:01,11003.87,ANZ78847,YGSFCDNINAI,842,638.0
465,HLA-A26:01,11010.96,ANZ78847,FIEDSVFKPQP,465,639.0
424,HLA-A26:01,11012.86,ANZ78847,LQSFNYRIDTT,424,640.0
999,HLA-A26:01,11014.44,ANZ78847,NGLGVTMDVLS,999,641.0
31,HLA-A26:01,11014.99,ANZ78847,NIDTGPPSIST,31,642.0
1185,HLA-A26:01,11020.72,ANZ78847,SGYFVNVNNTW,1185,643.0
440,HLA-A26:01,11021.81,ANZ78847,LYYNLPAANVS,440,644.0
155,HLA-A26:01,11023.77,ANZ78847,VNKLQGLLEVS,155,645.0
971,HLA-A26:01,11024.64,ANZ78847,LAATSASLFPP,971,646.0
152,HLA-A26:01,11025.4,ANZ78847,QDGVNKLQGLL,152,647.0
343,HLA-A26:01,11028.17,ANZ78847,NIEAWLNDKSV,343,648.0
966,HLA-A26:01,11033.64,ANZ78847,ISGYTLAATSA,966,649.0
52,HLA-A26:01,11040.89,ANZ78847,TYYVLDRVYLN,52,650.0
798,HLA-A26:01,11047.91,ANZ78847,IQIPSDFTIGN,798,651.0
769,HLA-A26:01,11049.77,ANZ78847,TTGYRFTNFEP,769,652.0
110,HLA-A26:01,11051.15,ANZ78847,VKNTKVFKDGV,110,653.0
1225,HLA-A26:01,11054.55,ANZ78847,KAPYVMLNTSI,1225,654.0
1109,HLA-A26:01,11056.38,ANZ78847,LVKFSAAQAME,1109,655.0
287,HLA-A26:01,11068.08,ANZ78847,QDGIIFNAVDC,287,656.0
422,HLA-A26:01,11071.23,ANZ78847,GYLQSFNYRID,422,657.0
400,HLA-A26:01,11074.23,ANZ78847,SITIDKFAIPN,400,658.0
184,HLA-A26:01,11076.89,ANZ78847,GNHFKELWHMD,184,659.0
347,HLA-A26:01,11081.2,ANZ78847,WLNDKSVPSPL,347,660.0
1284,HLA-A26:01,11086.96,ANZ78847,VLNQSYINLKD,1284,661.0
291,HLA-A26:01,11088.22,ANZ78847,IFNAVDCMSDF,291,662.0
847,HLA-A26:01,11097.58,ANZ78847,DNINAILTEVN,847,663.0
731,HLA-A26:01,11098.95,ANZ78847,CVVNAYNSTAI,731,664.0
300,HLA-A26:01,11099.11,ANZ78847,DFMSEIKCKTQ,300,665.0
715,HLA-A26:01,11103.81,ANZ78847,LTRQLQPINYF,715,666.0
402,HLA-A26:01,11106.47,ANZ78847,TIDKFAIPNGR,402,667.0
269,HLA-A26:01,11111.75,ANZ78847,LEYWVTPLTSR,269,668.0
958,HLA-A26:01,11113.39,ANZ78847,PPLLSENQISG,958,669.0
1055,HLA-A26:01,11115.71,ANZ78847,LQQLSNRFGAI,1055,670.0
399,HLA-A26:01,11124.78,ANZ78847,SSITIDKFAIP,399,671.0
853,HLA-A26:01,11130.46,ANZ78847,LTEVNELLDTT,853,672.0
706,HLA-A26:01,11130.5,ANZ78847,KCNYVFNNSLT,706,673.0
517,HLA-A26:01,11134.62,ANZ78847,GIGTCPAGTNY,517,674.0
598,HLA-A26:01,11135.0,ANZ78847,IFANLILHDVN,598,675.0
1020,HLA-A26:01,11137.67,ANZ78847,NNALDAIQEGF,1020,676.0
553,HLA-A26:01,11137.81,ANZ78847,LVGIGEHCSGL,553,677.0
1093,HLA-A26:01,11140.99,ANZ78847,LTALNAYVSQQ,1093,678.0
680,HLA-A26:01,11150.15,ANZ78847,RSCYSGRVSAA,680,679.0
956,HLA-A26:01,11154.64,ANZ78847,VLPPLLSENQI,956,680.0
430,HLA-A26:01,11155.04,ANZ78847,RIDTTATSCQL,430,681.0
650,HLA-A26:01,11157.87,ANZ78847,YYNSWQNLLYD,650,682.0
1090,HLA-A26:01,11161.8,ANZ78847,NGRLTALNAYV,1090,683.0
629,HLA-A26:01,11162.44,ANZ78847,CVNYDLYGISG,629,684.0
497,HLA-A26:01,11173.45,ANZ78847,FCPCKSNSSLC,497,685.0
648,HLA-A26:01,11176.02,ANZ78847,ATYYNSWQNLL,648,686.0
642,HLA-A26:01,11176.11,ANZ78847,IFVEVNATYYN,642,687.0
975,HLA-A26:01,11190.17,ANZ78847,SASLFPPWTAA,975,688.0
821,HLA-A26:01,11190.96,ANZ78847,TIDCAAFVCGD,821,689.0
40,HLA-A26:01,11191.31,ANZ78847,STATVDVTNGL,40,690.0
959,HLA-A26:01,11191.44,ANZ78847,PLLSENQISGY,959,691.0
918,HLA-A26:01,11193.93,ANZ78847,LFDKVKLSDVG,918,692.0
941,HLA-A26:01,11197.18,ANZ78847,EIRDLICVQSY,941,693.0
445,HLA-A26:01,11206.37,ANZ78847,PAANVSVSRFN,445,694.0
44,HLA-A26:01,11209.27,ANZ78847,VDVTNGLGTYY,44,695.0
901,HLA-A26:01,11213.3,ANZ78847,LGSECSKASSR,901,696.0
420,HLA-A26:01,11216.55,ANZ78847,NLGYLQSFNYR,420,697.0
1050,HLA-A26:01,11218.25,ANZ78847,ALNNLLQQLSN,1050,698.0
1342,HLA-A26:01,11223.06,ANZ78847,GCCDDYTGYQE,1342,699.0
1067,HLA-A26:01,11229.29,ANZ78847,SSLQEILSRLD,1067,700.0
1072,HLA-A26:01,11231.64,ANZ78847,ILSRLDALEAE,1072,701.0
95,HLA-A26:01,11237.43,ANZ78847,KPPFLSDFING,95,702.0
1239,HLA-A26:01,11237.6,ANZ78847,PDFREELDQWF,1239,703.0
14,HLA-A26:01,11238.56,ANZ78847,VIGDLKCPLDS,14,704.0
324,HLA-A26:01,11248.43,ANZ78847,YTVQPIADVYR,324,705.0
1119,HLA-A26:01,11249.34,ANZ78847,EKVNECVKSQS,1119,706.0
274,HLA-A26:01,11249.63,ANZ78847,TPLTSRQYLLA,274,707.0
199,HLA-A26:01,11251.87,ANZ78847,SCLYKRNFTYD,199,708.0
1340,HLA-A26:01,11259.09,ANZ78847,CGGCCDDYTGY,1340,709.0
810,HLA-A26:01,11259.27,ANZ78847,EEFIQTSSPKV,810,710.0
421,HLA-A26:01,11262.38,ANZ78847,LGYLQSFNYRI,421,711.0
611,HLA-A26:01,11263.81,ANZ78847,LTCSTDLQKAN,611,712.0
1025,HLA-A26:01,11265.24,ANZ78847,AIQEGFDATNS,1025,713.0
646,HLA-A26:01,11271.26,ANZ78847,VNATYYNSWQN,646,714.0
59,HLA-A26:01,11272.55,ANZ78847,VYLNTTLFLNG,59,715.0
753,HLA-A26:01,11281.39,ANZ78847,GYCVDYSKNRR,753,716.0
662,HLA-A26:01,11281.45,ANZ78847,NGNLYGFRDYL,662,717.0
1231,HLA-A26:01,11282.02,ANZ78847,LNTSIPNLPDF,1231,718.0
947,HLA-A26:01,11284.86,ANZ78847,CVQSYKGIKVL,947,719.0
1058,HLA-A26:01,11289.52,ANZ78847,LSNRFGAISSS,1058,720.0
1278,HLA-A26:01,11290.94,ANZ78847,LQEAIKVLNQS,1278,721.0
673,HLA-A26:01,11302.94,ANZ78847,TNRTFMIRSCY,673,722.0
461,HLA-A26:01,11304.8,ANZ78847,KRFGFIEDSVF,461,723.0
1333,HLA-A26:01,11309.86,ANZ78847,GTSCFKKCGGC,1333,724.0
15,HLA-A26:01,11311.95,ANZ78847,IGDLKCPLDSR,15,725.0
596,HLA-A26:01,11314.98,ANZ78847,CNIFANLILHD,596,726.0
957,HLA-A26:01,11316.46,ANZ78847,LPPLLSENQIS,957,727.0
498,HLA-A26:01,11319.58,ANZ78847,CPCKSNSSLCV,498,728.0
357,HLA-A26:01,11323.28,ANZ78847,LNWERKTFSNC,357,729.0
1297,HLA-A26:01,11326.74,ANZ78847,TYEYYVKWPWY,1297,730.0
831,HLA-A26:01,11337.48,ANZ78847,DYAACKSQLVE,831,731.0
107,HLA-A26:01,11338.07,ANZ78847,FAKVKNTKVFK,107,732.0
519,HLA-A26:01,11347.13,ANZ78847,GTCPAGTNYLT,519,733.0
490,HLA-A26:01,11349.65,ANZ78847,CFKAPKNFCPC,490,734.0
117,HLA-A26:01,11350.11,ANZ78847,KDGVMYSEFPA,117,735.0
526,HLA-A26:01,11352.52,ANZ78847,NYLTCHNLCNP,526,736.0
1196,HLA-A26:01,11352.93,ANZ78847,MYTGSGYYYPE,1196,737.0
427,HLA-A26:01,11354.29,ANZ78847,FNYRIDTTATS,427,738.0
99,HLA-A26:01,11361.44,ANZ78847,LSDFINGIFAK,99,739.0
484,HLA-A26:01,11365.3,ANZ78847,VVYAQHCFKAP,484,740.0
655,HLA-A26:01,11367.08,ANZ78847,QNLLYDSNGNL,655,741.0
455,HLA-A26:01,11370.57,ANZ78847,NPSTWNKRFGF,455,742.0
1080,HLA-A26:01,11376.6,ANZ78847,EAEAQIDRLIN,1080,743.0
1210,HLA-A26:01,11379.55,ANZ78847,ENNVVVMSTCA,1210,744.0
967,HLA-A26:01,11383.01,ANZ78847,SGYTLAATSAS,967,745.0
325,HLA-A26:01,11388.1,ANZ78847,TVQPIADVYRR,325,746.0
182,HLA-A26:01,11390.35,ANZ78847,NLGNHFKELWH,182,747.0
86,HLA-A26:01,11394.06,ANZ78847,TDKLSTLWFKP,86,748.0
258,HLA-A26:01,11395.16,ANZ78847,TCISRRNIGFT,258,749.0
487,HLA-A26:01,11397.88,ANZ78847,AQHCFKAPKNF,487,750.0
985,HLA-A26:01,11398.12,ANZ78847,AAGVPFYLNVQ,985,751.0
1008,HLA-A26:01,11400.02,ANZ78847,LSQNQKLIANA,1008,752.0
1200,HLA-A26:01,11400.59,ANZ78847,SGYYYPEPITE,1200,753.0
588,HLA-A26:01,11404.01,ANZ78847,DSCLQGDKCNI,588,754.0
25,HLA-A26:01,11407.52,ANZ78847,RTGSLNNIDTG,25,755.0
747,HLA-A26:01,11410.64,ANZ78847,DLTVGSGYCVD,747,756.0
1173,HLA-A26:01,11410.97,ANZ78847,LCIAGDRGIAP,1173,757.0
213,HLA-A26:01,11411.87,ANZ78847,TYLYFHFYQEG,213,758.0
1279,HLA-A26:01,11413.28,ANZ78847,QEAIKVLNQSY,1279,759.0
621,HLA-A26:01,11414.66,ANZ78847,NTDIKLGVCVN,621,760.0
168,HLA-A26:01,11427.51,ANZ78847,QYNMCEYPHTI,168,761.0
904,HLA-A26:01,11431.78,ANZ78847,ECSKASSRSAI,904,762.0
1337,HLA-A26:01,11431.97,ANZ78847,FKKCGGCCDDY,1337,763.0
989,HLA-A26:01,11435.98,ANZ78847,PFYLNVQYRIN,989,764.0
909,HLA-A26:01,11437.32,ANZ78847,SSRSAIEDLLF,909,765.0
309,HLA-A26:01,11444.28,ANZ78847,TQSIAPPTGVY,309,766.0
8,HLA-A26:01,11449.35,ANZ78847,LPTAFAVIGDL,8,767.0
1142,HLA-A26:01,11449.68,ANZ78847,ISLVQNAPYGL,1142,768.0
725,HLA-A26:01,11450.56,ANZ78847,FDSYLGCVVNA,725,769.0
791,HLA-A26:01,11452.9,ANZ78847,PVGGLYEIQIP,791,770.0
660,HLA-A26:01,11453.06,ANZ78847,DSNGNLYGFRD,660,771.0
835,HLA-A26:01,11453.37,ANZ78847,CKSQLVEYGSF,835,772.0
1152,HLA-A26:01,11458.06,ANZ78847,LYFIHFSYVPT,1152,773.0
299,HLA-A26:01,11458.54,ANZ78847,SDFMSEIKCKT,299,774.0
139,HLA-A26:01,11458.75,ANZ78847,YSVVVQPRTIN,139,775.0
442,HLA-A26:01,11458.76,ANZ78847,YNLPAANVSVS,442,776.0
832,HLA-A26:01,11463.16,ANZ78847,YAACKSQLVEY,832,777.0
383,HLA-A26:01,11464.52,ANZ78847,FTCNNIDAAKI,383,778.0
1215,HLA-A26:01,11468.89,ANZ78847,VMSTCAVNYTK,1215,779.0
384,HLA-A26:01,11469.33,ANZ78847,TCNNIDAAKIY,384,780.0
1346,HLA-A26:01,11473.32,ANZ78847,DYTGYQELVIK,1346,781.0
619,HLA-A26:01,11474.07,ANZ78847,KANTDIKLGVC,619,782.0
605,HLA-A26:01,11476.46,ANZ78847,HDVNSGLTCST,605,783.0
1230,HLA-A26:01,11477.52,ANZ78847,MLNTSIPNLPD,1230,784.0
622,HLA-A26:01,11480.88,ANZ78847,TDIKLGVCVNY,622,785.0
883,HLA-A26:01,11496.06,ANZ78847,DGVNFNVDDIN,883,786.0
742,HLA-A26:01,11497.79,ANZ78847,SVQTCDLTVGS,742,787.0
525,HLA-A26:01,11498.1,ANZ78847,TNYLTCHNLCN,525,788.0
319,HLA-A26:01,11498.14,ANZ78847,YELNGYTVQPI,319,789.0
1272,HLA-A26:01,11498.42,ANZ78847,QVEMNRLQEAI,1272,790.0
949,HLA-A26:01,11500.45,ANZ78847,QSYKGIKVLPP,949,791.0
476,HLA-A26:01,11501.25,ANZ78847,AGVLTNHDVVY,476,792.0
1287,HLA-A26:01,11502.26,ANZ78847,QSYINLKDIGT,1287,793.0
1344,HLA-A26:01,11508.53,ANZ78847,CDDYTGYQELV,1344,794.0
652,HLA-A26:01,11510.66,ANZ78847,NSWQNLLYDSN,652,795.0
438,HLA-A26:01,11512.2,ANZ78847,CQLYYNLPAAN,438,796.0
537,HLA-A26:01,11514.27,ANZ78847,DPITFTGPYKC,537,797.0
511,HLA-A26:01,11517.3,ANZ78847,GPGKNNGIGTC,511,798.0
176,HLA-A26:01,11519.89,ANZ78847,HTICHPNLGNH,176,799.0
744,HLA-A26:01,11526.07,ANZ78847,QTCDLTVGSGY,744,800.0
1330,HLA-A26:01,11527.01,ANZ78847,TGCGTSCFKKC,1330,801.0
557,HLA-A26:01,11535.11,ANZ78847,GEHCSGLAVKS,557,802.0
479,HLA-A26:01,11537.74,ANZ78847,LTNHDVVYAQH,479,803.0
1293,HLA-A26:01,11538.12,ANZ78847,KDIGTYEYYVK,1293,804.0
1027,HLA-A26:01,11543.38,ANZ78847,QEGFDATNSAL,1027,805.0
380,HLA-A26:01,11544.86,ANZ78847,ADSFTCNNIDA,380,806.0
108,HLA-A26:01,11547.82,ANZ78847,AKVKNTKVFKD,108,807.0
876,HLA-A26:01,11549.63,ANZ78847,TLSTKLKDGVN,876,808.0
665,HLA-A26:01,11549.74,ANZ78847,LYGFRDYLTNR,665,809.0
318,HLA-A26:01,11551.4,ANZ78847,VYELNGYTVQP,318,810.0
195,HLA-A26:01,11552.09,ANZ78847,TGVVSCLYKRN,195,811.0
752,HLA-A26:01,11554.84,ANZ78847,SGYCVDYSKNR,752,812.0
651,HLA-A26:01,11557.63,ANZ78847,YNSWQNLLYDS,651,813.0
68,HLA-A26:01,11557.97,ANZ78847,NGYYPTSGSTY,68,814.0
1026,HLA-A26:01,11559.48,ANZ78847,IQEGFDATNSA,1026,815.0
720,HLA-A26:01,11563.7,ANZ78847,QPINYFDSYLG,720,816.0
577,HLA-A26:01,11565.65,ANZ78847,CQPQAFLGWSA,577,817.0
376,HLA-A26:01,11566.98,ANZ78847,SFIQADSFTCN,376,818.0
135,HLA-A26:01,11567.03,ANZ78847,VNTSYSVVVQP,135,819.0
260,HLA-A26:01,11568.56,ANZ78847,ISRRNIGFTLE,260,820.0
736,HLA-A26:01,11570.56,ANZ78847,YNSTAISVQTC,736,821.0
320,HLA-A26:01,11571.79,ANZ78847,ELNGYTVQPIA,320,822.0
1270,HLA-A26:01,11580.28,ANZ78847,DLQVEMNRLQE,1270,823.0
1168,HLA-A26:01,11580.46,ANZ78847,KVSPGLCIAGD,1168,824.0
1042,HLA-A26:01,11581.53,ANZ78847,AVVNANAEALN,1042,825.0
193,HLA-A26:01,11592.28,ANZ78847,MDTGVVSCLYK,193,826.0
447,HLA-A26:01,11593.35,ANZ78847,ANVSVSRFNPS,447,827.0
1032,HLA-A26:01,11593.45,ANZ78847,ATNSALVKIQA,1032,828.0
686,HLA-A26:01,11593.54,ANZ78847,RVSAAFHANSS,686,829.0
565,HLA-A26:01,11593.55,ANZ78847,VKSDYCGGNPC,565,830.0
1030,HLA-A26:01,11593.67,ANZ78847,FDATNSALVKI,1030,831.0
561,HLA-A26:01,11594.05,ANZ78847,SGLAVKSDYCG,561,832.0
839,HLA-A26:01,11603.83,ANZ78847,LVEYGSFCDNI,839,833.0
1085,HLA-A26:01,11607.34,ANZ78847,IDRLINGRLTA,1085,834.0
250,HLA-A26:01,11609.39,ANZ78847,SHYYVMPLTCI,250,835.0
523,HLA-A26:01,11609.81,ANZ78847,AGTNYLTCHNL,523,836.0
902,HLA-A26:01,11616.76,ANZ78847,GSECSKASSRS,902,837.0
817,HLA-A26:01,11621.65,ANZ78847,SPKVTIDCAAF,817,838.0
562,HLA-A26:01,11623.05,ANZ78847,GLAVKSDYCGG,562,839.0
873,HLA-A26:01,11625.07,ANZ78847,NGVTLSTKLKD,873,840.0
708,HLA-A26:01,11626.5,ANZ78847,NYVFNNSLTRQ,708,841.0
1217,HLA-A26:01,11638.06,ANZ78847,STCAVNYTKAP,1217,842.0
1163,HLA-A26:01,11639.11,ANZ78847,KYVTAKVSPGL,1163,843.0
339,HLA-A26:01,11643.04,ANZ78847,LPNCNIEAWLN,339,844.0
1166,HLA-A26:01,11643.22,ANZ78847,TAKVSPGLCIA,1166,845.0
950,HLA-A26:01,11644.86,ANZ78847,SYKGIKVLPPL,950,846.0
303,HLA-A26:01,11646.44,ANZ78847,SEIKCKTQSIA,303,847.0
1111,HLA-A26:01,11649.02,ANZ78847,KFSAAQAMEKV,1111,848.0
1002,HLA-A26:01,11649.44,ANZ78847,GVTMDVLSQNQ,1002,849.0
927,HLA-A26:01,11650.32,ANZ78847,VGFVAAYNNCT,927,850.0
898,HLA-A26:01,11652.53,ANZ78847,LGCLGSECSKA,898,851.0
1350,HLA-A26:01,11655.95,ANZ78847,YQELVIKTSHD,1350,852.0
1184,HLA-A26:01,11666.24,ANZ78847,KSGYFVNVNNT,1184,853.0
345,HLA-A26:01,11666.58,ANZ78847,EAWLNDKSVPS,345,854.0
685,HLA-A26:01,11669.01,ANZ78847,GRVSAAFHANS,685,855.0
1247,HLA-A26:01,11671.34,ANZ78847,QWFKNQTSVAP,1247,856.0
693,HLA-A26:01,11675.86,ANZ78847,ANSSEPALLFR,693,857.0
505,HLA-A26:01,11681.14,ANZ78847,SLCVGSGPGKN,505,858.0
962,HLA-A26:01,11681.91,ANZ78847,SENQISGYTLA,962,859.0
26,HLA-A26:01,11683.02,ANZ78847,TGSLNNIDTGP,26,860.0
1132,HLA-A26:01,11687.14,ANZ78847,INFCGNGNHII,1132,861.0
573,HLA-A26:01,11687.22,ANZ78847,NPCTCQPQAFL,573,862.0
47,HLA-A26:01,11700.82,ANZ78847,TNGLGTYYVLD,47,863.0
460,HLA-A26:01,11704.71,ANZ78847,NKRFGFIEDSV,460,864.0
559,HLA-A26:01,11704.74,ANZ78847,HCSGLAVKSDY,559,865.0
783,HLA-A26:01,11708.48,ANZ78847,NSVNDSLEPVG,783,866.0
1255,HLA-A26:01,11712.68,ANZ78847,VAPDLALDYIN,1255,867.0
575,HLA-A26:01,11712.94,ANZ78847,CTCQPQAFLGW,575,868.0
494,HLA-A26:01,11714.57,ANZ78847,PKNFCPCKSNS,494,869.0
683,HLA-A26:01,11722.99,ANZ78847,YSGRVSAAFHA,683,870.0
20,HLA-A26:01,11725.82,ANZ78847,CPLDSRTGSLN,20,871.0
674,HLA-A26:01,11730.1,ANZ78847,NRTFMIRSCYS,674,872.0
1044,HLA-A26:01,11733.19,ANZ78847,VNANAEALNNL,1044,873.0
39,HLA-A26:01,11733.44,ANZ78847,ISTATVDVTNG,39,874.0
1189,HLA-A26:01,11735.57,ANZ78847,VNVNNTWMYTG,1189,875.0
1339,HLA-A26:01,11737.85,ANZ78847,KCGGCCDDYTG,1339,876.0
262,HLA-A26:01,11740.66,ANZ78847,RRNIGFTLEYW,262,877.0
1062,HLA-A26:01,11741.37,ANZ78847,FGAISSSLQEI,1062,878.0
1291,HLA-A26:01,11743.13,ANZ78847,NLKDIGTYEYY,1291,879.0
924,HLA-A26:01,11743.76,ANZ78847,LSDVGFVAAYN,924,880.0
1351,HLA-A26:01,11745.93,ANZ78847,QELVIKTSHDD,1351,881.0
1139,HLA-A26:01,11748.66,ANZ78847,NHIISLVQNAP,1139,882.0
1222,HLA-A26:01,11752.75,ANZ78847,NYTKAPYVMLN,1222,883.0
30,HLA-A26:01,11752.89,ANZ78847,NNIDTGPPSIS,30,884.0
79,HLA-A26:01,11758.4,ANZ78847,RNMALKGTDKL,79,885.0
27,HLA-A26:01,11767.11,ANZ78847,GSLNNIDTGPP,27,886.0
277,HLA-A26:01,11767.9,ANZ78847,TSRQYLLAFNQ,277,887.0
1123,HLA-A26:01,11770.23,ANZ78847,ECVKSQSSRIN,1123,888.0
936,HLA-A26:01,11770.79,ANZ78847,CTGGAEIRDLI,936,889.0
1199,HLA-A26:01,11771.44,ANZ78847,GSGYYYPEPIT,1199,890.0
29,HLA-A26:01,11773.86,ANZ78847,LNNIDTGPPSI,29,891.0
475,HLA-A26:01,11778.14,ANZ78847,PAGVLTNHDVV,475,892.0
1031,HLA-A26:01,11779.44,ANZ78847,DATNSALVKIQ,1031,893.0
1049,HLA-A26:01,11784.46,ANZ78847,EALNNLLQQLS,1049,894.0
158,HLA-A26:01,11790.3,ANZ78847,LQGLLEVSVCQ,158,895.0
1165,HLA-A26:01,11795.74,ANZ78847,VTAKVSPGLCI,1165,896.0
978,HLA-A26:01,11798.42,ANZ78847,LFPPWTAAAGV,978,897.0
993,HLA-A26:01,11803.79,ANZ78847,NVQYRINGLGV,993,898.0
1169,HLA-A26:01,11804.83,ANZ78847,VSPGLCIAGDR,1169,899.0
24,HLA-A26:01,11805.35,ANZ78847,SRTGSLNNIDT,24,900.0
939,HLA-A26:01,11811.14,ANZ78847,GAEIRDLICVQ,939,901.0
271,HLA-A26:01,11819.22,ANZ78847,YWVTPLTSRQY,271,902.0
741,HLA-A26:01,11826.08,ANZ78847,ISVQTCDLTVG,741,903.0
1114,HLA-A26:01,11828.19,ANZ78847,AAQAMEKVNEC,1114,904.0
816,HLA-A26:01,11828.2,ANZ78847,SSPKVTIDCAA,816,905.0
1053,HLA-A26:01,11833.76,ANZ78847,NLLQQLSNRFG,1053,906.0
406,HLA-A26:01,11838.29,ANZ78847,FAIPNGRKVDL,406,907.0
897,HLA-A26:01,11842.36,ANZ78847,VLGCLGSECSK,897,908.0
65,HLA-A26:01,11844.06,ANZ78847,LFLNGYYPTSG,65,909.0
727,HLA-A26:01,11844.89,ANZ78847,SYLGCVVNAYN,727,910.0
458,HLA-A26:01,11847.28,ANZ78847,TWNKRFGFIED,458,911.0
770,HLA-A26:01,11849.49,ANZ78847,TGYRFTNFEPF,770,912.0
203,HLA-A26:01,11849.7,ANZ78847,KRNFTYDVNAT,203,913.0
765,HLA-A26:01,11853.48,ANZ78847,RRAITTGYRFT,765,914.0
713,HLA-A26:01,11854.04,ANZ78847,NSLTRQLQPIN,713,915.0
935,HLA-A26:01,11855.39,ANZ78847,NCTGGAEIRDL,935,916.0
255,HLA-A26:01,11863.86,ANZ78847,MPLTCISRRNI,255,917.0
1088,HLA-A26:01,11870.63,ANZ78847,LINGRLTALNA,1088,918.0
661,HLA-A26:01,11874.02,ANZ78847,SNGNLYGFRDY,661,919.0
544,HLA-A26:01,11875.87,ANZ78847,PYKCPQSKSLV,544,920.0
789,HLA-A26:01,11886.83,ANZ78847,LEPVGGLYEIQ,789,921.0
1017,HLA-A26:01,11887.8,ANZ78847,NAFNNALDAIQ,1017,922.0
841,HLA-A26:01,11889.09,ANZ78847,EYGSFCDNINA,841,923.0
928,HLA-A26:01,11890.43,ANZ78847,GFVAAYNNCTG,928,924.0
860,HLA-A26:01,11891.18,ANZ78847,LDTTQLQVANS,860,925.0
645,HLA-A26:01,11893.3,ANZ78847,EVNATYYNSWQ,645,926.0
356,HLA-A26:01,11901.79,ANZ78847,PLNWERKTFSN,356,927.0
1290,HLA-A26:01,11901.93,ANZ78847,INLKDIGTYEY,1290,928.0
996,HLA-A26:01,11903.11,ANZ78847,YRINGLGVTMD,996,929.0
36,HLA-A26:01,11910.21,ANZ78847,PPSISTATVDV,36,930.0
87,HLA-A26:01,11915.41,ANZ78847,DKLSTLWFKPP,87,931.0
378,HLA-A26:01,11918.2,ANZ78847,IQADSFTCNNI,378,932.0
778,HLA-A26:01,11918.55,ANZ78847,EPFTVNSVNDS,778,933.0
1029,HLA-A26:01,11923.31,ANZ78847,GFDATNSALVK,1029,934.0
459,HLA-A26:01,11925.92,ANZ78847,WNKRFGFIEDS,459,935.0
933,HLA-A26:01,11930.31,ANZ78847,YNNCTGGAEIR,933,936.0
1182,HLA-A26:01,11930.76,ANZ78847,APKSGYFVNVN,1182,937.0
428,HLA-A26:01,11936.69,ANZ78847,NYRIDTTATSC,428,938.0
795,HLA-A26:01,11939.21,ANZ78847,LYEIQIPSDFT,795,939.0
737,HLA-A26:01,11942.09,ANZ78847,NSTAISVQTCD,737,940.0
1276,HLA-A26:01,11943.23,ANZ78847,NRLQEAIKVLN,1276,941.0
1218,HLA-A26:01,11945.66,ANZ78847,TCAVNYTKAPY,1218,942.0
1071,HLA-A26:01,11951.79,ANZ78847,EILSRLDALEA,1071,943.0
1048,HLA-A26:01,11952.34,ANZ78847,AEALNNLLQQL,1048,944.0
953,HLA-A26:01,11956.29,ANZ78847,GIKVLPPLLSE,953,945.0
32,HLA-A26:01,11957.17,ANZ78847,IDTGPPSISTA,32,946.0
637,HLA-A26:01,11960.28,ANZ78847,ISGQGIFVEVN,637,947.0
998,HLA-A26:01,11965.14,ANZ78847,INGLGVTMDVL,998,948.0
1076,HLA-A26:01,11970.67,ANZ78847,LDALEAEAQID,1076,949.0
1039,HLA-A26:01,11970.82,ANZ78847,KIQAVVNANAE,1039,950.0
1126,HLA-A26:01,11971.34,ANZ78847,KSQSSRINFCG,1126,951.0
632,HLA-A26:01,11973.41,ANZ78847,YDLYGISGQGI,632,952.0
1206,HLA-A26:01,11973.99,ANZ78847,EPITENNVVVM,1206,953.0
952,HLA-A26:01,11979.14,ANZ78847,KGIKVLPPLLS,952,954.0
185,HLA-A26:01,11981.06,ANZ78847,NHFKELWHMDT,185,955.0
1233,HLA-A26:01,11982.74,ANZ78847,TSIPNLPDFRE,1233,956.0
600,HLA-A26:01,11984.4,ANZ78847,ANLILHDVNSG,600,957.0
1070,HLA-A26:01,11985.02,ANZ78847,QEILSRLDALE,1070,958.0
1246,HLA-A26:01,11990.84,ANZ78847,DQWFKNQTSVA,1246,959.0
881,HLA-A26:01,12003.54,ANZ78847,LKDGVNFNVDD,881,960.0
1043,HLA-A26:01,12005.63,ANZ78847,VVNANAEALNN,1043,961.0
786,HLA-A26:01,12006.85,ANZ78847,NDSLEPVGGLY,786,962.0
17,HLA-A26:01,12011.19,ANZ78847,DLKCPLDSRTG,17,963.0
606,HLA-A26:01,12012.98,ANZ78847,DVNSGLTCSTD,606,964.0
1005,HLA-A26:01,12013.56,ANZ78847,MDVLSQNQKLI,1005,965.0
1331,HLA-A26:01,12014.73,ANZ78847,GCGTSCFKKCG,1331,966.0
444,HLA-A26:01,12015.49,ANZ78847,LPAANVSVSRF,444,967.0
834,HLA-A26:01,12023.16,ANZ78847,ACKSQLVEYGS,834,968.0
647,HLA-A26:01,12036.37,ANZ78847,NATYYNSWQNL,647,969.0
469,HLA-A26:01,12041.38,ANZ78847,SVFKPQPAGVL,469,970.0
948,HLA-A26:01,12046.32,ANZ78847,VQSYKGIKVLP,948,971.0
800,HLA-A26:01,12051.31,ANZ78847,IPSDFTIGNME,800,972.0
354,HLA-A26:01,12052.96,ANZ78847,PSPLNWERKTF,354,973.0
1243,HLA-A26:01,12056.57,ANZ78847,EELDQWFKNQT,1243,974.0
1178,HLA-A26:01,12059.05,ANZ78847,DRGIAPKSGYF,1178,975.0
11,HLA-A26:01,12059.19,ANZ78847,AFAVIGDLKCP,11,976.0
892,HLA-A26:01,12059.62,ANZ78847,INFSSVLGCLG,892,977.0
771,HLA-A26:01,12065.38,ANZ78847,GYRFTNFEPFT,771,978.0
1204,HLA-A26:01,12067.23,ANZ78847,YPEPITENNVV,1204,979.0
1269,HLA-A26:01,12068.55,ANZ78847,LDLQVEMNRLQ,1269,980.0
630,HLA-A26:01,12079.38,ANZ78847,VNYDLYGISGQ,630,981.0
1037,HLA-A26:01,12079.75,ANZ78847,LVKIQAVVNAN,1037,982.0
9,HLA-A26:01,12080.68,ANZ78847,PTAFAVIGDLK,9,983.0
1327,HLA-A26:01,12081.09,ANZ78847,CCCTGCGTSCF,1327,984.0
574,HLA-A26:01,12084.43,ANZ78847,PCTCQPQAFLG,574,985.0
688,HLA-A26:01,12085.74,ANZ78847,SAAFHANSSEP,688,986.0
558,HLA-A26:01,12085.76,ANZ78847,EHCSGLAVKSD,558,987.0
815,HLA-A26:01,12088.16,ANZ78847,TSSPKVTIDCA,815,988.0
1131,HLA-A26:01,12093.2,ANZ78847,RINFCGNGNHI,1131,989.0
1240,HLA-A26:01,12098.33,ANZ78847,DFREELDQWFK,1240,990.0
1332,HLA-A26:01,12102.85,ANZ78847,CGTSCFKKCGG,1332,991.0
342,HLA-A26:01,12103.28,ANZ78847,CNIEAWLNDKS,342,992.0
866,HLA-A26:01,12105.05,ANZ78847,QVANSLMNGVT,866,993.0
1190,HLA-A26:01,12110.78,ANZ78847,NVNNTWMYTGS,1190,994.0
123,HLA-A26:01,12111.85,ANZ78847,SEFPAITIGST,123,995.0
315,HLA-A26:01,12131.44,ANZ78847,PTGVYELNGYT,315,996.0
955,HLA-A26:01,12137.35,ANZ78847,KVLPPLLSENQ,955,997.0
305,HLA-A26:01,12139.02,ANZ78847,IKCKTQSIAPP,305,998.0
1018,HLA-A26:01,12143.07,ANZ78847,AFNNALDAIQE,1018,999.0
578,HLA-A26:01,12146.68,ANZ78847,QPQAFLGWSAD,578,1000.0
464,HLA-A26:01,12149.72,ANZ78847,GFIEDSVFKPQ,464,1001.0
1251,HLA-A26:01,12160.48,ANZ78847,NQTSVAPDLAL,1251,1002.0
83,HLA-A26:01,12164.98,ANZ78847,LKGTDKLSTLW,83,1003.0
695,HLA-A26:01,12165.83,ANZ78847,SSEPALLFRNI,695,1004.0
286,HLA-A26:01,12166.93,ANZ78847,NQDGIIFNAVD,286,1005.0
549,HLA-A26:01,12167.72,ANZ78847,QSKSLVGIGEH,549,1006.0
1040,HLA-A26:01,12168.29,ANZ78847,IQAVVNANAEA,1040,1007.0
1141,HLA-A26:01,12169.05,ANZ78847,IISLVQNAPYG,1141,1008.0
426,HLA-A26:01,12171.2,ANZ78847,SFNYRIDTTAT,426,1009.0
534,HLA-A26:01,12177.32,ANZ78847,CNPDPITFTGP,534,1010.0
18,HLA-A26:01,12178.39,ANZ78847,LKCPLDSRTGS,18,1011.0
1138,HLA-A26:01,12184.42,ANZ78847,GNHIISLVQNA,1138,1012.0
1112,HLA-A26:01,12185.82,ANZ78847,FSAAQAMEKVN,1112,1013.0
615,HLA-A26:01,12190.43,ANZ78847,TDLQKANTDIK,615,1014.0
41,HLA-A26:01,12193.02,ANZ78847,TATVDVTNGLG,41,1015.0
1060,HLA-A26:01,12197.48,ANZ78847,NRFGAISSSLQ,1060,1016.0
734,HLA-A26:01,12205.02,ANZ78847,NAYNSTAISVQ,734,1017.0
988,HLA-A26:01,12205.22,ANZ78847,VPFYLNVQYRI,988,1018.0
278,HLA-A26:01,12213.63,ANZ78847,SRQYLLAFNQD,278,1019.0
215,HLA-A26:01,12218.91,ANZ78847,LYFHFYQEGGT,215,1020.0
411,HLA-A26:01,12226.86,ANZ78847,GRKVDLQLGNL,411,1021.0
138,HLA-A26:01,12228.53,ANZ78847,SYSVVVQPRTI,138,1022.0
21,HLA-A26:01,12229.28,ANZ78847,PLDSRTGSLNN,21,1023.0
781,HLA-A26:01,12231.44,ANZ78847,TVNSVNDSLEP,781,1024.0
1014,HLA-A26:01,12233.41,ANZ78847,LIANAFNNALD,1014,1025.0
500,HLA-A26:01,12237.7,ANZ78847,CKSNSSLCVGS,500,1026.0
848,HLA-A26:01,12238.2,ANZ78847,NINAILTEVNE,848,1027.0
136,HLA-A26:01,12242.09,ANZ78847,NTSYSVVVQPR,136,1028.0
322,HLA-A26:01,12246.59,ANZ78847,NGYTVQPIADV,322,1029.0
261,HLA-A26:01,12246.66,ANZ78847,SRRNIGFTLEY,261,1030.0
201,HLA-A26:01,12261.52,ANZ78847,LYKRNFTYDVN,201,1031.0
691,HLA-A26:01,12261.55,ANZ78847,FHANSSEPALL,691,1032.0
1171,HLA-A26:01,12261.91,ANZ78847,PGLCIAGDRGI,1171,1033.0
103,HLA-A26:01,12261.94,ANZ78847,INGIFAKVKNT,103,1034.0
940,HLA-A26:01,12273.2,ANZ78847,AEIRDLICVQS,940,1035.0
716,HLA-A26:01,12278.99,ANZ78847,TRQLQPINYFD,716,1036.0
1118,HLA-A26:01,12282.99,ANZ78847,MEKVNECVKSQ,1118,1037.0
973,HLA-A26:01,12283.61,ANZ78847,ATSASLFPPWT,973,1038.0
1226,HLA-A26:01,12286.59,ANZ78847,APYVMLNTSIP,1226,1039.0
644,HLA-A26:01,12289.24,ANZ78847,VEVNATYYNSW,644,1040.0
762,HLA-A26:01,12296.55,ANZ78847,RRSRRAITTGY,762,1041.0
443,HLA-A26:01,12299.18,ANZ78847,NLPAANVSVSR,443,1042.0
533,HLA-A26:01,12311.58,ANZ78847,LCNPDPITFTG,533,1043.0
1241,HLA-A26:01,12312.83,ANZ78847,FREELDQWFKN,1241,1044.0
69,HLA-A26:01,12322.11,ANZ78847,GYYPTSGSTYR,69,1045.0
6,HLA-A26:01,12322.72,ANZ78847,ISLPTAFAVIG,6,1046.0
1038,HLA-A26:01,12331.0,ANZ78847,VKIQAVVNANA,1038,1047.0
481,HLA-A26:01,12335.3,ANZ78847,NHDVVYAQHCF,481,1048.0
1051,HLA-A26:01,12337.42,ANZ78847,LNNLLQQLSNR,1051,1049.0
1052,HLA-A26:01,12339.95,ANZ78847,NNLLQQLSNRF,1052,1050.0
513,HLA-A26:01,12346.15,ANZ78847,GKNNGIGTCPA,513,1051.0
351,HLA-A26:01,12346.56,ANZ78847,KSVPSPLNWER,351,1052.0
13,HLA-A26:01,12347.57,ANZ78847,AVIGDLKCPLD,13,1053.0
401,HLA-A26:01,12349.38,ANZ78847,ITIDKFAIPNG,401,1054.0
1205,HLA-A26:01,12360.19,ANZ78847,PEPITENNVVV,1205,1055.0
1116,HLA-A26:01,12361.73,ANZ78847,QAMEKVNECVK,1116,1056.0
954,HLA-A26:01,12361.82,ANZ78847,IKVLPPLLSEN,954,1057.0
684,HLA-A26:01,12366.97,ANZ78847,SGRVSAAFHAN,684,1058.0
614,HLA-A26:01,12367.11,ANZ78847,STDLQKANTDI,614,1059.0
346,HLA-A26:01,12374.52,ANZ78847,AWLNDKSVPSP,346,1060.0
757,HLA-A26:01,12375.61,ANZ78847,DYSKNRRSRRA,757,1061.0
638,HLA-A26:01,12378.21,ANZ78847,SGQGIFVEVNA,638,1062.0
1162,HLA-A26:01,12383.7,ANZ78847,TKYVTAKVSPG,1162,1063.0
385,HLA-A26:01,12385.7,ANZ78847,CNNIDAAKIYG,385,1064.0
1061,HLA-A26:01,12390.02,ANZ78847,RFGAISSSLQE,1061,1065.0
1059,HLA-A26:01,12390.79,ANZ78847,SNRFGAISSSL,1059,1066.0
1003,HLA-A26:01,12391.1,ANZ78847,VTMDVLSQNQK,1003,1067.0
613,HLA-A26:01,12401.65,ANZ78847,CSTDLQKANTD,613,1068.0
1082,HLA-A26:01,12403.76,ANZ78847,EAQIDRLINGR,1082,1069.0
360,HLA-A26:01,12404.02,ANZ78847,ERKTFSNCNFN,360,1070.0
934,HLA-A26:01,12404.1,ANZ78847,NNCTGGAEIRD,934,1071.0
71,HLA-A26:01,12405.81,ANZ78847,YPTSGSTYRNM,71,1072.0
1156,HLA-A26:01,12406.32,ANZ78847,HFSYVPTKYVT,1156,1073.0
1252,HLA-A26:01,12406.91,ANZ78847,QTSVAPDLALD,1252,1074.0
854,HLA-A26:01,12408.98,ANZ78847,TEVNELLDTTQ,854,1075.0
1097,HLA-A26:01,12413.06,ANZ78847,NAYVSQQLSDS,1097,1076.0
1198,HLA-A26:01,12413.25,ANZ78847,TGSGYYYPEPI,1198,1077.0
1336,HLA-A26:01,12416.05,ANZ78847,CFKKCGGCCDD,1336,1078.0
1081,HLA-A26:01,12417.6,ANZ78847,AEAQIDRLING,1081,1079.0
1335,HLA-A26:01,12430.12,ANZ78847,SCFKKCGGCCD,1335,1080.0
1153,HLA-A26:01,12431.08,ANZ78847,YFIHFSYVPTK,1153,1081.0
1234,HLA-A26:01,12446.73,ANZ78847,SIPNLPDFREE,1234,1082.0
905,HLA-A26:01,12447.38,ANZ78847,CSKASSRSAIE,905,1083.0
146,HLA-A26:01,12447.6,ANZ78847,RTINSTQDGVN,146,1084.0
254,HLA-A26:01,12452.38,ANZ78847,VMPLTCISRRN,254,1085.0
623,HLA-A26:01,12464.18,ANZ78847,DIKLGVCVNYD,623,1086.0
972,HLA-A26:01,12470.82,ANZ78847,AATSASLFPPW,972,1087.0
739,HLA-A26:01,12477.83,ANZ78847,TAISVQTCDLT,739,1088.0
1341,HLA-A26:01,12481.92,ANZ78847,GGCCDDYTGYQ,1341,1089.0
521,HLA-A26:01,12485.83,ANZ78847,CPAGTNYLTCH,521,1090.0
539,HLA-A26:01,12490.45,ANZ78847,ITFTGPYKCPQ,539,1091.0
449,HLA-A26:01,12494.72,ANZ78847,VSVSRFNPSTW,449,1092.0
1183,HLA-A26:01,12495.03,ANZ78847,PKSGYFVNVNN,1183,1093.0
412,HLA-A26:01,12496.58,ANZ78847,RKVDLQLGNLG,412,1094.0
694,HLA-A26:01,12501.51,ANZ78847,NSSEPALLFRN,694,1095.0
980,HLA-A26:01,12503.94,ANZ78847,PPWTAAAGVPF,980,1096.0
33,HLA-A26:01,12507.8,ANZ78847,DTGPPSISTAT,33,1097.0
509,HLA-A26:01,12510.93,ANZ78847,GSGPGKNNGIG,509,1098.0
1098,HLA-A26:01,12513.63,ANZ78847,AYVSQQLSDST,1098,1099.0
754,HLA-A26:01,12513.94,ANZ78847,YCVDYSKNRRS,754,1100.0
452,HLA-A26:01,12515.09,ANZ78847,SRFNPSTWNKR,452,1101.0
1221,HLA-A26:01,12516.21,ANZ78847,VNYTKAPYVML,1221,1102.0
760,HLA-A26:01,12516.26,ANZ78847,KNRRSRRAITT,760,1103.0
751,HLA-A26:01,12534.29,ANZ78847,GSGYCVDYSKN,751,1104.0
141,HLA-A26:01,12535.94,ANZ78847,VVVQPRTINST,141,1105.0
150,HLA-A26:01,12538.51,ANZ78847,STQDGVNKLQG,150,1106.0
856,HLA-A26:01,12539.84,ANZ78847,VNELLDTTQLQ,856,1107.0
687,HLA-A26:01,12541.56,ANZ78847,VSAAFHANSSE,687,1108.0
801,HLA-A26:01,12543.07,ANZ78847,PSDFTIGNMEE,801,1109.0
314,HLA-A26:01,12544.31,ANZ78847,PPTGVYELNGY,314,1110.0
1047,HLA-A26:01,12544.5,ANZ78847,NAEALNNLLQQ,1047,1111.0
829,HLA-A26:01,12544.7,ANZ78847,CGDYAACKSQL,829,1112.0
502,HLA-A26:01,12545.62,ANZ78847,SNSSLCVGSGP,502,1113.0
450,HLA-A26:01,12545.98,ANZ78847,SVSRFNPSTWN,450,1114.0
1121,HLA-A26:01,12550.04,ANZ78847,VNECVKSQSSR,1121,1115.0
7,HLA-A26:01,12555.57,ANZ78847,SLPTAFAVIGD,7,1116.0
474,HLA-A26:01,12568.84,ANZ78847,QPAGVLTNHDV,474,1117.0
448,HLA-A26:01,12584.14,ANZ78847,NVSVSRFNPST,448,1118.0
889,HLA-A26:01,12585.04,ANZ78847,VDDINFSSVLG,889,1119.0
142,HLA-A26:01,12588.87,ANZ78847,VVQPRTINSTQ,142,1120.0
1079,HLA-A26:01,12596.41,ANZ78847,LEAEAQIDRLI,1079,1121.0
1136,HLA-A26:01,12597.91,ANZ78847,GNGNHIISLVQ,1136,1122.0
489,HLA-A26:01,12598.35,ANZ78847,HCFKAPKNFCP,489,1123.0
310,HLA-A26:01,12609.55,ANZ78847,QSIAPPTGVYE,310,1124.0
710,HLA-A26:01,12618.65,ANZ78847,VFNNSLTRQLQ,710,1125.0
925,HLA-A26:01,12619.67,ANZ78847,SDVGFVAAYNN,925,1126.0
584,HLA-A26:01,12621.13,ANZ78847,GWSADSCLQGD,584,1127.0
608,HLA-A26:01,12633.68,ANZ78847,NSGLTCSTDLQ,608,1128.0
522,HLA-A26:01,12648.22,ANZ78847,PAGTNYLTCHN,522,1129.0
743,HLA-A26:01,12648.22,ANZ78847,VQTCDLTVGSG,743,1129.0
758,HLA-A26:01,12652.16,ANZ78847,YSKNRRSRRAI,758,1131.0
1089,HLA-A26:01,12655.82,ANZ78847,INGRLTALNAY,1089,1132.0
735,HLA-A26:01,12658.66,ANZ78847,AYNSTAISVQT,735,1133.0
327,HLA-A26:01,12658.74,ANZ78847,QPIADVYRRKP,327,1134.0
23,HLA-A26:01,12659.84,ANZ78847,DSRTGSLNNID,23,1135.0
145,HLA-A26:01,12667.84,ANZ78847,PRTINSTQDGV,145,1136.0
42,HLA-A26:01,12667.86,ANZ78847,ATVDVTNGLGT,42,1137.0
813,HLA-A26:01,12668.9,ANZ78847,IQTSSPKVTID,813,1138.0
840,HLA-A26:01,12675.8,ANZ78847,VEYGSFCDNIN,840,1139.0
1045,HLA-A26:01,12678.46,ANZ78847,NANAEALNNLL,1045,1140.0
1015,HLA-A26:01,12686.5,ANZ78847,IANAFNNALDA,1015,1141.0
1201,HLA-A26:01,12689.58,ANZ78847,GYYYPEPITEN,1201,1142.0
480,HLA-A26:01,12700.39,ANZ78847,TNHDVVYAQHC,480,1143.0
202,HLA-A26:01,12704.9,ANZ78847,YKRNFTYDVNA,202,1144.0
607,HLA-A26:01,12705.42,ANZ78847,VNSGLTCSTDL,607,1145.0
1175,HLA-A26:01,12705.46,ANZ78847,IAGDRGIAPKS,1175,1146.0
379,HLA-A26:01,12717.29,ANZ78847,QADSFTCNNID,379,1147.0
528,HLA-A26:01,12718.8,ANZ78847,LTCHNLCNPDP,528,1148.0
19,HLA-A26:01,12723.1,ANZ78847,KCPLDSRTGSL,19,1149.0
1083,HLA-A26:01,12732.02,ANZ78847,AQIDRLINGRL,1083,1150.0
1046,HLA-A26:01,12732.56,ANZ78847,ANAEALNNLLQ,1046,1151.0
908,HLA-A26:01,12740.07,ANZ78847,ASSRSAIEDLL,908,1152.0
462,HLA-A26:01,12740.82,ANZ78847,RFGFIEDSVFK,462,1153.0
882,HLA-A26:01,12756.45,ANZ78847,KDGVNFNVDDI,882,1154.0
1096,HLA-A26:01,12760.64,ANZ78847,LNAYVSQQLSD,1096,1155.0
903,HLA-A26:01,12762.83,ANZ78847,SECSKASSRSA,903,1156.0
872,HLA-A26:01,12764.5,ANZ78847,MNGVTLSTKLK,872,1157.0
653,HLA-A26:01,12767.56,ANZ78847,SWQNLLYDSNG,653,1158.0
1202,HLA-A26:01,12770.71,ANZ78847,YYYPEPITENN,1202,1159.0
453,HLA-A26:01,12777.63,ANZ78847,RFNPSTWNKRF,453,1160.0
932,HLA-A26:01,12779.19,ANZ78847,AYNNCTGGAEI,932,1161.0
711,HLA-A26:01,12796.04,ANZ78847,FNNSLTRQLQP,711,1162.0
137,HLA-A26:01,12807.87,ANZ78847,TSYSVVVQPRT,137,1163.0
1237,HLA-A26:01,12816.9,ANZ78847,NLPDFREELDQ,1237,1164.0
16,HLA-A26:01,12819.94,ANZ78847,GDLKCPLDSRT,16,1165.0
492,HLA-A26:01,12821.85,ANZ78847,KAPKNFCPCKS,492,1166.0
569,HLA-A26:01,12822.38,ANZ78847,YCGGNPCTCQP,569,1167.0
77,HLA-A26:01,12825.77,ANZ78847,TYRNMALKGTD,77,1168.0
70,HLA-A26:01,12828.41,ANZ78847,YYPTSGSTYRN,70,1169.0
1329,HLA-A26:01,12832.55,ANZ78847,CTGCGTSCFKK,1329,1170.0
943,HLA-A26:01,12834.14,ANZ78847,RDLICVQSYKG,943,1171.0
554,HLA-A26:01,12838.4,ANZ78847,VGIGEHCSGLA,554,1172.0
631,HLA-A26:01,12842.33,ANZ78847,NYDLYGISGQG,631,1173.0
178,HLA-A26:01,12844.63,ANZ78847,ICHPNLGNHFK,178,1174.0
148,HLA-A26:01,12845.99,ANZ78847,INSTQDGVNKL,148,1175.0
104,HLA-A26:01,12850.12,ANZ78847,NGIFAKVKNTK,104,1176.0
587,HLA-A26:01,12861.22,ANZ78847,ADSCLQGDKCN,587,1177.0
470,HLA-A26:01,12861.49,ANZ78847,VFKPQPAGVLT,470,1178.0
1074,HLA-A26:01,12865.08,ANZ78847,SRLDALEAEAQ,1074,1179.0
482,HLA-A26:01,12869.38,ANZ78847,HDVVYAQHCFK,482,1180.0
446,HLA-A26:01,12869.84,ANZ78847,AANVSVSRFNP,446,1181.0
1137,HLA-A26:01,12871.09,ANZ78847,NGNHIISLVQN,1137,1182.0
486,HLA-A26:01,12877.75,ANZ78847,YAQHCFKAPKN,486,1183.0
906,HLA-A26:01,12879.8,ANZ78847,SKASSRSAIED,906,1184.0
698,HLA-A26:01,12890.47,ANZ78847,PALLFRNIKCN,698,1185.0
1338,HLA-A26:01,12892.18,ANZ78847,KKCGGCCDDYT,1338,1186.0
22,HLA-A26:01,12892.68,ANZ78847,LDSRTGSLNNI,22,1187.0
1285,HLA-A26:01,12893.85,ANZ78847,LNQSYINLKDI,1285,1188.0
994,HLA-A26:01,12894.4,ANZ78847,VQYRINGLGVT,994,1189.0
510,HLA-A26:01,12897.03,ANZ78847,SGPGKNNGIGT,510,1190.0
340,HLA-A26:01,12901.41,ANZ78847,PNCNIEAWLND,340,1191.0
72,HLA-A26:01,12903.46,ANZ78847,PTSGSTYRNMA,72,1192.0
149,HLA-A26:01,12906.03,ANZ78847,NSTQDGVNKLQ,149,1193.0
1084,HLA-A26:01,12910.86,ANZ78847,QIDRLINGRLT,1084,1194.0
583,HLA-A26:01,12912.17,ANZ78847,LGWSADSCLQG,583,1195.0
1073,HLA-A26:01,12916.18,ANZ78847,LSRLDALEAEA,1073,1196.0
679,HLA-A26:01,12919.28,ANZ78847,IRSCYSGRVSA,679,1197.0
228,HLA-A26:01,12920.73,ANZ78847,AYFTDTGVVTK,228,1198.0
612,HLA-A26:01,12922.36,ANZ78847,TCSTDLQKANT,612,1199.0
329,HLA-A26:01,12924.28,ANZ78847,IADVYRRKPDL,329,1200.0
548,HLA-A26:01,12926.82,ANZ78847,PQSKSLVGIGE,548,1201.0
472,HLA-A26:01,12934.65,ANZ78847,KPQPAGVLTNH,472,1202.0
1161,HLA-A26:01,12937.66,ANZ78847,PTKYVTAKVSP,1161,1203.0
506,HLA-A26:01,12939.13,ANZ78847,LCVGSGPGKNN,506,1204.0
1113,HLA-A26:01,12942.07,ANZ78847,SAAQAMEKVNE,1113,1205.0
530,HLA-A26:01,12943.01,ANZ78847,CHNLCNPDPIT,530,1206.0
180,HLA-A26:01,12946.26,ANZ78847,HPNLGNHFKEL,180,1207.0
911,HLA-A26:01,12948.48,ANZ78847,RSAIEDLLFDK,911,1208.0
404,HLA-A26:01,12950.4,ANZ78847,DKFAIPNGRKV,404,1209.0
979,HLA-A26:01,12952.49,ANZ78847,FPPWTAAAGVP,979,1210.0
507,HLA-A26:01,12953.04,ANZ78847,CVGSGPGKNNG,507,1211.0
538,HLA-A26:01,12954.79,ANZ78847,PITFTGPYKCP,538,1212.0
76,HLA-A26:01,12958.01,ANZ78847,STYRNMALKGT,76,1213.0
609,HLA-A26:01,12958.22,ANZ78847,SGLTCSTDLQK,609,1214.0
666,HLA-A26:01,12965.09,ANZ78847,YGFRDYLTNRT,666,1215.0
1273,HLA-A26:01,12968.15,ANZ78847,VEMNRLQEAIK,1273,1216.0
529,HLA-A26:01,12976.32,ANZ78847,TCHNLCNPDPI,529,1217.0
306,HLA-A26:01,12982.88,ANZ78847,KCKTQSIAPPT,306,1218.0
1122,HLA-A26:01,12986.11,ANZ78847,NECVKSQSSRI,1122,1219.0
454,HLA-A26:01,12987.86,ANZ78847,FNPSTWNKRFG,454,1220.0
828,HLA-A26:01,13005.34,ANZ78847,VCGDYAACKSQ,828,1221.0
1242,HLA-A26:01,13013.29,ANZ78847,REELDQWFKNQ,1242,1222.0
951,HLA-A26:01,13015.06,ANZ78847,YKGIKVLPPLL,951,1223.0
1160,HLA-A26:01,13016.23,ANZ78847,VPTKYVTAKVS,1160,1224.0
312,HLA-A26:01,13017.44,ANZ78847,IAPPTGVYELN,312,1225.0
1127,HLA-A26:01,13018.34,ANZ78847,SQSSRINFCGN,1127,1226.0
344,HLA-A26:01,13023.16,ANZ78847,IEAWLNDKSVP,344,1227.0
166,HLA-A26:01,13026.53,ANZ78847,VCQYNMCEYPH,166,1228.0
429,HLA-A26:01,13032.12,ANZ78847,YRIDTTATSCQ,429,1229.0
175,HLA-A26:01,13033.62,ANZ78847,PHTICHPNLGN,175,1230.0
540,HLA-A26:01,13046.51,ANZ78847,TFTGPYKCPQS,540,1231.0
556,HLA-A26:01,13051.46,ANZ78847,IGEHCSGLAVK,556,1232.0
690,HLA-A26:01,13062.14,ANZ78847,AFHANSSEPAL,690,1233.0
992,HLA-A26:01,13074.93,ANZ78847,LNVQYRINGLG,992,1234.0
337,HLA-A26:01,13079.23,ANZ78847,PDLPNCNIEAW,337,1235.0
761,HLA-A26:01,13083.88,ANZ78847,NRRSRRAITTG,761,1236.0
1177,HLA-A26:01,13084.91,ANZ78847,GDRGIAPKSGY,1177,1237.0
1275,HLA-A26:01,13089.85,ANZ78847,MNRLQEAIKVL,1275,1238.0
75,HLA-A26:01,13090.16,ANZ78847,GSTYRNMALKG,75,1239.0
776,HLA-A26:01,13090.18,ANZ78847,NFEPFTVNSVN,776,1240.0
382,HLA-A26:01,13097.12,ANZ78847,SFTCNNIDAAK,382,1241.0
1101,HLA-A26:01,13102.56,ANZ78847,SQQLSDSTLVK,1101,1242.0
826,HLA-A26:01,13114.0,ANZ78847,AFVCGDYAACK,826,1243.0
654,HLA-A26:01,13114.53,ANZ78847,WQNLLYDSNGN,654,1244.0
542,HLA-A26:01,13117.94,ANZ78847,TGPYKCPQSKS,542,1245.0
942,HLA-A26:01,13122.16,ANZ78847,IRDLICVQSYK,942,1246.0
493,HLA-A26:01,13137.41,ANZ78847,APKNFCPCKSN,493,1247.0
546,HLA-A26:01,13153.36,ANZ78847,KCPQSKSLVGI,546,1248.0
503,HLA-A26:01,13156.77,ANZ78847,NSSLCVGSGPG,503,1249.0
907,HLA-A26:01,13174.04,ANZ78847,KASSRSAIEDL,907,1250.0
336,HLA-A26:01,13178.24,ANZ78847,KPDLPNCNIEA,336,1251.0
174,HLA-A26:01,13183.53,ANZ78847,YPHTICHPNLG,174,1252.0
777,HLA-A26:01,13192.93,ANZ78847,FEPFTVNSVND,777,1253.0
564,HLA-A26:01,13194.18,ANZ78847,AVKSDYCGGNP,564,1254.0
1170,HLA-A26:01,13206.72,ANZ78847,SPGLCIAGDRG,1170,1255.0
547,HLA-A26:01,13210.26,ANZ78847,CPQSKSLVGIG,547,1256.0
833,HLA-A26:01,13214.84,ANZ78847,AACKSQLVEYG,833,1257.0
516,HLA-A26:01,13217.57,ANZ78847,NGIGTCPAGTN,516,1258.0
696,HLA-A26:01,13226.13,ANZ78847,SEPALLFRNIK,696,1259.0
931,HLA-A26:01,13232.38,ANZ78847,AAYNNCTGGAE,931,1260.0
763,HLA-A26:01,13246.6,ANZ78847,RSRRAITTGYR,763,1261.0
572,HLA-A26:01,13254.48,ANZ78847,GNPCTCQPQAF,572,1262.0
67,HLA-A26:01,13264.05,ANZ78847,LNGYYPTSGST,67,1263.0
504,HLA-A26:01,13271.85,ANZ78847,SSLCVGSGPGK,504,1264.0
541,HLA-A26:01,13280.09,ANZ78847,FTGPYKCPQSK,541,1265.0
563,HLA-A26:01,13282.58,ANZ78847,LAVKSDYCGGN,563,1266.0
750,HLA-A26:01,13290.15,ANZ78847,VGSGYCVDYSK,750,1267.0
545,HLA-A26:01,13312.32,ANZ78847,YKCPQSKSLVG,545,1268.0
543,HLA-A26:01,13316.27,ANZ78847,GPYKCPQSKSL,543,1269.0
1129,HLA-A26:01,13333.31,ANZ78847,SSRINFCGNGN,1129,1270.0
403,HLA-A26:01,13337.91,ANZ78847,IDKFAIPNGRK,403,1271.0
512,HLA-A26:01,13354.43,ANZ78847,PGKNNGIGTCP,512,1272.0
929,HLA-A26:01,13358.05,ANZ78847,FVAAYNNCTGG,929,1273.0
270,HLA-A26:01,13359.7,ANZ78847,EYWVTPLTSRQ,270,1274.0
173,HLA-A26:01,13367.53,ANZ78847,EYPHTICHPNL,173,1275.0
759,HLA-A26:01,13371.32,ANZ78847,SKNRRSRRAIT,759,1276.0
566,HLA-A26:01,13371.64,ANZ78847,KSDYCGGNPCT,566,1277.0
1158,HLA-A26:01,13374.6,ANZ78847,SYVPTKYVTAK,1158,1278.0
1128,HLA-A26:01,13375.02,ANZ78847,QSSRINFCGNG,1128,1279.0
501,HLA-A26:01,13384.73,ANZ78847,KSNSSLCVGSG,501,1280.0
179,HLA-A26:01,13389.01,ANZ78847,CHPNLGNHFKE,179,1281.0
359,HLA-A26:01,13394.54,ANZ78847,WERKTFSNCNF,359,1282.0
1191,HLA-A26:01,13396.92,ANZ78847,VNNTWMYTGSG,1191,1283.0
1328,HLA-A26:01,13399.64,ANZ78847,CCTGCGTSCFK,1328,1284.0
405,HLA-A26:01,13401.26,ANZ78847,KFAIPNGRKVD,405,1285.0
37,HLA-A26:01,13445.49,ANZ78847,PSISTATVDVT,37,1286.0
1343,HLA-A26:01,13458.41,ANZ78847,CCDDYTGYQEL,1343,1287.0
466,HLA-A26:01,13461.37,ANZ78847,IEDSVFKPQPA,466,1288.0
307,HLA-A26:01,13484.91,ANZ78847,CKTQSIAPPTG,307,1289.0
568,HLA-A26:01,13499.8,ANZ78847,DYCGGNPCTCQ,568,1290.0
321,HLA-A26:01,13506.35,ANZ78847,LNGYTVQPIAD,321,1291.0
313,HLA-A26:01,13507.29,ANZ78847,APPTGVYELNG,313,1292.0
508,HLA-A26:01,13508.0,ANZ78847,VGSGPGKNNGI,508,1293.0
535,HLA-A26:01,13513.84,ANZ78847,NPDPITFTGPY,535,1294.0
408,HLA-A26:01,13524.68,ANZ78847,IPNGRKVDLQL,408,1295.0
1286,HLA-A26:01,13524.79,ANZ78847,NQSYINLKDIG,1286,1296.0
585,HLA-A26:01,13525.12,ANZ78847,WSADSCLQGDK,585,1297.0
1174,HLA-A26:01,13528.32,ANZ78847,CIAGDRGIAPK,1174,1298.0
1238,HLA-A26:01,13531.48,ANZ78847,LPDFREELDQW,1238,1299.0
1130,HLA-A26:01,13534.55,ANZ78847,SRINFCGNGNH,1130,1300.0
181,HLA-A26:01,13536.19,ANZ78847,PNLGNHFKELW,181,1301.0
689,HLA-A26:01,13538.31,ANZ78847,AAFHANSSEPA,689,1302.0
147,HLA-A26:01,13547.05,ANZ78847,TINSTQDGVNK,147,1303.0
35,HLA-A26:01,13548.63,ANZ78847,GPPSISTATVD,35,1304.0
410,HLA-A26:01,13567.54,ANZ78847,NGRKVDLQLGN,410,1305.0
499,HLA-A26:01,13574.42,ANZ78847,PCKSNSSLCVG,499,1306.0
279,HLA-A26:01,13579.16,ANZ78847,RQYLLAFNQDG,279,1307.0
1235,HLA-A26:01,13582.16,ANZ78847,IPNLPDFREEL,1235,1308.0
473,HLA-A26:01,13591.38,ANZ78847,PQPAGVLTNHD,473,1309.0
764,HLA-A26:01,13606.58,ANZ78847,SRRAITTGYRF,764,1310.0
1248,HLA-A26:01,13608.72,ANZ78847,WFKNQTSVAPD,1248,1311.0
1236,HLA-A26:01,13624.58,ANZ78847,PNLPDFREELD,1236,1312.0
78,HLA-A26:01,13625.28,ANZ78847,YRNMALKGTDK,78,1313.0
407,HLA-A26:01,13659.17,ANZ78847,AIPNGRKVDLQ,407,1314.0
1250,HLA-A26:01,13662.5,ANZ78847,KNQTSVAPDLA,1250,1315.0
930,HLA-A26:01,13668.55,ANZ78847,VAAYNNCTGGA,930,1316.0
332,HLA-A26:01,13711.83,ANZ78847,VYRRKPDLPNC,332,1317.0
328,HLA-A26:01,13772.0,ANZ78847,PIADVYRRKPD,328,1318.0
358,HLA-A26:01,13784.24,ANZ78847,NWERKTFSNCN,358,1319.0
348,HLA-A26:01,13784.92,ANZ78847,LNDKSVPSPLN,348,1320.0
1249,HLA-A26:01,13787.56,ANZ78847,FKNQTSVAPDL,1249,1321.0
326,HLA-A26:01,13799.19,ANZ78847,VQPIADVYRRK,326,1322.0
74,HLA-A26:01,13800.0,ANZ78847,SGSTYRNMALK,74,1323.0
330,HLA-A26:01,13825.94,ANZ78847,ADVYRRKPDLP,330,1324.0
331,HLA-A26:01,13857.63,ANZ78847,DVYRRKPDLPN,331,1325.0
811,HLA-A26:01,13867.45,ANZ78847,EFIQTSSPKVT,811,1326.0
809,HLA-A26:01,13878.61,ANZ78847,MEEFIQTSSPK,809,1327.0
784,HLA-A26:01,13890.02,ANZ78847,SVNDSLEPVGG,784,1328.0
467,HLA-A26:01,13899.98,ANZ78847,EDSVFKPQPAG,467,1329.0
515,HLA-A26:01,13905.27,ANZ78847,NNGIGTCPAGT,515,1330.0
409,HLA-A26:01,13908.58,ANZ78847,PNGRKVDLQLG,409,1331.0
143,HLA-A26:01,13932.81,ANZ78847,VQPRTINSTQD,143,1332.0
1110,HLA-A26:01,13975.12,ANZ78847,VKFSAAQAMEK,1110,1333.0
144,HLA-A26:01,13979.1,ANZ78847,QPRTINSTQDG,144,1334.0
485,HLA-A26:01,13985.04,ANZ78847,VYAQHCFKAPK,485,1335.0
1019,HLA-A26:01,14013.18,ANZ78847,FNNALDAIQEG,1019,1336.0
335,HLA-A26:01,14013.43,ANZ78847,RKPDLPNCNIE,335,1337.0
349,HLA-A26:01,14016.16,ANZ78847,NDKSVPSPLNW,349,1338.0
536,HLA-A26:01,14028.27,ANZ78847,PDPITFTGPYK,536,1339.0
341,HLA-A26:01,14076.47,ANZ78847,NCNIEAWLNDK,341,1340.0
491,HLA-A26:01,14164.05,ANZ78847,FKAPKNFCPCK,491,1341.0
172,HLA-A26:01,14176.74,ANZ78847,CEYPHTICHPN,172,1342.0
571,HLA-A26:01,14229.98,ANZ78847,GGNPCTCQPQA,571,1343.0
352,HLA-A26:01,14274.6,ANZ78847,SVPSPLNWERK,352,1344.0
570,HLA-A26:01,14278.77,ANZ78847,CGGNPCTCQPQ,570,1345.0
353,HLA-A26:01,14287.16,ANZ78847,VPSPLNWERKT,353,1346.0
514,HLA-A26:01,14300.76,ANZ78847,KNNGIGTCPAG,514,1347.0
1176,HLA-A26:01,14308.52,ANZ78847,AGDRGIAPKSG,1176,1348.0
451,HLA-A26:01,14406.22,ANZ78847,VSRFNPSTWNK,451,1349.0
785,HLA-A26:01,14412.38,ANZ78847,VNDSLEPVGGL,785,1350.0
334,HLA-A26:01,14637.1,ANZ78847,RRKPDLPNCNI,334,1351.0
333,HLA-A26:01,14739.19,ANZ78847,YRRKPDLPNCN,333,1352.0
1296,HLA-A32:01 ,9.0,ANZ78847,GTYEYYVKWPW,1296,1.0
373,HLA-A32:01 ,130.73,ANZ78847,SLMSFIQADSF,373,2.0
120,HLA-A32:01 ,275.98,ANZ78847,VMYSEFPAITI,120,3.0
869,HLA-A32:01 ,305.39,ANZ78847,NSLMNGVTLST,869,4.0
266,HLA-A32:01 ,325.86,ANZ78847,GFTLEYWVTPL,266,5.0
1258,HLA-A32:01 ,333.62,ANZ78847,DLALDYINVTF,1258,6.0
2,HLA-A32:01 ,390.88,ANZ78847,LILLISLPTAF,2,7.0
51,HLA-A32:01 ,579.53,ANZ78847,GTYYVLDRVYL,51,8.0
1145,HLA-A32:01 ,622.16,ANZ78847,VQNAPYGLYFI,1145,9.0
157,HLA-A32:01 ,923.23,ANZ78847,KLQGLLEVSVC,157,10.0
417,HLA-A32:01 ,1109.98,ANZ78847,QLGNLGYLQSF,417,11.0
257,HLA-A32:01 ,1152.95,ANZ78847,LTCISRRNIGF,257,12.0
788,HLA-A32:01 ,1166.01,ANZ78847,SLEPVGGLYEI,788,13.0
675,HLA-A32:01 ,1298.6,ANZ78847,RTFMIRSCYSG,675,14.0
923,HLA-A32:01 ,1304.88,ANZ78847,KLSDVGFVAAY,923,15.0
63,HLA-A32:01 ,1511.34,ANZ78847,TTLFLNGYYPT,63,16.0
247,HLA-A32:01 ,1541.89,ANZ78847,MALSHYYVMPL,247,17.0
880,HLA-A32:01 ,1574.53,ANZ78847,KLKDGVNFNVD,880,18.0
640,HLA-A32:01 ,1725.03,ANZ78847,QGIFVEVNATY,640,19.0
976,HLA-A32:01 ,1900.1,ANZ78847,ASLFPPWTAAA,976,20.0
1,HLA-A32:01 ,2019.0,ANZ78847,FLILLISLPTA,1,21.0
603,HLA-A32:01 ,2355.62,ANZ78847,ILHDVNSGLTC,603,22.0
1299,HLA-A32:01 ,2659.16,ANZ78847,EYYVKWPWYVW,1299,23.0
154,HLA-A32:01 ,2933.36,ANZ78847,GVNKLQGLLEV,154,24.0
375,HLA-A32:01 ,3077.5,ANZ78847,MSFIQADSFTC,375,25.0
46,HLA-A32:01 ,3210.23,ANZ78847,VTNGLGTYYVL,46,26.0
1322,HLA-A32:01 ,3396.43,ANZ78847,LLFFICCCTGC,1322,27.0
1303,HLA-A32:01 ,3468.33,ANZ78847,KWPWYVWLLIC,1303,28.0
732,HLA-A32:01 ,3791.58,ANZ78847,VVNAYNSTAIS,732,29.0
118,HLA-A32:01 ,3813.35,ANZ78847,DGVMYSEFPAI,118,30.0
114,HLA-A32:01 ,4045.71,ANZ78847,KVFKDGVMYSE,114,31.0
1131,HLA-A32:01 ,4091.01,ANZ78847,RINFCGNGNHI,1131,32.0
316,HLA-A32:01 ,4241.84,ANZ78847,TGVYELNGYTV,316,33.0
794,HLA-A32:01 ,4309.36,ANZ78847,GLYEIQIPSDF,794,34.0
0,HLA-A32:01 ,4606.92,ANZ78847,MFLILLISLPT,0,35.0
392,HLA-A32:01 ,4761.16,ANZ78847,KIYGMCFSSIT,392,36.0
1318,HLA-A32:01 ,4794.25,ANZ78847,AMLVLLFFICC,1318,37.0
1168,HLA-A32:01 ,4871.44,ANZ78847,KVSPGLCIAGD,1168,38.0
249,HLA-A32:01 ,4898.7,ANZ78847,LSHYYVMPLTC,249,39.0
1013,HLA-A32:01 ,4938.69,ANZ78847,KLIANAFNNAL,1013,40.0
1086,HLA-A32:01 ,4977.42,ANZ78847,DRLINGRLTAL,1086,41.0
239,HLA-A32:01 ,4977.66,ANZ78847,FLFNVYLGMAL,239,42.0
297,HLA-A32:01 ,5247.41,ANZ78847,CMSDFMSEIKC,297,43.0
870,HLA-A32:01 ,5305.02,ANZ78847,SLMNGVTLSTK,870,44.0
975,HLA-A32:01 ,5413.53,ANZ78847,SASLFPPWTAA,975,45.0
969,HLA-A32:01 ,5449.28,ANZ78847,YTLAATSASLF,969,46.0
1009,HLA-A32:01 ,5472.6,ANZ78847,SQNQKLIANAF,1009,47.0
56,HLA-A32:01 ,5545.49,ANZ78847,LDRVYLNTTLF,56,48.0
91,HLA-A32:01 ,5653.19,ANZ78847,TLWFKPPFLSD,91,49.0
1230,HLA-A32:01 ,5659.8,ANZ78847,MLNTSIPNLPD,1230,50.0
1185,HLA-A32:01 ,5711.43,ANZ78847,SGYFVNVNNTW,1185,51.0
1314,HLA-A32:01 ,5717.17,ANZ78847,LAGVAMLVLLF,1314,52.0
57,HLA-A32:01 ,5796.28,ANZ78847,DRVYLNTTLFL,57,53.0
282,HLA-A32:01 ,5851.69,ANZ78847,LLAFNQDGIIF,282,54.0
378,HLA-A32:01 ,5963.19,ANZ78847,IQADSFTCNNI,378,55.0
871,HLA-A32:01 ,6047.37,ANZ78847,LMNGVTLSTKL,871,56.0
1302,HLA-A32:01 ,6059.56,ANZ78847,VKWPWYVWLLI,1302,57.0
627,HLA-A32:01 ,6136.05,ANZ78847,GVCVNYDLYGI,627,58.0
131,HLA-A32:01 ,6191.0,ANZ78847,GSTFVNTSYSV,131,59.0
819,HLA-A32:01 ,6248.41,ANZ78847,KVTIDCAAFVC,819,60.0
206,HLA-A32:01 ,6312.52,ANZ78847,FTYDVNATYLY,206,61.0
58,HLA-A32:01 ,6354.06,ANZ78847,RVYLNTTLFLN,58,62.0
311,HLA-A32:01 ,6386.84,ANZ78847,SIAPPTGVYEL,311,63.0
715,HLA-A32:01 ,6453.27,ANZ78847,LTRQLQPINYF,715,64.0
531,HLA-A32:01 ,6490.16,ANZ78847,HNLCNPDPITF,531,65.0
1120,HLA-A32:01 ,6507.99,ANZ78847,KVNECVKSQSS,1120,66.0
1294,HLA-A32:01 ,6518.43,ANZ78847,DIGTYEYYVKW,1294,67.0
362,HLA-A32:01 ,6826.61,ANZ78847,KTFSNCNFNMS,362,68.0
1050,HLA-A32:01 ,6835.25,ANZ78847,ALNNLLQQLSN,1050,69.0
264,HLA-A32:01 ,6888.32,ANZ78847,NIGFTLEYWVT,264,70.0
740,HLA-A32:01 ,7007.34,ANZ78847,AISVQTCDLTV,740,71.0
1214,HLA-A32:01 ,7017.47,ANZ78847,VVMSTCAVNYT,1214,72.0
700,HLA-A32:01 ,7471.65,ANZ78847,LLFRNIKCNYV,700,73.0
1283,HLA-A32:01 ,7515.63,ANZ78847,KVLNQSYINLK,1283,74.0
997,HLA-A32:01 ,7673.85,ANZ78847,RINGLGVTMDV,997,75.0
575,HLA-A32:01 ,7683.91,ANZ78847,CTCQPQAFLGW,575,76.0
663,HLA-A32:01 ,7987.71,ANZ78847,GNLYGFRDYLT,663,77.0
317,HLA-A32:01 ,8089.58,ANZ78847,GVYELNGYTVQ,317,78.0
594,HLA-A32:01 ,8106.4,ANZ78847,DKCNIFANLIL,594,79.0
1312,HLA-A32:01 ,8302.26,ANZ78847,ICLAGVAMLVL,1312,80.0
1184,HLA-A32:01 ,8369.82,ANZ78847,KSGYFVNVNNT,1184,81.0
84,HLA-A32:01 ,8469.19,ANZ78847,KGTDKLSTLWF,84,82.0
672,HLA-A32:01 ,8491.39,ANZ78847,LTNRTFMIRSC,672,83.0
1102,HLA-A32:01 ,8534.24,ANZ78847,QQLSDSTLVKF,1102,84.0
921,HLA-A32:01 ,8564.27,ANZ78847,KVKLSDVGFVA,921,85.0
1087,HLA-A32:01 ,8689.34,ANZ78847,RLINGRLTALN,1087,86.0
248,HLA-A32:01 ,9015.58,ANZ78847,ALSHYYVMPLT,248,87.0
836,HLA-A32:01 ,9022.4,ANZ78847,KSQLVEYGSFC,836,88.0
636,HLA-A32:01 ,9095.07,ANZ78847,GISGQGIFVEV,636,89.0
1321,HLA-A32:01 ,9102.77,ANZ78847,VLLFFICCCTG,1321,90.0
290,HLA-A32:01 ,9550.73,ANZ78847,IIFNAVDCMSD,290,91.0
90,HLA-A32:01 ,9633.21,ANZ78847,STLWFKPPFLS,90,92.0
209,HLA-A32:01 ,9637.6,ANZ78847,DVNATYLYFHF,209,93.0
846,HLA-A32:01 ,9637.99,ANZ78847,CDNINAILTEV,846,94.0
88,HLA-A32:01 ,9723.03,ANZ78847,KLSTLWFKPPF,88,95.0
367,HLA-A32:01 ,9752.9,ANZ78847,CNFNMSSLMSF,367,96.0
964,HLA-A32:01 ,9798.51,ANZ78847,NQISGYTLAAT,964,97.0
1075,HLA-A32:01 ,9803.33,ANZ78847,RLDALEAEAQI,1075,98.0
421,HLA-A32:01 ,9940.01,ANZ78847,LGYLQSFNYRI,421,99.0
263,HLA-A32:01 ,10056.32,ANZ78847,RNIGFTLEYWV,263,100.0
767,HLA-A32:01 ,10110.75,ANZ78847,AITTGYRFTNF,767,101.0
64,HLA-A32:01 ,10137.35,ANZ78847,TLFLNGYYPTS,64,102.0
136,HLA-A32:01 ,10288.23,ANZ78847,NTSYSVVVQPR,136,103.0
890,HLA-A32:01 ,10415.69,ANZ78847,DDINFSSVLGC,890,104.0
669,HLA-A32:01 ,10534.87,ANZ78847,RDYLTNRTFMI,669,105.0
438,HLA-A32:01 ,10590.0,ANZ78847,CQLYYNLPAAN,438,106.0
1301,HLA-A32:01 ,10601.12,ANZ78847,YVKWPWYVWLL,1301,107.0
351,HLA-A32:01 ,10601.69,ANZ78847,KSVPSPLNWER,351,108.0
121,HLA-A32:01 ,10628.69,ANZ78847,MYSEFPAITIG,121,109.0
393,HLA-A32:01 ,10643.99,ANZ78847,IYGMCFSSITI,393,110.0
922,HLA-A32:01 ,10889.53,ANZ78847,VKLSDVGFVAA,922,111.0
1208,HLA-A32:01 ,11116.15,ANZ78847,ITENNVVVMST,1208,112.0
1260,HLA-A32:01 ,11121.14,ANZ78847,ALDYINVTFLD,1260,113.0
45,HLA-A32:01 ,11200.86,ANZ78847,DVTNGLGTYYV,45,114.0
156,HLA-A32:01 ,11220.16,ANZ78847,NKLQGLLEVSV,156,115.0
1271,HLA-A32:01 ,11281.11,ANZ78847,LQVEMNRLQEA,1271,116.0
1315,HLA-A32:01 ,11386.58,ANZ78847,AGVAMLVLLFF,1315,117.0
851,HLA-A32:01 ,11402.4,ANZ78847,AILTEVNELLD,851,118.0
1225,HLA-A32:01 ,11443.73,ANZ78847,KAPYVMLNTSI,1225,119.0
555,HLA-A32:01 ,11473.05,ANZ78847,GIGEHCSGLAV,555,120.0
268,HLA-A32:01 ,11474.44,ANZ78847,TLEYWVTPLTS,268,121.0
275,HLA-A32:01 ,11505.9,ANZ78847,PLTSRQYLLAF,275,122.0
3,HLA-A32:01 ,11574.17,ANZ78847,ILLISLPTAFA,3,123.0
267,HLA-A32:01 ,11583.98,ANZ78847,FTLEYWVTPLT,267,124.0
1274,HLA-A32:01 ,11601.59,ANZ78847,EMNRLQEAIKV,1274,125.0
245,HLA-A32:01 ,11727.51,ANZ78847,LGMALSHYYVM,245,126.0
4,HLA-A32:01 ,11827.46,ANZ78847,LLISLPTAFAV,4,127.0
1317,HLA-A32:01 ,11874.95,ANZ78847,VAMLVLLFFIC,1317,128.0
1215,HLA-A32:01 ,11895.39,ANZ78847,VMSTCAVNYTK,1215,129.0
212,HLA-A32:01 ,12079.65,ANZ78847,ATYLYFHFYQE,212,130.0
639,HLA-A32:01 ,12291.77,ANZ78847,GQGIFVEVNAT,639,131.0
567,HLA-A32:01 ,12325.91,ANZ78847,SDYCGGNPCTC,567,132.0
231,HLA-A32:01 ,12392.15,ANZ78847,TDTGVVTKFLF,231,133.0
5,HLA-A32:01 ,12421.5,ANZ78847,LISLPTAFAVI,5,134.0
6,HLA-A32:01 ,12494.95,ANZ78847,ISLPTAFAVIG,6,135.0
977,HLA-A32:01 ,12507.14,ANZ78847,SLFPPWTAAAG,977,136.0
1007,HLA-A32:01 ,12648.09,ANZ78847,VLSQNQKLIAN,1007,137.0
974,HLA-A32:01 ,12696.61,ANZ78847,TSASLFPPWTA,974,138.0
812,HLA-A32:01 ,12786.97,ANZ78847,FIQTSSPKVTI,812,139.0
793,HLA-A32:01 ,12795.87,ANZ78847,GGLYEIQIPSD,793,140.0
1140,HLA-A32:01 ,12833.28,ANZ78847,HIISLVQNAPY,1140,141.0
128,HLA-A32:01 ,12945.15,ANZ78847,ITIGSTFVNTS,128,142.0
395,HLA-A32:01 ,13026.9,ANZ78847,GMCFSSITIDK,395,143.0
970,HLA-A32:01 ,13086.6,ANZ78847,TLAATSASLFP,970,144.0
968,HLA-A32:01 ,13108.32,ANZ78847,GYTLAATSASL,968,145.0
692,HLA-A32:01 ,13151.82,ANZ78847,HANSSEPALLF,692,146.0
190,HLA-A32:01 ,13210.53,ANZ78847,LWHMDTGVVSC,190,147.0
680,HLA-A32:01 ,13287.3,ANZ78847,RSCYSGRVSAA,680,148.0
648,HLA-A32:01 ,13353.19,ANZ78847,ATYYNSWQNLL,648,149.0
1254,HLA-A32:01 ,13408.86,ANZ78847,SVAPDLALDYI,1254,150.0
1188,HLA-A32:01 ,13505.55,ANZ78847,FVNVNNTWMYT,1188,151.0
361,HLA-A32:01 ,13520.3,ANZ78847,RKTFSNCNFNM,361,152.0
1311,HLA-A32:01 ,13528.95,ANZ78847,LICLAGVAMLV,1311,153.0
519,HLA-A32:01 ,13724.63,ANZ78847,GTCPAGTNYLT,519,154.0
1091,HLA-A32:01 ,13812.15,ANZ78847,GRLTALNAYVS,1091,155.0
117,HLA-A32:01 ,13866.63,ANZ78847,KDGVMYSEFPA,117,156.0
849,HLA-A32:01 ,14037.31,ANZ78847,INAILTEVNEL,849,157.0
1220,HLA-A32:01 ,14096.69,ANZ78847,AVNYTKAPYVM,1220,158.0
177,HLA-A32:01 ,14199.61,ANZ78847,TICHPNLGNHF,177,159.0
1284,HLA-A32:01 ,14222.69,ANZ78847,VLNQSYINLKD,1284,160.0
1277,HLA-A32:01 ,14333.83,ANZ78847,RLQEAIKVLNQ,1277,161.0
814,HLA-A32:01 ,14488.45,ANZ78847,QTSSPKVTIDC,814,162.0
1092,HLA-A32:01 ,14488.55,ANZ78847,RLTALNAYVSQ,1092,163.0
1032,HLA-A32:01 ,14563.29,ANZ78847,ATNSALVKIQA,1032,164.0
1313,HLA-A32:01 ,14586.51,ANZ78847,CLAGVAMLVLL,1313,165.0
1293,HLA-A32:01 ,14683.6,ANZ78847,KDIGTYEYYVK,1293,166.0
806,HLA-A32:01 ,14711.21,ANZ78847,IGNMEEFIQTS,806,167.0
1126,HLA-A32:01 ,14837.06,ANZ78847,KSQSSRINFCG,1126,168.0
1229,HLA-A32:01 ,14988.76,ANZ78847,VMLNTSIPNLP,1229,169.0
861,HLA-A32:01 ,15002.35,ANZ78847,DTTQLQVANSL,861,170.0
370,HLA-A32:01 ,15032.96,ANZ78847,NMSSLMSFIQA,370,171.0
1319,HLA-A32:01 ,15036.14,ANZ78847,MLVLLFFICCC,1319,172.0
697,HLA-A32:01 ,15039.01,ANZ78847,EPALLFRNIKC,697,173.0
664,HLA-A32:01 ,15042.75,ANZ78847,NLYGFRDYLTN,664,174.0
1147,HLA-A32:01 ,15206.16,ANZ78847,NAPYGLYFIHF,1147,175.0
319,HLA-A32:01 ,15225.22,ANZ78847,YELNGYTVQPI,319,176.0
644,HLA-A32:01 ,15369.56,ANZ78847,VEVNATYYNSW,644,177.0
1114,HLA-A32:01 ,15385.33,ANZ78847,AAQAMEKVNEC,1114,178.0
1026,HLA-A32:01 ,15394.97,ANZ78847,IQEGFDATNSA,1026,179.0
234,HLA-A32:01 ,15456.09,ANZ78847,GVVTKFLFNVY,234,180.0
863,HLA-A32:01 ,15461.57,ANZ78847,TQLQVANSLMN,863,181.0
1036,HLA-A32:01 ,15513.07,ANZ78847,ALVKIQAVVNA,1036,182.0
717,HLA-A32:01 ,15764.1,ANZ78847,RQLQPINYFDS,717,183.0
55,HLA-A32:01 ,15804.68,ANZ78847,VLDRVYLNTTL,55,184.0
60,HLA-A32:01 ,15914.77,ANZ78847,YLNTTLFLNGY,60,185.0
394,HLA-A32:01 ,16011.85,ANZ78847,YGMCFSSITID,394,186.0
1052,HLA-A32:01 ,16083.02,ANZ78847,NNLLQQLSNRF,1052,187.0
449,HLA-A32:01 ,16156.85,ANZ78847,VSVSRFNPSTW,449,188.0
54,HLA-A32:01 ,16170.53,ANZ78847,YVLDRVYLNTT,54,189.0
119,HLA-A32:01 ,16300.04,ANZ78847,GVMYSEFPAIT,119,190.0
168,HLA-A32:01 ,16314.01,ANZ78847,QYNMCEYPHTI,168,191.0
159,HLA-A32:01 ,16357.45,ANZ78847,QGLLEVSVCQY,159,192.0
1309,HLA-A32:01 ,16562.16,ANZ78847,WLLICLAGVAM,1309,193.0
477,HLA-A32:01 ,16563.13,ANZ78847,GVLTNHDVVYA,477,194.0
105,HLA-A32:01 ,16591.95,ANZ78847,GIFAKVKNTKV,105,195.0
1272,HLA-A32:01 ,16627.25,ANZ78847,QVEMNRLQEAI,1272,196.0
281,HLA-A32:01 ,16636.38,ANZ78847,YLLAFNQDGII,281,197.0
991,HLA-A32:01 ,16650.43,ANZ78847,YLNVQYRINGL,991,198.0
1310,HLA-A32:01 ,16721.72,ANZ78847,LLICLAGVAML,1310,199.0
296,HLA-A32:01 ,16731.07,ANZ78847,DCMSDFMSEIK,296,200.0
1268,HLA-A32:01 ,16797.87,ANZ78847,FLDLQVEMNRL,1268,201.0
422,HLA-A32:01 ,16809.06,ANZ78847,GYLQSFNYRID,422,202.0
416,HLA-A32:01 ,16862.94,ANZ78847,LQLGNLGYLQS,416,203.0
1165,HLA-A32:01 ,16864.79,ANZ78847,VTAKVSPGLCI,1165,204.0
524,HLA-A32:01 ,16910.76,ANZ78847,GTNYLTCHNLC,524,205.0
577,HLA-A32:01 ,16942.89,ANZ78847,CQPQAFLGWSA,577,206.0
279,HLA-A32:01 ,16975.09,ANZ78847,RQYLLAFNQDG,279,207.0
302,HLA-A32:01 ,17020.89,ANZ78847,MSEIKCKTQSI,302,208.0
25,HLA-A32:01 ,17111.2,ANZ78847,RTGSLNNIDTG,25,209.0
98,HLA-A32:01 ,17112.25,ANZ78847,FLSDFINGIFA,98,210.0
235,HLA-A32:01 ,17175.76,ANZ78847,VVTKFLFNVYL,235,211.0
436,HLA-A32:01 ,17214.85,ANZ78847,TSCQLYYNLPA,436,212.0
667,HLA-A32:01 ,17357.39,ANZ78847,GFRDYLTNRTF,667,213.0
701,HLA-A32:01 ,17441.42,ANZ78847,LFRNIKCNYVF,701,214.0
450,HLA-A32:01 ,17759.54,ANZ78847,SVSRFNPSTWN,450,215.0
113,HLA-A32:01 ,17842.8,ANZ78847,TKVFKDGVMYS,113,216.0
884,HLA-A32:01 ,17850.36,ANZ78847,GVNFNVDDINF,884,217.0
1135,HLA-A32:01 ,17932.53,ANZ78847,CGNGNHIISLV,1135,218.0
712,HLA-A32:01 ,17967.05,ANZ78847,NNSLTRQLQPI,712,219.0
825,HLA-A32:01 ,18048.46,ANZ78847,AAFVCGDYAAC,825,220.0
731,HLA-A32:01 ,18085.32,ANZ78847,CVVNAYNSTAI,731,221.0
1144,HLA-A32:01 ,18088.52,ANZ78847,LVQNAPYGLYF,1144,222.0
1003,HLA-A32:01 ,18094.04,ANZ78847,VTMDVLSQNQK,1003,223.0
204,HLA-A32:01 ,18122.79,ANZ78847,RNFTYDVNATY,204,224.0
625,HLA-A32:01 ,18259.03,ANZ78847,KLGVCVNYDLY,625,225.0
250,HLA-A32:01 ,18292.0,ANZ78847,SHYYVMPLTCI,250,226.0
1088,HLA-A32:01 ,18306.06,ANZ78847,LINGRLTALNA,1088,227.0
308,HLA-A32:01 ,18322.54,ANZ78847,KTQSIAPPTGV,308,228.0
437,HLA-A32:01 ,18342.15,ANZ78847,SCQLYYNLPAA,437,229.0
916,HLA-A32:01 ,18532.26,ANZ78847,DLLFDKVKLSD,916,230.0
984,HLA-A32:01 ,18647.04,ANZ78847,AAAGVPFYLNV,984,231.0
1266,HLA-A32:01 ,18774.98,ANZ78847,VTFLDLQVEMN,1266,232.0
244,HLA-A32:01 ,18913.54,ANZ78847,YLGMALSHYYV,244,233.0
132,HLA-A32:01 ,18930.65,ANZ78847,STFVNTSYSVV,132,234.0
844,HLA-A32:01 ,18938.33,ANZ78847,SFCDNINAILT,844,235.0
220,HLA-A32:01 ,18957.03,ANZ78847,YQEGGTFYAYF,220,236.0
320,HLA-A32:01 ,18957.63,ANZ78847,ELNGYTVQPIA,320,237.0
423,HLA-A32:01 ,19011.27,ANZ78847,YLQSFNYRIDT,423,238.0
686,HLA-A32:01 ,19129.88,ANZ78847,RVSAAFHANSS,686,239.0
7,HLA-A32:01 ,19150.24,ANZ78847,SLPTAFAVIGD,7,240.0
192,HLA-A32:01 ,19179.77,ANZ78847,HMDTGVVSCLY,192,241.0
843,HLA-A32:01 ,19230.46,ANZ78847,GSFCDNINAIL,843,242.0
1142,HLA-A32:01 ,19241.46,ANZ78847,ISLVQNAPYGL,1142,243.0
681,HLA-A32:01 ,19378.02,ANZ78847,SCYSGRVSAAF,681,244.0
1209,HLA-A32:01 ,19439.67,ANZ78847,TENNVVVMSTC,1209,245.0
576,HLA-A32:01 ,19458.09,ANZ78847,TCQPQAFLGWS,576,246.0
38,HLA-A32:01 ,19481.64,ANZ78847,SISTATVDVTN,38,247.0
821,HLA-A32:01 ,19510.63,ANZ78847,TIDCAAFVCGD,821,248.0
972,HLA-A32:01 ,19803.83,ANZ78847,AATSASLFPPW,972,249.0
83,HLA-A32:01 ,19826.94,ANZ78847,LKGTDKLSTLW,83,250.0
1151,HLA-A32:01 ,19832.95,ANZ78847,GLYFIHFSYVP,1151,251.0
222,HLA-A32:01 ,19879.5,ANZ78847,EGGTFYAYFTD,222,252.0
1345,HLA-A32:01 ,19941.95,ANZ78847,DDYTGYQELVI,1345,253.0
252,HLA-A32:01 ,19974.49,ANZ78847,YYVMPLTCISR,252,254.0
1316,HLA-A32:01 ,20042.91,ANZ78847,GVAMLVLLFFI,1316,255.0
169,HLA-A32:01 ,20047.53,ANZ78847,YNMCEYPHTIC,169,256.0
813,HLA-A32:01 ,20061.91,ANZ78847,IQTSSPKVTID,813,257.0
1281,HLA-A32:01 ,20108.04,ANZ78847,AIKVLNQSYIN,1281,258.0
868,HLA-A32:01 ,20161.51,ANZ78847,ANSLMNGVTLS,868,259.0
1116,HLA-A32:01 ,20247.96,ANZ78847,QAMEKVNECVK,1116,260.0
988,HLA-A32:01 ,20268.55,ANZ78847,VPFYLNVQYRI,988,261.0
1152,HLA-A32:01 ,20291.91,ANZ78847,LYFIHFSYVPT,1152,262.0
605,HLA-A32:01 ,20378.26,ANZ78847,HDVNSGLTCST,605,263.0
593,HLA-A32:01 ,20439.49,ANZ78847,GDKCNIFANLI,593,264.0
1024,HLA-A32:01 ,20502.69,ANZ78847,DAIQEGFDATN,1024,265.0
1089,HLA-A32:01 ,20652.79,ANZ78847,INGRLTALNAY,1089,266.0
1298,HLA-A32:01 ,20678.6,ANZ78847,YEYYVKWPWYV,1298,267.0
396,HLA-A32:01 ,20754.36,ANZ78847,MCFSSITIDKF,396,268.0
1101,HLA-A32:01 ,20839.45,ANZ78847,SQQLSDSTLVK,1101,269.0
1004,HLA-A32:01 ,20850.09,ANZ78847,TMDVLSQNQKL,1004,270.0
413,HLA-A32:01 ,20863.69,ANZ78847,KVDLQLGNLGY,413,271.0
790,HLA-A32:01 ,20872.04,ANZ78847,EPVGGLYEIQI,790,272.0
347,HLA-A32:01 ,20872.73,ANZ78847,WLNDKSVPSPL,347,273.0
1259,HLA-A32:01 ,20906.2,ANZ78847,LALDYINVTFL,1259,274.0
966,HLA-A32:01 ,20935.52,ANZ78847,ISGYTLAATSA,966,275.0
820,HLA-A32:01 ,20953.95,ANZ78847,VTIDCAAFVCG,820,276.0
994,HLA-A32:01 ,20995.48,ANZ78847,VQYRINGLGVT,994,277.0
435,HLA-A32:01 ,21031.98,ANZ78847,ATSCQLYYNLP,435,278.0
1180,HLA-A32:01 ,21055.67,ANZ78847,GIAPKSGYFVN,1180,279.0
295,HLA-A32:01 ,21143.16,ANZ78847,VDCMSDFMSEI,295,280.0
867,HLA-A32:01 ,21192.56,ANZ78847,VANSLMNGVTL,867,281.0
1057,HLA-A32:01 ,21206.87,ANZ78847,QLSNRFGAISS,1057,282.0
224,HLA-A32:01 ,21238.86,ANZ78847,GTFYAYFTDTG,224,283.0
852,HLA-A32:01 ,21241.21,ANZ78847,ILTEVNELLDT,852,284.0
198,HLA-A32:01 ,21270.21,ANZ78847,VSCLYKRNFTY,198,285.0
805,HLA-A32:01 ,21316.87,ANZ78847,TIGNMEEFIQT,805,286.0
1320,HLA-A32:01 ,21342.43,ANZ78847,LVLLFFICCCT,1320,287.0
1227,HLA-A32:01 ,21379.45,ANZ78847,PYVMLNTSIPN,1227,288.0
10,HLA-A32:01 ,21486.8,ANZ78847,TAFAVIGDLKC,10,289.0
1035,HLA-A32:01 ,21490.5,ANZ78847,SALVKIQAVVN,1035,290.0
895,HLA-A32:01 ,21528.23,ANZ78847,SSVLGCLGSEC,895,291.0
1326,HLA-A32:01 ,21681.58,ANZ78847,ICCCTGCGTSC,1326,292.0
160,HLA-A32:01 ,21705.12,ANZ78847,GLLEVSVCQYN,160,293.0
1278,HLA-A32:01 ,21707.14,ANZ78847,LQEAIKVLNQS,1278,294.0
162,HLA-A32:01 ,21751.73,ANZ78847,LEVSVCQYNMC,162,295.0
641,HLA-A32:01 ,21774.97,ANZ78847,GIFVEVNATYY,641,296.0
265,HLA-A32:01 ,21808.89,ANZ78847,IGFTLEYWVTP,265,297.0
926,HLA-A32:01 ,21828.22,ANZ78847,DVGFVAAYNNC,926,298.0
129,HLA-A32:01 ,21828.95,ANZ78847,TIGSTFVNTSY,129,299.0
982,HLA-A32:01 ,21886.43,ANZ78847,WTAAAGVPFYL,982,300.0
1211,HLA-A32:01 ,21933.28,ANZ78847,NNVVVMSTCAV,1211,301.0
837,HLA-A32:01 ,21985.68,ANZ78847,SQLVEYGSFCD,837,302.0
1068,HLA-A32:01 ,22092.46,ANZ78847,SLQEILSRLDA,1068,303.0
859,HLA-A32:01 ,22111.09,ANZ78847,LLDTTQLQVAN,859,304.0
278,HLA-A32:01 ,22140.01,ANZ78847,SRQYLLAFNQD,278,305.0
441,HLA-A32:01 ,22192.02,ANZ78847,YYNLPAANVSV,441,306.0
520,HLA-A32:01 ,22277.2,ANZ78847,TCPAGTNYLTC,520,307.0
1094,HLA-A32:01 ,22292.62,ANZ78847,TALNAYVSQQL,1094,308.0
387,HLA-A32:01 ,22292.79,ANZ78847,NIDAAKIYGMC,387,309.0
1117,HLA-A32:01 ,22328.74,ANZ78847,AMEKVNECVKS,1117,310.0
269,HLA-A32:01 ,22626.04,ANZ78847,LEYWVTPLTSR,269,311.0
1040,HLA-A32:01 ,22634.36,ANZ78847,IQAVVNANAEA,1040,312.0
1134,HLA-A32:01 ,22675.26,ANZ78847,FCGNGNHIISL,1134,313.0
513,HLA-A32:01 ,22678.32,ANZ78847,GKNNGIGTCPA,513,314.0
262,HLA-A32:01 ,22679.09,ANZ78847,RRNIGFTLEYW,262,315.0
798,HLA-A32:01 ,22727.92,ANZ78847,IQIPSDFTIGN,798,316.0
1280,HLA-A32:01 ,22764.11,ANZ78847,EAIKVLNQSYI,1280,317.0
1157,HLA-A32:01 ,22863.67,ANZ78847,FSYVPTKYVTA,1157,318.0
716,HLA-A32:01 ,22867.39,ANZ78847,TRQLQPINYFD,716,319.0
580,HLA-A32:01 ,22870.89,ANZ78847,QAFLGWSADSC,580,320.0
965,HLA-A32:01 ,22935.65,ANZ78847,QISGYTLAATS,965,321.0
1257,HLA-A32:01 ,22976.1,ANZ78847,PDLALDYINVT,1257,322.0
1078,HLA-A32:01 ,23065.78,ANZ78847,ALEAEAQIDRL,1078,323.0
1064,HLA-A32:01 ,23079.1,ANZ78847,AISSSLQEILS,1064,324.0
471,HLA-A32:01 ,23086.25,ANZ78847,FKPQPAGVLTN,471,325.0
31,HLA-A32:01 ,23111.53,ANZ78847,NIDTGPPSIST,31,326.0
1330,HLA-A32:01 ,23131.9,ANZ78847,TGCGTSCFKKC,1330,327.0
589,HLA-A32:01 ,23153.64,ANZ78847,SCLQGDKCNIF,589,328.0
242,HLA-A32:01 ,23155.91,ANZ78847,NVYLGMALSHY,242,329.0
807,HLA-A32:01 ,23159.75,ANZ78847,GNMEEFIQTSS,807,330.0
1055,HLA-A32:01 ,23167.34,ANZ78847,LQQLSNRFGAI,1055,331.0
633,HLA-A32:01 ,23201.51,ANZ78847,DLYGISGQGIF,633,332.0
1058,HLA-A32:01 ,23275.42,ANZ78847,LSNRFGAISSS,1058,333.0
960,HLA-A32:01 ,23362.89,ANZ78847,LLSENQISGYT,960,334.0
606,HLA-A32:01 ,23372.62,ANZ78847,DVNSGLTCSTD,606,335.0
357,HLA-A32:01 ,23412.25,ANZ78847,LNWERKTFSNC,357,336.0
442,HLA-A32:01 ,23434.33,ANZ78847,YNLPAANVSVS,442,337.0
1276,HLA-A32:01 ,23441.34,ANZ78847,NRLQEAIKVLN,1276,338.0
246,HLA-A32:01 ,23442.47,ANZ78847,GMALSHYYVMP,246,339.0
42,HLA-A32:01 ,23442.92,ANZ78847,ATVDVTNGLGT,42,340.0
501,HLA-A32:01 ,23449.79,ANZ78847,KSNSSLCVGSG,501,341.0
82,HLA-A32:01 ,23519.85,ANZ78847,ALKGTDKLSTL,82,342.0
321,HLA-A32:01 ,23616.52,ANZ78847,LNGYTVQPIAD,321,343.0
1195,HLA-A32:01 ,23648.95,ANZ78847,WMYTGSGYYYP,1195,344.0
155,HLA-A32:01 ,23760.1,ANZ78847,VNKLQGLLEVS,155,345.0
301,HLA-A32:01 ,23770.66,ANZ78847,FMSEIKCKTQS,301,346.0
1224,HLA-A32:01 ,23827.5,ANZ78847,TKAPYVMLNTS,1224,347.0
637,HLA-A32:01 ,23831.35,ANZ78847,ISGQGIFVEVN,637,348.0
479,HLA-A32:01 ,23836.32,ANZ78847,LTNHDVVYAQH,479,349.0
619,HLA-A32:01 ,23864.2,ANZ78847,KANTDIKLGVC,619,350.0
595,HLA-A32:01 ,23879.48,ANZ78847,KCNIFANLILH,595,351.0
1037,HLA-A32:01 ,23958.3,ANZ78847,LVKIQAVVNAN,1037,352.0
483,HLA-A32:01 ,24027.15,ANZ78847,DVVYAQHCFKA,483,353.0
457,HLA-A32:01 ,24039.63,ANZ78847,STWNKRFGFIE,457,354.0
1039,HLA-A32:01 ,24047.38,ANZ78847,KIQAVVNANAE,1039,355.0
276,HLA-A32:01 ,24062.25,ANZ78847,LTSRQYLLAFN,276,356.0
29,HLA-A32:01 ,24090.75,ANZ78847,LNNIDTGPPSI,29,357.0
879,HLA-A32:01 ,24141.06,ANZ78847,TKLKDGVNFNV,879,358.0
733,HLA-A32:01 ,24207.12,ANZ78847,VNAYNSTAISV,733,359.0
773,HLA-A32:01 ,24242.32,ANZ78847,RFTNFEPFTVN,773,360.0
92,HLA-A32:01 ,24262.15,ANZ78847,LWFKPPFLSDF,92,361.0
847,HLA-A32:01 ,24345.71,ANZ78847,DNINAILTEVN,847,362.0
240,HLA-A32:01 ,24411.46,ANZ78847,LFNVYLGMALS,240,363.0
1305,HLA-A32:01 ,24440.17,ANZ78847,PWYVWLLICLA,1305,364.0
196,HLA-A32:01 ,24461.37,ANZ78847,GVVSCLYKRNF,196,365.0
184,HLA-A32:01 ,24472.65,ANZ78847,GNHFKELWHMD,184,366.0
85,HLA-A32:01 ,24514.08,ANZ78847,GTDKLSTLWFK,85,367.0
127,HLA-A32:01 ,24515.31,ANZ78847,AITIGSTFVNT,127,368.0
236,HLA-A32:01 ,24519.32,ANZ78847,VTKFLFNVYLG,236,369.0
660,HLA-A32:01 ,24528.7,ANZ78847,DSNGNLYGFRD,660,370.0
287,HLA-A32:01 ,24576.93,ANZ78847,QDGIIFNAVDC,287,371.0
658,HLA-A32:01 ,24600.2,ANZ78847,LYDSNGNLYGF,658,372.0
1025,HLA-A32:01 ,24663.09,ANZ78847,AIQEGFDATNS,1025,373.0
1034,HLA-A32:01 ,24682.03,ANZ78847,NSALVKIQAVV,1034,374.0
597,HLA-A32:01 ,24697.64,ANZ78847,NIFANLILHDV,597,375.0
66,HLA-A32:01 ,24708.9,ANZ78847,FLNGYYPTSGS,66,376.0
402,HLA-A32:01 ,24775.46,ANZ78847,TIDKFAIPNGR,402,377.0
551,HLA-A32:01 ,24812.7,ANZ78847,KSLVGIGEHCS,551,378.0
1213,HLA-A32:01 ,24812.88,ANZ78847,VVVMSTCAVNY,1213,379.0
115,HLA-A32:01 ,24872.7,ANZ78847,VFKDGVMYSEF,115,380.0
440,HLA-A32:01 ,24892.22,ANZ78847,LYYNLPAANVS,440,381.0
170,HLA-A32:01 ,24982.06,ANZ78847,NMCEYPHTICH,170,382.0
1067,HLA-A32:01 ,24984.54,ANZ78847,SSLQEILSRLD,1067,383.0
952,HLA-A32:01 ,25028.27,ANZ78847,KGIKVLPPLLS,952,384.0
915,HLA-A32:01 ,25044.01,ANZ78847,EDLLFDKVKLS,915,385.0
1054,HLA-A32:01 ,25070.0,ANZ78847,LLQQLSNRFGA,1054,386.0
141,HLA-A32:01 ,25078.06,ANZ78847,VVVQPRTINST,141,387.0
259,HLA-A32:01 ,25083.25,ANZ78847,CISRRNIGFTL,259,388.0
1300,HLA-A32:01 ,25086.04,ANZ78847,YYVKWPWYVWL,1300,389.0
398,HLA-A32:01 ,25124.68,ANZ78847,FSSITIDKFAI,398,390.0
1022,HLA-A32:01 ,25125.87,ANZ78847,ALDAIQEGFDA,1022,391.0
971,HLA-A32:01 ,25137.03,ANZ78847,LAATSASLFPP,971,392.0
1228,HLA-A32:01 ,25143.3,ANZ78847,YVMLNTSIPNL,1228,393.0
286,HLA-A32:01 ,25147.75,ANZ78847,NQDGIIFNAVD,286,394.0
726,HLA-A32:01 ,25161.01,ANZ78847,DSYLGCVVNAY,726,395.0
1304,HLA-A32:01 ,25168.01,ANZ78847,WPWYVWLLICL,1304,396.0
372,HLA-A32:01 ,25169.29,ANZ78847,SSLMSFIQADS,372,397.0
911,HLA-A32:01 ,25179.99,ANZ78847,RSAIEDLLFDK,911,398.0
1006,HLA-A32:01 ,25222.63,ANZ78847,DVLSQNQKLIA,1006,399.0
602,HLA-A32:01 ,25242.42,ANZ78847,LILHDVNSGLT,602,400.0
792,HLA-A32:01 ,25247.34,ANZ78847,VGGLYEIQIPS,792,401.0
1346,HLA-A32:01 ,25248.79,ANZ78847,DYTGYQELVIK,1346,402.0
511,HLA-A32:01 ,25305.48,ANZ78847,GPGKNNGIGTC,511,403.0
188,HLA-A32:01 ,25321.14,ANZ78847,KELWHMDTGVV,188,404.0
433,HLA-A32:01 ,25321.28,ANZ78847,TTATSCQLYYN,433,405.0
233,HLA-A32:01 ,25338.77,ANZ78847,TGVVTKFLFNV,233,406.0
81,HLA-A32:01 ,25353.8,ANZ78847,MALKGTDKLST,81,407.0
443,HLA-A32:01 ,25394.3,ANZ78847,NLPAANVSVSR,443,408.0
47,HLA-A32:01 ,25485.86,ANZ78847,TNGLGTYYVLD,47,409.0
705,HLA-A32:01 ,25526.83,ANZ78847,IKCNYVFNNSL,705,410.0
956,HLA-A32:01 ,25531.97,ANZ78847,VLPPLLSENQI,956,411.0
424,HLA-A32:01 ,25549.79,ANZ78847,LQSFNYRIDTT,424,412.0
140,HLA-A32:01 ,25567.68,ANZ78847,SVVVQPRTINS,140,413.0
709,HLA-A32:01 ,25608.52,ANZ78847,YVFNNSLTRQL,709,414.0
108,HLA-A32:01 ,25623.59,ANZ78847,AKVKNTKVFKD,108,415.0
738,HLA-A32:01 ,25660.17,ANZ78847,STAISVQTCDL,738,416.0
49,HLA-A32:01 ,25665.29,ANZ78847,GLGTYYVLDRV,49,417.0
1030,HLA-A32:01 ,25672.72,ANZ78847,FDATNSALVKI,1030,418.0
578,HLA-A32:01 ,25691.81,ANZ78847,QPQAFLGWSAD,578,419.0
439,HLA-A32:01 ,25696.08,ANZ78847,QLYYNLPAANV,439,420.0
747,HLA-A32:01 ,25717.21,ANZ78847,DLTVGSGYCVD,747,421.0
1245,HLA-A32:01 ,25730.69,ANZ78847,LDQWFKNQTSV,1245,422.0
1095,HLA-A32:01 ,25740.79,ANZ78847,ALNAYVSQQLS,1095,423.0
945,HLA-A32:01 ,25753.67,ANZ78847,LICVQSYKGIK,945,424.0
1347,HLA-A32:01 ,25811.91,ANZ78847,YTGYQELVIKT,1347,425.0
1133,HLA-A32:01 ,25839.86,ANZ78847,NFCGNGNHIIS,1133,426.0
368,HLA-A32:01 ,25854.65,ANZ78847,NFNMSSLMSFI,368,427.0
796,HLA-A32:01 ,25934.51,ANZ78847,YEIQIPSDFTI,796,428.0
1307,HLA-A32:01 ,25988.19,ANZ78847,YVWLLICLAGV,1307,429.0
670,HLA-A32:01 ,26097.47,ANZ78847,DYLTNRTFMIR,670,430.0
1012,HLA-A32:01 ,26099.24,ANZ78847,QKLIANAFNNA,1012,431.0
176,HLA-A32:01 ,26114.92,ANZ78847,HTICHPNLGNH,176,432.0
374,HLA-A32:01 ,26154.74,ANZ78847,LMSFIQADSFT,374,433.0
97,HLA-A32:01 ,26169.25,ANZ78847,PFLSDFINGIF,97,434.0
1065,HLA-A32:01 ,26180.89,ANZ78847,ISSSLQEILSR,1065,435.0
1154,HLA-A32:01 ,26193.26,ANZ78847,FIHFSYVPTKY,1154,436.0
237,HLA-A32:01 ,26301.61,ANZ78847,TKFLFNVYLGM,237,437.0
1263,HLA-A32:01 ,26347.89,ANZ78847,YINVTFLDLQV,1263,438.0
858,HLA-A32:01 ,26413.68,ANZ78847,ELLDTTQLQVA,858,439.0
1149,HLA-A32:01 ,26415.64,ANZ78847,PYGLYFIHFSY,1149,440.0
961,HLA-A32:01 ,26425.94,ANZ78847,LSENQISGYTL,961,441.0
371,HLA-A32:01 ,26471.76,ANZ78847,MSSLMSFIQAD,371,442.0
23,HLA-A32:01 ,26529.13,ANZ78847,DSRTGSLNNID,23,443.0
229,HLA-A32:01 ,26622.11,ANZ78847,YFTDTGVVTKF,229,444.0
1189,HLA-A32:01 ,26647.97,ANZ78847,VNVNNTWMYTG,1189,445.0
338,HLA-A32:01 ,26678.36,ANZ78847,DLPNCNIEAWL,338,446.0
1246,HLA-A32:01 ,26788.15,ANZ78847,DQWFKNQTSVA,1246,447.0
390,HLA-A32:01 ,26800.54,ANZ78847,AAKIYGMCFSS,390,448.0
133,HLA-A32:01 ,26833.07,ANZ78847,TFVNTSYSVVV,133,449.0
1107,HLA-A32:01 ,26840.8,ANZ78847,STLVKFSAAQA,1107,450.0
1308,HLA-A32:01 ,26850.69,ANZ78847,VWLLICLAGVA,1308,451.0
325,HLA-A32:01 ,26887.48,ANZ78847,TVQPIADVYRR,325,452.0
444,HLA-A32:01 ,26913.25,ANZ78847,LPAANVSVSRF,444,453.0
872,HLA-A32:01 ,26929.54,ANZ78847,MNGVTLSTKLK,872,454.0
280,HLA-A32:01 ,26934.92,ANZ78847,QYLLAFNQDGI,280,455.0
730,HLA-A32:01 ,26958.78,ANZ78847,GCVVNAYNSTA,730,456.0
189,HLA-A32:01 ,26971.77,ANZ78847,ELWHMDTGVVS,189,457.0
251,HLA-A32:01 ,27054.27,ANZ78847,HYYVMPLTCIS,251,458.0
775,HLA-A32:01 ,27065.73,ANZ78847,TNFEPFTVNSV,775,459.0
947,HLA-A32:01 ,27090.3,ANZ78847,CVQSYKGIKVL,947,460.0
909,HLA-A32:01 ,27090.84,ANZ78847,SSRSAIEDLLF,909,461.0
1085,HLA-A32:01 ,27143.87,ANZ78847,IDRLINGRLTA,1085,462.0
101,HLA-A32:01 ,27159.76,ANZ78847,DFINGIFAKVK,101,463.0
40,HLA-A32:01 ,27238.83,ANZ78847,STATVDVTNGL,40,464.0
1190,HLA-A32:01 ,27277.94,ANZ78847,NVNNTWMYTGS,1190,465.0
917,HLA-A32:01 ,27294.96,ANZ78847,LLFDKVKLSDV,917,466.0
963,HLA-A32:01 ,27303.39,ANZ78847,ENQISGYTLAA,963,467.0
913,HLA-A32:01 ,27305.7,ANZ78847,AIEDLLFDKVK,913,468.0
532,HLA-A32:01 ,27324.46,ANZ78847,NLCNPDPITFT,532,469.0
238,HLA-A32:01 ,27334.19,ANZ78847,KFLFNVYLGMA,238,470.0
183,HLA-A32:01 ,27371.01,ANZ78847,LGNHFKELWHM,183,471.0
34,HLA-A32:01 ,27373.13,ANZ78847,TGPPSISTATV,34,472.0
766,HLA-A32:01 ,27434.34,ANZ78847,RAITTGYRFTN,766,473.0
401,HLA-A32:01 ,27436.28,ANZ78847,ITIDKFAIPNG,401,474.0
1132,HLA-A32:01 ,27440.46,ANZ78847,INFCGNGNHII,1132,475.0
729,HLA-A32:01 ,27450.08,ANZ78847,LGCVVNAYNST,729,476.0
864,HLA-A32:01 ,27493.02,ANZ78847,QLQVANSLMNG,864,477.0
425,HLA-A32:01 ,27517.76,ANZ78847,QSFNYRIDTTA,425,478.0
835,HLA-A32:01 ,27521.76,ANZ78847,CKSQLVEYGSF,835,479.0
391,HLA-A32:01 ,27536.85,ANZ78847,AKIYGMCFSSI,391,480.0
1076,HLA-A32:01 ,27570.33,ANZ78847,LDALEAEAQID,1076,481.0
1016,HLA-A32:01 ,27577.89,ANZ78847,ANAFNNALDAI,1016,482.0
1031,HLA-A32:01 ,27581.55,ANZ78847,DATNSALVKIQ,1031,483.0
194,HLA-A32:01 ,27596.49,ANZ78847,DTGVVSCLYKR,194,484.0
855,HLA-A32:01 ,27612.06,ANZ78847,EVNELLDTTQL,855,485.0
48,HLA-A32:01 ,27686.1,ANZ78847,NGLGTYYVLDR,48,486.0
13,HLA-A32:01 ,27739.63,ANZ78847,AVIGDLKCPLD,13,487.0
146,HLA-A32:01 ,27746.77,ANZ78847,RTINSTQDGVN,146,488.0
298,HLA-A32:01 ,27756.36,ANZ78847,MSDFMSEIKCK,298,489.0
1282,HLA-A32:01 ,27760.85,ANZ78847,IKVLNQSYINL,1282,490.0
848,HLA-A32:01 ,27774.61,ANZ78847,NINAILTEVNE,848,491.0
973,HLA-A32:01 ,27785.72,ANZ78847,ATSASLFPPWT,973,492.0
596,HLA-A32:01 ,27835.74,ANZ78847,CNIFANLILHD,596,493.0
706,HLA-A32:01 ,27845.39,ANZ78847,KCNYVFNNSLT,706,494.0
616,HLA-A32:01 ,27849.9,ANZ78847,DLQKANTDIKL,616,495.0
591,HLA-A32:01 ,27904.3,ANZ78847,LQGDKCNIFAN,591,496.0
122,HLA-A32:01 ,27904.94,ANZ78847,YSEFPAITIGS,122,497.0
742,HLA-A32:01 ,27952.62,ANZ78847,SVQTCDLTVGS,742,498.0
1348,HLA-A32:01 ,27955.87,ANZ78847,TGYQELVIKTS,1348,499.0
461,HLA-A32:01 ,27963.7,ANZ78847,KRFGFIEDSVF,461,500.0
487,HLA-A32:01 ,27998.93,ANZ78847,AQHCFKAPKNF,487,501.0
1137,HLA-A32:01 ,28087.1,ANZ78847,NGNHIISLVQN,1137,502.0
106,HLA-A32:01 ,28094.09,ANZ78847,IFAKVKNTKVF,106,503.0
1000,HLA-A32:01 ,28096.92,ANZ78847,GLGVTMDVLSQ,1000,504.0
857,HLA-A32:01 ,28206.01,ANZ78847,NELLDTTQLQV,857,505.0
167,HLA-A32:01 ,28211.12,ANZ78847,CQYNMCEYPHT,167,506.0
27,HLA-A32:01 ,28224.38,ANZ78847,GSLNNIDTGPP,27,507.0
388,HLA-A32:01 ,28310.41,ANZ78847,IDAAKIYGMCF,388,508.0
253,HLA-A32:01 ,28315.9,ANZ78847,YVMPLTCISRR,253,509.0
946,HLA-A32:01 ,28331.13,ANZ78847,ICVQSYKGIKV,946,510.0
842,HLA-A32:01 ,28347.77,ANZ78847,YGSFCDNINAI,842,511.0
671,HLA-A32:01 ,28356.61,ANZ78847,YLTNRTFMIRS,671,512.0
100,HLA-A32:01 ,28455.06,ANZ78847,SDFINGIFAKV,100,513.0
737,HLA-A32:01 ,28472.42,ANZ78847,NSTAISVQTCD,737,514.0
1043,HLA-A32:01 ,28499.5,ANZ78847,VVNANAEALNN,1043,515.0
1124,HLA-A32:01 ,28506.04,ANZ78847,CVKSQSSRINF,1124,516.0
1212,HLA-A32:01 ,28528.93,ANZ78847,NVVVMSTCAVN,1212,517.0
1265,HLA-A32:01 ,28562.48,ANZ78847,NVTFLDLQVEM,1265,518.0
1115,HLA-A32:01 ,28573.99,ANZ78847,AQAMEKVNECV,1115,519.0
546,HLA-A32:01 ,28648.34,ANZ78847,KCPQSKSLVGI,546,520.0
728,HLA-A32:01 ,28680.97,ANZ78847,YLGCVVNAYNS,728,521.0
1275,HLA-A32:01 ,28728.7,ANZ78847,MNRLQEAIKVL,1275,522.0
199,HLA-A32:01 ,28738.06,ANZ78847,SCLYKRNFTYD,199,523.0
565,HLA-A32:01 ,28752.52,ANZ78847,VKSDYCGGNPC,565,524.0
1103,HLA-A32:01 ,28798.02,ANZ78847,QLSDSTLVKFS,1103,525.0
65,HLA-A32:01 ,28803.62,ANZ78847,LFLNGYYPTSG,65,526.0
657,HLA-A32:01 ,28820.02,ANZ78847,LLYDSNGNLYG,657,527.0
1306,HLA-A32:01 ,28832.3,ANZ78847,WYVWLLICLAG,1306,528.0
1005,HLA-A32:01 ,28840.7,ANZ78847,MDVLSQNQKLI,1005,529.0
1292,HLA-A32:01 ,28848.41,ANZ78847,LKDIGTYEYYV,1292,530.0
808,HLA-A32:01 ,28895.98,ANZ78847,NMEEFIQTSSP,808,531.0
953,HLA-A32:01 ,28916.02,ANZ78847,GIKVLPPLLSE,953,532.0
337,HLA-A32:01 ,28954.56,ANZ78847,PDLPNCNIEAW,337,533.0
721,HLA-A32:01 ,29001.91,ANZ78847,PINYFDSYLGC,721,534.0
1181,HLA-A32:01 ,29005.19,ANZ78847,IAPKSGYFVNV,1181,535.0
453,HLA-A32:01 ,29090.05,ANZ78847,RFNPSTWNKRF,453,536.0
430,HLA-A32:01 ,29117.5,ANZ78847,RIDTTATSCQL,430,537.0
624,HLA-A32:01 ,29129.1,ANZ78847,IKLGVCVNYDL,624,538.0
853,HLA-A32:01 ,29136.2,ANZ78847,LTEVNELLDTT,853,539.0
558,HLA-A32:01 ,29172.01,ANZ78847,EHCSGLAVKSD,558,540.0
865,HLA-A32:01 ,29187.58,ANZ78847,LQVANSLMNGV,865,541.0
736,HLA-A32:01 ,29217.75,ANZ78847,YNSTAISVQTC,736,542.0
200,HLA-A32:01 ,29221.81,ANZ78847,CLYKRNFTYDV,200,543.0
724,HLA-A32:01 ,29253.84,ANZ78847,YFDSYLGCVVN,724,544.0
469,HLA-A32:01 ,29272.52,ANZ78847,SVFKPQPAGVL,469,545.0
873,HLA-A32:01 ,29275.4,ANZ78847,NGVTLSTKLKD,873,546.0
850,HLA-A32:01 ,29312.09,ANZ78847,NAILTEVNELL,850,547.0
102,HLA-A32:01 ,29322.72,ANZ78847,FINGIFAKVKN,102,548.0
1148,HLA-A32:01 ,29336.42,ANZ78847,APYGLYFIHFS,1148,549.0
1015,HLA-A32:01 ,29404.59,ANZ78847,IANAFNNALDA,1015,550.0
161,HLA-A32:01 ,29474.43,ANZ78847,LLEVSVCQYNM,161,551.0
203,HLA-A32:01 ,29542.76,ANZ78847,KRNFTYDVNAT,203,552.0
134,HLA-A32:01 ,29553.25,ANZ78847,FVNTSYSVVVQ,134,553.0
862,HLA-A32:01 ,29562.85,ANZ78847,TTQLQVANSLM,862,554.0
1069,HLA-A32:01 ,29610.93,ANZ78847,LQEILSRLDAL,1069,555.0
845,HLA-A32:01 ,29617.81,ANZ78847,FCDNINAILTE,845,556.0
1104,HLA-A32:01 ,29644.22,ANZ78847,LSDSTLVKFSA,1104,557.0
1083,HLA-A32:01 ,29675.29,ANZ78847,AQIDRLINGRL,1083,558.0
241,HLA-A32:01 ,29694.75,ANZ78847,FNVYLGMALSH,241,559.0
996,HLA-A32:01 ,29712.62,ANZ78847,YRINGLGVTMD,996,560.0
33,HLA-A32:01 ,29717.39,ANZ78847,DTGPPSISTAT,33,561.0
1125,HLA-A32:01 ,29736.1,ANZ78847,VKSQSSRINFC,1125,562.0
478,HLA-A32:01 ,29743.46,ANZ78847,VLTNHDVVYAQ,478,563.0
628,HLA-A32:01 ,29752.28,ANZ78847,VCVNYDLYGIS,628,564.0
949,HLA-A32:01 ,29818.56,ANZ78847,QSYKGIKVLPP,949,565.0
400,HLA-A32:01 ,29830.61,ANZ78847,SITIDKFAIPN,400,566.0
1159,HLA-A32:01 ,29858.67,ANZ78847,YVPTKYVTAKV,1159,567.0
774,HLA-A32:01 ,29861.04,ANZ78847,FTNFEPFTVNS,774,568.0
1186,HLA-A32:01 ,29888.93,ANZ78847,GYFVNVNNTWM,1186,569.0
138,HLA-A32:01 ,29907.1,ANZ78847,SYSVVVQPRTI,138,570.0
527,HLA-A32:01 ,29938.63,ANZ78847,YLTCHNLCNPD,527,571.0
1198,HLA-A32:01 ,29948.03,ANZ78847,TGSGYYYPEPI,1198,572.0
1333,HLA-A32:01 ,30000.83,ANZ78847,GTSCFKKCGGC,1333,573.0
1153,HLA-A32:01 ,30007.72,ANZ78847,YFIHFSYVPTK,1153,574.0
164,HLA-A32:01 ,30024.69,ANZ78847,VSVCQYNMCEY,164,575.0
1150,HLA-A32:01 ,30046.05,ANZ78847,YGLYFIHFSYV,1150,576.0
938,HLA-A32:01 ,30065.46,ANZ78847,GGAEIRDLICV,938,577.0
223,HLA-A32:01 ,30088.11,ANZ78847,GGTFYAYFTDT,223,578.0
22,HLA-A32:01 ,30145.33,ANZ78847,LDSRTGSLNNI,22,579.0
967,HLA-A32:01 ,30172.0,ANZ78847,SGYTLAATSAS,967,580.0
165,HLA-A32:01 ,30174.56,ANZ78847,SVCQYNMCEYP,165,581.0
768,HLA-A32:01 ,30184.89,ANZ78847,ITTGYRFTNFE,768,582.0
14,HLA-A32:01 ,30212.37,ANZ78847,VIGDLKCPLDS,14,583.0
1014,HLA-A32:01 ,30223.92,ANZ78847,LIANAFNNALD,1014,584.0
28,HLA-A32:01 ,30256.87,ANZ78847,SLNNIDTGPPS,28,585.0
993,HLA-A32:01 ,30287.92,ANZ78847,NVQYRINGLGV,993,586.0
699,HLA-A32:01 ,30316.62,ANZ78847,ALLFRNIKCNY,699,587.0
76,HLA-A32:01 ,30360.76,ANZ78847,STYRNMALKGT,76,588.0
135,HLA-A32:01 ,30371.99,ANZ78847,VNTSYSVVVQP,135,589.0
124,HLA-A32:01 ,30380.01,ANZ78847,EFPAITIGSTF,124,590.0
289,HLA-A32:01 ,30384.62,ANZ78847,GIIFNAVDCMS,289,591.0
650,HLA-A32:01 ,30407.35,ANZ78847,YYNSWQNLLYD,650,592.0
1033,HLA-A32:01 ,30411.26,ANZ78847,TNSALVKIQAV,1033,593.0
802,HLA-A32:01 ,30442.54,ANZ78847,SDFTIGNMEEF,802,594.0
150,HLA-A32:01 ,30444.24,ANZ78847,STQDGVNKLQG,150,595.0
1216,HLA-A32:01 ,30454.97,ANZ78847,MSTCAVNYTKA,1216,596.0
643,HLA-A32:01 ,30497.09,ANZ78847,FVEVNATYYNS,643,597.0
746,HLA-A32:01 ,30542.61,ANZ78847,CDLTVGSGYCV,746,598.0
32,HLA-A32:01 ,30547.83,ANZ78847,IDTGPPSISTA,32,599.0
783,HLA-A32:01 ,30568.93,ANZ78847,NSVNDSLEPVG,783,600.0
214,HLA-A32:01 ,30570.07,ANZ78847,YLYFHFYQEGG,214,601.0
1072,HLA-A32:01 ,30597.62,ANZ78847,ILSRLDALEAE,1072,602.0
87,HLA-A32:01 ,30606.7,ANZ78847,DKLSTLWFKPP,87,603.0
1063,HLA-A32:01 ,30652.36,ANZ78847,GAISSSLQEIL,1063,604.0
62,HLA-A32:01 ,30656.95,ANZ78847,NTTLFLNGYYP,62,605.0
924,HLA-A32:01 ,30698.0,ANZ78847,LSDVGFVAAYN,924,606.0
934,HLA-A32:01 ,30703.87,ANZ78847,NNCTGGAEIRD,934,607.0
734,HLA-A32:01 ,30737.37,ANZ78847,NAYNSTAISVQ,734,608.0
339,HLA-A32:01 ,30763.52,ANZ78847,LPNCNIEAWLN,339,609.0
1174,HLA-A32:01 ,30771.59,ANZ78847,CIAGDRGIAPK,1174,610.0
1041,HLA-A32:01 ,30818.51,ANZ78847,QAVVNANAEAL,1041,611.0
1038,HLA-A32:01 ,30848.09,ANZ78847,VKIQAVVNANA,1038,612.0
1136,HLA-A32:01 ,30874.82,ANZ78847,GNGNHIISLVQ,1136,613.0
193,HLA-A32:01 ,30923.88,ANZ78847,MDTGVVSCLYK,193,614.0
207,HLA-A32:01 ,30941.25,ANZ78847,TYDVNATYLYF,207,615.0
615,HLA-A32:01 ,30957.3,ANZ78847,TDLQKANTDIK,615,616.0
552,HLA-A32:01 ,30974.76,ANZ78847,SLVGIGEHCSG,552,617.0
468,HLA-A32:01 ,30983.64,ANZ78847,DSVFKPQPAGV,468,618.0
73,HLA-A32:01 ,31022.37,ANZ78847,TSGSTYRNMAL,73,619.0
171,HLA-A32:01 ,31037.85,ANZ78847,MCEYPHTICHP,171,620.0
1244,HLA-A32:01 ,31110.14,ANZ78847,ELDQWFKNQTS,1244,621.0
1167,HLA-A32:01 ,31186.4,ANZ78847,AKVSPGLCIAG,1167,622.0
695,HLA-A32:01 ,31189.77,ANZ78847,SSEPALLFRNI,695,623.0
495,HLA-A32:01 ,31191.4,ANZ78847,KNFCPCKSNSS,495,624.0
216,HLA-A32:01 ,31202.07,ANZ78847,YFHFYQEGGTF,216,625.0
379,HLA-A32:01 ,31222.45,ANZ78847,QADSFTCNNID,379,626.0
944,HLA-A32:01 ,31266.51,ANZ78847,DLICVQSYKGI,944,627.0
104,HLA-A32:01 ,31286.33,ANZ78847,NGIFAKVKNTK,104,628.0
254,HLA-A32:01 ,31287.59,ANZ78847,VMPLTCISRRN,254,629.0
364,HLA-A32:01 ,31300.84,ANZ78847,FSNCNFNMSSL,364,630.0
1223,HLA-A32:01 ,31320.59,ANZ78847,YTKAPYVMLNT,1223,631.0
649,HLA-A32:01 ,31322.62,ANZ78847,TYYNSWQNLLY,649,632.0
99,HLA-A32:01 ,31354.9,ANZ78847,LSDFINGIFAK,99,633.0
537,HLA-A32:01 ,31385.9,ANZ78847,DPITFTGPYKC,537,634.0
418,HLA-A32:01 ,31399.1,ANZ78847,LGNLGYLQSFN,418,635.0
1182,HLA-A32:01 ,31423.91,ANZ78847,APKSGYFVNVN,1182,636.0
1096,HLA-A32:01 ,31464.38,ANZ78847,LNAYVSQQLSD,1096,637.0
1196,HLA-A32:01 ,31470.39,ANZ78847,MYTGSGYYYPE,1196,638.0
166,HLA-A32:01 ,31532.29,ANZ78847,VCQYNMCEYPH,166,639.0
782,HLA-A32:01 ,31532.77,ANZ78847,VNSVNDSLEPV,782,640.0
642,HLA-A32:01 ,31541.47,ANZ78847,IFVEVNATYYN,642,641.0
748,HLA-A32:01 ,31549.16,ANZ78847,LTVGSGYCVDY,748,642.0
955,HLA-A32:01 ,31556.4,ANZ78847,KVLPPLLSENQ,955,643.0
614,HLA-A32:01 ,31559.87,ANZ78847,STDLQKANTDI,614,644.0
340,HLA-A32:01 ,31562.38,ANZ78847,PNCNIEAWLND,340,645.0
881,HLA-A32:01 ,31581.81,ANZ78847,LKDGVNFNVDD,881,646.0
652,HLA-A32:01 ,31615.7,ANZ78847,NSWQNLLYDSN,652,647.0
1029,HLA-A32:01 ,31627.99,ANZ78847,GFDATNSALVK,1029,648.0
579,HLA-A32:01 ,31641.07,ANZ78847,PQAFLGWSADS,579,649.0
1071,HLA-A32:01 ,31665.21,ANZ78847,EILSRLDALEA,1071,650.0
514,HLA-A32:01 ,31689.55,ANZ78847,KNNGIGTCPAG,514,651.0
299,HLA-A32:01 ,31716.68,ANZ78847,SDFMSEIKCKT,299,652.0
366,HLA-A32:01 ,31727.65,ANZ78847,NCNFNMSSLMS,366,653.0
1045,HLA-A32:01 ,31747.69,ANZ78847,NANAEALNNLL,1045,654.0
1295,HLA-A32:01 ,31759.97,ANZ78847,IGTYEYYVKWP,1295,655.0
769,HLA-A32:01 ,31763.08,ANZ78847,TTGYRFTNFEP,769,656.0
1334,HLA-A32:01 ,31772.45,ANZ78847,TSCFKKCGGCC,1334,657.0
187,HLA-A32:01 ,31772.52,ANZ78847,FKELWHMDTGV,187,658.0
954,HLA-A32:01 ,31782.25,ANZ78847,IKVLPPLLSEN,954,659.0
455,HLA-A32:01 ,31789.29,ANZ78847,NPSTWNKRFGF,455,660.0
550,HLA-A32:01 ,31793.74,ANZ78847,SKSLVGIGEHC,550,661.0
1008,HLA-A32:01 ,31819.11,ANZ78847,LSQNQKLIANA,1008,662.0
458,HLA-A32:01 ,31830.75,ANZ78847,TWNKRFGFIED,458,663.0
556,HLA-A32:01 ,31832.61,ANZ78847,IGEHCSGLAVK,556,664.0
1207,HLA-A32:01 ,31835.16,ANZ78847,PITENNVVVMS,1207,665.0
86,HLA-A32:01 ,31841.47,ANZ78847,TDKLSTLWFKP,86,666.0
959,HLA-A32:01 ,31862.94,ANZ78847,PLLSENQISGY,959,667.0
784,HLA-A32:01 ,31876.71,ANZ78847,SVNDSLEPVGG,784,668.0
143,HLA-A32:01 ,31889.14,ANZ78847,VQPRTINSTQD,143,669.0
647,HLA-A32:01 ,31902.08,ANZ78847,NATYYNSWQNL,647,670.0
937,HLA-A32:01 ,31905.62,ANZ78847,TGGAEIRDLIC,937,671.0
428,HLA-A32:01 ,31939.47,ANZ78847,NYRIDTTATSC,428,672.0
1100,HLA-A32:01 ,31943.85,ANZ78847,VSQQLSDSTLV,1100,673.0
1279,HLA-A32:01 ,31954.79,ANZ78847,QEAIKVLNQSY,1279,674.0
891,HLA-A32:01 ,31977.94,ANZ78847,DINFSSVLGCL,891,675.0
718,HLA-A32:01 ,32073.18,ANZ78847,QLQPINYFDSY,718,676.0
109,HLA-A32:01 ,32073.91,ANZ78847,KVKNTKVFKDG,109,677.0
656,HLA-A32:01 ,32106.32,ANZ78847,NLLYDSNGNLY,656,678.0
613,HLA-A32:01 ,32117.29,ANZ78847,CSTDLQKANTD,613,679.0
764,HLA-A32:01 ,32122.3,ANZ78847,SRRAITTGYRF,764,680.0
987,HLA-A32:01 ,32127.19,ANZ78847,GVPFYLNVQYR,987,681.0
877,HLA-A32:01 ,32136.44,ANZ78847,LSTKLKDGVNF,877,682.0
1042,HLA-A32:01 ,32147.07,ANZ78847,AVVNANAEALN,1042,683.0
646,HLA-A32:01 ,32160.84,ANZ78847,VNATYYNSWQN,646,684.0
621,HLA-A32:01 ,32162.0,ANZ78847,NTDIKLGVCVN,621,685.0
505,HLA-A32:01 ,32166.28,ANZ78847,SLCVGSGPGKN,505,686.0
79,HLA-A32:01 ,32177.91,ANZ78847,RNMALKGTDKL,79,687.0
986,HLA-A32:01 ,32213.39,ANZ78847,AGVPFYLNVQY,986,688.0
704,HLA-A32:01 ,32214.61,ANZ78847,NIKCNYVFNNS,704,689.0
1156,HLA-A32:01 ,32220.68,ANZ78847,HFSYVPTKYVT,1156,690.0
995,HLA-A32:01 ,32283.78,ANZ78847,QYRINGLGVTM,995,691.0
1023,HLA-A32:01 ,32288.28,ANZ78847,LDAIQEGFDAT,1023,692.0
80,HLA-A32:01 ,32358.21,ANZ78847,NMALKGTDKLS,80,693.0
1093,HLA-A32:01 ,32364.22,ANZ78847,LTALNAYVSQQ,1093,694.0
590,HLA-A32:01 ,32381.05,ANZ78847,CLQGDKCNIFA,590,695.0
30,HLA-A32:01 ,32384.62,ANZ78847,NNIDTGPPSIS,30,696.0
1270,HLA-A32:01 ,32424.92,ANZ78847,DLQVEMNRLQE,1270,697.0
689,HLA-A32:01 ,32437.41,ANZ78847,AAFHANSSEPA,689,698.0
623,HLA-A32:01 ,32469.78,ANZ78847,DIKLGVCVNYD,623,699.0
1253,HLA-A32:01 ,32479.71,ANZ78847,TSVAPDLALDY,1253,700.0
1090,HLA-A32:01 ,32496.29,ANZ78847,NGRLTALNAYV,1090,701.0
557,HLA-A32:01 ,32506.1,ANZ78847,GEHCSGLAVKS,557,702.0
1252,HLA-A32:01 ,32507.04,ANZ78847,QTSVAPDLALD,1252,703.0
490,HLA-A32:01 ,32513.93,ANZ78847,CFKAPKNFCPC,490,704.0
230,HLA-A32:01 ,32553.79,ANZ78847,FTDTGVVTKFL,230,705.0
824,HLA-A32:01 ,32557.26,ANZ78847,CAAFVCGDYAA,824,706.0
309,HLA-A32:01 ,32560.4,ANZ78847,TQSIAPPTGVY,309,707.0
723,HLA-A32:01 ,32569.56,ANZ78847,NYFDSYLGCVV,723,708.0
838,HLA-A32:01 ,32574.68,ANZ78847,QLVEYGSFCDN,838,709.0
1261,HLA-A32:01 ,32579.96,ANZ78847,LDYINVTFLDL,1261,710.0
529,HLA-A32:01 ,32586.19,ANZ78847,TCHNLCNPDPI,529,711.0
1187,HLA-A32:01 ,32596.03,ANZ78847,YFVNVNNTWMY,1187,712.0
419,HLA-A32:01 ,32599.98,ANZ78847,GNLGYLQSFNY,419,713.0
1350,HLA-A32:01 ,32690.13,ANZ78847,YQELVIKTSHD,1350,714.0
221,HLA-A32:01 ,32703.96,ANZ78847,QEGGTFYAYFT,221,715.0
707,HLA-A32:01 ,32706.13,ANZ78847,CNYVFNNSLTR,707,716.0
291,HLA-A32:01 ,32709.78,ANZ78847,IFNAVDCMSDF,291,717.0
1105,HLA-A32:01 ,32755.06,ANZ78847,SDSTLVKFSAA,1105,718.0
389,HLA-A32:01 ,32756.59,ANZ78847,DAAKIYGMCFS,389,719.0
350,HLA-A32:01 ,32758.12,ANZ78847,DKSVPSPLNWE,350,720.0
897,HLA-A32:01 ,32776.77,ANZ78847,VLGCLGSECSK,897,721.0
866,HLA-A32:01 ,32787.34,ANZ78847,QVANSLMNGVT,866,722.0
1287,HLA-A32:01 ,32799.81,ANZ78847,QSYINLKDIGT,1287,723.0
1325,HLA-A32:01 ,32810.03,ANZ78847,FICCCTGCGTS,1325,724.0
936,HLA-A32:01 ,32814.44,ANZ78847,CTGGAEIRDLI,936,725.0
195,HLA-A32:01 ,32816.41,ANZ78847,TGVVSCLYKRN,195,726.0
1020,HLA-A32:01 ,32850.31,ANZ78847,NNALDAIQEGF,1020,727.0
1108,HLA-A32:01 ,32879.42,ANZ78847,TLVKFSAAQAM,1108,728.0
43,HLA-A32:01 ,32890.4,ANZ78847,TVDVTNGLGTY,43,729.0
611,HLA-A32:01 ,32922.01,ANZ78847,LTCSTDLQKAN,611,730.0
770,HLA-A32:01 ,32922.32,ANZ78847,TGYRFTNFEPF,770,731.0
920,HLA-A32:01 ,32924.98,ANZ78847,DKVKLSDVGFV,920,732.0
896,HLA-A32:01 ,32935.68,ANZ78847,SVLGCLGSECS,896,733.0
1169,HLA-A32:01 ,32964.05,ANZ78847,VSPGLCIAGDR,1169,734.0
676,HLA-A32:01 ,32998.69,ANZ78847,TFMIRSCYSGR,676,735.0
1119,HLA-A32:01 ,33012.53,ANZ78847,EKVNECVKSQS,1119,736.0
886,HLA-A32:01 ,33045.44,ANZ78847,NFNVDDINFSS,886,737.0
604,HLA-A32:01 ,33072.94,ANZ78847,LHDVNSGLTCS,604,738.0
980,HLA-A32:01 ,33076.8,ANZ78847,PPWTAAAGVPF,980,739.0
1044,HLA-A32:01 ,33103.02,ANZ78847,VNANAEALNNL,1044,740.0
488,HLA-A32:01 ,33122.86,ANZ78847,QHCFKAPKNFC,488,741.0
638,HLA-A32:01 ,33137.56,ANZ78847,SGQGIFVEVNA,638,742.0
703,HLA-A32:01 ,33156.67,ANZ78847,RNIKCNYVFNN,703,743.0
985,HLA-A32:01 ,33164.3,ANZ78847,AAGVPFYLNVQ,985,744.0
1059,HLA-A32:01 ,33193.85,ANZ78847,SNRFGAISSSL,1059,745.0
634,HLA-A32:01 ,33219.54,ANZ78847,LYGISGQGIFV,634,746.0
925,HLA-A32:01 ,33226.91,ANZ78847,SDVGFVAAYNN,925,747.0
232,HLA-A32:01 ,33252.34,ANZ78847,DTGVVTKFLFN,232,748.0
151,HLA-A32:01 ,33289.07,ANZ78847,TQDGVNKLQGL,151,749.0
103,HLA-A32:01 ,33312.65,ANZ78847,INGIFAKVKNT,103,750.0
983,HLA-A32:01 ,33318.16,ANZ78847,TAAAGVPFYLN,983,751.0
1256,HLA-A32:01 ,33352.52,ANZ78847,APDLALDYINV,1256,752.0
1351,HLA-A32:01 ,33356.49,ANZ78847,QELVIKTSHDD,1351,753.0
186,HLA-A32:01 ,33362.75,ANZ78847,HFKELWHMDTG,186,754.0
999,HLA-A32:01 ,33387.12,ANZ78847,NGLGVTMDVLS,999,755.0
96,HLA-A32:01 ,33392.28,ANZ78847,PPFLSDFINGI,96,756.0
89,HLA-A32:01 ,33415.7,ANZ78847,LSTLWFKPPFL,89,757.0
182,HLA-A32:01 ,33427.29,ANZ78847,NLGNHFKELWH,182,758.0
1231,HLA-A32:01 ,33441.68,ANZ78847,LNTSIPNLPDF,1231,759.0
35,HLA-A32:01 ,33444.67,ANZ78847,GPPSISTATVD,35,760.0
978,HLA-A32:01 ,33474.25,ANZ78847,LFPPWTAAAGV,978,761.0
1192,HLA-A32:01 ,33487.52,ANZ78847,NNTWMYTGSGY,1192,762.0
760,HLA-A32:01 ,33491.08,ANZ78847,KNRRSRRAITT,760,763.0
791,HLA-A32:01 ,33494.28,ANZ78847,PVGGLYEIQIP,791,764.0
1158,HLA-A32:01 ,33504.25,ANZ78847,SYVPTKYVTAK,1158,765.0
713,HLA-A32:01 ,33545.49,ANZ78847,NSLTRQLQPIN,713,766.0
1251,HLA-A32:01 ,33598.53,ANZ78847,NQTSVAPDLAL,1251,767.0
566,HLA-A32:01 ,33633.26,ANZ78847,KSDYCGGNPCT,566,768.0
588,HLA-A32:01 ,33641.23,ANZ78847,DSCLQGDKCNI,588,769.0
1049,HLA-A32:01 ,33645.1,ANZ78847,EALNNLLQQLS,1049,770.0
1066,HLA-A32:01 ,33645.73,ANZ78847,SSSLQEILSRL,1066,771.0
919,HLA-A32:01 ,33703.16,ANZ78847,FDKVKLSDVGF,919,772.0
365,HLA-A32:01 ,33705.57,ANZ78847,SNCNFNMSSLM,365,773.0
651,HLA-A32:01 ,33721.26,ANZ78847,YNSWQNLLYDS,651,774.0
572,HLA-A32:01 ,33725.73,ANZ78847,GNPCTCQPQAF,572,775.0
722,HLA-A32:01 ,33744.07,ANZ78847,INYFDSYLGCV,722,776.0
912,HLA-A32:01 ,33757.14,ANZ78847,SAIEDLLFDKV,912,777.0
158,HLA-A32:01 ,33768.37,ANZ78847,LQGLLEVSVCQ,158,778.0
592,HLA-A32:01 ,33773.05,ANZ78847,QGDKCNIFANL,592,779.0
1143,HLA-A32:01 ,33774.63,ANZ78847,SLVQNAPYGLY,1143,780.0
1011,HLA-A32:01 ,33861.39,ANZ78847,NQKLIANAFNN,1011,781.0
126,HLA-A32:01 ,33879.2,ANZ78847,PAITIGSTFVN,126,782.0
1062,HLA-A32:01 ,33883.4,ANZ78847,FGAISSSLQEI,1062,783.0
434,HLA-A32:01 ,33972.49,ANZ78847,TATSCQLYYNL,434,784.0
1056,HLA-A32:01 ,33980.31,ANZ78847,QQLSNRFGAIS,1056,785.0
1200,HLA-A32:01 ,33985.72,ANZ78847,SGYYYPEPITE,1200,786.0
273,HLA-A32:01 ,34004.52,ANZ78847,VTPLTSRQYLL,273,787.0
598,HLA-A32:01 ,34010.03,ANZ78847,IFANLILHDVN,598,788.0
1219,HLA-A32:01 ,34028.17,ANZ78847,CAVNYTKAPYV,1219,789.0
560,HLA-A32:01 ,34085.1,ANZ78847,CSGLAVKSDYC,560,790.0
989,HLA-A32:01 ,34122.73,ANZ78847,PFYLNVQYRIN,989,791.0
94,HLA-A32:01 ,34150.15,ANZ78847,FKPPFLSDFIN,94,792.0
1199,HLA-A32:01 ,34152.2,ANZ78847,GSGYYYPEPIT,1199,793.0
696,HLA-A32:01 ,34173.28,ANZ78847,SEPALLFRNIK,696,794.0
484,HLA-A32:01 ,34194.72,ANZ78847,VVYAQHCFKAP,484,795.0
815,HLA-A32:01 ,34196.01,ANZ78847,TSSPKVTIDCA,815,796.0
219,HLA-A32:01 ,34199.65,ANZ78847,FYQEGGTFYAY,219,797.0
283,HLA-A32:01 ,34203.07,ANZ78847,LAFNQDGIIFN,283,798.0
363,HLA-A32:01 ,34221.65,ANZ78847,TFSNCNFNMSS,363,799.0
632,HLA-A32:01 ,34222.24,ANZ78847,YDLYGISGQGI,632,800.0
1217,HLA-A32:01 ,34239.72,ANZ78847,STCAVNYTKAP,1217,801.0
352,HLA-A32:01 ,34252.92,ANZ78847,SVPSPLNWERK,352,802.0
803,HLA-A32:01 ,34274.07,ANZ78847,DFTIGNMEEFI,803,803.0
809,HLA-A32:01 ,34293.9,ANZ78847,MEEFIQTSSPK,809,804.0
998,HLA-A32:01 ,34299.31,ANZ78847,INGLGVTMDVL,998,805.0
1273,HLA-A32:01 ,34321.38,ANZ78847,VEMNRLQEAIK,1273,806.0
1139,HLA-A32:01 ,34327.61,ANZ78847,NHIISLVQNAP,1139,807.0
75,HLA-A32:01 ,34331.48,ANZ78847,GSTYRNMALKG,75,808.0
500,HLA-A32:01 ,34332.53,ANZ78847,CKSNSSLCVGS,500,809.0
181,HLA-A32:01 ,34340.04,ANZ78847,PNLGNHFKELW,181,810.0
941,HLA-A32:01 ,34356.41,ANZ78847,EIRDLICVQSY,941,811.0
914,HLA-A32:01 ,34364.89,ANZ78847,IEDLLFDKVKL,914,812.0
1264,HLA-A32:01 ,34370.32,ANZ78847,INVTFLDLQVE,1264,813.0
255,HLA-A32:01 ,34404.19,ANZ78847,MPLTCISRRNI,255,814.0
349,HLA-A32:01 ,34416.92,ANZ78847,NDKSVPSPLNW,349,815.0
415,HLA-A32:01 ,34419.12,ANZ78847,DLQLGNLGYLQ,415,816.0
399,HLA-A32:01 ,34467.4,ANZ78847,SSITIDKFAIP,399,817.0
1210,HLA-A32:01 ,34467.68,ANZ78847,ENNVVVMSTCA,1210,818.0
645,HLA-A32:01 ,34476.26,ANZ78847,EVNATYYNSWQ,645,819.0
779,HLA-A32:01 ,34492.41,ANZ78847,PFTVNSVNDSL,779,820.0
822,HLA-A32:01 ,34500.97,ANZ78847,IDCAAFVCGDY,822,821.0
420,HLA-A32:01 ,34509.71,ANZ78847,NLGYLQSFNYR,420,822.0
582,HLA-A32:01 ,34518.74,ANZ78847,FLGWSADSCLQ,582,823.0
185,HLA-A32:01 ,34523.18,ANZ78847,NHFKELWHMDT,185,824.0
1146,HLA-A32:01 ,34560.87,ANZ78847,QNAPYGLYFIH,1146,825.0
679,HLA-A32:01 ,34574.1,ANZ78847,IRSCYSGRVSA,679,826.0
492,HLA-A32:01 ,34601.4,ANZ78847,KAPKNFCPCKS,492,827.0
473,HLA-A32:01 ,34603.02,ANZ78847,PQPAGVLTNHD,473,828.0
629,HLA-A32:01 ,34606.09,ANZ78847,CVNYDLYGISG,629,829.0
294,HLA-A32:01 ,34617.98,ANZ78847,AVDCMSDFMSE,294,830.0
1222,HLA-A32:01 ,34621.93,ANZ78847,NYTKAPYVMLN,1222,831.0
816,HLA-A32:01 ,34622.69,ANZ78847,SSPKVTIDCAA,816,832.0
1077,HLA-A32:01 ,34623.48,ANZ78847,DALEAEAQIDR,1077,833.0
1255,HLA-A32:01 ,34645.82,ANZ78847,VAPDLALDYIN,1255,834.0
735,HLA-A32:01 ,34651.61,ANZ78847,AYNSTAISVQT,735,835.0
356,HLA-A32:01 ,34672.81,ANZ78847,PLNWERKTFSN,356,836.0
668,HLA-A32:01 ,34702.83,ANZ78847,FRDYLTNRTFM,668,837.0
781,HLA-A32:01 ,34710.09,ANZ78847,TVNSVNDSLEP,781,838.0
504,HLA-A32:01 ,34716.62,ANZ78847,SSLCVGSGPGK,504,839.0
655,HLA-A32:01 ,34722.28,ANZ78847,QNLLYDSNGNL,655,840.0
693,HLA-A32:01 ,34735.52,ANZ78847,ANSSEPALLFR,693,841.0
1297,HLA-A32:01 ,34748.15,ANZ78847,TYEYYVKWPWY,1297,842.0
377,HLA-A32:01 ,34751.03,ANZ78847,FIQADSFTCNN,377,843.0
789,HLA-A32:01 ,34784.57,ANZ78847,LEPVGGLYEIQ,789,844.0
1010,HLA-A32:01 ,34791.04,ANZ78847,QNQKLIANAFN,1010,845.0
260,HLA-A32:01 ,34797.52,ANZ78847,ISRRNIGFTLE,260,846.0
345,HLA-A32:01 ,34811.42,ANZ78847,EAWLNDKSVPS,345,847.0
1239,HLA-A32:01 ,34819.34,ANZ78847,PDFREELDQWF,1239,848.0
383,HLA-A32:01 ,34828.23,ANZ78847,FTCNNIDAAKI,383,849.0
910,HLA-A32:01 ,34862.0,ANZ78847,SRSAIEDLLFD,910,850.0
355,HLA-A32:01 ,34874.62,ANZ78847,SPLNWERKTFS,355,851.0
386,HLA-A32:01 ,34878.06,ANZ78847,NNIDAAKIYGM,386,852.0
1138,HLA-A32:01 ,34882.3,ANZ78847,GNHIISLVQNA,1138,853.0
201,HLA-A32:01 ,34895.56,ANZ78847,LYKRNFTYDVN,201,854.0
1172,HLA-A32:01 ,34906.0,ANZ78847,GLCIAGDRGIA,1172,855.0
1240,HLA-A32:01 ,34933.12,ANZ78847,DFREELDQWFK,1240,856.0
904,HLA-A32:01 ,34948.03,ANZ78847,ECSKASSRSAI,904,857.0
331,HLA-A32:01 ,34955.9,ANZ78847,DVYRRKPDLPN,331,858.0
227,HLA-A32:01 ,34987.55,ANZ78847,YAYFTDTGVVT,227,859.0
948,HLA-A32:01 ,35016.88,ANZ78847,VQSYKGIKVLP,948,860.0
601,HLA-A32:01 ,35019.39,ANZ78847,NLILHDVNSGL,601,861.0
1048,HLA-A32:01 ,35022.17,ANZ78847,AEALNNLLQQL,1048,862.0
68,HLA-A32:01 ,35024.91,ANZ78847,NGYYPTSGSTY,68,863.0
1329,HLA-A32:01 ,35029.21,ANZ78847,CTGCGTSCFKK,1329,864.0
882,HLA-A32:01 ,35047.34,ANZ78847,KDGVNFNVDDI,882,865.0
797,HLA-A32:01 ,35063.67,ANZ78847,EIQIPSDFTIG,797,866.0
1290,HLA-A32:01 ,35081.17,ANZ78847,INLKDIGTYEY,1290,867.0
24,HLA-A32:01 ,35115.8,ANZ78847,SRTGSLNNIDT,24,868.0
804,HLA-A32:01 ,35119.88,ANZ78847,FTIGNMEEFIQ,804,869.0
452,HLA-A32:01 ,35128.56,ANZ78847,SRFNPSTWNKR,452,870.0
1080,HLA-A32:01 ,35138.96,ANZ78847,EAEAQIDRLIN,1080,871.0
191,HLA-A32:01 ,35141.65,ANZ78847,WHMDTGVVSCL,191,872.0
284,HLA-A32:01 ,35158.44,ANZ78847,AFNQDGIIFNA,284,873.0
1171,HLA-A32:01 ,35169.59,ANZ78847,PGLCIAGDRGI,1171,874.0
354,HLA-A32:01 ,35190.42,ANZ78847,PSPLNWERKTF,354,875.0
218,HLA-A32:01 ,35199.31,ANZ78847,HFYQEGGTFYA,218,876.0
142,HLA-A32:01 ,35200.36,ANZ78847,VVQPRTINSTQ,142,877.0
516,HLA-A32:01 ,35281.77,ANZ78847,NGIGTCPAGTN,516,878.0
509,HLA-A32:01 ,35284.96,ANZ78847,GSGPGKNNGIG,509,879.0
1079,HLA-A32:01 ,35285.65,ANZ78847,LEAEAQIDRLI,1079,880.0
147,HLA-A32:01 ,35289.12,ANZ78847,TINSTQDGVNK,147,881.0
1122,HLA-A32:01 ,35305.55,ANZ78847,NECVKSQSSRI,1122,882.0
1166,HLA-A32:01 ,35347.74,ANZ78847,TAKVSPGLCIA,1166,883.0
1226,HLA-A32:01 ,35365.08,ANZ78847,APYVMLNTSIP,1226,884.0
1099,HLA-A32:01 ,35367.02,ANZ78847,YVSQQLSDSTL,1099,885.0
197,HLA-A32:01 ,35384.39,ANZ78847,VVSCLYKRNFT,197,886.0
854,HLA-A32:01 ,35444.19,ANZ78847,TEVNELLDTTQ,854,887.0
772,HLA-A32:01 ,35475.08,ANZ78847,YRFTNFEPFTV,772,888.0
586,HLA-A32:01 ,35494.7,ANZ78847,SADSCLQGDKC,586,889.0
533,HLA-A32:01 ,35498.07,ANZ78847,LCNPDPITFTG,533,890.0
1179,HLA-A32:01 ,35513.52,ANZ78847,RGIAPKSGYFV,1179,891.0
304,HLA-A32:01 ,35553.29,ANZ78847,EIKCKTQSIAP,304,892.0
369,HLA-A32:01 ,35554.33,ANZ78847,FNMSSLMSFIQ,369,893.0
1183,HLA-A32:01 ,35576.94,ANZ78847,PKSGYFVNVNN,1183,894.0
950,HLA-A32:01 ,35612.45,ANZ78847,SYKGIKVLPPL,950,895.0
878,HLA-A32:01 ,35613.52,ANZ78847,STKLKDGVNFN,878,896.0
447,HLA-A32:01 ,35652.26,ANZ78847,ANVSVSRFNPS,447,897.0
674,HLA-A32:01 ,35661.65,ANZ78847,NRTFMIRSCYS,674,898.0
312,HLA-A32:01 ,35663.32,ANZ78847,IAPPTGVYELN,312,899.0
1051,HLA-A32:01 ,35677.78,ANZ78847,LNNLLQQLSNR,1051,900.0
762,HLA-A32:01 ,35685.46,ANZ78847,RRSRRAITTGY,762,901.0
581,HLA-A32:01 ,35700.84,ANZ78847,AFLGWSADSCL,581,902.0
326,HLA-A32:01 ,35713.73,ANZ78847,VQPIADVYRRK,326,903.0
1285,HLA-A32:01 ,35716.02,ANZ78847,LNQSYINLKDI,1285,904.0
883,HLA-A32:01 ,35725.48,ANZ78847,DGVNFNVDDIN,883,905.0
714,HLA-A32:01 ,35728.7,ANZ78847,SLTRQLQPINY,714,906.0
1327,HLA-A32:01 ,35731.5,ANZ78847,CCCTGCGTSCF,1327,907.0
343,HLA-A32:01 ,35769.16,ANZ78847,NIEAWLNDKSV,343,908.0
427,HLA-A32:01 ,35770.3,ANZ78847,FNYRIDTTATS,427,909.0
610,HLA-A32:01 ,35771.73,ANZ78847,GLTCSTDLQKA,610,910.0
256,HLA-A32:01 ,35779.3,ANZ78847,PLTCISRRNIG,256,911.0
677,HLA-A32:01 ,35783.36,ANZ78847,FMIRSCYSGRV,677,912.0
654,HLA-A32:01 ,35803.33,ANZ78847,WQNLLYDSNGN,654,913.0
53,HLA-A32:01 ,35804.11,ANZ78847,YYVLDRVYLNT,53,914.0
456,HLA-A32:01 ,35818.54,ANZ78847,PSTWNKRFGFI,456,915.0
1155,HLA-A32:01 ,35829.06,ANZ78847,IHFSYVPTKYV,1155,916.0
1001,HLA-A32:01 ,35847.98,ANZ78847,LGVTMDVLSQN,1001,917.0
893,HLA-A32:01 ,35863.03,ANZ78847,NFSSVLGCLGS,893,918.0
1046,HLA-A32:01 ,35864.87,ANZ78847,ANAEALNNLLQ,1046,919.0
517,HLA-A32:01 ,35867.7,ANZ78847,GIGTCPAGTNY,517,920.0
523,HLA-A32:01 ,35884.02,ANZ78847,AGTNYLTCHNL,523,921.0
725,HLA-A32:01 ,35909.34,ANZ78847,FDSYLGCVVNA,725,922.0
52,HLA-A32:01 ,35924.59,ANZ78847,TYYVLDRVYLN,52,923.0
15,HLA-A32:01 ,35927.45,ANZ78847,IGDLKCPLDSR,15,924.0
518,HLA-A32:01 ,35950.28,ANZ78847,IGTCPAGTNYL,518,925.0
702,HLA-A32:01 ,35953.95,ANZ78847,FRNIKCNYVFN,702,926.0
688,HLA-A32:01 ,35957.55,ANZ78847,SAAFHANSSEP,688,927.0
817,HLA-A32:01 ,35981.49,ANZ78847,SPKVTIDCAAF,817,928.0
228,HLA-A32:01 ,36016.66,ANZ78847,AYFTDTGVVTK,228,929.0
957,HLA-A32:01 ,36028.73,ANZ78847,LPPLLSENQIS,957,930.0
635,HLA-A32:01 ,36045.33,ANZ78847,YGISGQGIFVE,635,931.0
139,HLA-A32:01 ,36049.29,ANZ78847,YSVVVQPRTIN,139,932.0
600,HLA-A32:01 ,36054.65,ANZ78847,ANLILHDVNSG,600,933.0
525,HLA-A32:01 ,36055.98,ANZ78847,TNYLTCHNLCN,525,934.0
745,HLA-A32:01 ,36060.52,ANZ78847,TCDLTVGSGYC,745,935.0
761,HLA-A32:01 ,36064.99,ANZ78847,NRRSRRAITTG,761,936.0
497,HLA-A32:01 ,36070.51,ANZ78847,FCPCKSNSSLC,497,937.0
962,HLA-A32:01 ,36078.85,ANZ78847,SENQISGYTLA,962,938.0
876,HLA-A32:01 ,36084.63,ANZ78847,TLSTKLKDGVN,876,939.0
205,HLA-A32:01 ,36097.63,ANZ78847,NFTYDVNATYL,205,940.0
906,HLA-A32:01 ,36152.27,ANZ78847,SKASSRSAIED,906,941.0
288,HLA-A32:01 ,36155.51,ANZ78847,DGIIFNAVDCM,288,942.0
609,HLA-A32:01 ,36179.49,ANZ78847,SGLTCSTDLQK,609,943.0
888,HLA-A32:01 ,36181.83,ANZ78847,NVDDINFSSVL,888,944.0
741,HLA-A32:01 ,36187.99,ANZ78847,ISVQTCDLTVG,741,945.0
470,HLA-A32:01 ,36198.07,ANZ78847,VFKPQPAGVLT,470,946.0
1201,HLA-A32:01 ,36213.49,ANZ78847,GYYYPEPITEN,1201,947.0
892,HLA-A32:01 ,36216.76,ANZ78847,INFSSVLGCLG,892,948.0
1061,HLA-A32:01 ,36238.63,ANZ78847,RFGAISSSLQE,1061,949.0
213,HLA-A32:01 ,36239.49,ANZ78847,TYLYFHFYQEG,213,950.0
1112,HLA-A32:01 ,36244.07,ANZ78847,FSAAQAMEKVN,1112,951.0
1243,HLA-A32:01 ,36258.19,ANZ78847,EELDQWFKNQT,1243,952.0
1248,HLA-A32:01 ,36263.31,ANZ78847,WFKNQTSVAPD,1248,953.0
1018,HLA-A32:01 ,36263.85,ANZ78847,AFNNALDAIQE,1018,954.0
541,HLA-A32:01 ,36264.4,ANZ78847,FTGPYKCPQSK,541,955.0
1247,HLA-A32:01 ,36265.42,ANZ78847,QWFKNQTSVAP,1247,956.0
26,HLA-A32:01 ,36271.52,ANZ78847,TGSLNNIDTGP,26,957.0
1160,HLA-A32:01 ,36278.5,ANZ78847,VPTKYVTAKVS,1160,958.0
894,HLA-A32:01 ,36281.39,ANZ78847,FSSVLGCLGSE,894,959.0
341,HLA-A32:01 ,36285.41,ANZ78847,NCNIEAWLNDK,341,960.0
1339,HLA-A32:01 ,36299.12,ANZ78847,KCGGCCDDYTG,1339,961.0
1288,HLA-A32:01 ,36300.69,ANZ78847,SYINLKDIGTY,1288,962.0
932,HLA-A32:01 ,36375.55,ANZ78847,AYNNCTGGAEI,932,963.0
285,HLA-A32:01 ,36392.75,ANZ78847,FNQDGIIFNAV,285,964.0
93,HLA-A32:01 ,36412.04,ANZ78847,WFKPPFLSDFI,93,965.0
617,HLA-A32:01 ,36427.26,ANZ78847,LQKANTDIKLG,617,966.0
432,HLA-A32:01 ,36427.28,ANZ78847,DTTATSCQLYY,432,967.0
860,HLA-A32:01 ,36434.55,ANZ78847,LDTTQLQVANS,860,968.0
59,HLA-A32:01 ,36466.48,ANZ78847,VYLNTTLFLNG,59,969.0
481,HLA-A32:01 ,36470.52,ANZ78847,NHDVVYAQHCF,481,970.0
459,HLA-A32:01 ,36481.82,ANZ78847,WNKRFGFIEDS,459,971.0
293,HLA-A32:01 ,36519.15,ANZ78847,NAVDCMSDFMS,293,972.0
153,HLA-A32:01 ,36535.02,ANZ78847,DGVNKLQGLLE,153,973.0
480,HLA-A32:01 ,36552.31,ANZ78847,TNHDVVYAQHC,480,974.0
620,HLA-A32:01 ,36581.7,ANZ78847,ANTDIKLGVCV,620,975.0
1349,HLA-A32:01 ,36589.71,ANZ78847,GYQELVIKTSH,1349,976.0
599,HLA-A32:01 ,36589.98,ANZ78847,FANLILHDVNS,599,977.0
927,HLA-A32:01 ,36600.81,ANZ78847,VGFVAAYNNCT,927,978.0
21,HLA-A32:01 ,36613.69,ANZ78847,PLDSRTGSLNN,21,979.0
1017,HLA-A32:01 ,36613.84,ANZ78847,NAFNNALDAIQ,1017,980.0
123,HLA-A32:01 ,36637.11,ANZ78847,SEFPAITIGST,123,981.0
622,HLA-A32:01 ,36637.76,ANZ78847,TDIKLGVCVNY,622,982.0
683,HLA-A32:01 ,36663.77,ANZ78847,YSGRVSAAFHA,683,983.0
694,HLA-A32:01 ,36675.45,ANZ78847,NSSEPALLFRN,694,984.0
303,HLA-A32:01 ,36714.17,ANZ78847,SEIKCKTQSIA,303,985.0
673,HLA-A32:01 ,36722.97,ANZ78847,TNRTFMIRSCY,673,986.0
300,HLA-A32:01 ,36725.04,ANZ78847,DFMSEIKCKTQ,300,987.0
508,HLA-A32:01 ,36752.16,ANZ78847,VGSGPGKNNGI,508,988.0
116,HLA-A32:01 ,36752.21,ANZ78847,FKDGVMYSEFP,116,989.0
310,HLA-A32:01 ,36761.88,ANZ78847,QSIAPPTGVYE,310,990.0
618,HLA-A32:01 ,36763.94,ANZ78847,QKANTDIKLGV,618,991.0
751,HLA-A32:01 ,36769.78,ANZ78847,GSGYCVDYSKN,751,992.0
827,HLA-A32:01 ,36780.37,ANZ78847,FVCGDYAACKS,827,993.0
776,HLA-A32:01 ,36812.21,ANZ78847,NFEPFTVNSVN,776,994.0
496,HLA-A32:01 ,36819.1,ANZ78847,NFCPCKSNSSL,496,995.0
426,HLA-A32:01 ,36821.53,ANZ78847,SFNYRIDTTAT,426,996.0
346,HLA-A32:01 ,36827.86,ANZ78847,AWLNDKSVPSP,346,997.0
763,HLA-A32:01 ,36855.58,ANZ78847,RSRRAITTGYR,763,998.0
685,HLA-A32:01 ,36870.54,ANZ78847,GRVSAAFHANS,685,999.0
210,HLA-A32:01 ,36876.1,ANZ78847,VNATYLYFHFY,210,1000.0
342,HLA-A32:01 ,36937.25,ANZ78847,CNIEAWLNDKS,342,1001.0
498,HLA-A32:01 ,36948.21,ANZ78847,CPCKSNSSLCV,498,1002.0
1233,HLA-A32:01 ,36958.03,ANZ78847,TSIPNLPDFRE,1233,1003.0
1206,HLA-A32:01 ,36971.17,ANZ78847,EPITENNVVVM,1206,1004.0
908,HLA-A32:01 ,36988.79,ANZ78847,ASSRSAIEDLL,908,1005.0
1234,HLA-A32:01 ,36989.17,ANZ78847,SIPNLPDFREE,1234,1006.0
306,HLA-A32:01 ,36993.38,ANZ78847,KCKTQSIAPPT,306,1007.0
1324,HLA-A32:01 ,37034.63,ANZ78847,FFICCCTGCGT,1324,1008.0
1027,HLA-A32:01 ,37038.58,ANZ78847,QEGFDATNSAL,1027,1009.0
834,HLA-A32:01 ,37069.95,ANZ78847,ACKSQLVEYGS,834,1010.0
1141,HLA-A32:01 ,37072.86,ANZ78847,IISLVQNAPYG,1141,1011.0
476,HLA-A32:01 ,37118.9,ANZ78847,AGVLTNHDVVY,476,1012.0
152,HLA-A32:01 ,37151.88,ANZ78847,QDGVNKLQGLL,152,1013.0
1021,HLA-A32:01 ,37154.61,ANZ78847,NALDAIQEGFD,1021,1014.0
384,HLA-A32:01 ,37179.9,ANZ78847,TCNNIDAAKIY,384,1015.0
1269,HLA-A32:01 ,37204.55,ANZ78847,LDLQVEMNRLQ,1269,1016.0
348,HLA-A32:01 ,37209.69,ANZ78847,LNDKSVPSPLN,348,1017.0
958,HLA-A32:01 ,37232.46,ANZ78847,PPLLSENQISG,958,1018.0
708,HLA-A32:01 ,37236.47,ANZ78847,NYVFNNSLTRQ,708,1019.0
50,HLA-A32:01 ,37249.01,ANZ78847,LGTYYVLDRVY,50,1020.0
1111,HLA-A32:01 ,37254.49,ANZ78847,KFSAAQAMEKV,1111,1021.0
67,HLA-A32:01 ,37254.77,ANZ78847,LNGYYPTSGST,67,1022.0
1173,HLA-A32:01 ,37290.01,ANZ78847,LCIAGDRGIAP,1173,1023.0
885,HLA-A32:01 ,37290.1,ANZ78847,VNFNVDDINFS,885,1024.0
463,HLA-A32:01 ,37290.96,ANZ78847,FGFIEDSVFKP,463,1025.0
874,HLA-A32:01 ,37307.52,ANZ78847,GVTLSTKLKDG,874,1026.0
940,HLA-A32:01 ,37308.9,ANZ78847,AEIRDLICVQS,940,1027.0
839,HLA-A32:01 ,37343.79,ANZ78847,LVEYGSFCDNI,839,1028.0
1267,HLA-A32:01 ,37353.54,ANZ78847,TFLDLQVEMNR,1267,1029.0
318,HLA-A32:01 ,37354.34,ANZ78847,VYELNGYTVQP,318,1030.0
16,HLA-A32:01 ,37368.27,ANZ78847,GDLKCPLDSRT,16,1031.0
1344,HLA-A32:01 ,37379.73,ANZ78847,CDDYTGYQELV,1344,1032.0
175,HLA-A32:01 ,37388.22,ANZ78847,PHTICHPNLGN,175,1033.0
1323,HLA-A32:01 ,37403.65,ANZ78847,LFFICCCTGCG,1323,1034.0
1127,HLA-A32:01 ,37420.2,ANZ78847,SQSSRINFCGN,1127,1035.0
562,HLA-A32:01 ,37421.94,ANZ78847,GLAVKSDYCGG,562,1036.0
830,HLA-A32:01 ,37461.78,ANZ78847,GDYAACKSQLV,830,1037.0
381,HLA-A32:01 ,37479.99,ANZ78847,DSFTCNNIDAA,381,1038.0
933,HLA-A32:01 ,37493.28,ANZ78847,YNNCTGGAEIR,933,1039.0
659,HLA-A32:01 ,37500.92,ANZ78847,YDSNGNLYGFR,659,1040.0
749,HLA-A32:01 ,37512.69,ANZ78847,TVGSGYCVDYS,749,1041.0
125,HLA-A32:01 ,37518.57,ANZ78847,FPAITIGSTFV,125,1042.0
274,HLA-A32:01 ,37527.44,ANZ78847,TPLTSRQYLLA,274,1043.0
1106,HLA-A32:01 ,37530.89,ANZ78847,DSTLVKFSAAQ,1106,1044.0
1109,HLA-A32:01 ,37565.1,ANZ78847,LVKFSAAQAME,1109,1045.0
1262,HLA-A32:01 ,37584.47,ANZ78847,DYINVTFLDLQ,1262,1046.0
928,HLA-A32:01 ,37585.1,ANZ78847,GFVAAYNNCTG,928,1047.0
823,HLA-A32:01 ,37588.08,ANZ78847,DCAAFVCGDYA,823,1048.0
1028,HLA-A32:01 ,37594.42,ANZ78847,EGFDATNSALV,1028,1049.0
719,HLA-A32:01 ,37604.63,ANZ78847,LQPINYFDSYL,719,1050.0
77,HLA-A32:01 ,37606.46,ANZ78847,TYRNMALKGTD,77,1051.0
1197,HLA-A32:01 ,37615.16,ANZ78847,YTGSGYYYPEP,1197,1052.0
684,HLA-A32:01 ,37616.08,ANZ78847,SGRVSAAFHAN,684,1053.0
522,HLA-A32:01 ,37626.29,ANZ78847,PAGTNYLTCHN,522,1054.0
258,HLA-A32:01 ,37631.57,ANZ78847,TCISRRNIGFT,258,1055.0
900,HLA-A32:01 ,37650.75,ANZ78847,CLGSECSKASS,900,1056.0
305,HLA-A32:01 ,37655.38,ANZ78847,IKCKTQSIAPP,305,1057.0
70,HLA-A32:01 ,37692.56,ANZ78847,YYPTSGSTYRN,70,1058.0
1123,HLA-A32:01 ,37770.38,ANZ78847,ECVKSQSSRIN,1123,1059.0
744,HLA-A32:01 ,37801.85,ANZ78847,QTCDLTVGSGY,744,1060.0
665,HLA-A32:01 ,37824.43,ANZ78847,LYGFRDYLTNR,665,1061.0
178,HLA-A32:01 ,37832.55,ANZ78847,ICHPNLGNHFK,178,1062.0
549,HLA-A32:01 ,37835.16,ANZ78847,QSKSLVGIGEH,549,1063.0
1205,HLA-A32:01 ,37838.38,ANZ78847,PEPITENNVVV,1205,1064.0
831,HLA-A32:01 ,37865.2,ANZ78847,DYAACKSQLVE,831,1065.0
36,HLA-A32:01 ,37865.62,ANZ78847,PPSISTATVDV,36,1066.0
1070,HLA-A32:01 ,37885.75,ANZ78847,QEILSRLDALE,1070,1067.0
360,HLA-A32:01 ,37919.25,ANZ78847,ERKTFSNCNFN,360,1068.0
727,HLA-A32:01 ,37926.54,ANZ78847,SYLGCVVNAYN,727,1069.0
510,HLA-A32:01 ,37932.63,ANZ78847,SGPGKNNGIGT,510,1070.0
107,HLA-A32:01 ,37933.37,ANZ78847,FAKVKNTKVFK,107,1071.0
482,HLA-A32:01 ,37938.3,ANZ78847,HDVVYAQHCFK,482,1072.0
1218,HLA-A32:01 ,37956.15,ANZ78847,TCAVNYTKAPY,1218,1073.0
918,HLA-A32:01 ,37970.36,ANZ78847,LFDKVKLSDVG,918,1074.0
261,HLA-A32:01 ,37984.81,ANZ78847,SRRNIGFTLEY,261,1075.0
780,HLA-A32:01 ,37995.66,ANZ78847,FTVNSVNDSLE,780,1076.0
1082,HLA-A32:01 ,37999.84,ANZ78847,EAQIDRLINGR,1082,1077.0
1002,HLA-A32:01 ,38000.04,ANZ78847,GVTMDVLSQNQ,1002,1078.0
778,HLA-A32:01 ,38017.74,ANZ78847,EPFTVNSVNDS,778,1079.0
1118,HLA-A32:01 ,38020.98,ANZ78847,MEKVNECVKSQ,1118,1080.0
380,HLA-A32:01 ,38052.27,ANZ78847,ADSFTCNNIDA,380,1081.0
451,HLA-A32:01 ,38059.34,ANZ78847,VSRFNPSTWNK,451,1082.0
530,HLA-A32:01 ,38068.29,ANZ78847,CHNLCNPDPIT,530,1083.0
939,HLA-A32:01 ,38086.87,ANZ78847,GAEIRDLICVQ,939,1084.0
943,HLA-A32:01 ,38087.84,ANZ78847,RDLICVQSYKG,943,1085.0
1073,HLA-A32:01 ,38088.25,ANZ78847,LSRLDALEAEA,1073,1086.0
1193,HLA-A32:01 ,38106.24,ANZ78847,NTWMYTGSGYY,1193,1087.0
307,HLA-A32:01 ,38109.71,ANZ78847,CKTQSIAPPTG,307,1088.0
678,HLA-A32:01 ,38120.83,ANZ78847,MIRSCYSGRVS,678,1089.0
322,HLA-A32:01 ,38129.39,ANZ78847,NGYTVQPIADV,322,1090.0
1084,HLA-A32:01 ,38165.46,ANZ78847,QIDRLINGRLT,1084,1091.0
799,HLA-A32:01 ,38184.9,ANZ78847,QIPSDFTIGNM,799,1092.0
1238,HLA-A32:01 ,38187.94,ANZ78847,LPDFREELDQW,1238,1093.0
1335,HLA-A32:01 ,38191.26,ANZ78847,SCFKKCGGCCD,1335,1094.0
818,HLA-A32:01 ,38193.59,ANZ78847,PKVTIDCAAFV,818,1095.0
1203,HLA-A32:01 ,38204.95,ANZ78847,YYPEPITENNV,1203,1096.0
405,HLA-A32:01 ,38205.04,ANZ78847,KFAIPNGRKVD,405,1097.0
905,HLA-A32:01 ,38228.6,ANZ78847,CSKASSRSAIE,905,1098.0
777,HLA-A32:01 ,38246.01,ANZ78847,FEPFTVNSVND,777,1099.0
9,HLA-A32:01 ,38316.45,ANZ78847,PTAFAVIGDLK,9,1100.0
990,HLA-A32:01 ,38332.96,ANZ78847,FYLNVQYRING,990,1101.0
539,HLA-A32:01 ,38336.17,ANZ78847,ITFTGPYKCPQ,539,1102.0
137,HLA-A32:01 ,38357.18,ANZ78847,TSYSVVVQPRT,137,1103.0
163,HLA-A32:01 ,38398.73,ANZ78847,EVSVCQYNMCE,163,1104.0
336,HLA-A32:01 ,38421.5,ANZ78847,KPDLPNCNIEA,336,1105.0
661,HLA-A32:01 ,38421.76,ANZ78847,SNGNLYGFRDY,661,1106.0
414,HLA-A32:01 ,38423.61,ANZ78847,VDLQLGNLGYL,414,1107.0
666,HLA-A32:01 ,38430.57,ANZ78847,YGFRDYLTNRT,666,1108.0
1289,HLA-A32:01 ,38436.2,ANZ78847,YINLKDIGTYE,1289,1109.0
1221,HLA-A32:01 ,38438.23,ANZ78847,VNYTKAPYVML,1221,1110.0
503,HLA-A32:01 ,38440.68,ANZ78847,NSSLCVGSGPG,503,1111.0
584,HLA-A32:01 ,38467.69,ANZ78847,GWSADSCLQGD,584,1112.0
1194,HLA-A32:01 ,38477.06,ANZ78847,TWMYTGSGYYY,1194,1113.0
898,HLA-A32:01 ,38480.43,ANZ78847,LGCLGSECSKA,898,1114.0
1232,HLA-A32:01 ,38488.23,ANZ78847,NTSIPNLPDFR,1232,1115.0
74,HLA-A32:01 ,38488.68,ANZ78847,SGSTYRNMALK,74,1116.0
662,HLA-A32:01 ,38492.49,ANZ78847,NGNLYGFRDYL,662,1117.0
875,HLA-A32:01 ,38512.66,ANZ78847,VTLSTKLKDGV,875,1118.0
553,HLA-A32:01 ,38520.29,ANZ78847,LVGIGEHCSGL,553,1119.0
1204,HLA-A32:01 ,38597.08,ANZ78847,YPEPITENNVV,1204,1120.0
889,HLA-A32:01 ,38597.26,ANZ78847,VDDINFSSVLG,889,1121.0
899,HLA-A32:01 ,38612.79,ANZ78847,GCLGSECSKAS,899,1122.0
1286,HLA-A32:01 ,38616.94,ANZ78847,NQSYINLKDIG,1286,1123.0
225,HLA-A32:01 ,38624.23,ANZ78847,TFYAYFTDTGV,225,1124.0
19,HLA-A32:01 ,38624.65,ANZ78847,KCPLDSRTGSL,19,1125.0
243,HLA-A32:01 ,38629.61,ANZ78847,VYLGMALSHYY,243,1126.0
148,HLA-A32:01 ,38636.41,ANZ78847,INSTQDGVNKL,148,1127.0
687,HLA-A32:01 ,38637.36,ANZ78847,VSAAFHANSSE,687,1128.0
1241,HLA-A32:01 ,38647.52,ANZ78847,FREELDQWFKN,1241,1129.0
935,HLA-A32:01 ,38662.03,ANZ78847,NCTGGAEIRDL,935,1130.0
315,HLA-A32:01 ,38663.65,ANZ78847,PTGVYELNGYT,315,1131.0
37,HLA-A32:01 ,38665.33,ANZ78847,PSISTATVDVT,37,1132.0
208,HLA-A32:01 ,38685.49,ANZ78847,YDVNATYLYFH,208,1133.0
446,HLA-A32:01 ,38705.23,ANZ78847,AANVSVSRFNP,446,1134.0
832,HLA-A32:01 ,38730.46,ANZ78847,YAACKSQLVEY,832,1135.0
698,HLA-A32:01 ,38768.46,ANZ78847,PALLFRNIKCN,698,1136.0
8,HLA-A32:01 ,38826.85,ANZ78847,LPTAFAVIGDL,8,1137.0
765,HLA-A32:01 ,38829.29,ANZ78847,RRAITTGYRFT,765,1138.0
403,HLA-A32:01 ,38857.42,ANZ78847,IDKFAIPNGRK,403,1139.0
1336,HLA-A32:01 ,38864.34,ANZ78847,CFKKCGGCCDD,1336,1140.0
460,HLA-A32:01 ,38872.37,ANZ78847,NKRFGFIEDSV,460,1141.0
548,HLA-A32:01 ,38875.43,ANZ78847,PQSKSLVGIGE,548,1142.0
1164,HLA-A32:01 ,38885.36,ANZ78847,YVTAKVSPGLC,1164,1143.0
750,HLA-A32:01 ,38890.85,ANZ78847,VGSGYCVDYSK,750,1144.0
180,HLA-A32:01 ,38900.03,ANZ78847,HPNLGNHFKEL,180,1145.0
130,HLA-A32:01 ,38902.57,ANZ78847,IGSTFVNTSYS,130,1146.0
475,HLA-A32:01 ,38937.83,ANZ78847,PAGVLTNHDVV,475,1147.0
1175,HLA-A32:01 ,38939.16,ANZ78847,IAGDRGIAPKS,1175,1148.0
810,HLA-A32:01 ,38944.41,ANZ78847,EEFIQTSSPKV,810,1149.0
787,HLA-A32:01 ,38967.21,ANZ78847,DSLEPVGGLYE,787,1150.0
856,HLA-A32:01 ,39001.18,ANZ78847,VNELLDTTQLQ,856,1151.0
211,HLA-A32:01 ,39019.9,ANZ78847,NATYLYFHFYQ,211,1152.0
323,HLA-A32:01 ,39020.04,ANZ78847,GYTVQPIADVY,323,1153.0
1161,HLA-A32:01 ,39022.8,ANZ78847,PTKYVTAKVSP,1161,1154.0
179,HLA-A32:01 ,39039.95,ANZ78847,CHPNLGNHFKE,179,1155.0
431,HLA-A32:01 ,39075.53,ANZ78847,IDTTATSCQLY,431,1156.0
1053,HLA-A32:01 ,39081.75,ANZ78847,NLLQQLSNRFG,1053,1157.0
739,HLA-A32:01 ,39083.06,ANZ78847,TAISVQTCDLT,739,1158.0
929,HLA-A32:01 ,39087.09,ANZ78847,FVAAYNNCTGG,929,1159.0
951,HLA-A32:01 ,39116.9,ANZ78847,YKGIKVLPPLL,951,1160.0
931,HLA-A32:01 ,39124.93,ANZ78847,AAYNNCTGGAE,931,1161.0
583,HLA-A32:01 ,39136.08,ANZ78847,LGWSADSCLQG,583,1162.0
324,HLA-A32:01 ,39140.25,ANZ78847,YTVQPIADVYR,324,1163.0
711,HLA-A32:01 ,39156.38,ANZ78847,FNNSLTRQLQP,711,1164.0
1340,HLA-A32:01 ,39183.95,ANZ78847,CGGCCDDYTGY,1340,1165.0
112,HLA-A32:01 ,39186.01,ANZ78847,NTKVFKDGVMY,112,1166.0
1250,HLA-A32:01 ,39188.76,ANZ78847,KNQTSVAPDLA,1250,1167.0
786,HLA-A32:01 ,39244.0,ANZ78847,NDSLEPVGGLY,786,1168.0
335,HLA-A32:01 ,39264.13,ANZ78847,RKPDLPNCNIE,335,1169.0
17,HLA-A32:01 ,39270.38,ANZ78847,DLKCPLDSRTG,17,1170.0
515,HLA-A32:01 ,39278.14,ANZ78847,NNGIGTCPAGT,515,1171.0
542,HLA-A32:01 ,39279.73,ANZ78847,TGPYKCPQSKS,542,1172.0
1121,HLA-A32:01 ,39280.95,ANZ78847,VNECVKSQSSR,1121,1173.0
901,HLA-A32:01 ,39287.12,ANZ78847,LGSECSKASSR,901,1174.0
526,HLA-A32:01 ,39297.73,ANZ78847,NYLTCHNLCNP,526,1175.0
544,HLA-A32:01 ,39319.02,ANZ78847,PYKCPQSKSLV,544,1176.0
226,HLA-A32:01 ,39320.14,ANZ78847,FYAYFTDTGVV,226,1177.0
1113,HLA-A32:01 ,39344.48,ANZ78847,SAAQAMEKVNE,1113,1178.0
545,HLA-A32:01 ,39352.48,ANZ78847,YKCPQSKSLVG,545,1179.0
61,HLA-A32:01 ,39367.26,ANZ78847,LNTTLFLNGYY,61,1180.0
1342,HLA-A32:01 ,39393.7,ANZ78847,GCCDDYTGYQE,1342,1181.0
1178,HLA-A32:01 ,39396.09,ANZ78847,DRGIAPKSGYF,1178,1182.0
20,HLA-A32:01 ,39433.12,ANZ78847,CPLDSRTGSLN,20,1183.0
743,HLA-A32:01 ,39435.3,ANZ78847,VQTCDLTVGSG,743,1184.0
272,HLA-A32:01 ,39447.64,ANZ78847,WVTPLTSRQYL,272,1185.0
887,HLA-A32:01 ,39457.76,ANZ78847,FNVDDINFSSV,887,1186.0
493,HLA-A32:01 ,39479.57,ANZ78847,APKNFCPCKSN,493,1187.0
462,HLA-A32:01 ,39484.24,ANZ78847,RFGFIEDSVFK,462,1188.0
543,HLA-A32:01 ,39488.73,ANZ78847,GPYKCPQSKSL,543,1189.0
12,HLA-A32:01 ,39493.31,ANZ78847,FAVIGDLKCPL,12,1190.0
1098,HLA-A32:01 ,39500.67,ANZ78847,AYVSQQLSDST,1098,1191.0
753,HLA-A32:01 ,39507.24,ANZ78847,GYCVDYSKNRR,753,1192.0
547,HLA-A32:01 ,39530.87,ANZ78847,CPQSKSLVGIG,547,1193.0
467,HLA-A32:01 ,39538.35,ANZ78847,EDSVFKPQPAG,467,1194.0
277,HLA-A32:01 ,39542.59,ANZ78847,TSRQYLLAFNQ,277,1195.0
494,HLA-A32:01 ,39560.29,ANZ78847,PKNFCPCKSNS,494,1196.0
902,HLA-A32:01 ,39573.83,ANZ78847,GSECSKASSRS,902,1197.0
559,HLA-A32:01 ,39585.04,ANZ78847,HCSGLAVKSDY,559,1198.0
1047,HLA-A32:01 ,39588.3,ANZ78847,NAEALNNLLQQ,1047,1199.0
1060,HLA-A32:01 ,39600.94,ANZ78847,NRFGAISSSLQ,1060,1200.0
1097,HLA-A32:01 ,39603.24,ANZ78847,NAYVSQQLSDS,1097,1201.0
411,HLA-A32:01 ,39612.54,ANZ78847,GRKVDLQLGNL,411,1202.0
1129,HLA-A32:01 ,39620.8,ANZ78847,SSRINFCGNGN,1129,1203.0
907,HLA-A32:01 ,39624.24,ANZ78847,KASSRSAIEDL,907,1204.0
992,HLA-A32:01 ,39642.12,ANZ78847,LNVQYRINGLG,992,1205.0
202,HLA-A32:01 ,39690.2,ANZ78847,YKRNFTYDVNA,202,1206.0
840,HLA-A32:01 ,39691.86,ANZ78847,VEYGSFCDNIN,840,1207.0
1338,HLA-A32:01 ,39706.53,ANZ78847,KKCGGCCDDYT,1338,1208.0
758,HLA-A32:01 ,39727.82,ANZ78847,YSKNRRSRRAI,758,1209.0
691,HLA-A32:01 ,39743.7,ANZ78847,FHANSSEPALL,691,1210.0
359,HLA-A32:01 ,39753.5,ANZ78847,WERKTFSNCNF,359,1211.0
499,HLA-A32:01 ,39797.76,ANZ78847,PCKSNSSLCVG,499,1212.0
445,HLA-A32:01 ,39803.86,ANZ78847,PAANVSVSRFN,445,1213.0
612,HLA-A32:01 ,39826.59,ANZ78847,TCSTDLQKANT,612,1214.0
561,HLA-A32:01 ,39828.06,ANZ78847,SGLAVKSDYCG,561,1215.0
111,HLA-A32:01 ,39832.83,ANZ78847,KNTKVFKDGVM,111,1216.0
410,HLA-A32:01 ,39834.93,ANZ78847,NGRKVDLQLGN,410,1217.0
486,HLA-A32:01 ,39845.98,ANZ78847,YAQHCFKAPKN,486,1218.0
334,HLA-A32:01 ,39848.79,ANZ78847,RRKPDLPNCNI,334,1219.0
720,HLA-A32:01 ,39852.23,ANZ78847,QPINYFDSYLG,720,1220.0
1291,HLA-A32:01 ,39891.21,ANZ78847,NLKDIGTYEYY,1291,1221.0
412,HLA-A32:01 ,39898.99,ANZ78847,RKVDLQLGNLG,412,1222.0
271,HLA-A32:01 ,39910.78,ANZ78847,YWVTPLTSRQY,271,1223.0
833,HLA-A32:01 ,39936.39,ANZ78847,AACKSQLVEYG,833,1224.0
585,HLA-A32:01 ,39939.75,ANZ78847,WSADSCLQGDK,585,1225.0
626,HLA-A32:01 ,39948.9,ANZ78847,LGVCVNYDLYG,626,1226.0
39,HLA-A32:01 ,39949.58,ANZ78847,ISTATVDVTNG,39,1227.0
314,HLA-A32:01 ,39960.9,ANZ78847,PPTGVYELNGY,314,1228.0
710,HLA-A32:01 ,39979.35,ANZ78847,VFNNSLTRQLQ,710,1229.0
756,HLA-A32:01 ,40000.96,ANZ78847,VDYSKNRRSRR,756,1230.0
521,HLA-A32:01 ,40026.32,ANZ78847,CPAGTNYLTCH,521,1231.0
328,HLA-A32:01 ,40040.62,ANZ78847,PIADVYRRKPD,328,1232.0
382,HLA-A32:01 ,40051.78,ANZ78847,SFTCNNIDAAK,382,1233.0
826,HLA-A32:01 ,40071.83,ANZ78847,AFVCGDYAACK,826,1234.0
485,HLA-A32:01 ,40077.66,ANZ78847,VYAQHCFKAPK,485,1235.0
145,HLA-A32:01 ,40108.04,ANZ78847,PRTINSTQDGV,145,1236.0
376,HLA-A32:01 ,40124.04,ANZ78847,SFIQADSFTCN,376,1237.0
404,HLA-A32:01 ,40126.25,ANZ78847,DKFAIPNGRKV,404,1238.0
690,HLA-A32:01 ,40150.93,ANZ78847,AFHANSSEPAL,690,1239.0
474,HLA-A32:01 ,40178.65,ANZ78847,QPAGVLTNHDV,474,1240.0
755,HLA-A32:01 ,40194.59,ANZ78847,CVDYSKNRRSR,755,1241.0
270,HLA-A32:01 ,40208.88,ANZ78847,EYWVTPLTSRQ,270,1242.0
752,HLA-A32:01 ,40213.42,ANZ78847,SGYCVDYSKNR,752,1243.0
528,HLA-A32:01 ,40216.99,ANZ78847,LTCHNLCNPDP,528,1244.0
215,HLA-A32:01 ,40280.84,ANZ78847,LYFHFYQEGGT,215,1245.0
172,HLA-A32:01 ,40312.98,ANZ78847,CEYPHTICHPN,172,1246.0
11,HLA-A32:01 ,40313.55,ANZ78847,AFAVIGDLKCP,11,1247.0
759,HLA-A32:01 ,40318.05,ANZ78847,SKNRRSRRAIT,759,1248.0
1331,HLA-A32:01 ,40344.65,ANZ78847,GCGTSCFKKCG,1331,1249.0
682,HLA-A32:01 ,40345.34,ANZ78847,CYSGRVSAAFH,682,1250.0
1162,HLA-A32:01 ,40351.04,ANZ78847,TKYVTAKVSPG,1162,1251.0
571,HLA-A32:01 ,40360.33,ANZ78847,GGNPCTCQPQA,571,1252.0
607,HLA-A32:01 ,40365.53,ANZ78847,VNSGLTCSTDL,607,1253.0
397,HLA-A32:01 ,40366.76,ANZ78847,CFSSITIDKFA,397,1254.0
217,HLA-A32:01 ,40378.74,ANZ78847,FHFYQEGGTFY,217,1255.0
149,HLA-A32:01 ,40395.71,ANZ78847,NSTQDGVNKLQ,149,1256.0
1110,HLA-A32:01 ,40421.05,ANZ78847,VKFSAAQAMEK,1110,1257.0
771,HLA-A32:01 ,40442.68,ANZ78847,GYRFTNFEPFT,771,1258.0
801,HLA-A32:01 ,40443.27,ANZ78847,PSDFTIGNMEE,801,1259.0
942,HLA-A32:01 ,40459.72,ANZ78847,IRDLICVQSYK,942,1260.0
72,HLA-A32:01 ,40461.49,ANZ78847,PTSGSTYRNMA,72,1261.0
979,HLA-A32:01 ,40462.71,ANZ78847,FPPWTAAAGVP,979,1262.0
981,HLA-A32:01 ,40464.75,ANZ78847,PWTAAAGVPFY,981,1263.0
1074,HLA-A32:01 ,40475.96,ANZ78847,SRLDALEAEAQ,1074,1264.0
563,HLA-A32:01 ,40488.72,ANZ78847,LAVKSDYCGGN,563,1265.0
332,HLA-A32:01 ,40490.73,ANZ78847,VYRRKPDLPNC,332,1266.0
573,HLA-A32:01 ,40496.64,ANZ78847,NPCTCQPQAFL,573,1267.0
1343,HLA-A32:01 ,40512.17,ANZ78847,CCDDYTGYQEL,1343,1268.0
930,HLA-A32:01 ,40575.95,ANZ78847,VAAYNNCTGGA,930,1269.0
313,HLA-A32:01 ,40576.13,ANZ78847,APPTGVYELNG,313,1270.0
407,HLA-A32:01 ,40622.49,ANZ78847,AIPNGRKVDLQ,407,1271.0
353,HLA-A32:01 ,40647.09,ANZ78847,VPSPLNWERKT,353,1272.0
1328,HLA-A32:01 ,40647.43,ANZ78847,CCTGCGTSCFK,1328,1273.0
472,HLA-A32:01 ,40689.78,ANZ78847,KPQPAGVLTNH,472,1274.0
448,HLA-A32:01 ,40696.82,ANZ78847,NVSVSRFNPST,448,1275.0
574,HLA-A32:01 ,40715.82,ANZ78847,PCTCQPQAFLG,574,1276.0
630,HLA-A32:01 ,40781.1,ANZ78847,VNYDLYGISGQ,630,1277.0
18,HLA-A32:01 ,40797.18,ANZ78847,LKCPLDSRTGS,18,1278.0
1236,HLA-A32:01 ,40806.37,ANZ78847,PNLPDFREELD,1236,1279.0
534,HLA-A32:01 ,40810.48,ANZ78847,CNPDPITFTGP,534,1280.0
536,HLA-A32:01 ,40812.86,ANZ78847,PDPITFTGPYK,536,1281.0
608,HLA-A32:01 ,40850.53,ANZ78847,NSGLTCSTDLQ,608,1282.0
1191,HLA-A32:01 ,40867.06,ANZ78847,VNNTWMYTGSG,1191,1283.0
1177,HLA-A32:01 ,40881.35,ANZ78847,GDRGIAPKSGY,1177,1284.0
385,HLA-A32:01 ,40883.53,ANZ78847,CNNIDAAKIYG,385,1285.0
491,HLA-A32:01 ,40906.62,ANZ78847,FKAPKNFCPCK,491,1286.0
1081,HLA-A32:01 ,40918.02,ANZ78847,AEAQIDRLING,1081,1287.0
292,HLA-A32:01 ,40918.5,ANZ78847,FNAVDCMSDFM,292,1288.0
829,HLA-A32:01 ,40934.22,ANZ78847,CGDYAACKSQL,829,1289.0
795,HLA-A32:01 ,40942.12,ANZ78847,LYEIQIPSDFT,795,1290.0
489,HLA-A32:01 ,40948.46,ANZ78847,HCFKAPKNFCP,489,1291.0
1163,HLA-A32:01 ,40972.67,ANZ78847,KYVTAKVSPGL,1163,1292.0
344,HLA-A32:01 ,40994.1,ANZ78847,IEAWLNDKSVP,344,1293.0
506,HLA-A32:01 ,41004.03,ANZ78847,LCVGSGPGKNN,506,1294.0
78,HLA-A32:01 ,41017.74,ANZ78847,YRNMALKGTDK,78,1295.0
512,HLA-A32:01 ,41024.36,ANZ78847,PGKNNGIGTCP,512,1296.0
1202,HLA-A32:01 ,41037.54,ANZ78847,YYYPEPITENN,1202,1297.0
44,HLA-A32:01 ,41050.63,ANZ78847,VDVTNGLGTYY,44,1298.0
785,HLA-A32:01 ,41086.54,ANZ78847,VNDSLEPVGGL,785,1299.0
144,HLA-A32:01 ,41092.24,ANZ78847,QPRTINSTQDG,144,1300.0
841,HLA-A32:01 ,41116.15,ANZ78847,EYGSFCDNINA,841,1301.0
69,HLA-A32:01 ,41131.8,ANZ78847,GYYPTSGSTYR,69,1302.0
631,HLA-A32:01 ,41165.86,ANZ78847,NYDLYGISGQG,631,1303.0
95,HLA-A32:01 ,41178.63,ANZ78847,KPPFLSDFING,95,1304.0
502,HLA-A32:01 ,41228.9,ANZ78847,SNSSLCVGSGP,502,1305.0
408,HLA-A32:01 ,41282.46,ANZ78847,IPNGRKVDLQL,408,1306.0
653,HLA-A32:01 ,41287.3,ANZ78847,SWQNLLYDSNG,653,1307.0
110,HLA-A32:01 ,41318.44,ANZ78847,VKNTKVFKDGV,110,1308.0
587,HLA-A32:01 ,41340.01,ANZ78847,ADSCLQGDKCN,587,1309.0
466,HLA-A32:01 ,41385.59,ANZ78847,IEDSVFKPQPA,466,1310.0
554,HLA-A32:01 ,41420.96,ANZ78847,VGIGEHCSGLA,554,1311.0
903,HLA-A32:01 ,41443.28,ANZ78847,SECSKASSRSA,903,1312.0
1332,HLA-A32:01 ,41483.42,ANZ78847,CGTSCFKKCGG,1332,1313.0
327,HLA-A32:01 ,41521.33,ANZ78847,QPIADVYRRKP,327,1314.0
754,HLA-A32:01 ,41533.77,ANZ78847,YCVDYSKNRRS,754,1315.0
811,HLA-A32:01 ,41579.77,ANZ78847,EFIQTSSPKVT,811,1316.0
406,HLA-A32:01 ,41595.7,ANZ78847,FAIPNGRKVDL,406,1317.0
465,HLA-A32:01 ,41630.52,ANZ78847,FIEDSVFKPQP,465,1318.0
535,HLA-A32:01 ,41642.85,ANZ78847,NPDPITFTGPY,535,1319.0
1128,HLA-A32:01 ,41714.32,ANZ78847,QSSRINFCGNG,1128,1320.0
174,HLA-A32:01 ,41715.21,ANZ78847,YPHTICHPNLG,174,1321.0
1019,HLA-A32:01 ,41744.24,ANZ78847,FNNALDAIQEG,1019,1322.0
540,HLA-A32:01 ,41750.96,ANZ78847,TFTGPYKCPQS,540,1323.0
41,HLA-A32:01 ,41751.65,ANZ78847,TATVDVTNGLG,41,1324.0
800,HLA-A32:01 ,41780.55,ANZ78847,IPSDFTIGNME,800,1325.0
409,HLA-A32:01 ,41781.01,ANZ78847,PNGRKVDLQLG,409,1326.0
1170,HLA-A32:01 ,41791.91,ANZ78847,SPGLCIAGDRG,1170,1327.0
71,HLA-A32:01 ,41809.31,ANZ78847,YPTSGSTYRNM,71,1328.0
464,HLA-A32:01 ,41855.98,ANZ78847,GFIEDSVFKPQ,464,1329.0
1337,HLA-A32:01 ,41865.36,ANZ78847,FKKCGGCCDDY,1337,1330.0
564,HLA-A32:01 ,41903.44,ANZ78847,AVKSDYCGGNP,564,1331.0
757,HLA-A32:01 ,41932.83,ANZ78847,DYSKNRRSRRA,757,1332.0
173,HLA-A32:01 ,41943.54,ANZ78847,EYPHTICHPNL,173,1333.0
1237,HLA-A32:01 ,41995.13,ANZ78847,NLPDFREELDQ,1237,1334.0
1130,HLA-A32:01 ,42087.48,ANZ78847,SRINFCGNGNH,1130,1335.0
1242,HLA-A32:01 ,42104.63,ANZ78847,REELDQWFKNQ,1242,1336.0
828,HLA-A32:01 ,42105.69,ANZ78847,VCGDYAACKSQ,828,1337.0
568,HLA-A32:01 ,42144.01,ANZ78847,DYCGGNPCTCQ,568,1338.0
1249,HLA-A32:01 ,42156.76,ANZ78847,FKNQTSVAPDL,1249,1339.0
507,HLA-A32:01 ,42185.7,ANZ78847,CVGSGPGKNNG,507,1340.0
358,HLA-A32:01 ,42236.62,ANZ78847,NWERKTFSNCN,358,1341.0
570,HLA-A32:01 ,42318.45,ANZ78847,CGGNPCTCQPQ,570,1342.0
1176,HLA-A32:01 ,42350.79,ANZ78847,AGDRGIAPKSG,1176,1343.0
329,HLA-A32:01 ,42371.18,ANZ78847,IADVYRRKPDL,329,1344.0
1235,HLA-A32:01 ,42464.75,ANZ78847,IPNLPDFREEL,1235,1345.0
538,HLA-A32:01 ,42571.33,ANZ78847,PITFTGPYKCP,538,1346.0
569,HLA-A32:01 ,42615.42,ANZ78847,YCGGNPCTCQP,569,1347.0
454,HLA-A32:01 ,42718.08,ANZ78847,FNPSTWNKRFG,454,1348.0
330,HLA-A32:01 ,42823.86,ANZ78847,ADVYRRKPDLP,330,1349.0
1341,HLA-A32:01 ,42894.88,ANZ78847,GGCCDDYTGYQ,1341,1350.0
429,HLA-A32:01 ,42998.85,ANZ78847,YRIDTTATSCQ,429,1351.0
333,HLA-A32:01 ,43073.63,ANZ78847,YRRKPDLPNCN,333,1352.0
98,HLA-A02:01,964.03,ANZ78847,FLSDFINGIFA,98,1.0
917,HLA-A02:01,1203.01,ANZ78847,LLFDKVKLSDV,917,2.0
120,HLA-A02:01,1511.07,ANZ78847,VMYSEFPAITI,120,3.0
239,HLA-A02:01,2871.69,ANZ78847,FLFNVYLGMAL,239,4.0
4,HLA-A02:01,3257.45,ANZ78847,LLISLPTAFAV,4,5.0
311,HLA-A02:01,3315.07,ANZ78847,SIAPPTGVYEL,311,6.0
788,HLA-A02:01,3749.92,ANZ78847,SLEPVGGLYEI,788,7.0
657,HLA-A02:01,4087.03,ANZ78847,LLYDSNGNLYG,657,8.0
1075,HLA-A02:01,4274.02,ANZ78847,RLDALEAEAQI,1075,9.0
636,HLA-A02:01,4360.3,ANZ78847,GISGQGIFVEV,636,10.0
154,HLA-A02:01,4469.99,ANZ78847,GVNKLQGLLEV,154,11.0
1013,HLA-A02:01,4798.23,ANZ78847,KLIANAFNNAL,1013,12.0
105,HLA-A02:01,4862.98,ANZ78847,GIFAKVKNTKV,105,13.0
1,HLA-A02:01,4921.23,ANZ78847,FLILLISLPTA,1,14.0
54,HLA-A02:01,4953.96,ANZ78847,YVLDRVYLNTT,54,15.0
1022,HLA-A02:01,4955.13,ANZ78847,ALDAIQEGFDA,1022,16.0
1068,HLA-A02:01,5122.97,ANZ78847,SLQEILSRLDA,1068,17.0
439,HLA-A02:01,5139.21,ANZ78847,QLYYNLPAANV,439,18.0
794,HLA-A02:01,5206.04,ANZ78847,GLYEIQIPSDF,794,19.0
597,HLA-A02:01,5275.33,ANZ78847,NIFANLILHDV,597,20.0
49,HLA-A02:01,5279.67,ANZ78847,GLGTYYVLDRV,49,21.0
1036,HLA-A02:01,5299.88,ANZ78847,ALVKIQAVVNA,1036,22.0
1254,HLA-A02:01,5311.11,ANZ78847,SVAPDLALDYI,1254,23.0
477,HLA-A02:01,5365.98,ANZ78847,GVLTNHDVVYA,477,24.0
316,HLA-A02:01,5369.55,ANZ78847,TGVYELNGYTV,316,25.0
82,HLA-A02:01,5369.73,ANZ78847,ALKGTDKLSTL,82,26.0
1307,HLA-A02:01,5410.94,ANZ78847,YVWLLICLAGV,1307,27.0
978,HLA-A02:01,5412.35,ANZ78847,LFPPWTAAAGV,978,28.0
441,HLA-A02:01,5419.48,ANZ78847,YYNLPAANVSV,441,29.0
1159,HLA-A02:01,5420.03,ANZ78847,YVPTKYVTAKV,1159,30.0
1268,HLA-A02:01,5435.56,ANZ78847,FLDLQVEMNRL,1268,31.0
1228,HLA-A02:01,5435.77,ANZ78847,YVMLNTSIPNL,1228,32.0
858,HLA-A02:01,5440.37,ANZ78847,ELLDTTQLQVA,858,33.0
871,HLA-A02:01,5447.57,ANZ78847,LMNGVTLSTKL,871,34.0
1203,HLA-A02:01,5455.01,ANZ78847,YYPEPITENNV,1203,35.0
912,HLA-A02:01,5472.66,ANZ78847,SAIEDLLFDKV,912,36.0
285,HLA-A02:01,5473.3,ANZ78847,FNQDGIIFNAV,285,37.0
34,HLA-A02:01,5474.25,ANZ78847,TGPPSISTATV,34,38.0
406,HLA-A02:01,5481.94,ANZ78847,FAIPNGRKVDL,406,39.0
1298,HLA-A02:01,5484.94,ANZ78847,YEYYVKWPWYV,1298,40.0
51,HLA-A02:01,5487.69,ANZ78847,GTYYVLDRVYL,51,41.0
603,HLA-A02:01,5489.48,ANZ78847,ILHDVNSGLTC,603,42.0
1310,HLA-A02:01,5492.25,ANZ78847,LLICLAGVAML,1310,43.0
887,HLA-A02:01,5496.51,ANZ78847,FNVDDINFSSV,887,44.0
1078,HLA-A02:01,5498.31,ANZ78847,ALEAEAQIDRL,1078,45.0
235,HLA-A02:01,5498.82,ANZ78847,VVTKFLFNVYL,235,46.0
244,HLA-A02:01,5499.36,ANZ78847,YLGMALSHYYV,244,47.0
1292,HLA-A02:01,5499.77,ANZ78847,LKDIGTYEYYV,1292,48.0
1181,HLA-A02:01,5500.73,ANZ78847,IAPKSGYFVNV,1181,49.0
1245,HLA-A02:01,5500.8,ANZ78847,LDQWFKNQTSV,1245,50.0
110,HLA-A02:01,5501.92,ANZ78847,VKNTKVFKDGV,110,51.0
991,HLA-A02:01,5504.41,ANZ78847,YLNVQYRINGL,991,52.0
100,HLA-A02:01,5506.59,ANZ78847,SDFINGIFAKV,100,53.0
984,HLA-A02:01,5510.69,ANZ78847,AAAGVPFYLNV,984,54.0
618,HLA-A02:01,5511.9,ANZ78847,QKANTDIKLGV,618,55.0
45,HLA-A02:01,5512.05,ANZ78847,DVTNGLGTYYV,45,56.0
740,HLA-A02:01,5513.62,ANZ78847,AISVQTCDLTV,740,57.0
993,HLA-A02:01,5513.73,ANZ78847,NVQYRINGLGV,993,58.0
555,HLA-A02:01,5514.96,ANZ78847,GIGEHCSGLAV,555,59.0
1263,HLA-A02:01,5517.41,ANZ78847,YINVTFLDLQV,1263,60.0
634,HLA-A02:01,5517.46,ANZ78847,LYGISGQGIFV,634,61.0
1150,HLA-A02:01,5518.21,ANZ78847,YGLYFIHFSYV,1150,62.0
846,HLA-A02:01,5519.69,ANZ78847,CDNINAILTEV,846,63.0
700,HLA-A02:01,5520.4,ANZ78847,LLFRNIKCNYV,700,64.0
55,HLA-A02:01,5521.62,ANZ78847,VLDRVYLNTTL,55,65.0
812,HLA-A02:01,5523.15,ANZ78847,FIQTSSPKVTI,812,66.0
865,HLA-A02:01,5523.46,ANZ78847,LQVANSLMNGV,865,67.0
1004,HLA-A02:01,5524.91,ANZ78847,TMDVLSQNQKL,1004,68.0
1111,HLA-A02:01,5526.42,ANZ78847,KFSAAQAMEKV,1111,69.0
852,HLA-A02:01,5526.45,ANZ78847,ILTEVNELLDT,852,70.0
225,HLA-A02:01,5527.45,ANZ78847,TFYAYFTDTGV,225,71.0
946,HLA-A02:01,5527.5,ANZ78847,ICVQSYKGIKV,946,72.0
1274,HLA-A02:01,5528.67,ANZ78847,EMNRLQEAIKV,1274,73.0
977,HLA-A02:01,5529.88,ANZ78847,SLFPPWTAAAG,977,74.0
1083,HLA-A02:01,5530.96,ANZ78847,AQIDRLINGRL,1083,75.0
733,HLA-A02:01,5531.94,ANZ78847,VNAYNSTAISV,733,76.0
857,HLA-A02:01,5532.31,ANZ78847,NELLDTTQLQV,857,77.0
997,HLA-A02:01,5534.67,ANZ78847,RINGLGVTMDV,997,78.0
888,HLA-A02:01,5537.35,ANZ78847,NVDDINFSSVL,888,79.0
875,HLA-A02:01,5540.03,ANZ78847,VTLSTKLKDGV,875,80.0
772,HLA-A02:01,5541.99,ANZ78847,YRFTNFEPFTV,772,81.0
1311,HLA-A02:01,5542.11,ANZ78847,LICLAGVAMLV,1311,82.0
259,HLA-A02:01,5542.3,ANZ78847,CISRRNIGFTL,259,83.0
187,HLA-A02:01,5542.91,ANZ78847,FKELWHMDTGV,187,84.0
308,HLA-A02:01,5544.4,ANZ78847,KTQSIAPPTGV,308,85.0
131,HLA-A02:01,5544.5,ANZ78847,GSTFVNTSYSV,131,86.0
145,HLA-A02:01,5545.02,ANZ78847,PRTINSTQDGV,145,87.0
1293,HLA-A02:01,5546.41,ANZ78847,KDIGTYEYYVK,1293,88.0
810,HLA-A02:01,5547.54,ANZ78847,EEFIQTSSPKV,810,89.0
1219,HLA-A02:01,5547.89,ANZ78847,CAVNYTKAPYV,1219,90.0
1277,HLA-A02:01,5548.04,ANZ78847,RLQEAIKVLNQ,1277,91.0
1129,HLA-A02:01,5548.49,ANZ78847,SSRINFCGNGN,1129,92.0
47,HLA-A02:01,5550.05,ANZ78847,TNGLGTYYVLD,47,93.0
584,HLA-A02:01,5550.6,ANZ78847,GWSADSCLQGD,584,94.0
252,HLA-A02:01,5550.67,ANZ78847,YYVMPLTCISR,252,95.0
1157,HLA-A02:01,5550.83,ANZ78847,FSYVPTKYVTA,1157,96.0
1090,HLA-A02:01,5551.22,ANZ78847,NGRLTALNAYV,1090,97.0
226,HLA-A02:01,5551.52,ANZ78847,FYAYFTDTGVV,226,98.0
775,HLA-A02:01,5552.46,ANZ78847,TNFEPFTVNSV,775,99.0
923,HLA-A02:01,5552.73,ANZ78847,KLSDVGFVAAY,923,100.0
873,HLA-A02:01,5553.65,ANZ78847,NGVTLSTKLKD,873,101.0
556,HLA-A02:01,5554.03,ANZ78847,IGEHCSGLAVK,556,102.0
74,HLA-A02:01,5555.3,ANZ78847,SGSTYRNMALK,74,103.0
1100,HLA-A02:01,5555.64,ANZ78847,VSQQLSDSTLV,1100,104.0
1323,HLA-A02:01,5556.35,ANZ78847,LFFICCCTGCG,1323,105.0
468,HLA-A02:01,5556.46,ANZ78847,DSVFKPQPAGV,468,106.0
1158,HLA-A02:01,5557.64,ANZ78847,SYVPTKYVTAK,1158,107.0
1155,HLA-A02:01,5557.71,ANZ78847,IHFSYVPTKYV,1155,108.0
659,HLA-A02:01,5557.86,ANZ78847,YDSNGNLYGFR,659,109.0
724,HLA-A02:01,5558.61,ANZ78847,YFDSYLGCVVN,724,110.0
460,HLA-A02:01,5558.64,ANZ78847,NKRFGFIEDSV,460,111.0
175,HLA-A02:01,5559.19,ANZ78847,PHTICHPNLGN,175,112.0
1101,HLA-A02:01,5559.22,ANZ78847,SQQLSDSTLVK,1101,113.0
1331,HLA-A02:01,5560.15,ANZ78847,GCGTSCFKKCG,1331,114.0
620,HLA-A02:01,5560.57,ANZ78847,ANTDIKLGVCV,620,115.0
156,HLA-A02:01,5560.66,ANZ78847,NKLQGLLEVSV,156,116.0
1251,HLA-A02:01,5560.77,ANZ78847,NQTSVAPDLAL,1251,117.0
122,HLA-A02:01,5561.34,ANZ78847,YSEFPAITIGS,122,118.0
654,HLA-A02:01,5561.79,ANZ78847,WQNLLYDSNGN,654,119.0
238,HLA-A02:01,5561.96,ANZ78847,KFLFNVYLGMA,238,120.0
1256,HLA-A02:01,5562.11,ANZ78847,APDLALDYINV,1256,121.0
102,HLA-A02:01,5562.3,ANZ78847,FINGIFAKVKN,102,122.0
1305,HLA-A02:01,5563.28,ANZ78847,PWYVWLLICLA,1305,123.0
228,HLA-A02:01,5563.51,ANZ78847,AYFTDTGVVTK,228,124.0
1222,HLA-A02:01,5563.77,ANZ78847,NYTKAPYVMLN,1222,125.0
274,HLA-A02:01,5564.05,ANZ78847,TPLTSRQYLLA,274,126.0
670,HLA-A02:01,5564.24,ANZ78847,DYLTNRTFMIR,670,127.0
1099,HLA-A02:01,5564.25,ANZ78847,YVSQQLSDSTL,1099,128.0
322,HLA-A02:01,5564.32,ANZ78847,NGYTVQPIADV,322,129.0
194,HLA-A02:01,5564.47,ANZ78847,DTGVVSCLYKR,194,130.0
914,HLA-A02:01,5564.54,ANZ78847,IEDLLFDKVKL,914,131.0
587,HLA-A02:01,5564.72,ANZ78847,ADSCLQGDKCN,587,132.0
742,HLA-A02:01,5564.75,ANZ78847,SVQTCDLTVGS,742,133.0
79,HLA-A02:01,5564.79,ANZ78847,RNMALKGTDKL,79,134.0
563,HLA-A02:01,5564.85,ANZ78847,LAVKSDYCGGN,563,135.0
333,HLA-A02:01,5565.05,ANZ78847,YRRKPDLPNCN,333,136.0
1029,HLA-A02:01,5565.23,ANZ78847,GFDATNSALVK,1029,137.0
1107,HLA-A02:01,5565.51,ANZ78847,STLVKFSAAQA,1107,138.0
263,HLA-A02:01,5565.8,ANZ78847,RNIGFTLEYWV,263,139.0
722,HLA-A02:01,5565.9,ANZ78847,INYFDSYLGCV,722,140.0
1204,HLA-A02:01,5566.08,ANZ78847,YPEPITENNVV,1204,141.0
976,HLA-A02:01,5566.59,ANZ78847,ASLFPPWTAAA,976,142.0
746,HLA-A02:01,5566.77,ANZ78847,CDLTVGSGYCV,746,143.0
184,HLA-A02:01,5566.86,ANZ78847,GNHFKELWHMD,184,144.0
329,HLA-A02:01,5566.91,ANZ78847,IADVYRRKPDL,329,145.0
193,HLA-A02:01,5566.94,ANZ78847,MDTGVVSCLYK,193,146.0
201,HLA-A02:01,5567.23,ANZ78847,LYKRNFTYDVN,201,147.0
1153,HLA-A02:01,5567.23,ANZ78847,YFIHFSYVPTK,1153,147.0
609,HLA-A02:01,5567.38,ANZ78847,SGLTCSTDLQK,609,149.0
499,HLA-A02:01,5568.02,ANZ78847,PCKSNSSLCVG,499,150.0
410,HLA-A02:01,5568.1,ANZ78847,NGRKVDLQLGN,410,151.0
321,HLA-A02:01,5568.3,ANZ78847,LNGYTVQPIAD,321,152.0
872,HLA-A02:01,5568.36,ANZ78847,MNGVTLSTKLK,872,153.0
1096,HLA-A02:01,5568.37,ANZ78847,LNAYVSQQLSD,1096,154.0
1179,HLA-A02:01,5568.47,ANZ78847,RGIAPKSGYFV,1179,155.0
486,HLA-A02:01,5568.5,ANZ78847,YAQHCFKAPKN,486,156.0
1032,HLA-A02:01,5568.74,ANZ78847,ATNSALVKIQA,1032,157.0
500,HLA-A02:01,5568.8,ANZ78847,CKSNSSLCVGS,500,158.0
1168,HLA-A02:01,5568.88,ANZ78847,KVSPGLCIAGD,1168,159.0
777,HLA-A02:01,5568.9,ANZ78847,FEPFTVNSVND,777,160.0
821,HLA-A02:01,5569.17,ANZ78847,TIDCAAFVCGD,821,161.0
1197,HLA-A02:01,5569.36,ANZ78847,YTGSGYYYPEP,1197,162.0
709,HLA-A02:01,5569.56,ANZ78847,YVFNNSLTRQL,709,163.0
525,HLA-A02:01,5569.65,ANZ78847,TNYLTCHNLCN,525,164.0
930,HLA-A02:01,5569.66,ANZ78847,VAAYNNCTGGA,930,165.0
36,HLA-A02:01,5569.67,ANZ78847,PPSISTATVDV,36,166.0
1332,HLA-A02:01,5569.9,ANZ78847,CGTSCFKKCGG,1332,167.0
826,HLA-A02:01,5569.91,ANZ78847,AFVCGDYAACK,826,168.0
77,HLA-A02:01,5570.22,ANZ78847,TYRNMALKGTD,77,169.0
910,HLA-A02:01,5570.26,ANZ78847,SRSAIEDLLFD,910,170.0
358,HLA-A02:01,5570.79,ANZ78847,NWERKTFSNCN,358,171.0
1082,HLA-A02:01,5570.86,ANZ78847,EAQIDRLINGR,1082,172.0
945,HLA-A02:01,5570.89,ANZ78847,LICVQSYKGIK,945,173.0
498,HLA-A02:01,5570.93,ANZ78847,CPCKSNSSLCV,498,174.0
938,HLA-A02:01,5570.95,ANZ78847,GGAEIRDLICV,938,175.0
202,HLA-A02:01,5570.96,ANZ78847,YKRNFTYDVNA,202,176.0
676,HLA-A02:01,5570.96,ANZ78847,TFMIRSCYSGR,676,176.0
678,HLA-A02:01,5570.99,ANZ78847,MIRSCYSGRVS,678,178.0
665,HLA-A02:01,5571.0,ANZ78847,LYGFRDYLTNR,665,179.0
650,HLA-A02:01,5571.03,ANZ78847,YYNSWQNLLYD,650,180.0
632,HLA-A02:01,5571.05,ANZ78847,YDLYGISGQGI,632,181.0
741,HLA-A02:01,5571.14,ANZ78847,ISVQTCDLTVG,741,182.0
493,HLA-A02:01,5571.3,ANZ78847,APKNFCPCKSN,493,183.0
616,HLA-A02:01,5571.41,ANZ78847,DLQKANTDIKL,616,184.0
558,HLA-A02:01,5571.42,ANZ78847,EHCSGLAVKSD,558,185.0
1001,HLA-A02:01,5571.47,ANZ78847,LGVTMDVLSQN,1001,186.0
151,HLA-A02:01,5571.52,ANZ78847,TQDGVNKLQGL,151,187.0
918,HLA-A02:01,5571.6,ANZ78847,LFDKVKLSDVG,918,188.0
544,HLA-A02:01,5571.68,ANZ78847,PYKCPQSKSLV,544,189.0
296,HLA-A02:01,5571.69,ANZ78847,DCMSDFMSEIK,296,190.0
751,HLA-A02:01,5571.7,ANZ78847,GSGYCVDYSKN,751,191.0
272,HLA-A02:01,5572.0,ANZ78847,WVTPLTSRQYL,272,192.0
879,HLA-A02:01,5572.07,ANZ78847,TKLKDGVNFNV,879,193.0
1088,HLA-A02:01,5572.16,ANZ78847,LINGRLTALNA,1088,194.0
1335,HLA-A02:01,5572.2,ANZ78847,SCFKKCGGCCD,1335,195.0
1135,HLA-A02:01,5572.21,ANZ78847,CGNGNHIISLV,1135,196.0
1261,HLA-A02:01,5572.65,ANZ78847,LDYINVTFLDL,1261,197.0
233,HLA-A02:01,5572.69,ANZ78847,TGVVTKFLFNV,233,198.0
610,HLA-A02:01,5572.69,ANZ78847,GLTCSTDLQKA,610,198.0
1246,HLA-A02:01,5572.78,ANZ78847,DQWFKNQTSVA,1246,200.0
1116,HLA-A02:01,5572.88,ANZ78847,QAMEKVNECVK,1116,201.0
32,HLA-A02:01,5573.06,ANZ78847,IDTGPPSISTA,32,202.0
1259,HLA-A02:01,5573.29,ANZ78847,LALDYINVTFL,1259,203.0
508,HLA-A02:01,5573.52,ANZ78847,VGSGPGKNNGI,508,204.0
933,HLA-A02:01,5573.55,ANZ78847,YNNCTGGAEIR,933,205.0
78,HLA-A02:01,5573.67,ANZ78847,YRNMALKGTDK,78,206.0
932,HLA-A02:01,5573.69,ANZ78847,AYNNCTGGAEI,932,207.0
1134,HLA-A02:01,5573.84,ANZ78847,FCGNGNHIISL,1134,208.0
1236,HLA-A02:01,5573.95,ANZ78847,PNLPDFREELD,1236,209.0
613,HLA-A02:01,5574.03,ANZ78847,CSTDLQKANTD,613,210.0
1271,HLA-A02:01,5574.18,ANZ78847,LQVEMNRLQEA,1271,211.0
125,HLA-A02:01,5574.22,ANZ78847,FPAITIGSTFV,125,212.0
382,HLA-A02:01,5574.45,ANZ78847,SFTCNNIDAAK,382,213.0
343,HLA-A02:01,5574.5,ANZ78847,NIEAWLNDKSV,343,214.0
581,HLA-A02:01,5574.68,ANZ78847,AFLGWSADSCL,581,215.0
1344,HLA-A02:01,5574.71,ANZ78847,CDDYTGYQELV,1344,216.0
403,HLA-A02:01,5574.72,ANZ78847,IDKFAIPNGRK,403,217.0
561,HLA-A02:01,5574.72,ANZ78847,SGLAVKSDYCG,561,217.0
429,HLA-A02:01,5574.84,ANZ78847,YRIDTTATSCQ,429,219.0
893,HLA-A02:01,5574.88,ANZ78847,NFSSVLGCLGS,893,220.0
278,HLA-A02:01,5574.97,ANZ78847,SRQYLLAFNQD,278,221.0
1163,HLA-A02:01,5575.0,ANZ78847,KYVTAKVSPGL,1163,222.0
491,HLA-A02:01,5575.23,ANZ78847,FKAPKNFCPCK,491,223.0
348,HLA-A02:01,5575.28,ANZ78847,LNDKSVPSPLN,348,224.0
763,HLA-A02:01,5575.29,ANZ78847,RSRRAITTGYR,763,225.0
611,HLA-A02:01,5575.44,ANZ78847,LTCSTDLQKAN,611,226.0
1033,HLA-A02:01,5575.57,ANZ78847,TNSALVKIQAV,1033,227.0
816,HLA-A02:01,5575.62,ANZ78847,SSPKVTIDCAA,816,228.0
280,HLA-A02:01,5575.7,ANZ78847,QYLLAFNQDGI,280,229.0
1321,HLA-A02:01,5575.7,ANZ78847,VLLFFICCCTG,1321,229.0
1037,HLA-A02:01,5575.85,ANZ78847,LVKIQAVVNAN,1037,231.0
502,HLA-A02:01,5575.97,ANZ78847,SNSSLCVGSGP,502,232.0
606,HLA-A02:01,5576.02,ANZ78847,DVNSGLTCSTD,606,233.0
1054,HLA-A02:01,5576.03,ANZ78847,LLQQLSNRFGA,1054,234.0
1030,HLA-A02:01,5576.11,ANZ78847,FDATNSALVKI,1030,235.0
578,HLA-A02:01,5576.16,ANZ78847,QPQAFLGWSAD,578,236.0
516,HLA-A02:01,5576.19,ANZ78847,NGIGTCPAGTN,516,237.0
1137,HLA-A02:01,5576.43,ANZ78847,NGNHIISLVQN,1137,238.0
108,HLA-A02:01,5576.66,ANZ78847,AKVKNTKVFKD,108,239.0
646,HLA-A02:01,5576.67,ANZ78847,VNATYYNSWQN,646,240.0
996,HLA-A02:01,5576.67,ANZ78847,YRINGLGVTMD,996,240.0
1121,HLA-A02:01,5576.73,ANZ78847,VNECVKSQSSR,1121,242.0
541,HLA-A02:01,5576.84,ANZ78847,FTGPYKCPQSK,541,243.0
1051,HLA-A02:01,5576.93,ANZ78847,LNNLLQQLSNR,1051,244.0
1329,HLA-A02:01,5576.95,ANZ78847,CTGCGTSCFKK,1329,245.0
1182,HLA-A02:01,5576.96,ANZ78847,APKSGYFVNVN,1182,246.0
303,HLA-A02:01,5576.97,ANZ78847,SEIKCKTQSIA,303,247.0
921,HLA-A02:01,5577.25,ANZ78847,KVKLSDVGFVA,921,248.0
684,HLA-A02:01,5577.26,ANZ78847,SGRVSAAFHAN,684,249.0
222,HLA-A02:01,5577.29,ANZ78847,EGGTFYAYFTD,222,250.0
1034,HLA-A02:01,5577.55,ANZ78847,NSALVKIQAVV,1034,251.0
1040,HLA-A02:01,5577.61,ANZ78847,IQAVVNANAEA,1040,252.0
17,HLA-A02:01,5577.66,ANZ78847,DLKCPLDSRTG,17,253.0
339,HLA-A02:01,5577.66,ANZ78847,LPNCNIEAWLN,339,253.0
394,HLA-A02:01,5577.66,ANZ78847,YGMCFSSITID,394,253.0
318,HLA-A02:01,5578.23,ANZ78847,VYELNGYTVQP,318,256.0
240,HLA-A02:01,5578.33,ANZ78847,LFNVYLGMALS,240,257.0
1273,HLA-A02:01,5578.37,ANZ78847,VEMNRLQEAIK,1273,258.0
554,HLA-A02:01,5578.42,ANZ78847,VGIGEHCSGLA,554,259.0
20,HLA-A02:01,5578.43,ANZ78847,CPLDSRTGSLN,20,260.0
404,HLA-A02:01,5578.43,ANZ78847,DKFAIPNGRKV,404,260.0
892,HLA-A02:01,5578.54,ANZ78847,INFSSVLGCLG,892,262.0
867,HLA-A02:01,5578.55,ANZ78847,VANSLMNGVTL,867,263.0
707,HLA-A02:01,5578.57,ANZ78847,CNYVFNNSLTR,707,264.0
743,HLA-A02:01,5578.58,ANZ78847,VQTCDLTVGSG,743,265.0
1115,HLA-A02:01,5578.66,ANZ78847,AQAMEKVNECV,1115,266.0
962,HLA-A02:01,5578.91,ANZ78847,SENQISGYTLA,962,267.0
1162,HLA-A02:01,5578.97,ANZ78847,TKYVTAKVSPG,1162,268.0
504,HLA-A02:01,5579.05,ANZ78847,SSLCVGSGPGK,504,269.0
679,HLA-A02:01,5579.06,ANZ78847,IRSCYSGRVSA,679,270.0
585,HLA-A02:01,5579.1,ANZ78847,WSADSCLQGDK,585,271.0
631,HLA-A02:01,5579.1,ANZ78847,NYDLYGISGQG,631,271.0
52,HLA-A02:01,5579.11,ANZ78847,TYYVLDRVYLN,52,273.0
929,HLA-A02:01,5579.13,ANZ78847,FVAAYNNCTGG,929,274.0
1210,HLA-A02:01,5579.21,ANZ78847,ENNVVVMSTCA,1210,275.0
827,HLA-A02:01,5579.26,ANZ78847,FVCGDYAACKS,827,276.0
830,HLA-A02:01,5579.48,ANZ78847,GDYAACKSQLV,830,277.0
18,HLA-A02:01,5579.5,ANZ78847,LKCPLDSRTGS,18,278.0
906,HLA-A02:01,5579.66,ANZ78847,SKASSRSAIED,906,279.0
546,HLA-A02:01,5579.75,ANZ78847,KCPQSKSLVGI,546,280.0
379,HLA-A02:01,5579.8,ANZ78847,QADSFTCNNID,379,281.0
1110,HLA-A02:01,5579.86,ANZ78847,VKFSAAQAMEK,1110,282.0
737,HLA-A02:01,5579.99,ANZ78847,NSTAISVQTCD,737,283.0
702,HLA-A02:01,5580.09,ANZ78847,FRNIKCNYVFN,702,284.0
15,HLA-A02:01,5580.17,ANZ78847,IGDLKCPLDSR,15,285.0
725,HLA-A02:01,5580.2,ANZ78847,FDSYLGCVVNA,725,286.0
652,HLA-A02:01,5580.27,ANZ78847,NSWQNLLYDSN,652,287.0
925,HLA-A02:01,5580.29,ANZ78847,SDVGFVAAYNN,925,288.0
395,HLA-A02:01,5580.42,ANZ78847,GMCFSSITIDK,395,289.0
583,HLA-A02:01,5580.46,ANZ78847,LGWSADSCLQG,583,290.0
1201,HLA-A02:01,5580.6,ANZ78847,GYYYPEPITEN,1201,291.0
473,HLA-A02:01,5580.71,ANZ78847,PQPAGVLTNHD,473,292.0
750,HLA-A02:01,5580.75,ANZ78847,VGSGYCVDYSK,750,293.0
990,HLA-A02:01,5580.88,ANZ78847,FYLNVQYRING,990,294.0
21,HLA-A02:01,5580.93,ANZ78847,PLDSRTGSLNN,21,295.0
75,HLA-A02:01,5581.0,ANZ78847,GSTYRNMALKG,75,296.0
698,HLA-A02:01,5581.13,ANZ78847,PALLFRNIKCN,698,297.0
101,HLA-A02:01,5581.14,ANZ78847,DFINGIFAKVK,101,298.0
1325,HLA-A02:01,5581.14,ANZ78847,FICCCTGCGTS,1325,298.0
1085,HLA-A02:01,5581.18,ANZ78847,IDRLINGRLTA,1085,300.0
340,HLA-A02:01,5581.23,ANZ78847,PNCNIEAWLND,340,301.0
1216,HLA-A02:01,5581.27,ANZ78847,MSTCAVNYTKA,1216,302.0
116,HLA-A02:01,5581.29,ANZ78847,FKDGVMYSEFP,116,303.0
968,HLA-A02:01,5581.32,ANZ78847,GYTLAATSASL,968,304.0
376,HLA-A02:01,5581.36,ANZ78847,SFIQADSFTCN,376,305.0
557,HLA-A02:01,5581.59,ANZ78847,GEHCSGLAVKS,557,306.0
1026,HLA-A02:01,5581.62,ANZ78847,IQEGFDATNSA,1026,307.0
542,HLA-A02:01,5581.68,ANZ78847,TGPYKCPQSKS,542,308.0
689,HLA-A02:01,5581.71,ANZ78847,AAFHANSSEPA,689,309.0
753,HLA-A02:01,5581.71,ANZ78847,GYCVDYSKNRR,753,309.0
982,HLA-A02:01,5581.74,ANZ78847,WTAAAGVPFYL,982,311.0
898,HLA-A02:01,5581.83,ANZ78847,LGCLGSECSKA,898,312.0
720,HLA-A02:01,5581.91,ANZ78847,QPINYFDSYLG,720,313.0
40,HLA-A02:01,5581.96,ANZ78847,STATVDVTNGL,40,314.0
913,HLA-A02:01,5582.01,ANZ78847,AIEDLLFDKVK,913,315.0
482,HLA-A02:01,5582.07,ANZ78847,HDVVYAQHCFK,482,316.0
755,HLA-A02:01,5582.07,ANZ78847,CVDYSKNRRSR,755,316.0
1105,HLA-A02:01,5582.07,ANZ78847,SDSTLVKFSAA,1105,316.0
881,HLA-A02:01,5582.32,ANZ78847,LKDGVNFNVDD,881,319.0
951,HLA-A02:01,5582.34,ANZ78847,YKGIKVLPPLL,951,320.0
1024,HLA-A02:01,5582.35,ANZ78847,DAIQEGFDATN,1024,321.0
1183,HLA-A02:01,5582.36,ANZ78847,PKSGYFVNVNN,1183,322.0
146,HLA-A02:01,5582.41,ANZ78847,RTINSTQDGVN,146,323.0
144,HLA-A02:01,5582.47,ANZ78847,QPRTINSTQDG,144,324.0
966,HLA-A02:01,5582.5,ANZ78847,ISGYTLAATSA,966,325.0
1123,HLA-A02:01,5582.6,ANZ78847,ECVKSQSSRIN,1123,326.0
13,HLA-A02:01,5582.61,ANZ78847,AVIGDLKCPLD,13,327.0
370,HLA-A02:01,5582.61,ANZ78847,NMSSLMSFIQA,370,327.0
143,HLA-A02:01,5582.65,ANZ78847,VQPRTINSTQD,143,329.0
133,HLA-A02:01,5582.68,ANZ78847,TFVNTSYSVVV,133,330.0
200,HLA-A02:01,5582.72,ANZ78847,CLYKRNFTYDV,200,331.0
840,HLA-A02:01,5582.73,ANZ78847,VEYGSFCDNIN,840,332.0
522,HLA-A02:01,5582.74,ANZ78847,PAGTNYLTCHN,522,333.0
649,HLA-A02:01,5582.74,ANZ78847,TYYNSWQNLLY,649,333.0
1308,HLA-A02:01,5582.77,ANZ78847,VWLLICLAGVA,1308,335.0
1252,HLA-A02:01,5582.78,ANZ78847,QTSVAPDLALD,1252,336.0
833,HLA-A02:01,5582.81,ANZ78847,AACKSQLVEYG,833,337.0
121,HLA-A02:01,5582.82,ANZ78847,MYSEFPAITIG,121,338.0
1018,HLA-A02:01,5582.82,ANZ78847,AFNNALDAIQE,1018,338.0
509,HLA-A02:01,5582.83,ANZ78847,GSGPGKNNGIG,509,340.0
690,HLA-A02:01,5582.84,ANZ78847,AFHANSSEPAL,690,341.0
1069,HLA-A02:01,5582.86,ANZ78847,LQEILSRLDAL,1069,342.0
571,HLA-A02:01,5582.91,ANZ78847,GGNPCTCQPQA,571,343.0
134,HLA-A02:01,5582.92,ANZ78847,FVNTSYSVVVQ,134,344.0
534,HLA-A02:01,5582.93,ANZ78847,CNPDPITFTGP,534,345.0
568,HLA-A02:01,5582.94,ANZ78847,DYCGGNPCTCQ,568,346.0
39,HLA-A02:01,5583.0,ANZ78847,ISTATVDVTNG,39,347.0
483,HLA-A02:01,5583.0,ANZ78847,DVVYAQHCFKA,483,347.0
1328,HLA-A02:01,5583.12,ANZ78847,CCTGCGTSCFK,1328,349.0
1028,HLA-A02:01,5583.19,ANZ78847,EGFDATNSALV,1028,350.0
503,HLA-A02:01,5583.23,ANZ78847,NSSLCVGSGPG,503,351.0
901,HLA-A02:01,5583.23,ANZ78847,LGSECSKASSR,901,351.0
683,HLA-A02:01,5583.25,ANZ78847,YSGRVSAAFHA,683,353.0
506,HLA-A02:01,5583.28,ANZ78847,LCVGSGPGKNN,506,354.0
1169,HLA-A02:01,5583.37,ANZ78847,VSPGLCIAGDR,1169,355.0
174,HLA-A02:01,5583.42,ANZ78847,YPHTICHPNLG,174,356.0
1126,HLA-A02:01,5583.47,ANZ78847,KSQSSRINFCG,1126,357.0
738,HLA-A02:01,5583.54,ANZ78847,STAISVQTCDL,738,358.0
928,HLA-A02:01,5583.54,ANZ78847,GFVAAYNNCTG,928,358.0
1212,HLA-A02:01,5583.61,ANZ78847,NVVVMSTCAVN,1212,360.0
132,HLA-A02:01,5583.69,ANZ78847,STFVNTSYSVV,132,361.0
1067,HLA-A02:01,5583.75,ANZ78847,SSLQEILSRLD,1067,362.0
495,HLA-A02:01,5583.87,ANZ78847,KNFCPCKSNSS,495,363.0
1008,HLA-A02:01,5583.9,ANZ78847,LSQNQKLIANA,1008,364.0
1339,HLA-A02:01,5583.95,ANZ78847,KCGGCCDDYTG,1339,365.0
900,HLA-A02:01,5583.99,ANZ78847,CLGSECSKASS,900,366.0
1171,HLA-A02:01,5583.99,ANZ78847,PGLCIAGDRGI,1171,366.0
70,HLA-A02:01,5584.0,ANZ78847,YYPTSGSTYRN,70,368.0
1205,HLA-A02:01,5584.05,ANZ78847,PEPITENNVVV,1205,369.0
903,HLA-A02:01,5584.11,ANZ78847,SECSKASSRSA,903,370.0
896,HLA-A02:01,5584.3,ANZ78847,SVLGCLGSECS,896,371.0
604,HLA-A02:01,5584.38,ANZ78847,LHDVNSGLTCS,604,372.0
41,HLA-A02:01,5584.56,ANZ78847,TATVDVTNGLG,41,373.0
1202,HLA-A02:01,5584.57,ANZ78847,YYYPEPITENN,1202,374.0
575,HLA-A02:01,5584.64,ANZ78847,CTCQPQAFLGW,575,375.0
975,HLA-A02:01,5584.66,ANZ78847,SASLFPPWTAA,975,376.0
723,HLA-A02:01,5584.79,ANZ78847,NYFDSYLGCVV,723,377.0
783,HLA-A02:01,5584.81,ANZ78847,NSVNDSLEPVG,783,378.0
680,HLA-A02:01,5584.94,ANZ78847,RSCYSGRVSAA,680,379.0
1346,HLA-A02:01,5584.95,ANZ78847,DYTGYQELVIK,1346,380.0
727,HLA-A02:01,5584.99,ANZ78847,SYLGCVVNAYN,727,381.0
474,HLA-A02:01,5585.14,ANZ78847,QPAGVLTNHDV,474,382.0
269,HLA-A02:01,5585.27,ANZ78847,LEYWVTPLTSR,269,383.0
514,HLA-A02:01,5585.27,ANZ78847,KNNGIGTCPAG,514,383.0
364,HLA-A02:01,5585.31,ANZ78847,FSNCNFNMSSL,364,385.0
744,HLA-A02:01,5585.32,ANZ78847,QTCDLTVGSGY,744,386.0
1342,HLA-A02:01,5585.33,ANZ78847,GCCDDYTGYQE,1342,387.0
449,HLA-A02:01,5585.4,ANZ78847,VSVSRFNPSTW,449,388.0
627,HLA-A02:01,5585.4,ANZ78847,GVCVNYDLYGI,627,388.0
163,HLA-A02:01,5585.52,ANZ78847,EVSVCQYNMCE,163,390.0
1128,HLA-A02:01,5585.56,ANZ78847,QSSRINFCGNG,1128,391.0
863,HLA-A02:01,5585.62,ANZ78847,TQLQVANSLMN,863,392.0
438,HLA-A02:01,5585.65,ANZ78847,CQLYYNLPAAN,438,393.0
1250,HLA-A02:01,5585.68,ANZ78847,KNQTSVAPDLA,1250,394.0
897,HLA-A02:01,5585.72,ANZ78847,VLGCLGSECSK,897,395.0
1117,HLA-A02:01,5585.72,ANZ78847,AMEKVNECVKS,1117,395.0
178,HLA-A02:01,5585.76,ANZ78847,ICHPNLGNHFK,178,397.0
1015,HLA-A02:01,5585.76,ANZ78847,IANAFNNALDA,1015,397.0
1288,HLA-A02:01,5585.79,ANZ78847,SYINLKDIGTY,1288,399.0
608,HLA-A02:01,5585.82,ANZ78847,NSGLTCSTDLQ,608,400.0
452,HLA-A02:01,5585.92,ANZ78847,SRFNPSTWNKR,452,401.0
899,HLA-A02:01,5585.94,ANZ78847,GCLGSECSKAS,899,402.0
630,HLA-A02:01,5585.99,ANZ78847,VNYDLYGISGQ,630,403.0
1019,HLA-A02:01,5586.01,ANZ78847,FNNALDAIQEG,1019,404.0
598,HLA-A02:01,5586.03,ANZ78847,IFANLILHDVN,598,405.0
1119,HLA-A02:01,5586.03,ANZ78847,EKVNECVKSQS,1119,405.0
195,HLA-A02:01,5586.04,ANZ78847,TGVVSCLYKRN,195,407.0
1170,HLA-A02:01,5586.05,ANZ78847,SPGLCIAGDRG,1170,408.0
1166,HLA-A02:01,5586.09,ANZ78847,TAKVSPGLCIA,1166,409.0
815,HLA-A02:01,5586.18,ANZ78847,TSSPKVTIDCA,815,410.0
954,HLA-A02:01,5586.25,ANZ78847,IKVLPPLLSEN,954,411.0
371,HLA-A02:01,5586.29,ANZ78847,MSSLMSFIQAD,371,412.0
940,HLA-A02:01,5586.29,ANZ78847,AEIRDLICVQS,940,412.0
35,HLA-A02:01,5586.3,ANZ78847,GPPSISTATVD,35,414.0
366,HLA-A02:01,5586.34,ANZ78847,NCNFNMSSLMS,366,415.0
341,HLA-A02:01,5586.42,ANZ78847,NCNIEAWLNDK,341,416.0
1127,HLA-A02:01,5586.46,ANZ78847,SQSSRINFCGN,1127,417.0
430,HLA-A02:01,5586.47,ANZ78847,RIDTTATSCQL,430,418.0
730,HLA-A02:01,5586.55,ANZ78847,GCVVNAYNSTA,730,419.0
943,HLA-A02:01,5586.56,ANZ78847,RDLICVQSYKG,943,420.0
600,HLA-A02:01,5586.57,ANZ78847,ANLILHDVNSG,600,421.0
148,HLA-A02:01,5586.58,ANZ78847,INSTQDGVNKL,148,422.0
540,HLA-A02:01,5586.64,ANZ78847,TFTGPYKCPQS,540,423.0
409,HLA-A02:01,5586.68,ANZ78847,PNGRKVDLQLG,409,424.0
548,HLA-A02:01,5586.68,ANZ78847,PQSKSLVGIGE,548,424.0
547,HLA-A02:01,5586.7,ANZ78847,CPQSKSLVGIG,547,426.0
891,HLA-A02:01,5586.72,ANZ78847,DINFSSVLGCL,891,427.0
46,HLA-A02:01,5586.73,ANZ78847,VTNGLGTYYVL,46,428.0
96,HLA-A02:01,5586.74,ANZ78847,PPFLSDFINGI,96,429.0
501,HLA-A02:01,5586.82,ANZ78847,KSNSSLCVGSG,501,430.0
492,HLA-A02:01,5586.94,ANZ78847,KAPKNFCPCKS,492,431.0
136,HLA-A02:01,5586.98,ANZ78847,NTSYSVVVQPR,136,432.0
855,HLA-A02:01,5587.1,ANZ78847,EVNELLDTTQL,855,433.0
1160,HLA-A02:01,5587.12,ANZ78847,VPTKYVTAKVS,1160,434.0
437,HLA-A02:01,5587.16,ANZ78847,SCQLYYNLPAA,437,435.0
505,HLA-A02:01,5587.31,ANZ78847,SLCVGSGPGKN,505,436.0
553,HLA-A02:01,5587.32,ANZ78847,LVGIGEHCSGL,553,437.0
688,HLA-A02:01,5587.42,ANZ78847,SAAFHANSSEP,688,438.0
756,HLA-A02:01,5587.42,ANZ78847,VDYSKNRRSRR,756,438.0
782,HLA-A02:01,5587.54,ANZ78847,VNSVNDSLEPV,782,440.0
479,HLA-A02:01,5587.55,ANZ78847,LTNHDVVYAQH,479,441.0
284,HLA-A02:01,5587.57,ANZ78847,AFNQDGIIFNA,284,442.0
776,HLA-A02:01,5587.59,ANZ78847,NFEPFTVNSVN,776,443.0
847,HLA-A02:01,5587.74,ANZ78847,DNINAILTEVN,847,444.0
1086,HLA-A02:01,5587.79,ANZ78847,DRLINGRLTAL,1086,445.0
1066,HLA-A02:01,5587.8,ANZ78847,SSSLQEILSRL,1066,446.0
1238,HLA-A02:01,5587.8,ANZ78847,LPDFREELDQW,1238,446.0
761,HLA-A02:01,5587.82,ANZ78847,NRRSRRAITTG,761,448.0
574,HLA-A02:01,5587.85,ANZ78847,PCTCQPQAFLG,574,449.0
11,HLA-A02:01,5587.87,ANZ78847,AFAVIGDLKCP,11,450.0
653,HLA-A02:01,5587.91,ANZ78847,SWQNLLYDSNG,653,451.0
637,HLA-A02:01,5587.98,ANZ78847,ISGQGIFVEVN,637,452.0
494,HLA-A02:01,5588.05,ANZ78847,PKNFCPCKSNS,494,453.0
1267,HLA-A02:01,5588.15,ANZ78847,TFLDLQVEMNR,1267,454.0
732,HLA-A02:01,5588.16,ANZ78847,VVNAYNSTAIS,732,455.0
383,HLA-A02:01,5588.22,ANZ78847,FTCNNIDAAKI,383,456.0
834,HLA-A02:01,5588.28,ANZ78847,ACKSQLVEYGS,834,457.0
883,HLA-A02:01,5588.29,ANZ78847,DGVNFNVDDIN,883,458.0
621,HLA-A02:01,5588.3,ANZ78847,NTDIKLGVCVN,621,459.0
675,HLA-A02:01,5588.3,ANZ78847,RTFMIRSCYSG,675,459.0
1191,HLA-A02:01,5588.3,ANZ78847,VNNTWMYTGSG,1191,459.0
331,HLA-A02:01,5588.35,ANZ78847,DVYRRKPDLPN,331,462.0
890,HLA-A02:01,5588.35,ANZ78847,DDINFSSVLGC,890,462.0
425,HLA-A02:01,5588.38,ANZ78847,QSFNYRIDTTA,425,464.0
1093,HLA-A02:01,5588.4,ANZ78847,LTALNAYVSQQ,1093,465.0
72,HLA-A02:01,5588.43,ANZ78847,PTSGSTYRNMA,72,466.0
466,HLA-A02:01,5588.43,ANZ78847,IEDSVFKPQPA,466,466.0
721,HLA-A02:01,5588.43,ANZ78847,PINYFDSYLGC,721,466.0
861,HLA-A02:01,5588.47,ANZ78847,DTTQLQVANSL,861,469.0
1021,HLA-A02:01,5588.48,ANZ78847,NALDAIQEGFD,1021,470.0
963,HLA-A02:01,5588.49,ANZ78847,ENQISGYTLAA,963,471.0
106,HLA-A02:01,5588.51,ANZ78847,IFAKVKNTKVF,106,472.0
507,HLA-A02:01,5588.57,ANZ78847,CVGSGPGKNNG,507,473.0
1043,HLA-A02:01,5588.64,ANZ78847,VVNANAEALNN,1043,474.0
999,HLA-A02:01,5588.71,ANZ78847,NGLGVTMDVLS,999,475.0
922,HLA-A02:01,5588.77,ANZ78847,VKLSDVGFVAA,922,476.0
342,HLA-A02:01,5588.78,ANZ78847,CNIEAWLNDKS,342,477.0
660,HLA-A02:01,5588.8,ANZ78847,DSNGNLYGFRD,660,478.0
961,HLA-A02:01,5588.9,ANZ78847,LSENQISGYTL,961,479.0
545,HLA-A02:01,5588.99,ANZ78847,YKCPQSKSLVG,545,480.0
1241,HLA-A02:01,5589.02,ANZ78847,FREELDQWFKN,1241,481.0
1334,HLA-A02:01,5589.08,ANZ78847,TSCFKKCGGCC,1334,482.0
1207,HLA-A02:01,5589.14,ANZ78847,PITENNVVVMS,1207,483.0
236,HLA-A02:01,5589.17,ANZ78847,VTKFLFNVYLG,236,484.0
172,HLA-A02:01,5589.22,ANZ78847,CEYPHTICHPN,172,485.0
422,HLA-A02:01,5589.27,ANZ78847,GYLQSFNYRID,422,486.0
889,HLA-A02:01,5589.33,ANZ78847,VDDINFSSVLG,889,487.0
570,HLA-A02:01,5589.36,ANZ78847,CGGNPCTCQPQ,570,488.0
784,HLA-A02:01,5589.39,ANZ78847,SVNDSLEPVGG,784,489.0
458,HLA-A02:01,5589.43,ANZ78847,TWNKRFGFIED,458,490.0
1136,HLA-A02:01,5589.54,ANZ78847,GNGNHIISLVQ,1136,491.0
1006,HLA-A02:01,5589.66,ANZ78847,DVLSQNQKLIA,1006,492.0
388,HLA-A02:01,5589.75,ANZ78847,IDAAKIYGMCF,388,493.0
1073,HLA-A02:01,5589.75,ANZ78847,LSRLDALEAEA,1073,493.0
1076,HLA-A02:01,5589.75,ANZ78847,LDALEAEAQID,1076,493.0
644,HLA-A02:01,5589.78,ANZ78847,VEVNATYYNSW,644,496.0
26,HLA-A02:01,5589.89,ANZ78847,TGSLNNIDTGP,26,497.0
1074,HLA-A02:01,5589.89,ANZ78847,SRLDALEAEAQ,1074,497.0
1189,HLA-A02:01,5589.9,ANZ78847,VNVNNTWMYTG,1189,499.0
447,HLA-A02:01,5589.92,ANZ78847,ANVSVSRFNPS,447,500.0
874,HLA-A02:01,5589.94,ANZ78847,GVTLSTKLKDG,874,501.0
599,HLA-A02:01,5589.99,ANZ78847,FANLILHDVNS,599,502.0
1010,HLA-A02:01,5589.99,ANZ78847,QNQKLIANAFN,1010,502.0
313,HLA-A02:01,5590.0,ANZ78847,APPTGVYELNG,313,504.0
1104,HLA-A02:01,5590.0,ANZ78847,LSDSTLVKFSA,1104,504.0
586,HLA-A02:01,5590.08,ANZ78847,SADSCLQGDKC,586,506.0
381,HLA-A02:01,5590.17,ANZ78847,DSFTCNNIDAA,381,507.0
539,HLA-A02:01,5590.23,ANZ78847,ITFTGPYKCPQ,539,508.0
511,HLA-A02:01,5590.25,ANZ78847,GPGKNNGIGTC,511,509.0
149,HLA-A02:01,5590.26,ANZ78847,NSTQDGVNKLQ,149,510.0
254,HLA-A02:01,5590.29,ANZ78847,VMPLTCISRRN,254,511.0
1118,HLA-A02:01,5590.33,ANZ78847,MEKVNECVKSQ,1118,512.0
1112,HLA-A02:01,5590.37,ANZ78847,FSAAQAMEKVN,1112,513.0
349,HLA-A02:01,5590.45,ANZ78847,NDKSVPSPLNW,349,514.0
860,HLA-A02:01,5590.5,ANZ78847,LDTTQLQVANS,860,515.0
1047,HLA-A02:01,5590.52,ANZ78847,NAEALNNLLQQ,1047,516.0
569,HLA-A02:01,5590.53,ANZ78847,YCGGNPCTCQP,569,517.0
1341,HLA-A02:01,5590.56,ANZ78847,GGCCDDYTGYQ,1341,518.0
710,HLA-A02:01,5590.64,ANZ78847,VFNNSLTRQLQ,710,519.0
336,HLA-A02:01,5590.65,ANZ78847,KPDLPNCNIEA,336,520.0
135,HLA-A02:01,5590.68,ANZ78847,VNTSYSVVVQP,135,521.0
919,HLA-A02:01,5590.68,ANZ78847,FDKVKLSDVGF,919,521.0
73,HLA-A02:01,5590.69,ANZ78847,TSGSTYRNMAL,73,523.0
536,HLA-A02:01,5590.7,ANZ78847,PDPITFTGPYK,536,524.0
1009,HLA-A02:01,5590.71,ANZ78847,SQNQKLIANAF,1009,525.0
1060,HLA-A02:01,5590.76,ANZ78847,NRFGAISSSLQ,1060,526.0
23,HLA-A02:01,5590.84,ANZ78847,DSRTGSLNNID,23,527.0
380,HLA-A02:01,5590.91,ANZ78847,ADSFTCNNIDA,380,528.0
942,HLA-A02:01,5591.05,ANZ78847,IRDLICVQSYK,942,529.0
227,HLA-A02:01,5591.22,ANZ78847,YAYFTDTGVVT,227,530.0
617,HLA-A02:01,5591.23,ANZ78847,LQKANTDIKLG,617,531.0
703,HLA-A02:01,5591.24,ANZ78847,RNIKCNYVFNN,703,532.0
1142,HLA-A02:01,5591.27,ANZ78847,ISLVQNAPYGL,1142,533.0
1196,HLA-A02:01,5591.28,ANZ78847,MYTGSGYYYPE,1196,534.0
1281,HLA-A02:01,5591.32,ANZ78847,AIKVLNQSYIN,1281,535.0
191,HLA-A02:01,5591.37,ANZ78847,WHMDTGVVSCL,191,536.0
188,HLA-A02:01,5591.4,ANZ78847,KELWHMDTGVV,188,537.0
711,HLA-A02:01,5591.43,ANZ78847,FNNSLTRQLQP,711,538.0
1167,HLA-A02:01,5591.44,ANZ78847,AKVSPGLCIAG,1167,539.0
934,HLA-A02:01,5591.46,ANZ78847,NNCTGGAEIRD,934,540.0
147,HLA-A02:01,5591.49,ANZ78847,TINSTQDGVNK,147,541.0
1312,HLA-A02:01,5591.5,ANZ78847,ICLAGVAMLVL,1312,542.0
69,HLA-A02:01,5591.52,ANZ78847,GYYPTSGSTYR,69,543.0
1327,HLA-A02:01,5591.58,ANZ78847,CCCTGCGTSCF,1327,544.0
1133,HLA-A02:01,5591.59,ANZ78847,NFCGNGNHIIS,1133,545.0
186,HLA-A02:01,5591.62,ANZ78847,HFKELWHMDTG,186,546.0
828,HLA-A02:01,5591.69,ANZ78847,VCGDYAACKSQ,828,547.0
80,HLA-A02:01,5591.83,ANZ78847,NMALKGTDKLS,80,548.0
229,HLA-A02:01,5591.86,ANZ78847,YFTDTGVVTKF,229,549.0
1301,HLA-A02:01,5591.91,ANZ78847,YVKWPWYVWLL,1301,550.0
708,HLA-A02:01,5591.92,ANZ78847,NYVFNNSLTRQ,708,551.0
972,HLA-A02:01,5591.92,ANZ78847,AATSASLFPPW,972,551.0
998,HLA-A02:01,5591.99,ANZ78847,INGLGVTMDVL,998,553.0
152,HLA-A02:01,5592.0,ANZ78847,QDGVNKLQGLL,152,554.0
155,HLA-A02:01,5592.0,ANZ78847,VNKLQGLLEVS,155,554.0
1011,HLA-A02:01,5592.0,ANZ78847,NQKLIANAFNN,1011,554.0
673,HLA-A02:01,5592.04,ANZ78847,TNRTFMIRSCY,673,557.0
856,HLA-A02:01,5592.05,ANZ78847,VNELLDTTQLQ,856,558.0
1176,HLA-A02:01,5592.06,ANZ78847,AGDRGIAPKSG,1176,559.0
1351,HLA-A02:01,5592.13,ANZ78847,QELVIKTSHDD,1351,560.0
104,HLA-A02:01,5592.14,ANZ78847,NGIFAKVKNTK,104,561.0
793,HLA-A02:01,5592.19,ANZ78847,GGLYEIQIPSD,793,562.0
293,HLA-A02:01,5592.2,ANZ78847,NAVDCMSDFMS,293,563.0
735,HLA-A02:01,5592.23,ANZ78847,AYNSTAISVQT,735,564.0
288,HLA-A02:01,5592.27,ANZ78847,DGIIFNAVDCM,288,565.0
820,HLA-A02:01,5592.27,ANZ78847,VTIDCAAFVCG,820,565.0
939,HLA-A02:01,5592.27,ANZ78847,GAEIRDLICVQ,939,565.0
681,HLA-A02:01,5592.31,ANZ78847,SCYSGRVSAAF,681,568.0
521,HLA-A02:01,5592.37,ANZ78847,CPAGTNYLTCH,521,569.0
992,HLA-A02:01,5592.44,ANZ78847,LNVQYRINGLG,992,570.0
451,HLA-A02:01,5592.53,ANZ78847,VSRFNPSTWNK,451,571.0
471,HLA-A02:01,5592.58,ANZ78847,FKPQPAGVLTN,471,572.0
1333,HLA-A02:01,5592.63,ANZ78847,GTSCFKKCGGC,1333,573.0
485,HLA-A02:01,5592.64,ANZ78847,VYAQHCFKAPK,485,574.0
256,HLA-A02:01,5592.74,ANZ78847,PLTCISRRNIG,256,575.0
48,HLA-A02:01,5592.81,ANZ78847,NGLGTYYVLDR,48,576.0
107,HLA-A02:01,5592.81,ANZ78847,FAKVKNTKVFK,107,576.0
577,HLA-A02:01,5592.86,ANZ78847,CQPQAFLGWSA,577,578.0
337,HLA-A02:01,5592.87,ANZ78847,PDLPNCNIEAW,337,579.0
408,HLA-A02:01,5592.87,ANZ78847,IPNGRKVDLQL,408,579.0
638,HLA-A02:01,5592.92,ANZ78847,SGQGIFVEVNA,638,581.0
436,HLA-A02:01,5592.95,ANZ78847,TSCQLYYNLPA,436,582.0
94,HLA-A02:01,5592.99,ANZ78847,FKPPFLSDFIN,94,583.0
615,HLA-A02:01,5593.05,ANZ78847,TDLQKANTDIK,615,584.0
658,HLA-A02:01,5593.09,ANZ78847,LYDSNGNLYGF,658,585.0
512,HLA-A02:01,5593.1,ANZ78847,PGKNNGIGTCP,512,586.0
1081,HLA-A02:01,5593.1,ANZ78847,AEAQIDRLING,1081,586.0
1276,HLA-A02:01,5593.12,ANZ78847,NRLQEAIKVLN,1276,588.0
330,HLA-A02:01,5593.17,ANZ78847,ADVYRRKPDLP,330,589.0
363,HLA-A02:01,5593.17,ANZ78847,TFSNCNFNMSS,363,589.0
809,HLA-A02:01,5593.17,ANZ78847,MEEFIQTSSPK,809,589.0
22,HLA-A02:01,5593.43,ANZ78847,LDSRTGSLNNI,22,592.0
824,HLA-A02:01,5593.48,ANZ78847,CAAFVCGDYAA,824,593.0
713,HLA-A02:01,5593.52,ANZ78847,NSLTRQLQPIN,713,594.0
944,HLA-A02:01,5593.55,ANZ78847,DLICVQSYKGI,944,595.0
166,HLA-A02:01,5593.59,ANZ78847,VCQYNMCEYPH,166,596.0
1248,HLA-A02:01,5593.61,ANZ78847,WFKNQTSVAPD,1248,597.0
716,HLA-A02:01,5593.65,ANZ78847,TRQLQPINYFD,716,598.0
842,HLA-A02:01,5593.76,ANZ78847,YGSFCDNINAI,842,599.0
734,HLA-A02:01,5593.79,ANZ78847,NAYNSTAISVQ,734,600.0
758,HLA-A02:01,5593.84,ANZ78847,YSKNRRSRRAI,758,601.0
677,HLA-A02:01,5593.88,ANZ78847,FMIRSCYSGRV,677,602.0
931,HLA-A02:01,5593.91,ANZ78847,AAYNNCTGGAE,931,603.0
1046,HLA-A02:01,5594.02,ANZ78847,ANAEALNNLLQ,1046,604.0
1266,HLA-A02:01,5594.08,ANZ78847,VTFLDLQVEMN,1266,605.0
9,HLA-A02:01,5594.23,ANZ78847,PTAFAVIGDLK,9,606.0
6,HLA-A02:01,5594.25,ANZ78847,ISLPTAFAVIG,6,607.0
837,HLA-A02:01,5594.25,ANZ78847,SQLVEYGSFCD,837,607.0
967,HLA-A02:01,5594.29,ANZ78847,SGYTLAATSAS,967,609.0
1065,HLA-A02:01,5594.35,ANZ78847,ISSSLQEILSR,1065,610.0
444,HLA-A02:01,5594.38,ANZ78847,LPAANVSVSRF,444,611.0
273,HLA-A02:01,5594.39,ANZ78847,VTPLTSRQYLL,273,612.0
445,HLA-A02:01,5594.4,ANZ78847,PAANVSVSRFN,445,613.0
596,HLA-A02:01,5594.43,ANZ78847,CNIFANLILHD,596,614.0
328,HLA-A02:01,5594.45,ANZ78847,PIADVYRRKPD,328,615.0
1061,HLA-A02:01,5594.5,ANZ78847,RFGAISSSLQE,1061,616.0
360,HLA-A02:01,5594.53,ANZ78847,ERKTFSNCNFN,360,617.0
113,HLA-A02:01,5594.55,ANZ78847,TKVFKDGVMYS,113,618.0
323,HLA-A02:01,5594.55,ANZ78847,GYTVQPIADVY,323,618.0
754,HLA-A02:01,5594.57,ANZ78847,YCVDYSKNRRS,754,620.0
50,HLA-A02:01,5594.69,ANZ78847,LGTYYVLDRVY,50,621.0
158,HLA-A02:01,5594.73,ANZ78847,LQGLLEVSVCQ,158,622.0
454,HLA-A02:01,5594.8,ANZ78847,FNPSTWNKRFG,454,623.0
648,HLA-A02:01,5594.86,ANZ78847,ATYYNSWQNLL,648,624.0
168,HLA-A02:01,5594.89,ANZ78847,QYNMCEYPHTI,168,625.0
373,HLA-A02:01,5594.9,ANZ78847,SLMSFIQADSF,373,626.0
465,HLA-A02:01,5594.9,ANZ78847,FIEDSVFKPQP,465,626.0
757,HLA-A02:01,5594.92,ANZ78847,DYSKNRRSRRA,757,628.0
773,HLA-A02:01,5594.95,ANZ78847,RFTNFEPFTVN,773,629.0
752,HLA-A02:01,5594.97,ANZ78847,SGYCVDYSKNR,752,630.0
513,HLA-A02:01,5595.13,ANZ78847,GKNNGIGTCPA,513,631.0
117,HLA-A02:01,5595.27,ANZ78847,KDGVMYSEFPA,117,632.0
109,HLA-A02:01,5595.34,ANZ78847,KVKNTKVFKDG,109,633.0
1031,HLA-A02:01,5595.36,ANZ78847,DATNSALVKIQ,1031,634.0
291,HLA-A02:01,5595.37,ANZ78847,IFNAVDCMSDF,291,635.0
83,HLA-A02:01,5595.39,ANZ78847,LKGTDKLSTLW,83,636.0
257,HLA-A02:01,5595.39,ANZ78847,LTCISRRNIGF,257,636.0
442,HLA-A02:01,5595.39,ANZ78847,YNLPAANVSVS,442,636.0
601,HLA-A02:01,5595.43,ANZ78847,NLILHDVNSGL,601,639.0
628,HLA-A02:01,5595.44,ANZ78847,VCVNYDLYGIS,628,640.0
1080,HLA-A02:01,5595.49,ANZ78847,EAEAQIDRLIN,1080,641.0
1278,HLA-A02:01,5595.56,ANZ78847,LQEAIKVLNQS,1278,642.0
467,HLA-A02:01,5595.61,ANZ78847,EDSVFKPQPAG,467,643.0
38,HLA-A02:01,5595.62,ANZ78847,SISTATVDVTN,38,644.0
475,HLA-A02:01,5595.69,ANZ78847,PAGVLTNHDVV,475,645.0
1217,HLA-A02:01,5595.73,ANZ78847,STCAVNYTKAP,1217,646.0
42,HLA-A02:01,5595.74,ANZ78847,ATVDVTNGLGT,42,647.0
510,HLA-A02:01,5595.74,ANZ78847,SGPGKNNGIGT,510,647.0
213,HLA-A02:01,5595.76,ANZ78847,TYLYFHFYQEG,213,649.0
314,HLA-A02:01,5595.83,ANZ78847,PPTGVYELNGY,314,650.0
1017,HLA-A02:01,5595.85,ANZ78847,NAFNNALDAIQ,1017,651.0
1255,HLA-A02:01,5595.86,ANZ78847,VAPDLALDYIN,1255,652.0
778,HLA-A02:01,5595.87,ANZ78847,EPFTVNSVNDS,778,653.0
298,HLA-A02:01,5595.89,ANZ78847,MSDFMSEIKCK,298,654.0
407,HLA-A02:01,5595.89,ANZ78847,AIPNGRKVDLQ,407,654.0
1299,HLA-A02:01,5595.9,ANZ78847,EYYVKWPWYVW,1299,656.0
576,HLA-A02:01,5596.01,ANZ78847,TCQPQAFLGWS,576,657.0
1247,HLA-A02:01,5596.05,ANZ78847,QWFKNQTSVAP,1247,658.0
626,HLA-A02:01,5596.13,ANZ78847,LGVCVNYDLYG,626,659.0
275,HLA-A02:01,5596.15,ANZ78847,PLTSRQYLLAF,275,660.0
1336,HLA-A02:01,5596.22,ANZ78847,CFKKCGGCCDD,1336,661.0
398,HLA-A02:01,5596.23,ANZ78847,FSSITIDKFAI,398,662.0
346,HLA-A02:01,5596.26,ANZ78847,AWLNDKSVPSP,346,663.0
1177,HLA-A02:01,5596.27,ANZ78847,GDRGIAPKSGY,1177,664.0
165,HLA-A02:01,5596.28,ANZ78847,SVCQYNMCEYP,165,665.0
696,HLA-A02:01,5596.31,ANZ78847,SEPALLFRNIK,696,666.0
271,HLA-A02:01,5596.32,ANZ78847,YWVTPLTSRQY,271,667.0
894,HLA-A02:01,5596.32,ANZ78847,FSSVLGCLGSE,894,667.0
915,HLA-A02:01,5596.33,ANZ78847,EDLLFDKVKLS,915,669.0
59,HLA-A02:01,5596.44,ANZ78847,VYLNTTLFLNG,59,670.0
1286,HLA-A02:01,5596.44,ANZ78847,NQSYINLKDIG,1286,670.0
629,HLA-A02:01,5596.49,ANZ78847,CVNYDLYGISG,629,672.0
779,HLA-A02:01,5596.5,ANZ78847,PFTVNSVNDSL,779,673.0
1174,HLA-A02:01,5596.51,ANZ78847,CIAGDRGIAPK,1174,674.0
29,HLA-A02:01,5596.54,ANZ78847,LNNIDTGPPSI,29,675.0
295,HLA-A02:01,5596.54,ANZ78847,VDCMSDFMSEI,295,675.0
312,HLA-A02:01,5596.55,ANZ78847,IAPPTGVYELN,312,677.0
1224,HLA-A02:01,5596.55,ANZ78847,TKAPYVMLNTS,1224,677.0
435,HLA-A02:01,5596.56,ANZ78847,ATSCQLYYNLP,435,679.0
208,HLA-A02:01,5596.64,ANZ78847,YDVNATYLYFH,208,680.0
326,HLA-A02:01,5596.66,ANZ78847,VQPIADVYRRK,326,681.0
405,HLA-A02:01,5596.67,ANZ78847,KFAIPNGRKVD,405,682.0
1287,HLA-A02:01,5596.73,ANZ78847,QSYINLKDIGT,1287,683.0
1211,HLA-A02:01,5596.74,ANZ78847,NNVVVMSTCAV,1211,684.0
1132,HLA-A02:01,5596.75,ANZ78847,INFCGNGNHII,1132,685.0
396,HLA-A02:01,5596.76,ANZ78847,MCFSSITIDKF,396,686.0
686,HLA-A02:01,5596.83,ANZ78847,RVSAAFHANSS,686,687.0
566,HLA-A02:01,5596.91,ANZ78847,KSDYCGGNPCT,566,688.0
455,HLA-A02:01,5596.94,ANZ78847,NPSTWNKRFGF,455,689.0
1249,HLA-A02:01,5596.99,ANZ78847,FKNQTSVAPDL,1249,690.0
642,HLA-A02:01,5597.09,ANZ78847,IFVEVNATYYN,642,691.0
1058,HLA-A02:01,5597.13,ANZ78847,LSNRFGAISSS,1058,692.0
1049,HLA-A02:01,5597.15,ANZ78847,EALNNLLQQLS,1049,693.0
1172,HLA-A02:01,5597.18,ANZ78847,GLCIAGDRGIA,1172,694.0
89,HLA-A02:01,5597.2,ANZ78847,LSTLWFKPPFL,89,695.0
572,HLA-A02:01,5597.22,ANZ78847,GNPCTCQPQAF,572,696.0
92,HLA-A02:01,5597.26,ANZ78847,LWFKPPFLSDF,92,697.0
1114,HLA-A02:01,5597.27,ANZ78847,AAQAMEKVNEC,1114,698.0
704,HLA-A02:01,5597.3,ANZ78847,NIKCNYVFNNS,704,699.0
19,HLA-A02:01,5597.33,ANZ78847,KCPLDSRTGSL,19,700.0
440,HLA-A02:01,5597.41,ANZ78847,LYYNLPAANVS,440,701.0
528,HLA-A02:01,5597.44,ANZ78847,LTCHNLCNPDP,528,702.0
481,HLA-A02:01,5597.47,ANZ78847,NHDVVYAQHCF,481,703.0
1038,HLA-A02:01,5597.5,ANZ78847,VKIQAVVNANA,1038,704.0
1097,HLA-A02:01,5597.5,ANZ78847,NAYVSQQLSDS,1097,704.0
12,HLA-A02:01,5597.53,ANZ78847,FAVIGDLKCPL,12,706.0
974,HLA-A02:01,5597.53,ANZ78847,TSASLFPPWTA,974,706.0
402,HLA-A02:01,5597.54,ANZ78847,TIDKFAIPNGR,402,708.0
1035,HLA-A02:01,5597.64,ANZ78847,SALVKIQAVVN,1035,709.0
390,HLA-A02:01,5597.69,ANZ78847,AAKIYGMCFSS,390,710.0
319,HLA-A02:01,5597.73,ANZ78847,YELNGYTVQPI,319,711.0
65,HLA-A02:01,5597.74,ANZ78847,LFLNGYYPTSG,65,712.0
118,HLA-A02:01,5597.74,ANZ78847,DGVMYSEFPAI,118,712.0
489,HLA-A02:01,5597.76,ANZ78847,HCFKAPKNFCP,489,714.0
58,HLA-A02:01,5597.79,ANZ78847,RVYLNTTLFLN,58,715.0
216,HLA-A02:01,5597.84,ANZ78847,YFHFYQEGGTF,216,716.0
459,HLA-A02:01,5597.86,ANZ78847,WNKRFGFIEDS,459,717.0
412,HLA-A02:01,5597.88,ANZ78847,RKVDLQLGNLG,412,718.0
1003,HLA-A02:01,5597.99,ANZ78847,VTMDVLSQNQK,1003,719.0
1016,HLA-A02:01,5598.03,ANZ78847,ANAFNNALDAI,1016,720.0
1120,HLA-A02:01,5598.03,ANZ78847,KVNECVKSQSS,1120,720.0
464,HLA-A02:01,5598.04,ANZ78847,GFIEDSVFKPQ,464,722.0
789,HLA-A02:01,5598.05,ANZ78847,LEPVGGLYEIQ,789,723.0
817,HLA-A02:01,5598.05,ANZ78847,SPKVTIDCAAF,817,723.0
356,HLA-A02:01,5598.06,ANZ78847,PLNWERKTFSN,356,725.0
588,HLA-A02:01,5598.09,ANZ78847,DSCLQGDKCNI,588,726.0
95,HLA-A02:01,5598.1,ANZ78847,KPPFLSDFING,95,727.0
935,HLA-A02:01,5598.12,ANZ78847,NCTGGAEIRDL,935,728.0
1190,HLA-A02:01,5598.12,ANZ78847,NVNNTWMYTGS,1190,728.0
579,HLA-A02:01,5598.17,ANZ78847,PQAFLGWSADS,579,730.0
762,HLA-A02:01,5598.17,ANZ78847,RRSRRAITTGY,762,730.0
446,HLA-A02:01,5598.22,ANZ78847,AANVSVSRFNP,446,732.0
1282,HLA-A02:01,5598.24,ANZ78847,IKVLNQSYINL,1282,733.0
1192,HLA-A02:01,5598.25,ANZ78847,NNTWMYTGSGY,1192,734.0
956,HLA-A02:01,5598.28,ANZ78847,VLPPLLSENQI,956,735.0
1077,HLA-A02:01,5598.32,ANZ78847,DALEAEAQIDR,1077,736.0
924,HLA-A02:01,5598.34,ANZ78847,LSDVGFVAAYN,924,737.0
126,HLA-A02:01,5598.35,ANZ78847,PAITIGSTFVN,126,738.0
1071,HLA-A02:01,5598.36,ANZ78847,EILSRLDALEA,1071,739.0
1146,HLA-A02:01,5598.4,ANZ78847,QNAPYGLYFIH,1146,740.0
774,HLA-A02:01,5598.42,ANZ78847,FTNFEPFTVNS,774,741.0
237,HLA-A02:01,5598.47,ANZ78847,TKFLFNVYLGM,237,742.0
57,HLA-A02:01,5598.48,ANZ78847,DRVYLNTTLFL,57,743.0
902,HLA-A02:01,5598.48,ANZ78847,GSECSKASSRS,902,743.0
279,HLA-A02:01,5598.52,ANZ78847,RQYLLAFNQDG,279,745.0
1052,HLA-A02:01,5598.52,ANZ78847,NNLLQQLSNRF,1052,745.0
747,HLA-A02:01,5598.54,ANZ78847,DLTVGSGYCVD,747,747.0
397,HLA-A02:01,5598.59,ANZ78847,CFSSITIDKFA,397,748.0
115,HLA-A02:01,5598.61,ANZ78847,VFKDGVMYSEF,115,749.0
691,HLA-A02:01,5598.64,ANZ78847,FHANSSEPALL,691,750.0
179,HLA-A02:01,5598.66,ANZ78847,CHPNLGNHFKE,179,751.0
300,HLA-A02:01,5598.8,ANZ78847,DFMSEIKCKTQ,300,752.0
309,HLA-A02:01,5598.81,ANZ78847,TQSIAPPTGVY,309,753.0
1269,HLA-A02:01,5598.87,ANZ78847,LDLQVEMNRLQ,1269,754.0
854,HLA-A02:01,5598.88,ANZ78847,TEVNELLDTTQ,854,755.0
797,HLA-A02:01,5598.91,ANZ78847,EIQIPSDFTIG,797,756.0
415,HLA-A02:01,5598.94,ANZ78847,DLQLGNLGYLQ,415,757.0
538,HLA-A02:01,5598.98,ANZ78847,PITFTGPYKCP,538,758.0
305,HLA-A02:01,5599.13,ANZ78847,IKCKTQSIAPP,305,759.0
1304,HLA-A02:01,5599.14,ANZ78847,WPWYVWLLICL,1304,760.0
456,HLA-A02:01,5599.16,ANZ78847,PSTWNKRFGFI,456,761.0
1330,HLA-A02:01,5599.16,ANZ78847,TGCGTSCFKKC,1330,761.0
549,HLA-A02:01,5599.21,ANZ78847,QSKSLVGIGEH,549,763.0
987,HLA-A02:01,5599.22,ANZ78847,GVPFYLNVQYR,987,764.0
327,HLA-A02:01,5599.26,ANZ78847,QPIADVYRRKP,327,765.0
393,HLA-A02:01,5599.26,ANZ78847,IYGMCFSSITI,393,765.0
1313,HLA-A02:01,5599.26,ANZ78847,CLAGVAMLVLL,1313,765.0
14,HLA-A02:01,5599.27,ANZ78847,VIGDLKCPLDS,14,768.0
764,HLA-A02:01,5599.28,ANZ78847,SRRAITTGYRF,764,769.0
848,HLA-A02:01,5599.37,ANZ78847,NINAILTEVNE,848,770.0
1014,HLA-A02:01,5599.6,ANZ78847,LIANAFNNALD,1014,771.0
785,HLA-A02:01,5599.67,ANZ78847,VNDSLEPVGGL,785,772.0
320,HLA-A02:01,5599.68,ANZ78847,ELNGYTVQPIA,320,773.0
205,HLA-A02:01,5599.72,ANZ78847,NFTYDVNATYL,205,774.0
461,HLA-A02:01,5599.73,ANZ78847,KRFGFIEDSVF,461,775.0
71,HLA-A02:01,5599.8,ANZ78847,YPTSGSTYRNM,71,776.0
878,HLA-A02:01,5599.8,ANZ78847,STKLKDGVNFN,878,776.0
835,HLA-A02:01,5599.86,ANZ78847,CKSQLVEYGSF,835,778.0
791,HLA-A02:01,5599.95,ANZ78847,PVGGLYEIQIP,791,779.0
916,HLA-A02:01,5599.98,ANZ78847,DLLFDKVKLSD,916,780.0
367,HLA-A02:01,5600.07,ANZ78847,CNFNMSSLMSF,367,781.0
651,HLA-A02:01,5600.07,ANZ78847,YNSWQNLLYDS,651,781.0
1350,HLA-A02:01,5600.09,ANZ78847,YQELVIKTSHD,1350,783.0
950,HLA-A02:01,5600.17,ANZ78847,SYKGIKVLPPL,950,784.0
1175,HLA-A02:01,5600.17,ANZ78847,IAGDRGIAPKS,1175,784.0
1106,HLA-A02:01,5600.21,ANZ78847,DSTLVKFSAAQ,1106,786.0
189,HLA-A02:01,5600.29,ANZ78847,ELWHMDTGVVS,189,787.0
171,HLA-A02:01,5600.33,ANZ78847,MCEYPHTICHP,171,788.0
800,HLA-A02:01,5600.34,ANZ78847,IPSDFTIGNME,800,789.0
286,HLA-A02:01,5600.35,ANZ78847,NQDGIIFNAVD,286,790.0
414,HLA-A02:01,5600.47,ANZ78847,VDLQLGNLGYL,414,791.0
334,HLA-A02:01,5600.51,ANZ78847,RRKPDLPNCNI,334,792.0
1139,HLA-A02:01,5600.54,ANZ78847,NHIISLVQNAP,1139,793.0
1147,HLA-A02:01,5600.59,ANZ78847,NAPYGLYFIHF,1147,794.0
180,HLA-A02:01,5600.6,ANZ78847,HPNLGNHFKEL,180,795.0
905,HLA-A02:01,5600.6,ANZ78847,CSKASSRSAIE,905,795.0
302,HLA-A02:01,5600.65,ANZ78847,MSEIKCKTQSI,302,797.0
418,HLA-A02:01,5600.69,ANZ78847,LGNLGYLQSFN,418,798.0
624,HLA-A02:01,5600.79,ANZ78847,IKLGVCVNYDL,624,799.0
472,HLA-A02:01,5600.86,ANZ78847,KPQPAGVLTNH,472,800.0
219,HLA-A02:01,5600.87,ANZ78847,FYQEGGTFYAY,219,801.0
1326,HLA-A02:01,5600.89,ANZ78847,ICCCTGCGTSC,1326,802.0
1113,HLA-A02:01,5600.94,ANZ78847,SAAQAMEKVNE,1113,803.0
207,HLA-A02:01,5600.95,ANZ78847,TYDVNATYLYF,207,804.0
427,HLA-A02:01,5600.95,ANZ78847,FNYRIDTTATS,427,804.0
150,HLA-A02:01,5601.04,ANZ78847,STQDGVNKLQG,150,806.0
1012,HLA-A02:01,5601.06,ANZ78847,QKLIANAFNNA,1012,807.0
1165,HLA-A02:01,5601.1,ANZ78847,VTAKVSPGLCI,1165,808.0
808,HLA-A02:01,5601.12,ANZ78847,NMEEFIQTSSP,808,809.0
25,HLA-A02:01,5601.13,ANZ78847,RTGSLNNIDTG,25,810.0
139,HLA-A02:01,5601.13,ANZ78847,YSVVVQPRTIN,139,810.0
378,HLA-A02:01,5601.18,ANZ78847,IQADSFTCNNI,378,812.0
496,HLA-A02:01,5601.33,ANZ78847,NFCPCKSNSSL,496,813.0
1138,HLA-A02:01,5601.34,ANZ78847,GNHIISLVQNA,1138,814.0
989,HLA-A02:01,5601.38,ANZ78847,PFYLNVQYRIN,989,815.0
310,HLA-A02:01,5601.41,ANZ78847,QSIAPPTGVYE,310,816.0
796,HLA-A02:01,5601.48,ANZ78847,YEIQIPSDFTI,796,817.0
1048,HLA-A02:01,5601.48,ANZ78847,AEALNNLLQQL,1048,817.0
332,HLA-A02:01,5601.52,ANZ78847,VYRRKPDLPNC,332,819.0
140,HLA-A02:01,5601.54,ANZ78847,SVVVQPRTINS,140,820.0
413,HLA-A02:01,5601.63,ANZ78847,KVDLQLGNLGY,413,821.0
895,HLA-A02:01,5601.64,ANZ78847,SSVLGCLGSEC,895,822.0
979,HLA-A02:01,5601.67,ANZ78847,FPPWTAAAGVP,979,823.0
790,HLA-A02:01,5601.86,ANZ78847,EPVGGLYEIQI,790,824.0
1062,HLA-A02:01,5601.87,ANZ78847,FGAISSSLQEI,1062,825.0
1185,HLA-A02:01,5601.9,ANZ78847,SGYFVNVNNTW,1185,826.0
770,HLA-A02:01,5601.95,ANZ78847,TGYRFTNFEPF,770,827.0
453,HLA-A02:01,5601.98,ANZ78847,RFNPSTWNKRF,453,828.0
230,HLA-A02:01,5602.0,ANZ78847,FTDTGVVTKFL,230,829.0
1089,HLA-A02:01,5602.07,ANZ78847,INGRLTALNAY,1089,830.0
260,HLA-A02:01,5602.1,ANZ78847,ISRRNIGFTLE,260,831.0
1272,HLA-A02:01,5602.11,ANZ78847,QVEMNRLQEAI,1272,832.0
1306,HLA-A02:01,5602.11,ANZ78847,WYVWLLICLAG,1306,832.0
829,HLA-A02:01,5602.2,ANZ78847,CGDYAACKSQL,829,834.0
839,HLA-A02:01,5602.23,ANZ78847,LVEYGSFCDNI,839,835.0
1027,HLA-A02:01,5602.25,ANZ78847,QEGFDATNSAL,1027,836.0
1145,HLA-A02:01,5602.26,ANZ78847,VQNAPYGLYFI,1145,837.0
1122,HLA-A02:01,5602.35,ANZ78847,NECVKSQSSRI,1122,838.0
1322,HLA-A02:01,5602.36,ANZ78847,LLFFICCCTGC,1322,839.0
841,HLA-A02:01,5602.38,ANZ78847,EYGSFCDNINA,841,840.0
787,HLA-A02:01,5602.39,ANZ78847,DSLEPVGGLYE,787,841.0
983,HLA-A02:01,5602.49,ANZ78847,TAAAGVPFYLN,983,842.0
1178,HLA-A02:01,5602.51,ANZ78847,DRGIAPKSGYF,1178,843.0
526,HLA-A02:01,5602.52,ANZ78847,NYLTCHNLCNP,526,844.0
564,HLA-A02:01,5602.54,ANZ78847,AVKSDYCGGNP,564,845.0
1059,HLA-A02:01,5602.56,ANZ78847,SNRFGAISSSL,1059,846.0
1091,HLA-A02:01,5602.56,ANZ78847,GRLTALNAYVS,1091,846.0
693,HLA-A02:01,5602.58,ANZ78847,ANSSEPALLFR,693,848.0
592,HLA-A02:01,5602.6,ANZ78847,QGDKCNIFANL,592,849.0
262,HLA-A02:01,5602.62,ANZ78847,RRNIGFTLEYW,262,850.0
153,HLA-A02:01,5602.65,ANZ78847,DGVNKLQGLLE,153,851.0
798,HLA-A02:01,5602.66,ANZ78847,IQIPSDFTIGN,798,852.0
1130,HLA-A02:01,5602.7,ANZ78847,SRINFCGNGNH,1130,853.0
801,HLA-A02:01,5602.73,ANZ78847,PSDFTIGNMEE,801,854.0
985,HLA-A02:01,5602.77,ANZ78847,AAGVPFYLNVQ,985,855.0
685,HLA-A02:01,5602.79,ANZ78847,GRVSAAFHANS,685,856.0
551,HLA-A02:01,5602.83,ANZ78847,KSLVGIGEHCS,551,857.0
908,HLA-A02:01,5602.9,ANZ78847,ASSRSAIEDLL,908,858.0
224,HLA-A02:01,5602.94,ANZ78847,GTFYAYFTDTG,224,859.0
849,HLA-A02:01,5602.98,ANZ78847,INAILTEVNEL,849,860.0
1300,HLA-A02:01,5603.0,ANZ78847,YYVKWPWYVWL,1300,861.0
1343,HLA-A02:01,5603.01,ANZ78847,CCDDYTGYQEL,1343,862.0
868,HLA-A02:01,5603.03,ANZ78847,ANSLMNGVTLS,868,863.0
480,HLA-A02:01,5603.05,ANZ78847,TNHDVVYAQHC,480,864.0
672,HLA-A02:01,5603.1,ANZ78847,LTNRTFMIRSC,672,865.0
1002,HLA-A02:01,5603.11,ANZ78847,GVTMDVLSQNQ,1002,866.0
335,HLA-A02:01,5603.27,ANZ78847,RKPDLPNCNIE,335,867.0
904,HLA-A02:01,5603.3,ANZ78847,ECSKASSRSAI,904,868.0
7,HLA-A02:01,5603.36,ANZ78847,SLPTAFAVIGD,7,869.0
443,HLA-A02:01,5603.37,ANZ78847,NLPAANVSVSR,443,870.0
487,HLA-A02:01,5603.37,ANZ78847,AQHCFKAPKNF,487,870.0
701,HLA-A02:01,5603.42,ANZ78847,LFRNIKCNYVF,701,872.0
176,HLA-A02:01,5603.43,ANZ78847,HTICHPNLGNH,176,873.0
1055,HLA-A02:01,5603.49,ANZ78847,LQQLSNRFGAI,1055,874.0
731,HLA-A02:01,5603.53,ANZ78847,CVVNAYNSTAI,731,875.0
823,HLA-A02:01,5603.66,ANZ78847,DCAAFVCGDYA,823,876.0
431,HLA-A02:01,5603.68,ANZ78847,IDTTATSCQLY,431,877.0
177,HLA-A02:01,5603.73,ANZ78847,TICHPNLGNHF,177,878.0
694,HLA-A02:01,5603.73,ANZ78847,NSSEPALLFRN,694,878.0
529,HLA-A02:01,5603.76,ANZ78847,TCHNLCNPDPI,529,880.0
623,HLA-A02:01,5603.76,ANZ78847,DIKLGVCVNYD,623,880.0
391,HLA-A02:01,5603.78,ANZ78847,AKIYGMCFSSI,391,882.0
957,HLA-A02:01,5603.78,ANZ78847,LPPLLSENQIS,957,882.0
289,HLA-A02:01,5603.79,ANZ78847,GIIFNAVDCMS,289,884.0
1324,HLA-A02:01,5603.91,ANZ78847,FFICCCTGCGT,1324,885.0
469,HLA-A02:01,5603.92,ANZ78847,SVFKPQPAGVL,469,886.0
1131,HLA-A02:01,5603.95,ANZ78847,RINFCGNGNHI,1131,887.0
562,HLA-A02:01,5603.98,ANZ78847,GLAVKSDYCGG,562,888.0
1070,HLA-A02:01,5603.98,ANZ78847,QEILSRLDALE,1070,888.0
802,HLA-A02:01,5604.12,ANZ78847,SDFTIGNMEEF,802,890.0
255,HLA-A02:01,5604.18,ANZ78847,MPLTCISRRNI,255,891.0
533,HLA-A02:01,5604.24,ANZ78847,LCNPDPITFTG,533,892.0
399,HLA-A02:01,5604.25,ANZ78847,SSITIDKFAIP,399,893.0
181,HLA-A02:01,5604.27,ANZ78847,PNLGNHFKELW,181,894.0
1161,HLA-A02:01,5604.29,ANZ78847,PTKYVTAKVSP,1161,895.0
705,HLA-A02:01,5604.32,ANZ78847,IKCNYVFNNSL,705,896.0
369,HLA-A02:01,5604.35,ANZ78847,FNMSSLMSFIQ,369,897.0
1094,HLA-A02:01,5604.39,ANZ78847,TALNAYVSQQL,1094,898.0
1235,HLA-A02:01,5604.43,ANZ78847,IPNLPDFREEL,1235,899.0
1231,HLA-A02:01,5604.46,ANZ78847,LNTSIPNLPDF,1231,900.0
832,HLA-A02:01,5604.51,ANZ78847,YAACKSQLVEY,832,901.0
1020,HLA-A02:01,5604.51,ANZ78847,NNALDAIQEGF,1020,901.0
359,HLA-A02:01,5604.69,ANZ78847,WERKTFSNCNF,359,903.0
426,HLA-A02:01,5604.7,ANZ78847,SFNYRIDTTAT,426,904.0
377,HLA-A02:01,5604.71,ANZ78847,FIQADSFTCNN,377,905.0
947,HLA-A02:01,5604.77,ANZ78847,CVQSYKGIKVL,947,906.0
806,HLA-A02:01,5604.82,ANZ78847,IGNMEEFIQTS,806,907.0
251,HLA-A02:01,5604.83,ANZ78847,HYYVMPLTCIS,251,908.0
307,HLA-A02:01,5604.92,ANZ78847,CKTQSIAPPTG,307,909.0
386,HLA-A02:01,5604.95,ANZ78847,NNIDAAKIYGM,386,910.0
241,HLA-A02:01,5604.96,ANZ78847,FNVYLGMALSH,241,911.0
911,HLA-A02:01,5605.01,ANZ78847,RSAIEDLLFDK,911,912.0
297,HLA-A02:01,5605.06,ANZ78847,CMSDFMSEIKC,297,913.0
1005,HLA-A02:01,5605.09,ANZ78847,MDVLSQNQKLI,1005,914.0
667,HLA-A02:01,5605.14,ANZ78847,GFRDYLTNRTF,667,915.0
687,HLA-A02:01,5605.18,ANZ78847,VSAAFHANSSE,687,916.0
433,HLA-A02:01,5605.19,ANZ78847,TTATSCQLYYN,433,917.0
1265,HLA-A02:01,5605.35,ANZ78847,NVTFLDLQVEM,1265,918.0
1253,HLA-A02:01,5605.39,ANZ78847,TSVAPDLALDY,1253,919.0
593,HLA-A02:01,5605.41,ANZ78847,GDKCNIFANLI,593,920.0
1221,HLA-A02:01,5605.42,ANZ78847,VNYTKAPYVML,1221,921.0
250,HLA-A02:01,5605.45,ANZ78847,SHYYVMPLTCI,250,922.0
270,HLA-A02:01,5605.6,ANZ78847,EYWVTPLTSRQ,270,923.0
1262,HLA-A02:01,5605.6,ANZ78847,DYINVTFLDLQ,1262,923.0
99,HLA-A02:01,5605.75,ANZ78847,LSDFINGIFAK,99,925.0
129,HLA-A02:01,5605.77,ANZ78847,TIGSTFVNTSY,129,926.0
352,HLA-A02:01,5605.88,ANZ78847,SVPSPLNWERK,352,927.0
769,HLA-A02:01,5605.88,ANZ78847,TTGYRFTNFEP,769,927.0
882,HLA-A02:01,5605.9,ANZ78847,KDGVNFNVDDI,882,929.0
93,HLA-A02:01,5605.92,ANZ78847,WFKPPFLSDFI,93,930.0
1109,HLA-A02:01,5605.93,ANZ78847,LVKFSAAQAME,1109,931.0
345,HLA-A02:01,5605.95,ANZ78847,EAWLNDKSVPS,345,932.0
76,HLA-A02:01,5606.0,ANZ78847,STYRNMALKGT,76,933.0
1242,HLA-A02:01,5606.05,ANZ78847,REELDQWFKNQ,1242,934.0
695,HLA-A02:01,5606.07,ANZ78847,SSEPALLFRNI,695,935.0
1042,HLA-A02:01,5606.07,ANZ78847,AVVNANAEALN,1042,935.0
27,HLA-A02:01,5606.18,ANZ78847,GSLNNIDTGPP,27,937.0
594,HLA-A02:01,5606.21,ANZ78847,DKCNIFANLIL,594,938.0
927,HLA-A02:01,5606.27,ANZ78847,VGFVAAYNNCT,927,939.0
1340,HLA-A02:01,5606.27,ANZ78847,CGGCCDDYTGY,1340,939.0
550,HLA-A02:01,5606.41,ANZ78847,SKSLVGIGEHC,550,941.0
476,HLA-A02:01,5606.42,ANZ78847,AGVLTNHDVVY,476,942.0
209,HLA-A02:01,5606.53,ANZ78847,DVNATYLYFHF,209,943.0
1226,HLA-A02:01,5606.55,ANZ78847,APYVMLNTSIP,1226,944.0
515,HLA-A02:01,5606.62,ANZ78847,NNGIGTCPAGT,515,945.0
845,HLA-A02:01,5606.64,ANZ78847,FCDNINAILTE,845,946.0
365,HLA-A02:01,5606.73,ANZ78847,SNCNFNMSSLM,365,947.0
831,HLA-A02:01,5606.74,ANZ78847,DYAACKSQLVE,831,948.0
173,HLA-A02:01,5606.77,ANZ78847,EYPHTICHPNL,173,949.0
86,HLA-A02:01,5606.79,ANZ78847,TDKLSTLWFKP,86,950.0
84,HLA-A02:01,5606.83,ANZ78847,KGTDKLSTLWF,84,951.0
1044,HLA-A02:01,5606.86,ANZ78847,VNANAEALNNL,1044,952.0
781,HLA-A02:01,5606.89,ANZ78847,TVNSVNDSLEP,781,953.0
463,HLA-A02:01,5606.97,ANZ78847,FGFIEDSVFKP,463,954.0
1349,HLA-A02:01,5606.97,ANZ78847,GYQELVIKTSH,1349,954.0
1345,HLA-A02:01,5606.98,ANZ78847,DDYTGYQELVI,1345,956.0
304,HLA-A02:01,5607.08,ANZ78847,EIKCKTQSIAP,304,957.0
1319,HLA-A02:01,5607.09,ANZ78847,MLVLLFFICCC,1319,958.0
936,HLA-A02:01,5607.29,ANZ78847,CTGGAEIRDLI,936,959.0
825,HLA-A02:01,5607.34,ANZ78847,AAFVCGDYAAC,825,960.0
234,HLA-A02:01,5607.37,ANZ78847,GVVTKFLFNVY,234,961.0
290,HLA-A02:01,5607.41,ANZ78847,IIFNAVDCMSD,290,962.0
952,HLA-A02:01,5607.43,ANZ78847,KGIKVLPPLLS,952,963.0
389,HLA-A02:01,5607.57,ANZ78847,DAAKIYGMCFS,389,964.0
351,HLA-A02:01,5607.61,ANZ78847,KSVPSPLNWER,351,965.0
1284,HLA-A02:01,5607.65,ANZ78847,VLNQSYINLKD,1284,966.0
1294,HLA-A02:01,5607.87,ANZ78847,DIGTYEYYVKW,1294,967.0
535,HLA-A02:01,5607.95,ANZ78847,NPDPITFTGPY,535,968.0
719,HLA-A02:01,5608.06,ANZ78847,LQPINYFDSYL,719,969.0
1045,HLA-A02:01,5608.18,ANZ78847,NANAEALNNLL,1045,970.0
907,HLA-A02:01,5608.19,ANZ78847,KASSRSAIEDL,907,971.0
1023,HLA-A02:01,5608.19,ANZ78847,LDAIQEGFDAT,1023,971.0
567,HLA-A02:01,5608.21,ANZ78847,SDYCGGNPCTC,567,973.0
607,HLA-A02:01,5608.21,ANZ78847,VNSGLTCSTDL,607,973.0
8,HLA-A02:01,5608.24,ANZ78847,LPTAFAVIGDL,8,975.0
619,HLA-A02:01,5608.25,ANZ78847,KANTDIKLGVC,619,976.0
1041,HLA-A02:01,5608.32,ANZ78847,QAVVNANAEAL,1041,977.0
428,HLA-A02:01,5608.34,ANZ78847,NYRIDTTATSC,428,978.0
183,HLA-A02:01,5608.35,ANZ78847,LGNHFKELWHM,183,979.0
434,HLA-A02:01,5608.37,ANZ78847,TATSCQLYYNL,434,980.0
1079,HLA-A02:01,5608.43,ANZ78847,LEAEAQIDRLI,1079,981.0
661,HLA-A02:01,5608.78,ANZ78847,SNGNLYGFRDY,661,982.0
1227,HLA-A02:01,5608.87,ANZ78847,PYVMLNTSIPN,1227,983.0
766,HLA-A02:01,5608.94,ANZ78847,RAITTGYRFTN,766,984.0
674,HLA-A02:01,5609.03,ANZ78847,NRTFMIRSCYS,674,985.0
287,HLA-A02:01,5609.06,ANZ78847,QDGIIFNAVDC,287,986.0
988,HLA-A02:01,5609.11,ANZ78847,VPFYLNVQYRI,988,987.0
43,HLA-A02:01,5609.15,ANZ78847,TVDVTNGLGTY,43,988.0
324,HLA-A02:01,5609.27,ANZ78847,YTVQPIADVYR,324,989.0
1198,HLA-A02:01,5609.35,ANZ78847,TGSGYYYPEPI,1198,990.0
1102,HLA-A02:01,5609.48,ANZ78847,QQLSDSTLVKF,1102,991.0
886,HLA-A02:01,5609.5,ANZ78847,NFNVDDINFSS,886,992.0
462,HLA-A02:01,5609.57,ANZ78847,RFGFIEDSVFK,462,993.0
344,HLA-A02:01,5609.63,ANZ78847,IEAWLNDKSVP,344,994.0
362,HLA-A02:01,5609.63,ANZ78847,KTFSNCNFNMS,362,994.0
682,HLA-A02:01,5609.66,ANZ78847,CYSGRVSAAFH,682,996.0
215,HLA-A02:01,5609.69,ANZ78847,LYFHFYQEGGT,215,997.0
786,HLA-A02:01,5609.71,ANZ78847,NDSLEPVGGLY,786,998.0
909,HLA-A02:01,5609.75,ANZ78847,SSRSAIEDLLF,909,999.0
527,HLA-A02:01,5609.83,ANZ78847,YLTCHNLCNPD,527,1000.0
167,HLA-A02:01,5609.87,ANZ78847,CQYNMCEYPHT,167,1001.0
995,HLA-A02:01,5609.89,ANZ78847,QYRINGLGVTM,995,1002.0
1124,HLA-A02:01,5609.89,ANZ78847,CVKSQSSRINF,1124,1002.0
56,HLA-A02:01,5609.95,ANZ78847,LDRVYLNTTLF,56,1004.0
354,HLA-A02:01,5610.18,ANZ78847,PSPLNWERKTF,354,1005.0
559,HLA-A02:01,5610.23,ANZ78847,HCSGLAVKSDY,559,1006.0
53,HLA-A02:01,5610.34,ANZ78847,YYVLDRVYLNT,53,1007.0
138,HLA-A02:01,5610.5,ANZ78847,SYSVVVQPRTI,138,1008.0
1244,HLA-A02:01,5610.57,ANZ78847,ELDQWFKNQTS,1244,1009.0
712,HLA-A02:01,5610.61,ANZ78847,NNSLTRQLQPI,712,1010.0
372,HLA-A02:01,5610.62,ANZ78847,SSLMSFIQADS,372,1011.0
292,HLA-A02:01,5610.64,ANZ78847,FNAVDCMSDFM,292,1012.0
1337,HLA-A02:01,5610.73,ANZ78847,FKKCGGCCDDY,1337,1013.0
299,HLA-A02:01,5610.83,ANZ78847,SDFMSEIKCKT,299,1014.0
1200,HLA-A02:01,5610.87,ANZ78847,SGYYYPEPITE,1200,1015.0
523,HLA-A02:01,5610.92,ANZ78847,AGTNYLTCHNL,523,1016.0
799,HLA-A02:01,5610.97,ANZ78847,QIPSDFTIGNM,799,1017.0
161,HLA-A02:01,5611.07,ANZ78847,LLEVSVCQYNM,161,1018.0
1264,HLA-A02:01,5611.08,ANZ78847,INVTFLDLQVE,1264,1019.0
582,HLA-A02:01,5611.13,ANZ78847,FLGWSADSCLQ,582,1020.0
1270,HLA-A02:01,5611.14,ANZ78847,DLQVEMNRLQE,1270,1021.0
265,HLA-A02:01,5611.2,ANZ78847,IGFTLEYWVTP,265,1022.0
614,HLA-A02:01,5611.29,ANZ78847,STDLQKANTDI,614,1023.0
142,HLA-A02:01,5611.3,ANZ78847,VVQPRTINSTQ,142,1024.0
10,HLA-A02:01,5611.33,ANZ78847,TAFAVIGDLKC,10,1025.0
748,HLA-A02:01,5611.48,ANZ78847,LTVGSGYCVDY,748,1026.0
1098,HLA-A02:01,5611.59,ANZ78847,AYVSQQLSDST,1098,1027.0
490,HLA-A02:01,5611.61,ANZ78847,CFKAPKNFCPC,490,1028.0
1239,HLA-A02:01,5611.65,ANZ78847,PDFREELDQWF,1239,1029.0
203,HLA-A02:01,5611.67,ANZ78847,KRNFTYDVNAT,203,1030.0
1279,HLA-A02:01,5611.69,ANZ78847,QEAIKVLNQSY,1279,1031.0
760,HLA-A02:01,5611.7,ANZ78847,KNRRSRRAITT,760,1032.0
368,HLA-A02:01,5611.84,ANZ78847,NFNMSSLMSFI,368,1033.0
277,HLA-A02:01,5611.85,ANZ78847,TSRQYLLAFNQ,277,1034.0
497,HLA-A02:01,5611.88,ANZ78847,FCPCKSNSSLC,497,1035.0
190,HLA-A02:01,5611.89,ANZ78847,LWHMDTGVVSC,190,1036.0
111,HLA-A02:01,5611.91,ANZ78847,KNTKVFKDGVM,111,1037.0
759,HLA-A02:01,5611.91,ANZ78847,SKNRRSRRAIT,759,1037.0
565,HLA-A02:01,5611.94,ANZ78847,VKSDYCGGNPC,565,1039.0
247,HLA-A02:01,5611.96,ANZ78847,MALSHYYVMPL,247,1040.0
862,HLA-A02:01,5611.98,ANZ78847,TTQLQVANSLM,862,1041.0
792,HLA-A02:01,5612.03,ANZ78847,VGGLYEIQIPS,792,1042.0
1154,HLA-A02:01,5612.05,ANZ78847,FIHFSYVPTKY,1154,1043.0
411,HLA-A02:01,5612.07,ANZ78847,GRKVDLQLGNL,411,1044.0
843,HLA-A02:01,5612.08,ANZ78847,GSFCDNINAIL,843,1045.0
1108,HLA-A02:01,5612.11,ANZ78847,TLVKFSAAQAM,1108,1046.0
1148,HLA-A02:01,5612.19,ANZ78847,APYGLYFIHFS,1148,1047.0
164,HLA-A02:01,5612.21,ANZ78847,VSVCQYNMCEY,164,1048.0
1290,HLA-A02:01,5612.28,ANZ78847,INLKDIGTYEY,1290,1049.0
384,HLA-A02:01,5612.31,ANZ78847,TCNNIDAAKIY,384,1050.0
1173,HLA-A02:01,5612.31,ANZ78847,LCIAGDRGIAP,1173,1050.0
1225,HLA-A02:01,5612.35,ANZ78847,KAPYVMLNTSI,1225,1052.0
1240,HLA-A02:01,5612.4,ANZ78847,DFREELDQWFK,1240,1053.0
1218,HLA-A02:01,5612.41,ANZ78847,TCAVNYTKAPY,1218,1054.0
518,HLA-A02:01,5612.43,ANZ78847,IGTCPAGTNYL,518,1055.0
655,HLA-A02:01,5612.44,ANZ78847,QNLLYDSNGNL,655,1056.0
729,HLA-A02:01,5612.59,ANZ78847,LGCVVNAYNST,729,1057.0
231,HLA-A02:01,5612.7,ANZ78847,TDTGVVTKFLF,231,1058.0
844,HLA-A02:01,5612.73,ANZ78847,SFCDNINAILT,844,1059.0
941,HLA-A02:01,5612.75,ANZ78847,EIRDLICVQSY,941,1060.0
736,HLA-A02:01,5612.79,ANZ78847,YNSTAISVQTC,736,1061.0
537,HLA-A02:01,5612.87,ANZ78847,DPITFTGPYKC,537,1062.0
3,HLA-A02:01,5612.88,ANZ78847,ILLISLPTAFA,3,1063.0
1314,HLA-A02:01,5612.94,ANZ78847,LAGVAMLVLLF,1314,1064.0
814,HLA-A02:01,5613.13,ANZ78847,QTSSPKVTIDC,814,1065.0
81,HLA-A02:01,5613.21,ANZ78847,MALKGTDKLST,81,1066.0
361,HLA-A02:01,5613.22,ANZ78847,RKTFSNCNFNM,361,1067.0
1209,HLA-A02:01,5613.3,ANZ78847,TENNVVVMSTC,1209,1068.0
347,HLA-A02:01,5613.31,ANZ78847,WLNDKSVPSPL,347,1069.0
573,HLA-A02:01,5613.32,ANZ78847,NPCTCQPQAFL,573,1070.0
1232,HLA-A02:01,5613.39,ANZ78847,NTSIPNLPDFR,1232,1071.0
877,HLA-A02:01,5613.44,ANZ78847,LSTKLKDGVNF,877,1072.0
1223,HLA-A02:01,5613.44,ANZ78847,YTKAPYVMLNT,1223,1072.0
1187,HLA-A02:01,5613.53,ANZ78847,YFVNVNNTWMY,1187,1074.0
276,HLA-A02:01,5613.54,ANZ78847,LTSRQYLLAFN,276,1075.0
543,HLA-A02:01,5613.6,ANZ78847,GPYKCPQSKSL,543,1076.0
780,HLA-A02:01,5613.61,ANZ78847,FTVNSVNDSLE,780,1077.0
218,HLA-A02:01,5613.83,ANZ78847,HFYQEGGTFYA,218,1078.0
357,HLA-A02:01,5614.09,ANZ78847,LNWERKTFSNC,357,1079.0
1347,HLA-A02:01,5614.1,ANZ78847,YTGYQELVIKT,1347,1080.0
266,HLA-A02:01,5614.13,ANZ78847,GFTLEYWVTPL,266,1081.0
1302,HLA-A02:01,5614.14,ANZ78847,VKWPWYVWLLI,1302,1082.0
1234,HLA-A02:01,5614.18,ANZ78847,SIPNLPDFREE,1234,1083.0
822,HLA-A02:01,5614.2,ANZ78847,IDCAAFVCGDY,822,1084.0
669,HLA-A02:01,5614.32,ANZ78847,RDYLTNRTFMI,669,1085.0
767,HLA-A02:01,5614.37,ANZ78847,AITTGYRFTNF,767,1086.0
1285,HLA-A02:01,5614.43,ANZ78847,LNQSYINLKDI,1285,1087.0
97,HLA-A02:01,5614.48,ANZ78847,PFLSDFINGIF,97,1088.0
385,HLA-A02:01,5614.49,ANZ78847,CNNIDAAKIYG,385,1089.0
170,HLA-A02:01,5614.61,ANZ78847,NMCEYPHTICH,170,1090.0
749,HLA-A02:01,5614.69,ANZ78847,TVGSGYCVDYS,749,1091.0
520,HLA-A02:01,5614.83,ANZ78847,TCPAGTNYLTC,520,1092.0
973,HLA-A02:01,5614.97,ANZ78847,ATSASLFPPWT,973,1093.0
726,HLA-A02:01,5614.99,ANZ78847,DSYLGCVVNAY,726,1094.0
137,HLA-A02:01,5615.07,ANZ78847,TSYSVVVQPRT,137,1095.0
662,HLA-A02:01,5615.12,ANZ78847,NGNLYGFRDYL,662,1096.0
964,HLA-A02:01,5615.17,ANZ78847,NQISGYTLAAT,964,1097.0
421,HLA-A02:01,5615.23,ANZ78847,LGYLQSFNYRI,421,1098.0
885,HLA-A02:01,5615.27,ANZ78847,VNFNVDDINFS,885,1099.0
666,HLA-A02:01,5615.35,ANZ78847,YGFRDYLTNRT,666,1100.0
959,HLA-A02:01,5615.35,ANZ78847,PLLSENQISGY,959,1100.0
643,HLA-A02:01,5615.4,ANZ78847,FVEVNATYYNS,643,1102.0
647,HLA-A02:01,5615.42,ANZ78847,NATYYNSWQNL,647,1103.0
61,HLA-A02:01,5615.54,ANZ78847,LNTTLFLNGYY,61,1104.0
580,HLA-A02:01,5615.58,ANZ78847,QAFLGWSADSC,580,1105.0
470,HLA-A02:01,5615.66,ANZ78847,VFKPQPAGVLT,470,1106.0
692,HLA-A02:01,5615.89,ANZ78847,HANSSEPALLF,692,1107.0
306,HLA-A02:01,5615.91,ANZ78847,KCKTQSIAPPT,306,1108.0
68,HLA-A02:01,5616.08,ANZ78847,NGYYPTSGSTY,68,1109.0
294,HLA-A02:01,5616.17,ANZ78847,AVDCMSDFMSE,294,1110.0
745,HLA-A02:01,5616.23,ANZ78847,TCDLTVGSGYC,745,1111.0
67,HLA-A02:01,5616.34,ANZ78847,LNGYYPTSGST,67,1112.0
1063,HLA-A02:01,5616.34,ANZ78847,GAISSSLQEIL,1063,1112.0
590,HLA-A02:01,5616.38,ANZ78847,CLQGDKCNIFA,590,1114.0
123,HLA-A02:01,5616.51,ANZ78847,SEFPAITIGST,123,1115.0
591,HLA-A02:01,5616.61,ANZ78847,LQGDKCNIFAN,591,1116.0
706,HLA-A02:01,5616.74,ANZ78847,KCNYVFNNSLT,706,1117.0
1220,HLA-A02:01,5616.82,ANZ78847,AVNYTKAPYVM,1220,1118.0
969,HLA-A02:01,5616.88,ANZ78847,YTLAATSASLF,969,1119.0
804,HLA-A02:01,5616.92,ANZ78847,FTIGNMEEFIQ,804,1120.0
1275,HLA-A02:01,5616.98,ANZ78847,MNRLQEAIKVL,1275,1121.0
1208,HLA-A02:01,5617.24,ANZ78847,ITENNVVVMST,1208,1122.0
2,HLA-A02:01,5617.27,ANZ78847,LILLISLPTAF,2,1123.0
199,HLA-A02:01,5617.27,ANZ78847,SCLYKRNFTYD,199,1123.0
204,HLA-A02:01,5617.3,ANZ78847,RNFTYDVNATY,204,1125.0
633,HLA-A02:01,5617.38,ANZ78847,DLYGISGQGIF,633,1126.0
484,HLA-A02:01,5617.42,ANZ78847,VVYAQHCFKAP,484,1127.0
212,HLA-A02:01,5617.49,ANZ78847,ATYLYFHFYQE,212,1128.0
953,HLA-A02:01,5617.59,ANZ78847,GIKVLPPLLSE,953,1129.0
338,HLA-A02:01,5617.68,ANZ78847,DLPNCNIEAWL,338,1130.0
739,HLA-A02:01,5617.79,ANZ78847,TAISVQTCDLT,739,1131.0
488,HLA-A02:01,5617.8,ANZ78847,QHCFKAPKNFC,488,1132.0
994,HLA-A02:01,5618.13,ANZ78847,VQYRINGLGVT,994,1133.0
261,HLA-A02:01,5618.14,ANZ78847,SRRNIGFTLEY,261,1134.0
850,HLA-A02:01,5618.32,ANZ78847,NAILTEVNELL,850,1135.0
196,HLA-A02:01,5618.39,ANZ78847,GVVSCLYKRNF,196,1136.0
162,HLA-A02:01,5618.44,ANZ78847,LEVSVCQYNMC,162,1137.0
1056,HLA-A02:01,5618.48,ANZ78847,QQLSNRFGAIS,1056,1138.0
159,HLA-A02:01,5618.75,ANZ78847,QGLLEVSVCQY,159,1139.0
355,HLA-A02:01,5618.75,ANZ78847,SPLNWERKTFS,355,1139.0
803,HLA-A02:01,5618.87,ANZ78847,DFTIGNMEEFI,803,1141.0
1000,HLA-A02:01,5618.91,ANZ78847,GLGVTMDVLSQ,1000,1142.0
5,HLA-A02:01,5618.97,ANZ78847,LISLPTAFAVI,5,1143.0
315,HLA-A02:01,5619.0,ANZ78847,PTGVYELNGYT,315,1144.0
243,HLA-A02:01,5619.25,ANZ78847,VYLGMALSHYY,243,1145.0
1141,HLA-A02:01,5619.26,ANZ78847,IISLVQNAPYG,1141,1146.0
986,HLA-A02:01,5619.28,ANZ78847,AGVPFYLNVQY,986,1147.0
838,HLA-A02:01,5619.29,ANZ78847,QLVEYGSFCDN,838,1148.0
589,HLA-A02:01,5619.33,ANZ78847,SCLQGDKCNIF,589,1149.0
350,HLA-A02:01,5619.36,ANZ78847,DKSVPSPLNWE,350,1150.0
1199,HLA-A02:01,5619.53,ANZ78847,GSGYYYPEPIT,1199,1151.0
169,HLA-A02:01,5619.62,ANZ78847,YNMCEYPHTIC,169,1152.0
130,HLA-A02:01,5619.65,ANZ78847,IGSTFVNTSYS,130,1153.0
33,HLA-A02:01,5619.81,ANZ78847,DTGPPSISTAT,33,1154.0
24,HLA-A02:01,5620.0,ANZ78847,SRTGSLNNIDT,24,1155.0
1186,HLA-A02:01,5620.3,ANZ78847,GYFVNVNNTWM,1186,1156.0
668,HLA-A02:01,5620.34,ANZ78847,FRDYLTNRTFM,668,1157.0
448,HLA-A02:01,5620.47,ANZ78847,NVSVSRFNPST,448,1158.0
612,HLA-A02:01,5620.48,ANZ78847,TCSTDLQKANT,612,1159.0
127,HLA-A02:01,5620.51,ANZ78847,AITIGSTFVNT,127,1160.0
44,HLA-A02:01,5620.54,ANZ78847,VDVTNGLGTYY,44,1161.0
1195,HLA-A02:01,5620.65,ANZ78847,WMYTGSGYYYP,1195,1162.0
1295,HLA-A02:01,5620.7,ANZ78847,IGTYEYYVKWP,1295,1163.0
876,HLA-A02:01,5620.74,ANZ78847,TLSTKLKDGVN,876,1164.0
524,HLA-A02:01,5620.94,ANZ78847,GTNYLTCHNLC,524,1165.0
1039,HLA-A02:01,5621.01,ANZ78847,KIQAVVNANAE,1039,1166.0
16,HLA-A02:01,5621.09,ANZ78847,GDLKCPLDSRT,16,1167.0
353,HLA-A02:01,5621.23,ANZ78847,VPSPLNWERKT,353,1168.0
926,HLA-A02:01,5621.33,ANZ78847,DVGFVAAYNNC,926,1169.0
697,HLA-A02:01,5621.37,ANZ78847,EPALLFRNIKC,697,1170.0
530,HLA-A02:01,5621.41,ANZ78847,CHNLCNPDPIT,530,1171.0
866,HLA-A02:01,5621.97,ANZ78847,QVANSLMNGVT,866,1172.0
1184,HLA-A02:01,5622.02,ANZ78847,KSGYFVNVNNT,1184,1173.0
1243,HLA-A02:01,5622.15,ANZ78847,EELDQWFKNQT,1243,1174.0
112,HLA-A02:01,5622.18,ANZ78847,NTKVFKDGVMY,112,1175.0
715,HLA-A02:01,5622.19,ANZ78847,LTRQLQPINYF,715,1176.0
937,HLA-A02:01,5622.22,ANZ78847,TGGAEIRDLIC,937,1177.0
605,HLA-A02:01,5622.23,ANZ78847,HDVNSGLTCST,605,1178.0
1309,HLA-A02:01,5622.27,ANZ78847,WLLICLAGVAM,1309,1179.0
864,HLA-A02:01,5622.28,ANZ78847,QLQVANSLMNG,864,1180.0
958,HLA-A02:01,5622.41,ANZ78847,PPLLSENQISG,958,1181.0
853,HLA-A02:01,5622.59,ANZ78847,LTEVNELLDTT,853,1182.0
818,HLA-A02:01,5622.7,ANZ78847,PKVTIDCAAFV,818,1183.0
124,HLA-A02:01,5622.8,ANZ78847,EFPAITIGSTF,124,1184.0
1297,HLA-A02:01,5622.87,ANZ78847,TYEYYVKWPWY,1297,1185.0
232,HLA-A02:01,5622.89,ANZ78847,DTGVVTKFLFN,232,1186.0
1280,HLA-A02:01,5622.92,ANZ78847,EAIKVLNQSYI,1280,1187.0
267,HLA-A02:01,5622.94,ANZ78847,FTLEYWVTPLT,267,1188.0
1296,HLA-A02:01,5623.27,ANZ78847,GTYEYYVKWPW,1296,1189.0
640,HLA-A02:01,5623.5,ANZ78847,QGIFVEVNATY,640,1190.0
971,HLA-A02:01,5623.52,ANZ78847,LAATSASLFPP,971,1191.0
519,HLA-A02:01,5623.88,ANZ78847,GTCPAGTNYLT,519,1192.0
37,HLA-A02:01,5624.06,ANZ78847,PSISTATVDVT,37,1193.0
63,HLA-A02:01,5624.06,ANZ78847,TTLFLNGYYPT,63,1193.0
1233,HLA-A02:01,5624.2,ANZ78847,TSIPNLPDFRE,1233,1195.0
1149,HLA-A02:01,5624.27,ANZ78847,PYGLYFIHFSY,1149,1196.0
517,HLA-A02:01,5624.39,ANZ78847,GIGTCPAGTNY,517,1197.0
920,HLA-A02:01,5624.58,ANZ78847,DKVKLSDVGFV,920,1198.0
424,HLA-A02:01,5624.69,ANZ78847,LQSFNYRIDTT,424,1199.0
223,HLA-A02:01,5624.75,ANZ78847,GGTFYAYFTDT,223,1200.0
811,HLA-A02:01,5624.92,ANZ78847,EFIQTSSPKVT,811,1201.0
400,HLA-A02:01,5624.94,ANZ78847,SITIDKFAIPN,400,1202.0
768,HLA-A02:01,5624.94,ANZ78847,ITTGYRFTNFE,768,1202.0
1289,HLA-A02:01,5624.97,ANZ78847,YINLKDIGTYE,1289,1204.0
560,HLA-A02:01,5625.12,ANZ78847,CSGLAVKSDYC,560,1205.0
31,HLA-A02:01,5625.13,ANZ78847,NIDTGPPSIST,31,1206.0
639,HLA-A02:01,5625.14,ANZ78847,GQGIFVEVNAT,639,1207.0
1206,HLA-A02:01,5625.68,ANZ78847,EPITENNVVVM,1206,1208.0
531,HLA-A02:01,5625.81,ANZ78847,HNLCNPDPITF,531,1209.0
645,HLA-A02:01,5625.88,ANZ78847,EVNATYYNSWQ,645,1210.0
210,HLA-A02:01,5626.02,ANZ78847,VNATYLYFHFY,210,1211.0
859,HLA-A02:01,5626.1,ANZ78847,LLDTTQLQVAN,859,1212.0
30,HLA-A02:01,5626.12,ANZ78847,NNIDTGPPSIS,30,1213.0
869,HLA-A02:01,5626.14,ANZ78847,NSLMNGVTLST,869,1214.0
258,HLA-A02:01,5626.26,ANZ78847,TCISRRNIGFT,258,1215.0
595,HLA-A02:01,5626.26,ANZ78847,KCNIFANLILH,595,1215.0
245,HLA-A02:01,5626.31,ANZ78847,LGMALSHYYVM,245,1217.0
1348,HLA-A02:01,5626.49,ANZ78847,TGYQELVIKTS,1348,1218.0
185,HLA-A02:01,5626.55,ANZ78847,NHFKELWHMDT,185,1219.0
103,HLA-A02:01,5626.56,ANZ78847,INGIFAKVKNT,103,1220.0
249,HLA-A02:01,5626.6,ANZ78847,LSHYYVMPLTC,249,1221.0
771,HLA-A02:01,5626.88,ANZ78847,GYRFTNFEPFT,771,1222.0
1315,HLA-A02:01,5626.99,ANZ78847,AGVAMLVLLFF,1315,1223.0
1320,HLA-A02:01,5627.11,ANZ78847,LVLLFFICCCT,1320,1224.0
1152,HLA-A02:01,5627.26,ANZ78847,LYFIHFSYVPT,1152,1225.0
1338,HLA-A02:01,5627.73,ANZ78847,KKCGGCCDDYT,1338,1226.0
192,HLA-A02:01,5628.23,ANZ78847,HMDTGVVSCLY,192,1227.0
1257,HLA-A02:01,5628.38,ANZ78847,PDLALDYINVT,1257,1228.0
62,HLA-A02:01,5628.41,ANZ78847,NTTLFLNGYYP,62,1229.0
622,HLA-A02:01,5628.69,ANZ78847,TDIKLGVCVNY,622,1230.0
1144,HLA-A02:01,5628.87,ANZ78847,LVQNAPYGLYF,1144,1231.0
242,HLA-A02:01,5629.53,ANZ78847,NVYLGMALSHY,242,1232.0
0,HLA-A02:01,5629.55,ANZ78847,MFLILLISLPT,0,1233.0
1125,HLA-A02:01,5629.64,ANZ78847,VKSQSSRINFC,1125,1234.0
884,HLA-A02:01,5629.7,ANZ78847,GVNFNVDDINF,884,1235.0
268,HLA-A02:01,5629.74,ANZ78847,TLEYWVTPLTS,268,1236.0
1193,HLA-A02:01,5630.15,ANZ78847,NTWMYTGSGYY,1193,1237.0
795,HLA-A02:01,5630.61,ANZ78847,LYEIQIPSDFT,795,1238.0
1318,HLA-A02:01,5630.61,ANZ78847,AMLVLLFFICC,1318,1238.0
1316,HLA-A02:01,5630.75,ANZ78847,GVAMLVLLFFI,1316,1240.0
419,HLA-A02:01,5630.8,ANZ78847,GNLGYLQSFNY,419,1241.0
141,HLA-A02:01,5631.09,ANZ78847,VVVQPRTINST,141,1242.0
283,HLA-A02:01,5631.19,ANZ78847,LAFNQDGIIFN,283,1243.0
949,HLA-A02:01,5631.28,ANZ78847,QSYKGIKVLPP,949,1244.0
128,HLA-A02:01,5631.52,ANZ78847,ITIGSTFVNTS,128,1245.0
1050,HLA-A02:01,5631.55,ANZ78847,ALNNLLQQLSN,1050,1246.0
211,HLA-A02:01,5631.6,ANZ78847,NATYLYFHFYQ,211,1247.0
1215,HLA-A02:01,5632.04,ANZ78847,VMSTCAVNYTK,1215,1248.0
221,HLA-A02:01,5632.28,ANZ78847,QEGGTFYAYFT,221,1249.0
87,HLA-A02:01,5632.4,ANZ78847,DKLSTLWFKPP,87,1250.0
836,HLA-A02:01,5632.45,ANZ78847,KSQLVEYGSFC,836,1251.0
1156,HLA-A02:01,5632.89,ANZ78847,HFSYVPTKYVT,1156,1252.0
1064,HLA-A02:01,5632.97,ANZ78847,AISSSLQEILS,1064,1253.0
1213,HLA-A02:01,5633.6,ANZ78847,VVVMSTCAVNY,1213,1254.0
198,HLA-A02:01,5633.75,ANZ78847,VSCLYKRNFTY,198,1255.0
1084,HLA-A02:01,5636.61,ANZ78847,QIDRLINGRLT,1084,1256.0
813,HLA-A02:01,5637.13,ANZ78847,IQTSSPKVTID,813,1257.0
1140,HLA-A02:01,5637.45,ANZ78847,HIISLVQNAPY,1140,1258.0
980,HLA-A02:01,5637.74,ANZ78847,PPWTAAAGVPF,980,1259.0
220,HLA-A02:01,5638.21,ANZ78847,YQEGGTFYAYF,220,1260.0
392,HLA-A02:01,5638.29,ANZ78847,KIYGMCFSSIT,392,1261.0
85,HLA-A02:01,5639.23,ANZ78847,GTDKLSTLWFK,85,1262.0
1164,HLA-A02:01,5639.41,ANZ78847,YVTAKVSPGLC,1164,1263.0
807,HLA-A02:01,5639.82,ANZ78847,GNMEEFIQTSS,807,1264.0
432,HLA-A02:01,5639.88,ANZ78847,DTTATSCQLYY,432,1265.0
264,HLA-A02:01,5640.05,ANZ78847,NIGFTLEYWVT,264,1266.0
387,HLA-A02:01,5640.8,ANZ78847,NIDAAKIYGMC,387,1267.0
1258,HLA-A02:01,5640.83,ANZ78847,DLALDYINVTF,1258,1268.0
197,HLA-A02:01,5641.08,ANZ78847,VVSCLYKRNFT,197,1269.0
375,HLA-A02:01,5641.14,ANZ78847,MSFIQADSFTC,375,1270.0
765,HLA-A02:01,5641.63,ANZ78847,RRAITTGYRFT,765,1271.0
663,HLA-A02:01,5642.32,ANZ78847,GNLYGFRDYLT,663,1272.0
217,HLA-A02:01,5642.48,ANZ78847,FHFYQEGGTFY,217,1273.0
450,HLA-A02:01,5642.62,ANZ78847,SVSRFNPSTWN,450,1274.0
416,HLA-A02:01,5642.89,ANZ78847,LQLGNLGYLQS,416,1275.0
948,HLA-A02:01,5643.56,ANZ78847,VQSYKGIKVLP,948,1276.0
214,HLA-A02:01,5644.93,ANZ78847,YLYFHFYQEGG,214,1277.0
88,HLA-A02:01,5646.51,ANZ78847,KLSTLWFKPPF,88,1278.0
317,HLA-A02:01,5646.97,ANZ78847,GVYELNGYTVQ,317,1279.0
1214,HLA-A02:01,5647.13,ANZ78847,VVMSTCAVNYT,1214,1280.0
1303,HLA-A02:01,5647.69,ANZ78847,KWPWYVWLLIC,1303,1281.0
325,HLA-A02:01,5649.0,ANZ78847,TVQPIADVYRR,325,1282.0
253,HLA-A02:01,5649.47,ANZ78847,YVMPLTCISRR,253,1283.0
60,HLA-A02:01,5650.92,ANZ78847,YLNTTLFLNGY,60,1284.0
965,HLA-A02:01,5651.32,ANZ78847,QISGYTLAATS,965,1285.0
417,HLA-A02:01,5651.39,ANZ78847,QLGNLGYLQSF,417,1286.0
805,HLA-A02:01,5651.46,ANZ78847,TIGNMEEFIQT,805,1287.0
420,HLA-A02:01,5651.78,ANZ78847,NLGYLQSFNYR,420,1288.0
1188,HLA-A02:01,5653.13,ANZ78847,FVNVNNTWMYT,1188,1289.0
248,HLA-A02:01,5653.14,ANZ78847,ALSHYYVMPLT,248,1290.0
819,HLA-A02:01,5653.39,ANZ78847,KVTIDCAAFVC,819,1291.0
1194,HLA-A02:01,5654.0,ANZ78847,TWMYTGSGYYY,1194,1292.0
981,HLA-A02:01,5654.58,ANZ78847,PWTAAAGVPFY,981,1293.0
635,HLA-A02:01,5655.0,ANZ78847,YGISGQGIFVE,635,1294.0
401,HLA-A02:01,5656.62,ANZ78847,ITIDKFAIPNG,401,1295.0
157,HLA-A02:01,5656.94,ANZ78847,KLQGLLEVSVC,157,1296.0
1053,HLA-A02:01,5657.22,ANZ78847,NLLQQLSNRFG,1053,1297.0
552,HLA-A02:01,5658.01,ANZ78847,SLVGIGEHCSG,552,1298.0
717,HLA-A02:01,5658.69,ANZ78847,RQLQPINYFDS,717,1299.0
625,HLA-A02:01,5659.21,ANZ78847,KLGVCVNYDLY,625,1300.0
880,HLA-A02:01,5660.96,ANZ78847,KLKDGVNFNVD,880,1301.0
699,HLA-A02:01,5661.53,ANZ78847,ALLFRNIKCNY,699,1302.0
714,HLA-A02:01,5661.7,ANZ78847,SLTRQLQPINY,714,1303.0
182,HLA-A02:01,5664.6,ANZ78847,NLGNHFKELWH,182,1304.0
478,HLA-A02:01,5665.26,ANZ78847,VLTNHDVVYAQ,478,1305.0
206,HLA-A02:01,5667.95,ANZ78847,FTYDVNATYLY,206,1306.0
90,HLA-A02:01,5668.37,ANZ78847,STLWFKPPFLS,90,1307.0
1025,HLA-A02:01,5668.9,ANZ78847,AIQEGFDATNS,1025,1308.0
602,HLA-A02:01,5669.76,ANZ78847,LILHDVNSGLT,602,1309.0
1283,HLA-A02:01,5672.36,ANZ78847,KVLNQSYINLK,1283,1310.0
1317,HLA-A02:01,5672.43,ANZ78847,VAMLVLLFFIC,1317,1311.0
457,HLA-A02:01,5672.96,ANZ78847,STWNKRFGFIE,457,1312.0
656,HLA-A02:01,5674.83,ANZ78847,NLLYDSNGNLY,656,1313.0
1291,HLA-A02:01,5675.98,ANZ78847,NLKDIGTYEYY,1291,1314.0
1095,HLA-A02:01,5676.02,ANZ78847,ALNAYVSQQLS,1095,1315.0
374,HLA-A02:01,5677.21,ANZ78847,LMSFIQADSFT,374,1316.0
246,HLA-A02:01,5679.19,ANZ78847,GMALSHYYVMP,246,1317.0
301,HLA-A02:01,5679.27,ANZ78847,FMSEIKCKTQS,301,1318.0
1072,HLA-A02:01,5680.75,ANZ78847,ILSRLDALEAE,1072,1319.0
1237,HLA-A02:01,5681.12,ANZ78847,NLPDFREELDQ,1237,1320.0
728,HLA-A02:01,5684.55,ANZ78847,YLGCVVNAYNS,728,1321.0
1143,HLA-A02:01,5684.96,ANZ78847,SLVQNAPYGLY,1143,1322.0
1151,HLA-A02:01,5685.06,ANZ78847,GLYFIHFSYVP,1151,1323.0
1230,HLA-A02:01,5685.19,ANZ78847,MLNTSIPNLPD,1230,1324.0
114,HLA-A02:01,5686.03,ANZ78847,KVFKDGVMYSE,114,1325.0
281,HLA-A02:01,5689.34,ANZ78847,YLLAFNQDGII,281,1326.0
718,HLA-A02:01,5690.99,ANZ78847,QLQPINYFDSY,718,1327.0
423,HLA-A02:01,5691.57,ANZ78847,YLQSFNYRIDT,423,1328.0
1229,HLA-A02:01,5692.91,ANZ78847,VMLNTSIPNLP,1229,1329.0
1007,HLA-A02:01,5697.44,ANZ78847,VLSQNQKLIAN,1007,1330.0
1180,HLA-A02:01,5697.98,ANZ78847,GIAPKSGYFVN,1180,1331.0
119,HLA-A02:01,5700.22,ANZ78847,GVMYSEFPAIT,119,1332.0
1057,HLA-A02:01,5700.33,ANZ78847,QLSNRFGAISS,1057,1333.0
64,HLA-A02:01,5703.85,ANZ78847,TLFLNGYYPTS,64,1334.0
960,HLA-A02:01,5704.03,ANZ78847,LLSENQISGYT,960,1335.0
1087,HLA-A02:01,5705.27,ANZ78847,RLINGRLTALN,1087,1336.0
1092,HLA-A02:01,5707.85,ANZ78847,RLTALNAYVSQ,1092,1337.0
282,HLA-A02:01,5709.74,ANZ78847,LLAFNQDGIIF,282,1338.0
955,HLA-A02:01,5713.27,ANZ78847,KVLPPLLSENQ,955,1339.0
66,HLA-A02:01,5714.26,ANZ78847,FLNGYYPTSGS,66,1340.0
641,HLA-A02:01,5716.04,ANZ78847,GIFVEVNATYY,641,1341.0
160,HLA-A02:01,5720.89,ANZ78847,GLLEVSVCQYN,160,1342.0
532,HLA-A02:01,5721.6,ANZ78847,NLCNPDPITFT,532,1343.0
28,HLA-A02:01,5723.83,ANZ78847,SLNNIDTGPPS,28,1344.0
1103,HLA-A02:01,5724.12,ANZ78847,QLSDSTLVKFS,1103,1345.0
1260,HLA-A02:01,5777.94,ANZ78847,ALDYINVTFLD,1260,1346.0
970,HLA-A02:01,5780.96,ANZ78847,TLAATSASLFP,970,1347.0
671,HLA-A02:01,5781.55,ANZ78847,YLTNRTFMIRS,671,1348.0
851,HLA-A02:01,5786.08,ANZ78847,AILTEVNELLD,851,1349.0
870,HLA-A02:01,5787.89,ANZ78847,SLMNGVTLSTK,870,1350.0
91,HLA-A02:01,5857.62,ANZ78847,TLWFKPPFLSD,91,1351.0
664,HLA-A02:01,5899.96,ANZ78847,NLYGFRDYLTN,664,1352.0
98,HLA-A02:03 ,964.03,ANZ78847,FLSDFINGIFA,98,1.0
917,HLA-A02:03 ,1203.01,ANZ78847,LLFDKVKLSDV,917,2.0
120,HLA-A02:03 ,1511.07,ANZ78847,VMYSEFPAITI,120,3.0
239,HLA-A02:03 ,2871.69,ANZ78847,FLFNVYLGMAL,239,4.0
4,HLA-A02:03 ,3257.45,ANZ78847,LLISLPTAFAV,4,5.0
311,HLA-A02:03 ,3315.07,ANZ78847,SIAPPTGVYEL,311,6.0
788,HLA-A02:03 ,3749.92,ANZ78847,SLEPVGGLYEI,788,7.0
657,HLA-A02:03 ,4087.03,ANZ78847,LLYDSNGNLYG,657,8.0
1075,HLA-A02:03 ,4274.02,ANZ78847,RLDALEAEAQI,1075,9.0
636,HLA-A02:03 ,4360.3,ANZ78847,GISGQGIFVEV,636,10.0
154,HLA-A02:03 ,4469.99,ANZ78847,GVNKLQGLLEV,154,11.0
1013,HLA-A02:03 ,4798.23,ANZ78847,KLIANAFNNAL,1013,12.0
105,HLA-A02:03 ,4862.98,ANZ78847,GIFAKVKNTKV,105,13.0
1,HLA-A02:03 ,4921.23,ANZ78847,FLILLISLPTA,1,14.0
54,HLA-A02:03 ,4953.96,ANZ78847,YVLDRVYLNTT,54,15.0
1022,HLA-A02:03 ,4955.13,ANZ78847,ALDAIQEGFDA,1022,16.0
1068,HLA-A02:03 ,5122.97,ANZ78847,SLQEILSRLDA,1068,17.0
439,HLA-A02:03 ,5139.21,ANZ78847,QLYYNLPAANV,439,18.0
794,HLA-A02:03 ,5206.04,ANZ78847,GLYEIQIPSDF,794,19.0
597,HLA-A02:03 ,5275.33,ANZ78847,NIFANLILHDV,597,20.0
49,HLA-A02:03 ,5279.67,ANZ78847,GLGTYYVLDRV,49,21.0
1036,HLA-A02:03 ,5299.88,ANZ78847,ALVKIQAVVNA,1036,22.0
1254,HLA-A02:03 ,5311.11,ANZ78847,SVAPDLALDYI,1254,23.0
477,HLA-A02:03 ,5365.98,ANZ78847,GVLTNHDVVYA,477,24.0
316,HLA-A02:03 ,5369.55,ANZ78847,TGVYELNGYTV,316,25.0
82,HLA-A02:03 ,5369.73,ANZ78847,ALKGTDKLSTL,82,26.0
1307,HLA-A02:03 ,5410.94,ANZ78847,YVWLLICLAGV,1307,27.0
978,HLA-A02:03 ,5412.35,ANZ78847,LFPPWTAAAGV,978,28.0
441,HLA-A02:03 ,5419.48,ANZ78847,YYNLPAANVSV,441,29.0
1159,HLA-A02:03 ,5420.03,ANZ78847,YVPTKYVTAKV,1159,30.0
1268,HLA-A02:03 ,5435.56,ANZ78847,FLDLQVEMNRL,1268,31.0
1228,HLA-A02:03 ,5435.77,ANZ78847,YVMLNTSIPNL,1228,32.0
858,HLA-A02:03 ,5440.37,ANZ78847,ELLDTTQLQVA,858,33.0
871,HLA-A02:03 ,5447.57,ANZ78847,LMNGVTLSTKL,871,34.0
1203,HLA-A02:03 ,5455.01,ANZ78847,YYPEPITENNV,1203,35.0
912,HLA-A02:03 ,5472.66,ANZ78847,SAIEDLLFDKV,912,36.0
285,HLA-A02:03 ,5473.3,ANZ78847,FNQDGIIFNAV,285,37.0
34,HLA-A02:03 ,5474.25,ANZ78847,TGPPSISTATV,34,38.0
406,HLA-A02:03 ,5481.94,ANZ78847,FAIPNGRKVDL,406,39.0
1298,HLA-A02:03 ,5484.94,ANZ78847,YEYYVKWPWYV,1298,40.0
51,HLA-A02:03 ,5487.69,ANZ78847,GTYYVLDRVYL,51,41.0
603,HLA-A02:03 ,5489.48,ANZ78847,ILHDVNSGLTC,603,42.0
1310,HLA-A02:03 ,5492.25,ANZ78847,LLICLAGVAML,1310,43.0
887,HLA-A02:03 ,5496.51,ANZ78847,FNVDDINFSSV,887,44.0
1078,HLA-A02:03 ,5498.31,ANZ78847,ALEAEAQIDRL,1078,45.0
235,HLA-A02:03 ,5498.82,ANZ78847,VVTKFLFNVYL,235,46.0
244,HLA-A02:03 ,5499.36,ANZ78847,YLGMALSHYYV,244,47.0
1292,HLA-A02:03 ,5499.77,ANZ78847,LKDIGTYEYYV,1292,48.0
1181,HLA-A02:03 ,5500.73,ANZ78847,IAPKSGYFVNV,1181,49.0
1245,HLA-A02:03 ,5500.8,ANZ78847,LDQWFKNQTSV,1245,50.0
110,HLA-A02:03 ,5501.92,ANZ78847,VKNTKVFKDGV,110,51.0
991,HLA-A02:03 ,5504.41,ANZ78847,YLNVQYRINGL,991,52.0
100,HLA-A02:03 ,5506.59,ANZ78847,SDFINGIFAKV,100,53.0
984,HLA-A02:03 ,5510.69,ANZ78847,AAAGVPFYLNV,984,54.0
618,HLA-A02:03 ,5511.9,ANZ78847,QKANTDIKLGV,618,55.0
45,HLA-A02:03 ,5512.05,ANZ78847,DVTNGLGTYYV,45,56.0
740,HLA-A02:03 ,5513.62,ANZ78847,AISVQTCDLTV,740,57.0
993,HLA-A02:03 ,5513.73,ANZ78847,NVQYRINGLGV,993,58.0
555,HLA-A02:03 ,5514.96,ANZ78847,GIGEHCSGLAV,555,59.0
1263,HLA-A02:03 ,5517.41,ANZ78847,YINVTFLDLQV,1263,60.0
634,HLA-A02:03 ,5517.46,ANZ78847,LYGISGQGIFV,634,61.0
1150,HLA-A02:03 ,5518.21,ANZ78847,YGLYFIHFSYV,1150,62.0
846,HLA-A02:03 ,5519.69,ANZ78847,CDNINAILTEV,846,63.0
700,HLA-A02:03 ,5520.4,ANZ78847,LLFRNIKCNYV,700,64.0
55,HLA-A02:03 ,5521.62,ANZ78847,VLDRVYLNTTL,55,65.0
812,HLA-A02:03 ,5523.15,ANZ78847,FIQTSSPKVTI,812,66.0
865,HLA-A02:03 ,5523.46,ANZ78847,LQVANSLMNGV,865,67.0
1004,HLA-A02:03 ,5524.91,ANZ78847,TMDVLSQNQKL,1004,68.0
1111,HLA-A02:03 ,5526.42,ANZ78847,KFSAAQAMEKV,1111,69.0
852,HLA-A02:03 ,5526.45,ANZ78847,ILTEVNELLDT,852,70.0
225,HLA-A02:03 ,5527.45,ANZ78847,TFYAYFTDTGV,225,71.0
946,HLA-A02:03 ,5527.5,ANZ78847,ICVQSYKGIKV,946,72.0
1274,HLA-A02:03 ,5528.67,ANZ78847,EMNRLQEAIKV,1274,73.0
977,HLA-A02:03 ,5529.88,ANZ78847,SLFPPWTAAAG,977,74.0
1083,HLA-A02:03 ,5530.96,ANZ78847,AQIDRLINGRL,1083,75.0
733,HLA-A02:03 ,5531.94,ANZ78847,VNAYNSTAISV,733,76.0
857,HLA-A02:03 ,5532.31,ANZ78847,NELLDTTQLQV,857,77.0
997,HLA-A02:03 ,5534.67,ANZ78847,RINGLGVTMDV,997,78.0
888,HLA-A02:03 ,5537.35,ANZ78847,NVDDINFSSVL,888,79.0
875,HLA-A02:03 ,5540.03,ANZ78847,VTLSTKLKDGV,875,80.0
772,HLA-A02:03 ,5541.99,ANZ78847,YRFTNFEPFTV,772,81.0
1311,HLA-A02:03 ,5542.11,ANZ78847,LICLAGVAMLV,1311,82.0
259,HLA-A02:03 ,5542.3,ANZ78847,CISRRNIGFTL,259,83.0
187,HLA-A02:03 ,5542.91,ANZ78847,FKELWHMDTGV,187,84.0
308,HLA-A02:03 ,5544.4,ANZ78847,KTQSIAPPTGV,308,85.0
131,HLA-A02:03 ,5544.5,ANZ78847,GSTFVNTSYSV,131,86.0
145,HLA-A02:03 ,5545.02,ANZ78847,PRTINSTQDGV,145,87.0
1293,HLA-A02:03 ,5546.41,ANZ78847,KDIGTYEYYVK,1293,88.0
810,HLA-A02:03 ,5547.54,ANZ78847,EEFIQTSSPKV,810,89.0
1219,HLA-A02:03 ,5547.89,ANZ78847,CAVNYTKAPYV,1219,90.0
1277,HLA-A02:03 ,5548.04,ANZ78847,RLQEAIKVLNQ,1277,91.0
1129,HLA-A02:03 ,5548.49,ANZ78847,SSRINFCGNGN,1129,92.0
47,HLA-A02:03 ,5550.05,ANZ78847,TNGLGTYYVLD,47,93.0
584,HLA-A02:03 ,5550.6,ANZ78847,GWSADSCLQGD,584,94.0
252,HLA-A02:03 ,5550.67,ANZ78847,YYVMPLTCISR,252,95.0
1157,HLA-A02:03 ,5550.83,ANZ78847,FSYVPTKYVTA,1157,96.0
1090,HLA-A02:03 ,5551.22,ANZ78847,NGRLTALNAYV,1090,97.0
226,HLA-A02:03 ,5551.52,ANZ78847,FYAYFTDTGVV,226,98.0
775,HLA-A02:03 ,5552.46,ANZ78847,TNFEPFTVNSV,775,99.0
923,HLA-A02:03 ,5552.73,ANZ78847,KLSDVGFVAAY,923,100.0
873,HLA-A02:03 ,5553.65,ANZ78847,NGVTLSTKLKD,873,101.0
556,HLA-A02:03 ,5554.03,ANZ78847,IGEHCSGLAVK,556,102.0
74,HLA-A02:03 ,5555.3,ANZ78847,SGSTYRNMALK,74,103.0
1100,HLA-A02:03 ,5555.64,ANZ78847,VSQQLSDSTLV,1100,104.0
1323,HLA-A02:03 ,5556.35,ANZ78847,LFFICCCTGCG,1323,105.0
468,HLA-A02:03 ,5556.46,ANZ78847,DSVFKPQPAGV,468,106.0
1158,HLA-A02:03 ,5557.64,ANZ78847,SYVPTKYVTAK,1158,107.0
1155,HLA-A02:03 ,5557.71,ANZ78847,IHFSYVPTKYV,1155,108.0
659,HLA-A02:03 ,5557.86,ANZ78847,YDSNGNLYGFR,659,109.0
724,HLA-A02:03 ,5558.61,ANZ78847,YFDSYLGCVVN,724,110.0
460,HLA-A02:03 ,5558.64,ANZ78847,NKRFGFIEDSV,460,111.0
175,HLA-A02:03 ,5559.19,ANZ78847,PHTICHPNLGN,175,112.0
1101,HLA-A02:03 ,5559.22,ANZ78847,SQQLSDSTLVK,1101,113.0
1331,HLA-A02:03 ,5560.15,ANZ78847,GCGTSCFKKCG,1331,114.0
620,HLA-A02:03 ,5560.57,ANZ78847,ANTDIKLGVCV,620,115.0
156,HLA-A02:03 ,5560.66,ANZ78847,NKLQGLLEVSV,156,116.0
1251,HLA-A02:03 ,5560.77,ANZ78847,NQTSVAPDLAL,1251,117.0
122,HLA-A02:03 ,5561.34,ANZ78847,YSEFPAITIGS,122,118.0
654,HLA-A02:03 ,5561.79,ANZ78847,WQNLLYDSNGN,654,119.0
238,HLA-A02:03 ,5561.96,ANZ78847,KFLFNVYLGMA,238,120.0
1256,HLA-A02:03 ,5562.11,ANZ78847,APDLALDYINV,1256,121.0
102,HLA-A02:03 ,5562.3,ANZ78847,FINGIFAKVKN,102,122.0
1305,HLA-A02:03 ,5563.28,ANZ78847,PWYVWLLICLA,1305,123.0
228,HLA-A02:03 ,5563.51,ANZ78847,AYFTDTGVVTK,228,124.0
1222,HLA-A02:03 ,5563.77,ANZ78847,NYTKAPYVMLN,1222,125.0
274,HLA-A02:03 ,5564.05,ANZ78847,TPLTSRQYLLA,274,126.0
670,HLA-A02:03 ,5564.24,ANZ78847,DYLTNRTFMIR,670,127.0
1099,HLA-A02:03 ,5564.25,ANZ78847,YVSQQLSDSTL,1099,128.0
322,HLA-A02:03 ,5564.32,ANZ78847,NGYTVQPIADV,322,129.0
194,HLA-A02:03 ,5564.47,ANZ78847,DTGVVSCLYKR,194,130.0
914,HLA-A02:03 ,5564.54,ANZ78847,IEDLLFDKVKL,914,131.0
587,HLA-A02:03 ,5564.72,ANZ78847,ADSCLQGDKCN,587,132.0
742,HLA-A02:03 ,5564.75,ANZ78847,SVQTCDLTVGS,742,133.0
79,HLA-A02:03 ,5564.79,ANZ78847,RNMALKGTDKL,79,134.0
563,HLA-A02:03 ,5564.85,ANZ78847,LAVKSDYCGGN,563,135.0
333,HLA-A02:03 ,5565.05,ANZ78847,YRRKPDLPNCN,333,136.0
1029,HLA-A02:03 ,5565.23,ANZ78847,GFDATNSALVK,1029,137.0
1107,HLA-A02:03 ,5565.51,ANZ78847,STLVKFSAAQA,1107,138.0
263,HLA-A02:03 ,5565.8,ANZ78847,RNIGFTLEYWV,263,139.0
722,HLA-A02:03 ,5565.9,ANZ78847,INYFDSYLGCV,722,140.0
1204,HLA-A02:03 ,5566.08,ANZ78847,YPEPITENNVV,1204,141.0
976,HLA-A02:03 ,5566.59,ANZ78847,ASLFPPWTAAA,976,142.0
746,HLA-A02:03 ,5566.77,ANZ78847,CDLTVGSGYCV,746,143.0
184,HLA-A02:03 ,5566.86,ANZ78847,GNHFKELWHMD,184,144.0
329,HLA-A02:03 ,5566.91,ANZ78847,IADVYRRKPDL,329,145.0
193,HLA-A02:03 ,5566.94,ANZ78847,MDTGVVSCLYK,193,146.0
201,HLA-A02:03 ,5567.23,ANZ78847,LYKRNFTYDVN,201,147.0
1153,HLA-A02:03 ,5567.23,ANZ78847,YFIHFSYVPTK,1153,147.0
609,HLA-A02:03 ,5567.38,ANZ78847,SGLTCSTDLQK,609,149.0
499,HLA-A02:03 ,5568.02,ANZ78847,PCKSNSSLCVG,499,150.0
410,HLA-A02:03 ,5568.1,ANZ78847,NGRKVDLQLGN,410,151.0
321,HLA-A02:03 ,5568.3,ANZ78847,LNGYTVQPIAD,321,152.0
872,HLA-A02:03 ,5568.36,ANZ78847,MNGVTLSTKLK,872,153.0
1096,HLA-A02:03 ,5568.37,ANZ78847,LNAYVSQQLSD,1096,154.0
1179,HLA-A02:03 ,5568.47,ANZ78847,RGIAPKSGYFV,1179,155.0
486,HLA-A02:03 ,5568.5,ANZ78847,YAQHCFKAPKN,486,156.0
1032,HLA-A02:03 ,5568.74,ANZ78847,ATNSALVKIQA,1032,157.0
500,HLA-A02:03 ,5568.8,ANZ78847,CKSNSSLCVGS,500,158.0
1168,HLA-A02:03 ,5568.88,ANZ78847,KVSPGLCIAGD,1168,159.0
777,HLA-A02:03 ,5568.9,ANZ78847,FEPFTVNSVND,777,160.0
821,HLA-A02:03 ,5569.17,ANZ78847,TIDCAAFVCGD,821,161.0
1197,HLA-A02:03 ,5569.36,ANZ78847,YTGSGYYYPEP,1197,162.0
709,HLA-A02:03 ,5569.56,ANZ78847,YVFNNSLTRQL,709,163.0
525,HLA-A02:03 ,5569.65,ANZ78847,TNYLTCHNLCN,525,164.0
930,HLA-A02:03 ,5569.66,ANZ78847,VAAYNNCTGGA,930,165.0
36,HLA-A02:03 ,5569.67,ANZ78847,PPSISTATVDV,36,166.0
1332,HLA-A02:03 ,5569.9,ANZ78847,CGTSCFKKCGG,1332,167.0
826,HLA-A02:03 ,5569.91,ANZ78847,AFVCGDYAACK,826,168.0
77,HLA-A02:03 ,5570.22,ANZ78847,TYRNMALKGTD,77,169.0
910,HLA-A02:03 ,5570.26,ANZ78847,SRSAIEDLLFD,910,170.0
358,HLA-A02:03 ,5570.79,ANZ78847,NWERKTFSNCN,358,171.0
1082,HLA-A02:03 ,5570.86,ANZ78847,EAQIDRLINGR,1082,172.0
945,HLA-A02:03 ,5570.89,ANZ78847,LICVQSYKGIK,945,173.0
498,HLA-A02:03 ,5570.93,ANZ78847,CPCKSNSSLCV,498,174.0
938,HLA-A02:03 ,5570.95,ANZ78847,GGAEIRDLICV,938,175.0
202,HLA-A02:03 ,5570.96,ANZ78847,YKRNFTYDVNA,202,176.0
676,HLA-A02:03 ,5570.96,ANZ78847,TFMIRSCYSGR,676,176.0
678,HLA-A02:03 ,5570.99,ANZ78847,MIRSCYSGRVS,678,178.0
665,HLA-A02:03 ,5571.0,ANZ78847,LYGFRDYLTNR,665,179.0
650,HLA-A02:03 ,5571.03,ANZ78847,YYNSWQNLLYD,650,180.0
632,HLA-A02:03 ,5571.05,ANZ78847,YDLYGISGQGI,632,181.0
741,HLA-A02:03 ,5571.14,ANZ78847,ISVQTCDLTVG,741,182.0
493,HLA-A02:03 ,5571.3,ANZ78847,APKNFCPCKSN,493,183.0
616,HLA-A02:03 ,5571.41,ANZ78847,DLQKANTDIKL,616,184.0
558,HLA-A02:03 ,5571.42,ANZ78847,EHCSGLAVKSD,558,185.0
1001,HLA-A02:03 ,5571.47,ANZ78847,LGVTMDVLSQN,1001,186.0
151,HLA-A02:03 ,5571.52,ANZ78847,TQDGVNKLQGL,151,187.0
918,HLA-A02:03 ,5571.6,ANZ78847,LFDKVKLSDVG,918,188.0
544,HLA-A02:03 ,5571.68,ANZ78847,PYKCPQSKSLV,544,189.0
296,HLA-A02:03 ,5571.69,ANZ78847,DCMSDFMSEIK,296,190.0
751,HLA-A02:03 ,5571.7,ANZ78847,GSGYCVDYSKN,751,191.0
272,HLA-A02:03 ,5572.0,ANZ78847,WVTPLTSRQYL,272,192.0
879,HLA-A02:03 ,5572.07,ANZ78847,TKLKDGVNFNV,879,193.0
1088,HLA-A02:03 ,5572.16,ANZ78847,LINGRLTALNA,1088,194.0
1335,HLA-A02:03 ,5572.2,ANZ78847,SCFKKCGGCCD,1335,195.0
1135,HLA-A02:03 ,5572.21,ANZ78847,CGNGNHIISLV,1135,196.0
1261,HLA-A02:03 ,5572.65,ANZ78847,LDYINVTFLDL,1261,197.0
233,HLA-A02:03 ,5572.69,ANZ78847,TGVVTKFLFNV,233,198.0
610,HLA-A02:03 ,5572.69,ANZ78847,GLTCSTDLQKA,610,198.0
1246,HLA-A02:03 ,5572.78,ANZ78847,DQWFKNQTSVA,1246,200.0
1116,HLA-A02:03 ,5572.88,ANZ78847,QAMEKVNECVK,1116,201.0
32,HLA-A02:03 ,5573.06,ANZ78847,IDTGPPSISTA,32,202.0
1259,HLA-A02:03 ,5573.29,ANZ78847,LALDYINVTFL,1259,203.0
508,HLA-A02:03 ,5573.52,ANZ78847,VGSGPGKNNGI,508,204.0
933,HLA-A02:03 ,5573.55,ANZ78847,YNNCTGGAEIR,933,205.0
78,HLA-A02:03 ,5573.67,ANZ78847,YRNMALKGTDK,78,206.0
932,HLA-A02:03 ,5573.69,ANZ78847,AYNNCTGGAEI,932,207.0
1134,HLA-A02:03 ,5573.84,ANZ78847,FCGNGNHIISL,1134,208.0
1236,HLA-A02:03 ,5573.95,ANZ78847,PNLPDFREELD,1236,209.0
613,HLA-A02:03 ,5574.03,ANZ78847,CSTDLQKANTD,613,210.0
1271,HLA-A02:03 ,5574.18,ANZ78847,LQVEMNRLQEA,1271,211.0
125,HLA-A02:03 ,5574.22,ANZ78847,FPAITIGSTFV,125,212.0
382,HLA-A02:03 ,5574.45,ANZ78847,SFTCNNIDAAK,382,213.0
343,HLA-A02:03 ,5574.5,ANZ78847,NIEAWLNDKSV,343,214.0
581,HLA-A02:03 ,5574.68,ANZ78847,AFLGWSADSCL,581,215.0
1344,HLA-A02:03 ,5574.71,ANZ78847,CDDYTGYQELV,1344,216.0
403,HLA-A02:03 ,5574.72,ANZ78847,IDKFAIPNGRK,403,217.0
561,HLA-A02:03 ,5574.72,ANZ78847,SGLAVKSDYCG,561,217.0
429,HLA-A02:03 ,5574.84,ANZ78847,YRIDTTATSCQ,429,219.0
893,HLA-A02:03 ,5574.88,ANZ78847,NFSSVLGCLGS,893,220.0
278,HLA-A02:03 ,5574.97,ANZ78847,SRQYLLAFNQD,278,221.0
1163,HLA-A02:03 ,5575.0,ANZ78847,KYVTAKVSPGL,1163,222.0
491,HLA-A02:03 ,5575.23,ANZ78847,FKAPKNFCPCK,491,223.0
348,HLA-A02:03 ,5575.28,ANZ78847,LNDKSVPSPLN,348,224.0
763,HLA-A02:03 ,5575.29,ANZ78847,RSRRAITTGYR,763,225.0
611,HLA-A02:03 ,5575.44,ANZ78847,LTCSTDLQKAN,611,226.0
1033,HLA-A02:03 ,5575.57,ANZ78847,TNSALVKIQAV,1033,227.0
816,HLA-A02:03 ,5575.62,ANZ78847,SSPKVTIDCAA,816,228.0
280,HLA-A02:03 ,5575.7,ANZ78847,QYLLAFNQDGI,280,229.0
1321,HLA-A02:03 ,5575.7,ANZ78847,VLLFFICCCTG,1321,229.0
1037,HLA-A02:03 ,5575.85,ANZ78847,LVKIQAVVNAN,1037,231.0
502,HLA-A02:03 ,5575.97,ANZ78847,SNSSLCVGSGP,502,232.0
606,HLA-A02:03 ,5576.02,ANZ78847,DVNSGLTCSTD,606,233.0
1054,HLA-A02:03 ,5576.03,ANZ78847,LLQQLSNRFGA,1054,234.0
1030,HLA-A02:03 ,5576.11,ANZ78847,FDATNSALVKI,1030,235.0
578,HLA-A02:03 ,5576.16,ANZ78847,QPQAFLGWSAD,578,236.0
516,HLA-A02:03 ,5576.19,ANZ78847,NGIGTCPAGTN,516,237.0
1137,HLA-A02:03 ,5576.43,ANZ78847,NGNHIISLVQN,1137,238.0
108,HLA-A02:03 ,5576.66,ANZ78847,AKVKNTKVFKD,108,239.0
646,HLA-A02:03 ,5576.67,ANZ78847,VNATYYNSWQN,646,240.0
996,HLA-A02:03 ,5576.67,ANZ78847,YRINGLGVTMD,996,240.0
1121,HLA-A02:03 ,5576.73,ANZ78847,VNECVKSQSSR,1121,242.0
541,HLA-A02:03 ,5576.84,ANZ78847,FTGPYKCPQSK,541,243.0
1051,HLA-A02:03 ,5576.93,ANZ78847,LNNLLQQLSNR,1051,244.0
1329,HLA-A02:03 ,5576.95,ANZ78847,CTGCGTSCFKK,1329,245.0
1182,HLA-A02:03 ,5576.96,ANZ78847,APKSGYFVNVN,1182,246.0
303,HLA-A02:03 ,5576.97,ANZ78847,SEIKCKTQSIA,303,247.0
921,HLA-A02:03 ,5577.25,ANZ78847,KVKLSDVGFVA,921,248.0
684,HLA-A02:03 ,5577.26,ANZ78847,SGRVSAAFHAN,684,249.0
222,HLA-A02:03 ,5577.29,ANZ78847,EGGTFYAYFTD,222,250.0
1034,HLA-A02:03 ,5577.55,ANZ78847,NSALVKIQAVV,1034,251.0
1040,HLA-A02:03 ,5577.61,ANZ78847,IQAVVNANAEA,1040,252.0
17,HLA-A02:03 ,5577.66,ANZ78847,DLKCPLDSRTG,17,253.0
339,HLA-A02:03 ,5577.66,ANZ78847,LPNCNIEAWLN,339,253.0
394,HLA-A02:03 ,5577.66,ANZ78847,YGMCFSSITID,394,253.0
318,HLA-A02:03 ,5578.23,ANZ78847,VYELNGYTVQP,318,256.0
240,HLA-A02:03 ,5578.33,ANZ78847,LFNVYLGMALS,240,257.0
1273,HLA-A02:03 ,5578.37,ANZ78847,VEMNRLQEAIK,1273,258.0
554,HLA-A02:03 ,5578.42,ANZ78847,VGIGEHCSGLA,554,259.0
20,HLA-A02:03 ,5578.43,ANZ78847,CPLDSRTGSLN,20,260.0
404,HLA-A02:03 ,5578.43,ANZ78847,DKFAIPNGRKV,404,260.0
892,HLA-A02:03 ,5578.54,ANZ78847,INFSSVLGCLG,892,262.0
867,HLA-A02:03 ,5578.55,ANZ78847,VANSLMNGVTL,867,263.0
707,HLA-A02:03 ,5578.57,ANZ78847,CNYVFNNSLTR,707,264.0
743,HLA-A02:03 ,5578.58,ANZ78847,VQTCDLTVGSG,743,265.0
1115,HLA-A02:03 ,5578.66,ANZ78847,AQAMEKVNECV,1115,266.0
962,HLA-A02:03 ,5578.91,ANZ78847,SENQISGYTLA,962,267.0
1162,HLA-A02:03 ,5578.97,ANZ78847,TKYVTAKVSPG,1162,268.0
504,HLA-A02:03 ,5579.05,ANZ78847,SSLCVGSGPGK,504,269.0
679,HLA-A02:03 ,5579.06,ANZ78847,IRSCYSGRVSA,679,270.0
585,HLA-A02:03 ,5579.1,ANZ78847,WSADSCLQGDK,585,271.0
631,HLA-A02:03 ,5579.1,ANZ78847,NYDLYGISGQG,631,271.0
52,HLA-A02:03 ,5579.11,ANZ78847,TYYVLDRVYLN,52,273.0
929,HLA-A02:03 ,5579.13,ANZ78847,FVAAYNNCTGG,929,274.0
1210,HLA-A02:03 ,5579.21,ANZ78847,ENNVVVMSTCA,1210,275.0
827,HLA-A02:03 ,5579.26,ANZ78847,FVCGDYAACKS,827,276.0
830,HLA-A02:03 ,5579.48,ANZ78847,GDYAACKSQLV,830,277.0
18,HLA-A02:03 ,5579.5,ANZ78847,LKCPLDSRTGS,18,278.0
906,HLA-A02:03 ,5579.66,ANZ78847,SKASSRSAIED,906,279.0
546,HLA-A02:03 ,5579.75,ANZ78847,KCPQSKSLVGI,546,280.0
379,HLA-A02:03 ,5579.8,ANZ78847,QADSFTCNNID,379,281.0
1110,HLA-A02:03 ,5579.86,ANZ78847,VKFSAAQAMEK,1110,282.0
737,HLA-A02:03 ,5579.99,ANZ78847,NSTAISVQTCD,737,283.0
702,HLA-A02:03 ,5580.09,ANZ78847,FRNIKCNYVFN,702,284.0
15,HLA-A02:03 ,5580.17,ANZ78847,IGDLKCPLDSR,15,285.0
725,HLA-A02:03 ,5580.2,ANZ78847,FDSYLGCVVNA,725,286.0
652,HLA-A02:03 ,5580.27,ANZ78847,NSWQNLLYDSN,652,287.0
925,HLA-A02:03 ,5580.29,ANZ78847,SDVGFVAAYNN,925,288.0
395,HLA-A02:03 ,5580.42,ANZ78847,GMCFSSITIDK,395,289.0
583,HLA-A02:03 ,5580.46,ANZ78847,LGWSADSCLQG,583,290.0
1201,HLA-A02:03 ,5580.6,ANZ78847,GYYYPEPITEN,1201,291.0
473,HLA-A02:03 ,5580.71,ANZ78847,PQPAGVLTNHD,473,292.0
750,HLA-A02:03 ,5580.75,ANZ78847,VGSGYCVDYSK,750,293.0
990,HLA-A02:03 ,5580.88,ANZ78847,FYLNVQYRING,990,294.0
21,HLA-A02:03 ,5580.93,ANZ78847,PLDSRTGSLNN,21,295.0
75,HLA-A02:03 ,5581.0,ANZ78847,GSTYRNMALKG,75,296.0
698,HLA-A02:03 ,5581.13,ANZ78847,PALLFRNIKCN,698,297.0
101,HLA-A02:03 ,5581.14,ANZ78847,DFINGIFAKVK,101,298.0
1325,HLA-A02:03 ,5581.14,ANZ78847,FICCCTGCGTS,1325,298.0
1085,HLA-A02:03 ,5581.18,ANZ78847,IDRLINGRLTA,1085,300.0
340,HLA-A02:03 ,5581.23,ANZ78847,PNCNIEAWLND,340,301.0
1216,HLA-A02:03 ,5581.27,ANZ78847,MSTCAVNYTKA,1216,302.0
116,HLA-A02:03 ,5581.29,ANZ78847,FKDGVMYSEFP,116,303.0
968,HLA-A02:03 ,5581.32,ANZ78847,GYTLAATSASL,968,304.0
376,HLA-A02:03 ,5581.36,ANZ78847,SFIQADSFTCN,376,305.0
557,HLA-A02:03 ,5581.59,ANZ78847,GEHCSGLAVKS,557,306.0
1026,HLA-A02:03 ,5581.62,ANZ78847,IQEGFDATNSA,1026,307.0
542,HLA-A02:03 ,5581.68,ANZ78847,TGPYKCPQSKS,542,308.0
689,HLA-A02:03 ,5581.71,ANZ78847,AAFHANSSEPA,689,309.0
753,HLA-A02:03 ,5581.71,ANZ78847,GYCVDYSKNRR,753,309.0
982,HLA-A02:03 ,5581.74,ANZ78847,WTAAAGVPFYL,982,311.0
898,HLA-A02:03 ,5581.83,ANZ78847,LGCLGSECSKA,898,312.0
720,HLA-A02:03 ,5581.91,ANZ78847,QPINYFDSYLG,720,313.0
40,HLA-A02:03 ,5581.96,ANZ78847,STATVDVTNGL,40,314.0
913,HLA-A02:03 ,5582.01,ANZ78847,AIEDLLFDKVK,913,315.0
482,HLA-A02:03 ,5582.07,ANZ78847,HDVVYAQHCFK,482,316.0
755,HLA-A02:03 ,5582.07,ANZ78847,CVDYSKNRRSR,755,316.0
1105,HLA-A02:03 ,5582.07,ANZ78847,SDSTLVKFSAA,1105,316.0
881,HLA-A02:03 ,5582.32,ANZ78847,LKDGVNFNVDD,881,319.0
951,HLA-A02:03 ,5582.34,ANZ78847,YKGIKVLPPLL,951,320.0
1024,HLA-A02:03 ,5582.35,ANZ78847,DAIQEGFDATN,1024,321.0
1183,HLA-A02:03 ,5582.36,ANZ78847,PKSGYFVNVNN,1183,322.0
146,HLA-A02:03 ,5582.41,ANZ78847,RTINSTQDGVN,146,323.0
144,HLA-A02:03 ,5582.47,ANZ78847,QPRTINSTQDG,144,324.0
966,HLA-A02:03 ,5582.5,ANZ78847,ISGYTLAATSA,966,325.0
1123,HLA-A02:03 ,5582.6,ANZ78847,ECVKSQSSRIN,1123,326.0
13,HLA-A02:03 ,5582.61,ANZ78847,AVIGDLKCPLD,13,327.0
370,HLA-A02:03 ,5582.61,ANZ78847,NMSSLMSFIQA,370,327.0
143,HLA-A02:03 ,5582.65,ANZ78847,VQPRTINSTQD,143,329.0
133,HLA-A02:03 ,5582.68,ANZ78847,TFVNTSYSVVV,133,330.0
200,HLA-A02:03 ,5582.72,ANZ78847,CLYKRNFTYDV,200,331.0
840,HLA-A02:03 ,5582.73,ANZ78847,VEYGSFCDNIN,840,332.0
522,HLA-A02:03 ,5582.74,ANZ78847,PAGTNYLTCHN,522,333.0
649,HLA-A02:03 ,5582.74,ANZ78847,TYYNSWQNLLY,649,333.0
1308,HLA-A02:03 ,5582.77,ANZ78847,VWLLICLAGVA,1308,335.0
1252,HLA-A02:03 ,5582.78,ANZ78847,QTSVAPDLALD,1252,336.0
833,HLA-A02:03 ,5582.81,ANZ78847,AACKSQLVEYG,833,337.0
121,HLA-A02:03 ,5582.82,ANZ78847,MYSEFPAITIG,121,338.0
1018,HLA-A02:03 ,5582.82,ANZ78847,AFNNALDAIQE,1018,338.0
509,HLA-A02:03 ,5582.83,ANZ78847,GSGPGKNNGIG,509,340.0
690,HLA-A02:03 ,5582.84,ANZ78847,AFHANSSEPAL,690,341.0
1069,HLA-A02:03 ,5582.86,ANZ78847,LQEILSRLDAL,1069,342.0
571,HLA-A02:03 ,5582.91,ANZ78847,GGNPCTCQPQA,571,343.0
134,HLA-A02:03 ,5582.92,ANZ78847,FVNTSYSVVVQ,134,344.0
534,HLA-A02:03 ,5582.93,ANZ78847,CNPDPITFTGP,534,345.0
568,HLA-A02:03 ,5582.94,ANZ78847,DYCGGNPCTCQ,568,346.0
39,HLA-A02:03 ,5583.0,ANZ78847,ISTATVDVTNG,39,347.0
483,HLA-A02:03 ,5583.0,ANZ78847,DVVYAQHCFKA,483,347.0
1328,HLA-A02:03 ,5583.12,ANZ78847,CCTGCGTSCFK,1328,349.0
1028,HLA-A02:03 ,5583.19,ANZ78847,EGFDATNSALV,1028,350.0
503,HLA-A02:03 ,5583.23,ANZ78847,NSSLCVGSGPG,503,351.0
901,HLA-A02:03 ,5583.23,ANZ78847,LGSECSKASSR,901,351.0
683,HLA-A02:03 ,5583.25,ANZ78847,YSGRVSAAFHA,683,353.0
506,HLA-A02:03 ,5583.28,ANZ78847,LCVGSGPGKNN,506,354.0
1169,HLA-A02:03 ,5583.37,ANZ78847,VSPGLCIAGDR,1169,355.0
174,HLA-A02:03 ,5583.42,ANZ78847,YPHTICHPNLG,174,356.0
1126,HLA-A02:03 ,5583.47,ANZ78847,KSQSSRINFCG,1126,357.0
738,HLA-A02:03 ,5583.54,ANZ78847,STAISVQTCDL,738,358.0
928,HLA-A02:03 ,5583.54,ANZ78847,GFVAAYNNCTG,928,358.0
1212,HLA-A02:03 ,5583.61,ANZ78847,NVVVMSTCAVN,1212,360.0
132,HLA-A02:03 ,5583.69,ANZ78847,STFVNTSYSVV,132,361.0
1067,HLA-A02:03 ,5583.75,ANZ78847,SSLQEILSRLD,1067,362.0
495,HLA-A02:03 ,5583.87,ANZ78847,KNFCPCKSNSS,495,363.0
1008,HLA-A02:03 ,5583.9,ANZ78847,LSQNQKLIANA,1008,364.0
1339,HLA-A02:03 ,5583.95,ANZ78847,KCGGCCDDYTG,1339,365.0
900,HLA-A02:03 ,5583.99,ANZ78847,CLGSECSKASS,900,366.0
1171,HLA-A02:03 ,5583.99,ANZ78847,PGLCIAGDRGI,1171,366.0
70,HLA-A02:03 ,5584.0,ANZ78847,YYPTSGSTYRN,70,368.0
1205,HLA-A02:03 ,5584.05,ANZ78847,PEPITENNVVV,1205,369.0
903,HLA-A02:03 ,5584.11,ANZ78847,SECSKASSRSA,903,370.0
896,HLA-A02:03 ,5584.3,ANZ78847,SVLGCLGSECS,896,371.0
604,HLA-A02:03 ,5584.38,ANZ78847,LHDVNSGLTCS,604,372.0
41,HLA-A02:03 ,5584.56,ANZ78847,TATVDVTNGLG,41,373.0
1202,HLA-A02:03 ,5584.57,ANZ78847,YYYPEPITENN,1202,374.0
575,HLA-A02:03 ,5584.64,ANZ78847,CTCQPQAFLGW,575,375.0
975,HLA-A02:03 ,5584.66,ANZ78847,SASLFPPWTAA,975,376.0
723,HLA-A02:03 ,5584.79,ANZ78847,NYFDSYLGCVV,723,377.0
783,HLA-A02:03 ,5584.81,ANZ78847,NSVNDSLEPVG,783,378.0
680,HLA-A02:03 ,5584.94,ANZ78847,RSCYSGRVSAA,680,379.0
1346,HLA-A02:03 ,5584.95,ANZ78847,DYTGYQELVIK,1346,380.0
727,HLA-A02:03 ,5584.99,ANZ78847,SYLGCVVNAYN,727,381.0
474,HLA-A02:03 ,5585.14,ANZ78847,QPAGVLTNHDV,474,382.0
269,HLA-A02:03 ,5585.27,ANZ78847,LEYWVTPLTSR,269,383.0
514,HLA-A02:03 ,5585.27,ANZ78847,KNNGIGTCPAG,514,383.0
364,HLA-A02:03 ,5585.31,ANZ78847,FSNCNFNMSSL,364,385.0
744,HLA-A02:03 ,5585.32,ANZ78847,QTCDLTVGSGY,744,386.0
1342,HLA-A02:03 ,5585.33,ANZ78847,GCCDDYTGYQE,1342,387.0
449,HLA-A02:03 ,5585.4,ANZ78847,VSVSRFNPSTW,449,388.0
627,HLA-A02:03 ,5585.4,ANZ78847,GVCVNYDLYGI,627,388.0
163,HLA-A02:03 ,5585.52,ANZ78847,EVSVCQYNMCE,163,390.0
1128,HLA-A02:03 ,5585.56,ANZ78847,QSSRINFCGNG,1128,391.0
863,HLA-A02:03 ,5585.62,ANZ78847,TQLQVANSLMN,863,392.0
438,HLA-A02:03 ,5585.65,ANZ78847,CQLYYNLPAAN,438,393.0
1250,HLA-A02:03 ,5585.68,ANZ78847,KNQTSVAPDLA,1250,394.0
897,HLA-A02:03 ,5585.72,ANZ78847,VLGCLGSECSK,897,395.0
1117,HLA-A02:03 ,5585.72,ANZ78847,AMEKVNECVKS,1117,395.0
178,HLA-A02:03 ,5585.76,ANZ78847,ICHPNLGNHFK,178,397.0
1015,HLA-A02:03 ,5585.76,ANZ78847,IANAFNNALDA,1015,397.0
1288,HLA-A02:03 ,5585.79,ANZ78847,SYINLKDIGTY,1288,399.0
608,HLA-A02:03 ,5585.82,ANZ78847,NSGLTCSTDLQ,608,400.0
452,HLA-A02:03 ,5585.92,ANZ78847,SRFNPSTWNKR,452,401.0
899,HLA-A02:03 ,5585.94,ANZ78847,GCLGSECSKAS,899,402.0
630,HLA-A02:03 ,5585.99,ANZ78847,VNYDLYGISGQ,630,403.0
1019,HLA-A02:03 ,5586.01,ANZ78847,FNNALDAIQEG,1019,404.0
598,HLA-A02:03 ,5586.03,ANZ78847,IFANLILHDVN,598,405.0
1119,HLA-A02:03 ,5586.03,ANZ78847,EKVNECVKSQS,1119,405.0
195,HLA-A02:03 ,5586.04,ANZ78847,TGVVSCLYKRN,195,407.0
1170,HLA-A02:03 ,5586.05,ANZ78847,SPGLCIAGDRG,1170,408.0
1166,HLA-A02:03 ,5586.09,ANZ78847,TAKVSPGLCIA,1166,409.0
815,HLA-A02:03 ,5586.18,ANZ78847,TSSPKVTIDCA,815,410.0
954,HLA-A02:03 ,5586.25,ANZ78847,IKVLPPLLSEN,954,411.0
371,HLA-A02:03 ,5586.29,ANZ78847,MSSLMSFIQAD,371,412.0
940,HLA-A02:03 ,5586.29,ANZ78847,AEIRDLICVQS,940,412.0
35,HLA-A02:03 ,5586.3,ANZ78847,GPPSISTATVD,35,414.0
366,HLA-A02:03 ,5586.34,ANZ78847,NCNFNMSSLMS,366,415.0
341,HLA-A02:03 ,5586.42,ANZ78847,NCNIEAWLNDK,341,416.0
1127,HLA-A02:03 ,5586.46,ANZ78847,SQSSRINFCGN,1127,417.0
430,HLA-A02:03 ,5586.47,ANZ78847,RIDTTATSCQL,430,418.0
730,HLA-A02:03 ,5586.55,ANZ78847,GCVVNAYNSTA,730,419.0
943,HLA-A02:03 ,5586.56,ANZ78847,RDLICVQSYKG,943,420.0
600,HLA-A02:03 ,5586.57,ANZ78847,ANLILHDVNSG,600,421.0
148,HLA-A02:03 ,5586.58,ANZ78847,INSTQDGVNKL,148,422.0
540,HLA-A02:03 ,5586.64,ANZ78847,TFTGPYKCPQS,540,423.0
409,HLA-A02:03 ,5586.68,ANZ78847,PNGRKVDLQLG,409,424.0
548,HLA-A02:03 ,5586.68,ANZ78847,PQSKSLVGIGE,548,424.0
547,HLA-A02:03 ,5586.7,ANZ78847,CPQSKSLVGIG,547,426.0
891,HLA-A02:03 ,5586.72,ANZ78847,DINFSSVLGCL,891,427.0
46,HLA-A02:03 ,5586.73,ANZ78847,VTNGLGTYYVL,46,428.0
96,HLA-A02:03 ,5586.74,ANZ78847,PPFLSDFINGI,96,429.0
501,HLA-A02:03 ,5586.82,ANZ78847,KSNSSLCVGSG,501,430.0
492,HLA-A02:03 ,5586.94,ANZ78847,KAPKNFCPCKS,492,431.0
136,HLA-A02:03 ,5586.98,ANZ78847,NTSYSVVVQPR,136,432.0
855,HLA-A02:03 ,5587.1,ANZ78847,EVNELLDTTQL,855,433.0
1160,HLA-A02:03 ,5587.12,ANZ78847,VPTKYVTAKVS,1160,434.0
437,HLA-A02:03 ,5587.16,ANZ78847,SCQLYYNLPAA,437,435.0
505,HLA-A02:03 ,5587.31,ANZ78847,SLCVGSGPGKN,505,436.0
553,HLA-A02:03 ,5587.32,ANZ78847,LVGIGEHCSGL,553,437.0
688,HLA-A02:03 ,5587.42,ANZ78847,SAAFHANSSEP,688,438.0
756,HLA-A02:03 ,5587.42,ANZ78847,VDYSKNRRSRR,756,438.0
782,HLA-A02:03 ,5587.54,ANZ78847,VNSVNDSLEPV,782,440.0
479,HLA-A02:03 ,5587.55,ANZ78847,LTNHDVVYAQH,479,441.0
284,HLA-A02:03 ,5587.57,ANZ78847,AFNQDGIIFNA,284,442.0
776,HLA-A02:03 ,5587.59,ANZ78847,NFEPFTVNSVN,776,443.0
847,HLA-A02:03 ,5587.74,ANZ78847,DNINAILTEVN,847,444.0
1086,HLA-A02:03 ,5587.79,ANZ78847,DRLINGRLTAL,1086,445.0
1066,HLA-A02:03 ,5587.8,ANZ78847,SSSLQEILSRL,1066,446.0
1238,HLA-A02:03 ,5587.8,ANZ78847,LPDFREELDQW,1238,446.0
761,HLA-A02:03 ,5587.82,ANZ78847,NRRSRRAITTG,761,448.0
574,HLA-A02:03 ,5587.85,ANZ78847,PCTCQPQAFLG,574,449.0
11,HLA-A02:03 ,5587.87,ANZ78847,AFAVIGDLKCP,11,450.0
653,HLA-A02:03 ,5587.91,ANZ78847,SWQNLLYDSNG,653,451.0
637,HLA-A02:03 ,5587.98,ANZ78847,ISGQGIFVEVN,637,452.0
494,HLA-A02:03 ,5588.05,ANZ78847,PKNFCPCKSNS,494,453.0
1267,HLA-A02:03 ,5588.15,ANZ78847,TFLDLQVEMNR,1267,454.0
732,HLA-A02:03 ,5588.16,ANZ78847,VVNAYNSTAIS,732,455.0
383,HLA-A02:03 ,5588.22,ANZ78847,FTCNNIDAAKI,383,456.0
834,HLA-A02:03 ,5588.28,ANZ78847,ACKSQLVEYGS,834,457.0
883,HLA-A02:03 ,5588.29,ANZ78847,DGVNFNVDDIN,883,458.0
621,HLA-A02:03 ,5588.3,ANZ78847,NTDIKLGVCVN,621,459.0
675,HLA-A02:03 ,5588.3,ANZ78847,RTFMIRSCYSG,675,459.0
1191,HLA-A02:03 ,5588.3,ANZ78847,VNNTWMYTGSG,1191,459.0
331,HLA-A02:03 ,5588.35,ANZ78847,DVYRRKPDLPN,331,462.0
890,HLA-A02:03 ,5588.35,ANZ78847,DDINFSSVLGC,890,462.0
425,HLA-A02:03 ,5588.38,ANZ78847,QSFNYRIDTTA,425,464.0
1093,HLA-A02:03 ,5588.4,ANZ78847,LTALNAYVSQQ,1093,465.0
72,HLA-A02:03 ,5588.43,ANZ78847,PTSGSTYRNMA,72,466.0
466,HLA-A02:03 ,5588.43,ANZ78847,IEDSVFKPQPA,466,466.0
721,HLA-A02:03 ,5588.43,ANZ78847,PINYFDSYLGC,721,466.0
861,HLA-A02:03 ,5588.47,ANZ78847,DTTQLQVANSL,861,469.0
1021,HLA-A02:03 ,5588.48,ANZ78847,NALDAIQEGFD,1021,470.0
963,HLA-A02:03 ,5588.49,ANZ78847,ENQISGYTLAA,963,471.0
106,HLA-A02:03 ,5588.51,ANZ78847,IFAKVKNTKVF,106,472.0
507,HLA-A02:03 ,5588.57,ANZ78847,CVGSGPGKNNG,507,473.0
1043,HLA-A02:03 ,5588.64,ANZ78847,VVNANAEALNN,1043,474.0
999,HLA-A02:03 ,5588.71,ANZ78847,NGLGVTMDVLS,999,475.0
922,HLA-A02:03 ,5588.77,ANZ78847,VKLSDVGFVAA,922,476.0
342,HLA-A02:03 ,5588.78,ANZ78847,CNIEAWLNDKS,342,477.0
660,HLA-A02:03 ,5588.8,ANZ78847,DSNGNLYGFRD,660,478.0
961,HLA-A02:03 ,5588.9,ANZ78847,LSENQISGYTL,961,479.0
545,HLA-A02:03 ,5588.99,ANZ78847,YKCPQSKSLVG,545,480.0
1241,HLA-A02:03 ,5589.02,ANZ78847,FREELDQWFKN,1241,481.0
1334,HLA-A02:03 ,5589.08,ANZ78847,TSCFKKCGGCC,1334,482.0
1207,HLA-A02:03 ,5589.14,ANZ78847,PITENNVVVMS,1207,483.0
236,HLA-A02:03 ,5589.17,ANZ78847,VTKFLFNVYLG,236,484.0
172,HLA-A02:03 ,5589.22,ANZ78847,CEYPHTICHPN,172,485.0
422,HLA-A02:03 ,5589.27,ANZ78847,GYLQSFNYRID,422,486.0
889,HLA-A02:03 ,5589.33,ANZ78847,VDDINFSSVLG,889,487.0
570,HLA-A02:03 ,5589.36,ANZ78847,CGGNPCTCQPQ,570,488.0
784,HLA-A02:03 ,5589.39,ANZ78847,SVNDSLEPVGG,784,489.0
458,HLA-A02:03 ,5589.43,ANZ78847,TWNKRFGFIED,458,490.0
1136,HLA-A02:03 ,5589.54,ANZ78847,GNGNHIISLVQ,1136,491.0
1006,HLA-A02:03 ,5589.66,ANZ78847,DVLSQNQKLIA,1006,492.0
388,HLA-A02:03 ,5589.75,ANZ78847,IDAAKIYGMCF,388,493.0
1073,HLA-A02:03 ,5589.75,ANZ78847,LSRLDALEAEA,1073,493.0
1076,HLA-A02:03 ,5589.75,ANZ78847,LDALEAEAQID,1076,493.0
644,HLA-A02:03 ,5589.78,ANZ78847,VEVNATYYNSW,644,496.0
26,HLA-A02:03 ,5589.89,ANZ78847,TGSLNNIDTGP,26,497.0
1074,HLA-A02:03 ,5589.89,ANZ78847,SRLDALEAEAQ,1074,497.0
1189,HLA-A02:03 ,5589.9,ANZ78847,VNVNNTWMYTG,1189,499.0
447,HLA-A02:03 ,5589.92,ANZ78847,ANVSVSRFNPS,447,500.0
874,HLA-A02:03 ,5589.94,ANZ78847,GVTLSTKLKDG,874,501.0
599,HLA-A02:03 ,5589.99,ANZ78847,FANLILHDVNS,599,502.0
1010,HLA-A02:03 ,5589.99,ANZ78847,QNQKLIANAFN,1010,502.0
313,HLA-A02:03 ,5590.0,ANZ78847,APPTGVYELNG,313,504.0
1104,HLA-A02:03 ,5590.0,ANZ78847,LSDSTLVKFSA,1104,504.0
586,HLA-A02:03 ,5590.08,ANZ78847,SADSCLQGDKC,586,506.0
381,HLA-A02:03 ,5590.17,ANZ78847,DSFTCNNIDAA,381,507.0
539,HLA-A02:03 ,5590.23,ANZ78847,ITFTGPYKCPQ,539,508.0
511,HLA-A02:03 ,5590.25,ANZ78847,GPGKNNGIGTC,511,509.0
149,HLA-A02:03 ,5590.26,ANZ78847,NSTQDGVNKLQ,149,510.0
254,HLA-A02:03 ,5590.29,ANZ78847,VMPLTCISRRN,254,511.0
1118,HLA-A02:03 ,5590.33,ANZ78847,MEKVNECVKSQ,1118,512.0
1112,HLA-A02:03 ,5590.37,ANZ78847,FSAAQAMEKVN,1112,513.0
349,HLA-A02:03 ,5590.45,ANZ78847,NDKSVPSPLNW,349,514.0
860,HLA-A02:03 ,5590.5,ANZ78847,LDTTQLQVANS,860,515.0
1047,HLA-A02:03 ,5590.52,ANZ78847,NAEALNNLLQQ,1047,516.0
569,HLA-A02:03 ,5590.53,ANZ78847,YCGGNPCTCQP,569,517.0
1341,HLA-A02:03 ,5590.56,ANZ78847,GGCCDDYTGYQ,1341,518.0
710,HLA-A02:03 ,5590.64,ANZ78847,VFNNSLTRQLQ,710,519.0
336,HLA-A02:03 ,5590.65,ANZ78847,KPDLPNCNIEA,336,520.0
135,HLA-A02:03 ,5590.68,ANZ78847,VNTSYSVVVQP,135,521.0
919,HLA-A02:03 ,5590.68,ANZ78847,FDKVKLSDVGF,919,521.0
73,HLA-A02:03 ,5590.69,ANZ78847,TSGSTYRNMAL,73,523.0
536,HLA-A02:03 ,5590.7,ANZ78847,PDPITFTGPYK,536,524.0
1009,HLA-A02:03 ,5590.71,ANZ78847,SQNQKLIANAF,1009,525.0
1060,HLA-A02:03 ,5590.76,ANZ78847,NRFGAISSSLQ,1060,526.0
23,HLA-A02:03 ,5590.84,ANZ78847,DSRTGSLNNID,23,527.0
380,HLA-A02:03 ,5590.91,ANZ78847,ADSFTCNNIDA,380,528.0
942,HLA-A02:03 ,5591.05,ANZ78847,IRDLICVQSYK,942,529.0
227,HLA-A02:03 ,5591.22,ANZ78847,YAYFTDTGVVT,227,530.0
617,HLA-A02:03 ,5591.23,ANZ78847,LQKANTDIKLG,617,531.0
703,HLA-A02:03 ,5591.24,ANZ78847,RNIKCNYVFNN,703,532.0
1142,HLA-A02:03 ,5591.27,ANZ78847,ISLVQNAPYGL,1142,533.0
1196,HLA-A02:03 ,5591.28,ANZ78847,MYTGSGYYYPE,1196,534.0
1281,HLA-A02:03 ,5591.32,ANZ78847,AIKVLNQSYIN,1281,535.0
191,HLA-A02:03 ,5591.37,ANZ78847,WHMDTGVVSCL,191,536.0
188,HLA-A02:03 ,5591.4,ANZ78847,KELWHMDTGVV,188,537.0
711,HLA-A02:03 ,5591.43,ANZ78847,FNNSLTRQLQP,711,538.0
1167,HLA-A02:03 ,5591.44,ANZ78847,AKVSPGLCIAG,1167,539.0
934,HLA-A02:03 ,5591.46,ANZ78847,NNCTGGAEIRD,934,540.0
147,HLA-A02:03 ,5591.49,ANZ78847,TINSTQDGVNK,147,541.0
1312,HLA-A02:03 ,5591.5,ANZ78847,ICLAGVAMLVL,1312,542.0
69,HLA-A02:03 ,5591.52,ANZ78847,GYYPTSGSTYR,69,543.0
1327,HLA-A02:03 ,5591.58,ANZ78847,CCCTGCGTSCF,1327,544.0
1133,HLA-A02:03 ,5591.59,ANZ78847,NFCGNGNHIIS,1133,545.0
186,HLA-A02:03 ,5591.62,ANZ78847,HFKELWHMDTG,186,546.0
828,HLA-A02:03 ,5591.69,ANZ78847,VCGDYAACKSQ,828,547.0
80,HLA-A02:03 ,5591.83,ANZ78847,NMALKGTDKLS,80,548.0
229,HLA-A02:03 ,5591.86,ANZ78847,YFTDTGVVTKF,229,549.0
1301,HLA-A02:03 ,5591.91,ANZ78847,YVKWPWYVWLL,1301,550.0
708,HLA-A02:03 ,5591.92,ANZ78847,NYVFNNSLTRQ,708,551.0
972,HLA-A02:03 ,5591.92,ANZ78847,AATSASLFPPW,972,551.0
998,HLA-A02:03 ,5591.99,ANZ78847,INGLGVTMDVL,998,553.0
152,HLA-A02:03 ,5592.0,ANZ78847,QDGVNKLQGLL,152,554.0
155,HLA-A02:03 ,5592.0,ANZ78847,VNKLQGLLEVS,155,554.0
1011,HLA-A02:03 ,5592.0,ANZ78847,NQKLIANAFNN,1011,554.0
673,HLA-A02:03 ,5592.04,ANZ78847,TNRTFMIRSCY,673,557.0
856,HLA-A02:03 ,5592.05,ANZ78847,VNELLDTTQLQ,856,558.0
1176,HLA-A02:03 ,5592.06,ANZ78847,AGDRGIAPKSG,1176,559.0
1351,HLA-A02:03 ,5592.13,ANZ78847,QELVIKTSHDD,1351,560.0
104,HLA-A02:03 ,5592.14,ANZ78847,NGIFAKVKNTK,104,561.0
793,HLA-A02:03 ,5592.19,ANZ78847,GGLYEIQIPSD,793,562.0
293,HLA-A02:03 ,5592.2,ANZ78847,NAVDCMSDFMS,293,563.0
735,HLA-A02:03 ,5592.23,ANZ78847,AYNSTAISVQT,735,564.0
288,HLA-A02:03 ,5592.27,ANZ78847,DGIIFNAVDCM,288,565.0
820,HLA-A02:03 ,5592.27,ANZ78847,VTIDCAAFVCG,820,565.0
939,HLA-A02:03 ,5592.27,ANZ78847,GAEIRDLICVQ,939,565.0
681,HLA-A02:03 ,5592.31,ANZ78847,SCYSGRVSAAF,681,568.0
521,HLA-A02:03 ,5592.37,ANZ78847,CPAGTNYLTCH,521,569.0
992,HLA-A02:03 ,5592.44,ANZ78847,LNVQYRINGLG,992,570.0
451,HLA-A02:03 ,5592.53,ANZ78847,VSRFNPSTWNK,451,571.0
471,HLA-A02:03 ,5592.58,ANZ78847,FKPQPAGVLTN,471,572.0
1333,HLA-A02:03 ,5592.63,ANZ78847,GTSCFKKCGGC,1333,573.0
485,HLA-A02:03 ,5592.64,ANZ78847,VYAQHCFKAPK,485,574.0
256,HLA-A02:03 ,5592.74,ANZ78847,PLTCISRRNIG,256,575.0
48,HLA-A02:03 ,5592.81,ANZ78847,NGLGTYYVLDR,48,576.0
107,HLA-A02:03 ,5592.81,ANZ78847,FAKVKNTKVFK,107,576.0
577,HLA-A02:03 ,5592.86,ANZ78847,CQPQAFLGWSA,577,578.0
337,HLA-A02:03 ,5592.87,ANZ78847,PDLPNCNIEAW,337,579.0
408,HLA-A02:03 ,5592.87,ANZ78847,IPNGRKVDLQL,408,579.0
638,HLA-A02:03 ,5592.92,ANZ78847,SGQGIFVEVNA,638,581.0
436,HLA-A02:03 ,5592.95,ANZ78847,TSCQLYYNLPA,436,582.0
94,HLA-A02:03 ,5592.99,ANZ78847,FKPPFLSDFIN,94,583.0
615,HLA-A02:03 ,5593.05,ANZ78847,TDLQKANTDIK,615,584.0
658,HLA-A02:03 ,5593.09,ANZ78847,LYDSNGNLYGF,658,585.0
512,HLA-A02:03 ,5593.1,ANZ78847,PGKNNGIGTCP,512,586.0
1081,HLA-A02:03 ,5593.1,ANZ78847,AEAQIDRLING,1081,586.0
1276,HLA-A02:03 ,5593.12,ANZ78847,NRLQEAIKVLN,1276,588.0
330,HLA-A02:03 ,5593.17,ANZ78847,ADVYRRKPDLP,330,589.0
363,HLA-A02:03 ,5593.17,ANZ78847,TFSNCNFNMSS,363,589.0
809,HLA-A02:03 ,5593.17,ANZ78847,MEEFIQTSSPK,809,589.0
22,HLA-A02:03 ,5593.43,ANZ78847,LDSRTGSLNNI,22,592.0
824,HLA-A02:03 ,5593.48,ANZ78847,CAAFVCGDYAA,824,593.0
713,HLA-A02:03 ,5593.52,ANZ78847,NSLTRQLQPIN,713,594.0
944,HLA-A02:03 ,5593.55,ANZ78847,DLICVQSYKGI,944,595.0
166,HLA-A02:03 ,5593.59,ANZ78847,VCQYNMCEYPH,166,596.0
1248,HLA-A02:03 ,5593.61,ANZ78847,WFKNQTSVAPD,1248,597.0
716,HLA-A02:03 ,5593.65,ANZ78847,TRQLQPINYFD,716,598.0
842,HLA-A02:03 ,5593.76,ANZ78847,YGSFCDNINAI,842,599.0
734,HLA-A02:03 ,5593.79,ANZ78847,NAYNSTAISVQ,734,600.0
758,HLA-A02:03 ,5593.84,ANZ78847,YSKNRRSRRAI,758,601.0
677,HLA-A02:03 ,5593.88,ANZ78847,FMIRSCYSGRV,677,602.0
931,HLA-A02:03 ,5593.91,ANZ78847,AAYNNCTGGAE,931,603.0
1046,HLA-A02:03 ,5594.02,ANZ78847,ANAEALNNLLQ,1046,604.0
1266,HLA-A02:03 ,5594.08,ANZ78847,VTFLDLQVEMN,1266,605.0
9,HLA-A02:03 ,5594.23,ANZ78847,PTAFAVIGDLK,9,606.0
6,HLA-A02:03 ,5594.25,ANZ78847,ISLPTAFAVIG,6,607.0
837,HLA-A02:03 ,5594.25,ANZ78847,SQLVEYGSFCD,837,607.0
967,HLA-A02:03 ,5594.29,ANZ78847,SGYTLAATSAS,967,609.0
1065,HLA-A02:03 ,5594.35,ANZ78847,ISSSLQEILSR,1065,610.0
444,HLA-A02:03 ,5594.38,ANZ78847,LPAANVSVSRF,444,611.0
273,HLA-A02:03 ,5594.39,ANZ78847,VTPLTSRQYLL,273,612.0
445,HLA-A02:03 ,5594.4,ANZ78847,PAANVSVSRFN,445,613.0
596,HLA-A02:03 ,5594.43,ANZ78847,CNIFANLILHD,596,614.0
328,HLA-A02:03 ,5594.45,ANZ78847,PIADVYRRKPD,328,615.0
1061,HLA-A02:03 ,5594.5,ANZ78847,RFGAISSSLQE,1061,616.0
360,HLA-A02:03 ,5594.53,ANZ78847,ERKTFSNCNFN,360,617.0
113,HLA-A02:03 ,5594.55,ANZ78847,TKVFKDGVMYS,113,618.0
323,HLA-A02:03 ,5594.55,ANZ78847,GYTVQPIADVY,323,618.0
754,HLA-A02:03 ,5594.57,ANZ78847,YCVDYSKNRRS,754,620.0
50,HLA-A02:03 ,5594.69,ANZ78847,LGTYYVLDRVY,50,621.0
158,HLA-A02:03 ,5594.73,ANZ78847,LQGLLEVSVCQ,158,622.0
454,HLA-A02:03 ,5594.8,ANZ78847,FNPSTWNKRFG,454,623.0
648,HLA-A02:03 ,5594.86,ANZ78847,ATYYNSWQNLL,648,624.0
168,HLA-A02:03 ,5594.89,ANZ78847,QYNMCEYPHTI,168,625.0
373,HLA-A02:03 ,5594.9,ANZ78847,SLMSFIQADSF,373,626.0
465,HLA-A02:03 ,5594.9,ANZ78847,FIEDSVFKPQP,465,626.0
757,HLA-A02:03 ,5594.92,ANZ78847,DYSKNRRSRRA,757,628.0
773,HLA-A02:03 ,5594.95,ANZ78847,RFTNFEPFTVN,773,629.0
752,HLA-A02:03 ,5594.97,ANZ78847,SGYCVDYSKNR,752,630.0
513,HLA-A02:03 ,5595.13,ANZ78847,GKNNGIGTCPA,513,631.0
117,HLA-A02:03 ,5595.27,ANZ78847,KDGVMYSEFPA,117,632.0
109,HLA-A02:03 ,5595.34,ANZ78847,KVKNTKVFKDG,109,633.0
1031,HLA-A02:03 ,5595.36,ANZ78847,DATNSALVKIQ,1031,634.0
291,HLA-A02:03 ,5595.37,ANZ78847,IFNAVDCMSDF,291,635.0
83,HLA-A02:03 ,5595.39,ANZ78847,LKGTDKLSTLW,83,636.0
257,HLA-A02:03 ,5595.39,ANZ78847,LTCISRRNIGF,257,636.0
442,HLA-A02:03 ,5595.39,ANZ78847,YNLPAANVSVS,442,636.0
601,HLA-A02:03 ,5595.43,ANZ78847,NLILHDVNSGL,601,639.0
628,HLA-A02:03 ,5595.44,ANZ78847,VCVNYDLYGIS,628,640.0
1080,HLA-A02:03 ,5595.49,ANZ78847,EAEAQIDRLIN,1080,641.0
1278,HLA-A02:03 ,5595.56,ANZ78847,LQEAIKVLNQS,1278,642.0
467,HLA-A02:03 ,5595.61,ANZ78847,EDSVFKPQPAG,467,643.0
38,HLA-A02:03 ,5595.62,ANZ78847,SISTATVDVTN,38,644.0
475,HLA-A02:03 ,5595.69,ANZ78847,PAGVLTNHDVV,475,645.0
1217,HLA-A02:03 ,5595.73,ANZ78847,STCAVNYTKAP,1217,646.0
42,HLA-A02:03 ,5595.74,ANZ78847,ATVDVTNGLGT,42,647.0
510,HLA-A02:03 ,5595.74,ANZ78847,SGPGKNNGIGT,510,647.0
213,HLA-A02:03 ,5595.76,ANZ78847,TYLYFHFYQEG,213,649.0
314,HLA-A02:03 ,5595.83,ANZ78847,PPTGVYELNGY,314,650.0
1017,HLA-A02:03 ,5595.85,ANZ78847,NAFNNALDAIQ,1017,651.0
1255,HLA-A02:03 ,5595.86,ANZ78847,VAPDLALDYIN,1255,652.0
778,HLA-A02:03 ,5595.87,ANZ78847,EPFTVNSVNDS,778,653.0
298,HLA-A02:03 ,5595.89,ANZ78847,MSDFMSEIKCK,298,654.0
407,HLA-A02:03 ,5595.89,ANZ78847,AIPNGRKVDLQ,407,654.0
1299,HLA-A02:03 ,5595.9,ANZ78847,EYYVKWPWYVW,1299,656.0
576,HLA-A02:03 ,5596.01,ANZ78847,TCQPQAFLGWS,576,657.0
1247,HLA-A02:03 ,5596.05,ANZ78847,QWFKNQTSVAP,1247,658.0
626,HLA-A02:03 ,5596.13,ANZ78847,LGVCVNYDLYG,626,659.0
275,HLA-A02:03 ,5596.15,ANZ78847,PLTSRQYLLAF,275,660.0
1336,HLA-A02:03 ,5596.22,ANZ78847,CFKKCGGCCDD,1336,661.0
398,HLA-A02:03 ,5596.23,ANZ78847,FSSITIDKFAI,398,662.0
346,HLA-A02:03 ,5596.26,ANZ78847,AWLNDKSVPSP,346,663.0
1177,HLA-A02:03 ,5596.27,ANZ78847,GDRGIAPKSGY,1177,664.0
165,HLA-A02:03 ,5596.28,ANZ78847,SVCQYNMCEYP,165,665.0
696,HLA-A02:03 ,5596.31,ANZ78847,SEPALLFRNIK,696,666.0
271,HLA-A02:03 ,5596.32,ANZ78847,YWVTPLTSRQY,271,667.0
894,HLA-A02:03 ,5596.32,ANZ78847,FSSVLGCLGSE,894,667.0
915,HLA-A02:03 ,5596.33,ANZ78847,EDLLFDKVKLS,915,669.0
59,HLA-A02:03 ,5596.44,ANZ78847,VYLNTTLFLNG,59,670.0
1286,HLA-A02:03 ,5596.44,ANZ78847,NQSYINLKDIG,1286,670.0
629,HLA-A02:03 ,5596.49,ANZ78847,CVNYDLYGISG,629,672.0
779,HLA-A02:03 ,5596.5,ANZ78847,PFTVNSVNDSL,779,673.0
1174,HLA-A02:03 ,5596.51,ANZ78847,CIAGDRGIAPK,1174,674.0
29,HLA-A02:03 ,5596.54,ANZ78847,LNNIDTGPPSI,29,675.0
295,HLA-A02:03 ,5596.54,ANZ78847,VDCMSDFMSEI,295,675.0
312,HLA-A02:03 ,5596.55,ANZ78847,IAPPTGVYELN,312,677.0
1224,HLA-A02:03 ,5596.55,ANZ78847,TKAPYVMLNTS,1224,677.0
435,HLA-A02:03 ,5596.56,ANZ78847,ATSCQLYYNLP,435,679.0
208,HLA-A02:03 ,5596.64,ANZ78847,YDVNATYLYFH,208,680.0
326,HLA-A02:03 ,5596.66,ANZ78847,VQPIADVYRRK,326,681.0
405,HLA-A02:03 ,5596.67,ANZ78847,KFAIPNGRKVD,405,682.0
1287,HLA-A02:03 ,5596.73,ANZ78847,QSYINLKDIGT,1287,683.0
1211,HLA-A02:03 ,5596.74,ANZ78847,NNVVVMSTCAV,1211,684.0
1132,HLA-A02:03 ,5596.75,ANZ78847,INFCGNGNHII,1132,685.0
396,HLA-A02:03 ,5596.76,ANZ78847,MCFSSITIDKF,396,686.0
686,HLA-A02:03 ,5596.83,ANZ78847,RVSAAFHANSS,686,687.0
566,HLA-A02:03 ,5596.91,ANZ78847,KSDYCGGNPCT,566,688.0
455,HLA-A02:03 ,5596.94,ANZ78847,NPSTWNKRFGF,455,689.0
1249,HLA-A02:03 ,5596.99,ANZ78847,FKNQTSVAPDL,1249,690.0
642,HLA-A02:03 ,5597.09,ANZ78847,IFVEVNATYYN,642,691.0
1058,HLA-A02:03 ,5597.13,ANZ78847,LSNRFGAISSS,1058,692.0
1049,HLA-A02:03 ,5597.15,ANZ78847,EALNNLLQQLS,1049,693.0
1172,HLA-A02:03 ,5597.18,ANZ78847,GLCIAGDRGIA,1172,694.0
89,HLA-A02:03 ,5597.2,ANZ78847,LSTLWFKPPFL,89,695.0
572,HLA-A02:03 ,5597.22,ANZ78847,GNPCTCQPQAF,572,696.0
92,HLA-A02:03 ,5597.26,ANZ78847,LWFKPPFLSDF,92,697.0
1114,HLA-A02:03 ,5597.27,ANZ78847,AAQAMEKVNEC,1114,698.0
704,HLA-A02:03 ,5597.3,ANZ78847,NIKCNYVFNNS,704,699.0
19,HLA-A02:03 ,5597.33,ANZ78847,KCPLDSRTGSL,19,700.0
440,HLA-A02:03 ,5597.41,ANZ78847,LYYNLPAANVS,440,701.0
528,HLA-A02:03 ,5597.44,ANZ78847,LTCHNLCNPDP,528,702.0
481,HLA-A02:03 ,5597.47,ANZ78847,NHDVVYAQHCF,481,703.0
1038,HLA-A02:03 ,5597.5,ANZ78847,VKIQAVVNANA,1038,704.0
1097,HLA-A02:03 ,5597.5,ANZ78847,NAYVSQQLSDS,1097,704.0
12,HLA-A02:03 ,5597.53,ANZ78847,FAVIGDLKCPL,12,706.0
974,HLA-A02:03 ,5597.53,ANZ78847,TSASLFPPWTA,974,706.0
402,HLA-A02:03 ,5597.54,ANZ78847,TIDKFAIPNGR,402,708.0
1035,HLA-A02:03 ,5597.64,ANZ78847,SALVKIQAVVN,1035,709.0
390,HLA-A02:03 ,5597.69,ANZ78847,AAKIYGMCFSS,390,710.0
319,HLA-A02:03 ,5597.73,ANZ78847,YELNGYTVQPI,319,711.0
65,HLA-A02:03 ,5597.74,ANZ78847,LFLNGYYPTSG,65,712.0
118,HLA-A02:03 ,5597.74,ANZ78847,DGVMYSEFPAI,118,712.0
489,HLA-A02:03 ,5597.76,ANZ78847,HCFKAPKNFCP,489,714.0
58,HLA-A02:03 ,5597.79,ANZ78847,RVYLNTTLFLN,58,715.0
216,HLA-A02:03 ,5597.84,ANZ78847,YFHFYQEGGTF,216,716.0
459,HLA-A02:03 ,5597.86,ANZ78847,WNKRFGFIEDS,459,717.0
412,HLA-A02:03 ,5597.88,ANZ78847,RKVDLQLGNLG,412,718.0
1003,HLA-A02:03 ,5597.99,ANZ78847,VTMDVLSQNQK,1003,719.0
1016,HLA-A02:03 ,5598.03,ANZ78847,ANAFNNALDAI,1016,720.0
1120,HLA-A02:03 ,5598.03,ANZ78847,KVNECVKSQSS,1120,720.0
464,HLA-A02:03 ,5598.04,ANZ78847,GFIEDSVFKPQ,464,722.0
789,HLA-A02:03 ,5598.05,ANZ78847,LEPVGGLYEIQ,789,723.0
817,HLA-A02:03 ,5598.05,ANZ78847,SPKVTIDCAAF,817,723.0
356,HLA-A02:03 ,5598.06,ANZ78847,PLNWERKTFSN,356,725.0
588,HLA-A02:03 ,5598.09,ANZ78847,DSCLQGDKCNI,588,726.0
95,HLA-A02:03 ,5598.1,ANZ78847,KPPFLSDFING,95,727.0
935,HLA-A02:03 ,5598.12,ANZ78847,NCTGGAEIRDL,935,728.0
1190,HLA-A02:03 ,5598.12,ANZ78847,NVNNTWMYTGS,1190,728.0
579,HLA-A02:03 ,5598.17,ANZ78847,PQAFLGWSADS,579,730.0
762,HLA-A02:03 ,5598.17,ANZ78847,RRSRRAITTGY,762,730.0
446,HLA-A02:03 ,5598.22,ANZ78847,AANVSVSRFNP,446,732.0
1282,HLA-A02:03 ,5598.24,ANZ78847,IKVLNQSYINL,1282,733.0
1192,HLA-A02:03 ,5598.25,ANZ78847,NNTWMYTGSGY,1192,734.0
956,HLA-A02:03 ,5598.28,ANZ78847,VLPPLLSENQI,956,735.0
1077,HLA-A02:03 ,5598.32,ANZ78847,DALEAEAQIDR,1077,736.0
924,HLA-A02:03 ,5598.34,ANZ78847,LSDVGFVAAYN,924,737.0
126,HLA-A02:03 ,5598.35,ANZ78847,PAITIGSTFVN,126,738.0
1071,HLA-A02:03 ,5598.36,ANZ78847,EILSRLDALEA,1071,739.0
1146,HLA-A02:03 ,5598.4,ANZ78847,QNAPYGLYFIH,1146,740.0
774,HLA-A02:03 ,5598.42,ANZ78847,FTNFEPFTVNS,774,741.0
237,HLA-A02:03 ,5598.47,ANZ78847,TKFLFNVYLGM,237,742.0
57,HLA-A02:03 ,5598.48,ANZ78847,DRVYLNTTLFL,57,743.0
902,HLA-A02:03 ,5598.48,ANZ78847,GSECSKASSRS,902,743.0
279,HLA-A02:03 ,5598.52,ANZ78847,RQYLLAFNQDG,279,745.0
1052,HLA-A02:03 ,5598.52,ANZ78847,NNLLQQLSNRF,1052,745.0
747,HLA-A02:03 ,5598.54,ANZ78847,DLTVGSGYCVD,747,747.0
397,HLA-A02:03 ,5598.59,ANZ78847,CFSSITIDKFA,397,748.0
115,HLA-A02:03 ,5598.61,ANZ78847,VFKDGVMYSEF,115,749.0
691,HLA-A02:03 ,5598.64,ANZ78847,FHANSSEPALL,691,750.0
179,HLA-A02:03 ,5598.66,ANZ78847,CHPNLGNHFKE,179,751.0
300,HLA-A02:03 ,5598.8,ANZ78847,DFMSEIKCKTQ,300,752.0
309,HLA-A02:03 ,5598.81,ANZ78847,TQSIAPPTGVY,309,753.0
1269,HLA-A02:03 ,5598.87,ANZ78847,LDLQVEMNRLQ,1269,754.0
854,HLA-A02:03 ,5598.88,ANZ78847,TEVNELLDTTQ,854,755.0
797,HLA-A02:03 ,5598.91,ANZ78847,EIQIPSDFTIG,797,756.0
415,HLA-A02:03 ,5598.94,ANZ78847,DLQLGNLGYLQ,415,757.0
538,HLA-A02:03 ,5598.98,ANZ78847,PITFTGPYKCP,538,758.0
305,HLA-A02:03 ,5599.13,ANZ78847,IKCKTQSIAPP,305,759.0
1304,HLA-A02:03 ,5599.14,ANZ78847,WPWYVWLLICL,1304,760.0
456,HLA-A02:03 ,5599.16,ANZ78847,PSTWNKRFGFI,456,761.0
1330,HLA-A02:03 ,5599.16,ANZ78847,TGCGTSCFKKC,1330,761.0
549,HLA-A02:03 ,5599.21,ANZ78847,QSKSLVGIGEH,549,763.0
987,HLA-A02:03 ,5599.22,ANZ78847,GVPFYLNVQYR,987,764.0
327,HLA-A02:03 ,5599.26,ANZ78847,QPIADVYRRKP,327,765.0
393,HLA-A02:03 ,5599.26,ANZ78847,IYGMCFSSITI,393,765.0
1313,HLA-A02:03 ,5599.26,ANZ78847,CLAGVAMLVLL,1313,765.0
14,HLA-A02:03 ,5599.27,ANZ78847,VIGDLKCPLDS,14,768.0
764,HLA-A02:03 ,5599.28,ANZ78847,SRRAITTGYRF,764,769.0
848,HLA-A02:03 ,5599.37,ANZ78847,NINAILTEVNE,848,770.0
1014,HLA-A02:03 ,5599.6,ANZ78847,LIANAFNNALD,1014,771.0
785,HLA-A02:03 ,5599.67,ANZ78847,VNDSLEPVGGL,785,772.0
320,HLA-A02:03 ,5599.68,ANZ78847,ELNGYTVQPIA,320,773.0
205,HLA-A02:03 ,5599.72,ANZ78847,NFTYDVNATYL,205,774.0
461,HLA-A02:03 ,5599.73,ANZ78847,KRFGFIEDSVF,461,775.0
71,HLA-A02:03 ,5599.8,ANZ78847,YPTSGSTYRNM,71,776.0
878,HLA-A02:03 ,5599.8,ANZ78847,STKLKDGVNFN,878,776.0
835,HLA-A02:03 ,5599.86,ANZ78847,CKSQLVEYGSF,835,778.0
791,HLA-A02:03 ,5599.95,ANZ78847,PVGGLYEIQIP,791,779.0
916,HLA-A02:03 ,5599.98,ANZ78847,DLLFDKVKLSD,916,780.0
367,HLA-A02:03 ,5600.07,ANZ78847,CNFNMSSLMSF,367,781.0
651,HLA-A02:03 ,5600.07,ANZ78847,YNSWQNLLYDS,651,781.0
1350,HLA-A02:03 ,5600.09,ANZ78847,YQELVIKTSHD,1350,783.0
950,HLA-A02:03 ,5600.17,ANZ78847,SYKGIKVLPPL,950,784.0
1175,HLA-A02:03 ,5600.17,ANZ78847,IAGDRGIAPKS,1175,784.0
1106,HLA-A02:03 ,5600.21,ANZ78847,DSTLVKFSAAQ,1106,786.0
189,HLA-A02:03 ,5600.29,ANZ78847,ELWHMDTGVVS,189,787.0
171,HLA-A02:03 ,5600.33,ANZ78847,MCEYPHTICHP,171,788.0
800,HLA-A02:03 ,5600.34,ANZ78847,IPSDFTIGNME,800,789.0
286,HLA-A02:03 ,5600.35,ANZ78847,NQDGIIFNAVD,286,790.0
414,HLA-A02:03 ,5600.47,ANZ78847,VDLQLGNLGYL,414,791.0
334,HLA-A02:03 ,5600.51,ANZ78847,RRKPDLPNCNI,334,792.0
1139,HLA-A02:03 ,5600.54,ANZ78847,NHIISLVQNAP,1139,793.0
1147,HLA-A02:03 ,5600.59,ANZ78847,NAPYGLYFIHF,1147,794.0
180,HLA-A02:03 ,5600.6,ANZ78847,HPNLGNHFKEL,180,795.0
905,HLA-A02:03 ,5600.6,ANZ78847,CSKASSRSAIE,905,795.0
302,HLA-A02:03 ,5600.65,ANZ78847,MSEIKCKTQSI,302,797.0
418,HLA-A02:03 ,5600.69,ANZ78847,LGNLGYLQSFN,418,798.0
624,HLA-A02:03 ,5600.79,ANZ78847,IKLGVCVNYDL,624,799.0
472,HLA-A02:03 ,5600.86,ANZ78847,KPQPAGVLTNH,472,800.0
219,HLA-A02:03 ,5600.87,ANZ78847,FYQEGGTFYAY,219,801.0
1326,HLA-A02:03 ,5600.89,ANZ78847,ICCCTGCGTSC,1326,802.0
1113,HLA-A02:03 ,5600.94,ANZ78847,SAAQAMEKVNE,1113,803.0
207,HLA-A02:03 ,5600.95,ANZ78847,TYDVNATYLYF,207,804.0
427,HLA-A02:03 ,5600.95,ANZ78847,FNYRIDTTATS,427,804.0
150,HLA-A02:03 ,5601.04,ANZ78847,STQDGVNKLQG,150,806.0
1012,HLA-A02:03 ,5601.06,ANZ78847,QKLIANAFNNA,1012,807.0
1165,HLA-A02:03 ,5601.1,ANZ78847,VTAKVSPGLCI,1165,808.0
808,HLA-A02:03 ,5601.12,ANZ78847,NMEEFIQTSSP,808,809.0
25,HLA-A02:03 ,5601.13,ANZ78847,RTGSLNNIDTG,25,810.0
139,HLA-A02:03 ,5601.13,ANZ78847,YSVVVQPRTIN,139,810.0
378,HLA-A02:03 ,5601.18,ANZ78847,IQADSFTCNNI,378,812.0
496,HLA-A02:03 ,5601.33,ANZ78847,NFCPCKSNSSL,496,813.0
1138,HLA-A02:03 ,5601.34,ANZ78847,GNHIISLVQNA,1138,814.0
989,HLA-A02:03 ,5601.38,ANZ78847,PFYLNVQYRIN,989,815.0
310,HLA-A02:03 ,5601.41,ANZ78847,QSIAPPTGVYE,310,816.0
796,HLA-A02:03 ,5601.48,ANZ78847,YEIQIPSDFTI,796,817.0
1048,HLA-A02:03 ,5601.48,ANZ78847,AEALNNLLQQL,1048,817.0
332,HLA-A02:03 ,5601.52,ANZ78847,VYRRKPDLPNC,332,819.0
140,HLA-A02:03 ,5601.54,ANZ78847,SVVVQPRTINS,140,820.0
413,HLA-A02:03 ,5601.63,ANZ78847,KVDLQLGNLGY,413,821.0
895,HLA-A02:03 ,5601.64,ANZ78847,SSVLGCLGSEC,895,822.0
979,HLA-A02:03 ,5601.67,ANZ78847,FPPWTAAAGVP,979,823.0
790,HLA-A02:03 ,5601.86,ANZ78847,EPVGGLYEIQI,790,824.0
1062,HLA-A02:03 ,5601.87,ANZ78847,FGAISSSLQEI,1062,825.0
1185,HLA-A02:03 ,5601.9,ANZ78847,SGYFVNVNNTW,1185,826.0
770,HLA-A02:03 ,5601.95,ANZ78847,TGYRFTNFEPF,770,827.0
453,HLA-A02:03 ,5601.98,ANZ78847,RFNPSTWNKRF,453,828.0
230,HLA-A02:03 ,5602.0,ANZ78847,FTDTGVVTKFL,230,829.0
1089,HLA-A02:03 ,5602.07,ANZ78847,INGRLTALNAY,1089,830.0
260,HLA-A02:03 ,5602.1,ANZ78847,ISRRNIGFTLE,260,831.0
1272,HLA-A02:03 ,5602.11,ANZ78847,QVEMNRLQEAI,1272,832.0
1306,HLA-A02:03 ,5602.11,ANZ78847,WYVWLLICLAG,1306,832.0
829,HLA-A02:03 ,5602.2,ANZ78847,CGDYAACKSQL,829,834.0
839,HLA-A02:03 ,5602.23,ANZ78847,LVEYGSFCDNI,839,835.0
1027,HLA-A02:03 ,5602.25,ANZ78847,QEGFDATNSAL,1027,836.0
1145,HLA-A02:03 ,5602.26,ANZ78847,VQNAPYGLYFI,1145,837.0
1122,HLA-A02:03 ,5602.35,ANZ78847,NECVKSQSSRI,1122,838.0
1322,HLA-A02:03 ,5602.36,ANZ78847,LLFFICCCTGC,1322,839.0
841,HLA-A02:03 ,5602.38,ANZ78847,EYGSFCDNINA,841,840.0
787,HLA-A02:03 ,5602.39,ANZ78847,DSLEPVGGLYE,787,841.0
983,HLA-A02:03 ,5602.49,ANZ78847,TAAAGVPFYLN,983,842.0
1178,HLA-A02:03 ,5602.51,ANZ78847,DRGIAPKSGYF,1178,843.0
526,HLA-A02:03 ,5602.52,ANZ78847,NYLTCHNLCNP,526,844.0
564,HLA-A02:03 ,5602.54,ANZ78847,AVKSDYCGGNP,564,845.0
1059,HLA-A02:03 ,5602.56,ANZ78847,SNRFGAISSSL,1059,846.0
1091,HLA-A02:03 ,5602.56,ANZ78847,GRLTALNAYVS,1091,846.0
693,HLA-A02:03 ,5602.58,ANZ78847,ANSSEPALLFR,693,848.0
592,HLA-A02:03 ,5602.6,ANZ78847,QGDKCNIFANL,592,849.0
262,HLA-A02:03 ,5602.62,ANZ78847,RRNIGFTLEYW,262,850.0
153,HLA-A02:03 ,5602.65,ANZ78847,DGVNKLQGLLE,153,851.0
798,HLA-A02:03 ,5602.66,ANZ78847,IQIPSDFTIGN,798,852.0
1130,HLA-A02:03 ,5602.7,ANZ78847,SRINFCGNGNH,1130,853.0
801,HLA-A02:03 ,5602.73,ANZ78847,PSDFTIGNMEE,801,854.0
985,HLA-A02:03 ,5602.77,ANZ78847,AAGVPFYLNVQ,985,855.0
685,HLA-A02:03 ,5602.79,ANZ78847,GRVSAAFHANS,685,856.0
551,HLA-A02:03 ,5602.83,ANZ78847,KSLVGIGEHCS,551,857.0
908,HLA-A02:03 ,5602.9,ANZ78847,ASSRSAIEDLL,908,858.0
224,HLA-A02:03 ,5602.94,ANZ78847,GTFYAYFTDTG,224,859.0
849,HLA-A02:03 ,5602.98,ANZ78847,INAILTEVNEL,849,860.0
1300,HLA-A02:03 ,5603.0,ANZ78847,YYVKWPWYVWL,1300,861.0
1343,HLA-A02:03 ,5603.01,ANZ78847,CCDDYTGYQEL,1343,862.0
868,HLA-A02:03 ,5603.03,ANZ78847,ANSLMNGVTLS,868,863.0
480,HLA-A02:03 ,5603.05,ANZ78847,TNHDVVYAQHC,480,864.0
672,HLA-A02:03 ,5603.1,ANZ78847,LTNRTFMIRSC,672,865.0
1002,HLA-A02:03 ,5603.11,ANZ78847,GVTMDVLSQNQ,1002,866.0
335,HLA-A02:03 ,5603.27,ANZ78847,RKPDLPNCNIE,335,867.0
904,HLA-A02:03 ,5603.3,ANZ78847,ECSKASSRSAI,904,868.0
7,HLA-A02:03 ,5603.36,ANZ78847,SLPTAFAVIGD,7,869.0
443,HLA-A02:03 ,5603.37,ANZ78847,NLPAANVSVSR,443,870.0
487,HLA-A02:03 ,5603.37,ANZ78847,AQHCFKAPKNF,487,870.0
701,HLA-A02:03 ,5603.42,ANZ78847,LFRNIKCNYVF,701,872.0
176,HLA-A02:03 ,5603.43,ANZ78847,HTICHPNLGNH,176,873.0
1055,HLA-A02:03 ,5603.49,ANZ78847,LQQLSNRFGAI,1055,874.0
731,HLA-A02:03 ,5603.53,ANZ78847,CVVNAYNSTAI,731,875.0
823,HLA-A02:03 ,5603.66,ANZ78847,DCAAFVCGDYA,823,876.0
431,HLA-A02:03 ,5603.68,ANZ78847,IDTTATSCQLY,431,877.0
177,HLA-A02:03 ,5603.73,ANZ78847,TICHPNLGNHF,177,878.0
694,HLA-A02:03 ,5603.73,ANZ78847,NSSEPALLFRN,694,878.0
529,HLA-A02:03 ,5603.76,ANZ78847,TCHNLCNPDPI,529,880.0
623,HLA-A02:03 ,5603.76,ANZ78847,DIKLGVCVNYD,623,880.0
391,HLA-A02:03 ,5603.78,ANZ78847,AKIYGMCFSSI,391,882.0
957,HLA-A02:03 ,5603.78,ANZ78847,LPPLLSENQIS,957,882.0
289,HLA-A02:03 ,5603.79,ANZ78847,GIIFNAVDCMS,289,884.0
1324,HLA-A02:03 ,5603.91,ANZ78847,FFICCCTGCGT,1324,885.0
469,HLA-A02:03 ,5603.92,ANZ78847,SVFKPQPAGVL,469,886.0
1131,HLA-A02:03 ,5603.95,ANZ78847,RINFCGNGNHI,1131,887.0
562,HLA-A02:03 ,5603.98,ANZ78847,GLAVKSDYCGG,562,888.0
1070,HLA-A02:03 ,5603.98,ANZ78847,QEILSRLDALE,1070,888.0
802,HLA-A02:03 ,5604.12,ANZ78847,SDFTIGNMEEF,802,890.0
255,HLA-A02:03 ,5604.18,ANZ78847,MPLTCISRRNI,255,891.0
533,HLA-A02:03 ,5604.24,ANZ78847,LCNPDPITFTG,533,892.0
399,HLA-A02:03 ,5604.25,ANZ78847,SSITIDKFAIP,399,893.0
181,HLA-A02:03 ,5604.27,ANZ78847,PNLGNHFKELW,181,894.0
1161,HLA-A02:03 ,5604.29,ANZ78847,PTKYVTAKVSP,1161,895.0
705,HLA-A02:03 ,5604.32,ANZ78847,IKCNYVFNNSL,705,896.0
369,HLA-A02:03 ,5604.35,ANZ78847,FNMSSLMSFIQ,369,897.0
1094,HLA-A02:03 ,5604.39,ANZ78847,TALNAYVSQQL,1094,898.0
1235,HLA-A02:03 ,5604.43,ANZ78847,IPNLPDFREEL,1235,899.0
1231,HLA-A02:03 ,5604.46,ANZ78847,LNTSIPNLPDF,1231,900.0
832,HLA-A02:03 ,5604.51,ANZ78847,YAACKSQLVEY,832,901.0
1020,HLA-A02:03 ,5604.51,ANZ78847,NNALDAIQEGF,1020,901.0
359,HLA-A02:03 ,5604.69,ANZ78847,WERKTFSNCNF,359,903.0
426,HLA-A02:03 ,5604.7,ANZ78847,SFNYRIDTTAT,426,904.0
377,HLA-A02:03 ,5604.71,ANZ78847,FIQADSFTCNN,377,905.0
947,HLA-A02:03 ,5604.77,ANZ78847,CVQSYKGIKVL,947,906.0
806,HLA-A02:03 ,5604.82,ANZ78847,IGNMEEFIQTS,806,907.0
251,HLA-A02:03 ,5604.83,ANZ78847,HYYVMPLTCIS,251,908.0
307,HLA-A02:03 ,5604.92,ANZ78847,CKTQSIAPPTG,307,909.0
386,HLA-A02:03 ,5604.95,ANZ78847,NNIDAAKIYGM,386,910.0
241,HLA-A02:03 ,5604.96,ANZ78847,FNVYLGMALSH,241,911.0
911,HLA-A02:03 ,5605.01,ANZ78847,RSAIEDLLFDK,911,912.0
297,HLA-A02:03 ,5605.06,ANZ78847,CMSDFMSEIKC,297,913.0
1005,HLA-A02:03 ,5605.09,ANZ78847,MDVLSQNQKLI,1005,914.0
667,HLA-A02:03 ,5605.14,ANZ78847,GFRDYLTNRTF,667,915.0
687,HLA-A02:03 ,5605.18,ANZ78847,VSAAFHANSSE,687,916.0
433,HLA-A02:03 ,5605.19,ANZ78847,TTATSCQLYYN,433,917.0
1265,HLA-A02:03 ,5605.35,ANZ78847,NVTFLDLQVEM,1265,918.0
1253,HLA-A02:03 ,5605.39,ANZ78847,TSVAPDLALDY,1253,919.0
593,HLA-A02:03 ,5605.41,ANZ78847,GDKCNIFANLI,593,920.0
1221,HLA-A02:03 ,5605.42,ANZ78847,VNYTKAPYVML,1221,921.0
250,HLA-A02:03 ,5605.45,ANZ78847,SHYYVMPLTCI,250,922.0
270,HLA-A02:03 ,5605.6,ANZ78847,EYWVTPLTSRQ,270,923.0
1262,HLA-A02:03 ,5605.6,ANZ78847,DYINVTFLDLQ,1262,923.0
99,HLA-A02:03 ,5605.75,ANZ78847,LSDFINGIFAK,99,925.0
129,HLA-A02:03 ,5605.77,ANZ78847,TIGSTFVNTSY,129,926.0
352,HLA-A02:03 ,5605.88,ANZ78847,SVPSPLNWERK,352,927.0
769,HLA-A02:03 ,5605.88,ANZ78847,TTGYRFTNFEP,769,927.0
882,HLA-A02:03 ,5605.9,ANZ78847,KDGVNFNVDDI,882,929.0
93,HLA-A02:03 ,5605.92,ANZ78847,WFKPPFLSDFI,93,930.0
1109,HLA-A02:03 ,5605.93,ANZ78847,LVKFSAAQAME,1109,931.0
345,HLA-A02:03 ,5605.95,ANZ78847,EAWLNDKSVPS,345,932.0
76,HLA-A02:03 ,5606.0,ANZ78847,STYRNMALKGT,76,933.0
1242,HLA-A02:03 ,5606.05,ANZ78847,REELDQWFKNQ,1242,934.0
695,HLA-A02:03 ,5606.07,ANZ78847,SSEPALLFRNI,695,935.0
1042,HLA-A02:03 ,5606.07,ANZ78847,AVVNANAEALN,1042,935.0
27,HLA-A02:03 ,5606.18,ANZ78847,GSLNNIDTGPP,27,937.0
594,HLA-A02:03 ,5606.21,ANZ78847,DKCNIFANLIL,594,938.0
927,HLA-A02:03 ,5606.27,ANZ78847,VGFVAAYNNCT,927,939.0
1340,HLA-A02:03 ,5606.27,ANZ78847,CGGCCDDYTGY,1340,939.0
550,HLA-A02:03 ,5606.41,ANZ78847,SKSLVGIGEHC,550,941.0
476,HLA-A02:03 ,5606.42,ANZ78847,AGVLTNHDVVY,476,942.0
209,HLA-A02:03 ,5606.53,ANZ78847,DVNATYLYFHF,209,943.0
1226,HLA-A02:03 ,5606.55,ANZ78847,APYVMLNTSIP,1226,944.0
515,HLA-A02:03 ,5606.62,ANZ78847,NNGIGTCPAGT,515,945.0
845,HLA-A02:03 ,5606.64,ANZ78847,FCDNINAILTE,845,946.0
365,HLA-A02:03 ,5606.73,ANZ78847,SNCNFNMSSLM,365,947.0
831,HLA-A02:03 ,5606.74,ANZ78847,DYAACKSQLVE,831,948.0
173,HLA-A02:03 ,5606.77,ANZ78847,EYPHTICHPNL,173,949.0
86,HLA-A02:03 ,5606.79,ANZ78847,TDKLSTLWFKP,86,950.0
84,HLA-A02:03 ,5606.83,ANZ78847,KGTDKLSTLWF,84,951.0
1044,HLA-A02:03 ,5606.86,ANZ78847,VNANAEALNNL,1044,952.0
781,HLA-A02:03 ,5606.89,ANZ78847,TVNSVNDSLEP,781,953.0
463,HLA-A02:03 ,5606.97,ANZ78847,FGFIEDSVFKP,463,954.0
1349,HLA-A02:03 ,5606.97,ANZ78847,GYQELVIKTSH,1349,954.0
1345,HLA-A02:03 ,5606.98,ANZ78847,DDYTGYQELVI,1345,956.0
304,HLA-A02:03 ,5607.08,ANZ78847,EIKCKTQSIAP,304,957.0
1319,HLA-A02:03 ,5607.09,ANZ78847,MLVLLFFICCC,1319,958.0
936,HLA-A02:03 ,5607.29,ANZ78847,CTGGAEIRDLI,936,959.0
825,HLA-A02:03 ,5607.34,ANZ78847,AAFVCGDYAAC,825,960.0
234,HLA-A02:03 ,5607.37,ANZ78847,GVVTKFLFNVY,234,961.0
290,HLA-A02:03 ,5607.41,ANZ78847,IIFNAVDCMSD,290,962.0
952,HLA-A02:03 ,5607.43,ANZ78847,KGIKVLPPLLS,952,963.0
389,HLA-A02:03 ,5607.57,ANZ78847,DAAKIYGMCFS,389,964.0
351,HLA-A02:03 ,5607.61,ANZ78847,KSVPSPLNWER,351,965.0
1284,HLA-A02:03 ,5607.65,ANZ78847,VLNQSYINLKD,1284,966.0
1294,HLA-A02:03 ,5607.87,ANZ78847,DIGTYEYYVKW,1294,967.0
535,HLA-A02:03 ,5607.95,ANZ78847,NPDPITFTGPY,535,968.0
719,HLA-A02:03 ,5608.06,ANZ78847,LQPINYFDSYL,719,969.0
1045,HLA-A02:03 ,5608.18,ANZ78847,NANAEALNNLL,1045,970.0
907,HLA-A02:03 ,5608.19,ANZ78847,KASSRSAIEDL,907,971.0
1023,HLA-A02:03 ,5608.19,ANZ78847,LDAIQEGFDAT,1023,971.0
567,HLA-A02:03 ,5608.21,ANZ78847,SDYCGGNPCTC,567,973.0
607,HLA-A02:03 ,5608.21,ANZ78847,VNSGLTCSTDL,607,973.0
8,HLA-A02:03 ,5608.24,ANZ78847,LPTAFAVIGDL,8,975.0
619,HLA-A02:03 ,5608.25,ANZ78847,KANTDIKLGVC,619,976.0
1041,HLA-A02:03 ,5608.32,ANZ78847,QAVVNANAEAL,1041,977.0
428,HLA-A02:03 ,5608.34,ANZ78847,NYRIDTTATSC,428,978.0
183,HLA-A02:03 ,5608.35,ANZ78847,LGNHFKELWHM,183,979.0
434,HLA-A02:03 ,5608.37,ANZ78847,TATSCQLYYNL,434,980.0
1079,HLA-A02:03 ,5608.43,ANZ78847,LEAEAQIDRLI,1079,981.0
661,HLA-A02:03 ,5608.78,ANZ78847,SNGNLYGFRDY,661,982.0
1227,HLA-A02:03 ,5608.87,ANZ78847,PYVMLNTSIPN,1227,983.0
766,HLA-A02:03 ,5608.94,ANZ78847,RAITTGYRFTN,766,984.0
674,HLA-A02:03 ,5609.03,ANZ78847,NRTFMIRSCYS,674,985.0
287,HLA-A02:03 ,5609.06,ANZ78847,QDGIIFNAVDC,287,986.0
988,HLA-A02:03 ,5609.11,ANZ78847,VPFYLNVQYRI,988,987.0
43,HLA-A02:03 ,5609.15,ANZ78847,TVDVTNGLGTY,43,988.0
324,HLA-A02:03 ,5609.27,ANZ78847,YTVQPIADVYR,324,989.0
1198,HLA-A02:03 ,5609.35,ANZ78847,TGSGYYYPEPI,1198,990.0
1102,HLA-A02:03 ,5609.48,ANZ78847,QQLSDSTLVKF,1102,991.0
886,HLA-A02:03 ,5609.5,ANZ78847,NFNVDDINFSS,886,992.0
462,HLA-A02:03 ,5609.57,ANZ78847,RFGFIEDSVFK,462,993.0
344,HLA-A02:03 ,5609.63,ANZ78847,IEAWLNDKSVP,344,994.0
362,HLA-A02:03 ,5609.63,ANZ78847,KTFSNCNFNMS,362,994.0
682,HLA-A02:03 ,5609.66,ANZ78847,CYSGRVSAAFH,682,996.0
215,HLA-A02:03 ,5609.69,ANZ78847,LYFHFYQEGGT,215,997.0
786,HLA-A02:03 ,5609.71,ANZ78847,NDSLEPVGGLY,786,998.0
909,HLA-A02:03 ,5609.75,ANZ78847,SSRSAIEDLLF,909,999.0
527,HLA-A02:03 ,5609.83,ANZ78847,YLTCHNLCNPD,527,1000.0
167,HLA-A02:03 ,5609.87,ANZ78847,CQYNMCEYPHT,167,1001.0
995,HLA-A02:03 ,5609.89,ANZ78847,QYRINGLGVTM,995,1002.0
1124,HLA-A02:03 ,5609.89,ANZ78847,CVKSQSSRINF,1124,1002.0
56,HLA-A02:03 ,5609.95,ANZ78847,LDRVYLNTTLF,56,1004.0
354,HLA-A02:03 ,5610.18,ANZ78847,PSPLNWERKTF,354,1005.0
559,HLA-A02:03 ,5610.23,ANZ78847,HCSGLAVKSDY,559,1006.0
53,HLA-A02:03 ,5610.34,ANZ78847,YYVLDRVYLNT,53,1007.0
138,HLA-A02:03 ,5610.5,ANZ78847,SYSVVVQPRTI,138,1008.0
1244,HLA-A02:03 ,5610.57,ANZ78847,ELDQWFKNQTS,1244,1009.0
712,HLA-A02:03 ,5610.61,ANZ78847,NNSLTRQLQPI,712,1010.0
372,HLA-A02:03 ,5610.62,ANZ78847,SSLMSFIQADS,372,1011.0
292,HLA-A02:03 ,5610.64,ANZ78847,FNAVDCMSDFM,292,1012.0
1337,HLA-A02:03 ,5610.73,ANZ78847,FKKCGGCCDDY,1337,1013.0
299,HLA-A02:03 ,5610.83,ANZ78847,SDFMSEIKCKT,299,1014.0
1200,HLA-A02:03 ,5610.87,ANZ78847,SGYYYPEPITE,1200,1015.0
523,HLA-A02:03 ,5610.92,ANZ78847,AGTNYLTCHNL,523,1016.0
799,HLA-A02:03 ,5610.97,ANZ78847,QIPSDFTIGNM,799,1017.0
161,HLA-A02:03 ,5611.07,ANZ78847,LLEVSVCQYNM,161,1018.0
1264,HLA-A02:03 ,5611.08,ANZ78847,INVTFLDLQVE,1264,1019.0
582,HLA-A02:03 ,5611.13,ANZ78847,FLGWSADSCLQ,582,1020.0
1270,HLA-A02:03 ,5611.14,ANZ78847,DLQVEMNRLQE,1270,1021.0
265,HLA-A02:03 ,5611.2,ANZ78847,IGFTLEYWVTP,265,1022.0
614,HLA-A02:03 ,5611.29,ANZ78847,STDLQKANTDI,614,1023.0
142,HLA-A02:03 ,5611.3,ANZ78847,VVQPRTINSTQ,142,1024.0
10,HLA-A02:03 ,5611.33,ANZ78847,TAFAVIGDLKC,10,1025.0
748,HLA-A02:03 ,5611.48,ANZ78847,LTVGSGYCVDY,748,1026.0
1098,HLA-A02:03 ,5611.59,ANZ78847,AYVSQQLSDST,1098,1027.0
490,HLA-A02:03 ,5611.61,ANZ78847,CFKAPKNFCPC,490,1028.0
1239,HLA-A02:03 ,5611.65,ANZ78847,PDFREELDQWF,1239,1029.0
203,HLA-A02:03 ,5611.67,ANZ78847,KRNFTYDVNAT,203,1030.0
1279,HLA-A02:03 ,5611.69,ANZ78847,QEAIKVLNQSY,1279,1031.0
760,HLA-A02:03 ,5611.7,ANZ78847,KNRRSRRAITT,760,1032.0
368,HLA-A02:03 ,5611.84,ANZ78847,NFNMSSLMSFI,368,1033.0
277,HLA-A02:03 ,5611.85,ANZ78847,TSRQYLLAFNQ,277,1034.0
497,HLA-A02:03 ,5611.88,ANZ78847,FCPCKSNSSLC,497,1035.0
190,HLA-A02:03 ,5611.89,ANZ78847,LWHMDTGVVSC,190,1036.0
111,HLA-A02:03 ,5611.91,ANZ78847,KNTKVFKDGVM,111,1037.0
759,HLA-A02:03 ,5611.91,ANZ78847,SKNRRSRRAIT,759,1037.0
565,HLA-A02:03 ,5611.94,ANZ78847,VKSDYCGGNPC,565,1039.0
247,HLA-A02:03 ,5611.96,ANZ78847,MALSHYYVMPL,247,1040.0
862,HLA-A02:03 ,5611.98,ANZ78847,TTQLQVANSLM,862,1041.0
792,HLA-A02:03 ,5612.03,ANZ78847,VGGLYEIQIPS,792,1042.0
1154,HLA-A02:03 ,5612.05,ANZ78847,FIHFSYVPTKY,1154,1043.0
411,HLA-A02:03 ,5612.07,ANZ78847,GRKVDLQLGNL,411,1044.0
843,HLA-A02:03 ,5612.08,ANZ78847,GSFCDNINAIL,843,1045.0
1108,HLA-A02:03 ,5612.11,ANZ78847,TLVKFSAAQAM,1108,1046.0
1148,HLA-A02:03 ,5612.19,ANZ78847,APYGLYFIHFS,1148,1047.0
164,HLA-A02:03 ,5612.21,ANZ78847,VSVCQYNMCEY,164,1048.0
1290,HLA-A02:03 ,5612.28,ANZ78847,INLKDIGTYEY,1290,1049.0
384,HLA-A02:03 ,5612.31,ANZ78847,TCNNIDAAKIY,384,1050.0
1173,HLA-A02:03 ,5612.31,ANZ78847,LCIAGDRGIAP,1173,1050.0
1225,HLA-A02:03 ,5612.35,ANZ78847,KAPYVMLNTSI,1225,1052.0
1240,HLA-A02:03 ,5612.4,ANZ78847,DFREELDQWFK,1240,1053.0
1218,HLA-A02:03 ,5612.41,ANZ78847,TCAVNYTKAPY,1218,1054.0
518,HLA-A02:03 ,5612.43,ANZ78847,IGTCPAGTNYL,518,1055.0
655,HLA-A02:03 ,5612.44,ANZ78847,QNLLYDSNGNL,655,1056.0
729,HLA-A02:03 ,5612.59,ANZ78847,LGCVVNAYNST,729,1057.0
231,HLA-A02:03 ,5612.7,ANZ78847,TDTGVVTKFLF,231,1058.0
844,HLA-A02:03 ,5612.73,ANZ78847,SFCDNINAILT,844,1059.0
941,HLA-A02:03 ,5612.75,ANZ78847,EIRDLICVQSY,941,1060.0
736,HLA-A02:03 ,5612.79,ANZ78847,YNSTAISVQTC,736,1061.0
537,HLA-A02:03 ,5612.87,ANZ78847,DPITFTGPYKC,537,1062.0
3,HLA-A02:03 ,5612.88,ANZ78847,ILLISLPTAFA,3,1063.0
1314,HLA-A02:03 ,5612.94,ANZ78847,LAGVAMLVLLF,1314,1064.0
814,HLA-A02:03 ,5613.13,ANZ78847,QTSSPKVTIDC,814,1065.0
81,HLA-A02:03 ,5613.21,ANZ78847,MALKGTDKLST,81,1066.0
361,HLA-A02:03 ,5613.22,ANZ78847,RKTFSNCNFNM,361,1067.0
1209,HLA-A02:03 ,5613.3,ANZ78847,TENNVVVMSTC,1209,1068.0
347,HLA-A02:03 ,5613.31,ANZ78847,WLNDKSVPSPL,347,1069.0
573,HLA-A02:03 ,5613.32,ANZ78847,NPCTCQPQAFL,573,1070.0
1232,HLA-A02:03 ,5613.39,ANZ78847,NTSIPNLPDFR,1232,1071.0
877,HLA-A02:03 ,5613.44,ANZ78847,LSTKLKDGVNF,877,1072.0
1223,HLA-A02:03 ,5613.44,ANZ78847,YTKAPYVMLNT,1223,1072.0
1187,HLA-A02:03 ,5613.53,ANZ78847,YFVNVNNTWMY,1187,1074.0
276,HLA-A02:03 ,5613.54,ANZ78847,LTSRQYLLAFN,276,1075.0
543,HLA-A02:03 ,5613.6,ANZ78847,GPYKCPQSKSL,543,1076.0
780,HLA-A02:03 ,5613.61,ANZ78847,FTVNSVNDSLE,780,1077.0
218,HLA-A02:03 ,5613.83,ANZ78847,HFYQEGGTFYA,218,1078.0
357,HLA-A02:03 ,5614.09,ANZ78847,LNWERKTFSNC,357,1079.0
1347,HLA-A02:03 ,5614.1,ANZ78847,YTGYQELVIKT,1347,1080.0
266,HLA-A02:03 ,5614.13,ANZ78847,GFTLEYWVTPL,266,1081.0
1302,HLA-A02:03 ,5614.14,ANZ78847,VKWPWYVWLLI,1302,1082.0
1234,HLA-A02:03 ,5614.18,ANZ78847,SIPNLPDFREE,1234,1083.0
822,HLA-A02:03 ,5614.2,ANZ78847,IDCAAFVCGDY,822,1084.0
669,HLA-A02:03 ,5614.32,ANZ78847,RDYLTNRTFMI,669,1085.0
767,HLA-A02:03 ,5614.37,ANZ78847,AITTGYRFTNF,767,1086.0
1285,HLA-A02:03 ,5614.43,ANZ78847,LNQSYINLKDI,1285,1087.0
97,HLA-A02:03 ,5614.48,ANZ78847,PFLSDFINGIF,97,1088.0
385,HLA-A02:03 ,5614.49,ANZ78847,CNNIDAAKIYG,385,1089.0
170,HLA-A02:03 ,5614.61,ANZ78847,NMCEYPHTICH,170,1090.0
749,HLA-A02:03 ,5614.69,ANZ78847,TVGSGYCVDYS,749,1091.0
520,HLA-A02:03 ,5614.83,ANZ78847,TCPAGTNYLTC,520,1092.0
973,HLA-A02:03 ,5614.97,ANZ78847,ATSASLFPPWT,973,1093.0
726,HLA-A02:03 ,5614.99,ANZ78847,DSYLGCVVNAY,726,1094.0
137,HLA-A02:03 ,5615.07,ANZ78847,TSYSVVVQPRT,137,1095.0
662,HLA-A02:03 ,5615.12,ANZ78847,NGNLYGFRDYL,662,1096.0
964,HLA-A02:03 ,5615.17,ANZ78847,NQISGYTLAAT,964,1097.0
421,HLA-A02:03 ,5615.23,ANZ78847,LGYLQSFNYRI,421,1098.0
885,HLA-A02:03 ,5615.27,ANZ78847,VNFNVDDINFS,885,1099.0
666,HLA-A02:03 ,5615.35,ANZ78847,YGFRDYLTNRT,666,1100.0
959,HLA-A02:03 ,5615.35,ANZ78847,PLLSENQISGY,959,1100.0
643,HLA-A02:03 ,5615.4,ANZ78847,FVEVNATYYNS,643,1102.0
647,HLA-A02:03 ,5615.42,ANZ78847,NATYYNSWQNL,647,1103.0
61,HLA-A02:03 ,5615.54,ANZ78847,LNTTLFLNGYY,61,1104.0
580,HLA-A02:03 ,5615.58,ANZ78847,QAFLGWSADSC,580,1105.0
470,HLA-A02:03 ,5615.66,ANZ78847,VFKPQPAGVLT,470,1106.0
692,HLA-A02:03 ,5615.89,ANZ78847,HANSSEPALLF,692,1107.0
306,HLA-A02:03 ,5615.91,ANZ78847,KCKTQSIAPPT,306,1108.0
68,HLA-A02:03 ,5616.08,ANZ78847,NGYYPTSGSTY,68,1109.0
294,HLA-A02:03 ,5616.17,ANZ78847,AVDCMSDFMSE,294,1110.0
745,HLA-A02:03 ,5616.23,ANZ78847,TCDLTVGSGYC,745,1111.0
67,HLA-A02:03 ,5616.34,ANZ78847,LNGYYPTSGST,67,1112.0
1063,HLA-A02:03 ,5616.34,ANZ78847,GAISSSLQEIL,1063,1112.0
590,HLA-A02:03 ,5616.38,ANZ78847,CLQGDKCNIFA,590,1114.0
123,HLA-A02:03 ,5616.51,ANZ78847,SEFPAITIGST,123,1115.0
591,HLA-A02:03 ,5616.61,ANZ78847,LQGDKCNIFAN,591,1116.0
706,HLA-A02:03 ,5616.74,ANZ78847,KCNYVFNNSLT,706,1117.0
1220,HLA-A02:03 ,5616.82,ANZ78847,AVNYTKAPYVM,1220,1118.0
969,HLA-A02:03 ,5616.88,ANZ78847,YTLAATSASLF,969,1119.0
804,HLA-A02:03 ,5616.92,ANZ78847,FTIGNMEEFIQ,804,1120.0
1275,HLA-A02:03 ,5616.98,ANZ78847,MNRLQEAIKVL,1275,1121.0
1208,HLA-A02:03 ,5617.24,ANZ78847,ITENNVVVMST,1208,1122.0
2,HLA-A02:03 ,5617.27,ANZ78847,LILLISLPTAF,2,1123.0
199,HLA-A02:03 ,5617.27,ANZ78847,SCLYKRNFTYD,199,1123.0
204,HLA-A02:03 ,5617.3,ANZ78847,RNFTYDVNATY,204,1125.0
633,HLA-A02:03 ,5617.38,ANZ78847,DLYGISGQGIF,633,1126.0
484,HLA-A02:03 ,5617.42,ANZ78847,VVYAQHCFKAP,484,1127.0
212,HLA-A02:03 ,5617.49,ANZ78847,ATYLYFHFYQE,212,1128.0
953,HLA-A02:03 ,5617.59,ANZ78847,GIKVLPPLLSE,953,1129.0
338,HLA-A02:03 ,5617.68,ANZ78847,DLPNCNIEAWL,338,1130.0
739,HLA-A02:03 ,5617.79,ANZ78847,TAISVQTCDLT,739,1131.0
488,HLA-A02:03 ,5617.8,ANZ78847,QHCFKAPKNFC,488,1132.0
994,HLA-A02:03 ,5618.13,ANZ78847,VQYRINGLGVT,994,1133.0
261,HLA-A02:03 ,5618.14,ANZ78847,SRRNIGFTLEY,261,1134.0
850,HLA-A02:03 ,5618.32,ANZ78847,NAILTEVNELL,850,1135.0
196,HLA-A02:03 ,5618.39,ANZ78847,GVVSCLYKRNF,196,1136.0
162,HLA-A02:03 ,5618.44,ANZ78847,LEVSVCQYNMC,162,1137.0
1056,HLA-A02:03 ,5618.48,ANZ78847,QQLSNRFGAIS,1056,1138.0
159,HLA-A02:03 ,5618.75,ANZ78847,QGLLEVSVCQY,159,1139.0
355,HLA-A02:03 ,5618.75,ANZ78847,SPLNWERKTFS,355,1139.0
803,HLA-A02:03 ,5618.87,ANZ78847,DFTIGNMEEFI,803,1141.0
1000,HLA-A02:03 ,5618.91,ANZ78847,GLGVTMDVLSQ,1000,1142.0
5,HLA-A02:03 ,5618.97,ANZ78847,LISLPTAFAVI,5,1143.0
315,HLA-A02:03 ,5619.0,ANZ78847,PTGVYELNGYT,315,1144.0
243,HLA-A02:03 ,5619.25,ANZ78847,VYLGMALSHYY,243,1145.0
1141,HLA-A02:03 ,5619.26,ANZ78847,IISLVQNAPYG,1141,1146.0
986,HLA-A02:03 ,5619.28,ANZ78847,AGVPFYLNVQY,986,1147.0
838,HLA-A02:03 ,5619.29,ANZ78847,QLVEYGSFCDN,838,1148.0
589,HLA-A02:03 ,5619.33,ANZ78847,SCLQGDKCNIF,589,1149.0
350,HLA-A02:03 ,5619.36,ANZ78847,DKSVPSPLNWE,350,1150.0
1199,HLA-A02:03 ,5619.53,ANZ78847,GSGYYYPEPIT,1199,1151.0
169,HLA-A02:03 ,5619.62,ANZ78847,YNMCEYPHTIC,169,1152.0
130,HLA-A02:03 ,5619.65,ANZ78847,IGSTFVNTSYS,130,1153.0
33,HLA-A02:03 ,5619.81,ANZ78847,DTGPPSISTAT,33,1154.0
24,HLA-A02:03 ,5620.0,ANZ78847,SRTGSLNNIDT,24,1155.0
1186,HLA-A02:03 ,5620.3,ANZ78847,GYFVNVNNTWM,1186,1156.0
668,HLA-A02:03 ,5620.34,ANZ78847,FRDYLTNRTFM,668,1157.0
448,HLA-A02:03 ,5620.47,ANZ78847,NVSVSRFNPST,448,1158.0
612,HLA-A02:03 ,5620.48,ANZ78847,TCSTDLQKANT,612,1159.0
127,HLA-A02:03 ,5620.51,ANZ78847,AITIGSTFVNT,127,1160.0
44,HLA-A02:03 ,5620.54,ANZ78847,VDVTNGLGTYY,44,1161.0
1195,HLA-A02:03 ,5620.65,ANZ78847,WMYTGSGYYYP,1195,1162.0
1295,HLA-A02:03 ,5620.7,ANZ78847,IGTYEYYVKWP,1295,1163.0
876,HLA-A02:03 ,5620.74,ANZ78847,TLSTKLKDGVN,876,1164.0
524,HLA-A02:03 ,5620.94,ANZ78847,GTNYLTCHNLC,524,1165.0
1039,HLA-A02:03 ,5621.01,ANZ78847,KIQAVVNANAE,1039,1166.0
16,HLA-A02:03 ,5621.09,ANZ78847,GDLKCPLDSRT,16,1167.0
353,HLA-A02:03 ,5621.23,ANZ78847,VPSPLNWERKT,353,1168.0
926,HLA-A02:03 ,5621.33,ANZ78847,DVGFVAAYNNC,926,1169.0
697,HLA-A02:03 ,5621.37,ANZ78847,EPALLFRNIKC,697,1170.0
530,HLA-A02:03 ,5621.41,ANZ78847,CHNLCNPDPIT,530,1171.0
866,HLA-A02:03 ,5621.97,ANZ78847,QVANSLMNGVT,866,1172.0
1184,HLA-A02:03 ,5622.02,ANZ78847,KSGYFVNVNNT,1184,1173.0
1243,HLA-A02:03 ,5622.15,ANZ78847,EELDQWFKNQT,1243,1174.0
112,HLA-A02:03 ,5622.18,ANZ78847,NTKVFKDGVMY,112,1175.0
715,HLA-A02:03 ,5622.19,ANZ78847,LTRQLQPINYF,715,1176.0
937,HLA-A02:03 ,5622.22,ANZ78847,TGGAEIRDLIC,937,1177.0
605,HLA-A02:03 ,5622.23,ANZ78847,HDVNSGLTCST,605,1178.0
1309,HLA-A02:03 ,5622.27,ANZ78847,WLLICLAGVAM,1309,1179.0
864,HLA-A02:03 ,5622.28,ANZ78847,QLQVANSLMNG,864,1180.0
958,HLA-A02:03 ,5622.41,ANZ78847,PPLLSENQISG,958,1181.0
853,HLA-A02:03 ,5622.59,ANZ78847,LTEVNELLDTT,853,1182.0
818,HLA-A02:03 ,5622.7,ANZ78847,PKVTIDCAAFV,818,1183.0
124,HLA-A02:03 ,5622.8,ANZ78847,EFPAITIGSTF,124,1184.0
1297,HLA-A02:03 ,5622.87,ANZ78847,TYEYYVKWPWY,1297,1185.0
232,HLA-A02:03 ,5622.89,ANZ78847,DTGVVTKFLFN,232,1186.0
1280,HLA-A02:03 ,5622.92,ANZ78847,EAIKVLNQSYI,1280,1187.0
267,HLA-A02:03 ,5622.94,ANZ78847,FTLEYWVTPLT,267,1188.0
1296,HLA-A02:03 ,5623.27,ANZ78847,GTYEYYVKWPW,1296,1189.0
640,HLA-A02:03 ,5623.5,ANZ78847,QGIFVEVNATY,640,1190.0
971,HLA-A02:03 ,5623.52,ANZ78847,LAATSASLFPP,971,1191.0
519,HLA-A02:03 ,5623.88,ANZ78847,GTCPAGTNYLT,519,1192.0
37,HLA-A02:03 ,5624.06,ANZ78847,PSISTATVDVT,37,1193.0
63,HLA-A02:03 ,5624.06,ANZ78847,TTLFLNGYYPT,63,1193.0
1233,HLA-A02:03 ,5624.2,ANZ78847,TSIPNLPDFRE,1233,1195.0
1149,HLA-A02:03 ,5624.27,ANZ78847,PYGLYFIHFSY,1149,1196.0
517,HLA-A02:03 ,5624.39,ANZ78847,GIGTCPAGTNY,517,1197.0
920,HLA-A02:03 ,5624.58,ANZ78847,DKVKLSDVGFV,920,1198.0
424,HLA-A02:03 ,5624.69,ANZ78847,LQSFNYRIDTT,424,1199.0
223,HLA-A02:03 ,5624.75,ANZ78847,GGTFYAYFTDT,223,1200.0
811,HLA-A02:03 ,5624.92,ANZ78847,EFIQTSSPKVT,811,1201.0
400,HLA-A02:03 ,5624.94,ANZ78847,SITIDKFAIPN,400,1202.0
768,HLA-A02:03 ,5624.94,ANZ78847,ITTGYRFTNFE,768,1202.0
1289,HLA-A02:03 ,5624.97,ANZ78847,YINLKDIGTYE,1289,1204.0
560,HLA-A02:03 ,5625.12,ANZ78847,CSGLAVKSDYC,560,1205.0
31,HLA-A02:03 ,5625.13,ANZ78847,NIDTGPPSIST,31,1206.0
639,HLA-A02:03 ,5625.14,ANZ78847,GQGIFVEVNAT,639,1207.0
1206,HLA-A02:03 ,5625.68,ANZ78847,EPITENNVVVM,1206,1208.0
531,HLA-A02:03 ,5625.81,ANZ78847,HNLCNPDPITF,531,1209.0
645,HLA-A02:03 ,5625.88,ANZ78847,EVNATYYNSWQ,645,1210.0
210,HLA-A02:03 ,5626.02,ANZ78847,VNATYLYFHFY,210,1211.0
859,HLA-A02:03 ,5626.1,ANZ78847,LLDTTQLQVAN,859,1212.0
30,HLA-A02:03 ,5626.12,ANZ78847,NNIDTGPPSIS,30,1213.0
869,HLA-A02:03 ,5626.14,ANZ78847,NSLMNGVTLST,869,1214.0
258,HLA-A02:03 ,5626.26,ANZ78847,TCISRRNIGFT,258,1215.0
595,HLA-A02:03 ,5626.26,ANZ78847,KCNIFANLILH,595,1215.0
245,HLA-A02:03 ,5626.31,ANZ78847,LGMALSHYYVM,245,1217.0
1348,HLA-A02:03 ,5626.49,ANZ78847,TGYQELVIKTS,1348,1218.0
185,HLA-A02:03 ,5626.55,ANZ78847,NHFKELWHMDT,185,1219.0
103,HLA-A02:03 ,5626.56,ANZ78847,INGIFAKVKNT,103,1220.0
249,HLA-A02:03 ,5626.6,ANZ78847,LSHYYVMPLTC,249,1221.0
771,HLA-A02:03 ,5626.88,ANZ78847,GYRFTNFEPFT,771,1222.0
1315,HLA-A02:03 ,5626.99,ANZ78847,AGVAMLVLLFF,1315,1223.0
1320,HLA-A02:03 ,5627.11,ANZ78847,LVLLFFICCCT,1320,1224.0
1152,HLA-A02:03 ,5627.26,ANZ78847,LYFIHFSYVPT,1152,1225.0
1338,HLA-A02:03 ,5627.73,ANZ78847,KKCGGCCDDYT,1338,1226.0
192,HLA-A02:03 ,5628.23,ANZ78847,HMDTGVVSCLY,192,1227.0
1257,HLA-A02:03 ,5628.38,ANZ78847,PDLALDYINVT,1257,1228.0
62,HLA-A02:03 ,5628.41,ANZ78847,NTTLFLNGYYP,62,1229.0
622,HLA-A02:03 ,5628.69,ANZ78847,TDIKLGVCVNY,622,1230.0
1144,HLA-A02:03 ,5628.87,ANZ78847,LVQNAPYGLYF,1144,1231.0
242,HLA-A02:03 ,5629.53,ANZ78847,NVYLGMALSHY,242,1232.0
0,HLA-A02:03 ,5629.55,ANZ78847,MFLILLISLPT,0,1233.0
1125,HLA-A02:03 ,5629.64,ANZ78847,VKSQSSRINFC,1125,1234.0
884,HLA-A02:03 ,5629.7,ANZ78847,GVNFNVDDINF,884,1235.0
268,HLA-A02:03 ,5629.74,ANZ78847,TLEYWVTPLTS,268,1236.0
1193,HLA-A02:03 ,5630.15,ANZ78847,NTWMYTGSGYY,1193,1237.0
795,HLA-A02:03 ,5630.61,ANZ78847,LYEIQIPSDFT,795,1238.0
1318,HLA-A02:03 ,5630.61,ANZ78847,AMLVLLFFICC,1318,1238.0
1316,HLA-A02:03 ,5630.75,ANZ78847,GVAMLVLLFFI,1316,1240.0
419,HLA-A02:03 ,5630.8,ANZ78847,GNLGYLQSFNY,419,1241.0
141,HLA-A02:03 ,5631.09,ANZ78847,VVVQPRTINST,141,1242.0
283,HLA-A02:03 ,5631.19,ANZ78847,LAFNQDGIIFN,283,1243.0
949,HLA-A02:03 ,5631.28,ANZ78847,QSYKGIKVLPP,949,1244.0
128,HLA-A02:03 ,5631.52,ANZ78847,ITIGSTFVNTS,128,1245.0
1050,HLA-A02:03 ,5631.55,ANZ78847,ALNNLLQQLSN,1050,1246.0
211,HLA-A02:03 ,5631.6,ANZ78847,NATYLYFHFYQ,211,1247.0
1215,HLA-A02:03 ,5632.04,ANZ78847,VMSTCAVNYTK,1215,1248.0
221,HLA-A02:03 ,5632.28,ANZ78847,QEGGTFYAYFT,221,1249.0
87,HLA-A02:03 ,5632.4,ANZ78847,DKLSTLWFKPP,87,1250.0
836,HLA-A02:03 ,5632.45,ANZ78847,KSQLVEYGSFC,836,1251.0
1156,HLA-A02:03 ,5632.89,ANZ78847,HFSYVPTKYVT,1156,1252.0
1064,HLA-A02:03 ,5632.97,ANZ78847,AISSSLQEILS,1064,1253.0
1213,HLA-A02:03 ,5633.6,ANZ78847,VVVMSTCAVNY,1213,1254.0
198,HLA-A02:03 ,5633.75,ANZ78847,VSCLYKRNFTY,198,1255.0
1084,HLA-A02:03 ,5636.61,ANZ78847,QIDRLINGRLT,1084,1256.0
813,HLA-A02:03 ,5637.13,ANZ78847,IQTSSPKVTID,813,1257.0
1140,HLA-A02:03 ,5637.45,ANZ78847,HIISLVQNAPY,1140,1258.0
980,HLA-A02:03 ,5637.74,ANZ78847,PPWTAAAGVPF,980,1259.0
220,HLA-A02:03 ,5638.21,ANZ78847,YQEGGTFYAYF,220,1260.0
392,HLA-A02:03 ,5638.29,ANZ78847,KIYGMCFSSIT,392,1261.0
85,HLA-A02:03 ,5639.23,ANZ78847,GTDKLSTLWFK,85,1262.0
1164,HLA-A02:03 ,5639.41,ANZ78847,YVTAKVSPGLC,1164,1263.0
807,HLA-A02:03 ,5639.82,ANZ78847,GNMEEFIQTSS,807,1264.0
432,HLA-A02:03 ,5639.88,ANZ78847,DTTATSCQLYY,432,1265.0
264,HLA-A02:03 ,5640.05,ANZ78847,NIGFTLEYWVT,264,1266.0
387,HLA-A02:03 ,5640.8,ANZ78847,NIDAAKIYGMC,387,1267.0
1258,HLA-A02:03 ,5640.83,ANZ78847,DLALDYINVTF,1258,1268.0
197,HLA-A02:03 ,5641.08,ANZ78847,VVSCLYKRNFT,197,1269.0
375,HLA-A02:03 ,5641.14,ANZ78847,MSFIQADSFTC,375,1270.0
765,HLA-A02:03 ,5641.63,ANZ78847,RRAITTGYRFT,765,1271.0
663,HLA-A02:03 ,5642.32,ANZ78847,GNLYGFRDYLT,663,1272.0
217,HLA-A02:03 ,5642.48,ANZ78847,FHFYQEGGTFY,217,1273.0
450,HLA-A02:03 ,5642.62,ANZ78847,SVSRFNPSTWN,450,1274.0
416,HLA-A02:03 ,5642.89,ANZ78847,LQLGNLGYLQS,416,1275.0
948,HLA-A02:03 ,5643.56,ANZ78847,VQSYKGIKVLP,948,1276.0
214,HLA-A02:03 ,5644.93,ANZ78847,YLYFHFYQEGG,214,1277.0
88,HLA-A02:03 ,5646.51,ANZ78847,KLSTLWFKPPF,88,1278.0
317,HLA-A02:03 ,5646.97,ANZ78847,GVYELNGYTVQ,317,1279.0
1214,HLA-A02:03 ,5647.13,ANZ78847,VVMSTCAVNYT,1214,1280.0
1303,HLA-A02:03 ,5647.69,ANZ78847,KWPWYVWLLIC,1303,1281.0
325,HLA-A02:03 ,5649.0,ANZ78847,TVQPIADVYRR,325,1282.0
253,HLA-A02:03 ,5649.47,ANZ78847,YVMPLTCISRR,253,1283.0
60,HLA-A02:03 ,5650.92,ANZ78847,YLNTTLFLNGY,60,1284.0
965,HLA-A02:03 ,5651.32,ANZ78847,QISGYTLAATS,965,1285.0
417,HLA-A02:03 ,5651.39,ANZ78847,QLGNLGYLQSF,417,1286.0
805,HLA-A02:03 ,5651.46,ANZ78847,TIGNMEEFIQT,805,1287.0
420,HLA-A02:03 ,5651.78,ANZ78847,NLGYLQSFNYR,420,1288.0
1188,HLA-A02:03 ,5653.13,ANZ78847,FVNVNNTWMYT,1188,1289.0
248,HLA-A02:03 ,5653.14,ANZ78847,ALSHYYVMPLT,248,1290.0
819,HLA-A02:03 ,5653.39,ANZ78847,KVTIDCAAFVC,819,1291.0
1194,HLA-A02:03 ,5654.0,ANZ78847,TWMYTGSGYYY,1194,1292.0
981,HLA-A02:03 ,5654.58,ANZ78847,PWTAAAGVPFY,981,1293.0
635,HLA-A02:03 ,5655.0,ANZ78847,YGISGQGIFVE,635,1294.0
401,HLA-A02:03 ,5656.62,ANZ78847,ITIDKFAIPNG,401,1295.0
157,HLA-A02:03 ,5656.94,ANZ78847,KLQGLLEVSVC,157,1296.0
1053,HLA-A02:03 ,5657.22,ANZ78847,NLLQQLSNRFG,1053,1297.0
552,HLA-A02:03 ,5658.01,ANZ78847,SLVGIGEHCSG,552,1298.0
717,HLA-A02:03 ,5658.69,ANZ78847,RQLQPINYFDS,717,1299.0
625,HLA-A02:03 ,5659.21,ANZ78847,KLGVCVNYDLY,625,1300.0
880,HLA-A02:03 ,5660.96,ANZ78847,KLKDGVNFNVD,880,1301.0
699,HLA-A02:03 ,5661.53,ANZ78847,ALLFRNIKCNY,699,1302.0
714,HLA-A02:03 ,5661.7,ANZ78847,SLTRQLQPINY,714,1303.0
182,HLA-A02:03 ,5664.6,ANZ78847,NLGNHFKELWH,182,1304.0
478,HLA-A02:03 ,5665.26,ANZ78847,VLTNHDVVYAQ,478,1305.0
206,HLA-A02:03 ,5667.95,ANZ78847,FTYDVNATYLY,206,1306.0
90,HLA-A02:03 ,5668.37,ANZ78847,STLWFKPPFLS,90,1307.0
1025,HLA-A02:03 ,5668.9,ANZ78847,AIQEGFDATNS,1025,1308.0
602,HLA-A02:03 ,5669.76,ANZ78847,LILHDVNSGLT,602,1309.0
1283,HLA-A02:03 ,5672.36,ANZ78847,KVLNQSYINLK,1283,1310.0
1317,HLA-A02:03 ,5672.43,ANZ78847,VAMLVLLFFIC,1317,1311.0
457,HLA-A02:03 ,5672.96,ANZ78847,STWNKRFGFIE,457,1312.0
656,HLA-A02:03 ,5674.83,ANZ78847,NLLYDSNGNLY,656,1313.0
1291,HLA-A02:03 ,5675.98,ANZ78847,NLKDIGTYEYY,1291,1314.0
1095,HLA-A02:03 ,5676.02,ANZ78847,ALNAYVSQQLS,1095,1315.0
374,HLA-A02:03 ,5677.21,ANZ78847,LMSFIQADSFT,374,1316.0
246,HLA-A02:03 ,5679.19,ANZ78847,GMALSHYYVMP,246,1317.0
301,HLA-A02:03 ,5679.27,ANZ78847,FMSEIKCKTQS,301,1318.0
1072,HLA-A02:03 ,5680.75,ANZ78847,ILSRLDALEAE,1072,1319.0
1237,HLA-A02:03 ,5681.12,ANZ78847,NLPDFREELDQ,1237,1320.0
728,HLA-A02:03 ,5684.55,ANZ78847,YLGCVVNAYNS,728,1321.0
1143,HLA-A02:03 ,5684.96,ANZ78847,SLVQNAPYGLY,1143,1322.0
1151,HLA-A02:03 ,5685.06,ANZ78847,GLYFIHFSYVP,1151,1323.0
1230,HLA-A02:03 ,5685.19,ANZ78847,MLNTSIPNLPD,1230,1324.0
114,HLA-A02:03 ,5686.03,ANZ78847,KVFKDGVMYSE,114,1325.0
281,HLA-A02:03 ,5689.34,ANZ78847,YLLAFNQDGII,281,1326.0
718,HLA-A02:03 ,5690.99,ANZ78847,QLQPINYFDSY,718,1327.0
423,HLA-A02:03 ,5691.57,ANZ78847,YLQSFNYRIDT,423,1328.0
1229,HLA-A02:03 ,5692.91,ANZ78847,VMLNTSIPNLP,1229,1329.0
1007,HLA-A02:03 ,5697.44,ANZ78847,VLSQNQKLIAN,1007,1330.0
1180,HLA-A02:03 ,5697.98,ANZ78847,GIAPKSGYFVN,1180,1331.0
119,HLA-A02:03 ,5700.22,ANZ78847,GVMYSEFPAIT,119,1332.0
1057,HLA-A02:03 ,5700.33,ANZ78847,QLSNRFGAISS,1057,1333.0
64,HLA-A02:03 ,5703.85,ANZ78847,TLFLNGYYPTS,64,1334.0
960,HLA-A02:03 ,5704.03,ANZ78847,LLSENQISGYT,960,1335.0
1087,HLA-A02:03 ,5705.27,ANZ78847,RLINGRLTALN,1087,1336.0
1092,HLA-A02:03 ,5707.85,ANZ78847,RLTALNAYVSQ,1092,1337.0
282,HLA-A02:03 ,5709.74,ANZ78847,LLAFNQDGIIF,282,1338.0
955,HLA-A02:03 ,5713.27,ANZ78847,KVLPPLLSENQ,955,1339.0
66,HLA-A02:03 ,5714.26,ANZ78847,FLNGYYPTSGS,66,1340.0
641,HLA-A02:03 ,5716.04,ANZ78847,GIFVEVNATYY,641,1341.0
160,HLA-A02:03 ,5720.89,ANZ78847,GLLEVSVCQYN,160,1342.0
532,HLA-A02:03 ,5721.6,ANZ78847,NLCNPDPITFT,532,1343.0
28,HLA-A02:03 ,5723.83,ANZ78847,SLNNIDTGPPS,28,1344.0
1103,HLA-A02:03 ,5724.12,ANZ78847,QLSDSTLVKFS,1103,1345.0
1260,HLA-A02:03 ,5777.94,ANZ78847,ALDYINVTFLD,1260,1346.0
970,HLA-A02:03 ,5780.96,ANZ78847,TLAATSASLFP,970,1347.0
671,HLA-A02:03 ,5781.55,ANZ78847,YLTNRTFMIRS,671,1348.0
851,HLA-A02:03 ,5786.08,ANZ78847,AILTEVNELLD,851,1349.0
870,HLA-A02:03 ,5787.89,ANZ78847,SLMNGVTLSTK,870,1350.0
91,HLA-A02:03 ,5857.62,ANZ78847,TLWFKPPFLSD,91,1351.0
664,HLA-A02:03 ,5899.96,ANZ78847,NLYGFRDYLTN,664,1352.0
233,HLA-A02:06,8.13,ANZ78847,TGVVTKFLFNV,233,1.0
1,HLA-A02:06,16.31,ANZ78847,FLILLISLPTA,1,2.0
4,HLA-A02:06,28.31,ANZ78847,LLISLPTAFAV,4,3.0
285,HLA-A02:06,31.42,ANZ78847,FNQDGIIFNAV,285,4.0
98,HLA-A02:06,33.17,ANZ78847,FLSDFINGIFA,98,5.0
865,HLA-A02:06,38.24,ANZ78847,LQVANSLMNGV,865,6.0
239,HLA-A02:06,41.99,ANZ78847,FLFNVYLGMAL,239,7.0
887,HLA-A02:06,44.27,ANZ78847,FNVDDINFSSV,887,8.0
316,HLA-A02:06,52.95,ANZ78847,TGVYELNGYTV,316,9.0
1307,HLA-A02:06,53.61,ANZ78847,YVWLLICLAGV,1307,10.0
114,HLA-A02:06,65.87,ANZ78847,KVFKDGVMYSE,114,11.0
636,HLA-A02:06,90.9,ANZ78847,GISGQGIFVEV,636,12.0
247,HLA-A02:06,92.5,ANZ78847,MALSHYYVMPL,247,13.0
912,HLA-A02:06,94.18,ANZ78847,SAIEDLLFDKV,912,14.0
1254,HLA-A02:06,96.6,ANZ78847,SVAPDLALDYI,1254,15.0
978,HLA-A02:06,106.45,ANZ78847,LFPPWTAAAGV,978,16.0
225,HLA-A02:06,113.32,ANZ78847,TFYAYFTDTGV,225,17.0
1263,HLA-A02:06,126.37,ANZ78847,YINVTFLDLQV,1263,18.0
1150,HLA-A02:06,126.77,ANZ78847,YGLYFIHFSYV,1150,19.0
49,HLA-A02:06,129.33,ANZ78847,GLGTYYVLDRV,49,20.0
1228,HLA-A02:06,132.29,ANZ78847,YVMLNTSIPNL,1228,21.0
677,HLA-A02:06,138.83,ANZ78847,FMIRSCYSGRV,677,22.0
984,HLA-A02:06,159.98,ANZ78847,AAAGVPFYLNV,984,23.0
1271,HLA-A02:06,163.09,ANZ78847,LQVEMNRLQEA,1271,24.0
1211,HLA-A02:06,167.98,ANZ78847,NNVVVMSTCAV,1211,25.0
977,HLA-A02:06,188.73,ANZ78847,SLFPPWTAAAG,977,26.0
879,HLA-A02:06,193.37,ANZ78847,TKLKDGVNFNV,879,27.0
308,HLA-A02:06,223.32,ANZ78847,KTQSIAPPTGV,308,28.0
1219,HLA-A02:06,226.92,ANZ78847,CAVNYTKAPYV,1219,29.0
1145,HLA-A02:06,227.23,ANZ78847,VQNAPYGLYFI,1145,30.0
118,HLA-A02:06,246.46,ANZ78847,DGVMYSEFPAI,118,31.0
1188,HLA-A02:06,270.9,ANZ78847,FVNVNNTWMYT,1188,32.0
1069,HLA-A02:06,280.13,ANZ78847,LQEILSRLDAL,1069,33.0
244,HLA-A02:06,282.94,ANZ78847,YLGMALSHYYV,244,34.0
627,HLA-A02:06,295.93,ANZ78847,GVCVNYDLYGI,627,35.0
66,HLA-A02:06,296.54,ANZ78847,FLNGYYPTSGS,66,36.0
12,HLA-A02:06,319.28,ANZ78847,FAVIGDLKCPL,12,37.0
782,HLA-A02:06,332.94,ANZ78847,VNSVNDSLEPV,782,38.0
3,HLA-A02:06,346.83,ANZ78847,ILLISLPTAFA,3,39.0
1322,HLA-A02:06,349.2,ANZ78847,LLFFICCCTGC,1322,40.0
437,HLA-A02:06,368.25,ANZ78847,SCQLYYNLPAA,437,41.0
477,HLA-A02:06,371.27,ANZ78847,GVLTNHDVVYA,477,42.0
922,HLA-A02:06,379.36,ANZ78847,VKLSDVGFVAA,922,43.0
214,HLA-A02:06,396.33,ANZ78847,YLYFHFYQEGG,214,44.0
120,HLA-A02:06,431.05,ANZ78847,VMYSEFPAITI,120,45.0
700,HLA-A02:06,438.63,ANZ78847,LLFRNIKCNYV,700,46.0
798,HLA-A02:06,440.78,ANZ78847,IQIPSDFTIGN,798,47.0
709,HLA-A02:06,448.25,ANZ78847,YVFNNSLTRQL,709,48.0
1298,HLA-A02:06,452.84,ANZ78847,YEYYVKWPWYV,1298,49.0
982,HLA-A02:06,456.54,ANZ78847,WTAAAGVPFYL,982,50.0
263,HLA-A02:06,480.53,ANZ78847,RNIGFTLEYWV,263,51.0
964,HLA-A02:06,504.14,ANZ78847,NQISGYTLAAT,964,52.0
441,HLA-A02:06,506.55,ANZ78847,YYNLPAANVSV,441,53.0
1179,HLA-A02:06,517.4,ANZ78847,RGIAPKSGYFV,1179,54.0
635,HLA-A02:06,521.93,ANZ78847,YGISGQGIFVE,635,55.0
439,HLA-A02:06,531.16,ANZ78847,QLYYNLPAANV,439,56.0
1062,HLA-A02:06,553.38,ANZ78847,FGAISSSLQEI,1062,57.0
894,HLA-A02:06,559.04,ANZ78847,FSSVLGCLGSE,894,58.0
154,HLA-A02:06,589.94,ANZ78847,GVNKLQGLLEV,154,59.0
0,HLA-A02:06,593.67,ANZ78847,MFLILLISLPT,0,60.0
378,HLA-A02:06,648.15,ANZ78847,IQADSFTCNNI,378,61.0
370,HLA-A02:06,654.16,ANZ78847,NMSSLMSFIQA,370,62.0
212,HLA-A02:06,712.76,ANZ78847,ATYLYFHFYQE,212,63.0
272,HLA-A02:06,737.86,ANZ78847,WVTPLTSRQYL,272,64.0
895,HLA-A02:06,805.4,ANZ78847,SSVLGCLGSEC,895,65.0
220,HLA-A02:06,816.56,ANZ78847,YQEGGTFYAYF,220,66.0
788,HLA-A02:06,851.09,ANZ78847,SLEPVGGLYEI,788,67.0
812,HLA-A02:06,857.71,ANZ78847,FIQTSSPKVTI,812,68.0
555,HLA-A02:06,869.48,ANZ78847,GIGEHCSGLAV,555,69.0
57,HLA-A02:06,880.05,ANZ78847,DRVYLNTTLFL,57,70.0
1234,HLA-A02:06,881.21,ANZ78847,SIPNLPDFREE,1234,71.0
1181,HLA-A02:06,890.06,ANZ78847,IAPKSGYFVNV,1181,72.0
5,HLA-A02:06,898.73,ANZ78847,LISLPTAFAVI,5,73.0
1115,HLA-A02:06,932.26,ANZ78847,AQAMEKVNECV,1115,74.0
1203,HLA-A02:06,970.21,ANZ78847,YYPEPITENNV,1203,75.0
267,HLA-A02:06,973.4,ANZ78847,FTLEYWVTPLT,267,76.0
671,HLA-A02:06,979.26,ANZ78847,YLTNRTFMIRS,671,77.0
368,HLA-A02:06,1022.69,ANZ78847,NFNMSSLMSFI,368,78.0
113,HLA-A02:06,1042.0,ANZ78847,TKVFKDGVMYS,113,79.0
740,HLA-A02:06,1074.5,ANZ78847,AISVQTCDLTV,740,80.0
1159,HLA-A02:06,1075.49,ANZ78847,YVPTKYVTAKV,1159,81.0
218,HLA-A02:06,1094.09,ANZ78847,HFYQEGGTFYA,218,82.0
719,HLA-A02:06,1100.19,ANZ78847,LQPINYFDSYL,719,83.0
1324,HLA-A02:06,1106.73,ANZ78847,FFICCCTGCGT,1324,84.0
1107,HLA-A02:06,1111.96,ANZ78847,STLVKFSAAQA,1107,85.0
391,HLA-A02:06,1134.27,ANZ78847,AKIYGMCFSSI,391,86.0
1316,HLA-A02:06,1142.1,ANZ78847,GVAMLVLLFFI,1316,87.0
768,HLA-A02:06,1157.01,ANZ78847,ITTGYRFTNFE,768,88.0
733,HLA-A02:06,1182.83,ANZ78847,VNAYNSTAISV,733,89.0
976,HLA-A02:06,1201.2,ANZ78847,ASLFPPWTAAA,976,90.0
1310,HLA-A02:06,1207.98,ANZ78847,LLICLAGVAML,1310,91.0
875,HLA-A02:06,1235.62,ANZ78847,VTLSTKLKDGV,875,92.0
818,HLA-A02:06,1258.09,ANZ78847,PKVTIDCAAFV,818,93.0
297,HLA-A02:06,1262.38,ANZ78847,CMSDFMSEIKC,297,94.0
938,HLA-A02:06,1272.43,ANZ78847,GGAEIRDLICV,938,95.0
1013,HLA-A02:06,1273.95,ANZ78847,KLIANAFNNAL,1013,96.0
54,HLA-A02:06,1276.65,ANZ78847,YVLDRVYLNTT,54,97.0
1012,HLA-A02:06,1285.29,ANZ78847,QKLIANAFNNA,1012,98.0
923,HLA-A02:06,1331.24,ANZ78847,KLSDVGFVAAY,923,99.0
1196,HLA-A02:06,1348.12,ANZ78847,MYTGSGYYYPE,1196,100.0
206,HLA-A02:06,1362.77,ANZ78847,FTYDVNATYLY,206,101.0
1151,HLA-A02:06,1377.74,ANZ78847,GLYFIHFSYVP,1151,102.0
820,HLA-A02:06,1388.77,ANZ78847,VTIDCAAFVCG,820,103.0
1214,HLA-A02:06,1412.8,ANZ78847,VVMSTCAVNYT,1214,104.0
292,HLA-A02:06,1468.86,ANZ78847,FNAVDCMSDFM,292,105.0
991,HLA-A02:06,1479.75,ANZ78847,YLNVQYRINGL,991,106.0
311,HLA-A02:06,1491.46,ANZ78847,SIAPPTGVYEL,311,107.0
994,HLA-A02:06,1504.67,ANZ78847,VQYRINGLGVT,994,108.0
373,HLA-A02:06,1544.79,ANZ78847,SLMSFIQADSF,373,109.0
6,HLA-A02:06,1576.45,ANZ78847,ISLPTAFAVIG,6,110.0
253,HLA-A02:06,1616.05,ANZ78847,YVMPLTCISRR,253,111.0
156,HLA-A02:06,1633.57,ANZ78847,NKLQGLLEVSV,156,112.0
1251,HLA-A02:06,1669.11,ANZ78847,NQTSVAPDLAL,1251,113.0
484,HLA-A02:06,1694.33,ANZ78847,VVYAQHCFKAP,484,114.0
151,HLA-A02:06,1714.37,ANZ78847,TQDGVNKLQGL,151,115.0
1036,HLA-A02:06,1741.01,ANZ78847,ALVKIQAVVNA,1036,116.0
969,HLA-A02:06,1752.06,ANZ78847,YTLAATSASLF,969,117.0
597,HLA-A02:06,1755.82,ANZ78847,NIFANLILHDV,597,118.0
468,HLA-A02:06,1774.5,ANZ78847,DSVFKPQPAGV,468,119.0
1311,HLA-A02:06,1830.81,ANZ78847,LICLAGVAMLV,1311,120.0
657,HLA-A02:06,1864.67,ANZ78847,LLYDSNGNLYG,657,121.0
1083,HLA-A02:06,1868.73,ANZ78847,AQIDRLINGRL,1083,122.0
1321,HLA-A02:06,1881.71,ANZ78847,VLLFFICCCTG,1321,123.0
248,HLA-A02:06,1946.58,ANZ78847,ALSHYYVMPLT,248,124.0
266,HLA-A02:06,2013.14,ANZ78847,GFTLEYWVTPL,266,125.0
857,HLA-A02:06,2022.49,ANZ78847,NELLDTTQLQV,857,126.0
731,HLA-A02:06,2022.61,ANZ78847,CVVNAYNSTAI,731,127.0
1229,HLA-A02:06,2034.81,ANZ78847,VMLNTSIPNLP,1229,128.0
1309,HLA-A02:06,2098.02,ANZ78847,WLLICLAGVAM,1309,129.0
132,HLA-A02:06,2150.39,ANZ78847,STFVNTSYSVV,132,130.0
1292,HLA-A02:06,2150.95,ANZ78847,LKDIGTYEYYV,1292,131.0
1086,HLA-A02:06,2163.27,ANZ78847,DRLINGRLTAL,1086,132.0
1259,HLA-A02:06,2185.87,ANZ78847,LALDYINVTFL,1259,133.0
294,HLA-A02:06,2192.09,ANZ78847,AVDCMSDFMSE,294,134.0
51,HLA-A02:06,2192.96,ANZ78847,GTYYVLDRVYL,51,135.0
416,HLA-A02:06,2201.24,ANZ78847,LQLGNLGYLQS,416,136.0
393,HLA-A02:06,2204.53,ANZ78847,IYGMCFSSITI,393,137.0
398,HLA-A02:06,2213.94,ANZ78847,FSSITIDKFAI,398,138.0
1039,HLA-A02:06,2225.23,ANZ78847,KIQAVVNANAE,1039,139.0
42,HLA-A02:06,2257.98,ANZ78847,ATVDVTNGLGT,42,140.0
463,HLA-A02:06,2270.62,ANZ78847,FGFIEDSVFKP,463,141.0
226,HLA-A02:06,2279.17,ANZ78847,FYAYFTDTGVV,226,142.0
281,HLA-A02:06,2297.35,ANZ78847,YLLAFNQDGII,281,143.0
165,HLA-A02:06,2302.33,ANZ78847,SVCQYNMCEYP,165,144.0
1072,HLA-A02:06,2328.98,ANZ78847,ILSRLDALEAE,1072,145.0
45,HLA-A02:06,2340.41,ANZ78847,DVTNGLGTYYV,45,146.0
280,HLA-A02:06,2357.56,ANZ78847,QYLLAFNQDGI,280,147.0
1313,HLA-A02:06,2390.39,ANZ78847,CLAGVAMLVLL,1313,148.0
728,HLA-A02:06,2401.79,ANZ78847,YLGCVVNAYNS,728,149.0
1264,HLA-A02:06,2429.87,ANZ78847,INVTFLDLQVE,1264,150.0
127,HLA-A02:06,2440.38,ANZ78847,AITIGSTFVNT,127,151.0
284,HLA-A02:06,2450.0,ANZ78847,AFNQDGIIFNA,284,152.0
1168,HLA-A02:06,2474.76,ANZ78847,KVSPGLCIAGD,1168,153.0
846,HLA-A02:06,2491.74,ANZ78847,CDNINAILTEV,846,154.0
780,HLA-A02:06,2521.85,ANZ78847,FTVNSVNDSLE,780,155.0
1055,HLA-A02:06,2584.19,ANZ78847,LQQLSNRFGAI,1055,156.0
131,HLA-A02:06,2612.7,ANZ78847,GSTFVNTSYSV,131,157.0
1090,HLA-A02:06,2623.77,ANZ78847,NGRLTALNAYV,1090,158.0
1289,HLA-A02:06,2625.37,ANZ78847,YINLKDIGTYE,1289,159.0
157,HLA-A02:06,2636.78,ANZ78847,KLQGLLEVSVC,157,160.0
238,HLA-A02:06,2673.2,ANZ78847,KFLFNVYLGMA,238,161.0
534,HLA-A02:06,2710.91,ANZ78847,CNPDPITFTGP,534,162.0
406,HLA-A02:06,2732.98,ANZ78847,FAIPNGRKVDL,406,163.0
845,HLA-A02:06,2741.27,ANZ78847,FCDNINAILTE,845,164.0
490,HLA-A02:06,2746.78,ANZ78847,CFKAPKNFCPC,490,165.0
1308,HLA-A02:06,2748.05,ANZ78847,VWLLICLAGVA,1308,166.0
695,HLA-A02:06,2828.4,ANZ78847,SSEPALLFRNI,695,167.0
317,HLA-A02:06,2830.29,ANZ78847,GVYELNGYTVQ,317,168.0
869,HLA-A02:06,2830.35,ANZ78847,NSLMNGVTLST,869,169.0
235,HLA-A02:06,2893.31,ANZ78847,VVTKFLFNVYL,235,170.0
917,HLA-A02:06,2951.86,ANZ78847,LLFDKVKLSDV,917,171.0
392,HLA-A02:06,2981.14,ANZ78847,KIYGMCFSSIT,392,172.0
230,HLA-A02:06,3020.24,ANZ78847,FTDTGVVTKFL,230,173.0
125,HLA-A02:06,3062.27,ANZ78847,FPAITIGSTFV,125,174.0
1135,HLA-A02:06,3114.86,ANZ78847,CGNGNHIISLV,1135,175.0
361,HLA-A02:06,3116.77,ANZ78847,RKTFSNCNFNM,361,176.0
1300,HLA-A02:06,3124.51,ANZ78847,YYVKWPWYVWL,1300,177.0
793,HLA-A02:06,3195.24,ANZ78847,GGLYEIQIPSD,793,178.0
722,HLA-A02:06,3201.92,ANZ78847,INYFDSYLGCV,722,179.0
1245,HLA-A02:06,3204.64,ANZ78847,LDQWFKNQTSV,1245,180.0
712,HLA-A02:06,3258.54,ANZ78847,NNSLTRQLQPI,712,181.0
1025,HLA-A02:06,3267.55,ANZ78847,AIQEGFDATNS,1025,182.0
1320,HLA-A02:06,3288.44,ANZ78847,LVLLFFICCCT,1320,183.0
775,HLA-A02:06,3318.74,ANZ78847,TNFEPFTVNSV,775,184.0
133,HLA-A02:06,3322.46,ANZ78847,TFVNTSYSVVV,133,185.0
1233,HLA-A02:06,3335.47,ANZ78847,TSIPNLPDFRE,1233,186.0
34,HLA-A02:06,3360.72,ANZ78847,TGPPSISTATV,34,187.0
1268,HLA-A02:06,3377.59,ANZ78847,FLDLQVEMNRL,1268,188.0
842,HLA-A02:06,3407.92,ANZ78847,YGSFCDNINAI,842,189.0
60,HLA-A02:06,3433.21,ANZ78847,YLNTTLFLNGY,60,190.0
1040,HLA-A02:06,3434.22,ANZ78847,IQAVVNANAEA,1040,191.0
1305,HLA-A02:06,3457.18,ANZ78847,PWYVWLLICLA,1305,192.0
837,HLA-A02:06,3532.59,ANZ78847,SQLVEYGSFCD,837,193.0
794,HLA-A02:06,3609.44,ANZ78847,GLYEIQIPSDF,794,194.0
819,HLA-A02:06,3739.7,ANZ78847,KVTIDCAAFVC,819,195.0
1114,HLA-A02:06,3744.34,ANZ78847,AAQAMEKVNEC,1114,196.0
89,HLA-A02:06,3761.64,ANZ78847,LSTLWFKPPFL,89,197.0
119,HLA-A02:06,3815.93,ANZ78847,GVMYSEFPAIT,119,198.0
1068,HLA-A02:06,3837.64,ANZ78847,SLQEILSRLDA,1068,199.0
1028,HLA-A02:06,3843.11,ANZ78847,EGFDATNSALV,1028,200.0
848,HLA-A02:06,3956.16,ANZ78847,NINAILTEVNE,848,201.0
295,HLA-A02:06,3962.83,ANZ78847,VDCMSDFMSEI,295,202.0
399,HLA-A02:06,3983.47,ANZ78847,SSITIDKFAIP,399,203.0
265,HLA-A02:06,3993.29,ANZ78847,IGFTLEYWVTP,265,204.0
159,HLA-A02:06,3995.36,ANZ78847,QGLLEVSVCQY,159,205.0
401,HLA-A02:06,4006.43,ANZ78847,ITIDKFAIPNG,401,206.0
438,HLA-A02:06,4016.51,ANZ78847,CQLYYNLPAAN,438,207.0
971,HLA-A02:06,4029.68,ANZ78847,LAATSASLFPP,971,208.0
968,HLA-A02:06,4069.78,ANZ78847,GYTLAATSASL,968,209.0
742,HLA-A02:06,4081.75,ANZ78847,SVQTCDLTVGS,742,210.0
319,HLA-A02:06,4099.35,ANZ78847,YELNGYTVQPI,319,211.0
1302,HLA-A02:06,4109.79,ANZ78847,VKWPWYVWLLI,1302,212.0
850,HLA-A02:06,4207.41,ANZ78847,NAILTEVNELL,850,213.0
993,HLA-A02:06,4225.22,ANZ78847,NVQYRINGLGV,993,214.0
577,HLA-A02:06,4247.88,ANZ78847,CQPQAFLGWSA,577,215.0
29,HLA-A02:06,4258.4,ANZ78847,LNNIDTGPPSI,29,216.0
1195,HLA-A02:06,4269.84,ANZ78847,WMYTGSGYYYP,1195,217.0
1071,HLA-A02:06,4294.34,ANZ78847,EILSRLDALEA,1071,218.0
1301,HLA-A02:06,4306.0,ANZ78847,YVKWPWYVWLL,1301,219.0
1306,HLA-A02:06,4319.75,ANZ78847,WYVWLLICLAG,1306,220.0
997,HLA-A02:06,4343.07,ANZ78847,RINGLGVTMDV,997,221.0
620,HLA-A02:06,4347.32,ANZ78847,ANTDIKLGVCV,620,222.0
518,HLA-A02:06,4476.59,ANZ78847,IGTCPAGTNYL,518,223.0
1256,HLA-A02:06,4486.23,ANZ78847,APDLALDYINV,1256,224.0
886,HLA-A02:06,4498.09,ANZ78847,NFNVDDINFSS,886,225.0
227,HLA-A02:06,4516.75,ANZ78847,YAYFTDTGVVT,227,226.0
249,HLA-A02:06,4555.93,ANZ78847,LSHYYVMPLTC,249,227.0
237,HLA-A02:06,4566.51,ANZ78847,TKFLFNVYLGM,237,228.0
634,HLA-A02:06,4640.2,ANZ78847,LYGISGQGIFV,634,229.0
880,HLA-A02:06,4677.25,ANZ78847,KLKDGVNFNVD,880,230.0
1033,HLA-A02:06,4724.37,ANZ78847,TNSALVKIQAV,1033,231.0
435,HLA-A02:06,4752.7,ANZ78847,ATSCQLYYNLP,435,232.0
457,HLA-A02:06,4766.37,ANZ78847,STWNKRFGFIE,457,233.0
821,HLA-A02:06,4840.55,ANZ78847,TIDCAAFVCGD,821,234.0
2,HLA-A02:06,4841.63,ANZ78847,LILLISLPTAF,2,235.0
825,HLA-A02:06,4855.46,ANZ78847,AAFVCGDYAAC,825,236.0
167,HLA-A02:06,4866.2,ANZ78847,CQYNMCEYPHT,167,237.0
796,HLA-A02:06,4886.65,ANZ78847,YEIQIPSDFTI,796,238.0
772,HLA-A02:06,4904.09,ANZ78847,YRFTNFEPFTV,772,239.0
1157,HLA-A02:06,4916.58,ANZ78847,FSYVPTKYVTA,1157,240.0
434,HLA-A02:06,4919.55,ANZ78847,TATSCQLYYNL,434,241.0
648,HLA-A02:06,4931.89,ANZ78847,ATYYNSWQNLL,648,242.0
1152,HLA-A02:06,4948.4,ANZ78847,LYFIHFSYVPT,1152,243.0
1099,HLA-A02:06,4967.94,ANZ78847,YVSQQLSDSTL,1099,244.0
191,HLA-A02:06,4994.69,ANZ78847,WHMDTGVVSCL,191,245.0
1325,HLA-A02:06,5013.15,ANZ78847,FICCCTGCGTS,1325,246.0
896,HLA-A02:06,5018.6,ANZ78847,SVLGCLGSECS,896,247.0
1100,HLA-A02:06,5050.24,ANZ78847,VSQQLSDSTLV,1100,248.0
552,HLA-A02:06,5092.56,ANZ78847,SLVGIGEHCSG,552,249.0
717,HLA-A02:06,5115.57,ANZ78847,RQLQPINYFDS,717,250.0
859,HLA-A02:06,5177.86,ANZ78847,LLDTTQLQVAN,859,251.0
387,HLA-A02:06,5190.01,ANZ78847,NIDAAKIYGMC,387,252.0
1304,HLA-A02:06,5220.0,ANZ78847,WPWYVWLLICL,1304,253.0
1230,HLA-A02:06,5238.87,ANZ78847,MLNTSIPNLPD,1230,254.0
603,HLA-A02:06,5296.1,ANZ78847,ILHDVNSGLTC,603,255.0
245,HLA-A02:06,5320.99,ANZ78847,LGMALSHYYVM,245,256.0
100,HLA-A02:06,5335.15,ANZ78847,SDFINGIFAKV,100,257.0
721,HLA-A02:06,5420.69,ANZ78847,PINYFDSYLGC,721,258.0
746,HLA-A02:06,5462.73,ANZ78847,CDLTVGSGYCV,746,259.0
799,HLA-A02:06,5485.86,ANZ78847,QIPSDFTIGNM,799,260.0
259,HLA-A02:06,5594.17,ANZ78847,CISRRNIGFTL,259,261.0
1106,HLA-A02:06,5606.31,ANZ78847,DSTLVKFSAAQ,1106,262.0
205,HLA-A02:06,5614.91,ANZ78847,NFTYDVNATYL,205,263.0
287,HLA-A02:06,5644.61,ANZ78847,QDGIIFNAVDC,287,264.0
567,HLA-A02:06,5695.33,ANZ78847,SDYCGGNPCTC,567,265.0
639,HLA-A02:06,5713.99,ANZ78847,GQGIFVEVNAT,639,266.0
478,HLA-A02:06,5714.09,ANZ78847,VLTNHDVVYAQ,478,267.0
866,HLA-A02:06,5717.96,ANZ78847,QVANSLMNGVT,866,268.0
1315,HLA-A02:06,5726.24,ANZ78847,AGVAMLVLLFF,1315,269.0
122,HLA-A02:06,5738.01,ANZ78847,YSEFPAITIGS,122,270.0
956,HLA-A02:06,5761.58,ANZ78847,VLPPLLSENQI,956,271.0
590,HLA-A02:06,5770.58,ANZ78847,CLQGDKCNIFA,590,272.0
13,HLA-A02:06,5782.68,ANZ78847,AVIGDLKCPLD,13,273.0
1261,HLA-A02:06,5831.85,ANZ78847,LDYINVTFLDL,1261,274.0
527,HLA-A02:06,5874.19,ANZ78847,YLTCHNLCNPD,527,275.0
1223,HLA-A02:06,5889.13,ANZ78847,YTKAPYVMLNT,1223,276.0
591,HLA-A02:06,5918.79,ANZ78847,LQGDKCNIFAN,591,277.0
1088,HLA-A02:06,5945.37,ANZ78847,LINGRLTALNA,1088,278.0
672,HLA-A02:06,5954.27,ANZ78847,LTNRTFMIRSC,672,279.0
1200,HLA-A02:06,5975.74,ANZ78847,SGYYYPEPITE,1200,280.0
975,HLA-A02:06,5979.87,ANZ78847,SASLFPPWTAA,975,281.0
1258,HLA-A02:06,6023.73,ANZ78847,DLALDYINVTF,1258,282.0
383,HLA-A02:06,6041.52,ANZ78847,FTCNNIDAAKI,383,283.0
278,HLA-A02:06,6119.32,ANZ78847,SRQYLLAFNQD,278,284.0
844,HLA-A02:06,6130.75,ANZ78847,SFCDNINAILT,844,285.0
1287,HLA-A02:06,6137.07,ANZ78847,QSYINLKDIGT,1287,286.0
1016,HLA-A02:06,6162.88,ANZ78847,ANAFNNALDAI,1016,287.0
369,HLA-A02:06,6164.92,ANZ78847,FNMSSLMSFIQ,369,288.0
183,HLA-A02:06,6229.66,ANZ78847,LGNHFKELWHM,183,289.0
357,HLA-A02:06,6292.71,ANZ78847,LNWERKTFSNC,357,290.0
929,HLA-A02:06,6354.92,ANZ78847,FVAAYNNCTGG,929,291.0
888,HLA-A02:06,6395.97,ANZ78847,NVDDINFSSVL,888,292.0
723,HLA-A02:06,6401.71,ANZ78847,NYFDSYLGCVV,723,293.0
1108,HLA-A02:06,6450.49,ANZ78847,TLVKFSAAQAM,1108,294.0
704,HLA-A02:06,6514.57,ANZ78847,NIKCNYVFNNS,704,295.0
290,HLA-A02:06,6574.34,ANZ78847,IIFNAVDCMSD,290,296.0
362,HLA-A02:06,6605.78,ANZ78847,KTFSNCNFNMS,362,297.0
1164,HLA-A02:06,6620.32,ANZ78847,YVTAKVSPGLC,1164,298.0
1163,HLA-A02:06,6621.77,ANZ78847,KYVTAKVSPGL,1163,299.0
10,HLA-A02:06,6641.0,ANZ78847,TAFAVIGDLKC,10,300.0
732,HLA-A02:06,6648.47,ANZ78847,VVNAYNSTAIS,732,301.0
200,HLA-A02:06,6649.35,ANZ78847,CLYKRNFTYDV,200,302.0
827,HLA-A02:06,6650.58,ANZ78847,FVCGDYAACKS,827,303.0
586,HLA-A02:06,6662.22,ANZ78847,SADSCLQGDKC,586,304.0
738,HLA-A02:06,6693.32,ANZ78847,STAISVQTCDL,738,305.0
1034,HLA-A02:06,6704.7,ANZ78847,NSALVKIQAVV,1034,306.0
402,HLA-A02:06,6749.18,ANZ78847,TIDKFAIPNGR,402,307.0
1105,HLA-A02:06,6755.54,ANZ78847,SDSTLVKFSAA,1105,308.0
219,HLA-A02:06,6765.07,ANZ78847,FYQEGGTFYAY,219,309.0
1318,HLA-A02:06,6770.02,ANZ78847,AMLVLLFFICC,1318,310.0
949,HLA-A02:06,6850.07,ANZ78847,QSYKGIKVLPP,949,311.0
161,HLA-A02:06,6863.07,ANZ78847,LLEVSVCQYNM,161,312.0
116,HLA-A02:06,6868.47,ANZ78847,FKDGVMYSEFP,116,313.0
580,HLA-A02:06,6873.3,ANZ78847,QAFLGWSADSC,580,314.0
725,HLA-A02:06,6940.25,ANZ78847,FDSYLGCVVNA,725,315.0
863,HLA-A02:06,7002.64,ANZ78847,TQLQVANSLMN,863,316.0
63,HLA-A02:06,7019.37,ANZ78847,TTLFLNGYYPT,63,317.0
286,HLA-A02:06,7035.92,ANZ78847,NQDGIIFNAVD,286,318.0
1022,HLA-A02:06,7048.6,ANZ78847,ALDAIQEGFDA,1022,319.0
90,HLA-A02:06,7061.58,ANZ78847,STLWFKPPFLS,90,320.0
1067,HLA-A02:06,7090.75,ANZ78847,SSLQEILSRLD,1067,321.0
1111,HLA-A02:06,7099.35,ANZ78847,KFSAAQAMEKV,1111,322.0
209,HLA-A02:06,7152.58,ANZ78847,DVNATYLYFHF,209,323.0
769,HLA-A02:06,7160.63,ANZ78847,TTGYRFTNFEP,769,324.0
58,HLA-A02:06,7168.95,ANZ78847,RVYLNTTLFLN,58,325.0
871,HLA-A02:06,7194.88,ANZ78847,LMNGVTLSTKL,871,326.0
88,HLA-A02:06,7224.4,ANZ78847,KLSTLWFKPPF,88,327.0
669,HLA-A02:06,7229.69,ANZ78847,RDYLTNRTFMI,669,328.0
921,HLA-A02:06,7260.09,ANZ78847,KVKLSDVGFVA,921,329.0
618,HLA-A02:06,7262.42,ANZ78847,QKANTDIKLGV,618,330.0
394,HLA-A02:06,7325.13,ANZ78847,YGMCFSSITID,394,331.0
1041,HLA-A02:06,7429.47,ANZ78847,QAVVNANAEAL,1041,332.0
400,HLA-A02:06,7444.6,ANZ78847,SITIDKFAIPN,400,333.0
1167,HLA-A02:06,7469.65,ANZ78847,AKVSPGLCIAG,1167,334.0
683,HLA-A02:06,7502.66,ANZ78847,YSGRVSAAFHA,683,335.0
1209,HLA-A02:06,7540.3,ANZ78847,TENNVVVMSTC,1209,336.0
1078,HLA-A02:06,7613.49,ANZ78847,ALEAEAQIDRL,1078,337.0
62,HLA-A02:06,7651.94,ANZ78847,NTTLFLNGYYP,62,338.0
128,HLA-A02:06,7652.45,ANZ78847,ITIGSTFVNTS,128,339.0
421,HLA-A02:06,7665.97,ANZ78847,LGYLQSFNYRI,421,340.0
551,HLA-A02:06,7716.05,ANZ78847,KSLVGIGEHCS,551,341.0
1026,HLA-A02:06,7738.98,ANZ78847,IQEGFDATNSA,1026,342.0
1127,HLA-A02:06,7767.26,ANZ78847,SQSSRINFCGN,1127,343.0
364,HLA-A02:06,7802.5,ANZ78847,FSNCNFNMSSL,364,344.0
48,HLA-A02:06,7808.28,ANZ78847,NGLGTYYVLDR,48,345.0
1087,HLA-A02:06,7814.22,ANZ78847,RLINGRLTALN,1087,346.0
1056,HLA-A02:06,7846.9,ANZ78847,QQLSNRFGAIS,1056,347.0
963,HLA-A02:06,7859.29,ANZ78847,ENQISGYTLAA,963,348.0
211,HLA-A02:06,7893.67,ANZ78847,NATYLYFHFYQ,211,349.0
53,HLA-A02:06,7897.31,ANZ78847,YYVLDRVYLNT,53,350.0
1140,HLA-A02:06,7916.65,ANZ78847,HIISLVQNAPY,1140,351.0
325,HLA-A02:06,7932.5,ANZ78847,TVQPIADVYRR,325,352.0
386,HLA-A02:06,7955.94,ANZ78847,NNIDAAKIYGM,386,353.0
234,HLA-A02:06,7971.51,ANZ78847,GVVTKFLFNVY,234,354.0
970,HLA-A02:06,8046.28,ANZ78847,TLAATSASLFP,970,355.0
196,HLA-A02:06,8064.37,ANZ78847,GVVSCLYKRNF,196,356.0
260,HLA-A02:06,8147.74,ANZ78847,ISRRNIGFTLE,260,357.0
240,HLA-A02:06,8162.62,ANZ78847,LFNVYLGMALS,240,358.0
1070,HLA-A02:06,8186.47,ANZ78847,QEILSRLDALE,1070,359.0
430,HLA-A02:06,8275.77,ANZ78847,RIDTTATSCQL,430,360.0
121,HLA-A02:06,8280.66,ANZ78847,MYSEFPAITIG,121,361.0
638,HLA-A02:06,8300.87,ANZ78847,SGQGIFVEVNA,638,362.0
76,HLA-A02:06,8323.25,ANZ78847,STYRNMALKGT,76,363.0
436,HLA-A02:06,8374.49,ANZ78847,TSCQLYYNLPA,436,364.0
1312,HLA-A02:06,8405.21,ANZ78847,ICLAGVAMLVL,1312,365.0
1018,HLA-A02:06,8441.35,ANZ78847,AFNNALDAIQE,1018,366.0
40,HLA-A02:06,8459.79,ANZ78847,STATVDVTNGL,40,367.0
1139,HLA-A02:06,8490.83,ANZ78847,NHIISLVQNAP,1139,368.0
347,HLA-A02:06,8535.9,ANZ78847,WLNDKSVPSPL,347,369.0
55,HLA-A02:06,8560.85,ANZ78847,VLDRVYLNTTL,55,370.0
96,HLA-A02:06,8608.49,ANZ78847,PPFLSDFINGI,96,371.0
890,HLA-A02:06,8621.28,ANZ78847,DDINFSSVLGC,890,372.0
1197,HLA-A02:06,8639.82,ANZ78847,YTGSGYYYPEP,1197,373.0
1282,HLA-A02:06,8665.18,ANZ78847,IKVLNQSYINL,1282,374.0
160,HLA-A02:06,8672.93,ANZ78847,GLLEVSVCQYN,160,375.0
960,HLA-A02:06,8706.86,ANZ78847,LLSENQISGYT,960,376.0
548,HLA-A02:06,8709.46,ANZ78847,PQSKSLVGIGE,548,377.0
82,HLA-A02:06,8716.74,ANZ78847,ALKGTDKLSTL,82,378.0
824,HLA-A02:06,8753.21,ANZ78847,CAAFVCGDYAA,824,379.0
724,HLA-A02:06,8783.12,ANZ78847,YFDSYLGCVVN,724,380.0
447,HLA-A02:06,8788.58,ANZ78847,ANVSVSRFNPS,447,381.0
851,HLA-A02:06,8791.21,ANZ78847,AILTEVNELLD,851,382.0
224,HLA-A02:06,8938.55,ANZ78847,GTFYAYFTDTG,224,383.0
1142,HLA-A02:06,8967.63,ANZ78847,ISLVQNAPYGL,1142,384.0
1265,HLA-A02:06,9004.95,ANZ78847,NVTFLDLQVEM,1265,385.0
46,HLA-A02:06,9039.83,ANZ78847,VTNGLGTYYVL,46,386.0
458,HLA-A02:06,9046.02,ANZ78847,TWNKRFGFIED,458,387.0
816,HLA-A02:06,9068.98,ANZ78847,SSPKVTIDCAA,816,388.0
322,HLA-A02:06,9083.17,ANZ78847,NGYTVQPIADV,322,389.0
187,HLA-A02:06,9083.82,ANZ78847,FKELWHMDTGV,187,390.0
1054,HLA-A02:06,9116.15,ANZ78847,LLQQLSNRFGA,1054,391.0
1017,HLA-A02:06,9129.99,ANZ78847,NAFNNALDAIQ,1017,392.0
601,HLA-A02:06,9191.54,ANZ78847,NLILHDVNSGL,601,393.0
433,HLA-A02:06,9193.44,ANZ78847,TTATSCQLYYN,433,394.0
965,HLA-A02:06,9216.96,ANZ78847,QISGYTLAATS,965,395.0
849,HLA-A02:06,9221.5,ANZ78847,INAILTEVNEL,849,396.0
553,HLA-A02:06,9230.45,ANZ78847,LVGIGEHCSGL,553,397.0
931,HLA-A02:06,9252.49,ANZ78847,AAYNNCTGGAE,931,398.0
375,HLA-A02:06,9264.29,ANZ78847,MSFIQADSFTC,375,399.0
87,HLA-A02:06,9312.24,ANZ78847,DKLSTLWFKPP,87,400.0
1333,HLA-A02:06,9314.69,ANZ78847,GTSCFKKCGGC,1333,401.0
257,HLA-A02:06,9352.71,ANZ78847,LTCISRRNIGF,257,402.0
550,HLA-A02:06,9375.92,ANZ78847,SKSLVGIGEHC,550,403.0
1113,HLA-A02:06,9388.18,ANZ78847,SAAQAMEKVNE,1113,404.0
264,HLA-A02:06,9443.25,ANZ78847,NIGFTLEYWVT,264,405.0
310,HLA-A02:06,9445.26,ANZ78847,QSIAPPTGVYE,310,406.0
680,HLA-A02:06,9455.28,ANZ78847,RSCYSGRVSAA,680,407.0
803,HLA-A02:06,9474.62,ANZ78847,DFTIGNMEEFI,803,408.0
1270,HLA-A02:06,9481.36,ANZ78847,DLQVEMNRLQE,1270,409.0
920,HLA-A02:06,9584.56,ANZ78847,DKVKLSDVGFV,920,410.0
1342,HLA-A02:06,9621.06,ANZ78847,GCCDDYTGYQE,1342,411.0
102,HLA-A02:06,9676.75,ANZ78847,FINGIFAKVKN,102,412.0
804,HLA-A02:06,9707.19,ANZ78847,FTIGNMEEFIQ,804,413.0
675,HLA-A02:06,9776.08,ANZ78847,RTFMIRSCYSG,675,414.0
27,HLA-A02:06,9832.06,ANZ78847,GSLNNIDTGPP,27,415.0
1314,HLA-A02:06,9841.56,ANZ78847,LAGVAMLVLLF,1314,416.0
668,HLA-A02:06,9870.48,ANZ78847,FRDYLTNRTFM,668,417.0
805,HLA-A02:06,9903.4,ANZ78847,TIGNMEEFIQT,805,418.0
985,HLA-A02:06,9926.56,ANZ78847,AAGVPFYLNVQ,985,419.0
1208,HLA-A02:06,9950.28,ANZ78847,ITENNVVVMST,1208,420.0
1008,HLA-A02:06,9958.19,ANZ78847,LSQNQKLIANA,1008,421.0
1009,HLA-A02:06,10014.65,ANZ78847,SQNQKLIANAF,1009,422.0
1212,HLA-A02:06,10061.88,ANZ78847,NVVVMSTCAVN,1212,423.0
163,HLA-A02:06,10062.7,ANZ78847,EVSVCQYNMCE,163,424.0
1180,HLA-A02:06,10117.5,ANZ78847,GIAPKSGYFVN,1180,425.0
1102,HLA-A02:06,10118.03,ANZ78847,QQLSDSTLVKF,1102,426.0
162,HLA-A02:06,10172.72,ANZ78847,LEVSVCQYNMC,162,427.0
1104,HLA-A02:06,10189.48,ANZ78847,LSDSTLVKFSA,1104,428.0
983,HLA-A02:06,10211.13,ANZ78847,TAAAGVPFYLN,983,429.0
7,HLA-A02:06,10211.93,ANZ78847,SLPTAFAVIGD,7,430.0
562,HLA-A02:06,10214.51,ANZ78847,GLAVKSDYCGG,562,431.0
1075,HLA-A02:06,10289.07,ANZ78847,RLDALEAEAQI,1075,432.0
654,HLA-A02:06,10372.27,ANZ78847,WQNLLYDSNGN,654,433.0
273,HLA-A02:06,10373.27,ANZ78847,VTPLTSRQYLL,273,434.0
134,HLA-A02:06,10383.43,ANZ78847,FVNTSYSVVVQ,134,435.0
950,HLA-A02:06,10386.62,ANZ78847,SYKGIKVLPPL,950,436.0
688,HLA-A02:06,10403.77,ANZ78847,SAAFHANSSEP,688,437.0
1094,HLA-A02:06,10413.1,ANZ78847,TALNAYVSQQL,1094,438.0
1035,HLA-A02:06,10453.1,ANZ78847,SALVKIQAVVN,1035,439.0
1066,HLA-A02:06,10526.48,ANZ78847,SSSLQEILSRL,1066,440.0
1225,HLA-A02:06,10533.93,ANZ78847,KAPYVMLNTSI,1225,441.0
93,HLA-A02:06,10543.22,ANZ78847,WFKPPFLSDFI,93,442.0
602,HLA-A02:06,10579.14,ANZ78847,LILHDVNSGLT,602,443.0
276,HLA-A02:06,10605.14,ANZ78847,LTSRQYLLAFN,276,444.0
526,HLA-A02:06,10620.95,ANZ78847,NYLTCHNLCNP,526,445.0
374,HLA-A02:06,10629.37,ANZ78847,LMSFIQADSFT,374,446.0
584,HLA-A02:06,10638.68,ANZ78847,GWSADSCLQGD,584,447.0
188,HLA-A02:06,10779.45,ANZ78847,KELWHMDTGVV,188,448.0
662,HLA-A02:06,10793.84,ANZ78847,NGNLYGFRDYL,662,449.0
279,HLA-A02:06,10802.95,ANZ78847,RQYLLAFNQDG,279,450.0
365,HLA-A02:06,10809.02,ANZ78847,SNCNFNMSSLM,365,451.0
781,HLA-A02:06,10872.67,ANZ78847,TVNSVNDSLEP,781,452.0
423,HLA-A02:06,10897.73,ANZ78847,YLQSFNYRIDT,423,453.0
836,HLA-A02:06,10941.82,ANZ78847,KSQLVEYGSFC,836,454.0
632,HLA-A02:06,10957.42,ANZ78847,YDLYGISGQGI,632,455.0
1007,HLA-A02:06,10980.86,ANZ78847,VLSQNQKLIAN,1007,456.0
1144,HLA-A02:06,11007.58,ANZ78847,LVQNAPYGLYF,1144,457.0
1109,HLA-A02:06,11048.08,ANZ78847,LVKFSAAQAME,1109,458.0
1280,HLA-A02:06,11070.05,ANZ78847,EAIKVLNQSYI,1280,459.0
221,HLA-A02:06,11097.41,ANZ78847,QEGGTFYAYFT,221,460.0
689,HLA-A02:06,11259.01,ANZ78847,AAFHANSSEPA,689,461.0
582,HLA-A02:06,11314.52,ANZ78847,FLGWSADSCLQ,582,462.0
1231,HLA-A02:06,11316.56,ANZ78847,LNTSIPNLPDF,1231,463.0
223,HLA-A02:06,11359.03,ANZ78847,GGTFYAYFTDT,223,464.0
424,HLA-A02:06,11398.87,ANZ78847,LQSFNYRIDTT,424,465.0
351,HLA-A02:06,11448.08,ANZ78847,KSVPSPLNWER,351,466.0
28,HLA-A02:06,11473.34,ANZ78847,SLNNIDTGPPS,28,467.0
767,HLA-A02:06,11478.38,ANZ78847,AITTGYRFTNF,767,468.0
810,HLA-A02:06,11492.61,ANZ78847,EEFIQTSSPKV,810,469.0
213,HLA-A02:06,11530.23,ANZ78847,TYLYFHFYQEG,213,470.0
749,HLA-A02:06,11584.43,ANZ78847,TVGSGYCVDYS,749,471.0
105,HLA-A02:06,11607.38,ANZ78847,GIFAKVKNTKV,105,472.0
1147,HLA-A02:06,11612.94,ANZ78847,NAPYGLYFIHF,1147,473.0
619,HLA-A02:06,11644.59,ANZ78847,KANTDIKLGVC,619,474.0
592,HLA-A02:06,11653.75,ANZ78847,QGDKCNIFANL,592,475.0
26,HLA-A02:06,11679.2,ANZ78847,TGSLNNIDTGP,26,476.0
565,HLA-A02:06,11686.7,ANZ78847,VKSDYCGGNPC,565,477.0
867,HLA-A02:06,11686.98,ANZ78847,VANSLMNGVTL,867,478.0
774,HLA-A02:06,11717.71,ANZ78847,FTNFEPFTVNS,774,479.0
11,HLA-A02:06,11755.77,ANZ78847,AFAVIGDLKCP,11,480.0
524,HLA-A02:06,11783.2,ANZ78847,GTNYLTCHNLC,524,481.0
1334,HLA-A02:06,11783.57,ANZ78847,TSCFKKCGGCC,1334,482.0
637,HLA-A02:06,11796.72,ANZ78847,ISGQGIFVEVN,637,483.0
1274,HLA-A02:06,11813.26,ANZ78847,EMNRLQEAIKV,1274,484.0
1038,HLA-A02:06,11820.72,ANZ78847,VKIQAVVNANA,1038,485.0
1045,HLA-A02:06,11908.77,ANZ78847,NANAEALNNLL,1045,486.0
832,HLA-A02:06,12009.81,ANZ78847,YAACKSQLVEY,832,487.0
1319,HLA-A02:06,12025.23,ANZ78847,MLVLLFFICCC,1319,488.0
1283,HLA-A02:06,12029.14,ANZ78847,KVLNQSYINLK,1283,489.0
1154,HLA-A02:06,12045.45,ANZ78847,FIHFSYVPTKY,1154,490.0
190,HLA-A02:06,12065.35,ANZ78847,LWHMDTGVVSC,190,491.0
1165,HLA-A02:06,12141.62,ANZ78847,VTAKVSPGLCI,1165,492.0
664,HLA-A02:06,12199.8,ANZ78847,NLYGFRDYLTN,664,493.0
951,HLA-A02:06,12202.26,ANZ78847,YKGIKVLPPLL,951,494.0
377,HLA-A02:06,12202.63,ANZ78847,FIQADSFTCNN,377,495.0
1064,HLA-A02:06,12227.67,ANZ78847,AISSSLQEILS,1064,496.0
610,HLA-A02:06,12250.65,ANZ78847,GLTCSTDLQKA,610,497.0
31,HLA-A02:06,12271.75,ANZ78847,NIDTGPPSIST,31,498.0
686,HLA-A02:06,12305.2,ANZ78847,RVSAAFHANSS,686,499.0
1093,HLA-A02:06,12309.35,ANZ78847,LTALNAYVSQQ,1093,500.0
864,HLA-A02:06,12312.76,ANZ78847,QLQVANSLMNG,864,501.0
301,HLA-A02:06,12331.96,ANZ78847,FMSEIKCKTQS,301,502.0
1295,HLA-A02:06,12359.51,ANZ78847,IGTYEYYVKWP,1295,503.0
1344,HLA-A02:06,12424.89,ANZ78847,CDDYTGYQELV,1344,504.0
199,HLA-A02:06,12429.4,ANZ78847,SCLYKRNFTYD,199,505.0
1073,HLA-A02:06,12439.5,ANZ78847,LSRLDALEAEA,1073,506.0
843,HLA-A02:06,12492.85,ANZ78847,GSFCDNINAIL,843,507.0
1042,HLA-A02:06,12508.49,ANZ78847,AVVNANAEALN,1042,508.0
852,HLA-A02:06,12514.45,ANZ78847,ILTEVNELLDT,852,509.0
1272,HLA-A02:06,12539.86,ANZ78847,QVEMNRLQEAI,1272,510.0
974,HLA-A02:06,12548.32,ANZ78847,TSASLFPPWTA,974,511.0
987,HLA-A02:06,12558.07,ANZ78847,GVPFYLNVQYR,987,512.0
483,HLA-A02:06,12614.0,ANZ78847,DVVYAQHCFKA,483,513.0
787,HLA-A02:06,12622.68,ANZ78847,DSLEPVGGLYE,787,514.0
1014,HLA-A02:06,12630.19,ANZ78847,LIANAFNNALD,1014,515.0
891,HLA-A02:06,12681.13,ANZ78847,DINFSSVLGCL,891,516.0
372,HLA-A02:06,12707.43,ANZ78847,SSLMSFIQADS,372,517.0
839,HLA-A02:06,12714.27,ANZ78847,LVEYGSFCDNI,839,518.0
940,HLA-A02:06,12786.26,ANZ78847,AEIRDLICVQS,940,519.0
523,HLA-A02:06,12795.04,ANZ78847,AGTNYLTCHNL,523,520.0
666,HLA-A02:06,12815.02,ANZ78847,YGFRDYLTNRT,666,521.0
520,HLA-A02:06,12818.14,ANZ78847,TCPAGTNYLTC,520,522.0
390,HLA-A02:06,12829.17,ANZ78847,AAKIYGMCFSS,390,523.0
242,HLA-A02:06,12846.08,ANZ78847,NVYLGMALSHY,242,524.0
926,HLA-A02:06,12852.8,ANZ78847,DVGFVAAYNNC,926,525.0
734,HLA-A02:06,12857.71,ANZ78847,NAYNSTAISVQ,734,526.0
853,HLA-A02:06,12895.54,ANZ78847,LTEVNELLDTT,853,527.0
500,HLA-A02:06,12917.63,ANZ78847,CKSNSSLCVGS,500,528.0
250,HLA-A02:06,12927.04,ANZ78847,SHYYVMPLTCI,250,529.0
415,HLA-A02:06,12967.36,ANZ78847,DLQLGNLGYLQ,415,530.0
858,HLA-A02:06,12969.92,ANZ78847,ELLDTTQLQVA,858,531.0
1091,HLA-A02:06,12971.57,ANZ78847,GRLTALNAYVS,1091,532.0
713,HLA-A02:06,12988.41,ANZ78847,NSLTRQLQPIN,713,533.0
350,HLA-A02:06,12991.24,ANZ78847,DKSVPSPLNWE,350,534.0
730,HLA-A02:06,13068.97,ANZ78847,GCVVNAYNSTA,730,535.0
1021,HLA-A02:06,13113.76,ANZ78847,NALDAIQEGFD,1021,536.0
38,HLA-A02:06,13154.7,ANZ78847,SISTATVDVTN,38,537.0
1103,HLA-A02:06,13156.03,ANZ78847,QLSDSTLVKFS,1103,538.0
1015,HLA-A02:06,13159.13,ANZ78847,IANAFNNALDA,1015,539.0
676,HLA-A02:06,13191.74,ANZ78847,TFMIRSCYSGR,676,540.0
910,HLA-A02:06,13216.1,ANZ78847,SRSAIEDLLFD,910,541.0
469,HLA-A02:06,13223.84,ANZ78847,SVFKPQPAGVL,469,542.0
1303,HLA-A02:06,13228.27,ANZ78847,KWPWYVWLLIC,1303,543.0
241,HLA-A02:06,13232.72,ANZ78847,FNVYLGMALSH,241,544.0
169,HLA-A02:06,13248.33,ANZ78847,YNMCEYPHTIC,169,545.0
293,HLA-A02:06,13290.05,ANZ78847,NAVDCMSDFMS,293,546.0
1184,HLA-A02:06,13368.14,ANZ78847,KSGYFVNVNNT,1184,547.0
236,HLA-A02:06,13387.77,ANZ78847,VTKFLFNVYLG,236,548.0
783,HLA-A02:06,13389.16,ANZ78847,NSVNDSLEPVG,783,549.0
1213,HLA-A02:06,13414.47,ANZ78847,VVVMSTCAVNY,1213,550.0
1210,HLA-A02:06,13436.72,ANZ78847,ENNVVVMSTCA,1210,551.0
64,HLA-A02:06,13478.57,ANZ78847,TLFLNGYYPTS,64,552.0
924,HLA-A02:06,13480.29,ANZ78847,LSDVGFVAAYN,924,553.0
1217,HLA-A02:06,13508.84,ANZ78847,STCAVNYTKAP,1217,554.0
640,HLA-A02:06,13512.72,ANZ78847,QGIFVEVNATY,640,555.0
1317,HLA-A02:06,13569.7,ANZ78847,VAMLVLLFFIC,1317,556.0
41,HLA-A02:06,13601.12,ANZ78847,TATVDVTNGLG,41,557.0
465,HLA-A02:06,13629.37,ANZ78847,FIEDSVFKPQP,465,558.0
1190,HLA-A02:06,13689.37,ANZ78847,NVNNTWMYTGS,1190,559.0
870,HLA-A02:06,13710.2,ANZ78847,SLMNGVTLSTK,870,560.0
1061,HLA-A02:06,13732.94,ANZ78847,RFGAISSSLQE,1061,561.0
784,HLA-A02:06,13744.75,ANZ78847,SVNDSLEPVGG,784,562.0
1092,HLA-A02:06,13768.57,ANZ78847,RLTALNAYVSQ,1092,563.0
953,HLA-A02:06,13819.25,ANZ78847,GIKVLPPLLSE,953,564.0
741,HLA-A02:06,13847.85,ANZ78847,ISVQTCDLTVG,741,565.0
1277,HLA-A02:06,13887.65,ANZ78847,RLQEAIKVLNQ,1277,566.0
282,HLA-A02:06,13905.87,ANZ78847,LLAFNQDGIIF,282,567.0
1266,HLA-A02:06,13917.98,ANZ78847,VTFLDLQVEMN,1266,568.0
678,HLA-A02:06,13970.46,ANZ78847,MIRSCYSGRVS,678,569.0
966,HLA-A02:06,14013.28,ANZ78847,ISGYTLAATSA,966,570.0
417,HLA-A02:06,14018.54,ANZ78847,QLGNLGYLQSF,417,571.0
988,HLA-A02:06,14043.59,ANZ78847,VPFYLNVQYRI,988,572.0
1347,HLA-A02:06,14046.66,ANZ78847,YTGYQELVIKT,1347,573.0
1057,HLA-A02:06,14090.98,ANZ78847,QLSNRFGAISS,1057,574.0
136,HLA-A02:06,14129.33,ANZ78847,NTSYSVVVQPR,136,575.0
1126,HLA-A02:06,14131.79,ANZ78847,KSQSSRINFCG,1126,576.0
649,HLA-A02:06,14154.06,ANZ78847,TYYNSWQNLLY,649,577.0
838,HLA-A02:06,14165.07,ANZ78847,QLVEYGSFCDN,838,578.0
955,HLA-A02:06,14171.46,ANZ78847,KVLPPLLSENQ,955,579.0
246,HLA-A02:06,14201.99,ANZ78847,GMALSHYYVMP,246,580.0
1044,HLA-A02:06,14205.22,ANZ78847,VNANAEALNNL,1044,581.0
684,HLA-A02:06,14308.41,ANZ78847,SGRVSAAFHAN,684,582.0
158,HLA-A02:06,14346.64,ANZ78847,LQGLLEVSVCQ,158,583.0
208,HLA-A02:06,14350.39,ANZ78847,YDVNATYLYFH,208,584.0
663,HLA-A02:06,14368.76,ANZ78847,GNLYGFRDYLT,663,585.0
656,HLA-A02:06,14399.85,ANZ78847,NLLYDSNGNLY,656,586.0
687,HLA-A02:06,14408.66,ANZ78847,VSAAFHANSSE,687,587.0
594,HLA-A02:06,14476.78,ANZ78847,DKCNIFANLIL,594,588.0
581,HLA-A02:06,14502.27,ANZ78847,AFLGWSADSCL,581,589.0
814,HLA-A02:06,14542.95,ANZ78847,QTSSPKVTIDC,814,590.0
716,HLA-A02:06,14614.85,ANZ78847,TRQLQPINYFD,716,591.0
309,HLA-A02:06,14673.94,ANZ78847,TQSIAPPTGVY,309,592.0
195,HLA-A02:06,14697.31,ANZ78847,TGVVSCLYKRN,195,593.0
32,HLA-A02:06,14711.75,ANZ78847,IDTGPPSISTA,32,594.0
806,HLA-A02:06,14715.33,ANZ78847,IGNMEEFIQTS,806,595.0
1187,HLA-A02:06,14728.36,ANZ78847,YFVNVNNTWMY,1187,596.0
343,HLA-A02:06,14730.83,ANZ78847,NIEAWLNDKSV,343,597.0
861,HLA-A02:06,14750.5,ANZ78847,DTTQLQVANSL,861,598.0
425,HLA-A02:06,14809.97,ANZ78847,QSFNYRIDTTA,425,599.0
697,HLA-A02:06,14904.4,ANZ78847,EPALLFRNIKC,697,600.0
14,HLA-A02:06,14907.64,ANZ78847,VIGDLKCPLDS,14,601.0
1257,HLA-A02:06,14925.21,ANZ78847,PDLALDYINVT,1257,602.0
1220,HLA-A02:06,14932.89,ANZ78847,AVNYTKAPYVM,1220,603.0
346,HLA-A02:06,15021.6,ANZ78847,AWLNDKSVPSP,346,604.0
59,HLA-A02:06,15027.23,ANZ78847,VYLNTTLFLNG,59,605.0
1004,HLA-A02:06,15034.11,ANZ78847,TMDVLSQNQKL,1004,606.0
979,HLA-A02:06,15076.8,ANZ78847,FPPWTAAAGVP,979,607.0
177,HLA-A02:06,15102.48,ANZ78847,TICHPNLGNHF,177,608.0
800,HLA-A02:06,15152.64,ANZ78847,IPSDFTIGNME,800,609.0
268,HLA-A02:06,15245.04,ANZ78847,TLEYWVTPLTS,268,610.0
928,HLA-A02:06,15294.21,ANZ78847,GFVAAYNNCTG,928,611.0
599,HLA-A02:06,15334.25,ANZ78847,FANLILHDVNS,599,612.0
736,HLA-A02:06,15435.19,ANZ78847,YNSTAISVQTC,736,613.0
862,HLA-A02:06,15438.83,ANZ78847,TTQLQVANSLM,862,614.0
519,HLA-A02:06,15458.84,ANZ78847,GTCPAGTNYLT,519,615.0
289,HLA-A02:06,15459.29,ANZ78847,GIIFNAVDCMS,289,616.0
1216,HLA-A02:06,15548.92,ANZ78847,MSTCAVNYTKA,1216,617.0
1204,HLA-A02:06,15597.35,ANZ78847,YPEPITENNVV,1204,618.0
743,HLA-A02:06,15684.3,ANZ78847,VQTCDLTVGSG,743,619.0
1221,HLA-A02:06,15688.61,ANZ78847,VNYTKAPYVML,1221,620.0
658,HLA-A02:06,15691.06,ANZ78847,LYDSNGNLYGF,658,621.0
1255,HLA-A02:06,15699.81,ANZ78847,VAPDLALDYIN,1255,622.0
277,HLA-A02:06,15710.58,ANZ78847,TSRQYLLAFNQ,277,623.0
952,HLA-A02:06,15716.27,ANZ78847,KGIKVLPPLLS,952,624.0
139,HLA-A02:06,15734.37,ANZ78847,YSVVVQPRTIN,139,625.0
1037,HLA-A02:06,15741.39,ANZ78847,LVKIQAVVNAN,1037,626.0
892,HLA-A02:06,15797.88,ANZ78847,INFSSVLGCLG,892,627.0
831,HLA-A02:06,15810.98,ANZ78847,DYAACKSQLVE,831,628.0
1030,HLA-A02:06,15819.37,ANZ78847,FDATNSALVKI,1030,629.0
283,HLA-A02:06,15831.09,ANZ78847,LAFNQDGIIFN,283,630.0
847,HLA-A02:06,15842.49,ANZ78847,DNINAILTEVN,847,631.0
1143,HLA-A02:06,15876.39,ANZ78847,SLVQNAPYGLY,1143,632.0
1001,HLA-A02:06,15935.66,ANZ78847,LGVTMDVLSQN,1001,633.0
1134,HLA-A02:06,15936.25,ANZ78847,FCGNGNHIISL,1134,634.0
823,HLA-A02:06,15942.34,ANZ78847,DCAAFVCGDYA,823,635.0
1186,HLA-A02:06,15946.19,ANZ78847,GYFVNVNNTWM,1186,636.0
646,HLA-A02:06,16132.68,ANZ78847,VNATYYNSWQN,646,637.0
703,HLA-A02:06,16150.71,ANZ78847,RNIKCNYVFNN,703,638.0
1148,HLA-A02:06,16174.03,ANZ78847,APYGLYFIHFS,1148,639.0
702,HLA-A02:06,16189.52,ANZ78847,FRNIKCNYVFN,702,640.0
1284,HLA-A02:06,16255.65,ANZ78847,VLNQSYINLKD,1284,641.0
480,HLA-A02:06,16312.07,ANZ78847,TNHDVVYAQHC,480,642.0
1117,HLA-A02:06,16327.76,ANZ78847,AMEKVNECVKS,1117,643.0
1000,HLA-A02:06,16342.94,ANZ78847,GLGVTMDVLSQ,1000,644.0
973,HLA-A02:06,16400.79,ANZ78847,ATSASLFPPWT,973,645.0
916,HLA-A02:06,16433.54,ANZ78847,DLLFDKVKLSD,916,646.0
685,HLA-A02:06,16441.05,ANZ78847,GRVSAAFHANS,685,647.0
808,HLA-A02:06,16481.34,ANZ78847,NMEEFIQTSSP,808,648.0
954,HLA-A02:06,16486.04,ANZ78847,IKVLPPLLSEN,954,649.0
363,HLA-A02:06,16494.51,ANZ78847,TFSNCNFNMSS,363,650.0
576,HLA-A02:06,16506.07,ANZ78847,TCQPQAFLGWS,576,651.0
1003,HLA-A02:06,16533.48,ANZ78847,VTMDVLSQNQK,1003,652.0
1155,HLA-A02:06,16558.18,ANZ78847,IHFSYVPTKYV,1155,653.0
1253,HLA-A02:06,16638.48,ANZ78847,TSVAPDLALDY,1253,654.0
643,HLA-A02:06,16697.67,ANZ78847,FVEVNATYYNS,643,655.0
412,HLA-A02:06,16750.82,ANZ78847,RKVDLQLGNLG,412,656.0
135,HLA-A02:06,16758.09,ANZ78847,VNTSYSVVVQP,135,657.0
998,HLA-A02:06,16767.77,ANZ78847,INGLGVTMDVL,998,658.0
1141,HLA-A02:06,16791.99,ANZ78847,IISLVQNAPYG,1141,659.0
659,HLA-A02:06,16793.41,ANZ78847,YDSNGNLYGFR,659,660.0
691,HLA-A02:06,16795.96,ANZ78847,FHANSSEPALL,691,661.0
961,HLA-A02:06,16817.62,ANZ78847,LSENQISGYTL,961,662.0
404,HLA-A02:06,16825.39,ANZ78847,DKFAIPNGRKV,404,663.0
1101,HLA-A02:06,16834.55,ANZ78847,SQQLSDSTLVK,1101,664.0
1278,HLA-A02:06,16850.36,ANZ78847,LQEAIKVLNQS,1278,665.0
456,HLA-A02:06,16917.12,ANZ78847,PSTWNKRFGFI,456,666.0
414,HLA-A02:06,16926.96,ANZ78847,VDLQLGNLGYL,414,667.0
990,HLA-A02:06,16951.86,ANZ78847,FYLNVQYRING,990,668.0
428,HLA-A02:06,16976.31,ANZ78847,NYRIDTTATSC,428,669.0
389,HLA-A02:06,16995.19,ANZ78847,DAAKIYGMCFS,389,670.0
779,HLA-A02:06,17016.26,ANZ78847,PFTVNSVNDSL,779,671.0
1224,HLA-A02:06,17076.5,ANZ78847,TKAPYVMLNTS,1224,672.0
413,HLA-A02:06,17111.74,ANZ78847,KVDLQLGNLGY,413,673.0
813,HLA-A02:06,17211.44,ANZ78847,IQTSSPKVTID,813,674.0
1198,HLA-A02:06,17269.14,ANZ78847,TGSGYYYPEPI,1198,675.0
986,HLA-A02:06,17293.13,ANZ78847,AGVPFYLNVQY,986,676.0
324,HLA-A02:06,17313.4,ANZ78847,YTVQPIADVYR,324,677.0
801,HLA-A02:06,17408.0,ANZ78847,PSDFTIGNMEE,801,678.0
141,HLA-A02:06,17416.31,ANZ78847,VVVQPRTINST,141,679.0
651,HLA-A02:06,17463.34,ANZ78847,YNSWQNLLYDS,651,680.0
927,HLA-A02:06,17478.53,ANZ78847,VGFVAAYNNCT,927,681.0
1032,HLA-A02:06,17485.04,ANZ78847,ATNSALVKIQA,1032,682.0
1024,HLA-A02:06,17534.07,ANZ78847,DAIQEGFDATN,1024,683.0
153,HLA-A02:06,17549.51,ANZ78847,DGVNKLQGLLE,153,684.0
996,HLA-A02:06,17583.08,ANZ78847,YRINGLGVTMD,996,685.0
681,HLA-A02:06,17648.85,ANZ78847,SCYSGRVSAAF,681,686.0
1010,HLA-A02:06,17665.51,ANZ78847,QNQKLIANAFN,1010,687.0
1260,HLA-A02:06,17671.94,ANZ78847,ALDYINVTFLD,1260,688.0
621,HLA-A02:06,17750.25,ANZ78847,NTDIKLGVCVN,621,689.0
1262,HLA-A02:06,17817.78,ANZ78847,DYINVTFLDLQ,1262,690.0
1011,HLA-A02:06,17843.56,ANZ78847,NQKLIANAFNN,1011,691.0
442,HLA-A02:06,17855.5,ANZ78847,YNLPAANVSVS,442,692.0
747,HLA-A02:06,17870.38,ANZ78847,DLTVGSGYCVD,747,693.0
673,HLA-A02:06,17874.44,ANZ78847,TNRTFMIRSCY,673,694.0
1063,HLA-A02:06,17889.7,ANZ78847,GAISSSLQEIL,1063,695.0
296,HLA-A02:06,17922.81,ANZ78847,DCMSDFMSEIK,296,696.0
197,HLA-A02:06,17929.37,ANZ78847,VVSCLYKRNFT,197,697.0
1085,HLA-A02:06,17929.53,ANZ78847,IDRLINGRLTA,1085,698.0
43,HLA-A02:06,17929.99,ANZ78847,TVDVTNGLGTY,43,699.0
254,HLA-A02:06,17943.25,ANZ78847,VMPLTCISRRN,254,700.0
117,HLA-A02:06,17951.97,ANZ78847,KDGVMYSEFPA,117,701.0
184,HLA-A02:06,17978.38,ANZ78847,GNHFKELWHMD,184,702.0
528,HLA-A02:06,18018.97,ANZ78847,LTCHNLCNPDP,528,703.0
626,HLA-A02:06,18036.28,ANZ78847,LGVCVNYDLYG,626,704.0
1053,HLA-A02:06,18064.72,ANZ78847,NLLQQLSNRFG,1053,705.0
171,HLA-A02:06,18065.85,ANZ78847,MCEYPHTICHP,171,706.0
426,HLA-A02:06,18075.58,ANZ78847,SFNYRIDTTAT,426,707.0
893,HLA-A02:06,18084.32,ANZ78847,NFSSVLGCLGS,893,708.0
705,HLA-A02:06,18096.07,ANZ78847,IKCNYVFNNSL,705,709.0
492,HLA-A02:06,18096.52,ANZ78847,KAPKNFCPCKS,492,710.0
1048,HLA-A02:06,18158.33,ANZ78847,AEALNNLLQQL,1048,711.0
729,HLA-A02:06,18215.19,ANZ78847,LGCVVNAYNST,729,712.0
204,HLA-A02:06,18243.18,ANZ78847,RNFTYDVNATY,204,713.0
91,HLA-A02:06,18263.77,ANZ78847,TLWFKPPFLSD,91,714.0
596,HLA-A02:06,18268.41,ANZ78847,CNIFANLILHD,596,715.0
252,HLA-A02:06,18279.13,ANZ78847,YYVMPLTCISR,252,716.0
85,HLA-A02:06,18279.71,ANZ78847,GTDKLSTLWFK,85,717.0
1330,HLA-A02:06,18367.73,ANZ78847,TGCGTSCFKKC,1330,718.0
748,HLA-A02:06,18380.95,ANZ78847,LTVGSGYCVDY,748,719.0
554,HLA-A02:06,18395.95,ANZ78847,VGIGEHCSGLA,554,720.0
411,HLA-A02:06,18399.96,ANZ78847,GRKVDLQLGNL,411,721.0
1323,HLA-A02:06,18415.26,ANZ78847,LFFICCCTGCG,1323,722.0
1227,HLA-A02:06,18423.91,ANZ78847,PYVMLNTSIPN,1227,723.0
647,HLA-A02:06,18431.68,ANZ78847,NATYYNSWQNL,647,724.0
564,HLA-A02:06,18468.27,ANZ78847,AVKSDYCGGNP,564,725.0
446,HLA-A02:06,18471.35,ANZ78847,AANVSVSRFNP,446,726.0
855,HLA-A02:06,18475.0,ANZ78847,EVNELLDTTQL,855,727.0
595,HLA-A02:06,18478.03,ANZ78847,KCNIFANLILH,595,728.0
460,HLA-A02:06,18505.52,ANZ78847,NKRFGFIEDSV,460,729.0
1023,HLA-A02:06,18543.46,ANZ78847,LDAIQEGFDAT,1023,730.0
251,HLA-A02:06,18569.02,ANZ78847,HYYVMPLTCIS,251,731.0
371,HLA-A02:06,18595.92,ANZ78847,MSSLMSFIQAD,371,732.0
573,HLA-A02:06,18632.15,ANZ78847,NPCTCQPQAFL,573,733.0
593,HLA-A02:06,18635.91,ANZ78847,GDKCNIFANLI,593,734.0
73,HLA-A02:06,18679.05,ANZ78847,TSGSTYRNMAL,73,735.0
868,HLA-A02:06,18679.7,ANZ78847,ANSLMNGVTLS,868,736.0
22,HLA-A02:06,18715.64,ANZ78847,LDSRTGSLNNI,22,737.0
641,HLA-A02:06,18753.05,ANZ78847,GIFVEVNATYY,641,738.0
708,HLA-A02:06,18754.21,ANZ78847,NYVFNNSLTRQ,708,739.0
999,HLA-A02:06,18774.13,ANZ78847,NGLGVTMDVLS,999,740.0
50,HLA-A02:06,18803.34,ANZ78847,LGTYYVLDRVY,50,741.0
630,HLA-A02:06,18855.28,ANZ78847,VNYDLYGISGQ,630,742.0
797,HLA-A02:06,18860.25,ANZ78847,EIQIPSDFTIG,797,743.0
367,HLA-A02:06,18865.47,ANZ78847,CNFNMSSLMSF,367,744.0
145,HLA-A02:06,18906.43,ANZ78847,PRTINSTQDGV,145,745.0
1089,HLA-A02:06,18925.23,ANZ78847,INGRLTALNAY,1089,746.0
515,HLA-A02:06,18926.4,ANZ78847,NNGIGTCPAGT,515,747.0
1281,HLA-A02:06,18929.47,ANZ78847,AIKVLNQSYIN,1281,748.0
585,HLA-A02:06,18931.21,ANZ78847,WSADSCLQGDK,585,749.0
1020,HLA-A02:06,19071.22,ANZ78847,NNALDAIQEGF,1020,750.0
600,HLA-A02:06,19118.38,ANZ78847,ANLILHDVNSG,600,751.0
1153,HLA-A02:06,19134.48,ANZ78847,YFIHFSYVPTK,1153,752.0
1112,HLA-A02:06,19145.37,ANZ78847,FSAAQAMEKVN,1112,753.0
745,HLA-A02:06,19146.59,ANZ78847,TCDLTVGSGYC,745,754.0
143,HLA-A02:06,19227.27,ANZ78847,VQPRTINSTQD,143,755.0
1169,HLA-A02:06,19248.26,ANZ78847,VSPGLCIAGDR,1169,756.0
79,HLA-A02:06,19269.23,ANZ78847,RNMALKGTDKL,79,757.0
305,HLA-A02:06,19272.27,ANZ78847,IKCKTQSIAPP,305,758.0
81,HLA-A02:06,19288.21,ANZ78847,MALKGTDKLST,81,759.0
873,HLA-A02:06,19310.07,ANZ78847,NGVTLSTKLKD,873,760.0
773,HLA-A02:06,19334.87,ANZ78847,RFTNFEPFTVN,773,761.0
397,HLA-A02:06,19351.5,ANZ78847,CFSSITIDKFA,397,762.0
624,HLA-A02:06,19376.91,ANZ78847,IKLGVCVNYDL,624,763.0
579,HLA-A02:06,19421.28,ANZ78847,PQAFLGWSADS,579,764.0
766,HLA-A02:06,19446.05,ANZ78847,RAITTGYRFTN,766,765.0
448,HLA-A02:06,19465.07,ANZ78847,NVSVSRFNPST,448,766.0
1267,HLA-A02:06,19494.06,ANZ78847,TFLDLQVEMNR,1267,767.0
625,HLA-A02:06,19505.14,ANZ78847,KLGVCVNYDLY,625,768.0
210,HLA-A02:06,19521.47,ANZ78847,VNATYLYFHFY,210,769.0
1173,HLA-A02:06,19535.11,ANZ78847,LCIAGDRGIAP,1173,770.0
1082,HLA-A02:06,19536.34,ANZ78847,EAQIDRLINGR,1082,771.0
537,HLA-A02:06,19549.1,ANZ78847,DPITFTGPYKC,537,772.0
561,HLA-A02:06,19550.49,ANZ78847,SGLAVKSDYCG,561,773.0
914,HLA-A02:06,19571.49,ANZ78847,IEDLLFDKVKL,914,774.0
123,HLA-A02:06,19586.29,ANZ78847,SEFPAITIGST,123,775.0
881,HLA-A02:06,19602.48,ANZ78847,LKDGVNFNVDD,881,776.0
1285,HLA-A02:06,19624.52,ANZ78847,LNQSYINLKDI,1285,777.0
1249,HLA-A02:06,19630.85,ANZ78847,FKNQTSVAPDL,1249,778.0
885,HLA-A02:06,19637.74,ANZ78847,VNFNVDDINFS,885,779.0
179,HLA-A02:06,19710.16,ANZ78847,CHPNLGNHFKE,179,780.0
1172,HLA-A02:06,19712.67,ANZ78847,GLCIAGDRGIA,1172,781.0
92,HLA-A02:06,19800.72,ANZ78847,LWFKPPFLSDF,92,782.0
150,HLA-A02:06,19803.54,ANZ78847,STQDGVNKLQG,150,783.0
1002,HLA-A02:06,19807.74,ANZ78847,GVTMDVLSQNQ,1002,784.0
611,HLA-A02:06,19833.43,ANZ78847,LTCSTDLQKAN,611,785.0
443,HLA-A02:06,19835.25,ANZ78847,NLPAANVSVSR,443,786.0
715,HLA-A02:06,19839.32,ANZ78847,LTRQLQPINYF,715,787.0
61,HLA-A02:06,19909.71,ANZ78847,LNTTLFLNGYY,61,788.0
913,HLA-A02:06,19928.91,ANZ78847,AIEDLLFDKVK,913,789.0
288,HLA-A02:06,19930.8,ANZ78847,DGIIFNAVDCM,288,790.0
1137,HLA-A02:06,19950.66,ANZ78847,NGNHIISLVQN,1137,791.0
513,HLA-A02:06,19953.2,ANZ78847,GKNNGIGTCPA,513,792.0
936,HLA-A02:06,19990.83,ANZ78847,CTGGAEIRDLI,936,793.0
906,HLA-A02:06,19995.79,ANZ78847,SKASSRSAIED,906,794.0
471,HLA-A02:06,20015.31,ANZ78847,FKPQPAGVLTN,471,795.0
418,HLA-A02:06,20070.85,ANZ78847,LGNLGYLQSFN,418,796.0
995,HLA-A02:06,20086.91,ANZ78847,QYRINGLGVTM,995,797.0
189,HLA-A02:06,20106.82,ANZ78847,ELWHMDTGVVS,189,798.0
466,HLA-A02:06,20140.06,ANZ78847,IEDSVFKPQPA,466,799.0
1332,HLA-A02:06,20163.66,ANZ78847,CGTSCFKKCGG,1332,800.0
339,HLA-A02:06,20232.94,ANZ78847,LPNCNIEAWLN,339,801.0
854,HLA-A02:06,20258.72,ANZ78847,TEVNELLDTTQ,854,802.0
1286,HLA-A02:06,20315.99,ANZ78847,NQSYINLKDIG,1286,803.0
502,HLA-A02:06,20328.92,ANZ78847,SNSSLCVGSGP,502,804.0
531,HLA-A02:06,20362.43,ANZ78847,HNLCNPDPITF,531,805.0
1247,HLA-A02:06,20402.62,ANZ78847,QWFKNQTSVAP,1247,806.0
932,HLA-A02:06,20425.3,ANZ78847,AYNNCTGGAEI,932,807.0
529,HLA-A02:06,20430.22,ANZ78847,TCHNLCNPDPI,529,808.0
967,HLA-A02:06,20444.14,ANZ78847,SGYTLAATSAS,967,809.0
563,HLA-A02:06,20445.57,ANZ78847,LAVKSDYCGGN,563,810.0
487,HLA-A02:06,20449.06,ANZ78847,AQHCFKAPKNF,487,811.0
115,HLA-A02:06,20527.96,ANZ78847,VFKDGVMYSEF,115,812.0
256,HLA-A02:06,20531.19,ANZ78847,PLTCISRRNIG,256,813.0
427,HLA-A02:06,20555.62,ANZ78847,FNYRIDTTATS,427,814.0
1166,HLA-A02:06,20618.04,ANZ78847,TAKVSPGLCIA,1166,815.0
110,HLA-A02:06,20634.16,ANZ78847,VKNTKVFKDGV,110,816.0
420,HLA-A02:06,20657.25,ANZ78847,NLGYLQSFNYR,420,817.0
95,HLA-A02:06,20660.61,ANZ78847,KPPFLSDFING,95,818.0
516,HLA-A02:06,20666.98,ANZ78847,NGIGTCPAGTN,516,819.0
381,HLA-A02:06,20667.23,ANZ78847,DSFTCNNIDAA,381,820.0
1058,HLA-A02:06,20673.21,ANZ78847,LSNRFGAISSS,1058,821.0
1222,HLA-A02:06,20695.63,ANZ78847,NYTKAPYVMLN,1222,822.0
440,HLA-A02:06,20701.48,ANZ78847,LYYNLPAANVS,440,823.0
336,HLA-A02:06,20742.39,ANZ78847,KPDLPNCNIEA,336,824.0
298,HLA-A02:06,20789.03,ANZ78847,MSDFMSEIKCK,298,825.0
479,HLA-A02:06,20792.31,ANZ78847,LTNHDVVYAQH,479,826.0
792,HLA-A02:06,20808.83,ANZ78847,VGGLYEIQIPS,792,827.0
101,HLA-A02:06,20818.84,ANZ78847,DFINGIFAKVK,101,828.0
318,HLA-A02:06,20836.22,ANZ78847,VYELNGYTVQP,318,829.0
94,HLA-A02:06,20852.97,ANZ78847,FKPPFLSDFIN,94,830.0
546,HLA-A02:06,20880.01,ANZ78847,KCPQSKSLVGI,546,831.0
39,HLA-A02:06,20880.69,ANZ78847,ISTATVDVTNG,39,832.0
1226,HLA-A02:06,20883.98,ANZ78847,APYVMLNTSIP,1226,833.0
946,HLA-A02:06,20885.4,ANZ78847,ICVQSYKGIKV,946,834.0
312,HLA-A02:06,20965.96,ANZ78847,IAPPTGVYELN,312,835.0
655,HLA-A02:06,20982.16,ANZ78847,QNLLYDSNGNL,655,836.0
380,HLA-A02:06,20982.72,ANZ78847,ADSFTCNNIDA,380,837.0
231,HLA-A02:06,21012.55,ANZ78847,TDTGVVTKFLF,231,838.0
889,HLA-A02:06,21044.47,ANZ78847,VDDINFSSVLG,889,839.0
948,HLA-A02:06,21061.19,ANZ78847,VQSYKGIKVLP,948,840.0
137,HLA-A02:06,21074.1,ANZ78847,TSYSVVVQPRT,137,841.0
99,HLA-A02:06,21133.73,ANZ78847,LSDFINGIFAK,99,842.0
727,HLA-A02:06,21162.27,ANZ78847,SYLGCVVNAYN,727,843.0
1046,HLA-A02:06,21194.35,ANZ78847,ANAEALNNLLQ,1046,844.0
126,HLA-A02:06,21223.59,ANZ78847,PAITIGSTFVN,126,845.0
1138,HLA-A02:06,21307.65,ANZ78847,GNHIISLVQNA,1138,846.0
302,HLA-A02:06,21308.02,ANZ78847,MSEIKCKTQSI,302,847.0
1136,HLA-A02:06,21346.78,ANZ78847,GNGNHIISLVQ,1136,848.0
670,HLA-A02:06,21355.09,ANZ78847,DYLTNRTFMIR,670,849.0
84,HLA-A02:06,21441.4,ANZ78847,KGTDKLSTLWF,84,850.0
1348,HLA-A02:06,21443.79,ANZ78847,TGYQELVIKTS,1348,851.0
1043,HLA-A02:06,21452.17,ANZ78847,VVNANAEALNN,1043,852.0
338,HLA-A02:06,21457.78,ANZ78847,DLPNCNIEAWL,338,853.0
1350,HLA-A02:06,21464.44,ANZ78847,YQELVIKTSHD,1350,854.0
790,HLA-A02:06,21509.69,ANZ78847,EPVGGLYEIQI,790,855.0
1120,HLA-A02:06,21519.06,ANZ78847,KVNECVKSQSS,1120,856.0
569,HLA-A02:06,21544.19,ANZ78847,YCGGNPCTCQP,569,857.0
459,HLA-A02:06,21578.54,ANZ78847,WNKRFGFIEDS,459,858.0
56,HLA-A02:06,21637.7,ANZ78847,LDRVYLNTTLF,56,859.0
1116,HLA-A02:06,21655.18,ANZ78847,QAMEKVNECVK,1116,860.0
232,HLA-A02:06,21656.65,ANZ78847,DTGVVTKFLFN,232,861.0
192,HLA-A02:06,21711.09,ANZ78847,HMDTGVVSCLY,192,862.0
1252,HLA-A02:06,21735.95,ANZ78847,QTSVAPDLALD,1252,863.0
1131,HLA-A02:06,21762.46,ANZ78847,RINFCGNGNHI,1131,864.0
140,HLA-A02:06,21796.67,ANZ78847,SVVVQPRTINS,140,865.0
1202,HLA-A02:06,21809.02,ANZ78847,YYYPEPITENN,1202,866.0
930,HLA-A02:06,21828.29,ANZ78847,VAAYNNCTGGA,930,867.0
711,HLA-A02:06,21863.13,ANZ78847,FNNSLTRQLQP,711,868.0
47,HLA-A02:06,21870.61,ANZ78847,TNGLGTYYVLD,47,869.0
352,HLA-A02:06,21913.68,ANZ78847,SVPSPLNWERK,352,870.0
1215,HLA-A02:06,21933.23,ANZ78847,VMSTCAVNYTK,1215,871.0
332,HLA-A02:06,21934.39,ANZ78847,VYRRKPDLPNC,332,872.0
168,HLA-A02:06,21959.44,ANZ78847,QYNMCEYPHTI,168,873.0
735,HLA-A02:06,21967.08,ANZ78847,AYNSTAISVQT,735,874.0
194,HLA-A02:06,21967.54,ANZ78847,DTGVVSCLYKR,194,875.0
1065,HLA-A02:06,21967.68,ANZ78847,ISSSLQEILSR,1065,876.0
52,HLA-A02:06,21993.47,ANZ78847,TYYVLDRVYLN,52,877.0
830,HLA-A02:06,22030.05,ANZ78847,GDYAACKSQLV,830,878.0
1081,HLA-A02:06,22070.3,ANZ78847,AEAQIDRLING,1081,879.0
1050,HLA-A02:06,22072.06,ANZ78847,ALNNLLQQLSN,1050,880.0
1276,HLA-A02:06,22076.63,ANZ78847,NRLQEAIKVLN,1276,881.0
1242,HLA-A02:06,22126.91,ANZ78847,REELDQWFKNQ,1242,882.0
1146,HLA-A02:06,22151.65,ANZ78847,QNAPYGLYFIH,1146,883.0
146,HLA-A02:06,22152.1,ANZ78847,RTINSTQDGVN,146,884.0
791,HLA-A02:06,22202.33,ANZ78847,PVGGLYEIQIP,791,885.0
532,HLA-A02:06,22206.63,ANZ78847,NLCNPDPITFT,532,886.0
1182,HLA-A02:06,22282.48,ANZ78847,APKSGYFVNVN,1182,887.0
475,HLA-A02:06,22307.69,ANZ78847,PAGVLTNHDVV,475,888.0
201,HLA-A02:06,22318.74,ANZ78847,LYKRNFTYDVN,201,889.0
905,HLA-A02:06,22330.75,ANZ78847,CSKASSRSAIE,905,890.0
1129,HLA-A02:06,22340.38,ANZ78847,SSRINFCGNGN,1129,891.0
598,HLA-A02:06,22343.68,ANZ78847,IFANLILHDVN,598,892.0
36,HLA-A02:06,22385.33,ANZ78847,PPSISTATVDV,36,893.0
802,HLA-A02:06,22423.79,ANZ78847,SDFTIGNMEEF,802,894.0
291,HLA-A02:06,22445.87,ANZ78847,IFNAVDCMSDF,291,895.0
335,HLA-A02:06,22473.51,ANZ78847,RKPDLPNCNIE,335,896.0
560,HLA-A02:06,22581.2,ANZ78847,CSGLAVKSDYC,560,897.0
216,HLA-A02:06,22588.43,ANZ78847,YFHFYQEGGTF,216,898.0
97,HLA-A02:06,22640.61,ANZ78847,PFLSDFINGIF,97,899.0
379,HLA-A02:06,22660.27,ANZ78847,QADSFTCNNID,379,900.0
320,HLA-A02:06,22685.44,ANZ78847,ELNGYTVQPIA,320,901.0
315,HLA-A02:06,22694.36,ANZ78847,PTGVYELNGYT,315,902.0
674,HLA-A02:06,22705.72,ANZ78847,NRTFMIRSCYS,674,903.0
129,HLA-A02:06,22735.0,ANZ78847,TIGSTFVNTSY,129,904.0
410,HLA-A02:06,22743.68,ANZ78847,NGRKVDLQLGN,410,905.0
770,HLA-A02:06,22758.03,ANZ78847,TGYRFTNFEPF,770,906.0
911,HLA-A02:06,22799.82,ANZ78847,RSAIEDLLFDK,911,907.0
86,HLA-A02:06,22813.79,ANZ78847,TDKLSTLWFKP,86,908.0
789,HLA-A02:06,22816.64,ANZ78847,LEPVGGLYEIQ,789,909.0
583,HLA-A02:06,22834.35,ANZ78847,LGWSADSCLQG,583,910.0
650,HLA-A02:06,22887.61,ANZ78847,YYNSWQNLLYD,650,911.0
275,HLA-A02:06,22887.7,ANZ78847,PLTSRQYLLAF,275,912.0
138,HLA-A02:06,22947.0,ANZ78847,SYSVVVQPRTI,138,913.0
395,HLA-A02:06,22965.02,ANZ78847,GMCFSSITIDK,395,914.0
155,HLA-A02:06,22967.79,ANZ78847,VNKLQGLLEVS,155,915.0
306,HLA-A02:06,23019.06,ANZ78847,KCKTQSIAPPT,306,916.0
207,HLA-A02:06,23019.26,ANZ78847,TYDVNATYLYF,207,917.0
164,HLA-A02:06,23057.71,ANZ78847,VSVCQYNMCEY,164,918.0
633,HLA-A02:06,23097.25,ANZ78847,DLYGISGQGIF,633,919.0
30,HLA-A02:06,23099.19,ANZ78847,NNIDTGPPSIS,30,920.0
497,HLA-A02:06,23104.64,ANZ78847,FCPCKSNSSLC,497,921.0
464,HLA-A02:06,23116.13,ANZ78847,GFIEDSVFKPQ,464,922.0
815,HLA-A02:06,23126.3,ANZ78847,TSSPKVTIDCA,815,923.0
304,HLA-A02:06,23128.43,ANZ78847,EIKCKTQSIAP,304,924.0
176,HLA-A02:06,23134.94,ANZ78847,HTICHPNLGNH,176,925.0
1029,HLA-A02:06,23158.57,ANZ78847,GFDATNSALVK,1029,926.0
321,HLA-A02:06,23181.59,ANZ78847,LNGYTVQPIAD,321,927.0
1326,HLA-A02:06,23230.16,ANZ78847,ICCCTGCGTSC,1326,928.0
1248,HLA-A02:06,23239.96,ANZ78847,WFKNQTSVAPD,1248,929.0
307,HLA-A02:06,23259.27,ANZ78847,CKTQSIAPPTG,307,930.0
203,HLA-A02:06,23274.2,ANZ78847,KRNFTYDVNAT,203,931.0
274,HLA-A02:06,23282.22,ANZ78847,TPLTSRQYLLA,274,932.0
907,HLA-A02:06,23301.03,ANZ78847,KASSRSAIEDL,907,933.0
660,HLA-A02:06,23325.91,ANZ78847,DSNGNLYGFRD,660,934.0
1133,HLA-A02:06,23330.29,ANZ78847,NFCGNGNHIIS,1133,935.0
541,HLA-A02:06,23413.96,ANZ78847,FTGPYKCPQSK,541,936.0
642,HLA-A02:06,23413.97,ANZ78847,IFVEVNATYYN,642,937.0
628,HLA-A02:06,23448.69,ANZ78847,VCVNYDLYGIS,628,938.0
795,HLA-A02:06,23462.77,ANZ78847,LYEIQIPSDFT,795,939.0
198,HLA-A02:06,23471.97,ANZ78847,VSCLYKRNFTY,198,940.0
1296,HLA-A02:06,23523.99,ANZ78847,GTYEYYVKWPW,1296,941.0
706,HLA-A02:06,23541.68,ANZ78847,KCNYVFNNSLT,706,942.0
898,HLA-A02:06,23553.85,ANZ78847,LGCLGSECSKA,898,943.0
692,HLA-A02:06,23571.26,ANZ78847,HANSSEPALLF,692,944.0
605,HLA-A02:06,23601.49,ANZ78847,HDVNSGLTCST,605,945.0
653,HLA-A02:06,23607.17,ANZ78847,SWQNLLYDSNG,653,946.0
1019,HLA-A02:06,23636.43,ANZ78847,FNNALDAIQEG,1019,947.0
130,HLA-A02:06,23636.46,ANZ78847,IGSTFVNTSYS,130,948.0
707,HLA-A02:06,23683.48,ANZ78847,CNYVFNNSLTR,707,949.0
908,HLA-A02:06,23685.04,ANZ78847,ASSRSAIEDLL,908,950.0
185,HLA-A02:06,23740.22,ANZ78847,NHFKELWHMDT,185,951.0
623,HLA-A02:06,23800.68,ANZ78847,DIKLGVCVNYD,623,952.0
33,HLA-A02:06,23844.73,ANZ78847,DTGPPSISTAT,33,953.0
934,HLA-A02:06,23845.47,ANZ78847,NNCTGGAEIRD,934,954.0
1052,HLA-A02:06,23874.82,ANZ78847,NNLLQQLSNRF,1052,955.0
613,HLA-A02:06,23961.42,ANZ78847,CSTDLQKANTD,613,956.0
1084,HLA-A02:06,23975.81,ANZ78847,QIDRLINGRLT,1084,957.0
243,HLA-A02:06,23980.51,ANZ78847,VYLGMALSHYY,243,958.0
258,HLA-A02:06,23989.95,ANZ78847,TCISRRNIGFT,258,959.0
1125,HLA-A02:06,24006.11,ANZ78847,VKSQSSRINFC,1125,960.0
1243,HLA-A02:06,24022.59,ANZ78847,EELDQWFKNQT,1243,961.0
992,HLA-A02:06,24048.64,ANZ78847,LNVQYRINGLG,992,962.0
958,HLA-A02:06,24057.93,ANZ78847,PPLLSENQISG,958,963.0
616,HLA-A02:06,24077.01,ANZ78847,DLQKANTDIKL,616,964.0
1095,HLA-A02:06,24102.84,ANZ78847,ALNAYVSQQLS,1095,965.0
229,HLA-A02:06,24190.29,ANZ78847,YFTDTGVVTKF,229,966.0
939,HLA-A02:06,24205.86,ANZ78847,GAEIRDLICVQ,939,967.0
450,HLA-A02:06,24211.62,ANZ78847,SVSRFNPSTWN,450,968.0
737,HLA-A02:06,24223.04,ANZ78847,NSTAISVQTCD,737,969.0
486,HLA-A02:06,24234.2,ANZ78847,YAQHCFKAPKN,486,970.0
142,HLA-A02:06,24257.27,ANZ78847,VVQPRTINSTQ,142,971.0
1207,HLA-A02:06,24275.66,ANZ78847,PITENNVVVMS,1207,972.0
629,HLA-A02:06,24303.2,ANZ78847,CVNYDLYGISG,629,973.0
962,HLA-A02:06,24401.21,ANZ78847,SENQISGYTLA,962,974.0
329,HLA-A02:06,24429.18,ANZ78847,IADVYRRKPDL,329,975.0
65,HLA-A02:06,24433.24,ANZ78847,LFLNGYYPTSG,65,976.0
1027,HLA-A02:06,24441.62,ANZ78847,QEGFDATNSAL,1027,977.0
8,HLA-A02:06,24501.35,ANZ78847,LPTAFAVIGDL,8,978.0
718,HLA-A02:06,24555.92,ANZ78847,QLQPINYFDSY,718,979.0
182,HLA-A02:06,24558.38,ANZ78847,NLGNHFKELWH,182,980.0
785,HLA-A02:06,24586.57,ANZ78847,VNDSLEPVGGL,785,981.0
1149,HLA-A02:06,24590.76,ANZ78847,PYGLYFIHFSY,1149,982.0
366,HLA-A02:06,24623.44,ANZ78847,NCNFNMSSLMS,366,983.0
1232,HLA-A02:06,24635.9,ANZ78847,NTSIPNLPDFR,1232,984.0
1074,HLA-A02:06,24661.63,ANZ78847,SRLDALEAEAQ,1074,985.0
505,HLA-A02:06,24662.47,ANZ78847,SLCVGSGPGKN,505,986.0
107,HLA-A02:06,24674.84,ANZ78847,FAKVKNTKVFK,107,987.0
937,HLA-A02:06,24711.85,ANZ78847,TGGAEIRDLIC,937,988.0
326,HLA-A02:06,24761.34,ANZ78847,VQPIADVYRRK,326,989.0
1201,HLA-A02:06,24813.97,ANZ78847,GYYYPEPITEN,1201,990.0
935,HLA-A02:06,24826.44,ANZ78847,NCTGGAEIRDL,935,991.0
909,HLA-A02:06,24883.9,ANZ78847,SSRSAIEDLLF,909,992.0
1128,HLA-A02:06,24889.27,ANZ78847,QSSRINFCGNG,1128,993.0
376,HLA-A02:06,24939.75,ANZ78847,SFIQADSFTCN,376,994.0
1059,HLA-A02:06,24943.31,ANZ78847,SNRFGAISSSL,1059,995.0
614,HLA-A02:06,24977.53,ANZ78847,STDLQKANTDI,614,996.0
694,HLA-A02:06,25002.68,ANZ78847,NSSEPALLFRN,694,997.0
884,HLA-A02:06,25047.14,ANZ78847,GVNFNVDDINF,884,998.0
340,HLA-A02:06,25054.4,ANZ78847,PNCNIEAWLND,340,999.0
856,HLA-A02:06,25061.92,ANZ78847,VNELLDTTQLQ,856,1000.0
807,HLA-A02:06,25082.02,ANZ78847,GNMEEFIQTSS,807,1001.0
511,HLA-A02:06,25109.5,ANZ78847,GPGKNNGIGTC,511,1002.0
698,HLA-A02:06,25135.24,ANZ78847,PALLFRNIKCN,698,1003.0
726,HLA-A02:06,25157.64,ANZ78847,DSYLGCVVNAY,726,1004.0
617,HLA-A02:06,25159.38,ANZ78847,LQKANTDIKLG,617,1005.0
461,HLA-A02:06,25167.97,ANZ78847,KRFGFIEDSVF,461,1006.0
679,HLA-A02:06,25183.81,ANZ78847,IRSCYSGRVSA,679,1007.0
1006,HLA-A02:06,25191.49,ANZ78847,DVLSQNQKLIA,1006,1008.0
874,HLA-A02:06,25193.7,ANZ78847,GVTLSTKLKDG,874,1009.0
549,HLA-A02:06,25221.99,ANZ78847,QSKSLVGIGEH,549,1010.0
835,HLA-A02:06,25252.62,ANZ78847,CKSQLVEYGSF,835,1011.0
1060,HLA-A02:06,25268.58,ANZ78847,NRFGAISSSLQ,1060,1012.0
696,HLA-A02:06,25284.1,ANZ78847,SEPALLFRNIK,696,1013.0
299,HLA-A02:06,25299.33,ANZ78847,SDFMSEIKCKT,299,1014.0
1205,HLA-A02:06,25322.41,ANZ78847,PEPITENNVVV,1205,1015.0
1194,HLA-A02:06,25338.6,ANZ78847,TWMYTGSGYYY,1194,1016.0
588,HLA-A02:06,25353.38,ANZ78847,DSCLQGDKCNI,588,1017.0
739,HLA-A02:06,25386.88,ANZ78847,TAISVQTCDLT,739,1018.0
701,HLA-A02:06,25406.48,ANZ78847,LFRNIKCNYVF,701,1019.0
222,HLA-A02:06,25420.52,ANZ78847,EGGTFYAYFTD,222,1020.0
753,HLA-A02:06,25436.04,ANZ78847,GYCVDYSKNRR,753,1021.0
1293,HLA-A02:06,25459.02,ANZ78847,KDIGTYEYYVK,1293,1022.0
1005,HLA-A02:06,25462.68,ANZ78847,MDVLSQNQKLI,1005,1023.0
474,HLA-A02:06,25474.24,ANZ78847,QPAGVLTNHDV,474,1024.0
925,HLA-A02:06,25517.38,ANZ78847,SDVGFVAAYNN,925,1025.0
488,HLA-A02:06,25520.11,ANZ78847,QHCFKAPKNFC,488,1026.0
822,HLA-A02:06,25530.05,ANZ78847,IDCAAFVCGDY,822,1027.0
510,HLA-A02:06,25530.64,ANZ78847,SGPGKNNGIGT,510,1028.0
860,HLA-A02:06,25547.83,ANZ78847,LDTTQLQVANS,860,1029.0
1288,HLA-A02:06,25554.1,ANZ78847,SYINLKDIGTY,1288,1030.0
947,HLA-A02:06,25576.92,ANZ78847,CVQSYKGIKVL,947,1031.0
70,HLA-A02:06,25578.78,ANZ78847,YYPTSGSTYRN,70,1032.0
682,HLA-A02:06,25590.87,ANZ78847,CYSGRVSAAFH,682,1033.0
1192,HLA-A02:06,25592.9,ANZ78847,NNTWMYTGSGY,1192,1034.0
170,HLA-A02:06,25632.35,ANZ78847,NMCEYPHTICH,170,1035.0
744,HLA-A02:06,25666.44,ANZ78847,QTCDLTVGSGY,744,1036.0
645,HLA-A02:06,25770.89,ANZ78847,EVNATYYNSWQ,645,1037.0
878,HLA-A02:06,25797.17,ANZ78847,STKLKDGVNFN,878,1038.0
15,HLA-A02:06,25798.36,ANZ78847,IGDLKCPLDSR,15,1039.0
444,HLA-A02:06,25798.69,ANZ78847,LPAANVSVSRF,444,1040.0
1122,HLA-A02:06,25815.85,ANZ78847,NECVKSQSSRI,1122,1041.0
1077,HLA-A02:06,25889.92,ANZ78847,DALEAEAQIDR,1077,1042.0
1047,HLA-A02:06,25902.14,ANZ78847,NAEALNNLLQQ,1047,1043.0
180,HLA-A02:06,25932.63,ANZ78847,HPNLGNHFKEL,180,1044.0
883,HLA-A02:06,25972.75,ANZ78847,DGVNFNVDDIN,883,1045.0
345,HLA-A02:06,26002.01,ANZ78847,EAWLNDKSVPS,345,1046.0
408,HLA-A02:06,26014.14,ANZ78847,IPNGRKVDLQL,408,1047.0
422,HLA-A02:06,26055.83,ANZ78847,GYLQSFNYRID,422,1048.0
388,HLA-A02:06,26061.28,ANZ78847,IDAAKIYGMCF,388,1049.0
1345,HLA-A02:06,26062.38,ANZ78847,DDYTGYQELVI,1345,1050.0
959,HLA-A02:06,26164.91,ANZ78847,PLLSENQISGY,959,1051.0
1290,HLA-A02:06,26201.79,ANZ78847,INLKDIGTYEY,1290,1052.0
1341,HLA-A02:06,26250.44,ANZ78847,GGCCDDYTGYQ,1341,1053.0
545,HLA-A02:06,26256.31,ANZ78847,YKCPQSKSLVG,545,1054.0
710,HLA-A02:06,26306.25,ANZ78847,VFNNSLTRQLQ,710,1055.0
166,HLA-A02:06,26309.38,ANZ78847,VCQYNMCEYPH,166,1056.0
1080,HLA-A02:06,26324.27,ANZ78847,EAEAQIDRLIN,1080,1057.0
539,HLA-A02:06,26349.66,ANZ78847,ITFTGPYKCPQ,539,1058.0
652,HLA-A02:06,26355.72,ANZ78847,NSWQNLLYDSN,652,1059.0
504,HLA-A02:06,26360.09,ANZ78847,SSLCVGSGPGK,504,1060.0
202,HLA-A02:06,26364.97,ANZ78847,YKRNFTYDVNA,202,1061.0
817,HLA-A02:06,26369.68,ANZ78847,SPKVTIDCAAF,817,1062.0
578,HLA-A02:06,26370.7,ANZ78847,QPQAFLGWSAD,578,1063.0
1250,HLA-A02:06,26373.73,ANZ78847,KNQTSVAPDLA,1250,1064.0
445,HLA-A02:06,26447.3,ANZ78847,PAANVSVSRFN,445,1065.0
589,HLA-A02:06,26484.56,ANZ78847,SCLQGDKCNIF,589,1066.0
503,HLA-A02:06,26498.43,ANZ78847,NSSLCVGSGPG,503,1067.0
217,HLA-A02:06,26532.9,ANZ78847,FHFYQEGGTFY,217,1068.0
407,HLA-A02:06,26585.85,ANZ78847,AIPNGRKVDLQ,407,1069.0
776,HLA-A02:06,26591.83,ANZ78847,NFEPFTVNSVN,776,1070.0
918,HLA-A02:06,26618.4,ANZ78847,LFDKVKLSDVG,918,1071.0
941,HLA-A02:06,26655.99,ANZ78847,EIRDLICVQSY,941,1072.0
557,HLA-A02:06,26675.34,ANZ78847,GEHCSGLAVKS,557,1073.0
470,HLA-A02:06,26684.68,ANZ78847,VFKPQPAGVLT,470,1074.0
882,HLA-A02:06,26711.4,ANZ78847,KDGVNFNVDDI,882,1075.0
574,HLA-A02:06,26755.87,ANZ78847,PCTCQPQAFLG,574,1076.0
1193,HLA-A02:06,26776.48,ANZ78847,NTWMYTGSGYY,1193,1077.0
752,HLA-A02:06,26786.51,ANZ78847,SGYCVDYSKNR,752,1078.0
693,HLA-A02:06,26818.57,ANZ78847,ANSSEPALLFR,693,1079.0
900,HLA-A02:06,26835.04,ANZ78847,CLGSECSKASS,900,1080.0
840,HLA-A02:06,26878.42,ANZ78847,VEYGSFCDNIN,840,1081.0
834,HLA-A02:06,26978.22,ANZ78847,ACKSQLVEYGS,834,1082.0
777,HLA-A02:06,26995.96,ANZ78847,FEPFTVNSVND,777,1083.0
476,HLA-A02:06,26997.86,ANZ78847,AGVLTNHDVVY,476,1084.0
68,HLA-A02:06,27017.18,ANZ78847,NGYYPTSGSTY,68,1085.0
431,HLA-A02:06,27067.62,ANZ78847,IDTTATSCQLY,431,1086.0
944,HLA-A02:06,27073.12,ANZ78847,DLICVQSYKGI,944,1087.0
1189,HLA-A02:06,27089.28,ANZ78847,VNVNNTWMYTG,1189,1088.0
538,HLA-A02:06,27107.17,ANZ78847,PITFTGPYKCP,538,1089.0
933,HLA-A02:06,27115.33,ANZ78847,YNNCTGGAEIR,933,1090.0
1098,HLA-A02:06,27162.73,ANZ78847,AYVSQQLSDST,1098,1091.0
841,HLA-A02:06,27177.79,ANZ78847,EYGSFCDNINA,841,1092.0
271,HLA-A02:06,27198.05,ANZ78847,YWVTPLTSRQY,271,1093.0
919,HLA-A02:06,27201.32,ANZ78847,FDKVKLSDVGF,919,1094.0
255,HLA-A02:06,27202.52,ANZ78847,MPLTCISRRNI,255,1095.0
419,HLA-A02:06,27227.73,ANZ78847,GNLGYLQSFNY,419,1096.0
261,HLA-A02:06,27239.65,ANZ78847,SRRNIGFTLEY,261,1097.0
498,HLA-A02:06,27247.25,ANZ78847,CPCKSNSSLCV,498,1098.0
755,HLA-A02:06,27256.46,ANZ78847,CVDYSKNRRSR,755,1099.0
1162,HLA-A02:06,27292.28,ANZ78847,TKYVTAKVSPG,1162,1100.0
661,HLA-A02:06,27325.05,ANZ78847,SNGNLYGFRDY,661,1101.0
989,HLA-A02:06,27327.49,ANZ78847,PFYLNVQYRIN,989,1102.0
514,HLA-A02:06,27391.27,ANZ78847,KNNGIGTCPAG,514,1103.0
1275,HLA-A02:06,27427.96,ANZ78847,MNRLQEAIKVL,1275,1104.0
556,HLA-A02:06,27438.46,ANZ78847,IGEHCSGLAVK,556,1105.0
1076,HLA-A02:06,27442.9,ANZ78847,LDALEAEAQID,1076,1106.0
1051,HLA-A02:06,27464.12,ANZ78847,LNNLLQQLSNR,1051,1107.0
665,HLA-A02:06,27476.75,ANZ78847,LYGFRDYLTNR,665,1108.0
764,HLA-A02:06,27564.26,ANZ78847,SRRAITTGYRF,764,1109.0
876,HLA-A02:06,27569.24,ANZ78847,TLSTKLKDGVN,876,1110.0
720,HLA-A02:06,27571.46,ANZ78847,QPINYFDSYLG,720,1111.0
152,HLA-A02:06,27610.19,ANZ78847,QDGVNKLQGLL,152,1112.0
904,HLA-A02:06,27630.95,ANZ78847,ECSKASSRSAI,904,1113.0
25,HLA-A02:06,27637.55,ANZ78847,RTGSLNNIDTG,25,1114.0
915,HLA-A02:06,27667.71,ANZ78847,EDLLFDKVKLS,915,1115.0
215,HLA-A02:06,27697.41,ANZ78847,LYFHFYQEGGT,215,1116.0
111,HLA-A02:06,27702.96,ANZ78847,KNTKVFKDGVM,111,1117.0
1336,HLA-A02:06,27719.28,ANZ78847,CFKKCGGCCDD,1336,1118.0
396,HLA-A02:06,27735.58,ANZ78847,MCFSSITIDKF,396,1119.0
1124,HLA-A02:06,27741.72,ANZ78847,CVKSQSSRINF,1124,1120.0
690,HLA-A02:06,27760.64,ANZ78847,AFHANSSEPAL,690,1121.0
148,HLA-A02:06,27775.4,ANZ78847,INSTQDGVNKL,148,1122.0
1175,HLA-A02:06,27874.81,ANZ78847,IAGDRGIAPKS,1175,1123.0
1183,HLA-A02:06,27897.32,ANZ78847,PKSGYFVNVNN,1183,1124.0
356,HLA-A02:06,27899.55,ANZ78847,PLNWERKTFSN,356,1125.0
1291,HLA-A02:06,27911.1,ANZ78847,NLKDIGTYEYY,1291,1126.0
877,HLA-A02:06,27913.34,ANZ78847,LSTKLKDGVNF,877,1127.0
566,HLA-A02:06,27927.02,ANZ78847,KSDYCGGNPCT,566,1128.0
533,HLA-A02:06,27946.15,ANZ78847,LCNPDPITFTG,533,1129.0
108,HLA-A02:06,28056.39,ANZ78847,AKVKNTKVFKD,108,1130.0
607,HLA-A02:06,28059.5,ANZ78847,VNSGLTCSTDL,607,1131.0
508,HLA-A02:06,28183.33,ANZ78847,VGSGPGKNNGI,508,1132.0
714,HLA-A02:06,28234.54,ANZ78847,SLTRQLQPINY,714,1133.0
193,HLA-A02:06,28330.67,ANZ78847,MDTGVVSCLYK,193,1134.0
172,HLA-A02:06,28360.12,ANZ78847,CEYPHTICHPN,172,1135.0
1049,HLA-A02:06,28413.09,ANZ78847,EALNNLLQQLS,1049,1136.0
604,HLA-A02:06,28435.77,ANZ78847,LHDVNSGLTCS,604,1137.0
606,HLA-A02:06,28450.29,ANZ78847,DVNSGLTCSTD,606,1138.0
323,HLA-A02:06,28450.71,ANZ78847,GYTVQPIADVY,323,1139.0
67,HLA-A02:06,28522.06,ANZ78847,LNGYYPTSGST,67,1140.0
1171,HLA-A02:06,28551.89,ANZ78847,PGLCIAGDRGI,1171,1141.0
525,HLA-A02:06,28570.23,ANZ78847,TNYLTCHNLCN,525,1142.0
535,HLA-A02:06,28570.96,ANZ78847,NPDPITFTGPY,535,1143.0
75,HLA-A02:06,28618.63,ANZ78847,GSTYRNMALKG,75,1144.0
327,HLA-A02:06,28670.11,ANZ78847,QPIADVYRRKP,327,1145.0
771,HLA-A02:06,28704.57,ANZ78847,GYRFTNFEPFT,771,1146.0
495,HLA-A02:06,28718.53,ANZ78847,KNFCPCKSNSS,495,1147.0
957,HLA-A02:06,28751.15,ANZ78847,LPPLLSENQIS,957,1148.0
765,HLA-A02:06,28756.44,ANZ78847,RRAITTGYRFT,765,1149.0
608,HLA-A02:06,28788.31,ANZ78847,NSGLTCSTDLQ,608,1150.0
899,HLA-A02:06,28804.28,ANZ78847,GCLGSECSKAS,899,1151.0
1239,HLA-A02:06,28810.45,ANZ78847,PDFREELDQWF,1239,1152.0
972,HLA-A02:06,28813.16,ANZ78847,AATSASLFPPW,972,1153.0
945,HLA-A02:06,28915.25,ANZ78847,LICVQSYKGIK,945,1154.0
269,HLA-A02:06,28918.51,ANZ78847,LEYWVTPLTSR,269,1155.0
300,HLA-A02:06,28926.2,ANZ78847,DFMSEIKCKTQ,300,1156.0
1199,HLA-A02:06,28931.35,ANZ78847,GSGYYYPEPIT,1199,1157.0
1340,HLA-A02:06,28942.11,ANZ78847,CGGCCDDYTGY,1340,1158.0
902,HLA-A02:06,28972.28,ANZ78847,GSECSKASSRS,902,1159.0
1132,HLA-A02:06,29053.94,ANZ78847,INFCGNGNHII,1132,1160.0
1269,HLA-A02:06,29136.35,ANZ78847,LDLQVEMNRLQ,1269,1161.0
9,HLA-A02:06,29148.71,ANZ78847,PTAFAVIGDLK,9,1162.0
355,HLA-A02:06,29151.61,ANZ78847,SPLNWERKTFS,355,1163.0
1096,HLA-A02:06,29254.01,ANZ78847,LNAYVSQQLSD,1096,1164.0
980,HLA-A02:06,29268.09,ANZ78847,PPWTAAAGVPF,980,1165.0
903,HLA-A02:06,29315.35,ANZ78847,SECSKASSRSA,903,1166.0
24,HLA-A02:06,29321.88,ANZ78847,SRTGSLNNIDT,24,1167.0
103,HLA-A02:06,29362.67,ANZ78847,INGIFAKVKNT,103,1168.0
455,HLA-A02:06,29401.39,ANZ78847,NPSTWNKRFGF,455,1169.0
175,HLA-A02:06,29411.78,ANZ78847,PHTICHPNLGN,175,1170.0
631,HLA-A02:06,29421.16,ANZ78847,NYDLYGISGQG,631,1171.0
558,HLA-A02:06,29442.43,ANZ78847,EHCSGLAVKSD,558,1172.0
1237,HLA-A02:06,29494.55,ANZ78847,NLPDFREELDQ,1237,1173.0
124,HLA-A02:06,29501.13,ANZ78847,EFPAITIGSTF,124,1174.0
35,HLA-A02:06,29531.65,ANZ78847,GPPSISTATVD,35,1175.0
829,HLA-A02:06,29536.49,ANZ78847,CGDYAACKSQL,829,1176.0
473,HLA-A02:06,29556.47,ANZ78847,PQPAGVLTNHD,473,1177.0
313,HLA-A02:06,29566.89,ANZ78847,APPTGVYELNG,313,1178.0
501,HLA-A02:06,29570.92,ANZ78847,KSNSSLCVGSG,501,1179.0
496,HLA-A02:06,29576.91,ANZ78847,NFCPCKSNSSL,496,1180.0
512,HLA-A02:06,29632.51,ANZ78847,PGKNNGIGTCP,512,1181.0
571,HLA-A02:06,29704.46,ANZ78847,GGNPCTCQPQA,571,1182.0
1244,HLA-A02:06,29790.49,ANZ78847,ELDQWFKNQTS,1244,1183.0
699,HLA-A02:06,29830.38,ANZ78847,ALLFRNIKCNY,699,1184.0
270,HLA-A02:06,29832.84,ANZ78847,EYWVTPLTSRQ,270,1185.0
80,HLA-A02:06,29836.21,ANZ78847,NMALKGTDKLS,80,1186.0
16,HLA-A02:06,29923.61,ANZ78847,GDLKCPLDSRT,16,1187.0
342,HLA-A02:06,29978.64,ANZ78847,CNIEAWLNDKS,342,1188.0
1246,HLA-A02:06,30059.39,ANZ78847,DQWFKNQTSVA,1246,1189.0
897,HLA-A02:06,30078.04,ANZ78847,VLGCLGSECSK,897,1190.0
1031,HLA-A02:06,30105.08,ANZ78847,DATNSALVKIQ,1031,1191.0
1079,HLA-A02:06,30128.13,ANZ78847,LEAEAQIDRLI,1079,1192.0
1273,HLA-A02:06,30163.95,ANZ78847,VEMNRLQEAIK,1273,1193.0
37,HLA-A02:06,30169.81,ANZ78847,PSISTATVDVT,37,1194.0
756,HLA-A02:06,30206.26,ANZ78847,VDYSKNRRSRR,756,1195.0
609,HLA-A02:06,30216.47,ANZ78847,SGLTCSTDLQK,609,1196.0
1241,HLA-A02:06,30220.23,ANZ78847,FREELDQWFKN,1241,1197.0
667,HLA-A02:06,30351.63,ANZ78847,GFRDYLTNRTF,667,1198.0
44,HLA-A02:06,30364.46,ANZ78847,VDVTNGLGTYY,44,1199.0
186,HLA-A02:06,30430.76,ANZ78847,HFKELWHMDTG,186,1200.0
1156,HLA-A02:06,30464.73,ANZ78847,HFSYVPTKYVT,1156,1201.0
763,HLA-A02:06,30486.32,ANZ78847,RSRRAITTGYR,763,1202.0
1338,HLA-A02:06,30521.64,ANZ78847,KKCGGCCDDYT,1338,1203.0
71,HLA-A02:06,30558.85,ANZ78847,YPTSGSTYRNM,71,1204.0
575,HLA-A02:06,30567.92,ANZ78847,CTCQPQAFLGW,575,1205.0
303,HLA-A02:06,30572.3,ANZ78847,SEIKCKTQSIA,303,1206.0
432,HLA-A02:06,30576.18,ANZ78847,DTTATSCQLYY,432,1207.0
403,HLA-A02:06,30578.89,ANZ78847,IDKFAIPNGRK,403,1208.0
359,HLA-A02:06,30609.34,ANZ78847,WERKTFSNCNF,359,1209.0
1240,HLA-A02:06,30627.03,ANZ78847,DFREELDQWFK,1240,1210.0
328,HLA-A02:06,30731.01,ANZ78847,PIADVYRRKPD,328,1211.0
751,HLA-A02:06,30771.04,ANZ78847,GSGYCVDYSKN,751,1212.0
760,HLA-A02:06,30822.63,ANZ78847,KNRRSRRAITT,760,1213.0
1174,HLA-A02:06,30890.6,ANZ78847,CIAGDRGIAPK,1174,1214.0
754,HLA-A02:06,30897.09,ANZ78847,YCVDYSKNRRS,754,1215.0
382,HLA-A02:06,30925.13,ANZ78847,SFTCNNIDAAK,382,1216.0
1235,HLA-A02:06,30972.87,ANZ78847,IPNLPDFREEL,1235,1217.0
778,HLA-A02:06,31008.31,ANZ78847,EPFTVNSVNDS,778,1218.0
348,HLA-A02:06,31021.69,ANZ78847,LNDKSVPSPLN,348,1219.0
1299,HLA-A02:06,31031.14,ANZ78847,EYYVKWPWYVW,1299,1220.0
109,HLA-A02:06,31032.91,ANZ78847,KVKNTKVFKDG,109,1221.0
1123,HLA-A02:06,31037.13,ANZ78847,ECVKSQSSRIN,1123,1222.0
833,HLA-A02:06,31056.09,ANZ78847,AACKSQLVEYG,833,1223.0
405,HLA-A02:06,31090.86,ANZ78847,KFAIPNGRKVD,405,1224.0
1161,HLA-A02:06,31135.01,ANZ78847,PTKYVTAKVSP,1161,1225.0
331,HLA-A02:06,31176.79,ANZ78847,DVYRRKPDLPN,331,1226.0
1346,HLA-A02:06,31246.94,ANZ78847,DYTGYQELVIK,1346,1227.0
1349,HLA-A02:06,31247.31,ANZ78847,GYQELVIKTSH,1349,1228.0
1335,HLA-A02:06,31251.2,ANZ78847,SCFKKCGGCCD,1335,1229.0
1206,HLA-A02:06,31324.09,ANZ78847,EPITENNVVVM,1206,1230.0
762,HLA-A02:06,31396.79,ANZ78847,RRSRRAITTGY,762,1231.0
358,HLA-A02:06,31406.37,ANZ78847,NWERKTFSNCN,358,1232.0
536,HLA-A02:06,31435.78,ANZ78847,PDPITFTGPYK,536,1233.0
489,HLA-A02:06,31444.19,ANZ78847,HCFKAPKNFCP,489,1234.0
622,HLA-A02:06,31482.35,ANZ78847,TDIKLGVCVNY,622,1235.0
21,HLA-A02:06,31495.96,ANZ78847,PLDSRTGSLNN,21,1236.0
18,HLA-A02:06,31535.55,ANZ78847,LKCPLDSRTGS,18,1237.0
19,HLA-A02:06,31590.26,ANZ78847,KCPLDSRTGSL,19,1238.0
758,HLA-A02:06,31632.96,ANZ78847,YSKNRRSRRAI,758,1239.0
149,HLA-A02:06,31713.87,ANZ78847,NSTQDGVNKLQ,149,1240.0
1097,HLA-A02:06,31736.28,ANZ78847,NAYVSQQLSDS,1097,1241.0
385,HLA-A02:06,31767.35,ANZ78847,CNNIDAAKIYG,385,1242.0
872,HLA-A02:06,31773.07,ANZ78847,MNGVTLSTKLK,872,1243.0
530,HLA-A02:06,31904.77,ANZ78847,CHNLCNPDPIT,530,1244.0
481,HLA-A02:06,31911.41,ANZ78847,NHDVVYAQHCF,481,1245.0
360,HLA-A02:06,31967.31,ANZ78847,ERKTFSNCNFN,360,1246.0
540,HLA-A02:06,32047.79,ANZ78847,TFTGPYKCPQS,540,1247.0
1343,HLA-A02:06,32056.09,ANZ78847,CCDDYTGYQEL,1343,1248.0
1337,HLA-A02:06,32102.54,ANZ78847,FKKCGGCCDDY,1337,1249.0
344,HLA-A02:06,32116.54,ANZ78847,IEAWLNDKSVP,344,1250.0
1170,HLA-A02:06,32154.5,ANZ78847,SPGLCIAGDRG,1170,1251.0
1236,HLA-A02:06,32177.78,ANZ78847,PNLPDFREELD,1236,1252.0
1218,HLA-A02:06,32217.74,ANZ78847,TCAVNYTKAPY,1218,1253.0
23,HLA-A02:06,32285.02,ANZ78847,DSRTGSLNNID,23,1254.0
1297,HLA-A02:06,32296.8,ANZ78847,TYEYYVKWPWY,1297,1255.0
174,HLA-A02:06,32311.51,ANZ78847,YPHTICHPNLG,174,1256.0
981,HLA-A02:06,32351.81,ANZ78847,PWTAAAGVPFY,981,1257.0
612,HLA-A02:06,32372.02,ANZ78847,TCSTDLQKANT,612,1258.0
587,HLA-A02:06,32560.45,ANZ78847,ADSCLQGDKCN,587,1259.0
1279,HLA-A02:06,32601.86,ANZ78847,QEAIKVLNQSY,1279,1260.0
452,HLA-A02:06,32608.19,ANZ78847,SRFNPSTWNKR,452,1261.0
809,HLA-A02:06,32610.34,ANZ78847,MEEFIQTSSPK,809,1262.0
547,HLA-A02:06,32622.99,ANZ78847,CPQSKSLVGIG,547,1263.0
17,HLA-A02:06,32688.72,ANZ78847,DLKCPLDSRTG,17,1264.0
521,HLA-A02:06,32689.53,ANZ78847,CPAGTNYLTCH,521,1265.0
467,HLA-A02:06,32713.04,ANZ78847,EDSVFKPQPAG,467,1266.0
147,HLA-A02:06,32732.39,ANZ78847,TINSTQDGVNK,147,1267.0
20,HLA-A02:06,32745.2,ANZ78847,CPLDSRTGSLN,20,1268.0
1178,HLA-A02:06,32829.53,ANZ78847,DRGIAPKSGYF,1178,1269.0
462,HLA-A02:06,32832.49,ANZ78847,RFGFIEDSVFK,462,1270.0
83,HLA-A02:06,32862.63,ANZ78847,LKGTDKLSTLW,83,1271.0
454,HLA-A02:06,32878.09,ANZ78847,FNPSTWNKRFG,454,1272.0
522,HLA-A02:06,32958.93,ANZ78847,PAGTNYLTCHN,522,1273.0
901,HLA-A02:06,33003.73,ANZ78847,LGSECSKASSR,901,1274.0
572,HLA-A02:06,33017.28,ANZ78847,GNPCTCQPQAF,572,1275.0
1351,HLA-A02:06,33028.88,ANZ78847,QELVIKTSHDD,1351,1276.0
1185,HLA-A02:06,33036.33,ANZ78847,SGYFVNVNNTW,1185,1277.0
615,HLA-A02:06,33089.1,ANZ78847,TDLQKANTDIK,615,1278.0
228,HLA-A02:06,33125.95,ANZ78847,AYFTDTGVVTK,228,1279.0
761,HLA-A02:06,33130.44,ANZ78847,NRRSRRAITTG,761,1280.0
106,HLA-A02:06,33153.67,ANZ78847,IFAKVKNTKVF,106,1281.0
330,HLA-A02:06,33195.17,ANZ78847,ADVYRRKPDLP,330,1282.0
429,HLA-A02:06,33269.87,ANZ78847,YRIDTTATSCQ,429,1283.0
453,HLA-A02:06,33298.93,ANZ78847,RFNPSTWNKRF,453,1284.0
1339,HLA-A02:06,33303.12,ANZ78847,KCGGCCDDYTG,1339,1285.0
826,HLA-A02:06,33326.45,ANZ78847,AFVCGDYAACK,826,1286.0
353,HLA-A02:06,33345.9,ANZ78847,VPSPLNWERKT,353,1287.0
1158,HLA-A02:06,33375.01,ANZ78847,SYVPTKYVTAK,1158,1288.0
1331,HLA-A02:06,33446.99,ANZ78847,GCGTSCFKKCG,1331,1289.0
74,HLA-A02:06,33496.69,ANZ78847,SGSTYRNMALK,74,1290.0
384,HLA-A02:06,33542.58,ANZ78847,TCNNIDAAKIY,384,1291.0
494,HLA-A02:06,33559.4,ANZ78847,PKNFCPCKSNS,494,1292.0
77,HLA-A02:06,33687.35,ANZ78847,TYRNMALKGTD,77,1293.0
334,HLA-A02:06,33696.01,ANZ78847,RRKPDLPNCNI,334,1294.0
493,HLA-A02:06,33902.07,ANZ78847,APKNFCPCKSN,493,1295.0
1119,HLA-A02:06,33914.53,ANZ78847,EKVNECVKSQS,1119,1296.0
409,HLA-A02:06,33960.82,ANZ78847,PNGRKVDLQLG,409,1297.0
1118,HLA-A02:06,34009.19,ANZ78847,MEKVNECVKSQ,1118,1298.0
517,HLA-A02:06,34056.88,ANZ78847,GIGTCPAGTNY,517,1299.0
750,HLA-A02:06,34084.1,ANZ78847,VGSGYCVDYSK,750,1300.0
173,HLA-A02:06,34108.88,ANZ78847,EYPHTICHPNL,173,1301.0
1160,HLA-A02:06,34200.17,ANZ78847,VPTKYVTAKVS,1160,1302.0
509,HLA-A02:06,34253.87,ANZ78847,GSGPGKNNGIG,509,1303.0
72,HLA-A02:06,34279.04,ANZ78847,PTSGSTYRNMA,72,1304.0
341,HLA-A02:06,34353.03,ANZ78847,NCNIEAWLNDK,341,1305.0
112,HLA-A02:06,34361.66,ANZ78847,NTKVFKDGVMY,112,1306.0
570,HLA-A02:06,34416.14,ANZ78847,CGGNPCTCQPQ,570,1307.0
786,HLA-A02:06,34478.65,ANZ78847,NDSLEPVGGLY,786,1308.0
499,HLA-A02:06,34606.62,ANZ78847,PCKSNSSLCVG,499,1309.0
943,HLA-A02:06,34713.92,ANZ78847,RDLICVQSYKG,943,1310.0
1110,HLA-A02:06,34726.5,ANZ78847,VKFSAAQAMEK,1110,1311.0
1191,HLA-A02:06,34739.99,ANZ78847,VNNTWMYTGSG,1191,1312.0
491,HLA-A02:06,34779.56,ANZ78847,FKAPKNFCPCK,491,1313.0
472,HLA-A02:06,34953.58,ANZ78847,KPQPAGVLTNH,472,1314.0
1176,HLA-A02:06,34955.9,ANZ78847,AGDRGIAPKSG,1176,1315.0
104,HLA-A02:06,35013.43,ANZ78847,NGIFAKVKNTK,104,1316.0
178,HLA-A02:06,35036.38,ANZ78847,ICHPNLGNHFK,178,1317.0
544,HLA-A02:06,35104.87,ANZ78847,PYKCPQSKSLV,544,1318.0
314,HLA-A02:06,35111.07,ANZ78847,PPTGVYELNGY,314,1319.0
1327,HLA-A02:06,35203.69,ANZ78847,CCCTGCGTSCF,1327,1320.0
1121,HLA-A02:06,35207.93,ANZ78847,VNECVKSQSSR,1121,1321.0
449,HLA-A02:06,35350.33,ANZ78847,VSVSRFNPSTW,449,1322.0
507,HLA-A02:06,35359.69,ANZ78847,CVGSGPGKNNG,507,1323.0
542,HLA-A02:06,35393.33,ANZ78847,TGPYKCPQSKS,542,1324.0
69,HLA-A02:06,35462.62,ANZ78847,GYYPTSGSTYR,69,1325.0
1130,HLA-A02:06,35530.34,ANZ78847,SRINFCGNGNH,1130,1326.0
1329,HLA-A02:06,35572.02,ANZ78847,CTGCGTSCFKK,1329,1327.0
828,HLA-A02:06,35580.76,ANZ78847,VCGDYAACKSQ,828,1328.0
757,HLA-A02:06,35771.48,ANZ78847,DYSKNRRSRRA,757,1329.0
559,HLA-A02:06,35772.8,ANZ78847,HCSGLAVKSDY,559,1330.0
451,HLA-A02:06,35820.59,ANZ78847,VSRFNPSTWNK,451,1331.0
1294,HLA-A02:06,35910.88,ANZ78847,DIGTYEYYVKW,1294,1332.0
942,HLA-A02:06,36287.73,ANZ78847,IRDLICVQSYK,942,1333.0
262,HLA-A02:06,36373.0,ANZ78847,RRNIGFTLEYW,262,1334.0
506,HLA-A02:06,36393.05,ANZ78847,LCVGSGPGKNN,506,1335.0
354,HLA-A02:06,36523.35,ANZ78847,PSPLNWERKTF,354,1336.0
337,HLA-A02:06,36524.39,ANZ78847,PDLPNCNIEAW,337,1337.0
485,HLA-A02:06,36687.34,ANZ78847,VYAQHCFKAPK,485,1338.0
568,HLA-A02:06,36717.41,ANZ78847,DYCGGNPCTCQ,568,1339.0
482,HLA-A02:06,37092.88,ANZ78847,HDVVYAQHCFK,482,1340.0
1238,HLA-A02:06,37202.94,ANZ78847,LPDFREELDQW,1238,1341.0
644,HLA-A02:06,37477.46,ANZ78847,VEVNATYYNSW,644,1342.0
543,HLA-A02:06,37488.66,ANZ78847,GPYKCPQSKSL,543,1343.0
78,HLA-A02:06,38052.18,ANZ78847,YRNMALKGTDK,78,1344.0
333,HLA-A02:06,38188.66,ANZ78847,YRRKPDLPNCN,333,1345.0
759,HLA-A02:06,38291.41,ANZ78847,SKNRRSRRAIT,759,1346.0
811,HLA-A02:06,38785.49,ANZ78847,EFIQTSSPKVT,811,1347.0
1328,HLA-A02:06,38803.68,ANZ78847,CCTGCGTSCFK,1328,1348.0
181,HLA-A02:06,39539.29,ANZ78847,PNLGNHFKELW,181,1349.0
1177,HLA-A02:06,39869.15,ANZ78847,GDRGIAPKSGY,1177,1350.0
144,HLA-A02:06,40538.65,ANZ78847,QPRTINSTQDG,144,1351.0
349,HLA-A02:06,42142.33,ANZ78847,NDKSVPSPLNW,349,1352.0
1254,HLA-A68:02,1671.96,ANZ78847,SVAPDLALDYI,1254,1.0
45,HLA-A68:02,1790.53,ANZ78847,DVTNGLGTYYV,45,2.0
855,HLA-A68:02,1892.85,ANZ78847,EVNELLDTTQL,855,3.0
40,HLA-A68:02,2391.18,ANZ78847,STATVDVTNGL,40,4.0
272,HLA-A68:02,2537.69,ANZ78847,WVTPLTSRQYL,272,5.0
982,HLA-A68:02,2597.28,ANZ78847,WTAAAGVPFYL,982,6.0
206,HLA-A68:02,2630.25,ANZ78847,FTYDVNATYLY,206,7.0
709,HLA-A68:02,2829.68,ANZ78847,YVFNNSLTRQL,709,8.0
1159,HLA-A68:02,2840.54,ANZ78847,YVPTKYVTAKV,1159,9.0
1280,HLA-A68:02,2918.62,ANZ78847,EAIKVLNQSYI,1280,10.0
597,HLA-A68:02,3219.79,ANZ78847,NIFANLILHDV,597,11.0
311,HLA-A68:02,3272.22,ANZ78847,SIAPPTGVYEL,311,12.0
1228,HLA-A68:02,3330.83,ANZ78847,YVMLNTSIPNL,1228,13.0
1028,HLA-A68:02,3414.02,ANZ78847,EGFDATNSALV,1028,14.0
861,HLA-A68:02,3641.57,ANZ78847,DTTQLQVANSL,861,15.0
205,HLA-A68:02,3655.4,ANZ78847,NFTYDVNATYL,205,16.0
469,HLA-A68:02,3690.48,ANZ78847,SVFKPQPAGVL,469,17.0
383,HLA-A68:02,3693.82,ANZ78847,FTCNNIDAAKI,383,18.0
233,HLA-A68:02,3726.42,ANZ78847,TGVVTKFLFNV,233,19.0
225,HLA-A68:02,3726.82,ANZ78847,TFYAYFTDTGV,225,20.0
132,HLA-A68:02,3867.34,ANZ78847,STFVNTSYSVV,132,21.0
912,HLA-A68:02,3903.78,ANZ78847,SAIEDLLFDKV,912,22.0
230,HLA-A68:02,4049.81,ANZ78847,FTDTGVVTKFL,230,23.0
1034,HLA-A68:02,4075.99,ANZ78847,NSALVKIQAVV,1034,24.0
316,HLA-A68:02,4179.06,ANZ78847,TGVYELNGYTV,316,25.0
1150,HLA-A68:02,4199.71,ANZ78847,YGLYFIHFSYV,1150,26.0
10,HLA-A68:02,4226.71,ANZ78847,TAFAVIGDLKC,10,27.0
1316,HLA-A68:02,4266.63,ANZ78847,GVAMLVLLFFI,1316,28.0
209,HLA-A68:02,4431.31,ANZ78847,DVNATYLYFHF,209,29.0
887,HLA-A68:02,4443.06,ANZ78847,FNVDDINFSSV,887,30.0
226,HLA-A68:02,4478.75,ANZ78847,FYAYFTDTGVV,226,31.0
775,HLA-A68:02,4485.04,ANZ78847,TNFEPFTVNSV,775,32.0
373,HLA-A68:02,4486.45,ANZ78847,SLMSFIQADSF,373,33.0
984,HLA-A68:02,4501.39,ANZ78847,AAAGVPFYLNV,984,34.0
1219,HLA-A68:02,4556.72,ANZ78847,CAVNYTKAPYV,1219,35.0
434,HLA-A68:02,4594.97,ANZ78847,TATSCQLYYNL,434,36.0
267,HLA-A68:02,4615.32,ANZ78847,FTLEYWVTPLT,267,37.0
1094,HLA-A68:02,4634.32,ANZ78847,TALNAYVSQQL,1094,38.0
131,HLA-A68:02,4646.44,ANZ78847,GSTFVNTSYSV,131,39.0
1307,HLA-A68:02,4668.48,ANZ78847,YVWLLICLAGV,1307,40.0
1033,HLA-A68:02,4681.77,ANZ78847,TNSALVKIQAV,1033,41.0
888,HLA-A68:02,4708.58,ANZ78847,NVDDINFSSVL,888,42.0
51,HLA-A68:02,4743.0,ANZ78847,GTYYVLDRVYL,51,43.0
790,HLA-A68:02,4751.46,ANZ78847,EPVGGLYEIQI,790,44.0
814,HLA-A68:02,4796.96,ANZ78847,QTSSPKVTIDC,814,45.0
133,HLA-A68:02,4819.87,ANZ78847,TFVNTSYSVVV,133,46.0
468,HLA-A68:02,4823.59,ANZ78847,DSVFKPQPAGV,468,47.0
1099,HLA-A68:02,4827.04,ANZ78847,YVSQQLSDSTL,1099,48.0
398,HLA-A68:02,4867.62,ANZ78847,FSSITIDKFAI,398,49.0
647,HLA-A68:02,4887.08,ANZ78847,NATYYNSWQNL,647,50.0
731,HLA-A68:02,4888.52,ANZ78847,CVVNAYNSTAI,731,51.0
247,HLA-A68:02,4938.74,ANZ78847,MALSHYYVMPL,247,52.0
733,HLA-A68:02,4947.49,ANZ78847,VNAYNSTAISV,733,53.0
125,HLA-A68:02,4959.99,ANZ78847,FPAITIGSTFV,125,54.0
983,HLA-A68:02,4992.85,ANZ78847,TAAAGVPFYLN,983,55.0
62,HLA-A68:02,4996.64,ANZ78847,NTTLFLNGYYP,62,56.0
54,HLA-A68:02,5001.38,ANZ78847,YVLDRVYLNTT,54,57.0
738,HLA-A68:02,5014.49,ANZ78847,STAISVQTCDL,738,58.0
700,HLA-A68:02,5021.14,ANZ78847,LLFRNIKCNYV,700,59.0
42,HLA-A68:02,5025.88,ANZ78847,ATVDVTNGLGT,42,60.0
34,HLA-A68:02,5030.2,ANZ78847,TGPPSISTATV,34,61.0
1214,HLA-A68:02,5043.79,ANZ78847,VVMSTCAVNYT,1214,62.0
235,HLA-A68:02,5052.04,ANZ78847,VVTKFLFNVYL,235,63.0
636,HLA-A68:02,5053.59,ANZ78847,GISGQGIFVEV,636,64.0
5,HLA-A68:02,5062.55,ANZ78847,LISLPTAFAVI,5,65.0
1301,HLA-A68:02,5074.21,ANZ78847,YVKWPWYVWLL,1301,66.0
1188,HLA-A68:02,5086.03,ANZ78847,FVNVNNTWMYT,1188,67.0
381,HLA-A68:02,5100.33,ANZ78847,DSFTCNNIDAA,381,68.0
439,HLA-A68:02,5102.23,ANZ78847,QLYYNLPAANV,439,69.0
389,HLA-A68:02,5110.86,ANZ78847,DAAKIYGMCFS,389,70.0
823,HLA-A68:02,5119.72,ANZ78847,DCAAFVCGDYA,823,71.0
815,HLA-A68:02,5120.97,ANZ78847,TSSPKVTIDCA,815,72.0
98,HLA-A68:02,5122.83,ANZ78847,FLSDFINGIFA,98,73.0
259,HLA-A68:02,5133.91,ANZ78847,CISRRNIGFTL,259,74.0
926,HLA-A68:02,5134.57,ANZ78847,DVGFVAAYNNC,926,75.0
308,HLA-A68:02,5147.01,ANZ78847,KTQSIAPPTGV,308,76.0
227,HLA-A68:02,5149.31,ANZ78847,YAYFTDTGVVT,227,77.0
1203,HLA-A68:02,5152.63,ANZ78847,YYPEPITENNV,1203,78.0
969,HLA-A68:02,5152.77,ANZ78847,YTLAATSASLF,969,79.0
253,HLA-A68:02,5154.37,ANZ78847,YVMPLTCISRR,253,80.0
944,HLA-A68:02,5156.53,ANZ78847,DLICVQSYKGI,944,81.0
324,HLA-A68:02,5162.34,ANZ78847,YTVQPIADVYR,324,82.0
974,HLA-A68:02,5179.35,ANZ78847,TSASLFPPWTA,974,83.0
993,HLA-A68:02,5187.49,ANZ78847,NVQYRINGLGV,993,84.0
804,HLA-A68:02,5190.94,ANZ78847,FTIGNMEEFIQ,804,85.0
866,HLA-A68:02,5193.3,ANZ78847,QVANSLMNGVT,866,86.0
1259,HLA-A68:02,5193.59,ANZ78847,LALDYINVTFL,1259,87.0
803,HLA-A68:02,5201.43,ANZ78847,DFTIGNMEEFI,803,88.0
1066,HLA-A68:02,5201.47,ANZ78847,SSSLQEILSRL,1066,89.0
1263,HLA-A68:02,5216.48,ANZ78847,YINVTFLDLQV,1263,90.0
33,HLA-A68:02,5226.32,ANZ78847,DTGPPSISTAT,33,91.0
49,HLA-A68:02,5228.53,ANZ78847,GLGTYYVLDRV,49,92.0
239,HLA-A68:02,5242.36,ANZ78847,FLFNVYLGMAL,239,93.0
63,HLA-A68:02,5245.15,ANZ78847,TTLFLNGYYPT,63,94.0
264,HLA-A68:02,5253.78,ANZ78847,NIGFTLEYWVT,264,95.0
1274,HLA-A68:02,5255.44,ANZ78847,EMNRLQEAIKV,1274,96.0
1223,HLA-A68:02,5257.76,ANZ78847,YTKAPYVMLNT,1223,97.0
483,HLA-A68:02,5264.45,ANZ78847,DVVYAQHCFKA,483,98.0
374,HLA-A68:02,5273.57,ANZ78847,LMSFIQADSFT,374,99.0
137,HLA-A68:02,5275.24,ANZ78847,TSYSVVVQPRT,137,100.0
120,HLA-A68:02,5276.8,ANZ78847,VMYSEFPAITI,120,101.0
739,HLA-A68:02,5283.65,ANZ78847,TAISVQTCDLT,739,102.0
244,HLA-A68:02,5284.4,ANZ78847,YLGMALSHYYV,244,103.0
799,HLA-A68:02,5291.08,ANZ78847,QIPSDFTIGNM,799,104.0
100,HLA-A68:02,5295.91,ANZ78847,SDFINGIFAKV,100,105.0
325,HLA-A68:02,5306.26,ANZ78847,TVQPIADVYRR,325,106.0
176,HLA-A68:02,5307.13,ANZ78847,HTICHPNLGNH,176,107.0
977,HLA-A68:02,5307.67,ANZ78847,SLFPPWTAAAG,977,108.0
694,HLA-A68:02,5314.23,ANZ78847,NSSEPALLFRN,694,109.0
425,HLA-A68:02,5317.41,ANZ78847,QSFNYRIDTTA,425,110.0
1168,HLA-A68:02,5318.67,ANZ78847,KVSPGLCIAGD,1168,111.0
90,HLA-A68:02,5326.96,ANZ78847,STLWFKPPFLS,90,112.0
1021,HLA-A68:02,5331.84,ANZ78847,NALDAIQEGFD,1021,113.0
633,HLA-A68:02,5336.18,ANZ78847,DLYGISGQGIF,633,114.0
677,HLA-A68:02,5337.14,ANZ78847,FMIRSCYSGRV,677,115.0
737,HLA-A68:02,5337.5,ANZ78847,NSTAISVQTCD,737,116.0
121,HLA-A68:02,5338.26,ANZ78847,MYSEFPAITIG,121,117.0
1164,HLA-A68:02,5343.55,ANZ78847,YVTAKVSPGLC,1164,118.0
285,HLA-A68:02,5346.62,ANZ78847,FNQDGIIFNAV,285,119.0
4,HLA-A68:02,5346.84,ANZ78847,LLISLPTAFAV,4,120.0
1181,HLA-A68:02,5355.31,ANZ78847,IAPKSGYFVNV,1181,121.0
917,HLA-A68:02,5364.08,ANZ78847,LLFDKVKLSDV,917,122.0
606,HLA-A68:02,5364.95,ANZ78847,DVNSGLTCSTD,606,123.0
57,HLA-A68:02,5365.82,ANZ78847,DRVYLNTTLFL,57,124.0
1211,HLA-A68:02,5374.14,ANZ78847,NNVVVMSTCAV,1211,125.0
375,HLA-A68:02,5374.79,ANZ78847,MSFIQADSFTC,375,126.0
364,HLA-A68:02,5380.12,ANZ78847,FSNCNFNMSSL,364,127.0
128,HLA-A68:02,5381.48,ANZ78847,ITIGSTFVNTS,128,128.0
1298,HLA-A68:02,5382.67,ANZ78847,YEYYVKWPWYV,1298,129.0
734,HLA-A68:02,5383.74,ANZ78847,NAYNSTAISVQ,734,130.0
396,HLA-A68:02,5386.3,ANZ78847,MCFSSITIDKF,396,131.0
781,HLA-A68:02,5393.69,ANZ78847,TVNSVNDSLEP,781,132.0
124,HLA-A68:02,5394.69,ANZ78847,EFPAITIGSTF,124,133.0
648,HLA-A68:02,5396.11,ANZ78847,ATYYNSWQNLL,648,134.0
891,HLA-A68:02,5402.02,ANZ78847,DINFSSVLGCL,891,135.0
1258,HLA-A68:02,5403.85,ANZ78847,DLALDYINVTF,1258,136.0
1059,HLA-A68:02,5403.87,ANZ78847,SNRFGAISSSL,1059,137.0
774,HLA-A68:02,5405.33,ANZ78847,FTNFEPFTVNS,774,138.0
200,HLA-A68:02,5412.21,ANZ78847,CLYKRNFTYDV,200,139.0
1157,HLA-A68:02,5413.83,ANZ78847,FSYVPTKYVTA,1157,140.0
1313,HLA-A68:02,5414.53,ANZ78847,CLAGVAMLVLL,1313,141.0
101,HLA-A68:02,5416.64,ANZ78847,DFINGIFAKVK,101,142.0
322,HLA-A68:02,5418.13,ANZ78847,NGYTVQPIADV,322,143.0
136,HLA-A68:02,5423.86,ANZ78847,NTSYSVVVQPR,136,144.0
102,HLA-A68:02,5427.43,ANZ78847,FINGIFAKVKN,102,145.0
399,HLA-A68:02,5430.28,ANZ78847,SSITIDKFAIP,399,146.0
401,HLA-A68:02,5436.97,ANZ78847,ITIDKFAIPNG,401,147.0
370,HLA-A68:02,5437.19,ANZ78847,NMSSLMSFIQA,370,148.0
273,HLA-A68:02,5437.93,ANZ78847,VTPLTSRQYLL,273,149.0
460,HLA-A68:02,5441.43,ANZ78847,NKRFGFIEDSV,460,150.0
978,HLA-A68:02,5442.04,ANZ78847,LFPPWTAAAGV,978,151.0
1049,HLA-A68:02,5442.3,ANZ78847,EALNNLLQQLS,1049,152.0
296,HLA-A68:02,5444.45,ANZ78847,DCMSDFMSEIK,296,153.0
824,HLA-A68:02,5444.59,ANZ78847,CAAFVCGDYAA,824,154.0
211,HLA-A68:02,5448.12,ANZ78847,NATYLYFHFYQ,211,155.0
780,HLA-A68:02,5448.45,ANZ78847,FTVNSVNDSLE,780,156.0
1116,HLA-A68:02,5449.56,ANZ78847,QAMEKVNECVK,1116,157.0
933,HLA-A68:02,5450.5,ANZ78847,YNNCTGGAEIR,933,158.0
1140,HLA-A68:02,5452.35,ANZ78847,HIISLVQNAPY,1140,159.0
1155,HLA-A68:02,5452.68,ANZ78847,IHFSYVPTKYV,1155,160.0
904,HLA-A68:02,5453.91,ANZ78847,ECSKASSRSAI,904,161.0
879,HLA-A68:02,5457.85,ANZ78847,TKLKDGVNFNV,879,162.0
1311,HLA-A68:02,5458.4,ANZ78847,LICLAGVAMLV,1311,163.0
1322,HLA-A68:02,5461.61,ANZ78847,LLFFICCCTGC,1322,164.0
1147,HLA-A68:02,5463.85,ANZ78847,NAPYGLYFIHF,1147,165.0
1156,HLA-A68:02,5465.13,ANZ78847,HFSYVPTKYVT,1156,166.0
441,HLA-A68:02,5468.16,ANZ78847,YYNLPAANVSV,441,167.0
118,HLA-A68:02,5470.73,ANZ78847,DGVMYSEFPAI,118,168.0
1268,HLA-A68:02,5471.66,ANZ78847,FLDLQVEMNRL,1268,169.0
105,HLA-A68:02,5471.74,ANZ78847,GIFAKVKNTKV,105,170.0
122,HLA-A68:02,5475.53,ANZ78847,YSEFPAITIGS,122,171.0
232,HLA-A68:02,5476.47,ANZ78847,DTGVVTKFLFN,232,172.0
810,HLA-A68:02,5477.48,ANZ78847,EEFIQTSSPKV,810,173.0
36,HLA-A68:02,5477.96,ANZ78847,PPSISTATVDV,36,174.0
432,HLA-A68:02,5478.36,ANZ78847,DTTATSCQLYY,432,175.0
320,HLA-A68:02,5481.52,ANZ78847,ELNGYTVQPIA,320,176.0
141,HLA-A68:02,5483.62,ANZ78847,VVVQPRTINST,141,177.0
772,HLA-A68:02,5484.32,ANZ78847,YRFTNFEPFTV,772,178.0
850,HLA-A68:02,5485.76,ANZ78847,NAILTEVNELL,850,179.0
1225,HLA-A68:02,5486.01,ANZ78847,KAPYVMLNTSI,1225,180.0
457,HLA-A68:02,5486.36,ANZ78847,STWNKRFGFIE,457,181.0
847,HLA-A68:02,5487.01,ANZ78847,DNINAILTEVN,847,182.0
343,HLA-A68:02,5493.19,ANZ78847,NIEAWLNDKSV,343,183.0
1216,HLA-A68:02,5494.67,ANZ78847,MSTCAVNYTKA,1216,184.0
988,HLA-A68:02,5495.03,ANZ78847,VPFYLNVQYRI,988,185.0
338,HLA-A68:02,5498.08,ANZ78847,DLPNCNIEAWL,338,186.0
697,HLA-A68:02,5504.95,ANZ78847,EPALLFRNIKC,697,187.0
1151,HLA-A68:02,5506.13,ANZ78847,GLYFIHFSYVP,1151,188.0
1204,HLA-A68:02,5511.7,ANZ78847,YPEPITENNVV,1204,189.0
1165,HLA-A68:02,5511.86,ANZ78847,VTAKVSPGLCI,1165,190.0
965,HLA-A68:02,5512.75,ANZ78847,QISGYTLAATS,965,191.0
317,HLA-A68:02,5517.66,ANZ78847,GVYELNGYTVQ,317,192.0
234,HLA-A68:02,5518.39,ANZ78847,GVVTKFLFNVY,234,193.0
474,HLA-A68:02,5521.98,ANZ78847,QPAGVLTNHDV,474,194.0
46,HLA-A68:02,5522.74,ANZ78847,VTNGLGTYYVL,46,195.0
1190,HLA-A68:02,5523.62,ANZ78847,NVNNTWMYTGS,1190,196.0
664,HLA-A68:02,5523.64,ANZ78847,NLYGFRDYLTN,664,197.0
362,HLA-A68:02,5523.95,ANZ78847,KTFSNCNFNMS,362,198.0
1212,HLA-A68:02,5525.23,ANZ78847,NVVVMSTCAVN,1212,199.0
523,HLA-A68:02,5526.1,ANZ78847,AGTNYLTCHNL,523,200.0
1245,HLA-A68:02,5527.72,ANZ78847,LDQWFKNQTSV,1245,201.0
9,HLA-A68:02,5530.26,ANZ78847,PTAFAVIGDLK,9,202.0
421,HLA-A68:02,5530.35,ANZ78847,LGYLQSFNYRI,421,203.0
173,HLA-A68:02,5530.59,ANZ78847,EYPHTICHPNL,173,204.0
386,HLA-A68:02,5530.7,ANZ78847,NNIDAAKIYGM,386,205.0
64,HLA-A68:02,5531.67,ANZ78847,TLFLNGYYPTS,64,206.0
1108,HLA-A68:02,5533.14,ANZ78847,TLVKFSAAQAM,1108,207.0
214,HLA-A68:02,5535.62,ANZ78847,YLYFHFYQEGG,214,208.0
1320,HLA-A68:02,5537.06,ANZ78847,LVLLFFICCCT,1320,209.0
1293,HLA-A68:02,5538.21,ANZ78847,KDIGTYEYYVK,1293,210.0
91,HLA-A68:02,5538.87,ANZ78847,TLWFKPPFLSD,91,211.0
532,HLA-A68:02,5539.36,ANZ78847,NLCNPDPITFT,532,212.0
347,HLA-A68:02,5540.42,ANZ78847,WLNDKSVPSPL,347,213.0
433,HLA-A68:02,5540.96,ANZ78847,TTATSCQLYYN,433,214.0
194,HLA-A68:02,5541.46,ANZ78847,DTGVVSCLYKR,194,215.0
1179,HLA-A68:02,5542.71,ANZ78847,RGIAPKSGYFV,1179,216.0
196,HLA-A68:02,5542.87,ANZ78847,GVVSCLYKRNF,196,217.0
222,HLA-A68:02,5543.33,ANZ78847,EGGTFYAYFTD,222,218.0
1041,HLA-A68:02,5543.83,ANZ78847,QAVVNANAEAL,1041,219.0
1265,HLA-A68:02,5545.42,ANZ78847,NVTFLDLQVEM,1265,220.0
297,HLA-A68:02,5545.6,ANZ78847,CMSDFMSEIKC,297,221.0
134,HLA-A68:02,5546.92,ANZ78847,FVNTSYSVVVQ,134,222.0
263,HLA-A68:02,5547.2,ANZ78847,RNIGFTLEYWV,263,223.0
1003,HLA-A68:02,5547.44,ANZ78847,VTMDVLSQNQK,1003,224.0
613,HLA-A68:02,5549.55,ANZ78847,CSTDLQKANTD,613,225.0
197,HLA-A68:02,5550.11,ANZ78847,VVSCLYKRNFT,197,226.0
177,HLA-A68:02,5550.37,ANZ78847,TICHPNLGNHF,177,227.0
130,HLA-A68:02,5551.52,ANZ78847,IGSTFVNTSYS,130,228.0
1347,HLA-A68:02,5551.53,ANZ78847,YTGYQELVIKT,1347,229.0
695,HLA-A68:02,5551.99,ANZ78847,SSEPALLFRNI,695,230.0
371,HLA-A68:02,5553.2,ANZ78847,MSSLMSFIQAD,371,231.0
368,HLA-A68:02,5553.84,ANZ78847,NFNMSSLMSFI,368,232.0
643,HLA-A68:02,5554.48,ANZ78847,FVEVNATYYNS,643,233.0
672,HLA-A68:02,5554.66,ANZ78847,LTNRTFMIRSC,672,234.0
634,HLA-A68:02,5555.02,ANZ78847,LYGISGQGIFV,634,235.0
1206,HLA-A68:02,5556.94,ANZ78847,EPITENNVVVM,1206,236.0
1232,HLA-A68:02,5558.35,ANZ78847,NTSIPNLPDFR,1232,237.0
987,HLA-A68:02,5558.77,ANZ78847,GVPFYLNVQYR,987,238.0
722,HLA-A68:02,5558.84,ANZ78847,INYFDSYLGCV,722,239.0
1152,HLA-A68:02,5559.78,ANZ78847,LYFIHFSYVPT,1152,240.0
580,HLA-A68:02,5563.01,ANZ78847,QAFLGWSADSC,580,241.0
293,HLA-A68:02,5563.23,ANZ78847,NAVDCMSDFMS,293,242.0
596,HLA-A68:02,5563.23,ANZ78847,CNIFANLILHD,596,242.0
1134,HLA-A68:02,5565.18,ANZ78847,FCGNGNHIISL,1134,244.0
858,HLA-A68:02,5565.7,ANZ78847,ELLDTTQLQVA,858,245.0
1083,HLA-A68:02,5566.89,ANZ78847,AQIDRLINGRL,1083,246.0
66,HLA-A68:02,5567.63,ANZ78847,FLNGYYPTSGS,66,247.0
949,HLA-A68:02,5567.77,ANZ78847,QSYKGIKVLPP,949,248.0
402,HLA-A68:02,5569.2,ANZ78847,TIDKFAIPNGR,402,249.0
58,HLA-A68:02,5570.46,ANZ78847,RVYLNTTLFLN,58,250.0
1065,HLA-A68:02,5570.5,ANZ78847,ISSSLQEILSR,1065,251.0
1300,HLA-A68:02,5570.67,ANZ78847,YYVKWPWYVWL,1300,252.0
207,HLA-A68:02,5572.94,ANZ78847,TYDVNATYLYF,207,253.0
726,HLA-A68:02,5573.04,ANZ78847,DSYLGCVVNAY,726,254.0
1198,HLA-A68:02,5574.22,ANZ78847,TGSGYYYPEPI,1198,255.0
76,HLA-A68:02,5574.84,ANZ78847,STYRNMALKGT,76,256.0
956,HLA-A68:02,5575.53,ANZ78847,VLPPLLSENQI,956,257.0
1205,HLA-A68:02,5575.87,ANZ78847,PEPITENNVVV,1205,258.0
675,HLA-A68:02,5576.05,ANZ78847,RTFMIRSCYSG,675,259.0
627,HLA-A68:02,5576.07,ANZ78847,GVCVNYDLYGI,627,260.0
1106,HLA-A68:02,5576.15,ANZ78847,DSTLVKFSAAQ,1106,261.0
1148,HLA-A68:02,5576.28,ANZ78847,APYGLYFIHFS,1148,262.0
1017,HLA-A68:02,5576.89,ANZ78847,NAFNNALDAIQ,1017,263.0
189,HLA-A68:02,5577.6,ANZ78847,ELWHMDTGVVS,189,264.0
140,HLA-A68:02,5577.89,ANZ78847,SVVVQPRTINS,140,265.0
397,HLA-A68:02,5578.14,ANZ78847,CFSSITIDKFA,397,266.0
818,HLA-A68:02,5579.42,ANZ78847,PKVTIDCAAFV,818,267.0
1304,HLA-A68:02,5579.43,ANZ78847,WPWYVWLLICL,1304,268.0
707,HLA-A68:02,5581.06,ANZ78847,CNYVFNNSLTR,707,269.0
842,HLA-A68:02,5581.31,ANZ78847,YGSFCDNINAI,842,270.0
872,HLA-A68:02,5581.56,ANZ78847,MNGVTLSTKLK,872,271.0
1103,HLA-A68:02,5583.04,ANZ78847,QLSDSTLVKFS,1103,272.0
875,HLA-A68:02,5584.41,ANZ78847,VTLSTKLKDGV,875,273.0
404,HLA-A68:02,5584.59,ANZ78847,DKFAIPNGRKV,404,274.0
623,HLA-A68:02,5584.83,ANZ78847,DIKLGVCVNYD,623,275.0
331,HLA-A68:02,5584.88,ANZ78847,DVYRRKPDLPN,331,276.0
1256,HLA-A68:02,5584.88,ANZ78847,APDLALDYINV,1256,276.0
649,HLA-A68:02,5587.49,ANZ78847,TYYNSWQNLLY,649,278.0
975,HLA-A68:02,5587.58,ANZ78847,SASLFPPWTAA,975,279.0
1292,HLA-A68:02,5588.8,ANZ78847,LKDIGTYEYYV,1292,280.0
276,HLA-A68:02,5588.96,ANZ78847,LTSRQYLLAFN,276,281.0
406,HLA-A68:02,5589.28,ANZ78847,FAIPNGRKVDL,406,282.0
1122,HLA-A68:02,5589.61,ANZ78847,NECVKSQSSRI,1122,283.0
779,HLA-A68:02,5590.79,ANZ78847,PFTVNSVNDSL,779,284.0
704,HLA-A68:02,5591.23,ANZ78847,NIKCNYVFNNS,704,285.0
1299,HLA-A68:02,5591.55,ANZ78847,EYYVKWPWYVW,1299,286.0
154,HLA-A68:02,5591.63,ANZ78847,GVNKLQGLLEV,154,287.0
920,HLA-A68:02,5591.98,ANZ78847,DKVKLSDVGFV,920,288.0
747,HLA-A68:02,5592.98,ANZ78847,DLTVGSGYCVD,747,289.0
210,HLA-A68:02,5593.5,ANZ78847,VNATYLYFHFY,210,290.0
1090,HLA-A68:02,5593.54,ANZ78847,NGRLTALNAYV,1090,291.0
139,HLA-A68:02,5593.66,ANZ78847,YSVVVQPRTIN,139,292.0
212,HLA-A68:02,5594.38,ANZ78847,ATYLYFHFYQE,212,293.0
435,HLA-A68:02,5594.82,ANZ78847,ATSCQLYYNLP,435,294.0
127,HLA-A68:02,5595.01,ANZ78847,AITIGSTFVNT,127,295.0
301,HLA-A68:02,5595.38,ANZ78847,FMSEIKCKTQS,301,296.0
379,HLA-A68:02,5595.77,ANZ78847,QADSFTCNNID,379,297.0
221,HLA-A68:02,5597.53,ANZ78847,QEGGTFYAYFT,221,298.0
73,HLA-A68:02,5598.94,ANZ78847,TSGSTYRNMAL,73,299.0
660,HLA-A68:02,5599.17,ANZ78847,DSNGNLYGFRD,660,300.0
1078,HLA-A68:02,5600.37,ANZ78847,ALEAEAQIDRL,1078,301.0
252,HLA-A68:02,5600.88,ANZ78847,YYVMPLTCISR,252,302.0
242,HLA-A68:02,5600.92,ANZ78847,NVYLGMALSHY,242,303.0
770,HLA-A68:02,5600.97,ANZ78847,TGYRFTNFEPF,770,304.0
676,HLA-A68:02,5601.09,ANZ78847,TFMIRSCYSGR,676,305.0
746,HLA-A68:02,5601.83,ANZ78847,CDLTVGSGYCV,746,306.0
865,HLA-A68:02,5601.99,ANZ78847,LQVANSLMNGV,865,307.0
312,HLA-A68:02,5602.81,ANZ78847,IAPPTGVYELN,312,308.0
844,HLA-A68:02,5603.82,ANZ78847,SFCDNINAILT,844,309.0
1252,HLA-A68:02,5604.6,ANZ78847,QTSVAPDLALD,1252,310.0
1230,HLA-A68:02,5605.36,ANZ78847,MLNTSIPNLPD,1230,311.0
723,HLA-A68:02,5605.4,ANZ78847,NYFDSYLGCVV,723,312.0
156,HLA-A68:02,5605.42,ANZ78847,NKLQGLLEVSV,156,313.0
1071,HLA-A68:02,5605.75,ANZ78847,EILSRLDALEA,1071,314.0
126,HLA-A68:02,5606.51,ANZ78847,PAITIGSTFVN,126,315.0
1208,HLA-A68:02,5607.26,ANZ78847,ITENNVVVMST,1208,316.0
1120,HLA-A68:02,5607.99,ANZ78847,KVNECVKSQSS,1120,317.0
266,HLA-A68:02,5608.54,ANZ78847,GFTLEYWVTPL,266,318.0
890,HLA-A68:02,5610.24,ANZ78847,DDINFSSVLGC,890,319.0
783,HLA-A68:02,5610.98,ANZ78847,NSVNDSLEPVG,783,320.0
946,HLA-A68:02,5611.16,ANZ78847,ICVQSYKGIKV,946,321.0
31,HLA-A68:02,5611.5,ANZ78847,NIDTGPPSIST,31,322.0
248,HLA-A68:02,5612.11,ANZ78847,ALSHYYVMPLT,248,323.0
599,HLA-A68:02,5612.11,ANZ78847,FANLILHDVNS,599,323.0
787,HLA-A68:02,5612.69,ANZ78847,DSLEPVGGLYE,787,325.0
819,HLA-A68:02,5612.77,ANZ78847,KVTIDCAAFVC,819,326.0
1045,HLA-A68:02,5613.22,ANZ78847,NANAEALNNLL,1045,327.0
592,HLA-A68:02,5615.05,ANZ78847,QGDKCNIFANL,592,328.0
1082,HLA-A68:02,5615.11,ANZ78847,EAQIDRLINGR,1082,329.0
89,HLA-A68:02,5615.79,ANZ78847,LSTLWFKPPFL,89,330.0
138,HLA-A68:02,5616.43,ANZ78847,SYSVVVQPRTI,138,331.0
712,HLA-A68:02,5617.59,ANZ78847,NNSLTRQLQPI,712,332.0
283,HLA-A68:02,5618.95,ANZ78847,LAFNQDGIIFN,283,333.0
1004,HLA-A68:02,5619.98,ANZ78847,TMDVLSQNQKL,1004,334.0
820,HLA-A68:02,5620.0,ANZ78847,VTIDCAAFVCG,820,335.0
846,HLA-A68:02,5620.29,ANZ78847,CDNINAILTEV,846,336.0
945,HLA-A68:02,5620.39,ANZ78847,LICVQSYKGIK,945,337.0
537,HLA-A68:02,5620.47,ANZ78847,DPITFTGPYKC,537,338.0
936,HLA-A68:02,5620.94,ANZ78847,CTGGAEIRDLI,936,339.0
1244,HLA-A68:02,5622.03,ANZ78847,ELDQWFKNQTS,1244,340.0
1220,HLA-A68:02,5622.14,ANZ78847,AVNYTKAPYVM,1220,341.0
696,HLA-A68:02,5622.25,ANZ78847,SEPALLFRNIK,696,342.0
1064,HLA-A68:02,5622.74,ANZ78847,AISSSLQEILS,1064,343.0
1024,HLA-A68:02,5623.66,ANZ78847,DAIQEGFDATN,1024,344.0
811,HLA-A68:02,5624.0,ANZ78847,EFIQTSSPKVT,811,345.0
249,HLA-A68:02,5624.01,ANZ78847,LSHYYVMPLTC,249,346.0
52,HLA-A68:02,5624.23,ANZ78847,TYYVLDRVYLN,52,347.0
524,HLA-A68:02,5626.27,ANZ78847,GTNYLTCHNLC,524,348.0
752,HLA-A68:02,5627.51,ANZ78847,SGYCVDYSKNR,752,349.0
1135,HLA-A68:02,5628.31,ANZ78847,CGNGNHIISLV,1135,350.0
753,HLA-A68:02,5628.32,ANZ78847,GYCVDYSKNRR,753,351.0
1283,HLA-A68:02,5629.69,ANZ78847,KVLNQSYINLK,1283,352.0
1107,HLA-A68:02,5629.95,ANZ78847,STLVKFSAAQA,1107,353.0
8,HLA-A68:02,5630.37,ANZ78847,LPTAFAVIGDL,8,354.0
452,HLA-A68:02,5631.06,ANZ78847,SRFNPSTWNKR,452,355.0
670,HLA-A68:02,5632.61,ANZ78847,DYLTNRTFMIR,670,356.0
1062,HLA-A68:02,5633.16,ANZ78847,FGAISSSLQEI,1062,357.0
0,HLA-A68:02,5633.96,ANZ78847,MFLILLISLPT,0,358.0
594,HLA-A68:02,5634.14,ANZ78847,DKCNIFANLIL,594,359.0
686,HLA-A68:02,5634.4,ANZ78847,RVSAAFHANSS,686,360.0
1153,HLA-A68:02,5634.45,ANZ78847,YFIHFSYVPTK,1153,361.0
440,HLA-A68:02,5634.81,ANZ78847,LYYNLPAANVS,440,362.0
1319,HLA-A68:02,5634.83,ANZ78847,MLVLLFFICCC,1319,363.0
53,HLA-A68:02,5635.23,ANZ78847,YYVLDRVYLNT,53,364.0
1029,HLA-A68:02,5635.43,ANZ78847,GFDATNSALVK,1029,365.0
913,HLA-A68:02,5635.61,ANZ78847,AIEDLLFDKVK,913,366.0
659,HLA-A68:02,5636.52,ANZ78847,YDSNGNLYGFR,659,367.0
849,HLA-A68:02,5637.41,ANZ78847,INAILTEVNEL,849,368.0
1030,HLA-A68:02,5637.77,ANZ78847,FDATNSALVKI,1030,369.0
1222,HLA-A68:02,5637.95,ANZ78847,NYTKAPYVMLN,1222,370.0
880,HLA-A68:02,5638.71,ANZ78847,KLKDGVNFNVD,880,371.0
970,HLA-A68:02,5638.84,ANZ78847,TLAATSASLFP,970,372.0
48,HLA-A68:02,5638.85,ANZ78847,NGLGTYYVLDR,48,373.0
475,HLA-A68:02,5639.32,ANZ78847,PAGVLTNHDVV,475,374.0
1111,HLA-A68:02,5639.51,ANZ78847,KFSAAQAMEKV,1111,375.0
839,HLA-A68:02,5639.72,ANZ78847,LVEYGSFCDNI,839,376.0
980,HLA-A68:02,5640.12,ANZ78847,PPWTAAAGVPF,980,377.0
841,HLA-A68:02,5641.05,ANZ78847,EYGSFCDNINA,841,378.0
119,HLA-A68:02,5641.2,ANZ78847,GVMYSEFPAIT,119,379.0
620,HLA-A68:02,5641.52,ANZ78847,ANTDIKLGVCV,620,380.0
938,HLA-A68:02,5641.54,ANZ78847,GGAEIRDLICV,938,381.0
280,HLA-A68:02,5641.71,ANZ78847,QYLLAFNQDGI,280,382.0
1,HLA-A68:02,5642.26,ANZ78847,FLILLISLPTA,1,383.0
38,HLA-A68:02,5642.63,ANZ78847,SISTATVDVTN,38,384.0
871,HLA-A68:02,5643.64,ANZ78847,LMNGVTLSTKL,871,385.0
755,HLA-A68:02,5643.91,ANZ78847,CVDYSKNRRSR,755,386.0
231,HLA-A68:02,5644.31,ANZ78847,TDTGVVTKFLF,231,387.0
393,HLA-A68:02,5644.39,ANZ78847,IYGMCFSSITI,393,388.0
997,HLA-A68:02,5644.45,ANZ78847,RINGLGVTMDV,997,389.0
683,HLA-A68:02,5644.53,ANZ78847,YSGRVSAAFHA,683,390.0
113,HLA-A68:02,5645.47,ANZ78847,TKVFKDGVMYS,113,391.0
387,HLA-A68:02,5645.47,ANZ78847,NIDAAKIYGMC,387,391.0
345,HLA-A68:02,5645.5,ANZ78847,EAWLNDKSVPS,345,393.0
1348,HLA-A68:02,5645.84,ANZ78847,TGYQELVIKTS,1348,394.0
1215,HLA-A68:02,5645.86,ANZ78847,VMSTCAVNYTK,1215,395.0
448,HLA-A68:02,5646.19,ANZ78847,NVSVSRFNPST,448,396.0
705,HLA-A68:02,5646.78,ANZ78847,IKCNYVFNNSL,705,397.0
728,HLA-A68:02,5647.12,ANZ78847,YLGCVVNAYNS,728,398.0
788,HLA-A68:02,5647.16,ANZ78847,SLEPVGGLYEI,788,399.0
99,HLA-A68:02,5647.36,ANZ78847,LSDFINGIFAK,99,400.0
269,HLA-A68:02,5648.17,ANZ78847,LEYWVTPLTSR,269,401.0
1305,HLA-A68:02,5648.23,ANZ78847,PWYVWLLICLA,1305,402.0
642,HLA-A68:02,5648.78,ANZ78847,IFVEVNATYYN,642,403.0
616,HLA-A68:02,5650.11,ANZ78847,DLQKANTDIKL,616,404.0
645,HLA-A68:02,5650.56,ANZ78847,EVNATYYNSWQ,645,405.0
1144,HLA-A68:02,5650.8,ANZ78847,LVQNAPYGLYF,1144,406.0
1091,HLA-A68:02,5651.25,ANZ78847,GRLTALNAYVS,1091,407.0
1112,HLA-A68:02,5651.41,ANZ78847,FSAAQAMEKVN,1112,408.0
1262,HLA-A68:02,5651.41,ANZ78847,DYINVTFLDLQ,1262,408.0
146,HLA-A68:02,5651.55,ANZ78847,RTINSTQDGVN,146,410.0
236,HLA-A68:02,5651.6,ANZ78847,VTKFLFNVYLG,236,411.0
302,HLA-A68:02,5651.81,ANZ78847,MSEIKCKTQSI,302,412.0
805,HLA-A68:02,5652.3,ANZ78847,TIGNMEEFIQT,805,413.0
1202,HLA-A68:02,5652.6,ANZ78847,YYYPEPITENN,1202,414.0
445,HLA-A68:02,5652.66,ANZ78847,PAANVSVSRFN,445,415.0
378,HLA-A68:02,5652.84,ANZ78847,IQADSFTCNNI,378,416.0
107,HLA-A68:02,5653.1,ANZ78847,FAKVKNTKVFK,107,417.0
640,HLA-A68:02,5653.35,ANZ78847,QGIFVEVNATY,640,418.0
391,HLA-A68:02,5653.92,ANZ78847,AKIYGMCFSSI,391,419.0
1080,HLA-A68:02,5654.71,ANZ78847,EAEAQIDRLIN,1080,420.0
973,HLA-A68:02,5655.88,ANZ78847,ATSASLFPPWT,973,421.0
69,HLA-A68:02,5656.02,ANZ78847,GYYPTSGSTYR,69,422.0
812,HLA-A68:02,5656.24,ANZ78847,FIQTSSPKVTI,812,423.0
442,HLA-A68:02,5656.96,ANZ78847,YNLPAANVSVS,442,424.0
947,HLA-A68:02,5657.49,ANZ78847,CVQSYKGIKVL,947,425.0
718,HLA-A68:02,5658.18,ANZ78847,QLQPINYFDSY,718,426.0
766,HLA-A68:02,5658.27,ANZ78847,RAITTGYRFTN,766,427.0
1014,HLA-A68:02,5658.88,ANZ78847,LIANAFNNALD,1014,428.0
1224,HLA-A68:02,5659.8,ANZ78847,TKAPYVMLNTS,1224,429.0
715,HLA-A68:02,5659.9,ANZ78847,LTRQLQPINYF,715,430.0
1042,HLA-A68:02,5660.58,ANZ78847,AVVNANAEALN,1042,431.0
443,HLA-A68:02,5660.93,ANZ78847,NLPAANVSVSR,443,432.0
395,HLA-A68:02,5661.04,ANZ78847,GMCFSSITIDK,395,433.0
1095,HLA-A68:02,5662.02,ANZ78847,ALNAYVSQQLS,1095,434.0
310,HLA-A68:02,5662.4,ANZ78847,QSIAPPTGVYE,310,435.0
110,HLA-A68:02,5662.43,ANZ78847,VKNTKVFKDGV,110,436.0
444,HLA-A68:02,5662.7,ANZ78847,LPAANVSVSRF,444,437.0
935,HLA-A68:02,5663.46,ANZ78847,NCTGGAEIRDL,935,438.0
1193,HLA-A68:02,5663.74,ANZ78847,NTWMYTGSGYY,1193,439.0
797,HLA-A68:02,5663.75,ANZ78847,EIQIPSDFTIG,797,440.0
268,HLA-A68:02,5664.09,ANZ78847,TLEYWVTPLTS,268,441.0
615,HLA-A68:02,5664.53,ANZ78847,TDLQKANTDIK,615,442.0
462,HLA-A68:02,5664.76,ANZ78847,RFGFIEDSVFK,462,443.0
792,HLA-A68:02,5664.95,ANZ78847,VGGLYEIQIPS,792,444.0
671,HLA-A68:02,5665.29,ANZ78847,YLTNRTFMIRS,671,445.0
1184,HLA-A68:02,5665.46,ANZ78847,KSGYFVNVNNT,1184,446.0
1310,HLA-A68:02,5665.58,ANZ78847,LLICLAGVAML,1310,447.0
1314,HLA-A68:02,5665.81,ANZ78847,LAGVAMLVLLF,1314,448.0
229,HLA-A68:02,5666.03,ANZ78847,YFTDTGVVTKF,229,449.0
827,HLA-A68:02,5667.45,ANZ78847,FVCGDYAACKS,827,450.0
756,HLA-A68:02,5667.48,ANZ78847,VDYSKNRRSRR,756,451.0
394,HLA-A68:02,5667.85,ANZ78847,YGMCFSSITID,394,452.0
1303,HLA-A68:02,5668.88,ANZ78847,KWPWYVWLLIC,1303,453.0
104,HLA-A68:02,5669.19,ANZ78847,NGIFAKVKNTK,104,454.0
773,HLA-A68:02,5669.35,ANZ78847,RFTNFEPFTVN,773,455.0
692,HLA-A68:02,5669.46,ANZ78847,HANSSEPALLF,692,456.0
968,HLA-A68:02,5669.5,ANZ78847,GYTLAATSASL,968,457.0
873,HLA-A68:02,5671.05,ANZ78847,NGVTLSTKLKD,873,458.0
30,HLA-A68:02,5671.15,ANZ78847,NNIDTGPPSIS,30,459.0
286,HLA-A68:02,5671.68,ANZ78847,NQDGIIFNAVD,286,460.0
1312,HLA-A68:02,5671.9,ANZ78847,ICLAGVAMLVL,1312,461.0
498,HLA-A68:02,5673.06,ANZ78847,CPCKSNSSLCV,498,462.0
541,HLA-A68:02,5673.56,ANZ78847,FTGPYKCPQSK,541,463.0
637,HLA-A68:02,5674.38,ANZ78847,ISGQGIFVEVN,637,464.0
255,HLA-A68:02,5674.47,ANZ78847,MPLTCISRRNI,255,465.0
257,HLA-A68:02,5674.56,ANZ78847,LTCISRRNIGF,257,466.0
463,HLA-A68:02,5674.74,ANZ78847,FGFIEDSVFKP,463,467.0
556,HLA-A68:02,5674.94,ANZ78847,IGEHCSGLAVK,556,468.0
758,HLA-A68:02,5674.98,ANZ78847,YSKNRRSRRAI,758,469.0
1308,HLA-A68:02,5675.37,ANZ78847,VWLLICLAGVA,1308,470.0
1346,HLA-A68:02,5675.37,ANZ78847,DYTGYQELVIK,1346,470.0
1266,HLA-A68:02,5675.72,ANZ78847,VTFLDLQVEMN,1266,472.0
848,HLA-A68:02,5675.79,ANZ78847,NINAILTEVNE,848,473.0
749,HLA-A68:02,5675.82,ANZ78847,TVGSGYCVDYS,749,474.0
1051,HLA-A68:02,5675.91,ANZ78847,LNNLLQQLSNR,1051,475.0
915,HLA-A68:02,5676.79,ANZ78847,EDLLFDKVKLS,915,476.0
740,HLA-A68:02,5676.87,ANZ78847,AISVQTCDLTV,740,477.0
1035,HLA-A68:02,5676.93,ANZ78847,SALVKIQAVVN,1035,478.0
1101,HLA-A68:02,5677.14,ANZ78847,SQQLSDSTLVK,1101,479.0
678,HLA-A68:02,5677.37,ANZ78847,MIRSCYSGRVS,678,480.0
519,HLA-A68:02,5677.41,ANZ78847,GTCPAGTNYLT,519,481.0
15,HLA-A68:02,5677.71,ANZ78847,IGDLKCPLDSR,15,482.0
665,HLA-A68:02,5677.81,ANZ78847,LYGFRDYLTNR,665,483.0
298,HLA-A68:02,5679.29,ANZ78847,MSDFMSEIKCK,298,484.0
55,HLA-A68:02,5679.73,ANZ78847,VLDRVYLNTTL,55,485.0
1149,HLA-A68:02,5680.14,ANZ78847,PYGLYFIHFSY,1149,486.0
218,HLA-A68:02,5680.28,ANZ78847,HFYQEGGTFYA,218,487.0
830,HLA-A68:02,5680.65,ANZ78847,GDYAACKSQLV,830,488.0
145,HLA-A68:02,5680.79,ANZ78847,PRTINSTQDGV,145,489.0
1272,HLA-A68:02,5681.11,ANZ78847,QVEMNRLQEAI,1272,490.0
480,HLA-A68:02,5681.59,ANZ78847,TNHDVVYAQHC,480,491.0
991,HLA-A68:02,5681.61,ANZ78847,YLNVQYRINGL,991,492.0
735,HLA-A68:02,5682.07,ANZ78847,AYNSTAISVQT,735,493.0
539,HLA-A68:02,5682.33,ANZ78847,ITFTGPYKCPQ,539,494.0
1200,HLA-A68:02,5684.21,ANZ78847,SGYYYPEPITE,1200,495.0
883,HLA-A68:02,5684.32,ANZ78847,DGVNFNVDDIN,883,496.0
420,HLA-A68:02,5684.33,ANZ78847,NLGYLQSFNYR,420,497.0
193,HLA-A68:02,5685.87,ANZ78847,MDTGVVSCLYK,193,498.0
719,HLA-A68:02,5686.17,ANZ78847,LQPINYFDSYL,719,499.0
1260,HLA-A68:02,5686.26,ANZ78847,ALDYINVTFLD,1260,500.0
12,HLA-A68:02,5686.46,ANZ78847,FAVIGDLKCPL,12,501.0
736,HLA-A68:02,5686.46,ANZ78847,YNSTAISVQTC,736,501.0
662,HLA-A68:02,5686.59,ANZ78847,NGNLYGFRDYL,662,503.0
228,HLA-A68:02,5686.71,ANZ78847,AYFTDTGVVTK,228,504.0
1160,HLA-A68:02,5686.96,ANZ78847,VPTKYVTAKVS,1160,505.0
496,HLA-A68:02,5687.02,ANZ78847,NFCPCKSNSSL,496,506.0
94,HLA-A68:02,5687.53,ANZ78847,FKPPFLSDFIN,94,507.0
950,HLA-A68:02,5688.46,ANZ78847,SYKGIKVLPPL,950,508.0
870,HLA-A68:02,5688.64,ANZ78847,SLMNGVTLSTK,870,509.0
618,HLA-A68:02,5688.91,ANZ78847,QKANTDIKLGV,618,510.0
782,HLA-A68:02,5689.08,ANZ78847,VNSVNDSLEPV,782,511.0
114,HLA-A68:02,5689.16,ANZ78847,KVFKDGVMYSE,114,512.0
422,HLA-A68:02,5689.18,ANZ78847,GYLQSFNYRID,422,513.0
674,HLA-A68:02,5689.29,ANZ78847,NRTFMIRSCYS,674,514.0
536,HLA-A68:02,5689.36,ANZ78847,PDPITFTGPYK,536,515.0
7,HLA-A68:02,5690.36,ANZ78847,SLPTAFAVIGD,7,516.0
732,HLA-A68:02,5690.43,ANZ78847,VVNAYNSTAIS,732,517.0
240,HLA-A68:02,5690.72,ANZ78847,LFNVYLGMALS,240,518.0
1036,HLA-A68:02,5690.94,ANZ78847,ALVKIQAVVNA,1036,519.0
1196,HLA-A68:02,5690.95,ANZ78847,MYTGSGYYYPE,1196,520.0
979,HLA-A68:02,5691.02,ANZ78847,FPPWTAAAGVP,979,521.0
1281,HLA-A68:02,5691.53,ANZ78847,AIKVLNQSYIN,1281,522.0
365,HLA-A68:02,5691.93,ANZ78847,SNCNFNMSSLM,365,523.0
1324,HLA-A68:02,5692.19,ANZ78847,FFICCCTGCGT,1324,524.0
598,HLA-A68:02,5692.6,ANZ78847,IFANLILHDVN,598,525.0
456,HLA-A68:02,5692.8,ANZ78847,PSTWNKRFGFI,456,526.0
1131,HLA-A68:02,5692.83,ANZ78847,RINFCGNGNHI,1131,527.0
1146,HLA-A68:02,5693.07,ANZ78847,QNAPYGLYFIH,1146,528.0
97,HLA-A68:02,5693.34,ANZ78847,PFLSDFINGIF,97,529.0
93,HLA-A68:02,5694.16,ANZ78847,WFKPPFLSDFI,93,530.0
1163,HLA-A68:02,5694.17,ANZ78847,KYVTAKVSPGL,1163,531.0
763,HLA-A68:02,5694.35,ANZ78847,RSRRAITTGYR,763,532.0
403,HLA-A68:02,5694.38,ANZ78847,IDKFAIPNGRK,403,533.0
50,HLA-A68:02,5694.43,ANZ78847,LGTYYVLDRVY,50,534.0
1020,HLA-A68:02,5694.5,ANZ78847,NNALDAIQEGF,1020,535.0
1123,HLA-A68:02,5694.51,ANZ78847,ECVKSQSSRIN,1123,536.0
1137,HLA-A68:02,5695.38,ANZ78847,NGNHIISLVQN,1137,537.0
70,HLA-A68:02,5695.65,ANZ78847,YYPTSGSTYRN,70,538.0
447,HLA-A68:02,5696.11,ANZ78847,ANVSVSRFNPS,447,539.0
1287,HLA-A68:02,5696.43,ANZ78847,QSYINLKDIGT,1287,540.0
1306,HLA-A68:02,5696.55,ANZ78847,WYVWLLICLAG,1306,541.0
971,HLA-A68:02,5696.65,ANZ78847,LAATSASLFPP,971,542.0
60,HLA-A68:02,5696.67,ANZ78847,YLNTTLFLNGY,60,543.0
901,HLA-A68:02,5696.81,ANZ78847,LGSECSKASSR,901,544.0
436,HLA-A68:02,5697.03,ANZ78847,TSCQLYYNLPA,436,545.0
821,HLA-A68:02,5697.54,ANZ78847,TIDCAAFVCGD,821,546.0
351,HLA-A68:02,5697.72,ANZ78847,KSVPSPLNWER,351,547.0
1273,HLA-A68:02,5697.89,ANZ78847,VEMNRLQEAIK,1273,548.0
650,HLA-A68:02,5698.35,ANZ78847,YYNSWQNLLYD,650,549.0
1121,HLA-A68:02,5698.41,ANZ78847,VNECVKSQSSR,1121,550.0
893,HLA-A68:02,5698.64,ANZ78847,NFSSVLGCLGS,893,551.0
1096,HLA-A68:02,5698.78,ANZ78847,LNAYVSQQLSD,1096,552.0
224,HLA-A68:02,5698.91,ANZ78847,GTFYAYFTDTG,224,553.0
482,HLA-A68:02,5698.92,ANZ78847,HDVVYAQHCFK,482,554.0
1067,HLA-A68:02,5698.97,ANZ78847,SSLQEILSRLD,1067,555.0
352,HLA-A68:02,5699.1,ANZ78847,SVPSPLNWERK,352,556.0
13,HLA-A68:02,5699.16,ANZ78847,AVIGDLKCPLD,13,557.0
1302,HLA-A68:02,5700.02,ANZ78847,VKWPWYVWLLI,1302,558.0
701,HLA-A68:02,5700.56,ANZ78847,LFRNIKCNYVF,701,559.0
223,HLA-A68:02,5700.57,ANZ78847,GGTFYAYFTDT,223,560.0
85,HLA-A68:02,5700.76,ANZ78847,GTDKLSTLWFK,85,561.0
79,HLA-A68:02,5700.97,ANZ78847,RNMALKGTDKL,79,562.0
1044,HLA-A68:02,5701.29,ANZ78847,VNANAEALNNL,1044,563.0
390,HLA-A68:02,5701.49,ANZ78847,AAKIYGMCFSS,390,564.0
427,HLA-A68:02,5701.51,ANZ78847,FNYRIDTTATS,427,565.0
1315,HLA-A68:02,5701.92,ANZ78847,AGVAMLVLLFF,1315,566.0
37,HLA-A68:02,5702.5,ANZ78847,PSISTATVDVT,37,567.0
1328,HLA-A68:02,5702.62,ANZ78847,CCTGCGTSCFK,1328,568.0
886,HLA-A68:02,5702.69,ANZ78847,NFNVDDINFSS,886,569.0
1251,HLA-A68:02,5703.2,ANZ78847,NQTSVAPDLAL,1251,570.0
1296,HLA-A68:02,5703.52,ANZ78847,GTYEYYVKWPW,1296,571.0
708,HLA-A68:02,5703.74,ANZ78847,NYVFNNSLTRQ,708,572.0
68,HLA-A68:02,5703.85,ANZ78847,NGYYPTSGSTY,68,573.0
776,HLA-A68:02,5704.07,ANZ78847,NFEPFTVNSVN,776,574.0
1317,HLA-A68:02,5704.12,ANZ78847,VAMLVLLFFIC,1317,575.0
518,HLA-A68:02,5704.26,ANZ78847,IGTCPAGTNYL,518,576.0
41,HLA-A68:02,5704.55,ANZ78847,TATVDVTNGLG,41,577.0
251,HLA-A68:02,5704.55,ANZ78847,HYYVMPLTCIS,251,577.0
843,HLA-A68:02,5704.55,ANZ78847,GSFCDNINAIL,843,577.0
1267,HLA-A68:02,5705.3,ANZ78847,TFLDLQVEMNR,1267,580.0
47,HLA-A68:02,5705.63,ANZ78847,TNGLGTYYVLD,47,581.0
1255,HLA-A68:02,5706.12,ANZ78847,VAPDLALDYIN,1255,582.0
453,HLA-A68:02,5706.15,ANZ78847,RFNPSTWNKRF,453,583.0
458,HLA-A68:02,5706.64,ANZ78847,TWNKRFGFIED,458,584.0
693,HLA-A68:02,5706.86,ANZ78847,ANSSEPALLFR,693,585.0
768,HLA-A68:02,5706.92,ANZ78847,ITTGYRFTNFE,768,586.0
1261,HLA-A68:02,5706.94,ANZ78847,LDYINVTFLDL,1261,587.0
632,HLA-A68:02,5707.46,ANZ78847,YDLYGISGQGI,632,588.0
369,HLA-A68:02,5707.64,ANZ78847,FNMSSLMSFIQ,369,589.0
187,HLA-A68:02,5707.75,ANZ78847,FKELWHMDTGV,187,590.0
1246,HLA-A68:02,5707.75,ANZ78847,DQWFKNQTSVA,1246,590.0
450,HLA-A68:02,5708.26,ANZ78847,SVSRFNPSTWN,450,592.0
1207,HLA-A68:02,5708.37,ANZ78847,PITENNVVVMS,1207,593.0
851,HLA-A68:02,5708.73,ANZ78847,AILTEVNELLD,851,594.0
999,HLA-A68:02,5708.85,ANZ78847,NGLGVTMDVLS,999,595.0
96,HLA-A68:02,5709.07,ANZ78847,PPFLSDFINGI,96,596.0
609,HLA-A68:02,5710.04,ANZ78847,SGLTCSTDLQK,609,597.0
1217,HLA-A68:02,5710.45,ANZ78847,STCAVNYTKAP,1217,598.0
178,HLA-A68:02,5710.52,ANZ78847,ICHPNLGNHFK,178,599.0
586,HLA-A68:02,5710.75,ANZ78847,SADSCLQGDKC,586,600.0
356,HLA-A68:02,5710.81,ANZ78847,PLNWERKTFSN,356,601.0
1143,HLA-A68:02,5710.9,ANZ78847,SLVQNAPYGLY,1143,602.0
764,HLA-A68:02,5711.31,ANZ78847,SRRAITTGYRF,764,603.0
245,HLA-A68:02,5711.35,ANZ78847,LGMALSHYYVM,245,604.0
724,HLA-A68:02,5711.49,ANZ78847,YFDSYLGCVVN,724,605.0
195,HLA-A68:02,5711.88,ANZ78847,TGVVSCLYKRN,195,606.0
862,HLA-A68:02,5712.34,ANZ78847,TTQLQVANSLM,862,607.0
123,HLA-A68:02,5712.68,ANZ78847,SEFPAITIGST,123,608.0
1282,HLA-A68:02,5712.7,ANZ78847,IKVLNQSYINL,1282,609.0
921,HLA-A68:02,5712.71,ANZ78847,KVKLSDVGFVA,921,610.0
1187,HLA-A68:02,5713.27,ANZ78847,YFVNVNNTWMY,1187,611.0
964,HLA-A68:02,5713.52,ANZ78847,NQISGYTLAAT,964,612.0
43,HLA-A68:02,5713.65,ANZ78847,TVDVTNGLGTY,43,613.0
952,HLA-A68:02,5713.78,ANZ78847,KGIKVLPPLLS,952,614.0
601,HLA-A68:02,5713.95,ANZ78847,NLILHDVNSGL,601,615.0
1279,HLA-A68:02,5714.37,ANZ78847,QEAIKVLNQSY,1279,616.0
1345,HLA-A68:02,5714.76,ANZ78847,DDYTGYQELVI,1345,617.0
614,HLA-A68:02,5714.92,ANZ78847,STDLQKANTDI,614,618.0
1330,HLA-A68:02,5715.01,ANZ78847,TGCGTSCFKKC,1330,619.0
621,HLA-A68:02,5715.76,ANZ78847,NTDIKLGVCVN,621,620.0
1180,HLA-A68:02,5715.78,ANZ78847,GIAPKSGYFVN,1180,621.0
281,HLA-A68:02,5715.96,ANZ78847,YLLAFNQDGII,281,622.0
1318,HLA-A68:02,5715.98,ANZ78847,AMLVLLFFICC,1318,623.0
721,HLA-A68:02,5716.07,ANZ78847,PINYFDSYLGC,721,624.0
666,HLA-A68:02,5716.61,ANZ78847,YGFRDYLTNRT,666,625.0
832,HLA-A68:02,5716.79,ANZ78847,YAACKSQLVEY,832,626.0
216,HLA-A68:02,5716.86,ANZ78847,YFHFYQEGGTF,216,627.0
635,HLA-A68:02,5717.21,ANZ78847,YGISGQGIFVE,635,628.0
1209,HLA-A68:02,5717.28,ANZ78847,TENNVVVMSTC,1209,629.0
923,HLA-A68:02,5718.37,ANZ78847,KLSDVGFVAAY,923,630.0
282,HLA-A68:02,5718.4,ANZ78847,LLAFNQDGIIF,282,631.0
6,HLA-A68:02,5718.47,ANZ78847,ISLPTAFAVIG,6,632.0
1052,HLA-A68:02,5718.79,ANZ78847,NNLLQQLSNRF,1052,633.0
1077,HLA-A68:02,5719.3,ANZ78847,DALEAEAQIDR,1077,634.0
750,HLA-A68:02,5719.31,ANZ78847,VGSGYCVDYSK,750,635.0
942,HLA-A68:02,5719.33,ANZ78847,IRDLICVQSYK,942,636.0
1210,HLA-A68:02,5720.02,ANZ78847,ENNVVVMSTCA,1210,637.0
516,HLA-A68:02,5720.47,ANZ78847,NGIGTCPAGTN,516,638.0
603,HLA-A68:02,5720.48,ANZ78847,ILHDVNSGLTC,603,639.0
1235,HLA-A68:02,5720.98,ANZ78847,IPNLPDFREEL,1235,640.0
628,HLA-A68:02,5721.07,ANZ78847,VCVNYDLYGIS,628,641.0
428,HLA-A68:02,5721.13,ANZ78847,NYRIDTTATSC,428,642.0
908,HLA-A68:02,5721.14,ANZ78847,ASSRSAIEDLL,908,643.0
802,HLA-A68:02,5721.49,ANZ78847,SDFTIGNMEEF,802,644.0
639,HLA-A68:02,5721.79,ANZ78847,GQGIFVEVNAT,639,645.0
169,HLA-A68:02,5721.83,ANZ78847,YNMCEYPHTIC,169,646.0
967,HLA-A68:02,5722.24,ANZ78847,SGYTLAATSAS,967,647.0
319,HLA-A68:02,5722.51,ANZ78847,YELNGYTVQPI,319,648.0
1257,HLA-A68:02,5722.61,ANZ78847,PDLALDYINVT,1257,649.0
857,HLA-A68:02,5722.98,ANZ78847,NELLDTTQLQV,857,650.0
147,HLA-A68:02,5723.57,ANZ78847,TINSTQDGVNK,147,651.0
1158,HLA-A68:02,5723.89,ANZ78847,SYVPTKYVTAK,1158,652.0
1075,HLA-A68:02,5724.07,ANZ78847,RLDALEAEAQI,1075,653.0
290,HLA-A68:02,5724.14,ANZ78847,IIFNAVDCMSD,290,654.0
934,HLA-A68:02,5724.16,ANZ78847,NNCTGGAEIRD,934,655.0
691,HLA-A68:02,5724.41,ANZ78847,FHANSSEPALL,691,656.0
400,HLA-A68:02,5724.45,ANZ78847,SITIDKFAIPN,400,657.0
1275,HLA-A68:02,5724.47,ANZ78847,MNRLQEAIKVL,1275,658.0
534,HLA-A68:02,5724.54,ANZ78847,CNPDPITFTGP,534,659.0
201,HLA-A68:02,5724.6,ANZ78847,LYKRNFTYDVN,201,660.0
1276,HLA-A68:02,5724.66,ANZ78847,NRLQEAIKVLN,1276,661.0
219,HLA-A68:02,5724.98,ANZ78847,FYQEGGTFYAY,219,662.0
1182,HLA-A68:02,5725.44,ANZ78847,APKSGYFVNVN,1182,663.0
135,HLA-A68:02,5725.47,ANZ78847,VNTSYSVVVQP,135,664.0
1240,HLA-A68:02,5725.52,ANZ78847,DFREELDQWFK,1240,665.0
491,HLA-A68:02,5726.11,ANZ78847,FKAPKNFCPCK,491,666.0
1329,HLA-A68:02,5726.12,ANZ78847,CTGCGTSCFKK,1329,667.0
254,HLA-A68:02,5726.37,ANZ78847,VMPLTCISRRN,254,668.0
1117,HLA-A68:02,5726.47,ANZ78847,AMEKVNECVKS,1117,669.0
241,HLA-A68:02,5726.54,ANZ78847,FNVYLGMALSH,241,670.0
250,HLA-A68:02,5726.67,ANZ78847,SHYYVMPLTCI,250,671.0
180,HLA-A68:02,5726.7,ANZ78847,HPNLGNHFKEL,180,672.0
103,HLA-A68:02,5726.78,ANZ78847,INGIFAKVKNT,103,673.0
895,HLA-A68:02,5726.98,ANZ78847,SSVLGCLGSEC,895,674.0
1139,HLA-A68:02,5727.16,ANZ78847,NHIISLVQNAP,1139,675.0
423,HLA-A68:02,5727.19,ANZ78847,YLQSFNYRIDT,423,676.0
215,HLA-A68:02,5727.22,ANZ78847,LYFHFYQEGGT,215,677.0
1297,HLA-A68:02,5727.38,ANZ78847,TYEYYVKWPWY,1297,678.0
256,HLA-A68:02,5727.7,ANZ78847,PLTCISRRNIG,256,679.0
909,HLA-A68:02,5727.84,ANZ78847,SSRSAIEDLLF,909,680.0
1189,HLA-A68:02,5728.84,ANZ78847,VNVNNTWMYTG,1189,681.0
504,HLA-A68:02,5728.97,ANZ78847,SSLCVGSGPGK,504,682.0
300,HLA-A68:02,5729.18,ANZ78847,DFMSEIKCKTQ,300,683.0
646,HLA-A68:02,5729.19,ANZ78847,VNATYYNSWQN,646,684.0
237,HLA-A68:02,5729.24,ANZ78847,TKFLFNVYLGM,237,685.0
23,HLA-A68:02,5729.61,ANZ78847,DSRTGSLNNID,23,686.0
1043,HLA-A68:02,5729.85,ANZ78847,VVNANAEALNN,1043,687.0
725,HLA-A68:02,5729.88,ANZ78847,FDSYLGCVVNA,725,688.0
767,HLA-A68:02,5729.92,ANZ78847,AITTGYRFTNF,767,689.0
1133,HLA-A68:02,5730.09,ANZ78847,NFCGNGNHIIS,1133,690.0
925,HLA-A68:02,5730.2,ANZ78847,SDVGFVAAYNN,925,691.0
74,HLA-A68:02,5730.47,ANZ78847,SGSTYRNMALK,74,692.0
265,HLA-A68:02,5730.47,ANZ78847,IGFTLEYWVTP,265,692.0
741,HLA-A68:02,5730.81,ANZ78847,ISVQTCDLTVG,741,694.0
288,HLA-A68:02,5731.69,ANZ78847,DGIIFNAVDCM,288,695.0
1016,HLA-A68:02,5731.75,ANZ78847,ANAFNNALDAI,1016,696.0
553,HLA-A68:02,5732.33,ANZ78847,LVGIGEHCSGL,553,697.0
835,HLA-A68:02,5732.37,ANZ78847,CKSQLVEYGSF,835,698.0
1154,HLA-A68:02,5732.57,ANZ78847,FIHFSYVPTKY,1154,699.0
357,HLA-A68:02,5732.79,ANZ78847,LNWERKTFSNC,357,700.0
816,HLA-A68:02,5733.69,ANZ78847,SSPKVTIDCAA,816,701.0
652,HLA-A68:02,5733.71,ANZ78847,NSWQNLLYDSN,652,702.0
1057,HLA-A68:02,5733.78,ANZ78847,QLSNRFGAISS,1057,703.0
168,HLA-A68:02,5734.53,ANZ78847,QYNMCEYPHTI,168,704.0
295,HLA-A68:02,5734.79,ANZ78847,VDCMSDFMSEI,295,705.0
989,HLA-A68:02,5735.13,ANZ78847,PFYLNVQYRIN,989,706.0
629,HLA-A68:02,5735.58,ANZ78847,CVNYDLYGISG,629,707.0
22,HLA-A68:02,5735.63,ANZ78847,LDSRTGSLNNI,22,708.0
183,HLA-A68:02,5735.73,ANZ78847,LGNHFKELWHM,183,709.0
392,HLA-A68:02,5735.81,ANZ78847,KIYGMCFSSIT,392,710.0
341,HLA-A68:02,5736.1,ANZ78847,NCNIEAWLNDK,341,711.0
544,HLA-A68:02,5736.48,ANZ78847,PYKCPQSKSLV,544,712.0
430,HLA-A68:02,5736.67,ANZ78847,RIDTTATSCQL,430,713.0
1233,HLA-A68:02,5736.88,ANZ78847,TSIPNLPDFRE,1233,714.0
1032,HLA-A68:02,5736.96,ANZ78847,ATNSALVKIQA,1032,715.0
35,HLA-A68:02,5737.45,ANZ78847,GPPSISTATVD,35,716.0
203,HLA-A68:02,5737.59,ANZ78847,KRNFTYDVNAT,203,717.0
461,HLA-A68:02,5737.78,ANZ78847,KRFGFIEDSVF,461,718.0
966,HLA-A68:02,5737.88,ANZ78847,ISGYTLAATSA,966,719.0
809,HLA-A68:02,5738.04,ANZ78847,MEEFIQTSSPK,809,720.0
1006,HLA-A68:02,5738.06,ANZ78847,DVLSQNQKLIA,1006,721.0
477,HLA-A68:02,5738.16,ANZ78847,GVLTNHDVVYA,477,722.0
729,HLA-A68:02,5738.34,ANZ78847,LGCVVNAYNST,729,723.0
557,HLA-A68:02,5738.35,ANZ78847,GEHCSGLAVKS,557,724.0
771,HLA-A68:02,5738.65,ANZ78847,GYRFTNFEPFT,771,725.0
1227,HLA-A68:02,5738.86,ANZ78847,PYVMLNTSIPN,1227,726.0
361,HLA-A68:02,5739.05,ANZ78847,RKTFSNCNFNM,361,727.0
575,HLA-A68:02,5739.1,ANZ78847,CTCQPQAFLGW,575,728.0
170,HLA-A68:02,5739.53,ANZ78847,NMCEYPHTICH,170,729.0
309,HLA-A68:02,5739.54,ANZ78847,TQSIAPPTGVY,309,730.0
1048,HLA-A68:02,5739.73,ANZ78847,AEALNNLLQQL,1048,731.0
1119,HLA-A68:02,5739.8,ANZ78847,EKVNECVKSQS,1119,732.0
366,HLA-A68:02,5740.01,ANZ78847,NCNFNMSSLMS,366,733.0
961,HLA-A68:02,5740.06,ANZ78847,LSENQISGYTL,961,734.0
638,HLA-A68:02,5740.39,ANZ78847,SGQGIFVEVNA,638,735.0
1166,HLA-A68:02,5740.46,ANZ78847,TAKVSPGLCIA,1166,736.0
1169,HLA-A68:02,5740.58,ANZ78847,VSPGLCIAGDR,1169,737.0
82,HLA-A68:02,5740.83,ANZ78847,ALKGTDKLSTL,82,738.0
867,HLA-A68:02,5740.94,ANZ78847,VANSLMNGVTL,867,739.0
1294,HLA-A68:02,5740.98,ANZ78847,DIGTYEYYVKW,1294,740.0
1127,HLA-A68:02,5741.1,ANZ78847,SQSSRINFCGN,1127,741.0
1264,HLA-A68:02,5741.72,ANZ78847,INVTFLDLQVE,1264,742.0
408,HLA-A68:02,5741.94,ANZ78847,IPNGRKVDLQL,408,743.0
1284,HLA-A68:02,5742.14,ANZ78847,VLNQSYINLKD,1284,744.0
67,HLA-A68:02,5742.36,ANZ78847,LNGYYPTSGST,67,745.0
808,HLA-A68:02,5742.44,ANZ78847,NMEEFIQTSSP,808,746.0
326,HLA-A68:02,5742.48,ANZ78847,VQPIADVYRRK,326,747.0
840,HLA-A68:02,5742.58,ANZ78847,VEYGSFCDNIN,840,748.0
508,HLA-A68:02,5742.66,ANZ78847,VGSGPGKNNGI,508,749.0
490,HLA-A68:02,5742.85,ANZ78847,CFKAPKNFCPC,490,750.0
451,HLA-A68:02,5743.04,ANZ78847,VSRFNPSTWNK,451,751.0
315,HLA-A68:02,5743.37,ANZ78847,PTGVYELNGYT,315,752.0
164,HLA-A68:02,5743.38,ANZ78847,VSVCQYNMCEY,164,753.0
1344,HLA-A68:02,5743.44,ANZ78847,CDDYTGYQELV,1344,754.0
220,HLA-A68:02,5743.53,ANZ78847,YQEGGTFYAYF,220,755.0
188,HLA-A68:02,5744.14,ANZ78847,KELWHMDTGVV,188,756.0
1098,HLA-A68:02,5744.31,ANZ78847,AYVSQQLSDST,1098,757.0
795,HLA-A68:02,5744.45,ANZ78847,LYEIQIPSDFT,795,758.0
1288,HLA-A68:02,5744.51,ANZ78847,SYINLKDIGTY,1288,759.0
327,HLA-A68:02,5744.69,ANZ78847,QPIADVYRRKP,327,760.0
757,HLA-A68:02,5744.77,ANZ78847,DYSKNRRSRRA,757,761.0
424,HLA-A68:02,5745.09,ANZ78847,LQSFNYRIDTT,424,762.0
340,HLA-A68:02,5745.53,ANZ78847,PNCNIEAWLND,340,763.0
897,HLA-A68:02,5745.54,ANZ78847,VLGCLGSECSK,897,764.0
1050,HLA-A68:02,5745.57,ANZ78847,ALNNLLQQLSN,1050,765.0
825,HLA-A68:02,5745.65,ANZ78847,AAFVCGDYAAC,825,766.0
1100,HLA-A68:02,5745.91,ANZ78847,VSQQLSDSTLV,1100,767.0
624,HLA-A68:02,5746.39,ANZ78847,IKLGVCVNYDL,624,768.0
985,HLA-A68:02,5746.45,ANZ78847,AAGVPFYLNVQ,985,769.0
1109,HLA-A68:02,5746.45,ANZ78847,LVKFSAAQAME,1109,769.0
115,HLA-A68:02,5746.54,ANZ78847,VFKDGVMYSEF,115,771.0
1174,HLA-A68:02,5746.58,ANZ78847,CIAGDRGIAPK,1174,772.0
914,HLA-A68:02,5746.67,ANZ78847,IEDLLFDKVKL,914,773.0
778,HLA-A68:02,5746.84,ANZ78847,EPFTVNSVNDS,778,774.0
878,HLA-A68:02,5746.95,ANZ78847,STKLKDGVNFN,878,775.0
520,HLA-A68:02,5747.01,ANZ78847,TCPAGTNYLTC,520,776.0
658,HLA-A68:02,5747.41,ANZ78847,LYDSNGNLYGF,658,777.0
525,HLA-A68:02,5747.52,ANZ78847,TNYLTCHNLCN,525,778.0
1192,HLA-A68:02,5747.53,ANZ78847,NNTWMYTGSGY,1192,779.0
1333,HLA-A68:02,5747.9,ANZ78847,GTSCFKKCGGC,1333,780.0
171,HLA-A68:02,5748.04,ANZ78847,MCEYPHTICHP,171,781.0
328,HLA-A68:02,5748.07,ANZ78847,PIADVYRRKPD,328,782.0
669,HLA-A68:02,5748.25,ANZ78847,RDYLTNRTFMI,669,783.0
720,HLA-A68:02,5748.27,ANZ78847,QPINYFDSYLG,720,784.0
1093,HLA-A68:02,5748.31,ANZ78847,LTALNAYVSQQ,1093,785.0
1012,HLA-A68:02,5748.52,ANZ78847,QKLIANAFNNA,1012,786.0
112,HLA-A68:02,5748.53,ANZ78847,NTKVFKDGVMY,112,787.0
1031,HLA-A68:02,5748.54,ANZ78847,DATNSALVKIQ,1031,788.0
157,HLA-A68:02,5748.57,ANZ78847,KLQGLLEVSVC,157,789.0
1142,HLA-A68:02,5748.62,ANZ78847,ISLVQNAPYGL,1142,790.0
481,HLA-A68:02,5748.65,ANZ78847,NHDVVYAQHCF,481,791.0
940,HLA-A68:02,5748.67,ANZ78847,AEIRDLICVQS,940,792.0
405,HLA-A68:02,5748.76,ANZ78847,KFAIPNGRKVD,405,793.0
1115,HLA-A68:02,5748.86,ANZ78847,AQAMEKVNECV,1115,794.0
625,HLA-A68:02,5749.21,ANZ78847,KLGVCVNYDLY,625,795.0
581,HLA-A68:02,5749.4,ANZ78847,AFLGWSADSCL,581,796.0
438,HLA-A68:02,5749.44,ANZ78847,CQLYYNLPAAN,438,797.0
505,HLA-A68:02,5749.81,ANZ78847,SLCVGSGPGKN,505,798.0
547,HLA-A68:02,5749.81,ANZ78847,CPQSKSLVGIG,547,798.0
685,HLA-A68:02,5749.83,ANZ78847,GRVSAAFHANS,685,800.0
208,HLA-A68:02,5749.85,ANZ78847,YDVNATYLYFH,208,801.0
869,HLA-A68:02,5750.11,ANZ78847,NSLMNGVTLST,869,802.0
1321,HLA-A68:02,5750.34,ANZ78847,VLLFFICCCTG,1321,803.0
706,HLA-A68:02,5750.35,ANZ78847,KCNYVFNNSLT,706,804.0
388,HLA-A68:02,5750.36,ANZ78847,IDAAKIYGMCF,388,805.0
1171,HLA-A68:02,5750.39,ANZ78847,PGLCIAGDRGI,1171,806.0
527,HLA-A68:02,5750.44,ANZ78847,YLTCHNLCNPD,527,807.0
284,HLA-A68:02,5750.66,ANZ78847,AFNQDGIIFNA,284,808.0
1221,HLA-A68:02,5750.84,ANZ78847,VNYTKAPYVML,1221,809.0
106,HLA-A68:02,5750.98,ANZ78847,IFAKVKNTKVF,106,810.0
986,HLA-A68:02,5751.07,ANZ78847,AGVPFYLNVQY,986,811.0
834,HLA-A68:02,5751.25,ANZ78847,ACKSQLVEYGS,834,812.0
88,HLA-A68:02,5751.47,ANZ78847,KLSTLWFKPPF,88,813.0
1124,HLA-A68:02,5751.56,ANZ78847,CVKSQSSRINF,1124,814.0
92,HLA-A68:02,5751.7,ANZ78847,LWFKPPFLSDF,92,815.0
1289,HLA-A68:02,5751.83,ANZ78847,YINLKDIGTYE,1289,816.0
806,HLA-A68:02,5751.95,ANZ78847,IGNMEEFIQTS,806,817.0
426,HLA-A68:02,5752.47,ANZ78847,SFNYRIDTTAT,426,818.0
78,HLA-A68:02,5752.51,ANZ78847,YRNMALKGTDK,78,819.0
963,HLA-A68:02,5752.52,ANZ78847,ENQISGYTLAA,963,820.0
668,HLA-A68:02,5752.72,ANZ78847,FRDYLTNRTFM,668,821.0
1076,HLA-A68:02,5752.8,ANZ78847,LDALEAEAQID,1076,822.0
1253,HLA-A68:02,5752.94,ANZ78847,TSVAPDLALDY,1253,823.0
1027,HLA-A68:02,5753.02,ANZ78847,QEGFDATNSAL,1027,824.0
906,HLA-A68:02,5753.07,ANZ78847,SKASSRSAIED,906,825.0
148,HLA-A68:02,5753.1,ANZ78847,INSTQDGVNKL,148,826.0
929,HLA-A68:02,5753.38,ANZ78847,FVAAYNNCTGG,929,827.0
339,HLA-A68:02,5753.52,ANZ78847,LPNCNIEAWLN,339,828.0
21,HLA-A68:02,5753.58,ANZ78847,PLDSRTGSLNN,21,829.0
1213,HLA-A68:02,5753.73,ANZ78847,VVVMSTCAVNY,1213,830.0
813,HLA-A68:02,5753.91,ANZ78847,IQTSSPKVTID,813,831.0
1058,HLA-A68:02,5754.35,ANZ78847,LSNRFGAISSS,1058,832.0
885,HLA-A68:02,5754.39,ANZ78847,VNFNVDDINFS,885,833.0
417,HLA-A68:02,5754.69,ANZ78847,QLGNLGYLQSF,417,834.0
1161,HLA-A68:02,5754.73,ANZ78847,PTKYVTAKVSP,1161,835.0
742,HLA-A68:02,5755.02,ANZ78847,SVQTCDLTVGS,742,836.0
1291,HLA-A68:02,5755.02,ANZ78847,NLKDIGTYEYY,1291,836.0
960,HLA-A68:02,5755.04,ANZ78847,LLSENQISGYT,960,838.0
1183,HLA-A68:02,5755.26,ANZ78847,PKSGYFVNVNN,1183,839.0
1186,HLA-A68:02,5755.35,ANZ78847,GYFVNVNNTWM,1186,840.0
1194,HLA-A68:02,5755.76,ANZ78847,TWMYTGSGYYY,1194,841.0
494,HLA-A68:02,5755.86,ANZ78847,PKNFCPCKSNS,494,842.0
1234,HLA-A68:02,5755.96,ANZ78847,SIPNLPDFREE,1234,843.0
314,HLA-A68:02,5756.32,ANZ78847,PPTGVYELNGY,314,844.0
1334,HLA-A68:02,5756.35,ANZ78847,TSCFKKCGGCC,1334,845.0
641,HLA-A68:02,5756.55,ANZ78847,GIFVEVNATYY,641,846.0
831,HLA-A68:02,5756.64,ANZ78847,DYAACKSQLVE,831,847.0
471,HLA-A68:02,5756.68,ANZ78847,FKPQPAGVLTN,471,848.0
852,HLA-A68:02,5756.71,ANZ78847,ILTEVNELLDT,852,849.0
919,HLA-A68:02,5756.98,ANZ78847,FDKVKLSDVGF,919,850.0
555,HLA-A68:02,5757.26,ANZ78847,GIGEHCSGLAV,555,851.0
506,HLA-A68:02,5757.45,ANZ78847,LCVGSGPGKNN,506,852.0
889,HLA-A68:02,5757.57,ANZ78847,VDDINFSSVLG,889,853.0
258,HLA-A68:02,5757.64,ANZ78847,TCISRRNIGFT,258,854.0
129,HLA-A68:02,5758.21,ANZ78847,TIGSTFVNTSY,129,855.0
796,HLA-A68:02,5758.33,ANZ78847,YEIQIPSDFTI,796,856.0
558,HLA-A68:02,5758.4,ANZ78847,EHCSGLAVKSD,558,857.0
588,HLA-A68:02,5758.49,ANZ78847,DSCLQGDKCNI,588,858.0
65,HLA-A68:02,5758.6,ANZ78847,LFLNGYYPTSG,65,859.0
1178,HLA-A68:02,5758.68,ANZ78847,DRGIAPKSGYF,1178,860.0
19,HLA-A68:02,5758.94,ANZ78847,KCPLDSRTGSL,19,861.0
1011,HLA-A68:02,5758.97,ANZ78847,NQKLIANAFNN,1011,862.0
1110,HLA-A68:02,5758.99,ANZ78847,VKFSAAQAMEK,1110,863.0
1063,HLA-A68:02,5759.04,ANZ78847,GAISSSLQEIL,1063,864.0
473,HLA-A68:02,5759.06,ANZ78847,PQPAGVLTNHD,473,865.0
681,HLA-A68:02,5759.18,ANZ78847,SCYSGRVSAAF,681,866.0
754,HLA-A68:02,5759.21,ANZ78847,YCVDYSKNRRS,754,867.0
1145,HLA-A68:02,5759.42,ANZ78847,VQNAPYGLYFI,1145,868.0
565,HLA-A68:02,5759.58,ANZ78847,VKSDYCGGNPC,565,869.0
493,HLA-A68:02,5759.79,ANZ78847,APKNFCPCKSN,493,870.0
28,HLA-A68:02,5759.9,ANZ78847,SLNNIDTGPPS,28,871.0
626,HLA-A68:02,5759.97,ANZ78847,LGVCVNYDLYG,626,872.0
1013,HLA-A68:02,5760.19,ANZ78847,KLIANAFNNAL,1013,873.0
545,HLA-A68:02,5760.21,ANZ78847,YKCPQSKSLVG,545,874.0
1201,HLA-A68:02,5760.27,ANZ78847,GYYYPEPITEN,1201,875.0
957,HLA-A68:02,5760.39,ANZ78847,LPPLLSENQIS,957,876.0
1350,HLA-A68:02,5760.4,ANZ78847,YQELVIKTSHD,1350,877.0
1061,HLA-A68:02,5760.43,ANZ78847,RFGAISSSLQE,1061,878.0
1327,HLA-A68:02,5760.47,ANZ78847,CCCTGCGTSCF,1327,879.0
198,HLA-A68:02,5760.7,ANZ78847,VSCLYKRNFTY,198,880.0
321,HLA-A68:02,5760.77,ANZ78847,LNGYTVQPIAD,321,881.0
550,HLA-A68:02,5760.87,ANZ78847,SKSLVGIGEHC,550,882.0
998,HLA-A68:02,5761.08,ANZ78847,INGLGVTMDVL,998,883.0
829,HLA-A68:02,5761.11,ANZ78847,CGDYAACKSQL,829,884.0
367,HLA-A68:02,5761.17,ANZ78847,CNFNMSSLMSF,367,885.0
150,HLA-A68:02,5761.46,ANZ78847,STQDGVNKLQG,150,886.0
817,HLA-A68:02,5761.5,ANZ78847,SPKVTIDCAAF,817,887.0
845,HLA-A68:02,5761.68,ANZ78847,FCDNINAILTE,845,888.0
185,HLA-A68:02,5761.92,ANZ78847,NHFKELWHMDT,185,889.0
607,HLA-A68:02,5761.96,ANZ78847,VNSGLTCSTDL,607,890.0
560,HLA-A68:02,5762.35,ANZ78847,CSGLAVKSDYC,560,891.0
892,HLA-A68:02,5762.43,ANZ78847,INFSSVLGCLG,892,892.0
416,HLA-A68:02,5763.74,ANZ78847,LQLGNLGYLQS,416,893.0
1009,HLA-A68:02,5764.32,ANZ78847,SQNQKLIANAF,1009,894.0
431,HLA-A68:02,5764.34,ANZ78847,IDTTATSCQLY,431,895.0
1195,HLA-A68:02,5764.86,ANZ78847,WMYTGSGYYYP,1195,896.0
305,HLA-A68:02,5764.93,ANZ78847,IKCKTQSIAPP,305,897.0
595,HLA-A68:02,5765.04,ANZ78847,KCNIFANLILH,595,898.0
1038,HLA-A68:02,5765.11,ANZ78847,VKIQAVVNANA,1038,899.0
542,HLA-A68:02,5765.15,ANZ78847,TGPYKCPQSKS,542,900.0
485,HLA-A68:02,5765.48,ANZ78847,VYAQHCFKAPK,485,901.0
927,HLA-A68:02,5765.75,ANZ78847,VGFVAAYNNCT,927,902.0
1087,HLA-A68:02,5765.83,ANZ78847,RLINGRLTALN,1087,903.0
531,HLA-A68:02,5765.84,ANZ78847,HNLCNPDPITF,531,904.0
261,HLA-A68:02,5765.89,ANZ78847,SRRNIGFTLEY,261,905.0
1104,HLA-A68:02,5765.94,ANZ78847,LSDSTLVKFSA,1104,906.0
644,HLA-A68:02,5766.11,ANZ78847,VEVNATYYNSW,644,907.0
304,HLA-A68:02,5766.17,ANZ78847,EIKCKTQSIAP,304,908.0
703,HLA-A68:02,5766.26,ANZ78847,RNIKCNYVFNN,703,909.0
777,HLA-A68:02,5766.26,ANZ78847,FEPFTVNSVND,777,909.0
192,HLA-A68:02,5766.42,ANZ78847,HMDTGVVSCLY,192,911.0
876,HLA-A68:02,5766.51,ANZ78847,TLSTKLKDGVN,876,912.0
932,HLA-A68:02,5767.02,ANZ78847,AYNNCTGGAEI,932,913.0
826,HLA-A68:02,5767.13,ANZ78847,AFVCGDYAACK,826,914.0
690,HLA-A68:02,5767.16,ANZ78847,AFHANSSEPAL,690,915.0
990,HLA-A68:02,5767.5,ANZ78847,FYLNVQYRING,990,916.0
651,HLA-A68:02,5767.66,ANZ78847,YNSWQNLLYDS,651,917.0
853,HLA-A68:02,5767.7,ANZ78847,LTEVNELLDTT,853,918.0
976,HLA-A68:02,5767.87,ANZ78847,ASLFPPWTAAA,976,919.0
166,HLA-A68:02,5768.03,ANZ78847,VCQYNMCEYPH,166,920.0
292,HLA-A68:02,5768.11,ANZ78847,FNAVDCMSDFM,292,921.0
573,HLA-A68:02,5768.4,ANZ78847,NPCTCQPQAFL,573,922.0
191,HLA-A68:02,5768.42,ANZ78847,WHMDTGVVSCL,191,923.0
454,HLA-A68:02,5768.53,ANZ78847,FNPSTWNKRFG,454,924.0
1323,HLA-A68:02,5768.55,ANZ78847,LFFICCCTGCG,1323,925.0
190,HLA-A68:02,5768.84,ANZ78847,LWHMDTGVVSC,190,926.0
382,HLA-A68:02,5769.11,ANZ78847,SFTCNNIDAAK,382,927.0
410,HLA-A68:02,5769.47,ANZ78847,NGRKVDLQLGN,410,928.0
32,HLA-A68:02,5769.53,ANZ78847,IDTGPPSISTA,32,929.0
342,HLA-A68:02,5769.77,ANZ78847,CNIEAWLNDKS,342,930.0
744,HLA-A68:02,5769.99,ANZ78847,QTCDLTVGSGY,744,931.0
274,HLA-A68:02,5770.01,ANZ78847,TPLTSRQYLLA,274,932.0
794,HLA-A68:02,5770.02,ANZ78847,GLYEIQIPSDF,794,933.0
160,HLA-A68:02,5770.13,ANZ78847,GLLEVSVCQYN,160,934.0
204,HLA-A68:02,5770.19,ANZ78847,RNFTYDVNATY,204,935.0
1037,HLA-A68:02,5770.38,ANZ78847,LVKIQAVVNAN,1037,936.0
354,HLA-A68:02,5770.49,ANZ78847,PSPLNWERKTF,354,937.0
270,HLA-A68:02,5770.85,ANZ78847,EYWVTPLTSRQ,270,938.0
543,HLA-A68:02,5770.95,ANZ78847,GPYKCPQSKSL,543,939.0
486,HLA-A68:02,5770.98,ANZ78847,YAQHCFKAPKN,486,940.0
1001,HLA-A68:02,5771.11,ANZ78847,LGVTMDVLSQN,1001,941.0
954,HLA-A68:02,5771.19,ANZ78847,IKVLPPLLSEN,954,942.0
174,HLA-A68:02,5771.24,ANZ78847,YPHTICHPNLG,174,943.0
1167,HLA-A68:02,5771.26,ANZ78847,AKVSPGLCIAG,1167,944.0
56,HLA-A68:02,5771.34,ANZ78847,LDRVYLNTTLF,56,945.0
716,HLA-A68:02,5771.42,ANZ78847,TRQLQPINYFD,716,946.0
467,HLA-A68:02,5771.54,ANZ78847,EDSVFKPQPAG,467,947.0
1290,HLA-A68:02,5771.6,ANZ78847,INLKDIGTYEY,1290,948.0
1270,HLA-A68:02,5771.73,ANZ78847,DLQVEMNRLQE,1270,949.0
271,HLA-A68:02,5772.04,ANZ78847,YWVTPLTSRQY,271,950.0
884,HLA-A68:02,5772.11,ANZ78847,GVNFNVDDINF,884,951.0
108,HLA-A68:02,5772.2,ANZ78847,AKVKNTKVFKD,108,952.0
730,HLA-A68:02,5772.43,ANZ78847,GCVVNAYNSTA,730,953.0
1086,HLA-A68:02,5772.73,ANZ78847,DRLINGRLTAL,1086,954.0
1010,HLA-A68:02,5772.9,ANZ78847,QNQKLIANAFN,1010,955.0
29,HLA-A68:02,5773.18,ANZ78847,LNNIDTGPPSI,29,956.0
348,HLA-A68:02,5773.25,ANZ78847,LNDKSVPSPLN,348,957.0
522,HLA-A68:02,5773.51,ANZ78847,PAGTNYLTCHN,522,958.0
1285,HLA-A68:02,5773.6,ANZ78847,LNQSYINLKDI,1285,959.0
359,HLA-A68:02,5773.64,ANZ78847,WERKTFSNCNF,359,960.0
299,HLA-A68:02,5773.85,ANZ78847,SDFMSEIKCKT,299,961.0
313,HLA-A68:02,5773.95,ANZ78847,APPTGVYELNG,313,962.0
260,HLA-A68:02,5774.43,ANZ78847,ISRRNIGFTLE,260,963.0
167,HLA-A68:02,5774.88,ANZ78847,CQYNMCEYPHT,167,964.0
495,HLA-A68:02,5774.88,ANZ78847,KNFCPCKSNSS,495,964.0
20,HLA-A68:02,5775.54,ANZ78847,CPLDSRTGSLN,20,966.0
81,HLA-A68:02,5775.58,ANZ78847,MALKGTDKLST,81,967.0
419,HLA-A68:02,5775.67,ANZ78847,GNLGYLQSFNY,419,968.0
155,HLA-A68:02,5775.72,ANZ78847,VNKLQGLLEVS,155,969.0
363,HLA-A68:02,5775.8,ANZ78847,TFSNCNFNMSS,363,970.0
470,HLA-A68:02,5775.84,ANZ78847,VFKPQPAGVLT,470,971.0
714,HLA-A68:02,5775.87,ANZ78847,SLTRQLQPINY,714,972.0
656,HLA-A68:02,5775.9,ANZ78847,NLLYDSNGNLY,656,973.0
384,HLA-A68:02,5775.94,ANZ78847,TCNNIDAAKIY,384,974.0
377,HLA-A68:02,5776.12,ANZ78847,FIQADSFTCNN,377,975.0
907,HLA-A68:02,5776.17,ANZ78847,KASSRSAIEDL,907,976.0
459,HLA-A68:02,5776.28,ANZ78847,WNKRFGFIEDS,459,977.0
1309,HLA-A68:02,5776.64,ANZ78847,WLLICLAGVAM,1309,978.0
202,HLA-A68:02,5776.69,ANZ78847,YKRNFTYDVNA,202,979.0
688,HLA-A68:02,5776.83,ANZ78847,SAAFHANSSEP,688,980.0
175,HLA-A68:02,5777.03,ANZ78847,PHTICHPNLGN,175,981.0
142,HLA-A68:02,5777.24,ANZ78847,VVQPRTINSTQ,142,982.0
727,HLA-A68:02,5777.45,ANZ78847,SYLGCVVNAYN,727,983.0
1218,HLA-A68:02,5777.46,ANZ78847,TCAVNYTKAPY,1218,984.0
1278,HLA-A68:02,5777.63,ANZ78847,LQEAIKVLNQS,1278,985.0
385,HLA-A68:02,5777.69,ANZ78847,CNNIDAAKIYG,385,986.0
1243,HLA-A68:02,5777.72,ANZ78847,EELDQWFKNQT,1243,987.0
502,HLA-A68:02,5777.74,ANZ78847,SNSSLCVGSGP,502,988.0
582,HLA-A68:02,5777.87,ANZ78847,FLGWSADSCLQ,582,989.0
323,HLA-A68:02,5778.11,ANZ78847,GYTVQPIADVY,323,990.0
687,HLA-A68:02,5778.27,ANZ78847,VSAAFHANSSE,687,991.0
1105,HLA-A68:02,5778.29,ANZ78847,SDSTLVKFSAA,1105,992.0
745,HLA-A68:02,5778.46,ANZ78847,TCDLTVGSGYC,745,993.0
679,HLA-A68:02,5778.51,ANZ78847,IRSCYSGRVSA,679,994.0
854,HLA-A68:02,5778.76,ANZ78847,TEVNELLDTTQ,854,995.0
663,HLA-A68:02,5778.84,ANZ78847,GNLYGFRDYLT,663,996.0
277,HLA-A68:02,5779.07,ANZ78847,TSRQYLLAFNQ,277,997.0
765,HLA-A68:02,5779.32,ANZ78847,RRAITTGYRFT,765,998.0
116,HLA-A68:02,5779.36,ANZ78847,FKDGVMYSEFP,116,999.0
334,HLA-A68:02,5779.51,ANZ78847,RRKPDLPNCNI,334,1000.0
1132,HLA-A68:02,5779.51,ANZ78847,INFCGNGNHII,1132,1000.0
350,HLA-A68:02,5779.89,ANZ78847,DKSVPSPLNWE,350,1002.0
916,HLA-A68:02,5780.37,ANZ78847,DLLFDKVKLSD,916,1003.0
1185,HLA-A68:02,5780.5,ANZ78847,SGYFVNVNNTW,1185,1004.0
611,HLA-A68:02,5780.68,ANZ78847,LTCSTDLQKAN,611,1005.0
479,HLA-A68:02,5781.03,ANZ78847,LTNHDVVYAQH,479,1006.0
199,HLA-A68:02,5781.15,ANZ78847,SCLYKRNFTYD,199,1007.0
798,HLA-A68:02,5781.22,ANZ78847,IQIPSDFTIGN,798,1008.0
165,HLA-A68:02,5781.71,ANZ78847,SVCQYNMCEYP,165,1009.0
902,HLA-A68:02,5781.99,ANZ78847,GSECSKASSRS,902,1010.0
655,HLA-A68:02,5782.03,ANZ78847,QNLLYDSNGNL,655,1011.0
1177,HLA-A68:02,5782.03,ANZ78847,GDRGIAPKSGY,1177,1011.0
72,HLA-A68:02,5782.13,ANZ78847,PTSGSTYRNMA,72,1013.0
529,HLA-A68:02,5782.18,ANZ78847,TCHNLCNPDPI,529,1014.0
243,HLA-A68:02,5782.32,ANZ78847,VYLGMALSHYY,243,1015.0
275,HLA-A68:02,5782.32,ANZ78847,PLTSRQYLLAF,275,1015.0
161,HLA-A68:02,5782.39,ANZ78847,LLEVSVCQYNM,161,1017.0
951,HLA-A68:02,5782.59,ANZ78847,YKGIKVLPPLL,951,1018.0
1325,HLA-A68:02,5782.65,ANZ78847,FICCCTGCGTS,1325,1019.0
1172,HLA-A68:02,5782.78,ANZ78847,GLCIAGDRGIA,1172,1020.0
602,HLA-A68:02,5783.73,ANZ78847,LILHDVNSGLT,602,1021.0
153,HLA-A68:02,5783.78,ANZ78847,DGVNKLQGLLE,153,1022.0
489,HLA-A68:02,5783.99,ANZ78847,HCFKAPKNFCP,489,1023.0
1055,HLA-A68:02,5783.99,ANZ78847,LQQLSNRFGAI,1055,1023.0
1141,HLA-A68:02,5784.22,ANZ78847,IISLVQNAPYG,1141,1025.0
455,HLA-A68:02,5784.24,ANZ78847,NPSTWNKRFGF,455,1026.0
329,HLA-A68:02,5784.41,ANZ78847,IADVYRRKPDL,329,1027.0
784,HLA-A68:02,5784.42,ANZ78847,SVNDSLEPVGG,784,1028.0
577,HLA-A68:02,5784.49,ANZ78847,CQPQAFLGWSA,577,1029.0
836,HLA-A68:02,5784.72,ANZ78847,KSQLVEYGSFC,836,1030.0
303,HLA-A68:02,5785.02,ANZ78847,SEIKCKTQSIA,303,1031.0
863,HLA-A68:02,5785.19,ANZ78847,TQLQVANSLMN,863,1032.0
807,HLA-A68:02,5785.36,ANZ78847,GNMEEFIQTSS,807,1033.0
785,HLA-A68:02,5785.43,ANZ78847,VNDSLEPVGGL,785,1034.0
868,HLA-A68:02,5785.53,ANZ78847,ANSLMNGVTLS,868,1035.0
162,HLA-A68:02,5785.6,ANZ78847,LEVSVCQYNMC,162,1036.0
535,HLA-A68:02,5785.65,ANZ78847,NPDPITFTGPY,535,1037.0
972,HLA-A68:02,5785.69,ANZ78847,AATSASLFPPW,972,1038.0
1286,HLA-A68:02,5785.77,ANZ78847,NQSYINLKDIG,1286,1039.0
289,HLA-A68:02,5785.86,ANZ78847,GIIFNAVDCMS,289,1040.0
631,HLA-A68:02,5785.91,ANZ78847,NYDLYGISGQG,631,1041.0
894,HLA-A68:02,5785.92,ANZ78847,FSSVLGCLGSE,894,1042.0
1025,HLA-A68:02,5785.95,ANZ78847,AIQEGFDATNS,1025,1043.0
1089,HLA-A68:02,5786.02,ANZ78847,INGRLTALNAY,1089,1044.0
837,HLA-A68:02,5786.47,ANZ78847,SQLVEYGSFCD,837,1045.0
1162,HLA-A68:02,5786.48,ANZ78847,TKYVTAKVSPG,1162,1046.0
751,HLA-A68:02,5786.63,ANZ78847,GSGYCVDYSKN,751,1047.0
1236,HLA-A68:02,5786.79,ANZ78847,PNLPDFREELD,1236,1048.0
287,HLA-A68:02,5786.99,ANZ78847,QDGIIFNAVDC,287,1049.0
680,HLA-A68:02,5786.99,ANZ78847,RSCYSGRVSAA,680,1049.0
1069,HLA-A68:02,5787.09,ANZ78847,LQEILSRLDAL,1069,1051.0
552,HLA-A68:02,5787.45,ANZ78847,SLVGIGEHCSG,552,1052.0
958,HLA-A68:02,5787.6,ANZ78847,PPLLSENQISG,958,1053.0
941,HLA-A68:02,5787.79,ANZ78847,EIRDLICVQSY,941,1054.0
1056,HLA-A68:02,5787.96,ANZ78847,QQLSNRFGAIS,1056,1055.0
95,HLA-A68:02,5788.06,ANZ78847,KPPFLSDFING,95,1056.0
899,HLA-A68:02,5788.33,ANZ78847,GCLGSECSKAS,899,1057.0
900,HLA-A68:02,5788.36,ANZ78847,CLGSECSKASS,900,1058.0
905,HLA-A68:02,5788.36,ANZ78847,CSKASSRSAIE,905,1058.0
903,HLA-A68:02,5788.74,ANZ78847,SECSKASSRSA,903,1060.0
711,HLA-A68:02,5788.77,ANZ78847,FNNSLTRQLQP,711,1061.0
355,HLA-A68:02,5789.3,ANZ78847,SPLNWERKTFS,355,1062.0
579,HLA-A68:02,5789.32,ANZ78847,PQAFLGWSADS,579,1063.0
953,HLA-A68:02,5789.49,ANZ78847,GIKVLPPLLSE,953,1064.0
922,HLA-A68:02,5789.55,ANZ78847,VKLSDVGFVAA,922,1065.0
1084,HLA-A68:02,5789.58,ANZ78847,QIDRLINGRLT,1084,1066.0
360,HLA-A68:02,5789.73,ANZ78847,ERKTFSNCNFN,360,1067.0
682,HLA-A68:02,5789.75,ANZ78847,CYSGRVSAAFH,682,1068.0
959,HLA-A68:02,5789.84,ANZ78847,PLLSENQISGY,959,1069.0
578,HLA-A68:02,5790.09,ANZ78847,QPQAFLGWSAD,578,1070.0
80,HLA-A68:02,5790.16,ANZ78847,NMALKGTDKLS,80,1071.0
789,HLA-A68:02,5790.23,ANZ78847,LEPVGGLYEIQ,789,1072.0
657,HLA-A68:02,5790.4,ANZ78847,LLYDSNGNLYG,657,1073.0
548,HLA-A68:02,5790.5,ANZ78847,PQSKSLVGIGE,548,1074.0
1248,HLA-A68:02,5790.57,ANZ78847,WFKNQTSVAPD,1248,1075.0
515,HLA-A68:02,5791.05,ANZ78847,NNGIGTCPAGT,515,1076.0
238,HLA-A68:02,5791.08,ANZ78847,KFLFNVYLGMA,238,1077.0
476,HLA-A68:02,5791.21,ANZ78847,AGVLTNHDVVY,476,1078.0
71,HLA-A68:02,5791.22,ANZ78847,YPTSGSTYRNM,71,1079.0
882,HLA-A68:02,5791.25,ANZ78847,KDGVNFNVDDI,882,1080.0
699,HLA-A68:02,5791.38,ANZ78847,ALLFRNIKCNY,699,1081.0
87,HLA-A68:02,5791.47,ANZ78847,DKLSTLWFKPP,87,1082.0
859,HLA-A68:02,5791.48,ANZ78847,LLDTTQLQVAN,859,1083.0
26,HLA-A68:02,5791.56,ANZ78847,TGSLNNIDTGP,26,1084.0
533,HLA-A68:02,5791.77,ANZ78847,LCNPDPITFTG,533,1085.0
981,HLA-A68:02,5791.85,ANZ78847,PWTAAAGVPFY,981,1086.0
376,HLA-A68:02,5791.94,ANZ78847,SFIQADSFTCN,376,1087.0
684,HLA-A68:02,5791.97,ANZ78847,SGRVSAAFHAN,684,1088.0
418,HLA-A68:02,5792.41,ANZ78847,LGNLGYLQSFN,418,1089.0
1018,HLA-A68:02,5792.45,ANZ78847,AFNNALDAIQE,1018,1090.0
689,HLA-A68:02,5792.5,ANZ78847,AAFHANSSEPA,689,1091.0
1053,HLA-A68:02,5793.1,ANZ78847,NLLQQLSNRFG,1053,1092.0
294,HLA-A68:02,5793.22,ANZ78847,AVDCMSDFMSE,294,1093.0
3,HLA-A68:02,5793.28,ANZ78847,ILLISLPTAFA,3,1094.0
667,HLA-A68:02,5793.36,ANZ78847,GFRDYLTNRTF,667,1095.0
372,HLA-A68:02,5793.38,ANZ78847,SSLMSFIQADS,372,1096.0
1114,HLA-A68:02,5793.5,ANZ78847,AAQAMEKVNEC,1114,1097.0
77,HLA-A68:02,5793.51,ANZ78847,TYRNMALKGTD,77,1098.0
488,HLA-A68:02,5793.59,ANZ78847,QHCFKAPKNFC,488,1099.0
499,HLA-A68:02,5793.76,ANZ78847,PCKSNSSLCVG,499,1100.0
1097,HLA-A68:02,5793.93,ANZ78847,NAYVSQQLSDS,1097,1101.0
413,HLA-A68:02,5793.97,ANZ78847,KVDLQLGNLGY,413,1102.0
1343,HLA-A68:02,5794.03,ANZ78847,CCDDYTGYQEL,1343,1103.0
924,HLA-A68:02,5794.24,ANZ78847,LSDVGFVAAYN,924,1104.0
910,HLA-A68:02,5794.31,ANZ78847,SRSAIEDLLFD,910,1105.0
336,HLA-A68:02,5794.41,ANZ78847,KPDLPNCNIEA,336,1106.0
172,HLA-A68:02,5794.44,ANZ78847,CEYPHTICHPN,172,1107.0
16,HLA-A68:02,5794.63,ANZ78847,GDLKCPLDSRT,16,1108.0
500,HLA-A68:02,5794.78,ANZ78847,CKSNSSLCVGS,500,1109.0
1088,HLA-A68:02,5794.81,ANZ78847,LINGRLTALNA,1088,1110.0
605,HLA-A68:02,5795.05,ANZ78847,HDVNSGLTCST,605,1111.0
1079,HLA-A68:02,5795.05,ANZ78847,LEAEAQIDRLI,1079,1111.0
521,HLA-A68:02,5795.16,ANZ78847,CPAGTNYLTCH,521,1113.0
513,HLA-A68:02,5795.93,ANZ78847,GKNNGIGTCPA,513,1114.0
59,HLA-A68:02,5796.39,ANZ78847,VYLNTTLFLNG,59,1115.0
184,HLA-A68:02,5796.46,ANZ78847,GNHFKELWHMD,184,1116.0
1129,HLA-A68:02,5796.5,ANZ78847,SSRINFCGNGN,1129,1117.0
593,HLA-A68:02,5796.72,ANZ78847,GDKCNIFANLI,593,1118.0
333,HLA-A68:02,5796.73,ANZ78847,YRRKPDLPNCN,333,1119.0
217,HLA-A68:02,5796.97,ANZ78847,FHFYQEGGTFY,217,1120.0
1229,HLA-A68:02,5797.21,ANZ78847,VMLNTSIPNLP,1229,1121.0
911,HLA-A68:02,5797.36,ANZ78847,RSAIEDLLFDK,911,1122.0
622,HLA-A68:02,5797.69,ANZ78847,TDIKLGVCVNY,622,1123.0
898,HLA-A68:02,5797.87,ANZ78847,LGCLGSECSKA,898,1124.0
1138,HLA-A68:02,5797.93,ANZ78847,GNHIISLVQNA,1138,1125.0
1349,HLA-A68:02,5798.11,ANZ78847,GYQELVIKTSH,1349,1126.0
563,HLA-A68:02,5798.17,ANZ78847,LAVKSDYCGGN,563,1127.0
698,HLA-A68:02,5798.2,ANZ78847,PALLFRNIKCN,698,1128.0
1351,HLA-A68:02,5798.48,ANZ78847,QELVIKTSHDD,1351,1129.0
1197,HLA-A68:02,5798.63,ANZ78847,YTGSGYYYPEP,1197,1130.0
713,HLA-A68:02,5798.79,ANZ78847,NSLTRQLQPIN,713,1131.0
86,HLA-A68:02,5798.92,ANZ78847,TDKLSTLWFKP,86,1132.0
158,HLA-A68:02,5799.09,ANZ78847,LQGLLEVSVCQ,158,1133.0
262,HLA-A68:02,5799.18,ANZ78847,RRNIGFTLEYW,262,1134.0
1199,HLA-A68:02,5799.67,ANZ78847,GSGYYYPEPIT,1199,1135.0
213,HLA-A68:02,5799.82,ANZ78847,TYLYFHFYQEG,213,1136.0
1102,HLA-A68:02,5799.88,ANZ78847,QQLSDSTLVKF,1102,1137.0
786,HLA-A68:02,5800.05,ANZ78847,NDSLEPVGGLY,786,1138.0
335,HLA-A68:02,5800.06,ANZ78847,RKPDLPNCNIE,335,1139.0
358,HLA-A68:02,5800.08,ANZ78847,NWERKTFSNCN,358,1140.0
572,HLA-A68:02,5800.52,ANZ78847,GNPCTCQPQAF,572,1141.0
617,HLA-A68:02,5800.79,ANZ78847,LQKANTDIKLG,617,1142.0
307,HLA-A68:02,5800.85,ANZ78847,CKTQSIAPPTG,307,1143.0
583,HLA-A68:02,5800.86,ANZ78847,LGWSADSCLQG,583,1144.0
1026,HLA-A68:02,5801.05,ANZ78847,IQEGFDATNSA,1026,1145.0
702,HLA-A68:02,5801.09,ANZ78847,FRNIKCNYVFN,702,1146.0
591,HLA-A68:02,5801.43,ANZ78847,LQGDKCNIFAN,591,1147.0
568,HLA-A68:02,5801.56,ANZ78847,DYCGGNPCTCQ,568,1148.0
546,HLA-A68:02,5801.62,ANZ78847,KCPQSKSLVGI,546,1149.0
484,HLA-A68:02,5801.82,ANZ78847,VVYAQHCFKAP,484,1150.0
576,HLA-A68:02,5801.98,ANZ78847,TCQPQAFLGWS,576,1151.0
822,HLA-A68:02,5802.05,ANZ78847,IDCAAFVCGDY,822,1152.0
654,HLA-A68:02,5802.86,ANZ78847,WQNLLYDSNGN,654,1153.0
1085,HLA-A68:02,5803.05,ANZ78847,IDRLINGRLTA,1085,1154.0
61,HLA-A68:02,5803.28,ANZ78847,LNTTLFLNGYY,61,1155.0
549,HLA-A68:02,5803.43,ANZ78847,QSKSLVGIGEH,549,1156.0
25,HLA-A68:02,5803.67,ANZ78847,RTGSLNNIDTG,25,1157.0
1191,HLA-A68:02,5803.85,ANZ78847,VNNTWMYTGSG,1191,1158.0
760,HLA-A68:02,5804.0,ANZ78847,KNRRSRRAITT,760,1159.0
151,HLA-A68:02,5804.14,ANZ78847,TQDGVNKLQGL,151,1160.0
497,HLA-A68:02,5804.67,ANZ78847,FCPCKSNSSLC,497,1161.0
1007,HLA-A68:02,5804.9,ANZ78847,VLSQNQKLIAN,1007,1162.0
517,HLA-A68:02,5804.93,ANZ78847,GIGTCPAGTNY,517,1163.0
948,HLA-A68:02,5805.25,ANZ78847,VQSYKGIKVLP,948,1164.0
585,HLA-A68:02,5805.33,ANZ78847,WSADSCLQGDK,585,1165.0
332,HLA-A68:02,5805.43,ANZ78847,VYRRKPDLPNC,332,1166.0
353,HLA-A68:02,5805.54,ANZ78847,VPSPLNWERKT,353,1167.0
619,HLA-A68:02,5805.56,ANZ78847,KANTDIKLGVC,619,1168.0
1005,HLA-A68:02,5805.67,ANZ78847,MDVLSQNQKLI,1005,1169.0
179,HLA-A68:02,5805.76,ANZ78847,CHPNLGNHFKE,179,1170.0
1326,HLA-A68:02,5805.76,ANZ78847,ICCCTGCGTSC,1326,1170.0
337,HLA-A68:02,5806.1,ANZ78847,PDLPNCNIEAW,337,1172.0
446,HLA-A68:02,5806.11,ANZ78847,AANVSVSRFNP,446,1173.0
1175,HLA-A68:02,5806.14,ANZ78847,IAGDRGIAPKS,1175,1174.0
574,HLA-A68:02,5806.29,ANZ78847,PCTCQPQAFLG,574,1175.0
526,HLA-A68:02,5806.41,ANZ78847,NYLTCHNLCNP,526,1176.0
928,HLA-A68:02,5806.85,ANZ78847,GFVAAYNNCTG,928,1177.0
567,HLA-A68:02,5806.94,ANZ78847,SDYCGGNPCTC,567,1178.0
881,HLA-A68:02,5806.96,ANZ78847,LKDGVNFNVDD,881,1179.0
349,HLA-A68:02,5806.98,ANZ78847,NDKSVPSPLNW,349,1180.0
604,HLA-A68:02,5807.01,ANZ78847,LHDVNSGLTCS,604,1181.0
955,HLA-A68:02,5807.01,ANZ78847,KVLPPLLSENQ,955,1181.0
1238,HLA-A68:02,5807.05,ANZ78847,LPDFREELDQW,1238,1183.0
833,HLA-A68:02,5807.2,ANZ78847,AACKSQLVEYG,833,1184.0
1113,HLA-A68:02,5807.3,ANZ78847,SAAQAMEKVNE,1113,1185.0
791,HLA-A68:02,5807.4,ANZ78847,PVGGLYEIQIP,791,1186.0
117,HLA-A68:02,5807.41,ANZ78847,KDGVMYSEFPA,117,1187.0
673,HLA-A68:02,5807.51,ANZ78847,TNRTFMIRSCY,673,1188.0
1125,HLA-A68:02,5807.6,ANZ78847,VKSQSSRINFC,1125,1189.0
1241,HLA-A68:02,5807.64,ANZ78847,FREELDQWFKN,1241,1190.0
24,HLA-A68:02,5807.79,ANZ78847,SRTGSLNNIDT,24,1191.0
995,HLA-A68:02,5807.84,ANZ78847,QYRINGLGVTM,995,1192.0
1250,HLA-A68:02,5807.9,ANZ78847,KNQTSVAPDLA,1250,1193.0
860,HLA-A68:02,5807.92,ANZ78847,LDTTQLQVANS,860,1194.0
415,HLA-A68:02,5808.48,ANZ78847,DLQLGNLGYLQ,415,1195.0
18,HLA-A68:02,5808.83,ANZ78847,LKCPLDSRTGS,18,1196.0
540,HLA-A68:02,5808.98,ANZ78847,TFTGPYKCPQS,540,1197.0
2,HLA-A68:02,5809.03,ANZ78847,LILLISLPTAF,2,1198.0
1226,HLA-A68:02,5809.03,ANZ78847,APYVMLNTSIP,1226,1198.0
492,HLA-A68:02,5809.58,ANZ78847,KAPKNFCPCKS,492,1200.0
291,HLA-A68:02,5809.67,ANZ78847,IFNAVDCMSDF,291,1201.0
551,HLA-A68:02,5810.02,ANZ78847,KSLVGIGEHCS,551,1202.0
1092,HLA-A68:02,5810.12,ANZ78847,RLTALNAYVSQ,1092,1203.0
186,HLA-A68:02,5810.14,ANZ78847,HFKELWHMDTG,186,1204.0
762,HLA-A68:02,5810.27,ANZ78847,RRSRRAITTGY,762,1205.0
1040,HLA-A68:02,5810.65,ANZ78847,IQAVVNANAEA,1040,1206.0
487,HLA-A68:02,5811.03,ANZ78847,AQHCFKAPKNF,487,1207.0
465,HLA-A68:02,5812.05,ANZ78847,FIEDSVFKPQP,465,1208.0
318,HLA-A68:02,5812.06,ANZ78847,VYELNGYTVQP,318,1209.0
380,HLA-A68:02,5812.27,ANZ78847,ADSFTCNNIDA,380,1210.0
466,HLA-A68:02,5812.36,ANZ78847,IEDSVFKPQPA,466,1211.0
449,HLA-A68:02,5812.54,ANZ78847,VSVSRFNPSTW,449,1212.0
1023,HLA-A68:02,5812.59,ANZ78847,LDAIQEGFDAT,1023,1213.0
1136,HLA-A68:02,5813.2,ANZ78847,GNGNHIISLVQ,1136,1214.0
1072,HLA-A68:02,5813.24,ANZ78847,ILSRLDALEAE,1072,1215.0
759,HLA-A68:02,5813.35,ANZ78847,SKNRRSRRAIT,759,1216.0
1000,HLA-A68:02,5813.72,ANZ78847,GLGVTMDVLSQ,1000,1217.0
346,HLA-A68:02,5813.74,ANZ78847,AWLNDKSVPSP,346,1218.0
472,HLA-A68:02,5813.97,ANZ78847,KPQPAGVLTNH,472,1219.0
587,HLA-A68:02,5814.04,ANZ78847,ADSCLQGDKCN,587,1220.0
437,HLA-A68:02,5814.26,ANZ78847,SCQLYYNLPAA,437,1221.0
510,HLA-A68:02,5814.35,ANZ78847,SGPGKNNGIGT,510,1222.0
511,HLA-A68:02,5814.38,ANZ78847,GPGKNNGIGTC,511,1223.0
278,HLA-A68:02,5814.4,ANZ78847,SRQYLLAFNQD,278,1224.0
1054,HLA-A68:02,5814.45,ANZ78847,LLQQLSNRFGA,1054,1225.0
896,HLA-A68:02,5814.58,ANZ78847,SVLGCLGSECS,896,1226.0
411,HLA-A68:02,5815.19,ANZ78847,GRKVDLQLGNL,411,1227.0
152,HLA-A68:02,5815.3,ANZ78847,QDGVNKLQGLL,152,1228.0
1060,HLA-A68:02,5815.62,ANZ78847,NRFGAISSSLQ,1060,1229.0
17,HLA-A68:02,5815.75,ANZ78847,DLKCPLDSRTG,17,1230.0
1070,HLA-A68:02,5816.19,ANZ78847,QEILSRLDALE,1070,1231.0
761,HLA-A68:02,5816.28,ANZ78847,NRRSRRAITTG,761,1232.0
994,HLA-A68:02,5816.45,ANZ78847,VQYRINGLGVT,994,1233.0
1237,HLA-A68:02,5816.68,ANZ78847,NLPDFREELDQ,1237,1234.0
111,HLA-A68:02,5816.7,ANZ78847,KNTKVFKDGVM,111,1235.0
1002,HLA-A68:02,5816.79,ANZ78847,GVTMDVLSQNQ,1002,1236.0
1074,HLA-A68:02,5816.91,ANZ78847,SRLDALEAEAQ,1074,1237.0
962,HLA-A68:02,5817.06,ANZ78847,SENQISGYTLA,962,1238.0
918,HLA-A68:02,5817.89,ANZ78847,LFDKVKLSDVG,918,1239.0
306,HLA-A68:02,5818.28,ANZ78847,KCKTQSIAPPT,306,1240.0
163,HLA-A68:02,5818.39,ANZ78847,EVSVCQYNMCE,163,1241.0
414,HLA-A68:02,5818.47,ANZ78847,VDLQLGNLGYL,414,1242.0
710,HLA-A68:02,5818.7,ANZ78847,VFNNSLTRQLQ,710,1243.0
1249,HLA-A68:02,5819.09,ANZ78847,FKNQTSVAPDL,1249,1244.0
27,HLA-A68:02,5819.2,ANZ78847,GSLNNIDTGPP,27,1245.0
1008,HLA-A68:02,5819.4,ANZ78847,LSQNQKLIANA,1008,1246.0
1039,HLA-A68:02,5819.7,ANZ78847,KIQAVVNANAE,1039,1247.0
600,HLA-A68:02,5819.71,ANZ78847,ANLILHDVNSG,600,1248.0
992,HLA-A68:02,5819.72,ANZ78847,LNVQYRINGLG,992,1249.0
554,HLA-A68:02,5820.13,ANZ78847,VGIGEHCSGLA,554,1250.0
429,HLA-A68:02,5820.39,ANZ78847,YRIDTTATSCQ,429,1251.0
1337,HLA-A68:02,5820.4,ANZ78847,FKKCGGCCDDY,1337,1252.0
1247,HLA-A68:02,5820.89,ANZ78847,QWFKNQTSVAP,1247,1253.0
838,HLA-A68:02,5821.24,ANZ78847,QLVEYGSFCDN,838,1254.0
612,HLA-A68:02,5821.34,ANZ78847,TCSTDLQKANT,612,1255.0
149,HLA-A68:02,5822.91,ANZ78847,NSTQDGVNKLQ,149,1256.0
717,HLA-A68:02,5822.92,ANZ78847,RQLQPINYFDS,717,1257.0
478,HLA-A68:02,5822.97,ANZ78847,VLTNHDVVYAQ,478,1258.0
509,HLA-A68:02,5822.99,ANZ78847,GSGPGKNNGIG,509,1259.0
44,HLA-A68:02,5823.56,ANZ78847,VDVTNGLGTYY,44,1260.0
1118,HLA-A68:02,5823.6,ANZ78847,MEKVNECVKSQ,1118,1261.0
1015,HLA-A68:02,5823.8,ANZ78847,IANAFNNALDA,1015,1262.0
84,HLA-A68:02,5823.95,ANZ78847,KGTDKLSTLWF,84,1263.0
931,HLA-A68:02,5823.95,ANZ78847,AAYNNCTGGAE,931,1263.0
793,HLA-A68:02,5824.13,ANZ78847,GGLYEIQIPSD,793,1265.0
1046,HLA-A68:02,5824.66,ANZ78847,ANAEALNNLLQ,1046,1266.0
1271,HLA-A68:02,5824.92,ANZ78847,LQVEMNRLQEA,1271,1267.0
1340,HLA-A68:02,5825.27,ANZ78847,CGGCCDDYTGY,1340,1268.0
159,HLA-A68:02,5825.29,ANZ78847,QGLLEVSVCQY,159,1269.0
1335,HLA-A68:02,5825.85,ANZ78847,SCFKKCGGCCD,1335,1270.0
743,HLA-A68:02,5825.95,ANZ78847,VQTCDLTVGSG,743,1271.0
800,HLA-A68:02,5826.25,ANZ78847,IPSDFTIGNME,800,1272.0
1338,HLA-A68:02,5826.73,ANZ78847,KKCGGCCDDYT,1338,1273.0
570,HLA-A68:02,5827.07,ANZ78847,CGGNPCTCQPQ,570,1274.0
1231,HLA-A68:02,5827.08,ANZ78847,LNTSIPNLPDF,1231,1275.0
344,HLA-A68:02,5827.17,ANZ78847,IEAWLNDKSVP,344,1276.0
1128,HLA-A68:02,5827.46,ANZ78847,QSSRINFCGNG,1128,1277.0
514,HLA-A68:02,5827.56,ANZ78847,KNNGIGTCPAG,514,1278.0
1130,HLA-A68:02,5827.59,ANZ78847,SRINFCGNGNH,1130,1279.0
530,HLA-A68:02,5829.09,ANZ78847,CHNLCNPDPIT,530,1280.0
748,HLA-A68:02,5829.52,ANZ78847,LTVGSGYCVDY,748,1281.0
877,HLA-A68:02,5829.83,ANZ78847,LSTKLKDGVNF,877,1282.0
1073,HLA-A68:02,5829.83,ANZ78847,LSRLDALEAEA,1073,1282.0
330,HLA-A68:02,5830.61,ANZ78847,ADVYRRKPDLP,330,1284.0
571,HLA-A68:02,5830.66,ANZ78847,GGNPCTCQPQA,571,1285.0
564,HLA-A68:02,5831.06,ANZ78847,AVKSDYCGGNP,564,1286.0
943,HLA-A68:02,5831.24,ANZ78847,RDLICVQSYKG,943,1287.0
590,HLA-A68:02,5831.36,ANZ78847,CLQGDKCNIFA,590,1288.0
937,HLA-A68:02,5831.47,ANZ78847,TGGAEIRDLIC,937,1289.0
589,HLA-A68:02,5831.51,ANZ78847,SCLQGDKCNIF,589,1290.0
1068,HLA-A68:02,5831.93,ANZ78847,SLQEILSRLDA,1068,1291.0
143,HLA-A68:02,5832.51,ANZ78847,VQPRTINSTQD,143,1292.0
512,HLA-A68:02,5832.51,ANZ78847,PGKNNGIGTCP,512,1292.0
246,HLA-A68:02,5833.12,ANZ78847,GMALSHYYVMP,246,1294.0
412,HLA-A68:02,5833.33,ANZ78847,RKVDLQLGNLG,412,1295.0
1176,HLA-A68:02,5833.84,ANZ78847,AGDRGIAPKSG,1176,1296.0
1022,HLA-A68:02,5834.33,ANZ78847,ALDAIQEGFDA,1022,1297.0
181,HLA-A68:02,5834.35,ANZ78847,PNLGNHFKELW,181,1298.0
1336,HLA-A68:02,5835.04,ANZ78847,CFKKCGGCCDD,1336,1299.0
1081,HLA-A68:02,5835.69,ANZ78847,AEAQIDRLING,1081,1300.0
1047,HLA-A68:02,5835.73,ANZ78847,NAEALNNLLQQ,1047,1301.0
1342,HLA-A68:02,5835.85,ANZ78847,GCCDDYTGYQE,1342,1302.0
610,HLA-A68:02,5836.35,ANZ78847,GLTCSTDLQKA,610,1303.0
501,HLA-A68:02,5836.6,ANZ78847,KSNSSLCVGSG,501,1304.0
996,HLA-A68:02,5836.95,ANZ78847,YRINGLGVTMD,996,1305.0
1277,HLA-A68:02,5836.98,ANZ78847,RLQEAIKVLNQ,1277,1306.0
653,HLA-A68:02,5837.55,ANZ78847,SWQNLLYDSNG,653,1307.0
608,HLA-A68:02,5838.24,ANZ78847,NSGLTCSTDLQ,608,1308.0
828,HLA-A68:02,5838.92,ANZ78847,VCGDYAACKSQ,828,1309.0
559,HLA-A68:02,5839.02,ANZ78847,HCSGLAVKSDY,559,1310.0
11,HLA-A68:02,5839.26,ANZ78847,AFAVIGDLKCP,11,1311.0
503,HLA-A68:02,5840.32,ANZ78847,NSSLCVGSGPG,503,1312.0
1295,HLA-A68:02,5842.31,ANZ78847,IGTYEYYVKWP,1295,1313.0
930,HLA-A68:02,5842.39,ANZ78847,VAAYNNCTGGA,930,1314.0
1339,HLA-A68:02,5842.77,ANZ78847,KCGGCCDDYTG,1339,1315.0
661,HLA-A68:02,5843.63,ANZ78847,SNGNLYGFRDY,661,1316.0
279,HLA-A68:02,5843.9,ANZ78847,RQYLLAFNQDG,279,1317.0
1239,HLA-A68:02,5844.92,ANZ78847,PDFREELDQWF,1239,1318.0
1173,HLA-A68:02,5845.52,ANZ78847,LCIAGDRGIAP,1173,1319.0
584,HLA-A68:02,5845.58,ANZ78847,GWSADSCLQGD,584,1320.0
1269,HLA-A68:02,5846.05,ANZ78847,LDLQVEMNRLQ,1269,1321.0
874,HLA-A68:02,5846.2,ANZ78847,GVTLSTKLKDG,874,1322.0
409,HLA-A68:02,5846.25,ANZ78847,PNGRKVDLQLG,409,1323.0
801,HLA-A68:02,5846.38,ANZ78847,PSDFTIGNMEE,801,1324.0
14,HLA-A68:02,5846.4,ANZ78847,VIGDLKCPLDS,14,1325.0
561,HLA-A68:02,5846.41,ANZ78847,SGLAVKSDYCG,561,1326.0
182,HLA-A68:02,5847.96,ANZ78847,NLGNHFKELWH,182,1327.0
569,HLA-A68:02,5848.17,ANZ78847,YCGGNPCTCQP,569,1328.0
464,HLA-A68:02,5852.05,ANZ78847,GFIEDSVFKPQ,464,1329.0
1331,HLA-A68:02,5852.61,ANZ78847,GCGTSCFKKCG,1331,1330.0
39,HLA-A68:02,5855.15,ANZ78847,ISTATVDVTNG,39,1331.0
864,HLA-A68:02,5855.22,ANZ78847,QLQVANSLMNG,864,1332.0
939,HLA-A68:02,5855.22,ANZ78847,GAEIRDLICVQ,939,1332.0
144,HLA-A68:02,5856.22,ANZ78847,QPRTINSTQDG,144,1334.0
407,HLA-A68:02,5857.67,ANZ78847,AIPNGRKVDLQ,407,1335.0
538,HLA-A68:02,5858.21,ANZ78847,PITFTGPYKCP,538,1336.0
856,HLA-A68:02,5858.97,ANZ78847,VNELLDTTQLQ,856,1337.0
769,HLA-A68:02,5859.49,ANZ78847,TTGYRFTNFEP,769,1338.0
507,HLA-A68:02,5860.12,ANZ78847,CVGSGPGKNNG,507,1339.0
630,HLA-A68:02,5860.96,ANZ78847,VNYDLYGISGQ,630,1340.0
1126,HLA-A68:02,5862.47,ANZ78847,KSQSSRINFCG,1126,1341.0
1242,HLA-A68:02,5863.02,ANZ78847,REELDQWFKNQ,1242,1342.0
1341,HLA-A68:02,5863.97,ANZ78847,GGCCDDYTGYQ,1341,1343.0
566,HLA-A68:02,5864.38,ANZ78847,KSDYCGGNPCT,566,1344.0
528,HLA-A68:02,5865.77,ANZ78847,LTCHNLCNPDP,528,1345.0
83,HLA-A68:02,5865.82,ANZ78847,LKGTDKLSTLW,83,1346.0
562,HLA-A68:02,5868.71,ANZ78847,GLAVKSDYCGG,562,1347.0
1332,HLA-A68:02,5868.72,ANZ78847,CGTSCFKKCGG,1332,1348.0
1019,HLA-A68:02,5870.42,ANZ78847,FNNALDAIQEG,1019,1349.0
1170,HLA-A68:02,5870.48,ANZ78847,SPGLCIAGDRG,1170,1350.0
75,HLA-A68:02,5875.09,ANZ78847,GSTYRNMALKG,75,1351.0
109,HLA-A68:02,5881.09,ANZ78847,KVKNTKVFKDG,109,1352.0
1299,HLA-A23:01,2.81,ANZ78847,EYYVKWPWYVW,1299,1.0
207,HLA-A23:01,27.19,ANZ78847,TYDVNATYLYF,207,2.0
1302,HLA-A23:01,67.23,ANZ78847,VKWPWYVWLLI,1302,3.0
969,HLA-A23:01,81.92,ANZ78847,YTLAATSASLF,969,4.0
92,HLA-A23:01,81.96,ANZ78847,LWFKPPFLSDF,92,5.0
701,HLA-A23:01,95.82,ANZ78847,LFRNIKCNYVF,701,6.0
229,HLA-A23:01,115.1,ANZ78847,YFTDTGVVTKF,229,7.0
231,HLA-A23:01,159.16,ANZ78847,TDTGVVTKFLF,231,8.0
250,HLA-A23:01,159.98,ANZ78847,SHYYVMPLTCI,250,9.0
115,HLA-A23:01,164.5,ANZ78847,VFKDGVMYSEF,115,10.0
216,HLA-A23:01,173.31,ANZ78847,YFHFYQEGGTF,216,11.0
168,HLA-A23:01,234.84,ANZ78847,QYNMCEYPHTI,168,12.0
97,HLA-A23:01,274.7,ANZ78847,PFLSDFINGIF,97,13.0
220,HLA-A23:01,294.16,ANZ78847,YQEGGTFYAYF,220,14.0
120,HLA-A23:01,306.77,ANZ78847,VMYSEFPAITI,120,15.0
209,HLA-A23:01,321.2,ANZ78847,DVNATYLYFHF,209,16.0
56,HLA-A23:01,349.27,ANZ78847,LDRVYLNTTLF,56,17.0
1314,HLA-A23:01,359.93,ANZ78847,LAGVAMLVLLF,1314,18.0
1144,HLA-A23:01,371.55,ANZ78847,LVQNAPYGLYF,1144,19.0
1301,HLA-A23:01,421.6,ANZ78847,YVKWPWYVWLL,1301,20.0
396,HLA-A23:01,445.17,ANZ78847,MCFSSITIDKF,396,21.0
393,HLA-A23:01,461.59,ANZ78847,IYGMCFSSITI,393,22.0
1300,HLA-A23:01,493.23,ANZ78847,YYVKWPWYVWL,1300,23.0
692,HLA-A23:01,547.29,ANZ78847,HANSSEPALLF,692,24.0
106,HLA-A23:01,549.68,ANZ78847,IFAKVKNTKVF,106,25.0
1202,HLA-A23:01,593.48,ANZ78847,YYYPEPITENN,1202,26.0
667,HLA-A23:01,618.25,ANZ78847,GFRDYLTNRTF,667,27.0
280,HLA-A23:01,636.76,ANZ78847,QYLLAFNQDGI,280,28.0
1304,HLA-A23:01,750.65,ANZ78847,WPWYVWLLICL,1304,29.0
950,HLA-A23:01,838.2,ANZ78847,SYKGIKVLPPL,950,30.0
1147,HLA-A23:01,891.48,ANZ78847,NAPYGLYFIHF,1147,31.0
1258,HLA-A23:01,897.32,ANZ78847,DLALDYINVTF,1258,32.0
367,HLA-A23:01,1035.05,ANZ78847,CNFNMSSLMSF,367,33.0
649,HLA-A23:01,1064.67,ANZ78847,TYYNSWQNLLY,649,34.0
988,HLA-A23:01,1075.55,ANZ78847,VPFYLNVQYRI,988,35.0
453,HLA-A23:01,1126.91,ANZ78847,RFNPSTWNKRF,453,36.0
658,HLA-A23:01,1150.87,ANZ78847,LYDSNGNLYGF,658,37.0
124,HLA-A23:01,1187.84,ANZ78847,EFPAITIGSTF,124,38.0
633,HLA-A23:01,1201.97,ANZ78847,DLYGISGQGIF,633,39.0
84,HLA-A23:01,1242.99,ANZ78847,KGTDKLSTLWF,84,40.0
247,HLA-A23:01,1312.38,ANZ78847,MALSHYYVMPL,247,41.0
1315,HLA-A23:01,1331.1,ANZ78847,AGVAMLVLLFF,1315,42.0
1124,HLA-A23:01,1556.21,ANZ78847,CVKSQSSRINF,1124,43.0
802,HLA-A23:01,1558.13,ANZ78847,SDFTIGNMEEF,802,44.0
681,HLA-A23:01,1593.04,ANZ78847,SCYSGRVSAAF,681,45.0
282,HLA-A23:01,1698.47,ANZ78847,LLAFNQDGIIF,282,46.0
1185,HLA-A23:01,1724.32,ANZ78847,SGYFVNVNNTW,1185,47.0
770,HLA-A23:01,1908.71,ANZ78847,TGYRFTNFEPF,770,48.0
1228,HLA-A23:01,2013.26,ANZ78847,YVMLNTSIPNL,1228,49.0
359,HLA-A23:01,2029.18,ANZ78847,WERKTFSNCNF,359,50.0
1153,HLA-A23:01,2084.94,ANZ78847,YFIHFSYVPTK,1153,51.0
989,HLA-A23:01,2147.58,ANZ78847,PFYLNVQYRIN,989,52.0
373,HLA-A23:01,2222.62,ANZ78847,SLMSFIQADSF,373,53.0
417,HLA-A23:01,2265.7,ANZ78847,QLGNLGYLQSF,417,54.0
173,HLA-A23:01,2299.8,ANZ78847,EYPHTICHPNL,173,55.0
2,HLA-A23:01,2305.72,ANZ78847,LILLISLPTAF,2,56.0
767,HLA-A23:01,2323.06,ANZ78847,AITTGYRFTNF,767,57.0
121,HLA-A23:01,2352.19,ANZ78847,MYSEFPAITIG,121,58.0
243,HLA-A23:01,2366.61,ANZ78847,VYLGMALSHYY,243,59.0
1149,HLA-A23:01,2564.75,ANZ78847,PYGLYFIHFSY,1149,60.0
196,HLA-A23:01,2714.7,ANZ78847,GVVSCLYKRNF,196,61.0
1203,HLA-A23:01,2853.72,ANZ78847,YYPEPITENNV,1203,62.0
275,HLA-A23:01,2882.89,ANZ78847,PLTSRQYLLAF,275,63.0
219,HLA-A23:01,2987.64,ANZ78847,FYQEGGTFYAY,219,64.0
723,HLA-A23:01,3028.28,ANZ78847,NYFDSYLGCVV,723,65.0
772,HLA-A23:01,3065.94,ANZ78847,YRFTNFEPFTV,772,66.0
226,HLA-A23:01,3073.53,ANZ78847,FYAYFTDTGVV,226,67.0
461,HLA-A23:01,3126.02,ANZ78847,KRFGFIEDSVF,461,68.0
1298,HLA-A23:01,3126.17,ANZ78847,YEYYVKWPWYV,1298,69.0
88,HLA-A23:01,3147.89,ANZ78847,KLSTLWFKPPF,88,70.0
487,HLA-A23:01,3166.0,ANZ78847,AQHCFKAPKNF,487,71.0
531,HLA-A23:01,3167.7,ANZ78847,HNLCNPDPITF,531,72.0
1186,HLA-A23:01,3233.48,ANZ78847,GYFVNVNNTWM,1186,73.0
794,HLA-A23:01,3292.29,ANZ78847,GLYEIQIPSDF,794,74.0
1152,HLA-A23:01,3380.98,ANZ78847,LYFIHFSYVPT,1152,75.0
634,HLA-A23:01,3468.66,ANZ78847,LYGISGQGIFV,634,76.0
52,HLA-A23:01,3524.48,ANZ78847,TYYVLDRVYLN,52,77.0
709,HLA-A23:01,3551.31,ANZ78847,YVFNNSLTRQL,709,78.0
375,HLA-A23:01,3591.94,ANZ78847,MSFIQADSFTC,375,79.0
251,HLA-A23:01,3632.61,ANZ78847,HYYVMPLTCIS,251,80.0
455,HLA-A23:01,3634.72,ANZ78847,NPSTWNKRFGF,455,81.0
266,HLA-A23:01,3641.17,ANZ78847,GFTLEYWVTPL,266,82.0
812,HLA-A23:01,3858.92,ANZ78847,FIQTSSPKVTI,812,83.0
138,HLA-A23:01,4225.9,ANZ78847,SYSVVVQPRTI,138,84.0
909,HLA-A23:01,4284.37,ANZ78847,SSRSAIEDLLF,909,85.0
990,HLA-A23:01,4304.11,ANZ78847,FYLNVQYRING,990,86.0
361,HLA-A23:01,4373.86,ANZ78847,RKTFSNCNFNM,361,87.0
1221,HLA-A23:01,4438.87,ANZ78847,VNYTKAPYVML,1221,88.0
388,HLA-A23:01,4442.21,ANZ78847,IDAAKIYGMCF,388,89.0
884,HLA-A23:01,4525.23,ANZ78847,GVNFNVDDINF,884,90.0
133,HLA-A23:01,4576.33,ANZ78847,TFVNTSYSVVV,133,91.0
421,HLA-A23:01,4647.19,ANZ78847,LGYLQSFNYRI,421,92.0
589,HLA-A23:01,4697.13,ANZ78847,SCLQGDKCNIF,589,93.0
644,HLA-A23:01,4727.81,ANZ78847,VEVNATYYNSW,644,94.0
291,HLA-A23:01,4739.42,ANZ78847,IFNAVDCMSDF,291,95.0
715,HLA-A23:01,4813.78,ANZ78847,LTRQLQPINYF,715,96.0
228,HLA-A23:01,4845.35,ANZ78847,AYFTDTGVVTK,228,97.0
1308,HLA-A23:01,4898.6,ANZ78847,VWLLICLAGVA,1308,98.0
1163,HLA-A23:01,4994.2,ANZ78847,KYVTAKVSPGL,1163,99.0
1194,HLA-A23:01,5118.75,ANZ78847,TWMYTGSGYYY,1194,100.0
877,HLA-A23:01,5211.53,ANZ78847,LSTKLKDGVNF,877,101.0
1305,HLA-A23:01,5344.39,ANZ78847,PWYVWLLICLA,1305,102.0
980,HLA-A23:01,5486.5,ANZ78847,PPWTAAAGVPF,980,103.0
249,HLA-A23:01,5614.22,ANZ78847,LSHYYVMPLTC,249,104.0
213,HLA-A23:01,5615.41,ANZ78847,TYLYFHFYQEG,213,105.0
0,HLA-A23:01,5795.45,ANZ78847,MFLILLISLPT,0,106.0
441,HLA-A23:01,5839.51,ANZ78847,YYNLPAANVSV,441,107.0
1102,HLA-A23:01,5871.0,ANZ78847,QQLSDSTLVKF,1102,108.0
968,HLA-A23:01,5896.36,ANZ78847,GYTLAATSASL,968,109.0
368,HLA-A23:01,5908.39,ANZ78847,NFNMSSLMSFI,368,110.0
53,HLA-A23:01,5961.39,ANZ78847,YYVLDRVYLNT,53,111.0
593,HLA-A23:01,6004.33,ANZ78847,GDKCNIFANLI,593,112.0
225,HLA-A23:01,6045.35,ANZ78847,TFYAYFTDTGV,225,113.0
796,HLA-A23:01,6300.06,ANZ78847,YEIQIPSDFTI,796,114.0
1201,HLA-A23:01,6436.94,ANZ78847,GYYYPEPITEN,1201,115.0
59,HLA-A23:01,6841.36,ANZ78847,VYLNTTLFLNG,59,116.0
1345,HLA-A23:01,7044.29,ANZ78847,DDYTGYQELVI,1345,117.0
281,HLA-A23:01,7096.77,ANZ78847,YLLAFNQDGII,281,118.0
669,HLA-A23:01,7202.72,ANZ78847,RDYLTNRTFMI,669,119.0
444,HLA-A23:01,7434.79,ANZ78847,LPAANVSVSRF,444,120.0
1132,HLA-A23:01,7487.03,ANZ78847,INFCGNGNHII,1132,121.0
485,HLA-A23:01,7520.2,ANZ78847,VYAQHCFKAPK,485,122.0
1005,HLA-A23:01,7551.12,ANZ78847,MDVLSQNQKLI,1005,123.0
332,HLA-A23:01,7565.23,ANZ78847,VYRRKPDLPNC,332,124.0
1306,HLA-A23:01,7641.05,ANZ78847,WYVWLLICLAG,1306,125.0
449,HLA-A23:01,7853.15,ANZ78847,VSVSRFNPSTW,449,126.0
57,HLA-A23:01,7856.02,ANZ78847,DRVYLNTTLFL,57,127.0
422,HLA-A23:01,8070.28,ANZ78847,GYLQSFNYRID,422,128.0
1282,HLA-A23:01,8077.9,ANZ78847,IKVLNQSYINL,1282,129.0
257,HLA-A23:01,8204.29,ANZ78847,LTCISRRNIGF,257,130.0
93,HLA-A23:01,8359.83,ANZ78847,WFKPPFLSDFI,93,131.0
995,HLA-A23:01,8610.54,ANZ78847,QYRINGLGVTM,995,132.0
64,HLA-A23:01,8713.65,ANZ78847,TLFLNGYYPTS,64,133.0
1145,HLA-A23:01,8768.38,ANZ78847,VQNAPYGLYFI,1145,134.0
627,HLA-A23:01,8856.2,ANZ78847,GVCVNYDLYGI,627,135.0
319,HLA-A23:01,8926.39,ANZ78847,YELNGYTVQPI,319,136.0
719,HLA-A23:01,9119.32,ANZ78847,LQPINYFDSYL,719,137.0
1239,HLA-A23:01,9161.25,ANZ78847,PDFREELDQWF,1239,138.0
581,HLA-A23:01,9242.9,ANZ78847,AFLGWSADSCL,581,139.0
1148,HLA-A23:01,9367.3,ANZ78847,APYGLYFIHFS,1148,140.0
201,HLA-A23:01,9393.81,ANZ78847,LYKRNFTYDVN,201,141.0
5,HLA-A23:01,9438.34,ANZ78847,LISLPTAFAVI,5,142.0
764,HLA-A23:01,9487.19,ANZ78847,SRRAITTGYRF,764,143.0
190,HLA-A23:01,9917.11,ANZ78847,LWHMDTGVVSC,190,144.0
790,HLA-A23:01,9972.34,ANZ78847,EPVGGLYEIQI,790,145.0
239,HLA-A23:01,10107.44,ANZ78847,FLFNVYLGMAL,239,146.0
919,HLA-A23:01,10135.77,ANZ78847,FDKVKLSDVGF,919,147.0
1297,HLA-A23:01,10195.45,ANZ78847,TYEYYVKWPWY,1297,148.0
956,HLA-A23:01,10230.48,ANZ78847,VLPPLLSENQI,956,149.0
70,HLA-A23:01,10319.96,ANZ78847,YYPTSGSTYRN,70,150.0
354,HLA-A23:01,10359.79,ANZ78847,PSPLNWERKTF,354,151.0
378,HLA-A23:01,10558.5,ANZ78847,IQADSFTCNNI,378,152.0
731,HLA-A23:01,10628.62,ANZ78847,CVVNAYNSTAI,731,153.0
334,HLA-A23:01,10698.4,ANZ78847,RRKPDLPNCNI,334,154.0
434,HLA-A23:01,10766.27,ANZ78847,TATSCQLYYNL,434,155.0
91,HLA-A23:01,10825.08,ANZ78847,TLWFKPPFLSD,91,156.0
205,HLA-A23:01,10897.23,ANZ78847,NFTYDVNATYL,205,157.0
235,HLA-A23:01,11047.23,ANZ78847,VVTKFLFNVYL,235,158.0
1178,HLA-A23:01,11145.85,ANZ78847,DRGIAPKSGYF,1178,159.0
526,HLA-A23:01,11201.88,ANZ78847,NYLTCHNLCNP,526,160.0
1009,HLA-A23:01,11284.79,ANZ78847,SQNQKLIANAF,1009,161.0
1196,HLA-A23:01,11387.87,ANZ78847,MYTGSGYYYPE,1196,162.0
65,HLA-A23:01,11391.26,ANZ78847,LFLNGYYPTSG,65,163.0
1179,HLA-A23:01,11435.83,ANZ78847,RGIAPKSGYFV,1179,164.0
252,HLA-A23:01,11491.09,ANZ78847,YYVMPLTCISR,252,165.0
932,HLA-A23:01,11647.53,ANZ78847,AYNNCTGGAEI,932,166.0
1303,HLA-A23:01,11820.84,ANZ78847,KWPWYVWLLIC,1303,167.0
1327,HLA-A23:01,11889.6,ANZ78847,CCCTGCGTSCF,1327,168.0
1313,HLA-A23:01,11969.72,ANZ78847,CLAGVAMLVLL,1313,169.0
245,HLA-A23:01,12105.91,ANZ78847,LGMALSHYYVM,245,170.0
1296,HLA-A23:01,12123.52,ANZ78847,GTYEYYVKWPW,1296,171.0
1075,HLA-A23:01,12259.38,ANZ78847,RLDALEAEAQI,1075,172.0
191,HLA-A23:01,12289.94,ANZ78847,WHMDTGVVSCL,191,173.0
440,HLA-A23:01,12548.64,ANZ78847,LYYNLPAANVS,440,174.0
717,HLA-A23:01,12596.9,ANZ78847,RQLQPINYFDS,717,175.0
803,HLA-A23:01,12740.29,ANZ78847,DFTIGNMEEFI,803,176.0
1165,HLA-A23:01,12763.4,ANZ78847,VTAKVSPGLCI,1165,177.0
1262,HLA-A23:01,12901.37,ANZ78847,DYINVTFLDLQ,1262,178.0
1346,HLA-A23:01,12993.28,ANZ78847,DYTGYQELVIK,1346,179.0
1294,HLA-A23:01,13298.57,ANZ78847,DIGTYEYYVKW,1294,180.0
695,HLA-A23:01,13478.82,ANZ78847,SSEPALLFRNI,695,181.0
118,HLA-A23:01,13514.75,ANZ78847,DGVMYSEFPAI,118,182.0
632,HLA-A23:01,13714.6,ANZ78847,YDLYGISGQGI,632,183.0
982,HLA-A23:01,13768.15,ANZ78847,WTAAAGVPFYL,982,184.0
839,HLA-A23:01,13780.0,ANZ78847,LVEYGSFCDNI,839,185.0
544,HLA-A23:01,13837.05,ANZ78847,PYKCPQSKSLV,544,186.0
83,HLA-A23:01,13840.55,ANZ78847,LKGTDKLSTLW,83,187.0
237,HLA-A23:01,14026.09,ANZ78847,TKFLFNVYLGM,237,188.0
1231,HLA-A23:01,14213.7,ANZ78847,LNTSIPNLPDF,1231,189.0
936,HLA-A23:01,14253.34,ANZ78847,CTGGAEIRDLI,936,190.0
1229,HLA-A23:01,14293.52,ANZ78847,VMLNTSIPNLP,1229,191.0
181,HLA-A23:01,14343.66,ANZ78847,PNLGNHFKELW,181,192.0
302,HLA-A23:01,14366.65,ANZ78847,MSEIKCKTQSI,302,193.0
481,HLA-A23:01,14438.95,ANZ78847,NHDVVYAQHCF,481,194.0
951,HLA-A23:01,14453.76,ANZ78847,YKGIKVLPPLL,951,195.0
1323,HLA-A23:01,14480.33,ANZ78847,LFFICCCTGCG,1323,196.0
357,HLA-A23:01,14499.67,ANZ78847,LNWERKTFSNC,357,197.0
270,HLA-A23:01,14501.58,ANZ78847,EYWVTPLTSRQ,270,198.0
89,HLA-A23:01,14543.48,ANZ78847,LSTLWFKPPFL,89,199.0
398,HLA-A23:01,14758.98,ANZ78847,FSSITIDKFAI,398,200.0
870,HLA-A23:01,14839.08,ANZ78847,SLMNGVTLSTK,870,201.0
51,HLA-A23:01,14952.59,ANZ78847,GTYYVLDRVYL,51,202.0
628,HLA-A23:01,15219.43,ANZ78847,VCVNYDLYGIS,628,203.0
177,HLA-A23:01,15255.72,ANZ78847,TICHPNLGNHF,177,204.0
708,HLA-A23:01,15315.32,ANZ78847,NYVFNNSLTRQ,708,205.0
55,HLA-A23:01,15344.59,ANZ78847,VLDRVYLNTTL,55,206.0
271,HLA-A23:01,15453.49,ANZ78847,YWVTPLTSRQY,271,207.0
710,HLA-A23:01,15516.89,ANZ78847,VFNNSLTRQLQ,710,208.0
588,HLA-A23:01,15712.58,ANZ78847,DSCLQGDKCNI,588,209.0
886,HLA-A23:01,15732.74,ANZ78847,NFNVDDINFSS,886,210.0
1195,HLA-A23:01,15744.27,ANZ78847,WMYTGSGYYYP,1195,211.0
244,HLA-A23:01,15823.16,ANZ78847,YLGMALSHYYV,244,212.0
1288,HLA-A23:01,15934.32,ANZ78847,SYINLKDIGTY,1288,213.0
1261,HLA-A23:01,15959.91,ANZ78847,LDYINVTFLDL,1261,214.0
1020,HLA-A23:01,16062.39,ANZ78847,NNALDAIQEGF,1020,215.0
567,HLA-A23:01,16108.01,ANZ78847,SDYCGGNPCTC,567,216.0
462,HLA-A23:01,16430.03,ANZ78847,RFGFIEDSVFK,462,217.0
346,HLA-A23:01,16511.64,ANZ78847,AWLNDKSVPSP,346,218.0
1200,HLA-A23:01,16732.8,ANZ78847,SGYYYPEPITE,1200,219.0
842,HLA-A23:01,16882.44,ANZ78847,YGSFCDNINAI,842,220.0
598,HLA-A23:01,16945.32,ANZ78847,IFANLILHDVN,598,221.0
394,HLA-A23:01,16965.9,ANZ78847,YGMCFSSITID,394,222.0
722,HLA-A23:01,16997.84,ANZ78847,INYFDSYLGCV,722,223.0
365,HLA-A23:01,17002.79,ANZ78847,SNCNFNMSSLM,365,224.0
1225,HLA-A23:01,17085.86,ANZ78847,KAPYVMLNTSI,1225,225.0
183,HLA-A23:01,17092.57,ANZ78847,LGNHFKELWHM,183,226.0
295,HLA-A23:01,17108.2,ANZ78847,VDCMSDFMSEI,295,227.0
349,HLA-A23:01,17175.66,ANZ78847,NDKSVPSPLNW,349,228.0
255,HLA-A23:01,17292.9,ANZ78847,MPLTCISRRNI,255,229.0
961,HLA-A23:01,17408.37,ANZ78847,LSENQISGYTL,961,230.0
572,HLA-A23:01,17479.05,ANZ78847,GNPCTCQPQAF,572,231.0
259,HLA-A23:01,17704.53,ANZ78847,CISRRNIGFTL,259,232.0
169,HLA-A23:01,17706.59,ANZ78847,YNMCEYPHTIC,169,233.0
383,HLA-A23:01,17722.27,ANZ78847,FTCNNIDAAKI,383,234.0
456,HLA-A23:01,17762.37,ANZ78847,PSTWNKRFGFI,456,235.0
22,HLA-A23:01,17797.07,ANZ78847,LDSRTGSLNNI,22,236.0
132,HLA-A23:01,17912.42,ANZ78847,STFVNTSYSVV,132,237.0
724,HLA-A23:01,17984.38,ANZ78847,YFDSYLGCVVN,724,238.0
944,HLA-A23:01,18082.48,ANZ78847,DLICVQSYKGI,944,239.0
885,HLA-A23:01,18122.66,ANZ78847,VNFNVDDINFS,885,240.0
1198,HLA-A23:01,18153.23,ANZ78847,TGSGYYYPEPI,1198,241.0
100,HLA-A23:01,18180.37,ANZ78847,SDFINGIFAKV,100,242.0
1222,HLA-A23:01,18184.98,ANZ78847,NYTKAPYVMLN,1222,243.0
736,HLA-A23:01,18245.25,ANZ78847,YNSTAISVQTC,736,244.0
773,HLA-A23:01,18263.22,ANZ78847,RFTNFEPFTVN,773,245.0
624,HLA-A23:01,18279.44,ANZ78847,IKLGVCVNYDL,624,246.0
1079,HLA-A23:01,18416.49,ANZ78847,LEAEAQIDRLI,1079,247.0
391,HLA-A23:01,18486.74,ANZ78847,AKIYGMCFSSI,391,248.0
1280,HLA-A23:01,18553.36,ANZ78847,EAIKVLNQSYI,1280,249.0
879,HLA-A23:01,18569.95,ANZ78847,TKLKDGVNFNV,879,250.0
238,HLA-A23:01,18840.29,ANZ78847,KFLFNVYLGMA,238,251.0
523,HLA-A23:01,18857.02,ANZ78847,AGTNYLTCHNL,523,252.0
1227,HLA-A23:01,18918.84,ANZ78847,PYVMLNTSIPN,1227,253.0
1099,HLA-A23:01,19037.47,ANZ78847,YVSQQLSDSTL,1099,254.0
1094,HLA-A23:01,19135.34,ANZ78847,TALNAYVSQQL,1094,255.0
265,HLA-A23:01,19218.18,ANZ78847,IGFTLEYWVTP,265,256.0
1013,HLA-A23:01,19258.69,ANZ78847,KLIANAFNNAL,1013,257.0
1316,HLA-A23:01,19269.74,ANZ78847,GVAMLVLLFFI,1316,258.0
705,HLA-A23:01,19272.86,ANZ78847,IKCNYVFNNSL,705,259.0
1150,HLA-A23:01,19511.35,ANZ78847,YGLYFIHFSYV,1150,260.0
489,HLA-A23:01,19599.55,ANZ78847,HCFKAPKNFCP,489,261.0
843,HLA-A23:01,19626.37,ANZ78847,GSFCDNINAIL,843,262.0
1134,HLA-A23:01,19667.2,ANZ78847,FCGNGNHIISL,1134,263.0
850,HLA-A23:01,19756.59,ANZ78847,NAILTEVNELL,850,264.0
835,HLA-A23:01,19756.92,ANZ78847,CKSQLVEYGSF,835,265.0
691,HLA-A23:01,19762.7,ANZ78847,FHANSSEPALL,691,266.0
1151,HLA-A23:01,19779.69,ANZ78847,GLYFIHFSYVP,1151,267.0
652,HLA-A23:01,19780.45,ANZ78847,NSWQNLLYDSN,652,268.0
296,HLA-A23:01,19780.75,ANZ78847,DCMSDFMSEIK,296,269.0
758,HLA-A23:01,19924.67,ANZ78847,YSKNRRSRRAI,758,270.0
712,HLA-A23:01,19966.41,ANZ78847,NNSLTRQLQPI,712,271.0
665,HLA-A23:01,19979.1,ANZ78847,LYGFRDYLTNR,665,272.0
1312,HLA-A23:01,20000.81,ANZ78847,ICLAGVAMLVL,1312,273.0
716,HLA-A23:01,20071.61,ANZ78847,TRQLQPINYFD,716,274.0
316,HLA-A23:01,20089.58,ANZ78847,TGVYELNGYTV,316,275.0
727,HLA-A23:01,20106.97,ANZ78847,SYLGCVVNAYN,727,276.0
1056,HLA-A23:01,20212.66,ANZ78847,QQLSNRFGAIS,1056,277.0
114,HLA-A23:01,20299.93,ANZ78847,KVFKDGVMYSE,114,278.0
1317,HLA-A23:01,20385.72,ANZ78847,VAMLVLLFFIC,1317,279.0
1158,HLA-A23:01,20406.96,ANZ78847,SYVPTKYVTAK,1158,280.0
1205,HLA-A23:01,20452.48,ANZ78847,PEPITENNVVV,1205,281.0
817,HLA-A23:01,20493.23,ANZ78847,SPKVTIDCAAF,817,282.0
779,HLA-A23:01,20572.25,ANZ78847,PFTVNSVNDSL,779,283.0
1310,HLA-A23:01,20578.9,ANZ78847,LLICLAGVAML,1310,284.0
457,HLA-A23:01,20617.14,ANZ78847,STWNKRFGFIE,457,285.0
1086,HLA-A23:01,20645.98,ANZ78847,DRLINGRLTAL,1086,286.0
263,HLA-A23:01,20658.78,ANZ78847,RNIGFTLEYWV,263,287.0
788,HLA-A23:01,20660.69,ANZ78847,SLEPVGGLYEI,788,288.0
1259,HLA-A23:01,20747.13,ANZ78847,LALDYINVTFL,1259,289.0
208,HLA-A23:01,20779.94,ANZ78847,YDVNATYLYFH,208,290.0
1155,HLA-A23:01,20794.22,ANZ78847,IHFSYVPTKYV,1155,291.0
1055,HLA-A23:01,20800.55,ANZ78847,LQQLSNRFGAI,1055,292.0
246,HLA-A23:01,20823.48,ANZ78847,GMALSHYYVMP,246,293.0
297,HLA-A23:01,20881.99,ANZ78847,CMSDFMSEIKC,297,294.0
1268,HLA-A23:01,20939.38,ANZ78847,FLDLQVEMNRL,1268,295.0
690,HLA-A23:01,20939.89,ANZ78847,AFHANSSEPAL,690,296.0
1204,HLA-A23:01,21001.28,ANZ78847,YPEPITENNVV,1204,297.0
1030,HLA-A23:01,21030.33,ANZ78847,FDATNSALVKI,1030,298.0
1044,HLA-A23:01,21170.74,ANZ78847,VNANAEALNNL,1044,299.0
439,HLA-A23:01,21187.71,ANZ78847,QLYYNLPAANV,439,300.0
1,HLA-A23:01,21216.76,ANZ78847,FLILLISLPTA,1,301.0
318,HLA-A23:01,21324.31,ANZ78847,VYELNGYTVQP,318,302.0
1133,HLA-A23:01,21514.27,ANZ78847,NFCGNGNHIIS,1133,303.0
642,HLA-A23:01,21556.38,ANZ78847,IFVEVNATYYN,642,304.0
1238,HLA-A23:01,21574.88,ANZ78847,LPDFREELDQW,1238,305.0
867,HLA-A23:01,21650.11,ANZ78847,VANSLMNGVTL,867,306.0
732,HLA-A23:01,21681.15,ANZ78847,VVNAYNSTAIS,732,307.0
603,HLA-A23:01,21756.93,ANZ78847,ILHDVNSGLTC,603,308.0
1058,HLA-A23:01,21762.27,ANZ78847,LSNRFGAISSS,1058,309.0
648,HLA-A23:01,21805.98,ANZ78847,ATYYNSWQNLL,648,310.0
131,HLA-A23:01,21821.3,ANZ78847,GSTFVNTSYSV,131,311.0
926,HLA-A23:01,21852.89,ANZ78847,DVGFVAAYNNC,926,312.0
1275,HLA-A23:01,21960.35,ANZ78847,MNRLQEAIKVL,1275,313.0
771,HLA-A23:01,21968.87,ANZ78847,GYRFTNFEPFT,771,314.0
1156,HLA-A23:01,21984.35,ANZ78847,HFSYVPTKYVT,1156,315.0
218,HLA-A23:01,22006.94,ANZ78847,HFYQEGGTFYA,218,316.0
338,HLA-A23:01,22095.13,ANZ78847,DLPNCNIEAWL,338,317.0
1206,HLA-A23:01,22095.81,ANZ78847,EPITENNVVVM,1206,318.0
594,HLA-A23:01,22108.41,ANZ78847,DKCNIFANLIL,594,319.0
972,HLA-A23:01,22208.14,ANZ78847,AATSASLFPPW,972,320.0
518,HLA-A23:01,22364.11,ANZ78847,IGTCPAGTNYL,518,321.0
54,HLA-A23:01,22418.27,ANZ78847,YVLDRVYLNTT,54,322.0
347,HLA-A23:01,22529.87,ANZ78847,WLNDKSVPSPL,347,323.0
1103,HLA-A23:01,22604.94,ANZ78847,QLSDSTLVKFS,1103,324.0
189,HLA-A23:01,22640.97,ANZ78847,ELWHMDTGVVS,189,325.0
647,HLA-A23:01,22646.03,ANZ78847,NATYYNSWQNL,647,326.0
45,HLA-A23:01,22665.06,ANZ78847,DVTNGLGTYYV,45,327.0
1187,HLA-A23:01,22691.94,ANZ78847,YFVNVNNTWMY,1187,328.0
139,HLA-A23:01,22702.71,ANZ78847,YSVVVQPRTIN,139,329.0
592,HLA-A23:01,22705.45,ANZ78847,QGDKCNIFANL,592,330.0
1142,HLA-A23:01,22748.94,ANZ78847,ISLVQNAPYGL,1142,331.0
1087,HLA-A23:01,22787.26,ANZ78847,RLINGRLTALN,1087,332.0
1247,HLA-A23:01,22840.34,ANZ78847,QWFKNQTSVAP,1247,333.0
1052,HLA-A23:01,22850.07,ANZ78847,NNLLQQLSNRF,1052,334.0
991,HLA-A23:01,22860.76,ANZ78847,YLNVQYRINGL,991,335.0
1197,HLA-A23:01,22876.66,ANZ78847,YTGSGYYYPEP,1197,336.0
981,HLA-A23:01,22909.32,ANZ78847,PWTAAAGVPFY,981,337.0
200,HLA-A23:01,22910.32,ANZ78847,CLYKRNFTYDV,200,338.0
1157,HLA-A23:01,22962.38,ANZ78847,FSYVPTKYVTA,1157,339.0
58,HLA-A23:01,23186.32,ANZ78847,RVYLNTTLFLN,58,340.0
77,HLA-A23:01,23326.71,ANZ78847,TYRNMALKGTD,77,341.0
469,HLA-A23:01,23358.48,ANZ78847,SVFKPQPAGVL,469,342.0
233,HLA-A23:01,23375.42,ANZ78847,TGVVTKFLFNV,233,343.0
215,HLA-A23:01,23418.17,ANZ78847,LYFHFYQEGGT,215,344.0
1028,HLA-A23:01,23481.72,ANZ78847,EGFDATNSALV,1028,345.0
262,HLA-A23:01,23486.26,ANZ78847,RRNIGFTLEYW,262,346.0
1292,HLA-A23:01,23557.14,ANZ78847,LKDIGTYEYYV,1292,347.0
871,HLA-A23:01,23587.86,ANZ78847,LMNGVTLSTKL,871,348.0
1135,HLA-A23:01,23631.74,ANZ78847,CGNGNHIISLV,1135,349.0
836,HLA-A23:01,23733.76,ANZ78847,KSQLVEYGSFC,836,350.0
272,HLA-A23:01,23742.74,ANZ78847,WVTPLTSRQYL,272,351.0
376,HLA-A23:01,23780.72,ANZ78847,SFIQADSFTCN,376,352.0
364,HLA-A23:01,23801.25,ANZ78847,FSNCNFNMSSL,364,353.0
1318,HLA-A23:01,23906.33,ANZ78847,AMLVLLFFICC,1318,354.0
46,HLA-A23:01,23964.13,ANZ78847,VTNGLGTYYVL,46,355.0
1349,HLA-A23:01,24015.57,ANZ78847,GYQELVIKTSH,1349,356.0
1131,HLA-A23:01,24044.24,ANZ78847,RINFCGNGNHI,1131,357.0
1209,HLA-A23:01,24057.19,ANZ78847,TENNVVVMSTC,1209,358.0
1100,HLA-A23:01,24085.04,ANZ78847,VSQQLSDSTLV,1100,359.0
6,HLA-A23:01,24122.62,ANZ78847,ISLPTAFAVIG,6,360.0
1309,HLA-A23:01,24181.98,ANZ78847,WLLICLAGVAM,1309,361.0
323,HLA-A23:01,24286.0,ANZ78847,GYTVQPIADVY,323,362.0
4,HLA-A23:01,24302.73,ANZ78847,LLISLPTAFAV,4,363.0
520,HLA-A23:01,24346.91,ANZ78847,TCPAGTNYLTC,520,364.0
292,HLA-A23:01,24440.48,ANZ78847,FNAVDCMSDFM,292,365.0
96,HLA-A23:01,24554.36,ANZ78847,PPFLSDFINGI,96,366.0
29,HLA-A23:01,24578.56,ANZ78847,LNNIDTGPPSI,29,367.0
1016,HLA-A23:01,24709.7,ANZ78847,ANAFNNALDAI,1016,368.0
496,HLA-A23:01,24731.68,ANZ78847,NFCPCKSNSSL,496,369.0
818,HLA-A23:01,24855.7,ANZ78847,PKVTIDCAAFV,818,370.0
198,HLA-A23:01,24879.57,ANZ78847,VSCLYKRNFTY,198,371.0
616,HLA-A23:01,24927.14,ANZ78847,DLQKANTDIKL,616,372.0
1213,HLA-A23:01,24939.73,ANZ78847,VVVMSTCAVNY,1213,373.0
12,HLA-A23:01,25103.52,ANZ78847,FAVIGDLKCPL,12,374.0
142,HLA-A23:01,25142.83,ANZ78847,VVQPRTINSTQ,142,375.0
635,HLA-A23:01,25227.91,ANZ78847,YGISGQGIFVE,635,376.0
377,HLA-A23:01,25242.39,ANZ78847,FIQADSFTCNN,377,377.0
1272,HLA-A23:01,25263.82,ANZ78847,QVEMNRLQEAI,1272,378.0
488,HLA-A23:01,25274.85,ANZ78847,QHCFKAPKNFC,488,379.0
1254,HLA-A23:01,25299.9,ANZ78847,SVAPDLALDYI,1254,380.0
206,HLA-A23:01,25339.05,ANZ78847,FTYDVNATYLY,206,381.0
162,HLA-A23:01,25361.84,ANZ78847,LEVSVCQYNMC,162,382.0
1311,HLA-A23:01,25434.92,ANZ78847,LICLAGVAMLV,1311,383.0
675,HLA-A23:01,25474.81,ANZ78847,RTFMIRSCYSG,675,384.0
984,HLA-A23:01,25475.9,ANZ78847,AAAGVPFYLNV,984,385.0
442,HLA-A23:01,25555.85,ANZ78847,YNLPAANVSVS,442,386.0
1045,HLA-A23:01,25585.25,ANZ78847,NANAEALNNLL,1045,387.0
337,HLA-A23:01,25686.28,ANZ78847,PDLPNCNIEAW,337,388.0
670,HLA-A23:01,25688.77,ANZ78847,DYLTNRTFMIR,670,389.0
193,HLA-A23:01,25757.44,ANZ78847,MDTGVVSCLYK,193,390.0
1108,HLA-A23:01,25781.32,ANZ78847,TLVKFSAAQAM,1108,391.0
1125,HLA-A23:01,25850.17,ANZ78847,VKSQSSRINFC,1125,392.0
458,HLA-A23:01,25851.94,ANZ78847,TWNKRFGFIED,458,393.0
753,HLA-A23:01,25886.42,ANZ78847,GYCVDYSKNRR,753,394.0
428,HLA-A23:01,25930.94,ANZ78847,NYRIDTTATSC,428,395.0
71,HLA-A23:01,25972.16,ANZ78847,YPTSGSTYRNM,71,396.0
1348,HLA-A23:01,26049.98,ANZ78847,TGYQELVIKTS,1348,397.0
1324,HLA-A23:01,26051.46,ANZ78847,FFICCCTGCGT,1324,398.0
697,HLA-A23:01,26076.21,ANZ78847,EPALLFRNIKC,697,399.0
888,HLA-A23:01,26085.76,ANZ78847,NVDDINFSSVL,888,400.0
90,HLA-A23:01,26147.09,ANZ78847,STLWFKPPFLS,90,401.0
82,HLA-A23:01,26154.29,ANZ78847,ALKGTDKLSTL,82,402.0
1062,HLA-A23:01,26170.37,ANZ78847,FGAISSSLQEI,1062,403.0
1277,HLA-A23:01,26194.8,ANZ78847,RLQEAIKVLNQ,1277,404.0
94,HLA-A23:01,26215.51,ANZ78847,FKPPFLSDFIN,94,405.0
11,HLA-A23:01,26219.88,ANZ78847,AFAVIGDLKCP,11,406.0
948,HLA-A23:01,26305.2,ANZ78847,VQSYKGIKVLP,948,407.0
957,HLA-A23:01,26307.85,ANZ78847,LPPLLSENQIS,957,408.0
355,HLA-A23:01,26326.87,ANZ78847,SPLNWERKTFS,355,409.0
947,HLA-A23:01,26354.65,ANZ78847,CVQSYKGIKVL,947,410.0
210,HLA-A23:01,26429.56,ANZ78847,VNATYLYFHFY,210,411.0
116,HLA-A23:01,26489.25,ANZ78847,FKDGVMYSEFP,116,412.0
227,HLA-A23:01,26502.72,ANZ78847,YAYFTDTGVVT,227,413.0
508,HLA-A23:01,26577.31,ANZ78847,VGSGPGKNNGI,508,414.0
776,HLA-A23:01,26620.68,ANZ78847,NFEPFTVNSVN,776,415.0
938,HLA-A23:01,26675.2,ANZ78847,GGAEIRDLICV,938,416.0
775,HLA-A23:01,26804.38,ANZ78847,TNFEPFTVNSV,775,417.0
430,HLA-A23:01,26805.59,ANZ78847,RIDTTATSCQL,430,418.0
465,HLA-A23:01,26818.0,ANZ78847,FIEDSVFKPQP,465,419.0
970,HLA-A23:01,26822.98,ANZ78847,TLAATSASLFP,970,420.0
1307,HLA-A23:01,26849.23,ANZ78847,YVWLLICLAGV,1307,421.0
766,HLA-A23:01,26852.8,ANZ78847,RAITTGYRFTN,766,422.0
1322,HLA-A23:01,26863.66,ANZ78847,LLFFICCCTGC,1322,423.0
904,HLA-A23:01,26930.03,ANZ78847,ECSKASSRSAI,904,424.0
1245,HLA-A23:01,26963.09,ANZ78847,LDQWFKNQTSV,1245,425.0
791,HLA-A23:01,26988.09,ANZ78847,PVGGLYEIQIP,791,426.0
80,HLA-A23:01,27002.47,ANZ78847,NMALKGTDKLS,80,427.0
746,HLA-A23:01,27039.71,ANZ78847,CDLTVGSGYCV,746,428.0
399,HLA-A23:01,27047.98,ANZ78847,SSITIDKFAIP,399,429.0
464,HLA-A23:01,27063.6,ANZ78847,GFIEDSVFKPQ,464,430.0
837,HLA-A23:01,27073.74,ANZ78847,SQLVEYGSFCD,837,431.0
910,HLA-A23:01,27090.37,ANZ78847,SRSAIEDLLFD,910,432.0
840,HLA-A23:01,27216.85,ANZ78847,VEYGSFCDNIN,840,433.0
1226,HLA-A23:01,27240.21,ANZ78847,APYVMLNTSIP,1226,434.0
831,HLA-A23:01,27324.81,ANZ78847,DYAACKSQLVE,831,435.0
900,HLA-A23:01,27358.52,ANZ78847,CLGSECSKASS,900,436.0
677,HLA-A23:01,27364.51,ANZ78847,FMIRSCYSGRV,677,437.0
1263,HLA-A23:01,27404.43,ANZ78847,YINVTFLDLQV,1263,438.0
696,HLA-A23:01,27444.1,ANZ78847,SEPALLFRNIK,696,439.0
435,HLA-A23:01,27466.82,ANZ78847,ATSCQLYYNLP,435,440.0
490,HLA-A23:01,27510.33,ANZ78847,CFKAPKNFCPC,490,441.0
849,HLA-A23:01,27572.71,ANZ78847,INAILTEVNEL,849,442.0
643,HLA-A23:01,27581.95,ANZ78847,FVEVNATYYNS,643,443.0
311,HLA-A23:01,27582.37,ANZ78847,SIAPPTGVYEL,311,444.0
580,HLA-A23:01,27631.67,ANZ78847,QAFLGWSADSC,580,445.0
830,HLA-A23:01,27659.71,ANZ78847,GDYAACKSQLV,830,446.0
253,HLA-A23:01,27676.66,ANZ78847,YVMPLTCISRR,253,447.0
478,HLA-A23:01,27686.07,ANZ78847,VLTNHDVVYAQ,478,448.0
1066,HLA-A23:01,27703.5,ANZ78847,SSSLQEILSRL,1066,449.0
1181,HLA-A23:01,27722.74,ANZ78847,IAPKSGYFVNV,1181,450.0
125,HLA-A23:01,27798.57,ANZ78847,FPAITIGSTFV,125,451.0
668,HLA-A23:01,27858.6,ANZ78847,FRDYLTNRTFM,668,452.0
1219,HLA-A23:01,27872.98,ANZ78847,CAVNYTKAPYV,1219,453.0
1266,HLA-A23:01,27916.49,ANZ78847,VTFLDLQVEMN,1266,454.0
389,HLA-A23:01,27942.78,ANZ78847,DAAKIYGMCFS,389,455.0
10,HLA-A23:01,27963.77,ANZ78847,TAFAVIGDLKC,10,456.0
983,HLA-A23:01,27970.95,ANZ78847,TAAAGVPFYLN,983,457.0
529,HLA-A23:01,27974.13,ANZ78847,TCHNLCNPDPI,529,458.0
650,HLA-A23:01,28049.35,ANZ78847,YYNSWQNLLYD,650,459.0
192,HLA-A23:01,28055.78,ANZ78847,HMDTGVVSCLY,192,460.0
484,HLA-A23:01,28094.61,ANZ78847,VVYAQHCFKAP,484,461.0
733,HLA-A23:01,28114.57,ANZ78847,VNAYNSTAISV,733,462.0
651,HLA-A23:01,28123.02,ANZ78847,YNSWQNLLYDS,651,463.0
915,HLA-A23:01,28153.03,ANZ78847,EDLLFDKVKLS,915,464.0
1091,HLA-A23:01,28249.85,ANZ78847,GRLTALNAYVS,1091,465.0
459,HLA-A23:01,28272.88,ANZ78847,WNKRFGFIEDS,459,466.0
34,HLA-A23:01,28360.06,ANZ78847,TGPPSISTATV,34,467.0
1004,HLA-A23:01,28385.59,ANZ78847,TMDVLSQNQKL,1004,468.0
1111,HLA-A23:01,28405.6,ANZ78847,KFSAAQAMEKV,1111,469.0
575,HLA-A23:01,28411.97,ANZ78847,CTCQPQAFLGW,575,470.0
128,HLA-A23:01,28413.45,ANZ78847,ITIGSTFVNTS,128,471.0
678,HLA-A23:01,28464.11,ANZ78847,MIRSCYSGRVS,678,472.0
916,HLA-A23:01,28502.34,ANZ78847,DLLFDKVKLSD,916,473.0
30,HLA-A23:01,28512.27,ANZ78847,NNIDTGPPSIS,30,474.0
844,HLA-A23:01,28704.86,ANZ78847,SFCDNINAILT,844,475.0
891,HLA-A23:01,28706.99,ANZ78847,DINFSSVLGCL,891,476.0
386,HLA-A23:01,28734.46,ANZ78847,NNIDAAKIYGM,386,477.0
955,HLA-A23:01,28793.49,ANZ78847,KVLPPLLSENQ,955,478.0
1171,HLA-A23:01,28813.97,ANZ78847,PGLCIAGDRGI,1171,479.0
161,HLA-A23:01,28833.03,ANZ78847,LLEVSVCQYNM,161,480.0
390,HLA-A23:01,28882.28,ANZ78847,AAKIYGMCFSS,390,481.0
69,HLA-A23:01,28888.57,ANZ78847,GYYPTSGSTYR,69,482.0
819,HLA-A23:01,28898.36,ANZ78847,KVTIDCAAFVC,819,483.0
655,HLA-A23:01,28900.29,ANZ78847,QNLLYDSNGNL,655,484.0
653,HLA-A23:01,28915.22,ANZ78847,SWQNLLYDSNG,653,485.0
234,HLA-A23:01,28966.13,ANZ78847,GVVTKFLFNVY,234,486.0
700,HLA-A23:01,29001.99,ANZ78847,LLFRNIKCNYV,700,487.0
1041,HLA-A23:01,29008.58,ANZ78847,QAVVNANAEAL,1041,488.0
1276,HLA-A23:01,29050.74,ANZ78847,NRLQEAIKVLN,1276,489.0
937,HLA-A23:01,29076.82,ANZ78847,TGGAEIRDLIC,937,490.0
855,HLA-A23:01,29077.84,ANZ78847,EVNELLDTTQL,855,491.0
470,HLA-A23:01,29089.9,ANZ78847,VFKPQPAGVLT,470,492.0
911,HLA-A23:01,29114.82,ANZ78847,RSAIEDLLFDK,911,493.0
371,HLA-A23:01,29148.77,ANZ78847,MSSLMSFIQAD,371,494.0
352,HLA-A23:01,29229.1,ANZ78847,SVPSPLNWERK,352,495.0
113,HLA-A23:01,29229.76,ANZ78847,TKVFKDGVMYS,113,496.0
687,HLA-A23:01,29283.48,ANZ78847,VSAAFHANSSE,687,497.0
1048,HLA-A23:01,29339.39,ANZ78847,AEALNNLLQQL,1048,498.0
463,HLA-A23:01,29357.81,ANZ78847,FGFIEDSVFKP,463,499.0
674,HLA-A23:01,29376.71,ANZ78847,NRTFMIRSCYS,674,500.0
273,HLA-A23:01,29389.61,ANZ78847,VTPLTSRQYLL,273,501.0
857,HLA-A23:01,29397.27,ANZ78847,NELLDTTQLQV,857,502.0
230,HLA-A23:01,29432.39,ANZ78847,FTDTGVVTKFL,230,503.0
841,HLA-A23:01,29439.12,ANZ78847,EYGSFCDNINA,841,504.0
1330,HLA-A23:01,29546.27,ANZ78847,TGCGTSCFKKC,1330,505.0
495,HLA-A23:01,29588.53,ANZ78847,KNFCPCKSNSS,495,506.0
288,HLA-A23:01,29678.16,ANZ78847,DGIIFNAVDCM,288,507.0
912,HLA-A23:01,29724.43,ANZ78847,SAIEDLLFDKV,912,508.0
1115,HLA-A23:01,29740.18,ANZ78847,AQAMEKVNECV,1115,509.0
119,HLA-A23:01,29763.35,ANZ78847,GVMYSEFPAIT,119,510.0
662,HLA-A23:01,29775.12,ANZ78847,NGNLYGFRDYL,662,511.0
1214,HLA-A23:01,29777.75,ANZ78847,VVMSTCAVNYT,1214,512.0
825,HLA-A23:01,29852.33,ANZ78847,AAFVCGDYAAC,825,513.0
525,HLA-A23:01,29857.08,ANZ78847,TNYLTCHNLCN,525,514.0
1160,HLA-A23:01,29857.69,ANZ78847,VPTKYVTAKVS,1160,515.0
604,HLA-A23:01,29860.79,ANZ78847,LHDVNSGLTCS,604,516.0
1220,HLA-A23:01,29898.38,ANZ78847,AVNYTKAPYVM,1220,517.0
726,HLA-A23:01,29905.98,ANZ78847,DSYLGCVVNAY,726,518.0
335,HLA-A23:01,30024.27,ANZ78847,RKPDLPNCNIE,335,519.0
240,HLA-A23:01,30129.4,ANZ78847,LFNVYLGMALS,240,520.0
156,HLA-A23:01,30147.72,ANZ78847,NKLQGLLEVSV,156,521.0
486,HLA-A23:01,30165.22,ANZ78847,YAQHCFKAPKN,486,522.0
917,HLA-A23:01,30323.03,ANZ78847,LLFDKVKLSDV,917,523.0
685,HLA-A23:01,30345.61,ANZ78847,GRVSAAFHANS,685,524.0
799,HLA-A23:01,30350.95,ANZ78847,QIPSDFTIGNM,799,525.0
242,HLA-A23:01,30375.98,ANZ78847,NVYLGMALSHY,242,526.0
882,HLA-A23:01,30459.45,ANZ78847,KDGVNFNVDDI,882,527.0
471,HLA-A23:01,30474.49,ANZ78847,FKPQPAGVLTN,471,528.0
369,HLA-A23:01,30490.4,ANZ78847,FNMSSLMSFIQ,369,529.0
808,HLA-A23:01,30501.73,ANZ78847,NMEEFIQTSSP,808,530.0
1295,HLA-A23:01,30514.68,ANZ78847,IGTYEYYVKWP,1295,531.0
427,HLA-A23:01,30531.39,ANZ78847,FNYRIDTTATS,427,532.0
1215,HLA-A23:01,30566.52,ANZ78847,VMSTCAVNYTK,1215,533.0
73,HLA-A23:01,30584.44,ANZ78847,TSGSTYRNMAL,73,534.0
1267,HLA-A23:01,30632.91,ANZ78847,TFLDLQVEMNR,1267,535.0
728,HLA-A23:01,30700.12,ANZ78847,YLGCVVNAYNS,728,536.0
620,HLA-A23:01,30717.63,ANZ78847,ANTDIKLGVCV,620,537.0
79,HLA-A23:01,30734.84,ANZ78847,RNMALKGTDKL,79,538.0
978,HLA-A23:01,30739.59,ANZ78847,LFPPWTAAAGV,978,539.0
163,HLA-A23:01,30745.09,ANZ78847,EVSVCQYNMCE,163,540.0
682,HLA-A23:01,30759.83,ANZ78847,CYSGRVSAAFH,682,541.0
780,HLA-A23:01,30809.99,ANZ78847,FTVNSVNDSLE,780,542.0
415,HLA-A23:01,30883.46,ANZ78847,DLQLGNLGYLQ,415,543.0
278,HLA-A23:01,30913.84,ANZ78847,SRQYLLAFNQD,278,544.0
188,HLA-A23:01,30979.69,ANZ78847,KELWHMDTGVV,188,545.0
293,HLA-A23:01,31047.37,ANZ78847,NAVDCMSDFMS,293,546.0
645,HLA-A23:01,31173.06,ANZ78847,EVNATYYNSWQ,645,547.0
1224,HLA-A23:01,31213.05,ANZ78847,TKAPYVMLNTS,1224,548.0
1211,HLA-A23:01,31226.81,ANZ78847,NNVVVMSTCAV,1211,549.0
1159,HLA-A23:01,31229.41,ANZ78847,YVPTKYVTAKV,1159,550.0
914,HLA-A23:01,31288.26,ANZ78847,IEDLLFDKVKL,914,551.0
155,HLA-A23:01,31292.09,ANZ78847,VNKLQGLLEVS,155,552.0
740,HLA-A23:01,31309.23,ANZ78847,AISVQTCDLTV,740,553.0
1161,HLA-A23:01,31318.78,ANZ78847,PTKYVTAKVSP,1161,554.0
102,HLA-A23:01,31322.26,ANZ78847,FINGIFAKVKN,102,555.0
1293,HLA-A23:01,31335.09,ANZ78847,KDIGTYEYYVK,1293,556.0
498,HLA-A23:01,31384.54,ANZ78847,CPCKSNSSLCV,498,557.0
1063,HLA-A23:01,31390.49,ANZ78847,GAISSSLQEIL,1063,558.0
1090,HLA-A23:01,31394.52,ANZ78847,NGRLTALNAYV,1090,559.0
1080,HLA-A23:01,31410.59,ANZ78847,EAEAQIDRLIN,1080,560.0
1189,HLA-A23:01,31433.23,ANZ78847,VNVNNTWMYTG,1189,561.0
663,HLA-A23:01,31454.09,ANZ78847,GNLYGFRDYLT,663,562.0
3,HLA-A23:01,31505.6,ANZ78847,ILLISLPTAFA,3,563.0
827,HLA-A23:01,31539.21,ANZ78847,FVCGDYAACKS,827,564.0
1034,HLA-A23:01,31619.75,ANZ78847,NSALVKIQAVV,1034,565.0
345,HLA-A23:01,31691.37,ANZ78847,EAWLNDKSVPS,345,566.0
656,HLA-A23:01,31693.25,ANZ78847,NLLYDSNGNLY,656,567.0
869,HLA-A23:01,31697.26,ANZ78847,NSLMNGVTLST,869,568.0
140,HLA-A23:01,31712.69,ANZ78847,SVVVQPRTINS,140,569.0
560,HLA-A23:01,31726.9,ANZ78847,CSGLAVKSDYC,560,570.0
217,HLA-A23:01,31728.79,ANZ78847,FHFYQEGGTFY,217,571.0
362,HLA-A23:01,31768.67,ANZ78847,KTFSNCNFNMS,362,572.0
750,HLA-A23:01,31778.3,ANZ78847,VGSGYCVDYSK,750,573.0
152,HLA-A23:01,31793.14,ANZ78847,QDGVNKLQGLL,152,574.0
290,HLA-A23:01,31794.86,ANZ78847,IIFNAVDCMSD,290,575.0
23,HLA-A23:01,31810.14,ANZ78847,DSRTGSLNNID,23,576.0
789,HLA-A23:01,31815.6,ANZ78847,LEPVGGLYEIQ,789,577.0
135,HLA-A23:01,31841.74,ANZ78847,VNTSYSVVVQP,135,578.0
1059,HLA-A23:01,31846.82,ANZ78847,SNRFGAISSSL,1059,579.0
317,HLA-A23:01,31864.13,ANZ78847,GVYELNGYTVQ,317,580.0
1240,HLA-A23:01,31878.69,ANZ78847,DFREELDQWFK,1240,581.0
1283,HLA-A23:01,31879.13,ANZ78847,KVLNQSYINLK,1283,582.0
406,HLA-A23:01,31883.77,ANZ78847,FAIPNGRKVDL,406,583.0
883,HLA-A23:01,31918.33,ANZ78847,DGVNFNVDDIN,883,584.0
494,HLA-A23:01,31938.68,ANZ78847,PKNFCPCKSNS,494,585.0
905,HLA-A23:01,31977.96,ANZ78847,CSKASSRSAIE,905,586.0
1285,HLA-A23:01,31982.15,ANZ78847,LNQSYINLKDI,1285,587.0
171,HLA-A23:01,31988.39,ANZ78847,MCEYPHTICHP,171,588.0
887,HLA-A23:01,32010.64,ANZ78847,FNVDDINFSSV,887,589.0
811,HLA-A23:01,32022.91,ANZ78847,EFIQTSSPKVT,811,590.0
204,HLA-A23:01,32033.32,ANZ78847,RNFTYDVNATY,204,591.0
862,HLA-A23:01,32042.17,ANZ78847,TTQLQVANSLM,862,592.0
928,HLA-A23:01,32047.89,ANZ78847,GFVAAYNNCTG,928,593.0
248,HLA-A23:01,32092.21,ANZ78847,ALSHYYVMPLT,248,594.0
540,HLA-A23:01,32101.37,ANZ78847,TFTGPYKCPQS,540,595.0
342,HLA-A23:01,32121.36,ANZ78847,CNIEAWLNDKS,342,596.0
221,HLA-A23:01,32164.59,ANZ78847,QEGGTFYAYFT,221,597.0
686,HLA-A23:01,32177.71,ANZ78847,RVSAAFHANSS,686,598.0
1060,HLA-A23:01,32179.25,ANZ78847,NRFGAISSSLQ,1060,599.0
920,HLA-A23:01,32181.17,ANZ78847,DKVKLSDVGFV,920,600.0
718,HLA-A23:01,32182.66,ANZ78847,QLQPINYFDSY,718,601.0
537,HLA-A23:01,32193.58,ANZ78847,DPITFTGPYKC,537,602.0
555,HLA-A23:01,32228.12,ANZ78847,GIGEHCSGLAV,555,603.0
47,HLA-A23:01,32270.72,ANZ78847,TNGLGTYYVLD,47,604.0
582,HLA-A23:01,32276.53,ANZ78847,FLGWSADSCLQ,582,605.0
1256,HLA-A23:01,32286.55,ANZ78847,APDLALDYINV,1256,606.0
985,HLA-A23:01,32289.7,ANZ78847,AAGVPFYLNVQ,985,607.0
1249,HLA-A23:01,32310.37,ANZ78847,FKNQTSVAPDL,1249,608.0
579,HLA-A23:01,32319.31,ANZ78847,PQAFLGWSADS,579,609.0
996,HLA-A23:01,32341.25,ANZ78847,YRINGLGVTMD,996,610.0
202,HLA-A23:01,32355.31,ANZ78847,YKRNFTYDVNA,202,611.0
372,HLA-A23:01,32362.81,ANZ78847,SSLMSFIQADS,372,612.0
298,HLA-A23:01,32363.35,ANZ78847,MSDFMSEIKCK,298,613.0
184,HLA-A23:01,32369.8,ANZ78847,GNHFKELWHMD,184,614.0
890,HLA-A23:01,32377.32,ANZ78847,DDINFSSVLGC,890,615.0
86,HLA-A23:01,32456.53,ANZ78847,TDKLSTLWFKP,86,616.0
212,HLA-A23:01,32479.09,ANZ78847,ATYLYFHFYQE,212,617.0
1344,HLA-A23:01,32491.22,ANZ78847,CDDYTGYQELV,1344,618.0
974,HLA-A23:01,32519.81,ANZ78847,TSASLFPPWTA,974,619.0
285,HLA-A23:01,32572.95,ANZ78847,FNQDGIIFNAV,285,620.0
1027,HLA-A23:01,32578.18,ANZ78847,QEGFDATNSAL,1027,621.0
949,HLA-A23:01,32595.01,ANZ78847,QSYKGIKVLPP,949,622.0
863,HLA-A23:01,32611.44,ANZ78847,TQLQVANSLMN,863,623.0
795,HLA-A23:01,32618.76,ANZ78847,LYEIQIPSDFT,795,624.0
1122,HLA-A23:01,32623.97,ANZ78847,NECVKSQSSRI,1122,625.0
1061,HLA-A23:01,32641.94,ANZ78847,RFGAISSSLQE,1061,626.0
573,HLA-A23:01,32656.48,ANZ78847,NPCTCQPQAFL,573,627.0
134,HLA-A23:01,32695.51,ANZ78847,FVNTSYSVVVQ,134,628.0
1334,HLA-A23:01,32703.72,ANZ78847,TSCFKKCGGCC,1334,629.0
1057,HLA-A23:01,32724.44,ANZ78847,QLSNRFGAISS,1057,630.0
429,HLA-A23:01,32725.5,ANZ78847,YRIDTTATSCQ,429,631.0
550,HLA-A23:01,32737.69,ANZ78847,SKSLVGIGEHC,550,632.0
101,HLA-A23:01,32747.95,ANZ78847,DFINGIFAKVK,101,633.0
631,HLA-A23:01,32769.08,ANZ78847,NYDLYGISGQG,631,634.0
284,HLA-A23:01,32782.52,ANZ78847,AFNQDGIIFNA,284,635.0
1182,HLA-A23:01,32784.09,ANZ78847,APKSGYFVNVN,1182,636.0
66,HLA-A23:01,32813.34,ANZ78847,FLNGYYPTSGS,66,637.0
460,HLA-A23:01,32830.49,ANZ78847,NKRFGFIEDSV,460,638.0
366,HLA-A23:01,32854.41,ANZ78847,NCNFNMSSLMS,366,639.0
713,HLA-A23:01,32861.53,ANZ78847,NSLTRQLQPIN,713,640.0
438,HLA-A23:01,32884.48,ANZ78847,CQLYYNLPAAN,438,641.0
895,HLA-A23:01,32889.37,ANZ78847,SSVLGCLGSEC,895,642.0
214,HLA-A23:01,32901.74,ANZ78847,YLYFHFYQEGG,214,643.0
232,HLA-A23:01,32905.28,ANZ78847,DTGVVTKFLFN,232,644.0
664,HLA-A23:01,32907.89,ANZ78847,NLYGFRDYLTN,664,645.0
637,HLA-A23:01,32918.84,ANZ78847,ISGQGIFVEVN,637,646.0
1154,HLA-A23:01,32924.61,ANZ78847,FIHFSYVPTKY,1154,647.0
918,HLA-A23:01,32926.74,ANZ78847,LFDKVKLSDVG,918,648.0
254,HLA-A23:01,32935.92,ANZ78847,VMPLTCISRRN,254,649.0
735,HLA-A23:01,32958.82,ANZ78847,AYNSTAISVQT,735,650.0
395,HLA-A23:01,32983.33,ANZ78847,GMCFSSITIDK,395,651.0
1029,HLA-A23:01,32984.46,ANZ78847,GFDATNSALVK,1029,652.0
977,HLA-A23:01,33017.65,ANZ78847,SLFPPWTAAAG,977,653.0
546,HLA-A23:01,33053.53,ANZ78847,KCPQSKSLVGI,546,654.0
38,HLA-A23:01,33083.35,ANZ78847,SISTATVDVTN,38,655.0
945,HLA-A23:01,33102.04,ANZ78847,LICVQSYKGIK,945,656.0
111,HLA-A23:01,33126.48,ANZ78847,KNTKVFKDGVM,111,657.0
749,HLA-A23:01,33176.02,ANZ78847,TVGSGYCVDYS,749,658.0
414,HLA-A23:01,33244.64,ANZ78847,VDLQLGNLGYL,414,659.0
269,HLA-A23:01,33286.58,ANZ78847,LEYWVTPLTSR,269,660.0
946,HLA-A23:01,33319.69,ANZ78847,ICVQSYKGIKV,946,661.0
424,HLA-A23:01,33349.37,ANZ78847,LQSFNYRIDTT,424,662.0
222,HLA-A23:01,33365.02,ANZ78847,EGGTFYAYFTD,222,663.0
49,HLA-A23:01,33377.79,ANZ78847,GLGTYYVLDRV,49,664.0
122,HLA-A23:01,33413.98,ANZ78847,YSEFPAITIGS,122,665.0
576,HLA-A23:01,33458.48,ANZ78847,TCQPQAFLGWS,576,666.0
659,HLA-A23:01,33470.64,ANZ78847,YDSNGNLYGFR,659,667.0
597,HLA-A23:01,33503.99,ANZ78847,NIFANLILHDV,597,668.0
1139,HLA-A23:01,33515.16,ANZ78847,NHIISLVQNAP,1139,669.0
1078,HLA-A23:01,33515.2,ANZ78847,ALEAEAQIDRL,1078,670.0
356,HLA-A23:01,33523.92,ANZ78847,PLNWERKTFSN,356,671.0
999,HLA-A23:01,33526.97,ANZ78847,NGLGVTMDVLS,999,672.0
408,HLA-A23:01,33585.77,ANZ78847,IPNGRKVDLQL,408,673.0
893,HLA-A23:01,33616.05,ANZ78847,NFSSVLGCLGS,893,674.0
1281,HLA-A23:01,33621.36,ANZ78847,AIKVLNQSYIN,1281,675.0
846,HLA-A23:01,33625.96,ANZ78847,CDNINAILTEV,846,676.0
164,HLA-A23:01,33634.05,ANZ78847,VSVCQYNMCEY,164,677.0
126,HLA-A23:01,33640.07,ANZ78847,PAITIGSTFVN,126,678.0
312,HLA-A23:01,33664.14,ANZ78847,IAPPTGVYELN,312,679.0
859,HLA-A23:01,33675.12,ANZ78847,LLDTTQLQVAN,859,680.0
511,HLA-A23:01,33688.09,ANZ78847,GPGKNNGIGTC,511,681.0
994,HLA-A23:01,33702.17,ANZ78847,VQYRINGLGVT,994,682.0
416,HLA-A23:01,33765.76,ANZ78847,LQLGNLGYLQS,416,683.0
569,HLA-A23:01,33770.6,ANZ78847,YCGGNPCTCQP,569,684.0
1251,HLA-A23:01,33780.01,ANZ78847,NQTSVAPDLAL,1251,685.0
301,HLA-A23:01,33789.1,ANZ78847,FMSEIKCKTQS,301,686.0
358,HLA-A23:01,33789.9,ANZ78847,NWERKTFSNCN,358,687.0
445,HLA-A23:01,33796.93,ANZ78847,PAANVSVSRFN,445,688.0
277,HLA-A23:01,33804.73,ANZ78847,TSRQYLLAFNQ,277,689.0
1230,HLA-A23:01,33812.54,ANZ78847,MLNTSIPNLPD,1230,690.0
423,HLA-A23:01,33842.35,ANZ78847,YLQSFNYRIDT,423,691.0
1207,HLA-A23:01,33854.9,ANZ78847,PITENNVVVMS,1207,692.0
446,HLA-A23:01,33872.05,ANZ78847,AANVSVSRFNP,446,693.0
601,HLA-A23:01,33872.87,ANZ78847,NLILHDVNSGL,601,694.0
1047,HLA-A23:01,33876.83,ANZ78847,NAEALNNLLQQ,1047,695.0
1069,HLA-A23:01,33887.23,ANZ78847,LQEILSRLDAL,1069,696.0
512,HLA-A23:01,33909.84,ANZ78847,PGKNNGIGTCP,512,697.0
875,HLA-A23:01,33925.19,ANZ78847,VTLSTKLKDGV,875,698.0
105,HLA-A23:01,33952.61,ANZ78847,GIFAKVKNTKV,105,699.0
765,HLA-A23:01,33972.25,ANZ78847,RRAITTGYRFT,765,700.0
165,HLA-A23:01,33975.39,ANZ78847,SVCQYNMCEYP,165,701.0
933,HLA-A23:01,33975.68,ANZ78847,YNNCTGGAEIR,933,702.0
256,HLA-A23:01,33979.66,ANZ78847,PLTCISRRNIG,256,703.0
1212,HLA-A23:01,34003.69,ANZ78847,NVVVMSTCAVN,1212,704.0
224,HLA-A23:01,34005.56,ANZ78847,GTFYAYFTDTG,224,705.0
806,HLA-A23:01,34013.93,ANZ78847,IGNMEEFIQTS,806,706.0
967,HLA-A23:01,34020.76,ANZ78847,SGYTLAATSAS,967,707.0
1173,HLA-A23:01,34031.41,ANZ78847,LCIAGDRGIAP,1173,708.0
1042,HLA-A23:01,34055.2,ANZ78847,AVVNANAEALN,1042,709.0
1216,HLA-A23:01,34087.61,ANZ78847,MSTCAVNYTKA,1216,710.0
1050,HLA-A23:01,34101.73,ANZ78847,ALNNLLQQLSN,1050,711.0
1076,HLA-A23:01,34117.11,ANZ78847,LDALEAEAQID,1076,712.0
1255,HLA-A23:01,34118.1,ANZ78847,VAPDLALDYIN,1255,713.0
344,HLA-A23:01,34130.6,ANZ78847,IEAWLNDKSVP,344,714.0
1014,HLA-A23:01,34194.19,ANZ78847,LIANAFNNALD,1014,715.0
927,HLA-A23:01,34201.43,ANZ78847,VGFVAAYNNCT,927,716.0
327,HLA-A23:01,34212.82,ANZ78847,QPIADVYRRKP,327,717.0
186,HLA-A23:01,34281.32,ANZ78847,HFKELWHMDTG,186,718.0
99,HLA-A23:01,34281.91,ANZ78847,LSDFINGIFAK,99,719.0
268,HLA-A23:01,34301.9,ANZ78847,TLEYWVTPLTS,268,720.0
157,HLA-A23:01,34351.17,ANZ78847,KLQGLLEVSVC,157,721.0
553,HLA-A23:01,34351.98,ANZ78847,LVGIGEHCSGL,553,722.0
1046,HLA-A23:01,34373.01,ANZ78847,ANAEALNNLLQ,1046,723.0
979,HLA-A23:01,34374.75,ANZ78847,FPPWTAAAGVP,979,724.0
1018,HLA-A23:01,34401.74,ANZ78847,AFNNALDAIQE,1018,725.0
158,HLA-A23:01,34411.05,ANZ78847,LQGLLEVSVCQ,158,726.0
267,HLA-A23:01,34411.13,ANZ78847,FTLEYWVTPLT,267,727.0
777,HLA-A23:01,34469.32,ANZ78847,FEPFTVNSVND,777,728.0
711,HLA-A23:01,34470.0,ANZ78847,FNNSLTRQLQP,711,729.0
1143,HLA-A23:01,34471.06,ANZ78847,SLVQNAPYGLY,1143,730.0
8,HLA-A23:01,34485.51,ANZ78847,LPTAFAVIGDL,8,731.0
1246,HLA-A23:01,34492.57,ANZ78847,DQWFKNQTSVA,1246,732.0
85,HLA-A23:01,34530.25,ANZ78847,GTDKLSTLWFK,85,733.0
379,HLA-A23:01,34531.78,ANZ78847,QADSFTCNNID,379,734.0
820,HLA-A23:01,34564.42,ANZ78847,VTIDCAAFVCG,820,735.0
1067,HLA-A23:01,34582.66,ANZ78847,SSLQEILSRLD,1067,736.0
845,HLA-A23:01,34607.68,ANZ78847,FCDNINAILTE,845,737.0
998,HLA-A23:01,34614.22,ANZ78847,INGLGVTMDVL,998,738.0
348,HLA-A23:01,34646.23,ANZ78847,LNDKSVPSPLN,348,739.0
952,HLA-A23:01,34671.6,ANZ78847,KGIKVLPPLLS,952,740.0
276,HLA-A23:01,34671.69,ANZ78847,LTSRQYLLAFN,276,741.0
986,HLA-A23:01,34677.42,ANZ78847,AGVPFYLNVQY,986,742.0
475,HLA-A23:01,34699.25,ANZ78847,PAGVLTNHDVV,475,743.0
880,HLA-A23:01,34700.79,ANZ78847,KLKDGVNFNVD,880,744.0
615,HLA-A23:01,34706.71,ANZ78847,TDLQKANTDIK,615,745.0
657,HLA-A23:01,34733.33,ANZ78847,LLYDSNGNLYG,657,746.0
524,HLA-A23:01,34746.09,ANZ78847,GTNYLTCHNLC,524,747.0
167,HLA-A23:01,34752.08,ANZ78847,CQYNMCEYPHT,167,748.0
1183,HLA-A23:01,34755.35,ANZ78847,PKSGYFVNVNN,1183,749.0
1319,HLA-A23:01,34760.25,ANZ78847,MLVLLFFICCC,1319,750.0
704,HLA-A23:01,34776.28,ANZ78847,NIKCNYVFNNS,704,751.0
872,HLA-A23:01,34776.41,ANZ78847,MNGVTLSTKLK,872,752.0
287,HLA-A23:01,34782.49,ANZ78847,QDGIIFNAVDC,287,753.0
868,HLA-A23:01,34829.46,ANZ78847,ANSLMNGVTLS,868,754.0
497,HLA-A23:01,34895.24,ANZ78847,FCPCKSNSSLC,497,755.0
392,HLA-A23:01,34915.21,ANZ78847,KIYGMCFSSIT,392,756.0
68,HLA-A23:01,34916.26,ANZ78847,NGYYPTSGSTY,68,757.0
1321,HLA-A23:01,34954.39,ANZ78847,VLLFFICCCTG,1321,758.0
1223,HLA-A23:01,34977.18,ANZ78847,YTKAPYVMLNT,1223,759.0
1217,HLA-A23:01,34983.33,ANZ78847,STCAVNYTKAP,1217,760.0
300,HLA-A23:01,35063.95,ANZ78847,DFMSEIKCKTQ,300,761.0
405,HLA-A23:01,35109.54,ANZ78847,KFAIPNGRKVD,405,762.0
451,HLA-A23:01,35120.93,ANZ78847,VSRFNPSTWNK,451,763.0
721,HLA-A23:01,35127.98,ANZ78847,PINYFDSYLGC,721,764.0
671,HLA-A23:01,35157.07,ANZ78847,YLTNRTFMIRS,671,765.0
350,HLA-A23:01,35162.94,ANZ78847,DKSVPSPLNWE,350,766.0
599,HLA-A23:01,35201.45,ANZ78847,FANLILHDVNS,599,767.0
81,HLA-A23:01,35211.98,ANZ78847,MALKGTDKLST,81,768.0
340,HLA-A23:01,35286.48,ANZ78847,PNCNIEAWLND,340,769.0
1123,HLA-A23:01,35295.05,ANZ78847,ECVKSQSSRIN,1123,770.0
539,HLA-A23:01,35347.81,ANZ78847,ITFTGPYKCPQ,539,771.0
813,HLA-A23:01,35375.9,ANZ78847,IQTSSPKVTID,813,772.0
807,HLA-A23:01,35382.02,ANZ78847,GNMEEFIQTSS,807,773.0
1033,HLA-A23:01,35398.38,ANZ78847,TNSALVKIQAV,1033,774.0
180,HLA-A23:01,35421.29,ANZ78847,HPNLGNHFKEL,180,775.0
322,HLA-A23:01,35427.85,ANZ78847,NGYTVQPIADV,322,776.0
450,HLA-A23:01,35448.42,ANZ78847,SVSRFNPSTWN,450,777.0
921,HLA-A23:01,35449.66,ANZ78847,KVKLSDVGFVA,921,778.0
339,HLA-A23:01,35470.07,ANZ78847,LPNCNIEAWLN,339,779.0
1017,HLA-A23:01,35473.6,ANZ78847,NAFNNALDAIQ,1017,780.0
614,HLA-A23:01,35489.5,ANZ78847,STDLQKANTDI,614,781.0
551,HLA-A23:01,35504.56,ANZ78847,KSLVGIGEHCS,551,782.0
1241,HLA-A23:01,35532.35,ANZ78847,FREELDQWFKN,1241,783.0
629,HLA-A23:01,35532.79,ANZ78847,CVNYDLYGISG,629,784.0
1043,HLA-A23:01,35539.32,ANZ78847,VVNANAEALNN,1043,785.0
1192,HLA-A23:01,35547.15,ANZ78847,NNTWMYTGSGY,1192,786.0
829,HLA-A23:01,35565.89,ANZ78847,CGDYAACKSQL,829,787.0
333,HLA-A23:01,35571.19,ANZ78847,YRRKPDLPNCN,333,788.0
170,HLA-A23:01,35578.23,ANZ78847,NMCEYPHTICH,170,789.0
1274,HLA-A23:01,35579.03,ANZ78847,EMNRLQEAIKV,1274,790.0
50,HLA-A23:01,35591.73,ANZ78847,LGTYYVLDRVY,50,791.0
545,HLA-A23:01,35591.91,ANZ78847,YKCPQSKSLVG,545,792.0
477,HLA-A23:01,35600.37,ANZ78847,GVLTNHDVVYA,477,793.0
289,HLA-A23:01,35614.5,ANZ78847,GIIFNAVDCMS,289,794.0
1031,HLA-A23:01,35615.84,ANZ78847,DATNSALVKIQ,1031,795.0
264,HLA-A23:01,35643.67,ANZ78847,NIGFTLEYWVT,264,796.0
172,HLA-A23:01,35670.16,ANZ78847,CEYPHTICHPN,172,797.0
688,HLA-A23:01,35723.64,ANZ78847,SAAFHANSSEP,688,798.0
1180,HLA-A23:01,35763.03,ANZ78847,GIAPKSGYFVN,1180,799.0
1065,HLA-A23:01,35767.35,ANZ78847,ISSSLQEILSR,1065,800.0
738,HLA-A23:01,35769.85,ANZ78847,STAISVQTCDL,738,801.0
1114,HLA-A23:01,35775.3,ANZ78847,AAQAMEKVNEC,1114,802.0
148,HLA-A23:01,35780.78,ANZ78847,INSTQDGVNKL,148,803.0
397,HLA-A23:01,35804.05,ANZ78847,CFSSITIDKFA,397,804.0
331,HLA-A23:01,35815.6,ANZ78847,DVYRRKPDLPN,331,805.0
1260,HLA-A23:01,35816.91,ANZ78847,ALDYINVTFLD,1260,806.0
792,HLA-A23:01,35834.74,ANZ78847,VGGLYEIQIPS,792,807.0
1190,HLA-A23:01,35835.21,ANZ78847,NVNNTWMYTGS,1190,808.0
1098,HLA-A23:01,35840.18,ANZ78847,AYVSQQLSDST,1098,809.0
130,HLA-A23:01,35857.32,ANZ78847,IGSTFVNTSYS,130,810.0
425,HLA-A23:01,35864.21,ANZ78847,QSFNYRIDTTA,425,811.0
1335,HLA-A23:01,35867.61,ANZ78847,SCFKKCGGCCD,1335,812.0
1248,HLA-A23:01,35898.23,ANZ78847,WFKNQTSVAPD,1248,813.0
638,HLA-A23:01,35902.85,ANZ78847,SGQGIFVEVNA,638,814.0
564,HLA-A23:01,35921.05,ANZ78847,AVKSDYCGGNP,564,815.0
1083,HLA-A23:01,35927.48,ANZ78847,AQIDRLINGRL,1083,816.0
305,HLA-A23:01,35952.02,ANZ78847,IKCKTQSIAPP,305,817.0
892,HLA-A23:01,35963.42,ANZ78847,INFSSVLGCLG,892,818.0
1116,HLA-A23:01,35970.39,ANZ78847,QAMEKVNECVK,1116,819.0
151,HLA-A23:01,35984.65,ANZ78847,TQDGVNKLQGL,151,820.0
804,HLA-A23:01,35987.92,ANZ78847,FTIGNMEEFIQ,804,821.0
1006,HLA-A23:01,35988.34,ANZ78847,DVLSQNQKLIA,1006,822.0
720,HLA-A23:01,35996.26,ANZ78847,QPINYFDSYLG,720,823.0
1273,HLA-A23:01,36019.61,ANZ78847,VEMNRLQEAIK,1273,824.0
1269,HLA-A23:01,36020.16,ANZ78847,LDLQVEMNRLQ,1269,825.0
536,HLA-A23:01,36022.32,ANZ78847,PDPITFTGPYK,536,826.0
625,HLA-A23:01,36089.52,ANZ78847,KLGVCVNYDLY,625,827.0
160,HLA-A23:01,36113.62,ANZ78847,GLLEVSVCQYN,160,828.0
1244,HLA-A23:01,36118.46,ANZ78847,ELDQWFKNQTS,1244,829.0
199,HLA-A23:01,36152.47,ANZ78847,SCLYKRNFTYD,199,830.0
187,HLA-A23:01,36163.98,ANZ78847,FKELWHMDTGV,187,831.0
1101,HLA-A23:01,36176.84,ANZ78847,SQQLSDSTLVK,1101,832.0
387,HLA-A23:01,36185.46,ANZ78847,NIDAAKIYGMC,387,833.0
1092,HLA-A23:01,36195.83,ANZ78847,RLTALNAYVSQ,1092,834.0
452,HLA-A23:01,36203.58,ANZ78847,SRFNPSTWNKR,452,835.0
527,HLA-A23:01,36204.49,ANZ78847,YLTCHNLCNPD,527,836.0
418,HLA-A23:01,36220.0,ANZ78847,LGNLGYLQSFN,418,837.0
1064,HLA-A23:01,36223.41,ANZ78847,AISSSLQEILS,1064,838.0
1278,HLA-A23:01,36244.94,ANZ78847,LQEAIKVLNQS,1278,839.0
899,HLA-A23:01,36256.47,ANZ78847,GCLGSECSKAS,899,840.0
426,HLA-A23:01,36267.94,ANZ78847,SFNYRIDTTAT,426,841.0
195,HLA-A23:01,36272.63,ANZ78847,TGVVSCLYKRN,195,842.0
1146,HLA-A23:01,36336.08,ANZ78847,QNAPYGLYFIH,1146,843.0
1104,HLA-A23:01,36342.89,ANZ78847,LSDSTLVKFSA,1104,844.0
1010,HLA-A23:01,36351.48,ANZ78847,QNQKLIANAFN,1010,845.0
703,HLA-A23:01,36353.49,ANZ78847,RNIKCNYVFNN,703,846.0
182,HLA-A23:01,36379.18,ANZ78847,NLGNHFKELWH,182,847.0
800,HLA-A23:01,36418.89,ANZ78847,IPSDFTIGNME,800,848.0
782,HLA-A23:01,36473.67,ANZ78847,VNSVNDSLEPV,782,849.0
774,HLA-A23:01,36488.36,ANZ78847,FTNFEPFTVNS,774,850.0
666,HLA-A23:01,36491.66,ANZ78847,YGFRDYLTNRT,666,851.0
847,HLA-A23:01,36495.63,ANZ78847,DNINAILTEVN,847,852.0
62,HLA-A23:01,36523.18,ANZ78847,NTTLFLNGYYP,62,853.0
447,HLA-A23:01,36525.86,ANZ78847,ANVSVSRFNPS,447,854.0
1113,HLA-A23:01,36534.75,ANZ78847,SAAQAMEKVNE,1113,855.0
1118,HLA-A23:01,36581.39,ANZ78847,MEKVNECVKSQ,1118,856.0
20,HLA-A23:01,36595.1,ANZ78847,CPLDSRTGSLN,20,857.0
21,HLA-A23:01,36597.68,ANZ78847,PLDSRTGSLNN,21,858.0
578,HLA-A23:01,36603.16,ANZ78847,QPQAFLGWSAD,578,859.0
382,HLA-A23:01,36625.33,ANZ78847,SFTCNNIDAAK,382,860.0
1175,HLA-A23:01,36664.65,ANZ78847,IAGDRGIAPKS,1175,861.0
797,HLA-A23:01,36675.84,ANZ78847,EIQIPSDFTIG,797,862.0
404,HLA-A23:01,36675.89,ANZ78847,DKFAIPNGRKV,404,863.0
48,HLA-A23:01,36689.46,ANZ78847,NGLGTYYVLDR,48,864.0
174,HLA-A23:01,36702.66,ANZ78847,YPHTICHPNLG,174,865.0
1007,HLA-A23:01,36706.01,ANZ78847,VLSQNQKLIAN,1007,866.0
411,HLA-A23:01,36720.48,ANZ78847,GRKVDLQLGNL,411,867.0
1117,HLA-A23:01,36724.61,ANZ78847,AMEKVNECVKS,1117,868.0
279,HLA-A23:01,36756.35,ANZ78847,RQYLLAFNQDG,279,869.0
1110,HLA-A23:01,36757.38,ANZ78847,VKFSAAQAMEK,1110,870.0
747,HLA-A23:01,36783.16,ANZ78847,DLTVGSGYCVD,747,871.0
304,HLA-A23:01,36783.79,ANZ78847,EIKCKTQSIAP,304,872.0
636,HLA-A23:01,36794.05,ANZ78847,GISGQGIFVEV,636,873.0
838,HLA-A23:01,36797.51,ANZ78847,QLVEYGSFCDN,838,874.0
360,HLA-A23:01,36799.18,ANZ78847,ERKTFSNCNFN,360,875.0
28,HLA-A23:01,36825.5,ANZ78847,SLNNIDTGPPS,28,876.0
236,HLA-A23:01,36828.4,ANZ78847,VTKFLFNVYLG,236,877.0
1000,HLA-A23:01,36830.17,ANZ78847,GLGVTMDVLSQ,1000,878.0
754,HLA-A23:01,36847.24,ANZ78847,YCVDYSKNRRS,754,879.0
856,HLA-A23:01,36855.91,ANZ78847,VNELLDTTQLQ,856,880.0
1320,HLA-A23:01,36862.19,ANZ78847,LVLLFFICCCT,1320,881.0
110,HLA-A23:01,36862.99,ANZ78847,VKNTKVFKDGV,110,882.0
889,HLA-A23:01,36870.95,ANZ78847,VDDINFSSVLG,889,883.0
565,HLA-A23:01,36899.92,ANZ78847,VKSDYCGGNPC,565,884.0
676,HLA-A23:01,36909.14,ANZ78847,TFMIRSCYSGR,676,885.0
798,HLA-A23:01,36909.71,ANZ78847,IQIPSDFTIGN,798,886.0
617,HLA-A23:01,36914.8,ANZ78847,LQKANTDIKLG,617,887.0
810,HLA-A23:01,36915.61,ANZ78847,EEFIQTSSPKV,810,888.0
1325,HLA-A23:01,36928.11,ANZ78847,FICCCTGCGTS,1325,889.0
528,HLA-A23:01,36961.34,ANZ78847,LTCHNLCNPDP,528,890.0
1284,HLA-A23:01,36975.65,ANZ78847,VLNQSYINLKD,1284,891.0
768,HLA-A23:01,36986.87,ANZ78847,ITTGYRFTNFE,768,892.0
925,HLA-A23:01,36990.18,ANZ78847,SDVGFVAAYNN,925,893.0
1112,HLA-A23:01,36994.92,ANZ78847,FSAAQAMEKVN,1112,894.0
1336,HLA-A23:01,37011.75,ANZ78847,CFKKCGGCCDD,1336,895.0
1126,HLA-A23:01,37026.28,ANZ78847,KSQSSRINFCG,1126,896.0
1095,HLA-A23:01,37032.81,ANZ78847,ALNAYVSQQLS,1095,897.0
1011,HLA-A23:01,37079.39,ANZ78847,NQKLIANAFNN,1011,898.0
1038,HLA-A23:01,37117.67,ANZ78847,VKIQAVVNANA,1038,899.0
939,HLA-A23:01,37127.79,ANZ78847,GAEIRDLICVQ,939,900.0
538,HLA-A23:01,37132.47,ANZ78847,PITFTGPYKCP,538,901.0
702,HLA-A23:01,37135.96,ANZ78847,FRNIKCNYVFN,702,902.0
1343,HLA-A23:01,37141.45,ANZ78847,CCDDYTGYQEL,1343,903.0
1191,HLA-A23:01,37149.16,ANZ78847,VNNTWMYTGSG,1191,904.0
329,HLA-A23:01,37153.71,ANZ78847,IADVYRRKPDL,329,905.0
1001,HLA-A23:01,37157.25,ANZ78847,LGVTMDVLSQN,1001,906.0
294,HLA-A23:01,37165.19,ANZ78847,AVDCMSDFMSE,294,907.0
197,HLA-A23:01,37167.75,ANZ78847,VVSCLYKRNFT,197,908.0
1257,HLA-A23:01,37190.36,ANZ78847,PDLALDYINVT,1257,909.0
1035,HLA-A23:01,37191.19,ANZ78847,SALVKIQAVVN,1035,910.0
965,HLA-A23:01,37198.39,ANZ78847,QISGYTLAATS,965,911.0
363,HLA-A23:01,37220.91,ANZ78847,TFSNCNFNMSS,363,912.0
330,HLA-A23:01,37253.14,ANZ78847,ADVYRRKPDLP,330,913.0
1265,HLA-A23:01,37259.56,ANZ78847,NVTFLDLQVEM,1265,914.0
1188,HLA-A23:01,37270.7,ANZ78847,FVNVNNTWMYT,1188,915.0
1037,HLA-A23:01,37274.76,ANZ78847,LVKIQAVVNAN,1037,916.0
1002,HLA-A23:01,37280.07,ANZ78847,GVTMDVLSQNQ,1002,917.0
896,HLA-A23:01,37283.36,ANZ78847,SVLGCLGSECS,896,918.0
260,HLA-A23:01,37305.87,ANZ78847,ISRRNIGFTLE,260,919.0
640,HLA-A23:01,37321.72,ANZ78847,QGIFVEVNATY,640,920.0
326,HLA-A23:01,37335.68,ANZ78847,VQPIADVYRRK,326,921.0
897,HLA-A23:01,37377.59,ANZ78847,VLGCLGSECSK,897,922.0
1236,HLA-A23:01,37399.27,ANZ78847,PNLPDFREELD,1236,923.0
401,HLA-A23:01,37402.99,ANZ78847,ITIDKFAIPNG,401,924.0
492,HLA-A23:01,37415.27,ANZ78847,KAPKNFCPCKS,492,925.0
964,HLA-A23:01,37444.09,ANZ78847,NQISGYTLAAT,964,926.0
87,HLA-A23:01,37456.36,ANZ78847,DKLSTLWFKPP,87,927.0
443,HLA-A23:01,37491.47,ANZ78847,NLPAANVSVSR,443,928.0
516,HLA-A23:01,37535.11,ANZ78847,NGIGTCPAGTN,516,929.0
814,HLA-A23:01,37553.51,ANZ78847,QTSSPKVTIDC,814,930.0
954,HLA-A23:01,37559.84,ANZ78847,IKVLPPLLSEN,954,931.0
630,HLA-A23:01,37566.74,ANZ78847,VNYDLYGISGQ,630,932.0
672,HLA-A23:01,37572.41,ANZ78847,LTNRTFMIRSC,672,933.0
707,HLA-A23:01,37584.87,ANZ78847,CNYVFNNSLTR,707,934.0
129,HLA-A23:01,37590.93,ANZ78847,TIGSTFVNTSY,129,935.0
14,HLA-A23:01,37598.66,ANZ78847,VIGDLKCPLDS,14,936.0
1210,HLA-A23:01,37614.31,ANZ78847,ENNVVVMSTCA,1210,937.0
1242,HLA-A23:01,37632.14,ANZ78847,REELDQWFKNQ,1242,938.0
1287,HLA-A23:01,37684.3,ANZ78847,QSYINLKDIGT,1287,939.0
781,HLA-A23:01,37713.3,ANZ78847,TVNSVNDSLEP,781,940.0
778,HLA-A23:01,37732.39,ANZ78847,EPFTVNSVNDS,778,941.0
1270,HLA-A23:01,37734.75,ANZ78847,DLQVEMNRLQE,1270,942.0
310,HLA-A23:01,37755.87,ANZ78847,QSIAPPTGVYE,310,943.0
98,HLA-A23:01,37799.89,ANZ78847,FLSDFINGIFA,98,944.0
894,HLA-A23:01,37839.16,ANZ78847,FSSVLGCLGSE,894,945.0
609,HLA-A23:01,37850.78,ANZ78847,SGLTCSTDLQK,609,946.0
730,HLA-A23:01,37863.65,ANZ78847,GCVVNAYNSTA,730,947.0
860,HLA-A23:01,37879.78,ANZ78847,LDTTQLQVANS,860,948.0
1049,HLA-A23:01,37884.54,ANZ78847,EALNNLLQQLS,1049,949.0
854,HLA-A23:01,37887.45,ANZ78847,TEVNELLDTTQ,854,950.0
1326,HLA-A23:01,37892.54,ANZ78847,ICCCTGCGTSC,1326,951.0
1096,HLA-A23:01,37895.43,ANZ78847,LNAYVSQQLSD,1096,952.0
646,HLA-A23:01,37901.11,ANZ78847,VNATYYNSWQN,646,953.0
159,HLA-A23:01,37908.44,ANZ78847,QGLLEVSVCQY,159,954.0
1350,HLA-A23:01,37910.52,ANZ78847,YQELVIKTSHD,1350,955.0
320,HLA-A23:01,37927.96,ANZ78847,ELNGYTVQPIA,320,956.0
1039,HLA-A23:01,37952.88,ANZ78847,KIQAVVNANAE,1039,957.0
107,HLA-A23:01,37954.65,ANZ78847,FAKVKNTKVFK,107,958.0
1137,HLA-A23:01,37955.25,ANZ78847,NGNHIISLVQN,1137,959.0
641,HLA-A23:01,37960.55,ANZ78847,GIFVEVNATYY,641,960.0
1109,HLA-A23:01,37967.34,ANZ78847,LVKFSAAQAME,1109,961.0
993,HLA-A23:01,37979.54,ANZ78847,NVQYRINGLGV,993,962.0
865,HLA-A23:01,37986.74,ANZ78847,LQVANSLMNGV,865,963.0
858,HLA-A23:01,37989.07,ANZ78847,ELLDTTQLQVA,858,964.0
1235,HLA-A23:01,38001.03,ANZ78847,IPNLPDFREEL,1235,965.0
809,HLA-A23:01,38010.24,ANZ78847,MEEFIQTSSPK,809,966.0
848,HLA-A23:01,38029.68,ANZ78847,NINAILTEVNE,848,967.0
145,HLA-A23:01,38034.6,ANZ78847,PRTINSTQDGV,145,968.0
1003,HLA-A23:01,38040.42,ANZ78847,VTMDVLSQNQK,1003,969.0
618,HLA-A23:01,38044.33,ANZ78847,QKANTDIKLGV,618,970.0
976,HLA-A23:01,38072.85,ANZ78847,ASLFPPWTAAA,976,971.0
606,HLA-A23:01,38110.69,ANZ78847,DVNSGLTCSTD,606,972.0
370,HLA-A23:01,38117.64,ANZ78847,NMSSLMSFIQA,370,973.0
211,HLA-A23:01,38159.88,ANZ78847,NATYLYFHFYQ,211,974.0
769,HLA-A23:01,38173.86,ANZ78847,TTGYRFTNFEP,769,975.0
745,HLA-A23:01,38189.59,ANZ78847,TCDLTVGSGYC,745,976.0
608,HLA-A23:01,38201.2,ANZ78847,NSGLTCSTDLQ,608,977.0
851,HLA-A23:01,38222.7,ANZ78847,AILTEVNELLD,851,978.0
343,HLA-A23:01,38237.17,ANZ78847,NIEAWLNDKSV,343,979.0
154,HLA-A23:01,38239.49,ANZ78847,GVNKLQGLLEV,154,980.0
1070,HLA-A23:01,38267.23,ANZ78847,QEILSRLDALE,1070,981.0
1129,HLA-A23:01,38272.94,ANZ78847,SSRINFCGNGN,1129,982.0
596,HLA-A23:01,38279.37,ANZ78847,CNIFANLILHD,596,983.0
480,HLA-A23:01,38288.72,ANZ78847,TNHDVVYAQHC,480,984.0
341,HLA-A23:01,38301.84,ANZ78847,NCNIEAWLNDK,341,985.0
522,HLA-A23:01,38308.78,ANZ78847,PAGTNYLTCHN,522,986.0
1136,HLA-A23:01,38308.87,ANZ78847,GNGNHIISLVQ,1136,987.0
577,HLA-A23:01,38311.05,ANZ78847,CQPQAFLGWSA,577,988.0
381,HLA-A23:01,38313.26,ANZ78847,DSFTCNNIDAA,381,989.0
1072,HLA-A23:01,38318.7,ANZ78847,ILSRLDALEAE,1072,990.0
607,HLA-A23:01,38345.34,ANZ78847,VNSGLTCSTDL,607,991.0
1233,HLA-A23:01,38352.13,ANZ78847,TSIPNLPDFRE,1233,992.0
502,HLA-A23:01,38368.92,ANZ78847,SNSSLCVGSGP,502,993.0
1264,HLA-A23:01,38375.84,ANZ78847,INVTFLDLQVE,1264,994.0
626,HLA-A23:01,38385.98,ANZ78847,LGVCVNYDLYG,626,995.0
1286,HLA-A23:01,38389.55,ANZ78847,NQSYINLKDIG,1286,996.0
570,HLA-A23:01,38391.09,ANZ78847,CGGNPCTCQPQ,570,997.0
552,HLA-A23:01,38411.87,ANZ78847,SLVGIGEHCSG,552,998.0
9,HLA-A23:01,38418.93,ANZ78847,PTAFAVIGDLK,9,999.0
13,HLA-A23:01,38427.4,ANZ78847,AVIGDLKCPLD,13,1000.0
1199,HLA-A23:01,38429.93,ANZ78847,GSGYYYPEPIT,1199,1001.0
146,HLA-A23:01,38447.71,ANZ78847,RTINSTQDGVN,146,1002.0
454,HLA-A23:01,38450.65,ANZ78847,FNPSTWNKRFG,454,1003.0
752,HLA-A23:01,38459.59,ANZ78847,SGYCVDYSKNR,752,1004.0
153,HLA-A23:01,38462.57,ANZ78847,DGVNKLQGLLE,153,1005.0
325,HLA-A23:01,38468.42,ANZ78847,TVQPIADVYRR,325,1006.0
1053,HLA-A23:01,38476.62,ANZ78847,NLLQQLSNRFG,1053,1007.0
436,HLA-A23:01,38487.91,ANZ78847,TSCQLYYNLPA,436,1008.0
908,HLA-A23:01,38520.81,ANZ78847,ASSRSAIEDLL,908,1009.0
622,HLA-A23:01,38522.75,ANZ78847,TDIKLGVCVNY,622,1010.0
283,HLA-A23:01,38544.74,ANZ78847,LAFNQDGIIFN,283,1011.0
725,HLA-A23:01,38554.12,ANZ78847,FDSYLGCVVNA,725,1012.0
787,HLA-A23:01,38582.53,ANZ78847,DSLEPVGGLYE,787,1013.0
834,HLA-A23:01,38598.35,ANZ78847,ACKSQLVEYGS,834,1014.0
699,HLA-A23:01,38606.08,ANZ78847,ALLFRNIKCNY,699,1015.0
532,HLA-A23:01,38612.57,ANZ78847,NLCNPDPITFT,532,1016.0
1193,HLA-A23:01,38615.16,ANZ78847,NTWMYTGSGYY,1193,1017.0
924,HLA-A23:01,38632.24,ANZ78847,LSDVGFVAAYN,924,1018.0
931,HLA-A23:01,38653.72,ANZ78847,AAYNNCTGGAE,931,1019.0
935,HLA-A23:01,38682.7,ANZ78847,NCTGGAEIRDL,935,1020.0
185,HLA-A23:01,38701.07,ANZ78847,NHFKELWHMDT,185,1021.0
940,HLA-A23:01,38732.89,ANZ78847,AEIRDLICVQS,940,1022.0
506,HLA-A23:01,38759.58,ANZ78847,LCVGSGPGKNN,506,1023.0
1021,HLA-A23:01,38762.94,ANZ78847,NALDAIQEGFD,1021,1024.0
547,HLA-A23:01,38794.64,ANZ78847,CPQSKSLVGIG,547,1025.0
431,HLA-A23:01,38798.91,ANZ78847,IDTTATSCQLY,431,1026.0
660,HLA-A23:01,38837.62,ANZ78847,DSNGNLYGFRD,660,1027.0
308,HLA-A23:01,38846.28,ANZ78847,KTQSIAPPTGV,308,1028.0
1097,HLA-A23:01,38847.84,ANZ78847,NAYVSQQLSDS,1097,1029.0
583,HLA-A23:01,38859.96,ANZ78847,LGWSADSCLQG,583,1030.0
60,HLA-A23:01,38863.05,ANZ78847,YLNTTLFLNGY,60,1031.0
556,HLA-A23:01,38868.26,ANZ78847,IGEHCSGLAVK,556,1032.0
223,HLA-A23:01,38872.87,ANZ78847,GGTFYAYFTDT,223,1033.0
826,HLA-A23:01,38874.18,ANZ78847,AFVCGDYAACK,826,1034.0
923,HLA-A23:01,38880.58,ANZ78847,KLSDVGFVAAY,923,1035.0
623,HLA-A23:01,38880.65,ANZ78847,DIKLGVCVNYD,623,1036.0
805,HLA-A23:01,38885.36,ANZ78847,TIGNMEEFIQT,805,1037.0
694,HLA-A23:01,38885.38,ANZ78847,NSSEPALLFRN,694,1038.0
741,HLA-A23:01,38891.52,ANZ78847,ISVQTCDLTVG,741,1039.0
166,HLA-A23:01,38915.84,ANZ78847,VCQYNMCEYPH,166,1040.0
384,HLA-A23:01,38932.11,ANZ78847,TCNNIDAAKIY,384,1041.0
1208,HLA-A23:01,38934.49,ANZ78847,ITENNVVVMST,1208,1042.0
751,HLA-A23:01,38942.75,ANZ78847,GSGYCVDYSKN,751,1043.0
78,HLA-A23:01,38944.9,ANZ78847,YRNMALKGTDK,78,1044.0
611,HLA-A23:01,38955.58,ANZ78847,LTCSTDLQKAN,611,1045.0
476,HLA-A23:01,38964.28,ANZ78847,AGVLTNHDVVY,476,1046.0
1106,HLA-A23:01,38970.2,ANZ78847,DSTLVKFSAAQ,1106,1047.0
1342,HLA-A23:01,38971.31,ANZ78847,GCCDDYTGYQE,1342,1048.0
1012,HLA-A23:01,38982.9,ANZ78847,QKLIANAFNNA,1012,1049.0
179,HLA-A23:01,38996.77,ANZ78847,CHPNLGNHFKE,179,1050.0
568,HLA-A23:01,38998.67,ANZ78847,DYCGGNPCTCQ,568,1051.0
1120,HLA-A23:01,39015.45,ANZ78847,KVNECVKSQSS,1120,1052.0
1166,HLA-A23:01,39018.25,ANZ78847,TAKVSPGLCIA,1166,1053.0
374,HLA-A23:01,39020.09,ANZ78847,LMSFIQADSFT,374,1054.0
175,HLA-A23:01,39024.48,ANZ78847,PHTICHPNLGN,175,1055.0
1347,HLA-A23:01,39027.65,ANZ78847,YTGYQELVIKT,1347,1056.0
1184,HLA-A23:01,39043.41,ANZ78847,KSGYFVNVNNT,1184,1057.0
997,HLA-A23:01,39044.97,ANZ78847,RINGLGVTMDV,997,1058.0
1119,HLA-A23:01,39059.56,ANZ78847,EKVNECVKSQS,1119,1059.0
468,HLA-A23:01,39087.62,ANZ78847,DSVFKPQPAGV,468,1060.0
509,HLA-A23:01,39092.29,ANZ78847,GSGPGKNNGIG,509,1061.0
755,HLA-A23:01,39095.84,ANZ78847,CVDYSKNRRSR,755,1062.0
853,HLA-A23:01,39097.5,ANZ78847,LTEVNELLDTT,853,1063.0
44,HLA-A23:01,39099.06,ANZ78847,VDVTNGLGTYY,44,1064.0
403,HLA-A23:01,39103.82,ANZ78847,IDKFAIPNGRK,403,1065.0
953,HLA-A23:01,39112.47,ANZ78847,GIKVLPPLLSE,953,1066.0
1093,HLA-A23:01,39119.94,ANZ78847,LTALNAYVSQQ,1093,1067.0
533,HLA-A23:01,39127.13,ANZ78847,LCNPDPITFTG,533,1068.0
18,HLA-A23:01,39130.13,ANZ78847,LKCPLDSRTGS,18,1069.0
1085,HLA-A23:01,39148.62,ANZ78847,IDRLINGRLTA,1085,1070.0
1008,HLA-A23:01,39155.38,ANZ78847,LSQNQKLIANA,1008,1071.0
793,HLA-A23:01,39163.55,ANZ78847,GGLYEIQIPSD,793,1072.0
15,HLA-A23:01,39169.77,ANZ78847,IGDLKCPLDSR,15,1073.0
913,HLA-A23:01,39171.58,ANZ78847,AIEDLLFDKVK,913,1074.0
1237,HLA-A23:01,39208.42,ANZ78847,NLPDFREELDQ,1237,1075.0
922,HLA-A23:01,39220.85,ANZ78847,VKLSDVGFVAA,922,1076.0
141,HLA-A23:01,39225.15,ANZ78847,VVVQPRTINST,141,1077.0
861,HLA-A23:01,39243.69,ANZ78847,DTTQLQVANSL,861,1078.0
351,HLA-A23:01,39246.7,ANZ78847,KSVPSPLNWER,351,1079.0
499,HLA-A23:01,39249.51,ANZ78847,PCKSNSSLCVG,499,1080.0
108,HLA-A23:01,39287.04,ANZ78847,AKVKNTKVFKD,108,1081.0
963,HLA-A23:01,39290.16,ANZ78847,ENQISGYTLAA,963,1082.0
274,HLA-A23:01,39298.33,ANZ78847,TPLTSRQYLLA,274,1083.0
1024,HLA-A23:01,39302.43,ANZ78847,DAIQEGFDATN,1024,1084.0
309,HLA-A23:01,39314.16,ANZ78847,TQSIAPPTGVY,309,1085.0
437,HLA-A23:01,39350.1,ANZ78847,SCQLYYNLPAA,437,1086.0
693,HLA-A23:01,39367.32,ANZ78847,ANSSEPALLFR,693,1087.0
286,HLA-A23:01,39404.54,ANZ78847,NQDGIIFNAVD,286,1088.0
303,HLA-A23:01,39433.25,ANZ78847,SEIKCKTQSIA,303,1089.0
679,HLA-A23:01,39446.43,ANZ78847,IRSCYSGRVSA,679,1090.0
27,HLA-A23:01,39451.92,ANZ78847,GSLNNIDTGPP,27,1091.0
407,HLA-A23:01,39465.24,ANZ78847,AIPNGRKVDLQ,407,1092.0
734,HLA-A23:01,39469.2,ANZ78847,NAYNSTAISVQ,734,1093.0
971,HLA-A23:01,39472.41,ANZ78847,LAATSASLFPP,971,1094.0
584,HLA-A23:01,39478.48,ANZ78847,GWSADSCLQGD,584,1095.0
876,HLA-A23:01,39499.55,ANZ78847,TLSTKLKDGVN,876,1096.0
698,HLA-A23:01,39503.21,ANZ78847,PALLFRNIKCN,698,1097.0
543,HLA-A23:01,39512.15,ANZ78847,GPYKCPQSKSL,543,1098.0
530,HLA-A23:01,39514.09,ANZ78847,CHNLCNPDPIT,530,1099.0
143,HLA-A23:01,39546.34,ANZ78847,VQPRTINSTQD,143,1100.0
117,HLA-A23:01,39546.95,ANZ78847,KDGVMYSEFPA,117,1101.0
43,HLA-A23:01,39560.39,ANZ78847,TVDVTNGLGTY,43,1102.0
992,HLA-A23:01,39589.82,ANZ78847,LNVQYRINGLG,992,1103.0
866,HLA-A23:01,39662.85,ANZ78847,QVANSLMNGVT,866,1104.0
419,HLA-A23:01,39671.91,ANZ78847,GNLGYLQSFNY,419,1105.0
729,HLA-A23:01,39672.97,ANZ78847,LGCVVNAYNST,729,1106.0
483,HLA-A23:01,39694.16,ANZ78847,DVVYAQHCFKA,483,1107.0
519,HLA-A23:01,39694.37,ANZ78847,GTCPAGTNYLT,519,1108.0
639,HLA-A23:01,39708.75,ANZ78847,GQGIFVEVNAT,639,1109.0
299,HLA-A23:01,39713.21,ANZ78847,SDFMSEIKCKT,299,1110.0
561,HLA-A23:01,39728.67,ANZ78847,SGLAVKSDYCG,561,1111.0
942,HLA-A23:01,39750.14,ANZ78847,IRDLICVQSYK,942,1112.0
748,HLA-A23:01,39782.13,ANZ78847,LTVGSGYCVDY,748,1113.0
1164,HLA-A23:01,39791.92,ANZ78847,YVTAKVSPGLC,1164,1114.0
801,HLA-A23:01,39818.84,ANZ78847,PSDFTIGNMEE,801,1115.0
590,HLA-A23:01,39828.03,ANZ78847,CLQGDKCNIFA,590,1116.0
878,HLA-A23:01,39838.54,ANZ78847,STKLKDGVNFN,878,1117.0
26,HLA-A23:01,39843.53,ANZ78847,TGSLNNIDTGP,26,1118.0
1289,HLA-A23:01,39856.78,ANZ78847,YINLKDIGTYE,1289,1119.0
1218,HLA-A23:01,39858.15,ANZ78847,TCAVNYTKAPY,1218,1120.0
63,HLA-A23:01,39883.45,ANZ78847,TTLFLNGYYPT,63,1121.0
137,HLA-A23:01,39883.95,ANZ78847,TSYSVVVQPRT,137,1122.0
149,HLA-A23:01,39887.23,ANZ78847,NSTQDGVNKLQ,149,1123.0
491,HLA-A23:01,39894.75,ANZ78847,FKAPKNFCPCK,491,1124.0
534,HLA-A23:01,39904.68,ANZ78847,CNPDPITFTGP,534,1125.0
901,HLA-A23:01,39928.09,ANZ78847,LGSECSKASSR,901,1126.0
1279,HLA-A23:01,39951.4,ANZ78847,QEAIKVLNQSY,1279,1127.0
32,HLA-A23:01,39951.87,ANZ78847,IDTGPPSISTA,32,1128.0
902,HLA-A23:01,39959.85,ANZ78847,GSECSKASSRS,902,1129.0
619,HLA-A23:01,39966.99,ANZ78847,KANTDIKLGVC,619,1130.0
433,HLA-A23:01,39973.14,ANZ78847,TTATSCQLYYN,433,1131.0
975,HLA-A23:01,40010.13,ANZ78847,SASLFPPWTAA,975,1132.0
824,HLA-A23:01,40011.8,ANZ78847,CAAFVCGDYAA,824,1133.0
557,HLA-A23:01,40023.88,ANZ78847,GEHCSGLAVKS,557,1134.0
493,HLA-A23:01,40036.67,ANZ78847,APKNFCPCKSN,493,1135.0
1172,HLA-A23:01,40040.67,ANZ78847,GLCIAGDRGIA,1172,1136.0
1174,HLA-A23:01,40047.49,ANZ78847,CIAGDRGIAPK,1174,1137.0
962,HLA-A23:01,40050.47,ANZ78847,SENQISGYTLA,962,1138.0
400,HLA-A23:01,40054.53,ANZ78847,SITIDKFAIPN,400,1139.0
673,HLA-A23:01,40059.88,ANZ78847,TNRTFMIRSCY,673,1140.0
1337,HLA-A23:01,40072.83,ANZ78847,FKKCGGCCDDY,1337,1141.0
1040,HLA-A23:01,40138.87,ANZ78847,IQAVVNANAEA,1040,1142.0
178,HLA-A23:01,40139.2,ANZ78847,ICHPNLGNHFK,178,1143.0
756,HLA-A23:01,40145.87,ANZ78847,VDYSKNRRSRR,756,1144.0
1243,HLA-A23:01,40172.43,ANZ78847,EELDQWFKNQT,1243,1145.0
1162,HLA-A23:01,40178.64,ANZ78847,TKYVTAKVSPG,1162,1146.0
1331,HLA-A23:01,40196.71,ANZ78847,GCGTSCFKKCG,1331,1147.0
194,HLA-A23:01,40201.36,ANZ78847,DTGVVSCLYKR,194,1148.0
1138,HLA-A23:01,40204.85,ANZ78847,GNHIISLVQNA,1138,1149.0
621,HLA-A23:01,40214.22,ANZ78847,NTDIKLGVCVN,621,1150.0
448,HLA-A23:01,40234.98,ANZ78847,NVSVSRFNPST,448,1151.0
864,HLA-A23:01,40236.0,ANZ78847,QLQVANSLMNG,864,1152.0
591,HLA-A23:01,40240.4,ANZ78847,LQGDKCNIFAN,591,1153.0
1140,HLA-A23:01,40254.96,ANZ78847,HIISLVQNAPY,1140,1154.0
40,HLA-A23:01,40266.06,ANZ78847,STATVDVTNGL,40,1155.0
783,HLA-A23:01,40269.66,ANZ78847,NSVNDSLEPVG,783,1156.0
136,HLA-A23:01,40273.34,ANZ78847,NTSYSVVVQPR,136,1157.0
684,HLA-A23:01,40320.66,ANZ78847,SGRVSAAFHAN,684,1158.0
966,HLA-A23:01,40322.66,ANZ78847,ISGYTLAATSA,966,1159.0
739,HLA-A23:01,40360.47,ANZ78847,TAISVQTCDLT,739,1160.0
743,HLA-A23:01,40385.37,ANZ78847,VQTCDLTVGSG,743,1161.0
37,HLA-A23:01,40389.29,ANZ78847,PSISTATVDVT,37,1162.0
95,HLA-A23:01,40430.1,ANZ78847,KPPFLSDFING,95,1163.0
943,HLA-A23:01,40431.16,ANZ78847,RDLICVQSYKG,943,1164.0
554,HLA-A23:01,40444.07,ANZ78847,VGIGEHCSGLA,554,1165.0
907,HLA-A23:01,40468.98,ANZ78847,KASSRSAIEDL,907,1166.0
1025,HLA-A23:01,40471.05,ANZ78847,AIQEGFDATNS,1025,1167.0
873,HLA-A23:01,40480.26,ANZ78847,NGVTLSTKLKD,873,1168.0
1232,HLA-A23:01,40484.65,ANZ78847,NTSIPNLPDFR,1232,1169.0
571,HLA-A23:01,40491.56,ANZ78847,GGNPCTCQPQA,571,1170.0
1290,HLA-A23:01,40500.35,ANZ78847,INLKDIGTYEY,1290,1171.0
61,HLA-A23:01,40533.58,ANZ78847,LNTTLFLNGYY,61,1172.0
958,HLA-A23:01,40599.23,ANZ78847,PPLLSENQISG,958,1173.0
706,HLA-A23:01,40602.69,ANZ78847,KCNYVFNNSLT,706,1174.0
683,HLA-A23:01,40624.62,ANZ78847,YSGRVSAAFHA,683,1175.0
324,HLA-A23:01,40624.85,ANZ78847,YTVQPIADVYR,324,1176.0
1271,HLA-A23:01,40648.52,ANZ78847,LQVEMNRLQEA,1271,1177.0
605,HLA-A23:01,40673.52,ANZ78847,HDVNSGLTCST,605,1178.0
786,HLA-A23:01,40673.84,ANZ78847,NDSLEPVGGLY,786,1179.0
828,HLA-A23:01,40674.83,ANZ78847,VCGDYAACKSQ,828,1180.0
1107,HLA-A23:01,40689.41,ANZ78847,STLVKFSAAQA,1107,1181.0
760,HLA-A23:01,40704.89,ANZ78847,KNRRSRRAITT,760,1182.0
654,HLA-A23:01,40727.79,ANZ78847,WQNLLYDSNGN,654,1183.0
586,HLA-A23:01,40735.86,ANZ78847,SADSCLQGDKC,586,1184.0
1252,HLA-A23:01,40770.5,ANZ78847,QTSVAPDLALD,1252,1185.0
500,HLA-A23:01,40803.44,ANZ78847,CKSNSSLCVGS,500,1186.0
321,HLA-A23:01,40850.59,ANZ78847,LNGYTVQPIAD,321,1187.0
852,HLA-A23:01,40872.26,ANZ78847,ILTEVNELLDT,852,1188.0
1291,HLA-A23:01,40889.49,ANZ78847,NLKDIGTYEYY,1291,1189.0
737,HLA-A23:01,40909.38,ANZ78847,NSTAISVQTCD,737,1190.0
602,HLA-A23:01,40925.5,ANZ78847,LILHDVNSGLT,602,1191.0
261,HLA-A23:01,40955.69,ANZ78847,SRRNIGFTLEY,261,1192.0
1121,HLA-A23:01,40969.09,ANZ78847,VNECVKSQSSR,1121,1193.0
1127,HLA-A23:01,40971.21,ANZ78847,SQSSRINFCGN,1127,1194.0
328,HLA-A23:01,40979.62,ANZ78847,PIADVYRRKPD,328,1195.0
1074,HLA-A23:01,40995.7,ANZ78847,SRLDALEAEAQ,1074,1196.0
1250,HLA-A23:01,40999.6,ANZ78847,KNQTSVAPDLA,1250,1197.0
505,HLA-A23:01,41010.28,ANZ78847,SLCVGSGPGKN,505,1198.0
1128,HLA-A23:01,41023.27,ANZ78847,QSSRINFCGNG,1128,1199.0
595,HLA-A23:01,41034.21,ANZ78847,KCNIFANLILH,595,1200.0
1088,HLA-A23:01,41043.11,ANZ78847,LINGRLTALNA,1088,1201.0
1036,HLA-A23:01,41072.27,ANZ78847,ALVKIQAVVNA,1036,1202.0
585,HLA-A23:01,41082.22,ANZ78847,WSADSCLQGDK,585,1203.0
127,HLA-A23:01,41087.51,ANZ78847,AITIGSTFVNT,127,1204.0
307,HLA-A23:01,41096.3,ANZ78847,CKTQSIAPPTG,307,1205.0
742,HLA-A23:01,41117.3,ANZ78847,SVQTCDLTVGS,742,1206.0
241,HLA-A23:01,41132.75,ANZ78847,FNVYLGMALSH,241,1207.0
74,HLA-A23:01,41137.81,ANZ78847,SGSTYRNMALK,74,1208.0
1015,HLA-A23:01,41158.39,ANZ78847,IANAFNNALDA,1015,1209.0
1105,HLA-A23:01,41166.28,ANZ78847,SDSTLVKFSAA,1105,1210.0
385,HLA-A23:01,41174.63,ANZ78847,CNNIDAAKIYG,385,1211.0
104,HLA-A23:01,41188.49,ANZ78847,NGIFAKVKNTK,104,1212.0
410,HLA-A23:01,41189.31,ANZ78847,NGRKVDLQLGN,410,1213.0
19,HLA-A23:01,41224.48,ANZ78847,KCPLDSRTGSL,19,1214.0
541,HLA-A23:01,41238.22,ANZ78847,FTGPYKCPQSK,541,1215.0
24,HLA-A23:01,41242.41,ANZ78847,SRTGSLNNIDT,24,1216.0
1026,HLA-A23:01,41245.45,ANZ78847,IQEGFDATNSA,1026,1217.0
31,HLA-A23:01,41284.7,ANZ78847,NIDTGPPSIST,31,1218.0
17,HLA-A23:01,41288.07,ANZ78847,DLKCPLDSRTG,17,1219.0
821,HLA-A23:01,41294.51,ANZ78847,TIDCAAFVCGD,821,1220.0
353,HLA-A23:01,41301.72,ANZ78847,VPSPLNWERKT,353,1221.0
941,HLA-A23:01,41338.06,ANZ78847,EIRDLICVQSY,941,1222.0
761,HLA-A23:01,41346.2,ANZ78847,NRRSRRAITTG,761,1223.0
832,HLA-A23:01,41352.45,ANZ78847,YAACKSQLVEY,832,1224.0
1341,HLA-A23:01,41372.09,ANZ78847,GGCCDDYTGYQ,1341,1225.0
1130,HLA-A23:01,41409.32,ANZ78847,SRINFCGNGNH,1130,1226.0
959,HLA-A23:01,41439.32,ANZ78847,PLLSENQISGY,959,1227.0
36,HLA-A23:01,41440.3,ANZ78847,PPSISTATVDV,36,1228.0
613,HLA-A23:01,41489.57,ANZ78847,CSTDLQKANTD,613,1229.0
521,HLA-A23:01,41512.33,ANZ78847,CPAGTNYLTCH,521,1230.0
785,HLA-A23:01,41527.91,ANZ78847,VNDSLEPVGGL,785,1231.0
507,HLA-A23:01,41533.59,ANZ78847,CVGSGPGKNNG,507,1232.0
482,HLA-A23:01,41549.67,ANZ78847,HDVVYAQHCFK,482,1233.0
313,HLA-A23:01,41555.03,ANZ78847,APPTGVYELNG,313,1234.0
1234,HLA-A23:01,41563.17,ANZ78847,SIPNLPDFREE,1234,1235.0
432,HLA-A23:01,41566.62,ANZ78847,DTTATSCQLYY,432,1236.0
35,HLA-A23:01,41567.95,ANZ78847,GPPSISTATVD,35,1237.0
987,HLA-A23:01,41569.51,ANZ78847,GVPFYLNVQYR,987,1238.0
1333,HLA-A23:01,41597.64,ANZ78847,GTSCFKKCGGC,1333,1239.0
542,HLA-A23:01,41598.02,ANZ78847,TGPYKCPQSKS,542,1240.0
1032,HLA-A23:01,41604.16,ANZ78847,ATNSALVKIQA,1032,1241.0
467,HLA-A23:01,41604.86,ANZ78847,EDSVFKPQPAG,467,1242.0
661,HLA-A23:01,41677.04,ANZ78847,SNGNLYGFRDY,661,1243.0
474,HLA-A23:01,41705.73,ANZ78847,QPAGVLTNHDV,474,1244.0
466,HLA-A23:01,41717.44,ANZ78847,IEDSVFKPQPA,466,1245.0
504,HLA-A23:01,41727.12,ANZ78847,SSLCVGSGPGK,504,1246.0
380,HLA-A23:01,41730.82,ANZ78847,ADSFTCNNIDA,380,1247.0
1081,HLA-A23:01,41734.79,ANZ78847,AEAQIDRLING,1081,1248.0
420,HLA-A23:01,41742.01,ANZ78847,NLGYLQSFNYR,420,1249.0
109,HLA-A23:01,41742.94,ANZ78847,KVKNTKVFKDG,109,1250.0
823,HLA-A23:01,41759.2,ANZ78847,DCAAFVCGDYA,823,1251.0
548,HLA-A23:01,41760.95,ANZ78847,PQSKSLVGIGE,548,1252.0
150,HLA-A23:01,41781.1,ANZ78847,STQDGVNKLQG,150,1253.0
1077,HLA-A23:01,41806.63,ANZ78847,DALEAEAQIDR,1077,1254.0
881,HLA-A23:01,41829.3,ANZ78847,LKDGVNFNVDD,881,1255.0
1167,HLA-A23:01,41850.86,ANZ78847,AKVSPGLCIAG,1167,1256.0
558,HLA-A23:01,41858.74,ANZ78847,EHCSGLAVKSD,558,1257.0
906,HLA-A23:01,41867.17,ANZ78847,SKASSRSAIED,906,1258.0
714,HLA-A23:01,41903.71,ANZ78847,SLTRQLQPINY,714,1259.0
680,HLA-A23:01,41934.64,ANZ78847,RSCYSGRVSAA,680,1260.0
1089,HLA-A23:01,41937.5,ANZ78847,INGRLTALNAY,1089,1261.0
1253,HLA-A23:01,41954.42,ANZ78847,TSVAPDLALDY,1253,1262.0
1054,HLA-A23:01,41956.04,ANZ78847,LLQQLSNRFGA,1054,1263.0
1351,HLA-A23:01,41963.97,ANZ78847,QELVIKTSHDD,1351,1264.0
203,HLA-A23:01,41964.7,ANZ78847,KRNFTYDVNAT,203,1265.0
973,HLA-A23:01,41998.6,ANZ78847,ATSASLFPPWT,973,1266.0
1338,HLA-A23:01,41998.78,ANZ78847,KKCGGCCDDYT,1338,1267.0
39,HLA-A23:01,42008.56,ANZ78847,ISTATVDVTNG,39,1268.0
815,HLA-A23:01,42011.2,ANZ78847,TSSPKVTIDCA,815,1269.0
41,HLA-A23:01,42017.67,ANZ78847,TATVDVTNGLG,41,1270.0
1169,HLA-A23:01,42025.39,ANZ78847,VSPGLCIAGDR,1169,1271.0
762,HLA-A23:01,42052.38,ANZ78847,RRSRRAITTGY,762,1272.0
409,HLA-A23:01,42055.08,ANZ78847,PNGRKVDLQLG,409,1273.0
314,HLA-A23:01,42065.73,ANZ78847,PPTGVYELNGY,314,1274.0
258,HLA-A23:01,42082.68,ANZ78847,TCISRRNIGFT,258,1275.0
517,HLA-A23:01,42094.77,ANZ78847,GIGTCPAGTNY,517,1276.0
112,HLA-A23:01,42112.46,ANZ78847,NTKVFKDGVMY,112,1277.0
7,HLA-A23:01,42153.88,ANZ78847,SLPTAFAVIGD,7,1278.0
563,HLA-A23:01,42172.13,ANZ78847,LAVKSDYCGGN,563,1279.0
934,HLA-A23:01,42176.47,ANZ78847,NNCTGGAEIRD,934,1280.0
587,HLA-A23:01,42199.36,ANZ78847,ADSCLQGDKCN,587,1281.0
402,HLA-A23:01,42255.27,ANZ78847,TIDKFAIPNGR,402,1282.0
473,HLA-A23:01,42275.2,ANZ78847,PQPAGVLTNHD,473,1283.0
413,HLA-A23:01,42298.48,ANZ78847,KVDLQLGNLGY,413,1284.0
1339,HLA-A23:01,42335.81,ANZ78847,KCGGCCDDYTG,1339,1285.0
1068,HLA-A23:01,42368.02,ANZ78847,SLQEILSRLDA,1068,1286.0
759,HLA-A23:01,42373.58,ANZ78847,SKNRRSRRAIT,759,1287.0
610,HLA-A23:01,42383.48,ANZ78847,GLTCSTDLQKA,610,1288.0
1051,HLA-A23:01,42427.2,ANZ78847,LNNLLQQLSNR,1051,1289.0
25,HLA-A23:01,42454.79,ANZ78847,RTGSLNNIDTG,25,1290.0
1141,HLA-A23:01,42457.53,ANZ78847,IISLVQNAPYG,1141,1291.0
1340,HLA-A23:01,42488.86,ANZ78847,CGGCCDDYTGY,1340,1292.0
513,HLA-A23:01,42502.09,ANZ78847,GKNNGIGTCPA,513,1293.0
816,HLA-A23:01,42510.4,ANZ78847,SSPKVTIDCAA,816,1294.0
72,HLA-A23:01,42527.85,ANZ78847,PTSGSTYRNMA,72,1295.0
600,HLA-A23:01,42533.01,ANZ78847,ANLILHDVNSG,600,1296.0
1329,HLA-A23:01,42557.88,ANZ78847,CTGCGTSCFKK,1329,1297.0
479,HLA-A23:01,42573.32,ANZ78847,LTNHDVVYAQH,479,1298.0
1332,HLA-A23:01,42593.41,ANZ78847,CGTSCFKKCGG,1332,1299.0
103,HLA-A23:01,42604.42,ANZ78847,INGIFAKVKNT,103,1300.0
67,HLA-A23:01,42639.61,ANZ78847,LNGYYPTSGST,67,1301.0
412,HLA-A23:01,42644.07,ANZ78847,RKVDLQLGNLG,412,1302.0
757,HLA-A23:01,42706.81,ANZ78847,DYSKNRRSRRA,757,1303.0
315,HLA-A23:01,42724.16,ANZ78847,PTGVYELNGYT,315,1304.0
472,HLA-A23:01,42758.8,ANZ78847,KPQPAGVLTNH,472,1305.0
1023,HLA-A23:01,42787.41,ANZ78847,LDAIQEGFDAT,1023,1306.0
123,HLA-A23:01,42802.19,ANZ78847,SEFPAITIGST,123,1307.0
744,HLA-A23:01,42802.22,ANZ78847,QTCDLTVGSGY,744,1308.0
535,HLA-A23:01,42815.88,ANZ78847,NPDPITFTGPY,535,1309.0
574,HLA-A23:01,42819.56,ANZ78847,PCTCQPQAFLG,574,1310.0
336,HLA-A23:01,42840.88,ANZ78847,KPDLPNCNIEA,336,1311.0
1019,HLA-A23:01,42847.96,ANZ78847,FNNALDAIQEG,1019,1312.0
503,HLA-A23:01,42852.94,ANZ78847,NSSLCVGSGPG,503,1313.0
1177,HLA-A23:01,42911.8,ANZ78847,GDRGIAPKSGY,1177,1314.0
510,HLA-A23:01,42913.89,ANZ78847,SGPGKNNGIGT,510,1315.0
898,HLA-A23:01,42914.33,ANZ78847,LGCLGSECSKA,898,1316.0
784,HLA-A23:01,42916.74,ANZ78847,SVNDSLEPVGG,784,1317.0
306,HLA-A23:01,42977.01,ANZ78847,KCKTQSIAPPT,306,1318.0
559,HLA-A23:01,43038.27,ANZ78847,HCSGLAVKSDY,559,1319.0
1071,HLA-A23:01,43064.24,ANZ78847,EILSRLDALEA,1071,1320.0
33,HLA-A23:01,43073.42,ANZ78847,DTGPPSISTAT,33,1321.0
514,HLA-A23:01,43083.02,ANZ78847,KNNGIGTCPAG,514,1322.0
75,HLA-A23:01,43093.04,ANZ78847,GSTYRNMALKG,75,1323.0
874,HLA-A23:01,43103.78,ANZ78847,GVTLSTKLKDG,874,1324.0
1328,HLA-A23:01,43117.08,ANZ78847,CCTGCGTSCFK,1328,1325.0
147,HLA-A23:01,43127.94,ANZ78847,TINSTQDGVNK,147,1326.0
822,HLA-A23:01,43139.66,ANZ78847,IDCAAFVCGDY,822,1327.0
1084,HLA-A23:01,43145.81,ANZ78847,QIDRLINGRLT,1084,1328.0
1022,HLA-A23:01,43146.3,ANZ78847,ALDAIQEGFDA,1022,1329.0
612,HLA-A23:01,43279.74,ANZ78847,TCSTDLQKANT,612,1330.0
960,HLA-A23:01,43324.38,ANZ78847,LLSENQISGYT,960,1331.0
1170,HLA-A23:01,43345.1,ANZ78847,SPGLCIAGDRG,1170,1332.0
501,HLA-A23:01,43368.33,ANZ78847,KSNSSLCVGSG,501,1333.0
833,HLA-A23:01,43422.88,ANZ78847,AACKSQLVEYG,833,1334.0
689,HLA-A23:01,43453.84,ANZ78847,AAFHANSSEPA,689,1335.0
1073,HLA-A23:01,43496.26,ANZ78847,LSRLDALEAEA,1073,1336.0
1176,HLA-A23:01,43512.48,ANZ78847,AGDRGIAPKSG,1176,1337.0
76,HLA-A23:01,43565.69,ANZ78847,STYRNMALKGT,76,1338.0
566,HLA-A23:01,43592.29,ANZ78847,KSDYCGGNPCT,566,1339.0
1168,HLA-A23:01,43609.13,ANZ78847,KVSPGLCIAGD,1168,1340.0
16,HLA-A23:01,43784.62,ANZ78847,GDLKCPLDSRT,16,1341.0
42,HLA-A23:01,43901.42,ANZ78847,ATVDVTNGLGT,42,1342.0
562,HLA-A23:01,43903.26,ANZ78847,GLAVKSDYCGG,562,1343.0
176,HLA-A23:01,43952.97,ANZ78847,HTICHPNLGNH,176,1344.0
1082,HLA-A23:01,43958.48,ANZ78847,EAQIDRLINGR,1082,1345.0
144,HLA-A23:01,43985.46,ANZ78847,QPRTINSTQDG,144,1346.0
903,HLA-A23:01,43986.51,ANZ78847,SECSKASSRSA,903,1347.0
929,HLA-A23:01,44003.02,ANZ78847,FVAAYNNCTGG,929,1348.0
763,HLA-A23:01,44130.93,ANZ78847,RSRRAITTGYR,763,1349.0
515,HLA-A23:01,44316.71,ANZ78847,NNGIGTCPAGT,515,1350.0
930,HLA-A23:01,44404.59,ANZ78847,VAAYNNCTGGA,930,1351.0
549,HLA-A23:01,44882.47,ANZ78847,QSKSLVGIGEH,549,1352.0
207,HLA-A24:02,812.59,ANZ78847,TYDVNATYLYF,207,1.0
92,HLA-A24:02,1834.04,ANZ78847,LWFKPPFLSDF,92,2.0
658,HLA-A24:02,2259.75,ANZ78847,LYDSNGNLYGF,658,3.0
1300,HLA-A24:02,3036.97,ANZ78847,YYVKWPWYVWL,1300,4.0
229,HLA-A24:02,3174.94,ANZ78847,YFTDTGVVTKF,229,5.0
1299,HLA-A24:02,3642.92,ANZ78847,EYYVKWPWYVW,1299,6.0
1203,HLA-A24:02,4194.58,ANZ78847,YYPEPITENNV,1203,7.0
453,HLA-A24:02,4311.29,ANZ78847,RFNPSTWNKRF,453,8.0
634,HLA-A24:02,4833.33,ANZ78847,LYGISGQGIFV,634,9.0
124,HLA-A24:02,4880.96,ANZ78847,EFPAITIGSTF,124,10.0
1163,HLA-A24:02,4888.85,ANZ78847,KYVTAKVSPGL,1163,11.0
243,HLA-A24:02,4895.09,ANZ78847,VYLGMALSHYY,243,12.0
649,HLA-A24:02,5002.88,ANZ78847,TYYNSWQNLLY,649,13.0
209,HLA-A24:02,5016.17,ANZ78847,DVNATYLYFHF,209,14.0
1194,HLA-A24:02,5025.46,ANZ78847,TWMYTGSGYYY,1194,15.0
1288,HLA-A24:02,5048.66,ANZ78847,SYINLKDIGTY,1288,16.0
106,HLA-A24:02,5067.83,ANZ78847,IFAKVKNTKVF,106,17.0
1147,HLA-A24:02,5075.56,ANZ78847,NAPYGLYFIHF,1147,18.0
216,HLA-A24:02,5092.77,ANZ78847,YFHFYQEGGTF,216,19.0
1144,HLA-A24:02,5115.09,ANZ78847,LVQNAPYGLYF,1144,20.0
932,HLA-A24:02,5119.74,ANZ78847,AYNNCTGGAEI,932,21.0
231,HLA-A24:02,5120.24,ANZ78847,TDTGVVTKFLF,231,22.0
138,HLA-A24:02,5159.32,ANZ78847,SYSVVVQPRTI,138,23.0
220,HLA-A24:02,5161.94,ANZ78847,YQEGGTFYAYF,220,24.0
275,HLA-A24:02,5162.69,ANZ78847,PLTSRQYLLAF,275,25.0
97,HLA-A24:02,5164.45,ANZ78847,PFLSDFINGIF,97,26.0
115,HLA-A24:02,5171.09,ANZ78847,VFKDGVMYSEF,115,27.0
956,HLA-A24:02,5180.34,ANZ78847,VLPPLLSENQI,956,28.0
367,HLA-A24:02,5197.93,ANZ78847,CNFNMSSLMSF,367,29.0
715,HLA-A24:02,5198.14,ANZ78847,LTRQLQPINYF,715,30.0
173,HLA-A24:02,5199.09,ANZ78847,EYPHTICHPNL,173,31.0
455,HLA-A24:02,5205.59,ANZ78847,NPSTWNKRFGF,455,32.0
701,HLA-A24:02,5207.28,ANZ78847,LFRNIKCNYVF,701,33.0
1149,HLA-A24:02,5211.22,ANZ78847,PYGLYFIHFSY,1149,34.0
650,HLA-A24:02,5215.43,ANZ78847,YYNSWQNLLYD,650,35.0
1315,HLA-A24:02,5218.24,ANZ78847,AGVAMLVLLFF,1315,36.0
56,HLA-A24:02,5218.29,ANZ78847,LDRVYLNTTLF,56,37.0
633,HLA-A24:02,5221.46,ANZ78847,DLYGISGQGIF,633,38.0
1314,HLA-A24:02,5224.1,ANZ78847,LAGVAMLVLLF,1314,39.0
919,HLA-A24:02,5224.62,ANZ78847,FDKVKLSDVGF,919,40.0
1258,HLA-A24:02,5227.02,ANZ78847,DLALDYINVTF,1258,41.0
969,HLA-A24:02,5236.22,ANZ78847,YTLAATSASLF,969,42.0
1316,HLA-A24:02,5238.37,ANZ78847,GVAMLVLLFFI,1316,43.0
257,HLA-A24:02,5239.08,ANZ78847,LTCISRRNIGF,257,44.0
373,HLA-A24:02,5241.27,ANZ78847,SLMSFIQADSF,373,45.0
692,HLA-A24:02,5241.47,ANZ78847,HANSSEPALLF,692,46.0
1124,HLA-A24:02,5243.34,ANZ78847,CVKSQSSRINF,1124,47.0
1102,HLA-A24:02,5243.92,ANZ78847,QQLSDSTLVKF,1102,48.0
764,HLA-A24:02,5245.8,ANZ78847,SRRAITTGYRF,764,49.0
1145,HLA-A24:02,5249.33,ANZ78847,VQNAPYGLYFI,1145,50.0
1178,HLA-A24:02,5249.34,ANZ78847,DRGIAPKSGYF,1178,51.0
235,HLA-A24:02,5251.3,ANZ78847,VVTKFLFNVYL,235,52.0
767,HLA-A24:02,5251.45,ANZ78847,AITTGYRFTNF,767,53.0
393,HLA-A24:02,5252.59,ANZ78847,IYGMCFSSITI,393,54.0
282,HLA-A24:02,5253.34,ANZ78847,LLAFNQDGIIF,282,55.0
667,HLA-A24:02,5253.48,ANZ78847,GFRDYLTNRTF,667,56.0
1020,HLA-A24:02,5254.51,ANZ78847,NNALDAIQEGF,1020,57.0
273,HLA-A24:02,5254.55,ANZ78847,VTPLTSRQYLL,273,58.0
417,HLA-A24:02,5254.61,ANZ78847,QLGNLGYLQSF,417,59.0
1222,HLA-A24:02,5254.61,ANZ78847,NYTKAPYVMLN,1222,59.0
354,HLA-A24:02,5256.74,ANZ78847,PSPLNWERKTF,354,61.0
291,HLA-A24:02,5256.89,ANZ78847,IFNAVDCMSDF,291,62.0
1231,HLA-A24:02,5260.25,ANZ78847,LNTSIPNLPDF,1231,63.0
909,HLA-A24:02,5263.18,ANZ78847,SSRSAIEDLLF,909,64.0
396,HLA-A24:02,5266.38,ANZ78847,MCFSSITIDKF,396,65.0
84,HLA-A24:02,5267.24,ANZ78847,KGTDKLSTLWF,84,66.0
968,HLA-A24:02,5267.28,ANZ78847,GYTLAATSASL,968,67.0
980,HLA-A24:02,5268.24,ANZ78847,PPWTAAAGVPF,980,68.0
950,HLA-A24:02,5268.29,ANZ78847,SYKGIKVLPPL,950,69.0
681,HLA-A24:02,5268.42,ANZ78847,SCYSGRVSAAF,681,70.0
481,HLA-A24:02,5268.63,ANZ78847,NHDVVYAQHCF,481,71.0
835,HLA-A24:02,5270.9,ANZ78847,CKSQLVEYGSF,835,72.0
794,HLA-A24:02,5270.96,ANZ78847,GLYEIQIPSDF,794,73.0
884,HLA-A24:02,5271.71,ANZ78847,GVNFNVDDINF,884,74.0
877,HLA-A24:02,5274.02,ANZ78847,LSTKLKDGVNF,877,75.0
388,HLA-A24:02,5276.42,ANZ78847,IDAAKIYGMCF,388,76.0
1009,HLA-A24:02,5281.42,ANZ78847,SQNQKLIANAF,1009,77.0
1301,HLA-A24:02,5282.11,ANZ78847,YVKWPWYVWLL,1301,78.0
57,HLA-A24:02,5282.16,ANZ78847,DRVYLNTTLFL,57,79.0
1302,HLA-A24:02,5283.03,ANZ78847,VKWPWYVWLLI,1302,80.0
1239,HLA-A24:02,5284.81,ANZ78847,PDFREELDQWF,1239,81.0
462,HLA-A24:02,5285.46,ANZ78847,RFGFIEDSVFK,462,82.0
218,HLA-A24:02,5286.88,ANZ78847,HFYQEGGTFYA,218,83.0
982,HLA-A24:02,5288.46,ANZ78847,WTAAAGVPFYL,982,84.0
60,HLA-A24:02,5288.6,ANZ78847,YLNTTLFLNGY,60,85.0
531,HLA-A24:02,5289.11,ANZ78847,HNLCNPDPITF,531,86.0
719,HLA-A24:02,5290.78,ANZ78847,LQPINYFDSYL,719,87.0
177,HLA-A24:02,5293.41,ANZ78847,TICHPNLGNHF,177,88.0
1262,HLA-A24:02,5294.9,ANZ78847,DYINVTFLDLQ,1262,89.0
1327,HLA-A24:02,5295.36,ANZ78847,CCCTGCGTSCF,1327,90.0
1052,HLA-A24:02,5298.26,ANZ78847,NNLLQQLSNRF,1052,91.0
461,HLA-A24:02,5298.64,ANZ78847,KRFGFIEDSVF,461,92.0
589,HLA-A24:02,5302.39,ANZ78847,SCLQGDKCNIF,589,93.0
120,HLA-A24:02,5304.32,ANZ78847,VMYSEFPAITI,120,94.0
770,HLA-A24:02,5304.45,ANZ78847,TGYRFTNFEPF,770,95.0
205,HLA-A24:02,5306.38,ANZ78847,NFTYDVNATYL,205,96.0
2,HLA-A24:02,5306.47,ANZ78847,LILLISLPTAF,2,97.0
444,HLA-A24:02,5306.62,ANZ78847,LPAANVSVSRF,444,98.0
803,HLA-A24:02,5313.35,ANZ78847,DFTIGNMEEFI,803,99.0
88,HLA-A24:02,5313.62,ANZ78847,KLSTLWFKPPF,88,100.0
991,HLA-A24:02,5313.85,ANZ78847,YLNVQYRINGL,991,101.0
280,HLA-A24:02,5314.72,ANZ78847,QYLLAFNQDGI,280,102.0
359,HLA-A24:02,5314.85,ANZ78847,WERKTFSNCNF,359,103.0
51,HLA-A24:02,5315.66,ANZ78847,GTYYVLDRVYL,51,104.0
802,HLA-A24:02,5315.71,ANZ78847,SDFTIGNMEEF,802,105.0
259,HLA-A24:02,5316.56,ANZ78847,CISRRNIGFTL,259,106.0
817,HLA-A24:02,5321.07,ANZ78847,SPKVTIDCAAF,817,107.0
487,HLA-A24:02,5321.44,ANZ78847,AQHCFKAPKNF,487,108.0
272,HLA-A24:02,5321.96,ANZ78847,WVTPLTSRQYL,272,109.0
572,HLA-A24:02,5322.46,ANZ78847,GNPCTCQPQAF,572,110.0
208,HLA-A24:02,5322.69,ANZ78847,YDVNATYLYFH,208,111.0
441,HLA-A24:02,5323.01,ANZ78847,YYNLPAANVSV,441,112.0
1098,HLA-A24:02,5323.58,ANZ78847,AYVSQQLSDST,1098,113.0
89,HLA-A24:02,5324.41,ANZ78847,LSTLWFKPPFL,89,114.0
978,HLA-A24:02,5324.49,ANZ78847,LFPPWTAAAGV,978,115.0
55,HLA-A24:02,5325.63,ANZ78847,VLDRVYLNTTL,55,116.0
1013,HLA-A24:02,5325.8,ANZ78847,KLIANAFNNAL,1013,117.0
970,HLA-A24:02,5325.97,ANZ78847,TLAATSASLFP,970,118.0
210,HLA-A24:02,5326.37,ANZ78847,VNATYLYFHFY,210,119.0
226,HLA-A24:02,5326.84,ANZ78847,FYAYFTDTGVV,226,120.0
986,HLA-A24:02,5327.82,ANZ78847,AGVPFYLNVQY,986,121.0
1294,HLA-A24:02,5328.04,ANZ78847,DIGTYEYYVKW,1294,122.0
368,HLA-A24:02,5328.27,ANZ78847,NFNMSSLMSFI,368,123.0
795,HLA-A24:02,5328.8,ANZ78847,LYEIQIPSDFT,795,124.0
1298,HLA-A24:02,5329.16,ANZ78847,YEYYVKWPWYV,1298,125.0
710,HLA-A24:02,5329.45,ANZ78847,VFNNSLTRQLQ,710,126.0
93,HLA-A24:02,5330.64,ANZ78847,WFKPPFLSDFI,93,127.0
196,HLA-A24:02,5331.04,ANZ78847,GVVSCLYKRNF,196,128.0
211,HLA-A24:02,5331.06,ANZ78847,NATYLYFHFYQ,211,129.0
1221,HLA-A24:02,5331.31,ANZ78847,VNYTKAPYVML,1221,130.0
1297,HLA-A24:02,5331.47,ANZ78847,TYEYYVKWPWY,1297,131.0
1148,HLA-A24:02,5332.24,ANZ78847,APYGLYFIHFS,1148,132.0
221,HLA-A24:02,5332.25,ANZ78847,QEGGTFYAYFT,221,133.0
266,HLA-A24:02,5332.56,ANZ78847,GFTLEYWVTPL,266,134.0
648,HLA-A24:02,5332.91,ANZ78847,ATYYNSWQNLL,648,135.0
1228,HLA-A24:02,5333.34,ANZ78847,YVMLNTSIPNL,1228,136.0
46,HLA-A24:02,5333.37,ANZ78847,VTNGLGTYYVL,46,137.0
1185,HLA-A24:02,5334.07,ANZ78847,SGYFVNVNNTW,1185,138.0
762,HLA-A24:02,5335.71,ANZ78847,RRSRRAITTGY,762,139.0
981,HLA-A24:02,5336.07,ANZ78847,PWTAAAGVPFY,981,140.0
262,HLA-A24:02,5336.97,ANZ78847,RRNIGFTLEYW,262,141.0
959,HLA-A24:02,5337.66,ANZ78847,PLLSENQISGY,959,142.0
456,HLA-A24:02,5337.69,ANZ78847,PSTWNKRFGFI,456,143.0
98,HLA-A24:02,5337.87,ANZ78847,FLSDFINGIFA,98,144.0
206,HLA-A24:02,5338.64,ANZ78847,FTYDVNATYLY,206,145.0
772,HLA-A24:02,5338.7,ANZ78847,YRFTNFEPFTV,772,146.0
871,HLA-A24:02,5338.86,ANZ78847,LMNGVTLSTKL,871,147.0
1048,HLA-A24:02,5338.87,ANZ78847,AEALNNLLQQL,1048,148.0
247,HLA-A24:02,5339.51,ANZ78847,MALSHYYVMPL,247,149.0
1259,HLA-A24:02,5340.33,ANZ78847,LALDYINVTFL,1259,150.0
669,HLA-A24:02,5340.4,ANZ78847,RDYLTNRTFMI,669,151.0
215,HLA-A24:02,5340.57,ANZ78847,LYFHFYQEGGT,215,152.0
1192,HLA-A24:02,5341.79,ANZ78847,NNTWMYTGSGY,1192,153.0
133,HLA-A24:02,5342.15,ANZ78847,TFVNTSYSVVV,133,154.0
867,HLA-A24:02,5343.13,ANZ78847,VANSLMNGVTL,867,155.0
771,HLA-A24:02,5343.92,ANZ78847,GYRFTNFEPFT,771,156.0
1083,HLA-A24:02,5344.27,ANZ78847,AQIDRLINGRL,1083,157.0
1177,HLA-A24:02,5345.19,ANZ78847,GDRGIAPKSGY,1177,158.0
709,HLA-A24:02,5345.44,ANZ78847,YVFNNSLTRQL,709,159.0
644,HLA-A24:02,5346.21,ANZ78847,VEVNATYYNSW,644,160.0
181,HLA-A24:02,5346.58,ANZ78847,PNLGNHFKELW,181,161.0
914,HLA-A24:02,5347.26,ANZ78847,IEDLLFDKVKL,914,162.0
151,HLA-A24:02,5347.43,ANZ78847,TQDGVNKLQGL,151,163.0
1346,HLA-A24:02,5347.51,ANZ78847,DYTGYQELVIK,1346,164.0
1078,HLA-A24:02,5347.65,ANZ78847,ALEAEAQIDRL,1078,165.0
449,HLA-A24:02,5347.7,ANZ78847,VSVSRFNPSTW,449,166.0
314,HLA-A24:02,5347.72,ANZ78847,PPTGVYELNGY,314,167.0
1094,HLA-A24:02,5348.58,ANZ78847,TALNAYVSQQL,1094,168.0
45,HLA-A24:02,5348.84,ANZ78847,DVTNGLGTYYV,45,169.0
573,HLA-A24:02,5349.16,ANZ78847,NPCTCQPQAFL,573,170.0
791,HLA-A24:02,5349.71,ANZ78847,PVGGLYEIQIP,791,171.0
601,HLA-A24:02,5349.87,ANZ78847,NLILHDVNSGL,601,172.0
233,HLA-A24:02,5350.21,ANZ78847,TGVVTKFLFNV,233,173.0
647,HLA-A24:02,5350.59,ANZ78847,NATYYNSWQNL,647,174.0
1099,HLA-A24:02,5350.93,ANZ78847,YVSQQLSDSTL,1099,175.0
1313,HLA-A24:02,5351.05,ANZ78847,CLAGVAMLVLL,1313,176.0
951,HLA-A24:02,5351.4,ANZ78847,YKGIKVLPPLL,951,177.0
1296,HLA-A24:02,5351.99,ANZ78847,GTYEYYVKWPW,1296,178.0
82,HLA-A24:02,5352.16,ANZ78847,ALKGTDKLSTL,82,179.0
83,HLA-A24:02,5352.18,ANZ78847,LKGTDKLSTLW,83,180.0
1268,HLA-A24:02,5352.3,ANZ78847,FLDLQVEMNRL,1268,181.0
665,HLA-A24:02,5352.74,ANZ78847,LYGFRDYLTNR,665,182.0
841,HLA-A24:02,5352.8,ANZ78847,EYGSFCDNINA,841,183.0
271,HLA-A24:02,5353.23,ANZ78847,YWVTPLTSRQY,271,184.0
1193,HLA-A24:02,5353.69,ANZ78847,NTWMYTGSGYY,1193,185.0
1181,HLA-A24:02,5354.26,ANZ78847,IAPKSGYFVNV,1181,186.0
58,HLA-A24:02,5354.33,ANZ78847,RVYLNTTLFLN,58,187.0
129,HLA-A24:02,5354.42,ANZ78847,TIGSTFVNTSY,129,188.0
1282,HLA-A24:02,5354.61,ANZ78847,IKVLNQSYINL,1282,189.0
616,HLA-A24:02,5354.73,ANZ78847,DLQKANTDIKL,616,190.0
40,HLA-A24:02,5354.75,ANZ78847,STATVDVTNGL,40,191.0
434,HLA-A24:02,5355.01,ANZ78847,TATSCQLYYNL,434,192.0
309,HLA-A24:02,5355.07,ANZ78847,TQSIAPPTGVY,309,193.0
68,HLA-A24:02,5355.17,ANZ78847,NGYYPTSGSTY,68,194.0
984,HLA-A24:02,5355.19,ANZ78847,AAAGVPFYLNV,984,195.0
1063,HLA-A24:02,5355.41,ANZ78847,GAISSSLQEIL,1063,196.0
79,HLA-A24:02,5355.45,ANZ78847,RNMALKGTDKL,79,197.0
575,HLA-A24:02,5355.52,ANZ78847,CTCQPQAFLGW,575,198.0
682,HLA-A24:02,5355.6,ANZ78847,CYSGRVSAAFH,682,199.0
1340,HLA-A24:02,5355.65,ANZ78847,CGGCCDDYTGY,1340,200.0
1223,HLA-A24:02,5355.85,ANZ78847,YTKAPYVMLNT,1223,201.0
1226,HLA-A24:02,5355.96,ANZ78847,APYVMLNTSIP,1226,202.0
230,HLA-A24:02,5356.4,ANZ78847,FTDTGVVTKFL,230,203.0
1143,HLA-A24:02,5356.49,ANZ78847,SLVQNAPYGLY,1143,204.0
1156,HLA-A24:02,5356.73,ANZ78847,HFSYVPTKYVT,1156,205.0
54,HLA-A24:02,5356.93,ANZ78847,YVLDRVYLNTT,54,206.0
1150,HLA-A24:02,5356.97,ANZ78847,YGLYFIHFSYV,1150,207.0
1238,HLA-A24:02,5357.13,ANZ78847,LPDFREELDQW,1238,208.0
148,HLA-A24:02,5357.24,ANZ78847,INSTQDGVNKL,148,209.0
244,HLA-A24:02,5357.28,ANZ78847,YLGMALSHYYV,244,210.0
349,HLA-A24:02,5357.4,ANZ78847,NDKSVPSPLNW,349,211.0
765,HLA-A24:02,5358.01,ANZ78847,RRAITTGYRFT,765,212.0
796,HLA-A24:02,5358.13,ANZ78847,YEIQIPSDFTI,796,213.0
26,HLA-A24:02,5358.14,ANZ78847,TGSLNNIDTGP,26,214.0
994,HLA-A24:02,5358.21,ANZ78847,VQYRINGLGVT,994,215.0
1146,HLA-A24:02,5358.36,ANZ78847,QNAPYGLYFIH,1146,216.0
855,HLA-A24:02,5358.46,ANZ78847,EVNELLDTTQL,855,217.0
1179,HLA-A24:02,5358.57,ANZ78847,RGIAPKSGYFV,1179,218.0
972,HLA-A24:02,5358.58,ANZ78847,AATSASLFPPW,972,219.0
61,HLA-A24:02,5358.61,ANZ78847,LNTTLFLNGYY,61,220.0
1004,HLA-A24:02,5358.74,ANZ78847,TMDVLSQNQKL,1004,221.0
1154,HLA-A24:02,5358.87,ANZ78847,FIHFSYVPTKY,1154,222.0
744,HLA-A24:02,5359.09,ANZ78847,QTCDLTVGSGY,744,223.0
234,HLA-A24:02,5359.57,ANZ78847,GVVTKFLFNVY,234,224.0
1044,HLA-A24:02,5359.87,ANZ78847,VNANAEALNNL,1044,225.0
534,HLA-A24:02,5359.88,ANZ78847,CNPDPITFTGP,534,226.0
204,HLA-A24:02,5359.98,ANZ78847,RNFTYDVNATY,204,227.0
757,HLA-A24:02,5360.0,ANZ78847,DYSKNRRSRRA,757,228.0
690,HLA-A24:02,5360.27,ANZ78847,AFHANSSEPAL,690,229.0
1261,HLA-A24:02,5360.29,ANZ78847,LDYINVTFLDL,1261,230.0
413,HLA-A24:02,5360.45,ANZ78847,KVDLQLGNLGY,413,231.0
1155,HLA-A24:02,5360.86,ANZ78847,IHFSYVPTKYV,1155,232.0
414,HLA-A24:02,5360.88,ANZ78847,VDLQLGNLGYL,414,233.0
355,HLA-A24:02,5360.92,ANZ78847,SPLNWERKTFS,355,234.0
662,HLA-A24:02,5360.96,ANZ78847,NGNLYGFRDYL,662,235.0
116,HLA-A24:02,5361.07,ANZ78847,FKDGVMYSEFP,116,236.0
227,HLA-A24:02,5361.08,ANZ78847,YAYFTDTGVVT,227,237.0
1142,HLA-A24:02,5361.14,ANZ78847,ISLVQNAPYGL,1142,238.0
408,HLA-A24:02,5361.34,ANZ78847,IPNGRKVDLQL,408,239.0
135,HLA-A24:02,5361.36,ANZ78847,VNTSYSVVVQP,135,240.0
426,HLA-A24:02,5361.6,ANZ78847,SFNYRIDTTAT,426,241.0
43,HLA-A24:02,5361.64,ANZ78847,TVDVTNGLGTY,43,242.0
261,HLA-A24:02,5362.05,ANZ78847,SRRNIGFTLEY,261,243.0
535,HLA-A24:02,5362.05,ANZ78847,NPDPITFTGPY,535,243.0
708,HLA-A24:02,5362.17,ANZ78847,NYVFNNSLTRQ,708,245.0
152,HLA-A24:02,5362.19,ANZ78847,QDGVNKLQGLL,152,246.0
718,HLA-A24:02,5362.3,ANZ78847,QLQPINYFDSY,718,247.0
1253,HLA-A24:02,5362.65,ANZ78847,TSVAPDLALDY,1253,248.0
1066,HLA-A24:02,5363.26,ANZ78847,SSSLQEILSRL,1066,249.0
197,HLA-A24:02,5363.3,ANZ78847,VVSCLYKRNFT,197,250.0
1103,HLA-A24:02,5363.34,ANZ78847,QLSDSTLVKFS,1103,251.0
239,HLA-A24:02,5363.39,ANZ78847,FLFNVYLGMAL,239,252.0
347,HLA-A24:02,5363.42,ANZ78847,WLNDKSVPSPL,347,253.0
699,HLA-A24:02,5363.42,ANZ78847,ALLFRNIKCNY,699,253.0
276,HLA-A24:02,5363.64,ANZ78847,LTSRQYLLAFN,276,255.0
1151,HLA-A24:02,5363.67,ANZ78847,GLYFIHFSYVP,1151,256.0
3,HLA-A24:02,5363.68,ANZ78847,ILLISLPTAFA,3,257.0
983,HLA-A24:02,5363.7,ANZ78847,TAAAGVPFYLN,983,258.0
448,HLA-A24:02,5363.78,ANZ78847,NVSVSRFNPST,448,259.0
159,HLA-A24:02,5364.3,ANZ78847,QGLLEVSVCQY,159,260.0
1219,HLA-A24:02,5364.47,ANZ78847,CAVNYTKAPYV,1219,261.0
1337,HLA-A24:02,5364.47,ANZ78847,FKKCGGCCDDY,1337,261.0
374,HLA-A24:02,5364.5,ANZ78847,LMSFIQADSFT,374,263.0
1295,HLA-A24:02,5364.6,ANZ78847,IGTYEYYVKWP,1295,264.0
559,HLA-A24:02,5364.93,ANZ78847,HCSGLAVKSDY,559,265.0
705,HLA-A24:02,5364.95,ANZ78847,IKCNYVFNNSL,705,266.0
1045,HLA-A24:02,5364.95,ANZ78847,NANAEALNNLL,1045,266.0
384,HLA-A24:02,5365.12,ANZ78847,TCNNIDAAKIY,384,268.0
544,HLA-A24:02,5365.2,ANZ78847,PYKCPQSKSLV,544,269.0
961,HLA-A24:02,5365.2,ANZ78847,LSENQISGYTL,961,269.0
4,HLA-A24:02,5365.23,ANZ78847,LLISLPTAFAV,4,271.0
1279,HLA-A24:02,5365.24,ANZ78847,QEAIKVLNQSY,1279,272.0
663,HLA-A24:02,5365.41,ANZ78847,GNLYGFRDYLT,663,273.0
786,HLA-A24:02,5365.41,ANZ78847,NDSLEPVGGLY,786,273.0
283,HLA-A24:02,5365.49,ANZ78847,LAFNQDGIIFN,283,275.0
910,HLA-A24:02,5365.53,ANZ78847,SRSAIEDLLFD,910,276.0
759,HLA-A24:02,5365.57,ANZ78847,SKNRRSRRAIT,759,277.0
12,HLA-A24:02,5365.62,ANZ78847,FAVIGDLKCPL,12,278.0
392,HLA-A24:02,5365.76,ANZ78847,KIYGMCFSSIT,392,279.0
832,HLA-A24:02,5365.8,ANZ78847,YAACKSQLVEY,832,280.0
948,HLA-A24:02,5365.82,ANZ78847,VQSYKGIKVLP,948,281.0
594,HLA-A24:02,5365.89,ANZ78847,DKCNIFANLIL,594,282.0
281,HLA-A24:02,5366.0,ANZ78847,YLLAFNQDGII,281,283.0
640,HLA-A24:02,5366.19,ANZ78847,QGIFVEVNATY,640,284.0
1243,HLA-A24:02,5366.19,ANZ78847,EELDQWFKNQT,1243,284.0
748,HLA-A24:02,5366.24,ANZ78847,LTVGSGYCVDY,748,286.0
798,HLA-A24:02,5366.28,ANZ78847,IQIPSDFTIGN,798,287.0
1347,HLA-A24:02,5366.58,ANZ78847,YTGYQELVIKT,1347,288.0
419,HLA-A24:02,5366.64,ANZ78847,GNLGYLQSFNY,419,289.0
510,HLA-A24:02,5366.76,ANZ78847,SGPGKNNGIGT,510,290.0
766,HLA-A24:02,5366.85,ANZ78847,RAITTGYRFTN,766,291.0
1161,HLA-A24:02,5366.87,ANZ78847,PTKYVTAKVSP,1161,292.0
168,HLA-A24:02,5366.88,ANZ78847,QYNMCEYPHTI,168,293.0
569,HLA-A24:02,5366.9,ANZ78847,YCGGNPCTCQP,569,294.0
716,HLA-A24:02,5367.12,ANZ78847,TRQLQPINYFD,716,295.0
850,HLA-A24:02,5367.31,ANZ78847,NAILTEVNELL,850,296.0
646,HLA-A24:02,5367.33,ANZ78847,VNATYYNSWQN,646,297.0
119,HLA-A24:02,5367.47,ANZ78847,GVMYSEFPAIT,119,298.0
907,HLA-A24:02,5367.57,ANZ78847,KASSRSAIEDL,907,299.0
411,HLA-A24:02,5367.88,ANZ78847,GRKVDLQLGNL,411,300.0
217,HLA-A24:02,5368.06,ANZ78847,FHFYQEGGTFY,217,301.0
1255,HLA-A24:02,5368.07,ANZ78847,VAPDLALDYIN,1255,302.0
1291,HLA-A24:02,5368.3,ANZ78847,NLKDIGTYEYY,1291,303.0
691,HLA-A24:02,5368.31,ANZ78847,FHANSSEPALL,691,304.0
127,HLA-A24:02,5368.35,ANZ78847,AITIGSTFVNT,127,305.0
779,HLA-A24:02,5368.42,ANZ78847,PFTVNSVNDSL,779,306.0
1290,HLA-A24:02,5368.42,ANZ78847,INLKDIGTYEY,1290,306.0
137,HLA-A24:02,5368.45,ANZ78847,TSYSVVVQPRT,137,308.0
1159,HLA-A24:02,5368.46,ANZ78847,YVPTKYVTAKV,1159,309.0
212,HLA-A24:02,5368.62,ANZ78847,ATYLYFHFYQE,212,310.0
1292,HLA-A24:02,5368.68,ANZ78847,LKDIGTYEYYV,1292,311.0
364,HLA-A24:02,5368.87,ANZ78847,FSNCNFNMSSL,364,312.0
311,HLA-A24:02,5369.15,ANZ78847,SIAPPTGVYEL,311,313.0
661,HLA-A24:02,5369.17,ANZ78847,SNGNLYGFRDY,661,314.0
445,HLA-A24:02,5369.26,ANZ78847,PAANVSVSRFN,445,315.0
424,HLA-A24:02,5369.39,ANZ78847,LQSFNYRIDTT,424,316.0
988,HLA-A24:02,5369.42,ANZ78847,VPFYLNVQYRI,988,317.0
143,HLA-A24:02,5369.79,ANZ78847,VQPRTINSTQD,143,318.0
103,HLA-A24:02,5369.96,ANZ78847,INGIFAKVKNT,103,319.0
141,HLA-A24:02,5369.97,ANZ78847,VVVQPRTINST,141,320.0
655,HLA-A24:02,5370.03,ANZ78847,QNLLYDSNGNL,655,321.0
1021,HLA-A24:02,5370.15,ANZ78847,NALDAIQEGFD,1021,322.0
484,HLA-A24:02,5370.62,ANZ78847,VVYAQHCFKAP,484,323.0
472,HLA-A24:02,5370.76,ANZ78847,KPQPAGVLTNH,472,324.0
125,HLA-A24:02,5370.79,ANZ78847,FPAITIGSTFV,125,325.0
76,HLA-A24:02,5370.82,ANZ78847,STYRNMALKGT,76,326.0
232,HLA-A24:02,5370.87,ANZ78847,DTGVVTKFLFN,232,327.0
805,HLA-A24:02,5370.89,ANZ78847,TIGNMEEFIQT,805,328.0
885,HLA-A24:02,5370.92,ANZ78847,VNFNVDDINFS,885,329.0
861,HLA-A24:02,5370.93,ANZ78847,DTTQLQVANSL,861,330.0
248,HLA-A24:02,5370.99,ANZ78847,ALSHYYVMPLT,248,331.0
844,HLA-A24:02,5371.0,ANZ78847,SFCDNINAILT,844,332.0
923,HLA-A24:02,5371.38,ANZ78847,KLSDVGFVAAY,923,333.0
164,HLA-A24:02,5371.49,ANZ78847,VSVCQYNMCEY,164,334.0
693,HLA-A24:02,5371.59,ANZ78847,ANSSEPALLFR,693,335.0
225,HLA-A24:02,5371.63,ANZ78847,TFYAYFTDTGV,225,336.0
714,HLA-A24:02,5371.65,ANZ78847,SLTRQLQPINY,714,337.0
843,HLA-A24:02,5371.99,ANZ78847,GSFCDNINAIL,843,338.0
908,HLA-A24:02,5372.25,ANZ78847,ASSRSAIEDLL,908,339.0
612,HLA-A24:02,5372.27,ANZ78847,TCSTDLQKANT,612,340.0
263,HLA-A24:02,5372.34,ANZ78847,RNIGFTLEYWV,263,341.0
1188,HLA-A24:02,5372.34,ANZ78847,FVNVNNTWMYT,1188,341.0
785,HLA-A24:02,5372.54,ANZ78847,VNDSLEPVGGL,785,343.0
469,HLA-A24:02,5372.56,ANZ78847,SVFKPQPAGVL,469,344.0
1183,HLA-A24:02,5372.85,ANZ78847,PKSGYFVNVNN,1183,345.0
1251,HLA-A24:02,5372.86,ANZ78847,NQTSVAPDLAL,1251,346.0
822,HLA-A24:02,5372.92,ANZ78847,IDCAAFVCGDY,822,347.0
1240,HLA-A24:02,5372.97,ANZ78847,DFREELDQWFK,1240,348.0
888,HLA-A24:02,5373.49,ANZ78847,NVDDINFSSVL,888,349.0
496,HLA-A24:02,5373.54,ANZ78847,NFCPCKSNSSL,496,350.0
995,HLA-A24:02,5373.57,ANZ78847,QYRINGLGVTM,995,351.0
1263,HLA-A24:02,5373.59,ANZ78847,YINVTFLDLQV,1263,352.0
829,HLA-A24:02,5373.61,ANZ78847,CGDYAACKSQL,829,353.0
0,HLA-A24:02,5373.66,ANZ78847,MFLILLISLPT,0,354.0
406,HLA-A24:02,5373.69,ANZ78847,FAIPNGRKVDL,406,355.0
935,HLA-A24:02,5373.78,ANZ78847,NCTGGAEIRDL,935,356.0
50,HLA-A24:02,5373.81,ANZ78847,LGTYYVLDRVY,50,357.0
423,HLA-A24:02,5373.98,ANZ78847,YLQSFNYRIDT,423,358.0
182,HLA-A24:02,5374.03,ANZ78847,NLGNHFKELWH,182,359.0
1010,HLA-A24:02,5374.19,ANZ78847,QNQKLIANAFN,1010,360.0
1134,HLA-A24:02,5374.25,ANZ78847,FCGNGNHIISL,1134,361.0
666,HLA-A24:02,5374.27,ANZ78847,YGFRDYLTNRT,666,362.0
1184,HLA-A24:02,5374.42,ANZ78847,KSGYFVNVNNT,1184,363.0
1199,HLA-A24:02,5374.43,ANZ78847,GSGYYYPEPIT,1199,364.0
242,HLA-A24:02,5374.46,ANZ78847,NVYLGMALSHY,242,365.0
476,HLA-A24:02,5374.57,ANZ78847,AGVLTNHDVVY,476,366.0
8,HLA-A24:02,5374.65,ANZ78847,LPTAFAVIGDL,8,367.0
532,HLA-A24:02,5374.73,ANZ78847,NLCNPDPITFT,532,368.0
518,HLA-A24:02,5374.74,ANZ78847,IGTCPAGTNYL,518,369.0
990,HLA-A24:02,5374.88,ANZ78847,FYLNVQYRING,990,370.0
337,HLA-A24:02,5375.16,ANZ78847,PDLPNCNIEAW,337,371.0
329,HLA-A24:02,5375.17,ANZ78847,IADVYRRKPDL,329,372.0
1287,HLA-A24:02,5375.17,ANZ78847,QSYINLKDIGT,1287,372.0
139,HLA-A24:02,5375.2,ANZ78847,YSVVVQPRTIN,139,374.0
1280,HLA-A24:02,5375.26,ANZ78847,EAIKVLNQSYI,1280,375.0
595,HLA-A24:02,5375.35,ANZ78847,KCNIFANLILH,595,376.0
813,HLA-A24:02,5375.37,ANZ78847,IQTSSPKVTID,813,377.0
775,HLA-A24:02,5375.43,ANZ78847,TNFEPFTVNSV,775,378.0
564,HLA-A24:02,5375.61,ANZ78847,AVKSDYCGGNP,564,379.0
1345,HLA-A24:02,5375.61,ANZ78847,DDYTGYQELVI,1345,379.0
1312,HLA-A24:02,5375.64,ANZ78847,ICLAGVAMLVL,1312,381.0
435,HLA-A24:02,5375.67,ANZ78847,ATSCQLYYNLP,435,382.0
399,HLA-A24:02,5375.9,ANZ78847,SSITIDKFAIP,399,383.0
319,HLA-A24:02,5375.91,ANZ78847,YELNGYTVQPI,319,384.0
989,HLA-A24:02,5375.92,ANZ78847,PFYLNVQYRIN,989,385.0
31,HLA-A24:02,5376.01,ANZ78847,NIDTGPPSIST,31,386.0
201,HLA-A24:02,5376.07,ANZ78847,LYKRNFTYDVN,201,387.0
1208,HLA-A24:02,5376.07,ANZ78847,ITENNVVVMST,1208,387.0
353,HLA-A24:02,5376.13,ANZ78847,VPSPLNWERKT,353,389.0
1249,HLA-A24:02,5376.29,ANZ78847,FKNQTSVAPDL,1249,390.0
625,HLA-A24:02,5376.34,ANZ78847,KLGVCVNYDLY,625,391.0
632,HLA-A24:02,5376.49,ANZ78847,YDLYGISGQGI,632,392.0
622,HLA-A24:02,5376.57,ANZ78847,TDIKLGVCVNY,622,393.0
659,HLA-A24:02,5376.61,ANZ78847,YDSNGNLYGFR,659,394.0
418,HLA-A24:02,5376.82,ANZ78847,LGNLGYLQSFN,418,395.0
192,HLA-A24:02,5376.85,ANZ78847,HMDTGVVSCLY,192,396.0
1005,HLA-A24:02,5377.09,ANZ78847,MDVLSQNQKLI,1005,397.0
641,HLA-A24:02,5377.14,ANZ78847,GIFVEVNATYY,641,398.0
849,HLA-A24:02,5377.17,ANZ78847,INAILTEVNEL,849,399.0
760,HLA-A24:02,5377.31,ANZ78847,KNRRSRRAITT,760,400.0
267,HLA-A24:02,5377.34,ANZ78847,FTLEYWVTPLT,267,401.0
878,HLA-A24:02,5377.36,ANZ78847,STKLKDGVNFN,878,402.0
246,HLA-A24:02,5377.42,ANZ78847,GMALSHYYVMP,246,403.0
198,HLA-A24:02,5377.43,ANZ78847,VSCLYKRNFTY,198,404.0
1087,HLA-A24:02,5377.52,ANZ78847,RLINGRLTALN,1087,405.0
502,HLA-A24:02,5377.55,ANZ78847,SNSSLCVGSGP,502,406.0
607,HLA-A24:02,5377.66,ANZ78847,VNSGLTCSTDL,607,407.0
44,HLA-A24:02,5377.69,ANZ78847,VDVTNGLGTYY,44,408.0
430,HLA-A24:02,5377.74,ANZ78847,RIDTTATSCQL,430,409.0
200,HLA-A24:02,5377.9,ANZ78847,CLYKRNFTYDV,200,410.0
517,HLA-A24:02,5377.93,ANZ78847,GIGTCPAGTNY,517,411.0
338,HLA-A24:02,5378.21,ANZ78847,DLPNCNIEAWL,338,412.0
879,HLA-A24:02,5378.26,ANZ78847,TKLKDGVNFNV,879,413.0
973,HLA-A24:02,5378.3,ANZ78847,ATSASLFPPWT,973,414.0
526,HLA-A24:02,5378.33,ANZ78847,NYLTCHNLCNP,526,415.0
947,HLA-A24:02,5378.35,ANZ78847,CVQSYKGIKVL,947,416.0
19,HLA-A24:02,5378.36,ANZ78847,KCPLDSRTGSL,19,417.0
446,HLA-A24:02,5378.49,ANZ78847,AANVSVSRFNP,446,418.0
81,HLA-A24:02,5378.54,ANZ78847,MALKGTDKLST,81,419.0
126,HLA-A24:02,5378.59,ANZ78847,PAITIGSTFVN,126,420.0
818,HLA-A24:02,5378.68,ANZ78847,PKVTIDCAAFV,818,421.0
1153,HLA-A24:02,5378.9,ANZ78847,YFIHFSYVPTK,1153,422.0
96,HLA-A24:02,5379.01,ANZ78847,PPFLSDFINGI,96,423.0
738,HLA-A24:02,5379.02,ANZ78847,STAISVQTCDL,738,424.0
769,HLA-A24:02,5379.07,ANZ78847,TTGYRFTNFEP,769,425.0
530,HLA-A24:02,5379.31,ANZ78847,CHNLCNPDPIT,530,426.0
711,HLA-A24:02,5379.49,ANZ78847,FNNSLTRQLQP,711,427.0
810,HLA-A24:02,5379.51,ANZ78847,EEFIQTSSPKV,810,428.0
964,HLA-A24:02,5379.55,ANZ78847,NQISGYTLAAT,964,429.0
37,HLA-A24:02,5379.59,ANZ78847,PSISTATVDVT,37,430.0
454,HLA-A24:02,5379.76,ANZ78847,FNPSTWNKRFG,454,431.0
312,HLA-A24:02,5379.77,ANZ78847,IAPPTGVYELN,312,432.0
656,HLA-A24:02,5379.81,ANZ78847,NLLYDSNGNLY,656,433.0
1260,HLA-A24:02,5379.81,ANZ78847,ALDYINVTFLD,1260,433.0
723,HLA-A24:02,5379.84,ANZ78847,NYFDSYLGCVV,723,435.0
94,HLA-A24:02,5379.85,ANZ78847,FKPPFLSDFIN,94,436.0
344,HLA-A24:02,5379.89,ANZ78847,IEAWLNDKSVP,344,437.0
624,HLA-A24:02,5379.93,ANZ78847,IKLGVCVNYDL,624,438.0
1186,HLA-A24:02,5379.98,ANZ78847,GYFVNVNNTWM,1186,439.0
702,HLA-A24:02,5379.99,ANZ78847,FRNIKCNYVFN,702,440.0
479,HLA-A24:02,5380.11,ANZ78847,LTNHDVVYAQH,479,441.0
1018,HLA-A24:02,5380.21,ANZ78847,AFNNALDAIQE,1018,442.0
1343,HLA-A24:02,5380.31,ANZ78847,CCDDYTGYQEL,1343,443.0
360,HLA-A24:02,5380.5,ANZ78847,ERKTFSNCNFN,360,444.0
979,HLA-A24:02,5380.6,ANZ78847,FPPWTAAAGVP,979,445.0
1213,HLA-A24:02,5380.67,ANZ78847,VVVMSTCAVNY,1213,446.0
42,HLA-A24:02,5380.8,ANZ78847,ATVDVTNGLGT,42,447.0
789,HLA-A24:02,5381.02,ANZ78847,LEPVGGLYEIQ,789,448.0
258,HLA-A24:02,5381.24,ANZ78847,TCISRRNIGFT,258,449.0
543,HLA-A24:02,5381.4,ANZ78847,GPYKCPQSKSL,543,450.0
920,HLA-A24:02,5381.5,ANZ78847,DKVKLSDVGFV,920,451.0
1205,HLA-A24:02,5381.5,ANZ78847,PEPITENNVVV,1205,451.0
1245,HLA-A24:02,5381.53,ANZ78847,LDQWFKNQTSV,1245,453.0
703,HLA-A24:02,5381.54,ANZ78847,RNIKCNYVFNN,703,454.0
1043,HLA-A24:02,5381.56,ANZ78847,VVNANAEALNN,1043,455.0
1140,HLA-A24:02,5381.57,ANZ78847,HIISLVQNAPY,1140,456.0
1086,HLA-A24:02,5381.68,ANZ78847,DRLINGRLTAL,1086,457.0
790,HLA-A24:02,5381.86,ANZ78847,EPVGGLYEIQI,790,458.0
706,HLA-A24:02,5381.89,ANZ78847,KCNYVFNNSLT,706,459.0
804,HLA-A24:02,5381.97,ANZ78847,FTIGNMEEFIQ,804,460.0
1059,HLA-A24:02,5381.98,ANZ78847,SNRFGAISSSL,1059,461.0
450,HLA-A24:02,5382.0,ANZ78847,SVSRFNPSTWN,450,462.0
857,HLA-A24:02,5382.18,ANZ78847,NELLDTTQLQV,857,463.0
131,HLA-A24:02,5382.19,ANZ78847,GSTFVNTSYSV,131,464.0
1275,HLA-A24:02,5382.36,ANZ78847,MNRLQEAIKVL,1275,465.0
1227,HLA-A24:02,5382.54,ANZ78847,PYVMLNTSIPN,1227,466.0
592,HLA-A24:02,5382.62,ANZ78847,QGDKCNIFANL,592,467.0
378,HLA-A24:02,5382.92,ANZ78847,IQADSFTCNNI,378,468.0
62,HLA-A24:02,5383.11,ANZ78847,NTTLFLNGYYP,62,469.0
960,HLA-A24:02,5383.11,ANZ78847,LLSENQISGYT,960,469.0
768,HLA-A24:02,5383.14,ANZ78847,ITTGYRFTNFE,768,471.0
165,HLA-A24:02,5383.27,ANZ78847,SVCQYNMCEYP,165,472.0
508,HLA-A24:02,5383.32,ANZ78847,VGSGPGKNNGI,508,473.0
238,HLA-A24:02,5383.35,ANZ78847,KFLFNVYLGMA,238,474.0
712,HLA-A24:02,5383.41,ANZ78847,NNSLTRQLQPI,712,475.0
1218,HLA-A24:02,5383.46,ANZ78847,TCAVNYTKAPY,1218,476.0
1011,HLA-A24:02,5383.61,ANZ78847,NQKLIANAFNN,1011,477.0
1229,HLA-A24:02,5383.79,ANZ78847,VMLNTSIPNLP,1229,478.0
63,HLA-A24:02,5384.0,ANZ78847,TTLFLNGYYPT,63,479.0
73,HLA-A24:02,5384.16,ANZ78847,TSGSTYRNMAL,73,480.0
1217,HLA-A24:02,5384.17,ANZ78847,STCAVNYTKAP,1217,481.0
713,HLA-A24:02,5384.18,ANZ78847,NSLTRQLQPIN,713,482.0
1254,HLA-A24:02,5384.19,ANZ78847,SVAPDLALDYI,1254,483.0
1257,HLA-A24:02,5384.38,ANZ78847,PDLALDYINVT,1257,484.0
304,HLA-A24:02,5384.55,ANZ78847,EIKCKTQSIAP,304,485.0
330,HLA-A24:02,5384.55,ANZ78847,ADVYRRKPDLP,330,485.0
284,HLA-A24:02,5384.59,ANZ78847,AFNQDGIIFNA,284,487.0
688,HLA-A24:02,5384.63,ANZ78847,SAAFHANSSEP,688,488.0
315,HLA-A24:02,5384.66,ANZ78847,PTGVYELNGYT,315,489.0
782,HLA-A24:02,5384.88,ANZ78847,VNSVNDSLEPV,782,490.0
356,HLA-A24:02,5384.93,ANZ78847,PLNWERKTFSN,356,491.0
27,HLA-A24:02,5384.96,ANZ78847,GSLNNIDTGPP,27,492.0
1344,HLA-A24:02,5385.03,ANZ78847,CDDYTGYQELV,1344,493.0
431,HLA-A24:02,5385.06,ANZ78847,IDTTATSCQLY,431,494.0
1180,HLA-A24:02,5385.06,ANZ78847,GIAPKSGYFVN,1180,494.0
316,HLA-A24:02,5385.12,ANZ78847,TGVYELNGYTV,316,496.0
1235,HLA-A24:02,5385.13,ANZ78847,IPNLPDFREEL,1235,497.0
1225,HLA-A24:02,5385.15,ANZ78847,KAPYVMLNTSI,1225,498.0
673,HLA-A24:02,5385.16,ANZ78847,TNRTFMIRSCY,673,499.0
1173,HLA-A24:02,5385.3,ANZ78847,LCIAGDRGIAP,1173,500.0
24,HLA-A24:02,5385.32,ANZ78847,SRTGSLNNIDT,24,501.0
1034,HLA-A24:02,5385.35,ANZ78847,NSALVKIQAVV,1034,502.0
840,HLA-A24:02,5385.57,ANZ78847,VEYGSFCDNIN,840,503.0
323,HLA-A24:02,5385.7,ANZ78847,GYTVQPIADVY,323,504.0
325,HLA-A24:02,5385.74,ANZ78847,TVQPIADVYRR,325,505.0
369,HLA-A24:02,5385.88,ANZ78847,FNMSSLMSFIQ,369,506.0
998,HLA-A24:02,5385.88,ANZ78847,INGLGVTMDVL,998,506.0
34,HLA-A24:02,5385.89,ANZ78847,TGPPSISTATV,34,508.0
553,HLA-A24:02,5385.92,ANZ78847,LVGIGEHCSGL,553,509.0
1006,HLA-A24:02,5385.95,ANZ78847,DVLSQNQKLIA,1006,510.0
1031,HLA-A24:02,5386.07,ANZ78847,DATNSALVKIQ,1031,511.0
941,HLA-A24:02,5386.12,ANZ78847,EIRDLICVQSY,941,512.0
1123,HLA-A24:02,5386.24,ANZ78847,ECVKSQSSRIN,1123,513.0
875,HLA-A24:02,5386.25,ANZ78847,VTLSTKLKDGV,875,514.0
1069,HLA-A24:02,5386.32,ANZ78847,LQEILSRLDAL,1069,515.0
654,HLA-A24:02,5386.53,ANZ78847,WQNLLYDSNGN,654,516.0
729,HLA-A24:02,5386.55,ANZ78847,LGCVVNAYNST,729,517.0
581,HLA-A24:02,5386.66,ANZ78847,AFLGWSADSCL,581,518.0
523,HLA-A24:02,5386.68,ANZ78847,AGTNYLTCHNL,523,519.0
925,HLA-A24:02,5386.68,ANZ78847,SDVGFVAAYNN,925,519.0
812,HLA-A24:02,5386.69,ANZ78847,FIQTSSPKVTI,812,521.0
67,HLA-A24:02,5386.71,ANZ78847,LNGYYPTSGST,67,522.0
38,HLA-A24:02,5386.73,ANZ78847,SISTATVDVTN,38,523.0
1304,HLA-A24:02,5386.73,ANZ78847,WPWYVWLLICL,1304,523.0
145,HLA-A24:02,5387.04,ANZ78847,PRTINSTQDGV,145,525.0
105,HLA-A24:02,5387.05,ANZ78847,GIFAKVKNTKV,105,526.0
781,HLA-A24:02,5387.07,ANZ78847,TVNSVNDSLEP,781,527.0
1090,HLA-A24:02,5387.07,ANZ78847,NGRLTALNAYV,1090,527.0
237,HLA-A24:02,5387.12,ANZ78847,TKFLFNVYLGM,237,529.0
331,HLA-A24:02,5387.23,ANZ78847,DVYRRKPDLPN,331,530.0
1198,HLA-A24:02,5387.31,ANZ78847,TGSGYYYPEPI,1198,531.0
668,HLA-A24:02,5387.34,ANZ78847,FRDYLTNRTFM,668,532.0
1027,HLA-A24:02,5387.39,ANZ78847,QEGFDATNSAL,1027,533.0
421,HLA-A24:02,5387.42,ANZ78847,LGYLQSFNYRI,421,534.0
265,HLA-A24:02,5387.49,ANZ78847,IGFTLEYWVTP,265,535.0
270,HLA-A24:02,5387.5,ANZ78847,EYWVTPLTSRQ,270,536.0
853,HLA-A24:02,5387.53,ANZ78847,LTEVNELLDTT,853,537.0
808,HLA-A24:02,5387.57,ANZ78847,NMEEFIQTSSP,808,538.0
123,HLA-A24:02,5387.58,ANZ78847,SEFPAITIGST,123,539.0
590,HLA-A24:02,5387.7,ANZ78847,CLQGDKCNIFA,590,540.0
917,HLA-A24:02,5387.79,ANZ78847,LLFDKVKLSDV,917,541.0
1007,HLA-A24:02,5387.83,ANZ78847,VLSQNQKLIAN,1007,542.0
397,HLA-A24:02,5387.86,ANZ78847,CFSSITIDKFA,397,543.0
912,HLA-A24:02,5387.97,ANZ78847,SAIEDLLFDKV,912,544.0
987,HLA-A24:02,5388.02,ANZ78847,GVPFYLNVQYR,987,545.0
788,HLA-A24:02,5388.07,ANZ78847,SLEPVGGLYEI,788,546.0
946,HLA-A24:02,5388.11,ANZ78847,ICVQSYKGIKV,946,547.0
1041,HLA-A24:02,5388.14,ANZ78847,QAVVNANAEAL,1041,548.0
90,HLA-A24:02,5388.15,ANZ78847,STLWFKPPFLS,90,549.0
278,HLA-A24:02,5388.2,ANZ78847,SRQYLLAFNQD,278,550.0
1089,HLA-A24:02,5388.27,ANZ78847,INGRLTALNAY,1089,551.0
107,HLA-A24:02,5388.37,ANZ78847,FAKVKNTKVFK,107,552.0
222,HLA-A24:02,5388.4,ANZ78847,EGGTFYAYFTD,222,553.0
202,HLA-A24:02,5388.63,ANZ78847,YKRNFTYDVNA,202,554.0
223,HLA-A24:02,5388.63,ANZ78847,GGTFYAYFTDT,223,554.0
433,HLA-A24:02,5388.7,ANZ78847,TTATSCQLYYN,433,556.0
457,HLA-A24:02,5388.86,ANZ78847,STWNKRFGFIE,457,557.0
348,HLA-A24:02,5388.93,ANZ78847,LNDKSVPSPLN,348,558.0
1033,HLA-A24:02,5388.93,ANZ78847,TNSALVKIQAV,1033,558.0
1129,HLA-A24:02,5388.97,ANZ78847,SSRINFCGNGN,1129,560.0
86,HLA-A24:02,5388.98,ANZ78847,TDKLSTLWFKP,86,561.0
883,HLA-A24:02,5388.99,ANZ78847,DGVNFNVDDIN,883,562.0
1053,HLA-A24:02,5389.01,ANZ78847,NLLQQLSNRFG,1053,563.0
277,HLA-A24:02,5389.26,ANZ78847,TSRQYLLAFNQ,277,564.0
584,HLA-A24:02,5389.46,ANZ78847,GWSADSCLQGD,584,565.0
410,HLA-A24:02,5389.5,ANZ78847,NGRKVDLQLGN,410,566.0
1084,HLA-A24:02,5389.52,ANZ78847,QIDRLINGRLT,1084,567.0
506,HLA-A24:02,5389.56,ANZ78847,LCVGSGPGKNN,506,568.0
1281,HLA-A24:02,5389.7,ANZ78847,AIKVLNQSYIN,1281,569.0
1079,HLA-A24:02,5389.75,ANZ78847,LEAEAQIDRLI,1079,570.0
1349,HLA-A24:02,5389.78,ANZ78847,GYQELVIKTSH,1349,571.0
1182,HLA-A24:02,5389.82,ANZ78847,APKSGYFVNVN,1182,572.0
468,HLA-A24:02,5389.84,ANZ78847,DSVFKPQPAGV,468,573.0
627,HLA-A24:02,5389.84,ANZ78847,GVCVNYDLYGI,627,573.0
527,HLA-A24:02,5389.93,ANZ78847,YLTCHNLCNPD,527,575.0
203,HLA-A24:02,5389.95,ANZ78847,KRNFTYDVNAT,203,576.0
993,HLA-A24:02,5389.96,ANZ78847,NVQYRINGLGV,993,577.0
33,HLA-A24:02,5390.03,ANZ78847,DTGPPSISTAT,33,578.0
176,HLA-A24:02,5390.04,ANZ78847,HTICHPNLGNH,176,579.0
308,HLA-A24:02,5390.04,ANZ78847,KTQSIAPPTGV,308,579.0
443,HLA-A24:02,5390.04,ANZ78847,NLPAANVSVSR,443,579.0
171,HLA-A24:02,5390.05,ANZ78847,MCEYPHTICHP,171,582.0
21,HLA-A24:02,5390.15,ANZ78847,PLDSRTGSLNN,21,583.0
773,HLA-A24:02,5390.35,ANZ78847,RFTNFEPFTVN,773,584.0
726,HLA-A24:02,5390.44,ANZ78847,DSYLGCVVNAY,726,585.0
185,HLA-A24:02,5390.51,ANZ78847,NHFKELWHMDT,185,586.0
191,HLA-A24:02,5390.56,ANZ78847,WHMDTGVVSCL,191,587.0
16,HLA-A24:02,5390.58,ANZ78847,GDLKCPLDSRT,16,588.0
1204,HLA-A24:02,5390.62,ANZ78847,YPEPITENNVV,1204,589.0
110,HLA-A24:02,5390.64,ANZ78847,VKNTKVFKDGV,110,590.0
1100,HLA-A24:02,5390.66,ANZ78847,VSQQLSDSTLV,1100,591.0
264,HLA-A24:02,5390.68,ANZ78847,NIGFTLEYWVT,264,592.0
777,HLA-A24:02,5390.71,ANZ78847,FEPFTVNSVND,777,593.0
13,HLA-A24:02,5390.86,ANZ78847,AVIGDLKCPLD,13,594.0
639,HLA-A24:02,5390.87,ANZ78847,GQGIFVEVNAT,639,595.0
5,HLA-A24:02,5390.88,ANZ78847,LISLPTAFAVI,5,596.0
1139,HLA-A24:02,5390.89,ANZ78847,NHIISLVQNAP,1139,597.0
77,HLA-A24:02,5390.94,ANZ78847,TYRNMALKGTD,77,598.0
100,HLA-A24:02,5390.95,ANZ78847,SDFINGIFAKV,100,599.0
400,HLA-A24:02,5390.95,ANZ78847,SITIDKFAIPN,400,599.0
1276,HLA-A24:02,5390.97,ANZ78847,NRLQEAIKVLN,1276,601.0
112,HLA-A24:02,5391.12,ANZ78847,NTKVFKDGVMY,112,602.0
327,HLA-A24:02,5391.12,ANZ78847,QPIADVYRRKP,327,602.0
602,HLA-A24:02,5391.12,ANZ78847,LILHDVNSGLT,602,602.0
1270,HLA-A24:02,5391.13,ANZ78847,DLQVEMNRLQE,1270,605.0
1214,HLA-A24:02,5391.21,ANZ78847,VVMSTCAVNYT,1214,606.0
1310,HLA-A24:02,5391.37,ANZ78847,LLICLAGVAML,1310,607.0
1028,HLA-A24:02,5391.44,ANZ78847,EGFDATNSALV,1028,608.0
415,HLA-A24:02,5391.56,ANZ78847,DLQLGNLGYLQ,415,609.0
36,HLA-A24:02,5391.61,ANZ78847,PPSISTATVDV,36,610.0
394,HLA-A24:02,5391.62,ANZ78847,YGMCFSSITID,394,611.0
322,HLA-A24:02,5391.65,ANZ78847,NGYTVQPIADV,322,612.0
695,HLA-A24:02,5391.65,ANZ78847,SSEPALLFRNI,695,612.0
924,HLA-A24:02,5391.65,ANZ78847,LSDVGFVAAYN,924,612.0
370,HLA-A24:02,5391.79,ANZ78847,NMSSLMSFIQA,370,615.0
887,HLA-A24:02,5391.8,ANZ78847,FNVDDINFSSV,887,616.0
320,HLA-A24:02,5391.84,ANZ78847,ELNGYTVQPIA,320,617.0
1024,HLA-A24:02,5391.92,ANZ78847,DAIQEGFDATN,1024,618.0
23,HLA-A24:02,5392.03,ANZ78847,DSRTGSLNNID,23,619.0
22,HLA-A24:02,5392.13,ANZ78847,LDSRTGSLNNI,22,620.0
830,HLA-A24:02,5392.15,ANZ78847,GDYAACKSQLV,830,621.0
700,HLA-A24:02,5392.16,ANZ78847,LLFRNIKCNYV,700,622.0
739,HLA-A24:02,5392.27,ANZ78847,TAISVQTCDLT,739,623.0
863,HLA-A24:02,5392.31,ANZ78847,TQLQVANSLMN,863,624.0
85,HLA-A24:02,5392.36,ANZ78847,GTDKLSTLWFK,85,625.0
664,HLA-A24:02,5392.38,ANZ78847,NLYGFRDYLTN,664,626.0
299,HLA-A24:02,5392.6,ANZ78847,SDFMSEIKCKT,299,627.0
869,HLA-A24:02,5392.62,ANZ78847,NSLMNGVTLST,869,628.0
306,HLA-A24:02,5392.64,ANZ78847,KCKTQSIAPPT,306,629.0
175,HLA-A24:02,5392.8,ANZ78847,PHTICHPNLGN,175,630.0
47,HLA-A24:02,5392.82,ANZ78847,TNGLGTYYVLD,47,631.0
758,HLA-A24:02,5392.82,ANZ78847,YSKNRRSRRAI,758,631.0
852,HLA-A24:02,5392.9,ANZ78847,ILTEVNELLDT,852,633.0
546,HLA-A24:02,5392.96,ANZ78847,KCPQSKSLVGI,546,634.0
866,HLA-A24:02,5392.98,ANZ78847,QVANSLMNGVT,866,635.0
471,HLA-A24:02,5393.09,ANZ78847,FKPQPAGVLTN,471,636.0
733,HLA-A24:02,5393.21,ANZ78847,VNAYNSTAISV,733,637.0
971,HLA-A24:02,5393.22,ANZ78847,LAATSASLFPP,971,638.0
432,HLA-A24:02,5393.28,ANZ78847,DTTATSCQLYY,432,639.0
87,HLA-A24:02,5393.4,ANZ78847,DKLSTLWFKPP,87,640.0
1233,HLA-A24:02,5393.61,ANZ78847,TSIPNLPDFRE,1233,641.0
1137,HLA-A24:02,5393.72,ANZ78847,NGNHIISLVQN,1137,642.0
707,HLA-A24:02,5393.73,ANZ78847,CNYVFNNSLTR,707,643.0
439,HLA-A24:02,5393.78,ANZ78847,QLYYNLPAANV,439,644.0
465,HLA-A24:02,5393.82,ANZ78847,FIEDSVFKPQP,465,645.0
49,HLA-A24:02,5394.04,ANZ78847,GLGTYYVLDRV,49,646.0
1036,HLA-A24:02,5394.19,ANZ78847,ALVKIQAVVNA,1036,647.0
949,HLA-A24:02,5394.35,ANZ78847,QSYKGIKVLPP,949,648.0
865,HLA-A24:02,5394.48,ANZ78847,LQVANSLMNGV,865,649.0
563,HLA-A24:02,5394.56,ANZ78847,LAVKSDYCGGN,563,650.0
1061,HLA-A24:02,5394.61,ANZ78847,RFGAISSSLQE,1061,651.0
996,HLA-A24:02,5394.63,ANZ78847,YRINGLGVTMD,996,652.0
519,HLA-A24:02,5394.71,ANZ78847,GTCPAGTNYLT,519,653.0
1001,HLA-A24:02,5394.84,ANZ78847,LGVTMDVLSQN,1001,654.0
645,HLA-A24:02,5394.91,ANZ78847,EVNATYYNSWQ,645,655.0
538,HLA-A24:02,5394.98,ANZ78847,PITFTGPYKCP,538,656.0
318,HLA-A24:02,5395.04,ANZ78847,VYELNGYTVQP,318,657.0
549,HLA-A24:02,5395.08,ANZ78847,QSKSLVGIGEH,549,658.0
389,HLA-A24:02,5395.1,ANZ78847,DAAKIYGMCFS,389,659.0
1030,HLA-A24:02,5395.13,ANZ78847,FDATNSALVKI,1030,660.0
146,HLA-A24:02,5395.26,ANZ78847,RTINSTQDGVN,146,661.0
1023,HLA-A24:02,5395.26,ANZ78847,LDAIQEGFDAT,1023,661.0
1200,HLA-A24:02,5395.3,ANZ78847,SGYYYPEPITE,1200,663.0
1135,HLA-A24:02,5395.33,ANZ78847,CGNGNHIISLV,1135,664.0
944,HLA-A24:02,5395.38,ANZ78847,DLICVQSYKGI,944,665.0
1014,HLA-A24:02,5395.49,ANZ78847,LIANAFNNALD,1014,666.0
985,HLA-A24:02,5395.54,ANZ78847,AAGVPFYLNVQ,985,667.0
548,HLA-A24:02,5395.58,ANZ78847,PQSKSLVGIGE,548,668.0
876,HLA-A24:02,5395.66,ANZ78847,TLSTKLKDGVN,876,669.0
905,HLA-A24:02,5395.74,ANZ78847,CSKASSRSAIE,905,670.0
528,HLA-A24:02,5395.79,ANZ78847,LTCHNLCNPDP,528,671.0
1256,HLA-A24:02,5395.83,ANZ78847,APDLALDYINV,1256,672.0
379,HLA-A24:02,5396.01,ANZ78847,QADSFTCNNID,379,673.0
515,HLA-A24:02,5396.1,ANZ78847,NNGIGTCPAGT,515,674.0
473,HLA-A24:02,5396.11,ANZ78847,PQPAGVLTNHD,473,675.0
160,HLA-A24:02,5396.2,ANZ78847,GLLEVSVCQYN,160,676.0
1054,HLA-A24:02,5396.38,ANZ78847,LLQQLSNRFGA,1054,677.0
882,HLA-A24:02,5396.42,ANZ78847,KDGVNFNVDDI,882,678.0
1035,HLA-A24:02,5396.44,ANZ78847,SALVKIQAVVN,1035,679.0
180,HLA-A24:02,5396.45,ANZ78847,HPNLGNHFKEL,180,680.0
398,HLA-A24:02,5396.54,ANZ78847,FSSITIDKFAI,398,681.0
1080,HLA-A24:02,5396.72,ANZ78847,EAEAQIDRLIN,1080,682.0
274,HLA-A24:02,5396.73,ANZ78847,TPLTSRQYLLA,274,683.0
936,HLA-A24:02,5396.78,ANZ78847,CTGGAEIRDLI,936,684.0
1032,HLA-A24:02,5396.87,ANZ78847,ATNSALVKIQA,1032,685.0
1093,HLA-A24:02,5396.96,ANZ78847,LTALNAYVSQQ,1093,686.0
463,HLA-A24:02,5397.02,ANZ78847,FGFIEDSVFKP,463,687.0
1342,HLA-A24:02,5397.08,ANZ78847,GCCDDYTGYQE,1342,688.0
1266,HLA-A24:02,5397.1,ANZ78847,VTFLDLQVEMN,1266,689.0
512,HLA-A24:02,5397.13,ANZ78847,PGKNNGIGTCP,512,690.0
756,HLA-A24:02,5397.19,ANZ78847,VDYSKNRRSRR,756,691.0
1076,HLA-A24:02,5397.21,ANZ78847,LDALEAEAQID,1076,692.0
637,HLA-A24:02,5397.25,ANZ78847,ISGQGIFVEVN,637,693.0
371,HLA-A24:02,5397.26,ANZ78847,MSSLMSFIQAD,371,694.0
254,HLA-A24:02,5397.27,ANZ78847,VMPLTCISRRN,254,695.0
317,HLA-A24:02,5397.3,ANZ78847,GVYELNGYTVQ,317,696.0
859,HLA-A24:02,5397.31,ANZ78847,LLDTTQLQVAN,859,697.0
1130,HLA-A24:02,5397.33,ANZ78847,SRINFCGNGNH,1130,698.0
886,HLA-A24:02,5397.35,ANZ78847,NFNVDDINFSS,886,699.0
199,HLA-A24:02,5397.42,ANZ78847,SCLYKRNFTYD,199,700.0
696,HLA-A24:02,5397.43,ANZ78847,SEPALLFRNIK,696,701.0
613,HLA-A24:02,5397.52,ANZ78847,CSTDLQKANTD,613,702.0
245,HLA-A24:02,5397.74,ANZ78847,LGMALSHYYVM,245,703.0
638,HLA-A24:02,5397.84,ANZ78847,SGQGIFVEVNA,638,704.0
1067,HLA-A24:02,5398.0,ANZ78847,SSLQEILSRLD,1067,705.0
1002,HLA-A24:02,5398.1,ANZ78847,GVTMDVLSQNQ,1002,706.0
630,HLA-A24:02,5398.13,ANZ78847,VNYDLYGISGQ,630,707.0
636,HLA-A24:02,5398.19,ANZ78847,GISGQGIFVEV,636,708.0
635,HLA-A24:02,5398.21,ANZ78847,YGISGQGIFVE,635,709.0
1111,HLA-A24:02,5398.24,ANZ78847,KFSAAQAMEKV,1111,710.0
831,HLA-A24:02,5398.32,ANZ78847,DYAACKSQLVE,831,711.0
1127,HLA-A24:02,5398.5,ANZ78847,SQSSRINFCGN,1127,712.0
478,HLA-A24:02,5398.63,ANZ78847,VLTNHDVVYAQ,478,713.0
593,HLA-A24:02,5398.63,ANZ78847,GDKCNIFANLI,593,713.0
724,HLA-A24:02,5398.65,ANZ78847,YFDSYLGCVVN,724,715.0
335,HLA-A24:02,5398.71,ANZ78847,RKPDLPNCNIE,335,716.0
957,HLA-A24:02,5398.75,ANZ78847,LPPLLSENQIS,957,717.0
731,HLA-A24:02,5398.81,ANZ78847,CVVNAYNSTAI,731,718.0
618,HLA-A24:02,5399.02,ANZ78847,QKANTDIKLGV,618,719.0
1350,HLA-A24:02,5399.06,ANZ78847,YQELVIKTSHD,1350,720.0
35,HLA-A24:02,5399.11,ANZ78847,GPPSISTATVD,35,721.0
214,HLA-A24:02,5399.38,ANZ78847,YLYFHFYQEGG,214,722.0
1236,HLA-A24:02,5399.42,ANZ78847,PNLPDFREELD,1236,723.0
1092,HLA-A24:02,5399.51,ANZ78847,RLTALNAYVSQ,1092,724.0
102,HLA-A24:02,5399.71,ANZ78847,FINGIFAKVKN,102,725.0
623,HLA-A24:02,5399.72,ANZ78847,DIKLGVCVNYD,623,726.0
470,HLA-A24:02,5399.76,ANZ78847,VFKPQPAGVLT,470,727.0
847,HLA-A24:02,5399.78,ANZ78847,DNINAILTEVN,847,728.0
134,HLA-A24:02,5399.81,ANZ78847,FVNTSYSVVVQ,134,729.0
1050,HLA-A24:02,5399.85,ANZ78847,ALNNLLQQLSN,1050,730.0
343,HLA-A24:02,5399.86,ANZ78847,NIEAWLNDKSV,343,731.0
1095,HLA-A24:02,5399.94,ANZ78847,ALNAYVSQQLS,1095,732.0
118,HLA-A24:02,5400.08,ANZ78847,DGVMYSEFPAI,118,733.0
292,HLA-A24:02,5400.08,ANZ78847,FNAVDCMSDFM,292,733.0
1017,HLA-A24:02,5400.16,ANZ78847,NAFNNALDAIQ,1017,735.0
286,HLA-A24:02,5400.19,ANZ78847,NQDGIIFNAVD,286,736.0
839,HLA-A24:02,5400.21,ANZ78847,LVEYGSFCDNI,839,737.0
489,HLA-A24:02,5400.25,ANZ78847,HCFKAPKNFCP,489,738.0
856,HLA-A24:02,5400.32,ANZ78847,VNELLDTTQLQ,856,739.0
255,HLA-A24:02,5400.62,ANZ78847,MPLTCISRRNI,255,740.0
1274,HLA-A24:02,5400.62,ANZ78847,EMNRLQEAIKV,1274,740.0
240,HLA-A24:02,5400.64,ANZ78847,LFNVYLGMALS,240,742.0
1042,HLA-A24:02,5400.64,ANZ78847,AVVNANAEALN,1042,742.0
1112,HLA-A24:02,5400.67,ANZ78847,FSAAQAMEKVN,1112,744.0
880,HLA-A24:02,5400.73,ANZ78847,KLKDGVNFNVD,880,745.0
11,HLA-A24:02,5400.83,ANZ78847,AFAVIGDLKCP,11,746.0
954,HLA-A24:02,5400.88,ANZ78847,IKVLPPLLSEN,954,747.0
799,HLA-A24:02,5400.91,ANZ78847,QIPSDFTIGNM,799,748.0
6,HLA-A24:02,5400.98,ANZ78847,ISLPTAFAVIG,6,749.0
821,HLA-A24:02,5401.11,ANZ78847,TIDCAAFVCGD,821,750.0
377,HLA-A24:02,5401.12,ANZ78847,FIQADSFTCNN,377,751.0
657,HLA-A24:02,5401.12,ANZ78847,LLYDSNGNLYG,657,751.0
1252,HLA-A24:02,5401.24,ANZ78847,QTSVAPDLALD,1252,753.0
1338,HLA-A24:02,5401.33,ANZ78847,KKCGGCCDDYT,1338,754.0
687,HLA-A24:02,5401.35,ANZ78847,VSAAFHANSSE,687,755.0
321,HLA-A24:02,5401.37,ANZ78847,LNGYTVQPIAD,321,756.0
404,HLA-A24:02,5401.47,ANZ78847,DKFAIPNGRKV,404,757.0
142,HLA-A24:02,5401.54,ANZ78847,VVQPRTINSTQ,142,758.0
915,HLA-A24:02,5401.61,ANZ78847,EDLLFDKVKLS,915,759.0
305,HLA-A24:02,5401.62,ANZ78847,IKCKTQSIAPP,305,760.0
732,HLA-A24:02,5401.63,ANZ78847,VVNAYNSTAIS,732,761.0
1232,HLA-A24:02,5401.69,ANZ78847,NTSIPNLPDFR,1232,762.0
529,HLA-A24:02,5401.7,ANZ78847,TCHNLCNPDPI,529,763.0
591,HLA-A24:02,5401.76,ANZ78847,LQGDKCNIFAN,591,764.0
727,HLA-A24:02,5401.81,ANZ78847,SYLGCVVNAYN,727,765.0
328,HLA-A24:02,5401.84,ANZ78847,PIADVYRRKPD,328,766.0
167,HLA-A24:02,5401.86,ANZ78847,CQYNMCEYPHT,167,767.0
132,HLA-A24:02,5401.89,ANZ78847,STFVNTSYSVV,132,768.0
1132,HLA-A24:02,5401.92,ANZ78847,INFCGNGNHII,1132,769.0
184,HLA-A24:02,5401.99,ANZ78847,GNHFKELWHMD,184,770.0
997,HLA-A24:02,5402.0,ANZ78847,RINGLGVTMDV,997,771.0
20,HLA-A24:02,5402.11,ANZ78847,CPLDSRTGSLN,20,772.0
260,HLA-A24:02,5402.11,ANZ78847,ISRRNIGFTLE,260,772.0
1230,HLA-A24:02,5402.13,ANZ78847,MLNTSIPNLPD,1230,774.0
1113,HLA-A24:02,5402.28,ANZ78847,SAAQAMEKVNE,1113,775.0
1047,HLA-A24:02,5402.3,ANZ78847,NAEALNNLLQQ,1047,776.0
1138,HLA-A24:02,5402.37,ANZ78847,GNHIISLVQNA,1138,777.0
324,HLA-A24:02,5402.41,ANZ78847,YTVQPIADVYR,324,778.0
72,HLA-A24:02,5402.55,ANZ78847,PTSGSTYRNMA,72,779.0
652,HLA-A24:02,5402.78,ANZ78847,NSWQNLLYDSN,652,780.0
334,HLA-A24:02,5402.86,ANZ78847,RRKPDLPNCNI,334,781.0
1157,HLA-A24:02,5402.91,ANZ78847,FSYVPTKYVTA,1157,782.0
1171,HLA-A24:02,5402.92,ANZ78847,PGLCIAGDRGI,1171,783.0
438,HLA-A24:02,5402.94,ANZ78847,CQLYYNLPAAN,438,784.0
475,HLA-A24:02,5402.96,ANZ78847,PAGVLTNHDVV,475,785.0
1075,HLA-A24:02,5402.98,ANZ78847,RLDALEAEAQI,1075,786.0
740,HLA-A24:02,5403.01,ANZ78847,AISVQTCDLTV,740,787.0
29,HLA-A24:02,5403.06,ANZ78847,LNNIDTGPPSI,29,788.0
1234,HLA-A24:02,5403.11,ANZ78847,SIPNLPDFREE,1234,789.0
868,HLA-A24:02,5403.16,ANZ78847,ANSLMNGVTLS,868,790.0
156,HLA-A24:02,5403.3,ANZ78847,NKLQGLLEVSV,156,791.0
1049,HLA-A24:02,5403.31,ANZ78847,EALNNLLQQLS,1049,792.0
474,HLA-A24:02,5403.35,ANZ78847,QPAGVLTNHDV,474,793.0
628,HLA-A24:02,5403.57,ANZ78847,VCVNYDLYGIS,628,794.0
339,HLA-A24:02,5403.62,ANZ78847,LPNCNIEAWLN,339,795.0
576,HLA-A24:02,5403.66,ANZ78847,TCQPQAFLGWS,576,796.0
1064,HLA-A24:02,5403.87,ANZ78847,AISSSLQEILS,1064,797.0
236,HLA-A24:02,5403.89,ANZ78847,VTKFLFNVYLG,236,798.0
605,HLA-A24:02,5403.97,ANZ78847,HDVNSGLTCST,605,799.0
187,HLA-A24:02,5404.0,ANZ78847,FKELWHMDTGV,187,800.0
101,HLA-A24:02,5404.12,ANZ78847,DFINGIFAKVK,101,801.0
955,HLA-A24:02,5404.12,ANZ78847,KVLPPLLSENQ,955,801.0
1242,HLA-A24:02,5404.13,ANZ78847,REELDQWFKNQ,1242,803.0
891,HLA-A24:02,5404.18,ANZ78847,DINFSSVLGCL,891,804.0
1269,HLA-A24:02,5404.32,ANZ78847,LDLQVEMNRLQ,1269,805.0
792,HLA-A24:02,5404.33,ANZ78847,VGGLYEIQIPS,792,806.0
1277,HLA-A24:02,5404.36,ANZ78847,RLQEAIKVLNQ,1277,807.0
1216,HLA-A24:02,5404.42,ANZ78847,MSTCAVNYTKA,1216,808.0
1172,HLA-A24:02,5404.49,ANZ78847,GLCIAGDRGIA,1172,809.0
1246,HLA-A24:02,5404.51,ANZ78847,DQWFKNQTSVA,1246,810.0
303,HLA-A24:02,5404.57,ANZ78847,SEIKCKTQSIA,303,811.0
1324,HLA-A24:02,5404.61,ANZ78847,FFICCCTGCGT,1324,812.0
1046,HLA-A24:02,5404.62,ANZ78847,ANAEALNNLLQ,1046,813.0
310,HLA-A24:02,5404.69,ANZ78847,QSIAPPTGVYE,310,814.0
1107,HLA-A24:02,5404.8,ANZ78847,STLVKFSAAQA,1107,815.0
653,HLA-A24:02,5404.98,ANZ78847,SWQNLLYDSNG,653,816.0
747,HLA-A24:02,5405.0,ANZ78847,DLTVGSGYCVD,747,817.0
881,HLA-A24:02,5405.01,ANZ78847,LKDGVNFNVDD,881,818.0
588,HLA-A24:02,5405.05,ANZ78847,DSCLQGDKCNI,588,819.0
1055,HLA-A24:02,5405.07,ANZ78847,LQQLSNRFGAI,1055,820.0
1104,HLA-A24:02,5405.07,ANZ78847,LSDSTLVKFSA,1104,820.0
460,HLA-A24:02,5405.1,ANZ78847,NKRFGFIEDSV,460,822.0
1038,HLA-A24:02,5405.13,ANZ78847,VKIQAVVNANA,1038,823.0
1286,HLA-A24:02,5405.17,ANZ78847,NQSYINLKDIG,1286,824.0
614,HLA-A24:02,5405.19,ANZ78847,STDLQKANTDI,614,825.0
166,HLA-A24:02,5405.25,ANZ78847,VCQYNMCEYPH,166,826.0
452,HLA-A24:02,5405.26,ANZ78847,SRFNPSTWNKR,452,827.0
921,HLA-A24:02,5405.35,ANZ78847,KVKLSDVGFVA,921,828.0
606,HLA-A24:02,5405.39,ANZ78847,DVNSGLTCSTD,606,829.0
1037,HLA-A24:02,5405.39,ANZ78847,LVKIQAVVNAN,1037,829.0
1168,HLA-A24:02,5405.39,ANZ78847,KVSPGLCIAGD,1168,829.0
596,HLA-A24:02,5405.42,ANZ78847,CNIFANLILHD,596,832.0
178,HLA-A24:02,5405.46,ANZ78847,ICHPNLGNHFK,178,833.0
694,HLA-A24:02,5405.49,ANZ78847,NSSEPALLFRN,694,834.0
1056,HLA-A24:02,5405.58,ANZ78847,QQLSNRFGAIS,1056,835.0
1308,HLA-A24:02,5405.58,ANZ78847,VWLLICLAGVA,1308,835.0
631,HLA-A24:02,5405.67,ANZ78847,NYDLYGISGQG,631,837.0
671,HLA-A24:02,5405.8,ANZ78847,YLTNRTFMIRS,671,838.0
851,HLA-A24:02,5405.83,ANZ78847,AILTEVNELLD,851,839.0
269,HLA-A24:02,5405.87,ANZ78847,LEYWVTPLTSR,269,840.0
577,HLA-A24:02,5406.04,ANZ78847,CQPQAFLGWSA,577,841.0
1133,HLA-A24:02,5406.26,ANZ78847,NFCGNGNHIIS,1133,842.0
1264,HLA-A24:02,5406.3,ANZ78847,INVTFLDLQVE,1264,843.0
797,HLA-A24:02,5406.37,ANZ78847,EIQIPSDFTIG,797,844.0
114,HLA-A24:02,5406.46,ANZ78847,KVFKDGVMYSE,114,845.0
676,HLA-A24:02,5406.51,ANZ78847,TFMIRSCYSGR,676,846.0
780,HLA-A24:02,5406.53,ANZ78847,FTVNSVNDSLE,780,847.0
1118,HLA-A24:02,5406.65,ANZ78847,MEKVNECVKSQ,1118,848.0
1285,HLA-A24:02,5406.65,ANZ78847,LNQSYINLKDI,1285,848.0
611,HLA-A24:02,5406.67,ANZ78847,LTCSTDLQKAN,611,850.0
522,HLA-A24:02,5406.73,ANZ78847,PAGTNYLTCHN,522,851.0
570,HLA-A24:02,5406.75,ANZ78847,CGGNPCTCQPQ,570,852.0
179,HLA-A24:02,5406.77,ANZ78847,CHPNLGNHFKE,179,853.0
30,HLA-A24:02,5406.82,ANZ78847,NNIDTGPPSIS,30,854.0
858,HLA-A24:02,5407.03,ANZ78847,ELLDTTQLQVA,858,855.0
930,HLA-A24:02,5407.03,ANZ78847,VAAYNNCTGGA,930,855.0
927,HLA-A24:02,5407.39,ANZ78847,VGFVAAYNNCT,927,857.0
1082,HLA-A24:02,5407.4,ANZ78847,EAQIDRLINGR,1082,858.0
975,HLA-A24:02,5407.42,ANZ78847,SASLFPPWTAA,975,859.0
977,HLA-A24:02,5407.44,ANZ78847,SLFPPWTAAAG,977,860.0
571,HLA-A24:02,5407.45,ANZ78847,GGNPCTCQPQA,571,861.0
128,HLA-A24:02,5407.62,ANZ78847,ITIGSTFVNTS,128,862.0
172,HLA-A24:02,5407.62,ANZ78847,CEYPHTICHPN,172,862.0
753,HLA-A24:02,5407.69,ANZ78847,GYCVDYSKNRR,753,864.0
1012,HLA-A24:02,5407.71,ANZ78847,QKLIANAFNNA,1012,865.0
516,HLA-A24:02,5407.85,ANZ78847,NGIGTCPAGTN,516,866.0
493,HLA-A24:02,5407.87,ANZ78847,APKNFCPCKSN,493,867.0
1062,HLA-A24:02,5407.88,ANZ78847,FGAISSSLQEI,1062,868.0
466,HLA-A24:02,5407.89,ANZ78847,IEDSVFKPQPA,466,869.0
1096,HLA-A24:02,5408.03,ANZ78847,LNAYVSQQLSD,1096,870.0
486,HLA-A24:02,5408.15,ANZ78847,YAQHCFKAPKN,486,871.0
1197,HLA-A24:02,5408.18,ANZ78847,YTGSGYYYPEP,1197,872.0
974,HLA-A24:02,5408.35,ANZ78847,TSASLFPPWTA,974,873.0
872,HLA-A24:02,5408.45,ANZ78847,MNGVTLSTKLK,872,874.0
154,HLA-A24:02,5408.56,ANZ78847,GVNKLQGLLEV,154,875.0
755,HLA-A24:02,5408.59,ANZ78847,CVDYSKNRRSR,755,876.0
547,HLA-A24:02,5408.6,ANZ78847,CPQSKSLVGIG,547,877.0
689,HLA-A24:02,5408.67,ANZ78847,AAFHANSSEPA,689,878.0
962,HLA-A24:02,5408.69,ANZ78847,SENQISGYTLA,962,879.0
751,HLA-A24:02,5408.8,ANZ78847,GSGYCVDYSKN,751,880.0
610,HLA-A24:02,5408.89,ANZ78847,GLTCSTDLQKA,610,881.0
188,HLA-A24:02,5408.92,ANZ78847,KELWHMDTGVV,188,882.0
241,HLA-A24:02,5408.93,ANZ78847,FNVYLGMALSH,241,883.0
660,HLA-A24:02,5408.94,ANZ78847,DSNGNLYGFRD,660,884.0
1195,HLA-A24:02,5408.98,ANZ78847,WMYTGSGYYYP,1195,885.0
725,HLA-A24:02,5408.99,ANZ78847,FDSYLGCVVNA,725,886.0
302,HLA-A24:02,5409.01,ANZ78847,MSEIKCKTQSI,302,887.0
566,HLA-A24:02,5409.13,ANZ78847,KSDYCGGNPCT,566,888.0
1336,HLA-A24:02,5409.19,ANZ78847,CFKKCGGCCDD,1336,889.0
380,HLA-A24:02,5409.3,ANZ78847,ADSFTCNNIDA,380,890.0
1015,HLA-A24:02,5409.32,ANZ78847,IANAFNNALDA,1015,891.0
730,HLA-A24:02,5409.4,ANZ78847,GCVVNAYNSTA,730,892.0
477,HLA-A24:02,5409.51,ANZ78847,GVLTNHDVVYA,477,893.0
1122,HLA-A24:02,5409.51,ANZ78847,NECVKSQSSRI,1122,893.0
1060,HLA-A24:02,5409.52,ANZ78847,NRFGAISSSLQ,1060,895.0
842,HLA-A24:02,5409.63,ANZ78847,YGSFCDNINAI,842,896.0
846,HLA-A24:02,5409.71,ANZ78847,CDNINAILTEV,846,897.0
916,HLA-A24:02,5409.79,ANZ78847,DLLFDKVKLSD,916,898.0
295,HLA-A24:02,5409.8,ANZ78847,VDCMSDFMSEI,295,899.0
845,HLA-A24:02,5409.8,ANZ78847,FCDNINAILTE,845,899.0
1289,HLA-A24:02,5409.84,ANZ78847,YINLKDIGTYE,1289,901.0
333,HLA-A24:02,5409.86,ANZ78847,YRRKPDLPNCN,333,902.0
1000,HLA-A24:02,5409.9,ANZ78847,GLGVTMDVLSQ,1000,903.0
598,HLA-A24:02,5409.93,ANZ78847,IFANLILHDVN,598,904.0
300,HLA-A24:02,5409.94,ANZ78847,DFMSEIKCKTQ,300,905.0
854,HLA-A24:02,5409.94,ANZ78847,TEVNELLDTTQ,854,905.0
1272,HLA-A24:02,5409.94,ANZ78847,QVEMNRLQEAI,1272,905.0
1341,HLA-A24:02,5409.97,ANZ78847,GGCCDDYTGYQ,1341,908.0
386,HLA-A24:02,5410.0,ANZ78847,NNIDAAKIYGM,386,909.0
108,HLA-A24:02,5410.09,ANZ78847,AKVKNTKVFKD,108,910.0
778,HLA-A24:02,5410.12,ANZ78847,EPFTVNSVNDS,778,911.0
1026,HLA-A24:02,5410.12,ANZ78847,IQEGFDATNSA,1026,911.0
1106,HLA-A24:02,5410.13,ANZ78847,DSTLVKFSAAQ,1106,913.0
117,HLA-A24:02,5410.16,ANZ78847,KDGVMYSEFPA,117,914.0
483,HLA-A24:02,5410.26,ANZ78847,DVVYAQHCFKA,483,915.0
683,HLA-A24:02,5410.4,ANZ78847,YSGRVSAAFHA,683,916.0
848,HLA-A24:02,5410.43,ANZ78847,NINAILTEVNE,848,917.0
376,HLA-A24:02,5410.45,ANZ78847,SFIQADSFTCN,376,918.0
66,HLA-A24:02,5410.49,ANZ78847,FLNGYYPTSGS,66,919.0
539,HLA-A24:02,5410.59,ANZ78847,ITFTGPYKCPQ,539,920.0
536,HLA-A24:02,5410.65,ANZ78847,PDPITFTGPYK,536,921.0
904,HLA-A24:02,5410.65,ANZ78847,ECSKASSRSAI,904,921.0
1070,HLA-A24:02,5410.69,ANZ78847,QEILSRLDALE,1070,923.0
285,HLA-A24:02,5410.72,ANZ78847,FNQDGIIFNAV,285,924.0
963,HLA-A24:02,5410.86,ANZ78847,ENQISGYTLAA,963,925.0
922,HLA-A24:02,5410.94,ANZ78847,VKLSDVGFVAA,922,926.0
903,HLA-A24:02,5410.95,ANZ78847,SECSKASSRSA,903,927.0
1072,HLA-A24:02,5411.02,ANZ78847,ILSRLDALEAE,1072,928.0
651,HLA-A24:02,5411.04,ANZ78847,YNSWQNLLYDS,651,929.0
1131,HLA-A24:02,5411.05,ANZ78847,RINFCGNGNHI,1131,930.0
1088,HLA-A24:02,5411.15,ANZ78847,LINGRLTALNA,1088,931.0
1212,HLA-A24:02,5411.23,ANZ78847,NVVVMSTCAVN,1212,932.0
679,HLA-A24:02,5411.26,ANZ78847,IRSCYSGRVSA,679,933.0
1016,HLA-A24:02,5411.29,ANZ78847,ANAFNNALDAI,1016,934.0
1162,HLA-A24:02,5411.29,ANZ78847,TKYVTAKVSPG,1162,934.0
621,HLA-A24:02,5411.3,ANZ78847,NTDIKLGVCVN,621,936.0
1241,HLA-A24:02,5411.39,ANZ78847,FREELDQWFKN,1241,937.0
720,HLA-A24:02,5411.4,ANZ78847,QPINYFDSYLG,720,938.0
1022,HLA-A24:02,5411.42,ANZ78847,ALDAIQEGFDA,1022,939.0
1224,HLA-A24:02,5411.47,ANZ78847,TKAPYVMLNTS,1224,940.0
345,HLA-A24:02,5411.48,ANZ78847,EAWLNDKSVPS,345,941.0
952,HLA-A24:02,5411.49,ANZ78847,KGIKVLPPLLS,952,942.0
838,HLA-A24:02,5411.56,ANZ78847,QLVEYGSFCDN,838,943.0
1108,HLA-A24:02,5411.58,ANZ78847,TLVKFSAAQAM,1108,944.0
1271,HLA-A24:02,5411.64,ANZ78847,LQVEMNRLQEA,1271,945.0
684,HLA-A24:02,5411.74,ANZ78847,SGRVSAAFHAN,684,946.0
80,HLA-A24:02,5411.79,ANZ78847,NMALKGTDKLS,80,947.0
677,HLA-A24:02,5411.81,ANZ78847,FMIRSCYSGRV,677,948.0
806,HLA-A24:02,5411.83,ANZ78847,IGNMEEFIQTS,806,949.0
1187,HLA-A24:02,5411.83,ANZ78847,YFVNVNNTWMY,1187,949.0
793,HLA-A24:02,5411.87,ANZ78847,GGLYEIQIPSD,793,951.0
170,HLA-A24:02,5411.91,ANZ78847,NMCEYPHTICH,170,952.0
521,HLA-A24:02,5411.93,ANZ78847,CPAGTNYLTCH,521,953.0
558,HLA-A24:02,5411.98,ANZ78847,EHCSGLAVKSD,558,954.0
873,HLA-A24:02,5412.06,ANZ78847,NGVTLSTKLKD,873,955.0
1040,HLA-A24:02,5412.08,ANZ78847,IQAVVNANAEA,1040,956.0
862,HLA-A24:02,5412.16,ANZ78847,TTQLQVANSLM,862,957.0
1085,HLA-A24:02,5412.16,ANZ78847,IDRLINGRLTA,1085,957.0
1008,HLA-A24:02,5412.19,ANZ78847,LSQNQKLIANA,1008,959.0
1293,HLA-A24:02,5412.29,ANZ78847,KDIGTYEYYVK,1293,960.0
130,HLA-A24:02,5412.36,ANZ78847,IGSTFVNTSYS,130,961.0
1311,HLA-A24:02,5412.38,ANZ78847,LICLAGVAMLV,1311,962.0
32,HLA-A24:02,5412.44,ANZ78847,IDTGPPSISTA,32,963.0
906,HLA-A24:02,5412.5,ANZ78847,SKASSRSAIED,906,964.0
153,HLA-A24:02,5412.53,ANZ78847,DGVNKLQGLLE,153,965.0
1351,HLA-A24:02,5412.59,ANZ78847,QELVIKTSHDD,1351,966.0
294,HLA-A24:02,5412.61,ANZ78847,AVDCMSDFMSE,294,967.0
1248,HLA-A24:02,5412.63,ANZ78847,WFKNQTSVAPD,1248,968.0
416,HLA-A24:02,5412.64,ANZ78847,LQLGNLGYLQS,416,969.0
122,HLA-A24:02,5412.74,ANZ78847,YSEFPAITIGS,122,970.0
1039,HLA-A24:02,5413.02,ANZ78847,KIQAVVNANAE,1039,971.0
505,HLA-A24:02,5413.05,ANZ78847,SLCVGSGPGKN,505,972.0
1166,HLA-A24:02,5413.08,ANZ78847,TAKVSPGLCIA,1166,973.0
447,HLA-A24:02,5413.22,ANZ78847,ANVSVSRFNPS,447,974.0
485,HLA-A24:02,5413.22,ANZ78847,VYAQHCFKAPK,485,974.0
801,HLA-A24:02,5413.22,ANZ78847,PSDFTIGNMEE,801,974.0
95,HLA-A24:02,5413.24,ANZ78847,KPPFLSDFING,95,977.0
340,HLA-A24:02,5413.25,ANZ78847,PNCNIEAWLND,340,978.0
195,HLA-A24:02,5413.29,ANZ78847,TGVVSCLYKRN,195,979.0
578,HLA-A24:02,5413.29,ANZ78847,QPQAFLGWSAD,578,979.0
1306,HLA-A24:02,5413.4,ANZ78847,WYVWLLICLAG,1306,981.0
279,HLA-A24:02,5413.45,ANZ78847,RQYLLAFNQDG,279,982.0
407,HLA-A24:02,5413.46,ANZ78847,AIPNGRKVDLQ,407,983.0
425,HLA-A24:02,5413.61,ANZ78847,QSFNYRIDTTA,425,984.0
976,HLA-A24:02,5413.74,ANZ78847,ASLFPPWTAAA,976,985.0
1136,HLA-A24:02,5413.75,ANZ78847,GNGNHIISLVQ,1136,986.0
391,HLA-A24:02,5413.84,ANZ78847,AKIYGMCFSSI,391,987.0
149,HLA-A24:02,5414.02,ANZ78847,NSTQDGVNKLQ,149,988.0
1206,HLA-A24:02,5414.02,ANZ78847,EPITENNVVVM,1206,988.0
752,HLA-A24:02,5414.19,ANZ78847,SGYCVDYSKNR,752,990.0
363,HLA-A24:02,5414.26,ANZ78847,TFSNCNFNMSS,363,991.0
597,HLA-A24:02,5414.29,ANZ78847,NIFANLILHDV,597,992.0
953,HLA-A24:02,5414.31,ANZ78847,GIKVLPPLLSE,953,993.0
509,HLA-A24:02,5414.33,ANZ78847,GSGPGKNNGIG,509,994.0
1220,HLA-A24:02,5414.36,ANZ78847,AVNYTKAPYVM,1220,995.0
71,HLA-A24:02,5414.38,ANZ78847,YPTSGSTYRNM,71,996.0
436,HLA-A24:02,5414.4,ANZ78847,TSCQLYYNLPA,436,997.0
1065,HLA-A24:02,5414.45,ANZ78847,ISSSLQEILSR,1065,998.0
140,HLA-A24:02,5414.46,ANZ78847,SVVVQPRTINS,140,999.0
144,HLA-A24:02,5414.53,ANZ78847,QPRTINSTQDG,144,1000.0
889,HLA-A24:02,5414.6,ANZ78847,VDDINFSSVLG,889,1001.0
1068,HLA-A24:02,5414.6,ANZ78847,SLQEILSRLDA,1068,1001.0
136,HLA-A24:02,5414.62,ANZ78847,NTSYSVVVQPR,136,1003.0
1244,HLA-A24:02,5414.66,ANZ78847,ELDQWFKNQTS,1244,1004.0
296,HLA-A24:02,5414.67,ANZ78847,DCMSDFMSEIK,296,1005.0
811,HLA-A24:02,5414.71,ANZ78847,EFIQTSSPKVT,811,1006.0
999,HLA-A24:02,5414.72,ANZ78847,NGLGVTMDVLS,999,1007.0
437,HLA-A24:02,5414.77,ANZ78847,SCQLYYNLPAA,437,1008.0
91,HLA-A24:02,5414.88,ANZ78847,TLWFKPPFLSD,91,1009.0
1105,HLA-A24:02,5414.97,ANZ78847,SDSTLVKFSAA,1105,1010.0
405,HLA-A24:02,5415.02,ANZ78847,KFAIPNGRKVD,405,1011.0
350,HLA-A24:02,5415.16,ANZ78847,DKSVPSPLNWE,350,1012.0
1348,HLA-A24:02,5415.21,ANZ78847,TGYQELVIKTS,1348,1013.0
65,HLA-A24:02,5415.3,ANZ78847,LFLNGYYPTSG,65,1014.0
774,HLA-A24:02,5415.33,ANZ78847,FTNFEPFTVNS,774,1015.0
787,HLA-A24:02,5415.36,ANZ78847,DSLEPVGGLYE,787,1016.0
800,HLA-A24:02,5415.55,ANZ78847,IPSDFTIGNME,800,1017.0
290,HLA-A24:02,5415.59,ANZ78847,IIFNAVDCMSD,290,1018.0
823,HLA-A24:02,5415.72,ANZ78847,DCAAFVCGDYA,823,1019.0
933,HLA-A24:02,5415.72,ANZ78847,YNNCTGGAEIR,933,1019.0
402,HLA-A24:02,5415.74,ANZ78847,TIDKFAIPNGR,402,1021.0
313,HLA-A24:02,5415.77,ANZ78847,APPTGVYELNG,313,1022.0
934,HLA-A24:02,5415.8,ANZ78847,NNCTGGAEIRD,934,1023.0
1278,HLA-A24:02,5415.87,ANZ78847,LQEAIKVLNQS,1278,1024.0
7,HLA-A24:02,5415.93,ANZ78847,SLPTAFAVIGD,7,1025.0
929,HLA-A24:02,5416.02,ANZ78847,FVAAYNNCTGG,929,1026.0
1250,HLA-A24:02,5416.05,ANZ78847,KNQTSVAPDLA,1250,1027.0
420,HLA-A24:02,5416.19,ANZ78847,NLGYLQSFNYR,420,1028.0
1051,HLA-A24:02,5416.19,ANZ78847,LNNLLQQLSNR,1051,1028.0
1097,HLA-A24:02,5416.32,ANZ78847,NAYVSQQLSDS,1097,1030.0
836,HLA-A24:02,5416.54,ANZ78847,KSQLVEYGSFC,836,1031.0
252,HLA-A24:02,5416.59,ANZ78847,YYVMPLTCISR,252,1032.0
111,HLA-A24:02,5416.7,ANZ78847,KNTKVFKDGVM,111,1033.0
189,HLA-A24:02,5416.73,ANZ78847,ELWHMDTGVVS,189,1034.0
256,HLA-A24:02,5416.74,ANZ78847,PLTCISRRNIG,256,1035.0
1284,HLA-A24:02,5416.8,ANZ78847,VLNQSYINLKD,1284,1036.0
615,HLA-A24:02,5416.88,ANZ78847,TDLQKANTDIK,615,1037.0
383,HLA-A24:02,5416.89,ANZ78847,FTCNNIDAAKI,383,1038.0
1247,HLA-A24:02,5416.89,ANZ78847,QWFKNQTSVAP,1247,1038.0
39,HLA-A24:02,5416.91,ANZ78847,ISTATVDVTNG,39,1040.0
1121,HLA-A24:02,5416.91,ANZ78847,VNECVKSQSSR,1121,1040.0
513,HLA-A24:02,5417.17,ANZ78847,GKNNGIGTCPA,513,1042.0
898,HLA-A24:02,5417.2,ANZ78847,LGCLGSECSKA,898,1043.0
301,HLA-A24:02,5417.29,ANZ78847,FMSEIKCKTQS,301,1044.0
422,HLA-A24:02,5417.31,ANZ78847,GYLQSFNYRID,422,1045.0
1057,HLA-A24:02,5417.41,ANZ78847,QLSNRFGAISS,1057,1046.0
587,HLA-A24:02,5417.44,ANZ78847,ADSCLQGDKCN,587,1047.0
686,HLA-A24:02,5417.58,ANZ78847,RVSAAFHANSS,686,1048.0
1160,HLA-A24:02,5417.63,ANZ78847,VPTKYVTAKVS,1160,1049.0
1190,HLA-A24:02,5417.69,ANZ78847,NVNNTWMYTGS,1190,1050.0
1119,HLA-A24:02,5417.83,ANZ78847,EKVNECVKSQS,1119,1051.0
482,HLA-A24:02,5417.88,ANZ78847,HDVVYAQHCFK,482,1052.0
807,HLA-A24:02,5417.91,ANZ78847,GNMEEFIQTSS,807,1053.0
1141,HLA-A24:02,5418.06,ANZ78847,IISLVQNAPYG,1141,1054.0
412,HLA-A24:02,5418.07,ANZ78847,RKVDLQLGNLG,412,1055.0
427,HLA-A24:02,5418.09,ANZ78847,FNYRIDTTATS,427,1056.0
451,HLA-A24:02,5418.15,ANZ78847,VSRFNPSTWNK,451,1057.0
251,HLA-A24:02,5418.18,ANZ78847,HYYVMPLTCIS,251,1058.0
784,HLA-A24:02,5418.23,ANZ78847,SVNDSLEPVGG,784,1059.0
1307,HLA-A24:02,5418.29,ANZ78847,YVWLLICLAGV,1307,1060.0
358,HLA-A24:02,5418.34,ANZ78847,NWERKTFSNCN,358,1061.0
9,HLA-A24:02,5418.38,ANZ78847,PTAFAVIGDLK,9,1062.0
442,HLA-A24:02,5418.4,ANZ78847,YNLPAANVSVS,442,1063.0
608,HLA-A24:02,5418.41,ANZ78847,NSGLTCSTDLQ,608,1064.0
365,HLA-A24:02,5418.42,ANZ78847,SNCNFNMSSLM,365,1065.0
918,HLA-A24:02,5418.49,ANZ78847,LFDKVKLSDVG,918,1066.0
18,HLA-A24:02,5418.55,ANZ78847,LKCPLDSRTGS,18,1067.0
336,HLA-A24:02,5418.57,ANZ78847,KPDLPNCNIEA,336,1068.0
64,HLA-A24:02,5418.63,ANZ78847,TLFLNGYYPTS,64,1069.0
939,HLA-A24:02,5418.71,ANZ78847,GAEIRDLICVQ,939,1070.0
965,HLA-A24:02,5418.82,ANZ78847,QISGYTLAATS,965,1071.0
834,HLA-A24:02,5418.91,ANZ78847,ACKSQLVEYGS,834,1072.0
860,HLA-A24:02,5418.98,ANZ78847,LDTTQLQVANS,860,1073.0
864,HLA-A24:02,5419.05,ANZ78847,QLQVANSLMNG,864,1074.0
1109,HLA-A24:02,5419.19,ANZ78847,LVKFSAAQAME,1109,1075.0
1283,HLA-A24:02,5419.28,ANZ78847,KVLNQSYINLK,1283,1076.0
361,HLA-A24:02,5419.3,ANZ78847,RKTFSNCNFNM,361,1077.0
250,HLA-A24:02,5419.35,ANZ78847,SHYYVMPLTCI,250,1078.0
763,HLA-A24:02,5419.35,ANZ78847,RSRRAITTGYR,763,1078.0
685,HLA-A24:02,5419.49,ANZ78847,GRVSAAFHANS,685,1080.0
253,HLA-A24:02,5419.52,ANZ78847,YVMPLTCISRR,253,1081.0
966,HLA-A24:02,5419.57,ANZ78847,ISGYTLAATSA,966,1082.0
931,HLA-A24:02,5419.8,ANZ78847,AAYNNCTGGAE,931,1083.0
1115,HLA-A24:02,5419.96,ANZ78847,AQAMEKVNECV,1115,1084.0
525,HLA-A24:02,5419.97,ANZ78847,TNYLTCHNLCN,525,1085.0
824,HLA-A24:02,5420.0,ANZ78847,CAAFVCGDYAA,824,1086.0
704,HLA-A24:02,5420.1,ANZ78847,NIKCNYVFNNS,704,1087.0
1071,HLA-A24:02,5420.13,ANZ78847,EILSRLDALEA,1071,1088.0
74,HLA-A24:02,5420.15,ANZ78847,SGSTYRNMALK,74,1089.0
554,HLA-A24:02,5420.2,ANZ78847,VGIGEHCSGLA,554,1090.0
1025,HLA-A24:02,5420.23,ANZ78847,AIQEGFDATNS,1025,1091.0
643,HLA-A24:02,5420.26,ANZ78847,FVEVNATYYNS,643,1092.0
326,HLA-A24:02,5420.32,ANZ78847,VQPIADVYRRK,326,1093.0
754,HLA-A24:02,5420.44,ANZ78847,YCVDYSKNRRS,754,1094.0
698,HLA-A24:02,5420.55,ANZ78847,PALLFRNIKCN,698,1095.0
1320,HLA-A24:02,5420.63,ANZ78847,LVLLFFICCCT,1320,1096.0
828,HLA-A24:02,5420.79,ANZ78847,VCGDYAACKSQ,828,1097.0
737,HLA-A24:02,5420.89,ANZ78847,NSTAISVQTCD,737,1098.0
342,HLA-A24:02,5420.94,ANZ78847,CNIEAWLNDKS,342,1099.0
401,HLA-A24:02,5420.94,ANZ78847,ITIDKFAIPNG,401,1099.0
41,HLA-A24:02,5420.96,ANZ78847,TATVDVTNGLG,41,1101.0
749,HLA-A24:02,5420.98,ANZ78847,TVGSGYCVDYS,749,1102.0
809,HLA-A24:02,5421.07,ANZ78847,MEEFIQTSSPK,809,1103.0
1191,HLA-A24:02,5421.11,ANZ78847,VNNTWMYTGSG,1191,1104.0
1273,HLA-A24:02,5421.17,ANZ78847,VEMNRLQEAIK,1273,1105.0
629,HLA-A24:02,5421.24,ANZ78847,CVNYDLYGISG,629,1106.0
680,HLA-A24:02,5421.41,ANZ78847,RSCYSGRVSAA,680,1107.0
967,HLA-A24:02,5421.53,ANZ78847,SGYTLAATSAS,967,1108.0
870,HLA-A24:02,5421.63,ANZ78847,SLMNGVTLSTK,870,1109.0
562,HLA-A24:02,5421.75,ANZ78847,GLAVKSDYCGG,562,1110.0
381,HLA-A24:02,5421.93,ANZ78847,DSFTCNNIDAA,381,1111.0
626,HLA-A24:02,5421.93,ANZ78847,LGVCVNYDLYG,626,1111.0
582,HLA-A24:02,5421.97,ANZ78847,FLGWSADSCLQ,582,1113.0
734,HLA-A24:02,5421.98,ANZ78847,NAYNSTAISVQ,734,1114.0
893,HLA-A24:02,5421.99,ANZ78847,NFSSVLGCLGS,893,1115.0
1125,HLA-A24:02,5422.08,ANZ78847,VKSQSSRINFC,1125,1116.0
1003,HLA-A24:02,5422.16,ANZ78847,VTMDVLSQNQK,1003,1117.0
1073,HLA-A24:02,5422.2,ANZ78847,LSRLDALEAEA,1073,1118.0
1081,HLA-A24:02,5422.33,ANZ78847,AEAQIDRLING,1081,1119.0
1029,HLA-A24:02,5422.42,ANZ78847,GFDATNSALVK,1029,1120.0
1189,HLA-A24:02,5422.54,ANZ78847,VNVNNTWMYTG,1189,1121.0
385,HLA-A24:02,5422.56,ANZ78847,CNNIDAAKIYG,385,1122.0
503,HLA-A24:02,5422.65,ANZ78847,NSSLCVGSGPG,503,1123.0
742,HLA-A24:02,5422.65,ANZ78847,SVQTCDLTVGS,742,1123.0
1128,HLA-A24:02,5422.86,ANZ78847,QSSRINFCGNG,1128,1125.0
224,HLA-A24:02,5422.97,ANZ78847,GTFYAYFTDTG,224,1126.0
783,HLA-A24:02,5423.08,ANZ78847,NSVNDSLEPVG,783,1127.0
104,HLA-A24:02,5423.12,ANZ78847,NGIFAKVKNTK,104,1128.0
992,HLA-A24:02,5423.14,ANZ78847,LNVQYRINGLG,992,1129.0
913,HLA-A24:02,5423.33,ANZ78847,AIEDLLFDKVK,913,1130.0
352,HLA-A24:02,5423.35,ANZ78847,SVPSPLNWERK,352,1131.0
459,HLA-A24:02,5423.39,ANZ78847,WNKRFGFIEDS,459,1132.0
617,HLA-A24:02,5423.4,ANZ78847,LQKANTDIKLG,617,1133.0
599,HLA-A24:02,5423.43,ANZ78847,FANLILHDVNS,599,1134.0
1309,HLA-A24:02,5423.46,ANZ78847,WLLICLAGVAM,1309,1135.0
1265,HLA-A24:02,5423.51,ANZ78847,NVTFLDLQVEM,1265,1136.0
372,HLA-A24:02,5423.52,ANZ78847,SSLMSFIQADS,372,1137.0
568,HLA-A24:02,5423.75,ANZ78847,DYCGGNPCTCQ,568,1138.0
533,HLA-A24:02,5423.97,ANZ78847,LCNPDPITFTG,533,1139.0
1328,HLA-A24:02,5424.21,ANZ78847,CCTGCGTSCFK,1328,1140.0
874,HLA-A24:02,5424.38,ANZ78847,GVTLSTKLKDG,874,1141.0
15,HLA-A24:02,5424.42,ANZ78847,IGDLKCPLDSR,15,1142.0
1211,HLA-A24:02,5424.45,ANZ78847,NNVVVMSTCAV,1211,1143.0
194,HLA-A24:02,5424.46,ANZ78847,DTGVVSCLYKR,194,1144.0
48,HLA-A24:02,5424.48,ANZ78847,NGLGTYYVLDR,48,1145.0
1077,HLA-A24:02,5424.49,ANZ78847,DALEAEAQIDR,1077,1146.0
1,HLA-A24:02,5424.54,ANZ78847,FLILLISLPTA,1,1147.0
409,HLA-A24:02,5424.83,ANZ78847,PNGRKVDLQLG,409,1148.0
816,HLA-A24:02,5425.05,ANZ78847,SSPKVTIDCAA,816,1149.0
161,HLA-A24:02,5425.06,ANZ78847,LLEVSVCQYNM,161,1150.0
366,HLA-A24:02,5425.06,ANZ78847,NCNFNMSSLMS,366,1150.0
940,HLA-A24:02,5425.13,ANZ78847,AEIRDLICVQS,940,1152.0
1165,HLA-A24:02,5425.16,ANZ78847,VTAKVSPGLCI,1165,1153.0
183,HLA-A24:02,5425.23,ANZ78847,LGNHFKELWHM,183,1154.0
902,HLA-A24:02,5425.23,ANZ78847,GSECSKASSRS,902,1154.0
155,HLA-A24:02,5425.24,ANZ78847,VNKLQGLLEVS,155,1156.0
579,HLA-A24:02,5425.46,ANZ78847,PQAFLGWSADS,579,1157.0
25,HLA-A24:02,5425.47,ANZ78847,RTGSLNNIDTG,25,1158.0
1305,HLA-A24:02,5425.72,ANZ78847,PWYVWLLICLA,1305,1159.0
1074,HLA-A24:02,5425.73,ANZ78847,SRLDALEAEAQ,1074,1160.0
565,HLA-A24:02,5425.92,ANZ78847,VKSDYCGGNPC,565,1161.0
678,HLA-A24:02,5425.92,ANZ78847,MIRSCYSGRVS,678,1161.0
837,HLA-A24:02,5425.94,ANZ78847,SQLVEYGSFCD,837,1163.0
1091,HLA-A24:02,5426.14,ANZ78847,GRLTALNAYVS,1091,1164.0
494,HLA-A24:02,5426.15,ANZ78847,PKNFCPCKSNS,494,1165.0
728,HLA-A24:02,5426.19,ANZ78847,YLGCVVNAYNS,728,1166.0
75,HLA-A24:02,5426.24,ANZ78847,GSTYRNMALKG,75,1167.0
1101,HLA-A24:02,5426.31,ANZ78847,SQQLSDSTLVK,1101,1168.0
488,HLA-A24:02,5426.35,ANZ78847,QHCFKAPKNFC,488,1169.0
1332,HLA-A24:02,5426.37,ANZ78847,CGTSCFKKCGG,1332,1170.0
507,HLA-A24:02,5426.43,ANZ78847,CVGSGPGKNNG,507,1171.0
500,HLA-A24:02,5426.56,ANZ78847,CKSNSSLCVGS,500,1172.0
429,HLA-A24:02,5426.62,ANZ78847,YRIDTTATSCQ,429,1173.0
761,HLA-A24:02,5426.65,ANZ78847,NRRSRRAITTG,761,1174.0
557,HLA-A24:02,5426.92,ANZ78847,GEHCSGLAVKS,557,1175.0
109,HLA-A24:02,5426.97,ANZ78847,KVKNTKVFKDG,109,1176.0
1117,HLA-A24:02,5427.0,ANZ78847,AMEKVNECVKS,1117,1177.0
150,HLA-A24:02,5427.06,ANZ78847,STQDGVNKLQG,150,1178.0
1215,HLA-A24:02,5427.31,ANZ78847,VMSTCAVNYTK,1215,1179.0
99,HLA-A24:02,5427.48,ANZ78847,LSDFINGIFAK,99,1180.0
1267,HLA-A24:02,5427.57,ANZ78847,TFLDLQVEMNR,1267,1181.0
186,HLA-A24:02,5427.64,ANZ78847,HFKELWHMDTG,186,1182.0
351,HLA-A24:02,5427.91,ANZ78847,KSVPSPLNWER,351,1183.0
390,HLA-A24:02,5428.1,ANZ78847,AAKIYGMCFSS,390,1184.0
815,HLA-A24:02,5428.31,ANZ78847,TSSPKVTIDCA,815,1185.0
268,HLA-A24:02,5428.33,ANZ78847,TLEYWVTPLTS,268,1186.0
746,HLA-A24:02,5428.42,ANZ78847,CDLTVGSGYCV,746,1187.0
467,HLA-A24:02,5428.53,ANZ78847,EDSVFKPQPAG,467,1188.0
540,HLA-A24:02,5428.73,ANZ78847,TFTGPYKCPQS,540,1189.0
1175,HLA-A24:02,5428.76,ANZ78847,IAGDRGIAPKS,1175,1190.0
542,HLA-A24:02,5428.82,ANZ78847,TGPYKCPQSKS,542,1191.0
158,HLA-A24:02,5428.89,ANZ78847,LQGLLEVSVCQ,158,1192.0
555,HLA-A24:02,5428.95,ANZ78847,GIGEHCSGLAV,555,1193.0
1170,HLA-A24:02,5429.03,ANZ78847,SPGLCIAGDRG,1170,1194.0
1019,HLA-A24:02,5429.06,ANZ78847,FNNALDAIQEG,1019,1195.0
174,HLA-A24:02,5429.2,ANZ78847,YPHTICHPNLG,174,1196.0
28,HLA-A24:02,5429.25,ANZ78847,SLNNIDTGPPS,28,1197.0
403,HLA-A24:02,5429.46,ANZ78847,IDKFAIPNGRK,403,1198.0
833,HLA-A24:02,5429.74,ANZ78847,AACKSQLVEYG,833,1199.0
600,HLA-A24:02,5430.06,ANZ78847,ANLILHDVNSG,600,1200.0
717,HLA-A24:02,5430.17,ANZ78847,RQLQPINYFDS,717,1201.0
362,HLA-A24:02,5430.42,ANZ78847,KTFSNCNFNMS,362,1202.0
382,HLA-A24:02,5430.44,ANZ78847,SFTCNNIDAAK,382,1203.0
901,HLA-A24:02,5430.54,ANZ78847,LGSECSKASSR,901,1204.0
958,HLA-A24:02,5430.77,ANZ78847,PPLLSENQISG,958,1205.0
743,HLA-A24:02,5430.86,ANZ78847,VQTCDLTVGSG,743,1206.0
899,HLA-A24:02,5431.06,ANZ78847,GCLGSECSKAS,899,1207.0
1174,HLA-A24:02,5431.12,ANZ78847,CIAGDRGIAPK,1174,1208.0
1335,HLA-A24:02,5431.32,ANZ78847,SCFKKCGGCCD,1335,1209.0
1058,HLA-A24:02,5431.38,ANZ78847,LSNRFGAISSS,1058,1210.0
892,HLA-A24:02,5431.43,ANZ78847,INFSSVLGCLG,892,1211.0
545,HLA-A24:02,5431.64,ANZ78847,YKCPQSKSLVG,545,1212.0
1167,HLA-A24:02,5431.64,ANZ78847,AKVSPGLCIAG,1167,1212.0
1207,HLA-A24:02,5431.74,ANZ78847,PITENNVVVMS,1207,1214.0
492,HLA-A24:02,5431.82,ANZ78847,KAPKNFCPCKS,492,1215.0
620,HLA-A24:02,5431.86,ANZ78847,ANTDIKLGVCV,620,1216.0
574,HLA-A24:02,5431.99,ANZ78847,PCTCQPQAFLG,574,1217.0
293,HLA-A24:02,5432.55,ANZ78847,NAVDCMSDFMS,293,1218.0
1120,HLA-A24:02,5432.67,ANZ78847,KVNECVKSQSS,1120,1219.0
674,HLA-A24:02,5432.7,ANZ78847,NRTFMIRSCYS,674,1220.0
741,HLA-A24:02,5432.77,ANZ78847,ISVQTCDLTVG,741,1221.0
1210,HLA-A24:02,5432.99,ANZ78847,ENNVVVMSTCA,1210,1222.0
1169,HLA-A24:02,5433.05,ANZ78847,VSPGLCIAGDR,1169,1223.0
14,HLA-A24:02,5433.22,ANZ78847,VIGDLKCPLDS,14,1224.0
1164,HLA-A24:02,5433.31,ANZ78847,YVTAKVSPGLC,1164,1225.0
17,HLA-A24:02,5433.53,ANZ78847,DLKCPLDSRTG,17,1226.0
928,HLA-A24:02,5433.67,ANZ78847,GFVAAYNNCTG,928,1227.0
894,HLA-A24:02,5433.77,ANZ78847,FSSVLGCLGSE,894,1228.0
1322,HLA-A24:02,5433.81,ANZ78847,LLFFICCCTGC,1322,1229.0
157,HLA-A24:02,5433.99,ANZ78847,KLQGLLEVSVC,157,1230.0
1176,HLA-A24:02,5434.16,ANZ78847,AGDRGIAPKSG,1176,1231.0
911,HLA-A24:02,5434.26,ANZ78847,RSAIEDLLFDK,911,1232.0
1110,HLA-A24:02,5434.33,ANZ78847,VKFSAAQAMEK,1110,1233.0
78,HLA-A24:02,5434.36,ANZ78847,YRNMALKGTDK,78,1234.0
288,HLA-A24:02,5434.53,ANZ78847,DGIIFNAVDCM,288,1235.0
938,HLA-A24:02,5434.57,ANZ78847,GGAEIRDLICV,938,1236.0
722,HLA-A24:02,5434.63,ANZ78847,INYFDSYLGCV,722,1237.0
113,HLA-A24:02,5434.87,ANZ78847,TKVFKDGVMYS,113,1238.0
943,HLA-A24:02,5434.97,ANZ78847,RDLICVQSYKG,943,1239.0
675,HLA-A24:02,5435.02,ANZ78847,RTFMIRSCYSG,675,1240.0
490,HLA-A24:02,5435.23,ANZ78847,CFKAPKNFCPC,490,1241.0
289,HLA-A24:02,5435.33,ANZ78847,GIIFNAVDCMS,289,1242.0
945,HLA-A24:02,5435.36,ANZ78847,LICVQSYKGIK,945,1243.0
395,HLA-A24:02,5435.38,ANZ78847,GMCFSSITIDK,395,1244.0
498,HLA-A24:02,5435.52,ANZ78847,CPCKSNSSLCV,498,1245.0
307,HLA-A24:02,5435.6,ANZ78847,CKTQSIAPPTG,307,1246.0
163,HLA-A24:02,5435.83,ANZ78847,EVSVCQYNMCE,163,1247.0
583,HLA-A24:02,5435.85,ANZ78847,LGWSADSCLQG,583,1248.0
820,HLA-A24:02,5436.04,ANZ78847,VTIDCAAFVCG,820,1249.0
499,HLA-A24:02,5436.28,ANZ78847,PCKSNSSLCVG,499,1250.0
745,HLA-A24:02,5436.7,ANZ78847,TCDLTVGSGYC,745,1251.0
827,HLA-A24:02,5436.81,ANZ78847,FVCGDYAACKS,827,1252.0
1321,HLA-A24:02,5436.85,ANZ78847,VLLFFICCCTG,1321,1253.0
514,HLA-A24:02,5436.86,ANZ78847,KNNGIGTCPAG,514,1254.0
480,HLA-A24:02,5437.23,ANZ78847,TNHDVVYAQHC,480,1255.0
495,HLA-A24:02,5437.32,ANZ78847,KNFCPCKSNSS,495,1256.0
147,HLA-A24:02,5437.36,ANZ78847,TINSTQDGVNK,147,1257.0
550,HLA-A24:02,5437.76,ANZ78847,SKSLVGIGEHC,550,1258.0
341,HLA-A24:02,5437.92,ANZ78847,NCNIEAWLNDK,341,1259.0
1339,HLA-A24:02,5438.21,ANZ78847,KCGGCCDDYTG,1339,1260.0
1325,HLA-A24:02,5438.24,ANZ78847,FICCCTGCGTS,1325,1261.0
900,HLA-A24:02,5438.26,ANZ78847,CLGSECSKASS,900,1262.0
1317,HLA-A24:02,5438.57,ANZ78847,VAMLVLLFFIC,1317,1263.0
501,HLA-A24:02,5438.58,ANZ78847,KSNSSLCVGSG,501,1264.0
428,HLA-A24:02,5438.95,ANZ78847,NYRIDTTATSC,428,1265.0
524,HLA-A24:02,5439.98,ANZ78847,GTNYLTCHNLC,524,1266.0
561,HLA-A24:02,5440.03,ANZ78847,SGLAVKSDYCG,561,1267.0
504,HLA-A24:02,5440.18,ANZ78847,SSLCVGSGPGK,504,1268.0
53,HLA-A24:02,5440.22,ANZ78847,YYVLDRVYLNT,53,1269.0
1237,HLA-A24:02,5440.24,ANZ78847,NLPDFREELDQ,1237,1270.0
1114,HLA-A24:02,5440.3,ANZ78847,AAQAMEKVNEC,1114,1271.0
497,HLA-A24:02,5440.43,ANZ78847,FCPCKSNSSLC,497,1272.0
619,HLA-A24:02,5440.97,ANZ78847,KANTDIKLGVC,619,1273.0
609,HLA-A24:02,5441.22,ANZ78847,SGLTCSTDLQK,609,1274.0
895,HLA-A24:02,5441.39,ANZ78847,SSVLGCLGSEC,895,1275.0
1126,HLA-A24:02,5441.93,ANZ78847,KSQSSRINFCG,1126,1276.0
387,HLA-A24:02,5442.0,ANZ78847,NIDAAKIYGMC,387,1277.0
776,HLA-A24:02,5442.03,ANZ78847,NFEPFTVNSVN,776,1278.0
1323,HLA-A24:02,5442.55,ANZ78847,LFFICCCTGCG,1323,1279.0
942,HLA-A24:02,5442.69,ANZ78847,IRDLICVQSYK,942,1280.0
735,HLA-A24:02,5442.79,ANZ78847,AYNSTAISVQT,735,1281.0
552,HLA-A24:02,5443.04,ANZ78847,SLVGIGEHCSG,552,1282.0
556,HLA-A24:02,5443.23,ANZ78847,IGEHCSGLAVK,556,1283.0
1333,HLA-A24:02,5443.49,ANZ78847,GTSCFKKCGGC,1333,1284.0
1116,HLA-A24:02,5443.58,ANZ78847,QAMEKVNECVK,1116,1285.0
560,HLA-A24:02,5443.86,ANZ78847,CSGLAVKSDYC,560,1286.0
721,HLA-A24:02,5444.19,ANZ78847,PINYFDSYLGC,721,1287.0
825,HLA-A24:02,5444.32,ANZ78847,AAFVCGDYAAC,825,1288.0
750,HLA-A24:02,5444.52,ANZ78847,VGSGYCVDYSK,750,1289.0
1318,HLA-A24:02,5445.02,ANZ78847,AMLVLLFFICC,1318,1290.0
1331,HLA-A24:02,5445.08,ANZ78847,GCGTSCFKKCG,1331,1291.0
567,HLA-A24:02,5445.16,ANZ78847,SDYCGGNPCTC,567,1292.0
193,HLA-A24:02,5445.49,ANZ78847,MDTGVVSCLYK,193,1293.0
585,HLA-A24:02,5445.8,ANZ78847,WSADSCLQGDK,585,1294.0
464,HLA-A24:02,5446.08,ANZ78847,GFIEDSVFKPQ,464,1295.0
1201,HLA-A24:02,5446.09,ANZ78847,GYYYPEPITEN,1201,1296.0
346,HLA-A24:02,5446.28,ANZ78847,AWLNDKSVPSP,346,1297.0
814,HLA-A24:02,5446.28,ANZ78847,QTSSPKVTIDC,814,1297.0
604,HLA-A24:02,5446.7,ANZ78847,LHDVNSGLTCS,604,1299.0
190,HLA-A24:02,5447.71,ANZ78847,LWHMDTGVVSC,190,1300.0
890,HLA-A24:02,5448.54,ANZ78847,DDINFSSVLGC,890,1301.0
819,HLA-A24:02,5448.58,ANZ78847,KVTIDCAAFVC,819,1302.0
375,HLA-A24:02,5449.02,ANZ78847,MSFIQADSFTC,375,1303.0
1329,HLA-A24:02,5449.21,ANZ78847,CTGCGTSCFKK,1329,1304.0
1209,HLA-A24:02,5450.16,ANZ78847,TENNVVVMSTC,1209,1305.0
287,HLA-A24:02,5450.27,ANZ78847,QDGIIFNAVDC,287,1306.0
736,HLA-A24:02,5450.43,ANZ78847,YNSTAISVQTC,736,1307.0
169,HLA-A24:02,5450.54,ANZ78847,YNMCEYPHTIC,169,1308.0
162,HLA-A24:02,5450.67,ANZ78847,LEVSVCQYNMC,162,1309.0
672,HLA-A24:02,5450.97,ANZ78847,LTNRTFMIRSC,672,1310.0
937,HLA-A24:02,5451.29,ANZ78847,TGGAEIRDLIC,937,1311.0
249,HLA-A24:02,5451.7,ANZ78847,LSHYYVMPLTC,249,1312.0
580,HLA-A24:02,5451.85,ANZ78847,QAFLGWSADSC,580,1313.0
511,HLA-A24:02,5452.74,ANZ78847,GPGKNNGIGTC,511,1314.0
357,HLA-A24:02,5452.82,ANZ78847,LNWERKTFSNC,357,1315.0
926,HLA-A24:02,5453.27,ANZ78847,DVGFVAAYNNC,926,1316.0
586,HLA-A24:02,5453.47,ANZ78847,SADSCLQGDKC,586,1317.0
551,HLA-A24:02,5453.72,ANZ78847,KSLVGIGEHCS,551,1318.0
10,HLA-A24:02,5454.66,ANZ78847,TAFAVIGDLKC,10,1319.0
896,HLA-A24:02,5454.99,ANZ78847,SVLGCLGSECS,896,1320.0
1319,HLA-A24:02,5455.22,ANZ78847,MLVLLFFICCC,1319,1321.0
458,HLA-A24:02,5455.44,ANZ78847,TWNKRFGFIED,458,1322.0
603,HLA-A24:02,5455.98,ANZ78847,ILHDVNSGLTC,603,1323.0
520,HLA-A24:02,5456.25,ANZ78847,TCPAGTNYLTC,520,1324.0
297,HLA-A24:02,5456.67,ANZ78847,CMSDFMSEIKC,297,1325.0
298,HLA-A24:02,5457.87,ANZ78847,MSDFMSEIKCK,298,1326.0
537,HLA-A24:02,5458.44,ANZ78847,DPITFTGPYKC,537,1327.0
897,HLA-A24:02,5458.76,ANZ78847,VLGCLGSECSK,897,1328.0
1326,HLA-A24:02,5459.08,ANZ78847,ICCCTGCGTSC,1326,1329.0
491,HLA-A24:02,5459.54,ANZ78847,FKAPKNFCPCK,491,1330.0
1330,HLA-A24:02,5460.15,ANZ78847,TGCGTSCFKKC,1330,1331.0
541,HLA-A24:02,5460.69,ANZ78847,FTGPYKCPQSK,541,1332.0
697,HLA-A24:02,5461.15,ANZ78847,EPALLFRNIKC,697,1333.0
1334,HLA-A24:02,5461.59,ANZ78847,TSCFKKCGGCC,1334,1334.0
826,HLA-A24:02,5463.72,ANZ78847,AFVCGDYAACK,826,1335.0
228,HLA-A24:02,5469.96,ANZ78847,AYFTDTGVVTK,228,1336.0
1303,HLA-A24:02,5479.23,ANZ78847,KWPWYVWLLIC,1303,1337.0
332,HLA-A24:02,5493.35,ANZ78847,VYRRKPDLPNC,332,1338.0
440,HLA-A24:02,5515.59,ANZ78847,LYYNLPAANVS,440,1339.0
642,HLA-A24:02,5529.17,ANZ78847,IFVEVNATYYN,642,1340.0
219,HLA-A24:02,5556.08,ANZ78847,FYQEGGTFYAY,219,1341.0
1152,HLA-A24:02,5568.29,ANZ78847,LYFIHFSYVPT,1152,1342.0
52,HLA-A24:02,5591.0,ANZ78847,TYYVLDRVYLN,52,1343.0
213,HLA-A24:02,5624.81,ANZ78847,TYLYFHFYQEG,213,1344.0
70,HLA-A24:02,5658.71,ANZ78847,YYPTSGSTYRN,70,1345.0
1202,HLA-A24:02,5661.35,ANZ78847,YYYPEPITENN,1202,1346.0
1158,HLA-A24:02,5668.87,ANZ78847,SYVPTKYVTAK,1158,1347.0
59,HLA-A24:02,5730.95,ANZ78847,VYLNTTLFLNG,59,1348.0
69,HLA-A24:02,5787.52,ANZ78847,GYYPTSGSTYR,69,1349.0
121,HLA-A24:02,5836.27,ANZ78847,MYSEFPAITIG,121,1350.0
670,HLA-A24:02,5868.01,ANZ78847,DYLTNRTFMIR,670,1351.0
1196,HLA-A24:02,5888.99,ANZ78847,MYTGSGYYYPE,1196,1352.0
1283,HLA-A03:01,587.57,ANZ78847,KVLNQSYINLK,1283,1.0
870,HLA-A03:01,709.32,ANZ78847,SLMNGVTLSTK,870,2.0
641,HLA-A03:01,1733.25,ANZ78847,GIFVEVNATYY,641,3.0
923,HLA-A03:01,1998.38,ANZ78847,KLSDVGFVAAY,923,4.0
1003,HLA-A03:01,3271.83,ANZ78847,VTMDVLSQNQK,1003,5.0
206,HLA-A03:01,4375.61,ANZ78847,FTYDVNATYLY,206,6.0
147,HLA-A03:01,4592.79,ANZ78847,TINSTQDGVNK,147,7.0
413,HLA-A03:01,4924.54,ANZ78847,KVDLQLGNLGY,413,8.0
120,HLA-A03:01,4997.7,ANZ78847,VMYSEFPAITI,120,9.0
85,HLA-A03:01,5160.2,ANZ78847,GTDKLSTLWFK,85,10.0
648,HLA-A03:01,5274.09,ANZ78847,ATYYNSWQNLL,648,11.0
794,HLA-A03:01,5296.09,ANZ78847,GLYEIQIPSDF,794,12.0
105,HLA-A03:01,5307.54,ANZ78847,GIFAKVKNTKV,105,13.0
1277,HLA-A03:01,5324.81,ANZ78847,RLQEAIKVLNQ,1277,14.0
709,HLA-A03:01,5359.55,ANZ78847,YVFNNSLTRQL,709,15.0
239,HLA-A03:01,5394.73,ANZ78847,FLFNVYLGMAL,239,16.0
977,HLA-A03:01,5400.72,ANZ78847,SLFPPWTAAAG,977,17.0
871,HLA-A03:01,5400.78,ANZ78847,LMNGVTLSTKL,871,18.0
242,HLA-A03:01,5426.17,ANZ78847,NVYLGMALSHY,242,19.0
82,HLA-A03:01,5440.69,ANZ78847,ALKGTDKLSTL,82,20.0
439,HLA-A03:01,5444.58,ANZ78847,QLYYNLPAANV,439,21.0
714,HLA-A03:01,5465.87,ANZ78847,SLTRQLQPINY,714,22.0
451,HLA-A03:01,5472.1,ANZ78847,VSRFNPSTWNK,451,23.0
657,HLA-A03:01,5474.8,ANZ78847,LLYDSNGNLYG,657,24.0
268,HLA-A03:01,5475.27,ANZ78847,TLEYWVTPLTS,268,25.0
54,HLA-A03:01,5479.6,ANZ78847,YVLDRVYLNTT,54,26.0
1083,HLA-A03:01,5480.35,ANZ78847,AQIDRLINGRL,1083,27.0
55,HLA-A03:01,5482.4,ANZ78847,VLDRVYLNTTL,55,28.0
984,HLA-A03:01,5498.91,ANZ78847,AAAGVPFYLNV,984,29.0
43,HLA-A03:01,5504.12,ANZ78847,TVDVTNGLGTY,43,30.0
1301,HLA-A03:01,5504.19,ANZ78847,YVKWPWYVWLL,1301,31.0
60,HLA-A03:01,5505.03,ANZ78847,YLNTTLFLNGY,60,32.0
1013,HLA-A03:01,5505.81,ANZ78847,KLIANAFNNAL,1013,33.0
46,HLA-A03:01,5505.97,ANZ78847,VTNGLGTYYVL,46,34.0
625,HLA-A03:01,5508.48,ANZ78847,KLGVCVNYDLY,625,35.0
311,HLA-A03:01,5514.98,ANZ78847,SIAPPTGVYEL,311,36.0
99,HLA-A03:01,5521.23,ANZ78847,LSDFINGIFAK,99,37.0
991,HLA-A03:01,5521.6,ANZ78847,YLNVQYRINGL,991,38.0
1313,HLA-A03:01,5522.88,ANZ78847,CLAGVAMLVLL,1313,39.0
128,HLA-A03:01,5528.06,ANZ78847,ITIGSTFVNTS,128,40.0
1312,HLA-A03:01,5528.55,ANZ78847,ICLAGVAMLVL,1312,41.0
1066,HLA-A03:01,5530.52,ANZ78847,SSSLQEILSRL,1066,42.0
273,HLA-A03:01,5534.49,ANZ78847,VTPLTSRQYLL,273,43.0
40,HLA-A03:01,5535.7,ANZ78847,STATVDVTNGL,40,44.0
154,HLA-A03:01,5540.59,ANZ78847,GVNKLQGLLEV,154,45.0
1310,HLA-A03:01,5543.94,ANZ78847,LLICLAGVAML,1310,46.0
127,HLA-A03:01,5545.88,ANZ78847,AITIGSTFVNT,127,47.0
57,HLA-A03:01,5546.89,ANZ78847,DRVYLNTTLFL,57,48.0
1228,HLA-A03:01,5552.15,ANZ78847,YVMLNTSIPNL,1228,49.0
4,HLA-A03:01,5552.19,ANZ78847,LLISLPTAFAV,4,50.0
843,HLA-A03:01,5553.31,ANZ78847,GSFCDNINAIL,843,51.0
141,HLA-A03:01,5554.6,ANZ78847,VVVQPRTINST,141,52.0
235,HLA-A03:01,5555.25,ANZ78847,VVTKFLFNVYL,235,53.0
1143,HLA-A03:01,5557.86,ANZ78847,SLVQNAPYGLY,1143,54.0
1259,HLA-A03:01,5558.21,ANZ78847,LALDYINVTFL,1259,55.0
911,HLA-A03:01,5558.58,ANZ78847,RSAIEDLLFDK,911,56.0
51,HLA-A03:01,5566.26,ANZ78847,GTYYVLDRVYL,51,57.0
594,HLA-A03:01,5567.7,ANZ78847,DKCNIFANLIL,594,58.0
1261,HLA-A03:01,5568.24,ANZ78847,LDYINVTFLDL,1261,59.0
1045,HLA-A03:01,5568.67,ANZ78847,NANAEALNNLL,1045,60.0
917,HLA-A03:01,5569.52,ANZ78847,LLFDKVKLSDV,917,61.0
1304,HLA-A03:01,5569.69,ANZ78847,WPWYVWLLICL,1304,62.0
267,HLA-A03:01,5570.58,ANZ78847,FTLEYWVTPLT,267,63.0
519,HLA-A03:01,5571.67,ANZ78847,GTCPAGTNYLT,519,64.0
259,HLA-A03:01,5572.29,ANZ78847,CISRRNIGFTL,259,65.0
596,HLA-A03:01,5572.69,ANZ78847,CNIFANLILHD,596,66.0
248,HLA-A03:01,5574.62,ANZ78847,ALSHYYVMPLT,248,67.0
1282,HLA-A03:01,5576.28,ANZ78847,IKVLNQSYINL,1282,68.0
872,HLA-A03:01,5576.48,ANZ78847,MNGVTLSTKLK,872,69.0
5,HLA-A03:01,5576.95,ANZ78847,LISLPTAFAVI,5,70.0
205,HLA-A03:01,5577.57,ANZ78847,NFTYDVNATYL,205,71.0
994,HLA-A03:01,5577.87,ANZ78847,VQYRINGLGVT,994,72.0
532,HLA-A03:01,5578.03,ANZ78847,NLCNPDPITFT,532,73.0
1140,HLA-A03:01,5578.38,ANZ78847,HIISLVQNAPY,1140,74.0
74,HLA-A03:01,5578.47,ANZ78847,SGSTYRNMALK,74,75.0
9,HLA-A03:01,5578.51,ANZ78847,PTAFAVIGDLK,9,76.0
852,HLA-A03:01,5578.57,ANZ78847,ILTEVNELLDT,852,77.0
1275,HLA-A03:01,5579.1,ANZ78847,MNRLQEAIKVL,1275,78.0
1229,HLA-A03:01,5579.37,ANZ78847,VMLNTSIPNLP,1229,79.0
1044,HLA-A03:01,5579.6,ANZ78847,VNANAEALNNL,1044,80.0
66,HLA-A03:01,5579.75,ANZ78847,FLNGYYPTSGS,66,81.0
998,HLA-A03:01,5580.06,ANZ78847,INGLGVTMDVL,998,82.0
624,HLA-A03:01,5580.54,ANZ78847,IKLGVCVNYDL,624,83.0
414,HLA-A03:01,5582.17,ANZ78847,VDLQLGNLGYL,414,84.0
8,HLA-A03:01,5583.25,ANZ78847,LPTAFAVIGDL,8,85.0
888,HLA-A03:01,5583.45,ANZ78847,NVDDINFSSVL,888,86.0
947,HLA-A03:01,5583.68,ANZ78847,CVQSYKGIKVL,947,87.0
1300,HLA-A03:01,5583.72,ANZ78847,YYVKWPWYVWL,1300,88.0
1311,HLA-A03:01,5584.27,ANZ78847,LICLAGVAMLV,1311,89.0
352,HLA-A03:01,5584.6,ANZ78847,SVPSPLNWERK,352,90.0
230,HLA-A03:01,5584.72,ANZ78847,FTDTGVVTKFL,230,91.0
1188,HLA-A03:01,5584.89,ANZ78847,FVNVNNTWMYT,1188,92.0
850,HLA-A03:01,5585.13,ANZ78847,NAILTEVNELL,850,93.0
973,HLA-A03:01,5585.36,ANZ78847,ATSASLFPPWT,973,94.0
73,HLA-A03:01,5586.09,ANZ78847,TSGSTYRNMAL,73,95.0
129,HLA-A03:01,5586.9,ANZ78847,TIGSTFVNTSY,129,96.0
411,HLA-A03:01,5586.93,ANZ78847,GRKVDLQLGNL,411,97.0
1086,HLA-A03:01,5587.69,ANZ78847,DRLINGRLTAL,1086,98.0
597,HLA-A03:01,5588.12,ANZ78847,NIFANLILHDV,597,99.0
227,HLA-A03:01,5588.18,ANZ78847,YAYFTDTGVVT,227,100.0
909,HLA-A03:01,5588.86,ANZ78847,SSRSAIEDLLF,909,101.0
6,HLA-A03:01,5588.98,ANZ78847,ISLPTAFAVIG,6,102.0
607,HLA-A03:01,5589.07,ANZ78847,VNSGLTCSTDL,607,103.0
434,HLA-A03:01,5589.15,ANZ78847,TATSCQLYYNL,434,104.0
647,HLA-A03:01,5589.43,ANZ78847,NATYYNSWQNL,647,105.0
341,HLA-A03:01,5589.97,ANZ78847,NCNIEAWLNDK,341,106.0
908,HLA-A03:01,5590.21,ANZ78847,ASSRSAIEDLL,908,107.0
1320,HLA-A03:01,5590.8,ANZ78847,LVLLFFICCCT,1320,108.0
774,HLA-A03:01,5591.61,ANZ78847,FTNFEPFTVNS,774,109.0
1048,HLA-A03:01,5592.58,ANZ78847,AEALNNLLQQL,1048,110.0
961,HLA-A03:01,5593.3,ANZ78847,LSENQISGYTL,961,111.0
951,HLA-A03:01,5593.99,ANZ78847,YKGIKVLPPLL,951,112.0
968,HLA-A03:01,5594.24,ANZ78847,GYTLAATSASL,968,113.0
1215,HLA-A03:01,5594.32,ANZ78847,VMSTCAVNYTK,1215,114.0
891,HLA-A03:01,5594.51,ANZ78847,DINFSSVLGCL,891,115.0
1134,HLA-A03:01,5594.66,ANZ78847,FCGNGNHIISL,1134,116.0
705,HLA-A03:01,5594.77,ANZ78847,IKCNYVFNNSL,705,117.0
132,HLA-A03:01,5594.88,ANZ78847,STFVNTSYSVV,132,118.0
394,HLA-A03:01,5595.15,ANZ78847,YGMCFSSITID,394,119.0
1318,HLA-A03:01,5595.6,ANZ78847,AMLVLLFFICC,1318,120.0
867,HLA-A03:01,5595.71,ANZ78847,VANSLMNGVTL,867,121.0
997,HLA-A03:01,5595.94,ANZ78847,RINGLGVTMDV,997,122.0
79,HLA-A03:01,5596.01,ANZ78847,RNMALKGTDKL,79,123.0
935,HLA-A03:01,5596.43,ANZ78847,NCTGGAEIRDL,935,124.0
247,HLA-A03:01,5596.58,ANZ78847,MALSHYYVMPL,247,125.0
406,HLA-A03:01,5596.61,ANZ78847,FAIPNGRKVDL,406,126.0
1059,HLA-A03:01,5596.72,ANZ78847,SNRFGAISSSL,1059,127.0
1221,HLA-A03:01,5597.06,ANZ78847,VNYTKAPYVML,1221,128.0
1303,HLA-A03:01,5597.37,ANZ78847,KWPWYVWLLIC,1303,129.0
907,HLA-A03:01,5597.51,ANZ78847,KASSRSAIEDL,907,130.0
592,HLA-A03:01,5597.82,ANZ78847,QGDKCNIFANL,592,131.0
402,HLA-A03:01,5598.12,ANZ78847,TIDKFAIPNGR,402,132.0
1326,HLA-A03:01,5598.31,ANZ78847,ICCCTGCGTSC,1326,133.0
881,HLA-A03:01,5598.41,ANZ78847,LKDGVNFNVDD,881,134.0
1174,HLA-A03:01,5598.51,ANZ78847,CIAGDRGIAPK,1174,135.0
35,HLA-A03:01,5598.67,ANZ78847,GPPSISTATVD,35,136.0
853,HLA-A03:01,5598.67,ANZ78847,LTEVNELLDTT,853,136.0
1184,HLA-A03:01,5598.82,ANZ78847,KSGYFVNVNNT,1184,138.0
1208,HLA-A03:01,5598.97,ANZ78847,ITENNVVVMST,1208,139.0
738,HLA-A03:01,5599.17,ANZ78847,STAISVQTCDL,738,140.0
137,HLA-A03:01,5599.18,ANZ78847,TSYSVVVQPRT,137,141.0
573,HLA-A03:01,5599.61,ANZ78847,NPCTCQPQAFL,573,142.0
996,HLA-A03:01,5599.62,ANZ78847,YRINGLGVTMD,996,143.0
497,HLA-A03:01,5599.68,ANZ78847,FCPCKSNSSLC,497,144.0
849,HLA-A03:01,5599.77,ANZ78847,INAILTEVNEL,849,145.0
655,HLA-A03:01,5600.01,ANZ78847,QNLLYDSNGNL,655,146.0
747,HLA-A03:01,5600.49,ANZ78847,DLTVGSGYCVD,747,147.0
736,HLA-A03:01,5600.51,ANZ78847,YNSTAISVQTC,736,148.0
982,HLA-A03:01,5600.56,ANZ78847,WTAAAGVPFYL,982,149.0
914,HLA-A03:01,5600.66,ANZ78847,IEDLLFDKVKL,914,150.0
1004,HLA-A03:01,5600.85,ANZ78847,TMDVLSQNQKL,1004,151.0
299,HLA-A03:01,5600.97,ANZ78847,SDFMSEIKCKT,299,152.0
1350,HLA-A03:01,5600.97,ANZ78847,YQELVIKTSHD,1350,152.0
473,HLA-A03:01,5601.2,ANZ78847,PQPAGVLTNHD,473,154.0
777,HLA-A03:01,5601.27,ANZ78847,FEPFTVNSVND,777,155.0
1317,HLA-A03:01,5601.61,ANZ78847,VAMLVLLFFIC,1317,156.0
1336,HLA-A03:01,5601.72,ANZ78847,CFKKCGGCCDD,1336,157.0
844,HLA-A03:01,5601.9,ANZ78847,SFCDNINAILT,844,158.0
623,HLA-A03:01,5602.07,ANZ78847,DIKLGVCVNYD,623,159.0
191,HLA-A03:01,5602.19,ANZ78847,WHMDTGVVSCL,191,160.0
364,HLA-A03:01,5602.25,ANZ78847,FSNCNFNMSSL,364,161.0
1319,HLA-A03:01,5602.39,ANZ78847,MLVLLFFICCC,1319,162.0
185,HLA-A03:01,5602.4,ANZ78847,NHFKELWHMDT,185,163.0
474,HLA-A03:01,5602.43,ANZ78847,QPAGVLTNHDV,474,164.0
1268,HLA-A03:01,5602.46,ANZ78847,FLDLQVEMNRL,1268,165.0
24,HLA-A03:01,5602.76,ANZ78847,SRTGSLNNIDT,24,166.0
183,HLA-A03:01,5602.79,ANZ78847,LGNHFKELWHM,183,167.0
148,HLA-A03:01,5602.84,ANZ78847,INSTQDGVNKL,148,168.0
761,HLA-A03:01,5603.0,ANZ78847,NRRSRRAITTG,761,169.0
286,HLA-A03:01,5603.02,ANZ78847,NQDGIIFNAVD,286,170.0
469,HLA-A03:01,5603.06,ANZ78847,SVFKPQPAGVL,469,171.0
523,HLA-A03:01,5603.07,ANZ78847,AGTNYLTCHNL,523,172.0
1249,HLA-A03:01,5603.19,ANZ78847,FKNQTSVAPDL,1249,173.0
338,HLA-A03:01,5603.31,ANZ78847,DLPNCNIEAWL,338,174.0
47,HLA-A03:01,5603.33,ANZ78847,TNGLGTYYVLD,47,175.0
37,HLA-A03:01,5603.4,ANZ78847,PSISTATVDVT,37,176.0
1351,HLA-A03:01,5603.44,ANZ78847,QELVIKTSHDD,1351,177.0
152,HLA-A03:01,5603.45,ANZ78847,QDGVNKLQGLL,152,178.0
78,HLA-A03:01,5603.46,ANZ78847,YRNMALKGTDK,78,179.0
1142,HLA-A03:01,5603.59,ANZ78847,ISLVQNAPYGL,1142,180.0
498,HLA-A03:01,5603.92,ANZ78847,CPCKSNSSLCV,498,181.0
520,HLA-A03:01,5603.94,ANZ78847,TCPAGTNYLTC,520,182.0
340,HLA-A03:01,5604.3,ANZ78847,PNCNIEAWLND,340,183.0
472,HLA-A03:01,5604.42,ANZ78847,KPQPAGVLTNH,472,184.0
845,HLA-A03:01,5604.59,ANZ78847,FCDNINAILTE,845,185.0
662,HLA-A03:01,5604.64,ANZ78847,NGNLYGFRDYL,662,186.0
1063,HLA-A03:01,5604.78,ANZ78847,GAISSSLQEIL,1063,187.0
292,HLA-A03:01,5605.05,ANZ78847,FNAVDCMSDFM,292,188.0
938,HLA-A03:01,5605.25,ANZ78847,GGAEIRDLICV,938,189.0
36,HLA-A03:01,5605.29,ANZ78847,PPSISTATVDV,36,190.0
223,HLA-A03:01,5605.55,ANZ78847,GGTFYAYFTDT,223,191.0
1081,HLA-A03:01,5605.67,ANZ78847,AEAQIDRLING,1081,192.0
412,HLA-A03:01,5605.69,ANZ78847,RKVDLQLGNLG,412,193.0
691,HLA-A03:01,5606.06,ANZ78847,FHANSSEPALL,691,194.0
636,HLA-A03:01,5606.28,ANZ78847,GISGQGIFVEV,636,195.0
613,HLA-A03:01,5606.31,ANZ78847,CSTDLQKANTD,613,196.0
423,HLA-A03:01,5606.32,ANZ78847,YLQSFNYRIDT,423,197.0
779,HLA-A03:01,5606.33,ANZ78847,PFTVNSVNDSL,779,198.0
499,HLA-A03:01,5606.39,ANZ78847,PCKSNSSLCVG,499,199.0
77,HLA-A03:01,5606.49,ANZ78847,TYRNMALKGTD,77,200.0
518,HLA-A03:01,5606.53,ANZ78847,IGTCPAGTNYL,518,201.0
760,HLA-A03:01,5606.78,ANZ78847,KNRRSRRAITT,760,202.0
616,HLA-A03:01,5606.91,ANZ78847,DLQKANTDIKL,616,203.0
1343,HLA-A03:01,5607.02,ANZ78847,CCDDYTGYQEL,1343,204.0
496,HLA-A03:01,5607.04,ANZ78847,NFCPCKSNSSL,496,205.0
142,HLA-A03:01,5607.26,ANZ78847,VVQPRTINSTQ,142,206.0
408,HLA-A03:01,5607.32,ANZ78847,IPNGRKVDLQL,408,207.0
428,HLA-A03:01,5607.33,ANZ78847,NYRIDTTATSC,428,208.0
266,HLA-A03:01,5607.9,ANZ78847,GFTLEYWVTPL,266,209.0
1057,HLA-A03:01,5607.97,ANZ78847,QLSNRFGAISS,1057,210.0
1347,HLA-A03:01,5608.03,ANZ78847,YTGYQELVIKT,1347,211.0
23,HLA-A03:01,5608.04,ANZ78847,DSRTGSLNNID,23,212.0
353,HLA-A03:01,5608.07,ANZ78847,VPSPLNWERKT,353,213.0
1069,HLA-A03:01,5608.1,ANZ78847,LQEILSRLDAL,1069,214.0
19,HLA-A03:01,5608.21,ANZ78847,KCPLDSRTGSL,19,215.0
395,HLA-A03:01,5608.25,ANZ78847,GMCFSSITIDK,395,216.0
969,HLA-A03:01,5608.3,ANZ78847,YTLAATSASLF,969,217.0
184,HLA-A03:01,5608.38,ANZ78847,GNHFKELWHMD,184,218.0
861,HLA-A03:01,5608.42,ANZ78847,DTTQLQVANSL,861,219.0
278,HLA-A03:01,5608.55,ANZ78847,SRQYLLAFNQD,278,220.0
785,HLA-A03:01,5608.65,ANZ78847,VNDSLEPVGGL,785,221.0
719,HLA-A03:01,5608.97,ANZ78847,LQPINYFDSYL,719,222.0
620,HLA-A03:01,5609.04,ANZ78847,ANTDIKLGVCV,620,223.0
882,HLA-A03:01,5609.11,ANZ78847,KDGVNFNVDDI,882,224.0
739,HLA-A03:01,5609.3,ANZ78847,TAISVQTCDLT,739,225.0
279,HLA-A03:01,5609.33,ANZ78847,RQYLLAFNQDG,279,226.0
89,HLA-A03:01,5609.35,ANZ78847,LSTLWFKPPFL,89,227.0
95,HLA-A03:01,5609.49,ANZ78847,KPPFLSDFING,95,228.0
260,HLA-A03:01,5609.51,ANZ78847,ISRRNIGFTLE,260,229.0
1094,HLA-A03:01,5609.55,ANZ78847,TALNAYVSQQL,1094,230.0
795,HLA-A03:01,5609.59,ANZ78847,LYEIQIPSDFT,795,231.0
422,HLA-A03:01,5609.71,ANZ78847,GYLQSFNYRID,422,232.0
59,HLA-A03:01,5609.8,ANZ78847,VYLNTTLFLNG,59,233.0
1251,HLA-A03:01,5609.99,ANZ78847,NQTSVAPDLAL,1251,234.0
1323,HLA-A03:01,5610.01,ANZ78847,LFFICCCTGCG,1323,235.0
1209,HLA-A03:01,5610.24,ANZ78847,TENNVVVMSTC,1209,236.0
913,HLA-A03:01,5610.27,ANZ78847,AIEDLLFDKVK,913,237.0
288,HLA-A03:01,5610.33,ANZ78847,DGIIFNAVDCM,288,238.0
200,HLA-A03:01,5610.44,ANZ78847,CLYKRNFTYDV,200,239.0
1186,HLA-A03:01,5610.49,ANZ78847,GYFVNVNNTWM,1186,240.0
601,HLA-A03:01,5610.53,ANZ78847,NLILHDVNSGL,601,241.0
53,HLA-A03:01,5610.65,ANZ78847,YYVLDRVYLNT,53,242.0
1096,HLA-A03:01,5610.75,ANZ78847,LNAYVSQQLSD,1096,243.0
190,HLA-A03:01,5610.79,ANZ78847,LWHMDTGVVSC,190,244.0
558,HLA-A03:01,5610.83,ANZ78847,EHCSGLAVKSD,558,245.0
927,HLA-A03:01,5611.27,ANZ78847,VGFVAAYNNCT,927,246.0
606,HLA-A03:01,5611.36,ANZ78847,DVNSGLTCSTD,606,247.0
1099,HLA-A03:01,5611.4,ANZ78847,YVSQQLSDSTL,1099,248.0
976,HLA-A03:01,5611.5,ANZ78847,ASLFPPWTAAA,976,249.0
272,HLA-A03:01,5611.58,ANZ78847,WVTPLTSRQYL,272,250.0
380,HLA-A03:01,5611.61,ANZ78847,ADSFTCNNIDA,380,251.0
264,HLA-A03:01,5611.63,ANZ78847,NIGFTLEYWVT,264,252.0
829,HLA-A03:01,5611.81,ANZ78847,CGDYAACKSQL,829,253.0
950,HLA-A03:01,5611.87,ANZ78847,SYKGIKVLPPL,950,254.0
600,HLA-A03:01,5612.02,ANZ78847,ANLILHDVNSG,600,255.0
1206,HLA-A03:01,5612.05,ANZ78847,EPITENNVVVM,1206,256.0
16,HLA-A03:01,5612.15,ANZ78847,GDLKCPLDSRT,16,257.0
581,HLA-A03:01,5612.15,ANZ78847,AFLGWSADSCL,581,257.0
1189,HLA-A03:01,5612.34,ANZ78847,VNVNNTWMYTG,1189,259.0
1023,HLA-A03:01,5612.35,ANZ78847,LDAIQEGFDAT,1023,260.0
869,HLA-A03:01,5612.43,ANZ78847,NSLMNGVTLST,869,261.0
916,HLA-A03:01,5612.44,ANZ78847,DLLFDKVKLSD,916,262.0
313,HLA-A03:01,5612.5,ANZ78847,APPTGVYELNG,313,263.0
1204,HLA-A03:01,5612.51,ANZ78847,YPEPITENNVV,1204,264.0
1338,HLA-A03:01,5612.51,ANZ78847,KKCGGCCDDYT,1338,264.0
1242,HLA-A03:01,5612.53,ANZ78847,REELDQWFKNQ,1242,266.0
639,HLA-A03:01,5612.7,ANZ78847,GQGIFVEVNAT,639,267.0
873,HLA-A03:01,5612.75,ANZ78847,NGVTLSTKLKD,873,268.0
1256,HLA-A03:01,5612.75,ANZ78847,APDLALDYINV,1256,268.0
746,HLA-A03:01,5612.93,ANZ78847,CDLTVGSGYCV,746,270.0
1335,HLA-A03:01,5613.14,ANZ78847,SCFKKCGGCCD,1335,271.0
144,HLA-A03:01,5613.25,ANZ78847,QPRTINSTQDG,144,272.0
108,HLA-A03:01,5613.33,ANZ78847,AKVKNTKVFKD,108,273.0
656,HLA-A03:01,5613.34,ANZ78847,NLLYDSNGNLY,656,274.0
329,HLA-A03:01,5613.35,ANZ78847,IADVYRRKPDL,329,275.0
910,HLA-A03:01,5613.46,ANZ78847,SRSAIEDLLFD,910,276.0
122,HLA-A03:01,5613.49,ANZ78847,YSEFPAITIGS,122,277.0
948,HLA-A03:01,5613.51,ANZ78847,VQSYKGIKVLP,948,278.0
107,HLA-A03:01,5613.68,ANZ78847,FAKVKNTKVFK,107,279.0
892,HLA-A03:01,5613.69,ANZ78847,INFSSVLGCLG,892,280.0
379,HLA-A03:01,5613.85,ANZ78847,QADSFTCNNID,379,281.0
180,HLA-A03:01,5614.01,ANZ78847,HPNLGNHFKEL,180,282.0
612,HLA-A03:01,5614.2,ANZ78847,TCSTDLQKANT,612,283.0
169,HLA-A03:01,5614.24,ANZ78847,YNMCEYPHTIC,169,284.0
763,HLA-A03:01,5614.43,ANZ78847,RSRRAITTGYR,763,285.0
1257,HLA-A03:01,5614.52,ANZ78847,PDLALDYINVT,1257,286.0
504,HLA-A03:01,5614.56,ANZ78847,SSLCVGSGPGK,504,287.0
63,HLA-A03:01,5614.58,ANZ78847,TTLFLNGYYPT,63,288.0
173,HLA-A03:01,5614.59,ANZ78847,EYPHTICHPNL,173,289.0
167,HLA-A03:01,5614.68,ANZ78847,CQYNMCEYPHT,167,290.0
990,HLA-A03:01,5614.84,ANZ78847,FYLNVQYRING,990,291.0
162,HLA-A03:01,5614.96,ANZ78847,LEVSVCQYNMC,162,292.0
626,HLA-A03:01,5614.99,ANZ78847,LGVCVNYDLYG,626,293.0
889,HLA-A03:01,5615.01,ANZ78847,VDDINFSSVLG,889,294.0
1285,HLA-A03:01,5615.08,ANZ78847,LNQSYINLKDI,1285,295.0
1262,HLA-A03:01,5615.24,ANZ78847,DYINVTFLDLQ,1262,296.0
1125,HLA-A03:01,5615.29,ANZ78847,VKSQSSRINFC,1125,297.0
361,HLA-A03:01,5615.37,ANZ78847,RKTFSNCNFNM,361,298.0
287,HLA-A03:01,5615.41,ANZ78847,QDGIIFNAVDC,287,299.0
1115,HLA-A03:01,5615.47,ANZ78847,AQAMEKVNECV,1115,300.0
0,HLA-A03:01,5615.52,ANZ78847,MFLILLISLPT,0,301.0
151,HLA-A03:01,5615.52,ANZ78847,TQDGVNKLQGL,151,301.0
737,HLA-A03:01,5615.57,ANZ78847,NSTAISVQTCD,737,303.0
598,HLA-A03:01,5615.58,ANZ78847,IFANLILHDVN,598,304.0
985,HLA-A03:01,5615.58,ANZ78847,AAGVPFYLNVQ,985,304.0
475,HLA-A03:01,5615.66,ANZ78847,PAGVLTNHDVV,475,306.0
725,HLA-A03:01,5615.7,ANZ78847,FDSYLGCVVNA,725,307.0
1330,HLA-A03:01,5615.84,ANZ78847,TGCGTSCFKKC,1330,308.0
740,HLA-A03:01,5615.92,ANZ78847,AISVQTCDLTV,740,309.0
101,HLA-A03:01,5615.94,ANZ78847,DFINGIFAKVK,101,310.0
1293,HLA-A03:01,5616.39,ANZ78847,KDIGTYEYYVK,1293,311.0
855,HLA-A03:01,5616.41,ANZ78847,EVNELLDTTQL,855,312.0
365,HLA-A03:01,5616.42,ANZ78847,SNCNFNMSSLM,365,313.0
578,HLA-A03:01,5616.44,ANZ78847,QPQAFLGWSAD,578,314.0
103,HLA-A03:01,5616.49,ANZ78847,INGIFAKVKNT,103,315.0
1103,HLA-A03:01,5616.65,ANZ78847,QLSDSTLVKFS,1103,316.0
1210,HLA-A03:01,5616.7,ANZ78847,ENNVVVMSTCA,1210,317.0
716,HLA-A03:01,5616.73,ANZ78847,TRQLQPINYFD,716,318.0
918,HLA-A03:01,5616.86,ANZ78847,LFDKVKLSDVG,918,319.0
692,HLA-A03:01,5616.97,ANZ78847,HANSSEPALLF,692,320.0
357,HLA-A03:01,5617.02,ANZ78847,LNWERKTFSNC,357,321.0
545,HLA-A03:01,5617.02,ANZ78847,YKCPQSKSLVG,545,321.0
550,HLA-A03:01,5617.13,ANZ78847,SKSLVGIGEHC,550,323.0
203,HLA-A03:01,5617.23,ANZ78847,KRNFTYDVNAT,203,324.0
240,HLA-A03:01,5617.34,ANZ78847,LFNVYLGMALS,240,325.0
429,HLA-A03:01,5617.43,ANZ78847,YRIDTTATSCQ,429,326.0
846,HLA-A03:01,5617.43,ANZ78847,CDNINAILTEV,846,326.0
1235,HLA-A03:01,5617.45,ANZ78847,IPNLPDFREEL,1235,328.0
336,HLA-A03:01,5617.56,ANZ78847,KPDLPNCNIEA,336,329.0
174,HLA-A03:01,5617.82,ANZ78847,YPHTICHPNLG,174,330.0
1205,HLA-A03:01,5617.93,ANZ78847,PEPITENNVVV,1205,331.0
1306,HLA-A03:01,5617.95,ANZ78847,WYVWLLICLAG,1306,332.0
1264,HLA-A03:01,5618.0,ANZ78847,INVTFLDLQVE,1264,333.0
666,HLA-A03:01,5618.06,ANZ78847,YGFRDYLTNRT,666,334.0
584,HLA-A03:01,5618.1,ANZ78847,GWSADSCLQGD,584,335.0
1302,HLA-A03:01,5618.13,ANZ78847,VKWPWYVWLLI,1302,336.0
1328,HLA-A03:01,5618.15,ANZ78847,CCTGCGTSCFK,1328,337.0
71,HLA-A03:01,5618.23,ANZ78847,YPTSGSTYRNM,71,338.0
1163,HLA-A03:01,5618.37,ANZ78847,KYVTAKVSPGL,1163,339.0
1019,HLA-A03:01,5618.38,ANZ78847,FNNALDAIQEG,1019,340.0
186,HLA-A03:01,5618.78,ANZ78847,HFKELWHMDTG,186,341.0
277,HLA-A03:01,5618.78,ANZ78847,TSRQYLLAFNQ,277,341.0
650,HLA-A03:01,5618.8,ANZ78847,YYNSWQNLLYD,650,343.0
653,HLA-A03:01,5618.81,ANZ78847,SWQNLLYDSNG,653,344.0
595,HLA-A03:01,5618.82,ANZ78847,KCNIFANLILH,595,345.0
424,HLA-A03:01,5618.91,ANZ78847,LQSFNYRIDTT,424,346.0
993,HLA-A03:01,5619.05,ANZ78847,NVQYRINGLGV,993,347.0
454,HLA-A03:01,5619.07,ANZ78847,FNPSTWNKRFG,454,348.0
668,HLA-A03:01,5619.14,ANZ78847,FRDYLTNRTFM,668,349.0
651,HLA-A03:01,5619.21,ANZ78847,YNSWQNLLYDS,651,350.0
236,HLA-A03:01,5619.22,ANZ78847,VTKFLFNVYLG,236,351.0
470,HLA-A03:01,5619.24,ANZ78847,VFKPQPAGVLT,470,352.0
1331,HLA-A03:01,5619.27,ANZ78847,GCGTSCFKKCG,1331,353.0
1339,HLA-A03:01,5619.32,ANZ78847,KCGGCCDDYTG,1339,354.0
430,HLA-A03:01,5619.45,ANZ78847,RIDTTATSCQL,430,355.0
943,HLA-A03:01,5619.56,ANZ78847,RDLICVQSYKG,943,356.0
664,HLA-A03:01,5619.66,ANZ78847,NLYGFRDYLTN,664,357.0
722,HLA-A03:01,5619.69,ANZ78847,INYFDSYLGCV,722,358.0
975,HLA-A03:01,5619.74,ANZ78847,SASLFPPWTAA,975,359.0
1237,HLA-A03:01,5619.75,ANZ78847,NLPDFREELDQ,1237,360.0
723,HLA-A03:01,5619.76,ANZ78847,NYFDSYLGCVV,723,361.0
1068,HLA-A03:01,5619.78,ANZ78847,SLQEILSRLDA,1068,362.0
237,HLA-A03:01,5619.79,ANZ78847,TKFLFNVYLGM,237,363.0
480,HLA-A03:01,5619.91,ANZ78847,TNHDVVYAQHC,480,364.0
1135,HLA-A03:01,5620.01,ANZ78847,CGNGNHIISLV,1135,365.0
585,HLA-A03:01,5620.03,ANZ78847,WSADSCLQGDK,585,366.0
507,HLA-A03:01,5620.13,ANZ78847,CVGSGPGKNNG,507,367.0
879,HLA-A03:01,5620.2,ANZ78847,TKLKDGVNFNV,879,368.0
1314,HLA-A03:01,5620.27,ANZ78847,LAGVAMLVLLF,1314,369.0
805,HLA-A03:01,5620.36,ANZ78847,TIGNMEEFIQT,805,370.0
1076,HLA-A03:01,5620.47,ANZ78847,LDALEAEAQID,1076,371.0
778,HLA-A03:01,5620.65,ANZ78847,EPFTVNSVNDS,778,372.0
241,HLA-A03:01,5620.71,ANZ78847,FNVYLGMALSH,241,373.0
1047,HLA-A03:01,5620.72,ANZ78847,NAEALNNLLQQ,1047,374.0
568,HLA-A03:01,5620.81,ANZ78847,DYCGGNPCTCQ,568,375.0
1098,HLA-A03:01,5620.86,ANZ78847,AYVSQQLSDST,1098,376.0
1170,HLA-A03:01,5620.92,ANZ78847,SPGLCIAGDRG,1170,377.0
566,HLA-A03:01,5620.93,ANZ78847,KSDYCGGNPCT,566,378.0
1027,HLA-A03:01,5620.93,ANZ78847,QEGFDATNSAL,1027,378.0
741,HLA-A03:01,5620.99,ANZ78847,ISVQTCDLTVG,741,380.0
233,HLA-A03:01,5621.16,ANZ78847,TGVVTKFLFNV,233,381.0
1084,HLA-A03:01,5621.18,ANZ78847,QIDRLINGRLT,1084,382.0
1101,HLA-A03:01,5621.3,ANZ78847,SQQLSDSTLVK,1101,383.0
1307,HLA-A03:01,5621.3,ANZ78847,YVWLLICLAGV,1307,383.0
983,HLA-A03:01,5621.38,ANZ78847,TAAAGVPFYLN,983,385.0
992,HLA-A03:01,5621.57,ANZ78847,LNVQYRINGLG,992,386.0
556,HLA-A03:01,5621.71,ANZ78847,IGEHCSGLAVK,556,387.0
322,HLA-A03:01,5621.74,ANZ78847,NGYTVQPIADV,322,388.0
1029,HLA-A03:01,5621.74,ANZ78847,GFDATNSALVK,1029,388.0
202,HLA-A03:01,5621.78,ANZ78847,YKRNFTYDVNA,202,390.0
522,HLA-A03:01,5621.82,ANZ78847,PAGTNYLTCHN,522,391.0
708,HLA-A03:01,5621.82,ANZ78847,NYVFNNSLTRQ,708,391.0
347,HLA-A03:01,5621.85,ANZ78847,WLNDKSVPSPL,347,393.0
697,HLA-A03:01,5621.85,ANZ78847,EPALLFRNIKC,697,393.0
386,HLA-A03:01,5621.87,ANZ78847,NNIDAAKIYGM,386,395.0
306,HLA-A03:01,5621.91,ANZ78847,KCKTQSIAPPT,306,396.0
1203,HLA-A03:01,5621.92,ANZ78847,YYPEPITENNV,1203,397.0
405,HLA-A03:01,5621.93,ANZ78847,KFAIPNGRKVD,405,398.0
1214,HLA-A03:01,5621.94,ANZ78847,VVMSTCAVNYT,1214,399.0
1252,HLA-A03:01,5622.0,ANZ78847,QTSVAPDLALD,1252,400.0
729,HLA-A03:01,5622.01,ANZ78847,LGCVVNAYNST,729,401.0
821,HLA-A03:01,5622.11,ANZ78847,TIDCAAFVCGD,821,402.0
158,HLA-A03:01,5622.14,ANZ78847,LQGLLEVSVCQ,158,403.0
526,HLA-A03:01,5622.24,ANZ78847,NYLTCHNLCNP,526,404.0
757,HLA-A03:01,5622.24,ANZ78847,DYSKNRRSRRA,757,404.0
83,HLA-A03:01,5622.32,ANZ78847,LKGTDKLSTLW,83,406.0
339,HLA-A03:01,5622.41,ANZ78847,LPNCNIEAWLN,339,407.0
458,HLA-A03:01,5622.53,ANZ78847,TWNKRFGFIED,458,408.0
1305,HLA-A03:01,5622.55,ANZ78847,PWYVWLLICLA,1305,409.0
995,HLA-A03:01,5622.61,ANZ78847,QYRINGLGVTM,995,410.0
332,HLA-A03:01,5622.62,ANZ78847,VYRRKPDLPNC,332,411.0
1067,HLA-A03:01,5622.62,ANZ78847,SSLQEILSRLD,1067,411.0
1211,HLA-A03:01,5622.84,ANZ78847,NNVVVMSTCAV,1211,413.0
1046,HLA-A03:01,5622.87,ANZ78847,ANAEALNNLLQ,1046,414.0
258,HLA-A03:01,5622.88,ANZ78847,TCISRRNIGFT,258,415.0
862,HLA-A03:01,5622.92,ANZ78847,TTQLQVANSLM,862,416.0
1243,HLA-A03:01,5622.95,ANZ78847,EELDQWFKNQT,1243,417.0
965,HLA-A03:01,5623.02,ANZ78847,QISGYTLAATS,965,418.0
1148,HLA-A03:01,5623.03,ANZ78847,APYGLYFIHFS,1148,419.0
934,HLA-A03:01,5623.13,ANZ78847,NNCTGGAEIRD,934,420.0
841,HLA-A03:01,5623.19,ANZ78847,EYGSFCDNINA,841,421.0
533,HLA-A03:01,5623.38,ANZ78847,LCNPDPITFTG,533,422.0
153,HLA-A03:01,5623.42,ANZ78847,DGVNKLQGLLE,153,423.0
1223,HLA-A03:01,5623.42,ANZ78847,YTKAPYVMLNT,1223,423.0
199,HLA-A03:01,5623.45,ANZ78847,SCLYKRNFTYD,199,425.0
912,HLA-A03:01,5623.45,ANZ78847,SAIEDLLFDKV,912,425.0
964,HLA-A03:01,5623.47,ANZ78847,NQISGYTLAAT,964,427.0
1240,HLA-A03:01,5623.51,ANZ78847,DFREELDQWFK,1240,428.0
1250,HLA-A03:01,5623.57,ANZ78847,KNQTSVAPDLA,1250,429.0
617,HLA-A03:01,5623.58,ANZ78847,LQKANTDIKLG,617,430.0
371,HLA-A03:01,5623.61,ANZ78847,MSSLMSFIQAD,371,431.0
409,HLA-A03:01,5623.62,ANZ78847,PNGRKVDLQLG,409,432.0
671,HLA-A03:01,5623.62,ANZ78847,YLTNRTFMIRS,671,432.0
952,HLA-A03:01,5623.67,ANZ78847,KGIKVLPPLLS,952,434.0
837,HLA-A03:01,5623.74,ANZ78847,SQLVEYGSFCD,837,435.0
1324,HLA-A03:01,5623.75,ANZ78847,FFICCCTGCGT,1324,436.0
574,HLA-A03:01,5623.79,ANZ78847,PCTCQPQAFLG,574,437.0
121,HLA-A03:01,5623.82,ANZ78847,MYSEFPAITIG,121,438.0
222,HLA-A03:01,5623.89,ANZ78847,EGGTFYAYFTD,222,439.0
939,HLA-A03:01,5624.0,ANZ78847,GAEIRDLICVQ,939,440.0
39,HLA-A03:01,5624.04,ANZ78847,ISTATVDVTNG,39,441.0
1014,HLA-A03:01,5624.09,ANZ78847,LIANAFNNALD,1014,442.0
155,HLA-A03:01,5624.14,ANZ78847,VNKLQGLLEVS,155,443.0
826,HLA-A03:01,5624.26,ANZ78847,AFVCGDYAACK,826,444.0
937,HLA-A03:01,5624.35,ANZ78847,TGGAEIRDLIC,937,445.0
1241,HLA-A03:01,5624.39,ANZ78847,FREELDQWFKN,1241,446.0
1015,HLA-A03:01,5624.48,ANZ78847,IANAFNNALDA,1015,447.0
543,HLA-A03:01,5624.53,ANZ78847,GPYKCPQSKSL,543,448.0
1274,HLA-A03:01,5624.56,ANZ78847,EMNRLQEAIKV,1274,449.0
285,HLA-A03:01,5624.57,ANZ78847,FNQDGIIFNAV,285,450.0
511,HLA-A03:01,5624.57,ANZ78847,GPGKNNGIGTC,511,450.0
856,HLA-A03:01,5624.63,ANZ78847,VNELLDTTQLQ,856,452.0
1136,HLA-A03:01,5624.71,ANZ78847,GNGNHIISLVQ,1136,453.0
31,HLA-A03:01,5624.72,ANZ78847,NIDTGPPSIST,31,454.0
426,HLA-A03:01,5624.76,ANZ78847,SFNYRIDTTAT,426,455.0
890,HLA-A03:01,5624.83,ANZ78847,DDINFSSVLGC,890,456.0
1090,HLA-A03:01,5624.88,ANZ78847,NGRLTALNAYV,1090,457.0
1190,HLA-A03:01,5625.03,ANZ78847,NVNNTWMYTGS,1190,458.0
318,HLA-A03:01,5625.08,ANZ78847,VYELNGYTVQP,318,459.0
342,HLA-A03:01,5625.08,ANZ78847,CNIEAWLNDKS,342,459.0
1332,HLA-A03:01,5625.09,ANZ78847,CGTSCFKKCGG,1332,461.0
373,HLA-A03:01,5625.13,ANZ78847,SLMSFIQADSF,373,462.0
415,HLA-A03:01,5625.13,ANZ78847,DLQLGNLGYLQ,415,462.0
110,HLA-A03:01,5625.17,ANZ78847,VKNTKVFKDGV,110,464.0
208,HLA-A03:01,5625.19,ANZ78847,YDVNATYLYFH,208,465.0
64,HLA-A03:01,5625.22,ANZ78847,TLFLNGYYPTS,64,466.0
818,HLA-A03:01,5625.34,ANZ78847,PKVTIDCAAFV,818,467.0
265,HLA-A03:01,5625.41,ANZ78847,IGFTLEYWVTP,265,468.0
1349,HLA-A03:01,5625.51,ANZ78847,GYQELVIKTSH,1349,469.0
228,HLA-A03:01,5625.52,ANZ78847,AYFTDTGVVTK,228,470.0
1238,HLA-A03:01,5625.57,ANZ78847,LPDFREELDQW,1238,471.0
946,HLA-A03:01,5625.59,ANZ78847,ICVQSYKGIKV,946,472.0
1118,HLA-A03:01,5625.59,ANZ78847,MEKVNECVKSQ,1118,472.0
245,HLA-A03:01,5625.63,ANZ78847,LGMALSHYYVM,245,474.0
815,HLA-A03:01,5626.0,ANZ78847,TSSPKVTIDCA,815,475.0
868,HLA-A03:01,5626.1,ANZ78847,ANSLMNGVTLS,868,476.0
482,HLA-A03:01,5626.13,ANZ78847,HDVVYAQHCFK,482,477.0
1287,HLA-A03:01,5626.15,ANZ78847,QSYINLKDIGT,1287,478.0
81,HLA-A03:01,5626.2,ANZ78847,MALKGTDKLST,81,479.0
161,HLA-A03:01,5626.2,ANZ78847,LLEVSVCQYNM,161,479.0
178,HLA-A03:01,5626.21,ANZ78847,ICHPNLGNHFK,178,481.0
133,HLA-A03:01,5626.27,ANZ78847,TFVNTSYSVVV,133,482.0
974,HLA-A03:01,5626.31,ANZ78847,TSASLFPPWTA,974,483.0
143,HLA-A03:01,5626.36,ANZ78847,VQPRTINSTQD,143,484.0
435,HLA-A03:01,5626.36,ANZ78847,ATSCQLYYNLP,435,484.0
275,HLA-A03:01,5626.37,ANZ78847,PLTSRQYLLAF,275,486.0
706,HLA-A03:01,5626.4,ANZ78847,KCNYVFNNSLT,706,487.0
813,HLA-A03:01,5626.44,ANZ78847,IQTSSPKVTID,813,488.0
330,HLA-A03:01,5626.46,ANZ78847,ADVYRRKPDLP,330,489.0
854,HLA-A03:01,5626.55,ANZ78847,TEVNELLDTTQ,854,490.0
735,HLA-A03:01,5626.58,ANZ78847,AYNSTAISVQT,735,491.0
1167,HLA-A03:01,5626.63,ANZ78847,AKVSPGLCIAG,1167,492.0
1038,HLA-A03:01,5626.66,ANZ78847,VKIQAVVNANA,1038,493.0
1152,HLA-A03:01,5626.66,ANZ78847,LYFIHFSYVPT,1152,493.0
605,HLA-A03:01,5626.73,ANZ78847,HDVNSGLTCST,605,495.0
699,HLA-A03:01,5626.79,ANZ78847,ALLFRNIKCNY,699,496.0
1200,HLA-A03:01,5626.79,ANZ78847,SGYYYPEPITE,1200,496.0
814,HLA-A03:01,5626.81,ANZ78847,QTSSPKVTIDC,814,498.0
1236,HLA-A03:01,5626.89,ANZ78847,PNLPDFREELD,1236,499.0
711,HLA-A03:01,5626.97,ANZ78847,FNNSLTRQLQP,711,500.0
637,HLA-A03:01,5627.03,ANZ78847,ISGQGIFVEVN,637,501.0
560,HLA-A03:01,5627.05,ANZ78847,CSGLAVKSDYC,560,502.0
703,HLA-A03:01,5627.07,ANZ78847,RNIKCNYVFNN,703,503.0
631,HLA-A03:01,5627.15,ANZ78847,NYDLYGISGQG,631,504.0
404,HLA-A03:01,5627.19,ANZ78847,DKFAIPNGRKV,404,505.0
33,HLA-A03:01,5627.24,ANZ78847,DTGPPSISTAT,33,506.0
1156,HLA-A03:01,5627.34,ANZ78847,HFSYVPTKYVT,1156,507.0
270,HLA-A03:01,5627.36,ANZ78847,EYWVTPLTSRQ,270,508.0
561,HLA-A03:01,5627.37,ANZ78847,SGLAVKSDYCG,561,509.0
201,HLA-A03:01,5627.41,ANZ78847,LYKRNFTYDVN,201,510.0
300,HLA-A03:01,5627.59,ANZ78847,DFMSEIKCKTQ,300,511.0
536,HLA-A03:01,5627.62,ANZ78847,PDPITFTGPYK,536,512.0
971,HLA-A03:01,5627.67,ANZ78847,LAATSASLFPP,971,513.0
1276,HLA-A03:01,5627.69,ANZ78847,NRLQEAIKVLN,1276,514.0
385,HLA-A03:01,5627.71,ANZ78847,CNNIDAAKIYG,385,515.0
459,HLA-A03:01,5627.71,ANZ78847,WNKRFGFIEDS,459,515.0
335,HLA-A03:01,5627.76,ANZ78847,RKPDLPNCNIE,335,517.0
485,HLA-A03:01,5627.93,ANZ78847,VYAQHCFKAPK,485,518.0
1348,HLA-A03:01,5627.97,ANZ78847,TGYQELVIKTS,1348,519.0
17,HLA-A03:01,5628.01,ANZ78847,DLKCPLDSRTG,17,520.0
745,HLA-A03:01,5628.03,ANZ78847,TCDLTVGSGYC,745,521.0
225,HLA-A03:01,5628.07,ANZ78847,TFYAYFTDTGV,225,522.0
1269,HLA-A03:01,5628.17,ANZ78847,LDLQVEMNRLQ,1269,523.0
521,HLA-A03:01,5628.21,ANZ78847,CPAGTNYLTCH,521,524.0
754,HLA-A03:01,5628.28,ANZ78847,YCVDYSKNRRS,754,525.0
21,HLA-A03:01,5628.31,ANZ78847,PLDSRTGSLNN,21,526.0
660,HLA-A03:01,5628.4,ANZ78847,DSNGNLYGFRD,660,527.0
48,HLA-A03:01,5628.48,ANZ78847,NGLGTYYVLDR,48,528.0
608,HLA-A03:01,5628.49,ANZ78847,NSGLTCSTDLQ,608,529.0
32,HLA-A03:01,5628.5,ANZ78847,IDTGPPSISTA,32,530.0
838,HLA-A03:01,5628.53,ANZ78847,QLVEYGSFCDN,838,531.0
926,HLA-A03:01,5628.55,ANZ78847,DVGFVAAYNNC,926,532.0
1191,HLA-A03:01,5628.57,ANZ78847,VNNTWMYTGSG,1191,533.0
193,HLA-A03:01,5628.84,ANZ78847,MDTGVVSCLYK,193,534.0
866,HLA-A03:01,5628.88,ANZ78847,QVANSLMNGVT,866,535.0
321,HLA-A03:01,5628.99,ANZ78847,LNGYTVQPIAD,321,536.0
1093,HLA-A03:01,5629.23,ANZ78847,LTALNAYVSQQ,1093,537.0
569,HLA-A03:01,5629.31,ANZ78847,YCGGNPCTCQP,569,538.0
1263,HLA-A03:01,5629.34,ANZ78847,YINVTFLDLQV,1263,539.0
298,HLA-A03:01,5629.35,ANZ78847,MSDFMSEIKCK,298,540.0
809,HLA-A03:01,5629.4,ANZ78847,MEEFIQTSSPK,809,541.0
903,HLA-A03:01,5629.42,ANZ78847,SECSKASSRSA,903,542.0
750,HLA-A03:01,5629.44,ANZ78847,VGSGYCVDYSK,750,543.0
123,HLA-A03:01,5629.46,ANZ78847,SEFPAITIGST,123,544.0
534,HLA-A03:01,5629.49,ANZ78847,CNPDPITFTGP,534,545.0
1,HLA-A03:01,5629.54,ANZ78847,FLILLISLPTA,1,546.0
1021,HLA-A03:01,5629.54,ANZ78847,NALDAIQEGFD,1021,546.0
125,HLA-A03:01,5629.64,ANZ78847,FPAITIGSTFV,125,548.0
22,HLA-A03:01,5629.66,ANZ78847,LDSRTGSLNNI,22,549.0
334,HLA-A03:01,5629.76,ANZ78847,RRKPDLPNCNI,334,550.0
599,HLA-A03:01,5629.76,ANZ78847,FANLILHDVNS,599,550.0
646,HLA-A03:01,5629.77,ANZ78847,VNATYYNSWQN,646,552.0
1329,HLA-A03:01,5629.77,ANZ78847,CTGCGTSCFKK,1329,552.0
297,HLA-A03:01,5629.81,ANZ78847,CMSDFMSEIKC,297,554.0
765,HLA-A03:01,5629.82,ANZ78847,RRAITTGYRFT,765,555.0
187,HLA-A03:01,5629.86,ANZ78847,FKELWHMDTGV,187,556.0
460,HLA-A03:01,5629.91,ANZ78847,NKRFGFIEDSV,460,557.0
1130,HLA-A03:01,5629.93,ANZ78847,SRINFCGNGNH,1130,558.0
579,HLA-A03:01,5630.01,ANZ78847,PQAFLGWSADS,579,559.0
488,HLA-A03:01,5630.02,ANZ78847,QHCFKAPKNFC,488,560.0
727,HLA-A03:01,5630.05,ANZ78847,SYLGCVVNAYN,727,561.0
249,HLA-A03:01,5630.17,ANZ78847,LSHYYVMPLTC,249,562.0
618,HLA-A03:01,5630.23,ANZ78847,QKANTDIKLGV,618,563.0
1248,HLA-A03:01,5630.26,ANZ78847,WFKNQTSVAPD,1248,564.0
848,HLA-A03:01,5630.3,ANZ78847,NINAILTEVNE,848,565.0
630,HLA-A03:01,5630.34,ANZ78847,VNYDLYGISGQ,630,566.0
10,HLA-A03:01,5630.38,ANZ78847,TAFAVIGDLKC,10,567.0
1344,HLA-A03:01,5630.41,ANZ78847,CDDYTGYQELV,1344,568.0
586,HLA-A03:01,5630.47,ANZ78847,SADSCLQGDKC,586,569.0
1034,HLA-A03:01,5630.49,ANZ78847,NSALVKIQAVV,1034,570.0
135,HLA-A03:01,5630.51,ANZ78847,VNTSYSVVVQP,135,571.0
20,HLA-A03:01,5630.54,ANZ78847,CPLDSRTGSLN,20,572.0
621,HLA-A03:01,5630.55,ANZ78847,NTDIKLGVCVN,621,573.0
652,HLA-A03:01,5630.59,ANZ78847,NSWQNLLYDSN,652,574.0
906,HLA-A03:01,5630.59,ANZ78847,SKASSRSAIED,906,574.0
145,HLA-A03:01,5630.61,ANZ78847,PRTINSTQDGV,145,576.0
1334,HLA-A03:01,5630.61,ANZ78847,TSCFKKCGGCC,1334,576.0
690,HLA-A03:01,5630.62,ANZ78847,AFHANSSEPAL,690,578.0
1182,HLA-A03:01,5630.65,ANZ78847,APKSGYFVNVN,1182,579.0
56,HLA-A03:01,5630.66,ANZ78847,LDRVYLNTTLF,56,580.0
1270,HLA-A03:01,5630.71,ANZ78847,DLQVEMNRLQE,1270,581.0
1158,HLA-A03:01,5630.72,ANZ78847,SYVPTKYVTAK,1158,582.0
369,HLA-A03:01,5630.73,ANZ78847,FNMSSLMSFIQ,369,583.0
898,HLA-A03:01,5630.77,ANZ78847,LGCLGSECSKA,898,584.0
1138,HLA-A03:01,5630.79,ANZ78847,GNHIISLVQNA,1138,585.0
1181,HLA-A03:01,5630.8,ANZ78847,IAPKSGYFVNV,1181,586.0
775,HLA-A03:01,5630.92,ANZ78847,TNFEPFTVNSV,775,587.0
1346,HLA-A03:01,5630.92,ANZ78847,DYTGYQELVIK,1346,587.0
52,HLA-A03:01,5631.01,ANZ78847,TYYVLDRVYLN,52,589.0
337,HLA-A03:01,5631.04,ANZ78847,PDLPNCNIEAW,337,590.0
171,HLA-A03:01,5631.05,ANZ78847,MCEYPHTICHP,171,591.0
291,HLA-A03:01,5631.05,ANZ78847,IFNAVDCMSDF,291,591.0
555,HLA-A03:01,5631.3,ANZ78847,GIGEHCSGLAV,555,593.0
1097,HLA-A03:01,5631.36,ANZ78847,NAYVSQQLSDS,1097,594.0
1157,HLA-A03:01,5631.39,ANZ78847,FSYVPTKYVTA,1157,595.0
1074,HLA-A03:01,5631.42,ANZ78847,SRLDALEAEAQ,1074,596.0
593,HLA-A03:01,5631.46,ANZ78847,GDKCNIFANLI,593,597.0
315,HLA-A03:01,5631.47,ANZ78847,PTGVYELNGYT,315,598.0
149,HLA-A03:01,5631.49,ANZ78847,NSTQDGVNKLQ,149,599.0
887,HLA-A03:01,5631.62,ANZ78847,FNVDDINFSSV,887,600.0
828,HLA-A03:01,5631.64,ANZ78847,VCGDYAACKSQ,828,601.0
771,HLA-A03:01,5631.65,ANZ78847,GYRFTNFEPFT,771,602.0
134,HLA-A03:01,5631.67,ANZ78847,FVNTSYSVVVQ,134,603.0
720,HLA-A03:01,5631.81,ANZ78847,QPINYFDSYLG,720,604.0
734,HLA-A03:01,5632.0,ANZ78847,NAYNSTAISVQ,734,605.0
1114,HLA-A03:01,5632.0,ANZ78847,AAQAMEKVNEC,1114,605.0
1341,HLA-A03:01,5632.07,ANZ78847,GGCCDDYTGYQ,1341,607.0
865,HLA-A03:01,5632.11,ANZ78847,LQVANSLMNGV,865,608.0
859,HLA-A03:01,5632.16,ANZ78847,LLDTTQLQVAN,859,609.0
312,HLA-A03:01,5632.18,ANZ78847,IAPPTGVYELN,312,610.0
462,HLA-A03:01,5632.18,ANZ78847,RFGFIEDSVFK,462,610.0
847,HLA-A03:01,5632.18,ANZ78847,DNINAILTEVN,847,610.0
514,HLA-A03:01,5632.25,ANZ78847,KNNGIGTCPAG,514,613.0
1153,HLA-A03:01,5632.29,ANZ78847,YFIHFSYVPTK,1153,614.0
547,HLA-A03:01,5632.31,ANZ78847,CPQSKSLVGIG,547,615.0
238,HLA-A03:01,5632.33,ANZ78847,KFLFNVYLGMA,238,616.0
274,HLA-A03:01,5632.33,ANZ78847,TPLTSRQYLLA,274,616.0
894,HLA-A03:01,5632.45,ANZ78847,FSSVLGCLGSE,894,618.0
1080,HLA-A03:01,5632.5,ANZ78847,EAEAQIDRLIN,1080,619.0
915,HLA-A03:01,5632.61,ANZ78847,EDLLFDKVKLS,915,620.0
527,HLA-A03:01,5632.65,ANZ78847,YLTCHNLCNPD,527,621.0
1016,HLA-A03:01,5632.67,ANZ78847,ANAFNNALDAI,1016,622.0
76,HLA-A03:01,5632.69,ANZ78847,STYRNMALKGT,76,623.0
635,HLA-A03:01,5632.73,ANZ78847,YGISGQGIFVE,635,624.0
928,HLA-A03:01,5632.75,ANZ78847,GFVAAYNNCTG,928,625.0
1224,HLA-A03:01,5632.75,ANZ78847,TKAPYVMLNTS,1224,625.0
448,HLA-A03:01,5632.79,ANZ78847,NVSVSRFNPST,448,627.0
255,HLA-A03:01,5632.85,ANZ78847,MPLTCISRRNI,255,628.0
26,HLA-A03:01,5632.97,ANZ78847,TGSLNNIDTGP,26,629.0
350,HLA-A03:01,5633.12,ANZ78847,DKSVPSPLNWE,350,630.0
883,HLA-A03:01,5633.15,ANZ78847,DGVNFNVDDIN,883,631.0
349,HLA-A03:01,5633.18,ANZ78847,NDKSVPSPLNW,349,632.0
663,HLA-A03:01,5633.2,ANZ78847,GNLYGFRDYLT,663,633.0
580,HLA-A03:01,5633.28,ANZ78847,QAFLGWSADSC,580,634.0
483,HLA-A03:01,5633.32,ANZ78847,DVVYAQHCFKA,483,635.0
780,HLA-A03:01,5633.32,ANZ78847,FTVNSVNDSLE,780,635.0
1176,HLA-A03:01,5633.34,ANZ78847,AGDRGIAPKSG,1176,637.0
156,HLA-A03:01,5633.35,ANZ78847,NKLQGLLEVSV,156,638.0
949,HLA-A03:01,5633.42,ANZ78847,QSYKGIKVLPP,949,639.0
100,HLA-A03:01,5633.44,ANZ78847,SDFINGIFAKV,100,640.0
389,HLA-A03:01,5633.46,ANZ78847,DAAKIYGMCFS,389,641.0
397,HLA-A03:01,5633.57,ANZ78847,CFSSITIDKFA,397,642.0
1041,HLA-A03:01,5633.57,ANZ78847,QAVVNANAEAL,1041,642.0
441,HLA-A03:01,5633.59,ANZ78847,YYNLPAANVSV,441,644.0
256,HLA-A03:01,5633.63,ANZ78847,PLTCISRRNIG,256,645.0
290,HLA-A03:01,5633.66,ANZ78847,IIFNAVDCMSD,290,646.0
525,HLA-A03:01,5633.66,ANZ78847,TNYLTCHNLCN,525,646.0
446,HLA-A03:01,5633.71,ANZ78847,AANVSVSRFNP,446,648.0
1327,HLA-A03:01,5633.72,ANZ78847,CCCTGCGTSCF,1327,649.0
710,HLA-A03:01,5633.73,ANZ78847,VFNNSLTRQLQ,710,650.0
634,HLA-A03:01,5633.76,ANZ78847,LYGISGQGIFV,634,651.0
1049,HLA-A03:01,5633.78,ANZ78847,EALNNLLQQLS,1049,652.0
195,HLA-A03:01,5633.79,ANZ78847,TGVVSCLYKRN,195,653.0
1128,HLA-A03:01,5633.86,ANZ78847,QSSRINFCGNG,1128,654.0
733,HLA-A03:01,5633.9,ANZ78847,VNAYNSTAISV,733,655.0
1085,HLA-A03:01,5633.97,ANZ78847,IDRLINGRLTA,1085,656.0
1222,HLA-A03:01,5633.98,ANZ78847,NYTKAPYVMLN,1222,657.0
1091,HLA-A03:01,5634.0,ANZ78847,GRLTALNAYVS,1091,658.0
874,HLA-A03:01,5634.02,ANZ78847,GVTLSTKLKDG,874,659.0
704,HLA-A03:01,5634.07,ANZ78847,NIKCNYVFNNS,704,660.0
360,HLA-A03:01,5634.1,ANZ78847,ERKTFSNCNFN,360,661.0
743,HLA-A03:01,5634.12,ANZ78847,VQTCDLTVGSG,743,662.0
262,HLA-A03:01,5634.25,ANZ78847,RRNIGFTLEYW,262,663.0
702,HLA-A03:01,5634.42,ANZ78847,FRNIKCNYVFN,702,664.0
576,HLA-A03:01,5634.46,ANZ78847,TCQPQAFLGWS,576,665.0
629,HLA-A03:01,5634.48,ANZ78847,CVNYDLYGISG,629,666.0
768,HLA-A03:01,5634.52,ANZ78847,ITTGYRFTNFE,768,667.0
399,HLA-A03:01,5634.59,ANZ78847,SSITIDKFAIP,399,668.0
104,HLA-A03:01,5634.72,ANZ78847,NGIFAKVKNTK,104,669.0
857,HLA-A03:01,5634.75,ANZ78847,NELLDTTQLQV,857,670.0
1278,HLA-A03:01,5634.75,ANZ78847,LQEAIKVLNQS,1278,670.0
615,HLA-A03:01,5634.84,ANZ78847,TDLQKANTDIK,615,672.0
506,HLA-A03:01,5634.87,ANZ78847,LCVGSGPGKNN,506,673.0
831,HLA-A03:01,5634.94,ANZ78847,DYAACKSQLVE,831,674.0
119,HLA-A03:01,5634.95,ANZ78847,GVMYSEFPAIT,119,675.0
1183,HLA-A03:01,5635.11,ANZ78847,PKSGYFVNVNN,1183,676.0
1226,HLA-A03:01,5635.19,ANZ78847,APYVMLNTSIP,1226,677.0
1008,HLA-A03:01,5635.2,ANZ78847,LSQNQKLIANA,1008,678.0
1031,HLA-A03:01,5635.25,ANZ78847,DATNSALVKIQ,1031,679.0
231,HLA-A03:01,5635.34,ANZ78847,TDTGVVTKFLF,231,680.0
491,HLA-A03:01,5635.38,ANZ78847,FKAPKNFCPCK,491,681.0
486,HLA-A03:01,5635.43,ANZ78847,YAQHCFKAPKN,486,682.0
823,HLA-A03:01,5635.45,ANZ78847,DCAAFVCGDYA,823,683.0
358,HLA-A03:01,5635.47,ANZ78847,NWERKTFSNCN,358,684.0
683,HLA-A03:01,5635.51,ANZ78847,YSGRVSAAFHA,683,685.0
372,HLA-A03:01,5635.54,ANZ78847,SSLMSFIQADS,372,686.0
753,HLA-A03:01,5635.54,ANZ78847,GYCVDYSKNRR,753,686.0
410,HLA-A03:01,5635.55,ANZ78847,NGRKVDLQLGN,410,688.0
1265,HLA-A03:01,5635.55,ANZ78847,NVTFLDLQVEM,1265,688.0
1002,HLA-A03:01,5635.57,ANZ78847,GVTMDVLSQNQ,1002,690.0
1060,HLA-A03:01,5635.58,ANZ78847,NRFGAISSSLQ,1060,691.0
860,HLA-A03:01,5635.71,ANZ78847,LDTTQLQVANS,860,692.0
232,HLA-A03:01,5635.8,ANZ78847,DTGVVTKFLFN,232,693.0
587,HLA-A03:01,5635.85,ANZ78847,ADSCLQGDKCN,587,694.0
1077,HLA-A03:01,5635.9,ANZ78847,DALEAEAQIDR,1077,695.0
1139,HLA-A03:01,5635.9,ANZ78847,NHIISLVQNAP,1139,695.0
34,HLA-A03:01,5636.06,ANZ78847,TGPPSISTATV,34,697.0
721,HLA-A03:01,5636.06,ANZ78847,PINYFDSYLGC,721,697.0
528,HLA-A03:01,5636.1,ANZ78847,LTCHNLCNPDP,528,699.0
1033,HLA-A03:01,5636.11,ANZ78847,TNSALVKIQAV,1033,700.0
179,HLA-A03:01,5636.12,ANZ78847,CHPNLGNHFKE,179,701.0
1220,HLA-A03:01,5636.13,ANZ78847,AVNYTKAPYVM,1220,702.0
1179,HLA-A03:01,5636.16,ANZ78847,RGIAPKSGYFV,1179,703.0
1037,HLA-A03:01,5636.23,ANZ78847,LVKIQAVVNAN,1037,704.0
567,HLA-A03:01,5636.26,ANZ78847,SDYCGGNPCTC,567,705.0
679,HLA-A03:01,5636.27,ANZ78847,IRSCYSGRVSA,679,706.0
42,HLA-A03:01,5636.33,ANZ78847,ATVDVTNGLGT,42,707.0
1005,HLA-A03:01,5636.43,ANZ78847,MDVLSQNQKLI,1005,708.0
515,HLA-A03:01,5636.47,ANZ78847,NNGIGTCPAGT,515,709.0
466,HLA-A03:01,5636.62,ANZ78847,IEDSVFKPQPA,466,710.0
1070,HLA-A03:01,5636.63,ANZ78847,QEILSRLDALE,1070,711.0
999,HLA-A03:01,5636.66,ANZ78847,NGLGVTMDVLS,999,712.0
221,HLA-A03:01,5636.7,ANZ78847,QEGGTFYAYFT,221,713.0
1169,HLA-A03:01,5636.73,ANZ78847,VSPGLCIAGDR,1169,714.0
305,HLA-A03:01,5636.76,ANZ78847,IKCKTQSIAPP,305,715.0
442,HLA-A03:01,5636.83,ANZ78847,YNLPAANVSVS,442,716.0
1225,HLA-A03:01,5636.83,ANZ78847,KAPYVMLNTSI,1225,716.0
1000,HLA-A03:01,5636.84,ANZ78847,GLGVTMDVLSQ,1000,718.0
570,HLA-A03:01,5636.87,ANZ78847,CGGNPCTCQPQ,570,719.0
14,HLA-A03:01,5636.98,ANZ78847,VIGDLKCPLDS,14,720.0
284,HLA-A03:01,5637.06,ANZ78847,AFNQDGIIFNA,284,721.0
840,HLA-A03:01,5637.17,ANZ78847,VEYGSFCDNIN,840,722.0
1123,HLA-A03:01,5637.18,ANZ78847,ECVKSQSSRIN,1123,723.0
175,HLA-A03:01,5637.22,ANZ78847,PHTICHPNLGN,175,724.0
893,HLA-A03:01,5637.22,ANZ78847,NFSSVLGCLGS,893,724.0
905,HLA-A03:01,5637.22,ANZ78847,CSKASSRSAIE,905,724.0
696,HLA-A03:01,5637.34,ANZ78847,SEPALLFRNIK,696,727.0
1160,HLA-A03:01,5637.35,ANZ78847,VPTKYVTAKVS,1160,728.0
1082,HLA-A03:01,5637.38,ANZ78847,EAQIDRLINGR,1082,729.0
1028,HLA-A03:01,5637.4,ANZ78847,EGFDATNSALV,1028,730.0
308,HLA-A03:01,5637.41,ANZ78847,KTQSIAPPTGV,308,731.0
1266,HLA-A03:01,5637.48,ANZ78847,VTFLDLQVEMN,1266,732.0
1286,HLA-A03:01,5637.49,ANZ78847,NQSYINLKDIG,1286,733.0
717,HLA-A03:01,5637.59,ANZ78847,RQLQPINYFDS,717,734.0
226,HLA-A03:01,5637.89,ANZ78847,FYAYFTDTGVV,226,735.0
773,HLA-A03:01,5637.98,ANZ78847,RFTNFEPFTVN,773,736.0
811,HLA-A03:01,5638.04,ANZ78847,EFIQTSSPKVT,811,737.0
638,HLA-A03:01,5638.11,ANZ78847,SGQGIFVEVNA,638,738.0
375,HLA-A03:01,5638.12,ANZ78847,MSFIQADSFTC,375,739.0
698,HLA-A03:01,5638.12,ANZ78847,PALLFRNIKCN,698,739.0
966,HLA-A03:01,5638.13,ANZ78847,ISGYTLAATSA,966,741.0
577,HLA-A03:01,5638.14,ANZ78847,CQPQAFLGWSA,577,742.0
172,HLA-A03:01,5638.15,ANZ78847,CEYPHTICHPN,172,743.0
1011,HLA-A03:01,5638.17,ANZ78847,NQKLIANAFNN,1011,744.0
440,HLA-A03:01,5638.18,ANZ78847,LYYNLPAANVS,440,745.0
41,HLA-A03:01,5638.19,ANZ78847,TATVDVTNGLG,41,746.0
181,HLA-A03:01,5638.25,ANZ78847,PNLGNHFKELW,181,747.0
1337,HLA-A03:01,5638.25,ANZ78847,FKKCGGCCDDY,1337,747.0
724,HLA-A03:01,5638.28,ANZ78847,YFDSYLGCVVN,724,749.0
619,HLA-A03:01,5638.36,ANZ78847,KANTDIKLGVC,619,750.0
417,HLA-A03:01,5638.37,ANZ78847,QLGNLGYLQSF,417,751.0
416,HLA-A03:01,5638.43,ANZ78847,LQLGNLGYLQS,416,752.0
677,HLA-A03:01,5638.44,ANZ78847,FMIRSCYSGRV,677,753.0
343,HLA-A03:01,5638.46,ANZ78847,NIEAWLNDKSV,343,754.0
958,HLA-A03:01,5638.46,ANZ78847,PPLLSENQISG,958,754.0
307,HLA-A03:01,5638.48,ANZ78847,CKTQSIAPPTG,307,756.0
665,HLA-A03:01,5638.54,ANZ78847,LYGFRDYLTNR,665,757.0
1110,HLA-A03:01,5638.58,ANZ78847,VKFSAAQAMEK,1110,758.0
86,HLA-A03:01,5638.59,ANZ78847,TDKLSTLWFKP,86,759.0
1173,HLA-A03:01,5638.65,ANZ78847,LCIAGDRGIAP,1173,760.0
654,HLA-A03:01,5638.71,ANZ78847,WQNLLYDSNGN,654,761.0
471,HLA-A03:01,5638.72,ANZ78847,FKPQPAGVLTN,471,762.0
425,HLA-A03:01,5638.76,ANZ78847,QSFNYRIDTTA,425,763.0
1321,HLA-A03:01,5638.76,ANZ78847,VLLFFICCCTG,1321,763.0
45,HLA-A03:01,5638.83,ANZ78847,DVTNGLGTYYV,45,765.0
197,HLA-A03:01,5638.84,ANZ78847,VVSCLYKRNFT,197,766.0
447,HLA-A03:01,5638.91,ANZ78847,ANVSVSRFNPS,447,767.0
1051,HLA-A03:01,5638.95,ANZ78847,LNNLLQQLSNR,1051,768.0
1137,HLA-A03:01,5638.98,ANZ78847,NGNHIISLVQN,1137,769.0
403,HLA-A03:01,5639.01,ANZ78847,IDKFAIPNGRK,403,770.0
920,HLA-A03:01,5639.03,ANZ78847,DKVKLSDVGFV,920,771.0
333,HLA-A03:01,5639.09,ANZ78847,YRRKPDLPNCN,333,772.0
407,HLA-A03:01,5639.12,ANZ78847,AIPNGRKVDLQ,407,773.0
510,HLA-A03:01,5639.17,ANZ78847,SGPGKNNGIGT,510,774.0
1089,HLA-A03:01,5639.2,ANZ78847,INGRLTALNAY,1089,775.0
328,HLA-A03:01,5639.21,ANZ78847,PIADVYRRKPD,328,776.0
18,HLA-A03:01,5639.28,ANZ78847,LKCPLDSRTGS,18,777.0
962,HLA-A03:01,5639.29,ANZ78847,SENQISGYTLA,962,778.0
38,HLA-A03:01,5639.33,ANZ78847,SISTATVDVTN,38,779.0
836,HLA-A03:01,5639.33,ANZ78847,KSQLVEYGSFC,836,779.0
44,HLA-A03:01,5639.41,ANZ78847,VDVTNGLGTYY,44,781.0
348,HLA-A03:01,5639.42,ANZ78847,LNDKSVPSPLN,348,782.0
427,HLA-A03:01,5639.51,ANZ78847,FNYRIDTTATS,427,783.0
695,HLA-A03:01,5639.55,ANZ78847,SSEPALLFRNI,695,784.0
782,HLA-A03:01,5639.62,ANZ78847,VNSVNDSLEPV,782,785.0
885,HLA-A03:01,5639.62,ANZ78847,VNFNVDDINFS,885,785.0
1035,HLA-A03:01,5639.64,ANZ78847,SALVKIQAVVN,1035,787.0
824,HLA-A03:01,5639.68,ANZ78847,CAAFVCGDYAA,824,788.0
377,HLA-A03:01,5639.7,ANZ78847,FIQADSFTCNN,377,789.0
12,HLA-A03:01,5639.75,ANZ78847,FAVIGDLKCPL,12,790.0
602,HLA-A03:01,5639.8,ANZ78847,LILHDVNSGLT,602,791.0
1146,HLA-A03:01,5639.83,ANZ78847,QNAPYGLYFIH,1146,792.0
1255,HLA-A03:01,5639.83,ANZ78847,VAPDLALDYIN,1255,792.0
188,HLA-A03:01,5639.86,ANZ78847,KELWHMDTGVV,188,794.0
925,HLA-A03:01,5639.87,ANZ78847,SDVGFVAAYNN,925,795.0
1012,HLA-A03:01,5639.87,ANZ78847,QKLIANAFNNA,1012,795.0
139,HLA-A03:01,5639.88,ANZ78847,YSVVVQPRTIN,139,797.0
467,HLA-A03:01,5639.94,ANZ78847,EDSVFKPQPAG,467,798.0
546,HLA-A03:01,5639.98,ANZ78847,KCPQSKSLVGI,546,799.0
263,HLA-A03:01,5639.99,ANZ78847,RNIGFTLEYWV,263,800.0
834,HLA-A03:01,5640.05,ANZ78847,ACKSQLVEYGS,834,801.0
645,HLA-A03:01,5640.07,ANZ78847,EVNATYYNSWQ,645,802.0
978,HLA-A03:01,5640.08,ANZ78847,LFPPWTAAAGV,978,803.0
1271,HLA-A03:01,5640.09,ANZ78847,LQVEMNRLQEA,1271,804.0
80,HLA-A03:01,5640.13,ANZ78847,NMALKGTDKLS,80,805.0
1104,HLA-A03:01,5640.19,ANZ78847,LSDSTLVKFSA,1104,806.0
591,HLA-A03:01,5640.22,ANZ78847,LQGDKCNIFAN,591,807.0
1216,HLA-A03:01,5640.24,ANZ78847,MSTCAVNYTKA,1216,808.0
316,HLA-A03:01,5640.27,ANZ78847,TGVYELNGYTV,316,809.0
922,HLA-A03:01,5640.3,ANZ78847,VKLSDVGFVAA,922,810.0
776,HLA-A03:01,5640.34,ANZ78847,NFEPFTVNSVN,776,811.0
503,HLA-A03:01,5640.38,ANZ78847,NSSLCVGSGPG,503,812.0
762,HLA-A03:01,5640.39,ANZ78847,RRSRRAITTGY,762,813.0
1322,HLA-A03:01,5640.4,ANZ78847,LLFFICCCTGC,1322,814.0
682,HLA-A03:01,5640.45,ANZ78847,CYSGRVSAAFH,682,815.0
548,HLA-A03:01,5640.5,ANZ78847,PQSKSLVGIGE,548,816.0
387,HLA-A03:01,5640.51,ANZ78847,NIDAAKIYGMC,387,817.0
381,HLA-A03:01,5640.53,ANZ78847,DSFTCNNIDAA,381,818.0
1088,HLA-A03:01,5640.57,ANZ78847,LINGRLTALNA,1088,819.0
728,HLA-A03:01,5640.62,ANZ78847,YLGCVVNAYNS,728,820.0
1315,HLA-A03:01,5640.64,ANZ78847,AGVAMLVLLFF,1315,821.0
126,HLA-A03:01,5640.75,ANZ78847,PAITIGSTFVN,126,822.0
1187,HLA-A03:01,5640.81,ANZ78847,YFVNVNNTWMY,1187,823.0
1298,HLA-A03:01,5640.81,ANZ78847,YEYYVKWPWYV,1298,823.0
929,HLA-A03:01,5640.82,ANZ78847,FVAAYNNCTGG,929,825.0
393,HLA-A03:01,5640.87,ANZ78847,IYGMCFSSITI,393,826.0
544,HLA-A03:01,5640.89,ANZ78847,PYKCPQSKSLV,544,827.0
445,HLA-A03:01,5640.93,ANZ78847,PAANVSVSRFN,445,828.0
1202,HLA-A03:01,5640.96,ANZ78847,YYYPEPITENN,1202,829.0
924,HLA-A03:01,5641.04,ANZ78847,LSDVGFVAAYN,924,830.0
65,HLA-A03:01,5641.11,ANZ78847,LFLNGYYPTSG,65,831.0
1111,HLA-A03:01,5641.11,ANZ78847,KFSAAQAMEKV,1111,831.0
549,HLA-A03:01,5641.32,ANZ78847,QSKSLVGIGEH,549,833.0
502,HLA-A03:01,5641.47,ANZ78847,SNSSLCVGSGP,502,834.0
642,HLA-A03:01,5641.55,ANZ78847,IFVEVNATYYN,642,835.0
1245,HLA-A03:01,5641.56,ANZ78847,LDQWFKNQTSV,1245,836.0
493,HLA-A03:01,5641.57,ANZ78847,APKNFCPCKSN,493,837.0
583,HLA-A03:01,5641.66,ANZ78847,LGWSADSCLQG,583,838.0
1010,HLA-A03:01,5641.68,ANZ78847,QNQKLIANAFN,1010,839.0
759,HLA-A03:01,5641.73,ANZ78847,SKNRRSRRAIT,759,840.0
481,HLA-A03:01,5641.74,ANZ78847,NHDVVYAQHCF,481,841.0
209,HLA-A03:01,5641.81,ANZ78847,DVNATYLYFHF,209,842.0
1100,HLA-A03:01,5641.81,ANZ78847,VSQQLSDSTLV,1100,842.0
450,HLA-A03:01,5641.85,ANZ78847,SVSRFNPSTWN,450,844.0
830,HLA-A03:01,5641.91,ANZ78847,GDYAACKSQLV,830,845.0
438,HLA-A03:01,5641.97,ANZ78847,CQLYYNLPAAN,438,846.0
685,HLA-A03:01,5642.09,ANZ78847,GRVSAAFHANS,685,847.0
604,HLA-A03:01,5642.14,ANZ78847,LHDVNSGLTCS,604,848.0
1061,HLA-A03:01,5642.21,ANZ78847,RFGAISSSLQE,1061,849.0
800,HLA-A03:01,5642.29,ANZ78847,IPSDFTIGNME,800,850.0
1026,HLA-A03:01,5642.3,ANZ78847,IQEGFDATNSA,1026,851.0
1102,HLA-A03:01,5642.37,ANZ78847,QQLSDSTLVKF,1102,852.0
1001,HLA-A03:01,5642.39,ANZ78847,LGVTMDVLSQN,1001,853.0
772,HLA-A03:01,5642.4,ANZ78847,YRFTNFEPFTV,772,854.0
524,HLA-A03:01,5642.42,ANZ78847,GTNYLTCHNLC,524,855.0
374,HLA-A03:01,5642.48,ANZ78847,LMSFIQADSFT,374,856.0
789,HLA-A03:01,5642.57,ANZ78847,LEPVGGLYEIQ,789,857.0
111,HLA-A03:01,5642.61,ANZ78847,KNTKVFKDGVM,111,858.0
1164,HLA-A03:01,5642.63,ANZ78847,YVTAKVSPGLC,1164,859.0
557,HLA-A03:01,5642.75,ANZ78847,GEHCSGLAVKS,557,860.0
700,HLA-A03:01,5642.75,ANZ78847,LLFRNIKCNYV,700,860.0
1159,HLA-A03:01,5642.76,ANZ78847,YVPTKYVTAKV,1159,862.0
1247,HLA-A03:01,5642.83,ANZ78847,QWFKNQTSVAP,1247,863.0
588,HLA-A03:01,5642.89,ANZ78847,DSCLQGDKCNI,588,864.0
1043,HLA-A03:01,5642.91,ANZ78847,VVNANAEALNN,1043,865.0
713,HLA-A03:01,5643.07,ANZ78847,NSLTRQLQPIN,713,866.0
1113,HLA-A03:01,5643.1,ANZ78847,SAAQAMEKVNE,1113,867.0
1065,HLA-A03:01,5643.13,ANZ78847,ISSSLQEILSR,1065,868.0
1116,HLA-A03:01,5643.13,ANZ78847,QAMEKVNECVK,1116,868.0
1342,HLA-A03:01,5643.22,ANZ78847,GCCDDYTGYQE,1342,870.0
344,HLA-A03:01,5643.24,ANZ78847,IEAWLNDKSVP,344,871.0
895,HLA-A03:01,5643.27,ANZ78847,SSVLGCLGSEC,895,872.0
590,HLA-A03:01,5643.28,ANZ78847,CLQGDKCNIFA,590,873.0
67,HLA-A03:01,5643.43,ANZ78847,LNGYYPTSGST,67,874.0
1155,HLA-A03:01,5643.43,ANZ78847,IHFSYVPTKYV,1155,874.0
87,HLA-A03:01,5643.61,ANZ78847,DKLSTLWFKPP,87,876.0
1040,HLA-A03:01,5643.64,ANZ78847,IQAVVNANAEA,1040,877.0
1258,HLA-A03:01,5643.74,ANZ78847,DLALDYINVTF,1258,878.0
954,HLA-A03:01,5643.81,ANZ78847,IKVLPPLLSEN,954,879.0
1030,HLA-A03:01,5643.84,ANZ78847,FDATNSALVKI,1030,880.0
90,HLA-A03:01,5643.86,ANZ78847,STLWFKPPFLS,90,881.0
730,HLA-A03:01,5643.9,ANZ78847,GCVVNAYNSTA,730,882.0
327,HLA-A03:01,5643.96,ANZ78847,QPIADVYRRKP,327,883.0
989,HLA-A03:01,5644.0,ANZ78847,PFYLNVQYRIN,989,884.0
801,HLA-A03:01,5644.02,ANZ78847,PSDFTIGNMEE,801,885.0
215,HLA-A03:01,5644.08,ANZ78847,LYFHFYQEGGT,215,886.0
603,HLA-A03:01,5644.13,ANZ78847,ILHDVNSGLTC,603,887.0
643,HLA-A03:01,5644.13,ANZ78847,FVEVNATYYNS,643,887.0
822,HLA-A03:01,5644.16,ANZ78847,IDCAAFVCGDY,822,889.0
1231,HLA-A03:01,5644.23,ANZ78847,LNTSIPNLPDF,1231,890.0
346,HLA-A03:01,5644.24,ANZ78847,AWLNDKSVPSP,346,891.0
465,HLA-A03:01,5644.35,ANZ78847,FIEDSVFKPQP,465,892.0
979,HLA-A03:01,5644.39,ANZ78847,FPPWTAAAGVP,979,893.0
563,HLA-A03:01,5644.45,ANZ78847,LAVKSDYCGGN,563,894.0
936,HLA-A03:01,5644.47,ANZ78847,CTGGAEIRDLI,936,895.0
963,HLA-A03:01,5644.49,ANZ78847,ENQISGYTLAA,963,896.0
301,HLA-A03:01,5644.54,ANZ78847,FMSEIKCKTQS,301,897.0
609,HLA-A03:01,5644.59,ANZ78847,SGLTCSTDLQK,609,898.0
517,HLA-A03:01,5644.62,ANZ78847,GIGTCPAGTNY,517,899.0
92,HLA-A03:01,5644.76,ANZ78847,LWFKPPFLSDF,92,900.0
437,HLA-A03:01,5644.88,ANZ78847,SCQLYYNLPAA,437,901.0
363,HLA-A03:01,5644.89,ANZ78847,TFSNCNFNMSS,363,902.0
672,HLA-A03:01,5644.9,ANZ78847,LTNRTFMIRSC,672,903.0
116,HLA-A03:01,5644.93,ANZ78847,FKDGVMYSEFP,116,904.0
842,HLA-A03:01,5644.94,ANZ78847,YGSFCDNINAI,842,905.0
326,HLA-A03:01,5644.95,ANZ78847,VQPIADVYRRK,326,906.0
1129,HLA-A03:01,5645.0,ANZ78847,SSRINFCGNGN,1129,907.0
418,HLA-A03:01,5645.06,ANZ78847,LGNLGYLQSFN,418,908.0
796,HLA-A03:01,5645.08,ANZ78847,YEIQIPSDFTI,796,909.0
694,HLA-A03:01,5645.12,ANZ78847,NSSEPALLFRN,694,910.0
940,HLA-A03:01,5645.15,ANZ78847,AEIRDLICVQS,940,911.0
839,HLA-A03:01,5645.3,ANZ78847,LVEYGSFCDNI,839,912.0
932,HLA-A03:01,5645.39,ANZ78847,AYNNCTGGAEI,932,913.0
792,HLA-A03:01,5645.42,ANZ78847,VGGLYEIQIPS,792,914.0
1105,HLA-A03:01,5645.43,ANZ78847,SDSTLVKFSAA,1105,915.0
331,HLA-A03:01,5645.44,ANZ78847,DVYRRKPDLPN,331,916.0
1042,HLA-A03:01,5645.44,ANZ78847,AVVNANAEALN,1042,916.0
804,HLA-A03:01,5645.53,ANZ78847,FTIGNMEEFIQ,804,918.0
1309,HLA-A03:01,5645.59,ANZ78847,WLLICLAGVAM,1309,919.0
684,HLA-A03:01,5645.78,ANZ78847,SGRVSAAFHAN,684,920.0
1308,HLA-A03:01,5645.87,ANZ78847,VWLLICLAGVA,1308,921.0
825,HLA-A03:01,5645.94,ANZ78847,AAFVCGDYAAC,825,922.0
751,HLA-A03:01,5646.04,ANZ78847,GSGYCVDYSKN,751,923.0
614,HLA-A03:01,5646.07,ANZ78847,STDLQKANTDI,614,924.0
553,HLA-A03:01,5646.08,ANZ78847,LVGIGEHCSGL,553,925.0
897,HLA-A03:01,5646.09,ANZ78847,VLGCLGSECSK,897,926.0
674,HLA-A03:01,5646.32,ANZ78847,NRTFMIRSCYS,674,927.0
942,HLA-A03:01,5646.39,ANZ78847,IRDLICVQSYK,942,928.0
658,HLA-A03:01,5646.43,ANZ78847,LYDSNGNLYGF,658,929.0
571,HLA-A03:01,5646.46,ANZ78847,GGNPCTCQPQA,571,930.0
582,HLA-A03:01,5646.5,ANZ78847,FLGWSADSCLQ,582,931.0
396,HLA-A03:01,5646.57,ANZ78847,MCFSSITIDKF,396,932.0
878,HLA-A03:01,5646.67,ANZ78847,STKLKDGVNFN,878,933.0
207,HLA-A03:01,5646.74,ANZ78847,TYDVNATYLYF,207,934.0
117,HLA-A03:01,5646.77,ANZ78847,KDGVMYSEFPA,117,935.0
204,HLA-A03:01,5646.78,ANZ78847,RNFTYDVNATY,204,936.0
376,HLA-A03:01,5646.81,ANZ78847,SFIQADSFTCN,376,937.0
513,HLA-A03:01,5646.83,ANZ78847,GKNNGIGTCPA,513,938.0
1106,HLA-A03:01,5646.83,ANZ78847,DSTLVKFSAAQ,1106,938.0
494,HLA-A03:01,5646.89,ANZ78847,PKNFCPCKSNS,494,940.0
130,HLA-A03:01,5647.01,ANZ78847,IGSTFVNTSYS,130,941.0
70,HLA-A03:01,5647.03,ANZ78847,YYPTSGSTYRN,70,942.0
452,HLA-A03:01,5647.03,ANZ78847,SRFNPSTWNKR,452,942.0
899,HLA-A03:01,5647.11,ANZ78847,GCLGSECSKAS,899,944.0
559,HLA-A03:01,5647.21,ANZ78847,HCSGLAVKSDY,559,945.0
500,HLA-A03:01,5647.22,ANZ78847,CKSNSSLCVGS,500,946.0
1078,HLA-A03:01,5647.24,ANZ78847,ALEAEAQIDRL,1078,947.0
575,HLA-A03:01,5647.29,ANZ78847,CTCQPQAFLGW,575,948.0
806,HLA-A03:01,5647.5,ANZ78847,IGNMEEFIQTS,806,949.0
96,HLA-A03:01,5647.53,ANZ78847,PPFLSDFINGI,96,950.0
886,HLA-A03:01,5647.53,ANZ78847,NFNVDDINFSS,886,950.0
382,HLA-A03:01,5647.56,ANZ78847,SFTCNNIDAAK,382,952.0
15,HLA-A03:01,5647.7,ANZ78847,IGDLKCPLDSR,15,953.0
1246,HLA-A03:01,5647.7,ANZ78847,DQWFKNQTSVA,1246,953.0
131,HLA-A03:01,5647.72,ANZ78847,GSTFVNTSYSV,131,955.0
863,HLA-A03:01,5647.81,ANZ78847,TQLQVANSLMN,863,956.0
1147,HLA-A03:01,5647.94,ANZ78847,NAPYGLYFIHF,1147,957.0
799,HLA-A03:01,5648.0,ANZ78847,QIPSDFTIGNM,799,958.0
160,HLA-A03:01,5648.01,ANZ78847,GLLEVSVCQYN,160,959.0
182,HLA-A03:01,5648.03,ANZ78847,NLGNHFKELWH,182,960.0
356,HLA-A03:01,5648.23,ANZ78847,PLNWERKTFSN,356,961.0
94,HLA-A03:01,5648.24,ANZ78847,FKPPFLSDFIN,94,962.0
213,HLA-A03:01,5648.28,ANZ78847,TYLYFHFYQEG,213,963.0
368,HLA-A03:01,5648.35,ANZ78847,NFNMSSLMSFI,368,964.0
1024,HLA-A03:01,5648.35,ANZ78847,DAIQEGFDATN,1024,964.0
1127,HLA-A03:01,5648.37,ANZ78847,SQSSRINFCGN,1127,966.0
1233,HLA-A03:01,5648.46,ANZ78847,TSIPNLPDFRE,1233,967.0
1150,HLA-A03:01,5648.5,ANZ78847,YGLYFIHFSYV,1150,968.0
166,HLA-A03:01,5648.58,ANZ78847,VCQYNMCEYPH,166,969.0
1227,HLA-A03:01,5648.64,ANZ78847,PYVMLNTSIPN,1227,970.0
449,HLA-A03:01,5648.73,ANZ78847,VSVSRFNPSTW,449,971.0
310,HLA-A03:01,5648.85,ANZ78847,QSIAPPTGVYE,310,972.0
687,HLA-A03:01,5649.0,ANZ78847,VSAAFHANSSE,687,973.0
1126,HLA-A03:01,5649.02,ANZ78847,KSQSSRINFCG,1126,974.0
254,HLA-A03:01,5649.05,ANZ78847,VMPLTCISRRN,254,975.0
295,HLA-A03:01,5649.05,ANZ78847,VDCMSDFMSEI,295,975.0
1017,HLA-A03:01,5649.13,ANZ78847,NAFNNALDAIQ,1017,977.0
960,HLA-A03:01,5649.16,ANZ78847,LLSENQISGYT,960,978.0
163,HLA-A03:01,5649.22,ANZ78847,EVSVCQYNMCE,163,979.0
816,HLA-A03:01,5649.25,ANZ78847,SSPKVTIDCAA,816,980.0
296,HLA-A03:01,5649.28,ANZ78847,DCMSDFMSEIK,296,981.0
1064,HLA-A03:01,5649.35,ANZ78847,AISSSLQEILS,1064,982.0
304,HLA-A03:01,5649.43,ANZ78847,EIKCKTQSIAP,304,983.0
807,HLA-A03:01,5649.44,ANZ78847,GNMEEFIQTSS,807,984.0
463,HLA-A03:01,5649.5,ANZ78847,FGFIEDSVFKP,463,985.0
1299,HLA-A03:01,5649.55,ANZ78847,EYYVKWPWYVW,1299,986.0
1195,HLA-A03:01,5649.56,ANZ78847,WMYTGSGYYYP,1195,987.0
1207,HLA-A03:01,5649.56,ANZ78847,PITENNVVVMS,1207,987.0
1267,HLA-A03:01,5649.56,ANZ78847,TFLDLQVEMNR,1267,987.0
1193,HLA-A03:01,5649.58,ANZ78847,NTWMYTGSGYY,1193,990.0
1201,HLA-A03:01,5649.64,ANZ78847,GYYYPEPITEN,1201,991.0
783,HLA-A03:01,5649.67,ANZ78847,NSVNDSLEPVG,783,992.0
246,HLA-A03:01,5649.8,ANZ78847,GMALSHYYVMP,246,993.0
1185,HLA-A03:01,5650.1,ANZ78847,SGYFVNVNNTW,1185,994.0
1018,HLA-A03:01,5650.13,ANZ78847,AFNNALDAIQE,1018,995.0
644,HLA-A03:01,5650.39,ANZ78847,VEVNATYYNSW,644,996.0
798,HLA-A03:01,5650.39,ANZ78847,IQIPSDFTIGN,798,996.0
1122,HLA-A03:01,5650.48,ANZ78847,NECVKSQSSRI,1122,998.0
93,HLA-A03:01,5650.64,ANZ78847,WFKPPFLSDFI,93,999.0
432,HLA-A03:01,5650.67,ANZ78847,DTTATSCQLYY,432,1000.0
27,HLA-A03:01,5650.83,ANZ78847,GSLNNIDTGPP,27,1001.0
495,HLA-A03:01,5650.84,ANZ78847,KNFCPCKSNSS,495,1002.0
1133,HLA-A03:01,5650.85,ANZ78847,NFCGNGNHIIS,1133,1003.0
622,HLA-A03:01,5650.9,ANZ78847,TDIKLGVCVNY,622,1004.0
250,HLA-A03:01,5650.93,ANZ78847,SHYYVMPLTCI,250,1005.0
370,HLA-A03:01,5651.07,ANZ78847,NMSSLMSFIQA,370,1006.0
858,HLA-A03:01,5651.1,ANZ78847,ELLDTTQLQVA,858,1007.0
355,HLA-A03:01,5651.24,ANZ78847,SPLNWERKTFS,355,1008.0
766,HLA-A03:01,5651.25,ANZ78847,RAITTGYRFTN,766,1009.0
808,HLA-A03:01,5651.4,ANZ78847,NMEEFIQTSSP,808,1010.0
378,HLA-A03:01,5651.55,ANZ78847,IQADSFTCNNI,378,1011.0
271,HLA-A03:01,5651.6,ANZ78847,YWVTPLTSRQY,271,1012.0
791,HLA-A03:01,5651.64,ANZ78847,PVGGLYEIQIP,791,1013.0
659,HLA-A03:01,5651.71,ANZ78847,YDSNGNLYGFR,659,1014.0
1166,HLA-A03:01,5651.71,ANZ78847,TAKVSPGLCIA,1166,1014.0
11,HLA-A03:01,5651.75,ANZ78847,AFAVIGDLKCP,11,1016.0
464,HLA-A03:01,5651.79,ANZ78847,GFIEDSVFKPQ,464,1017.0
194,HLA-A03:01,5651.92,ANZ78847,DTGVVSCLYKR,194,1018.0
359,HLA-A03:01,5651.99,ANZ78847,WERKTFSNCNF,359,1019.0
530,HLA-A03:01,5652.0,ANZ78847,CHNLCNPDPIT,530,1020.0
707,HLA-A03:01,5652.03,ANZ78847,CNYVFNNSLTR,707,1021.0
661,HLA-A03:01,5652.06,ANZ78847,SNGNLYGFRDY,661,1022.0
810,HLA-A03:01,5652.12,ANZ78847,EEFIQTSSPKV,810,1023.0
1119,HLA-A03:01,5652.22,ANZ78847,EKVNECVKSQS,1119,1024.0
478,HLA-A03:01,5652.26,ANZ78847,VLTNHDVVYAQ,478,1025.0
390,HLA-A03:01,5652.32,ANZ78847,AAKIYGMCFSS,390,1026.0
972,HLA-A03:01,5652.38,ANZ78847,AATSASLFPPW,972,1027.0
755,HLA-A03:01,5652.41,ANZ78847,CVDYSKNRRSR,755,1028.0
516,HLA-A03:01,5652.45,ANZ78847,NGIGTCPAGTN,516,1029.0
1124,HLA-A03:01,5652.54,ANZ78847,CVKSQSSRINF,1124,1030.0
468,HLA-A03:01,5652.57,ANZ78847,DSVFKPQPAGV,468,1031.0
1295,HLA-A03:01,5652.76,ANZ78847,IGTYEYYVKWP,1295,1032.0
1232,HLA-A03:01,5652.79,ANZ78847,NTSIPNLPDFR,1232,1033.0
752,HLA-A03:01,5652.82,ANZ78847,SGYCVDYSKNR,752,1034.0
303,HLA-A03:01,5652.85,ANZ78847,SEIKCKTQSIA,303,1035.0
433,HLA-A03:01,5652.85,ANZ78847,TTATSCQLYYN,433,1035.0
537,HLA-A03:01,5652.86,ANZ78847,DPITFTGPYKC,537,1037.0
1071,HLA-A03:01,5652.86,ANZ78847,EILSRLDALEA,1071,1037.0
726,HLA-A03:01,5652.87,ANZ78847,DSYLGCVVNAY,726,1039.0
833,HLA-A03:01,5653.06,ANZ78847,AACKSQLVEYG,833,1040.0
443,HLA-A03:01,5653.08,ANZ78847,NLPAANVSVSR,443,1041.0
269,HLA-A03:01,5653.09,ANZ78847,LEYWVTPLTSR,269,1042.0
252,HLA-A03:01,5653.21,ANZ78847,YYVMPLTCISR,252,1043.0
793,HLA-A03:01,5653.26,ANZ78847,GGLYEIQIPSD,793,1044.0
693,HLA-A03:01,5653.27,ANZ78847,ANSSEPALLFR,693,1045.0
827,HLA-A03:01,5653.37,ANZ78847,FVCGDYAACKS,827,1046.0
756,HLA-A03:01,5653.55,ANZ78847,VDYSKNRRSRR,756,1047.0
1219,HLA-A03:01,5653.62,ANZ78847,CAVNYTKAPYV,1219,1048.0
1079,HLA-A03:01,5653.64,ANZ78847,LEAEAQIDRLI,1079,1049.0
1058,HLA-A03:01,5653.81,ANZ78847,LSNRFGAISSS,1058,1050.0
552,HLA-A03:01,5653.86,ANZ78847,SLVGIGEHCSG,552,1051.0
748,HLA-A03:01,5653.92,ANZ78847,LTVGSGYCVDY,748,1052.0
1196,HLA-A03:01,5653.94,ANZ78847,MYTGSGYYYPE,1196,1053.0
136,HLA-A03:01,5653.97,ANZ78847,NTSYSVVVQPR,136,1054.0
391,HLA-A03:01,5653.97,ANZ78847,AKIYGMCFSSI,391,1054.0
1212,HLA-A03:01,5654.11,ANZ78847,NVVVMSTCAVN,1212,1056.0
388,HLA-A03:01,5654.12,ANZ78847,IDAAKIYGMCF,388,1057.0
113,HLA-A03:01,5654.18,ANZ78847,TKVFKDGVMYS,113,1058.0
72,HLA-A03:01,5654.28,ANZ78847,PTSGSTYRNMA,72,1059.0
49,HLA-A03:01,5654.37,ANZ78847,GLGTYYVLDRV,49,1060.0
62,HLA-A03:01,5654.37,ANZ78847,NTTLFLNGYYP,62,1060.0
492,HLA-A03:01,5654.4,ANZ78847,KAPKNFCPCKS,492,1062.0
1273,HLA-A03:01,5654.42,ANZ78847,VEMNRLQEAIK,1273,1063.0
904,HLA-A03:01,5654.44,ANZ78847,ECSKASSRSAI,904,1064.0
243,HLA-A03:01,5654.47,ANZ78847,VYLGMALSHYY,243,1065.0
902,HLA-A03:01,5654.51,ANZ78847,GSECSKASSRS,902,1066.0
1052,HLA-A03:01,5654.56,ANZ78847,NNLLQQLSNRF,1052,1067.0
192,HLA-A03:01,5654.62,ANZ78847,HMDTGVVSCLY,192,1068.0
1112,HLA-A03:01,5654.63,ANZ78847,FSAAQAMEKVN,1112,1069.0
688,HLA-A03:01,5654.68,ANZ78847,SAAFHANSSEP,688,1070.0
1253,HLA-A03:01,5654.69,ANZ78847,TSVAPDLALDY,1253,1071.0
931,HLA-A03:01,5655.24,ANZ78847,AAYNNCTGGAE,931,1072.0
323,HLA-A03:01,5655.37,ANZ78847,GYTVQPIADVY,323,1073.0
632,HLA-A03:01,5655.41,ANZ78847,YDLYGISGQGI,632,1074.0
1062,HLA-A03:01,5655.55,ANZ78847,FGAISSSLQEI,1062,1075.0
280,HLA-A03:01,5655.66,ANZ78847,QYLLAFNQDGI,280,1076.0
196,HLA-A03:01,5655.74,ANZ78847,GVVSCLYKRNF,196,1077.0
787,HLA-A03:01,5655.8,ANZ78847,DSLEPVGGLYE,787,1078.0
900,HLA-A03:01,5655.83,ANZ78847,CLGSECSKASS,900,1079.0
797,HLA-A03:01,5656.14,ANZ78847,EIQIPSDFTIG,797,1080.0
276,HLA-A03:01,5656.16,ANZ78847,LTSRQYLLAFN,276,1081.0
106,HLA-A03:01,5656.24,ANZ78847,IFAKVKNTKVF,106,1082.0
1161,HLA-A03:01,5656.34,ANZ78847,PTKYVTAKVSP,1161,1083.0
366,HLA-A03:01,5656.35,ANZ78847,NCNFNMSSLMS,366,1084.0
681,HLA-A03:01,5656.38,ANZ78847,SCYSGRVSAAF,681,1085.0
501,HLA-A03:01,5656.42,ANZ78847,KSNSSLCVGSG,501,1086.0
541,HLA-A03:01,5656.46,ANZ78847,FTGPYKCPQSK,541,1087.0
987,HLA-A03:01,5656.61,ANZ78847,GVPFYLNVQYR,987,1088.0
1292,HLA-A03:01,5656.62,ANZ78847,LKDIGTYEYYV,1292,1089.0
211,HLA-A03:01,5656.73,ANZ78847,NATYLYFHFYQ,211,1090.0
314,HLA-A03:01,5656.73,ANZ78847,PPTGVYELNGY,314,1090.0
930,HLA-A03:01,5656.74,ANZ78847,VAAYNNCTGGA,930,1092.0
670,HLA-A03:01,5656.86,ANZ78847,DYLTNRTFMIR,670,1093.0
490,HLA-A03:01,5656.96,ANZ78847,CFKAPKNFCPC,490,1094.0
669,HLA-A03:01,5656.97,ANZ78847,RDYLTNRTFMI,669,1095.0
1072,HLA-A03:01,5657.0,ANZ78847,ILSRLDALEAE,1072,1096.0
1345,HLA-A03:01,5657.0,ANZ78847,DDYTGYQELVI,1345,1096.0
383,HLA-A03:01,5657.03,ANZ78847,FTCNNIDAAKI,383,1098.0
875,HLA-A03:01,5657.04,ANZ78847,VTLSTKLKDGV,875,1099.0
1294,HLA-A03:01,5657.05,ANZ78847,DIGTYEYYVKW,1294,1100.0
398,HLA-A03:01,5657.12,ANZ78847,FSSITIDKFAI,398,1101.0
177,HLA-A03:01,5657.17,ANZ78847,TICHPNLGNHF,177,1102.0
565,HLA-A03:01,5657.22,ANZ78847,VKSDYCGGNPC,565,1103.0
109,HLA-A03:01,5657.33,ANZ78847,KVKNTKVFKDG,109,1104.0
124,HLA-A03:01,5657.35,ANZ78847,EFPAITIGSTF,124,1105.0
168,HLA-A03:01,5657.37,ANZ78847,QYNMCEYPHTI,168,1106.0
1121,HLA-A03:01,5657.39,ANZ78847,VNECVKSQSSR,1121,1107.0
1340,HLA-A03:01,5657.58,ANZ78847,CGGCCDDYTGY,1340,1108.0
967,HLA-A03:01,5657.69,ANZ78847,SGYTLAATSAS,967,1109.0
919,HLA-A03:01,5657.73,ANZ78847,FDKVKLSDVGF,919,1110.0
944,HLA-A03:01,5657.78,ANZ78847,DLICVQSYKGI,944,1111.0
564,HLA-A03:01,5658.09,ANZ78847,AVKSDYCGGNP,564,1112.0
251,HLA-A03:01,5658.12,ANZ78847,HYYVMPLTCIS,251,1113.0
1073,HLA-A03:01,5658.12,ANZ78847,LSRLDALEAEA,1073,1113.0
667,HLA-A03:01,5658.19,ANZ78847,GFRDYLTNRTF,667,1115.0
444,HLA-A03:01,5658.3,ANZ78847,LPAANVSVSRF,444,1116.0
257,HLA-A03:01,5658.47,ANZ78847,LTCISRRNIGF,257,1117.0
551,HLA-A03:01,5658.56,ANZ78847,KSLVGIGEHCS,551,1118.0
769,HLA-A03:01,5658.6,ANZ78847,TTGYRFTNFEP,769,1119.0
512,HLA-A03:01,5658.67,ANZ78847,PGKNNGIGTCP,512,1120.0
1022,HLA-A03:01,5658.77,ANZ78847,ALDAIQEGFDA,1022,1121.0
1297,HLA-A03:01,5658.95,ANZ78847,TYEYYVKWPWY,1297,1122.0
731,HLA-A03:01,5658.96,ANZ78847,CVVNAYNSTAI,731,1123.0
1132,HLA-A03:01,5658.96,ANZ78847,INFCGNGNHII,1132,1123.0
367,HLA-A03:01,5658.97,ANZ78847,CNFNMSSLMSF,367,1125.0
701,HLA-A03:01,5659.04,ANZ78847,LFRNIKCNYVF,701,1126.0
1244,HLA-A03:01,5659.11,ANZ78847,ELDQWFKNQTS,1244,1127.0
680,HLA-A03:01,5659.16,ANZ78847,RSCYSGRVSAA,680,1128.0
309,HLA-A03:01,5659.17,ANZ78847,TQSIAPPTGVY,309,1129.0
293,HLA-A03:01,5659.31,ANZ78847,NAVDCMSDFMS,293,1130.0
611,HLA-A03:01,5659.36,ANZ78847,LTCSTDLQKAN,611,1131.0
189,HLA-A03:01,5659.38,ANZ78847,ELWHMDTGVVS,189,1132.0
1006,HLA-A03:01,5659.39,ANZ78847,DVLSQNQKLIA,1006,1133.0
1175,HLA-A03:01,5659.47,ANZ78847,IAGDRGIAPKS,1175,1134.0
455,HLA-A03:01,5659.49,ANZ78847,NPSTWNKRFGF,455,1135.0
294,HLA-A03:01,5659.63,ANZ78847,AVDCMSDFMSE,294,1136.0
933,HLA-A03:01,5659.74,ANZ78847,YNNCTGGAEIR,933,1137.0
456,HLA-A03:01,5660.15,ANZ78847,PSTWNKRFGFI,456,1138.0
401,HLA-A03:01,5660.26,ANZ78847,ITIDKFAIPNG,401,1139.0
253,HLA-A03:01,5660.31,ANZ78847,YVMPLTCISRR,253,1140.0
345,HLA-A03:01,5660.33,ANZ78847,EAWLNDKSVPS,345,1141.0
281,HLA-A03:01,5660.45,ANZ78847,YLLAFNQDGII,281,1142.0
164,HLA-A03:01,5660.53,ANZ78847,VSVCQYNMCEY,164,1143.0
431,HLA-A03:01,5660.73,ANZ78847,IDTTATSCQLY,431,1144.0
1288,HLA-A03:01,5660.73,ANZ78847,SYINLKDIGTY,1288,1144.0
75,HLA-A03:01,5660.81,ANZ78847,GSTYRNMALKG,75,1146.0
159,HLA-A03:01,5660.81,ANZ78847,QGLLEVSVCQY,159,1146.0
419,HLA-A03:01,5660.98,ANZ78847,GNLGYLQSFNY,419,1148.0
572,HLA-A03:01,5660.99,ANZ78847,GNPCTCQPQAF,572,1149.0
628,HLA-A03:01,5661.01,ANZ78847,VCVNYDLYGIS,628,1150.0
97,HLA-A03:01,5661.11,ANZ78847,PFLSDFINGIF,97,1151.0
986,HLA-A03:01,5661.17,ANZ78847,AGVPFYLNVQY,986,1152.0
649,HLA-A03:01,5661.26,ANZ78847,TYYNSWQNLLY,649,1153.0
176,HLA-A03:01,5661.3,ANZ78847,HTICHPNLGNH,176,1154.0
1162,HLA-A03:01,5661.41,ANZ78847,TKYVTAKVSPG,1162,1155.0
718,HLA-A03:01,5661.46,ANZ78847,QLQPINYFDSY,718,1156.0
988,HLA-A03:01,5661.5,ANZ78847,VPFYLNVQYRI,988,1157.0
219,HLA-A03:01,5661.56,ANZ78847,FYQEGGTFYAY,219,1158.0
832,HLA-A03:01,5661.58,ANZ78847,YAACKSQLVEY,832,1159.0
542,HLA-A03:01,5661.69,ANZ78847,TGPYKCPQSKS,542,1160.0
229,HLA-A03:01,5661.71,ANZ78847,YFTDTGVVTKF,229,1161.0
686,HLA-A03:01,5661.79,ANZ78847,RVSAAFHANSS,686,1162.0
384,HLA-A03:01,5662.0,ANZ78847,TCNNIDAAKIY,384,1163.0
138,HLA-A03:01,5662.24,ANZ78847,SYSVVVQPRTI,138,1164.0
1108,HLA-A03:01,5662.53,ANZ78847,TLVKFSAAQAM,1108,1165.0
479,HLA-A03:01,5662.64,ANZ78847,LTNHDVVYAQH,479,1166.0
673,HLA-A03:01,5662.9,ANZ78847,TNRTFMIRSCY,673,1167.0
1117,HLA-A03:01,5663.06,ANZ78847,AMEKVNECVKS,1117,1168.0
157,HLA-A03:01,5663.14,ANZ78847,KLQGLLEVSVC,157,1169.0
1055,HLA-A03:01,5663.16,ANZ78847,LQQLSNRFGAI,1055,1170.0
1197,HLA-A03:01,5663.25,ANZ78847,YTGSGYYYPEP,1197,1171.0
1109,HLA-A03:01,5663.33,ANZ78847,LVKFSAAQAME,1109,1172.0
217,HLA-A03:01,5663.5,ANZ78847,FHFYQEGGTFY,217,1173.0
69,HLA-A03:01,5663.73,ANZ78847,GYYPTSGSTYR,69,1174.0
812,HLA-A03:01,5663.77,ANZ78847,FIQTSSPKVTI,812,1175.0
786,HLA-A03:01,5663.79,ANZ78847,NDSLEPVGGLY,786,1176.0
1092,HLA-A03:01,5663.8,ANZ78847,RLTALNAYVSQ,1092,1177.0
421,HLA-A03:01,5664.0,ANZ78847,LGYLQSFNYRI,421,1178.0
302,HLA-A03:01,5664.04,ANZ78847,MSEIKCKTQSI,302,1179.0
957,HLA-A03:01,5664.06,ANZ78847,LPPLLSENQIS,957,1180.0
554,HLA-A03:01,5664.34,ANZ78847,VGIGEHCSGLA,554,1181.0
1171,HLA-A03:01,5664.46,ANZ78847,PGLCIAGDRGI,1171,1182.0
508,HLA-A03:01,5664.48,ANZ78847,VGSGPGKNNGI,508,1183.0
676,HLA-A03:01,5664.51,ANZ78847,TFMIRSCYSGR,676,1184.0
531,HLA-A03:01,5664.57,ANZ78847,HNLCNPDPITF,531,1185.0
50,HLA-A03:01,5664.73,ANZ78847,LGTYYVLDRVY,50,1186.0
758,HLA-A03:01,5664.81,ANZ78847,YSKNRRSRRAI,758,1187.0
1325,HLA-A03:01,5664.92,ANZ78847,FICCCTGCGTS,1325,1188.0
764,HLA-A03:01,5665.05,ANZ78847,SRRAITTGYRF,764,1189.0
901,HLA-A03:01,5665.08,ANZ78847,LGSECSKASSR,901,1190.0
210,HLA-A03:01,5665.19,ANZ78847,VNATYLYFHFY,210,1191.0
1289,HLA-A03:01,5665.27,ANZ78847,YINLKDIGTYE,1289,1192.0
489,HLA-A03:01,5665.37,ANZ78847,HCFKAPKNFCP,489,1193.0
102,HLA-A03:01,5665.38,ANZ78847,FINGIFAKVKN,102,1194.0
1192,HLA-A03:01,5665.46,ANZ78847,NNTWMYTGSGY,1192,1195.0
1239,HLA-A03:01,5665.9,ANZ78847,PDFREELDQWF,1239,1196.0
420,HLA-A03:01,5665.91,ANZ78847,NLGYLQSFNYR,420,1197.0
1036,HLA-A03:01,5665.99,ANZ78847,ALVKIQAVVNA,1036,1198.0
461,HLA-A03:01,5666.06,ANZ78847,KRFGFIEDSVF,461,1199.0
1053,HLA-A03:01,5666.08,ANZ78847,NLLQQLSNRFG,1053,1200.0
244,HLA-A03:01,5666.2,ANZ78847,YLGMALSHYYV,244,1201.0
959,HLA-A03:01,5666.35,ANZ78847,PLLSENQISGY,959,1202.0
1280,HLA-A03:01,5666.51,ANZ78847,EAIKVLNQSYI,1280,1203.0
1279,HLA-A03:01,5666.59,ANZ78847,QEAIKVLNQSY,1279,1204.0
640,HLA-A03:01,5666.62,ANZ78847,QGIFVEVNATY,640,1205.0
68,HLA-A03:01,5666.63,ANZ78847,NGYYPTSGSTY,68,1206.0
115,HLA-A03:01,5666.67,ANZ78847,VFKDGVMYSEF,115,1207.0
140,HLA-A03:01,5666.86,ANZ78847,SVVVQPRTINS,140,1208.0
61,HLA-A03:01,5666.99,ANZ78847,LNTTLFLNGYY,61,1209.0
289,HLA-A03:01,5667.06,ANZ78847,GIIFNAVDCMS,289,1210.0
877,HLA-A03:01,5667.06,ANZ78847,LSTKLKDGVNF,877,1210.0
1290,HLA-A03:01,5667.29,ANZ78847,INLKDIGTYEY,1290,1212.0
835,HLA-A03:01,5667.38,ANZ78847,CKSQLVEYGSF,835,1213.0
817,HLA-A03:01,5667.74,ANZ78847,SPKVTIDCAAF,817,1214.0
742,HLA-A03:01,5667.83,ANZ78847,SVQTCDLTVGS,742,1215.0
790,HLA-A03:01,5667.98,ANZ78847,EPVGGLYEIQI,790,1216.0
84,HLA-A03:01,5668.04,ANZ78847,KGTDKLSTLWF,84,1217.0
29,HLA-A03:01,5668.42,ANZ78847,LNNIDTGPPSI,29,1218.0
1165,HLA-A03:01,5668.86,ANZ78847,VTAKVSPGLCI,1165,1219.0
1020,HLA-A03:01,5668.92,ANZ78847,NNALDAIQEGF,1020,1220.0
1107,HLA-A03:01,5669.05,ANZ78847,STLVKFSAAQA,1107,1221.0
1199,HLA-A03:01,5669.06,ANZ78847,GSGYYYPEPIT,1199,1222.0
1145,HLA-A03:01,5669.1,ANZ78847,VQNAPYGLYFI,1145,1223.0
1281,HLA-A03:01,5669.43,ANZ78847,AIKVLNQSYIN,1281,1224.0
198,HLA-A03:01,5669.46,ANZ78847,VSCLYKRNFTY,198,1225.0
400,HLA-A03:01,5669.5,ANZ78847,SITIDKFAIPN,400,1226.0
884,HLA-A03:01,5669.59,ANZ78847,GVNFNVDDINF,884,1227.0
261,HLA-A03:01,5669.63,ANZ78847,SRRNIGFTLEY,261,1228.0
1218,HLA-A03:01,5669.75,ANZ78847,TCAVNYTKAPY,1218,1229.0
319,HLA-A03:01,5669.76,ANZ78847,YELNGYTVQPI,319,1230.0
170,HLA-A03:01,5669.8,ANZ78847,NMCEYPHTICH,170,1231.0
30,HLA-A03:01,5669.96,ANZ78847,NNIDTGPPSIS,30,1232.0
749,HLA-A03:01,5670.46,ANZ78847,TVGSGYCVDYS,749,1233.0
487,HLA-A03:01,5670.5,ANZ78847,AQHCFKAPKNF,487,1234.0
712,HLA-A03:01,5670.75,ANZ78847,NNSLTRQLQPI,712,1235.0
354,HLA-A03:01,5670.95,ANZ78847,PSPLNWERKTF,354,1236.0
324,HLA-A03:01,5670.98,ANZ78847,YTVQPIADVYR,324,1237.0
540,HLA-A03:01,5671.71,ANZ78847,TFTGPYKCPQS,540,1238.0
535,HLA-A03:01,5671.74,ANZ78847,NPDPITFTGPY,535,1239.0
1056,HLA-A03:01,5671.84,ANZ78847,QQLSNRFGAIS,1056,1240.0
146,HLA-A03:01,5671.86,ANZ78847,RTINSTQDGVN,146,1241.0
802,HLA-A03:01,5672.0,ANZ78847,SDFTIGNMEEF,802,1242.0
529,HLA-A03:01,5672.06,ANZ78847,TCHNLCNPDPI,529,1243.0
744,HLA-A03:01,5672.14,ANZ78847,QTCDLTVGSGY,744,1244.0
505,HLA-A03:01,5672.2,ANZ78847,SLCVGSGPGKN,505,1245.0
436,HLA-A03:01,5672.26,ANZ78847,TSCQLYYNLPA,436,1246.0
876,HLA-A03:01,5672.32,ANZ78847,TLSTKLKDGVN,876,1247.0
234,HLA-A03:01,5672.38,ANZ78847,GVVTKFLFNVY,234,1248.0
803,HLA-A03:01,5672.39,ANZ78847,DFTIGNMEEFI,803,1249.0
320,HLA-A03:01,5672.45,ANZ78847,ELNGYTVQPIA,320,1250.0
98,HLA-A03:01,5672.7,ANZ78847,FLSDFINGIFA,98,1251.0
819,HLA-A03:01,5672.8,ANZ78847,KVTIDCAAFVC,819,1252.0
767,HLA-A03:01,5673.44,ANZ78847,AITTGYRFTNF,767,1253.0
1009,HLA-A03:01,5673.65,ANZ78847,SQNQKLIANAF,1009,1254.0
941,HLA-A03:01,5673.76,ANZ78847,EIRDLICVQSY,941,1255.0
633,HLA-A03:01,5674.54,ANZ78847,DLYGISGQGIF,633,1256.0
1213,HLA-A03:01,5674.75,ANZ78847,VVVMSTCAVNY,1213,1257.0
218,HLA-A03:01,5675.25,ANZ78847,HFYQEGGTFYA,218,1258.0
118,HLA-A03:01,5675.39,ANZ78847,DGVMYSEFPAI,118,1259.0
476,HLA-A03:01,5675.47,ANZ78847,AGVLTNHDVVY,476,1260.0
1054,HLA-A03:01,5675.6,ANZ78847,LLQQLSNRFGA,1054,1261.0
1260,HLA-A03:01,5675.92,ANZ78847,ALDYINVTFLD,1260,1262.0
689,HLA-A03:01,5675.94,ANZ78847,AAFHANSSEPA,689,1263.0
1144,HLA-A03:01,5676.56,ANZ78847,LVQNAPYGLYF,1144,1264.0
2,HLA-A03:01,5676.72,ANZ78847,LILLISLPTAF,2,1265.0
220,HLA-A03:01,5676.85,ANZ78847,YQEGGTFYAYF,220,1266.0
945,HLA-A03:01,5677.24,ANZ78847,LICVQSYKGIK,945,1267.0
25,HLA-A03:01,5677.3,ANZ78847,RTGSLNNIDTG,25,1268.0
770,HLA-A03:01,5677.32,ANZ78847,TGYRFTNFEPF,770,1269.0
283,HLA-A03:01,5677.55,ANZ78847,LAFNQDGIIFN,283,1270.0
864,HLA-A03:01,5678.02,ANZ78847,QLQVANSLMNG,864,1271.0
112,HLA-A03:01,5678.3,ANZ78847,NTKVFKDGVMY,112,1272.0
781,HLA-A03:01,5678.31,ANZ78847,TVNSVNDSLEP,781,1273.0
955,HLA-A03:01,5678.89,ANZ78847,KVLPPLLSENQ,955,1274.0
1178,HLA-A03:01,5678.99,ANZ78847,DRGIAPKSGYF,1178,1275.0
453,HLA-A03:01,5679.02,ANZ78847,RFNPSTWNKRF,453,1276.0
981,HLA-A03:01,5679.07,ANZ78847,PWTAAAGVPFY,981,1277.0
589,HLA-A03:01,5679.53,ANZ78847,SCLQGDKCNIF,589,1278.0
980,HLA-A03:01,5679.94,ANZ78847,PPWTAAAGVPF,980,1279.0
1333,HLA-A03:01,5680.4,ANZ78847,GTSCFKKCGGC,1333,1280.0
610,HLA-A03:01,5680.78,ANZ78847,GLTCSTDLQKA,610,1281.0
1234,HLA-A03:01,5681.33,ANZ78847,SIPNLPDFREE,1234,1282.0
956,HLA-A03:01,5681.7,ANZ78847,VLPPLLSENQI,956,1283.0
216,HLA-A03:01,5681.92,ANZ78847,YFHFYQEGGTF,216,1284.0
509,HLA-A03:01,5681.96,ANZ78847,GSGPGKNNGIG,509,1285.0
165,HLA-A03:01,5681.99,ANZ78847,SVCQYNMCEYP,165,1286.0
1177,HLA-A03:01,5682.69,ANZ78847,GDRGIAPKSGY,1177,1287.0
325,HLA-A03:01,5682.92,ANZ78847,TVQPIADVYRR,325,1288.0
538,HLA-A03:01,5682.95,ANZ78847,PITFTGPYKCP,538,1289.0
1025,HLA-A03:01,5683.59,ANZ78847,AIQEGFDATNS,1025,1290.0
351,HLA-A03:01,5684.29,ANZ78847,KSVPSPLNWER,351,1291.0
1149,HLA-A03:01,5684.41,ANZ78847,PYGLYFIHFSY,1149,1292.0
627,HLA-A03:01,5684.52,ANZ78847,GVCVNYDLYGI,627,1293.0
282,HLA-A03:01,5685.14,ANZ78847,LLAFNQDGIIF,282,1294.0
91,HLA-A03:01,5685.46,ANZ78847,TLWFKPPFLSD,91,1295.0
1284,HLA-A03:01,5685.84,ANZ78847,VLNQSYINLKD,1284,1296.0
1007,HLA-A03:01,5686.63,ANZ78847,VLSQNQKLIAN,1007,1297.0
1272,HLA-A03:01,5687.15,ANZ78847,QVEMNRLQEAI,1272,1298.0
1217,HLA-A03:01,5687.55,ANZ78847,STCAVNYTKAP,1217,1299.0
715,HLA-A03:01,5687.76,ANZ78847,LTRQLQPINYF,715,1300.0
562,HLA-A03:01,5688.81,ANZ78847,GLAVKSDYCGG,562,1301.0
1168,HLA-A03:01,5690.22,ANZ78847,KVSPGLCIAGD,1168,1302.0
820,HLA-A03:01,5690.45,ANZ78847,VTIDCAAFVCG,820,1303.0
1194,HLA-A03:01,5692.16,ANZ78847,TWMYTGSGYYY,1194,1304.0
317,HLA-A03:01,5692.48,ANZ78847,GVYELNGYTVQ,317,1305.0
896,HLA-A03:01,5693.7,ANZ78847,SVLGCLGSECS,896,1306.0
1050,HLA-A03:01,5694.31,ANZ78847,ALNNLLQQLSN,1050,1307.0
1039,HLA-A03:01,5695.26,ANZ78847,KIQAVVNANAE,1039,1308.0
678,HLA-A03:01,5695.95,ANZ78847,MIRSCYSGRVS,678,1309.0
675,HLA-A03:01,5696.55,ANZ78847,RTFMIRSCYSG,675,1310.0
28,HLA-A03:01,5697.34,ANZ78847,SLNNIDTGPPS,28,1311.0
1291,HLA-A03:01,5697.46,ANZ78847,NLKDIGTYEYY,1291,1312.0
214,HLA-A03:01,5697.51,ANZ78847,YLYFHFYQEGG,214,1313.0
953,HLA-A03:01,5698.61,ANZ78847,GIKVLPPLLSE,953,1314.0
970,HLA-A03:01,5699.55,ANZ78847,TLAATSASLFP,970,1315.0
1180,HLA-A03:01,5699.86,ANZ78847,GIAPKSGYFVN,1180,1316.0
1154,HLA-A03:01,5699.99,ANZ78847,FIHFSYVPTKY,1154,1317.0
1230,HLA-A03:01,5701.41,ANZ78847,MLNTSIPNLPD,1230,1318.0
1095,HLA-A03:01,5701.67,ANZ78847,ALNAYVSQQLS,1095,1319.0
1172,HLA-A03:01,5704.15,ANZ78847,GLCIAGDRGIA,1172,1320.0
788,HLA-A03:01,5704.95,ANZ78847,SLEPVGGLYEI,788,1321.0
1198,HLA-A03:01,5706.91,ANZ78847,TGSGYYYPEPI,1198,1322.0
539,HLA-A03:01,5707.34,ANZ78847,ITFTGPYKCPQ,539,1323.0
13,HLA-A03:01,5709.66,ANZ78847,AVIGDLKCPLD,13,1324.0
1316,HLA-A03:01,5710.28,ANZ78847,GVAMLVLLFFI,1316,1325.0
1141,HLA-A03:01,5710.38,ANZ78847,IISLVQNAPYG,1141,1326.0
1151,HLA-A03:01,5711.74,ANZ78847,GLYFIHFSYVP,1151,1327.0
1032,HLA-A03:01,5712.55,ANZ78847,ATNSALVKIQA,1032,1328.0
732,HLA-A03:01,5713.33,ANZ78847,VVNAYNSTAIS,732,1329.0
1254,HLA-A03:01,5714.49,ANZ78847,SVAPDLALDYI,1254,1330.0
484,HLA-A03:01,5715.47,ANZ78847,VVYAQHCFKAP,484,1331.0
921,HLA-A03:01,5715.74,ANZ78847,KVKLSDVGFVA,921,1332.0
224,HLA-A03:01,5716.04,ANZ78847,GTFYAYFTDTG,224,1333.0
1131,HLA-A03:01,5716.24,ANZ78847,RINFCGNGNHI,1131,1334.0
1120,HLA-A03:01,5716.53,ANZ78847,KVNECVKSQSS,1120,1335.0
1075,HLA-A03:01,5718.14,ANZ78847,RLDALEAEAQI,1075,1336.0
362,HLA-A03:01,5719.12,ANZ78847,KTFSNCNFNMS,362,1337.0
392,HLA-A03:01,5725.48,ANZ78847,KIYGMCFSSIT,392,1338.0
477,HLA-A03:01,5725.66,ANZ78847,GVLTNHDVVYA,477,1339.0
7,HLA-A03:01,5726.68,ANZ78847,SLPTAFAVIGD,7,1340.0
3,HLA-A03:01,5734.81,ANZ78847,ILLISLPTAFA,3,1341.0
457,HLA-A03:01,5749.71,ANZ78847,STWNKRFGFIE,457,1342.0
880,HLA-A03:01,5751.39,ANZ78847,KLKDGVNFNVD,880,1343.0
851,HLA-A03:01,5753.06,ANZ78847,AILTEVNELLD,851,1344.0
88,HLA-A03:01,5758.14,ANZ78847,KLSTLWFKPPF,88,1345.0
1087,HLA-A03:01,5770.96,ANZ78847,RLINGRLTALN,1087,1346.0
150,HLA-A03:01,5780.94,ANZ78847,STQDGVNKLQG,150,1347.0
212,HLA-A03:01,5781.0,ANZ78847,ATYLYFHFYQE,212,1348.0
114,HLA-A03:01,5782.86,ANZ78847,KVFKDGVMYSE,114,1349.0
784,HLA-A03:01,5803.88,ANZ78847,SVNDSLEPVGG,784,1350.0
1296,HLA-A03:01,5804.94,ANZ78847,GTYEYYVKWPW,1296,1351.0
58,HLA-A03:01,5873.36,ANZ78847,RVYLNTTLFLN,58,1352.0
85,HLA-A11:01,9.65,ANZ78847,GTDKLSTLWFK,85,1.0
870,HLA-A11:01,10.43,ANZ78847,SLMNGVTLSTK,870,2.0
1215,HLA-A11:01,12.5,ANZ78847,VMSTCAVNYTK,1215,3.0
99,HLA-A11:01,15.73,ANZ78847,LSDFINGIFAK,99,4.0
1003,HLA-A11:01,17.3,ANZ78847,VTMDVLSQNQK,1003,5.0
911,HLA-A11:01,22.01,ANZ78847,RSAIEDLLFDK,911,6.0
1283,HLA-A11:01,24.69,ANZ78847,KVLNQSYINLK,1283,7.0
504,HLA-A11:01,28.61,ANZ78847,SSLCVGSGPGK,504,8.0
1329,HLA-A11:01,31.33,ANZ78847,CTGCGTSCFKK,1329,9.0
352,HLA-A11:01,51.16,ANZ78847,SVPSPLNWERK,352,10.0
74,HLA-A11:01,54.31,ANZ78847,SGSTYRNMALK,74,11.0
253,HLA-A11:01,69.11,ANZ78847,YVMPLTCISRR,253,12.0
395,HLA-A11:01,83.93,ANZ78847,GMCFSSITIDK,395,13.0
351,HLA-A11:01,85.34,ANZ78847,KSVPSPLNWER,351,14.0
1174,HLA-A11:01,86.98,ANZ78847,CIAGDRGIAPK,1174,15.0
325,HLA-A11:01,96.42,ANZ78847,TVQPIADVYRR,325,16.0
298,HLA-A11:01,124.06,ANZ78847,MSDFMSEIKCK,298,17.0
147,HLA-A11:01,126.36,ANZ78847,TINSTQDGVNK,147,18.0
451,HLA-A11:01,142.09,ANZ78847,VSRFNPSTWNK,451,19.0
206,HLA-A11:01,157.72,ANZ78847,FTYDVNATYLY,206,20.0
193,HLA-A11:01,161.45,ANZ78847,MDTGVVSCLYK,193,21.0
9,HLA-A11:01,200.22,ANZ78847,PTAFAVIGDLK,9,22.0
107,HLA-A11:01,211.96,ANZ78847,FAKVKNTKVFK,107,23.0
482,HLA-A11:01,228.43,ANZ78847,HDVVYAQHCFK,482,24.0
1116,HLA-A11:01,234.8,ANZ78847,QAMEKVNECVK,1116,25.0
641,HLA-A11:01,262.45,ANZ78847,GIFVEVNATYY,641,26.0
987,HLA-A11:01,265.41,ANZ78847,GVPFYLNVQYR,987,27.0
462,HLA-A11:01,266.05,ANZ78847,RFGFIEDSVFK,462,28.0
1101,HLA-A11:01,272.16,ANZ78847,SQQLSDSTLVK,1101,29.0
296,HLA-A11:01,350.59,ANZ78847,DCMSDFMSEIK,296,30.0
693,HLA-A11:01,359.56,ANZ78847,ANSSEPALLFR,693,31.0
234,HLA-A11:01,364.13,ANZ78847,GVVTKFLFNVY,234,32.0
1065,HLA-A11:01,369.41,ANZ78847,ISSSLQEILSR,1065,33.0
913,HLA-A11:01,374.25,ANZ78847,AIEDLLFDKVK,913,34.0
136,HLA-A11:01,406.59,ANZ78847,NTSYSVVVQPR,136,35.0
242,HLA-A11:01,410.02,ANZ78847,NVYLGMALSHY,242,36.0
897,HLA-A11:01,413.28,ANZ78847,VLGCLGSECSK,897,37.0
1232,HLA-A11:01,425.16,ANZ78847,NTSIPNLPDFR,1232,38.0
541,HLA-A11:01,441.53,ANZ78847,FTGPYKCPQSK,541,39.0
1029,HLA-A11:01,504.62,ANZ78847,GFDATNSALVK,1029,40.0
432,HLA-A11:01,532.52,ANZ78847,DTTATSCQLYY,432,41.0
198,HLA-A11:01,538.1,ANZ78847,VSCLYKRNFTY,198,42.0
1153,HLA-A11:01,569.73,ANZ78847,YFIHFSYVPTK,1153,43.0
1158,HLA-A11:01,605.45,ANZ78847,SYVPTKYVTAK,1158,44.0
676,HLA-A11:01,630.36,ANZ78847,TFMIRSCYSGR,676,45.0
1213,HLA-A11:01,647.37,ANZ78847,VVVMSTCAVNY,1213,46.0
433,HLA-A11:01,762.31,ANZ78847,TTATSCQLYYN,433,47.0
609,HLA-A11:01,780.84,ANZ78847,SGLTCSTDLQK,609,48.0
324,HLA-A11:01,795.93,ANZ78847,YTVQPIADVYR,324,49.0
945,HLA-A11:01,809.86,ANZ78847,LICVQSYKGIK,945,50.0
104,HLA-A11:01,874.83,ANZ78847,NGIFAKVKNTK,104,51.0
413,HLA-A11:01,944.36,ANZ78847,KVDLQLGNLGY,413,52.0
826,HLA-A11:01,971.43,ANZ78847,AFVCGDYAACK,826,53.0
164,HLA-A11:01,1065.29,ANZ78847,VSVCQYNMCEY,164,54.0
326,HLA-A11:01,1076.09,ANZ78847,VQPIADVYRRK,326,55.0
536,HLA-A11:01,1117.29,ANZ78847,PDPITFTGPYK,536,56.0
1346,HLA-A11:01,1183.04,ANZ78847,DYTGYQELVIK,1346,57.0
382,HLA-A11:01,1185.73,ANZ78847,SFTCNNIDAAK,382,58.0
129,HLA-A11:01,1192.03,ANZ78847,TIGSTFVNTSY,129,59.0
556,HLA-A11:01,1229.36,ANZ78847,IGEHCSGLAVK,556,60.0
744,HLA-A11:01,1282.61,ANZ78847,QTCDLTVGSGY,744,61.0
750,HLA-A11:01,1295.69,ANZ78847,VGSGYCVDYSK,750,62.0
809,HLA-A11:01,1425.44,ANZ78847,MEEFIQTSSPK,809,63.0
1110,HLA-A11:01,1428.87,ANZ78847,VKFSAAQAMEK,1110,64.0
1328,HLA-A11:01,1446.89,ANZ78847,CCTGCGTSCFK,1328,65.0
872,HLA-A11:01,1502.41,ANZ78847,MNGVTLSTKLK,872,66.0
420,HLA-A11:01,1504.0,ANZ78847,NLGYLQSFNYR,420,67.0
763,HLA-A11:01,1523.4,ANZ78847,RSRRAITTGYR,763,68.0
942,HLA-A11:01,1537.74,ANZ78847,IRDLICVQSYK,942,69.0
485,HLA-A11:01,1540.31,ANZ78847,VYAQHCFKAPK,485,70.0
60,HLA-A11:01,1606.42,ANZ78847,YLNTTLFLNGY,60,71.0
983,HLA-A11:01,1606.67,ANZ78847,TAAAGVPFYLN,983,72.0
194,HLA-A11:01,1658.48,ANZ78847,DTGVVSCLYKR,194,73.0
832,HLA-A11:01,1850.19,ANZ78847,YAACKSQLVEY,832,74.0
114,HLA-A11:01,2432.17,ANZ78847,KVFKDGVMYSE,114,75.0
1293,HLA-A11:01,2638.14,ANZ78847,KDIGTYEYYVK,1293,76.0
1194,HLA-A11:01,2718.84,ANZ78847,TWMYTGSGYYY,1194,77.0
211,HLA-A11:01,2792.72,ANZ78847,NATYLYFHFYQ,211,78.0
212,HLA-A11:01,2817.02,ANZ78847,ATYLYFHFYQE,212,79.0
101,HLA-A11:01,2832.72,ANZ78847,DFINGIFAKVK,101,80.0
1193,HLA-A11:01,2992.54,ANZ78847,NTWMYTGSGYY,1193,81.0
649,HLA-A11:01,3300.89,ANZ78847,TYYNSWQNLLY,649,82.0
235,HLA-A11:01,3367.02,ANZ78847,VVTKFLFNVYL,235,83.0
402,HLA-A11:01,3422.3,ANZ78847,TIDKFAIPNGR,402,84.0
1267,HLA-A11:01,3606.22,ANZ78847,TFLDLQVEMNR,1267,85.0
923,HLA-A11:01,3700.84,ANZ78847,KLSDVGFVAAY,923,86.0
1253,HLA-A11:01,3934.65,ANZ78847,TSVAPDLALDY,1253,87.0
517,HLA-A11:01,3974.79,ANZ78847,GIGTCPAGTNY,517,88.0
210,HLA-A11:01,4155.48,ANZ78847,VNATYLYFHFY,210,89.0
1154,HLA-A11:01,4419.71,ANZ78847,FIHFSYVPTKY,1154,90.0
1214,HLA-A11:01,4560.87,ANZ78847,VVMSTCAVNYT,1214,91.0
1140,HLA-A11:01,4601.41,ANZ78847,HIISLVQNAPY,1140,92.0
699,HLA-A11:01,4722.23,ANZ78847,ALLFRNIKCNY,699,93.0
1220,HLA-A11:01,5156.9,ANZ78847,AVNYTKAPYVM,1220,94.0
1284,HLA-A11:01,5261.75,ANZ78847,VLNQSYINLKD,1284,95.0
491,HLA-A11:01,5296.02,ANZ78847,FKAPKNFCPCK,491,96.0
58,HLA-A11:01,5325.32,ANZ78847,RVYLNTTLFLN,58,97.0
766,HLA-A11:01,5527.99,ANZ78847,RAITTGYRFTN,766,98.0
714,HLA-A11:01,5622.99,ANZ78847,SLTRQLQPINY,714,99.0
228,HLA-A11:01,5674.82,ANZ78847,AYFTDTGVVTK,228,100.0
1151,HLA-A11:01,5752.52,ANZ78847,GLYFIHFSYVP,1151,101.0
178,HLA-A11:01,5871.09,ANZ78847,ICHPNLGNHFK,178,102.0
61,HLA-A11:01,6024.19,ANZ78847,LNTTLFLNGYY,61,103.0
751,HLA-A11:01,6042.24,ANZ78847,GSGYCVDYSKN,751,104.0
52,HLA-A11:01,6103.61,ANZ78847,TYYVLDRVYLN,52,105.0
585,HLA-A11:01,6115.37,ANZ78847,WSADSCLQGDK,585,106.0
1240,HLA-A11:01,6195.09,ANZ78847,DFREELDQWFK,1240,107.0
748,HLA-A11:01,6357.08,ANZ78847,LTVGSGYCVDY,748,108.0
90,HLA-A11:01,6460.67,ANZ78847,STLWFKPPFLS,90,109.0
1188,HLA-A11:01,6514.11,ANZ78847,FVNVNNTWMYT,1188,110.0
243,HLA-A11:01,6573.72,ANZ78847,VYLGMALSHYY,243,111.0
718,HLA-A11:01,6587.99,ANZ78847,QLQPINYFDSY,718,112.0
1216,HLA-A11:01,6610.32,ANZ78847,MSTCAVNYTKA,1216,113.0
294,HLA-A11:01,6643.87,ANZ78847,AVDCMSDFMSE,294,114.0
1180,HLA-A11:01,6644.86,ANZ78847,GIAPKSGYFVN,1180,115.0
165,HLA-A11:01,6718.11,ANZ78847,SVCQYNMCEYP,165,116.0
694,HLA-A11:01,7051.61,ANZ78847,NSSEPALLFRN,694,117.0
1043,HLA-A11:01,7052.99,ANZ78847,VVNANAEALNN,1043,118.0
483,HLA-A11:01,7072.81,ANZ78847,DVVYAQHCFKA,483,119.0
131,HLA-A11:01,7140.67,ANZ78847,GSTFVNTSYSV,131,120.0
283,HLA-A11:01,7195.42,ANZ78847,LAFNQDGIIFN,283,121.0
749,HLA-A11:01,7294.37,ANZ78847,TVGSGYCVDYS,749,122.0
615,HLA-A11:01,7304.84,ANZ78847,TDLQKANTDIK,615,123.0
419,HLA-A11:01,7386.37,ANZ78847,GNLGYLQSFNY,419,124.0
62,HLA-A11:01,7910.11,ANZ78847,NTTLFLNGYYP,62,125.0
51,HLA-A11:01,7938.55,ANZ78847,GTYYVLDRVYL,51,126.0
986,HLA-A11:01,8005.51,ANZ78847,AGVPFYLNVQY,986,127.0
924,HLA-A11:01,8241.01,ANZ78847,LSDVGFVAAYN,924,128.0
43,HLA-A11:01,8415.08,ANZ78847,TVDVTNGLGTY,43,129.0
1195,HLA-A11:01,8542.91,ANZ78847,WMYTGSGYYYP,1195,130.0
625,HLA-A11:01,8677.89,ANZ78847,KLGVCVNYDLY,625,131.0
476,HLA-A11:01,8732.84,ANZ78847,AGVLTNHDVVY,476,132.0
1196,HLA-A11:01,8780.22,ANZ78847,MYTGSGYYYPE,1196,133.0
1254,HLA-A11:01,8833.97,ANZ78847,SVAPDLALDYI,1254,134.0
635,HLA-A11:01,8842.09,ANZ78847,YGISGQGIFVE,635,135.0
798,HLA-A11:01,9019.51,ANZ78847,IQIPSDFTIGN,798,136.0
707,HLA-A11:01,9072.07,ANZ78847,CNYVFNNSLTR,707,137.0
377,HLA-A11:01,9154.16,ANZ78847,FIQADSFTCNN,377,138.0
1126,HLA-A11:01,9185.0,ANZ78847,KSQSSRINFCG,1126,139.0
38,HLA-A11:01,9241.78,ANZ78847,SISTATVDVTN,38,140.0
703,HLA-A11:01,9333.36,ANZ78847,RNIKCNYVFNN,703,141.0
400,HLA-A11:01,9581.38,ANZ78847,SITIDKFAIPN,400,142.0
146,HLA-A11:01,9597.16,ANZ78847,RTINSTQDGVN,146,143.0
878,HLA-A11:01,9739.46,ANZ78847,STKLKDGVNFN,878,144.0
1347,HLA-A11:01,9815.59,ANZ78847,YTGYQELVIKT,1347,145.0
477,HLA-A11:01,9817.38,ANZ78847,GVLTNHDVVYA,477,146.0
505,HLA-A11:01,9996.92,ANZ78847,SLCVGSGPGKN,505,147.0
245,HLA-A11:01,10040.53,ANZ78847,LGMALSHYYVM,245,148.0
820,HLA-A11:01,10153.91,ANZ78847,VTIDCAAFVCG,820,149.0
1113,HLA-A11:01,10157.96,ANZ78847,SAAQAMEKVNE,1113,150.0
1233,HLA-A11:01,10207.78,ANZ78847,TSIPNLPDFRE,1233,151.0
1143,HLA-A11:01,10242.01,ANZ78847,SLVQNAPYGLY,1143,152.0
642,HLA-A11:01,10295.01,ANZ78847,IFVEVNATYYN,642,153.0
670,HLA-A11:01,10320.9,ANZ78847,DYLTNRTFMIR,670,154.0
1169,HLA-A11:01,10329.6,ANZ78847,VSPGLCIAGDR,1169,155.0
140,HLA-A11:01,10349.6,ANZ78847,SVVVQPRTINS,140,156.0
752,HLA-A11:01,10369.35,ANZ78847,SGYCVDYSKNR,752,157.0
160,HLA-A11:01,10467.09,ANZ78847,GLLEVSVCQYN,160,158.0
643,HLA-A11:01,10510.93,ANZ78847,FVEVNATYYNS,643,159.0
848,HLA-A11:01,10543.33,ANZ78847,NINAILTEVNE,848,160.0
696,HLA-A11:01,10609.52,ANZ78847,SEPALLFRNIK,696,161.0
768,HLA-A11:01,10609.53,ANZ78847,ITTGYRFTNFE,768,162.0
75,HLA-A11:01,10753.87,ANZ78847,GSTYRNMALKG,75,163.0
1281,HLA-A11:01,10783.96,ANZ78847,AIKVLNQSYIN,1281,164.0
252,HLA-A11:01,10816.57,ANZ78847,YYVMPLTCISR,252,165.0
1129,HLA-A11:01,10898.35,ANZ78847,SSRINFCGNGN,1129,166.0
1149,HLA-A11:01,10991.96,ANZ78847,PYGLYFIHFSY,1149,167.0
1087,HLA-A11:01,11056.66,ANZ78847,RLINGRLTALN,1087,168.0
1001,HLA-A11:01,11079.53,ANZ78847,LGVTMDVLSQN,1001,169.0
276,HLA-A11:01,11122.26,ANZ78847,LTSRQYLLAFN,276,170.0
686,HLA-A11:01,11134.52,ANZ78847,RVSAAFHANSS,686,171.0
48,HLA-A11:01,11142.9,ANZ78847,NGLGTYYVLDR,48,172.0
657,HLA-A11:01,11146.77,ANZ78847,LLYDSNGNLYG,657,173.0
1050,HLA-A11:01,11152.85,ANZ78847,ALNNLLQQLSN,1050,174.0
401,HLA-A11:01,11215.48,ANZ78847,ITIDKFAIPNG,401,175.0
640,HLA-A11:01,11340.14,ANZ78847,QGIFVEVNATY,640,176.0
742,HLA-A11:01,11410.2,ANZ78847,SVQTCDLTVGS,742,177.0
1187,HLA-A11:01,11416.47,ANZ78847,YFVNVNNTWMY,1187,178.0
982,HLA-A11:01,11521.82,ANZ78847,WTAAAGVPFYL,982,179.0
1007,HLA-A11:01,11651.05,ANZ78847,VLSQNQKLIAN,1007,180.0
863,HLA-A11:01,11677.88,ANZ78847,TQLQVANSLMN,863,181.0
1150,HLA-A11:01,11686.35,ANZ78847,YGLYFIHFSYV,1150,182.0
403,HLA-A11:01,11797.43,ANZ78847,IDKFAIPNGRK,403,183.0
1273,HLA-A11:01,11854.15,ANZ78847,VEMNRLQEAIK,1273,184.0
1228,HLA-A11:01,12080.47,ANZ78847,YVMLNTSIPNL,1228,185.0
192,HLA-A11:01,12086.16,ANZ78847,HMDTGVVSCLY,192,186.0
365,HLA-A11:01,12089.19,ANZ78847,SNCNFNMSSLM,365,187.0
457,HLA-A11:01,12090.89,ANZ78847,STWNKRFGFIE,457,188.0
463,HLA-A11:01,12107.75,ANZ78847,FGFIEDSVFKP,463,189.0
921,HLA-A11:01,12118.63,ANZ78847,KVKLSDVGFVA,921,190.0
1230,HLA-A11:01,12134.41,ANZ78847,MLNTSIPNLPD,1230,191.0
1320,HLA-A11:01,12209.79,ANZ78847,LVLLFFICCCT,1320,192.0
78,HLA-A11:01,12224.85,ANZ78847,YRNMALKGTDK,78,193.0
1082,HLA-A11:01,12226.96,ANZ78847,EAQIDRLINGR,1082,194.0
664,HLA-A11:01,12238.8,ANZ78847,NLYGFRDYLTN,664,195.0
246,HLA-A11:01,12336.72,ANZ78847,GMALSHYYVMP,246,196.0
447,HLA-A11:01,12347.16,ANZ78847,ANVSVSRFNPS,447,197.0
671,HLA-A11:01,12548.17,ANZ78847,YLTNRTFMIRS,671,198.0
1200,HLA-A11:01,12612.06,ANZ78847,SGYYYPEPITE,1200,199.0
102,HLA-A11:01,12696.12,ANZ78847,FINGIFAKVKN,102,200.0
248,HLA-A11:01,12731.1,ANZ78847,ALSHYYVMPLT,248,201.0
63,HLA-A11:01,12759.61,ANZ78847,TTLFLNGYYPT,63,202.0
912,HLA-A11:01,12775.68,ANZ78847,SAIEDLLFDKV,912,203.0
1025,HLA-A11:01,12811.69,ANZ78847,AIQEGFDATNS,1025,204.0
953,HLA-A11:01,12849.24,ANZ78847,GIKVLPPLLSE,953,205.0
704,HLA-A11:01,12896.55,ANZ78847,NIKCNYVFNNS,704,206.0
105,HLA-A11:01,12910.45,ANZ78847,GIFAKVKNTKV,105,207.0
436,HLA-A11:01,12919.96,ANZ78847,TSCQLYYNLPA,436,208.0
112,HLA-A11:01,12937.96,ANZ78847,NTKVFKDGVMY,112,209.0
247,HLA-A11:01,12961.24,ANZ78847,MALSHYYVMPL,247,210.0
443,HLA-A11:01,12975.41,ANZ78847,NLPAANVSVSR,443,211.0
176,HLA-A11:01,12976.68,ANZ78847,HTICHPNLGNH,176,212.0
1222,HLA-A11:01,13016.84,ANZ78847,NYTKAPYVMLN,1222,213.0
232,HLA-A11:01,13032.68,ANZ78847,DTGVVTKFLFN,232,214.0
1042,HLA-A11:01,13045.01,ANZ78847,AVVNANAEALN,1042,215.0
64,HLA-A11:01,13197.59,ANZ78847,TLFLNGYYPTS,64,216.0
309,HLA-A11:01,13241.29,ANZ78847,TQSIAPPTGVY,309,217.0
519,HLA-A11:01,13266.16,ANZ78847,GTCPAGTNYLT,519,218.0
1289,HLA-A11:01,13312.67,ANZ78847,YINLKDIGTYE,1289,219.0
86,HLA-A11:01,13364.47,ANZ78847,TDKLSTLWFKP,86,220.0
551,HLA-A11:01,13436.88,ANZ78847,KSLVGIGEHCS,551,221.0
659,HLA-A11:01,13463.65,ANZ78847,YDSNGNLYGFR,659,222.0
244,HLA-A11:01,13471.35,ANZ78847,YLGMALSHYYV,244,223.0
154,HLA-A11:01,13527.11,ANZ78847,GVNKLQGLLEV,154,224.0
47,HLA-A11:01,13583.82,ANZ78847,TNGLGTYYVLD,47,225.0
727,HLA-A11:01,13584.41,ANZ78847,SYLGCVVNAYN,727,226.0
675,HLA-A11:01,13603.1,ANZ78847,RTFMIRSCYSG,675,227.0
1316,HLA-A11:01,13705.56,ANZ78847,GVAMLVLLFFI,1316,228.0
1263,HLA-A11:01,13725.36,ANZ78847,YINVTFLDLQV,1263,229.0
873,HLA-A11:01,13846.25,ANZ78847,NGVTLSTKLKD,873,230.0
6,HLA-A11:01,13881.02,ANZ78847,ISLPTAFAVIG,6,231.0
851,HLA-A11:01,13881.42,ANZ78847,AILTEVNELLD,851,232.0
159,HLA-A11:01,13901.69,ANZ78847,QGLLEVSVCQY,159,233.0
127,HLA-A11:01,13902.74,ANZ78847,AITIGSTFVNT,127,234.0
46,HLA-A11:01,13921.41,ANZ78847,VTNGLGTYYVL,46,235.0
341,HLA-A11:01,13979.19,ANZ78847,NCNIEAWLNDK,341,236.0
805,HLA-A11:01,13991.62,ANZ78847,TIGNMEEFIQT,805,237.0
894,HLA-A11:01,14040.2,ANZ78847,FSSVLGCLGSE,894,238.0
1175,HLA-A11:01,14099.7,ANZ78847,IAGDRGIAPKS,1175,239.0
636,HLA-A11:01,14138.87,ANZ78847,GISGQGIFVEV,636,240.0
774,HLA-A11:01,14144.36,ANZ78847,FTNFEPFTVNS,774,241.0
208,HLA-A11:01,14152.12,ANZ78847,YDVNATYLYFH,208,242.0
236,HLA-A11:01,14181.12,ANZ78847,VTKFLFNVYLG,236,243.0
113,HLA-A11:01,14187.87,ANZ78847,TKVFKDGVMYS,113,244.0
984,HLA-A11:01,14230.01,ANZ78847,AAAGVPFYLNV,984,245.0
827,HLA-A11:01,14239.64,ANZ78847,FVCGDYAACKS,827,246.0
1223,HLA-A11:01,14275.81,ANZ78847,YTKAPYVMLNT,1223,247.0
728,HLA-A11:01,14334.58,ANZ78847,YLGCVVNAYNS,728,248.0
390,HLA-A11:01,14340.42,ANZ78847,AAKIYGMCFSS,390,249.0
199,HLA-A11:01,14363.52,ANZ78847,SCLYKRNFTYD,199,250.0
1266,HLA-A11:01,14464.07,ANZ78847,VTFLDLQVEMN,1266,251.0
1117,HLA-A11:01,14474.19,ANZ78847,AMEKVNECVKS,1117,252.0
69,HLA-A11:01,14501.65,ANZ78847,GYYPTSGSTYR,69,253.0
195,HLA-A11:01,14533.09,ANZ78847,TGVVSCLYKRN,195,254.0
311,HLA-A11:01,14540.11,ANZ78847,SIAPPTGVYEL,311,255.0
91,HLA-A11:01,14655.74,ANZ78847,TLWFKPPFLSD,91,256.0
446,HLA-A11:01,14680.14,ANZ78847,AANVSVSRFNP,446,257.0
290,HLA-A11:01,14736.0,ANZ78847,IIFNAVDCMSD,290,258.0
126,HLA-A11:01,14796.75,ANZ78847,PAITIGSTFVN,126,259.0
896,HLA-A11:01,14808.98,ANZ78847,SVLGCLGSECS,896,260.0
1137,HLA-A11:01,14892.96,ANZ78847,NGNHIISLVQN,1137,261.0
769,HLA-A11:01,14898.87,ANZ78847,TTGYRFTNFEP,769,262.0
793,HLA-A11:01,14912.11,ANZ78847,GGLYEIQIPSD,793,263.0
955,HLA-A11:01,15015.41,ANZ78847,KVLPPLLSENQ,955,264.0
626,HLA-A11:01,15017.94,ANZ78847,LGVCVNYDLYG,626,265.0
1011,HLA-A11:01,15022.73,ANZ78847,NQKLIANAFNN,1011,266.0
40,HLA-A11:01,15046.66,ANZ78847,STATVDVTNGL,40,267.0
717,HLA-A11:01,15079.25,ANZ78847,RQLQPINYFDS,717,268.0
804,HLA-A11:01,15130.39,ANZ78847,FTIGNMEEFIQ,804,269.0
310,HLA-A11:01,15161.25,ANZ78847,QSIAPPTGVYE,310,270.0
434,HLA-A11:01,15267.16,ANZ78847,TATSCQLYYNL,434,271.0
638,HLA-A11:01,15287.8,ANZ78847,SGQGIFVEVNA,638,272.0
656,HLA-A11:01,15323.27,ANZ78847,NLLYDSNGNLY,656,273.0
317,HLA-A11:01,15327.05,ANZ78847,GVYELNGYTVQ,317,274.0
122,HLA-A11:01,15350.33,ANZ78847,YSEFPAITIGS,122,275.0
233,HLA-A11:01,15360.11,ANZ78847,TGVVTKFLFNV,233,276.0
128,HLA-A11:01,15375.94,ANZ78847,ITIGSTFVNTS,128,277.0
783,HLA-A11:01,15431.63,ANZ78847,NSVNDSLEPVG,783,278.0
312,HLA-A11:01,15480.35,ANZ78847,IAPPTGVYELN,312,279.0
527,HLA-A11:01,15485.2,ANZ78847,YLTCHNLCNPD,527,280.0
277,HLA-A11:01,15491.42,ANZ78847,TSRQYLLAFNQ,277,281.0
42,HLA-A11:01,15576.93,ANZ78847,ATVDVTNGLGT,42,282.0
1088,HLA-A11:01,15603.17,ANZ78847,LINGRLTALNA,1088,283.0
1197,HLA-A11:01,15675.94,ANZ78847,YTGSGYYYPEP,1197,284.0
925,HLA-A11:01,15694.99,ANZ78847,SDVGFVAAYNN,925,285.0
833,HLA-A11:01,15723.93,ANZ78847,AACKSQLVEYG,833,286.0
864,HLA-A11:01,15734.79,ANZ78847,QLQVANSLMNG,864,287.0
1002,HLA-A11:01,15744.13,ANZ78847,GVTMDVLSQNQ,1002,288.0
700,HLA-A11:01,15796.83,ANZ78847,LLFRNIKCNYV,700,289.0
1260,HLA-A11:01,15856.64,ANZ78847,ALDYINVTFLD,1260,290.0
673,HLA-A11:01,15884.79,ANZ78847,TNRTFMIRSCY,673,291.0
1127,HLA-A11:01,15954.56,ANZ78847,SQSSRINFCGN,1127,292.0
1212,HLA-A11:01,15973.01,ANZ78847,NVVVMSTCAVN,1212,293.0
1181,HLA-A11:01,15993.77,ANZ78847,IAPKSGYFVNV,1181,294.0
564,HLA-A11:01,16012.25,ANZ78847,AVKSDYCGGNP,564,295.0
1051,HLA-A11:01,16034.6,ANZ78847,LNNLLQQLSNR,1051,296.0
627,HLA-A11:01,16044.61,ANZ78847,GVCVNYDLYGI,627,297.0
153,HLA-A11:01,16062.83,ANZ78847,DGVNKLQGLLE,153,298.0
596,HLA-A11:01,16152.65,ANZ78847,CNIFANLILHD,596,299.0
261,HLA-A11:01,16190.98,ANZ78847,SRRNIGFTLEY,261,300.0
821,HLA-A11:01,16208.02,ANZ78847,TIDCAAFVCGD,821,301.0
525,HLA-A11:01,16265.62,ANZ78847,TNYLTCHNLCN,525,302.0
1277,HLA-A11:01,16273.74,ANZ78847,RLQEAIKVLNQ,1277,303.0
197,HLA-A11:01,16337.19,ANZ78847,VVSCLYKRNFT,197,304.0
621,HLA-A11:01,16341.13,ANZ78847,NTDIKLGVCVN,621,305.0
450,HLA-A11:01,16350.29,ANZ78847,SVSRFNPSTWN,450,306.0
780,HLA-A11:01,16413.67,ANZ78847,FTVNSVNDSLE,780,307.0
1064,HLA-A11:01,16425.24,ANZ78847,AISSSLQEILS,1064,308.0
981,HLA-A11:01,16476.61,ANZ78847,PWTAAAGVPFY,981,309.0
0,HLA-A11:01,16485.15,ANZ78847,MFLILLISLPT,0,310.0
637,HLA-A11:01,16487.99,ANZ78847,ISGQGIFVEVN,637,311.0
1227,HLA-A11:01,16490.94,ANZ78847,PYVMLNTSIPN,1227,312.0
650,HLA-A11:01,16540.42,ANZ78847,YYNSWQNLLYD,650,313.0
1146,HLA-A11:01,16548.47,ANZ78847,QNAPYGLYFIH,1146,314.0
1189,HLA-A11:01,16555.37,ANZ78847,VNVNNTWMYTG,1189,315.0
970,HLA-A11:01,16563.04,ANZ78847,TLAATSASLFP,970,316.0
363,HLA-A11:01,16567.16,ANZ78847,TFSNCNFNMSS,363,317.0
53,HLA-A11:01,16580.07,ANZ78847,YYVLDRVYLNT,53,318.0
1120,HLA-A11:01,16602.92,ANZ78847,KVNECVKSQSS,1120,319.0
224,HLA-A11:01,16650.55,ANZ78847,GTFYAYFTDTG,224,320.0
264,HLA-A11:01,16653.73,ANZ78847,NIGFTLEYWVT,264,321.0
648,HLA-A11:01,16822.51,ANZ78847,ATYYNSWQNLL,648,322.0
660,HLA-A11:01,16827.57,ANZ78847,DSNGNLYGFRD,660,323.0
1032,HLA-A11:01,16838.11,ANZ78847,ATNSALVKIQA,1032,324.0
1168,HLA-A11:01,16864.0,ANZ78847,KVSPGLCIAGD,1168,325.0
7,HLA-A11:01,16911.04,ANZ78847,SLPTAFAVIGD,7,326.0
163,HLA-A11:01,16976.4,ANZ78847,EVSVCQYNMCE,163,327.0
260,HLA-A11:01,17068.8,ANZ78847,ISRRNIGFTLE,260,328.0
784,HLA-A11:01,17099.35,ANZ78847,SVNDSLEPVGG,784,329.0
1145,HLA-A11:01,17107.99,ANZ78847,VQNAPYGLYFI,1145,330.0
362,HLA-A11:01,17144.4,ANZ78847,KTFSNCNFNMS,362,331.0
1218,HLA-A11:01,17166.13,ANZ78847,TCAVNYTKAPY,1218,332.0
869,HLA-A11:01,17196.51,ANZ78847,NSLMNGVTLST,869,333.0
1208,HLA-A11:01,17214.59,ANZ78847,ITENNVVVMST,1208,334.0
142,HLA-A11:01,17320.41,ANZ78847,VVQPRTINSTQ,142,335.0
622,HLA-A11:01,17320.82,ANZ78847,TDIKLGVCVNY,622,336.0
665,HLA-A11:01,17349.8,ANZ78847,LYGFRDYLTNR,665,337.0
561,HLA-A11:01,17360.42,ANZ78847,SGLAVKSDYCG,561,338.0
1190,HLA-A11:01,17387.66,ANZ78847,NVNNTWMYTGS,1190,339.0
1144,HLA-A11:01,17487.3,ANZ78847,LVQNAPYGLYF,1144,340.0
1157,HLA-A11:01,17517.71,ANZ78847,FSYVPTKYVTA,1157,341.0
1156,HLA-A11:01,17527.97,ANZ78847,HFSYVPTKYVT,1156,342.0
646,HLA-A11:01,17531.44,ANZ78847,VNATYYNSWQN,646,343.0
591,HLA-A11:01,17533.68,ANZ78847,LQGDKCNIFAN,591,344.0
880,HLA-A11:01,17581.16,ANZ78847,KLKDGVNFNVD,880,345.0
1165,HLA-A11:01,17597.06,ANZ78847,VTAKVSPGLCI,1165,346.0
50,HLA-A11:01,17622.31,ANZ78847,LGTYYVLDRVY,50,347.0
219,HLA-A11:01,17672.94,ANZ78847,FYQEGGTFYAY,219,348.0
431,HLA-A11:01,17781.79,ANZ78847,IDTTATSCQLY,431,349.0
141,HLA-A11:01,17877.14,ANZ78847,VVVQPRTINST,141,350.0
108,HLA-A11:01,17881.84,ANZ78847,AKVKNTKVFKD,108,351.0
130,HLA-A11:01,17949.5,ANZ78847,IGSTFVNTSYS,130,352.0
1192,HLA-A11:01,17964.91,ANZ78847,NNTWMYTGSGY,1192,353.0
639,HLA-A11:01,17972.97,ANZ78847,GQGIFVEVNAT,639,354.0
1103,HLA-A11:01,17974.15,ANZ78847,QLSDSTLVKFS,1103,355.0
1184,HLA-A11:01,17991.99,ANZ78847,KSGYFVNVNNT,1184,356.0
1104,HLA-A11:01,18009.99,ANZ78847,LSDSTLVKFSA,1104,357.0
954,HLA-A11:01,18015.65,ANZ78847,IKVLPPLLSEN,954,358.0
787,HLA-A11:01,18045.08,ANZ78847,DSLEPVGGLYE,787,359.0
486,HLA-A11:01,18052.22,ANZ78847,YAQHCFKAPKN,486,360.0
167,HLA-A11:01,18081.49,ANZ78847,CQYNMCEYPHT,167,361.0
773,HLA-A11:01,18091.92,ANZ78847,RFTNFEPFTVN,773,362.0
239,HLA-A11:01,18101.22,ANZ78847,FLFNVYLGMAL,239,363.0
1217,HLA-A11:01,18109.18,ANZ78847,STCAVNYTKAP,1217,364.0
241,HLA-A11:01,18174.02,ANZ78847,FNVYLGMALSH,241,365.0
1290,HLA-A11:01,18178.59,ANZ78847,INLKDIGTYEY,1290,366.0
13,HLA-A11:01,18196.49,ANZ78847,AVIGDLKCPLD,13,367.0
684,HLA-A11:01,18198.6,ANZ78847,SGRVSAAFHAN,684,368.0
539,HLA-A11:01,18229.68,ANZ78847,ITFTGPYKCPQ,539,369.0
844,HLA-A11:01,18254.19,ANZ78847,SFCDNINAILT,844,370.0
418,HLA-A11:01,18323.96,ANZ78847,LGNLGYLQSFN,418,371.0
1159,HLA-A11:01,18328.76,ANZ78847,YVPTKYVTAKV,1159,372.0
599,HLA-A11:01,18375.73,ANZ78847,FANLILHDVNS,599,373.0
522,HLA-A11:01,18381.79,ANZ78847,PAGTNYLTCHN,522,374.0
438,HLA-A11:01,18394.76,ANZ78847,CQLYYNLPAAN,438,375.0
458,HLA-A11:01,18435.88,ANZ78847,TWNKRFGFIED,458,376.0
734,HLA-A11:01,18442.08,ANZ78847,NAYNSTAISVQ,734,377.0
1166,HLA-A11:01,18617.43,ANZ78847,TAKVSPGLCIA,1166,378.0
1035,HLA-A11:01,18640.24,ANZ78847,SALVKIQAVVN,1035,379.0
1311,HLA-A11:01,18647.76,ANZ78847,LICLAGVAMLV,1311,380.0
59,HLA-A11:01,18659.77,ANZ78847,VYLNTTLFLNG,59,381.0
31,HLA-A11:01,18683.6,ANZ78847,NIDTGPPSIST,31,382.0
1255,HLA-A11:01,18705.26,ANZ78847,VAPDLALDYIN,1255,383.0
1089,HLA-A11:01,18717.65,ANZ78847,INGRLTALNAY,1089,384.0
898,HLA-A11:01,18733.46,ANZ78847,LGCLGSECSKA,898,385.0
1112,HLA-A11:01,18762.61,ANZ78847,FSAAQAMEKVN,1112,386.0
45,HLA-A11:01,18780.18,ANZ78847,DVTNGLGTYYV,45,387.0
993,HLA-A11:01,18795.87,ANZ78847,NVQYRINGLGV,993,388.0
1291,HLA-A11:01,18826.81,ANZ78847,NLKDIGTYEYY,1291,389.0
369,HLA-A11:01,18828.54,ANZ78847,FNMSSLMSFIQ,369,390.0
837,HLA-A11:01,18839.12,ANZ78847,SQLVEYGSFCD,837,391.0
1,HLA-A11:01,18865.38,ANZ78847,FLILLISLPTA,1,392.0
376,HLA-A11:01,18877.16,ANZ78847,SFIQADSFTCN,376,393.0
726,HLA-A11:01,18883.7,ANZ78847,DSYLGCVVNAY,726,394.0
1133,HLA-A11:01,18925.47,ANZ78847,NFCGNGNHIIS,1133,395.0
284,HLA-A11:01,19101.54,ANZ78847,AFNQDGIIFNA,284,396.0
316,HLA-A11:01,19107.94,ANZ78847,TGVYELNGYTV,316,397.0
985,HLA-A11:01,19134.04,ANZ78847,AAGVPFYLNVQ,985,398.0
1046,HLA-A11:01,19150.77,ANZ78847,ANAEALNNLLQ,1046,399.0
132,HLA-A11:01,19166.8,ANZ78847,STFVNTSYSVV,132,400.0
689,HLA-A11:01,19189.39,ANZ78847,AAFHANSSEPA,689,401.0
308,HLA-A11:01,19285.15,ANZ78847,KTQSIAPPTGV,308,402.0
971,HLA-A11:01,19337.64,ANZ78847,LAATSASLFPP,971,403.0
548,HLA-A11:01,19339.84,ANZ78847,PQSKSLVGIGE,548,404.0
1141,HLA-A11:01,19355.13,ANZ78847,IISLVQNAPYG,1141,405.0
801,HLA-A11:01,19395.65,ANZ78847,PSDFTIGNMEE,801,406.0
740,HLA-A11:01,19426.2,ANZ78847,AISVQTCDLTV,740,407.0
484,HLA-A11:01,19436.78,ANZ78847,VVYAQHCFKAP,484,408.0
753,HLA-A11:01,19470.88,ANZ78847,GYCVDYSKNRR,753,409.0
949,HLA-A11:01,19495.07,ANZ78847,QSYKGIKVLPP,949,410.0
1008,HLA-A11:01,19509.4,ANZ78847,LSQNQKLIANA,1008,411.0
1061,HLA-A11:01,19540.7,ANZ78847,RFGAISSSLQE,1061,412.0
1183,HLA-A11:01,19561.79,ANZ78847,PKSGYFVNVNN,1183,413.0
893,HLA-A11:01,19570.18,ANZ78847,NFSSVLGCLGS,893,414.0
204,HLA-A11:01,19573.87,ANZ78847,RNFTYDVNATY,204,415.0
435,HLA-A11:01,19631.13,ANZ78847,ATSCQLYYNLP,435,416.0
218,HLA-A11:01,19683.47,ANZ78847,HFYQEGGTFYA,218,417.0
674,HLA-A11:01,19715.58,ANZ78847,NRTFMIRSCYS,674,418.0
254,HLA-A11:01,19775.02,ANZ78847,VMPLTCISRRN,254,419.0
348,HLA-A11:01,19786.95,ANZ78847,LNDKSVPSPLN,348,420.0
416,HLA-A11:01,19793.69,ANZ78847,LQLGNLGYLQS,416,421.0
1179,HLA-A11:01,19802.44,ANZ78847,RGIAPKSGYFV,1179,422.0
732,HLA-A11:01,19835.91,ANZ78847,VVNAYNSTAIS,732,423.0
663,HLA-A11:01,19864.49,ANZ78847,GNLYGFRDYLT,663,424.0
452,HLA-A11:01,19886.08,ANZ78847,SRFNPSTWNKR,452,425.0
902,HLA-A11:01,19890.76,ANZ78847,GSECSKASSRS,902,426.0
1278,HLA-A11:01,19924.59,ANZ78847,LQEAIKVLNQS,1278,427.0
747,HLA-A11:01,19958.68,ANZ78847,DLTVGSGYCVD,747,428.0
741,HLA-A11:01,19967.12,ANZ78847,ISVQTCDLTVG,741,429.0
1036,HLA-A11:01,20032.58,ANZ78847,ALVKIQAVVNA,1036,430.0
687,HLA-A11:01,20114.1,ANZ78847,VSAAFHANSSE,687,431.0
492,HLA-A11:01,20152.69,ANZ78847,KAPKNFCPCKS,492,432.0
370,HLA-A11:01,20190.79,ANZ78847,NMSSLMSFIQA,370,433.0
1148,HLA-A11:01,20199.52,ANZ78847,APYGLYFIHFS,1148,434.0
1270,HLA-A11:01,20238.92,ANZ78847,DLQVEMNRLQE,1270,435.0
222,HLA-A11:01,20253.52,ANZ78847,EGGTFYAYFTD,222,436.0
683,HLA-A11:01,20285.26,ANZ78847,YSGRVSAAFHA,683,437.0
526,HLA-A11:01,20331.61,ANZ78847,NYLTCHNLCNP,526,438.0
1128,HLA-A11:01,20347.18,ANZ78847,QSSRINFCGNG,1128,439.0
68,HLA-A11:01,20351.38,ANZ78847,NGYYPTSGSTY,68,440.0
1199,HLA-A11:01,20405.27,ANZ78847,GSGYYYPEPIT,1199,441.0
364,HLA-A11:01,20405.33,ANZ78847,FSNCNFNMSSL,364,442.0
21,HLA-A11:01,20420.38,ANZ78847,PLDSRTGSLNN,21,443.0
708,HLA-A11:01,20437.58,ANZ78847,NYVFNNSLTRQ,708,444.0
289,HLA-A11:01,20462.39,ANZ78847,GIIFNAVDCMS,289,445.0
1091,HLA-A11:01,20472.93,ANZ78847,GRLTALNAYVS,1091,446.0
1057,HLA-A11:01,20513.28,ANZ78847,QLSNRFGAISS,1057,447.0
737,HLA-A11:01,20515.95,ANZ78847,NSTAISVQTCD,737,448.0
654,HLA-A11:01,20546.55,ANZ78847,WQNLLYDSNGN,654,449.0
259,HLA-A11:01,20547.12,ANZ78847,CISRRNIGFTL,259,450.0
274,HLA-A11:01,20549.39,ANZ78847,TPLTSRQYLLA,274,451.0
916,HLA-A11:01,20575.27,ANZ78847,DLLFDKVKLSD,916,452.0
98,HLA-A11:01,20583.72,ANZ78847,FLSDFINGIFA,98,453.0
70,HLA-A11:01,20612.55,ANZ78847,YYPTSGSTYRN,70,454.0
629,HLA-A11:01,20622.92,ANZ78847,CVNYDLYGISG,629,455.0
1234,HLA-A11:01,20642.31,ANZ78847,SIPNLPDFREE,1234,456.0
331,HLA-A11:01,20691.17,ANZ78847,DVYRRKPDLPN,331,457.0
540,HLA-A11:01,20703.42,ANZ78847,TFTGPYKCPQS,540,458.0
1071,HLA-A11:01,20750.49,ANZ78847,EILSRLDALEA,1071,459.0
479,HLA-A11:01,20787.32,ANZ78847,LTNHDVVYAQH,479,460.0
875,HLA-A11:01,20799.84,ANZ78847,VTLSTKLKDGV,875,461.0
39,HLA-A11:01,20801.67,ANZ78847,ISTATVDVTNG,39,462.0
478,HLA-A11:01,20818.38,ANZ78847,VLTNHDVVYAQ,478,463.0
1092,HLA-A11:01,20831.88,ANZ78847,RLTALNAYVSQ,1092,464.0
931,HLA-A11:01,20889.49,ANZ78847,AAYNNCTGGAE,931,465.0
1152,HLA-A11:01,20916.9,ANZ78847,LYFIHFSYVPT,1152,466.0
1039,HLA-A11:01,20935.68,ANZ78847,KIQAVVNANAE,1039,467.0
947,HLA-A11:01,20940.76,ANZ78847,CVQSYKGIKVL,947,468.0
223,HLA-A11:01,20940.78,ANZ78847,GGTFYAYFTDT,223,469.0
389,HLA-A11:01,20945.19,ANZ78847,DAAKIYGMCFS,389,470.0
781,HLA-A11:01,20958.4,ANZ78847,TVNSVNDSLEP,781,471.0
207,HLA-A11:01,20977.89,ANZ78847,TYDVNATYLYF,207,472.0
563,HLA-A11:01,20980.06,ANZ78847,LAVKSDYCGGN,563,473.0
1066,HLA-A11:01,20990.69,ANZ78847,SSSLQEILSRL,1066,474.0
716,HLA-A11:01,20992.64,ANZ78847,TRQLQPINYFD,716,475.0
423,HLA-A11:01,21030.71,ANZ78847,YLQSFNYRIDT,423,476.0
81,HLA-A11:01,21059.93,ANZ78847,MALKGTDKLST,81,477.0
150,HLA-A11:01,21104.76,ANZ78847,STQDGVNKLQG,150,478.0
507,HLA-A11:01,21116.73,ANZ78847,CVGSGPGKNNG,507,479.0
445,HLA-A11:01,21129.14,ANZ78847,PAANVSVSRFN,445,480.0
1037,HLA-A11:01,21140.95,ANZ78847,LVKIQAVVNAN,1037,481.0
134,HLA-A11:01,21146.16,ANZ78847,FVNTSYSVVVQ,134,482.0
1136,HLA-A11:01,21170.36,ANZ78847,GNGNHIISLVQ,1136,483.0
1147,HLA-A11:01,21218.63,ANZ78847,NAPYGLYFIHF,1147,484.0
776,HLA-A11:01,21300.45,ANZ78847,NFEPFTVNSVN,776,485.0
1109,HLA-A11:01,21346.75,ANZ78847,LVKFSAAQAME,1109,486.0
209,HLA-A11:01,21356.56,ANZ78847,DVNATYLYFHF,209,487.0
1047,HLA-A11:01,21360.08,ANZ78847,NAEALNNLLQQ,1047,488.0
421,HLA-A11:01,21399.54,ANZ78847,LGYLQSFNYRI,421,489.0
135,HLA-A11:01,21405.74,ANZ78847,VNTSYSVVVQP,135,490.0
14,HLA-A11:01,21451.52,ANZ78847,VIGDLKCPLDS,14,491.0
263,HLA-A11:01,21468.85,ANZ78847,RNIGFTLEYWV,263,492.0
555,HLA-A11:01,21493.71,ANZ78847,GIGEHCSGLAV,555,493.0
49,HLA-A11:01,21530.97,ANZ78847,GLGTYYVLDRV,49,494.0
3,HLA-A11:01,21539.14,ANZ78847,ILLISLPTAFA,3,495.0
1018,HLA-A11:01,21595.42,ANZ78847,AFNNALDAIQE,1018,496.0
501,HLA-A11:01,21599.16,ANZ78847,KSNSSLCVGSG,501,497.0
116,HLA-A11:01,21607.2,ANZ78847,FKDGVMYSEFP,116,498.0
702,HLA-A11:01,21607.73,ANZ78847,FRNIKCNYVFN,702,499.0
1054,HLA-A11:01,21609.99,ANZ78847,LLQQLSNRFGA,1054,500.0
1219,HLA-A11:01,21618.44,ANZ78847,CAVNYTKAPYV,1219,501.0
1111,HLA-A11:01,21626.84,ANZ78847,KFSAAQAMEKV,1111,502.0
378,HLA-A11:01,21627.68,ANZ78847,IQADSFTCNNI,378,503.0
1287,HLA-A11:01,21628.59,ANZ78847,QSYINLKDIGT,1287,504.0
1301,HLA-A11:01,21639.86,ANZ78847,YVKWPWYVWLL,1301,505.0
269,HLA-A11:01,21673.49,ANZ78847,LEYWVTPLTSR,269,506.0
868,HLA-A11:01,21677.54,ANZ78847,ANSLMNGVTLS,868,507.0
66,HLA-A11:01,21692.25,ANZ78847,FLNGYYPTSGS,66,508.0
976,HLA-A11:01,21695.37,ANZ78847,ASLFPPWTAAA,976,509.0
652,HLA-A11:01,21708.03,ANZ78847,NSWQNLLYDSN,652,510.0
1229,HLA-A11:01,21724.8,ANZ78847,VMLNTSIPNLP,1229,511.0
797,HLA-A11:01,21732.89,ANZ78847,EIQIPSDFTIG,797,512.0
137,HLA-A11:01,21803.32,ANZ78847,TSYSVVVQPRT,137,513.0
240,HLA-A11:01,21811.33,ANZ78847,LFNVYLGMALS,240,514.0
1067,HLA-A11:01,21832.31,ANZ78847,SSLQEILSRLD,1067,515.0
1264,HLA-A11:01,21851.91,ANZ78847,INVTFLDLQVE,1264,516.0
952,HLA-A11:01,21859.01,ANZ78847,KGIKVLPPLLS,952,517.0
394,HLA-A11:01,21889.54,ANZ78847,YGMCFSSITID,394,518.0
1321,HLA-A11:01,21903.49,ANZ78847,VLLFFICCCTG,1321,519.0
44,HLA-A11:01,21912.62,ANZ78847,VDVTNGLGTYY,44,520.0
1318,HLA-A11:01,21932.32,ANZ78847,AMLVLLFFICC,1318,521.0
812,HLA-A11:01,21998.22,ANZ78847,FIQTSSPKVTI,812,522.0
831,HLA-A11:01,22002.32,ANZ78847,DYAACKSQLVE,831,523.0
383,HLA-A11:01,22031.36,ANZ78847,FTCNNIDAAKI,383,524.0
28,HLA-A11:01,22041.0,ANZ78847,SLNNIDTGPPS,28,525.0
677,HLA-A11:01,22049.06,ANZ78847,FMIRSCYSGRV,677,526.0
379,HLA-A11:01,22049.19,ANZ78847,QADSFTCNNID,379,527.0
939,HLA-A11:01,22053.77,ANZ78847,GAEIRDLICVQ,939,528.0
871,HLA-A11:01,22075.08,ANZ78847,LMNGVTLSTKL,871,529.0
876,HLA-A11:01,22094.24,ANZ78847,TLSTKLKDGVN,876,530.0
179,HLA-A11:01,22133.93,ANZ78847,CHPNLGNHFKE,179,531.0
610,HLA-A11:01,22156.05,ANZ78847,GLTCSTDLQKA,610,532.0
200,HLA-A11:01,22171.88,ANZ78847,CLYKRNFTYDV,200,533.0
15,HLA-A11:01,22173.33,ANZ78847,IGDLKCPLDSR,15,534.0
975,HLA-A11:01,22193.53,ANZ78847,SASLFPPWTAA,975,535.0
792,HLA-A11:01,22200.98,ANZ78847,VGGLYEIQIPS,792,536.0
1000,HLA-A11:01,22206.81,ANZ78847,GLGVTMDVLSQ,1000,537.0
118,HLA-A11:01,22223.64,ANZ78847,DGVMYSEFPAI,118,538.0
323,HLA-A11:01,22230.2,ANZ78847,GYTVQPIADVY,323,539.0
249,HLA-A11:01,22259.11,ANZ78847,LSHYYVMPLTC,249,540.0
273,HLA-A11:01,22298.66,ANZ78847,VTPLTSRQYLL,273,541.0
345,HLA-A11:01,22314.23,ANZ78847,EAWLNDKSVPS,345,542.0
523,HLA-A11:01,22323.76,ANZ78847,AGTNYLTCHNL,523,543.0
340,HLA-A11:01,22350.63,ANZ78847,PNCNIEAWLND,340,544.0
611,HLA-A11:01,22372.5,ANZ78847,LTCSTDLQKAN,611,545.0
410,HLA-A11:01,22392.45,ANZ78847,NGRKVDLQLGN,410,546.0
1058,HLA-A11:01,22437.57,ANZ78847,LSNRFGAISSS,1058,547.0
117,HLA-A11:01,22438.0,ANZ78847,KDGVMYSEFPA,117,548.0
623,HLA-A11:01,22464.13,ANZ78847,DIKLGVCVNYD,623,549.0
680,HLA-A11:01,22466.15,ANZ78847,RSCYSGRVSAA,680,550.0
221,HLA-A11:01,22476.36,ANZ78847,QEGGTFYAYFT,221,551.0
119,HLA-A11:01,22480.24,ANZ78847,GVMYSEFPAIT,119,552.0
1131,HLA-A11:01,22489.16,ANZ78847,RINFCGNGNHI,1131,553.0
201,HLA-A11:01,22493.78,ANZ78847,LYKRNFTYDVN,201,554.0
847,HLA-A11:01,22504.7,ANZ78847,DNINAILTEVN,847,555.0
838,HLA-A11:01,22607.16,ANZ78847,QLVEYGSFCDN,838,556.0
469,HLA-A11:01,22666.87,ANZ78847,SVFKPQPAGVL,469,557.0
1262,HLA-A11:01,22732.12,ANZ78847,DYINVTFLDLQ,1262,558.0
756,HLA-A11:01,22777.09,ANZ78847,VDYSKNRRSRR,756,559.0
76,HLA-A11:01,22777.97,ANZ78847,STYRNMALKGT,76,560.0
906,HLA-A11:01,22799.68,ANZ78847,SKASSRSAIED,906,561.0
251,HLA-A11:01,22863.48,ANZ78847,HYYVMPLTCIS,251,562.0
133,HLA-A11:01,22865.9,ANZ78847,TFVNTSYSVVV,133,563.0
709,HLA-A11:01,22916.0,ANZ78847,YVFNNSLTRQL,709,564.0
398,HLA-A11:01,22924.24,ANZ78847,FSSITIDKFAI,398,565.0
733,HLA-A11:01,22927.3,ANZ78847,VNAYNSTAISV,733,566.0
595,HLA-A11:01,22984.68,ANZ78847,KCNIFANLILH,595,567.0
297,HLA-A11:01,22985.74,ANZ78847,CMSDFMSEIKC,297,568.0
120,HLA-A11:01,23042.82,ANZ78847,VMYSEFPAITI,120,569.0
1252,HLA-A11:01,23070.71,ANZ78847,QTSVAPDLALD,1252,570.0
1341,HLA-A11:01,23071.76,ANZ78847,GGCCDDYTGYQ,1341,571.0
813,HLA-A11:01,23073.97,ANZ78847,IQTSSPKVTID,813,572.0
788,HLA-A11:01,23083.51,ANZ78847,SLEPVGGLYEI,788,573.0
1307,HLA-A11:01,23094.89,ANZ78847,YVWLLICLAGV,1307,574.0
293,HLA-A11:01,23102.96,ANZ78847,NAVDCMSDFMS,293,575.0
315,HLA-A11:01,23110.84,ANZ78847,PTGVYELNGYT,315,576.0
448,HLA-A11:01,23131.31,ANZ78847,NVSVSRFNPST,448,577.0
557,HLA-A11:01,23160.62,ANZ78847,GEHCSGLAVKS,557,578.0
1342,HLA-A11:01,23161.54,ANZ78847,GCCDDYTGYQE,1342,579.0
1012,HLA-A11:01,23177.32,ANZ78847,QKLIANAFNNA,1012,580.0
948,HLA-A11:01,23219.25,ANZ78847,VQSYKGIKVLP,948,581.0
1077,HLA-A11:01,23247.99,ANZ78847,DALEAEAQIDR,1077,582.0
816,HLA-A11:01,23250.99,ANZ78847,SSPKVTIDCAA,816,583.0
25,HLA-A11:01,23263.54,ANZ78847,RTGSLNNIDTG,25,584.0
1014,HLA-A11:01,23273.4,ANZ78847,LIANAFNNALD,1014,585.0
100,HLA-A11:01,23304.84,ANZ78847,SDFINGIFAKV,100,586.0
977,HLA-A11:01,23309.51,ANZ78847,SLFPPWTAAAG,977,587.0
415,HLA-A11:01,23312.82,ANZ78847,DLQLGNLGYLQ,415,588.0
1107,HLA-A11:01,23319.39,ANZ78847,STLVKFSAAQA,1107,589.0
1010,HLA-A11:01,23361.79,ANZ78847,QNQKLIANAFN,1010,590.0
473,HLA-A11:01,23389.09,ANZ78847,PQPAGVLTNHD,473,591.0
155,HLA-A11:01,23426.02,ANZ78847,VNKLQGLLEVS,155,592.0
1024,HLA-A11:01,23431.16,ANZ78847,DAIQEGFDATN,1024,593.0
170,HLA-A11:01,23493.38,ANZ78847,NMCEYPHTICH,170,594.0
356,HLA-A11:01,23497.54,ANZ78847,PLNWERKTFSN,356,595.0
1080,HLA-A11:01,23524.44,ANZ78847,EAEAQIDRLIN,1080,596.0
1006,HLA-A11:01,23529.0,ANZ78847,DVLSQNQKLIA,1006,597.0
227,HLA-A11:01,23539.26,ANZ78847,YAYFTDTGVVT,227,598.0
321,HLA-A11:01,23548.05,ANZ78847,LNGYTVQPIAD,321,599.0
225,HLA-A11:01,23554.26,ANZ78847,TFYAYFTDTGV,225,600.0
1095,HLA-A11:01,23559.01,ANZ78847,ALNAYVSQQLS,1095,601.0
905,HLA-A11:01,23568.89,ANZ78847,CSKASSRSAIE,905,602.0
1031,HLA-A11:01,23572.81,ANZ78847,DATNSALVKIQ,1031,603.0
279,HLA-A11:01,23585.38,ANZ78847,RQYLLAFNQDG,279,604.0
566,HLA-A11:01,23640.09,ANZ78847,KSDYCGGNPCT,566,605.0
598,HLA-A11:01,23647.68,ANZ78847,IFANLILHDVN,598,606.0
1317,HLA-A11:01,23650.52,ANZ78847,VAMLVLLFFIC,1317,607.0
1015,HLA-A11:01,23690.04,ANZ78847,IANAFNNALDA,1015,608.0
299,HLA-A11:01,23704.26,ANZ78847,SDFMSEIKCKT,299,609.0
1202,HLA-A11:01,23708.91,ANZ78847,YYYPEPITENN,1202,610.0
999,HLA-A11:01,23709.49,ANZ78847,NGLGVTMDVLS,999,611.0
375,HLA-A11:01,23725.08,ANZ78847,MSFIQADSFTC,375,612.0
4,HLA-A11:01,23747.26,ANZ78847,LLISLPTAFAV,4,613.0
407,HLA-A11:01,23757.08,ANZ78847,AIPNGRKVDLQ,407,614.0
121,HLA-A11:01,23773.6,ANZ78847,MYSEFPAITIG,121,615.0
139,HLA-A11:01,23785.01,ANZ78847,YSVVVQPRTIN,139,616.0
553,HLA-A11:01,23810.06,ANZ78847,LVGIGEHCSGL,553,617.0
1026,HLA-A11:01,23822.01,ANZ78847,IQEGFDATNSA,1026,618.0
719,HLA-A11:01,23830.18,ANZ78847,LQPINYFDSYL,719,619.0
724,HLA-A11:01,23836.99,ANZ78847,YFDSYLGCVVN,724,620.0
1124,HLA-A11:01,23875.11,ANZ78847,CVKSQSSRINF,1124,621.0
1045,HLA-A11:01,23885.44,ANZ78847,NANAEALNNLL,1045,622.0
1201,HLA-A11:01,23886.28,ANZ78847,GYYYPEPITEN,1201,623.0
946,HLA-A11:01,23912.67,ANZ78847,ICVQSYKGIKV,946,624.0
213,HLA-A11:01,23919.57,ANZ78847,TYLYFHFYQEG,213,625.0
524,HLA-A11:01,23936.35,ANZ78847,GTNYLTCHNLC,524,626.0
1070,HLA-A11:01,23937.25,ANZ78847,QEILSRLDALE,1070,627.0
933,HLA-A11:01,23945.75,ANZ78847,YNNCTGGAEIR,933,628.0
267,HLA-A11:01,23965.55,ANZ78847,FTLEYWVTPLT,267,629.0
430,HLA-A11:01,24073.21,ANZ78847,RIDTTATSCQL,430,630.0
26,HLA-A11:01,24077.65,ANZ78847,TGSLNNIDTGP,26,631.0
196,HLA-A11:01,24094.12,ANZ78847,GVVSCLYKRNF,196,632.0
729,HLA-A11:01,24113.98,ANZ78847,LGCVVNAYNST,729,633.0
852,HLA-A11:01,24121.27,ANZ78847,ILTEVNELLDT,852,634.0
1072,HLA-A11:01,24142.31,ANZ78847,ILSRLDALEAE,1072,635.0
974,HLA-A11:01,24154.92,ANZ78847,TSASLFPPWTA,974,636.0
874,HLA-A11:01,24159.0,ANZ78847,GVTLSTKLKDG,874,637.0
1022,HLA-A11:01,24165.75,ANZ78847,ALDAIQEGFDA,1022,638.0
439,HLA-A11:01,24178.91,ANZ78847,QLYYNLPAANV,439,639.0
777,HLA-A11:01,24184.51,ANZ78847,FEPFTVNSVND,777,640.0
509,HLA-A11:01,24186.71,ANZ78847,GSGPGKNNGIG,509,641.0
1305,HLA-A11:01,24222.45,ANZ78847,PWYVWLLICLA,1305,642.0
941,HLA-A11:01,24225.88,ANZ78847,EIRDLICVQSY,941,643.0
815,HLA-A11:01,24226.12,ANZ78847,TSSPKVTIDCA,815,644.0
268,HLA-A11:01,24230.19,ANZ78847,TLEYWVTPLTS,268,645.0
738,HLA-A11:01,24258.72,ANZ78847,STAISVQTCDL,738,646.0
272,HLA-A11:01,24260.41,ANZ78847,WVTPLTSRQYL,272,647.0
1093,HLA-A11:01,24263.91,ANZ78847,LTALNAYVSQQ,1093,648.0
189,HLA-A11:01,24272.2,ANZ78847,ELWHMDTGVVS,189,649.0
339,HLA-A11:01,24281.88,ANZ78847,LPNCNIEAWLN,339,650.0
54,HLA-A11:01,24295.73,ANZ78847,YVLDRVYLNTT,54,651.0
374,HLA-A11:01,24300.7,ANZ78847,LMSFIQADSFT,374,652.0
901,HLA-A11:01,24301.26,ANZ78847,LGSECSKASSR,901,653.0
499,HLA-A11:01,24312.07,ANZ78847,PCKSNSSLCVG,499,654.0
725,HLA-A11:01,24395.55,ANZ78847,FDSYLGCVVNA,725,655.0
1068,HLA-A11:01,24412.11,ANZ78847,SLQEILSRLDA,1068,656.0
552,HLA-A11:01,24439.04,ANZ78847,SLVGIGEHCSG,552,657.0
502,HLA-A11:01,24451.11,ANZ78847,SNSSLCVGSGP,502,658.0
685,HLA-A11:01,24466.08,ANZ78847,GRVSAAFHANS,685,659.0
819,HLA-A11:01,24493.87,ANZ78847,KVTIDCAAFVC,819,660.0
393,HLA-A11:01,24516.53,ANZ78847,IYGMCFSSITI,393,661.0
238,HLA-A11:01,24554.95,ANZ78847,KFLFNVYLGMA,238,662.0
10,HLA-A11:01,24610.68,ANZ78847,TAFAVIGDLKC,10,663.0
824,HLA-A11:01,24615.02,ANZ78847,CAAFVCGDYAA,824,664.0
688,HLA-A11:01,24629.15,ANZ78847,SAAFHANSSEP,688,665.0
994,HLA-A11:01,24653.17,ANZ78847,VQYRINGLGVT,994,666.0
1315,HLA-A11:01,24669.38,ANZ78847,AGVAMLVLLFF,1315,667.0
143,HLA-A11:01,24712.81,ANZ78847,VQPRTINSTQD,143,668.0
678,HLA-A11:01,24725.79,ANZ78847,MIRSCYSGRVS,678,669.0
862,HLA-A11:01,24742.34,ANZ78847,TTQLQVANSLM,862,670.0
866,HLA-A11:01,24742.72,ANZ78847,QVANSLMNGVT,866,671.0
1350,HLA-A11:01,24773.81,ANZ78847,YQELVIKTSHD,1350,672.0
1073,HLA-A11:01,24846.32,ANZ78847,LSRLDALEAEA,1073,673.0
1324,HLA-A11:01,24857.14,ANZ78847,FFICCCTGCGT,1324,674.0
65,HLA-A11:01,24862.32,ANZ78847,LFLNGYYPTSG,65,675.0
888,HLA-A11:01,24867.8,ANZ78847,NVDDINFSSVL,888,676.0
860,HLA-A11:01,24895.31,ANZ78847,LDTTQLQVANS,860,677.0
960,HLA-A11:01,24908.12,ANZ78847,LLSENQISGYT,960,678.0
257,HLA-A11:01,24910.36,ANZ78847,LTCISRRNIGF,257,679.0
839,HLA-A11:01,24930.84,ANZ78847,LVEYGSFCDNI,839,680.0
366,HLA-A11:01,24938.97,ANZ78847,NCNFNMSSLMS,366,681.0
1348,HLA-A11:01,24944.88,ANZ78847,TGYQELVIKTS,1348,682.0
175,HLA-A11:01,24955.07,ANZ78847,PHTICHPNLGN,175,683.0
1280,HLA-A11:01,24955.81,ANZ78847,EAIKVLNQSYI,1280,684.0
967,HLA-A11:01,24975.63,ANZ78847,SGYTLAATSAS,967,685.0
666,HLA-A11:01,24979.67,ANZ78847,YGFRDYLTNRT,666,686.0
927,HLA-A11:01,24990.35,ANZ78847,VGFVAAYNNCT,927,687.0
859,HLA-A11:01,25010.21,ANZ78847,LLDTTQLQVAN,859,688.0
713,HLA-A11:01,25043.73,ANZ78847,NSLTRQLQPIN,713,689.0
1314,HLA-A11:01,25064.82,ANZ78847,LAGVAMLVLLF,1314,690.0
810,HLA-A11:01,25088.3,ANZ78847,EEFIQTSSPKV,810,691.0
392,HLA-A11:01,25092.94,ANZ78847,KIYGMCFSSIT,392,692.0
177,HLA-A11:01,25098.48,ANZ78847,TICHPNLGNHF,177,693.0
843,HLA-A11:01,25098.51,ANZ78847,GSFCDNINAIL,843,694.0
934,HLA-A11:01,25127.01,ANZ78847,NNCTGGAEIRD,934,695.0
57,HLA-A11:01,25130.12,ANZ78847,DRVYLNTTLFL,57,696.0
963,HLA-A11:01,25144.28,ANZ78847,ENQISGYTLAA,963,697.0
500,HLA-A11:01,25145.37,ANZ78847,CKSNSSLCVGS,500,698.0
278,HLA-A11:01,25199.46,ANZ78847,SRQYLLAFNQD,278,699.0
886,HLA-A11:01,25200.99,ANZ78847,NFNVDDINFSS,886,700.0
1241,HLA-A11:01,25205.15,ANZ78847,FREELDQWFKN,1241,701.0
695,HLA-A11:01,25208.09,ANZ78847,SSEPALLFRNI,695,702.0
346,HLA-A11:01,25221.85,ANZ78847,AWLNDKSVPSP,346,703.0
603,HLA-A11:01,25251.93,ANZ78847,ILHDVNSGLTC,603,704.0
590,HLA-A11:01,25254.2,ANZ78847,CLQGDKCNIFA,590,705.0
1017,HLA-A11:01,25256.77,ANZ78847,NAFNNALDAIQ,1017,706.0
1182,HLA-A11:01,25266.62,ANZ78847,APKSGYFVNVN,1182,707.0
237,HLA-A11:01,25281.42,ANZ78847,TKFLFNVYLGM,237,708.0
1090,HLA-A11:01,25308.46,ANZ78847,NGRLTALNAYV,1090,709.0
1207,HLA-A11:01,25313.38,ANZ78847,PITENNVVVMS,1207,710.0
845,HLA-A11:01,25342.51,ANZ78847,FCDNINAILTE,845,711.0
715,HLA-A11:01,25363.47,ANZ78847,LTRQLQPINYF,715,712.0
503,HLA-A11:01,25386.09,ANZ78847,NSSLCVGSGPG,503,713.0
158,HLA-A11:01,25390.0,ANZ78847,LQGLLEVSVCQ,158,714.0
1248,HLA-A11:01,25402.31,ANZ78847,WFKNQTSVAPD,1248,715.0
997,HLA-A11:01,25450.14,ANZ78847,RINGLGVTMDV,997,716.0
94,HLA-A11:01,25453.7,ANZ78847,FKPPFLSDFIN,94,717.0
1310,HLA-A11:01,25461.84,ANZ78847,LLICLAGVAML,1310,718.0
442,HLA-A11:01,25467.17,ANZ78847,YNLPAANVSVS,442,719.0
884,HLA-A11:01,25468.06,ANZ78847,GVNFNVDDINF,884,720.0
594,HLA-A11:01,25524.83,ANZ78847,DKCNIFANLIL,594,721.0
735,HLA-A11:01,25525.17,ANZ78847,AYNSTAISVQT,735,722.0
739,HLA-A11:01,25564.68,ANZ78847,TAISVQTCDLT,739,723.0
368,HLA-A11:01,25593.06,ANZ78847,NFNMSSLMSFI,368,724.0
1102,HLA-A11:01,25596.87,ANZ78847,QQLSDSTLVKF,1102,725.0
582,HLA-A11:01,25622.68,ANZ78847,FLGWSADSCLQ,582,726.0
651,HLA-A11:01,25653.14,ANZ78847,YNSWQNLLYDS,651,727.0
597,HLA-A11:01,25669.26,ANZ78847,NIFANLILHDV,597,728.0
1308,HLA-A11:01,25685.08,ANZ78847,VWLLICLAGVA,1308,729.0
767,HLA-A11:01,25699.31,ANZ78847,AITTGYRFTNF,767,730.0
295,HLA-A11:01,25700.41,ANZ78847,VDCMSDFMSEI,295,731.0
1138,HLA-A11:01,25700.68,ANZ78847,GNHIISLVQNA,1138,732.0
692,HLA-A11:01,25709.39,ANZ78847,HANSSEPALLF,692,733.0
661,HLA-A11:01,25758.4,ANZ78847,SNGNLYGFRDY,661,734.0
915,HLA-A11:01,25765.75,ANZ78847,EDLLFDKVKLS,915,735.0
542,HLA-A11:01,25765.81,ANZ78847,TGPYKCPQSKS,542,736.0
755,HLA-A11:01,25768.07,ANZ78847,CVDYSKNRRSR,755,737.0
841,HLA-A11:01,25779.21,ANZ78847,EYGSFCDNINA,841,738.0
883,HLA-A11:01,25794.02,ANZ78847,DGVNFNVDDIN,883,739.0
1276,HLA-A11:01,25831.08,ANZ78847,NRLQEAIKVLN,1276,740.0
645,HLA-A11:01,25834.79,ANZ78847,EVNATYYNSWQ,645,741.0
602,HLA-A11:01,25835.79,ANZ78847,LILHDVNSGLT,602,742.0
1323,HLA-A11:01,25840.26,ANZ78847,LFFICCCTGCG,1323,743.0
710,HLA-A11:01,25848.1,ANZ78847,VFNNSLTRQLQ,710,744.0
910,HLA-A11:01,25848.53,ANZ78847,SRSAIEDLLFD,910,745.0
966,HLA-A11:01,25866.73,ANZ78847,ISGYTLAATSA,966,746.0
440,HLA-A11:01,25900.63,ANZ78847,LYYNLPAANVS,440,747.0
571,HLA-A11:01,25903.73,ANZ78847,GGNPCTCQPQA,571,748.0
608,HLA-A11:01,25917.12,ANZ78847,NSGLTCSTDLQ,608,749.0
965,HLA-A11:01,25979.38,ANZ78847,QISGYTLAATS,965,750.0
1167,HLA-A11:01,26000.4,ANZ78847,AKVSPGLCIAG,1167,751.0
682,HLA-A11:01,26019.01,ANZ78847,CYSGRVSAAFH,682,752.0
286,HLA-A11:01,26022.46,ANZ78847,NQDGIIFNAVD,286,753.0
1030,HLA-A11:01,26046.97,ANZ78847,FDATNSALVKI,1030,754.0
549,HLA-A11:01,26063.98,ANZ78847,QSKSLVGIGEH,549,755.0
109,HLA-A11:01,26083.04,ANZ78847,KVKNTKVFKDG,109,756.0
1106,HLA-A11:01,26103.79,ANZ78847,DSTLVKFSAAQ,1106,757.0
1056,HLA-A11:01,26143.48,ANZ78847,QQLSNRFGAIS,1056,758.0
217,HLA-A11:01,26164.68,ANZ78847,FHFYQEGGTFY,217,759.0
1096,HLA-A11:01,26171.09,ANZ78847,LNAYVSQQLSD,1096,760.0
969,HLA-A11:01,26174.51,ANZ78847,YTLAATSASLF,969,761.0
27,HLA-A11:01,26185.91,ANZ78847,GSLNNIDTGPP,27,762.0
1295,HLA-A11:01,26191.35,ANZ78847,IGTYEYYVKWP,1295,763.0
514,HLA-A11:01,26192.6,ANZ78847,KNNGIGTCPAG,514,764.0
879,HLA-A11:01,26212.74,ANZ78847,TKLKDGVNFNV,879,765.0
538,HLA-A11:01,26271.61,ANZ78847,PITFTGPYKCP,538,766.0
20,HLA-A11:01,26273.91,ANZ78847,CPLDSRTGSLN,20,767.0
930,HLA-A11:01,26293.82,ANZ78847,VAAYNNCTGGA,930,768.0
172,HLA-A11:01,26307.59,ANZ78847,CEYPHTICHPN,172,769.0
1288,HLA-A11:01,26313.23,ANZ78847,SYINLKDIGTY,1288,770.0
782,HLA-A11:01,26324.34,ANZ78847,VNSVNDSLEPV,782,771.0
161,HLA-A11:01,26364.1,ANZ78847,LLEVSVCQYNM,161,772.0
731,HLA-A11:01,26380.8,ANZ78847,CVVNAYNSTAI,731,773.0
37,HLA-A11:01,26380.99,ANZ78847,PSISTATVDVT,37,774.0
943,HLA-A11:01,26381.84,ANZ78847,RDLICVQSYKG,943,775.0
577,HLA-A11:01,26404.67,ANZ78847,CQPQAFLGWSA,577,776.0
1225,HLA-A11:01,26425.31,ANZ78847,KAPYVMLNTSI,1225,777.0
822,HLA-A11:01,26440.51,ANZ78847,IDCAAFVCGDY,822,778.0
1210,HLA-A11:01,26441.43,ANZ78847,ENNVVVMSTCA,1210,779.0
350,HLA-A11:01,26443.35,ANZ78847,DKSVPSPLNWE,350,780.0
1083,HLA-A11:01,26459.73,ANZ78847,AQIDRLINGRL,1083,781.0
534,HLA-A11:01,26470.88,ANZ78847,CNPDPITFTGP,534,782.0
528,HLA-A11:01,26473.02,ANZ78847,LTCHNLCNPDP,528,783.0
770,HLA-A11:01,26477.99,ANZ78847,TGYRFTNFEPF,770,784.0
1142,HLA-A11:01,26492.87,ANZ78847,ISLVQNAPYGL,1142,785.0
814,HLA-A11:01,26529.81,ANZ78847,QTSSPKVTIDC,814,786.0
182,HLA-A11:01,26557.19,ANZ78847,NLGNHFKELWH,182,787.0
360,HLA-A11:01,26577.32,ANZ78847,ERKTFSNCNFN,360,788.0
1060,HLA-A11:01,26607.93,ANZ78847,NRFGAISSSLQ,1060,789.0
304,HLA-A11:01,26621.79,ANZ78847,EIKCKTQSIAP,304,790.0
834,HLA-A11:01,26626.27,ANZ78847,ACKSQLVEYGS,834,791.0
532,HLA-A11:01,26668.0,ANZ78847,NLCNPDPITFT,532,792.0
962,HLA-A11:01,26735.48,ANZ78847,SENQISGYTLA,962,793.0
256,HLA-A11:01,26741.83,ANZ78847,PLTCISRRNIG,256,794.0
1049,HLA-A11:01,26744.09,ANZ78847,EALNNLLQQLS,1049,795.0
1224,HLA-A11:01,26764.04,ANZ78847,TKAPYVMLNTS,1224,796.0
1271,HLA-A11:01,26773.14,ANZ78847,LQVEMNRLQEA,1271,797.0
653,HLA-A11:01,26775.51,ANZ78847,SWQNLLYDSNG,653,798.0
605,HLA-A11:01,26799.11,ANZ78847,HDVNSGLTCST,605,799.0
1198,HLA-A11:01,26820.86,ANZ78847,TGSGYYYPEPI,1198,800.0
1336,HLA-A11:01,26824.76,ANZ78847,CFKKCGGCCDD,1336,801.0
823,HLA-A11:01,26848.43,ANZ78847,DCAAFVCGDYA,823,802.0
630,HLA-A11:01,26852.13,ANZ78847,VNYDLYGISGQ,630,803.0
399,HLA-A11:01,26852.31,ANZ78847,SSITIDKFAIP,399,804.0
1282,HLA-A11:01,26876.37,ANZ78847,IKVLNQSYINL,1282,805.0
1084,HLA-A11:01,26886.71,ANZ78847,QIDRLINGRLT,1084,806.0
1135,HLA-A11:01,26895.81,ANZ78847,CGNGNHIISLV,1135,807.0
205,HLA-A11:01,26933.92,ANZ78847,NFTYDVNATYL,205,808.0
1274,HLA-A11:01,26940.81,ANZ78847,EMNRLQEAIKV,1274,809.0
73,HLA-A11:01,26948.99,ANZ78847,TSGSTYRNMAL,73,810.0
990,HLA-A11:01,26953.7,ANZ78847,FYLNVQYRING,990,811.0
940,HLA-A11:01,26963.01,ANZ78847,AEIRDLICVQS,940,812.0
938,HLA-A11:01,26976.16,ANZ78847,GGAEIRDLICV,938,813.0
35,HLA-A11:01,26983.43,ANZ78847,GPPSISTATVD,35,814.0
1306,HLA-A11:01,27000.12,ANZ78847,WYVWLLICLAG,1306,815.0
72,HLA-A11:01,27008.41,ANZ78847,PTSGSTYRNMA,72,816.0
620,HLA-A11:01,27018.49,ANZ78847,ANTDIKLGVCV,620,817.0
961,HLA-A11:01,27026.13,ANZ78847,LSENQISGYTL,961,818.0
314,HLA-A11:01,27026.64,ANZ78847,PPTGVYELNGY,314,819.0
554,HLA-A11:01,27033.73,ANZ78847,VGIGEHCSGLA,554,820.0
1115,HLA-A11:01,27035.64,ANZ78847,AQAMEKVNECV,1115,821.0
545,HLA-A11:01,27050.94,ANZ78847,YKCPQSKSLVG,545,822.0
853,HLA-A11:01,27051.83,ANZ78847,LTEVNELLDTT,853,823.0
495,HLA-A11:01,27053.91,ANZ78847,KNFCPCKSNSS,495,824.0
865,HLA-A11:01,27062.54,ANZ78847,LQVANSLMNGV,865,825.0
956,HLA-A11:01,27084.94,ANZ78847,VLPPLLSENQI,956,826.0
426,HLA-A11:01,27110.6,ANZ78847,SFNYRIDTTAT,426,827.0
5,HLA-A11:01,27119.93,ANZ78847,LISLPTAFAVI,5,828.0
698,HLA-A11:01,27146.49,ANZ78847,PALLFRNIKCN,698,829.0
1211,HLA-A11:01,27154.34,ANZ78847,NNVVVMSTCAV,1211,830.0
1044,HLA-A11:01,27161.8,ANZ78847,VNANAEALNNL,1044,831.0
858,HLA-A11:01,27165.04,ANZ78847,ELLDTTQLQVA,858,832.0
900,HLA-A11:01,27166.39,ANZ78847,CLGSECSKASS,900,833.0
230,HLA-A11:01,27170.21,ANZ78847,FTDTGVVTKFL,230,834.0
628,HLA-A11:01,27170.62,ANZ78847,VCVNYDLYGIS,628,835.0
721,HLA-A11:01,27171.75,ANZ78847,PINYFDSYLGC,721,836.0
372,HLA-A11:01,27196.26,ANZ78847,SSLMSFIQADS,372,837.0
887,HLA-A11:01,27212.46,ANZ78847,FNVDDINFSSV,887,838.0
271,HLA-A11:01,27241.03,ANZ78847,YWVTPLTSRQY,271,839.0
720,HLA-A11:01,27262.67,ANZ78847,QPINYFDSYLG,720,840.0
991,HLA-A11:01,27264.37,ANZ78847,YLNVQYRINGL,991,841.0
1292,HLA-A11:01,27296.91,ANZ78847,LKDIGTYEYYV,1292,842.0
301,HLA-A11:01,27307.9,ANZ78847,FMSEIKCKTQS,301,843.0
928,HLA-A11:01,27324.32,ANZ78847,GFVAAYNNCTG,928,844.0
41,HLA-A11:01,27326.14,ANZ78847,TATVDVTNGLG,41,845.0
790,HLA-A11:01,27330.0,ANZ78847,EPVGGLYEIQI,790,846.0
973,HLA-A11:01,27333.85,ANZ78847,ATSASLFPPWT,973,847.0
908,HLA-A11:01,27346.09,ANZ78847,ASSRSAIEDLL,908,848.0
425,HLA-A11:01,27362.96,ANZ78847,QSFNYRIDTTA,425,849.0
775,HLA-A11:01,27371.85,ANZ78847,TNFEPFTVNSV,775,850.0
604,HLA-A11:01,27387.51,ANZ78847,LHDVNSGLTCS,604,851.0
1105,HLA-A11:01,27395.15,ANZ78847,SDSTLVKFSAA,1105,852.0
470,HLA-A11:01,27404.88,ANZ78847,VFKPQPAGVLT,470,853.0
789,HLA-A11:01,27406.57,ANZ78847,LEPVGGLYEIQ,789,854.0
560,HLA-A11:01,27414.43,ANZ78847,CSGLAVKSDYC,560,855.0
1081,HLA-A11:01,27416.46,ANZ78847,AEAQIDRLING,1081,856.0
662,HLA-A11:01,27440.86,ANZ78847,NGNLYGFRDYL,662,857.0
918,HLA-A11:01,27496.92,ANZ78847,LFDKVKLSDVG,918,858.0
806,HLA-A11:01,27497.31,ANZ78847,IGNMEEFIQTS,806,859.0
889,HLA-A11:01,27506.89,ANZ78847,VDDINFSSVLG,889,860.0
1075,HLA-A11:01,27515.85,ANZ78847,RLDALEAEAQI,1075,861.0
881,HLA-A11:01,27597.93,ANZ78847,LKDGVNFNVDD,881,862.0
12,HLA-A11:01,27619.34,ANZ78847,FAVIGDLKCPL,12,863.0
468,HLA-A11:01,27627.33,ANZ78847,DSVFKPQPAGV,468,864.0
562,HLA-A11:01,27653.2,ANZ78847,GLAVKSDYCGG,562,865.0
771,HLA-A11:01,27671.69,ANZ78847,GYRFTNFEPFT,771,866.0
318,HLA-A11:01,27690.19,ANZ78847,VYELNGYTVQP,318,867.0
885,HLA-A11:01,27690.91,ANZ78847,VNFNVDDINFS,885,868.0
115,HLA-A11:01,27692.61,ANZ78847,VFKDGVMYSEF,115,869.0
23,HLA-A11:01,27693.6,ANZ78847,DSRTGSLNNID,23,870.0
1286,HLA-A11:01,27702.59,ANZ78847,NQSYINLKDIG,1286,871.0
535,HLA-A11:01,27718.97,ANZ78847,NPDPITFTGPY,535,872.0
634,HLA-A11:01,27727.35,ANZ78847,LYGISGQGIFV,634,873.0
706,HLA-A11:01,27739.7,ANZ78847,KCNYVFNNSLT,706,874.0
849,HLA-A11:01,27742.26,ANZ78847,INAILTEVNEL,849,875.0
1297,HLA-A11:01,27752.1,ANZ78847,TYEYYVKWPWY,1297,876.0
250,HLA-A11:01,27755.34,ANZ78847,SHYYVMPLTCI,250,877.0
1059,HLA-A11:01,27759.28,ANZ78847,SNRFGAISSSL,1059,878.0
1333,HLA-A11:01,27767.17,ANZ78847,GTSCFKKCGGC,1333,879.0
1013,HLA-A11:01,27776.73,ANZ78847,KLIANAFNNAL,1013,880.0
156,HLA-A11:01,27788.11,ANZ78847,NKLQGLLEVSV,156,881.0
1038,HLA-A11:01,27790.43,ANZ78847,VKIQAVVNANA,1038,882.0
1330,HLA-A11:01,27827.53,ANZ78847,TGCGTSCFKKC,1330,883.0
103,HLA-A11:01,27834.47,ANZ78847,INGIFAKVKNT,103,884.0
516,HLA-A11:01,27847.6,ANZ78847,NGIGTCPAGTN,516,885.0
1247,HLA-A11:01,27850.23,ANZ78847,QWFKNQTSVAP,1247,886.0
836,HLA-A11:01,27880.41,ANZ78847,KSQLVEYGSFC,836,887.0
1325,HLA-A11:01,27886.74,ANZ78847,FICCCTGCGTS,1325,888.0
358,HLA-A11:01,27905.25,ANZ78847,NWERKTFSNCN,358,889.0
266,HLA-A11:01,27908.88,ANZ78847,GFTLEYWVTPL,266,890.0
988,HLA-A11:01,27909.68,ANZ78847,VPFYLNVQYRI,988,891.0
313,HLA-A11:01,27913.14,ANZ78847,APPTGVYELNG,313,892.0
33,HLA-A11:01,27937.44,ANZ78847,DTGPPSISTAT,33,893.0
171,HLA-A11:01,27938.11,ANZ78847,MCEYPHTICHP,171,894.0
1121,HLA-A11:01,27950.9,ANZ78847,VNECVKSQSSR,1121,895.0
270,HLA-A11:01,27977.68,ANZ78847,EYWVTPLTSRQ,270,896.0
214,HLA-A11:01,28000.69,ANZ78847,YLYFHFYQEGG,214,897.0
964,HLA-A11:01,28034.42,ANZ78847,NQISGYTLAAT,964,898.0
856,HLA-A11:01,28041.39,ANZ78847,VNELLDTTQLQ,856,899.0
471,HLA-A11:01,28056.26,ANZ78847,FKPQPAGVLTN,471,900.0
1246,HLA-A11:01,28065.41,ANZ78847,DQWFKNQTSVA,1246,901.0
215,HLA-A11:01,28069.46,ANZ78847,LYFHFYQEGGT,215,902.0
959,HLA-A11:01,28080.02,ANZ78847,PLLSENQISGY,959,903.0
895,HLA-A11:01,28094.44,ANZ78847,SSVLGCLGSEC,895,904.0
494,HLA-A11:01,28106.77,ANZ78847,PKNFCPCKSNS,494,905.0
95,HLA-A11:01,28112.99,ANZ78847,KPPFLSDFING,95,906.0
1100,HLA-A11:01,28114.11,ANZ78847,VSQQLSDSTLV,1100,907.0
807,HLA-A11:01,28131.23,ANZ78847,GNMEEFIQTSS,807,908.0
892,HLA-A11:01,28146.29,ANZ78847,INFSSVLGCLG,892,909.0
1028,HLA-A11:01,28148.36,ANZ78847,EGFDATNSALV,1028,910.0
992,HLA-A11:01,28156.64,ANZ78847,LNVQYRINGLG,992,911.0
1160,HLA-A11:01,28166.9,ANZ78847,VPTKYVTAKVS,1160,912.0
265,HLA-A11:01,28199.69,ANZ78847,IGFTLEYWVTP,265,913.0
922,HLA-A11:01,28251.63,ANZ78847,VKLSDVGFVAA,922,914.0
917,HLA-A11:01,28261.0,ANZ78847,LLFDKVKLSDV,917,915.0
465,HLA-A11:01,28261.87,ANZ78847,FIEDSVFKPQP,465,916.0
1256,HLA-A11:01,28264.93,ANZ78847,APDLALDYINV,1256,917.0
391,HLA-A11:01,28294.87,ANZ78847,AKIYGMCFSSI,391,918.0
1155,HLA-A11:01,28312.99,ANZ78847,IHFSYVPTKYV,1155,919.0
1340,HLA-A11:01,28356.93,ANZ78847,CGGCCDDYTGY,1340,920.0
936,HLA-A11:01,28433.22,ANZ78847,CTGGAEIRDLI,936,921.0
867,HLA-A11:01,28449.33,ANZ78847,VANSLMNGVTL,867,922.0
11,HLA-A11:01,28476.48,ANZ78847,AFAVIGDLKCP,11,923.0
437,HLA-A11:01,28485.06,ANZ78847,SCQLYYNLPAA,437,924.0
1161,HLA-A11:01,28495.37,ANZ78847,PTKYVTAKVSP,1161,925.0
1268,HLA-A11:01,28537.7,ANZ78847,FLDLQVEMNRL,1268,926.0
909,HLA-A11:01,28563.04,ANZ78847,SSRSAIEDLLF,909,927.0
722,HLA-A11:01,28571.47,ANZ78847,INYFDSYLGCV,722,928.0
586,HLA-A11:01,28573.0,ANZ78847,SADSCLQGDKC,586,929.0
1004,HLA-A11:01,28590.82,ANZ78847,TMDVLSQNQKL,1004,930.0
22,HLA-A11:01,28602.38,ANZ78847,LDSRTGSLNNI,22,931.0
397,HLA-A11:01,28608.52,ANZ78847,CFSSITIDKFA,397,932.0
701,HLA-A11:01,28638.2,ANZ78847,LFRNIKCNYVF,701,933.0
617,HLA-A11:01,28665.99,ANZ78847,LQKANTDIKLG,617,934.0
30,HLA-A11:01,28684.21,ANZ78847,NNIDTGPPSIS,30,935.0
574,HLA-A11:01,28707.87,ANZ78847,PCTCQPQAFLG,574,936.0
1250,HLA-A11:01,28708.06,ANZ78847,KNQTSVAPDLA,1250,937.0
518,HLA-A11:01,28726.69,ANZ78847,IGTCPAGTNYL,518,938.0
890,HLA-A11:01,28756.9,ANZ78847,DDINFSSVLGC,890,939.0
157,HLA-A11:01,28763.08,ANZ78847,KLQGLLEVSVC,157,940.0
1313,HLA-A11:01,28763.76,ANZ78847,CLAGVAMLVLL,1313,941.0
1040,HLA-A11:01,28766.15,ANZ78847,IQAVVNANAEA,1040,942.0
1053,HLA-A11:01,28785.81,ANZ78847,NLLQQLSNRFG,1053,943.0
184,HLA-A11:01,28806.71,ANZ78847,GNHFKELWHMD,184,944.0
778,HLA-A11:01,28828.85,ANZ78847,EPFTVNSVNDS,778,945.0
583,HLA-A11:01,28837.54,ANZ78847,LGWSADSCLQG,583,946.0
1257,HLA-A11:01,28855.74,ANZ78847,PDLALDYINVT,1257,947.0
612,HLA-A11:01,28857.5,ANZ78847,TCSTDLQKANT,612,948.0
647,HLA-A11:01,28862.95,ANZ78847,NATYYNSWQNL,647,949.0
422,HLA-A11:01,28873.66,ANZ78847,GYLQSFNYRID,422,950.0
567,HLA-A11:01,28878.17,ANZ78847,SDYCGGNPCTC,567,951.0
1226,HLA-A11:01,28879.16,ANZ78847,APYVMLNTSIP,1226,952.0
220,HLA-A11:01,28883.18,ANZ78847,YQEGGTFYAYF,220,953.0
592,HLA-A11:01,28889.31,ANZ78847,QGDKCNIFANL,592,954.0
1097,HLA-A11:01,28903.23,ANZ78847,NAYVSQQLSDS,1097,955.0
1296,HLA-A11:01,28906.77,ANZ78847,GTYEYYVKWPW,1296,956.0
16,HLA-A11:01,28915.15,ANZ78847,GDLKCPLDSRT,16,957.0
613,HLA-A11:01,28920.38,ANZ78847,CSTDLQKANTD,613,958.0
618,HLA-A11:01,28931.29,ANZ78847,QKANTDIKLGV,618,959.0
1094,HLA-A11:01,28934.15,ANZ78847,TALNAYVSQQL,1094,960.0
385,HLA-A11:01,28935.96,ANZ78847,CNNIDAAKIYG,385,961.0
584,HLA-A11:01,28940.1,ANZ78847,GWSADSCLQGD,584,962.0
490,HLA-A11:01,28944.4,ANZ78847,CFKAPKNFCPC,490,963.0
510,HLA-A11:01,28965.83,ANZ78847,SGPGKNNGIGT,510,964.0
1279,HLA-A11:01,28973.92,ANZ78847,QEAIKVLNQSY,1279,965.0
1119,HLA-A11:01,29005.22,ANZ78847,EKVNECVKSQS,1119,966.0
302,HLA-A11:01,29015.62,ANZ78847,MSEIKCKTQSI,302,967.0
1162,HLA-A11:01,29046.08,ANZ78847,TKYVTAKVSPG,1162,968.0
746,HLA-A11:01,29073.78,ANZ78847,CDLTVGSGYCV,746,969.0
1085,HLA-A11:01,29114.85,ANZ78847,IDRLINGRLTA,1085,970.0
811,HLA-A11:01,29127.78,ANZ78847,EFIQTSSPKVT,811,971.0
537,HLA-A11:01,29134.35,ANZ78847,DPITFTGPYKC,537,972.0
950,HLA-A11:01,29134.48,ANZ78847,SYKGIKVLPPL,950,973.0
1312,HLA-A11:01,29156.59,ANZ78847,ICLAGVAMLVL,1312,974.0
614,HLA-A11:01,29159.97,ANZ78847,STDLQKANTDI,614,975.0
1319,HLA-A11:01,29165.26,ANZ78847,MLVLLFFICCC,1319,976.0
857,HLA-A11:01,29166.44,ANZ78847,NELLDTTQLQV,857,977.0
24,HLA-A11:01,29177.58,ANZ78847,SRTGSLNNIDT,24,978.0
825,HLA-A11:01,29178.17,ANZ78847,AAFVCGDYAAC,825,979.0
570,HLA-A11:01,29198.29,ANZ78847,CGGNPCTCQPQ,570,980.0
1351,HLA-A11:01,29209.69,ANZ78847,QELVIKTSHDD,1351,981.0
799,HLA-A11:01,29219.14,ANZ78847,QIPSDFTIGNM,799,982.0
1021,HLA-A11:01,29250.67,ANZ78847,NALDAIQEGFD,1021,983.0
854,HLA-A11:01,29290.53,ANZ78847,TEVNELLDTTQ,854,984.0
32,HLA-A11:01,29299.72,ANZ78847,IDTGPPSISTA,32,985.0
464,HLA-A11:01,29311.56,ANZ78847,GFIEDSVFKPQ,464,986.0
606,HLA-A11:01,29325.65,ANZ78847,DVNSGLTCSTD,606,987.0
231,HLA-A11:01,29333.18,ANZ78847,TDTGVVTKFLF,231,988.0
67,HLA-A11:01,29333.56,ANZ78847,LNGYYPTSGST,67,989.0
850,HLA-A11:01,29343.87,ANZ78847,NAILTEVNELL,850,990.0
367,HLA-A11:01,29349.09,ANZ78847,CNFNMSSLMSF,367,991.0
1303,HLA-A11:01,29361.37,ANZ78847,KWPWYVWLLIC,1303,992.0
489,HLA-A11:01,29386.76,ANZ78847,HCFKAPKNFCP,489,993.0
89,HLA-A11:01,29394.21,ANZ78847,LSTLWFKPPFL,89,994.0
87,HLA-A11:01,29412.46,ANZ78847,DKLSTLWFKPP,87,995.0
506,HLA-A11:01,29429.83,ANZ78847,LCVGSGPGKNN,506,996.0
361,HLA-A11:01,29429.89,ANZ78847,RKTFSNCNFNM,361,997.0
149,HLA-A11:01,29444.34,ANZ78847,NSTQDGVNKLQ,149,998.0
459,HLA-A11:01,29449.77,ANZ78847,WNKRFGFIEDS,459,999.0
588,HLA-A11:01,29454.22,ANZ78847,DSCLQGDKCNI,588,1000.0
803,HLA-A11:01,29455.89,ANZ78847,DFTIGNMEEFI,803,1001.0
800,HLA-A11:01,29461.43,ANZ78847,IPSDFTIGNME,800,1002.0
380,HLA-A11:01,29461.58,ANZ78847,ADSFTCNNIDA,380,1003.0
355,HLA-A11:01,29466.17,ANZ78847,SPLNWERKTFS,355,1004.0
424,HLA-A11:01,29485.59,ANZ78847,LQSFNYRIDTT,424,1005.0
1176,HLA-A11:01,29495.08,ANZ78847,AGDRGIAPKSG,1176,1006.0
957,HLA-A11:01,29515.1,ANZ78847,LPPLLSENQIS,957,1007.0
711,HLA-A11:01,29515.74,ANZ78847,FNNSLTRQLQP,711,1008.0
846,HLA-A11:01,29519.11,ANZ78847,CDNINAILTEV,846,1009.0
508,HLA-A11:01,29523.28,ANZ78847,VGSGPGKNNGI,508,1010.0
972,HLA-A11:01,29570.4,ANZ78847,AATSASLFPPW,972,1011.0
1034,HLA-A11:01,29593.73,ANZ78847,NSALVKIQAVV,1034,1012.0
520,HLA-A11:01,29596.77,ANZ78847,TCPAGTNYLTC,520,1013.0
723,HLA-A11:01,29598.16,ANZ78847,NYFDSYLGCVV,723,1014.0
487,HLA-A11:01,29616.6,ANZ78847,AQHCFKAPKNF,487,1015.0
929,HLA-A11:01,29617.15,ANZ78847,FVAAYNNCTGG,929,1016.0
88,HLA-A11:01,29638.62,ANZ78847,KLSTLWFKPPF,88,1017.0
1272,HLA-A11:01,29654.26,ANZ78847,QVEMNRLQEAI,1272,1018.0
1265,HLA-A11:01,29654.52,ANZ78847,NVTFLDLQVEM,1265,1019.0
80,HLA-A11:01,29665.18,ANZ78847,NMALKGTDKLS,80,1020.0
1023,HLA-A11:01,29717.03,ANZ78847,LDAIQEGFDAT,1023,1021.0
1062,HLA-A11:01,29723.47,ANZ78847,FGAISSSLQEI,1062,1022.0
576,HLA-A11:01,29750.29,ANZ78847,TCQPQAFLGWS,576,1023.0
791,HLA-A11:01,29760.88,ANZ78847,PVGGLYEIQIP,791,1024.0
578,HLA-A11:01,29769.93,ANZ78847,QPQAFLGWSAD,578,1025.0
760,HLA-A11:01,29777.28,ANZ78847,KNRRSRRAITT,760,1026.0
258,HLA-A11:01,29789.0,ANZ78847,TCISRRNIGFT,258,1027.0
472,HLA-A11:01,29812.11,ANZ78847,KPQPAGVLTNH,472,1028.0
989,HLA-A11:01,29845.38,ANZ78847,PFYLNVQYRIN,989,1029.0
1114,HLA-A11:01,29904.68,ANZ78847,AAQAMEKVNEC,1114,1030.0
77,HLA-A11:01,29925.51,ANZ78847,TYRNMALKGTD,77,1031.0
405,HLA-A11:01,29936.62,ANZ78847,KFAIPNGRKVD,405,1032.0
1172,HLA-A11:01,29936.9,ANZ78847,GLCIAGDRGIA,1172,1033.0
513,HLA-A11:01,29940.14,ANZ78847,GKNNGIGTCPA,513,1034.0
282,HLA-A11:01,29950.42,ANZ78847,LLAFNQDGIIF,282,1035.0
600,HLA-A11:01,29951.15,ANZ78847,ANLILHDVNSG,600,1036.0
765,HLA-A11:01,29960.28,ANZ78847,RRAITTGYRFT,765,1037.0
1016,HLA-A11:01,29974.93,ANZ78847,ANAFNNALDAI,1016,1038.0
1236,HLA-A11:01,29978.44,ANZ78847,PNLPDFREELD,1236,1039.0
861,HLA-A11:01,29979.39,ANZ78847,DTTQLQVANSL,861,1040.0
937,HLA-A11:01,29997.94,ANZ78847,TGGAEIRDLIC,937,1041.0
743,HLA-A11:01,30020.39,ANZ78847,VQTCDLTVGSG,743,1042.0
593,HLA-A11:01,30021.39,ANZ78847,GDKCNIFANLI,593,1043.0
569,HLA-A11:01,30055.82,ANZ78847,YCGGNPCTCQP,569,1044.0
559,HLA-A11:01,30093.38,ANZ78847,HCSGLAVKSDY,559,1045.0
679,HLA-A11:01,30098.45,ANZ78847,IRSCYSGRVSA,679,1046.0
842,HLA-A11:01,30098.75,ANZ78847,YGSFCDNINAI,842,1047.0
616,HLA-A11:01,30102.49,ANZ78847,DLQKANTDIKL,616,1048.0
303,HLA-A11:01,30104.97,ANZ78847,SEIKCKTQSIA,303,1049.0
926,HLA-A11:01,30105.54,ANZ78847,DVGFVAAYNNC,926,1050.0
808,HLA-A11:01,30120.65,ANZ78847,NMEEFIQTSSP,808,1051.0
202,HLA-A11:01,30121.91,ANZ78847,YKRNFTYDVNA,202,1052.0
891,HLA-A11:01,30129.34,ANZ78847,DINFSSVLGCL,891,1053.0
1027,HLA-A11:01,30138.35,ANZ78847,QEGFDATNSAL,1027,1054.0
373,HLA-A11:01,30157.35,ANZ78847,SLMSFIQADSF,373,1055.0
904,HLA-A11:01,30169.69,ANZ78847,ECSKASSRSAI,904,1056.0
381,HLA-A11:01,30187.31,ANZ78847,DSFTCNNIDAA,381,1057.0
697,HLA-A11:01,30234.48,ANZ78847,EPALLFRNIKC,697,1058.0
55,HLA-A11:01,30256.95,ANZ78847,VLDRVYLNTTL,55,1059.0
1259,HLA-A11:01,30257.95,ANZ78847,LALDYINVTFL,1259,1060.0
497,HLA-A11:01,30266.81,ANZ78847,FCPCKSNSSLC,497,1061.0
1173,HLA-A11:01,30284.49,ANZ78847,LCIAGDRGIAP,1173,1062.0
1099,HLA-A11:01,30307.21,ANZ78847,YVSQQLSDSTL,1099,1063.0
371,HLA-A11:01,30315.59,ANZ78847,MSSLMSFIQAD,371,1064.0
786,HLA-A11:01,30325.65,ANZ78847,NDSLEPVGGLY,786,1065.0
1005,HLA-A11:01,30341.84,ANZ78847,MDVLSQNQKLI,1005,1066.0
1243,HLA-A11:01,30366.99,ANZ78847,EELDQWFKNQT,1243,1067.0
1170,HLA-A11:01,30376.38,ANZ78847,SPGLCIAGDRG,1170,1068.0
29,HLA-A11:01,30381.04,ANZ78847,LNNIDTGPPSI,29,1069.0
34,HLA-A11:01,30399.37,ANZ78847,TGPPSISTATV,34,1070.0
1209,HLA-A11:01,30408.77,ANZ78847,TENNVVVMSTC,1209,1071.0
669,HLA-A11:01,30411.89,ANZ78847,RDYLTNRTFMI,669,1072.0
1122,HLA-A11:01,30425.1,ANZ78847,NECVKSQSSRI,1122,1073.0
357,HLA-A11:01,30431.39,ANZ78847,LNWERKTFSNC,357,1074.0
1294,HLA-A11:01,30439.7,ANZ78847,DIGTYEYYVKW,1294,1075.0
441,HLA-A11:01,30444.54,ANZ78847,YYNLPAANVSV,441,1076.0
336,HLA-A11:01,30447.19,ANZ78847,KPDLPNCNIEA,336,1077.0
1261,HLA-A11:01,30463.34,ANZ78847,LDYINVTFLDL,1261,1078.0
830,HLA-A11:01,30497.48,ANZ78847,GDYAACKSQLV,830,1079.0
958,HLA-A11:01,30503.35,ANZ78847,PPLLSENQISG,958,1080.0
1191,HLA-A11:01,30536.5,ANZ78847,VNNTWMYTGSG,1191,1081.0
515,HLA-A11:01,30579.8,ANZ78847,NNGIGTCPAGT,515,1082.0
1139,HLA-A11:01,30590.47,ANZ78847,NHIISLVQNAP,1139,1083.0
655,HLA-A11:01,30614.55,ANZ78847,QNLLYDSNGNL,655,1084.0
285,HLA-A11:01,30615.96,ANZ78847,FNQDGIIFNAV,285,1085.0
1132,HLA-A11:01,30620.89,ANZ78847,INFCGNGNHII,1132,1086.0
1322,HLA-A11:01,30625.55,ANZ78847,LLFFICCCTGC,1322,1087.0
203,HLA-A11:01,30627.45,ANZ78847,KRNFTYDVNAT,203,1088.0
818,HLA-A11:01,30634.0,ANZ78847,PKVTIDCAAFV,818,1089.0
920,HLA-A11:01,30634.45,ANZ78847,DKVKLSDVGFV,920,1090.0
1335,HLA-A11:01,30638.3,ANZ78847,SCFKKCGGCCD,1335,1091.0
968,HLA-A11:01,30643.9,ANZ78847,GYTLAATSASL,968,1092.0
93,HLA-A11:01,30660.63,ANZ78847,WFKPPFLSDFI,93,1093.0
1309,HLA-A11:01,30686.15,ANZ78847,WLLICLAGVAM,1309,1094.0
168,HLA-A11:01,30687.05,ANZ78847,QYNMCEYPHTI,168,1095.0
332,HLA-A11:01,30701.05,ANZ78847,VYRRKPDLPNC,332,1096.0
386,HLA-A11:01,30701.53,ANZ78847,NNIDAAKIYGM,386,1097.0
320,HLA-A11:01,30713.6,ANZ78847,ELNGYTVQPIA,320,1098.0
914,HLA-A11:01,30735.59,ANZ78847,IEDLLFDKVKL,914,1099.0
996,HLA-A11:01,30735.82,ANZ78847,YRINGLGVTMD,996,1100.0
619,HLA-A11:01,30738.29,ANZ78847,KANTDIKLGVC,619,1101.0
342,HLA-A11:01,30746.72,ANZ78847,CNIEAWLNDKS,342,1102.0
1063,HLA-A11:01,30762.92,ANZ78847,GAISSSLQEIL,1063,1103.0
1251,HLA-A11:01,30777.6,ANZ78847,NQTSVAPDLAL,1251,1104.0
978,HLA-A11:01,30779.69,ANZ78847,LFPPWTAAAGV,978,1105.0
1269,HLA-A11:01,30793.88,ANZ78847,LDLQVEMNRLQ,1269,1106.0
762,HLA-A11:01,30810.33,ANZ78847,RRSRRAITTGY,762,1107.0
1244,HLA-A11:01,30841.22,ANZ78847,ELDQWFKNQTS,1244,1108.0
754,HLA-A11:01,30843.18,ANZ78847,YCVDYSKNRRS,754,1109.0
1177,HLA-A11:01,30913.69,ANZ78847,GDRGIAPKSGY,1177,1110.0
764,HLA-A11:01,30914.64,ANZ78847,SRRAITTGYRF,764,1111.0
330,HLA-A11:01,30930.8,ANZ78847,ADVYRRKPDLP,330,1112.0
322,HLA-A11:01,30934.72,ANZ78847,NGYTVQPIADV,322,1113.0
1074,HLA-A11:01,30941.94,ANZ78847,SRLDALEAEAQ,1074,1114.0
1069,HLA-A11:01,30945.92,ANZ78847,LQEILSRLDAL,1069,1115.0
79,HLA-A11:01,30948.49,ANZ78847,RNMALKGTDKL,79,1116.0
151,HLA-A11:01,30955.07,ANZ78847,TQDGVNKLQGL,151,1117.0
183,HLA-A11:01,30981.64,ANZ78847,LGNHFKELWHM,183,1118.0
1345,HLA-A11:01,30994.41,ANZ78847,DDYTGYQELVI,1345,1119.0
498,HLA-A11:01,31006.86,ANZ78847,CPCKSNSSLCV,498,1120.0
1349,HLA-A11:01,31048.3,ANZ78847,GYQELVIKTSH,1349,1121.0
944,HLA-A11:01,31051.26,ANZ78847,DLICVQSYKGI,944,1122.0
631,HLA-A11:01,31056.15,ANZ78847,NYDLYGISGQG,631,1123.0
1237,HLA-A11:01,31088.57,ANZ78847,NLPDFREELDQ,1237,1124.0
840,HLA-A11:01,31094.2,ANZ78847,VEYGSFCDNIN,840,1125.0
262,HLA-A11:01,31094.55,ANZ78847,RRNIGFTLEYW,262,1126.0
521,HLA-A11:01,31103.47,ANZ78847,CPAGTNYLTCH,521,1127.0
1332,HLA-A11:01,31106.24,ANZ78847,CGTSCFKKCGG,1332,1128.0
1055,HLA-A11:01,31132.2,ANZ78847,LQQLSNRFGAI,1055,1129.0
125,HLA-A11:01,31137.54,ANZ78847,FPAITIGSTFV,125,1130.0
110,HLA-A11:01,31139.73,ANZ78847,VKNTKVFKDGV,110,1131.0
305,HLA-A11:01,31150.75,ANZ78847,IKCKTQSIAPP,305,1132.0
579,HLA-A11:01,31165.76,ANZ78847,PQAFLGWSADS,579,1133.0
1221,HLA-A11:01,31193.92,ANZ78847,VNYTKAPYVML,1221,1134.0
745,HLA-A11:01,31221.69,ANZ78847,TCDLTVGSGYC,745,1135.0
344,HLA-A11:01,31221.8,ANZ78847,IEAWLNDKSVP,344,1136.0
306,HLA-A11:01,31234.62,ANZ78847,KCKTQSIAPPT,306,1137.0
327,HLA-A11:01,31236.18,ANZ78847,QPIADVYRRKP,327,1138.0
855,HLA-A11:01,31241.2,ANZ78847,EVNELLDTTQL,855,1139.0
757,HLA-A11:01,31270.29,ANZ78847,DYSKNRRSRRA,757,1140.0
414,HLA-A11:01,31290.84,ANZ78847,VDLQLGNLGYL,414,1141.0
429,HLA-A11:01,31297.2,ANZ78847,YRIDTTATSCQ,429,1142.0
1242,HLA-A11:01,31316.71,ANZ78847,REELDQWFKNQ,1242,1143.0
406,HLA-A11:01,31336.97,ANZ78847,FAIPNGRKVDL,406,1144.0
335,HLA-A11:01,31338.02,ANZ78847,RKPDLPNCNIE,335,1145.0
705,HLA-A11:01,31347.3,ANZ78847,IKCNYVFNNSL,705,1146.0
1334,HLA-A11:01,31371.08,ANZ78847,TSCFKKCGGCC,1334,1147.0
544,HLA-A11:01,31373.3,ANZ78847,PYKCPQSKSLV,544,1148.0
877,HLA-A11:01,31384.95,ANZ78847,LSTKLKDGVNF,877,1149.0
1302,HLA-A11:01,31416.71,ANZ78847,VKWPWYVWLLI,1302,1150.0
255,HLA-A11:01,31429.84,ANZ78847,MPLTCISRRNI,255,1151.0
36,HLA-A11:01,31452.36,ANZ78847,PPSISTATVDV,36,1152.0
759,HLA-A11:01,31456.07,ANZ78847,SKNRRSRRAIT,759,1153.0
899,HLA-A11:01,31459.7,ANZ78847,GCLGSECSKAS,899,1154.0
123,HLA-A11:01,31463.49,ANZ78847,SEFPAITIGST,123,1155.0
474,HLA-A11:01,31473.65,ANZ78847,QPAGVLTNHDV,474,1156.0
903,HLA-A11:01,31514.49,ANZ78847,SECSKASSRSA,903,1157.0
1098,HLA-A11:01,31542.11,ANZ78847,AYVSQQLSDST,1098,1158.0
795,HLA-A11:01,31566.76,ANZ78847,LYEIQIPSDFT,795,1159.0
56,HLA-A11:01,31655.4,ANZ78847,LDRVYLNTTLF,56,1160.0
672,HLA-A11:01,31662.35,ANZ78847,LTNRTFMIRSC,672,1161.0
409,HLA-A11:01,31686.32,ANZ78847,PNGRKVDLQLG,409,1162.0
547,HLA-A11:01,31686.47,ANZ78847,CPQSKSLVGIG,547,1163.0
1206,HLA-A11:01,31689.35,ANZ78847,EPITENNVVVM,1206,1164.0
1078,HLA-A11:01,31689.42,ANZ78847,ALEAEAQIDRL,1078,1165.0
1019,HLA-A11:01,31699.64,ANZ78847,FNNALDAIQEG,1019,1166.0
496,HLA-A11:01,31704.77,ANZ78847,NFCPCKSNSSL,496,1167.0
730,HLA-A11:01,31711.69,ANZ78847,GCVVNAYNSTA,730,1168.0
979,HLA-A11:01,31736.15,ANZ78847,FPPWTAAAGVP,979,1169.0
565,HLA-A11:01,31775.31,ANZ78847,VKSDYCGGNPC,565,1170.0
1009,HLA-A11:01,31789.4,ANZ78847,SQNQKLIANAF,1009,1171.0
427,HLA-A11:01,31797.02,ANZ78847,FNYRIDTTATS,427,1172.0
460,HLA-A11:01,31810.76,ANZ78847,NKRFGFIEDSV,460,1173.0
2,HLA-A11:01,31833.69,ANZ78847,LILLISLPTAF,2,1174.0
624,HLA-A11:01,31841.06,ANZ78847,IKLGVCVNYDL,624,1175.0
1245,HLA-A11:01,31850.08,ANZ78847,LDQWFKNQTSV,1245,1176.0
772,HLA-A11:01,31853.19,ANZ78847,YRFTNFEPFTV,772,1177.0
82,HLA-A11:01,31864.32,ANZ78847,ALKGTDKLSTL,82,1178.0
658,HLA-A11:01,31871.92,ANZ78847,LYDSNGNLYGF,658,1179.0
84,HLA-A11:01,31876.48,ANZ78847,KGTDKLSTLWF,84,1180.0
18,HLA-A11:01,31880.62,ANZ78847,LKCPLDSRTGS,18,1181.0
166,HLA-A11:01,31899.24,ANZ78847,VCQYNMCEYPH,166,1182.0
779,HLA-A11:01,31899.99,ANZ78847,PFTVNSVNDSL,779,1183.0
1125,HLA-A11:01,31920.19,ANZ78847,VKSQSSRINFC,1125,1184.0
1123,HLA-A11:01,31941.4,ANZ78847,ECVKSQSSRIN,1123,1185.0
998,HLA-A11:01,31956.06,ANZ78847,INGLGVTMDVL,998,1186.0
907,HLA-A11:01,31977.88,ANZ78847,KASSRSAIEDL,907,1187.0
333,HLA-A11:01,32026.4,ANZ78847,YRRKPDLPNCN,333,1188.0
1033,HLA-A11:01,32026.87,ANZ78847,TNSALVKIQAV,1033,1189.0
1337,HLA-A11:01,32030.74,ANZ78847,FKKCGGCCDDY,1337,1190.0
488,HLA-A11:01,32040.75,ANZ78847,QHCFKAPKNFC,488,1191.0
712,HLA-A11:01,32049.52,ANZ78847,NNSLTRQLQPI,712,1192.0
226,HLA-A11:01,32051.41,ANZ78847,FYAYFTDTGVV,226,1193.0
408,HLA-A11:01,32058.69,ANZ78847,IPNGRKVDLQL,408,1194.0
162,HLA-A11:01,32061.74,ANZ78847,LEVSVCQYNMC,162,1195.0
384,HLA-A11:01,32089.04,ANZ78847,TCNNIDAAKIY,384,1196.0
932,HLA-A11:01,32089.47,ANZ78847,AYNNCTGGAEI,932,1197.0
359,HLA-A11:01,32123.31,ANZ78847,WERKTFSNCNF,359,1198.0
802,HLA-A11:01,32152.13,ANZ78847,SDFTIGNMEEF,802,1199.0
404,HLA-A11:01,32189.88,ANZ78847,DKFAIPNGRKV,404,1200.0
1134,HLA-A11:01,32238.1,ANZ78847,FCGNGNHIISL,1134,1201.0
1203,HLA-A11:01,32244.76,ANZ78847,YYPEPITENNV,1203,1202.0
349,HLA-A11:01,32245.21,ANZ78847,NDKSVPSPLNW,349,1203.0
417,HLA-A11:01,32256.74,ANZ78847,QLGNLGYLQSF,417,1204.0
1258,HLA-A11:01,32257.68,ANZ78847,DLALDYINVTF,1258,1205.0
512,HLA-A11:01,32274.37,ANZ78847,PGKNNGIGTCP,512,1206.0
111,HLA-A11:01,32281.68,ANZ78847,KNTKVFKDGVM,111,1207.0
454,HLA-A11:01,32283.65,ANZ78847,FNPSTWNKRFG,454,1208.0
334,HLA-A11:01,32309.48,ANZ78847,RRKPDLPNCNI,334,1209.0
587,HLA-A11:01,32318.34,ANZ78847,ADSCLQGDKCN,587,1210.0
148,HLA-A11:01,32324.65,ANZ78847,INSTQDGVNKL,148,1211.0
185,HLA-A11:01,32326.09,ANZ78847,NHFKELWHMDT,185,1212.0
456,HLA-A11:01,32329.23,ANZ78847,PSTWNKRFGFI,456,1213.0
412,HLA-A11:01,32345.25,ANZ78847,RKVDLQLGNLG,412,1214.0
575,HLA-A11:01,32372.73,ANZ78847,CTCQPQAFLGW,575,1215.0
387,HLA-A11:01,32391.87,ANZ78847,NIDAAKIYGMC,387,1216.0
353,HLA-A11:01,32405.07,ANZ78847,VPSPLNWERKT,353,1217.0
568,HLA-A11:01,32420.11,ANZ78847,DYCGGNPCTCQ,568,1218.0
493,HLA-A11:01,32422.26,ANZ78847,APKNFCPCKSN,493,1219.0
444,HLA-A11:01,32469.85,ANZ78847,LPAANVSVSRF,444,1220.0
1338,HLA-A11:01,32482.59,ANZ78847,KKCGGCCDDYT,1338,1221.0
106,HLA-A11:01,32489.78,ANZ78847,IFAKVKNTKVF,106,1222.0
1130,HLA-A11:01,32516.49,ANZ78847,SRINFCGNGNH,1130,1223.0
1041,HLA-A11:01,32517.44,ANZ78847,QAVVNANAEAL,1041,1224.0
347,HLA-A11:01,32523.75,ANZ78847,WLNDKSVPSPL,347,1225.0
1331,HLA-A11:01,32543.11,ANZ78847,GCGTSCFKKCG,1331,1226.0
328,HLA-A11:01,32548.41,ANZ78847,PIADVYRRKPD,328,1227.0
275,HLA-A11:01,32553.93,ANZ78847,PLTSRQYLLAF,275,1228.0
558,HLA-A11:01,32564.22,ANZ78847,EHCSGLAVKSD,558,1229.0
475,HLA-A11:01,32621.26,ANZ78847,PAGVLTNHDVV,475,1230.0
761,HLA-A11:01,32628.95,ANZ78847,NRRSRRAITTG,761,1231.0
1344,HLA-A11:01,32645.3,ANZ78847,CDDYTGYQELV,1344,1232.0
829,HLA-A11:01,32665.98,ANZ78847,CGDYAACKSQL,829,1233.0
1163,HLA-A11:01,32685.21,ANZ78847,KYVTAKVSPGL,1163,1234.0
1076,HLA-A11:01,32721.87,ANZ78847,LDALEAEAQID,1076,1235.0
1299,HLA-A11:01,32743.35,ANZ78847,EYYVKWPWYVW,1299,1236.0
229,HLA-A11:01,32770.0,ANZ78847,YFTDTGVVTKF,229,1237.0
288,HLA-A11:01,32804.82,ANZ78847,DGIIFNAVDCM,288,1238.0
300,HLA-A11:01,32829.28,ANZ78847,DFMSEIKCKTQ,300,1239.0
96,HLA-A11:01,32848.6,ANZ78847,PPFLSDFINGI,96,1240.0
190,HLA-A11:01,32852.12,ANZ78847,LWHMDTGVVSC,190,1241.0
1052,HLA-A11:01,32872.16,ANZ78847,NNLLQQLSNRF,1052,1242.0
533,HLA-A11:01,32934.68,ANZ78847,LCNPDPITFTG,533,1243.0
601,HLA-A11:01,32936.95,ANZ78847,NLILHDVNSGL,601,1244.0
1079,HLA-A11:01,32972.43,ANZ78847,LEAEAQIDRLI,1079,1245.0
1304,HLA-A11:01,32984.99,ANZ78847,WPWYVWLLICL,1304,1246.0
411,HLA-A11:01,33009.88,ANZ78847,GRKVDLQLGNL,411,1247.0
580,HLA-A11:01,33056.6,ANZ78847,QAFLGWSADSC,580,1248.0
174,HLA-A11:01,33144.63,ANZ78847,YPHTICHPNLG,174,1249.0
292,HLA-A11:01,33151.06,ANZ78847,FNAVDCMSDFM,292,1250.0
644,HLA-A11:01,33160.84,ANZ78847,VEVNATYYNSW,644,1251.0
632,HLA-A11:01,33185.71,ANZ78847,YDLYGISGQGI,632,1252.0
287,HLA-A11:01,33195.6,ANZ78847,QDGIIFNAVDC,287,1253.0
785,HLA-A11:01,33199.62,ANZ78847,VNDSLEPVGGL,785,1254.0
1285,HLA-A11:01,33204.99,ANZ78847,LNQSYINLKDI,1285,1255.0
690,HLA-A11:01,33216.86,ANZ78847,AFHANSSEPAL,690,1256.0
467,HLA-A11:01,33250.16,ANZ78847,EDSVFKPQPAG,467,1257.0
995,HLA-A11:01,33251.64,ANZ78847,QYRINGLGVTM,995,1258.0
71,HLA-A11:01,33281.63,ANZ78847,YPTSGSTYRNM,71,1259.0
453,HLA-A11:01,33301.49,ANZ78847,RFNPSTWNKRF,453,1260.0
466,HLA-A11:01,33321.8,ANZ78847,IEDSVFKPQPA,466,1261.0
1231,HLA-A11:01,33322.52,ANZ78847,LNTSIPNLPDF,1231,1262.0
1300,HLA-A11:01,33327.45,ANZ78847,YYVKWPWYVWL,1300,1263.0
1086,HLA-A11:01,33349.88,ANZ78847,DRLINGRLTAL,1086,1264.0
1298,HLA-A11:01,33372.04,ANZ78847,YEYYVKWPWYV,1298,1265.0
546,HLA-A11:01,33388.76,ANZ78847,KCPQSKSLVGI,546,1266.0
144,HLA-A11:01,33388.96,ANZ78847,QPRTINSTQDG,144,1267.0
186,HLA-A11:01,33399.09,ANZ78847,HFKELWHMDTG,186,1268.0
758,HLA-A11:01,33407.1,ANZ78847,YSKNRRSRRAI,758,1269.0
280,HLA-A11:01,33449.46,ANZ78847,QYLLAFNQDGI,280,1270.0
329,HLA-A11:01,33452.51,ANZ78847,IADVYRRKPDL,329,1271.0
607,HLA-A11:01,33473.98,ANZ78847,VNSGLTCSTDL,607,1272.0
794,HLA-A11:01,33479.28,ANZ78847,GLYEIQIPSDF,794,1273.0
388,HLA-A11:01,33485.15,ANZ78847,IDAAKIYGMCF,388,1274.0
152,HLA-A11:01,33502.06,ANZ78847,QDGVNKLQGLL,152,1275.0
1339,HLA-A11:01,33509.71,ANZ78847,KCGGCCDDYTG,1339,1276.0
1275,HLA-A11:01,33548.31,ANZ78847,MNRLQEAIKVL,1275,1277.0
1164,HLA-A11:01,33589.94,ANZ78847,YVTAKVSPGLC,1164,1278.0
581,HLA-A11:01,33597.96,ANZ78847,AFLGWSADSCL,581,1279.0
1108,HLA-A11:01,33610.74,ANZ78847,TLVKFSAAQAM,1108,1280.0
180,HLA-A11:01,33649.9,ANZ78847,HPNLGNHFKEL,180,1281.0
281,HLA-A11:01,33677.25,ANZ78847,YLLAFNQDGII,281,1282.0
173,HLA-A11:01,33682.08,ANZ78847,EYPHTICHPNL,173,1283.0
343,HLA-A11:01,33690.05,ANZ78847,NIEAWLNDKSV,343,1284.0
1048,HLA-A11:01,33743.87,ANZ78847,AEALNNLLQQL,1048,1285.0
550,HLA-A11:01,33744.34,ANZ78847,SKSLVGIGEHC,550,1286.0
1235,HLA-A11:01,33744.85,ANZ78847,IPNLPDFREEL,1235,1287.0
1178,HLA-A11:01,33750.04,ANZ78847,DRGIAPKSGYF,1178,1288.0
191,HLA-A11:01,33754.2,ANZ78847,WHMDTGVVSCL,191,1289.0
691,HLA-A11:01,33772.48,ANZ78847,FHANSSEPALL,691,1290.0
1326,HLA-A11:01,33779.56,ANZ78847,ICCCTGCGTSC,1326,1291.0
529,HLA-A11:01,33803.79,ANZ78847,TCHNLCNPDPI,529,1292.0
828,HLA-A11:01,33806.02,ANZ78847,VCGDYAACKSQ,828,1293.0
919,HLA-A11:01,33817.07,ANZ78847,FDKVKLSDVGF,919,1294.0
1186,HLA-A11:01,33832.44,ANZ78847,GYFVNVNNTWM,1186,1295.0
1204,HLA-A11:01,33840.55,ANZ78847,YPEPITENNVV,1204,1296.0
145,HLA-A11:01,33885.37,ANZ78847,PRTINSTQDGV,145,1297.0
882,HLA-A11:01,33918.17,ANZ78847,KDGVNFNVDDI,882,1298.0
307,HLA-A11:01,33923.94,ANZ78847,CKTQSIAPPTG,307,1299.0
8,HLA-A11:01,33945.05,ANZ78847,LPTAFAVIGDL,8,1300.0
531,HLA-A11:01,33975.68,ANZ78847,HNLCNPDPITF,531,1301.0
796,HLA-A11:01,34051.46,ANZ78847,YEIQIPSDFTI,796,1302.0
188,HLA-A11:01,34094.51,ANZ78847,KELWHMDTGVV,188,1303.0
396,HLA-A11:01,34099.72,ANZ78847,MCFSSITIDKF,396,1304.0
428,HLA-A11:01,34101.05,ANZ78847,NYRIDTTATSC,428,1305.0
951,HLA-A11:01,34105.96,ANZ78847,YKGIKVLPPLL,951,1306.0
187,HLA-A11:01,34109.3,ANZ78847,FKELWHMDTGV,187,1307.0
455,HLA-A11:01,34153.74,ANZ78847,NPSTWNKRFGF,455,1308.0
511,HLA-A11:01,34158.82,ANZ78847,GPGKNNGIGTC,511,1309.0
1205,HLA-A11:01,34214.46,ANZ78847,PEPITENNVVV,1205,1310.0
1118,HLA-A11:01,34225.05,ANZ78847,MEKVNECVKSQ,1118,1311.0
589,HLA-A11:01,34280.82,ANZ78847,SCLQGDKCNIF,589,1312.0
1185,HLA-A11:01,34316.19,ANZ78847,SGYFVNVNNTW,1185,1313.0
291,HLA-A11:01,34331.04,ANZ78847,IFNAVDCMSDF,291,1314.0
83,HLA-A11:01,34335.87,ANZ78847,LKGTDKLSTLW,83,1315.0
17,HLA-A11:01,34339.93,ANZ78847,DLKCPLDSRTG,17,1316.0
980,HLA-A11:01,34384.74,ANZ78847,PPWTAAAGVPF,980,1317.0
1171,HLA-A11:01,34403.72,ANZ78847,PGLCIAGDRGI,1171,1318.0
573,HLA-A11:01,34450.89,ANZ78847,NPCTCQPQAFL,573,1319.0
449,HLA-A11:01,34480.89,ANZ78847,VSVSRFNPSTW,449,1320.0
668,HLA-A11:01,34509.47,ANZ78847,FRDYLTNRTFM,668,1321.0
1238,HLA-A11:01,34636.21,ANZ78847,LPDFREELDQW,1238,1322.0
319,HLA-A11:01,34671.14,ANZ78847,YELNGYTVQPI,319,1323.0
461,HLA-A11:01,34702.01,ANZ78847,KRFGFIEDSVF,461,1324.0
92,HLA-A11:01,34708.43,ANZ78847,LWFKPPFLSDF,92,1325.0
817,HLA-A11:01,34821.33,ANZ78847,SPKVTIDCAAF,817,1326.0
480,HLA-A11:01,34868.13,ANZ78847,TNHDVVYAQHC,480,1327.0
1249,HLA-A11:01,34974.47,ANZ78847,FKNQTSVAPDL,1249,1328.0
338,HLA-A11:01,35008.09,ANZ78847,DLPNCNIEAWL,338,1329.0
530,HLA-A11:01,35014.58,ANZ78847,CHNLCNPDPIT,530,1330.0
169,HLA-A11:01,35030.4,ANZ78847,YNMCEYPHTIC,169,1331.0
181,HLA-A11:01,35144.11,ANZ78847,PNLGNHFKELW,181,1332.0
681,HLA-A11:01,35178.62,ANZ78847,SCYSGRVSAAF,681,1333.0
138,HLA-A11:01,35215.11,ANZ78847,SYSVVVQPRTI,138,1334.0
633,HLA-A11:01,35230.36,ANZ78847,DLYGISGQGIF,633,1335.0
543,HLA-A11:01,35255.28,ANZ78847,GPYKCPQSKSL,543,1336.0
337,HLA-A11:01,35271.81,ANZ78847,PDLPNCNIEAW,337,1337.0
935,HLA-A11:01,35276.63,ANZ78847,NCTGGAEIRDL,935,1338.0
19,HLA-A11:01,35298.54,ANZ78847,KCPLDSRTGSL,19,1339.0
124,HLA-A11:01,35313.97,ANZ78847,EFPAITIGSTF,124,1340.0
736,HLA-A11:01,35327.24,ANZ78847,YNSTAISVQTC,736,1341.0
1343,HLA-A11:01,35331.25,ANZ78847,CCDDYTGYQEL,1343,1342.0
667,HLA-A11:01,35418.44,ANZ78847,GFRDYLTNRTF,667,1343.0
1020,HLA-A11:01,35435.05,ANZ78847,NNALDAIQEGF,1020,1344.0
481,HLA-A11:01,35622.75,ANZ78847,NHDVVYAQHCF,481,1345.0
97,HLA-A11:01,35719.56,ANZ78847,PFLSDFINGIF,97,1346.0
835,HLA-A11:01,35762.92,ANZ78847,CKSQLVEYGSF,835,1347.0
216,HLA-A11:01,36151.56,ANZ78847,YFHFYQEGGTF,216,1348.0
1327,HLA-A11:01,36321.74,ANZ78847,CCCTGCGTSCF,1327,1349.0
572,HLA-A11:01,36600.47,ANZ78847,GNPCTCQPQAF,572,1350.0
1239,HLA-A11:01,36742.55,ANZ78847,PDFREELDQWF,1239,1351.0
354,HLA-A11:01,36903.3,ANZ78847,PSPLNWERKTF,354,1352.0
921,HLA-A30:01,3.48,ANZ78847,KVKLSDVGFVA,921,1.0
763,HLA-A30:01,3.62,ANZ78847,RSRRAITTGYR,763,2.0
1283,HLA-A30:01,13.22,ANZ78847,KVLNQSYINLK,1283,3.0
451,HLA-A30:01,53.39,ANZ78847,VSRFNPSTWNK,451,4.0
491,HLA-A30:01,171.37,ANZ78847,FKAPKNFCPCK,491,5.0
107,HLA-A30:01,186.77,ANZ78847,FAKVKNTKVFK,107,6.0
109,HLA-A30:01,194.17,ANZ78847,KVKNTKVFKDG,109,7.0
74,HLA-A30:01,223.15,ANZ78847,SGSTYRNMALK,74,8.0
228,HLA-A30:01,356.63,ANZ78847,AYFTDTGVVTK,228,9.0
911,HLA-A30:01,383.92,ANZ78847,RSAIEDLLFDK,911,10.0
178,HLA-A30:01,393.8,ANZ78847,ICHPNLGNHFK,178,11.0
462,HLA-A30:01,415.91,ANZ78847,RFGFIEDSVFK,462,12.0
504,HLA-A30:01,419.97,ANZ78847,SSLCVGSGPGK,504,13.0
1153,HLA-A30:01,510.2,ANZ78847,YFIHFSYVPTK,1153,14.0
1163,HLA-A30:01,522.69,ANZ78847,KYVTAKVSPGL,1163,15.0
485,HLA-A30:01,602.69,ANZ78847,VYAQHCFKAPK,485,16.0
85,HLA-A30:01,713.64,ANZ78847,GTDKLSTLWFK,85,17.0
675,HLA-A30:01,810.24,ANZ78847,RTFMIRSCYSG,675,18.0
1152,HLA-A30:01,912.94,ANZ78847,LYFIHFSYVPT,1152,19.0
99,HLA-A30:01,917.13,ANZ78847,LSDFINGIFAK,99,20.0
1158,HLA-A30:01,937.54,ANZ78847,SYVPTKYVTAK,1158,21.0
1101,HLA-A30:01,959.15,ANZ78847,SQQLSDSTLVK,1101,22.0
536,HLA-A30:01,966.94,ANZ78847,PDPITFTGPYK,536,23.0
950,HLA-A30:01,1057.58,ANZ78847,SYKGIKVLPPL,950,24.0
870,HLA-A30:01,1076.49,ANZ78847,SLMNGVTLSTK,870,25.0
390,HLA-A30:01,1117.68,ANZ78847,AAKIYGMCFSS,390,26.0
1316,HLA-A30:01,1221.4,ANZ78847,GVAMLVLLFFI,1316,27.0
308,HLA-A30:01,1232.19,ANZ78847,KTQSIAPPTGV,308,28.0
306,HLA-A30:01,1277.33,ANZ78847,KCKTQSIAPPT,306,29.0
541,HLA-A30:01,1283.35,ANZ78847,FTGPYKCPQSK,541,30.0
361,HLA-A30:01,1318.67,ANZ78847,RKTFSNCNFNM,361,31.0
1126,HLA-A30:01,1334.04,ANZ78847,KSQSSRINFCG,1126,32.0
238,HLA-A30:01,1370.71,ANZ78847,KFLFNVYLGMA,238,33.0
1174,HLA-A30:01,1375.58,ANZ78847,CIAGDRGIAPK,1174,34.0
760,HLA-A30:01,1434.46,ANZ78847,KNRRSRRAITT,760,35.0
556,HLA-A30:01,1437.42,ANZ78847,IGEHCSGLAVK,556,36.0
1003,HLA-A30:01,1442.74,ANZ78847,VTMDVLSQNQK,1003,37.0
952,HLA-A30:01,1539.72,ANZ78847,KGIKVLPPLLS,952,38.0
1032,HLA-A30:01,1582.91,ANZ78847,ATNSALVKIQA,1032,39.0
1013,HLA-A30:01,1591.42,ANZ78847,KLIANAFNNAL,1013,40.0
1240,HLA-A30:01,1716.83,ANZ78847,DFREELDQWFK,1240,41.0
1110,HLA-A30:01,1719.02,ANZ78847,VKFSAAQAMEK,1110,42.0
391,HLA-A30:01,1747.15,ANZ78847,AKIYGMCFSSI,391,43.0
826,HLA-A30:01,1751.21,ANZ78847,AFVCGDYAACK,826,44.0
368,HLA-A30:01,1755.04,ANZ78847,NFNMSSLMSFI,368,45.0
482,HLA-A30:01,1823.86,ANZ78847,HDVVYAQHCFK,482,46.0
249,HLA-A30:01,1875.63,ANZ78847,LSHYYVMPLTC,249,47.0
678,HLA-A30:01,1878.15,ANZ78847,MIRSCYSGRVS,678,48.0
193,HLA-A30:01,1893.21,ANZ78847,MDTGVVSCLYK,193,49.0
1029,HLA-A30:01,1990.99,ANZ78847,GFDATNSALVK,1029,50.0
1282,HLA-A30:01,2015.55,ANZ78847,IKVLNQSYINL,1282,51.0
237,HLA-A30:01,2230.96,ANZ78847,TKFLFNVYLGM,237,52.0
1223,HLA-A30:01,2283.55,ANZ78847,YTKAPYVMLNT,1223,53.0
1215,HLA-A30:01,2386.4,ANZ78847,VMSTCAVNYTK,1215,54.0
29,HLA-A30:01,2458.08,ANZ78847,LNNIDTGPPSI,29,55.0
758,HLA-A30:01,2763.03,ANZ78847,YSKNRRSRRAI,758,56.0
1116,HLA-A30:01,2826.93,ANZ78847,QAMEKVNECVK,1116,57.0
686,HLA-A30:01,2939.07,ANZ78847,RVSAAFHANSS,686,58.0
393,HLA-A30:01,2957.39,ANZ78847,IYGMCFSSITI,393,59.0
382,HLA-A30:01,2969.82,ANZ78847,SFTCNNIDAAK,382,60.0
1124,HLA-A30:01,3127.89,ANZ78847,CVKSQSSRINF,1124,61.0
1120,HLA-A30:01,3238.5,ANZ78847,KVNECVKSQSS,1120,62.0
132,HLA-A30:01,3330.26,ANZ78847,STFVNTSYSVV,132,63.0
435,HLA-A30:01,3377.04,ANZ78847,ATSCQLYYNLP,435,64.0
3,HLA-A30:01,3455.15,ANZ78847,ILLISLPTAFA,3,65.0
362,HLA-A30:01,3512.16,ANZ78847,KTFSNCNFNMS,362,66.0
236,HLA-A30:01,3541.31,ANZ78847,VTKFLFNVYLG,236,67.0
298,HLA-A30:01,3656.1,ANZ78847,MSDFMSEIKCK,298,68.0
945,HLA-A30:01,3658.88,ANZ78847,LICVQSYKGIK,945,69.0
1328,HLA-A30:01,3762.55,ANZ78847,CCTGCGTSCFK,1328,70.0
1219,HLA-A30:01,3779.21,ANZ78847,CAVNYTKAPYV,1219,71.0
1228,HLA-A30:01,3795.07,ANZ78847,YVMLNTSIPNL,1228,72.0
771,HLA-A30:01,3844.21,ANZ78847,GYRFTNFEPFT,771,73.0
101,HLA-A30:01,3862.85,ANZ78847,DFINGIFAKVK,101,74.0
1179,HLA-A30:01,3958.73,ANZ78847,RGIAPKSGYFV,1179,75.0
1131,HLA-A30:01,3999.11,ANZ78847,RINFCGNGNHI,1131,76.0
218,HLA-A30:01,4212.03,ANZ78847,HFYQEGGTFYA,218,77.0
564,HLA-A30:01,4217.49,ANZ78847,AVKSDYCGGNP,564,78.0
395,HLA-A30:01,4242.36,ANZ78847,GMCFSSITIDK,395,79.0
351,HLA-A30:01,4244.51,ANZ78847,KSVPSPLNWER,351,80.0
1059,HLA-A30:01,4251.13,ANZ78847,SNRFGAISSSL,1059,81.0
696,HLA-A30:01,4513.48,ANZ78847,SEPALLFRNIK,696,82.0
1220,HLA-A30:01,4559.68,ANZ78847,AVNYTKAPYVM,1220,83.0
733,HLA-A30:01,4594.51,ANZ78847,VNAYNSTAISV,733,84.0
700,HLA-A30:01,4597.58,ANZ78847,LLFRNIKCNYV,700,85.0
88,HLA-A30:01,4633.46,ANZ78847,KLSTLWFKPPF,88,86.0
245,HLA-A30:01,4658.84,ANZ78847,LGMALSHYYVM,245,87.0
164,HLA-A30:01,4664.33,ANZ78847,VSVCQYNMCEY,164,88.0
63,HLA-A30:01,4737.63,ANZ78847,TTLFLNGYYPT,63,89.0
1,HLA-A30:01,4944.95,ANZ78847,FLILLISLPTA,1,90.0
235,HLA-A30:01,4964.32,ANZ78847,VVTKFLFNVYL,235,91.0
120,HLA-A30:01,4984.84,ANZ78847,VMYSEFPAITI,120,92.0
115,HLA-A30:01,5033.37,ANZ78847,VFKDGVMYSEF,115,93.0
1329,HLA-A30:01,5116.0,ANZ78847,CTGCGTSCFKK,1329,94.0
1088,HLA-A30:01,5147.94,ANZ78847,LINGRLTALNA,1088,95.0
897,HLA-A30:01,5158.19,ANZ78847,VLGCLGSECSK,897,96.0
490,HLA-A30:01,5227.01,ANZ78847,CFKAPKNFCPC,490,97.0
133,HLA-A30:01,5254.95,ANZ78847,TFVNTSYSVVV,133,98.0
247,HLA-A30:01,5328.55,ANZ78847,MALSHYYVMPL,247,99.0
984,HLA-A30:01,5611.25,ANZ78847,AAAGVPFYLNV,984,100.0
690,HLA-A30:01,5659.37,ANZ78847,AFHANSSEPAL,690,101.0
942,HLA-A30:01,5690.15,ANZ78847,IRDLICVQSYK,942,102.0
259,HLA-A30:01,5786.75,ANZ78847,CISRRNIGFTL,259,103.0
131,HLA-A30:01,5859.42,ANZ78847,GSTFVNTSYSV,131,104.0
879,HLA-A30:01,5922.85,ANZ78847,TKLKDGVNFNV,879,105.0
263,HLA-A30:01,5939.35,ANZ78847,RNIGFTLEYWV,263,106.0
514,HLA-A30:01,5969.01,ANZ78847,KNNGIGTCPAG,514,107.0
676,HLA-A30:01,6021.7,ANZ78847,TFMIRSCYSGR,676,108.0
1054,HLA-A30:01,6043.4,ANZ78847,LLQQLSNRFGA,1054,109.0
1293,HLA-A30:01,6054.91,ANZ78847,KDIGTYEYYVK,1293,110.0
332,HLA-A30:01,6110.54,ANZ78847,VYRRKPDLPNC,332,111.0
1166,HLA-A30:01,6111.34,ANZ78847,TAKVSPGLCIA,1166,112.0
154,HLA-A30:01,6222.68,ANZ78847,GVNKLQGLLEV,154,113.0
913,HLA-A30:01,6346.2,ANZ78847,AIEDLLFDKVK,913,114.0
670,HLA-A30:01,6422.68,ANZ78847,DYLTNRTFMIR,670,115.0
1145,HLA-A30:01,6461.76,ANZ78847,VQNAPYGLYFI,1145,116.0
86,HLA-A30:01,6481.86,ANZ78847,TDKLSTLWFKP,86,117.0
872,HLA-A30:01,6539.19,ANZ78847,MNGVTLSTKLK,872,118.0
1320,HLA-A30:01,6598.19,ANZ78847,LVLLFFICCCT,1320,119.0
1165,HLA-A30:01,6691.25,ANZ78847,VTAKVSPGLCI,1165,120.0
880,HLA-A30:01,6835.3,ANZ78847,KLKDGVNFNVD,880,121.0
296,HLA-A30:01,6849.55,ANZ78847,DCMSDFMSEIK,296,122.0
669,HLA-A30:01,6902.7,ANZ78847,RDYLTNRTFMI,669,123.0
648,HLA-A30:01,7140.14,ANZ78847,ATYYNSWQNLL,648,124.0
22,HLA-A30:01,7280.53,ANZ78847,LDSRTGSLNNI,22,125.0
526,HLA-A30:01,7291.4,ANZ78847,NYLTCHNLCNP,526,126.0
233,HLA-A30:01,7293.09,ANZ78847,TGVVTKFLFNV,233,127.0
1111,HLA-A30:01,7752.06,ANZ78847,KFSAAQAMEKV,1111,128.0
9,HLA-A30:01,7782.78,ANZ78847,PTAFAVIGDLK,9,129.0
1140,HLA-A30:01,7813.97,ANZ78847,HIISLVQNAPY,1140,130.0
0,HLA-A30:01,7839.25,ANZ78847,MFLILLISLPT,0,131.0
1280,HLA-A30:01,7935.97,ANZ78847,EAIKVLNQSYI,1280,132.0
105,HLA-A30:01,8100.63,ANZ78847,GIFAKVKNTKV,105,133.0
689,HLA-A30:01,8141.09,ANZ78847,AAFHANSSEPA,689,134.0
436,HLA-A30:01,8158.75,ANZ78847,TSCQLYYNLPA,436,135.0
58,HLA-A30:01,8174.45,ANZ78847,RVYLNTTLFLN,58,136.0
1181,HLA-A30:01,8323.97,ANZ78847,IAPKSGYFVNV,1181,137.0
750,HLA-A30:01,8370.24,ANZ78847,VGSGYCVDYSK,750,138.0
1186,HLA-A30:01,8515.8,ANZ78847,GYFVNVNNTWM,1186,139.0
1346,HLA-A30:01,8518.93,ANZ78847,DYTGYQELVIK,1346,140.0
370,HLA-A30:01,8616.62,ANZ78847,NMSSLMSFIQA,370,141.0
501,HLA-A30:01,8663.51,ANZ78847,KSNSSLCVGSG,501,142.0
198,HLA-A30:01,8695.37,ANZ78847,VSCLYKRNFTY,198,143.0
1311,HLA-A30:01,8709.42,ANZ78847,LICLAGVAMLV,1311,144.0
138,HLA-A30:01,8710.73,ANZ78847,SYSVVVQPRTI,138,145.0
997,HLA-A30:01,8719.0,ANZ78847,RINGLGVTMDV,997,146.0
1312,HLA-A30:01,8739.2,ANZ78847,ICLAGVAMLVL,1312,147.0
766,HLA-A30:01,8903.34,ANZ78847,RAITTGYRFTN,766,148.0
140,HLA-A30:01,9064.73,ANZ78847,SVVVQPRTINS,140,149.0
673,HLA-A30:01,9169.57,ANZ78847,TNRTFMIRSCY,673,150.0
1012,HLA-A30:01,9181.65,ANZ78847,QKLIANAFNNA,1012,151.0
715,HLA-A30:01,9228.02,ANZ78847,LTRQLQPINYF,715,152.0
147,HLA-A30:01,9310.05,ANZ78847,TINSTQDGVNK,147,153.0
1197,HLA-A30:01,9334.9,ANZ78847,YTGSGYYYPEP,1197,154.0
477,HLA-A30:01,9399.35,ANZ78847,GVLTNHDVVYA,477,155.0
1175,HLA-A30:01,9413.46,ANZ78847,IAGDRGIAPKS,1175,156.0
1322,HLA-A30:01,9440.06,ANZ78847,LLFFICCCTGC,1322,157.0
615,HLA-A30:01,9504.16,ANZ78847,TDLQKANTDIK,615,158.0
1318,HLA-A30:01,9568.19,ANZ78847,AMLVLLFFICC,1318,159.0
1281,HLA-A30:01,9596.71,ANZ78847,AIKVLNQSYIN,1281,160.0
248,HLA-A30:01,9656.67,ANZ78847,ALSHYYVMPLT,248,161.0
302,HLA-A30:01,9718.36,ANZ78847,MSEIKCKTQSI,302,162.0
595,HLA-A30:01,9755.42,ANZ78847,KCNIFANLILH,595,163.0
713,HLA-A30:01,9794.77,ANZ78847,NSLTRQLQPIN,713,164.0
320,HLA-A30:01,9848.59,ANZ78847,ELNGYTVQPIA,320,165.0
251,HLA-A30:01,9857.75,ANZ78847,HYYVMPLTCIS,251,166.0
346,HLA-A30:01,9859.39,ANZ78847,AWLNDKSVPSP,346,167.0
1036,HLA-A30:01,9955.24,ANZ78847,ALVKIQAVVNA,1036,168.0
809,HLA-A30:01,10005.64,ANZ78847,MEEFIQTSSPK,809,169.0
740,HLA-A30:01,10124.91,ANZ78847,AISVQTCDLTV,740,170.0
1125,HLA-A30:01,10302.89,ANZ78847,VKSQSSRINFC,1125,171.0
57,HLA-A30:01,10333.81,ANZ78847,DRVYLNTTLFL,57,172.0
250,HLA-A30:01,10386.57,ANZ78847,SHYYVMPLTCI,250,173.0
1315,HLA-A30:01,10390.28,ANZ78847,AGVAMLVLLFF,1315,174.0
769,HLA-A30:01,10394.19,ANZ78847,TTGYRFTNFEP,769,175.0
104,HLA-A30:01,10436.86,ANZ78847,NGIFAKVKNTK,104,176.0
1157,HLA-A30:01,10577.29,ANZ78847,FSYVPTKYVTA,1157,177.0
326,HLA-A30:01,10593.11,ANZ78847,VQPIADVYRRK,326,178.0
1087,HLA-A30:01,10736.0,ANZ78847,RLINGRLTALN,1087,179.0
1211,HLA-A30:01,10796.73,ANZ78847,NNVVVMSTCAV,1211,180.0
243,HLA-A30:01,10802.06,ANZ78847,VYLGMALSHYY,243,181.0
64,HLA-A30:01,10887.36,ANZ78847,TLFLNGYYPTS,64,182.0
528,HLA-A30:01,10958.74,ANZ78847,LTCHNLCNPDP,528,183.0
90,HLA-A30:01,10979.66,ANZ78847,STLWFKPPFLS,90,184.0
712,HLA-A30:01,11014.97,ANZ78847,NNSLTRQLQPI,712,185.0
261,HLA-A30:01,11200.11,ANZ78847,SRRNIGFTLEY,261,186.0
5,HLA-A30:01,11208.26,ANZ78847,LISLPTAFAVI,5,187.0
246,HLA-A30:01,11215.14,ANZ78847,GMALSHYYVMP,246,188.0
904,HLA-A30:01,11291.43,ANZ78847,ECSKASSRSAI,904,189.0
89,HLA-A30:01,11324.7,ANZ78847,LSTLWFKPPFL,89,190.0
1142,HLA-A30:01,11344.76,ANZ78847,ISLVQNAPYGL,1142,191.0
668,HLA-A30:01,11352.15,ANZ78847,FRDYLTNRTFM,668,192.0
722,HLA-A30:01,11402.15,ANZ78847,INYFDSYLGCV,722,193.0
378,HLA-A30:01,11445.29,ANZ78847,IQADSFTCNNI,378,194.0
1104,HLA-A30:01,11509.94,ANZ78847,LSDSTLVKFSA,1104,195.0
87,HLA-A30:01,11559.66,ANZ78847,DKLSTLWFKPP,87,196.0
260,HLA-A30:01,11617.65,ANZ78847,ISRRNIGFTLE,260,197.0
951,HLA-A30:01,11709.47,ANZ78847,YKGIKVLPPLL,951,198.0
524,HLA-A30:01,11727.62,ANZ78847,GTNYLTCHNLC,524,199.0
723,HLA-A30:01,11845.71,ANZ78847,NYFDSYLGCVV,723,200.0
705,HLA-A30:01,11856.26,ANZ78847,IKCNYVFNNSL,705,201.0
78,HLA-A30:01,11933.85,ANZ78847,YRNMALKGTDK,78,202.0
256,HLA-A30:01,12047.88,ANZ78847,PLTCISRRNIG,256,203.0
969,HLA-A30:01,12154.74,ANZ78847,YTLAATSASLF,969,204.0
136,HLA-A30:01,12191.75,ANZ78847,NTSYSVVVQPR,136,205.0
204,HLA-A30:01,12303.22,ANZ78847,RNFTYDVNATY,204,206.0
499,HLA-A30:01,12340.77,ANZ78847,PCKSNSSLCVG,499,207.0
757,HLA-A30:01,12344.39,ANZ78847,DYSKNRRSRRA,757,208.0
1273,HLA-A30:01,12445.12,ANZ78847,VEMNRLQEAIK,1273,209.0
680,HLA-A30:01,12520.87,ANZ78847,RSCYSGRVSAA,680,210.0
277,HLA-A30:01,12549.05,ANZ78847,TSRQYLLAFNQ,277,211.0
878,HLA-A30:01,12587.7,ANZ78847,STKLKDGVNFN,878,212.0
1141,HLA-A30:01,12623.04,ANZ78847,IISLVQNAPYG,1141,213.0
627,HLA-A30:01,12635.62,ANZ78847,GVCVNYDLYGI,627,214.0
257,HLA-A30:01,12645.5,ANZ78847,LTCISRRNIGF,257,215.0
484,HLA-A30:01,12672.4,ANZ78847,VVYAQHCFKAP,484,216.0
702,HLA-A30:01,12674.76,ANZ78847,FRNIKCNYVFN,702,217.0
469,HLA-A30:01,12957.95,ANZ78847,SVFKPQPAGVL,469,218.0
401,HLA-A30:01,12974.18,ANZ78847,ITIDKFAIPNG,401,219.0
1310,HLA-A30:01,12979.26,ANZ78847,LLICLAGVAML,1310,220.0
974,HLA-A30:01,13016.11,ANZ78847,TSASLFPPWTA,974,221.0
121,HLA-A30:01,13104.27,ANZ78847,MYSEFPAITIG,121,222.0
812,HLA-A30:01,13113.72,ANZ78847,FIQTSSPKVTI,812,223.0
1150,HLA-A30:01,13286.9,ANZ78847,YGLYFIHFSYV,1150,224.0
699,HLA-A30:01,13417.83,ANZ78847,ALLFRNIKCNY,699,225.0
701,HLA-A30:01,13452.74,ANZ78847,LFRNIKCNYVF,701,226.0
331,HLA-A30:01,13504.51,ANZ78847,DVYRRKPDLPN,331,227.0
738,HLA-A30:01,13578.04,ANZ78847,STAISVQTCDL,738,228.0
609,HLA-A30:01,13578.3,ANZ78847,SGLTCSTDLQK,609,229.0
1184,HLA-A30:01,13595.94,ANZ78847,KSGYFVNVNNT,1184,230.0
634,HLA-A30:01,13620.7,ANZ78847,LYGISGQGIFV,634,231.0
1090,HLA-A30:01,13634.84,ANZ78847,NGRLTALNAYV,1090,232.0
1008,HLA-A30:01,13655.06,ANZ78847,LSQNQKLIANA,1008,233.0
976,HLA-A30:01,13661.19,ANZ78847,ASLFPPWTAAA,976,234.0
810,HLA-A30:01,13769.12,ANZ78847,EEFIQTSSPKV,810,235.0
709,HLA-A30:01,13774.94,ANZ78847,YVFNNSLTRQL,709,236.0
836,HLA-A30:01,13866.54,ANZ78847,KSQLVEYGSFC,836,237.0
665,HLA-A30:01,13872.73,ANZ78847,LYGFRDYLTNR,665,238.0
865,HLA-A30:01,13991.28,ANZ78847,LQVANSLMNGV,865,239.0
334,HLA-A30:01,14002.97,ANZ78847,RRKPDLPNCNI,334,240.0
186,HLA-A30:01,14100.35,ANZ78847,HFKELWHMDTG,186,241.0
252,HLA-A30:01,14174.83,ANZ78847,YYVMPLTCISR,252,242.0
588,HLA-A30:01,14184.23,ANZ78847,DSCLQGDKCNI,588,243.0
973,HLA-A30:01,14223.52,ANZ78847,ATSASLFPPWT,973,244.0
212,HLA-A30:01,14234.52,ANZ78847,ATYLYFHFYQE,212,245.0
968,HLA-A30:01,14295.01,ANZ78847,GYTLAATSASL,968,246.0
98,HLA-A30:01,14393.44,ANZ78847,FLSDFINGIFA,98,247.0
768,HLA-A30:01,14393.76,ANZ78847,ITTGYRFTNFE,768,248.0
597,HLA-A30:01,14453.75,ANZ78847,NIFANLILHDV,597,249.0
456,HLA-A30:01,14461.76,ANZ78847,PSTWNKRFGFI,456,250.0
234,HLA-A30:01,14479.08,ANZ78847,GVVTKFLFNVY,234,251.0
437,HLA-A30:01,14577.25,ANZ78847,SCQLYYNLPAA,437,252.0
1317,HLA-A30:01,14629.95,ANZ78847,VAMLVLLFFIC,1317,253.0
448,HLA-A30:01,14727.24,ANZ78847,NVSVSRFNPST,448,254.0
759,HLA-A30:01,14732.3,ANZ78847,SKNRRSRRAIT,759,255.0
53,HLA-A30:01,14747.57,ANZ78847,YYVLDRVYLNT,53,256.0
488,HLA-A30:01,14775.36,ANZ78847,QHCFKAPKNFC,488,257.0
239,HLA-A30:01,14799.42,ANZ78847,FLFNVYLGMAL,239,258.0
1319,HLA-A30:01,14821.8,ANZ78847,MLVLLFFICCC,1319,259.0
732,HLA-A30:01,14828.42,ANZ78847,VVNAYNSTAIS,732,260.0
156,HLA-A30:01,14834.55,ANZ78847,NKLQGLLEVSV,156,261.0
59,HLA-A30:01,14860.92,ANZ78847,VYLNTTLFLNG,59,262.0
45,HLA-A30:01,14893.09,ANZ78847,DVTNGLGTYYV,45,263.0
995,HLA-A30:01,15044.17,ANZ78847,QYRINGLGVTM,995,264.0
434,HLA-A30:01,15075.2,ANZ78847,TATSCQLYYNL,434,265.0
923,HLA-A30:01,15076.33,ANZ78847,KLSDVGFVAAY,923,266.0
446,HLA-A30:01,15133.06,ANZ78847,AANVSVSRFNP,446,267.0
413,HLA-A30:01,15135.0,ANZ78847,KVDLQLGNLGY,413,268.0
770,HLA-A30:01,15435.62,ANZ78847,TGYRFTNFEPF,770,269.0
991,HLA-A30:01,15467.17,ANZ78847,YLNVQYRINGL,991,270.0
636,HLA-A30:01,15484.01,ANZ78847,GISGQGIFVEV,636,271.0
495,HLA-A30:01,15485.56,ANZ78847,KNFCPCKSNSS,495,272.0
917,HLA-A30:01,15492.15,ANZ78847,LLFDKVKLSDV,917,273.0
869,HLA-A30:01,15498.38,ANZ78847,NSLMNGVTLST,869,274.0
1301,HLA-A30:01,15560.6,ANZ78847,YVKWPWYVWLL,1301,275.0
590,HLA-A30:01,15590.59,ANZ78847,CLQGDKCNIFA,590,276.0
324,HLA-A30:01,15601.87,ANZ78847,YTVQPIADVYR,324,277.0
75,HLA-A30:01,15680.58,ANZ78847,GSTYRNMALKG,75,278.0
731,HLA-A30:01,15688.78,ANZ78847,CVVNAYNSTAI,731,279.0
672,HLA-A30:01,15712.77,ANZ78847,LTNRTFMIRSC,672,280.0
585,HLA-A30:01,15753.68,ANZ78847,WSADSCLQGDK,585,281.0
1194,HLA-A30:01,15800.85,ANZ78847,TWMYTGSGYYY,1194,282.0
210,HLA-A30:01,15808.96,ANZ78847,VNATYLYFHFY,210,283.0
926,HLA-A30:01,15841.21,ANZ78847,DVGFVAAYNNC,926,284.0
114,HLA-A30:01,15846.86,ANZ78847,KVFKDGVMYSE,114,285.0
523,HLA-A30:01,15856.19,ANZ78847,AGTNYLTCHNL,523,286.0
46,HLA-A30:01,15892.77,ANZ78847,VTNGLGTYYVL,46,287.0
284,HLA-A30:01,15977.34,ANZ78847,AFNQDGIIFNA,284,288.0
82,HLA-A30:01,16010.24,ANZ78847,ALKGTDKLSTL,82,289.0
1129,HLA-A30:01,16080.57,ANZ78847,SSRINFCGNGN,1129,290.0
1073,HLA-A30:01,16081.39,ANZ78847,LSRLDALEAEA,1073,291.0
1065,HLA-A30:01,16183.01,ANZ78847,ISSSLQEILSR,1065,292.0
624,HLA-A30:01,16193.43,ANZ78847,IKLGVCVNYDL,624,293.0
1107,HLA-A30:01,16200.89,ANZ78847,STLVKFSAAQA,1107,294.0
276,HLA-A30:01,16427.92,ANZ78847,LTSRQYLLAFN,276,295.0
1229,HLA-A30:01,16477.63,ANZ78847,VMLNTSIPNLP,1229,296.0
392,HLA-A30:01,16545.79,ANZ78847,KIYGMCFSSIT,392,297.0
1309,HLA-A30:01,16631.9,ANZ78847,WLLICLAGVAM,1309,298.0
84,HLA-A30:01,16634.92,ANZ78847,KGTDKLSTLWF,84,299.0
201,HLA-A30:01,16671.6,ANZ78847,LYKRNFTYDVN,201,300.0
345,HLA-A30:01,16735.27,ANZ78847,EAWLNDKSVPS,345,301.0
1284,HLA-A30:01,16779.27,ANZ78847,VLNQSYINLKD,1284,302.0
667,HLA-A30:01,16886.09,ANZ78847,GFRDYLTNRTF,667,303.0
1300,HLA-A30:01,16902.51,ANZ78847,YYVKWPWYVWL,1300,304.0
1188,HLA-A30:01,16910.49,ANZ78847,FVNVNNTWMYT,1188,305.0
1040,HLA-A30:01,16992.9,ANZ78847,IQAVVNANAEA,1040,306.0
695,HLA-A30:01,17012.19,ANZ78847,SSEPALLFRNI,695,307.0
274,HLA-A30:01,17021.03,ANZ78847,TPLTSRQYLLA,274,308.0
209,HLA-A30:01,17081.63,ANZ78847,DVNATYLYFHF,209,309.0
1324,HLA-A30:01,17098.52,ANZ78847,FFICCCTGCGT,1324,310.0
529,HLA-A30:01,17155.58,ANZ78847,TCHNLCNPDPI,529,311.0
492,HLA-A30:01,17220.11,ANZ78847,KAPKNFCPCKS,492,312.0
487,HLA-A30:01,17253.92,ANZ78847,AQHCFKAPKNF,487,313.0
1155,HLA-A30:01,17278.27,ANZ78847,IHFSYVPTKYV,1155,314.0
329,HLA-A30:01,17321.36,ANZ78847,IADVYRRKPDL,329,315.0
704,HLA-A30:01,17330.02,ANZ78847,NIKCNYVFNNS,704,316.0
867,HLA-A30:01,17334.47,ANZ78847,VANSLMNGVTL,867,317.0
304,HLA-A30:01,17335.1,ANZ78847,EIKCKTQSIAP,304,318.0
348,HLA-A30:01,17359.01,ANZ78847,LNDKSVPSPLN,348,319.0
683,HLA-A30:01,17373.5,ANZ78847,YSGRVSAAFHA,683,320.0
4,HLA-A30:01,17374.35,ANZ78847,LLISLPTAFAV,4,321.0
649,HLA-A30:01,17396.68,ANZ78847,TYYNSWQNLLY,649,322.0
905,HLA-A30:01,17426.26,ANZ78847,CSKASSRSAIE,905,323.0
447,HLA-A30:01,17435.82,ANZ78847,ANVSVSRFNPS,447,324.0
1135,HLA-A30:01,17457.01,ANZ78847,CGNGNHIISLV,1135,325.0
1094,HLA-A30:01,17468.78,ANZ78847,TALNAYVSQQL,1094,326.0
341,HLA-A30:01,17484.86,ANZ78847,NCNIEAWLNDK,341,327.0
1187,HLA-A30:01,17551.41,ANZ78847,YFVNVNNTWMY,1187,328.0
594,HLA-A30:01,17562.53,ANZ78847,DKCNIFANLIL,594,329.0
1162,HLA-A30:01,17655.0,ANZ78847,TKYVTAKVSPG,1162,330.0
421,HLA-A30:01,17764.83,ANZ78847,LGYLQSFNYRI,421,331.0
119,HLA-A30:01,17769.43,ANZ78847,GVMYSEFPAIT,119,332.0
364,HLA-A30:01,17823.19,ANZ78847,FSNCNFNMSSL,364,333.0
546,HLA-A30:01,17836.97,ANZ78847,KCPQSKSLVGI,546,334.0
441,HLA-A30:01,17936.78,ANZ78847,YYNLPAANVSV,441,335.0
498,HLA-A30:01,17944.77,ANZ78847,CPCKSNSSLCV,498,336.0
267,HLA-A30:01,17978.39,ANZ78847,FTLEYWVTPLT,267,337.0
500,HLA-A30:01,17989.97,ANZ78847,CKSNSSLCVGS,500,338.0
1305,HLA-A30:01,18002.07,ANZ78847,PWYVWLLICLA,1305,339.0
213,HLA-A30:01,18006.63,ANZ78847,TYLYFHFYQEG,213,340.0
1263,HLA-A30:01,18029.96,ANZ78847,YINVTFLDLQV,1263,341.0
62,HLA-A30:01,18071.23,ANZ78847,NTTLFLNGYYP,62,342.0
641,HLA-A30:01,18110.83,ANZ78847,GIFVEVNATYY,641,343.0
51,HLA-A30:01,18120.76,ANZ78847,GTYYVLDRVYL,51,344.0
367,HLA-A30:01,18175.52,ANZ78847,CNFNMSSLMSF,367,345.0
1159,HLA-A30:01,18233.43,ANZ78847,YVPTKYVTAKV,1159,346.0
987,HLA-A30:01,18335.83,ANZ78847,GVPFYLNVQYR,987,347.0
127,HLA-A30:01,18369.01,ANZ78847,AITIGSTFVNT,127,348.0
1321,HLA-A30:01,18504.03,ANZ78847,VLLFFICCCTG,1321,349.0
693,HLA-A30:01,18518.94,ANZ78847,ANSSEPALLFR,693,350.0
773,HLA-A30:01,18528.74,ANZ78847,RFTNFEPFTVN,773,351.0
52,HLA-A30:01,18539.22,ANZ78847,TYYVLDRVYLN,52,352.0
1275,HLA-A30:01,18654.67,ANZ78847,MNRLQEAIKVL,1275,353.0
200,HLA-A30:01,18658.89,ANZ78847,CLYKRNFTYDV,200,354.0
365,HLA-A30:01,18726.0,ANZ78847,SNCNFNMSSLM,365,355.0
110,HLA-A30:01,18744.35,ANZ78847,VKNTKVFKDGV,110,356.0
549,HLA-A30:01,18849.42,ANZ78847,QSKSLVGIGEH,549,357.0
1214,HLA-A30:01,18909.22,ANZ78847,VVMSTCAVNYT,1214,358.0
620,HLA-A30:01,18916.82,ANZ78847,ANTDIKLGVCV,620,359.0
1323,HLA-A30:01,18995.13,ANZ78847,LFFICCCTGCG,1323,360.0
1169,HLA-A30:01,19082.47,ANZ78847,VSPGLCIAGDR,1169,361.0
128,HLA-A30:01,19107.67,ANZ78847,ITIGSTFVNTS,128,362.0
34,HLA-A30:01,19116.51,ANZ78847,TGPPSISTATV,34,363.0
1164,HLA-A30:01,19164.38,ANZ78847,YVTAKVSPGLC,1164,364.0
1247,HLA-A30:01,19211.31,ANZ78847,QWFKNQTSVAP,1247,365.0
460,HLA-A30:01,19270.19,ANZ78847,NKRFGFIEDSV,460,366.0
946,HLA-A30:01,19309.85,ANZ78847,ICVQSYKGIKV,946,367.0
748,HLA-A30:01,19338.72,ANZ78847,LTVGSGYCVDY,748,368.0
714,HLA-A30:01,19439.15,ANZ78847,SLTRQLQPINY,714,369.0
717,HLA-A30:01,19440.36,ANZ78847,RQLQPINYFDS,717,370.0
618,HLA-A30:01,19456.11,ANZ78847,QKANTDIKLGV,618,371.0
1055,HLA-A30:01,19468.76,ANZ78847,LQQLSNRFGAI,1055,372.0
1156,HLA-A30:01,19476.73,ANZ78847,HFSYVPTKYVT,1156,373.0
1168,HLA-A30:01,19483.3,ANZ78847,KVSPGLCIAGD,1168,374.0
1303,HLA-A30:01,19491.29,ANZ78847,KWPWYVWLLIC,1303,375.0
194,HLA-A30:01,19514.01,ANZ78847,DTGVVSCLYKR,194,376.0
949,HLA-A30:01,19555.89,ANZ78847,QSYKGIKVLPP,949,377.0
603,HLA-A30:01,19561.61,ANZ78847,ILHDVNSGLTC,603,378.0
922,HLA-A30:01,19625.5,ANZ78847,VKLSDVGFVAA,922,379.0
347,HLA-A30:01,19817.16,ANZ78847,WLNDKSVPSPL,347,380.0
118,HLA-A30:01,19834.8,ANZ78847,DGVMYSEFPAI,118,381.0
971,HLA-A30:01,19846.32,ANZ78847,LAATSASLFPP,971,382.0
13,HLA-A30:01,19863.97,ANZ78847,AVIGDLKCPLD,13,383.0
1308,HLA-A30:01,19908.17,ANZ78847,VWLLICLAGVA,1308,384.0
909,HLA-A30:01,19963.99,ANZ78847,SSRSAIEDLLF,909,385.0
1138,HLA-A30:01,19997.11,ANZ78847,GNHIISLVQNA,1138,386.0
330,HLA-A30:01,20015.1,ANZ78847,ADVYRRKPDLP,330,387.0
593,HLA-A30:01,20032.8,ANZ78847,GDKCNIFANLI,593,388.0
703,HLA-A30:01,20063.97,ANZ78847,RNIKCNYVFNN,703,389.0
982,HLA-A30:01,20066.33,ANZ78847,WTAAAGVPFYL,982,390.0
1307,HLA-A30:01,20093.55,ANZ78847,YVWLLICLAGV,1307,391.0
920,HLA-A30:01,20117.91,ANZ78847,DKVKLSDVGFV,920,392.0
540,HLA-A30:01,20130.4,ANZ78847,TFTGPYKCPQS,540,393.0
1071,HLA-A30:01,20166.42,ANZ78847,EILSRLDALEA,1071,394.0
1216,HLA-A30:01,20197.76,ANZ78847,MSTCAVNYTKA,1216,395.0
1254,HLA-A30:01,20223.16,ANZ78847,SVAPDLALDYI,1254,396.0
1015,HLA-A30:01,20250.64,ANZ78847,IANAFNNALDA,1015,397.0
1225,HLA-A30:01,20254.88,ANZ78847,KAPYVMLNTSI,1225,398.0
1259,HLA-A30:01,20265.27,ANZ78847,LALDYINVTFL,1259,399.0
1066,HLA-A30:01,20269.32,ANZ78847,SSSLQEILSRL,1066,400.0
981,HLA-A30:01,20326.44,ANZ78847,PWTAAAGVPFY,981,401.0
253,HLA-A30:01,20374.72,ANZ78847,YVMPLTCISRR,253,402.0
255,HLA-A30:01,20401.74,ANZ78847,MPLTCISRRNI,255,403.0
489,HLA-A30:01,20412.9,ANZ78847,HCFKAPKNFCP,489,404.0
225,HLA-A30:01,20429.53,ANZ78847,TFYAYFTDTGV,225,405.0
1313,HLA-A30:01,20507.21,ANZ78847,CLAGVAMLVLL,1313,406.0
305,HLA-A30:01,20510.96,ANZ78847,IKCKTQSIAPP,305,407.0
551,HLA-A30:01,20520.74,ANZ78847,KSLVGIGEHCS,551,408.0
48,HLA-A30:01,20525.79,ANZ78847,NGLGTYYVLDR,48,409.0
389,HLA-A30:01,20665.97,ANZ78847,DAAKIYGMCFS,389,410.0
642,HLA-A30:01,20754.3,ANZ78847,IFVEVNATYYN,642,411.0
405,HLA-A30:01,20774.58,ANZ78847,KFAIPNGRKVD,405,412.0
54,HLA-A30:01,20807.73,ANZ78847,YVLDRVYLNTT,54,413.0
1034,HLA-A30:01,20836.55,ANZ78847,NSALVKIQAVV,1034,414.0
486,HLA-A30:01,20869.13,ANZ78847,YAQHCFKAPKN,486,415.0
1132,HLA-A30:01,20878.34,ANZ78847,INFCGNGNHII,1132,416.0
352,HLA-A30:01,20892.58,ANZ78847,SVPSPLNWERK,352,417.0
207,HLA-A30:01,20936.73,ANZ78847,TYDVNATYLYF,207,418.0
1086,HLA-A30:01,20994.68,ANZ78847,DRLINGRLTAL,1086,419.0
1035,HLA-A30:01,21000.06,ANZ78847,SALVKIQAVVN,1035,420.0
1095,HLA-A30:01,21073.43,ANZ78847,ALNAYVSQQLS,1095,421.0
139,HLA-A30:01,21094.32,ANZ78847,YSVVVQPRTIN,139,422.0
1213,HLA-A30:01,21210.97,ANZ78847,VVVMSTCAVNY,1213,423.0
197,HLA-A30:01,21231.87,ANZ78847,VVSCLYKRNFT,197,424.0
677,HLA-A30:01,21234.82,ANZ78847,FMIRSCYSGRV,677,425.0
1100,HLA-A30:01,21247.56,ANZ78847,VSQQLSDSTLV,1100,426.0
242,HLA-A30:01,21271.81,ANZ78847,NVYLGMALSHY,242,427.0
453,HLA-A30:01,21292.64,ANZ78847,RFNPSTWNKRF,453,428.0
443,HLA-A30:01,21315.67,ANZ78847,NLPAANVSVSR,443,429.0
30,HLA-A30:01,21318.78,ANZ78847,NNIDTGPPSIS,30,430.0
1230,HLA-A30:01,21334.57,ANZ78847,MLNTSIPNLPD,1230,431.0
108,HLA-A30:01,21339.51,ANZ78847,AKVKNTKVFKD,108,432.0
983,HLA-A30:01,21348.98,ANZ78847,TAAAGVPFYLN,983,433.0
125,HLA-A30:01,21358.59,ANZ78847,FPAITIGSTFV,125,434.0
226,HLA-A30:01,21410.69,ANZ78847,FYAYFTDTGVV,226,435.0
28,HLA-A30:01,21438.73,ANZ78847,SLNNIDTGPPS,28,436.0
875,HLA-A30:01,21476.23,ANZ78847,VTLSTKLKDGV,875,437.0
684,HLA-A30:01,21501.38,ANZ78847,SGRVSAAFHAN,684,438.0
1326,HLA-A30:01,21527.62,ANZ78847,ICCCTGCGTSC,1326,439.0
1232,HLA-A30:01,21578.42,ANZ78847,NTSIPNLPDFR,1232,440.0
360,HLA-A30:01,21586.57,ANZ78847,ERKTFSNCNFN,360,441.0
970,HLA-A30:01,21588.82,ANZ78847,TLAATSASLFP,970,442.0
1144,HLA-A30:01,21629.53,ANZ78847,LVQNAPYGLYF,1144,443.0
819,HLA-A30:01,21691.38,ANZ78847,KVTIDCAAFVC,819,444.0
60,HLA-A30:01,21706.64,ANZ78847,YLNTTLFLNGY,60,445.0
629,HLA-A30:01,21744.77,ANZ78847,CVNYDLYGISG,629,446.0
1108,HLA-A30:01,21747.8,ANZ78847,TLVKFSAAQAM,1108,447.0
953,HLA-A30:01,21764.88,ANZ78847,GIKVLPPLLSE,953,448.0
682,HLA-A30:01,21809.21,ANZ78847,CYSGRVSAAFH,682,449.0
761,HLA-A30:01,21817.65,ANZ78847,NRRSRRAITTG,761,450.0
303,HLA-A30:01,21864.93,ANZ78847,SEIKCKTQSIA,303,451.0
871,HLA-A30:01,21901.55,ANZ78847,LMNGVTLSTKL,871,452.0
23,HLA-A30:01,21959.91,ANZ78847,DSRTGSLNNID,23,453.0
697,HLA-A30:01,21971.9,ANZ78847,EPALLFRNIKC,697,454.0
283,HLA-A30:01,21979.48,ANZ78847,LAFNQDGIIFN,283,455.0
1006,HLA-A30:01,21987.76,ANZ78847,DVLSQNQKLIA,1006,456.0
1039,HLA-A30:01,22001.52,ANZ78847,KIQAVVNANAE,1039,457.0
1083,HLA-A30:01,22015.44,ANZ78847,AQIDRLINGRL,1083,458.0
932,HLA-A30:01,22037.09,ANZ78847,AYNNCTGGAEI,932,459.0
14,HLA-A30:01,22038.18,ANZ78847,VIGDLKCPLDS,14,460.0
767,HLA-A30:01,22053.06,ANZ78847,AITTGYRFTNF,767,461.0
784,HLA-A30:01,22055.61,ANZ78847,SVNDSLEPVGG,784,462.0
688,HLA-A30:01,22060.9,ANZ78847,SAAFHANSSEP,688,463.0
1265,HLA-A30:01,22082.49,ANZ78847,NVTFLDLQVEM,1265,464.0
1249,HLA-A30:01,22086.63,ANZ78847,FKNQTSVAPDL,1249,465.0
891,HLA-A30:01,22103.06,ANZ78847,DINFSSVLGCL,891,466.0
1058,HLA-A30:01,22159.49,ANZ78847,LSNRFGAISSS,1058,467.0
65,HLA-A30:01,22179.17,ANZ78847,LFLNGYYPTSG,65,468.0
440,HLA-A30:01,22203.82,ANZ78847,LYYNLPAANVS,440,469.0
81,HLA-A30:01,22254.29,ANZ78847,MALKGTDKLST,81,470.0
674,HLA-A30:01,22259.64,ANZ78847,NRTFMIRSCYS,674,471.0
832,HLA-A30:01,22264.19,ANZ78847,YAACKSQLVEY,832,472.0
537,HLA-A30:01,22297.29,ANZ78847,DPITFTGPYKC,537,473.0
375,HLA-A30:01,22315.01,ANZ78847,MSFIQADSFTC,375,474.0
176,HLA-A30:01,22363.44,ANZ78847,HTICHPNLGNH,176,475.0
907,HLA-A30:01,22384.13,ANZ78847,KASSRSAIEDL,907,476.0
679,HLA-A30:01,22458.28,ANZ78847,IRSCYSGRVSA,679,477.0
1302,HLA-A30:01,22475.3,ANZ78847,VKWPWYVWLLI,1302,478.0
657,HLA-A30:01,22510.08,ANZ78847,LLYDSNGNLYG,657,479.0
113,HLA-A30:01,22531.48,ANZ78847,TKVFKDGVMYS,113,480.0
220,HLA-A30:01,22555.44,ANZ78847,YQEGGTFYAYF,220,481.0
1133,HLA-A30:01,22560.76,ANZ78847,NFCGNGNHIIS,1133,482.0
545,HLA-A30:01,22594.74,ANZ78847,YKCPQSKSLVG,545,483.0
433,HLA-A30:01,22708.82,ANZ78847,TTATSCQLYYN,433,484.0
1297,HLA-A30:01,22714.19,ANZ78847,TYEYYVKWPWY,1297,485.0
975,HLA-A30:01,22726.62,ANZ78847,SASLFPPWTAA,975,486.0
73,HLA-A30:01,22830.67,ANZ78847,TSGSTYRNMAL,73,487.0
400,HLA-A30:01,22867.33,ANZ78847,SITIDKFAIPN,400,488.0
479,HLA-A30:01,22867.53,ANZ78847,LTNHDVVYAQH,479,489.0
938,HLA-A30:01,22882.89,ANZ78847,GGAEIRDLICV,938,490.0
1271,HLA-A30:01,22914.65,ANZ78847,LQVEMNRLQEA,1271,491.0
1292,HLA-A30:01,23014.72,ANZ78847,LKDIGTYEYYV,1292,492.0
1007,HLA-A30:01,23030.19,ANZ78847,VLSQNQKLIAN,1007,493.0
273,HLA-A30:01,23110.25,ANZ78847,VTPLTSRQYLL,273,494.0
465,HLA-A30:01,23121.32,ANZ78847,FIEDSVFKPQP,465,495.0
1057,HLA-A30:01,23133.69,ANZ78847,QLSNRFGAISS,1057,496.0
430,HLA-A30:01,23135.65,ANZ78847,RIDTTATSCQL,430,497.0
1274,HLA-A30:01,23191.23,ANZ78847,EMNRLQEAIKV,1274,498.0
112,HLA-A30:01,23226.68,ANZ78847,NTKVFKDGVMY,112,499.0
439,HLA-A30:01,23284.48,ANZ78847,QLYYNLPAANV,439,500.0
1330,HLA-A30:01,23314.84,ANZ78847,TGCGTSCFKKC,1330,501.0
410,HLA-A30:01,23316.71,ANZ78847,NGRKVDLQLGN,410,502.0
990,HLA-A30:01,23320.18,ANZ78847,FYLNVQYRING,990,503.0
36,HLA-A30:01,23322.97,ANZ78847,PPSISTATVDV,36,504.0
1210,HLA-A30:01,23325.21,ANZ78847,ENNVVVMSTCA,1210,505.0
1050,HLA-A30:01,23351.0,ANZ78847,ALNNLLQQLSN,1050,506.0
398,HLA-A30:01,23359.59,ANZ78847,FSSITIDKFAI,398,507.0
1151,HLA-A30:01,23470.39,ANZ78847,GLYFIHFSYVP,1151,508.0
150,HLA-A30:01,23478.67,ANZ78847,STQDGVNKLQG,150,509.0
525,HLA-A30:01,23521.53,ANZ78847,TNYLTCHNLCN,525,510.0
386,HLA-A30:01,23556.68,ANZ78847,NNIDAAKIYGM,386,511.0
1290,HLA-A30:01,23567.33,ANZ78847,INLKDIGTYEY,1290,512.0
671,HLA-A30:01,23612.25,ANZ78847,YLTNRTFMIRS,671,513.0
1218,HLA-A30:01,23631.38,ANZ78847,TCAVNYTKAPY,1218,514.0
466,HLA-A30:01,23726.31,ANZ78847,IEDSVFKPQPA,466,515.0
168,HLA-A30:01,23748.26,ANZ78847,QYNMCEYPHTI,168,516.0
664,HLA-A30:01,23756.56,ANZ78847,NLYGFRDYLTN,664,517.0
244,HLA-A30:01,23778.49,ANZ78847,YLGMALSHYYV,244,518.0
42,HLA-A30:01,23823.98,ANZ78847,ATVDVTNGLGT,42,519.0
183,HLA-A30:01,23837.33,ANZ78847,LGNHFKELWHM,183,520.0
623,HLA-A30:01,23894.58,ANZ78847,DIKLGVCVNYD,623,521.0
496,HLA-A30:01,23921.25,ANZ78847,NFCPCKSNSSL,496,522.0
1147,HLA-A30:01,23955.08,ANZ78847,NAPYGLYFIHF,1147,523.0
403,HLA-A30:01,23965.8,ANZ78847,IDKFAIPNGRK,403,524.0
944,HLA-A30:01,24007.45,ANZ78847,DLICVQSYKGI,944,525.0
707,HLA-A30:01,24025.74,ANZ78847,CNYVFNNSLTR,707,526.0
775,HLA-A30:01,24047.93,ANZ78847,TNFEPFTVNSV,775,527.0
282,HLA-A30:01,24068.06,ANZ78847,LLAFNQDGIIF,282,528.0
116,HLA-A30:01,24070.64,ANZ78847,FKDGVMYSEFP,116,529.0
843,HLA-A30:01,24076.85,ANZ78847,GSFCDNINAIL,843,530.0
265,HLA-A30:01,24135.89,ANZ78847,IGFTLEYWVTP,265,531.0
783,HLA-A30:01,24163.86,ANZ78847,NSVNDSLEPVG,783,532.0
307,HLA-A30:01,24256.69,ANZ78847,CKTQSIAPPTG,307,533.0
1198,HLA-A30:01,24268.22,ANZ78847,TGSGYYYPEPI,1198,534.0
1045,HLA-A30:01,24275.94,ANZ78847,NANAEALNNLL,1045,535.0
1062,HLA-A30:01,24283.23,ANZ78847,FGAISSSLQEI,1062,536.0
258,HLA-A30:01,24299.59,ANZ78847,TCISRRNIGFT,258,537.0
457,HLA-A30:01,24317.83,ANZ78847,STWNKRFGFIE,457,538.0
468,HLA-A30:01,24377.3,ANZ78847,DSVFKPQPAGV,468,539.0
470,HLA-A30:01,24412.53,ANZ78847,VFKPQPAGVLT,470,540.0
592,HLA-A30:01,24435.33,ANZ78847,QGDKCNIFANL,592,541.0
1037,HLA-A30:01,24451.52,ANZ78847,LVKIQAVVNAN,1037,542.0
617,HLA-A30:01,24475.52,ANZ78847,LQKANTDIKLG,617,543.0
915,HLA-A30:01,24523.15,ANZ78847,EDLLFDKVKLS,915,544.0
1221,HLA-A30:01,24537.42,ANZ78847,VNYTKAPYVML,1221,545.0
1161,HLA-A30:01,24634.91,ANZ78847,PTKYVTAKVSP,1161,546.0
1196,HLA-A30:01,24636.44,ANZ78847,MYTGSGYYYPE,1196,547.0
1222,HLA-A30:01,24645.4,ANZ78847,NYTKAPYVMLN,1222,548.0
825,HLA-A30:01,24691.58,ANZ78847,AAFVCGDYAAC,825,549.0
555,HLA-A30:01,24700.52,ANZ78847,GIGEHCSGLAV,555,550.0
887,HLA-A30:01,24733.76,ANZ78847,FNVDDINFSSV,887,551.0
402,HLA-A30:01,24815.14,ANZ78847,TIDKFAIPNGR,402,552.0
100,HLA-A30:01,24819.32,ANZ78847,SDFINGIFAKV,100,553.0
1217,HLA-A30:01,24826.85,ANZ78847,STCAVNYTKAP,1217,554.0
173,HLA-A30:01,24838.31,ANZ78847,EYPHTICHPNL,173,555.0
297,HLA-A30:01,24871.91,ANZ78847,CMSDFMSEIKC,297,556.0
2,HLA-A30:01,24879.39,ANZ78847,LILLISLPTAF,2,557.0
1288,HLA-A30:01,24889.33,ANZ78847,SYINLKDIGTY,1288,558.0
357,HLA-A30:01,24892.0,ANZ78847,LNWERKTFSNC,357,559.0
571,HLA-A30:01,24928.82,ANZ78847,GGNPCTCQPQA,571,560.0
1149,HLA-A30:01,25001.07,ANZ78847,PYGLYFIHFSY,1149,561.0
544,HLA-A30:01,25016.54,ANZ78847,PYKCPQSKSLV,544,562.0
621,HLA-A30:01,25028.97,ANZ78847,NTDIKLGVCVN,621,563.0
1056,HLA-A30:01,25118.05,ANZ78847,QQLSNRFGAIS,1056,564.0
25,HLA-A30:01,25123.66,ANZ78847,RTGSLNNIDTG,25,565.0
513,HLA-A30:01,25128.13,ANZ78847,GKNNGIGTCPA,513,566.0
1075,HLA-A30:01,25141.62,ANZ78847,RLDALEAEAQI,1075,567.0
1143,HLA-A30:01,25144.15,ANZ78847,SLVQNAPYGLY,1143,568.0
224,HLA-A30:01,25150.61,ANZ78847,GTFYAYFTDTG,224,569.0
1127,HLA-A30:01,25158.63,ANZ78847,SQSSRINFCGN,1127,570.0
1227,HLA-A30:01,25170.35,ANZ78847,PYVMLNTSIPN,1227,571.0
208,HLA-A30:01,25183.36,ANZ78847,YDVNATYLYFH,208,572.0
211,HLA-A30:01,25190.96,ANZ78847,NATYLYFHFYQ,211,573.0
420,HLA-A30:01,25209.51,ANZ78847,NLGYLQSFNYR,420,574.0
892,HLA-A30:01,25213.3,ANZ78847,INFSSVLGCLG,892,575.0
450,HLA-A30:01,25215.12,ANZ78847,SVSRFNPSTWN,450,576.0
137,HLA-A30:01,25219.37,ANZ78847,TSYSVVVQPRT,137,577.0
319,HLA-A30:01,25236.62,ANZ78847,YELNGYTVQPI,319,578.0
619,HLA-A30:01,25292.21,ANZ78847,KANTDIKLGVC,619,579.0
977,HLA-A30:01,25306.5,ANZ78847,SLFPPWTAAAG,977,580.0
1134,HLA-A30:01,25310.93,ANZ78847,FCGNGNHIISL,1134,581.0
846,HLA-A30:01,25316.33,ANZ78847,CDNINAILTEV,846,582.0
1033,HLA-A30:01,25316.35,ANZ78847,TNSALVKIQAV,1033,583.0
268,HLA-A30:01,25357.9,ANZ78847,TLEYWVTPLTS,268,584.0
92,HLA-A30:01,25457.2,ANZ78847,LWFKPPFLSDF,92,585.0
275,HLA-A30:01,25494.32,ANZ78847,PLTSRQYLLAF,275,586.0
762,HLA-A30:01,25499.87,ANZ78847,RRSRRAITTGY,762,587.0
199,HLA-A30:01,25529.72,ANZ78847,SCLYKRNFTYD,199,588.0
93,HLA-A30:01,25620.78,ANZ78847,WFKPPFLSDFI,93,589.0
279,HLA-A30:01,25637.1,ANZ78847,RQYLLAFNQDG,279,590.0
1085,HLA-A30:01,25671.84,ANZ78847,IDRLINGRLTA,1085,591.0
1053,HLA-A30:01,25695.27,ANZ78847,NLLQQLSNRFG,1053,592.0
741,HLA-A30:01,25706.41,ANZ78847,ISVQTCDLTVG,741,593.0
833,HLA-A30:01,25708.66,ANZ78847,AACKSQLVEYG,833,594.0
397,HLA-A30:01,25716.23,ANZ78847,CFSSITIDKFA,397,595.0
814,HLA-A30:01,25724.56,ANZ78847,QTSSPKVTIDC,814,596.0
135,HLA-A30:01,25734.21,ANZ78847,VNTSYSVVVQP,135,597.0
195,HLA-A30:01,25757.42,ANZ78847,TGVVSCLYKRN,195,598.0
1092,HLA-A30:01,25761.17,ANZ78847,RLTALNAYVSQ,1092,599.0
1189,HLA-A30:01,25793.89,ANZ78847,VNVNNTWMYTG,1189,600.0
1137,HLA-A30:01,25861.0,ANZ78847,NGNHIISLVQN,1137,601.0
387,HLA-A30:01,25881.52,ANZ78847,NIDAAKIYGMC,387,602.0
724,HLA-A30:01,25886.28,ANZ78847,YFDSYLGCVVN,724,603.0
989,HLA-A30:01,25918.06,ANZ78847,PFYLNVQYRIN,989,604.0
285,HLA-A30:01,25918.88,ANZ78847,FNQDGIIFNAV,285,605.0
858,HLA-A30:01,25930.51,ANZ78847,ELLDTTQLQVA,858,606.0
824,HLA-A30:01,25944.33,ANZ78847,CAAFVCGDYAA,824,607.0
1051,HLA-A30:01,25944.45,ANZ78847,LNNLLQQLSNR,1051,608.0
292,HLA-A30:01,25946.54,ANZ78847,FNAVDCMSDFM,292,609.0
1180,HLA-A30:01,25949.37,ANZ78847,GIAPKSGYFVN,1180,610.0
157,HLA-A30:01,25964.08,ANZ78847,KLQGLLEVSVC,157,611.0
269,HLA-A30:01,25969.49,ANZ78847,LEYWVTPLTSR,269,612.0
20,HLA-A30:01,25971.66,ANZ78847,CPLDSRTGSLN,20,613.0
993,HLA-A30:01,25972.28,ANZ78847,NVQYRINGLGV,993,614.0
146,HLA-A30:01,25972.86,ANZ78847,RTINSTQDGVN,146,615.0
1026,HLA-A30:01,25979.18,ANZ78847,IQEGFDATNSA,1026,616.0
681,HLA-A30:01,26063.17,ANZ78847,SCYSGRVSAAF,681,617.0
12,HLA-A30:01,26101.5,ANZ78847,FAVIGDLKCPL,12,618.0
445,HLA-A30:01,26101.96,ANZ78847,PAANVSVSRFN,445,619.0
1042,HLA-A30:01,26102.05,ANZ78847,AVVNANAEALN,1042,620.0
1103,HLA-A30:01,26149.06,ANZ78847,QLSDSTLVKFS,1103,621.0
69,HLA-A30:01,26149.64,ANZ78847,GYYPTSGSTYR,69,622.0
325,HLA-A30:01,26168.28,ANZ78847,TVQPIADVYRR,325,623.0
1123,HLA-A30:01,26192.81,ANZ78847,ECVKSQSSRIN,1123,624.0
1146,HLA-A30:01,26267.62,ANZ78847,QNAPYGLYFIH,1146,625.0
765,HLA-A30:01,26269.24,ANZ78847,RRAITTGYRFT,765,626.0
1203,HLA-A30:01,26308.43,ANZ78847,YYPEPITENNV,1203,627.0
811,HLA-A30:01,26329.69,ANZ78847,EFIQTSSPKVT,811,628.0
76,HLA-A30:01,26345.53,ANZ78847,STYRNMALKGT,76,629.0
432,HLA-A30:01,26434.81,ANZ78847,DTTATSCQLYY,432,630.0
281,HLA-A30:01,26437.6,ANZ78847,YLLAFNQDGII,281,631.0
177,HLA-A30:01,26439.55,ANZ78847,TICHPNLGNHF,177,632.0
1331,HLA-A30:01,26500.01,ANZ78847,GCGTSCFKKCG,1331,633.0
240,HLA-A30:01,26518.93,ANZ78847,LFNVYLGMALS,240,634.0
1212,HLA-A30:01,26519.18,ANZ78847,NVVVMSTCAVN,1212,635.0
21,HLA-A30:01,26596.76,ANZ78847,PLDSRTGSLNN,21,636.0
933,HLA-A30:01,26613.58,ANZ78847,YNNCTGGAEIR,933,637.0
1250,HLA-A30:01,26676.98,ANZ78847,KNQTSVAPDLA,1250,638.0
1117,HLA-A30:01,26680.48,ANZ78847,AMEKVNECVKS,1117,639.0
425,HLA-A30:01,26687.45,ANZ78847,QSFNYRIDTTA,425,640.0
1038,HLA-A30:01,26713.33,ANZ78847,VKIQAVVNANA,1038,641.0
692,HLA-A30:01,26747.84,ANZ78847,HANSSEPALLF,692,642.0
830,HLA-A30:01,26801.76,ANZ78847,GDYAACKSQLV,830,643.0
428,HLA-A30:01,26851.53,ANZ78847,NYRIDTTATSC,428,644.0
994,HLA-A30:01,26861.62,ANZ78847,VQYRINGLGVT,994,645.0
102,HLA-A30:01,26870.05,ANZ78847,FINGIFAKVKN,102,646.0
316,HLA-A30:01,26873.5,ANZ78847,TGVYELNGYTV,316,647.0
963,HLA-A30:01,26899.75,ANZ78847,ENQISGYTLAA,963,648.0
190,HLA-A30:01,26901.96,ANZ78847,LWHMDTGVVSC,190,649.0
1298,HLA-A30:01,26930.29,ANZ78847,YEYYVKWPWYV,1298,650.0
539,HLA-A30:01,27013.66,ANZ78847,ITFTGPYKCPQ,539,651.0
264,HLA-A30:01,27016.96,ANZ78847,NIGFTLEYWVT,264,652.0
1028,HLA-A30:01,27021.61,ANZ78847,EGFDATNSALV,1028,653.0
1199,HLA-A30:01,27049.8,ANZ78847,GSGYYYPEPIT,1199,654.0
1267,HLA-A30:01,27076.73,ANZ78847,TFLDLQVEMNR,1267,655.0
363,HLA-A30:01,27109.76,ANZ78847,TFSNCNFNMSS,363,656.0
893,HLA-A30:01,27190.72,ANZ78847,NFSSVLGCLGS,893,657.0
710,HLA-A30:01,27248.61,ANZ78847,VFNNSLTRQLQ,710,658.0
1224,HLA-A30:01,27273.23,ANZ78847,TKAPYVMLNTS,1224,659.0
908,HLA-A30:01,27273.42,ANZ78847,ASSRSAIEDLL,908,660.0
10,HLA-A30:01,27274.02,ANZ78847,TAFAVIGDLKC,10,661.0
1190,HLA-A30:01,27281.85,ANZ78847,NVNNTWMYTGS,1190,662.0
55,HLA-A30:01,27291.55,ANZ78847,VLDRVYLNTTL,55,663.0
1261,HLA-A30:01,27294.57,ANZ78847,LDYINVTFLDL,1261,664.0
373,HLA-A30:01,27364.83,ANZ78847,SLMSFIQADSF,373,665.0
978,HLA-A30:01,27373.34,ANZ78847,LFPPWTAAAGV,978,666.0
727,HLA-A30:01,27388.51,ANZ78847,SYLGCVVNAYN,727,667.0
232,HLA-A30:01,27396.67,ANZ78847,DTGVVTKFLFN,232,668.0
318,HLA-A30:01,27413.74,ANZ78847,VYELNGYTVQP,318,669.0
187,HLA-A30:01,27422.88,ANZ78847,FKELWHMDTGV,187,670.0
1245,HLA-A30:01,27429.63,ANZ78847,LDQWFKNQTSV,1245,671.0
419,HLA-A30:01,27442.41,ANZ78847,GNLGYLQSFNY,419,672.0
834,HLA-A30:01,27442.47,ANZ78847,ACKSQLVEYGS,834,673.0
659,HLA-A30:01,27456.24,ANZ78847,YDSNGNLYGFR,659,674.0
1279,HLA-A30:01,27467.45,ANZ78847,QEAIKVLNQSY,1279,675.0
423,HLA-A30:01,27479.58,ANZ78847,YLQSFNYRIDT,423,676.0
895,HLA-A30:01,27484.85,ANZ78847,SSVLGCLGSEC,895,677.0
1080,HLA-A30:01,27491.57,ANZ78847,EAEAQIDRLIN,1080,678.0
547,HLA-A30:01,27508.62,ANZ78847,CPQSKSLVGIG,547,679.0
162,HLA-A30:01,27540.01,ANZ78847,LEVSVCQYNMC,162,680.0
581,HLA-A30:01,27584.95,ANZ78847,AFLGWSADSCL,581,681.0
483,HLA-A30:01,27602.14,ANZ78847,DVVYAQHCFKA,483,682.0
1336,HLA-A30:01,27604.08,ANZ78847,CFKKCGGCCDD,1336,683.0
947,HLA-A30:01,27608.37,ANZ78847,CVQSYKGIKVL,947,684.0
467,HLA-A30:01,27617.59,ANZ78847,EDSVFKPQPAG,467,685.0
79,HLA-A30:01,27630.83,ANZ78847,RNMALKGTDKL,79,686.0
359,HLA-A30:01,27633.0,ANZ78847,WERKTFSNCNF,359,687.0
383,HLA-A30:01,27654.22,ANZ78847,FTCNNIDAAKI,383,688.0
864,HLA-A30:01,27654.94,ANZ78847,QLQVANSLMNG,864,689.0
729,HLA-A30:01,27671.24,ANZ78847,LGCVVNAYNST,729,690.0
438,HLA-A30:01,27703.07,ANZ78847,CQLYYNLPAAN,438,691.0
458,HLA-A30:01,27709.71,ANZ78847,TWNKRFGFIED,458,692.0
726,HLA-A30:01,27724.85,ANZ78847,DSYLGCVVNAY,726,693.0
1148,HLA-A30:01,27732.18,ANZ78847,APYGLYFIHFS,1148,694.0
1154,HLA-A30:01,27752.79,ANZ78847,FIHFSYVPTKY,1154,695.0
272,HLA-A30:01,27752.95,ANZ78847,WVTPLTSRQYL,272,696.0
1114,HLA-A30:01,27792.39,ANZ78847,AAQAMEKVNEC,1114,697.0
1314,HLA-A30:01,27832.35,ANZ78847,LAGVAMLVLLF,1314,698.0
1276,HLA-A30:01,27832.48,ANZ78847,NRLQEAIKVLN,1276,699.0
1208,HLA-A30:01,27847.28,ANZ78847,ITENNVVVMST,1208,700.0
781,HLA-A30:01,27899.13,ANZ78847,TVNSVNDSLEP,781,701.0
815,HLA-A30:01,27903.27,ANZ78847,TSSPKVTIDCA,815,702.0
890,HLA-A30:01,27908.15,ANZ78847,DDINFSSVLGC,890,703.0
106,HLA-A30:01,27920.77,ANZ78847,IFAKVKNTKVF,106,704.0
530,HLA-A30:01,27949.23,ANZ78847,CHNLCNPDPIT,530,705.0
399,HLA-A30:01,27967.14,ANZ78847,SSITIDKFAIP,399,706.0
1064,HLA-A30:01,27968.65,ANZ78847,AISSSLQEILS,1064,707.0
1248,HLA-A30:01,27973.22,ANZ78847,WFKNQTSVAPD,1248,708.0
912,HLA-A30:01,27978.12,ANZ78847,SAIEDLLFDKV,912,709.0
1068,HLA-A30:01,27981.47,ANZ78847,SLQEILSRLDA,1068,710.0
38,HLA-A30:01,27992.37,ANZ78847,SISTATVDVTN,38,711.0
1256,HLA-A30:01,28029.22,ANZ78847,APDLALDYINV,1256,712.0
522,HLA-A30:01,28061.16,ANZ78847,PAGTNYLTCHN,522,713.0
616,HLA-A30:01,28064.47,ANZ78847,DLQKANTDIKL,616,714.0
409,HLA-A30:01,28076.49,ANZ78847,PNGRKVDLQLG,409,715.0
782,HLA-A30:01,28081.69,ANZ78847,VNSVNDSLEPV,782,716.0
1128,HLA-A30:01,28150.28,ANZ78847,QSSRINFCGNG,1128,717.0
376,HLA-A30:01,28156.92,ANZ78847,SFIQADSFTCN,376,718.0
823,HLA-A30:01,28218.94,ANZ78847,DCAAFVCGDYA,823,719.0
589,HLA-A30:01,28219.72,ANZ78847,SCLQGDKCNIF,589,720.0
772,HLA-A30:01,28220.25,ANZ78847,YRFTNFEPFTV,772,721.0
227,HLA-A30:01,28261.48,ANZ78847,YAYFTDTGVVT,227,722.0
476,HLA-A30:01,28274.48,ANZ78847,AGVLTNHDVVY,476,723.0
356,HLA-A30:01,28313.27,ANZ78847,PLNWERKTFSN,356,724.0
948,HLA-A30:01,28322.39,ANZ78847,VQSYKGIKVLP,948,725.0
333,HLA-A30:01,28326.65,ANZ78847,YRRKPDLPNCN,333,726.0
862,HLA-A30:01,28352.14,ANZ78847,TTQLQVANSLM,862,727.0
11,HLA-A30:01,28429.5,ANZ78847,AFAVIGDLKCP,11,728.0
1102,HLA-A30:01,28490.65,ANZ78847,QQLSDSTLVKF,1102,729.0
122,HLA-A30:01,28506.64,ANZ78847,YSEFPAITIGS,122,730.0
598,HLA-A30:01,28520.73,ANZ78847,IFANLILHDVN,598,731.0
15,HLA-A30:01,28532.59,ANZ78847,IGDLKCPLDSR,15,732.0
219,HLA-A30:01,28540.76,ANZ78847,FYQEGGTFYAY,219,733.0
191,HLA-A30:01,28565.61,ANZ78847,WHMDTGVVSCL,191,734.0
1115,HLA-A30:01,28583.32,ANZ78847,AQAMEKVNECV,1115,735.0
1091,HLA-A30:01,28646.77,ANZ78847,GRLTALNAYVS,1091,736.0
721,HLA-A30:01,28649.28,ANZ78847,PINYFDSYLGC,721,737.0
527,HLA-A30:01,28676.95,ANZ78847,YLTCHNLCNPD,527,738.0
1082,HLA-A30:01,28713.04,ANZ78847,EAQIDRLINGR,1082,739.0
711,HLA-A30:01,28774.44,ANZ78847,FNNSLTRQLQP,711,740.0
241,HLA-A30:01,28848.83,ANZ78847,FNVYLGMALSH,241,741.0
40,HLA-A30:01,28915.39,ANZ78847,STATVDVTNGL,40,742.0
161,HLA-A30:01,28926.08,ANZ78847,LLEVSVCQYNM,161,743.0
519,HLA-A30:01,28934.05,ANZ78847,GTCPAGTNYLT,519,744.0
816,HLA-A30:01,28939.88,ANZ78847,SSPKVTIDCAA,816,745.0
658,HLA-A30:01,28966.24,ANZ78847,LYDSNGNLYGF,658,746.0
1258,HLA-A30:01,28978.91,ANZ78847,DLALDYINVTF,1258,747.0
569,HLA-A30:01,29006.5,ANZ78847,YCGGNPCTCQP,569,748.0
1160,HLA-A30:01,29024.28,ANZ78847,VPTKYVTAKVS,1160,749.0
126,HLA-A30:01,29024.4,ANZ78847,PAITIGSTFVN,126,750.0
377,HLA-A30:01,29058.85,ANZ78847,FIQADSFTCNN,377,751.0
1253,HLA-A30:01,29064.01,ANZ78847,TSVAPDLALDY,1253,752.0
625,HLA-A30:01,29085.57,ANZ78847,KLGVCVNYDLY,625,753.0
966,HLA-A30:01,29090.16,ANZ78847,ISGYTLAATSA,966,754.0
309,HLA-A30:01,29165.77,ANZ78847,TQSIAPPTGVY,309,755.0
954,HLA-A30:01,29199.85,ANZ78847,IKVLPPLLSEN,954,756.0
418,HLA-A30:01,29199.99,ANZ78847,LGNLGYLQSFN,418,757.0
171,HLA-A30:01,29222.62,ANZ78847,MCEYPHTICHP,171,758.0
1105,HLA-A30:01,29257.35,ANZ78847,SDSTLVKFSAA,1105,759.0
818,HLA-A30:01,29259.45,ANZ78847,PKVTIDCAAFV,818,760.0
155,HLA-A30:01,29273.01,ANZ78847,VNKLQGLLEVS,155,761.0
552,HLA-A30:01,29273.86,ANZ78847,SLVGIGEHCSG,552,762.0
416,HLA-A30:01,29337.91,ANZ78847,LQLGNLGYLQS,416,763.0
480,HLA-A30:01,29340.44,ANZ78847,TNHDVVYAQHC,480,764.0
698,HLA-A30:01,29353.08,ANZ78847,PALLFRNIKCN,698,765.0
422,HLA-A30:01,29354.8,ANZ78847,GYLQSFNYRID,422,766.0
185,HLA-A30:01,29366.1,ANZ78847,NHFKELWHMDT,185,767.0
1246,HLA-A30:01,29386.4,ANZ78847,DQWFKNQTSVA,1246,768.0
1209,HLA-A30:01,29388.54,ANZ78847,TENNVVVMSTC,1209,769.0
827,HLA-A30:01,29388.7,ANZ78847,FVCGDYAACKS,827,770.0
6,HLA-A30:01,29430.38,ANZ78847,ISLPTAFAVIG,6,771.0
591,HLA-A30:01,29460.87,ANZ78847,LQGDKCNIFAN,591,772.0
1139,HLA-A30:01,29480.15,ANZ78847,NHIISLVQNAP,1139,773.0
928,HLA-A30:01,29482.87,ANZ78847,GFVAAYNNCTG,928,774.0
1005,HLA-A30:01,29486.78,ANZ78847,MDVLSQNQKLI,1005,775.0
1089,HLA-A30:01,29493.63,ANZ78847,INGRLTALNAY,1089,776.0
417,HLA-A30:01,29499.64,ANZ78847,QLGNLGYLQSF,417,777.0
291,HLA-A30:01,29556.69,ANZ78847,IFNAVDCMSDF,291,778.0
61,HLA-A30:01,29561.86,ANZ78847,LNTTLFLNGYY,61,779.0
134,HLA-A30:01,29564.84,ANZ78847,FVNTSYSVVVQ,134,780.0
1030,HLA-A30:01,29612.88,ANZ78847,FDATNSALVKI,1030,781.0
502,HLA-A30:01,29647.36,ANZ78847,SNSSLCVGSGP,502,782.0
471,HLA-A30:01,29677.05,ANZ78847,FKPQPAGVLTN,471,783.0
941,HLA-A30:01,29734.56,ANZ78847,EIRDLICVQSY,941,784.0
1255,HLA-A30:01,29756.67,ANZ78847,VAPDLALDYIN,1255,785.0
520,HLA-A30:01,29802.65,ANZ78847,TCPAGTNYLTC,520,786.0
1182,HLA-A30:01,29819.08,ANZ78847,APKSGYFVNVN,1182,787.0
404,HLA-A30:01,29826.77,ANZ78847,DKFAIPNGRKV,404,788.0
111,HLA-A30:01,29899.38,ANZ78847,KNTKVFKDGVM,111,789.0
980,HLA-A30:01,29914.83,ANZ78847,PPWTAAAGVPF,980,790.0
322,HLA-A30:01,29915.83,ANZ78847,NGYTVQPIADV,322,791.0
1077,HLA-A30:01,29936.71,ANZ78847,DALEAEAQIDR,1077,792.0
706,HLA-A30:01,29975.6,ANZ78847,KCNYVFNNSLT,706,793.0
230,HLA-A30:01,29976.59,ANZ78847,FTDTGVVTKFL,230,794.0
1016,HLA-A30:01,29984.19,ANZ78847,ANAFNNALDAI,1016,795.0
202,HLA-A30:01,29986.39,ANZ78847,YKRNFTYDVNA,202,796.0
72,HLA-A30:01,30051.91,ANZ78847,PTSGSTYRNMA,72,797.0
1122,HLA-A30:01,30056.2,ANZ78847,NECVKSQSSRI,1122,798.0
388,HLA-A30:01,30073.8,ANZ78847,IDAAKIYGMCF,388,799.0
165,HLA-A30:01,30092.79,ANZ78847,SVCQYNMCEYP,165,800.0
753,HLA-A30:01,30117.34,ANZ78847,GYCVDYSKNRR,753,801.0
736,HLA-A30:01,30118.68,ANZ78847,YNSTAISVQTC,736,802.0
972,HLA-A30:01,30138.1,ANZ78847,AATSASLFPPW,972,803.0
1295,HLA-A30:01,30139.88,ANZ78847,IGTYEYYVKWP,1295,804.0
798,HLA-A30:01,30151.52,ANZ78847,IQIPSDFTIGN,798,805.0
172,HLA-A30:01,30172.59,ANZ78847,CEYPHTICHPN,172,806.0
288,HLA-A30:01,30179.21,ANZ78847,DGIIFNAVDCM,288,807.0
328,HLA-A30:01,30191.73,ANZ78847,PIADVYRRKPD,328,808.0
475,HLA-A30:01,30193.62,ANZ78847,PAGVLTNHDVV,475,809.0
266,HLA-A30:01,30229.95,ANZ78847,GFTLEYWVTPL,266,810.0
901,HLA-A30:01,30234.65,ANZ78847,LGSECSKASSR,901,811.0
1337,HLA-A30:01,30252.8,ANZ78847,FKKCGGCCDDY,1337,812.0
366,HLA-A30:01,30280.22,ANZ78847,NCNFNMSSLMS,366,813.0
192,HLA-A30:01,30297.46,ANZ78847,HMDTGVVSCLY,192,814.0
857,HLA-A30:01,30298.63,ANZ78847,NELLDTTQLQV,857,815.0
755,HLA-A30:01,30307.55,ANZ78847,CVDYSKNRRSR,755,816.0
716,HLA-A30:01,30314.72,ANZ78847,TRQLQPINYFD,716,817.0
656,HLA-A30:01,30325.26,ANZ78847,NLLYDSNGNLY,656,818.0
749,HLA-A30:01,30358.26,ANZ78847,TVGSGYCVDYS,749,819.0
355,HLA-A30:01,30413.21,ANZ78847,SPLNWERKTFS,355,820.0
820,HLA-A30:01,30417.15,ANZ78847,VTIDCAAFVCG,820,821.0
622,HLA-A30:01,30424.09,ANZ78847,TDIKLGVCVNY,622,822.0
503,HLA-A30:01,30429.23,ANZ78847,NSSLCVGSGPG,503,823.0
369,HLA-A30:01,30434.71,ANZ78847,FNMSSLMSFIQ,369,824.0
531,HLA-A30:01,30440.29,ANZ78847,HNLCNPDPITF,531,825.0
1044,HLA-A30:01,30475.32,ANZ78847,VNANAEALNNL,1044,826.0
452,HLA-A30:01,30483.51,ANZ78847,SRFNPSTWNKR,452,827.0
1109,HLA-A30:01,30489.88,ANZ78847,LVKFSAAQAME,1109,828.0
868,HLA-A30:01,30515.59,ANZ78847,ANSLMNGVTLS,868,829.0
813,HLA-A30:01,30530.53,ANZ78847,IQTSSPKVTID,813,830.0
1121,HLA-A30:01,30574.86,ANZ78847,VNECVKSQSSR,1121,831.0
708,HLA-A30:01,30639.08,ANZ78847,NYVFNNSLTRQ,708,832.0
141,HLA-A30:01,30749.22,ANZ78847,VVVQPRTINST,141,833.0
774,HLA-A30:01,30772.63,ANZ78847,FTNFEPFTVNS,774,834.0
742,HLA-A30:01,30805.28,ANZ78847,SVQTCDLTVGS,742,835.0
790,HLA-A30:01,30806.73,ANZ78847,EPVGGLYEIQI,790,836.0
849,HLA-A30:01,30819.22,ANZ78847,INAILTEVNEL,849,837.0
663,HLA-A30:01,30819.23,ANZ78847,GNLYGFRDYLT,663,838.0
844,HLA-A30:01,30831.71,ANZ78847,SFCDNINAILT,844,839.0
930,HLA-A30:01,30833.85,ANZ78847,VAAYNNCTGGA,930,840.0
1063,HLA-A30:01,30834.04,ANZ78847,GAISSSLQEIL,1063,841.0
1173,HLA-A30:01,30843.91,ANZ78847,LCIAGDRGIAP,1173,842.0
271,HLA-A30:01,30862.37,ANZ78847,YWVTPLTSRQY,271,843.0
406,HLA-A30:01,30891.03,ANZ78847,FAIPNGRKVDL,406,844.0
873,HLA-A30:01,30899.33,ANZ78847,NGVTLSTKLKD,873,845.0
1010,HLA-A30:01,30910.33,ANZ78847,QNQKLIANAFN,1010,846.0
566,HLA-A30:01,30950.53,ANZ78847,KSDYCGGNPCT,566,847.0
1061,HLA-A30:01,31017.56,ANZ78847,RFGAISSSLQE,1061,848.0
358,HLA-A30:01,31051.73,ANZ78847,NWERKTFSNCN,358,849.0
1049,HLA-A30:01,31135.85,ANZ78847,EALNNLLQQLS,1049,850.0
71,HLA-A30:01,31165.86,ANZ78847,YPTSGSTYRNM,71,851.0
175,HLA-A30:01,31195.41,ANZ78847,PHTICHPNLGN,175,852.0
512,HLA-A30:01,31199.66,ANZ78847,PGKNNGIGTCP,512,853.0
557,HLA-A30:01,31219.8,ANZ78847,GEHCSGLAVKS,557,854.0
1177,HLA-A30:01,31229.67,ANZ78847,GDRGIAPKSGY,1177,855.0
863,HLA-A30:01,31233.71,ANZ78847,TQLQVANSLMN,863,856.0
561,HLA-A30:01,31272.92,ANZ78847,SGLAVKSDYCG,561,857.0
1011,HLA-A30:01,31291.32,ANZ78847,NQKLIANAFNN,1011,858.0
31,HLA-A30:01,31291.34,ANZ78847,NIDTGPPSIST,31,859.0
1167,HLA-A30:01,31335.24,ANZ78847,AKVSPGLCIAG,1167,860.0
735,HLA-A30:01,31376.24,ANZ78847,AYNSTAISVQT,735,861.0
1327,HLA-A30:01,31391.75,ANZ78847,CCCTGCGTSCF,1327,862.0
1231,HLA-A30:01,31410.62,ANZ78847,LNTSIPNLPDF,1231,863.0
1043,HLA-A30:01,31420.17,ANZ78847,VVNANAEALNN,1043,864.0
1306,HLA-A30:01,31425.59,ANZ78847,WYVWLLICLAG,1306,865.0
839,HLA-A30:01,31437.74,ANZ78847,LVEYGSFCDNI,839,866.0
27,HLA-A30:01,31437.93,ANZ78847,GSLNNIDTGPP,27,867.0
605,HLA-A30:01,31440.63,ANZ78847,HDVNSGLTCST,605,868.0
129,HLA-A30:01,31445.44,ANZ78847,TIGSTFVNTSY,129,869.0
1277,HLA-A30:01,31452.18,ANZ78847,RLQEAIKVLNQ,1277,870.0
254,HLA-A30:01,31471.57,ANZ78847,VMPLTCISRRN,254,871.0
596,HLA-A30:01,31492.5,ANZ78847,CNIFANLILHD,596,872.0
1112,HLA-A30:01,31498.94,ANZ78847,FSAAQAMEKVN,1112,873.0
344,HLA-A30:01,31500.26,ANZ78847,IEAWLNDKSVP,344,874.0
734,HLA-A30:01,31502.66,ANZ78847,NAYNSTAISVQ,734,875.0
746,HLA-A30:01,31523.73,ANZ78847,CDLTVGSGYCV,746,876.0
661,HLA-A30:01,31542.91,ANZ78847,SNGNLYGFRDY,661,877.0
792,HLA-A30:01,31571.14,ANZ78847,VGGLYEIQIPS,792,878.0
289,HLA-A30:01,31577.02,ANZ78847,GIIFNAVDCMS,289,879.0
521,HLA-A30:01,31582.34,ANZ78847,CPAGTNYLTCH,521,880.0
647,HLA-A30:01,31599.43,ANZ78847,NATYYNSWQNL,647,881.0
169,HLA-A30:01,31607.76,ANZ78847,YNMCEYPHTIC,169,882.0
19,HLA-A30:01,31631.63,ANZ78847,KCPLDSRTGSL,19,883.0
861,HLA-A30:01,31669.06,ANZ78847,DTTQLQVANSL,861,884.0
1347,HLA-A30:01,31680.13,ANZ78847,YTGYQELVIKT,1347,885.0
431,HLA-A30:01,31680.95,ANZ78847,IDTTATSCQLY,431,886.0
927,HLA-A30:01,31699.97,ANZ78847,VGFVAAYNNCT,927,887.0
474,HLA-A30:01,31702.01,ANZ78847,QPAGVLTNHDV,474,888.0
184,HLA-A30:01,31724.56,ANZ78847,GNHFKELWHMD,184,889.0
151,HLA-A30:01,31750.44,ANZ78847,TQDGVNKLQGL,151,890.0
874,HLA-A30:01,31759.92,ANZ78847,GVTLSTKLKDG,874,891.0
299,HLA-A30:01,31780.33,ANZ78847,SDFMSEIKCKT,299,892.0
803,HLA-A30:01,31805.31,ANZ78847,DFTIGNMEEFI,803,893.0
1014,HLA-A30:01,31831.54,ANZ78847,LIANAFNNALD,1014,894.0
229,HLA-A30:01,31840.14,ANZ78847,YFTDTGVVTKF,229,895.0
560,HLA-A30:01,31888.01,ANZ78847,CSGLAVKSDYC,560,896.0
385,HLA-A30:01,31888.59,ANZ78847,CNNIDAAKIYG,385,897.0
614,HLA-A30:01,31947.82,ANZ78847,STDLQKANTDI,614,898.0
442,HLA-A30:01,31985.33,ANZ78847,YNLPAANVSVS,442,899.0
550,HLA-A30:01,31985.68,ANZ78847,SKSLVGIGEHC,550,900.0
494,HLA-A30:01,31992.29,ANZ78847,PKNFCPCKSNS,494,901.0
548,HLA-A30:01,32003.51,ANZ78847,PQSKSLVGIGE,548,902.0
231,HLA-A30:01,32006.86,ANZ78847,TDTGVVTKFLF,231,903.0
43,HLA-A30:01,32034.05,ANZ78847,TVDVTNGLGTY,43,904.0
338,HLA-A30:01,32037.48,ANZ78847,DLPNCNIEAWL,338,905.0
170,HLA-A30:01,32040.93,ANZ78847,NMCEYPHTICH,170,906.0
327,HLA-A30:01,32046.27,ANZ78847,QPIADVYRRKP,327,907.0
1285,HLA-A30:01,32059.74,ANZ78847,LNQSYINLKDI,1285,908.0
553,HLA-A30:01,32069.08,ANZ78847,LVGIGEHCSGL,553,909.0
662,HLA-A30:01,32069.34,ANZ78847,NGNLYGFRDYL,662,910.0
196,HLA-A30:01,32080.29,ANZ78847,GVVSCLYKRNF,196,911.0
280,HLA-A30:01,32081.01,ANZ78847,QYLLAFNQDGI,280,912.0
290,HLA-A30:01,32102.53,ANZ78847,IIFNAVDCMSD,290,913.0
221,HLA-A30:01,32113.81,ANZ78847,QEGGTFYAYFT,221,914.0
50,HLA-A30:01,32116.84,ANZ78847,LGTYYVLDRVY,50,915.0
906,HLA-A30:01,32117.7,ANZ78847,SKASSRSAIED,906,916.0
91,HLA-A30:01,32136.19,ANZ78847,TLWFKPPFLSD,91,917.0
637,HLA-A30:01,32164.87,ANZ78847,ISGQGIFVEVN,637,918.0
427,HLA-A30:01,32172.93,ANZ78847,FNYRIDTTATS,427,919.0
567,HLA-A30:01,32176.13,ANZ78847,SDYCGGNPCTC,567,920.0
159,HLA-A30:01,32218.36,ANZ78847,QGLLEVSVCQY,159,921.0
628,HLA-A30:01,32242.84,ANZ78847,VCVNYDLYGIS,628,922.0
1333,HLA-A30:01,32289.09,ANZ78847,GTSCFKKCGGC,1333,923.0
1060,HLA-A30:01,32296.65,ANZ78847,NRFGAISSSLQ,1060,924.0
1334,HLA-A30:01,32302.77,ANZ78847,TSCFKKCGGCC,1334,925.0
626,HLA-A30:01,32325.39,ANZ78847,LGVCVNYDLYG,626,926.0
80,HLA-A30:01,32352.56,ANZ78847,NMALKGTDKLS,80,927.0
1325,HLA-A30:01,32358.72,ANZ78847,FICCCTGCGTS,1325,928.0
206,HLA-A30:01,32376.91,ANZ78847,FTYDVNATYLY,206,929.0
961,HLA-A30:01,32408.6,ANZ78847,LSENQISGYTL,961,930.0
412,HLA-A30:01,32426.31,ANZ78847,RKVDLQLGNLG,412,931.0
497,HLA-A30:01,32427.09,ANZ78847,FCPCKSNSSLC,497,932.0
1069,HLA-A30:01,32429.78,ANZ78847,LQEILSRLDAL,1069,933.0
1304,HLA-A30:01,32430.16,ANZ78847,WPWYVWLLICL,1304,934.0
1278,HLA-A30:01,32451.93,ANZ78847,LQEAIKVLNQS,1278,935.0
189,HLA-A30:01,32452.49,ANZ78847,ELWHMDTGVVS,189,936.0
311,HLA-A30:01,32459.63,ANZ78847,SIAPPTGVYEL,311,937.0
49,HLA-A30:01,32491.88,ANZ78847,GLGTYYVLDRV,49,938.0
188,HLA-A30:01,32510.03,ANZ78847,KELWHMDTGVV,188,939.0
372,HLA-A30:01,32519.74,ANZ78847,SSLMSFIQADS,372,940.0
1193,HLA-A30:01,32532.61,ANZ78847,NTWMYTGSGYY,1193,941.0
538,HLA-A30:01,32535.13,ANZ78847,PITFTGPYKCP,538,942.0
918,HLA-A30:01,32550.32,ANZ78847,LFDKVKLSDVG,918,943.0
718,HLA-A30:01,32570.77,ANZ78847,QLQPINYFDSY,718,944.0
1018,HLA-A30:01,32596.34,ANZ78847,AFNNALDAIQE,1018,945.0
44,HLA-A30:01,32600.46,ANZ78847,VDVTNGLGTYY,44,946.0
604,HLA-A30:01,32600.91,ANZ78847,LHDVNSGLTCS,604,947.0
650,HLA-A30:01,32641.9,ANZ78847,YYNSWQNLLYD,650,948.0
222,HLA-A30:01,32692.89,ANZ78847,EGGTFYAYFTD,222,949.0
70,HLA-A30:01,32702.05,ANZ78847,YYPTSGSTYRN,70,950.0
988,HLA-A30:01,32705.18,ANZ78847,VPFYLNVQYRI,988,951.0
831,HLA-A30:01,32709.19,ANZ78847,DYAACKSQLVE,831,952.0
1266,HLA-A30:01,32717.73,ANZ78847,VTFLDLQVEMN,1266,953.0
916,HLA-A30:01,32725.73,ANZ78847,DLLFDKVKLSD,916,954.0
117,HLA-A30:01,32762.48,ANZ78847,KDGVMYSEFPA,117,955.0
730,HLA-A30:01,32778.85,ANZ78847,GCVVNAYNSTA,730,956.0
1009,HLA-A30:01,32801.05,ANZ78847,SQNQKLIANAF,1009,957.0
611,HLA-A30:01,32828.54,ANZ78847,LTCSTDLQKAN,611,958.0
160,HLA-A30:01,32838.01,ANZ78847,GLLEVSVCQYN,160,959.0
461,HLA-A30:01,32856.13,ANZ78847,KRFGFIEDSVF,461,960.0
505,HLA-A30:01,32858.91,ANZ78847,SLCVGSGPGKN,505,961.0
559,HLA-A30:01,32884.01,ANZ78847,HCSGLAVKSDY,559,962.0
223,HLA-A30:01,32888.58,ANZ78847,GGTFYAYFTDT,223,963.0
859,HLA-A30:01,32917.16,ANZ78847,LLDTTQLQVAN,859,964.0
343,HLA-A30:01,32923.14,ANZ78847,NIEAWLNDKSV,343,965.0
374,HLA-A30:01,32933.23,ANZ78847,LMSFIQADSFT,374,966.0
1017,HLA-A30:01,32955.52,ANZ78847,NAFNNALDAIQ,1017,967.0
1268,HLA-A30:01,33010.31,ANZ78847,FLDLQVEMNRL,1268,968.0
903,HLA-A30:01,33012.96,ANZ78847,SECSKASSRSA,903,969.0
1335,HLA-A30:01,33025.6,ANZ78847,SCFKKCGGCCD,1335,970.0
956,HLA-A30:01,33025.68,ANZ78847,VLPPLLSENQI,956,971.0
607,HLA-A30:01,33038.31,ANZ78847,VNSGLTCSTDL,607,972.0
1349,HLA-A30:01,33096.43,ANZ78847,GYQELVIKTSH,1349,973.0
643,HLA-A30:01,33129.94,ANZ78847,FVEVNATYYNS,643,974.0
666,HLA-A30:01,33132.99,ANZ78847,YGFRDYLTNRT,666,975.0
301,HLA-A30:01,33143.45,ANZ78847,FMSEIKCKTQS,301,976.0
788,HLA-A30:01,33149.26,ANZ78847,SLEPVGGLYEI,788,977.0
565,HLA-A30:01,33150.75,ANZ78847,VKSDYCGGNPC,565,978.0
1206,HLA-A30:01,33160.02,ANZ78847,EPITENNVVVM,1206,979.0
463,HLA-A30:01,33167.69,ANZ78847,FGFIEDSVFKP,463,980.0
167,HLA-A30:01,33180.77,ANZ78847,CQYNMCEYPHT,167,981.0
847,HLA-A30:01,33218.05,ANZ78847,DNINAILTEVN,847,982.0
752,HLA-A30:01,33271.98,ANZ78847,SGYCVDYSKNR,752,983.0
1136,HLA-A30:01,33305.67,ANZ78847,GNGNHIISLVQ,1136,984.0
1079,HLA-A30:01,33343.05,ANZ78847,LEAEAQIDRLI,1079,985.0
396,HLA-A30:01,33364.72,ANZ78847,MCFSSITIDKF,396,986.0
936,HLA-A30:01,33423.69,ANZ78847,CTGGAEIRDLI,936,987.0
518,HLA-A30:01,33429.52,ANZ78847,IGTCPAGTNYL,518,988.0
1178,HLA-A30:01,33440.76,ANZ78847,DRGIAPKSGYF,1178,989.0
1093,HLA-A30:01,33455.37,ANZ78847,LTALNAYVSQQ,1093,990.0
573,HLA-A30:01,33468.33,ANZ78847,NPCTCQPQAFL,573,991.0
1046,HLA-A30:01,33469.5,ANZ78847,ANAEALNNLLQ,1046,992.0
182,HLA-A30:01,33478.56,ANZ78847,NLGNHFKELWH,182,993.0
998,HLA-A30:01,33480.88,ANZ78847,INGLGVTMDVL,998,994.0
394,HLA-A30:01,33525.86,ANZ78847,YGMCFSSITID,394,995.0
408,HLA-A30:01,33545.2,ANZ78847,IPNGRKVDLQL,408,996.0
943,HLA-A30:01,33549.86,ANZ78847,RDLICVQSYKG,943,997.0
32,HLA-A30:01,33575.29,ANZ78847,IDTGPPSISTA,32,998.0
1205,HLA-A30:01,33580.82,ANZ78847,PEPITENNVVV,1205,999.0
1172,HLA-A30:01,33681.84,ANZ78847,GLCIAGDRGIA,1172,1000.0
691,HLA-A30:01,33687.54,ANZ78847,FHANSSEPALL,691,1001.0
384,HLA-A30:01,33690.35,ANZ78847,TCNNIDAAKIY,384,1002.0
493,HLA-A30:01,33703.66,ANZ78847,APKNFCPCKSN,493,1003.0
694,HLA-A30:01,33722.39,ANZ78847,NSSEPALLFRN,694,1004.0
602,HLA-A30:01,33725.45,ANZ78847,LILHDVNSGLT,602,1005.0
1067,HLA-A30:01,33767.84,ANZ78847,SSLQEILSRLD,1067,1006.0
1291,HLA-A30:01,33777.44,ANZ78847,NLKDIGTYEYY,1291,1007.0
47,HLA-A30:01,33780.35,ANZ78847,TNGLGTYYVLD,47,1008.0
205,HLA-A30:01,33784.46,ANZ78847,NFTYDVNATYL,205,1009.0
884,HLA-A30:01,33785.79,ANZ78847,GVNFNVDDINF,884,1010.0
142,HLA-A30:01,33803.37,ANZ78847,VVQPRTINSTQ,142,1011.0
124,HLA-A30:01,33805.95,ANZ78847,EFPAITIGSTF,124,1012.0
638,HLA-A30:01,33838.82,ANZ78847,SGQGIFVEVNA,638,1013.0
914,HLA-A30:01,33860.68,ANZ78847,IEDLLFDKVKL,914,1014.0
558,HLA-A30:01,33875.41,ANZ78847,EHCSGLAVKSD,558,1015.0
876,HLA-A30:01,33890.0,ANZ78847,TLSTKLKDGVN,876,1016.0
444,HLA-A30:01,33924.08,ANZ78847,LPAANVSVSRF,444,1017.0
380,HLA-A30:01,33948.39,ANZ78847,ADSFTCNNIDA,380,1018.0
1004,HLA-A30:01,33950.22,ANZ78847,TMDVLSQNQKL,1004,1019.0
791,HLA-A30:01,33956.97,ANZ78847,PVGGLYEIQIP,791,1020.0
535,HLA-A30:01,33970.59,ANZ78847,NPDPITFTGPY,535,1021.0
577,HLA-A30:01,33992.28,ANZ78847,CQPQAFLGWSA,577,1022.0
937,HLA-A30:01,34015.29,ANZ78847,TGGAEIRDLIC,937,1023.0
1183,HLA-A30:01,34033.96,ANZ78847,PKSGYFVNVNN,1183,1024.0
640,HLA-A30:01,34036.21,ANZ78847,QGIFVEVNATY,640,1025.0
851,HLA-A30:01,34048.31,ANZ78847,AILTEVNELLD,851,1026.0
898,HLA-A30:01,34101.41,ANZ78847,LGCLGSECSKA,898,1027.0
985,HLA-A30:01,34103.04,ANZ78847,AAGVPFYLNVQ,985,1028.0
1031,HLA-A30:01,34104.86,ANZ78847,DATNSALVKIQ,1031,1029.0
511,HLA-A30:01,34104.99,ANZ78847,GPGKNNGIGTC,511,1030.0
26,HLA-A30:01,34110.27,ANZ78847,TGSLNNIDTGP,26,1031.0
300,HLA-A30:01,34129.84,ANZ78847,DFMSEIKCKTQ,300,1032.0
1022,HLA-A30:01,34136.78,ANZ78847,ALDAIQEGFDA,1022,1033.0
600,HLA-A30:01,34145.94,ANZ78847,ANLILHDVNSG,600,1034.0
756,HLA-A30:01,34160.45,ANZ78847,VDYSKNRRSRR,756,1035.0
877,HLA-A30:01,34165.19,ANZ78847,LSTKLKDGVNF,877,1036.0
919,HLA-A30:01,34167.7,ANZ78847,FDKVKLSDVGF,919,1037.0
56,HLA-A30:01,34202.04,ANZ78847,LDRVYLNTTLF,56,1038.0
900,HLA-A30:01,34203.17,ANZ78847,CLGSECSKASS,900,1039.0
1264,HLA-A30:01,34215.6,ANZ78847,INVTFLDLQVE,1264,1040.0
1226,HLA-A30:01,34230.36,ANZ78847,APYVMLNTSIP,1226,1041.0
94,HLA-A30:01,34298.11,ANZ78847,FKPPFLSDFIN,94,1042.0
764,HLA-A30:01,34323.9,ANZ78847,SRRAITTGYRF,764,1043.0
599,HLA-A30:01,34349.03,ANZ78847,FANLILHDVNS,599,1044.0
287,HLA-A30:01,34351.1,ANZ78847,QDGIIFNAVDC,287,1045.0
166,HLA-A30:01,34367.61,ANZ78847,VCQYNMCEYPH,166,1046.0
747,HLA-A30:01,34399.55,ANZ78847,DLTVGSGYCVD,747,1047.0
925,HLA-A30:01,34413.09,ANZ78847,SDVGFVAAYNN,925,1048.0
719,HLA-A30:01,34426.95,ANZ78847,LQPINYFDSYL,719,1049.0
931,HLA-A30:01,34439.45,ANZ78847,AAYNNCTGGAE,931,1050.0
1099,HLA-A30:01,34469.33,ANZ78847,YVSQQLSDSTL,1099,1051.0
1176,HLA-A30:01,34509.84,ANZ78847,AGDRGIAPKSG,1176,1052.0
924,HLA-A30:01,34539.67,ANZ78847,LSDVGFVAAYN,924,1053.0
797,HLA-A30:01,34539.92,ANZ78847,EIQIPSDFTIG,797,1054.0
793,HLA-A30:01,34540.73,ANZ78847,GGLYEIQIPSD,793,1055.0
1204,HLA-A30:01,34561.52,ANZ78847,YPEPITENNVV,1204,1056.0
455,HLA-A30:01,34580.65,ANZ78847,NPSTWNKRFGF,455,1057.0
339,HLA-A30:01,34582.35,ANZ78847,LPNCNIEAWLN,339,1058.0
822,HLA-A30:01,34592.89,ANZ78847,IDCAAFVCGDY,822,1059.0
1332,HLA-A30:01,34596.04,ANZ78847,CGTSCFKKCGG,1332,1060.0
371,HLA-A30:01,34607.8,ANZ78847,MSSLMSFIQAD,371,1061.0
24,HLA-A30:01,34642.84,ANZ78847,SRTGSLNNIDT,24,1062.0
725,HLA-A30:01,34652.81,ANZ78847,FDSYLGCVVNA,725,1063.0
655,HLA-A30:01,34676.13,ANZ78847,QNLLYDSNGNL,655,1064.0
841,HLA-A30:01,34696.37,ANZ78847,EYGSFCDNINA,841,1065.0
651,HLA-A30:01,34732.97,ANZ78847,YNSWQNLLYDS,651,1066.0
542,HLA-A30:01,34739.58,ANZ78847,TGPYKCPQSKS,542,1067.0
601,HLA-A30:01,34759.18,ANZ78847,NLILHDVNSGL,601,1068.0
986,HLA-A30:01,34795.95,ANZ78847,AGVPFYLNVQY,986,1069.0
1272,HLA-A30:01,34804.18,ANZ78847,QVEMNRLQEAI,1272,1070.0
77,HLA-A30:01,34810.39,ANZ78847,TYRNMALKGTD,77,1071.0
896,HLA-A30:01,34816.83,ANZ78847,SVLGCLGSECS,896,1072.0
454,HLA-A30:01,34826.29,ANZ78847,FNPSTWNKRFG,454,1073.0
1287,HLA-A30:01,34839.33,ANZ78847,QSYINLKDIGT,1287,1074.0
999,HLA-A30:01,34854.91,ANZ78847,NGLGVTMDVLS,999,1075.0
411,HLA-A30:01,34868.87,ANZ78847,GRKVDLQLGNL,411,1076.0
842,HLA-A30:01,34926.91,ANZ78847,YGSFCDNINAI,842,1077.0
180,HLA-A30:01,34940.88,ANZ78847,HPNLGNHFKEL,180,1078.0
940,HLA-A30:01,34948.1,ANZ78847,AEIRDLICVQS,940,1079.0
1244,HLA-A30:01,34967.21,ANZ78847,ELDQWFKNQTS,1244,1080.0
68,HLA-A30:01,34974.83,ANZ78847,NGYYPTSGSTY,68,1081.0
965,HLA-A30:01,34986.71,ANZ78847,QISGYTLAATS,965,1082.0
426,HLA-A30:01,34987.28,ANZ78847,SFNYRIDTTAT,426,1083.0
992,HLA-A30:01,34989.44,ANZ78847,LNVQYRINGLG,992,1084.0
217,HLA-A30:01,34994.13,ANZ78847,FHFYQEGGTFY,217,1085.0
18,HLA-A30:01,35008.64,ANZ78847,LKCPLDSRTGS,18,1086.0
103,HLA-A30:01,35016.43,ANZ78847,INGIFAKVKNT,103,1087.0
939,HLA-A30:01,35035.04,ANZ78847,GAEIRDLICVQ,939,1088.0
646,HLA-A30:01,35050.04,ANZ78847,VNATYYNSWQN,646,1089.0
295,HLA-A30:01,35056.4,ANZ78847,VDCMSDFMSEI,295,1090.0
481,HLA-A30:01,35060.66,ANZ78847,NHDVVYAQHCF,481,1091.0
424,HLA-A30:01,35158.46,ANZ78847,LQSFNYRIDTT,424,1092.0
1257,HLA-A30:01,35159.61,ANZ78847,PDLALDYINVT,1257,1093.0
478,HLA-A30:01,35184.16,ANZ78847,VLTNHDVVYAQ,478,1094.0
610,HLA-A30:01,35192.76,ANZ78847,GLTCSTDLQKA,610,1095.0
574,HLA-A30:01,35201.26,ANZ78847,PCTCQPQAFLG,574,1096.0
1289,HLA-A30:01,35204.43,ANZ78847,YINLKDIGTYE,1289,1097.0
1202,HLA-A30:01,35206.38,ANZ78847,YYYPEPITENN,1202,1098.0
850,HLA-A30:01,35222.22,ANZ78847,NAILTEVNELL,850,1099.0
1052,HLA-A30:01,35245.85,ANZ78847,NNLLQQLSNRF,1052,1100.0
955,HLA-A30:01,35298.59,ANZ78847,KVLPPLLSENQ,955,1101.0
534,HLA-A30:01,35326.58,ANZ78847,CNPDPITFTGP,534,1102.0
39,HLA-A30:01,35352.56,ANZ78847,ISTATVDVTNG,39,1103.0
580,HLA-A30:01,35418.1,ANZ78847,QAFLGWSADSC,580,1104.0
1119,HLA-A30:01,35439.05,ANZ78847,EKVNECVKSQS,1119,1105.0
1299,HLA-A30:01,35474.05,ANZ78847,EYYVKWPWYVW,1299,1106.0
889,HLA-A30:01,35590.65,ANZ78847,VDDINFSSVLG,889,1107.0
1348,HLA-A30:01,35599.9,ANZ78847,TGYQELVIKTS,1348,1108.0
902,HLA-A30:01,35604.21,ANZ78847,GSECSKASSRS,902,1109.0
751,HLA-A30:01,35621.3,ANZ78847,GSGYCVDYSKN,751,1110.0
660,HLA-A30:01,35648.7,ANZ78847,DSNGNLYGFRD,660,1111.0
130,HLA-A30:01,35692.18,ANZ78847,IGSTFVNTSYS,130,1112.0
866,HLA-A30:01,35709.78,ANZ78847,QVANSLMNGVT,866,1113.0
964,HLA-A30:01,35713.77,ANZ78847,NQISGYTLAAT,964,1114.0
799,HLA-A30:01,35713.97,ANZ78847,QIPSDFTIGNM,799,1115.0
962,HLA-A30:01,35717.54,ANZ78847,SENQISGYTLA,962,1116.0
509,HLA-A30:01,35731.78,ANZ78847,GSGPGKNNGIG,509,1117.0
1192,HLA-A30:01,35766.85,ANZ78847,NNTWMYTGSGY,1192,1118.0
979,HLA-A30:01,35793.76,ANZ78847,FPPWTAAAGVP,979,1119.0
804,HLA-A30:01,35827.54,ANZ78847,FTIGNMEEFIQ,804,1120.0
886,HLA-A30:01,35836.52,ANZ78847,NFNVDDINFSS,886,1121.0
1201,HLA-A30:01,35890.23,ANZ78847,GYYYPEPITEN,1201,1122.0
958,HLA-A30:01,35922.79,ANZ78847,PPLLSENQISG,958,1123.0
350,HLA-A30:01,35982.32,ANZ78847,DKSVPSPLNWE,350,1124.0
1262,HLA-A30:01,36076.98,ANZ78847,DYINVTFLDLQ,1262,1125.0
744,HLA-A30:01,36110.95,ANZ78847,QTCDLTVGSGY,744,1126.0
354,HLA-A30:01,36134.67,ANZ78847,PSPLNWERKTF,354,1127.0
1207,HLA-A30:01,36135.02,ANZ78847,PITENNVVVMS,1207,1128.0
1234,HLA-A30:01,36135.41,ANZ78847,SIPNLPDFREE,1234,1129.0
687,HLA-A30:01,36137.17,ANZ78847,VSAAFHANSSE,687,1130.0
1041,HLA-A30:01,36139.85,ANZ78847,QAVVNANAEAL,1041,1131.0
163,HLA-A30:01,36141.7,ANZ78847,EVSVCQYNMCE,163,1132.0
1345,HLA-A30:01,36158.49,ANZ78847,DDYTGYQELVI,1345,1133.0
429,HLA-A30:01,36171.61,ANZ78847,YRIDTTATSCQ,429,1134.0
652,HLA-A30:01,36175.24,ANZ78847,NSWQNLLYDSN,652,1135.0
1260,HLA-A30:01,36211.93,ANZ78847,ALDYINVTFLD,1260,1136.0
543,HLA-A30:01,36268.07,ANZ78847,GPYKCPQSKSL,543,1137.0
323,HLA-A30:01,36274.73,ANZ78847,GYTVQPIADVY,323,1138.0
532,HLA-A30:01,36291.65,ANZ78847,NLCNPDPITFT,532,1139.0
645,HLA-A30:01,36292.68,ANZ78847,EVNATYYNSWQ,645,1140.0
66,HLA-A30:01,36344.9,ANZ78847,FLNGYYPTSGS,66,1141.0
214,HLA-A30:01,36358.83,ANZ78847,YLYFHFYQEGG,214,1142.0
1200,HLA-A30:01,36364.4,ANZ78847,SGYYYPEPITE,1200,1143.0
1233,HLA-A30:01,36370.29,ANZ78847,TSIPNLPDFRE,1233,1144.0
739,HLA-A30:01,36384.16,ANZ78847,TAISVQTCDLT,739,1145.0
1130,HLA-A30:01,36406.37,ANZ78847,SRINFCGNGNH,1130,1146.0
563,HLA-A30:01,36420.42,ANZ78847,LAVKSDYCGGN,563,1147.0
174,HLA-A30:01,36448.08,ANZ78847,YPHTICHPNLG,174,1148.0
517,HLA-A30:01,36449.67,ANZ78847,GIGTCPAGTNY,517,1149.0
17,HLA-A30:01,36451.66,ANZ78847,DLKCPLDSRTG,17,1150.0
158,HLA-A30:01,36467.37,ANZ78847,LQGLLEVSVCQ,158,1151.0
1048,HLA-A30:01,36475.04,ANZ78847,AEALNNLLQQL,1048,1152.0
888,HLA-A30:01,36475.08,ANZ78847,NVDDINFSSVL,888,1153.0
587,HLA-A30:01,36483.68,ANZ78847,ADSCLQGDKCN,587,1154.0
1078,HLA-A30:01,36493.93,ANZ78847,ALEAEAQIDRL,1078,1155.0
145,HLA-A30:01,36506.64,ANZ78847,PRTINSTQDGV,145,1156.0
754,HLA-A30:01,36509.48,ANZ78847,YCVDYSKNRRS,754,1157.0
728,HLA-A30:01,36539.77,ANZ78847,YLGCVVNAYNS,728,1158.0
795,HLA-A30:01,36539.9,ANZ78847,LYEIQIPSDFT,795,1159.0
881,HLA-A30:01,36553.42,ANZ78847,LKDGVNFNVDD,881,1160.0
153,HLA-A30:01,36570.25,ANZ78847,DGVNKLQGLLE,153,1161.0
1171,HLA-A30:01,36578.65,ANZ78847,PGLCIAGDRGI,1171,1162.0
586,HLA-A30:01,36585.28,ANZ78847,SADSCLQGDKC,586,1163.0
959,HLA-A30:01,36596.66,ANZ78847,PLLSENQISGY,959,1164.0
216,HLA-A30:01,36638.94,ANZ78847,YFHFYQEGGTF,216,1165.0
533,HLA-A30:01,36639.51,ANZ78847,LCNPDPITFTG,533,1166.0
506,HLA-A30:01,36654.37,ANZ78847,LCVGSGPGKNN,506,1167.0
516,HLA-A30:01,36661.72,ANZ78847,NGIGTCPAGTN,516,1168.0
1081,HLA-A30:01,36692.52,ANZ78847,AEAQIDRLING,1081,1169.0
852,HLA-A30:01,36698.26,ANZ78847,ILTEVNELLDT,852,1170.0
317,HLA-A30:01,36746.03,ANZ78847,GVYELNGYTVQ,317,1171.0
1106,HLA-A30:01,36746.13,ANZ78847,DSTLVKFSAAQ,1106,1172.0
270,HLA-A30:01,36798.53,ANZ78847,EYWVTPLTSRQ,270,1173.0
606,HLA-A30:01,36809.12,ANZ78847,DVNSGLTCSTD,606,1174.0
336,HLA-A30:01,36814.44,ANZ78847,KPDLPNCNIEA,336,1175.0
885,HLA-A30:01,36817.87,ANZ78847,VNFNVDDINFS,885,1176.0
381,HLA-A30:01,36829.91,ANZ78847,DSFTCNNIDAA,381,1177.0
96,HLA-A30:01,36831.69,ANZ78847,PPFLSDFINGI,96,1178.0
415,HLA-A30:01,36832.45,ANZ78847,DLQLGNLGYLQ,415,1179.0
1195,HLA-A30:01,36922.18,ANZ78847,WMYTGSGYYYP,1195,1180.0
37,HLA-A30:01,36964.05,ANZ78847,PSISTATVDVT,37,1181.0
203,HLA-A30:01,36984.76,ANZ78847,KRNFTYDVNAT,203,1182.0
1084,HLA-A30:01,37025.45,ANZ78847,QIDRLINGRLT,1084,1183.0
97,HLA-A30:01,37036.48,ANZ78847,PFLSDFINGIF,97,1184.0
278,HLA-A30:01,37063.45,ANZ78847,SRQYLLAFNQD,278,1185.0
1001,HLA-A30:01,37068.55,ANZ78847,LGVTMDVLSQN,1001,1186.0
510,HLA-A30:01,37092.17,ANZ78847,SGPGKNNGIGT,510,1187.0
776,HLA-A30:01,37121.62,ANZ78847,NFEPFTVNSVN,776,1188.0
808,HLA-A30:01,37163.63,ANZ78847,NMEEFIQTSSP,808,1189.0
720,HLA-A30:01,37245.07,ANZ78847,QPINYFDSYLG,720,1190.0
848,HLA-A30:01,37256.21,ANZ78847,NINAILTEVNE,848,1191.0
1113,HLA-A30:01,37277.12,ANZ78847,SAAQAMEKVNE,1113,1192.0
894,HLA-A30:01,37283.21,ANZ78847,FSSVLGCLGSE,894,1193.0
779,HLA-A30:01,37334.3,ANZ78847,PFTVNSVNDSL,779,1194.0
1047,HLA-A30:01,37361.31,ANZ78847,NAEALNNLLQQ,1047,1195.0
335,HLA-A30:01,37386.05,ANZ78847,RKPDLPNCNIE,335,1196.0
856,HLA-A30:01,37401.89,ANZ78847,VNELLDTTQLQ,856,1197.0
407,HLA-A30:01,37425.29,ANZ78847,AIPNGRKVDLQ,407,1198.0
743,HLA-A30:01,37438.22,ANZ78847,VQTCDLTVGSG,743,1199.0
685,HLA-A30:01,37491.15,ANZ78847,GRVSAAFHANS,685,1200.0
1251,HLA-A30:01,37501.68,ANZ78847,NQTSVAPDLAL,1251,1201.0
508,HLA-A30:01,37515.93,ANZ78847,VGSGPGKNNGI,508,1202.0
838,HLA-A30:01,37522.15,ANZ78847,QLVEYGSFCDN,838,1203.0
835,HLA-A30:01,37529.74,ANZ78847,CKSQLVEYGSF,835,1204.0
1118,HLA-A30:01,37538.47,ANZ78847,MEKVNECVKSQ,1118,1205.0
8,HLA-A30:01,37543.78,ANZ78847,LPTAFAVIGDL,8,1206.0
1241,HLA-A30:01,37545.31,ANZ78847,FREELDQWFKN,1241,1207.0
562,HLA-A30:01,37549.75,ANZ78847,GLAVKSDYCGG,562,1208.0
449,HLA-A30:01,37550.25,ANZ78847,VSVSRFNPSTW,449,1209.0
837,HLA-A30:01,37565.76,ANZ78847,SQLVEYGSFCD,837,1210.0
515,HLA-A30:01,37610.34,ANZ78847,NNGIGTCPAGT,515,1211.0
414,HLA-A30:01,37633.14,ANZ78847,VDLQLGNLGYL,414,1212.0
1296,HLA-A30:01,37648.74,ANZ78847,GTYEYYVKWPW,1296,1213.0
633,HLA-A30:01,37677.73,ANZ78847,DLYGISGQGIF,633,1214.0
583,HLA-A30:01,37678.69,ANZ78847,LGWSADSCLQG,583,1215.0
957,HLA-A30:01,37681.57,ANZ78847,LPPLLSENQIS,957,1216.0
215,HLA-A30:01,37693.27,ANZ78847,LYFHFYQEGGT,215,1217.0
310,HLA-A30:01,37715.49,ANZ78847,QSIAPPTGVYE,310,1218.0
802,HLA-A30:01,37728.74,ANZ78847,SDFTIGNMEEF,802,1219.0
1191,HLA-A30:01,37736.4,ANZ78847,VNNTWMYTGSG,1191,1220.0
845,HLA-A30:01,37750.54,ANZ78847,FCDNINAILTE,845,1221.0
321,HLA-A30:01,37767.28,ANZ78847,LNGYTVQPIAD,321,1222.0
7,HLA-A30:01,37768.36,ANZ78847,SLPTAFAVIGD,7,1223.0
654,HLA-A30:01,37772.69,ANZ78847,WQNLLYDSNGN,654,1224.0
840,HLA-A30:01,37785.18,ANZ78847,VEYGSFCDNIN,840,1225.0
1070,HLA-A30:01,37839.01,ANZ78847,QEILSRLDALE,1070,1226.0
464,HLA-A30:01,37844.65,ANZ78847,GFIEDSVFKPQ,464,1227.0
1239,HLA-A30:01,37847.06,ANZ78847,PDFREELDQWF,1239,1228.0
608,HLA-A30:01,37869.06,ANZ78847,NSGLTCSTDLQ,608,1229.0
459,HLA-A30:01,37921.11,ANZ78847,WNKRFGFIEDS,459,1230.0
1072,HLA-A30:01,37939.67,ANZ78847,ILSRLDALEAE,1072,1231.0
312,HLA-A30:01,37960.48,ANZ78847,IAPPTGVYELN,312,1232.0
152,HLA-A30:01,37995.33,ANZ78847,QDGVNKLQGLL,152,1233.0
929,HLA-A30:01,38013.51,ANZ78847,FVAAYNNCTGG,929,1234.0
632,HLA-A30:01,38050.28,ANZ78847,YDLYGISGQGI,632,1235.0
910,HLA-A30:01,38071.83,ANZ78847,SRSAIEDLLFD,910,1236.0
1243,HLA-A30:01,38086.53,ANZ78847,EELDQWFKNQT,1243,1237.0
737,HLA-A30:01,38104.74,ANZ78847,NSTAISVQTCD,737,1238.0
293,HLA-A30:01,38146.76,ANZ78847,NAVDCMSDFMS,293,1239.0
828,HLA-A30:01,38154.91,ANZ78847,VCGDYAACKSQ,828,1240.0
805,HLA-A30:01,38175.74,ANZ78847,TIGNMEEFIQT,805,1241.0
83,HLA-A30:01,38179.47,ANZ78847,LKGTDKLSTLW,83,1242.0
899,HLA-A30:01,38179.71,ANZ78847,GCLGSECSKAS,899,1243.0
1270,HLA-A30:01,38208.63,ANZ78847,DLQVEMNRLQE,1270,1244.0
179,HLA-A30:01,38229.25,ANZ78847,CHPNLGNHFKE,179,1245.0
935,HLA-A30:01,38236.41,ANZ78847,NCTGGAEIRDL,935,1246.0
507,HLA-A30:01,38245.19,ANZ78847,CVGSGPGKNNG,507,1247.0
1350,HLA-A30:01,38277.68,ANZ78847,YQELVIKTSHD,1350,1248.0
473,HLA-A30:01,38321.2,ANZ78847,PQPAGVLTNHD,473,1249.0
1000,HLA-A30:01,38352.31,ANZ78847,GLGVTMDVLSQ,1000,1250.0
829,HLA-A30:01,38353.44,ANZ78847,CGDYAACKSQL,829,1251.0
639,HLA-A30:01,38358.22,ANZ78847,GQGIFVEVNAT,639,1252.0
379,HLA-A30:01,38384.1,ANZ78847,QADSFTCNNID,379,1253.0
967,HLA-A30:01,38389.09,ANZ78847,SGYTLAATSAS,967,1254.0
41,HLA-A30:01,38392.27,ANZ78847,TATVDVTNGLG,41,1255.0
806,HLA-A30:01,38489.01,ANZ78847,IGNMEEFIQTS,806,1256.0
16,HLA-A30:01,38490.12,ANZ78847,GDLKCPLDSRT,16,1257.0
996,HLA-A30:01,38490.31,ANZ78847,YRINGLGVTMD,996,1258.0
1351,HLA-A30:01,38511.35,ANZ78847,QELVIKTSHDD,1351,1259.0
635,HLA-A30:01,38512.42,ANZ78847,YGISGQGIFVE,635,1260.0
572,HLA-A30:01,38529.88,ANZ78847,GNPCTCQPQAF,572,1261.0
853,HLA-A30:01,38550.93,ANZ78847,LTEVNELLDTT,853,1262.0
472,HLA-A30:01,38568.89,ANZ78847,KPQPAGVLTNH,472,1263.0
789,HLA-A30:01,38624.2,ANZ78847,LEPVGGLYEIQ,789,1264.0
1185,HLA-A30:01,38629.79,ANZ78847,SGYFVNVNNTW,1185,1265.0
1096,HLA-A30:01,38644.16,ANZ78847,LNAYVSQQLSD,1096,1266.0
1286,HLA-A30:01,38681.93,ANZ78847,NQSYINLKDIG,1286,1267.0
1269,HLA-A30:01,38685.51,ANZ78847,LDLQVEMNRLQ,1269,1268.0
554,HLA-A30:01,38708.63,ANZ78847,VGIGEHCSGLA,554,1269.0
1098,HLA-A30:01,38799.8,ANZ78847,AYVSQQLSDST,1098,1270.0
582,HLA-A30:01,38804.61,ANZ78847,FLGWSADSCLQ,582,1271.0
821,HLA-A30:01,38811.13,ANZ78847,TIDCAAFVCGD,821,1272.0
1025,HLA-A30:01,38826.14,ANZ78847,AIQEGFDATNS,1025,1273.0
794,HLA-A30:01,38836.98,ANZ78847,GLYEIQIPSDF,794,1274.0
796,HLA-A30:01,38842.0,ANZ78847,YEIQIPSDFTI,796,1275.0
817,HLA-A30:01,38844.56,ANZ78847,SPKVTIDCAAF,817,1276.0
1235,HLA-A30:01,38880.8,ANZ78847,IPNLPDFREEL,1235,1277.0
855,HLA-A30:01,38906.39,ANZ78847,EVNELLDTTQL,855,1278.0
1097,HLA-A30:01,38915.52,ANZ78847,NAYVSQQLSDS,1097,1279.0
1338,HLA-A30:01,38935.1,ANZ78847,KKCGGCCDDYT,1338,1280.0
1002,HLA-A30:01,38935.49,ANZ78847,GVTMDVLSQNQ,1002,1281.0
801,HLA-A30:01,38965.17,ANZ78847,PSDFTIGNMEE,801,1282.0
653,HLA-A30:01,39036.48,ANZ78847,SWQNLLYDSNG,653,1283.0
1340,HLA-A30:01,39157.58,ANZ78847,CGGCCDDYTGY,1340,1284.0
612,HLA-A30:01,39170.08,ANZ78847,TCSTDLQKANT,612,1285.0
568,HLA-A30:01,39185.59,ANZ78847,DYCGGNPCTCQ,568,1286.0
960,HLA-A30:01,39205.8,ANZ78847,LLSENQISGYT,960,1287.0
1344,HLA-A30:01,39216.58,ANZ78847,CDDYTGYQELV,1344,1288.0
33,HLA-A30:01,39216.94,ANZ78847,DTGPPSISTAT,33,1289.0
883,HLA-A30:01,39258.15,ANZ78847,DGVNFNVDDIN,883,1290.0
778,HLA-A30:01,39282.68,ANZ78847,EPFTVNSVNDS,778,1291.0
1027,HLA-A30:01,39323.45,ANZ78847,QEGFDATNSAL,1027,1292.0
349,HLA-A30:01,39332.76,ANZ78847,NDKSVPSPLNW,349,1293.0
780,HLA-A30:01,39362.05,ANZ78847,FTVNSVNDSLE,780,1294.0
576,HLA-A30:01,39387.84,ANZ78847,TCQPQAFLGWS,576,1295.0
314,HLA-A30:01,39460.8,ANZ78847,PPTGVYELNGY,314,1296.0
1339,HLA-A30:01,39501.24,ANZ78847,KCGGCCDDYTG,1339,1297.0
785,HLA-A30:01,39509.97,ANZ78847,VNDSLEPVGGL,785,1298.0
1294,HLA-A30:01,39510.94,ANZ78847,DIGTYEYYVKW,1294,1299.0
934,HLA-A30:01,39519.74,ANZ78847,NNCTGGAEIRD,934,1300.0
1024,HLA-A30:01,39527.19,ANZ78847,DAIQEGFDATN,1024,1301.0
807,HLA-A30:01,39546.4,ANZ78847,GNMEEFIQTSS,807,1302.0
143,HLA-A30:01,39573.58,ANZ78847,VQPRTINSTQD,143,1303.0
149,HLA-A30:01,39614.32,ANZ78847,NSTQDGVNKLQ,149,1304.0
340,HLA-A30:01,39626.63,ANZ78847,PNCNIEAWLND,340,1305.0
860,HLA-A30:01,39667.47,ANZ78847,LDTTQLQVANS,860,1306.0
570,HLA-A30:01,39676.45,ANZ78847,CGGNPCTCQPQ,570,1307.0
123,HLA-A30:01,39682.99,ANZ78847,SEFPAITIGST,123,1308.0
148,HLA-A30:01,39769.61,ANZ78847,INSTQDGVNKL,148,1309.0
630,HLA-A30:01,39779.52,ANZ78847,VNYDLYGISGQ,630,1310.0
786,HLA-A30:01,39808.78,ANZ78847,NDSLEPVGGLY,786,1311.0
644,HLA-A30:01,39814.85,ANZ78847,VEVNATYYNSW,644,1312.0
1020,HLA-A30:01,39832.85,ANZ78847,NNALDAIQEGF,1020,1313.0
35,HLA-A30:01,39855.15,ANZ78847,GPPSISTATVD,35,1314.0
882,HLA-A30:01,39889.53,ANZ78847,KDGVNFNVDDI,882,1315.0
745,HLA-A30:01,39903.04,ANZ78847,TCDLTVGSGYC,745,1316.0
294,HLA-A30:01,39975.94,ANZ78847,AVDCMSDFMSE,294,1317.0
613,HLA-A30:01,40027.63,ANZ78847,CSTDLQKANTD,613,1318.0
144,HLA-A30:01,40046.05,ANZ78847,QPRTINSTQDG,144,1319.0
1170,HLA-A30:01,40067.64,ANZ78847,SPGLCIAGDRG,1170,1320.0
800,HLA-A30:01,40241.21,ANZ78847,IPSDFTIGNME,800,1321.0
95,HLA-A30:01,40274.86,ANZ78847,KPPFLSDFING,95,1322.0
579,HLA-A30:01,40315.94,ANZ78847,PQAFLGWSADS,579,1323.0
353,HLA-A30:01,40422.12,ANZ78847,VPSPLNWERKT,353,1324.0
575,HLA-A30:01,40537.31,ANZ78847,CTCQPQAFLGW,575,1325.0
854,HLA-A30:01,40612.45,ANZ78847,TEVNELLDTTQ,854,1326.0
286,HLA-A30:01,40633.59,ANZ78847,NQDGIIFNAVD,286,1327.0
67,HLA-A30:01,40760.48,ANZ78847,LNGYYPTSGST,67,1328.0
1019,HLA-A30:01,40788.58,ANZ78847,FNNALDAIQEG,1019,1329.0
787,HLA-A30:01,40936.46,ANZ78847,DSLEPVGGLYE,787,1330.0
262,HLA-A30:01,41107.89,ANZ78847,RRNIGFTLEYW,262,1331.0
1074,HLA-A30:01,41135.04,ANZ78847,SRLDALEAEAQ,1074,1332.0
1076,HLA-A30:01,41136.08,ANZ78847,LDALEAEAQID,1076,1333.0
315,HLA-A30:01,41141.01,ANZ78847,PTGVYELNGYT,315,1334.0
342,HLA-A30:01,41229.66,ANZ78847,CNIEAWLNDKS,342,1335.0
777,HLA-A30:01,41236.76,ANZ78847,FEPFTVNSVND,777,1336.0
1343,HLA-A30:01,41280.22,ANZ78847,CCDDYTGYQEL,1343,1337.0
1242,HLA-A30:01,41343.04,ANZ78847,REELDQWFKNQ,1242,1338.0
181,HLA-A30:01,41373.98,ANZ78847,PNLGNHFKELW,181,1339.0
1237,HLA-A30:01,41430.2,ANZ78847,NLPDFREELDQ,1237,1340.0
1252,HLA-A30:01,41442.7,ANZ78847,QTSVAPDLALD,1252,1341.0
1021,HLA-A30:01,41514.87,ANZ78847,NALDAIQEGFD,1021,1342.0
584,HLA-A30:01,41574.99,ANZ78847,GWSADSCLQGD,584,1343.0
1236,HLA-A30:01,41805.67,ANZ78847,PNLPDFREELD,1236,1344.0
1023,HLA-A30:01,41840.33,ANZ78847,LDAIQEGFDAT,1023,1345.0
313,HLA-A30:01,41908.64,ANZ78847,APPTGVYELNG,313,1346.0
1341,HLA-A30:01,41923.1,ANZ78847,GGCCDDYTGYQ,1341,1347.0
1342,HLA-A30:01,41963.66,ANZ78847,GCCDDYTGYQE,1342,1348.0
337,HLA-A30:01,42369.81,ANZ78847,PDLPNCNIEAW,337,1349.0
578,HLA-A30:01,42476.85,ANZ78847,QPQAFLGWSAD,578,1350.0
631,HLA-A30:01,42554.02,ANZ78847,NYDLYGISGQG,631,1351.0
1238,HLA-A30:01,43320.61,ANZ78847,LPDFREELDQW,1238,1352.0
325,HLA-A31:01 ,1353.31,ANZ78847,TVQPIADVYRR,325,1.0
1267,HLA-A31:01 ,1584.73,ANZ78847,TFLDLQVEMNR,1267,2.0
351,HLA-A31:01 ,1627.19,ANZ78847,KSVPSPLNWER,351,3.0
69,HLA-A31:01 ,1862.73,ANZ78847,GYYPTSGSTYR,69,4.0
453,HLA-A31:01 ,2501.63,ANZ78847,RFNPSTWNKRF,453,5.0
1083,HLA-A31:01 ,3014.59,ANZ78847,AQIDRLINGRL,1083,6.0
1003,HLA-A31:01 ,3287.9,ANZ78847,VTMDVLSQNQK,1003,7.0
324,HLA-A31:01 ,3765.36,ANZ78847,YTVQPIADVYR,324,8.0
987,HLA-A31:01 ,3890.35,ANZ78847,GVPFYLNVQYR,987,9.0
228,HLA-A31:01 ,4358.89,ANZ78847,AYFTDTGVVTK,228,10.0
1283,HLA-A31:01 ,4545.32,ANZ78847,KVLNQSYINLK,1283,11.0
402,HLA-A31:01 ,4606.02,ANZ78847,TIDKFAIPNGR,402,12.0
665,HLA-A31:01 ,4814.0,ANZ78847,LYGFRDYLTNR,665,13.0
693,HLA-A31:01 ,4818.48,ANZ78847,ANSSEPALLFR,693,14.0
870,HLA-A31:01 ,5006.03,ANZ78847,SLMNGVTLSTK,870,15.0
1065,HLA-A31:01 ,5033.77,ANZ78847,ISSSLQEILSR,1065,16.0
469,HLA-A31:01 ,5039.07,ANZ78847,SVFKPQPAGVL,469,17.0
420,HLA-A31:01 ,5095.91,ANZ78847,NLGYLQSFNYR,420,18.0
51,HLA-A31:01 ,5151.59,ANZ78847,GTYYVLDRVYL,51,19.0
1158,HLA-A31:01 ,5161.03,ANZ78847,SYVPTKYVTAK,1158,20.0
1051,HLA-A31:01 ,5172.15,ANZ78847,LNNLLQQLSNR,1051,21.0
308,HLA-A31:01 ,5194.7,ANZ78847,KTQSIAPPTGV,308,22.0
46,HLA-A31:01 ,5308.52,ANZ78847,VTNGLGTYYVL,46,23.0
452,HLA-A31:01 ,5361.01,ANZ78847,SRFNPSTWNKR,452,24.0
114,HLA-A31:01 ,5366.69,ANZ78847,KVFKDGVMYSE,114,25.0
1232,HLA-A31:01 ,5367.59,ANZ78847,NTSIPNLPDFR,1232,26.0
911,HLA-A31:01 ,5391.24,ANZ78847,RSAIEDLLFDK,911,27.0
136,HLA-A31:01 ,5394.38,ANZ78847,NTSYSVVVQPR,136,28.0
269,HLA-A31:01 ,5399.13,ANZ78847,LEYWVTPLTSR,269,29.0
253,HLA-A31:01 ,5402.64,ANZ78847,YVMPLTCISRR,253,30.0
462,HLA-A31:01 ,5408.99,ANZ78847,RFGFIEDSVFK,462,31.0
147,HLA-A31:01 ,5417.3,ANZ78847,TINSTQDGVNK,147,32.0
284,HLA-A31:01 ,5424.86,ANZ78847,AFNQDGIIFNA,284,33.0
1296,HLA-A31:01 ,5425.83,ANZ78847,GTYEYYVKWPW,1296,34.0
955,HLA-A31:01 ,5431.24,ANZ78847,KVLPPLLSENQ,955,35.0
1082,HLA-A31:01 ,5436.83,ANZ78847,EAQIDRLINGR,1082,36.0
99,HLA-A31:01 ,5437.37,ANZ78847,LSDFINGIFAK,99,37.0
451,HLA-A31:01 ,5448.6,ANZ78847,VSRFNPSTWNK,451,38.0
443,HLA-A31:01 ,5460.41,ANZ78847,NLPAANVSVSR,443,39.0
1066,HLA-A31:01 ,5465.5,ANZ78847,SSSLQEILSRL,1066,40.0
1077,HLA-A31:01 ,5477.98,ANZ78847,DALEAEAQIDR,1077,41.0
311,HLA-A31:01 ,5481.78,ANZ78847,SIAPPTGVYEL,311,42.0
659,HLA-A31:01 ,5487.97,ANZ78847,YDSNGNLYGFR,659,43.0
1101,HLA-A31:01 ,5488.58,ANZ78847,SQQLSDSTLVK,1101,44.0
85,HLA-A31:01 ,5488.7,ANZ78847,GTDKLSTLWFK,85,45.0
717,HLA-A31:01 ,5504.43,ANZ78847,RQLQPINYFDS,717,46.0
878,HLA-A31:01 ,5506.24,ANZ78847,STKLKDGVNFN,878,47.0
670,HLA-A31:01 ,5506.25,ANZ78847,DYLTNRTFMIR,670,48.0
326,HLA-A31:01 ,5509.15,ANZ78847,VQPIADVYRRK,326,49.0
48,HLA-A31:01 ,5513.43,ANZ78847,NGLGTYYVLDR,48,50.0
58,HLA-A31:01 ,5514.05,ANZ78847,RVYLNTTLFLN,58,51.0
352,HLA-A31:01 ,5516.82,ANZ78847,SVPSPLNWERK,352,52.0
1301,HLA-A31:01 ,5519.16,ANZ78847,YVKWPWYVWLL,1301,53.0
913,HLA-A31:01 ,5521.85,ANZ78847,AIEDLLFDKVK,913,54.0
921,HLA-A31:01 ,5527.88,ANZ78847,KVKLSDVGFVA,921,55.0
950,HLA-A31:01 ,5532.49,ANZ78847,SYKGIKVLPPL,950,56.0
1029,HLA-A31:01 ,5532.98,ANZ78847,GFDATNSALVK,1029,57.0
648,HLA-A31:01 ,5535.26,ANZ78847,ATYYNSWQNLL,648,58.0
752,HLA-A31:01 ,5545.54,ANZ78847,SGYCVDYSKNR,752,59.0
395,HLA-A31:01 ,5547.78,ANZ78847,GMCFSSITIDK,395,60.0
953,HLA-A31:01 ,5550.45,ANZ78847,GIKVLPPLLSE,953,61.0
676,HLA-A31:01 ,5555.37,ANZ78847,TFMIRSCYSGR,676,62.0
763,HLA-A31:01 ,5555.8,ANZ78847,RSRRAITTGYR,763,63.0
709,HLA-A31:01 ,5556.13,ANZ78847,YVFNNSLTRQL,709,64.0
263,HLA-A31:01 ,5559.22,ANZ78847,RNIGFTLEYWV,263,65.0
115,HLA-A31:01 ,5562.0,ANZ78847,VFKDGVMYSEF,115,66.0
1346,HLA-A31:01 ,5563.32,ANZ78847,DYTGYQELVIK,1346,67.0
82,HLA-A31:01 ,5563.46,ANZ78847,ALKGTDKLSTL,82,68.0
667,HLA-A31:01 ,5566.06,ANZ78847,GFRDYLTNRTF,667,69.0
1102,HLA-A31:01 ,5568.1,ANZ78847,QQLSDSTLVKF,1102,70.0
615,HLA-A31:01 ,5568.41,ANZ78847,TDLQKANTDIK,615,71.0
696,HLA-A31:01 ,5570.83,ANZ78847,SEPALLFRNIK,696,72.0
1268,HLA-A31:01 ,5577.54,ANZ78847,FLDLQVEMNRL,1268,73.0
809,HLA-A31:01 ,5580.49,ANZ78847,MEEFIQTSSPK,809,74.0
1150,HLA-A31:01 ,5582.17,ANZ78847,YGLYFIHFSYV,1150,75.0
439,HLA-A31:01 ,5582.65,ANZ78847,QLYYNLPAANV,439,76.0
1153,HLA-A31:01 ,5585.59,ANZ78847,YFIHFSYVPTK,1153,77.0
880,HLA-A31:01 ,5591.62,ANZ78847,KLKDGVNFNVD,880,78.0
422,HLA-A31:01 ,5592.25,ANZ78847,GYLQSFNYRID,422,79.0
1273,HLA-A31:01 ,5595.91,ANZ78847,VEMNRLQEAIK,1273,80.0
212,HLA-A31:01 ,5601.11,ANZ78847,ATYLYFHFYQE,212,81.0
101,HLA-A31:01 ,5602.41,ANZ78847,DFINGIFAKVK,101,82.0
977,HLA-A31:01 ,5603.42,ANZ78847,SLFPPWTAAAG,977,83.0
872,HLA-A31:01 ,5603.71,ANZ78847,MNGVTLSTKLK,872,84.0
707,HLA-A31:01 ,5606.82,ANZ78847,CNYVFNNSLTR,707,85.0
252,HLA-A31:01 ,5608.55,ANZ78847,YYVMPLTCISR,252,86.0
403,HLA-A31:01 ,5610.3,ANZ78847,IDKFAIPNGRK,403,87.0
504,HLA-A31:01 ,5611.88,ANZ78847,SSLCVGSGPGK,504,88.0
1293,HLA-A31:01 ,5613.34,ANZ78847,KDIGTYEYYVK,1293,89.0
1288,HLA-A31:01 ,5616.44,ANZ78847,SYINLKDIGTY,1288,90.0
1078,HLA-A31:01 ,5617.34,ANZ78847,ALEAEAQIDRL,1078,91.0
107,HLA-A31:01 ,5618.41,ANZ78847,FAKVKNTKVFK,107,92.0
1179,HLA-A31:01 ,5619.11,ANZ78847,RGIAPKSGYFV,1179,93.0
1240,HLA-A31:01 ,5620.92,ANZ78847,DFREELDQWFK,1240,94.0
997,HLA-A31:01 ,5621.86,ANZ78847,RINGLGVTMDV,997,95.0
971,HLA-A31:01 ,5623.91,ANZ78847,LAATSASLFPP,971,96.0
1068,HLA-A31:01 ,5625.61,ANZ78847,SLQEILSRLDA,1068,97.0
1140,HLA-A31:01 ,5626.05,ANZ78847,HIISLVQNAPY,1140,98.0
933,HLA-A31:01 ,5626.53,ANZ78847,YNNCTGGAEIR,933,99.0
666,HLA-A31:01 ,5627.87,ANZ78847,YGFRDYLTNRT,666,100.0
1206,HLA-A31:01 ,5628.47,ANZ78847,EPITENNVVVM,1206,101.0
382,HLA-A31:01 ,5628.7,ANZ78847,SFTCNNIDAAK,382,102.0
1174,HLA-A31:01 ,5629.04,ANZ78847,CIAGDRGIAPK,1174,103.0
9,HLA-A31:01 ,5629.31,ANZ78847,PTAFAVIGDLK,9,104.0
1110,HLA-A31:01 ,5629.31,ANZ78847,VKFSAAQAMEK,1110,104.0
609,HLA-A31:01 ,5631.72,ANZ78847,SGLTCSTDLQK,609,106.0
536,HLA-A31:01 ,5631.96,ANZ78847,PDPITFTGPYK,536,107.0
978,HLA-A31:01 ,5632.24,ANZ78847,LFPPWTAAAGV,978,108.0
74,HLA-A31:01 ,5632.33,ANZ78847,SGSTYRNMALK,74,109.0
28,HLA-A31:01 ,5634.76,ANZ78847,SLNNIDTGPPS,28,110.0
1013,HLA-A31:01 ,5635.16,ANZ78847,KLIANAFNNAL,1013,111.0
88,HLA-A31:01 ,5638.11,ANZ78847,KLSTLWFKPPF,88,112.0
63,HLA-A31:01 ,5638.52,ANZ78847,TTLFLNGYYPT,63,113.0
1084,HLA-A31:01 ,5639.36,ANZ78847,QIDRLINGRLT,1084,114.0
1169,HLA-A31:01 ,5639.56,ANZ78847,VSPGLCIAGDR,1169,115.0
942,HLA-A31:01 ,5639.74,ANZ78847,IRDLICVQSYK,942,116.0
1300,HLA-A31:01 ,5639.99,ANZ78847,YYVKWPWYVWL,1300,117.0
296,HLA-A31:01 ,5640.42,ANZ78847,DCMSDFMSEIK,296,118.0
1163,HLA-A31:01 ,5640.51,ANZ78847,KYVTAKVSPGL,1163,119.0
15,HLA-A31:01 ,5640.96,ANZ78847,IGDLKCPLDSR,15,120.0
988,HLA-A31:01 ,5641.43,ANZ78847,VPFYLNVQYRI,988,121.0
421,HLA-A31:01 ,5641.77,ANZ78847,LGYLQSFNYRI,421,122.0
1228,HLA-A31:01 ,5642.38,ANZ78847,YVMLNTSIPNL,1228,123.0
87,HLA-A31:01 ,5643.28,ANZ78847,DKLSTLWFKPP,87,124.0
298,HLA-A31:01 ,5647.92,ANZ78847,MSDFMSEIKCK,298,125.0
194,HLA-A31:01 ,5648.16,ANZ78847,DTGVVSCLYKR,194,126.0
446,HLA-A31:01 ,5648.71,ANZ78847,AANVSVSRFNP,446,127.0
104,HLA-A31:01 ,5650.49,ANZ78847,NGIFAKVKNTK,104,128.0
265,HLA-A31:01 ,5651.45,ANZ78847,IGFTLEYWVTP,265,129.0
636,HLA-A31:01 ,5652.36,ANZ78847,GISGQGIFVEV,636,130.0
782,HLA-A31:01 ,5652.42,ANZ78847,VNSVNDSLEPV,782,131.0
1298,HLA-A31:01 ,5652.59,ANZ78847,YEYYVKWPWYV,1298,132.0
750,HLA-A31:01 ,5652.65,ANZ78847,VGSGYCVDYSK,750,133.0
52,HLA-A31:01 ,5653.09,ANZ78847,TYYVLDRVYLN,52,134.0
901,HLA-A31:01 ,5653.36,ANZ78847,LGSECSKASSR,901,135.0
465,HLA-A31:01 ,5654.43,ANZ78847,FIEDSVFKPQP,465,136.0
341,HLA-A31:01 ,5656.19,ANZ78847,NCNIEAWLNDK,341,137.0
27,HLA-A31:01 ,5656.89,ANZ78847,GSLNNIDTGPP,27,138.0
86,HLA-A31:01 ,5656.91,ANZ78847,TDKLSTLWFKP,86,139.0
178,HLA-A31:01 ,5658.04,ANZ78847,ICHPNLGNHFK,178,140.0
261,HLA-A31:01 ,5658.19,ANZ78847,SRRNIGFTLEY,261,141.0
871,HLA-A31:01 ,5660.14,ANZ78847,LMNGVTLSTKL,871,142.0
1116,HLA-A31:01 ,5660.18,ANZ78847,QAMEKVNECVK,1116,143.0
742,HLA-A31:01 ,5660.35,ANZ78847,SVQTCDLTVGS,742,144.0
234,HLA-A31:01 ,5660.66,ANZ78847,GVVTKFLFNVY,234,145.0
556,HLA-A31:01 ,5660.9,ANZ78847,IGEHCSGLAVK,556,146.0
945,HLA-A31:01 ,5661.11,ANZ78847,LICVQSYKGIK,945,147.0
1215,HLA-A31:01 ,5661.13,ANZ78847,VMSTCAVNYTK,1215,148.0
198,HLA-A31:01 ,5661.55,ANZ78847,VSCLYKRNFTY,198,149.0
401,HLA-A31:01 ,5661.68,ANZ78847,ITIDKFAIPNG,401,150.0
485,HLA-A31:01 ,5662.02,ANZ78847,VYAQHCFKAPK,485,151.0
229,HLA-A31:01 ,5662.29,ANZ78847,YFTDTGVVTKF,229,152.0
1242,HLA-A31:01 ,5663.2,ANZ78847,REELDQWFKNQ,1242,153.0
345,HLA-A31:01 ,5663.25,ANZ78847,EAWLNDKSVPS,345,154.0
112,HLA-A31:01 ,5663.7,ANZ78847,NTKVFKDGVMY,112,155.0
1121,HLA-A31:01 ,5664.25,ANZ78847,VNECVKSQSSR,1121,156.0
323,HLA-A31:01 ,5665.44,ANZ78847,GYTVQPIADVY,323,157.0
353,HLA-A31:01 ,5666.2,ANZ78847,VPSPLNWERKT,353,158.0
599,HLA-A31:01 ,5666.42,ANZ78847,FANLILHDVNS,599,159.0
273,HLA-A31:01 ,5666.49,ANZ78847,VTPLTSRQYLL,273,160.0
135,HLA-A31:01 ,5666.56,ANZ78847,VNTSYSVVVQP,135,161.0
797,HLA-A31:01 ,5666.79,ANZ78847,EIQIPSDFTIG,797,162.0
50,HLA-A31:01 ,5666.91,ANZ78847,LGTYYVLDRVY,50,163.0
541,HLA-A31:01 ,5667.22,ANZ78847,FTGPYKCPQSK,541,164.0
1235,HLA-A31:01 ,5667.59,ANZ78847,IPNLPDFREEL,1235,165.0
447,HLA-A31:01 ,5667.74,ANZ78847,ANVSVSRFNPS,447,166.0
464,HLA-A31:01 ,5667.76,ANZ78847,GFIEDSVFKPQ,464,167.0
1253,HLA-A31:01 ,5667.78,ANZ78847,TSVAPDLALDY,1253,168.0
111,HLA-A31:01 ,5668.04,ANZ78847,KNTKVFKDGVM,111,169.0
413,HLA-A31:01 ,5668.88,ANZ78847,KVDLQLGNLGY,413,170.0
225,HLA-A31:01 ,5669.32,ANZ78847,TFYAYFTDTGV,225,171.0
879,HLA-A31:01 ,5669.32,ANZ78847,TKLKDGVNFNV,879,171.0
272,HLA-A31:01 ,5669.85,ANZ78847,WVTPLTSRQYL,272,173.0
441,HLA-A31:01 ,5670.05,ANZ78847,YYNLPAANVSV,441,174.0
991,HLA-A31:01 ,5670.11,ANZ78847,YLNVQYRINGL,991,175.0
314,HLA-A31:01 ,5670.21,ANZ78847,PPTGVYELNGY,314,176.0
62,HLA-A31:01 ,5670.37,ANZ78847,NTTLFLNGYYP,62,177.0
753,HLA-A31:01 ,5671.01,ANZ78847,GYCVDYSKNRR,753,178.0
1203,HLA-A31:01 ,5671.12,ANZ78847,YYPEPITENNV,1203,179.0
1147,HLA-A31:01 ,5671.21,ANZ78847,NAPYGLYFIHF,1147,180.0
406,HLA-A31:01 ,5671.47,ANZ78847,FAIPNGRKVDL,406,181.0
43,HLA-A31:01 ,5672.3,ANZ78847,TVDVTNGLGTY,43,182.0
39,HLA-A31:01 ,5672.88,ANZ78847,ISTATVDVTNG,39,183.0
193,HLA-A31:01 ,5672.9,ANZ78847,MDTGVVSCLYK,193,184.0
585,HLA-A31:01 ,5673.13,ANZ78847,WSADSCLQGDK,585,185.0
129,HLA-A31:01 ,5673.34,ANZ78847,TIGSTFVNTSY,129,186.0
726,HLA-A31:01 ,5673.37,ANZ78847,DSYLGCVVNAY,726,187.0
1290,HLA-A31:01 ,5674.52,ANZ78847,INLKDIGTYEY,1290,188.0
244,HLA-A31:01 ,5675.07,ANZ78847,YLGMALSHYYV,244,189.0
1292,HLA-A31:01 ,5675.29,ANZ78847,LKDIGTYEYYV,1292,190.0
78,HLA-A31:01 ,5675.43,ANZ78847,YRNMALKGTDK,78,191.0
699,HLA-A31:01 ,5675.69,ANZ78847,ALLFRNIKCNY,699,192.0
41,HLA-A31:01 ,5676.46,ANZ78847,TATVDVTNGLG,41,193.0
242,HLA-A31:01 ,5676.96,ANZ78847,NVYLGMALSHY,242,194.0
744,HLA-A31:01 ,5677.07,ANZ78847,QTCDLTVGSGY,744,195.0
897,HLA-A31:01 ,5677.38,ANZ78847,VLGCLGSECSK,897,196.0
1199,HLA-A31:01 ,5677.48,ANZ78847,GSGYYYPEPIT,1199,197.0
177,HLA-A31:01 ,5677.74,ANZ78847,TICHPNLGNHF,177,198.0
1063,HLA-A31:01 ,5678.25,ANZ78847,GAISSSLQEIL,1063,199.0
1259,HLA-A31:01 ,5678.5,ANZ78847,LALDYINVTFL,1259,200.0
463,HLA-A31:01 ,5678.6,ANZ78847,FGFIEDSVFKP,463,201.0
309,HLA-A31:01 ,5678.62,ANZ78847,TQSIAPPTGVY,309,202.0
1208,HLA-A31:01 ,5678.67,ANZ78847,ITENNVVVMST,1208,203.0
53,HLA-A31:01 ,5679.02,ANZ78847,YYVLDRVYLNT,53,204.0
1284,HLA-A31:01 ,5679.07,ANZ78847,VLNQSYINLKD,1284,205.0
710,HLA-A31:01 ,5679.28,ANZ78847,VFNNSLTRQLQ,710,206.0
217,HLA-A31:01 ,5679.54,ANZ78847,FHFYQEGGTFY,217,207.0
209,HLA-A31:01 ,5680.84,ANZ78847,DVNATYLYFHF,209,208.0
347,HLA-A31:01 ,5681.12,ANZ78847,WLNDKSVPSPL,347,209.0
862,HLA-A31:01 ,5681.2,ANZ78847,TTQLQVANSLM,862,210.0
1266,HLA-A31:01 ,5681.28,ANZ78847,VTFLDLQVEMN,1266,211.0
1303,HLA-A31:01 ,5681.34,ANZ78847,KWPWYVWLLIC,1303,212.0
656,HLA-A31:01 ,5682.07,ANZ78847,NLLYDSNGNLY,656,213.0
1190,HLA-A31:01 ,5682.16,ANZ78847,NVNNTWMYTGS,1190,214.0
1052,HLA-A31:01 ,5682.47,ANZ78847,NNLLQQLSNRF,1052,215.0
1155,HLA-A31:01 ,5682.47,ANZ78847,IHFSYVPTKYV,1155,215.0
344,HLA-A31:01 ,5682.54,ANZ78847,IEAWLNDKSVP,344,217.0
219,HLA-A31:01 ,5682.95,ANZ78847,FYQEGGTFYAY,219,218.0
476,HLA-A31:01 ,5683.16,ANZ78847,AGVLTNHDVVY,476,219.0
832,HLA-A31:01 ,5683.37,ANZ78847,YAACKSQLVEY,832,220.0
444,HLA-A31:01 ,5683.88,ANZ78847,LPAANVSVSRF,444,221.0
856,HLA-A31:01 ,5683.88,ANZ78847,VNELLDTTQLQ,856,221.0
64,HLA-A31:01 ,5684.2,ANZ78847,TLFLNGYYPTS,64,223.0
640,HLA-A31:01 ,5684.61,ANZ78847,QGIFVEVNATY,640,224.0
937,HLA-A31:01 ,5684.62,ANZ78847,TGGAEIRDLIC,937,225.0
1154,HLA-A31:01 ,5684.8,ANZ78847,FIHFSYVPTKY,1154,226.0
1025,HLA-A31:01 ,5684.88,ANZ78847,AIQEGFDATNS,1025,227.0
1094,HLA-A31:01 ,5685.11,ANZ78847,TALNAYVSQQL,1094,228.0
472,HLA-A31:01 ,5685.36,ANZ78847,KPQPAGVLTNH,472,229.0
482,HLA-A31:01 ,5685.48,ANZ78847,HDVVYAQHCFK,482,230.0
1100,HLA-A31:01 ,5685.49,ANZ78847,VSQQLSDSTLV,1100,231.0
669,HLA-A31:01 ,5685.92,ANZ78847,RDYLTNRTFMI,669,232.0
1187,HLA-A31:01 ,5686.23,ANZ78847,YFVNVNNTWMY,1187,233.0
327,HLA-A31:01 ,5686.31,ANZ78847,QPIADVYRRKP,327,234.0
912,HLA-A31:01 ,5686.41,ANZ78847,SAIEDLLFDKV,912,235.0
154,HLA-A31:01 ,5686.54,ANZ78847,GVNKLQGLLEV,154,236.0
689,HLA-A31:01 ,5686.64,ANZ78847,AAFHANSSEPA,689,237.0
247,HLA-A31:01 ,5686.65,ANZ78847,MALSHYYVMPL,247,238.0
1291,HLA-A31:01 ,5687.29,ANZ78847,NLKDIGTYEYY,1291,239.0
1089,HLA-A31:01 ,5687.36,ANZ78847,INGRLTALNAY,1089,240.0
793,HLA-A31:01 ,5687.38,ANZ78847,GGLYEIQIPSD,793,241.0
1286,HLA-A31:01 ,5687.93,ANZ78847,NQSYINLKDIG,1286,242.0
1225,HLA-A31:01 ,5688.04,ANZ78847,KAPYVMLNTSI,1225,243.0
661,HLA-A31:01 ,5688.2,ANZ78847,SNGNLYGFRDY,661,244.0
233,HLA-A31:01 ,5688.23,ANZ78847,TGVVTKFLFNV,233,245.0
1255,HLA-A31:01 ,5688.28,ANZ78847,VAPDLALDYIN,1255,246.0
762,HLA-A31:01 ,5688.33,ANZ78847,RRSRRAITTGY,762,247.0
1230,HLA-A31:01 ,5688.62,ANZ78847,MLNTSIPNLPD,1230,248.0
1221,HLA-A31:01 ,5688.78,ANZ78847,VNYTKAPYVML,1221,249.0
1299,HLA-A31:01 ,5688.96,ANZ78847,EYYVKWPWYVW,1299,250.0
715,HLA-A31:01 ,5689.0,ANZ78847,LTRQLQPINYF,715,251.0
1226,HLA-A31:01 ,5689.13,ANZ78847,APYVMLNTSIP,1226,252.0
3,HLA-A31:01 ,5689.19,ANZ78847,ILLISLPTAFA,3,253.0
26,HLA-A31:01 ,5689.23,ANZ78847,TGSLNNIDTGP,26,254.0
999,HLA-A31:01 ,5689.25,ANZ78847,NGLGVTMDVLS,999,255.0
719,HLA-A31:01 ,5689.37,ANZ78847,LQPINYFDSYL,719,256.0
1009,HLA-A31:01 ,5689.55,ANZ78847,SQNQKLIANAF,1009,257.0
1279,HLA-A31:01 ,5689.58,ANZ78847,QEAIKVLNQSY,1279,258.0
792,HLA-A31:01 ,5689.65,ANZ78847,VGGLYEIQIPS,792,259.0
630,HLA-A31:01 ,5689.69,ANZ78847,VNYDLYGISGQ,630,260.0
1282,HLA-A31:01 ,5690.49,ANZ78847,IKVLNQSYINL,1282,261.0
1192,HLA-A31:01 ,5690.52,ANZ78847,NNTWMYTGSGY,1192,262.0
266,HLA-A31:01 ,5690.61,ANZ78847,GFTLEYWVTPL,266,263.0
1347,HLA-A31:01 ,5690.62,ANZ78847,YTGYQELVIKT,1347,264.0
137,HLA-A31:01 ,5690.73,ANZ78847,TSYSVVVQPRT,137,265.0
770,HLA-A31:01 ,5691.02,ANZ78847,TGYRFTNFEPF,770,266.0
535,HLA-A31:01 ,5691.03,ANZ78847,NPDPITFTGPY,535,267.0
231,HLA-A31:01 ,5691.3,ANZ78847,TDTGVVTKFLF,231,268.0
387,HLA-A31:01 ,5691.31,ANZ78847,NIDAAKIYGMC,387,269.0
804,HLA-A31:01 ,5691.52,ANZ78847,FTIGNMEEFIQ,804,270.0
875,HLA-A31:01 ,5691.52,ANZ78847,VTLSTKLKDGV,875,270.0
1234,HLA-A31:01 ,5691.67,ANZ78847,SIPNLPDFREE,1234,272.0
794,HLA-A31:01 ,5691.89,ANZ78847,GLYEIQIPSDF,794,273.0
1111,HLA-A31:01 ,5691.89,ANZ78847,KFSAAQAMEKV,1111,273.0
1258,HLA-A31:01 ,5691.89,ANZ78847,DLALDYINVTF,1258,273.0
436,HLA-A31:01 ,5691.97,ANZ78847,TSCQLYYNLPA,436,276.0
969,HLA-A31:01 ,5692.21,ANZ78847,YTLAATSASLF,969,277.0
1000,HLA-A31:01 ,5692.34,ANZ78847,GLGVTMDVLSQ,1000,278.0
1309,HLA-A31:01 ,5692.53,ANZ78847,WLLICLAGVAM,1309,279.0
1207,HLA-A31:01 ,5692.69,ANZ78847,PITENNVVVMS,1207,280.0
204,HLA-A31:01 ,5692.79,ANZ78847,RNFTYDVNATY,204,281.0
959,HLA-A31:01 ,5693.14,ANZ78847,PLLSENQISGY,959,282.0
1262,HLA-A31:01 ,5693.18,ANZ78847,DYINVTFLDLQ,1262,283.0
780,HLA-A31:01 ,5693.25,ANZ78847,FTVNSVNDSLE,780,284.0
850,HLA-A31:01 ,5693.58,ANZ78847,NAILTEVNELL,850,285.0
1015,HLA-A31:01 ,5693.97,ANZ78847,IANAFNNALDA,1015,286.0
1329,HLA-A31:01 ,5694.35,ANZ78847,CTGCGTSCFKK,1329,287.0
106,HLA-A31:01 ,5694.82,ANZ78847,IFAKVKNTKVF,106,288.0
649,HLA-A31:01 ,5694.93,ANZ78847,TYYNSWQNLLY,649,289.0
162,HLA-A31:01 ,5694.99,ANZ78847,LEVSVCQYNMC,162,290.0
1030,HLA-A31:01 ,5695.33,ANZ78847,FDATNSALVKI,1030,291.0
1156,HLA-A31:01 ,5695.43,ANZ78847,HFSYVPTKYVT,1156,292.0
310,HLA-A31:01 ,5695.5,ANZ78847,QSIAPPTGVYE,310,293.0
1098,HLA-A31:01 ,5695.81,ANZ78847,AYVSQQLSDST,1098,294.0
1213,HLA-A31:01 ,5695.99,ANZ78847,VVVMSTCAVNY,1213,295.0
923,HLA-A31:01 ,5696.47,ANZ78847,KLSDVGFVAAY,923,296.0
159,HLA-A31:01 ,5696.48,ANZ78847,QGLLEVSVCQY,159,297.0
271,HLA-A31:01 ,5696.5,ANZ78847,YWVTPLTSRQY,271,298.0
979,HLA-A31:01 ,5696.52,ANZ78847,FPPWTAAAGVP,979,299.0
40,HLA-A31:01 ,5696.62,ANZ78847,STATVDVTNGL,40,300.0
105,HLA-A31:01 ,5696.64,ANZ78847,GIFAKVKNTKV,105,301.0
56,HLA-A31:01 ,5696.77,ANZ78847,LDRVYLNTTLF,56,302.0
1074,HLA-A31:01 ,5696.78,ANZ78847,SRLDALEAEAQ,1074,303.0
808,HLA-A31:01 ,5696.82,ANZ78847,NMEEFIQTSSP,808,304.0
44,HLA-A31:01 ,5696.94,ANZ78847,VDVTNGLGTYY,44,305.0
73,HLA-A31:01 ,5697.0,ANZ78847,TSGSTYRNMAL,73,306.0
305,HLA-A31:01 ,5697.13,ANZ78847,IKCKTQSIAPP,305,307.0
622,HLA-A31:01 ,5697.19,ANZ78847,TDIKLGVCVNY,622,308.0
883,HLA-A31:01 ,5697.24,ANZ78847,DGVNFNVDDIN,883,309.0
843,HLA-A31:01 ,5697.42,ANZ78847,GSFCDNINAIL,843,310.0
428,HLA-A31:01 ,5697.53,ANZ78847,NYRIDTTATSC,428,311.0
720,HLA-A31:01 ,5697.64,ANZ78847,QPINYFDSYLG,720,312.0
319,HLA-A31:01 ,5697.84,ANZ78847,YELNGYTVQPI,319,313.0
1046,HLA-A31:01 ,5697.85,ANZ78847,ANAEALNNLLQ,1046,314.0
143,HLA-A31:01 ,5697.9,ANZ78847,VQPRTINSTQD,143,315.0
1209,HLA-A31:01 ,5697.94,ANZ78847,TENNVVVMSTC,1209,316.0
202,HLA-A31:01 ,5697.95,ANZ78847,YKRNFTYDVNA,202,317.0
941,HLA-A31:01 ,5698.28,ANZ78847,EIRDLICVQSY,941,318.0
1017,HLA-A31:01 ,5698.29,ANZ78847,NAFNNALDAIQ,1017,319.0
130,HLA-A31:01 ,5698.3,ANZ78847,IGSTFVNTSYS,130,320.0
996,HLA-A31:01 ,5698.35,ANZ78847,YRINGLGVTMD,996,321.0
1159,HLA-A31:01 ,5698.43,ANZ78847,YVPTKYVTAKV,1159,322.0
245,HLA-A31:01 ,5698.55,ANZ78847,LGMALSHYYVM,245,323.0
714,HLA-A31:01 ,5698.81,ANZ78847,SLTRQLQPINY,714,324.0
442,HLA-A31:01 ,5698.83,ANZ78847,YNLPAANVSVS,442,325.0
854,HLA-A31:01 ,5698.96,ANZ78847,TEVNELLDTTQ,854,326.0
1044,HLA-A31:01 ,5699.0,ANZ78847,VNANAEALNNL,1044,327.0
711,HLA-A31:01 ,5699.06,ANZ78847,FNNSLTRQLQP,711,328.0
690,HLA-A31:01 ,5699.44,ANZ78847,AFHANSSEPAL,690,329.0
1157,HLA-A31:01 ,5699.45,ANZ78847,FSYVPTKYVTA,1157,330.0
1254,HLA-A31:01 ,5699.57,ANZ78847,SVAPDLALDYI,1254,331.0
769,HLA-A31:01 ,5699.62,ANZ78847,TTGYRFTNFEP,769,332.0
965,HLA-A31:01 ,5699.75,ANZ78847,QISGYTLAATS,965,333.0
122,HLA-A31:01 ,5699.79,ANZ78847,YSEFPAITIGS,122,334.0
867,HLA-A31:01 ,5699.93,ANZ78847,VANSLMNGVTL,867,335.0
1177,HLA-A31:01 ,5699.93,ANZ78847,GDRGIAPKSGY,1177,335.0
123,HLA-A31:01 ,5700.01,ANZ78847,SEFPAITIGST,123,337.0
765,HLA-A31:01 ,5700.07,ANZ78847,RRAITTGYRFT,765,338.0
909,HLA-A31:01 ,5700.64,ANZ78847,SSRSAIEDLLF,909,339.0
868,HLA-A31:01 ,5700.68,ANZ78847,ANSLMNGVTLS,868,340.0
150,HLA-A31:01 ,5700.71,ANZ78847,STQDGVNKLQG,150,341.0
775,HLA-A31:01 ,5700.76,ANZ78847,TNFEPFTVNSV,775,342.0
92,HLA-A31:01 ,5700.97,ANZ78847,LWFKPPFLSDF,92,343.0
1294,HLA-A31:01 ,5700.98,ANZ78847,DIGTYEYYVKW,1294,344.0
117,HLA-A31:01 ,5701.03,ANZ78847,KDGVMYSEFPA,117,345.0
1289,HLA-A31:01 ,5701.14,ANZ78847,YINLKDIGTYE,1289,346.0
1143,HLA-A31:01 ,5701.15,ANZ78847,SLVQNAPYGLY,1143,347.0
384,HLA-A31:01 ,5701.25,ANZ78847,TCNNIDAAKIY,384,348.0
860,HLA-A31:01 ,5701.3,ANZ78847,LDTTQLQVANS,860,349.0
1350,HLA-A31:01 ,5701.44,ANZ78847,YQELVIKTSHD,1350,350.0
511,HLA-A31:01 ,5701.51,ANZ78847,GPGKNNGIGTC,511,351.0
1069,HLA-A31:01 ,5701.54,ANZ78847,LQEILSRLDAL,1069,352.0
802,HLA-A31:01 ,5701.69,ANZ78847,SDFTIGNMEEF,802,353.0
1079,HLA-A31:01 ,5701.73,ANZ78847,LEAEAQIDRLI,1079,354.0
132,HLA-A31:01 ,5701.91,ANZ78847,STFVNTSYSVV,132,355.0
38,HLA-A31:01 ,5701.92,ANZ78847,SISTATVDVTN,38,356.0
826,HLA-A31:01 ,5702.06,ANZ78847,AFVCGDYAACK,826,357.0
697,HLA-A31:01 ,5702.09,ANZ78847,EPALLFRNIKC,697,358.0
764,HLA-A31:01 ,5702.26,ANZ78847,SRRAITTGYRF,764,359.0
1142,HLA-A31:01 ,5702.39,ANZ78847,ISLVQNAPYGL,1142,360.0
1160,HLA-A31:01 ,5702.52,ANZ78847,VPTKYVTAKVS,1160,361.0
246,HLA-A31:01 ,5702.6,ANZ78847,GMALSHYYVMP,246,362.0
346,HLA-A31:01 ,5702.7,ANZ78847,AWLNDKSVPSP,346,363.0
849,HLA-A31:01 ,5702.71,ANZ78847,INAILTEVNEL,849,364.0
708,HLA-A31:01 ,5702.84,ANZ78847,NYVFNNSLTRQ,708,365.0
1185,HLA-A31:01 ,5702.89,ANZ78847,SGYFVNVNNTW,1185,366.0
1257,HLA-A31:01 ,5703.01,ANZ78847,PDLALDYINVT,1257,367.0
49,HLA-A31:01 ,5703.07,ANZ78847,GLGTYYVLDRV,49,368.0
890,HLA-A31:01 ,5703.17,ANZ78847,DDINFSSVLGC,890,369.0
318,HLA-A31:01 ,5703.23,ANZ78847,VYELNGYTVQP,318,370.0
287,HLA-A31:01 ,5703.57,ANZ78847,QDGIIFNAVDC,287,371.0
1218,HLA-A31:01 ,5703.71,ANZ78847,TCAVNYTKAPY,1218,372.0
407,HLA-A31:01 ,5703.72,ANZ78847,AIPNGRKVDLQ,407,373.0
1275,HLA-A31:01 ,5703.78,ANZ78847,MNRLQEAIKVL,1275,374.0
1328,HLA-A31:01 ,5703.96,ANZ78847,CCTGCGTSCFK,1328,375.0
1263,HLA-A31:01 ,5703.98,ANZ78847,YINVTFLDLQV,1263,376.0
851,HLA-A31:01 ,5704.01,ANZ78847,AILTEVNELLD,851,377.0
756,HLA-A31:01 ,5704.02,ANZ78847,VDYSKNRRSRR,756,378.0
721,HLA-A31:01 ,5704.09,ANZ78847,PINYFDSYLGC,721,379.0
169,HLA-A31:01 ,5704.17,ANZ78847,YNMCEYPHTIC,169,380.0
68,HLA-A31:01 ,5704.23,ANZ78847,NGYYPTSGSTY,68,381.0
982,HLA-A31:01 ,5704.36,ANZ78847,WTAAAGVPFYL,982,382.0
633,HLA-A31:01 ,5704.5,ANZ78847,DLYGISGQGIF,633,383.0
1193,HLA-A31:01 ,5704.63,ANZ78847,NTWMYTGSGYY,1193,384.0
736,HLA-A31:01 ,5704.78,ANZ78847,YNSTAISVQTC,736,385.0
887,HLA-A31:01 ,5704.87,ANZ78847,FNVDDINFSSV,887,386.0
565,HLA-A31:01 ,5704.91,ANZ78847,VKSDYCGGNPC,565,387.0
61,HLA-A31:01 ,5704.93,ANZ78847,LNTTLFLNGYY,61,388.0
786,HLA-A31:01 ,5704.98,ANZ78847,NDSLEPVGGLY,786,389.0
235,HLA-A31:01 ,5705.06,ANZ78847,VVTKFLFNVYL,235,390.0
289,HLA-A31:01 ,5705.06,ANZ78847,GIIFNAVDCMS,289,390.0
791,HLA-A31:01 ,5705.14,ANZ78847,PVGGLYEIQIP,791,392.0
164,HLA-A31:01 ,5705.57,ANZ78847,VSVCQYNMCEY,164,393.0
1149,HLA-A31:01 ,5705.59,ANZ78847,PYGLYFIHFSY,1149,394.0
394,HLA-A31:01 ,5705.65,ANZ78847,YGMCFSSITID,394,395.0
190,HLA-A31:01 ,5705.85,ANZ78847,LWHMDTGVVSC,190,396.0
1243,HLA-A31:01 ,5706.03,ANZ78847,EELDQWFKNQT,1243,397.0
917,HLA-A31:01 ,5706.06,ANZ78847,LLFDKVKLSDV,917,398.0
847,HLA-A31:01 ,5706.07,ANZ78847,DNINAILTEVN,847,399.0
580,HLA-A31:01 ,5706.1,ANZ78847,QAFLGWSADSC,580,400.0
1248,HLA-A31:01 ,5706.19,ANZ78847,WFKNQTSVAPD,1248,401.0
625,HLA-A31:01 ,5706.23,ANZ78847,KLGVCVNYDLY,625,402.0
1256,HLA-A31:01 ,5706.28,ANZ78847,APDLALDYINV,1256,403.0
961,HLA-A31:01 ,5706.32,ANZ78847,LSENQISGYTL,961,404.0
1045,HLA-A31:01 ,5706.33,ANZ78847,NANAEALNNLL,1045,405.0
547,HLA-A31:01 ,5706.35,ANZ78847,CPQSKSLVGIG,547,406.0
29,HLA-A31:01 ,5706.45,ANZ78847,LNNIDTGPPSI,29,407.0
83,HLA-A31:01 ,5706.91,ANZ78847,LKGTDKLSTLW,83,408.0
1349,HLA-A31:01 ,5706.92,ANZ78847,GYQELVIKTSH,1349,409.0
240,HLA-A31:01 ,5707.11,ANZ78847,LFNVYLGMALS,240,410.0
71,HLA-A31:01 ,5707.25,ANZ78847,YPTSGSTYRNM,71,411.0
517,HLA-A31:01 ,5707.29,ANZ78847,GIGTCPAGTNY,517,412.0
686,HLA-A31:01 ,5707.35,ANZ78847,RVSAAFHANSS,686,413.0
919,HLA-A31:01 ,5707.66,ANZ78847,FDKVKLSDVGF,919,414.0
509,HLA-A31:01 ,5707.71,ANZ78847,GSGPGKNNGIG,509,415.0
216,HLA-A31:01 ,5707.74,ANZ78847,YFHFYQEGGTF,216,416.0
825,HLA-A31:01 ,5707.85,ANZ78847,AAFVCGDYAAC,825,417.0
628,HLA-A31:01 ,5707.97,ANZ78847,VCVNYDLYGIS,628,418.0
180,HLA-A31:01 ,5708.03,ANZ78847,HPNLGNHFKEL,180,419.0
980,HLA-A31:01 ,5708.12,ANZ78847,PPWTAAAGVPF,980,420.0
1269,HLA-A31:01 ,5708.13,ANZ78847,LDLQVEMNRLQ,1269,421.0
1056,HLA-A31:01 ,5708.22,ANZ78847,QQLSNRFGAIS,1056,422.0
1265,HLA-A31:01 ,5708.23,ANZ78847,NVTFLDLQVEM,1265,423.0
861,HLA-A31:01 ,5708.28,ANZ78847,DTTQLQVANSL,861,424.0
1005,HLA-A31:01 ,5708.28,ANZ78847,MDVLSQNQKLI,1005,424.0
249,HLA-A31:01 ,5708.46,ANZ78847,LSHYYVMPLTC,249,426.0
237,HLA-A31:01 ,5708.51,ANZ78847,TKFLFNVYLGM,237,427.0
949,HLA-A31:01 ,5708.74,ANZ78847,QSYKGIKVLPP,949,428.0
834,HLA-A31:01 ,5708.79,ANZ78847,ACKSQLVEYGS,834,429.0
915,HLA-A31:01 ,5708.85,ANZ78847,EDLLFDKVKLS,915,430.0
671,HLA-A31:01 ,5708.86,ANZ78847,YLTNRTFMIRS,671,431.0
1028,HLA-A31:01 ,5708.86,ANZ78847,EGFDATNSALV,1028,431.0
976,HLA-A31:01 ,5708.88,ANZ78847,ASLFPPWTAAA,976,433.0
783,HLA-A31:01 ,5708.94,ANZ78847,NSVNDSLEPVG,783,434.0
256,HLA-A31:01 ,5708.98,ANZ78847,PLTCISRRNIG,256,435.0
1049,HLA-A31:01 ,5709.07,ANZ78847,EALNNLLQQLS,1049,436.0
1330,HLA-A31:01 ,5709.09,ANZ78847,TGCGTSCFKKC,1330,437.0
97,HLA-A31:01 ,5709.14,ANZ78847,PFLSDFINGIF,97,438.0
1059,HLA-A31:01 ,5709.15,ANZ78847,SNRFGAISSSL,1059,439.0
142,HLA-A31:01 ,5709.19,ANZ78847,VVQPRTINSTQ,142,440.0
748,HLA-A31:01 ,5709.21,ANZ78847,LTVGSGYCVDY,748,441.0
281,HLA-A31:01 ,5709.25,ANZ78847,YLLAFNQDGII,281,442.0
755,HLA-A31:01 ,5709.28,ANZ78847,CVDYSKNRRSR,755,443.0
1041,HLA-A31:01 ,5709.52,ANZ78847,QAVVNANAEAL,1041,444.0
777,HLA-A31:01 ,5709.53,ANZ78847,FEPFTVNSVND,777,445.0
1161,HLA-A31:01 ,5709.81,ANZ78847,PTKYVTAKVSP,1161,446.0
197,HLA-A31:01 ,5709.84,ANZ78847,VVSCLYKRNFT,197,447.0
784,HLA-A31:01 ,5710.21,ANZ78847,SVNDSLEPVGG,784,448.0
399,HLA-A31:01 ,5710.27,ANZ78847,SSITIDKFAIP,399,449.0
396,HLA-A31:01 ,5710.56,ANZ78847,MCFSSITIDKF,396,450.0
1337,HLA-A31:01 ,5710.6,ANZ78847,FKKCGGCCDDY,1337,451.0
520,HLA-A31:01 ,5710.7,ANZ78847,TCPAGTNYLTC,520,452.0
1031,HLA-A31:01 ,5710.78,ANZ78847,DATNSALVKIQ,1031,453.0
230,HLA-A31:01 ,5710.83,ANZ78847,FTDTGVVTKFL,230,454.0
342,HLA-A31:01 ,5710.92,ANZ78847,CNIEAWLNDKS,342,455.0
490,HLA-A31:01 ,5710.98,ANZ78847,CFKAPKNFCPC,490,456.0
893,HLA-A31:01 ,5710.99,ANZ78847,NFSSVLGCLGS,893,457.0
404,HLA-A31:01 ,5711.02,ANZ78847,DKFAIPNGRKV,404,458.0
1016,HLA-A31:01 ,5711.05,ANZ78847,ANAFNNALDAI,1016,459.0
1091,HLA-A31:01 ,5711.06,ANZ78847,GRLTALNAYVS,1091,460.0
328,HLA-A31:01 ,5711.1,ANZ78847,PIADVYRRKPD,328,461.0
1103,HLA-A31:01 ,5711.11,ANZ78847,QLSDSTLVKFS,1103,462.0
375,HLA-A31:01 ,5711.21,ANZ78847,MSFIQADSFTC,375,463.0
981,HLA-A31:01 ,5711.27,ANZ78847,PWTAAAGVPFY,981,464.0
796,HLA-A31:01 ,5711.28,ANZ78847,YEIQIPSDFTI,796,465.0
286,HLA-A31:01 ,5711.36,ANZ78847,NQDGIIFNAVD,286,466.0
549,HLA-A31:01 ,5711.36,ANZ78847,QSKSLVGIGEH,549,466.0
66,HLA-A31:01 ,5711.67,ANZ78847,FLNGYYPTSGS,66,468.0
990,HLA-A31:01 ,5711.67,ANZ78847,FYLNVQYRING,990,468.0
79,HLA-A31:01 ,5711.88,ANZ78847,RNMALKGTDKL,79,470.0
455,HLA-A31:01 ,5711.9,ANZ78847,NPSTWNKRFGF,455,471.0
617,HLA-A31:01 ,5711.91,ANZ78847,LQKANTDIKLG,617,472.0
678,HLA-A31:01 ,5711.98,ANZ78847,MIRSCYSGRVS,678,473.0
789,HLA-A31:01 ,5712.12,ANZ78847,LEPVGGLYEIQ,789,474.0
35,HLA-A31:01 ,5712.23,ANZ78847,GPPSISTATVD,35,475.0
1120,HLA-A31:01 ,5712.33,ANZ78847,KVNECVKSQSS,1120,476.0
1038,HLA-A31:01 ,5712.35,ANZ78847,VKIQAVVNANA,1038,477.0
432,HLA-A31:01 ,5712.36,ANZ78847,DTTATSCQLYY,432,478.0
149,HLA-A31:01 ,5712.41,ANZ78847,NSTQDGVNKLQ,149,479.0
491,HLA-A31:01 ,5712.41,ANZ78847,FKAPKNFCPCK,491,479.0
1146,HLA-A31:01 ,5712.77,ANZ78847,QNAPYGLYFIH,1146,481.0
134,HLA-A31:01 ,5712.86,ANZ78847,FVNTSYSVVVQ,134,482.0
425,HLA-A31:01 ,5712.92,ANZ78847,QSFNYRIDTTA,425,483.0
718,HLA-A31:01 ,5712.92,ANZ78847,QLQPINYFDSY,718,483.0
1318,HLA-A31:01 ,5713.1,ANZ78847,AMLVLLFFICC,1318,485.0
31,HLA-A31:01 ,5713.18,ANZ78847,NIDTGPPSIST,31,486.0
264,HLA-A31:01 ,5713.27,ANZ78847,NIGFTLEYWVT,264,487.0
223,HLA-A31:01 ,5713.28,ANZ78847,GGTFYAYFTDT,223,488.0
1042,HLA-A31:01 ,5713.42,ANZ78847,AVVNANAEALN,1042,489.0
650,HLA-A31:01 ,5713.52,ANZ78847,YYNSWQNLLYD,650,490.0
692,HLA-A31:01 ,5713.53,ANZ78847,HANSSEPALLF,692,491.0
435,HLA-A31:01 ,5713.63,ANZ78847,ATSCQLYYNLP,435,492.0
741,HLA-A31:01 ,5713.64,ANZ78847,ISVQTCDLTVG,741,493.0
519,HLA-A31:01 ,5713.67,ANZ78847,GTCPAGTNYLT,519,494.0
1181,HLA-A31:01 ,5713.69,ANZ78847,IAPKSGYFVNV,1181,495.0
1340,HLA-A31:01 ,5713.73,ANZ78847,CGGCCDDYTGY,1340,496.0
734,HLA-A31:01 ,5713.85,ANZ78847,NAYNSTAISVQ,734,497.0
270,HLA-A31:01 ,5713.9,ANZ78847,EYWVTPLTSRQ,270,498.0
1090,HLA-A31:01 ,5713.91,ANZ78847,NGRLTALNAYV,1090,499.0
148,HLA-A31:01 ,5713.92,ANZ78847,INSTQDGVNKL,148,500.0
663,HLA-A31:01 ,5714.17,ANZ78847,GNLYGFRDYLT,663,501.0
1198,HLA-A31:01 ,5714.23,ANZ78847,TGSGYYYPEPI,1198,502.0
65,HLA-A31:01 ,5714.47,ANZ78847,LFLNGYYPTSG,65,503.0
155,HLA-A31:01 ,5714.5,ANZ78847,VNKLQGLLEVS,155,504.0
743,HLA-A31:01 ,5714.51,ANZ78847,VQTCDLTVGSG,743,505.0
957,HLA-A31:01 ,5714.6,ANZ78847,LPPLLSENQIS,957,506.0
618,HLA-A31:01 ,5714.69,ANZ78847,QKANTDIKLGV,618,507.0
431,HLA-A31:01 ,5714.74,ANZ78847,IDTTATSCQLY,431,508.0
1224,HLA-A31:01 ,5715.02,ANZ78847,TKAPYVMLNTS,1224,509.0
602,HLA-A31:01 ,5715.05,ANZ78847,LILHDVNSGLT,602,510.0
1314,HLA-A31:01 ,5715.22,ANZ78847,LAGVAMLVLLF,1314,511.0
186,HLA-A31:01 ,5715.27,ANZ78847,HFKELWHMDTG,186,512.0
80,HLA-A31:01 ,5715.29,ANZ78847,NMALKGTDKLS,80,513.0
293,HLA-A31:01 ,5715.29,ANZ78847,NAVDCMSDFMS,293,513.0
1244,HLA-A31:01 ,5715.47,ANZ78847,ELDQWFKNQTS,1244,515.0
405,HLA-A31:01 ,5715.49,ANZ78847,KFAIPNGRKVD,405,516.0
165,HLA-A31:01 ,5715.53,ANZ78847,SVCQYNMCEYP,165,517.0
550,HLA-A31:01 ,5715.53,ANZ78847,SKSLVGIGEHC,550,517.0
456,HLA-A31:01 ,5715.64,ANZ78847,PSTWNKRFGFI,456,519.0
811,HLA-A31:01 ,5715.71,ANZ78847,EFIQTSSPKVT,811,520.0
694,HLA-A31:01 ,5715.72,ANZ78847,NSSEPALLFRN,694,521.0
926,HLA-A31:01 ,5715.85,ANZ78847,DVGFVAAYNNC,926,522.0
774,HLA-A31:01 ,5715.88,ANZ78847,FTNFEPFTVNS,774,523.0
70,HLA-A31:01 ,5716.02,ANZ78847,YYPTSGSTYRN,70,524.0
354,HLA-A31:01 ,5716.09,ANZ78847,PSPLNWERKTF,354,525.0
205,HLA-A31:01 ,5716.17,ANZ78847,NFTYDVNATYL,205,526.0
712,HLA-A31:01 ,5716.2,ANZ78847,NNSLTRQLQPI,712,527.0
25,HLA-A31:01 ,5716.21,ANZ78847,RTGSLNNIDTG,25,528.0
329,HLA-A31:01 ,5716.29,ANZ78847,IADVYRRKPDL,329,529.0
967,HLA-A31:01 ,5716.49,ANZ78847,SGYTLAATSAS,967,530.0
888,HLA-A31:01 ,5716.51,ANZ78847,NVDDINFSSVL,888,531.0
60,HLA-A31:01 ,5716.55,ANZ78847,YLNTTLFLNGY,60,532.0
523,HLA-A31:01 ,5716.66,ANZ78847,AGTNYLTCHNL,523,533.0
759,HLA-A31:01 ,5716.77,ANZ78847,SKNRRSRRAIT,759,534.0
524,HLA-A31:01 ,5716.96,ANZ78847,GTNYLTCHNLC,524,535.0
914,HLA-A31:01 ,5717.09,ANZ78847,IEDLLFDKVKL,914,536.0
968,HLA-A31:01 ,5717.37,ANZ78847,GYTLAATSASL,968,537.0
285,HLA-A31:01 ,5717.4,ANZ78847,FNQDGIIFNAV,285,538.0
427,HLA-A31:01 ,5717.44,ANZ78847,FNYRIDTTATS,427,539.0
653,HLA-A31:01 ,5717.53,ANZ78847,SWQNLLYDSNG,653,540.0
652,HLA-A31:01 ,5717.58,ANZ78847,NSWQNLLYDSN,652,541.0
908,HLA-A31:01 ,5717.74,ANZ78847,ASSRSAIEDLL,908,542.0
16,HLA-A31:01 ,5717.81,ANZ78847,GDLKCPLDSRT,16,543.0
368,HLA-A31:01 ,5717.9,ANZ78847,NFNMSSLMSFI,368,544.0
619,HLA-A31:01 ,5717.96,ANZ78847,KANTDIKLGVC,619,545.0
448,HLA-A31:01 ,5717.98,ANZ78847,NVSVSRFNPST,448,546.0
1047,HLA-A31:01 ,5717.98,ANZ78847,NAEALNNLLQQ,1047,546.0
11,HLA-A31:01 ,5718.04,ANZ78847,AFAVIGDLKCP,11,548.0
423,HLA-A31:01 ,5718.26,ANZ78847,YLQSFNYRIDT,423,549.0
537,HLA-A31:01 ,5718.34,ANZ78847,DPITFTGPYKC,537,550.0
419,HLA-A31:01 ,5718.42,ANZ78847,GNLGYLQSFNY,419,551.0
1201,HLA-A31:01 ,5718.42,ANZ78847,GYYYPEPITEN,1201,551.0
687,HLA-A31:01 ,5718.54,ANZ78847,VSAAFHANSSE,687,553.0
822,HLA-A31:01 ,5718.7,ANZ78847,IDCAAFVCGDY,822,554.0
644,HLA-A31:01 ,5718.74,ANZ78847,VEVNATYYNSW,644,555.0
76,HLA-A31:01 ,5718.77,ANZ78847,STYRNMALKGT,76,556.0
206,HLA-A31:01 ,5718.82,ANZ78847,FTYDVNATYLY,206,557.0
297,HLA-A31:01 ,5718.86,ANZ78847,CMSDFMSEIKC,297,558.0
1093,HLA-A31:01 ,5718.86,ANZ78847,LTALNAYVSQQ,1093,558.0
853,HLA-A31:01 ,5718.89,ANZ78847,LTEVNELLDTT,853,560.0
278,HLA-A31:01 ,5718.9,ANZ78847,SRQYLLAFNQD,278,561.0
885,HLA-A31:01 ,5719.03,ANZ78847,VNFNVDDINFS,885,562.0
199,HLA-A31:01 ,5719.13,ANZ78847,SCLYKRNFTYD,199,563.0
275,HLA-A31:01 ,5719.15,ANZ78847,PLTSRQYLLAF,275,564.0
45,HLA-A31:01 ,5719.17,ANZ78847,DVTNGLGTYYV,45,565.0
578,HLA-A31:01 ,5719.17,ANZ78847,QPQAFLGWSAD,578,565.0
1197,HLA-A31:01 ,5719.21,ANZ78847,YTGSGYYYPEP,1197,567.0
647,HLA-A31:01 ,5719.22,ANZ78847,NATYYNSWQNL,647,568.0
800,HLA-A31:01 ,5719.26,ANZ78847,IPSDFTIGNME,800,569.0
131,HLA-A31:01 ,5719.39,ANZ78847,GSTFVNTSYSV,131,570.0
1076,HLA-A31:01 ,5719.52,ANZ78847,LDALEAEAQID,1076,571.0
477,HLA-A31:01 ,5719.66,ANZ78847,GVLTNHDVVYA,477,572.0
55,HLA-A31:01 ,5719.68,ANZ78847,VLDRVYLNTTL,55,573.0
366,HLA-A31:01 ,5719.68,ANZ78847,NCNFNMSSLMS,366,573.0
30,HLA-A31:01 ,5719.82,ANZ78847,NNIDTGPPSIS,30,575.0
1099,HLA-A31:01 ,5719.83,ANZ78847,YVSQQLSDSTL,1099,576.0
992,HLA-A31:01 ,5719.93,ANZ78847,LNVQYRINGLG,992,577.0
1297,HLA-A31:01 ,5720.07,ANZ78847,TYEYYVKWPWY,1297,578.0
1004,HLA-A31:01 ,5720.1,ANZ78847,TMDVLSQNQKL,1004,579.0
1002,HLA-A31:01 ,5720.14,ANZ78847,GVTMDVLSQNQ,1002,580.0
192,HLA-A31:01 ,5720.19,ANZ78847,HMDTGVVSCLY,192,581.0
745,HLA-A31:01 ,5720.25,ANZ78847,TCDLTVGSGYC,745,582.0
1014,HLA-A31:01 ,5720.33,ANZ78847,LIANAFNNALD,1014,583.0
1278,HLA-A31:01 ,5720.4,ANZ78847,LQEAIKVLNQS,1278,584.0
781,HLA-A31:01 ,5720.42,ANZ78847,TVNSVNDSLEP,781,585.0
1195,HLA-A31:01 ,5720.53,ANZ78847,WMYTGSGYYYP,1195,586.0
940,HLA-A31:01 ,5720.55,ANZ78847,AEIRDLICVQS,940,587.0
560,HLA-A31:01 ,5720.59,ANZ78847,CSGLAVKSDYC,560,588.0
939,HLA-A31:01 ,5720.74,ANZ78847,GAEIRDLICVQ,939,589.0
113,HLA-A31:01 ,5720.78,ANZ78847,TKVFKDGVMYS,113,590.0
918,HLA-A31:01 ,5720.83,ANZ78847,LFDKVKLSDVG,918,591.0
1162,HLA-A31:01 ,5720.85,ANZ78847,TKYVTAKVSPG,1162,592.0
1322,HLA-A31:01 ,5721.1,ANZ78847,LLFFICCCTGC,1322,593.0
330,HLA-A31:01 ,5721.32,ANZ78847,ADVYRRKPDLP,330,594.0
1133,HLA-A31:01 ,5721.41,ANZ78847,NFCGNGNHIIS,1133,595.0
1081,HLA-A31:01 ,5721.47,ANZ78847,AEAQIDRLING,1081,596.0
984,HLA-A31:01 ,5721.48,ANZ78847,AAAGVPFYLNV,984,597.0
704,HLA-A31:01 ,5721.61,ANZ78847,NIKCNYVFNNS,704,598.0
1164,HLA-A31:01 ,5721.62,ANZ78847,YVTAKVSPGLC,1164,599.0
1345,HLA-A31:01 ,5721.63,ANZ78847,DDYTGYQELVI,1345,600.0
37,HLA-A31:01 ,5721.72,ANZ78847,PSISTATVDVT,37,601.0
474,HLA-A31:01 ,5721.74,ANZ78847,QPAGVLTNHDV,474,602.0
397,HLA-A31:01 ,5721.8,ANZ78847,CFSSITIDKFA,397,603.0
623,HLA-A31:01 ,5721.88,ANZ78847,DIKLGVCVNYD,623,604.0
1348,HLA-A31:01 ,5722.11,ANZ78847,TGYQELVIKTS,1348,605.0
1067,HLA-A31:01 ,5722.22,ANZ78847,SSLQEILSRLD,1067,606.0
1280,HLA-A31:01 ,5722.24,ANZ78847,EAIKVLNQSYI,1280,607.0
758,HLA-A31:01 ,5722.36,ANZ78847,YSKNRRSRRAI,758,608.0
819,HLA-A31:01 ,5722.44,ANZ78847,KVTIDCAAFVC,819,609.0
313,HLA-A31:01 ,5722.46,ANZ78847,APPTGVYELNG,313,610.0
393,HLA-A31:01 ,5722.47,ANZ78847,IYGMCFSSITI,393,611.0
220,HLA-A31:01 ,5722.51,ANZ78847,YQEGGTFYAYF,220,612.0
835,HLA-A31:01 ,5722.63,ANZ78847,CKSQLVEYGSF,835,613.0
280,HLA-A31:01 ,5722.64,ANZ78847,QYLLAFNQDGI,280,614.0
701,HLA-A31:01 ,5722.66,ANZ78847,LFRNIKCNYVF,701,615.0
255,HLA-A31:01 ,5722.7,ANZ78847,MPLTCISRRNI,255,616.0
1071,HLA-A31:01 ,5722.77,ANZ78847,EILSRLDALEA,1071,617.0
103,HLA-A31:01 ,5722.79,ANZ78847,INGIFAKVKNT,103,618.0
634,HLA-A31:01 ,5722.8,ANZ78847,LYGISGQGIFV,634,619.0
855,HLA-A31:01 ,5722.83,ANZ78847,EVNELLDTTQL,855,620.0
889,HLA-A31:01 ,5722.84,ANZ78847,VDDINFSSVLG,889,621.0
59,HLA-A31:01 ,5722.94,ANZ78847,VYLNTTLFLNG,59,622.0
754,HLA-A31:01 ,5723.0,ANZ78847,YCVDYSKNRRS,754,623.0
364,HLA-A31:01 ,5723.01,ANZ78847,FSNCNFNMSSL,364,624.0
813,HLA-A31:01 ,5723.03,ANZ78847,IQTSSPKVTID,813,625.0
1175,HLA-A31:01 ,5723.07,ANZ78847,IAGDRGIAPKS,1175,626.0
1302,HLA-A31:01 ,5723.07,ANZ78847,VKWPWYVWLLI,1302,626.0
322,HLA-A31:01 ,5723.08,ANZ78847,NGYTVQPIADV,322,628.0
655,HLA-A31:01 ,5723.13,ANZ78847,QNLLYDSNGNL,655,629.0
866,HLA-A31:01 ,5723.23,ANZ78847,QVANSLMNGVT,866,630.0
582,HLA-A31:01 ,5723.24,ANZ78847,FLGWSADSCLQ,582,631.0
668,HLA-A31:01 ,5723.27,ANZ78847,FRDYLTNRTFM,668,632.0
139,HLA-A31:01 ,5723.47,ANZ78847,YSVVVQPRTIN,139,633.0
738,HLA-A31:01 ,5723.47,ANZ78847,STAISVQTCDL,738,633.0
343,HLA-A31:01 ,5723.55,ANZ78847,NIEAWLNDKSV,343,635.0
1319,HLA-A31:01 ,5723.55,ANZ78847,MLVLLFFICCC,1319,635.0
1139,HLA-A31:01 ,5723.62,ANZ78847,NHIISLVQNAP,1139,637.0
728,HLA-A31:01 ,5723.63,ANZ78847,YLGCVVNAYNS,728,638.0
480,HLA-A31:01 ,5723.73,ANZ78847,TNHDVVYAQHC,480,639.0
91,HLA-A31:01 ,5723.83,ANZ78847,TLWFKPPFLSD,91,640.0
196,HLA-A31:01 ,5723.83,ANZ78847,GVVSCLYKRNF,196,640.0
600,HLA-A31:01 ,5723.97,ANZ78847,ANLILHDVNSG,600,642.0
306,HLA-A31:01 ,5724.18,ANZ78847,KCKTQSIAPPT,306,643.0
852,HLA-A31:01 ,5724.32,ANZ78847,ILTEVNELLDT,852,644.0
557,HLA-A31:01 ,5724.35,ANZ78847,GEHCSGLAVKS,557,645.0
100,HLA-A31:01 ,5724.51,ANZ78847,SDFINGIFAKV,100,646.0
367,HLA-A31:01 ,5724.6,ANZ78847,CNFNMSSLMSF,367,647.0
369,HLA-A31:01 ,5724.6,ANZ78847,FNMSSLMSFIQ,369,647.0
1048,HLA-A31:01 ,5724.68,ANZ78847,AEALNNLLQQL,1048,649.0
672,HLA-A31:01 ,5724.71,ANZ78847,LTNRTFMIRSC,672,650.0
662,HLA-A31:01 ,5724.76,ANZ78847,NGNLYGFRDYL,662,651.0
1188,HLA-A31:01 ,5724.88,ANZ78847,FVNVNNTWMYT,1188,652.0
320,HLA-A31:01 ,5724.91,ANZ78847,ELNGYTVQPIA,320,653.0
993,HLA-A31:01 ,5725.05,ANZ78847,NVQYRINGLGV,993,654.0
877,HLA-A31:01 ,5725.11,ANZ78847,LSTKLKDGVNF,877,655.0
534,HLA-A31:01 ,5725.13,ANZ78847,CNPDPITFTGP,534,656.0
767,HLA-A31:01 ,5725.16,ANZ78847,AITTGYRFTNF,767,657.0
189,HLA-A31:01 ,5725.19,ANZ78847,ELWHMDTGVVS,189,658.0
589,HLA-A31:01 ,5725.22,ANZ78847,SCLQGDKCNIF,589,659.0
713,HLA-A31:01 ,5725.26,ANZ78847,NSLTRQLQPIN,713,660.0
869,HLA-A31:01 ,5725.33,ANZ78847,NSLMNGVTLST,869,661.0
94,HLA-A31:01 ,5725.37,ANZ78847,FKPPFLSDFIN,94,662.0
1114,HLA-A31:01 ,5725.46,ANZ78847,AAQAMEKVNEC,1114,663.0
732,HLA-A31:01 ,5725.64,ANZ78847,VVNAYNSTAIS,732,664.0
1307,HLA-A31:01 ,5725.66,ANZ78847,YVWLLICLAGV,1307,665.0
882,HLA-A31:01 ,5725.71,ANZ78847,KDGVNFNVDDI,882,666.0
409,HLA-A31:01 ,5725.73,ANZ78847,PNGRKVDLQLG,409,667.0
1245,HLA-A31:01 ,5725.79,ANZ78847,LDQWFKNQTSV,1245,668.0
239,HLA-A31:01 ,5725.81,ANZ78847,FLFNVYLGMAL,239,669.0
338,HLA-A31:01 ,5725.83,ANZ78847,DLPNCNIEAWL,338,670.0
391,HLA-A31:01 ,5725.87,ANZ78847,AKIYGMCFSSI,391,671.0
592,HLA-A31:01 ,5725.97,ANZ78847,QGDKCNIFANL,592,672.0
424,HLA-A31:01 ,5726.11,ANZ78847,LQSFNYRIDTT,424,673.0
1020,HLA-A31:01 ,5726.11,ANZ78847,NNALDAIQEGF,1020,673.0
357,HLA-A31:01 ,5726.16,ANZ78847,LNWERKTFSNC,357,675.0
681,HLA-A31:01 ,5726.2,ANZ78847,SCYSGRVSAAF,681,676.0
72,HLA-A31:01 ,5726.3,ANZ78847,PTSGSTYRNMA,72,677.0
18,HLA-A31:01 ,5726.31,ANZ78847,LKCPLDSRTGS,18,678.0
1117,HLA-A31:01 ,5726.34,ANZ78847,AMEKVNECVKS,1117,679.0
248,HLA-A31:01 ,5726.41,ANZ78847,ALSHYYVMPLT,248,680.0
688,HLA-A31:01 ,5726.48,ANZ78847,SAAFHANSSEP,688,681.0
627,HLA-A31:01 ,5726.58,ANZ78847,GVCVNYDLYGI,627,682.0
1229,HLA-A31:01 ,5726.75,ANZ78847,VMLNTSIPNLP,1229,683.0
1023,HLA-A31:01 ,5726.83,ANZ78847,LDAIQEGFDAT,1023,684.0
673,HLA-A31:01 ,5726.92,ANZ78847,TNRTFMIRSCY,673,685.0
1055,HLA-A31:01 ,5727.07,ANZ78847,LQQLSNRFGAI,1055,686.0
842,HLA-A31:01 ,5727.27,ANZ78847,YGSFCDNINAI,842,687.0
1106,HLA-A31:01 ,5727.41,ANZ78847,DSTLVKFSAAQ,1106,688.0
1191,HLA-A31:01 ,5727.53,ANZ78847,VNNTWMYTGSG,1191,689.0
473,HLA-A31:01 ,5727.55,ANZ78847,PQPAGVLTNHD,473,690.0
355,HLA-A31:01 ,5727.69,ANZ78847,SPLNWERKTFS,355,691.0
461,HLA-A31:01 ,5727.7,ANZ78847,KRFGFIEDSVF,461,692.0
0,HLA-A31:01 ,5727.76,ANZ78847,MFLILLISLPT,0,693.0
817,HLA-A31:01 ,5727.76,ANZ78847,SPKVTIDCAAF,817,693.0
729,HLA-A31:01 ,5727.79,ANZ78847,LGCVVNAYNST,729,695.0
1333,HLA-A31:01 ,5728.01,ANZ78847,GTSCFKKCGGC,1333,696.0
222,HLA-A31:01 ,5728.19,ANZ78847,EGGTFYAYFTD,222,697.0
454,HLA-A31:01 ,5728.2,ANZ78847,FNPSTWNKRFG,454,698.0
760,HLA-A31:01 ,5728.21,ANZ78847,KNRRSRRAITT,760,699.0
301,HLA-A31:01 ,5728.39,ANZ78847,FMSEIKCKTQS,301,700.0
67,HLA-A31:01 ,5728.4,ANZ78847,LNGYYPTSGST,67,701.0
1312,HLA-A31:01 ,5728.41,ANZ78847,ICLAGVAMLVL,1312,702.0
739,HLA-A31:01 ,5728.55,ANZ78847,TAISVQTCDLT,739,703.0
576,HLA-A31:01 ,5728.59,ANZ78847,TCQPQAFLGWS,576,704.0
125,HLA-A31:01 ,5728.69,ANZ78847,FPAITIGSTFV,125,705.0
545,HLA-A31:01 ,5728.69,ANZ78847,YKCPQSKSLVG,545,705.0
706,HLA-A31:01 ,5728.75,ANZ78847,KCNYVFNNSLT,706,707.0
1122,HLA-A31:01 ,5728.81,ANZ78847,NECVKSQSSRI,1122,708.0
594,HLA-A31:01 ,5729.05,ANZ78847,DKCNIFANLIL,594,709.0
1108,HLA-A31:01 ,5729.1,ANZ78847,TLVKFSAAQAM,1108,710.0
408,HLA-A31:01 ,5729.14,ANZ78847,IPNGRKVDLQL,408,711.0
1085,HLA-A31:01 ,5729.17,ANZ78847,IDRLINGRLTA,1085,712.0
466,HLA-A31:01 ,5729.19,ANZ78847,IEDSVFKPQPA,466,713.0
907,HLA-A31:01 ,5729.21,ANZ78847,KASSRSAIEDL,907,714.0
316,HLA-A31:01 ,5729.38,ANZ78847,TGVYELNGYTV,316,715.0
601,HLA-A31:01 ,5729.42,ANZ78847,NLILHDVNSGL,601,716.0
108,HLA-A31:01 ,5729.46,ANZ78847,AKVKNTKVFKD,108,717.0
257,HLA-A31:01 ,5729.47,ANZ78847,LTCISRRNIGF,257,718.0
365,HLA-A31:01 ,5729.47,ANZ78847,SNCNFNMSSLM,365,718.0
597,HLA-A31:01 ,5729.49,ANZ78847,NIFANLILHDV,597,720.0
1310,HLA-A31:01 ,5729.51,ANZ78847,LLICLAGVAML,1310,721.0
685,HLA-A31:01 ,5729.54,ANZ78847,GRVSAAFHANS,685,722.0
291,HLA-A31:01 ,5729.58,ANZ78847,IFNAVDCMSDF,291,723.0
1237,HLA-A31:01 ,5729.62,ANZ78847,NLPDFREELDQ,1237,724.0
467,HLA-A31:01 ,5729.78,ANZ78847,EDSVFKPQPAG,467,725.0
383,HLA-A31:01 ,5729.82,ANZ78847,FTCNNIDAAKI,383,726.0
118,HLA-A31:01 ,5729.86,ANZ78847,DGVMYSEFPAI,118,727.0
733,HLA-A31:01 ,5730.0,ANZ78847,VNAYNSTAISV,733,728.0
201,HLA-A31:01 ,5730.06,ANZ78847,LYKRNFTYDVN,201,729.0
902,HLA-A31:01 ,5730.15,ANZ78847,GSECSKASSRS,902,730.0
705,HLA-A31:01 ,5730.3,ANZ78847,IKCNYVFNNSL,705,731.0
429,HLA-A31:01 ,5730.32,ANZ78847,YRIDTTATSCQ,429,732.0
332,HLA-A31:01 ,5730.36,ANZ78847,VYRRKPDLPNC,332,733.0
643,HLA-A31:01 ,5730.65,ANZ78847,FVEVNATYYNS,643,734.0
152,HLA-A31:01 ,5730.68,ANZ78847,QDGVNKLQGLL,152,735.0
321,HLA-A31:01 ,5730.68,ANZ78847,LNGYTVQPIAD,321,735.0
1285,HLA-A31:01 ,5730.81,ANZ78847,LNQSYINLKDI,1285,737.0
362,HLA-A31:01 ,5730.94,ANZ78847,KTFSNCNFNMS,362,738.0
497,HLA-A31:01 ,5731.06,ANZ78847,FCPCKSNSSLC,497,739.0
36,HLA-A31:01 ,5731.09,ANZ78847,PPSISTATVDV,36,740.0
773,HLA-A31:01 ,5731.15,ANZ78847,RFTNFEPFTVN,773,741.0
951,HLA-A31:01 ,5731.15,ANZ78847,YKGIKVLPPLL,951,741.0
1227,HLA-A31:01 ,5731.24,ANZ78847,PYVMLNTSIPN,1227,743.0
1075,HLA-A31:01 ,5731.28,ANZ78847,RLDALEAEAQI,1075,744.0
414,HLA-A31:01 ,5731.31,ANZ78847,VDLQLGNLGYL,414,745.0
608,HLA-A31:01 ,5731.46,ANZ78847,NSGLTCSTDLQ,608,746.0
415,HLA-A31:01 ,5731.5,ANZ78847,DLQLGNLGYLQ,415,747.0
274,HLA-A31:01 ,5731.6,ANZ78847,TPLTSRQYLLA,274,748.0
833,HLA-A31:01 ,5731.74,ANZ78847,AACKSQLVEYG,833,749.0
98,HLA-A31:01 ,5731.77,ANZ78847,FLSDFINGIFA,98,750.0
863,HLA-A31:01 ,5732.03,ANZ78847,TQLQVANSLMN,863,751.0
567,HLA-A31:01 ,5732.23,ANZ78847,SDYCGGNPCTC,567,752.0
224,HLA-A31:01 ,5732.29,ANZ78847,GTFYAYFTDTG,224,753.0
1317,HLA-A31:01 ,5732.3,ANZ78847,VAMLVLLFFIC,1317,754.0
621,HLA-A31:01 ,5732.32,ANZ78847,NTDIKLGVCVN,621,755.0
631,HLA-A31:01 ,5732.37,ANZ78847,NYDLYGISGQG,631,756.0
411,HLA-A31:01 ,5732.43,ANZ78847,GRKVDLQLGNL,411,757.0
1304,HLA-A31:01 ,5732.48,ANZ78847,WPWYVWLLICL,1304,758.0
1151,HLA-A31:01 ,5732.52,ANZ78847,GLYFIHFSYVP,1151,759.0
1216,HLA-A31:01 ,5732.55,ANZ78847,MSTCAVNYTKA,1216,760.0
801,HLA-A31:01 ,5732.66,ANZ78847,PSDFTIGNMEE,801,761.0
1313,HLA-A31:01 ,5732.75,ANZ78847,CLAGVAMLVLL,1313,762.0
803,HLA-A31:01 ,5732.81,ANZ78847,DFTIGNMEEFI,803,763.0
208,HLA-A31:01 ,5732.9,ANZ78847,YDVNATYLYFH,208,764.0
267,HLA-A31:01 ,5733.05,ANZ78847,FTLEYWVTPLT,267,765.0
998,HLA-A31:01 ,5733.16,ANZ78847,INGLGVTMDVL,998,766.0
241,HLA-A31:01 ,5733.18,ANZ78847,FNVYLGMALSH,241,767.0
1008,HLA-A31:01 ,5733.26,ANZ78847,LSQNQKLIANA,1008,768.0
920,HLA-A31:01 ,5733.37,ANZ78847,DKVKLSDVGFV,920,769.0
1261,HLA-A31:01 ,5733.37,ANZ78847,LDYINVTFLDL,1261,769.0
1064,HLA-A31:01 ,5733.38,ANZ78847,AISSSLQEILS,1064,771.0
1134,HLA-A31:01 ,5733.39,ANZ78847,FCGNGNHIISL,1134,772.0
10,HLA-A31:01 ,5733.48,ANZ78847,TAFAVIGDLKC,10,773.0
795,HLA-A31:01 ,5733.52,ANZ78847,LYEIQIPSDFT,795,774.0
95,HLA-A31:01 ,5733.6,ANZ78847,KPPFLSDFING,95,775.0
962,HLA-A31:01 ,5733.68,ANZ78847,SENQISGYTLA,962,776.0
1321,HLA-A31:01 ,5733.68,ANZ78847,VLLFFICCCTG,1321,776.0
1112,HLA-A31:01 ,5733.69,ANZ78847,FSAAQAMEKVN,1112,778.0
470,HLA-A31:01 ,5733.73,ANZ78847,VFKPQPAGVLT,470,779.0
1204,HLA-A31:01 ,5733.79,ANZ78847,YPEPITENNVV,1204,780.0
1247,HLA-A31:01 ,5733.87,ANZ78847,QWFKNQTSVAP,1247,781.0
1231,HLA-A31:01 ,5733.88,ANZ78847,LNTSIPNLPDF,1231,782.0
81,HLA-A31:01 ,5733.93,ANZ78847,MALKGTDKLST,81,783.0
1136,HLA-A31:01 ,5733.96,ANZ78847,GNGNHIISLVQ,1136,784.0
210,HLA-A31:01 ,5734.01,ANZ78847,VNATYLYFHFY,210,785.0
1326,HLA-A31:01 ,5734.15,ANZ78847,ICCCTGCGTSC,1326,786.0
790,HLA-A31:01 ,5734.25,ANZ78847,EPVGGLYEIQI,790,787.0
478,HLA-A31:01 ,5734.27,ANZ78847,VLTNHDVVYAQ,478,788.0
814,HLA-A31:01 ,5734.27,ANZ78847,QTSSPKVTIDC,814,788.0
1086,HLA-A31:01 ,5734.31,ANZ78847,DRLINGRLTAL,1086,790.0
947,HLA-A31:01 ,5734.42,ANZ78847,CVQSYKGIKVL,947,791.0
1189,HLA-A31:01 ,5734.48,ANZ78847,VNVNNTWMYTG,1189,792.0
238,HLA-A31:01 ,5734.56,ANZ78847,KFLFNVYLGMA,238,793.0
761,HLA-A31:01 ,5734.57,ANZ78847,NRRSRRAITTG,761,794.0
538,HLA-A31:01 ,5734.75,ANZ78847,PITFTGPYKCP,538,795.0
539,HLA-A31:01 ,5734.9,ANZ78847,ITFTGPYKCPQ,539,796.0
527,HLA-A31:01 ,5735.05,ANZ78847,YLTCHNLCNPD,527,797.0
1250,HLA-A31:01 ,5735.08,ANZ78847,KNQTSVAPDLA,1250,798.0
116,HLA-A31:01 ,5735.16,ANZ78847,FKDGVMYSEFP,116,799.0
865,HLA-A31:01 ,5735.25,ANZ78847,LQVANSLMNGV,865,800.0
677,HLA-A31:01 ,5735.29,ANZ78847,FMIRSCYSGRV,677,801.0
434,HLA-A31:01 ,5735.32,ANZ78847,TATSCQLYYNL,434,802.0
184,HLA-A31:01 ,5735.43,ANZ78847,GNHFKELWHMD,184,803.0
1274,HLA-A31:01 ,5735.44,ANZ78847,EMNRLQEAIKV,1274,804.0
1246,HLA-A31:01 ,5735.57,ANZ78847,DQWFKNQTSVA,1246,805.0
899,HLA-A31:01 ,5735.65,ANZ78847,GCLGSECSKAS,899,806.0
1124,HLA-A31:01 ,5735.76,ANZ78847,CVKSQSSRINF,1124,807.0
1339,HLA-A31:01 ,5735.9,ANZ78847,KCGGCCDDYTG,1339,808.0
124,HLA-A31:01 ,5736.12,ANZ78847,EFPAITIGSTF,124,809.0
518,HLA-A31:01 ,5736.19,ANZ78847,IGTCPAGTNYL,518,810.0
1027,HLA-A31:01 ,5736.36,ANZ78847,QEGFDATNSAL,1027,811.0
1006,HLA-A31:01 ,5736.37,ANZ78847,DVLSQNQKLIA,1006,812.0
723,HLA-A31:01 ,5736.75,ANZ78847,NYFDSYLGCVV,723,813.0
299,HLA-A31:01 ,5736.79,ANZ78847,SDFMSEIKCKT,299,814.0
359,HLA-A31:01 ,5736.83,ANZ78847,WERKTFSNCNF,359,815.0
412,HLA-A31:01 ,5736.93,ANZ78847,RKVDLQLGNLG,412,816.0
171,HLA-A31:01 ,5736.98,ANZ78847,MCEYPHTICHP,171,817.0
586,HLA-A31:01 ,5737.04,ANZ78847,SADSCLQGDKC,586,818.0
540,HLA-A31:01 ,5737.16,ANZ78847,TFTGPYKCPQS,540,819.0
613,HLA-A31:01 ,5737.32,ANZ78847,CSTDLQKANTD,613,820.0
876,HLA-A31:01 ,5737.33,ANZ78847,TLSTKLKDGVN,876,821.0
187,HLA-A31:01 ,5737.46,ANZ78847,FKELWHMDTGV,187,822.0
546,HLA-A31:01 ,5737.46,ANZ78847,KCPQSKSLVGI,546,822.0
363,HLA-A31:01 ,5737.63,ANZ78847,TFSNCNFNMSS,363,824.0
33,HLA-A31:01 ,5737.73,ANZ78847,DTGPPSISTAT,33,825.0
596,HLA-A31:01 ,5737.81,ANZ78847,CNIFANLILHD,596,826.0
315,HLA-A31:01 ,5737.84,ANZ78847,PTGVYELNGYT,315,827.0
24,HLA-A31:01 ,5737.88,ANZ78847,SRTGSLNNIDT,24,828.0
559,HLA-A31:01 ,5738.12,ANZ78847,HCSGLAVKSDY,559,829.0
1034,HLA-A31:01 ,5738.13,ANZ78847,NSALVKIQAVV,1034,830.0
583,HLA-A31:01 ,5738.24,ANZ78847,LGWSADSCLQG,583,831.0
168,HLA-A31:01 ,5738.29,ANZ78847,QYNMCEYPHTI,168,832.0
167,HLA-A31:01 ,5738.32,ANZ78847,CQYNMCEYPHT,167,833.0
1053,HLA-A31:01 ,5738.42,ANZ78847,NLLQQLSNRFG,1053,834.0
221,HLA-A31:01 ,5738.47,ANZ78847,QEGGTFYAYFT,221,835.0
226,HLA-A31:01 ,5738.49,ANZ78847,FYAYFTDTGVV,226,836.0
1001,HLA-A31:01 ,5738.57,ANZ78847,LGVTMDVLSQN,1001,837.0
593,HLA-A31:01 ,5738.58,ANZ78847,GDKCNIFANLI,593,838.0
163,HLA-A31:01 ,5738.78,ANZ78847,EVSVCQYNMCE,163,839.0
963,HLA-A31:01 ,5738.84,ANZ78847,ENQISGYTLAA,963,840.0
156,HLA-A31:01 ,5738.85,ANZ78847,NKLQGLLEVSV,156,841.0
502,HLA-A31:01 ,5738.85,ANZ78847,SNSSLCVGSGP,502,841.0
1241,HLA-A31:01 ,5738.9,ANZ78847,FREELDQWFKN,1241,843.0
858,HLA-A31:01 ,5738.91,ANZ78847,ELLDTTQLQVA,858,844.0
386,HLA-A31:01 ,5739.07,ANZ78847,NNIDAAKIYGM,386,845.0
173,HLA-A31:01 ,5739.13,ANZ78847,EYPHTICHPNL,173,846.0
489,HLA-A31:01 ,5739.15,ANZ78847,HCFKAPKNFCP,489,847.0
844,HLA-A31:01 ,5739.23,ANZ78847,SFCDNINAILT,844,848.0
188,HLA-A31:01 ,5739.38,ANZ78847,KELWHMDTGVV,188,849.0
292,HLA-A31:01 ,5739.38,ANZ78847,FNAVDCMSDFM,292,849.0
928,HLA-A31:01 ,5739.42,ANZ78847,GFVAAYNNCTG,928,851.0
390,HLA-A31:01 ,5739.46,ANZ78847,AAKIYGMCFSS,390,852.0
1022,HLA-A31:01 ,5739.47,ANZ78847,ALDAIQEGFDA,1022,853.0
724,HLA-A31:01 ,5739.5,ANZ78847,YFDSYLGCVVN,724,854.0
460,HLA-A31:01 ,5739.57,ANZ78847,NKRFGFIEDSV,460,855.0
1033,HLA-A31:01 ,5739.59,ANZ78847,TNSALVKIQAV,1033,856.0
158,HLA-A31:01 ,5739.86,ANZ78847,LQGLLEVSVCQ,158,857.0
785,HLA-A31:01 ,5739.9,ANZ78847,VNDSLEPVGGL,785,858.0
185,HLA-A31:01 ,5739.92,ANZ78847,NHFKELWHMDT,185,859.0
985,HLA-A31:01 ,5739.93,ANZ78847,AAGVPFYLNVQ,985,860.0
779,HLA-A31:01 ,5739.97,ANZ78847,PFTVNSVNDSL,779,861.0
731,HLA-A31:01 ,5740.01,ANZ78847,CVVNAYNSTAI,731,862.0
503,HLA-A31:01 ,5740.02,ANZ78847,NSSLCVGSGPG,503,863.0
641,HLA-A31:01 ,5740.05,ANZ78847,GIFVEVNATYY,641,864.0
831,HLA-A31:01 ,5740.12,ANZ78847,DYAACKSQLVE,831,865.0
1196,HLA-A31:01 ,5740.13,ANZ78847,MYTGSGYYYPE,1196,866.0
645,HLA-A31:01 ,5740.16,ANZ78847,EVNATYYNSWQ,645,867.0
259,HLA-A31:01 ,5740.19,ANZ78847,CISRRNIGFTL,259,868.0
1080,HLA-A31:01 ,5740.33,ANZ78847,EAEAQIDRLIN,1080,869.0
500,HLA-A31:01 ,5740.34,ANZ78847,CKSNSSLCVGS,500,870.0
1212,HLA-A31:01 ,5740.38,ANZ78847,NVVVMSTCAVN,1212,871.0
77,HLA-A31:01 ,5740.46,ANZ78847,TYRNMALKGTD,77,872.0
151,HLA-A31:01 ,5740.47,ANZ78847,TQDGVNKLQGL,151,873.0
1238,HLA-A31:01 ,5740.56,ANZ78847,LPDFREELDQW,1238,874.0
1214,HLA-A31:01 ,5740.79,ANZ78847,VVMSTCAVNYT,1214,875.0
651,HLA-A31:01 ,5740.8,ANZ78847,YNSWQNLLYDS,651,876.0
481,HLA-A31:01 ,5741.04,ANZ78847,NHDVVYAQHCF,481,877.0
501,HLA-A31:01 ,5741.23,ANZ78847,KSNSSLCVGSG,501,878.0
805,HLA-A31:01 ,5741.42,ANZ78847,TIGNMEEFIQT,805,879.0
258,HLA-A31:01 ,5741.43,ANZ78847,TCISRRNIGFT,258,880.0
12,HLA-A31:01 ,5741.51,ANZ78847,FAVIGDLKCPL,12,881.0
304,HLA-A31:01 ,5741.55,ANZ78847,EIKCKTQSIAP,304,882.0
1026,HLA-A31:01 ,5741.57,ANZ78847,IQEGFDATNSA,1026,883.0
203,HLA-A31:01 ,5741.67,ANZ78847,KRNFTYDVNAT,203,884.0
307,HLA-A31:01 ,5741.75,ANZ78847,CKTQSIAPPTG,307,885.0
133,HLA-A31:01 ,5741.79,ANZ78847,TFVNTSYSVVV,133,886.0
1287,HLA-A31:01 ,5741.91,ANZ78847,QSYINLKDIGT,1287,887.0
749,HLA-A31:01 ,5742.11,ANZ78847,TVGSGYCVDYS,749,888.0
379,HLA-A31:01 ,5742.16,ANZ78847,QADSFTCNNID,379,889.0
1338,HLA-A31:01 ,5742.34,ANZ78847,KKCGGCCDDYT,1338,890.0
895,HLA-A31:01 ,5742.35,ANZ78847,SSVLGCLGSEC,895,891.0
181,HLA-A31:01 ,5742.36,ANZ78847,PNLGNHFKELW,181,892.0
892,HLA-A31:01 ,5742.4,ANZ78847,INFSSVLGCLG,892,893.0
294,HLA-A31:01 ,5742.46,ANZ78847,AVDCMSDFMSE,294,894.0
629,HLA-A31:01 ,5742.51,ANZ78847,CVNYDLYGISG,629,895.0
1341,HLA-A31:01 ,5742.52,ANZ78847,GGCCDDYTGYQ,1341,896.0
1060,HLA-A31:01 ,5742.55,ANZ78847,NRFGAISSSLQ,1060,897.0
484,HLA-A31:01 ,5742.69,ANZ78847,VVYAQHCFKAP,484,898.0
513,HLA-A31:01 ,5742.81,ANZ78847,GKNNGIGTCPA,513,899.0
810,HLA-A31:01 ,5742.91,ANZ78847,EEFIQTSSPKV,810,900.0
174,HLA-A31:01 ,5742.95,ANZ78847,YPHTICHPNLG,174,901.0
1109,HLA-A31:01 ,5743.06,ANZ78847,LVKFSAAQAME,1109,902.0
302,HLA-A31:01 ,5743.1,ANZ78847,MSEIKCKTQSI,302,903.0
1125,HLA-A31:01 ,5743.21,ANZ78847,VKSQSSRINFC,1125,904.0
34,HLA-A31:01 ,5743.23,ANZ78847,TGPPSISTATV,34,905.0
371,HLA-A31:01 ,5743.25,ANZ78847,MSSLMSFIQAD,371,906.0
127,HLA-A31:01 ,5743.37,ANZ78847,AITIGSTFVNT,127,907.0
948,HLA-A31:01 ,5743.46,ANZ78847,VQSYKGIKVLP,948,908.0
927,HLA-A31:01 ,5743.51,ANZ78847,VGFVAAYNNCT,927,909.0
931,HLA-A31:01 ,5743.61,ANZ78847,AAYNNCTGGAE,931,910.0
487,HLA-A31:01 ,5743.65,ANZ78847,AQHCFKAPKNF,487,911.0
605,HLA-A31:01 ,5743.79,ANZ78847,HDVNSGLTCST,605,912.0
620,HLA-A31:01 ,5743.87,ANZ78847,ANTDIKLGVCV,620,913.0
1173,HLA-A31:01 ,5743.87,ANZ78847,LCIAGDRGIAP,1173,913.0
572,HLA-A31:01 ,5744.02,ANZ78847,GNPCTCQPQAF,572,915.0
658,HLA-A31:01 ,5744.08,ANZ78847,LYDSNGNLYGF,658,916.0
857,HLA-A31:01 ,5744.21,ANZ78847,NELLDTTQLQV,857,917.0
512,HLA-A31:01 ,5744.25,ANZ78847,PGKNNGIGTCP,512,918.0
922,HLA-A31:01 ,5744.32,ANZ78847,VKLSDVGFVAA,922,919.0
392,HLA-A31:01 ,5744.59,ANZ78847,KIYGMCFSSIT,392,920.0
380,HLA-A31:01 ,5744.61,ANZ78847,ADSFTCNNIDA,380,921.0
989,HLA-A31:01 ,5744.7,ANZ78847,PFYLNVQYRIN,989,922.0
23,HLA-A31:01 ,5744.82,ANZ78847,DSRTGSLNNID,23,923.0
1040,HLA-A31:01 ,5744.88,ANZ78847,IQAVVNANAEA,1040,924.0
218,HLA-A31:01 ,5744.97,ANZ78847,HFYQEGGTFYA,218,925.0
496,HLA-A31:01 ,5745.07,ANZ78847,NFCPCKSNSSL,496,926.0
691,HLA-A31:01 ,5745.07,ANZ78847,FHANSSEPALL,691,926.0
530,HLA-A31:01 ,5745.13,ANZ78847,CHNLCNPDPIT,530,928.0
57,HLA-A31:01 ,5745.15,ANZ78847,DRVYLNTTLFL,57,929.0
776,HLA-A31:01 ,5745.2,ANZ78847,NFEPFTVNSVN,776,930.0
848,HLA-A31:01 ,5745.27,ANZ78847,NINAILTEVNE,848,931.0
1132,HLA-A31:01 ,5745.31,ANZ78847,INFCGNGNHII,1132,932.0
827,HLA-A31:01 ,5745.33,ANZ78847,FVCGDYAACKS,827,933.0
140,HLA-A31:01 ,5745.59,ANZ78847,SVVVQPRTINS,140,934.0
1202,HLA-A31:01 ,5745.6,ANZ78847,YYYPEPITENN,1202,935.0
440,HLA-A31:01 ,5745.67,ANZ78847,LYYNLPAANVS,440,936.0
488,HLA-A31:01 ,5745.73,ANZ78847,QHCFKAPKNFC,488,937.0
657,HLA-A31:01 ,5745.79,ANZ78847,LLYDSNGNLYG,657,938.0
725,HLA-A31:01 ,5745.81,ANZ78847,FDSYLGCVVNA,725,939.0
495,HLA-A31:01 ,5745.83,ANZ78847,KNFCPCKSNSS,495,940.0
526,HLA-A31:01 ,5745.95,ANZ78847,NYLTCHNLCNP,526,941.0
13,HLA-A31:01 ,5746.03,ANZ78847,AVIGDLKCPLD,13,942.0
616,HLA-A31:01 ,5746.06,ANZ78847,DLQKANTDIKL,616,943.0
1205,HLA-A31:01 ,5746.11,ANZ78847,PEPITENNVVV,1205,944.0
8,HLA-A31:01 ,5746.28,ANZ78847,LPTAFAVIGDL,8,945.0
1344,HLA-A31:01 ,5746.29,ANZ78847,CDDYTGYQELV,1344,946.0
300,HLA-A31:01 ,5746.41,ANZ78847,DFMSEIKCKTQ,300,947.0
1057,HLA-A31:01 ,5746.41,ANZ78847,QLSNRFGAISS,1057,947.0
840,HLA-A31:01 ,5746.43,ANZ78847,VEYGSFCDNIN,840,949.0
735,HLA-A31:01 ,5746.45,ANZ78847,AYNSTAISVQT,735,950.0
1062,HLA-A31:01 ,5746.53,ANZ78847,FGAISSSLQEI,1062,951.0
110,HLA-A31:01 ,5746.88,ANZ78847,VKNTKVFKDGV,110,952.0
772,HLA-A31:01 ,5746.97,ANZ78847,YRFTNFEPFTV,772,953.0
1320,HLA-A31:01 ,5746.99,ANZ78847,LVLLFFICCCT,1320,954.0
75,HLA-A31:01 ,5747.09,ANZ78847,GSTYRNMALKG,75,955.0
430,HLA-A31:01 ,5747.14,ANZ78847,RIDTTATSCQL,430,956.0
1119,HLA-A31:01 ,5747.35,ANZ78847,EKVNECVKSQS,1119,957.0
1032,HLA-A31:01 ,5747.46,ANZ78847,ATNSALVKIQA,1032,958.0
722,HLA-A31:01 ,5747.47,ANZ78847,INYFDSYLGCV,722,959.0
1324,HLA-A31:01 ,5747.47,ANZ78847,FFICCCTGCGT,1324,959.0
1073,HLA-A31:01 ,5747.58,ANZ78847,LSRLDALEAEA,1073,961.0
17,HLA-A31:01 ,5747.61,ANZ78847,DLKCPLDSRTG,17,962.0
1295,HLA-A31:01 ,5747.62,ANZ78847,IGTYEYYVKWP,1295,963.0
93,HLA-A31:01 ,5747.69,ANZ78847,WFKPPFLSDFI,93,964.0
492,HLA-A31:01 ,5747.74,ANZ78847,KAPKNFCPCKS,492,965.0
1211,HLA-A31:01 ,5747.74,ANZ78847,NNVVVMSTCAV,1211,965.0
542,HLA-A31:01 ,5747.75,ANZ78847,TGPYKCPQSKS,542,967.0
612,HLA-A31:01 ,5747.76,ANZ78847,TCSTDLQKANT,612,968.0
929,HLA-A31:01 ,5747.89,ANZ78847,FVAAYNNCTGG,929,969.0
215,HLA-A31:01 ,5747.9,ANZ78847,LYFHFYQEGGT,215,970.0
166,HLA-A31:01 ,5747.99,ANZ78847,VCQYNMCEYPH,166,971.0
598,HLA-A31:01 ,5748.05,ANZ78847,IFANLILHDVN,598,972.0
838,HLA-A31:01 ,5748.18,ANZ78847,QLVEYGSFCDN,838,973.0
268,HLA-A31:01 ,5748.29,ANZ78847,TLEYWVTPLTS,268,974.0
700,HLA-A31:01 ,5748.29,ANZ78847,LLFRNIKCNYV,700,974.0
936,HLA-A31:01 ,5748.33,ANZ78847,CTGGAEIRDLI,936,976.0
1130,HLA-A31:01 ,5748.36,ANZ78847,SRINFCGNGNH,1130,977.0
2,HLA-A31:01 ,5748.37,ANZ78847,LILLISLPTAF,2,978.0
1019,HLA-A31:01 ,5748.37,ANZ78847,FNNALDAIQEG,1019,978.0
1096,HLA-A31:01 ,5748.69,ANZ78847,LNAYVSQQLSD,1096,980.0
295,HLA-A31:01 ,5748.97,ANZ78847,VDCMSDFMSEI,295,981.0
340,HLA-A31:01 ,5749.03,ANZ78847,PNCNIEAWLND,340,982.0
874,HLA-A31:01 ,5749.1,ANZ78847,GVTLSTKLKDG,874,983.0
1118,HLA-A31:01 ,5749.19,ANZ78847,MEKVNECVKSQ,1118,984.0
637,HLA-A31:01 ,5749.42,ANZ78847,ISGQGIFVEVN,637,985.0
1092,HLA-A31:01 ,5749.43,ANZ78847,RLTALNAYVSQ,1092,986.0
373,HLA-A31:01 ,5749.47,ANZ78847,SLMSFIQADSF,373,987.0
846,HLA-A31:01 ,5749.57,ANZ78847,CDNINAILTEV,846,988.0
900,HLA-A31:01 ,5749.58,ANZ78847,CLGSECSKASS,900,989.0
886,HLA-A31:01 ,5749.59,ANZ78847,NFNVDDINFSS,886,990.0
437,HLA-A31:01 ,5749.64,ANZ78847,SCQLYYNLPAA,437,991.0
603,HLA-A31:01 ,5749.75,ANZ78847,ILHDVNSGLTC,603,992.0
381,HLA-A31:01 ,5749.79,ANZ78847,DSFTCNNIDAA,381,993.0
740,HLA-A31:01 ,5749.89,ANZ78847,AISVQTCDLTV,740,994.0
818,HLA-A31:01 ,5750.11,ANZ78847,PKVTIDCAAFV,818,995.0
1012,HLA-A31:01 ,5750.25,ANZ78847,QKLIANAFNNA,1012,996.0
960,HLA-A31:01 ,5750.26,ANZ78847,LLSENQISGYT,960,997.0
812,HLA-A31:01 ,5750.3,ANZ78847,FIQTSSPKVTI,812,998.0
891,HLA-A31:01 ,5750.3,ANZ78847,DINFSSVLGCL,891,998.0
581,HLA-A31:01 ,5750.32,ANZ78847,AFLGWSADSCL,581,1000.0
1325,HLA-A31:01 ,5750.42,ANZ78847,FICCCTGCGTS,1325,1001.0
1148,HLA-A31:01 ,5750.65,ANZ78847,APYGLYFIHFS,1148,1002.0
1272,HLA-A31:01 ,5750.76,ANZ78847,QVEMNRLQEAI,1272,1003.0
47,HLA-A31:01 ,5750.89,ANZ78847,TNGLGTYYVLD,47,1004.0
290,HLA-A31:01 ,5750.98,ANZ78847,IIFNAVDCMSD,290,1005.0
575,HLA-A31:01 ,5751.06,ANZ78847,CTCQPQAFLGW,575,1006.0
1123,HLA-A31:01 ,5751.07,ANZ78847,ECVKSQSSRIN,1123,1007.0
859,HLA-A31:01 ,5751.08,ANZ78847,LLDTTQLQVAN,859,1008.0
528,HLA-A31:01 ,5751.28,ANZ78847,LTCHNLCNPDP,528,1009.0
14,HLA-A31:01 ,5751.29,ANZ78847,VIGDLKCPLDS,14,1010.0
566,HLA-A31:01 ,5751.32,ANZ78847,KSDYCGGNPCT,566,1011.0
1305,HLA-A31:01 ,5751.35,ANZ78847,PWYVWLLICLA,1305,1012.0
475,HLA-A31:01 ,5751.5,ANZ78847,PAGVLTNHDVV,475,1013.0
778,HLA-A31:01 ,5751.51,ANZ78847,EPFTVNSVNDS,778,1014.0
614,HLA-A31:01 ,5751.55,ANZ78847,STDLQKANTDI,614,1015.0
698,HLA-A31:01 ,5751.62,ANZ78847,PALLFRNIKCN,698,1016.0
1252,HLA-A31:01 ,5751.68,ANZ78847,QTSVAPDLALD,1252,1017.0
507,HLA-A31:01 ,5751.75,ANZ78847,CVGSGPGKNNG,507,1018.0
1311,HLA-A31:01 ,5751.85,ANZ78847,LICLAGVAMLV,1311,1019.0
1070,HLA-A31:01 ,5752.01,ANZ78847,QEILSRLDALE,1070,1020.0
626,HLA-A31:01 ,5752.08,ANZ78847,LGVCVNYDLYG,626,1021.0
1220,HLA-A31:01 ,5752.13,ANZ78847,AVNYTKAPYVM,1220,1022.0
1222,HLA-A31:01 ,5752.16,ANZ78847,NYTKAPYVMLN,1222,1023.0
954,HLA-A31:01 ,5752.52,ANZ78847,IKVLPPLLSEN,954,1024.0
22,HLA-A31:01 ,5752.59,ANZ78847,LDSRTGSLNNI,22,1025.0
172,HLA-A31:01 ,5752.64,ANZ78847,CEYPHTICHPN,172,1026.0
4,HLA-A31:01 ,5752.65,ANZ78847,LLISLPTAFAV,4,1027.0
254,HLA-A31:01 ,5752.72,ANZ78847,VMPLTCISRRN,254,1028.0
966,HLA-A31:01 ,5752.94,ANZ78847,ISGYTLAATSA,966,1029.0
664,HLA-A31:01 ,5752.97,ANZ78847,NLYGFRDYLTN,664,1030.0
904,HLA-A31:01 ,5752.97,ANZ78847,ECSKASSRSAI,904,1030.0
946,HLA-A31:01 ,5753.02,ANZ78847,ICVQSYKGIKV,946,1032.0
532,HLA-A31:01 ,5753.08,ANZ78847,NLCNPDPITFT,532,1033.0
336,HLA-A31:01 ,5753.1,ANZ78847,KPDLPNCNIEA,336,1034.0
638,HLA-A31:01 ,5753.26,ANZ78847,SGQGIFVEVNA,638,1035.0
250,HLA-A31:01 ,5753.28,ANZ78847,SHYYVMPLTCI,250,1036.0
251,HLA-A31:01 ,5753.33,ANZ78847,HYYVMPLTCIS,251,1037.0
1138,HLA-A31:01 ,5753.33,ANZ78847,GNHIISLVQNA,1138,1037.0
639,HLA-A31:01 ,5753.41,ANZ78847,GQGIFVEVNAT,639,1039.0
494,HLA-A31:01 ,5753.48,ANZ78847,PKNFCPCKSNS,494,1040.0
571,HLA-A31:01 ,5753.58,ANZ78847,GGNPCTCQPQA,571,1041.0
303,HLA-A31:01 ,5753.77,ANZ78847,SEIKCKTQSIA,303,1042.0
458,HLA-A31:01 ,5753.84,ANZ78847,TWNKRFGFIED,458,1043.0
529,HLA-A31:01 ,5753.84,ANZ78847,TCHNLCNPDPI,529,1043.0
19,HLA-A31:01 ,5754.04,ANZ78847,KCPLDSRTGSL,19,1045.0
730,HLA-A31:01 ,5754.05,ANZ78847,GCVVNAYNSTA,730,1046.0
894,HLA-A31:01 ,5754.07,ANZ78847,FSSVLGCLGSE,894,1047.0
207,HLA-A31:01 ,5754.3,ANZ78847,TYDVNATYLYF,207,1048.0
935,HLA-A31:01 ,5754.32,ANZ78847,NCTGGAEIRDL,935,1049.0
144,HLA-A31:01 ,5754.54,ANZ78847,QPRTINSTQDG,144,1050.0
42,HLA-A31:01 ,5754.57,ANZ78847,ATVDVTNGLGT,42,1051.0
1131,HLA-A31:01 ,5754.67,ANZ78847,RINFCGNGNHI,1131,1052.0
96,HLA-A31:01 ,5754.76,ANZ78847,PPFLSDFINGI,96,1053.0
1058,HLA-A31:01 ,5754.79,ANZ78847,LSNRFGAISSS,1058,1054.0
468,HLA-A31:01 ,5754.8,ANZ78847,DSVFKPQPAGV,468,1055.0
569,HLA-A31:01 ,5754.85,ANZ78847,YCGGNPCTCQP,569,1056.0
958,HLA-A31:01 ,5754.88,ANZ78847,PPLLSENQISG,958,1057.0
385,HLA-A31:01 ,5755.15,ANZ78847,CNNIDAAKIYG,385,1058.0
499,HLA-A31:01 ,5755.15,ANZ78847,PCKSNSSLCVG,499,1058.0
823,HLA-A31:01 ,5755.18,ANZ78847,DCAAFVCGDYA,823,1060.0
1184,HLA-A31:01 ,5755.2,ANZ78847,KSGYFVNVNNT,1184,1061.0
624,HLA-A31:01 ,5755.22,ANZ78847,IKLGVCVNYDL,624,1062.0
757,HLA-A31:01 ,5755.29,ANZ78847,DYSKNRRSRRA,757,1063.0
938,HLA-A31:01 ,5755.44,ANZ78847,GGAEIRDLICV,938,1064.0
1249,HLA-A31:01 ,5755.46,ANZ78847,FKNQTSVAPDL,1249,1065.0
1115,HLA-A31:01 ,5755.5,ANZ78847,AQAMEKVNECV,1115,1066.0
227,HLA-A31:01 ,5755.53,ANZ78847,YAYFTDTGVVT,227,1067.0
1170,HLA-A31:01 ,5755.54,ANZ78847,SPGLCIAGDRG,1170,1068.0
554,HLA-A31:01 ,5755.71,ANZ78847,VGIGEHCSGLA,554,1069.0
191,HLA-A31:01 ,5755.9,ANZ78847,WHMDTGVVSCL,191,1070.0
1217,HLA-A31:01 ,5755.92,ANZ78847,STCAVNYTKAP,1217,1071.0
348,HLA-A31:01 ,5755.93,ANZ78847,LNDKSVPSPLN,348,1072.0
829,HLA-A31:01 ,5755.93,ANZ78847,CGDYAACKSQL,829,1072.0
873,HLA-A31:01 ,5755.93,ANZ78847,NGVTLSTKLKD,873,1072.0
7,HLA-A31:01 ,5756.05,ANZ78847,SLPTAFAVIGD,7,1075.0
543,HLA-A31:01 ,5756.19,ANZ78847,GPYKCPQSKSL,543,1076.0
1183,HLA-A31:01 ,5756.2,ANZ78847,PKSGYFVNVNN,1183,1077.0
660,HLA-A31:01 ,5756.31,ANZ78847,DSNGNLYGFRD,660,1078.0
531,HLA-A31:01 ,5756.42,ANZ78847,HNLCNPDPITF,531,1079.0
595,HLA-A31:01 ,5756.44,ANZ78847,KCNIFANLILH,595,1080.0
161,HLA-A31:01 ,5756.48,ANZ78847,LLEVSVCQYNM,161,1081.0
378,HLA-A31:01 ,5756.57,ANZ78847,IQADSFTCNNI,378,1082.0
1054,HLA-A31:01 ,5756.59,ANZ78847,LLQQLSNRFGA,1054,1083.0
916,HLA-A31:01 ,5756.71,ANZ78847,DLLFDKVKLSD,916,1084.0
433,HLA-A31:01 ,5756.73,ANZ78847,TTATSCQLYYN,433,1085.0
930,HLA-A31:01 ,5756.82,ANZ78847,VAAYNNCTGGA,930,1086.0
552,HLA-A31:01 ,5756.86,ANZ78847,SLVGIGEHCSG,552,1087.0
146,HLA-A31:01 ,5756.97,ANZ78847,RTINSTQDGVN,146,1088.0
195,HLA-A31:01 ,5757.22,ANZ78847,TGVVSCLYKRN,195,1089.0
331,HLA-A31:01 ,5757.25,ANZ78847,DVYRRKPDLPN,331,1090.0
505,HLA-A31:01 ,5757.32,ANZ78847,SLCVGSGPGKN,505,1091.0
674,HLA-A31:01 ,5757.35,ANZ78847,NRTFMIRSCYS,674,1092.0
262,HLA-A31:01 ,5757.36,ANZ78847,RRNIGFTLEYW,262,1093.0
747,HLA-A31:01 ,5757.36,ANZ78847,DLTVGSGYCVD,747,1093.0
555,HLA-A31:01 ,5757.37,ANZ78847,GIGEHCSGLAV,555,1095.0
525,HLA-A31:01 ,5757.38,ANZ78847,TNYLTCHNLCN,525,1096.0
1327,HLA-A31:01 ,5757.39,ANZ78847,CCCTGCGTSCF,1327,1097.0
200,HLA-A31:01 ,5757.47,ANZ78847,CLYKRNFTYDV,200,1098.0
944,HLA-A31:01 ,5757.52,ANZ78847,DLICVQSYKGI,944,1099.0
903,HLA-A31:01 ,5757.75,ANZ78847,SECSKASSRSA,903,1100.0
806,HLA-A31:01 ,5757.83,ANZ78847,IGNMEEFIQTS,806,1101.0
335,HLA-A31:01 ,5757.91,ANZ78847,RKPDLPNCNIE,335,1102.0
1113,HLA-A31:01 ,5757.91,ANZ78847,SAAQAMEKVNE,1113,1102.0
587,HLA-A31:01 ,5758.09,ANZ78847,ADSCLQGDKCN,587,1104.0
824,HLA-A31:01 ,5758.11,ANZ78847,CAAFVCGDYAA,824,1105.0
334,HLA-A31:01 ,5758.12,ANZ78847,RRKPDLPNCNI,334,1106.0
182,HLA-A31:01 ,5758.14,ANZ78847,NLGNHFKELWH,182,1107.0
1351,HLA-A31:01 ,5758.14,ANZ78847,QELVIKTSHDD,1351,1107.0
145,HLA-A31:01 ,5758.34,ANZ78847,PRTINSTQDGV,145,1109.0
358,HLA-A31:01 ,5758.36,ANZ78847,NWERKTFSNCN,358,1110.0
906,HLA-A31:01 ,5758.45,ANZ78847,SKASSRSAIED,906,1111.0
176,HLA-A31:01 ,5758.83,ANZ78847,HTICHPNLGNH,176,1112.0
374,HLA-A31:01 ,5758.87,ANZ78847,LMSFIQADSFT,374,1113.0
243,HLA-A31:01 ,5759.08,ANZ78847,VYLGMALSHYY,243,1114.0
126,HLA-A31:01 ,5759.17,ANZ78847,PAITIGSTFVN,126,1115.0
213,HLA-A31:01 ,5759.2,ANZ78847,TYLYFHFYQEG,213,1116.0
828,HLA-A31:01 ,5759.56,ANZ78847,VCGDYAACKSQ,828,1117.0
1172,HLA-A31:01 ,5759.61,ANZ78847,GLCIAGDRGIA,1172,1118.0
558,HLA-A31:01 ,5759.65,ANZ78847,EHCSGLAVKSD,558,1119.0
611,HLA-A31:01 ,5759.7,ANZ78847,LTCSTDLQKAN,611,1120.0
388,HLA-A31:01 ,5759.77,ANZ78847,IDAAKIYGMCF,388,1121.0
1176,HLA-A31:01 ,5759.82,ANZ78847,AGDRGIAPKSG,1176,1122.0
952,HLA-A31:01 ,5759.92,ANZ78847,KGIKVLPPLLS,952,1123.0
1135,HLA-A31:01 ,5760.44,ANZ78847,CGNGNHIISLV,1135,1124.0
277,HLA-A31:01 ,5760.49,ANZ78847,TSRQYLLAFNQ,277,1125.0
680,HLA-A31:01 ,5760.61,ANZ78847,RSCYSGRVSAA,680,1126.0
841,HLA-A31:01 ,5760.66,ANZ78847,EYGSFCDNINA,841,1127.0
884,HLA-A31:01 ,5760.68,ANZ78847,GVNFNVDDINF,884,1128.0
553,HLA-A31:01 ,5760.73,ANZ78847,LVGIGEHCSGL,553,1129.0
1144,HLA-A31:01 ,5760.74,ANZ78847,LVQNAPYGLYF,1144,1130.0
1097,HLA-A31:01 ,5760.87,ANZ78847,NAYVSQQLSDS,1097,1131.0
312,HLA-A31:01 ,5760.89,ANZ78847,IAPPTGVYELN,312,1132.0
372,HLA-A31:01 ,5760.9,ANZ78847,SSLMSFIQADS,372,1133.0
1024,HLA-A31:01 ,5760.92,ANZ78847,DAIQEGFDATN,1024,1134.0
588,HLA-A31:01 ,5761.1,ANZ78847,DSCLQGDKCNI,588,1135.0
449,HLA-A31:01 ,5761.13,ANZ78847,VSVSRFNPSTW,449,1136.0
1141,HLA-A31:01 ,5761.24,ANZ78847,IISLVQNAPYG,1141,1137.0
211,HLA-A31:01 ,5761.36,ANZ78847,NATYLYFHFYQ,211,1138.0
493,HLA-A31:01 ,5761.63,ANZ78847,APKNFCPCKSN,493,1139.0
426,HLA-A31:01 ,5761.69,ANZ78847,SFNYRIDTTAT,426,1140.0
579,HLA-A31:01 ,5761.72,ANZ78847,PQAFLGWSADS,579,1141.0
881,HLA-A31:01 ,5761.74,ANZ78847,LKDGVNFNVDD,881,1142.0
1251,HLA-A31:01 ,5761.83,ANZ78847,NQTSVAPDLAL,1251,1143.0
610,HLA-A31:01 ,5761.95,ANZ78847,GLTCSTDLQKA,610,1144.0
1308,HLA-A31:01 ,5762.05,ANZ78847,VWLLICLAGVA,1308,1145.0
1219,HLA-A31:01 ,5762.15,ANZ78847,CAVNYTKAPYV,1219,1146.0
1236,HLA-A31:01 ,5762.27,ANZ78847,PNLPDFREELD,1236,1147.0
679,HLA-A31:01 ,5762.55,ANZ78847,IRSCYSGRVSA,679,1148.0
751,HLA-A31:01 ,5762.64,ANZ78847,GSGYCVDYSKN,751,1149.0
544,HLA-A31:01 ,5762.65,ANZ78847,PYKCPQSKSLV,544,1150.0
830,HLA-A31:01 ,5762.67,ANZ78847,GDYAACKSQLV,830,1151.0
675,HLA-A31:01 ,5762.7,ANZ78847,RTFMIRSCYSG,675,1152.0
1035,HLA-A31:01 ,5762.72,ANZ78847,SALVKIQAVVN,1035,1153.0
574,HLA-A31:01 ,5762.73,ANZ78847,PCTCQPQAFLG,574,1154.0
1276,HLA-A31:01 ,5762.76,ANZ78847,NRLQEAIKVLN,1276,1155.0
1271,HLA-A31:01 ,5762.79,ANZ78847,LQVEMNRLQEA,1271,1156.0
510,HLA-A31:01 ,5762.88,ANZ78847,SGPGKNNGIGT,510,1157.0
514,HLA-A31:01 ,5763.09,ANZ78847,KNNGIGTCPAG,514,1158.0
521,HLA-A31:01 ,5763.16,ANZ78847,CPAGTNYLTCH,521,1159.0
654,HLA-A31:01 ,5763.26,ANZ78847,WQNLLYDSNGN,654,1160.0
1087,HLA-A31:01 ,5763.32,ANZ78847,RLINGRLTALN,1087,1161.0
361,HLA-A31:01 ,5763.56,ANZ78847,RKTFSNCNFNM,361,1162.0
1043,HLA-A31:01 ,5763.72,ANZ78847,VVNANAEALNN,1043,1163.0
389,HLA-A31:01 ,5763.85,ANZ78847,DAAKIYGMCFS,389,1164.0
483,HLA-A31:01 ,5763.85,ANZ78847,DVVYAQHCFKA,483,1164.0
632,HLA-A31:01 ,5763.91,ANZ78847,YDLYGISGQGI,632,1166.0
1334,HLA-A31:01 ,5763.99,ANZ78847,TSCFKKCGGCC,1334,1167.0
376,HLA-A31:01 ,5764.21,ANZ78847,SFIQADSFTCN,376,1168.0
128,HLA-A31:01 ,5764.37,ANZ78847,ITIGSTFVNTS,128,1169.0
337,HLA-A31:01 ,5764.49,ANZ78847,PDLPNCNIEAW,337,1170.0
522,HLA-A31:01 ,5764.53,ANZ78847,PAGTNYLTCHN,522,1171.0
716,HLA-A31:01 ,5764.54,ANZ78847,TRQLQPINYFD,716,1172.0
170,HLA-A31:01 ,5764.62,ANZ78847,NMCEYPHTICH,170,1173.0
498,HLA-A31:01 ,5764.71,ANZ78847,CPCKSNSSLCV,498,1174.0
1137,HLA-A31:01 ,5764.98,ANZ78847,NGNHIISLVQN,1137,1175.0
807,HLA-A31:01 ,5765.16,ANZ78847,GNMEEFIQTSS,807,1176.0
607,HLA-A31:01 ,5765.33,ANZ78847,VNSGLTCSTDL,607,1177.0
1171,HLA-A31:01 ,5765.39,ANZ78847,PGLCIAGDRGI,1171,1178.0
533,HLA-A31:01 ,5765.69,ANZ78847,LCNPDPITFTG,533,1179.0
416,HLA-A31:01 ,5765.8,ANZ78847,LQLGNLGYLQS,416,1180.0
1168,HLA-A31:01 ,5765.82,ANZ78847,KVSPGLCIAGD,1168,1181.0
943,HLA-A31:01 ,5765.83,ANZ78847,RDLICVQSYKG,943,1182.0
1306,HLA-A31:01 ,5766.01,ANZ78847,WYVWLLICLAG,1306,1183.0
515,HLA-A31:01 ,5766.39,ANZ78847,NNGIGTCPAGT,515,1184.0
1105,HLA-A31:01 ,5766.4,ANZ78847,SDSTLVKFSAA,1105,1185.0
356,HLA-A31:01 ,5766.45,ANZ78847,PLNWERKTFSN,356,1186.0
570,HLA-A31:01 ,5766.67,ANZ78847,CGGNPCTCQPQ,570,1187.0
573,HLA-A31:01 ,5766.79,ANZ78847,NPCTCQPQAFL,573,1188.0
445,HLA-A31:01 ,5766.87,ANZ78847,PAANVSVSRFN,445,1189.0
377,HLA-A31:01 ,5766.91,ANZ78847,FIQADSFTCNN,377,1190.0
102,HLA-A31:01 ,5766.95,ANZ78847,FINGIFAKVKN,102,1191.0
584,HLA-A31:01 ,5767.15,ANZ78847,GWSADSCLQGD,584,1192.0
864,HLA-A31:01 ,5767.28,ANZ78847,QLQVANSLMNG,864,1193.0
972,HLA-A31:01 ,5767.68,ANZ78847,AATSASLFPPW,972,1194.0
1182,HLA-A31:01 ,5767.99,ANZ78847,APKSGYFVNVN,1182,1195.0
459,HLA-A31:01 ,5768.5,ANZ78847,WNKRFGFIEDS,459,1196.0
1088,HLA-A31:01 ,5768.74,ANZ78847,LINGRLTALNA,1088,1197.0
746,HLA-A31:01 ,5768.77,ANZ78847,CDLTVGSGYCV,746,1198.0
816,HLA-A31:01 ,5768.87,ANZ78847,SSPKVTIDCAA,816,1199.0
974,HLA-A31:01 ,5769.1,ANZ78847,TSASLFPPWTA,974,1200.0
288,HLA-A31:01 ,5769.17,ANZ78847,DGIIFNAVDCM,288,1201.0
1178,HLA-A31:01 ,5769.18,ANZ78847,DRGIAPKSGYF,1178,1202.0
995,HLA-A31:01 ,5769.59,ANZ78847,QYRINGLGVTM,995,1203.0
606,HLA-A31:01 ,5769.76,ANZ78847,DVNSGLTCSTD,606,1204.0
516,HLA-A31:01 ,5770.11,ANZ78847,NGIGTCPAGTN,516,1205.0
1332,HLA-A31:01 ,5770.2,ANZ78847,CGTSCFKKCGG,1332,1206.0
839,HLA-A31:01 ,5770.38,ANZ78847,LVEYGSFCDNI,839,1207.0
471,HLA-A31:01 ,5770.91,ANZ78847,FKPQPAGVLTN,471,1208.0
214,HLA-A31:01 ,5770.97,ANZ78847,YLYFHFYQEGG,214,1209.0
905,HLA-A31:01 ,5770.98,ANZ78847,CSKASSRSAIE,905,1210.0
682,HLA-A31:01 ,5771.3,ANZ78847,CYSGRVSAAFH,682,1211.0
486,HLA-A31:01 ,5771.38,ANZ78847,YAQHCFKAPKN,486,1212.0
970,HLA-A31:01 ,5771.61,ANZ78847,TLAATSASLFP,970,1213.0
179,HLA-A31:01 ,5771.67,ANZ78847,CHPNLGNHFKE,179,1214.0
32,HLA-A31:01 ,5771.69,ANZ78847,IDTGPPSISTA,32,1215.0
590,HLA-A31:01 ,5771.92,ANZ78847,CLQGDKCNIFA,590,1216.0
934,HLA-A31:01 ,5772.14,ANZ78847,NNCTGGAEIRD,934,1217.0
1260,HLA-A31:01 ,5772.56,ANZ78847,ALDYINVTFLD,1260,1218.0
1095,HLA-A31:01 ,5773.7,ANZ78847,ALNAYVSQQLS,1095,1219.0
1194,HLA-A31:01 ,5773.93,ANZ78847,TWMYTGSGYYY,1194,1220.0
768,HLA-A31:01 ,5774.08,ANZ78847,ITTGYRFTNFE,768,1221.0
787,HLA-A31:01 ,5774.33,ANZ78847,DSLEPVGGLYE,787,1222.0
400,HLA-A31:01 ,5774.66,ANZ78847,SITIDKFAIPN,400,1223.0
1277,HLA-A31:01 ,5774.77,ANZ78847,RLQEAIKVLNQ,1277,1224.0
964,HLA-A31:01 ,5774.89,ANZ78847,NQISGYTLAAT,964,1225.0
1331,HLA-A31:01 ,5775.14,ANZ78847,GCGTSCFKKCG,1331,1226.0
1167,HLA-A31:01 ,5775.16,ANZ78847,AKVSPGLCIAG,1167,1227.0
1104,HLA-A31:01 ,5775.28,ANZ78847,LSDSTLVKFSA,1104,1228.0
564,HLA-A31:01 ,5775.51,ANZ78847,AVKSDYCGGNP,564,1229.0
119,HLA-A31:01 ,5775.53,ANZ78847,GVMYSEFPAIT,119,1230.0
508,HLA-A31:01 ,5775.61,ANZ78847,VGSGPGKNNGI,508,1231.0
1239,HLA-A31:01 ,5775.61,ANZ78847,PDFREELDQWF,1239,1231.0
1166,HLA-A31:01 ,5775.65,ANZ78847,TAKVSPGLCIA,1166,1233.0
141,HLA-A31:01 ,5776.42,ANZ78847,VVVQPRTINST,141,1234.0
1270,HLA-A31:01 ,5776.57,ANZ78847,DLQVEMNRLQE,1270,1235.0
160,HLA-A31:01 ,5776.6,ANZ78847,GLLEVSVCQYN,160,1236.0
20,HLA-A31:01 ,5776.64,ANZ78847,CPLDSRTGSLN,20,1237.0
1186,HLA-A31:01 ,5776.68,ANZ78847,GYFVNVNNTWM,1186,1238.0
157,HLA-A31:01 ,5776.95,ANZ78847,KLQGLLEVSVC,157,1239.0
1107,HLA-A31:01 ,5777.13,ANZ78847,STLVKFSAAQA,1107,1240.0
506,HLA-A31:01 ,5777.24,ANZ78847,LCVGSGPGKNN,506,1241.0
1,HLA-A31:01 ,5777.42,ANZ78847,FLILLISLPTA,1,1242.0
821,HLA-A31:01 ,5777.85,ANZ78847,TIDCAAFVCGD,821,1243.0
417,HLA-A31:01 ,5777.89,ANZ78847,QLGNLGYLQSF,417,1244.0
646,HLA-A31:01 ,5778.02,ANZ78847,VNATYYNSWQN,646,1245.0
799,HLA-A31:01 ,5778.22,ANZ78847,QIPSDFTIGNM,799,1246.0
1128,HLA-A31:01 ,5778.25,ANZ78847,QSSRINFCGNG,1128,1247.0
333,HLA-A31:01 ,5778.48,ANZ78847,YRRKPDLPNCN,333,1248.0
1323,HLA-A31:01 ,5778.53,ANZ78847,LFFICCCTGCG,1323,1249.0
479,HLA-A31:01 ,5778.9,ANZ78847,LTNHDVVYAQH,479,1250.0
568,HLA-A31:01 ,5778.95,ANZ78847,DYCGGNPCTCQ,568,1251.0
925,HLA-A31:01 ,5779.07,ANZ78847,SDVGFVAAYNN,925,1252.0
21,HLA-A31:01 ,5779.08,ANZ78847,PLDSRTGSLNN,21,1253.0
1336,HLA-A31:01 ,5779.13,ANZ78847,CFKKCGGCCDD,1336,1254.0
1072,HLA-A31:01 ,5779.21,ANZ78847,ILSRLDALEAE,1072,1255.0
577,HLA-A31:01 ,5779.38,ANZ78847,CQPQAFLGWSA,577,1256.0
370,HLA-A31:01 ,5779.47,ANZ78847,NMSSLMSFIQA,370,1257.0
410,HLA-A31:01 ,5779.52,ANZ78847,NGRKVDLQLGN,410,1258.0
975,HLA-A31:01 ,5780.34,ANZ78847,SASLFPPWTAA,975,1259.0
702,HLA-A31:01 ,5780.39,ANZ78847,FRNIKCNYVFN,702,1260.0
1343,HLA-A31:01 ,5780.43,ANZ78847,CCDDYTGYQEL,1343,1261.0
1127,HLA-A31:01 ,5780.86,ANZ78847,SQSSRINFCGN,1127,1262.0
562,HLA-A31:01 ,5780.93,ANZ78847,GLAVKSDYCGG,562,1263.0
175,HLA-A31:01 ,5781.22,ANZ78847,PHTICHPNLGN,175,1264.0
1039,HLA-A31:01 ,5782.07,ANZ78847,KIQAVVNANAE,1039,1265.0
898,HLA-A31:01 ,5782.51,ANZ78847,LGCLGSECSKA,898,1266.0
836,HLA-A31:01 ,5782.82,ANZ78847,KSQLVEYGSFC,836,1267.0
737,HLA-A31:01 ,5782.94,ANZ78847,NSTAISVQTCD,737,1268.0
1233,HLA-A31:01 ,5783.09,ANZ78847,TSIPNLPDFRE,1233,1269.0
260,HLA-A31:01 ,5783.91,ANZ78847,ISRRNIGFTLE,260,1270.0
551,HLA-A31:01 ,5783.99,ANZ78847,KSLVGIGEHCS,551,1271.0
349,HLA-A31:01 ,5784.25,ANZ78847,NDKSVPSPLNW,349,1272.0
317,HLA-A31:01 ,5784.48,ANZ78847,GVYELNGYTVQ,317,1273.0
276,HLA-A31:01 ,5784.82,ANZ78847,LTSRQYLLAFN,276,1274.0
683,HLA-A31:01 ,5784.91,ANZ78847,YSGRVSAAFHA,683,1275.0
563,HLA-A31:01 ,5785.16,ANZ78847,LAVKSDYCGGN,563,1276.0
339,HLA-A31:01 ,5785.47,ANZ78847,LPNCNIEAWLN,339,1277.0
548,HLA-A31:01 ,5786.18,ANZ78847,PQSKSLVGIGE,548,1278.0
438,HLA-A31:01 ,5786.51,ANZ78847,CQLYYNLPAAN,438,1279.0
1021,HLA-A31:01 ,5786.68,ANZ78847,NALDAIQEGFD,1021,1280.0
109,HLA-A31:01 ,5786.99,ANZ78847,KVKNTKVFKDG,109,1281.0
896,HLA-A31:01 ,5787.15,ANZ78847,SVLGCLGSECS,896,1282.0
703,HLA-A31:01 ,5787.2,ANZ78847,RNIKCNYVFNN,703,1283.0
350,HLA-A31:01 ,5787.84,ANZ78847,DKSVPSPLNWE,350,1284.0
924,HLA-A31:01 ,5787.93,ANZ78847,LSDVGFVAAYN,924,1285.0
1342,HLA-A31:01 ,5788.04,ANZ78847,GCCDDYTGYQE,1342,1286.0
1011,HLA-A31:01 ,5788.13,ANZ78847,NQKLIANAFNN,1011,1287.0
1210,HLA-A31:01 ,5788.48,ANZ78847,ENNVVVMSTCA,1210,1288.0
1036,HLA-A31:01 ,5789.08,ANZ78847,ALVKIQAVVNA,1036,1289.0
232,HLA-A31:01 ,5789.63,ANZ78847,DTGVVTKFLFN,232,1290.0
910,HLA-A31:01 ,5790.59,ANZ78847,SRSAIEDLLFD,910,1291.0
604,HLA-A31:01 ,5791.25,ANZ78847,LHDVNSGLTCS,604,1292.0
398,HLA-A31:01 ,5791.74,ANZ78847,FSSITIDKFAI,398,1293.0
771,HLA-A31:01 ,5792.01,ANZ78847,GYRFTNFEPFT,771,1294.0
450,HLA-A31:01 ,5792.32,ANZ78847,SVSRFNPSTWN,450,1295.0
153,HLA-A31:01 ,5792.34,ANZ78847,DGVNKLQGLLE,153,1296.0
727,HLA-A31:01 ,5793.41,ANZ78847,SYLGCVVNAYN,727,1297.0
845,HLA-A31:01 ,5793.49,ANZ78847,FCDNINAILTE,845,1298.0
360,HLA-A31:01 ,5793.63,ANZ78847,ERKTFSNCNFN,360,1299.0
89,HLA-A31:01 ,5793.89,ANZ78847,LSTLWFKPPFL,89,1300.0
983,HLA-A31:01 ,5794.0,ANZ78847,TAAAGVPFYLN,983,1301.0
695,HLA-A31:01 ,5794.54,ANZ78847,SSEPALLFRNI,695,1302.0
1129,HLA-A31:01 ,5794.95,ANZ78847,SSRINFCGNGN,1129,1303.0
1165,HLA-A31:01 ,5795.2,ANZ78847,VTAKVSPGLCI,1165,1304.0
1223,HLA-A31:01 ,5797.77,ANZ78847,YTKAPYVMLNT,1223,1305.0
1126,HLA-A31:01 ,5798.54,ANZ78847,KSQSSRINFCG,1126,1306.0
1335,HLA-A31:01 ,5799.17,ANZ78847,SCFKKCGGCCD,1335,1307.0
956,HLA-A31:01 ,5799.3,ANZ78847,VLPPLLSENQI,956,1308.0
788,HLA-A31:01 ,5800.81,ANZ78847,SLEPVGGLYEI,788,1309.0
837,HLA-A31:01 ,5800.92,ANZ78847,SQLVEYGSFCD,837,1310.0
561,HLA-A31:01 ,5801.64,ANZ78847,SGLAVKSDYCG,561,1311.0
1007,HLA-A31:01 ,5801.95,ANZ78847,VLSQNQKLIAN,1007,1312.0
6,HLA-A31:01 ,5802.18,ANZ78847,ISLPTAFAVIG,6,1313.0
820,HLA-A31:01 ,5802.74,ANZ78847,VTIDCAAFVCG,820,1314.0
591,HLA-A31:01 ,5803.16,ANZ78847,LQGDKCNIFAN,591,1315.0
986,HLA-A31:01 ,5803.78,ANZ78847,AGVPFYLNVQY,986,1316.0
994,HLA-A31:01 ,5804.5,ANZ78847,VQYRINGLGVT,994,1317.0
84,HLA-A31:01 ,5805.82,ANZ78847,KGTDKLSTLWF,84,1318.0
90,HLA-A31:01 ,5806.21,ANZ78847,STLWFKPPFLS,90,1319.0
1010,HLA-A31:01 ,5806.91,ANZ78847,QNQKLIANAFN,1010,1320.0
282,HLA-A31:01 ,5809.09,ANZ78847,LLAFNQDGIIF,282,1321.0
1037,HLA-A31:01 ,5810.63,ANZ78847,LVKIQAVVNAN,1037,1322.0
932,HLA-A31:01 ,5811.03,ANZ78847,AYNNCTGGAEI,932,1323.0
279,HLA-A31:01 ,5811.17,ANZ78847,RQYLLAFNQDG,279,1324.0
283,HLA-A31:01 ,5812.21,ANZ78847,LAFNQDGIIFN,283,1325.0
798,HLA-A31:01 ,5813.06,ANZ78847,IQIPSDFTIGN,798,1326.0
815,HLA-A31:01 ,5815.42,ANZ78847,TSSPKVTIDCA,815,1327.0
1050,HLA-A31:01 ,5816.04,ANZ78847,ALNNLLQQLSN,1050,1328.0
642,HLA-A31:01 ,5818.45,ANZ78847,IFVEVNATYYN,642,1329.0
635,HLA-A31:01 ,5818.49,ANZ78847,YGISGQGIFVE,635,1330.0
418,HLA-A31:01 ,5826.25,ANZ78847,LGNLGYLQSFN,418,1331.0
1264,HLA-A31:01 ,5828.47,ANZ78847,INVTFLDLQVE,1264,1332.0
1315,HLA-A31:01 ,5828.99,ANZ78847,AGVAMLVLLFF,1315,1333.0
183,HLA-A31:01 ,5832.59,ANZ78847,LGNHFKELWHM,183,1334.0
138,HLA-A31:01 ,5832.63,ANZ78847,SYSVVVQPRTI,138,1335.0
1061,HLA-A31:01 ,5834.18,ANZ78847,RFGAISSSLQE,1061,1336.0
1281,HLA-A31:01 ,5836.5,ANZ78847,AIKVLNQSYIN,1281,1337.0
121,HLA-A31:01 ,5836.79,ANZ78847,MYSEFPAITIG,121,1338.0
54,HLA-A31:01 ,5841.48,ANZ78847,YVLDRVYLNTT,54,1339.0
684,HLA-A31:01 ,5842.04,ANZ78847,SGRVSAAFHAN,684,1340.0
1316,HLA-A31:01 ,5843.75,ANZ78847,GVAMLVLLFFI,1316,1341.0
973,HLA-A31:01 ,5859.48,ANZ78847,ATSASLFPPWT,973,1342.0
5,HLA-A31:01 ,5860.08,ANZ78847,LISLPTAFAVI,5,1343.0
236,HLA-A31:01 ,5861.61,ANZ78847,VTKFLFNVYLG,236,1344.0
1200,HLA-A31:01 ,5861.89,ANZ78847,SGYYYPEPITE,1200,1345.0
1180,HLA-A31:01 ,5868.25,ANZ78847,GIAPKSGYFVN,1180,1346.0
1152,HLA-A31:01 ,5873.81,ANZ78847,LYFIHFSYVPT,1152,1347.0
766,HLA-A31:01 ,5879.6,ANZ78847,RAITTGYRFTN,766,1348.0
1018,HLA-A31:01 ,5914.52,ANZ78847,AFNNALDAIQE,1018,1349.0
120,HLA-A31:01 ,5921.88,ANZ78847,VMYSEFPAITI,120,1350.0
1145,HLA-A31:01 ,5927.29,ANZ78847,VQNAPYGLYFI,1145,1351.0
457,HLA-A31:01 ,5959.2,ANZ78847,STWNKRFGFIE,457,1352.0
252,HLA-A33:01 ,5.33,ANZ78847,YYVMPLTCISR,252,1.0
676,HLA-A33:01 ,6.92,ANZ78847,TFMIRSCYSGR,676,2.0
665,HLA-A33:01 ,10.58,ANZ78847,LYGFRDYLTNR,665,3.0
194,HLA-A33:01 ,12.67,ANZ78847,DTGVVSCLYKR,194,4.0
670,HLA-A33:01 ,21.38,ANZ78847,DYLTNRTFMIR,670,5.0
253,HLA-A33:01 ,43.04,ANZ78847,YVMPLTCISRR,253,6.0
1267,HLA-A33:01 ,60.66,ANZ78847,TFLDLQVEMNR,1267,7.0
1240,HLA-A33:01 ,62.26,ANZ78847,DFREELDQWFK,1240,8.0
693,HLA-A33:01 ,83.07,ANZ78847,ANSSEPALLFR,693,9.0
707,HLA-A33:01 ,103.51,ANZ78847,CNYVFNNSLTR,707,10.0
269,HLA-A33:01 ,147.19,ANZ78847,LEYWVTPLTSR,269,11.0
1051,HLA-A33:01 ,189.94,ANZ78847,LNNLLQQLSNR,1051,12.0
1082,HLA-A33:01 ,196.04,ANZ78847,EAQIDRLINGR,1082,13.0
324,HLA-A33:01 ,264.28,ANZ78847,YTVQPIADVYR,324,14.0
69,HLA-A33:01 ,275.43,ANZ78847,GYYPTSGSTYR,69,15.0
420,HLA-A33:01 ,276.28,ANZ78847,NLGYLQSFNYR,420,16.0
727,HLA-A33:01 ,288.64,ANZ78847,SYLGCVVNAYN,727,17.0
659,HLA-A33:01 ,333.85,ANZ78847,YDSNGNLYGFR,659,18.0
1065,HLA-A33:01 ,349.38,ANZ78847,ISSSLQEILSR,1065,19.0
768,HLA-A33:01 ,352.4,ANZ78847,ITTGYRFTNFE,768,20.0
101,HLA-A33:01 ,367.31,ANZ78847,DFINGIFAKVK,101,21.0
1232,HLA-A33:01 ,440.11,ANZ78847,NTSIPNLPDFR,1232,22.0
86,HLA-A33:01 ,452.14,ANZ78847,TDKLSTLWFKP,86,23.0
485,HLA-A33:01 ,452.33,ANZ78847,VYAQHCFKAPK,485,24.0
901,HLA-A33:01 ,459.36,ANZ78847,LGSECSKASSR,901,25.0
1196,HLA-A33:01 ,475.12,ANZ78847,MYTGSGYYYPE,1196,26.0
1227,HLA-A33:01 ,519.04,ANZ78847,PYVMLNTSIPN,1227,27.0
212,HLA-A33:01 ,559.15,ANZ78847,ATYLYFHFYQE,212,28.0
769,HLA-A33:01 ,561.08,ANZ78847,TTGYRFTNFEP,769,29.0
52,HLA-A33:01 ,572.03,ANZ78847,TYYVLDRVYLN,52,30.0
402,HLA-A33:01 ,762.1,ANZ78847,TIDKFAIPNGR,402,31.0
325,HLA-A33:01 ,778.56,ANZ78847,TVQPIADVYRR,325,32.0
990,HLA-A33:01 ,844.59,ANZ78847,FYLNVQYRING,990,33.0
136,HLA-A33:01 ,881.87,ANZ78847,NTSYSVVVQPR,136,34.0
1202,HLA-A33:01 ,925.4,ANZ78847,YYYPEPITENN,1202,35.0
1222,HLA-A33:01 ,964.49,ANZ78847,NYTKAPYVMLN,1222,36.0
642,HLA-A33:01 ,1058.2,ANZ78847,IFVEVNATYYN,642,37.0
1152,HLA-A33:01 ,1115.35,ANZ78847,LYFIHFSYVPT,1152,38.0
753,HLA-A33:01 ,1144.76,ANZ78847,GYCVDYSKNRR,753,39.0
1153,HLA-A33:01 ,1154.23,ANZ78847,YFIHFSYVPTK,1153,40.0
664,HLA-A33:01 ,1384.77,ANZ78847,NLYGFRDYLTN,664,41.0
331,HLA-A33:01 ,1414.38,ANZ78847,DVYRRKPDLPN,331,42.0
1329,HLA-A33:01 ,1447.28,ANZ78847,CTGCGTSCFKK,1329,43.0
933,HLA-A33:01 ,1463.15,ANZ78847,YNNCTGGAEIR,933,44.0
102,HLA-A33:01 ,1477.49,ANZ78847,FINGIFAKVKN,102,45.0
752,HLA-A33:01 ,1478.41,ANZ78847,SGYCVDYSKNR,752,46.0
209,HLA-A33:01 ,1521.59,ANZ78847,DVNATYLYFHF,209,47.0
443,HLA-A33:01 ,1596.71,ANZ78847,NLPAANVSVSR,443,48.0
70,HLA-A33:01 ,1641.95,ANZ78847,YYPTSGSTYRN,70,49.0
1077,HLA-A33:01 ,1677.04,ANZ78847,DALEAEAQIDR,1077,50.0
193,HLA-A33:01 ,1706.32,ANZ78847,MDTGVVSCLYK,193,51.0
1298,HLA-A33:01 ,1819.79,ANZ78847,YEYYVKWPWYV,1298,52.0
457,HLA-A33:01 ,2020.49,ANZ78847,STWNKRFGFIE,457,53.0
755,HLA-A33:01 ,2028.85,ANZ78847,CVDYSKNRRSR,755,54.0
756,HLA-A33:01 ,2035.42,ANZ78847,VDYSKNRRSRR,756,55.0
526,HLA-A33:01 ,2046.49,ANZ78847,NYLTCHNLCNP,526,56.0
482,HLA-A33:01 ,2071.08,ANZ78847,HDVVYAQHCFK,482,57.0
702,HLA-A33:01 ,2071.64,ANZ78847,FRNIKCNYVFN,702,58.0
1201,HLA-A33:01 ,2109.9,ANZ78847,GYYYPEPITEN,1201,59.0
1299,HLA-A33:01 ,2148.77,ANZ78847,EYYVKWPWYVW,1299,60.0
211,HLA-A33:01 ,2179.3,ANZ78847,NATYLYFHFYQ,211,61.0
1121,HLA-A33:01 ,2265.36,ANZ78847,VNECVKSQSSR,1121,62.0
694,HLA-A33:01 ,2286.85,ANZ78847,NSSEPALLFRN,694,63.0
1151,HLA-A33:01 ,2300.71,ANZ78847,GLYFIHFSYVP,1151,64.0
489,HLA-A33:01 ,2312.79,ANZ78847,HCFKAPKNFCP,489,65.0
276,HLA-A33:01 ,2315.12,ANZ78847,LTSRQYLLAFN,276,66.0
452,HLA-A33:01 ,2344.54,ANZ78847,SRFNPSTWNKR,452,67.0
232,HLA-A33:01 ,2375.53,ANZ78847,DTGVVTKFLFN,232,68.0
305,HLA-A33:01 ,2649.61,ANZ78847,IKCKTQSIAPP,305,69.0
400,HLA-A33:01 ,2679.42,ANZ78847,SITIDKFAIPN,400,70.0
90,HLA-A33:01 ,2704.67,ANZ78847,STLWFKPPFLS,90,71.0
376,HLA-A33:01 ,2787.06,ANZ78847,SFIQADSFTCN,376,72.0
1158,HLA-A33:01 ,2843.52,ANZ78847,SYVPTKYVTAK,1158,73.0
1300,HLA-A33:01 ,2854.89,ANZ78847,YYVKWPWYVWL,1300,74.0
1106,HLA-A33:01 ,3006.6,ANZ78847,DSTLVKFSAAQ,1106,75.0
703,HLA-A33:01 ,3034.34,ANZ78847,RNIKCNYVFNN,703,76.0
304,HLA-A33:01 ,3181.28,ANZ78847,EIKCKTQSIAP,304,77.0
704,HLA-A33:01 ,3219.81,ANZ78847,NIKCNYVFNNS,704,78.0
382,HLA-A33:01 ,3268.65,ANZ78847,SFTCNNIDAAK,382,79.0
701,HLA-A33:01 ,3452.44,ANZ78847,LFRNIKCNYVF,701,80.0
886,HLA-A33:01 ,3540.09,ANZ78847,NFNVDDINFSS,886,81.0
763,HLA-A33:01 ,3674.33,ANZ78847,RSRRAITTGYR,763,82.0
165,HLA-A33:01 ,3709.54,ANZ78847,SVCQYNMCEYP,165,83.0
87,HLA-A33:01 ,3789.11,ANZ78847,DKLSTLWFKPP,87,84.0
370,HLA-A33:01 ,3858.74,ANZ78847,NMSSLMSFIQA,370,85.0
247,HLA-A33:01 ,3894.71,ANZ78847,MALSHYYVMPL,247,86.0
368,HLA-A33:01 ,3927.9,ANZ78847,NFNMSSLMSFI,368,87.0
163,HLA-A33:01 ,3939.19,ANZ78847,EVSVCQYNMCE,163,88.0
358,HLA-A33:01 ,4216.04,ANZ78847,NWERKTFSNCN,358,89.0
62,HLA-A33:01 ,4223.15,ANZ78847,NTTLFLNGYYP,62,90.0
1328,HLA-A33:01 ,4236.81,ANZ78847,CCTGCGTSCFK,1328,91.0
369,HLA-A33:01 ,4238.22,ANZ78847,FNMSSLMSFIQ,369,92.0
389,HLA-A33:01 ,4291.97,ANZ78847,DAAKIYGMCFS,389,93.0
942,HLA-A33:01 ,4341.72,ANZ78847,IRDLICVQSYK,942,94.0
983,HLA-A33:01 ,4348.54,ANZ78847,TAAAGVPFYLN,983,95.0
170,HLA-A33:01 ,4386.98,ANZ78847,NMCEYPHTICH,170,96.0
924,HLA-A33:01 ,4437.45,ANZ78847,LSDVGFVAAYN,924,97.0
525,HLA-A33:01 ,4444.68,ANZ78847,TNYLTCHNLCN,525,98.0
107,HLA-A33:01 ,4451.37,ANZ78847,FAKVKNTKVFK,107,99.0
1148,HLA-A33:01 ,4469.24,ANZ78847,APYGLYFIHFS,1148,100.0
427,HLA-A33:01 ,4506.18,ANZ78847,FNYRIDTTATS,427,101.0
15,HLA-A33:01 ,4527.59,ANZ78847,IGDLKCPLDSR,15,102.0
345,HLA-A33:01 ,4648.55,ANZ78847,EAWLNDKSVPS,345,103.0
1346,HLA-A33:01 ,4653.64,ANZ78847,DYTGYQELVIK,1346,104.0
85,HLA-A33:01 ,4686.63,ANZ78847,GTDKLSTLWFK,85,105.0
1262,HLA-A33:01 ,4721.36,ANZ78847,DYINVTFLDLQ,1262,106.0
1270,HLA-A33:01 ,4785.85,ANZ78847,DLQVEMNRLQE,1270,107.0
1306,HLA-A33:01 ,4882.14,ANZ78847,WYVWLLICLAG,1306,108.0
213,HLA-A33:01 ,4927.62,ANZ78847,TYLYFHFYQEG,213,109.0
360,HLA-A33:01 ,5071.43,ANZ78847,ERKTFSNCNFN,360,110.0
235,HLA-A33:01 ,5137.84,ANZ78847,VVTKFLFNVYL,235,111.0
483,HLA-A33:01 ,5173.23,ANZ78847,DVVYAQHCFKA,483,112.0
971,HLA-A33:01 ,5203.05,ANZ78847,LAATSASLFPP,971,113.0
826,HLA-A33:01 ,5204.16,ANZ78847,AFVCGDYAACK,826,114.0
1307,HLA-A33:01 ,5206.09,ANZ78847,YVWLLICLAGV,1307,115.0
949,HLA-A33:01 ,5207.21,ANZ78847,QSYKGIKVLPP,949,116.0
218,HLA-A33:01 ,5350.45,ANZ78847,HFYQEGGTFYA,218,117.0
298,HLA-A33:01 ,5375.68,ANZ78847,MSDFMSEIKCK,298,118.0
239,HLA-A33:01 ,5385.96,ANZ78847,FLFNVYLGMAL,239,119.0
1150,HLA-A33:01 ,5418.78,ANZ78847,YGLYFIHFSYV,1150,120.0
1241,HLA-A33:01 ,5420.23,ANZ78847,FREELDQWFKN,1241,121.0
458,HLA-A33:01 ,5728.21,ANZ78847,TWNKRFGFIED,458,122.0
236,HLA-A33:01 ,5946.79,ANZ78847,VTKFLFNVYLG,236,123.0
989,HLA-A33:01 ,6100.9,ANZ78847,PFYLNVQYRIN,989,124.0
646,HLA-A33:01 ,6116.24,ANZ78847,VNATYYNSWQN,646,125.0
318,HLA-A33:01 ,6125.24,ANZ78847,VYELNGYTVQP,318,126.0
1011,HLA-A33:01 ,6178.54,ANZ78847,NQKLIANAFNN,1011,127.0
1174,HLA-A33:01 ,6228.94,ANZ78847,CIAGDRGIAPK,1174,128.0
1195,HLA-A33:01 ,6231.92,ANZ78847,WMYTGSGYYYP,1195,129.0
351,HLA-A33:01 ,6336.41,ANZ78847,KSVPSPLNWER,351,130.0
240,HLA-A33:01 ,6385.12,ANZ78847,LFNVYLGMALS,240,131.0
265,HLA-A33:01 ,6394.1,ANZ78847,IGFTLEYWVTP,265,132.0
954,HLA-A33:01 ,6403.02,ANZ78847,IKVLPPLLSEN,954,133.0
433,HLA-A33:01 ,6492.49,ANZ78847,TTATSCQLYYN,433,134.0
0,HLA-A33:01 ,6521.91,ANZ78847,MFLILLISLPT,0,135.0
831,HLA-A33:01 ,6528.49,ANZ78847,DYAACKSQLVE,831,136.0
925,HLA-A33:01 ,6561.49,ANZ78847,SDVGFVAAYNN,925,137.0
418,HLA-A33:01 ,6639.95,ANZ78847,LGNLGYLQSFN,418,138.0
241,HLA-A33:01 ,6673.33,ANZ78847,FNVYLGMALSH,241,139.0
1247,HLA-A33:01 ,6756.91,ANZ78847,QWFKNQTSVAP,1247,140.0
893,HLA-A33:01 ,6790.51,ANZ78847,NFSSVLGCLGS,893,141.0
673,HLA-A33:01 ,6803.39,ANZ78847,TNRTFMIRSCY,673,142.0
809,HLA-A33:01 ,6897.62,ANZ78847,MEEFIQTSSPK,809,143.0
872,HLA-A33:01 ,6928.71,ANZ78847,MNGVTLSTKLK,872,144.0
1137,HLA-A33:01 ,6975.92,ANZ78847,NGNHIISLVQN,1137,145.0
675,HLA-A33:01 ,6990.14,ANZ78847,RTFMIRSCYSG,675,146.0
99,HLA-A33:01 ,7178.21,ANZ78847,LSDFINGIFAK,99,147.0
650,HLA-A33:01 ,7184.07,ANZ78847,YYNSWQNLLYD,650,148.0
356,HLA-A33:01 ,7345.3,ANZ78847,PLNWERKTFSN,356,149.0
445,HLA-A33:01 ,7371.97,ANZ78847,PAANVSVSRFN,445,150.0
270,HLA-A33:01 ,7404.8,ANZ78847,EYWVTPLTSRQ,270,151.0
987,HLA-A33:01 ,7539.19,ANZ78847,GVPFYLNVQYR,987,152.0
390,HLA-A33:01 ,7551.37,ANZ78847,AAKIYGMCFSS,390,153.0
58,HLA-A33:01 ,7586.28,ANZ78847,RVYLNTTLFLN,58,154.0
1320,HLA-A33:01 ,7610.11,ANZ78847,LVLLFFICCCT,1320,155.0
698,HLA-A33:01 ,7768.27,ANZ78847,PALLFRNIKCN,698,156.0
724,HLA-A33:01 ,7846.06,ANZ78847,YFDSYLGCVVN,724,157.0
1289,HLA-A33:01 ,7849.67,ANZ78847,YINLKDIGTYE,1289,158.0
1215,HLA-A33:01 ,7868.97,ANZ78847,VMSTCAVNYTK,1215,159.0
1024,HLA-A33:01 ,8327.9,ANZ78847,DAIQEGFDATN,1024,160.0
649,HLA-A33:01 ,8515.52,ANZ78847,TYYNSWQNLLY,649,161.0
339,HLA-A33:01 ,8524.65,ANZ78847,LPNCNIEAWLN,339,162.0
113,HLA-A33:01 ,8578.51,ANZ78847,TKVFKDGVMYS,113,163.0
1301,HLA-A33:01 ,8668.83,ANZ78847,YVKWPWYVWLL,1301,164.0
59,HLA-A33:01 ,8751.43,ANZ78847,VYLNTTLFLNG,59,165.0
116,HLA-A33:01 ,8768.99,ANZ78847,FKDGVMYSEFP,116,166.0
1119,HLA-A33:01 ,8785.32,ANZ78847,EKVNECVKSQS,1119,167.0
634,HLA-A33:01 ,8797.22,ANZ78847,LYGISGQGIFV,634,168.0
1109,HLA-A33:01 ,8876.22,ANZ78847,LVKFSAAQAME,1109,169.0
260,HLA-A33:01 ,8951.74,ANZ78847,ISRRNIGFTLE,260,170.0
1280,HLA-A33:01 ,8992.03,ANZ78847,EAIKVLNQSYI,1280,171.0
296,HLA-A33:01 ,9040.22,ANZ78847,DCMSDFMSEIK,296,172.0
363,HLA-A33:01 ,9151.75,ANZ78847,TFSNCNFNMSS,363,173.0
434,HLA-A33:01 ,9190.16,ANZ78847,TATSCQLYYNL,434,174.0
438,HLA-A33:01 ,9196.48,ANZ78847,CQLYYNLPAAN,438,175.0
1212,HLA-A33:01 ,9255.85,ANZ78847,NVVVMSTCAVN,1212,176.0
53,HLA-A33:01 ,9261.12,ANZ78847,YYVLDRVYLNT,53,177.0
490,HLA-A33:01 ,9346.71,ANZ78847,CFKAPKNFCPC,490,178.0
446,HLA-A33:01 ,9507.14,ANZ78847,AANVSVSRFNP,446,179.0
246,HLA-A33:01 ,9604.52,ANZ78847,GMALSHYYVMP,246,180.0
208,HLA-A33:01 ,9619.0,ANZ78847,YDVNATYLYFH,208,181.0
393,HLA-A33:01 ,9647.14,ANZ78847,IYGMCFSSITI,393,182.0
367,HLA-A33:01 ,9687.75,ANZ78847,CNFNMSSLMSF,367,183.0
682,HLA-A33:01 ,9767.23,ANZ78847,CYSGRVSAAFH,682,184.0
674,HLA-A33:01 ,9822.44,ANZ78847,NRTFMIRSCYS,674,185.0
787,HLA-A33:01 ,9910.51,ANZ78847,DSLEPVGGLYE,787,186.0
297,HLA-A33:01 ,9988.65,ANZ78847,CMSDFMSEIKC,297,187.0
1323,HLA-A33:01 ,10029.94,ANZ78847,LFFICCCTGCG,1323,188.0
201,HLA-A33:01 ,10070.43,ANZ78847,LYKRNFTYDVN,201,189.0
891,HLA-A33:01 ,10092.36,ANZ78847,DINFSSVLGCL,891,190.0
773,HLA-A33:01 ,10165.52,ANZ78847,RFTNFEPFTVN,773,191.0
660,HLA-A33:01 ,10201.63,ANZ78847,DSNGNLYGFRD,660,192.0
371,HLA-A33:01 ,10217.66,ANZ78847,MSSLMSFIQAD,371,193.0
1297,HLA-A33:01 ,10230.22,ANZ78847,TYEYYVKWPWY,1297,194.0
766,HLA-A33:01 ,10277.44,ANZ78847,RAITTGYRFTN,766,195.0
1305,HLA-A33:01 ,10296.42,ANZ78847,PWYVWLLICLA,1305,196.0
207,HLA-A33:01 ,10326.62,ANZ78847,TYDVNATYLYF,207,197.0
774,HLA-A33:01 ,10344.93,ANZ78847,FTNFEPFTVNS,774,198.0
847,HLA-A33:01 ,10367.76,ANZ78847,DNINAILTEVN,847,199.0
711,HLA-A33:01 ,10405.37,ANZ78847,FNNSLTRQLQP,711,200.0
435,HLA-A33:01 ,10418.89,ANZ78847,ATSCQLYYNLP,435,201.0
1311,HLA-A33:01 ,10427.62,ANZ78847,LICLAGVAMLV,1311,202.0
1149,HLA-A33:01 ,10446.57,ANZ78847,PYGLYFIHFSY,1149,203.0
45,HLA-A33:01 ,10475.69,ANZ78847,DVTNGLGTYYV,45,204.0
848,HLA-A33:01 ,10479.04,ANZ78847,NINAILTEVNE,848,205.0
1324,HLA-A33:01 ,10516.43,ANZ78847,FFICCCTGCGT,1324,206.0
652,HLA-A33:01 ,10521.24,ANZ78847,NSWQNLLYDSN,652,207.0
377,HLA-A33:01 ,10543.88,ANZ78847,FIQADSFTCNN,377,208.0
385,HLA-A33:01 ,10574.66,ANZ78847,CNNIDAAKIYG,385,209.0
697,HLA-A33:01 ,10587.7,ANZ78847,EPALLFRNIKC,697,210.0
135,HLA-A33:01 ,10612.47,ANZ78847,VNTSYSVVVQP,135,211.0
2,HLA-A33:01 ,10790.92,ANZ78847,LILLISLPTAF,2,212.0
1173,HLA-A33:01 ,10815.34,ANZ78847,LCIAGDRGIAP,1173,213.0
283,HLA-A33:01 ,10860.61,ANZ78847,LAFNQDGIIFN,283,214.0
121,HLA-A33:01 ,10862.95,ANZ78847,MYSEFPAITIG,121,215.0
722,HLA-A33:01 ,10873.63,ANZ78847,INYFDSYLGCV,722,216.0
355,HLA-A33:01 ,10976.16,ANZ78847,SPLNWERKTFS,355,217.0
1282,HLA-A33:01 ,11045.36,ANZ78847,IKVLNQSYINL,1282,218.0
357,HLA-A33:01 ,11052.88,ANZ78847,LNWERKTFSNC,357,219.0
51,HLA-A33:01 ,11069.82,ANZ78847,GTYYVLDRVYL,51,220.0
1087,HLA-A33:01 ,11093.56,ANZ78847,RLINGRLTALN,1087,221.0
767,HLA-A33:01 ,11162.01,ANZ78847,AITTGYRFTNF,767,222.0
486,HLA-A33:01 ,11277.32,ANZ78847,YAQHCFKAPKN,486,223.0
100,HLA-A33:01 ,11340.88,ANZ78847,SDFINGIFAKV,100,224.0
436,HLA-A33:01 ,11347.07,ANZ78847,TSCQLYYNLPA,436,225.0
195,HLA-A33:01 ,11382.72,ANZ78847,TGVVSCLYKRN,195,226.0
48,HLA-A33:01 ,11432.49,ANZ78847,NGLGTYYVLDR,48,227.0
1188,HLA-A33:01 ,11467.9,ANZ78847,FVNVNNTWMYT,1188,228.0
451,HLA-A33:01 ,11533.59,ANZ78847,VSRFNPSTWNK,451,229.0
254,HLA-A33:01 ,11612.46,ANZ78847,VMPLTCISRRN,254,230.0
537,HLA-A33:01 ,11657.61,ANZ78847,DPITFTGPYKC,537,231.0
1200,HLA-A33:01 ,11691.5,ANZ78847,SGYYYPEPITE,1200,232.0
251,HLA-A33:01 ,11705.01,ANZ78847,HYYVMPLTCIS,251,233.0
991,HLA-A33:01 ,11760.3,ANZ78847,YLNVQYRINGL,991,234.0
677,HLA-A33:01 ,11762.43,ANZ78847,FMIRSCYSGRV,677,235.0
259,HLA-A33:01 ,11782.23,ANZ78847,CISRRNIGFTL,259,236.0
206,HLA-A33:01 ,11803.58,ANZ78847,FTYDVNATYLY,206,237.0
172,HLA-A33:01 ,11847.21,ANZ78847,CEYPHTICHPN,172,238.0
462,HLA-A33:01 ,11899.74,ANZ78847,RFGFIEDSVFK,462,239.0
1190,HLA-A33:01 ,12004.95,ANZ78847,NVNNTWMYTGS,1190,240.0
820,HLA-A33:01 ,12105.19,ANZ78847,VTIDCAAFVCG,820,241.0
776,HLA-A33:01 ,12130.22,ANZ78847,NFEPFTVNSVN,776,242.0
671,HLA-A33:01 ,12254.33,ANZ78847,YLTNRTFMIRS,671,243.0
1139,HLA-A33:01 ,12319.23,ANZ78847,NHIISLVQNAP,1139,244.0
1018,HLA-A33:01 ,12433.02,ANZ78847,AFNNALDAIQE,1018,245.0
300,HLA-A33:01 ,12433.82,ANZ78847,DFMSEIKCKTQ,300,246.0
1010,HLA-A33:01 ,12495.21,ANZ78847,QNQKLIANAFN,1010,247.0
1169,HLA-A33:01 ,12539.81,ANZ78847,VSPGLCIAGDR,1169,248.0
124,HLA-A33:01 ,12788.86,ANZ78847,EFPAITIGSTF,124,249.0
1107,HLA-A33:01 ,12824.25,ANZ78847,STLVKFSAAQA,1107,250.0
726,HLA-A33:01 ,12830.2,ANZ78847,DSYLGCVVNAY,726,251.0
245,HLA-A33:01 ,12833.31,ANZ78847,LGMALSHYYVM,245,252.0
1042,HLA-A33:01 ,12858.81,ANZ78847,AVVNANAEALN,1042,253.0
294,HLA-A33:01 ,12872.81,ANZ78847,AVDCMSDFMSE,294,254.0
447,HLA-A33:01 ,12958.46,ANZ78847,ANVSVSRFNPS,447,255.0
1292,HLA-A33:01 ,12966.15,ANZ78847,LKDIGTYEYYV,1292,256.0
672,HLA-A33:01 ,12996.86,ANZ78847,LTNRTFMIRSC,672,257.0
219,HLA-A33:01 ,12997.74,ANZ78847,FYQEGGTFYAY,219,258.0
662,HLA-A33:01 ,13077.94,ANZ78847,NGNLYGFRDYL,662,259.0
941,HLA-A33:01 ,13087.72,ANZ78847,EIRDLICVQSY,941,260.0
1325,HLA-A33:01 ,13178.84,ANZ78847,FICCCTGCGTS,1325,261.0
421,HLA-A33:01 ,13225.49,ANZ78847,LGYLQSFNYRI,421,262.0
663,HLA-A33:01 ,13237.12,ANZ78847,GNLYGFRDYLT,663,263.0
944,HLA-A33:01 ,13259.91,ANZ78847,DLICVQSYKGI,944,264.0
277,HLA-A33:01 ,13370.84,ANZ78847,TSRQYLLAFNQ,277,265.0
375,HLA-A33:01 ,13377.07,ANZ78847,MSFIQADSFTC,375,266.0
905,HLA-A33:01 ,13399.12,ANZ78847,CSKASSRSAIE,905,267.0
1217,HLA-A33:01 ,13406.03,ANZ78847,STCAVNYTKAP,1217,268.0
1317,HLA-A33:01 ,13437.89,ANZ78847,VAMLVLLFFIC,1317,269.0
635,HLA-A33:01 ,13473.43,ANZ78847,YGISGQGIFVE,635,270.0
700,HLA-A33:01 ,13603.49,ANZ78847,LLFRNIKCNYV,700,271.0
1258,HLA-A33:01 ,13646.43,ANZ78847,DLALDYINVTF,1258,272.0
225,HLA-A33:01 ,13672.88,ANZ78847,TFYAYFTDTGV,225,273.0
594,HLA-A33:01 ,13696.0,ANZ78847,DKCNIFANLIL,594,274.0
970,HLA-A33:01 ,13712.83,ANZ78847,TLAATSASLFP,970,275.0
399,HLA-A33:01 ,13853.99,ANZ78847,SSITIDKFAIP,399,276.0
1147,HLA-A33:01 ,13894.4,ANZ78847,NAPYGLYFIHF,1147,277.0
870,HLA-A33:01 ,13910.68,ANZ78847,SLMNGVTLSTK,870,278.0
130,HLA-A33:01 ,13930.67,ANZ78847,IGSTFVNTSYS,130,279.0
599,HLA-A33:01 ,13963.29,ANZ78847,FANLILHDVNS,599,280.0
1,HLA-A33:01 ,14063.84,ANZ78847,FLILLISLPTA,1,281.0
1274,HLA-A33:01 ,14064.25,ANZ78847,EMNRLQEAIKV,1274,282.0
196,HLA-A33:01 ,14103.56,ANZ78847,GVVSCLYKRNF,196,283.0
1058,HLA-A33:01 ,14121.63,ANZ78847,LSNRFGAISSS,1058,284.0
1070,HLA-A33:01 ,14122.58,ANZ78847,QEILSRLDALE,1070,285.0
242,HLA-A33:01 ,14149.2,ANZ78847,NVYLGMALSHY,242,286.0
1263,HLA-A33:01 ,14218.25,ANZ78847,YINVTFLDLQV,1263,287.0
210,HLA-A33:01 ,14286.56,ANZ78847,VNATYLYFHFY,210,288.0
1003,HLA-A33:01 ,14287.69,ANZ78847,VTMDVLSQNQK,1003,289.0
1321,HLA-A33:01 ,14321.51,ANZ78847,VLLFFICCCTG,1321,290.0
568,HLA-A33:01 ,14440.39,ANZ78847,DYCGGNPCTCQ,568,291.0
479,HLA-A33:01 ,14519.8,ANZ78847,LTNHDVVYAQH,479,292.0
301,HLA-A33:01 ,14532.6,ANZ78847,FMSEIKCKTQS,301,293.0
1294,HLA-A33:01 ,14566.95,ANZ78847,DIGTYEYYVKW,1294,294.0
205,HLA-A33:01 ,14589.69,ANZ78847,NFTYDVNATYL,205,295.0
623,HLA-A33:01 ,14616.0,ANZ78847,DIKLGVCVNYD,623,296.0
916,HLA-A33:01 ,14651.21,ANZ78847,DLLFDKVKLSD,916,297.0
484,HLA-A33:01 ,14686.26,ANZ78847,VVYAQHCFKAP,484,298.0
1155,HLA-A33:01 ,14809.01,ANZ78847,IHFSYVPTKYV,1155,299.0
459,HLA-A33:01 ,14869.71,ANZ78847,WNKRFGFIEDS,459,300.0
488,HLA-A33:01 ,15008.75,ANZ78847,QHCFKAPKNFC,488,301.0
900,HLA-A33:01 ,15030.35,ANZ78847,CLGSECSKASS,900,302.0
1318,HLA-A33:01 ,15039.25,ANZ78847,AMLVLLFFICC,1318,303.0
982,HLA-A33:01 ,15057.38,ANZ78847,WTAAAGVPFYL,982,304.0
1061,HLA-A33:01 ,15219.47,ANZ78847,RFGAISSSLQE,1061,305.0
1059,HLA-A33:01 ,15342.94,ANZ78847,SNRFGAISSSL,1059,306.0
364,HLA-A33:01 ,15444.05,ANZ78847,FSNCNFNMSSL,364,307.0
808,HLA-A33:01 ,15458.9,ANZ78847,NMEEFIQTSSP,808,308.0
631,HLA-A33:01 ,15467.98,ANZ78847,NYDLYGISGQG,631,309.0
684,HLA-A33:01 ,15488.84,ANZ78847,SGRVSAAFHAN,684,310.0
1060,HLA-A33:01 ,15650.66,ANZ78847,NRFGAISSSLQ,1060,311.0
598,HLA-A33:01 ,15674.03,ANZ78847,IFANLILHDVN,598,312.0
171,HLA-A33:01 ,15752.69,ANZ78847,MCEYPHTICHP,171,313.0
1037,HLA-A33:01 ,15758.2,ANZ78847,LVKIQAVVNAN,1037,314.0
463,HLA-A33:01 ,15796.26,ANZ78847,FGFIEDSVFKP,463,315.0
249,HLA-A33:01 ,15824.07,ANZ78847,LSHYYVMPLTC,249,316.0
237,HLA-A33:01 ,15866.6,ANZ78847,TKFLFNVYLGM,237,317.0
1281,HLA-A33:01 ,15918.71,ANZ78847,AIKVLNQSYIN,1281,318.0
708,HLA-A33:01 ,15991.82,ANZ78847,NYVFNNSLTRQ,708,319.0
1276,HLA-A33:01 ,16012.28,ANZ78847,NRLQEAIKVLN,1276,320.0
365,HLA-A33:01 ,16090.75,ANZ78847,SNCNFNMSSLM,365,321.0
715,HLA-A33:01 ,16234.76,ANZ78847,LTRQLQPINYF,715,322.0
569,HLA-A33:01 ,16265.21,ANZ78847,YCGGNPCTCQP,569,323.0
243,HLA-A33:01 ,16290.25,ANZ78847,VYLGMALSHYY,243,324.0
651,HLA-A33:01 ,16315.51,ANZ78847,YNSWQNLLYDS,651,325.0
643,HLA-A33:01 ,16343.76,ANZ78847,FVEVNATYYNS,643,326.0
200,HLA-A33:01 ,16346.67,ANZ78847,CLYKRNFTYDV,200,327.0
1295,HLA-A33:01 ,16442.81,ANZ78847,IGTYEYYVKWP,1295,328.0
1133,HLA-A33:01 ,16493.54,ANZ78847,NFCGNGNHIIS,1133,329.0
401,HLA-A33:01 ,16504.79,ANZ78847,ITIDKFAIPNG,401,330.0
894,HLA-A33:01 ,16583.38,ANZ78847,FSSVLGCLGSE,894,331.0
1316,HLA-A33:01 ,16628.28,ANZ78847,GVAMLVLLFFI,1316,332.0
244,HLA-A33:01 ,16636.9,ANZ78847,YLGMALSHYYV,244,333.0
890,HLA-A33:01 ,16729.71,ANZ78847,DDINFSSVLGC,890,334.0
63,HLA-A33:01 ,16743.42,ANZ78847,TTLFLNGYYPT,63,335.0
1197,HLA-A33:01 ,16745.95,ANZ78847,YTGSGYYYPEP,1197,336.0
705,HLA-A33:01 ,16829.06,ANZ78847,IKCNYVFNNSL,705,337.0
1035,HLA-A33:01 ,16894.79,ANZ78847,SALVKIQAVVN,1035,338.0
1043,HLA-A33:01 ,16914.77,ANZ78847,VVNANAEALNN,1043,339.0
198,HLA-A33:01 ,16930.56,ANZ78847,VSCLYKRNFTY,198,340.0
264,HLA-A33:01 ,16973.39,ANZ78847,NIGFTLEYWVT,264,341.0
263,HLA-A33:01 ,17340.75,ANZ78847,RNIGFTLEYWV,263,342.0
491,HLA-A33:01 ,17389.11,ANZ78847,FKAPKNFCPCK,491,343.0
1264,HLA-A33:01 ,17413.42,ANZ78847,INVTFLDLQVE,1264,344.0
721,HLA-A33:01 ,17421.47,ANZ78847,PINYFDSYLGC,721,345.0
1233,HLA-A33:01 ,17510.59,ANZ78847,TSIPNLPDFRE,1233,346.0
64,HLA-A33:01 ,17554.17,ANZ78847,TLFLNGYYPTS,64,347.0
647,HLA-A33:01 ,17590.13,ANZ78847,NATYYNSWQNL,647,348.0
1161,HLA-A33:01 ,17613.57,ANZ78847,PTKYVTAKVSP,1161,349.0
257,HLA-A33:01 ,17662.53,ANZ78847,LTCISRRNIGF,257,350.0
233,HLA-A33:01 ,17739.83,ANZ78847,TGVVTKFLFNV,233,351.0
1146,HLA-A33:01 ,17843.94,ANZ78847,QNAPYGLYFIH,1146,352.0
1001,HLA-A33:01 ,17857.26,ANZ78847,LGVTMDVLSQN,1001,353.0
178,HLA-A33:01 ,17884.6,ANZ78847,ICHPNLGNHFK,178,354.0
841,HLA-A33:01 ,17899.76,ANZ78847,EYGSFCDNINA,841,355.0
126,HLA-A33:01 ,17911.89,ANZ78847,PAITIGSTFVN,126,356.0
596,HLA-A33:01 ,17936.6,ANZ78847,CNIFANLILHD,596,357.0
228,HLA-A33:01 ,18001.53,ANZ78847,AYFTDTGVVTK,228,358.0
781,HLA-A33:01 ,18012.9,ANZ78847,TVNSVNDSLEP,781,359.0
372,HLA-A33:01 ,18021.15,ANZ78847,SSLMSFIQADS,372,360.0
465,HLA-A33:01 ,18078.15,ANZ78847,FIEDSVFKPQP,465,361.0
728,HLA-A33:01 ,18118.49,ANZ78847,YLGCVVNAYNS,728,362.0
827,HLA-A33:01 ,18162.29,ANZ78847,FVCGDYAACKS,827,363.0
770,HLA-A33:01 ,18202.05,ANZ78847,TGYRFTNFEPF,770,364.0
825,HLA-A33:01 ,18206.59,ANZ78847,AAFVCGDYAAC,825,365.0
74,HLA-A33:01 ,18287.32,ANZ78847,SGSTYRNMALK,74,366.0
1313,HLA-A33:01 ,18315.49,ANZ78847,CLAGVAMLVLL,1313,367.0
885,HLA-A33:01 ,18353.43,ANZ78847,VNFNVDDINFS,885,368.0
977,HLA-A33:01 ,18394.69,ANZ78847,SLFPPWTAAAG,977,369.0
749,HLA-A33:01 ,18428.84,ANZ78847,TVGSGYCVDYS,749,370.0
845,HLA-A33:01 ,18432.76,ANZ78847,FCDNINAILTE,845,371.0
1210,HLA-A33:01 ,18436.04,ANZ78847,ENNVVVMSTCA,1210,372.0
98,HLA-A33:01 ,18436.66,ANZ78847,FLSDFINGIFA,98,373.0
1127,HLA-A33:01 ,18441.27,ANZ78847,SQSSRINFCGN,1127,374.0
723,HLA-A33:01 ,18477.03,ANZ78847,NYFDSYLGCVV,723,375.0
629,HLA-A33:01 ,18489.2,ANZ78847,CVNYDLYGISG,629,376.0
1129,HLA-A33:01 ,18506.65,ANZ78847,SSRINFCGNGN,1129,377.0
637,HLA-A33:01 ,18522.8,ANZ78847,ISGQGIFVEVN,637,378.0
772,HLA-A33:01 ,18525.07,ANZ78847,YRFTNFEPFTV,772,379.0
968,HLA-A33:01 ,18535.05,ANZ78847,GYTLAATSASL,968,380.0
415,HLA-A33:01 ,18596.12,ANZ78847,DLQLGNLGYLQ,415,381.0
969,HLA-A33:01 ,18617.36,ANZ78847,YTLAATSASLF,969,382.0
197,HLA-A33:01 ,18630.39,ANZ78847,VVSCLYKRNFT,197,383.0
450,HLA-A33:01 ,18814.04,ANZ78847,SVSRFNPSTWN,450,384.0
179,HLA-A33:01 ,18828.84,ANZ78847,CHPNLGNHFKE,179,385.0
630,HLA-A33:01 ,18874.81,ANZ78847,VNYDLYGISGQ,630,386.0
57,HLA-A33:01 ,18916.09,ANZ78847,DRVYLNTTLFL,57,387.0
1229,HLA-A33:01 ,18971.28,ANZ78847,VMLNTSIPNLP,1229,388.0
1319,HLA-A33:01 ,18975.35,ANZ78847,MLVLLFFICCC,1319,389.0
160,HLA-A33:01 ,19001.7,ANZ78847,GLLEVSVCQYN,160,390.0
645,HLA-A33:01 ,19013.99,ANZ78847,EVNATYYNSWQ,645,391.0
965,HLA-A33:01 ,19057.91,ANZ78847,QISGYTLAATS,965,392.0
89,HLA-A33:01 ,19060.87,ANZ78847,LSTLWFKPPFL,89,393.0
926,HLA-A33:01 ,19118.95,ANZ78847,DVGFVAAYNNC,926,394.0
591,HLA-A33:01 ,19128.42,ANZ78847,LQGDKCNIFAN,591,395.0
1326,HLA-A33:01 ,19176.53,ANZ78847,ICCCTGCGTSC,1326,396.0
1194,HLA-A33:01 ,19186.8,ANZ78847,TWMYTGSGYYY,1194,397.0
132,HLA-A33:01 ,19208.92,ANZ78847,STFVNTSYSVV,132,398.0
1302,HLA-A33:01 ,19225.35,ANZ78847,VKWPWYVWLLI,1302,399.0
3,HLA-A33:01 ,19228.6,ANZ78847,ILLISLPTAFA,3,400.0
66,HLA-A33:01 ,19244.96,ANZ78847,FLNGYYPTSGS,66,401.0
1296,HLA-A33:01 ,19258.42,ANZ78847,GTYEYYVKWPW,1296,402.0
1216,HLA-A33:01 ,19267.29,ANZ78847,MSTCAVNYTKA,1216,403.0
685,HLA-A33:01 ,19297.69,ANZ78847,GRVSAAFHANS,685,404.0
915,HLA-A33:01 ,19360.81,ANZ78847,EDLLFDKVKLS,915,405.0
502,HLA-A33:01 ,19369.03,ANZ78847,SNSSLCVGSGP,502,406.0
168,HLA-A33:01 ,19378.76,ANZ78847,QYNMCEYPHTI,168,407.0
804,HLA-A33:01 ,19466.06,ANZ78847,FTIGNMEEFIQ,804,408.0
496,HLA-A33:01 ,19467.77,ANZ78847,NFCPCKSNSSL,496,409.0
133,HLA-A33:01 ,19614.09,ANZ78847,TFVNTSYSVVV,133,410.0
725,HLA-A33:01 ,19628.73,ANZ78847,FDSYLGCVVNA,725,411.0
1224,HLA-A33:01 ,19659.43,ANZ78847,TKAPYVMLNTS,1224,412.0
1090,HLA-A33:01 ,19734.2,ANZ78847,NGRLTALNAYV,1090,413.0
878,HLA-A33:01 ,19762.53,ANZ78847,STKLKDGVNFN,878,414.0
115,HLA-A33:01 ,19845.99,ANZ78847,VFKDGVMYSEF,115,415.0
1226,HLA-A33:01 ,19852.01,ANZ78847,APYVMLNTSIP,1226,416.0
1007,HLA-A33:01 ,19852.59,ANZ78847,VLSQNQKLIAN,1007,417.0
215,HLA-A33:01 ,19859.55,ANZ78847,LYFHFYQEGGT,215,418.0
128,HLA-A33:01 ,19899.15,ANZ78847,ITIGSTFVNTS,128,419.0
838,HLA-A33:01 ,19971.72,ANZ78847,QLVEYGSFCDN,838,420.0
1322,HLA-A33:01 ,19986.64,ANZ78847,LLFFICCCTGC,1322,421.0
122,HLA-A33:01 ,19996.14,ANZ78847,YSEFPAITIGS,122,422.0
293,HLA-A33:01 ,20000.81,ANZ78847,NAVDCMSDFMS,293,423.0
524,HLA-A33:01 ,20149.59,ANZ78847,GTNYLTCHNLC,524,424.0
396,HLA-A33:01 ,20186.26,ANZ78847,MCFSSITIDKF,396,425.0
1116,HLA-A33:01 ,20200.24,ANZ78847,QAMEKVNECVK,1116,426.0
940,HLA-A33:01 ,20273.75,ANZ78847,AEIRDLICVQS,940,427.0
46,HLA-A33:01 ,20352.18,ANZ78847,VTNGLGTYYVL,46,428.0
1049,HLA-A33:01 ,20443.68,ANZ78847,EALNNLLQQLS,1049,429.0
1213,HLA-A33:01 ,20495.54,ANZ78847,VVVMSTCAVNY,1213,430.0
806,HLA-A33:01 ,20549.77,ANZ78847,IGNMEEFIQTS,806,431.0
1330,HLA-A33:01 ,20559.41,ANZ78847,TGCGTSCFKKC,1330,432.0
56,HLA-A33:01 ,20581.1,ANZ78847,LDRVYLNTTLF,56,433.0
104,HLA-A33:01 ,20623.25,ANZ78847,NGIFAKVKNTK,104,434.0
1124,HLA-A33:01 ,20632.5,ANZ78847,CVKSQSSRINF,1124,435.0
255,HLA-A33:01 ,20657.87,ANZ78847,MPLTCISRRNI,255,436.0
1266,HLA-A33:01 ,20668.72,ANZ78847,VTFLDLQVEMN,1266,437.0
266,HLA-A33:01 ,20714.3,ANZ78847,GFTLEYWVTPL,266,438.0
1052,HLA-A33:01 ,20796.69,ANZ78847,NNLLQQLSNRF,1052,439.0
234,HLA-A33:01 ,20797.87,ANZ78847,GVVTKFLFNVY,234,440.0
538,HLA-A33:01 ,20804.97,ANZ78847,PITFTGPYKCP,538,441.0
397,HLA-A33:01 ,20806.54,ANZ78847,CFSSITIDKFA,397,442.0
366,HLA-A33:01 ,20810.34,ANZ78847,NCNFNMSSLMS,366,443.0
974,HLA-A33:01 ,20920.78,ANZ78847,TSASLFPPWTA,974,444.0
428,HLA-A33:01 ,20965.89,ANZ78847,NYRIDTTATSC,428,445.0
597,HLA-A33:01 ,20989.61,ANZ78847,NIFANLILHDV,597,446.0
771,HLA-A33:01 ,20991.9,ANZ78847,GYRFTNFEPFT,771,447.0
65,HLA-A33:01 ,21010.56,ANZ78847,LFLNGYYPTSG,65,448.0
186,HLA-A33:01 ,21036.54,ANZ78847,HFKELWHMDTG,186,449.0
751,HLA-A33:01 ,21055.81,ANZ78847,GSGYCVDYSKN,751,450.0
798,HLA-A33:01 ,21058.56,ANZ78847,IQIPSDFTIGN,798,451.0
780,HLA-A33:01 ,21074.24,ANZ78847,FTVNSVNDSLE,780,452.0
896,HLA-A33:01 ,21078.95,ANZ78847,SVLGCLGSECS,896,453.0
441,HLA-A33:01 ,21116.18,ANZ78847,YYNLPAANVSV,441,454.0
386,HLA-A33:01 ,21128.54,ANZ78847,NNIDAAKIYGM,386,455.0
945,HLA-A33:01 ,21167.21,ANZ78847,LICVQSYKGIK,945,456.0
169,HLA-A33:01 ,21194.25,ANZ78847,YNMCEYPHTIC,169,457.0
11,HLA-A33:01 ,21195.11,ANZ78847,AFAVIGDLKCP,11,458.0
840,HLA-A33:01 ,21212.27,ANZ78847,VEYGSFCDNIN,840,459.0
1192,HLA-A33:01 ,21254.7,ANZ78847,NNTWMYTGSGY,1192,460.0
1211,HLA-A33:01 ,21271.66,ANZ78847,NNVVVMSTCAV,1211,461.0
222,HLA-A33:01 ,21274.96,ANZ78847,EGGTFYAYFTD,222,462.0
185,HLA-A33:01 ,21369.77,ANZ78847,NHFKELWHMDT,185,463.0
1214,HLA-A33:01 ,21400.64,ANZ78847,VVMSTCAVNYT,1214,464.0
1072,HLA-A33:01 ,21490.87,ANZ78847,ILSRLDALEAE,1072,465.0
271,HLA-A33:01 ,21554.24,ANZ78847,YWVTPLTSRQY,271,466.0
80,HLA-A33:01 ,21585.43,ANZ78847,NMALKGTDKLS,80,467.0
1128,HLA-A33:01 ,21609.49,ANZ78847,QSSRINFCGNG,1128,468.0
1157,HLA-A33:01 ,21653.81,ANZ78847,FSYVPTKYVTA,1157,469.0
10,HLA-A33:01 ,21657.28,ANZ78847,TAFAVIGDLKC,10,470.0
1071,HLA-A33:01 ,21727.73,ANZ78847,EILSRLDALEA,1071,471.0
611,HLA-A33:01 ,21739.64,ANZ78847,LTCSTDLQKAN,611,472.0
373,HLA-A33:01 ,21746.66,ANZ78847,SLMSFIQADSF,373,473.0
114,HLA-A33:01 ,21748.47,ANZ78847,KVFKDGVMYSE,114,474.0
94,HLA-A33:01 ,21774.12,ANZ78847,FKPPFLSDFIN,94,475.0
500,HLA-A33:01 ,21789.68,ANZ78847,CKSNSSLCVGS,500,476.0
221,HLA-A33:01 ,21828.9,ANZ78847,QEGGTFYAYFT,221,477.0
120,HLA-A33:01 ,21840.24,ANZ78847,VMYSEFPAITI,120,478.0
4,HLA-A33:01 ,21846.73,ANZ78847,LLISLPTAFAV,4,479.0
388,HLA-A33:01 ,21851.69,ANZ78847,IDAAKIYGMCF,388,480.0
494,HLA-A33:01 ,21854.26,ANZ78847,PKNFCPCKSNS,494,481.0
395,HLA-A33:01 ,21905.77,ANZ78847,GMCFSSITIDK,395,482.0
310,HLA-A33:01 ,21906.05,ANZ78847,QSIAPPTGVYE,310,483.0
1223,HLA-A33:01 ,21907.15,ANZ78847,YTKAPYVMLNT,1223,484.0
696,HLA-A33:01 ,21923.12,ANZ78847,SEPALLFRNIK,696,485.0
1053,HLA-A33:01 ,21946.26,ANZ78847,NLLQQLSNRFG,1053,486.0
803,HLA-A33:01 ,22019.72,ANZ78847,DFTIGNMEEFI,803,487.0
801,HLA-A33:01 ,22035.88,ANZ78847,PSDFTIGNMEE,801,488.0
522,HLA-A33:01 ,22062.31,ANZ78847,PAGTNYLTCHN,522,489.0
1259,HLA-A33:01 ,22073.81,ANZ78847,LALDYINVTFL,1259,490.0
540,HLA-A33:01 ,22108.52,ANZ78847,TFTGPYKCPQS,540,491.0
699,HLA-A33:01 ,22186.8,ANZ78847,ALLFRNIKCNY,699,492.0
887,HLA-A33:01 ,22189.23,ANZ78847,FNVDDINFSSV,887,493.0
557,HLA-A33:01 ,22363.88,ANZ78847,GEHCSGLAVKS,557,494.0
1248,HLA-A33:01 ,22370.45,ANZ78847,WFKNQTSVAPD,1248,495.0
1334,HLA-A33:01 ,22376.42,ANZ78847,TSCFKKCGGCC,1334,496.0
220,HLA-A33:01 ,22387.92,ANZ78847,YQEGGTFYAYF,220,497.0
616,HLA-A33:01 ,22431.96,ANZ78847,DLQKANTDIKL,616,498.0
967,HLA-A33:01 ,22442.1,ANZ78847,SGYTLAATSAS,967,499.0
1268,HLA-A33:01 ,22444.15,ANZ78847,FLDLQVEMNRL,1268,500.0
199,HLA-A33:01 ,22470.25,ANZ78847,SCLYKRNFTYD,199,501.0
1191,HLA-A33:01 ,22499.6,ANZ78847,VNNTWMYTGSG,1191,502.0
493,HLA-A33:01 ,22504.25,ANZ78847,APKNFCPCKSN,493,503.0
792,HLA-A33:01 ,22589.0,ANZ78847,VGGLYEIQIPS,792,504.0
134,HLA-A33:01 ,22671.98,ANZ78847,FVNTSYSVVVQ,134,505.0
1123,HLA-A33:01 ,22677.95,ANZ78847,ECVKSQSSRIN,1123,506.0
267,HLA-A33:01 ,22744.6,ANZ78847,FTLEYWVTPLT,267,507.0
1187,HLA-A33:01 ,22784.4,ANZ78847,YFVNVNNTWMY,1187,508.0
560,HLA-A33:01 ,22789.9,ANZ78847,CSGLAVKSDYC,560,509.0
1140,HLA-A33:01 ,22813.84,ANZ78847,HIISLVQNAPY,1140,510.0
250,HLA-A33:01 ,22821.1,ANZ78847,SHYYVMPLTCI,250,511.0
342,HLA-A33:01 ,22917.55,ANZ78847,CNIEAWLNDKS,342,512.0
823,HLA-A33:01 ,22934.99,ANZ78847,DCAAFVCGDYA,823,513.0
162,HLA-A33:01 ,22987.33,ANZ78847,LEVSVCQYNMC,162,514.0
859,HLA-A33:01 ,23009.29,ANZ78847,LLDTTQLQVAN,859,515.0
1183,HLA-A33:01 ,23060.67,ANZ78847,PKSGYFVNVNN,1183,516.0
1261,HLA-A33:01 ,23074.96,ANZ78847,LDYINVTFLDL,1261,517.0
746,HLA-A33:01 ,23081.2,ANZ78847,CDLTVGSGYCV,746,518.0
678,HLA-A33:01 ,23129.01,ANZ78847,MIRSCYSGRVS,678,519.0
272,HLA-A33:01 ,23184.39,ANZ78847,WVTPLTSRQYL,272,520.0
1244,HLA-A33:01 ,23192.35,ANZ78847,ELDQWFKNQTS,1244,521.0
1203,HLA-A33:01 ,23212.38,ANZ78847,YYPEPITENNV,1203,522.0
9,HLA-A33:01 ,23307.13,ANZ78847,PTAFAVIGDLK,9,523.0
720,HLA-A33:01 ,23321.95,ANZ78847,QPINYFDSYLG,720,524.0
1275,HLA-A33:01 ,23327.16,ANZ78847,MNRLQEAIKVL,1275,525.0
843,HLA-A33:01 ,23339.62,ANZ78847,GSFCDNINAIL,843,526.0
226,HLA-A33:01 ,23379.29,ANZ78847,FYAYFTDTGVV,226,527.0
189,HLA-A33:01 ,23407.83,ANZ78847,ELWHMDTGVVS,189,528.0
819,HLA-A33:01 ,23435.23,ANZ78847,KVTIDCAAFVC,819,529.0
668,HLA-A33:01 ,23435.66,ANZ78847,FRDYLTNRTFM,668,530.0
732,HLA-A33:01 ,23453.99,ANZ78847,VVNAYNSTAIS,732,531.0
527,HLA-A33:01 ,23458.56,ANZ78847,YLTCHNLCNPD,527,532.0
1283,HLA-A33:01 ,23479.58,ANZ78847,KVLNQSYINLK,1283,533.0
295,HLA-A33:01 ,23524.42,ANZ78847,VDCMSDFMSEI,295,534.0
681,HLA-A33:01 ,23603.05,ANZ78847,SCYSGRVSAAF,681,535.0
1209,HLA-A33:01 ,23646.06,ANZ78847,TENNVVVMSTC,1209,536.0
1141,HLA-A33:01 ,23712.52,ANZ78847,IISLVQNAPYG,1141,537.0
687,HLA-A33:01 ,23815.0,ANZ78847,VSAAFHANSSE,687,538.0
1304,HLA-A33:01 ,23836.54,ANZ78847,WPWYVWLLICL,1304,539.0
536,HLA-A33:01 ,23846.88,ANZ78847,PDPITFTGPYK,536,540.0
1348,HLA-A33:01 ,23862.18,ANZ78847,TGYQELVIKTS,1348,541.0
216,HLA-A33:01 ,23864.11,ANZ78847,YFHFYQEGGTF,216,542.0
892,HLA-A33:01 ,23878.45,ANZ78847,INFSSVLGCLG,892,543.0
1333,HLA-A33:01 ,23917.72,ANZ78847,GTSCFKKCGGC,1333,544.0
1162,HLA-A33:01 ,23928.38,ANZ78847,TKYVTAKVSPG,1162,545.0
1189,HLA-A33:01 ,23955.97,ANZ78847,VNVNNTWMYTG,1189,546.0
20,HLA-A33:01 ,23987.78,ANZ78847,CPLDSRTGSLN,20,547.0
595,HLA-A33:01 ,24036.27,ANZ78847,KCNIFANLILH,595,548.0
1273,HLA-A33:01 ,24044.03,ANZ78847,VEMNRLQEAIK,1273,549.0
230,HLA-A33:01 ,24119.39,ANZ78847,FTDTGVVTKFL,230,550.0
419,HLA-A33:01 ,24153.4,ANZ78847,GNLGYLQSFNY,419,551.0
964,HLA-A33:01 ,24181.96,ANZ78847,NQISGYTLAAT,964,552.0
1314,HLA-A33:01 ,24249.52,ANZ78847,LAGVAMLVLLF,1314,553.0
468,HLA-A33:01 ,24302.79,ANZ78847,DSVFKPQPAGV,468,554.0
333,HLA-A33:01 ,24475.24,ANZ78847,YRRKPDLPNCN,333,555.0
1117,HLA-A33:01 ,24482.44,ANZ78847,AMEKVNECVKS,1117,556.0
140,HLA-A33:01 ,24493.21,ANZ78847,SVVVQPRTINS,140,557.0
268,HLA-A33:01 ,24504.15,ANZ78847,TLEYWVTPLTS,268,558.0
667,HLA-A33:01 ,24512.91,ANZ78847,GFRDYLTNRTF,667,559.0
539,HLA-A33:01 ,24559.52,ANZ78847,ITFTGPYKCPQ,539,560.0
285,HLA-A33:01 ,24562.76,ANZ78847,FNQDGIIFNAV,285,561.0
341,HLA-A33:01 ,24565.09,ANZ78847,NCNIEAWLNDK,341,562.0
77,HLA-A33:01 ,24624.55,ANZ78847,TYRNMALKGTD,77,563.0
1080,HLA-A33:01 ,24646.19,ANZ78847,EAEAQIDRLIN,1080,564.0
895,HLA-A33:01 ,24773.53,ANZ78847,SSVLGCLGSEC,895,565.0
214,HLA-A33:01 ,24839.62,ANZ78847,YLYFHFYQEGG,214,566.0
1310,HLA-A33:01 ,24904.37,ANZ78847,LLICLAGVAML,1310,567.0
1228,HLA-A33:01 ,24963.46,ANZ78847,YVMLNTSIPNL,1228,568.0
166,HLA-A33:01 ,24968.72,ANZ78847,VCQYNMCEYPH,166,569.0
38,HLA-A33:01 ,24971.11,ANZ78847,SISTATVDVTN,38,570.0
497,HLA-A33:01 ,25040.37,ANZ78847,FCPCKSNSSLC,497,571.0
1064,HLA-A33:01 ,25063.9,ANZ78847,AISSSLQEILS,1064,572.0
534,HLA-A33:01 ,25124.21,ANZ78847,CNPDPITFTGP,534,573.0
118,HLA-A33:01 ,25216.9,ANZ78847,DGVMYSEFPAI,118,574.0
521,HLA-A33:01 ,25259.46,ANZ78847,CPAGTNYLTCH,521,575.0
745,HLA-A33:01 ,25291.29,ANZ78847,TCDLTVGSGYC,745,576.0
1086,HLA-A33:01 ,25313.88,ANZ78847,DRLINGRLTAL,1086,577.0
541,HLA-A33:01 ,25344.82,ANZ78847,FTGPYKCPQSK,541,578.0
403,HLA-A33:01 ,25356.62,ANZ78847,IDKFAIPNGRK,403,579.0
61,HLA-A33:01 ,25385.16,ANZ78847,LNTTLFLNGYY,61,580.0
1219,HLA-A33:01 ,25396.29,ANZ78847,CAVNYTKAPYV,1219,581.0
869,HLA-A33:01 ,25412.41,ANZ78847,NSLMNGVTLST,869,582.0
256,HLA-A33:01 ,25463.4,ANZ78847,PLTCISRRNIG,256,583.0
1113,HLA-A33:01 ,25480.44,ANZ78847,SAAQAMEKVNE,1113,584.0
190,HLA-A33:01 ,25511.21,ANZ78847,LWHMDTGVVSC,190,585.0
217,HLA-A33:01 ,25548.36,ANZ78847,FHFYQEGGTFY,217,586.0
440,HLA-A33:01 ,25599.6,ANZ78847,LYYNLPAANVS,440,587.0
460,HLA-A33:01 ,25691.97,ANZ78847,NKRFGFIEDSV,460,588.0
506,HLA-A33:01 ,25735.1,ANZ78847,LCVGSGPGKNN,506,589.0
734,HLA-A33:01 ,25811.43,ANZ78847,NAYNSTAISVQ,734,590.0
950,HLA-A33:01 ,25818.45,ANZ78847,SYKGIKVLPPL,950,591.0
1193,HLA-A33:01 ,25823.9,ANZ78847,NTWMYTGSGYY,1193,592.0
1017,HLA-A33:01 ,25828.66,ANZ78847,NAFNNALDAIQ,1017,593.0
713,HLA-A33:01 ,25840.75,ANZ78847,NSLTRQLQPIN,713,594.0
422,HLA-A33:01 ,25842.81,ANZ78847,GYLQSFNYRID,422,595.0
1097,HLA-A33:01 ,25865.18,ANZ78847,NAYVSQQLSDS,1097,596.0
392,HLA-A33:01 ,25906.58,ANZ78847,KIYGMCFSSIT,392,597.0
948,HLA-A33:01 ,25925.22,ANZ78847,VQSYKGIKVLP,948,598.0
1032,HLA-A33:01 ,25930.31,ANZ78847,ATNSALVKIQA,1032,599.0
125,HLA-A33:01 ,25934.48,ANZ78847,FPAITIGSTFV,125,600.0
454,HLA-A33:01 ,25992.15,ANZ78847,FNPSTWNKRFG,454,601.0
871,HLA-A33:01 ,25994.51,ANZ78847,LMNGVTLSTKL,871,602.0
1050,HLA-A33:01 ,25995.42,ANZ78847,ALNNLLQQLSN,1050,603.0
1255,HLA-A33:01 ,26004.81,ANZ78847,VAPDLALDYIN,1255,604.0
709,HLA-A33:01 ,26011.65,ANZ78847,YVFNNSLTRQL,709,605.0
176,HLA-A33:01 ,26022.58,ANZ78847,HTICHPNLGNH,176,606.0
348,HLA-A33:01 ,26025.4,ANZ78847,LNDKSVPSPLN,348,607.0
688,HLA-A33:01 ,26055.61,ANZ78847,SAAFHANSSEP,688,608.0
1103,HLA-A33:01 ,26085.23,ANZ78847,QLSDSTLVKFS,1103,609.0
648,HLA-A33:01 ,26177.1,ANZ78847,ATYYNSWQNLL,648,610.0
1308,HLA-A33:01 ,26188.05,ANZ78847,VWLLICLAGVA,1308,611.0
1303,HLA-A33:01 ,26235.76,ANZ78847,KWPWYVWLLIC,1303,612.0
231,HLA-A33:01 ,26238.9,ANZ78847,TDTGVVTKFLF,231,613.0
621,HLA-A33:01 ,26258.93,ANZ78847,NTDIKLGVCVN,621,614.0
579,HLA-A33:01 ,26266.55,ANZ78847,PQAFLGWSADS,579,615.0
1309,HLA-A33:01 ,26277.54,ANZ78847,WLLICLAGVAM,1309,616.0
1029,HLA-A33:01 ,26335.52,ANZ78847,GFDATNSALVK,1029,617.0
710,HLA-A33:01 ,26343.23,ANZ78847,VFNNSLTRQLQ,710,618.0
563,HLA-A33:01 ,26390.17,ANZ78847,LAVKSDYCGGN,563,619.0
897,HLA-A33:01 ,26449.37,ANZ78847,VLGCLGSECSK,897,620.0
1134,HLA-A33:01 ,26468.09,ANZ78847,FCGNGNHIISL,1134,621.0
807,HLA-A33:01 ,26482.72,ANZ78847,GNMEEFIQTSS,807,622.0
653,HLA-A33:01 ,26515.75,ANZ78847,SWQNLLYDSNG,653,623.0
139,HLA-A33:01 ,26530.81,ANZ78847,YSVVVQPRTIN,139,624.0
352,HLA-A33:01 ,26539.63,ANZ78847,SVPSPLNWERK,352,625.0
1125,HLA-A33:01 ,26577.67,ANZ78847,VKSQSSRINFC,1125,626.0
350,HLA-A33:01 ,26581.7,ANZ78847,DKSVPSPLNWE,350,627.0
1112,HLA-A33:01 ,26604.19,ANZ78847,FSAAQAMEKVN,1112,628.0
1342,HLA-A33:01 ,26633.81,ANZ78847,GCCDDYTGYQE,1342,629.0
391,HLA-A33:01 ,26644.41,ANZ78847,AKIYGMCFSSI,391,630.0
1230,HLA-A33:01 ,26687.85,ANZ78847,MLNTSIPNLPD,1230,631.0
791,HLA-A33:01 ,26707.63,ANZ78847,PVGGLYEIQIP,791,632.0
1315,HLA-A33:01 ,26727.87,ANZ78847,AGVAMLVLLFF,1315,633.0
21,HLA-A33:01 ,26796.43,ANZ78847,PLDSRTGSLNN,21,634.0
633,HLA-A33:01 ,26838.66,ANZ78847,DLYGISGQGIF,633,635.0
312,HLA-A33:01 ,26890.59,ANZ78847,IAPPTGVYELN,312,636.0
1312,HLA-A33:01 ,26958.29,ANZ78847,ICLAGVAMLVL,1312,637.0
131,HLA-A33:01 ,27004.6,ANZ78847,GSTFVNTSYSV,131,638.0
1180,HLA-A33:01 ,27100.7,ANZ78847,GIAPKSGYFVN,1180,639.0
1278,HLA-A33:01 ,27137.95,ANZ78847,LQEAIKVLNQS,1278,640.0
338,HLA-A33:01 ,27148.3,ANZ78847,DLPNCNIEAWL,338,641.0
359,HLA-A33:01 ,27192.83,ANZ78847,WERKTFSNCNF,359,642.0
661,HLA-A33:01 ,27216.26,ANZ78847,SNGNLYGFRDY,661,643.0
291,HLA-A33:01 ,27254.89,ANZ78847,IFNAVDCMSDF,291,644.0
161,HLA-A33:01 ,27304.8,ANZ78847,LLEVSVCQYNM,161,645.0
299,HLA-A33:01 ,27325.32,ANZ78847,SDFMSEIKCKT,299,646.0
641,HLA-A33:01 ,27348.23,ANZ78847,GIFVEVNATYY,641,647.0
505,HLA-A33:01 ,27354.21,ANZ78847,SLCVGSGPGKN,505,648.0
1057,HLA-A33:01 ,27390.81,ANZ78847,QLSNRFGAISS,1057,649.0
654,HLA-A33:01 ,27392.22,ANZ78847,WQNLLYDSNGN,654,650.0
821,HLA-A33:01 ,27410.36,ANZ78847,TIDCAAFVCGD,821,651.0
683,HLA-A33:01 ,27428.13,ANZ78847,YSGRVSAAFHA,683,652.0
1095,HLA-A33:01 ,27444.76,ANZ78847,ALNAYVSQQLS,1095,653.0
1118,HLA-A33:01 ,27450.0,ANZ78847,MEKVNECVKSQ,1118,654.0
976,HLA-A33:01 ,27477.12,ANZ78847,ASLFPPWTAAA,976,655.0
1091,HLA-A33:01 ,27485.98,ANZ78847,GRLTALNAYVS,1091,656.0
1288,HLA-A33:01 ,27508.28,ANZ78847,SYINLKDIGTY,1288,657.0
78,HLA-A33:01 ,27562.71,ANZ78847,YRNMALKGTDK,78,658.0
362,HLA-A33:01 ,27660.43,ANZ78847,KTFSNCNFNMS,362,659.0
750,HLA-A33:01 ,27723.14,ANZ78847,VGSGYCVDYSK,750,660.0
60,HLA-A33:01 ,27728.25,ANZ78847,YLNTTLFLNGY,60,661.0
28,HLA-A33:01 ,27762.63,ANZ78847,SLNNIDTGPPS,28,662.0
1245,HLA-A33:01 ,27775.01,ANZ78847,LDQWFKNQTSV,1245,663.0
757,HLA-A33:01 ,27778.69,ANZ78847,DYSKNRRSRRA,757,664.0
805,HLA-A33:01 ,27794.55,ANZ78847,TIGNMEEFIQT,805,665.0
387,HLA-A33:01 ,27799.6,ANZ78847,NIDAAKIYGMC,387,666.0
953,HLA-A33:01 ,27838.87,ANZ78847,GIKVLPPLLSE,953,667.0
54,HLA-A33:01 ,27870.72,ANZ78847,YVLDRVYLNTT,54,668.0
742,HLA-A33:01 ,27892.86,ANZ78847,SVQTCDLTVGS,742,669.0
192,HLA-A33:01 ,27912.68,ANZ78847,HMDTGVVSCLY,192,670.0
1105,HLA-A33:01 ,27914.25,ANZ78847,SDSTLVKFSAA,1105,671.0
147,HLA-A33:01 ,27920.5,ANZ78847,TINSTQDGVNK,147,672.0
1028,HLA-A33:01 ,27951.42,ANZ78847,EGFDATNSALV,1028,673.0
1293,HLA-A33:01 ,27953.74,ANZ78847,KDIGTYEYYVK,1293,674.0
1108,HLA-A33:01 ,27953.9,ANZ78847,TLVKFSAAQAM,1108,675.0
606,HLA-A33:01 ,27967.35,ANZ78847,DVNSGLTCSTD,606,676.0
453,HLA-A33:01 ,27976.1,ANZ78847,RFNPSTWNKRF,453,677.0
735,HLA-A33:01 ,27985.94,ANZ78847,AYNSTAISVQT,735,678.0
824,HLA-A33:01 ,28034.86,ANZ78847,CAAFVCGDYAA,824,679.0
580,HLA-A33:01 ,28060.67,ANZ78847,QAFLGWSADSC,580,680.0
129,HLA-A33:01 ,28096.4,ANZ78847,TIGSTFVNTSY,129,681.0
822,HLA-A33:01 ,28114.6,ANZ78847,IDCAAFVCGDY,822,682.0
425,HLA-A33:01 ,28114.8,ANZ78847,QSFNYRIDTTA,425,683.0
604,HLA-A33:01 ,28129.71,ANZ78847,LHDVNSGLTCS,604,684.0
627,HLA-A33:01 ,28175.26,ANZ78847,GVCVNYDLYGI,627,685.0
416,HLA-A33:01 ,28179.37,ANZ78847,LQLGNLGYLQS,416,686.0
844,HLA-A33:01 ,28187.92,ANZ78847,SFCDNINAILT,844,687.0
963,HLA-A33:01 ,28233.06,ANZ78847,ENQISGYTLAA,963,688.0
1182,HLA-A33:01 ,28249.37,ANZ78847,APKSGYFVNVN,1182,689.0
988,HLA-A33:01 ,28272.6,ANZ78847,VPFYLNVQYRI,988,690.0
262,HLA-A33:01 ,28297.63,ANZ78847,RRNIGFTLEYW,262,691.0
177,HLA-A33:01 ,28301.33,ANZ78847,TICHPNLGNHF,177,692.0
1089,HLA-A33:01 ,28306.24,ANZ78847,INGRLTALNAY,1089,693.0
846,HLA-A33:01 ,28335.85,ANZ78847,CDNINAILTEV,846,694.0
1110,HLA-A33:01 ,28366.13,ANZ78847,VKFSAAQAMEK,1110,695.0
686,HLA-A33:01 ,28414.73,ANZ78847,RVSAAFHANSS,686,696.0
836,HLA-A33:01 ,28418.2,ANZ78847,KSQLVEYGSFC,836,697.0
984,HLA-A33:01 ,28421.13,ANZ78847,AAAGVPFYLNV,984,698.0
581,HLA-A33:01 ,28422.4,ANZ78847,AFLGWSADSCL,581,699.0
628,HLA-A33:01 ,28445.79,ANZ78847,VCVNYDLYGIS,628,700.0
495,HLA-A33:01 ,28504.54,ANZ78847,KNFCPCKSNSS,495,701.0
992,HLA-A33:01 ,28507.15,ANZ78847,LNVQYRINGLG,992,702.0
381,HLA-A33:01 ,28508.08,ANZ78847,DSFTCNNIDAA,381,703.0
398,HLA-A33:01 ,28548.34,ANZ78847,FSSITIDKFAI,398,704.0
106,HLA-A33:01 ,28585.91,ANZ78847,IFAKVKNTKVF,106,705.0
55,HLA-A33:01 ,28670.38,ANZ78847,VLDRVYLNTTL,55,706.0
1013,HLA-A33:01 ,28700.88,ANZ78847,KLIANAFNNAL,1013,707.0
361,HLA-A33:01 ,28746.31,ANZ78847,RKTFSNCNFNM,361,708.0
1265,HLA-A33:01 ,28775.27,ANZ78847,NVTFLDLQVEM,1265,709.0
17,HLA-A33:01 ,28775.28,ANZ78847,DLKCPLDSRTG,17,710.0
73,HLA-A33:01 ,28788.74,ANZ78847,TSGSTYRNMAL,73,711.0
1126,HLA-A33:01 ,28793.64,ANZ78847,KSQSSRINFCG,1126,712.0
321,HLA-A33:01 ,28801.28,ANZ78847,LNGYTVQPIAD,321,713.0
567,HLA-A33:01 ,28807.09,ANZ78847,SDYCGGNPCTC,567,714.0
1046,HLA-A33:01 ,28836.21,ANZ78847,ANAEALNNLLQ,1046,715.0
229,HLA-A33:01 ,28857.51,ANZ78847,YFTDTGVVTKF,229,716.0
934,HLA-A33:01 ,28876.69,ANZ78847,NNCTGGAEIRD,934,717.0
582,HLA-A33:01 ,28882.71,ANZ78847,FLGWSADSCLQ,582,718.0
863,HLA-A33:01 ,28899.76,ANZ78847,TQLQVANSLMN,863,719.0
1031,HLA-A33:01 ,28906.7,ANZ78847,DATNSALVKIQ,1031,720.0
1154,HLA-A33:01 ,28953.04,ANZ78847,FIHFSYVPTKY,1154,721.0
153,HLA-A33:01 ,28957.5,ANZ78847,DGVNKLQGLLE,153,722.0
603,HLA-A33:01 ,28961.11,ANZ78847,ILHDVNSGLTC,603,723.0
556,HLA-A33:01 ,28961.48,ANZ78847,IGEHCSGLAVK,556,724.0
1349,HLA-A33:01 ,28998.4,ANZ78847,GYQELVIKTSH,1349,725.0
1181,HLA-A33:01 ,29052.49,ANZ78847,IAPKSGYFVNV,1181,726.0
429,HLA-A33:01 ,29062.7,ANZ78847,YRIDTTATSCQ,429,727.0
91,HLA-A33:01 ,29089.05,ANZ78847,TLWFKPPFLSD,91,728.0
182,HLA-A33:01 ,29098.83,ANZ78847,NLGNHFKELWH,182,729.0
747,HLA-A33:01 ,29115.95,ANZ78847,DLTVGSGYCVD,747,730.0
374,HLA-A33:01 ,29144.62,ANZ78847,LMSFIQADSFT,374,731.0
717,HLA-A33:01 ,29145.01,ANZ78847,RQLQPINYFDS,717,732.0
516,HLA-A33:01 ,29147.5,ANZ78847,NGIGTCPAGTN,516,733.0
931,HLA-A33:01 ,29229.24,ANZ78847,AAYNNCTGGAE,931,734.0
800,HLA-A33:01 ,29268.12,ANZ78847,IPSDFTIGNME,800,735.0
1014,HLA-A33:01 ,29342.42,ANZ78847,LIANAFNNALD,1014,736.0
528,HLA-A33:01 ,29382.98,ANZ78847,LTCHNLCNPDP,528,737.0
278,HLA-A33:01 ,29388.1,ANZ78847,SRQYLLAFNQD,278,738.0
92,HLA-A33:01 ,29391.65,ANZ78847,LWFKPPFLSDF,92,739.0
898,HLA-A33:01 ,29392.24,ANZ78847,LGCLGSECSKA,898,740.0
426,HLA-A33:01 ,29444.16,ANZ78847,SFNYRIDTTAT,426,741.0
946,HLA-A33:01 ,29495.96,ANZ78847,ICVQSYKGIKV,946,742.0
883,HLA-A33:01 ,29508.41,ANZ78847,DGVNFNVDDIN,883,743.0
975,HLA-A33:01 ,29511.88,ANZ78847,SASLFPPWTAA,975,744.0
327,HLA-A33:01 ,29584.47,ANZ78847,QPIADVYRRKP,327,745.0
775,HLA-A33:01 ,29636.85,ANZ78847,TNFEPFTVNSV,775,746.0
1088,HLA-A33:01 ,29709.92,ANZ78847,LINGRLTALNA,1088,747.0
733,HLA-A33:01 ,29725.56,ANZ78847,VNAYNSTAISV,733,748.0
636,HLA-A33:01 ,29741.19,ANZ78847,GISGQGIFVEV,636,749.0
719,HLA-A33:01 ,29745.18,ANZ78847,LQPINYFDSYL,719,750.0
1347,HLA-A33:01 ,29751.59,ANZ78847,YTGYQELVIKT,1347,751.0
184,HLA-A33:01 ,29783.94,ANZ78847,GNHFKELWHMD,184,752.0
850,HLA-A33:01 ,29788.66,ANZ78847,NAILTEVNELL,850,753.0
624,HLA-A33:01 ,29790.95,ANZ78847,IKLGVCVNYDL,624,754.0
384,HLA-A33:01 ,29796.55,ANZ78847,TCNNIDAAKIY,384,755.0
504,HLA-A33:01 ,29843.16,ANZ78847,SSLCVGSGPGK,504,756.0
224,HLA-A33:01 ,29846.29,ANZ78847,GTFYAYFTDTG,224,757.0
1234,HLA-A33:01 ,29867.15,ANZ78847,SIPNLPDFREE,1234,758.0
834,HLA-A33:01 ,29870.59,ANZ78847,ACKSQLVEYGS,834,759.0
993,HLA-A33:01 ,29881.99,ANZ78847,NVQYRINGLGV,993,760.0
716,HLA-A33:01 ,29887.14,ANZ78847,TRQLQPINYFD,716,761.0
1073,HLA-A33:01 ,29890.03,ANZ78847,LSRLDALEAEA,1073,762.0
889,HLA-A33:01 ,29903.26,ANZ78847,VDDINFSSVLG,889,763.0
202,HLA-A33:01 ,29957.66,ANZ78847,YKRNFTYDVNA,202,764.0
1047,HLA-A33:01 ,29998.97,ANZ78847,NAEALNNLLQQ,1047,765.0
912,HLA-A33:01 ,30003.28,ANZ78847,SAIEDLLFDKV,912,766.0
238,HLA-A33:01 ,30007.12,ANZ78847,KFLFNVYLGMA,238,767.0
868,HLA-A33:01 ,30015.12,ANZ78847,ANSLMNGVTLS,868,768.0
1186,HLA-A33:01 ,30029.63,ANZ78847,GYFVNVNNTWM,1186,769.0
1054,HLA-A33:01 ,30060.7,ANZ78847,LLQQLSNRFGA,1054,770.0
1094,HLA-A33:01 ,30087.8,ANZ78847,TALNAYVSQQL,1094,771.0
837,HLA-A33:01 ,30107.57,ANZ78847,SQLVEYGSFCD,837,772.0
564,HLA-A33:01 ,30123.42,ANZ78847,AVKSDYCGGNP,564,773.0
164,HLA-A33:01 ,30145.74,ANZ78847,VSVCQYNMCEY,164,774.0
860,HLA-A33:01 ,30164.38,ANZ78847,LDTTQLQVANS,860,775.0
640,HLA-A33:01 ,30234.65,ANZ78847,QGIFVEVNATY,640,776.0
93,HLA-A33:01 ,30270.98,ANZ78847,WFKPPFLSDFI,93,777.0
261,HLA-A33:01 ,30273.19,ANZ78847,SRRNIGFTLEY,261,778.0
1269,HLA-A33:01 ,30455.08,ANZ78847,LDLQVEMNRLQ,1269,779.0
1175,HLA-A33:01 ,30469.75,ANZ78847,IAGDRGIAPKS,1175,780.0
587,HLA-A33:01 ,30476.64,ANZ78847,ADSCLQGDKCN,587,781.0
292,HLA-A33:01 ,30486.54,ANZ78847,FNAVDCMSDFM,292,782.0
1039,HLA-A33:01 ,30488.59,ANZ78847,KIQAVVNANAE,1039,783.0
127,HLA-A33:01 ,30493.97,ANZ78847,AITIGSTFVNT,127,784.0
97,HLA-A33:01 ,30518.84,ANZ78847,PFLSDFINGIF,97,785.0
575,HLA-A33:01 ,30535.71,ANZ78847,CTCQPQAFLGW,575,786.0
729,HLA-A33:01 ,30584.1,ANZ78847,LGCVVNAYNST,729,787.0
5,HLA-A33:01 ,30621.74,ANZ78847,LISLPTAFAVI,5,788.0
284,HLA-A33:01 ,30641.16,ANZ78847,AFNQDGIIFNA,284,789.0
849,HLA-A33:01 ,30679.31,ANZ78847,INAILTEVNEL,849,790.0
551,HLA-A33:01 ,30684.85,ANZ78847,KSLVGIGEHCS,551,791.0
159,HLA-A33:01 ,30764.94,ANZ78847,QGLLEVSVCQY,159,792.0
1159,HLA-A33:01 ,30844.23,ANZ78847,YVPTKYVTAKV,1159,793.0
288,HLA-A33:01 ,30890.79,ANZ78847,DGIIFNAVDCM,288,794.0
173,HLA-A33:01 ,30995.78,ANZ78847,EYPHTICHPNL,173,795.0
432,HLA-A33:01 ,30998.23,ANZ78847,DTTATSCQLYY,432,796.0
855,HLA-A33:01 ,31007.31,ANZ78847,EVNELLDTTQL,855,797.0
1021,HLA-A33:01 ,31007.73,ANZ78847,NALDAIQEGFD,1021,798.0
999,HLA-A33:01 ,31008.83,ANZ78847,NGLGVTMDVLS,999,799.0
718,HLA-A33:01 ,31015.69,ANZ78847,QLQPINYFDSY,718,800.0
861,HLA-A33:01 ,31026.54,ANZ78847,DTTQLQVANSL,861,801.0
316,HLA-A33:01 ,31033.77,ANZ78847,TGVYELNGYTV,316,802.0
258,HLA-A33:01 ,31046.64,ANZ78847,TCISRRNIGFT,258,803.0
518,HLA-A33:01 ,31059.87,ANZ78847,IGTCPAGTNYL,518,804.0
290,HLA-A33:01 ,31064.41,ANZ78847,IIFNAVDCMSD,290,805.0
50,HLA-A33:01 ,31099.52,ANZ78847,LGTYYVLDRVY,50,806.0
1130,HLA-A33:01 ,31126.78,ANZ78847,SRINFCGNGNH,1130,807.0
332,HLA-A33:01 ,31165.71,ANZ78847,VYRRKPDLPNC,332,808.0
1019,HLA-A33:01 ,31188.63,ANZ78847,FNNALDAIQEG,1019,809.0
471,HLA-A33:01 ,31222.96,ANZ78847,FKPQPAGVLTN,471,810.0
248,HLA-A33:01 ,31255.05,ANZ78847,ALSHYYVMPLT,248,811.0
802,HLA-A33:01 ,31313.23,ANZ78847,SDFTIGNMEEF,802,812.0
1291,HLA-A33:01 ,31324.48,ANZ78847,NLKDIGTYEYY,1291,813.0
1092,HLA-A33:01 ,31327.43,ANZ78847,RLTALNAYVSQ,1092,814.0
550,HLA-A33:01 ,31357.77,ANZ78847,SKSLVGIGEHC,550,815.0
6,HLA-A33:01 ,31428.08,ANZ78847,ISLPTAFAVIG,6,816.0
464,HLA-A33:01 ,31493.76,ANZ78847,GFIEDSVFKPQ,464,817.0
952,HLA-A33:01 ,31501.85,ANZ78847,KGIKVLPPLLS,952,818.0
669,HLA-A33:01 ,31517.28,ANZ78847,RDYLTNRTFMI,669,819.0
119,HLA-A33:01 ,31545.2,ANZ78847,GVMYSEFPAIT,119,820.0
592,HLA-A33:01 ,31563.02,ANZ78847,QGDKCNIFANL,592,821.0
394,HLA-A33:01 ,31567.31,ANZ78847,YGMCFSSITID,394,822.0
1034,HLA-A33:01 ,31571.65,ANZ78847,NSALVKIQAVV,1034,823.0
622,HLA-A33:01 ,31578.98,ANZ78847,TDIKLGVCVNY,622,824.0
273,HLA-A33:01 ,31597.58,ANZ78847,VTPLTSRQYLL,273,825.0
929,HLA-A33:01 ,31606.12,ANZ78847,FVAAYNNCTGG,929,826.0
108,HLA-A33:01 ,31608.36,ANZ78847,AKVKNTKVFKD,108,827.0
927,HLA-A33:01 ,31610.02,ANZ78847,VGFVAAYNNCT,927,828.0
609,HLA-A33:01 ,31617.29,ANZ78847,SGLTCSTDLQK,609,829.0
1243,HLA-A33:01 ,31625.54,ANZ78847,EELDQWFKNQT,1243,830.0
879,HLA-A33:01 ,31644.11,ANZ78847,TKLKDGVNFNV,879,831.0
523,HLA-A33:01 ,31673.87,ANZ78847,AGTNYLTCHNL,523,832.0
1093,HLA-A33:01 ,31679.47,ANZ78847,LTALNAYVSQQ,1093,833.0
978,HLA-A33:01 ,31681.31,ANZ78847,LFPPWTAAAGV,978,834.0
71,HLA-A33:01 ,31729.94,ANZ78847,YPTSGSTYRNM,71,835.0
344,HLA-A33:01 ,31765.05,ANZ78847,IEAWLNDKSVP,344,836.0
204,HLA-A33:01 ,31805.93,ANZ78847,RNFTYDVNATY,204,837.0
995,HLA-A33:01 ,31839.71,ANZ78847,QYRINGLGVTM,995,838.0
167,HLA-A33:01 ,31890.3,ANZ78847,CQYNMCEYPHT,167,839.0
731,HLA-A33:01 ,31901.18,ANZ78847,CVVNAYNSTAI,731,840.0
287,HLA-A33:01 ,31944.99,ANZ78847,QDGIIFNAVDC,287,841.0
1260,HLA-A33:01 ,31970.29,ANZ78847,ALDYINVTFLD,1260,842.0
632,HLA-A33:01 ,31999.5,ANZ78847,YDLYGISGQGI,632,843.0
26,HLA-A33:01 ,32016.57,ANZ78847,TGSLNNIDTGP,26,844.0
1067,HLA-A33:01 ,32020.58,ANZ78847,SSLQEILSRLD,1067,845.0
914,HLA-A33:01 ,32029.35,ANZ78847,IEDLLFDKVKL,914,846.0
778,HLA-A33:01 ,32075.91,ANZ78847,EPFTVNSVNDS,778,847.0
1066,HLA-A33:01 ,32077.35,ANZ78847,SSSLQEILSRL,1066,848.0
790,HLA-A33:01 ,32116.44,ANZ78847,EPVGGLYEIQI,790,849.0
1033,HLA-A33:01 ,32134.47,ANZ78847,TNSALVKIQAV,1033,850.0
644,HLA-A33:01 ,32172.6,ANZ78847,VEVNATYYNSW,644,851.0
117,HLA-A33:01 ,32194.08,ANZ78847,KDGVMYSEFPA,117,852.0
626,HLA-A33:01 ,32215.52,ANZ78847,LGVCVNYDLYG,626,853.0
679,HLA-A33:01 ,32263.52,ANZ78847,IRSCYSGRVSA,679,854.0
47,HLA-A33:01 ,32297.35,ANZ78847,TNGLGTYYVLD,47,855.0
187,HLA-A33:01 ,32303.91,ANZ78847,FKELWHMDTGV,187,856.0
736,HLA-A33:01 ,32308.24,ANZ78847,YNSTAISVQTC,736,857.0
1164,HLA-A33:01 ,32376.41,ANZ78847,YVTAKVSPGLC,1164,858.0
565,HLA-A33:01 ,32389.04,ANZ78847,VKSDYCGGNPC,565,859.0
289,HLA-A33:01 ,32389.15,ANZ78847,GIIFNAVDCMS,289,860.0
431,HLA-A33:01 ,32392.04,ANZ78847,IDTTATSCQLY,431,861.0
658,HLA-A33:01 ,32415.11,ANZ78847,LYDSNGNLYGF,658,862.0
1104,HLA-A33:01 ,32476.81,ANZ78847,LSDSTLVKFSA,1104,863.0
558,HLA-A33:01 ,32513.18,ANZ78847,EHCSGLAVKSD,558,864.0
1246,HLA-A33:01 ,32560.62,ANZ78847,DQWFKNQTSVA,1246,865.0
656,HLA-A33:01 ,32584.58,ANZ78847,NLLYDSNGNLY,656,866.0
480,HLA-A33:01 ,32591.97,ANZ78847,TNHDVVYAQHC,480,867.0
857,HLA-A33:01 ,32615.37,ANZ78847,NELLDTTQLQV,857,868.0
748,HLA-A33:01 ,32620.44,ANZ78847,LTVGSGYCVDY,748,869.0
1135,HLA-A33:01 ,32662.04,ANZ78847,CGNGNHIISLV,1135,870.0
966,HLA-A33:01 ,32662.05,ANZ78847,ISGYTLAATSA,966,871.0
928,HLA-A33:01 ,32669.24,ANZ78847,GFVAAYNNCTG,928,872.0
155,HLA-A33:01 ,32719.48,ANZ78847,VNKLQGLLEVS,155,873.0
442,HLA-A33:01 ,32732.61,ANZ78847,YNLPAANVSVS,442,874.0
737,HLA-A33:01 ,32742.33,ANZ78847,NSTAISVQTCD,737,875.0
437,HLA-A33:01 ,32757.12,ANZ78847,SCQLYYNLPAA,437,876.0
714,HLA-A33:01 ,32778.28,ANZ78847,SLTRQLQPINY,714,877.0
712,HLA-A33:01 ,32807.27,ANZ78847,NNSLTRQLQPI,712,878.0
423,HLA-A33:01 ,32807.55,ANZ78847,YLQSFNYRIDT,423,879.0
512,HLA-A33:01 ,32814.65,ANZ78847,PGKNNGIGTCP,512,880.0
1167,HLA-A33:01 ,32832.38,ANZ78847,AKVSPGLCIAG,1167,881.0
1284,HLA-A33:01 ,32865.58,ANZ78847,VLNQSYINLKD,1284,882.0
1038,HLA-A33:01 ,32889.72,ANZ78847,VKIQAVVNANA,1038,883.0
754,HLA-A33:01 ,32892.1,ANZ78847,YCVDYSKNRRS,754,884.0
1025,HLA-A33:01 ,32961.97,ANZ78847,AIQEGFDATNS,1025,885.0
275,HLA-A33:01 ,32998.4,ANZ78847,PLTSRQYLLAF,275,886.0
478,HLA-A33:01 ,33007.2,ANZ78847,VLTNHDVVYAQ,478,887.0
12,HLA-A33:01 ,33021.79,ANZ78847,FAVIGDLKCPL,12,888.0
985,HLA-A33:01 ,33039.4,ANZ78847,AAGVPFYLNVQ,985,889.0
330,HLA-A33:01 ,33066.19,ANZ78847,ADVYRRKPDLP,330,890.0
533,HLA-A33:01 ,33121.38,ANZ78847,LCNPDPITFTG,533,891.0
1145,HLA-A33:01 ,33132.16,ANZ78847,VQNAPYGLYFI,1145,892.0
1044,HLA-A33:01 ,33167.82,ANZ78847,VNANAEALNNL,1044,893.0
615,HLA-A33:01 ,33178.18,ANZ78847,TDLQKANTDIK,615,894.0
797,HLA-A33:01 ,33185.74,ANZ78847,EIQIPSDFTIG,797,895.0
1336,HLA-A33:01 ,33225.1,ANZ78847,CFKKCGGCCDD,1336,896.0
492,HLA-A33:01 ,33245.58,ANZ78847,KAPKNFCPCKS,492,897.0
76,HLA-A33:01 ,33253.5,ANZ78847,STYRNMALKGT,76,898.0
410,HLA-A33:01 ,33265.52,ANZ78847,NGRKVDLQLGN,410,899.0
1279,HLA-A33:01 ,33274.28,ANZ78847,QEAIKVLNQSY,1279,900.0
1056,HLA-A33:01 ,33318.47,ANZ78847,QQLSNRFGAIS,1056,901.0
1045,HLA-A33:01 ,33336.92,ANZ78847,NANAEALNNLL,1045,902.0
1144,HLA-A33:01 ,33355.97,ANZ78847,LVQNAPYGLYF,1144,903.0
917,HLA-A33:01 ,33363.78,ANZ78847,LLFDKVKLSDV,917,904.0
765,HLA-A33:01 ,33390.15,ANZ78847,RRAITTGYRFT,765,905.0
1332,HLA-A33:01 ,33398.08,ANZ78847,CGTSCFKKCGG,1332,906.0
913,HLA-A33:01 ,33418.44,ANZ78847,AIEDLLFDKVK,913,907.0
383,HLA-A33:01 ,33433.04,ANZ78847,FTCNNIDAAKI,383,908.0
280,HLA-A33:01 ,33458.67,ANZ78847,QYLLAFNQDGI,280,909.0
1156,HLA-A33:01 ,33469.47,ANZ78847,HFSYVPTKYVT,1156,910.0
583,HLA-A33:01 ,33472.75,ANZ78847,LGWSADSCLQG,583,911.0
1344,HLA-A33:01 ,33482.1,ANZ78847,CDDYTGYQELV,1344,912.0
498,HLA-A33:01 ,33486.2,ANZ78847,CPCKSNSSLCV,498,913.0
520,HLA-A33:01 ,33579.38,ANZ78847,TCPAGTNYLTC,520,914.0
1290,HLA-A33:01 ,33613.15,ANZ78847,INLKDIGTYEY,1290,915.0
888,HLA-A33:01 ,33619.34,ANZ78847,NVDDINFSSVL,888,916.0
943,HLA-A33:01 ,33619.46,ANZ78847,RDLICVQSYKG,943,917.0
27,HLA-A33:01 ,33624.62,ANZ78847,GSLNNIDTGPP,27,918.0
1015,HLA-A33:01 ,33632.15,ANZ78847,IANAFNNALDA,1015,919.0
1207,HLA-A33:01 ,33688.61,ANZ78847,PITENNVVVMS,1207,920.0
1085,HLA-A33:01 ,33698.64,ANZ78847,IDRLINGRLTA,1085,921.0
175,HLA-A33:01 ,33717.72,ANZ78847,PHTICHPNLGN,175,922.0
657,HLA-A33:01 ,33731.43,ANZ78847,LLYDSNGNLYG,657,923.0
448,HLA-A33:01 ,33731.72,ANZ78847,NVSVSRFNPST,448,924.0
455,HLA-A33:01 ,33742.16,ANZ78847,NPSTWNKRFGF,455,925.0
32,HLA-A33:01 ,33768.82,ANZ78847,IDTGPPSISTA,32,926.0
439,HLA-A33:01 ,33838.4,ANZ78847,QLYYNLPAANV,439,927.0
1185,HLA-A33:01 ,33843.16,ANZ78847,SGYFVNVNNTW,1185,928.0
695,HLA-A33:01 ,33847.72,ANZ78847,SSEPALLFRNI,695,929.0
138,HLA-A33:01 ,33852.86,ANZ78847,SYSVVVQPRTI,138,930.0
1142,HLA-A33:01 ,33875.16,ANZ78847,ISLVQNAPYGL,1142,931.0
1009,HLA-A33:01 ,33931.41,ANZ78847,SQNQKLIANAF,1009,932.0
1030,HLA-A33:01 ,34012.82,ANZ78847,FDATNSALVKI,1030,933.0
519,HLA-A33:01 ,34035.35,ANZ78847,GTCPAGTNYLT,519,934.0
317,HLA-A33:01 ,34056.66,ANZ78847,GVYELNGYTVQ,317,935.0
340,HLA-A33:01 ,34061.02,ANZ78847,PNCNIEAWLND,340,936.0
552,HLA-A33:01 ,34128.5,ANZ78847,SLVGIGEHCSG,552,937.0
590,HLA-A33:01 ,34147.96,ANZ78847,CLQGDKCNIFA,590,938.0
1221,HLA-A33:01 ,34169.51,ANZ78847,VNYTKAPYVML,1221,939.0
764,HLA-A33:01 ,34172.62,ANZ78847,SRRAITTGYRF,764,940.0
1120,HLA-A33:01 ,34191.01,ANZ78847,KVNECVKSQSS,1120,941.0
1041,HLA-A33:01 ,34192.37,ANZ78847,QAVVNANAEAL,1041,942.0
404,HLA-A33:01 ,34271.9,ANZ78847,DKFAIPNGRKV,404,943.0
911,HLA-A33:01 ,34274.0,ANZ78847,RSAIEDLLFDK,911,944.0
578,HLA-A33:01 ,34291.54,ANZ78847,QPQAFLGWSAD,578,945.0
18,HLA-A33:01 ,34301.28,ANZ78847,LKCPLDSRTGS,18,946.0
103,HLA-A33:01 ,34304.62,ANZ78847,INGIFAKVKNT,103,947.0
417,HLA-A33:01 ,34329.74,ANZ78847,QLGNLGYLQSF,417,948.0
902,HLA-A33:01 ,34350.36,ANZ78847,GSECSKASSRS,902,949.0
706,HLA-A33:01 ,34361.81,ANZ78847,KCNYVFNNSLT,706,950.0
1075,HLA-A33:01 ,34362.95,ANZ78847,RLDALEAEAQI,1075,951.0
14,HLA-A33:01 ,34379.97,ANZ78847,VIGDLKCPLDS,14,952.0
810,HLA-A33:01 ,34397.25,ANZ78847,EEFIQTSSPKV,810,953.0
795,HLA-A33:01 ,34408.85,ANZ78847,LYEIQIPSDFT,795,954.0
655,HLA-A33:01 ,34448.84,ANZ78847,QNLLYDSNGNL,655,955.0
799,HLA-A33:01 ,34455.47,ANZ78847,QIPSDFTIGNM,799,956.0
830,HLA-A33:01 ,34493.42,ANZ78847,GDYAACKSQLV,830,957.0
961,HLA-A33:01 ,34496.64,ANZ78847,LSENQISGYTL,961,958.0
481,HLA-A33:01 ,34516.08,ANZ78847,NHDVVYAQHCF,481,959.0
542,HLA-A33:01 ,34579.63,ANZ78847,TGPYKCPQSKS,542,960.0
286,HLA-A33:01 ,34622.78,ANZ78847,NQDGIIFNAVD,286,961.0
183,HLA-A33:01 ,34626.61,ANZ78847,LGNHFKELWHM,183,962.0
1096,HLA-A33:01 ,34648.09,ANZ78847,LNAYVSQQLSD,1096,963.0
347,HLA-A33:01 ,34654.17,ANZ78847,WLNDKSVPSPL,347,964.0
532,HLA-A33:01 ,34738.97,ANZ78847,NLCNPDPITFT,532,965.0
1220,HLA-A33:01 ,34786.38,ANZ78847,AVNYTKAPYVM,1220,966.0
1074,HLA-A33:01 ,34821.43,ANZ78847,SRLDALEAEAQ,1074,967.0
1335,HLA-A33:01 ,34830.99,ANZ78847,SCFKKCGGCCD,1335,968.0
938,HLA-A33:01 ,34833.21,ANZ78847,GGAEIRDLICV,938,969.0
593,HLA-A33:01 ,34855.28,ANZ78847,GDKCNIFANLI,593,970.0
302,HLA-A33:01 ,34899.32,ANZ78847,MSEIKCKTQSI,302,971.0
30,HLA-A33:01 ,34899.54,ANZ78847,NNIDTGPPSIS,30,972.0
531,HLA-A33:01 ,34923.41,ANZ78847,HNLCNPDPITF,531,973.0
282,HLA-A33:01 ,34927.54,ANZ78847,LLAFNQDGIIF,282,974.0
191,HLA-A33:01 ,34997.24,ANZ78847,WHMDTGVVSCL,191,975.0
601,HLA-A33:01 ,35006.34,ANZ78847,NLILHDVNSGL,601,976.0
986,HLA-A33:01 ,35024.11,ANZ78847,AGVPFYLNVQY,986,977.0
137,HLA-A33:01 ,35048.26,ANZ78847,TSYSVVVQPRT,137,978.0
487,HLA-A33:01 ,35115.79,ANZ78847,AQHCFKAPKNF,487,979.0
832,HLA-A33:01 ,35130.33,ANZ78847,YAACKSQLVEY,832,980.0
1331,HLA-A33:01 ,35155.13,ANZ78847,GCGTSCFKKCG,1331,981.0
1287,HLA-A33:01 ,35161.04,ANZ78847,QSYINLKDIGT,1287,982.0
666,HLA-A33:01 ,35172.8,ANZ78847,YGFRDYLTNRT,666,983.0
922,HLA-A33:01 ,35234.78,ANZ78847,VKLSDVGFVAA,922,984.0
782,HLA-A33:01 ,35254.66,ANZ78847,VNSVNDSLEPV,782,985.0
1027,HLA-A33:01 ,35270.57,ANZ78847,QEGFDATNSAL,1027,986.0
31,HLA-A33:01 ,35276.47,ANZ78847,NIDTGPPSIST,31,987.0
461,HLA-A33:01 ,35301.24,ANZ78847,KRFGFIEDSVF,461,988.0
346,HLA-A33:01 ,35305.42,ANZ78847,AWLNDKSVPSP,346,989.0
430,HLA-A33:01 ,35344.11,ANZ78847,RIDTTATSCQL,430,990.0
899,HLA-A33:01 ,35384.82,ANZ78847,GCLGSECSKAS,899,991.0
1020,HLA-A33:01 ,35386.57,ANZ78847,NNALDAIQEGF,1020,992.0
81,HLA-A33:01 ,35391.76,ANZ78847,MALKGTDKLST,81,993.0
223,HLA-A33:01 ,35392.18,ANZ78847,GGTFYAYFTDT,223,994.0
903,HLA-A33:01 ,35397.03,ANZ78847,SECSKASSRSA,903,995.0
577,HLA-A33:01 ,35406.91,ANZ78847,CQPQAFLGWSA,577,996.0
1138,HLA-A33:01 ,35430.83,ANZ78847,GNHIISLVQNA,1138,997.0
691,HLA-A33:01 ,35432.86,ANZ78847,FHANSSEPALL,691,998.0
923,HLA-A33:01 ,35437.11,ANZ78847,KLSDVGFVAAY,923,999.0
588,HLA-A33:01 ,35444.72,ANZ78847,DSCLQGDKCNI,588,1000.0
835,HLA-A33:01 ,35459.09,ANZ78847,CKSQLVEYGSF,835,1001.0
1068,HLA-A33:01 ,35484.63,ANZ78847,SLQEILSRLDA,1068,1002.0
1012,HLA-A33:01 ,35488.87,ANZ78847,QKLIANAFNNA,1012,1003.0
842,HLA-A33:01 ,35524.52,ANZ78847,YGSFCDNINAI,842,1004.0
960,HLA-A33:01 ,35553.89,ANZ78847,LLSENQISGYT,960,1005.0
979,HLA-A33:01 ,35596.86,ANZ78847,FPPWTAAAGVP,979,1006.0
88,HLA-A33:01 ,35647.26,ANZ78847,KLSTLWFKPPF,88,1007.0
1063,HLA-A33:01 ,35692.2,ANZ78847,GAISSSLQEIL,1063,1008.0
1132,HLA-A33:01 ,35693.68,ANZ78847,INFCGNGNHII,1132,1009.0
777,HLA-A33:01 ,35697.65,ANZ78847,FEPFTVNSVND,777,1010.0
1256,HLA-A33:01 ,35747.61,ANZ78847,APDLALDYINV,1256,1011.0
123,HLA-A33:01 ,35769.81,ANZ78847,SEFPAITIGST,123,1012.0
620,HLA-A33:01 ,35773.15,ANZ78847,ANTDIKLGVCV,620,1013.0
1327,HLA-A33:01 ,35787.99,ANZ78847,CCCTGCGTSCF,1327,1014.0
67,HLA-A33:01 ,35803.96,ANZ78847,LNGYYPTSGST,67,1015.0
730,HLA-A33:01 ,35809.68,ANZ78847,GCVVNAYNSTA,730,1016.0
548,HLA-A33:01 ,35903.77,ANZ78847,PQSKSLVGIGE,548,1017.0
1345,HLA-A33:01 ,35926.92,ANZ78847,DDYTGYQELVI,1345,1018.0
1004,HLA-A33:01 ,35948.49,ANZ78847,TMDVLSQNQKL,1004,1019.0
142,HLA-A33:01 ,35969.75,ANZ78847,VVQPRTINSTQ,142,1020.0
1005,HLA-A33:01 ,36024.53,ANZ78847,MDVLSQNQKLI,1005,1021.0
904,HLA-A33:01 ,36027.95,ANZ78847,ECSKASSRSAI,904,1022.0
829,HLA-A33:01 ,36060.53,ANZ78847,CGDYAACKSQL,829,1023.0
818,HLA-A33:01 ,36071.63,ANZ78847,PKVTIDCAAFV,818,1024.0
1179,HLA-A33:01 ,36099.73,ANZ78847,RGIAPKSGYFV,1179,1025.0
932,HLA-A33:01 ,36100.99,ANZ78847,AYNNCTGGAEI,932,1026.0
605,HLA-A33:01 ,36128.28,ANZ78847,HDVNSGLTCST,605,1027.0
180,HLA-A33:01 ,36149.09,ANZ78847,HPNLGNHFKEL,180,1028.0
744,HLA-A33:01 ,36215.61,ANZ78847,QTCDLTVGSGY,744,1029.0
68,HLA-A33:01 ,36236.89,ANZ78847,NGYYPTSGSTY,68,1030.0
335,HLA-A33:01 ,36255.61,ANZ78847,RKPDLPNCNIE,335,1031.0
738,HLA-A33:01 ,36255.82,ANZ78847,STAISVQTCDL,738,1032.0
1218,HLA-A33:01 ,36260.71,ANZ78847,TCAVNYTKAPY,1218,1033.0
105,HLA-A33:01 ,36378.51,ANZ78847,GIFAKVKNTKV,105,1034.0
1136,HLA-A33:01 ,36382.84,ANZ78847,GNGNHIISLVQ,1136,1035.0
1040,HLA-A33:01 ,36401.58,ANZ78847,IQAVVNANAEA,1040,1036.0
156,HLA-A33:01 ,36405.66,ANZ78847,NKLQGLLEVSV,156,1037.0
1101,HLA-A33:01 ,36409.74,ANZ78847,SQQLSDSTLVK,1101,1038.0
833,HLA-A33:01 ,36424.26,ANZ78847,AACKSQLVEYG,833,1039.0
477,HLA-A33:01 ,36507.01,ANZ78847,GVLTNHDVVYA,477,1040.0
839,HLA-A33:01 ,36571.66,ANZ78847,LVEYGSFCDNI,839,1041.0
39,HLA-A33:01 ,36574.8,ANZ78847,ISTATVDVTNG,39,1042.0
692,HLA-A33:01 ,36605.41,ANZ78847,HANSSEPALLF,692,1043.0
110,HLA-A33:01 ,36619.64,ANZ78847,VKNTKVFKDGV,110,1044.0
828,HLA-A33:01 ,36657.83,ANZ78847,VCGDYAACKSQ,828,1045.0
1350,HLA-A33:01 ,36672.15,ANZ78847,YQELVIKTSHD,1350,1046.0
561,HLA-A33:01 ,36696.63,ANZ78847,SGLAVKSDYCG,561,1047.0
586,HLA-A33:01 ,36697.4,ANZ78847,SADSCLQGDKC,586,1048.0
576,HLA-A33:01 ,36728.67,ANZ78847,TCQPQAFLGWS,576,1049.0
75,HLA-A33:01 ,36750.34,ANZ78847,GSTYRNMALKG,75,1050.0
444,HLA-A33:01 ,36776.27,ANZ78847,LPAANVSVSRF,444,1051.0
414,HLA-A33:01 ,36844.9,ANZ78847,VDLQLGNLGYL,414,1052.0
1083,HLA-A33:01 ,36870.08,ANZ78847,AQIDRLINGRL,1083,1053.0
864,HLA-A33:01 ,36910.51,ANZ78847,QLQVANSLMNG,864,1054.0
1062,HLA-A33:01 ,36914.69,ANZ78847,FGAISSSLQEI,1062,1055.0
585,HLA-A33:01 ,36923.04,ANZ78847,WSADSCLQGDK,585,1056.0
793,HLA-A33:01 ,36960.52,ANZ78847,GGLYEIQIPSD,793,1057.0
343,HLA-A33:01 ,37012.25,ANZ78847,NIEAWLNDKSV,343,1058.0
380,HLA-A33:01 ,37020.1,ANZ78847,ADSFTCNNIDA,380,1059.0
378,HLA-A33:01 ,37047.84,ANZ78847,IQADSFTCNNI,378,1060.0
690,HLA-A33:01 ,37064.76,ANZ78847,AFHANSSEPAL,690,1061.0
680,HLA-A33:01 ,37066.35,ANZ78847,RSCYSGRVSAA,680,1062.0
867,HLA-A33:01 ,37093.84,ANZ78847,VANSLMNGVTL,867,1063.0
956,HLA-A33:01 ,37097.12,ANZ78847,VLPPLLSENQI,956,1064.0
515,HLA-A33:01 ,37097.53,ANZ78847,NNGIGTCPAGT,515,1065.0
1341,HLA-A33:01 ,37129.34,ANZ78847,GGCCDDYTGYQ,1341,1066.0
794,HLA-A33:01 ,37155.35,ANZ78847,GLYEIQIPSDF,794,1067.0
862,HLA-A33:01 ,37173.31,ANZ78847,TTQLQVANSLM,862,1068.0
1099,HLA-A33:01 ,37191.01,ANZ78847,YVSQQLSDSTL,1099,1069.0
1165,HLA-A33:01 ,37204.59,ANZ78847,VTAKVSPGLCI,1165,1070.0
608,HLA-A33:01 ,37225.68,ANZ78847,NSGLTCSTDLQ,608,1071.0
920,HLA-A33:01 ,37234.34,ANZ78847,DKVKLSDVGFV,920,1072.0
947,HLA-A33:01 ,37254.15,ANZ78847,CVQSYKGIKVL,947,1073.0
319,HLA-A33:01 ,37255.46,ANZ78847,YELNGYTVQPI,319,1074.0
981,HLA-A33:01 ,37272.25,ANZ78847,PWTAAAGVPFY,981,1075.0
884,HLA-A33:01 ,37274.0,ANZ78847,GVNFNVDDINF,884,1076.0
467,HLA-A33:01 ,37277.39,ANZ78847,EDSVFKPQPAG,467,1077.0
549,HLA-A33:01 ,37321.28,ANZ78847,QSKSLVGIGEH,549,1078.0
311,HLA-A33:01 ,37342.16,ANZ78847,SIAPPTGVYEL,311,1079.0
851,HLA-A33:01 ,37386.68,ANZ78847,AILTEVNELLD,851,1080.0
873,HLA-A33:01 ,37399.93,ANZ78847,NGVTLSTKLKD,873,1081.0
44,HLA-A33:01 ,37435.98,ANZ78847,VDVTNGLGTYY,44,1082.0
1160,HLA-A33:01 ,37503.33,ANZ78847,VPTKYVTAKVS,1160,1083.0
779,HLA-A33:01 ,37509.91,ANZ78847,PFTVNSVNDSL,779,1084.0
158,HLA-A33:01 ,37511.21,ANZ78847,LQGLLEVSVCQ,158,1085.0
910,HLA-A33:01 ,37514.84,ANZ78847,SRSAIEDLLFD,910,1086.0
906,HLA-A33:01 ,37522.69,ANZ78847,SKASSRSAIED,906,1087.0
33,HLA-A33:01 ,37584.97,ANZ78847,DTGPPSISTAT,33,1088.0
1143,HLA-A33:01 ,37585.44,ANZ78847,SLVQNAPYGLY,1143,1089.0
112,HLA-A33:01 ,37613.73,ANZ78847,NTKVFKDGVMY,112,1090.0
22,HLA-A33:01 ,37635.31,ANZ78847,LDSRTGSLNNI,22,1091.0
1208,HLA-A33:01 ,37704.48,ANZ78847,ITENNVVVMST,1208,1092.0
23,HLA-A33:01 ,37741.49,ANZ78847,DSRTGSLNNID,23,1093.0
1254,HLA-A33:01 ,37742.85,ANZ78847,SVAPDLALDYI,1254,1094.0
466,HLA-A33:01 ,37755.92,ANZ78847,IEDSVFKPQPA,466,1095.0
1026,HLA-A33:01 ,37787.56,ANZ78847,IQEGFDATNSA,1026,1096.0
1002,HLA-A33:01 ,37792.85,ANZ78847,GVTMDVLSQNQ,1002,1097.0
570,HLA-A33:01 ,37794.18,ANZ78847,CGGNPCTCQPQ,570,1098.0
1036,HLA-A33:01 ,37830.88,ANZ78847,ALVKIQAVVNA,1036,1099.0
939,HLA-A33:01 ,37841.28,ANZ78847,GAEIRDLICVQ,939,1100.0
876,HLA-A33:01 ,37862.43,ANZ78847,TLSTKLKDGVN,876,1101.0
320,HLA-A33:01 ,37875.41,ANZ78847,ELNGYTVQPIA,320,1102.0
935,HLA-A33:01 ,37882.25,ANZ78847,NCTGGAEIRDL,935,1103.0
274,HLA-A33:01 ,37894.3,ANZ78847,TPLTSRQYLLA,274,1104.0
1337,HLA-A33:01 ,37923.92,ANZ78847,FKKCGGCCDDY,1337,1105.0
1271,HLA-A33:01 ,37953.0,ANZ78847,LQVEMNRLQEA,1271,1106.0
322,HLA-A33:01 ,37953.73,ANZ78847,NGYTVQPIADV,322,1107.0
1198,HLA-A33:01 ,37959.21,ANZ78847,TGSGYYYPEPI,1198,1108.0
40,HLA-A33:01 ,37977.02,ANZ78847,STATVDVTNGL,40,1109.0
379,HLA-A33:01 ,37996.35,ANZ78847,QADSFTCNNID,379,1110.0
328,HLA-A33:01 ,38000.97,ANZ78847,PIADVYRRKPD,328,1111.0
49,HLA-A33:01 ,38046.9,ANZ78847,GLGTYYVLDRV,49,1112.0
1008,HLA-A33:01 ,38051.28,ANZ78847,LSQNQKLIANA,1008,1113.0
1178,HLA-A33:01 ,38059.41,ANZ78847,DRGIAPKSGYF,1178,1114.0
739,HLA-A33:01 ,38060.11,ANZ78847,TAISVQTCDLT,739,1115.0
1069,HLA-A33:01 ,38131.56,ANZ78847,LQEILSRLDAL,1069,1116.0
227,HLA-A33:01 ,38149.47,ANZ78847,YAYFTDTGVVT,227,1117.0
555,HLA-A33:01 ,38170.01,ANZ78847,GIGEHCSGLAV,555,1118.0
1114,HLA-A33:01 ,38185.11,ANZ78847,AAQAMEKVNEC,1114,1119.0
456,HLA-A33:01 ,38188.22,ANZ78847,PSTWNKRFGFI,456,1120.0
761,HLA-A33:01 ,38208.73,ANZ78847,NRRSRRAITTG,761,1121.0
95,HLA-A33:01 ,38257.18,ANZ78847,KPPFLSDFING,95,1122.0
1111,HLA-A33:01 ,38290.7,ANZ78847,KFSAAQAMEKV,1111,1123.0
957,HLA-A33:01 ,38331.74,ANZ78847,LPPLLSENQIS,957,1124.0
919,HLA-A33:01 ,38362.16,ANZ78847,FDKVKLSDVGF,919,1125.0
146,HLA-A33:01 ,38362.78,ANZ78847,RTINSTQDGVN,146,1126.0
875,HLA-A33:01 ,38362.85,ANZ78847,VTLSTKLKDGV,875,1127.0
507,HLA-A33:01 ,38409.25,ANZ78847,CVGSGPGKNNG,507,1128.0
559,HLA-A33:01 ,38410.8,ANZ78847,HCSGLAVKSDY,559,1129.0
962,HLA-A33:01 ,38420.71,ANZ78847,SENQISGYTLA,962,1130.0
1122,HLA-A33:01 ,38471.65,ANZ78847,NECVKSQSSRI,1122,1131.0
856,HLA-A33:01 ,38495.91,ANZ78847,VNELLDTTQLQ,856,1132.0
1237,HLA-A33:01 ,38506.61,ANZ78847,NLPDFREELDQ,1237,1133.0
553,HLA-A33:01 ,38570.89,ANZ78847,LVGIGEHCSGL,553,1134.0
544,HLA-A33:01 ,38571.36,ANZ78847,PYKCPQSKSLV,544,1135.0
517,HLA-A33:01 ,38589.75,ANZ78847,GIGTCPAGTNY,517,1136.0
503,HLA-A33:01 ,38611.42,ANZ78847,NSSLCVGSGPG,503,1137.0
281,HLA-A33:01 ,38635.88,ANZ78847,YLLAFNQDGII,281,1138.0
1102,HLA-A33:01 ,38677.87,ANZ78847,QQLSDSTLVKF,1102,1139.0
574,HLA-A33:01 ,38707.53,ANZ78847,PCTCQPQAFLG,574,1140.0
909,HLA-A33:01 ,38728.29,ANZ78847,SSRSAIEDLLF,909,1141.0
1277,HLA-A33:01 ,38746.69,ANZ78847,RLQEAIKVLNQ,1277,1142.0
1351,HLA-A33:01 ,38784.41,ANZ78847,QELVIKTSHDD,1351,1143.0
789,HLA-A33:01 ,38799.6,ANZ78847,LEPVGGLYEIQ,789,1144.0
854,HLA-A33:01 ,38805.48,ANZ78847,TEVNELLDTTQ,854,1145.0
930,HLA-A33:01 ,38917.25,ANZ78847,VAAYNNCTGGA,930,1146.0
610,HLA-A33:01 ,38949.2,ANZ78847,GLTCSTDLQKA,610,1147.0
79,HLA-A33:01 ,38983.09,ANZ78847,RNMALKGTDKL,79,1148.0
937,HLA-A33:01 ,38990.1,ANZ78847,TGGAEIRDLIC,937,1149.0
625,HLA-A33:01 ,39021.61,ANZ78847,KLGVCVNYDLY,625,1150.0
1252,HLA-A33:01 ,39061.0,ANZ78847,QTSVAPDLALD,1252,1151.0
740,HLA-A33:01 ,39078.55,ANZ78847,AISVQTCDLTV,740,1152.0
72,HLA-A33:01 ,39095.66,ANZ78847,PTSGSTYRNMA,72,1153.0
1023,HLA-A33:01 ,39106.35,ANZ78847,LDAIQEGFDAT,1023,1154.0
812,HLA-A33:01 ,39143.11,ANZ78847,FIQTSSPKVTI,812,1155.0
13,HLA-A33:01 ,39201.44,ANZ78847,AVIGDLKCPLD,13,1156.0
326,HLA-A33:01 ,39214.1,ANZ78847,VQPIADVYRRK,326,1157.0
34,HLA-A33:01 ,39215.89,ANZ78847,TGPPSISTATV,34,1158.0
1225,HLA-A33:01 ,39271.55,ANZ78847,KAPYVMLNTSI,1225,1159.0
881,HLA-A33:01 ,39322.44,ANZ78847,LKDGVNFNVDD,881,1160.0
141,HLA-A33:01 ,39323.43,ANZ78847,VVVQPRTINST,141,1161.0
1251,HLA-A33:01 ,39350.85,ANZ78847,NQTSVAPDLAL,1251,1162.0
449,HLA-A33:01 ,39362.48,ANZ78847,VSVSRFNPSTW,449,1163.0
796,HLA-A33:01 ,39408.0,ANZ78847,YEIQIPSDFTI,796,1164.0
154,HLA-A33:01 ,39408.95,ANZ78847,GVNKLQGLLEV,154,1165.0
1285,HLA-A33:01 ,39421.03,ANZ78847,LNQSYINLKDI,1285,1166.0
958,HLA-A33:01 ,39452.36,ANZ78847,PPLLSENQISG,958,1167.0
29,HLA-A33:01 ,39510.48,ANZ78847,LNNIDTGPPSI,29,1168.0
1253,HLA-A33:01 ,39535.63,ANZ78847,TSVAPDLALDY,1253,1169.0
1272,HLA-A33:01 ,39536.93,ANZ78847,QVEMNRLQEAI,1272,1170.0
1048,HLA-A33:01 ,39539.02,ANZ78847,AEALNNLLQQL,1048,1171.0
7,HLA-A33:01 ,39540.66,ANZ78847,SLPTAFAVIGD,7,1172.0
788,HLA-A33:01 ,39554.96,ANZ78847,SLEPVGGLYEI,788,1173.0
315,HLA-A33:01 ,39579.94,ANZ78847,PTGVYELNGYT,315,1174.0
354,HLA-A33:01 ,39590.25,ANZ78847,PSPLNWERKTF,354,1175.0
1022,HLA-A33:01 ,39605.16,ANZ78847,ALDAIQEGFDA,1022,1176.0
817,HLA-A33:01 ,39622.9,ANZ78847,SPKVTIDCAAF,817,1177.0
573,HLA-A33:01 ,39634.97,ANZ78847,NPCTCQPQAFL,573,1178.0
959,HLA-A33:01 ,39635.89,ANZ78847,PLLSENQISGY,959,1179.0
514,HLA-A33:01 ,39645.75,ANZ78847,KNNGIGTCPAG,514,1180.0
1184,HLA-A33:01 ,39647.63,ANZ78847,KSGYFVNVNNT,1184,1181.0
43,HLA-A33:01 ,39737.61,ANZ78847,TVDVTNGLGTY,43,1182.0
996,HLA-A33:01 ,39742.63,ANZ78847,YRINGLGVTMD,996,1183.0
600,HLA-A33:01 ,39763.43,ANZ78847,ANLILHDVNSG,600,1184.0
638,HLA-A33:01 ,39767.45,ANZ78847,SGQGIFVEVNA,638,1185.0
1172,HLA-A33:01 ,39781.49,ANZ78847,GLCIAGDRGIA,1172,1186.0
852,HLA-A33:01 ,39792.63,ANZ78847,ILTEVNELLDT,852,1187.0
149,HLA-A33:01 ,39801.8,ANZ78847,NSTQDGVNKLQ,149,1188.0
1170,HLA-A33:01 ,39817.11,ANZ78847,SPGLCIAGDRG,1170,1189.0
323,HLA-A33:01 ,39820.32,ANZ78847,GYTVQPIADVY,323,1190.0
157,HLA-A33:01 ,39849.6,ANZ78847,KLQGLLEVSVC,157,1191.0
566,HLA-A33:01 ,39852.88,ANZ78847,KSDYCGGNPCT,566,1192.0
1131,HLA-A33:01 ,39871.71,ANZ78847,RINFCGNGNHI,1131,1193.0
955,HLA-A33:01 ,39896.78,ANZ78847,KVLPPLLSENQ,955,1194.0
1081,HLA-A33:01 ,39943.21,ANZ78847,AEAQIDRLING,1081,1195.0
329,HLA-A33:01 ,39950.04,ANZ78847,IADVYRRKPDL,329,1196.0
865,HLA-A33:01 ,39982.84,ANZ78847,LQVANSLMNGV,865,1197.0
951,HLA-A33:01 ,39992.4,ANZ78847,YKGIKVLPPLL,951,1198.0
1115,HLA-A33:01 ,39999.69,ANZ78847,AQAMEKVNECV,1115,1199.0
111,HLA-A33:01 ,40015.53,ANZ78847,KNTKVFKDGVM,111,1200.0
513,HLA-A33:01 ,40035.59,ANZ78847,GKNNGIGTCPA,513,1201.0
618,HLA-A33:01 ,40070.66,ANZ78847,QKANTDIKLGV,618,1202.0
84,HLA-A33:01 ,40107.57,ANZ78847,KGTDKLSTLWF,84,1203.0
1084,HLA-A33:01 ,40112.3,ANZ78847,QIDRLINGRLT,1084,1204.0
1257,HLA-A33:01 ,40132.83,ANZ78847,PDLALDYINVT,1257,1205.0
811,HLA-A33:01 ,40134.4,ANZ78847,EFIQTSSPKVT,811,1206.0
758,HLA-A33:01 ,40147.56,ANZ78847,YSKNRRSRRAI,758,1207.0
1242,HLA-A33:01 ,40181.59,ANZ78847,REELDQWFKNQ,1242,1208.0
406,HLA-A33:01 ,40194.31,ANZ78847,FAIPNGRKVDL,406,1209.0
554,HLA-A33:01 ,40227.12,ANZ78847,VGIGEHCSGLA,554,1210.0
1286,HLA-A33:01 ,40243.82,ANZ78847,NQSYINLKDIG,1286,1211.0
602,HLA-A33:01 ,40253.14,ANZ78847,LILHDVNSGLT,602,1212.0
936,HLA-A33:01 ,40267.19,ANZ78847,CTGGAEIRDLI,936,1213.0
150,HLA-A33:01 ,40289.13,ANZ78847,STQDGVNKLQG,150,1214.0
612,HLA-A33:01 ,40303.15,ANZ78847,TCSTDLQKANT,612,1215.0
1343,HLA-A33:01 ,40309.35,ANZ78847,CCDDYTGYQEL,1343,1216.0
741,HLA-A33:01 ,40364.26,ANZ78847,ISVQTCDLTVG,741,1217.0
1076,HLA-A33:01 ,40368.37,ANZ78847,LDALEAEAQID,1076,1218.0
96,HLA-A33:01 ,40368.43,ANZ78847,PPFLSDFINGI,96,1219.0
639,HLA-A33:01 ,40377.92,ANZ78847,GQGIFVEVNAT,639,1220.0
584,HLA-A33:01 ,40382.75,ANZ78847,GWSADSCLQGD,584,1221.0
1171,HLA-A33:01 ,40385.32,ANZ78847,PGLCIAGDRGI,1171,1222.0
1000,HLA-A33:01 ,40386.16,ANZ78847,GLGVTMDVLSQ,1000,1223.0
1006,HLA-A33:01 ,40387.5,ANZ78847,DVLSQNQKLIA,1006,1224.0
1199,HLA-A33:01 ,40439.3,ANZ78847,GSGYYYPEPIT,1199,1225.0
1098,HLA-A33:01 ,40450.02,ANZ78847,AYVSQQLSDST,1098,1226.0
499,HLA-A33:01 ,40473.04,ANZ78847,PCKSNSSLCVG,499,1227.0
689,HLA-A33:01 ,40481.15,ANZ78847,AAFHANSSEPA,689,1228.0
1168,HLA-A33:01 ,40482.47,ANZ78847,KVSPGLCIAGD,1168,1229.0
877,HLA-A33:01 ,40572.94,ANZ78847,LSTKLKDGVNF,877,1230.0
743,HLA-A33:01 ,40573.86,ANZ78847,VQTCDLTVGSG,743,1231.0
535,HLA-A33:01 ,40614.17,ANZ78847,NPDPITFTGPY,535,1232.0
279,HLA-A33:01 ,40636.44,ANZ78847,RQYLLAFNQDG,279,1233.0
784,HLA-A33:01 ,40673.57,ANZ78847,SVNDSLEPVGG,784,1234.0
619,HLA-A33:01 ,40676.25,ANZ78847,KANTDIKLGVC,619,1235.0
16,HLA-A33:01 ,40676.52,ANZ78847,GDLKCPLDSRT,16,1236.0
8,HLA-A33:01 ,40677.64,ANZ78847,LPTAFAVIGDL,8,1237.0
203,HLA-A33:01 ,40688.1,ANZ78847,KRNFTYDVNAT,203,1238.0
1078,HLA-A33:01 ,40698.94,ANZ78847,ALEAEAQIDRL,1078,1239.0
1079,HLA-A33:01 ,40703.48,ANZ78847,LEAEAQIDRLI,1079,1240.0
501,HLA-A33:01 ,40705.71,ANZ78847,KSNSSLCVGSG,501,1241.0
918,HLA-A33:01 ,40717.17,ANZ78847,LFDKVKLSDVG,918,1242.0
613,HLA-A33:01 ,40723.61,ANZ78847,CSTDLQKANTD,613,1243.0
353,HLA-A33:01 ,40727.69,ANZ78847,VPSPLNWERKT,353,1244.0
307,HLA-A33:01 ,40771.79,ANZ78847,CKTQSIAPPTG,307,1245.0
814,HLA-A33:01 ,40786.69,ANZ78847,QTSSPKVTIDC,814,1246.0
858,HLA-A33:01 ,40810.9,ANZ78847,ELLDTTQLQVA,858,1247.0
303,HLA-A33:01 ,40819.24,ANZ78847,SEIKCKTQSIA,303,1248.0
148,HLA-A33:01 ,40844.17,ANZ78847,INSTQDGVNKL,148,1249.0
972,HLA-A33:01 ,40864.7,ANZ78847,AATSASLFPPW,972,1250.0
1231,HLA-A33:01 ,40901.35,ANZ78847,LNTSIPNLPDF,1231,1251.0
469,HLA-A33:01 ,40930.83,ANZ78847,SVFKPQPAGVL,469,1252.0
973,HLA-A33:01 ,40934.43,ANZ78847,ATSASLFPPWT,973,1253.0
1163,HLA-A33:01 ,40954.92,ANZ78847,KYVTAKVSPGL,1163,1254.0
424,HLA-A33:01 ,40995.7,ANZ78847,LQSFNYRIDTT,424,1255.0
998,HLA-A33:01 ,41013.9,ANZ78847,INGLGVTMDVL,998,1256.0
562,HLA-A33:01 ,41090.12,ANZ78847,GLAVKSDYCGG,562,1257.0
816,HLA-A33:01 ,41100.3,ANZ78847,SSPKVTIDCAA,816,1258.0
589,HLA-A33:01 ,41102.13,ANZ78847,SCLQGDKCNIF,589,1259.0
470,HLA-A33:01 ,41119.41,ANZ78847,VFKPQPAGVLT,470,1260.0
1055,HLA-A33:01 ,41141.39,ANZ78847,LQQLSNRFGAI,1055,1261.0
181,HLA-A33:01 ,41144.33,ANZ78847,PNLGNHFKELW,181,1262.0
1016,HLA-A33:01 ,41155.35,ANZ78847,ANAFNNALDAI,1016,1263.0
1166,HLA-A33:01 ,41164.17,ANZ78847,TAKVSPGLCIA,1166,1264.0
109,HLA-A33:01 ,41165.0,ANZ78847,KVKNTKVFKDG,109,1265.0
1340,HLA-A33:01 ,41175.97,ANZ78847,CGGCCDDYTGY,1340,1266.0
815,HLA-A33:01 ,41196.99,ANZ78847,TSSPKVTIDCA,815,1267.0
997,HLA-A33:01 ,41209.06,ANZ78847,RINGLGVTMDV,997,1268.0
994,HLA-A33:01 ,41232.73,ANZ78847,VQYRINGLGVT,994,1269.0
607,HLA-A33:01 ,41250.42,ANZ78847,VNSGLTCSTDL,607,1270.0
786,HLA-A33:01 ,41256.93,ANZ78847,NDSLEPVGGLY,786,1271.0
143,HLA-A33:01 ,41271.49,ANZ78847,VQPRTINSTQD,143,1272.0
151,HLA-A33:01 ,41297.11,ANZ78847,TQDGVNKLQGL,151,1273.0
309,HLA-A33:01 ,41313.73,ANZ78847,TQSIAPPTGVY,309,1274.0
82,HLA-A33:01 ,41328.96,ANZ78847,ALKGTDKLSTL,82,1275.0
1100,HLA-A33:01 ,41348.07,ANZ78847,VSQQLSDSTLV,1100,1276.0
1238,HLA-A33:01 ,41372.09,ANZ78847,LPDFREELDQW,1238,1277.0
1236,HLA-A33:01 ,41374.54,ANZ78847,PNLPDFREELD,1236,1278.0
921,HLA-A33:01 ,41392.05,ANZ78847,KVKLSDVGFVA,921,1279.0
880,HLA-A33:01 ,41396.52,ANZ78847,KLKDGVNFNVD,880,1280.0
617,HLA-A33:01 ,41409.58,ANZ78847,LQKANTDIKLG,617,1281.0
762,HLA-A33:01 ,41416.01,ANZ78847,RRSRRAITTGY,762,1282.0
980,HLA-A33:01 ,41459.08,ANZ78847,PPWTAAAGVPF,980,1283.0
529,HLA-A33:01 ,41516.4,ANZ78847,TCHNLCNPDPI,529,1284.0
853,HLA-A33:01 ,41578.04,ANZ78847,LTEVNELLDTT,853,1285.0
472,HLA-A33:01 ,41616.77,ANZ78847,KPQPAGVLTNH,472,1286.0
174,HLA-A33:01 ,41643.85,ANZ78847,YPHTICHPNLG,174,1287.0
313,HLA-A33:01 ,41681.18,ANZ78847,APPTGVYELNG,313,1288.0
571,HLA-A33:01 ,41682.72,ANZ78847,GGNPCTCQPQA,571,1289.0
1177,HLA-A33:01 ,41687.57,ANZ78847,GDRGIAPKSGY,1177,1290.0
1204,HLA-A33:01 ,41689.41,ANZ78847,YPEPITENNVV,1204,1291.0
336,HLA-A33:01 ,41691.77,ANZ78847,KPDLPNCNIEA,336,1292.0
1176,HLA-A33:01 ,41697.03,ANZ78847,AGDRGIAPKSG,1176,1293.0
511,HLA-A33:01 ,41731.97,ANZ78847,GPGKNNGIGTC,511,1294.0
407,HLA-A33:01 ,41746.11,ANZ78847,AIPNGRKVDLQ,407,1295.0
349,HLA-A33:01 ,41775.15,ANZ78847,NDKSVPSPLNW,349,1296.0
1249,HLA-A33:01 ,41812.97,ANZ78847,FKNQTSVAPDL,1249,1297.0
42,HLA-A33:01 ,41816.79,ANZ78847,ATVDVTNGLGT,42,1298.0
866,HLA-A33:01 ,41819.0,ANZ78847,QVANSLMNGVT,866,1299.0
337,HLA-A33:01 ,41833.68,ANZ78847,PDLPNCNIEAW,337,1300.0
188,HLA-A33:01 ,41880.6,ANZ78847,KELWHMDTGVV,188,1301.0
759,HLA-A33:01 ,41905.84,ANZ78847,SKNRRSRRAIT,759,1302.0
473,HLA-A33:01 ,41910.48,ANZ78847,PQPAGVLTNHD,473,1303.0
1206,HLA-A33:01 ,41933.92,ANZ78847,EPITENNVVVM,1206,1304.0
41,HLA-A33:01 ,41934.25,ANZ78847,TATVDVTNGLG,41,1305.0
19,HLA-A33:01 ,42009.4,ANZ78847,KCPLDSRTGSL,19,1306.0
1338,HLA-A33:01 ,42047.99,ANZ78847,KKCGGCCDDYT,1338,1307.0
145,HLA-A33:01 ,42078.27,ANZ78847,PRTINSTQDGV,145,1308.0
1235,HLA-A33:01 ,42084.24,ANZ78847,IPNLPDFREEL,1235,1309.0
543,HLA-A33:01 ,42084.6,ANZ78847,GPYKCPQSKSL,543,1310.0
25,HLA-A33:01 ,42124.95,ANZ78847,RTGSLNNIDTG,25,1311.0
545,HLA-A33:01 ,42169.23,ANZ78847,YKCPQSKSLVG,545,1312.0
874,HLA-A33:01 ,42179.25,ANZ78847,GVTLSTKLKDG,874,1313.0
83,HLA-A33:01 ,42205.95,ANZ78847,LKGTDKLSTLW,83,1314.0
308,HLA-A33:01 ,42215.26,ANZ78847,KTQSIAPPTGV,308,1315.0
783,HLA-A33:01 ,42230.22,ANZ78847,NSVNDSLEPVG,783,1316.0
907,HLA-A33:01 ,42240.13,ANZ78847,KASSRSAIEDL,907,1317.0
474,HLA-A33:01 ,42270.2,ANZ78847,QPAGVLTNHDV,474,1318.0
306,HLA-A33:01 ,42310.67,ANZ78847,KCKTQSIAPPT,306,1319.0
413,HLA-A33:01 ,42366.93,ANZ78847,KVDLQLGNLGY,413,1320.0
408,HLA-A33:01 ,42444.36,ANZ78847,IPNGRKVDLQL,408,1321.0
908,HLA-A33:01 ,42460.82,ANZ78847,ASSRSAIEDLL,908,1322.0
1339,HLA-A33:01 ,42482.74,ANZ78847,KCGGCCDDYTG,1339,1323.0
760,HLA-A33:01 ,42766.49,ANZ78847,KNRRSRRAITT,760,1324.0
152,HLA-A33:01 ,42777.62,ANZ78847,QDGVNKLQGLL,152,1325.0
614,HLA-A33:01 ,42778.61,ANZ78847,STDLQKANTDI,614,1326.0
572,HLA-A33:01 ,42896.14,ANZ78847,GNPCTCQPQAF,572,1327.0
412,HLA-A33:01 ,42910.19,ANZ78847,RKVDLQLGNLG,412,1328.0
785,HLA-A33:01 ,42921.88,ANZ78847,VNDSLEPVGGL,785,1329.0
36,HLA-A33:01 ,42930.39,ANZ78847,PPSISTATVDV,36,1330.0
24,HLA-A33:01 ,42975.02,ANZ78847,SRTGSLNNIDT,24,1331.0
1205,HLA-A33:01 ,42995.79,ANZ78847,PEPITENNVVV,1205,1332.0
546,HLA-A33:01 ,43002.55,ANZ78847,KCPQSKSLVGI,546,1333.0
510,HLA-A33:01 ,43040.92,ANZ78847,SGPGKNNGIGT,510,1334.0
530,HLA-A33:01 ,43056.25,ANZ78847,CHNLCNPDPIT,530,1335.0
1239,HLA-A33:01 ,43126.18,ANZ78847,PDFREELDQWF,1239,1336.0
314,HLA-A33:01 ,43134.11,ANZ78847,PPTGVYELNGY,314,1337.0
508,HLA-A33:01 ,43180.04,ANZ78847,VGSGPGKNNGI,508,1338.0
475,HLA-A33:01 ,43236.9,ANZ78847,PAGVLTNHDVV,475,1339.0
144,HLA-A33:01 ,43431.9,ANZ78847,QPRTINSTQDG,144,1340.0
476,HLA-A33:01 ,43513.64,ANZ78847,AGVLTNHDVVY,476,1341.0
813,HLA-A33:01 ,43848.58,ANZ78847,IQTSSPKVTID,813,1342.0
509,HLA-A33:01 ,43852.72,ANZ78847,GSGPGKNNGIG,509,1343.0
334,HLA-A33:01 ,43894.38,ANZ78847,RRKPDLPNCNI,334,1344.0
405,HLA-A33:01 ,43952.58,ANZ78847,KFAIPNGRKVD,405,1345.0
1250,HLA-A33:01 ,43966.21,ANZ78847,KNQTSVAPDLA,1250,1346.0
411,HLA-A33:01 ,44044.62,ANZ78847,GRKVDLQLGNL,411,1347.0
37,HLA-A33:01 ,44108.24,ANZ78847,PSISTATVDVT,37,1348.0
547,HLA-A33:01 ,44149.76,ANZ78847,CPQSKSLVGIG,547,1349.0
409,HLA-A33:01 ,44335.78,ANZ78847,PNGRKVDLQLG,409,1350.0
35,HLA-A33:01 ,44552.64,ANZ78847,GPPSISTATVD,35,1351.0
882,HLA-A33:01 ,44673.18,ANZ78847,KDGVNFNVDDI,882,1352.0
1254,HLA-A68:01 ,1671.96,ANZ78847,SVAPDLALDYI,1254,1.0
45,HLA-A68:01 ,1790.53,ANZ78847,DVTNGLGTYYV,45,2.0
855,HLA-A68:01 ,1892.85,ANZ78847,EVNELLDTTQL,855,3.0
40,HLA-A68:01 ,2391.18,ANZ78847,STATVDVTNGL,40,4.0
272,HLA-A68:01 ,2537.69,ANZ78847,WVTPLTSRQYL,272,5.0
982,HLA-A68:01 ,2597.28,ANZ78847,WTAAAGVPFYL,982,6.0
206,HLA-A68:01 ,2630.25,ANZ78847,FTYDVNATYLY,206,7.0
709,HLA-A68:01 ,2829.68,ANZ78847,YVFNNSLTRQL,709,8.0
1159,HLA-A68:01 ,2840.54,ANZ78847,YVPTKYVTAKV,1159,9.0
1280,HLA-A68:01 ,2918.62,ANZ78847,EAIKVLNQSYI,1280,10.0
597,HLA-A68:01 ,3219.79,ANZ78847,NIFANLILHDV,597,11.0
311,HLA-A68:01 ,3272.22,ANZ78847,SIAPPTGVYEL,311,12.0
1228,HLA-A68:01 ,3330.83,ANZ78847,YVMLNTSIPNL,1228,13.0
1028,HLA-A68:01 ,3414.02,ANZ78847,EGFDATNSALV,1028,14.0
861,HLA-A68:01 ,3641.57,ANZ78847,DTTQLQVANSL,861,15.0
205,HLA-A68:01 ,3655.4,ANZ78847,NFTYDVNATYL,205,16.0
469,HLA-A68:01 ,3690.48,ANZ78847,SVFKPQPAGVL,469,17.0
383,HLA-A68:01 ,3693.82,ANZ78847,FTCNNIDAAKI,383,18.0
233,HLA-A68:01 ,3726.42,ANZ78847,TGVVTKFLFNV,233,19.0
225,HLA-A68:01 ,3726.82,ANZ78847,TFYAYFTDTGV,225,20.0
132,HLA-A68:01 ,3867.34,ANZ78847,STFVNTSYSVV,132,21.0
912,HLA-A68:01 ,3903.78,ANZ78847,SAIEDLLFDKV,912,22.0
230,HLA-A68:01 ,4049.81,ANZ78847,FTDTGVVTKFL,230,23.0
1034,HLA-A68:01 ,4075.99,ANZ78847,NSALVKIQAVV,1034,24.0
316,HLA-A68:01 ,4179.06,ANZ78847,TGVYELNGYTV,316,25.0
1150,HLA-A68:01 ,4199.71,ANZ78847,YGLYFIHFSYV,1150,26.0
10,HLA-A68:01 ,4226.71,ANZ78847,TAFAVIGDLKC,10,27.0
1316,HLA-A68:01 ,4266.63,ANZ78847,GVAMLVLLFFI,1316,28.0
209,HLA-A68:01 ,4431.31,ANZ78847,DVNATYLYFHF,209,29.0
887,HLA-A68:01 ,4443.06,ANZ78847,FNVDDINFSSV,887,30.0
226,HLA-A68:01 ,4478.75,ANZ78847,FYAYFTDTGVV,226,31.0
775,HLA-A68:01 ,4485.04,ANZ78847,TNFEPFTVNSV,775,32.0
373,HLA-A68:01 ,4486.45,ANZ78847,SLMSFIQADSF,373,33.0
984,HLA-A68:01 ,4501.39,ANZ78847,AAAGVPFYLNV,984,34.0
1219,HLA-A68:01 ,4556.72,ANZ78847,CAVNYTKAPYV,1219,35.0
434,HLA-A68:01 ,4594.97,ANZ78847,TATSCQLYYNL,434,36.0
267,HLA-A68:01 ,4615.32,ANZ78847,FTLEYWVTPLT,267,37.0
1094,HLA-A68:01 ,4634.32,ANZ78847,TALNAYVSQQL,1094,38.0
131,HLA-A68:01 ,4646.44,ANZ78847,GSTFVNTSYSV,131,39.0
1307,HLA-A68:01 ,4668.48,ANZ78847,YVWLLICLAGV,1307,40.0
1033,HLA-A68:01 ,4681.77,ANZ78847,TNSALVKIQAV,1033,41.0
888,HLA-A68:01 ,4708.58,ANZ78847,NVDDINFSSVL,888,42.0
51,HLA-A68:01 ,4743.0,ANZ78847,GTYYVLDRVYL,51,43.0
790,HLA-A68:01 ,4751.46,ANZ78847,EPVGGLYEIQI,790,44.0
814,HLA-A68:01 ,4796.96,ANZ78847,QTSSPKVTIDC,814,45.0
133,HLA-A68:01 ,4819.87,ANZ78847,TFVNTSYSVVV,133,46.0
468,HLA-A68:01 ,4823.59,ANZ78847,DSVFKPQPAGV,468,47.0
1099,HLA-A68:01 ,4827.04,ANZ78847,YVSQQLSDSTL,1099,48.0
398,HLA-A68:01 ,4867.62,ANZ78847,FSSITIDKFAI,398,49.0
647,HLA-A68:01 ,4887.08,ANZ78847,NATYYNSWQNL,647,50.0
731,HLA-A68:01 ,4888.52,ANZ78847,CVVNAYNSTAI,731,51.0
247,HLA-A68:01 ,4938.74,ANZ78847,MALSHYYVMPL,247,52.0
733,HLA-A68:01 ,4947.49,ANZ78847,VNAYNSTAISV,733,53.0
125,HLA-A68:01 ,4959.99,ANZ78847,FPAITIGSTFV,125,54.0
983,HLA-A68:01 ,4992.85,ANZ78847,TAAAGVPFYLN,983,55.0
62,HLA-A68:01 ,4996.64,ANZ78847,NTTLFLNGYYP,62,56.0
54,HLA-A68:01 ,5001.38,ANZ78847,YVLDRVYLNTT,54,57.0
738,HLA-A68:01 ,5014.49,ANZ78847,STAISVQTCDL,738,58.0
700,HLA-A68:01 ,5021.14,ANZ78847,LLFRNIKCNYV,700,59.0
42,HLA-A68:01 ,5025.88,ANZ78847,ATVDVTNGLGT,42,60.0
34,HLA-A68:01 ,5030.2,ANZ78847,TGPPSISTATV,34,61.0
1214,HLA-A68:01 ,5043.79,ANZ78847,VVMSTCAVNYT,1214,62.0
235,HLA-A68:01 ,5052.04,ANZ78847,VVTKFLFNVYL,235,63.0
636,HLA-A68:01 ,5053.59,ANZ78847,GISGQGIFVEV,636,64.0
5,HLA-A68:01 ,5062.55,ANZ78847,LISLPTAFAVI,5,65.0
1301,HLA-A68:01 ,5074.21,ANZ78847,YVKWPWYVWLL,1301,66.0
1188,HLA-A68:01 ,5086.03,ANZ78847,FVNVNNTWMYT,1188,67.0
381,HLA-A68:01 ,5100.33,ANZ78847,DSFTCNNIDAA,381,68.0
439,HLA-A68:01 ,5102.23,ANZ78847,QLYYNLPAANV,439,69.0
389,HLA-A68:01 ,5110.86,ANZ78847,DAAKIYGMCFS,389,70.0
823,HLA-A68:01 ,5119.72,ANZ78847,DCAAFVCGDYA,823,71.0
815,HLA-A68:01 ,5120.97,ANZ78847,TSSPKVTIDCA,815,72.0
98,HLA-A68:01 ,5122.83,ANZ78847,FLSDFINGIFA,98,73.0
259,HLA-A68:01 ,5133.91,ANZ78847,CISRRNIGFTL,259,74.0
926,HLA-A68:01 ,5134.57,ANZ78847,DVGFVAAYNNC,926,75.0
308,HLA-A68:01 ,5147.01,ANZ78847,KTQSIAPPTGV,308,76.0
227,HLA-A68:01 ,5149.31,ANZ78847,YAYFTDTGVVT,227,77.0
1203,HLA-A68:01 ,5152.63,ANZ78847,YYPEPITENNV,1203,78.0
969,HLA-A68:01 ,5152.77,ANZ78847,YTLAATSASLF,969,79.0
253,HLA-A68:01 ,5154.37,ANZ78847,YVMPLTCISRR,253,80.0
944,HLA-A68:01 ,5156.53,ANZ78847,DLICVQSYKGI,944,81.0
324,HLA-A68:01 ,5162.34,ANZ78847,YTVQPIADVYR,324,82.0
974,HLA-A68:01 ,5179.35,ANZ78847,TSASLFPPWTA,974,83.0
993,HLA-A68:01 ,5187.49,ANZ78847,NVQYRINGLGV,993,84.0
804,HLA-A68:01 ,5190.94,ANZ78847,FTIGNMEEFIQ,804,85.0
866,HLA-A68:01 ,5193.3,ANZ78847,QVANSLMNGVT,866,86.0
1259,HLA-A68:01 ,5193.59,ANZ78847,LALDYINVTFL,1259,87.0
803,HLA-A68:01 ,5201.43,ANZ78847,DFTIGNMEEFI,803,88.0
1066,HLA-A68:01 ,5201.47,ANZ78847,SSSLQEILSRL,1066,89.0
1263,HLA-A68:01 ,5216.48,ANZ78847,YINVTFLDLQV,1263,90.0
33,HLA-A68:01 ,5226.32,ANZ78847,DTGPPSISTAT,33,91.0
49,HLA-A68:01 ,5228.53,ANZ78847,GLGTYYVLDRV,49,92.0
239,HLA-A68:01 ,5242.36,ANZ78847,FLFNVYLGMAL,239,93.0
63,HLA-A68:01 ,5245.15,ANZ78847,TTLFLNGYYPT,63,94.0
264,HLA-A68:01 ,5253.78,ANZ78847,NIGFTLEYWVT,264,95.0
1274,HLA-A68:01 ,5255.44,ANZ78847,EMNRLQEAIKV,1274,96.0
1223,HLA-A68:01 ,5257.76,ANZ78847,YTKAPYVMLNT,1223,97.0
483,HLA-A68:01 ,5264.45,ANZ78847,DVVYAQHCFKA,483,98.0
374,HLA-A68:01 ,5273.57,ANZ78847,LMSFIQADSFT,374,99.0
137,HLA-A68:01 ,5275.24,ANZ78847,TSYSVVVQPRT,137,100.0
120,HLA-A68:01 ,5276.8,ANZ78847,VMYSEFPAITI,120,101.0
739,HLA-A68:01 ,5283.65,ANZ78847,TAISVQTCDLT,739,102.0
244,HLA-A68:01 ,5284.4,ANZ78847,YLGMALSHYYV,244,103.0
799,HLA-A68:01 ,5291.08,ANZ78847,QIPSDFTIGNM,799,104.0
100,HLA-A68:01 ,5295.91,ANZ78847,SDFINGIFAKV,100,105.0
325,HLA-A68:01 ,5306.26,ANZ78847,TVQPIADVYRR,325,106.0
176,HLA-A68:01 ,5307.13,ANZ78847,HTICHPNLGNH,176,107.0
977,HLA-A68:01 ,5307.67,ANZ78847,SLFPPWTAAAG,977,108.0
694,HLA-A68:01 ,5314.23,ANZ78847,NSSEPALLFRN,694,109.0
425,HLA-A68:01 ,5317.41,ANZ78847,QSFNYRIDTTA,425,110.0
1168,HLA-A68:01 ,5318.67,ANZ78847,KVSPGLCIAGD,1168,111.0
90,HLA-A68:01 ,5326.96,ANZ78847,STLWFKPPFLS,90,112.0
1021,HLA-A68:01 ,5331.84,ANZ78847,NALDAIQEGFD,1021,113.0
633,HLA-A68:01 ,5336.18,ANZ78847,DLYGISGQGIF,633,114.0
677,HLA-A68:01 ,5337.14,ANZ78847,FMIRSCYSGRV,677,115.0
737,HLA-A68:01 ,5337.5,ANZ78847,NSTAISVQTCD,737,116.0
121,HLA-A68:01 ,5338.26,ANZ78847,MYSEFPAITIG,121,117.0
1164,HLA-A68:01 ,5343.55,ANZ78847,YVTAKVSPGLC,1164,118.0
285,HLA-A68:01 ,5346.62,ANZ78847,FNQDGIIFNAV,285,119.0
4,HLA-A68:01 ,5346.84,ANZ78847,LLISLPTAFAV,4,120.0
1181,HLA-A68:01 ,5355.31,ANZ78847,IAPKSGYFVNV,1181,121.0
917,HLA-A68:01 ,5364.08,ANZ78847,LLFDKVKLSDV,917,122.0
606,HLA-A68:01 ,5364.95,ANZ78847,DVNSGLTCSTD,606,123.0
57,HLA-A68:01 ,5365.82,ANZ78847,DRVYLNTTLFL,57,124.0
1211,HLA-A68:01 ,5374.14,ANZ78847,NNVVVMSTCAV,1211,125.0
375,HLA-A68:01 ,5374.79,ANZ78847,MSFIQADSFTC,375,126.0
364,HLA-A68:01 ,5380.12,ANZ78847,FSNCNFNMSSL,364,127.0
128,HLA-A68:01 ,5381.48,ANZ78847,ITIGSTFVNTS,128,128.0
1298,HLA-A68:01 ,5382.67,ANZ78847,YEYYVKWPWYV,1298,129.0
734,HLA-A68:01 ,5383.74,ANZ78847,NAYNSTAISVQ,734,130.0
396,HLA-A68:01 ,5386.3,ANZ78847,MCFSSITIDKF,396,131.0
781,HLA-A68:01 ,5393.69,ANZ78847,TVNSVNDSLEP,781,132.0
124,HLA-A68:01 ,5394.69,ANZ78847,EFPAITIGSTF,124,133.0
648,HLA-A68:01 ,5396.11,ANZ78847,ATYYNSWQNLL,648,134.0
891,HLA-A68:01 ,5402.02,ANZ78847,DINFSSVLGCL,891,135.0
1258,HLA-A68:01 ,5403.85,ANZ78847,DLALDYINVTF,1258,136.0
1059,HLA-A68:01 ,5403.87,ANZ78847,SNRFGAISSSL,1059,137.0
774,HLA-A68:01 ,5405.33,ANZ78847,FTNFEPFTVNS,774,138.0
200,HLA-A68:01 ,5412.21,ANZ78847,CLYKRNFTYDV,200,139.0
1157,HLA-A68:01 ,5413.83,ANZ78847,FSYVPTKYVTA,1157,140.0
1313,HLA-A68:01 ,5414.53,ANZ78847,CLAGVAMLVLL,1313,141.0
101,HLA-A68:01 ,5416.64,ANZ78847,DFINGIFAKVK,101,142.0
322,HLA-A68:01 ,5418.13,ANZ78847,NGYTVQPIADV,322,143.0
136,HLA-A68:01 ,5423.86,ANZ78847,NTSYSVVVQPR,136,144.0
102,HLA-A68:01 ,5427.43,ANZ78847,FINGIFAKVKN,102,145.0
399,HLA-A68:01 ,5430.28,ANZ78847,SSITIDKFAIP,399,146.0
401,HLA-A68:01 ,5436.97,ANZ78847,ITIDKFAIPNG,401,147.0
370,HLA-A68:01 ,5437.19,ANZ78847,NMSSLMSFIQA,370,148.0
273,HLA-A68:01 ,5437.93,ANZ78847,VTPLTSRQYLL,273,149.0
460,HLA-A68:01 ,5441.43,ANZ78847,NKRFGFIEDSV,460,150.0
978,HLA-A68:01 ,5442.04,ANZ78847,LFPPWTAAAGV,978,151.0
1049,HLA-A68:01 ,5442.3,ANZ78847,EALNNLLQQLS,1049,152.0
296,HLA-A68:01 ,5444.45,ANZ78847,DCMSDFMSEIK,296,153.0
824,HLA-A68:01 ,5444.59,ANZ78847,CAAFVCGDYAA,824,154.0
211,HLA-A68:01 ,5448.12,ANZ78847,NATYLYFHFYQ,211,155.0
780,HLA-A68:01 ,5448.45,ANZ78847,FTVNSVNDSLE,780,156.0
1116,HLA-A68:01 ,5449.56,ANZ78847,QAMEKVNECVK,1116,157.0
933,HLA-A68:01 ,5450.5,ANZ78847,YNNCTGGAEIR,933,158.0
1140,HLA-A68:01 ,5452.35,ANZ78847,HIISLVQNAPY,1140,159.0
1155,HLA-A68:01 ,5452.68,ANZ78847,IHFSYVPTKYV,1155,160.0
904,HLA-A68:01 ,5453.91,ANZ78847,ECSKASSRSAI,904,161.0
879,HLA-A68:01 ,5457.85,ANZ78847,TKLKDGVNFNV,879,162.0
1311,HLA-A68:01 ,5458.4,ANZ78847,LICLAGVAMLV,1311,163.0
1322,HLA-A68:01 ,5461.61,ANZ78847,LLFFICCCTGC,1322,164.0
1147,HLA-A68:01 ,5463.85,ANZ78847,NAPYGLYFIHF,1147,165.0
1156,HLA-A68:01 ,5465.13,ANZ78847,HFSYVPTKYVT,1156,166.0
441,HLA-A68:01 ,5468.16,ANZ78847,YYNLPAANVSV,441,167.0
118,HLA-A68:01 ,5470.73,ANZ78847,DGVMYSEFPAI,118,168.0
1268,HLA-A68:01 ,5471.66,ANZ78847,FLDLQVEMNRL,1268,169.0
105,HLA-A68:01 ,5471.74,ANZ78847,GIFAKVKNTKV,105,170.0
122,HLA-A68:01 ,5475.53,ANZ78847,YSEFPAITIGS,122,171.0
232,HLA-A68:01 ,5476.47,ANZ78847,DTGVVTKFLFN,232,172.0
810,HLA-A68:01 ,5477.48,ANZ78847,EEFIQTSSPKV,810,173.0
36,HLA-A68:01 ,5477.96,ANZ78847,PPSISTATVDV,36,174.0
432,HLA-A68:01 ,5478.36,ANZ78847,DTTATSCQLYY,432,175.0
320,HLA-A68:01 ,5481.52,ANZ78847,ELNGYTVQPIA,320,176.0
141,HLA-A68:01 ,5483.62,ANZ78847,VVVQPRTINST,141,177.0
772,HLA-A68:01 ,5484.32,ANZ78847,YRFTNFEPFTV,772,178.0
850,HLA-A68:01 ,5485.76,ANZ78847,NAILTEVNELL,850,179.0
1225,HLA-A68:01 ,5486.01,ANZ78847,KAPYVMLNTSI,1225,180.0
457,HLA-A68:01 ,5486.36,ANZ78847,STWNKRFGFIE,457,181.0
847,HLA-A68:01 ,5487.01,ANZ78847,DNINAILTEVN,847,182.0
343,HLA-A68:01 ,5493.19,ANZ78847,NIEAWLNDKSV,343,183.0
1216,HLA-A68:01 ,5494.67,ANZ78847,MSTCAVNYTKA,1216,184.0
988,HLA-A68:01 ,5495.03,ANZ78847,VPFYLNVQYRI,988,185.0
338,HLA-A68:01 ,5498.08,ANZ78847,DLPNCNIEAWL,338,186.0
697,HLA-A68:01 ,5504.95,ANZ78847,EPALLFRNIKC,697,187.0
1151,HLA-A68:01 ,5506.13,ANZ78847,GLYFIHFSYVP,1151,188.0
1204,HLA-A68:01 ,5511.7,ANZ78847,YPEPITENNVV,1204,189.0
1165,HLA-A68:01 ,5511.86,ANZ78847,VTAKVSPGLCI,1165,190.0
965,HLA-A68:01 ,5512.75,ANZ78847,QISGYTLAATS,965,191.0
317,HLA-A68:01 ,5517.66,ANZ78847,GVYELNGYTVQ,317,192.0
234,HLA-A68:01 ,5518.39,ANZ78847,GVVTKFLFNVY,234,193.0
474,HLA-A68:01 ,5521.98,ANZ78847,QPAGVLTNHDV,474,194.0
46,HLA-A68:01 ,5522.74,ANZ78847,VTNGLGTYYVL,46,195.0
1190,HLA-A68:01 ,5523.62,ANZ78847,NVNNTWMYTGS,1190,196.0
664,HLA-A68:01 ,5523.64,ANZ78847,NLYGFRDYLTN,664,197.0
362,HLA-A68:01 ,5523.95,ANZ78847,KTFSNCNFNMS,362,198.0
1212,HLA-A68:01 ,5525.23,ANZ78847,NVVVMSTCAVN,1212,199.0
523,HLA-A68:01 ,5526.1,ANZ78847,AGTNYLTCHNL,523,200.0
1245,HLA-A68:01 ,5527.72,ANZ78847,LDQWFKNQTSV,1245,201.0
9,HLA-A68:01 ,5530.26,ANZ78847,PTAFAVIGDLK,9,202.0
421,HLA-A68:01 ,5530.35,ANZ78847,LGYLQSFNYRI,421,203.0
173,HLA-A68:01 ,5530.59,ANZ78847,EYPHTICHPNL,173,204.0
386,HLA-A68:01 ,5530.7,ANZ78847,NNIDAAKIYGM,386,205.0
64,HLA-A68:01 ,5531.67,ANZ78847,TLFLNGYYPTS,64,206.0
1108,HLA-A68:01 ,5533.14,ANZ78847,TLVKFSAAQAM,1108,207.0
214,HLA-A68:01 ,5535.62,ANZ78847,YLYFHFYQEGG,214,208.0
1320,HLA-A68:01 ,5537.06,ANZ78847,LVLLFFICCCT,1320,209.0
1293,HLA-A68:01 ,5538.21,ANZ78847,KDIGTYEYYVK,1293,210.0
91,HLA-A68:01 ,5538.87,ANZ78847,TLWFKPPFLSD,91,211.0
532,HLA-A68:01 ,5539.36,ANZ78847,NLCNPDPITFT,532,212.0
347,HLA-A68:01 ,5540.42,ANZ78847,WLNDKSVPSPL,347,213.0
433,HLA-A68:01 ,5540.96,ANZ78847,TTATSCQLYYN,433,214.0
194,HLA-A68:01 ,5541.46,ANZ78847,DTGVVSCLYKR,194,215.0
1179,HLA-A68:01 ,5542.71,ANZ78847,RGIAPKSGYFV,1179,216.0
196,HLA-A68:01 ,5542.87,ANZ78847,GVVSCLYKRNF,196,217.0
222,HLA-A68:01 ,5543.33,ANZ78847,EGGTFYAYFTD,222,218.0
1041,HLA-A68:01 ,5543.83,ANZ78847,QAVVNANAEAL,1041,219.0
1265,HLA-A68:01 ,5545.42,ANZ78847,NVTFLDLQVEM,1265,220.0
297,HLA-A68:01 ,5545.6,ANZ78847,CMSDFMSEIKC,297,221.0
134,HLA-A68:01 ,5546.92,ANZ78847,FVNTSYSVVVQ,134,222.0
263,HLA-A68:01 ,5547.2,ANZ78847,RNIGFTLEYWV,263,223.0
1003,HLA-A68:01 ,5547.44,ANZ78847,VTMDVLSQNQK,1003,224.0
613,HLA-A68:01 ,5549.55,ANZ78847,CSTDLQKANTD,613,225.0
197,HLA-A68:01 ,5550.11,ANZ78847,VVSCLYKRNFT,197,226.0
177,HLA-A68:01 ,5550.37,ANZ78847,TICHPNLGNHF,177,227.0
130,HLA-A68:01 ,5551.52,ANZ78847,IGSTFVNTSYS,130,228.0
1347,HLA-A68:01 ,5551.53,ANZ78847,YTGYQELVIKT,1347,229.0
695,HLA-A68:01 ,5551.99,ANZ78847,SSEPALLFRNI,695,230.0
371,HLA-A68:01 ,5553.2,ANZ78847,MSSLMSFIQAD,371,231.0
368,HLA-A68:01 ,5553.84,ANZ78847,NFNMSSLMSFI,368,232.0
643,HLA-A68:01 ,5554.48,ANZ78847,FVEVNATYYNS,643,233.0
672,HLA-A68:01 ,5554.66,ANZ78847,LTNRTFMIRSC,672,234.0
634,HLA-A68:01 ,5555.02,ANZ78847,LYGISGQGIFV,634,235.0
1206,HLA-A68:01 ,5556.94,ANZ78847,EPITENNVVVM,1206,236.0
1232,HLA-A68:01 ,5558.35,ANZ78847,NTSIPNLPDFR,1232,237.0
987,HLA-A68:01 ,5558.77,ANZ78847,GVPFYLNVQYR,987,238.0
722,HLA-A68:01 ,5558.84,ANZ78847,INYFDSYLGCV,722,239.0
1152,HLA-A68:01 ,5559.78,ANZ78847,LYFIHFSYVPT,1152,240.0
580,HLA-A68:01 ,5563.01,ANZ78847,QAFLGWSADSC,580,241.0
293,HLA-A68:01 ,5563.23,ANZ78847,NAVDCMSDFMS,293,242.0
596,HLA-A68:01 ,5563.23,ANZ78847,CNIFANLILHD,596,242.0
1134,HLA-A68:01 ,5565.18,ANZ78847,FCGNGNHIISL,1134,244.0
858,HLA-A68:01 ,5565.7,ANZ78847,ELLDTTQLQVA,858,245.0
1083,HLA-A68:01 ,5566.89,ANZ78847,AQIDRLINGRL,1083,246.0
66,HLA-A68:01 ,5567.63,ANZ78847,FLNGYYPTSGS,66,247.0
949,HLA-A68:01 ,5567.77,ANZ78847,QSYKGIKVLPP,949,248.0
402,HLA-A68:01 ,5569.2,ANZ78847,TIDKFAIPNGR,402,249.0
58,HLA-A68:01 ,5570.46,ANZ78847,RVYLNTTLFLN,58,250.0
1065,HLA-A68:01 ,5570.5,ANZ78847,ISSSLQEILSR,1065,251.0
1300,HLA-A68:01 ,5570.67,ANZ78847,YYVKWPWYVWL,1300,252.0
207,HLA-A68:01 ,5572.94,ANZ78847,TYDVNATYLYF,207,253.0
726,HLA-A68:01 ,5573.04,ANZ78847,DSYLGCVVNAY,726,254.0
1198,HLA-A68:01 ,5574.22,ANZ78847,TGSGYYYPEPI,1198,255.0
76,HLA-A68:01 ,5574.84,ANZ78847,STYRNMALKGT,76,256.0
956,HLA-A68:01 ,5575.53,ANZ78847,VLPPLLSENQI,956,257.0
1205,HLA-A68:01 ,5575.87,ANZ78847,PEPITENNVVV,1205,258.0
675,HLA-A68:01 ,5576.05,ANZ78847,RTFMIRSCYSG,675,259.0
627,HLA-A68:01 ,5576.07,ANZ78847,GVCVNYDLYGI,627,260.0
1106,HLA-A68:01 ,5576.15,ANZ78847,DSTLVKFSAAQ,1106,261.0
1148,HLA-A68:01 ,5576.28,ANZ78847,APYGLYFIHFS,1148,262.0
1017,HLA-A68:01 ,5576.89,ANZ78847,NAFNNALDAIQ,1017,263.0
189,HLA-A68:01 ,5577.6,ANZ78847,ELWHMDTGVVS,189,264.0
140,HLA-A68:01 ,5577.89,ANZ78847,SVVVQPRTINS,140,265.0
397,HLA-A68:01 ,5578.14,ANZ78847,CFSSITIDKFA,397,266.0
818,HLA-A68:01 ,5579.42,ANZ78847,PKVTIDCAAFV,818,267.0
1304,HLA-A68:01 ,5579.43,ANZ78847,WPWYVWLLICL,1304,268.0
707,HLA-A68:01 ,5581.06,ANZ78847,CNYVFNNSLTR,707,269.0
842,HLA-A68:01 ,5581.31,ANZ78847,YGSFCDNINAI,842,270.0
872,HLA-A68:01 ,5581.56,ANZ78847,MNGVTLSTKLK,872,271.0
1103,HLA-A68:01 ,5583.04,ANZ78847,QLSDSTLVKFS,1103,272.0
875,HLA-A68:01 ,5584.41,ANZ78847,VTLSTKLKDGV,875,273.0
404,HLA-A68:01 ,5584.59,ANZ78847,DKFAIPNGRKV,404,274.0
623,HLA-A68:01 ,5584.83,ANZ78847,DIKLGVCVNYD,623,275.0
331,HLA-A68:01 ,5584.88,ANZ78847,DVYRRKPDLPN,331,276.0
1256,HLA-A68:01 ,5584.88,ANZ78847,APDLALDYINV,1256,276.0
649,HLA-A68:01 ,5587.49,ANZ78847,TYYNSWQNLLY,649,278.0
975,HLA-A68:01 ,5587.58,ANZ78847,SASLFPPWTAA,975,279.0
1292,HLA-A68:01 ,5588.8,ANZ78847,LKDIGTYEYYV,1292,280.0
276,HLA-A68:01 ,5588.96,ANZ78847,LTSRQYLLAFN,276,281.0
406,HLA-A68:01 ,5589.28,ANZ78847,FAIPNGRKVDL,406,282.0
1122,HLA-A68:01 ,5589.61,ANZ78847,NECVKSQSSRI,1122,283.0
779,HLA-A68:01 ,5590.79,ANZ78847,PFTVNSVNDSL,779,284.0
704,HLA-A68:01 ,5591.23,ANZ78847,NIKCNYVFNNS,704,285.0
1299,HLA-A68:01 ,5591.55,ANZ78847,EYYVKWPWYVW,1299,286.0
154,HLA-A68:01 ,5591.63,ANZ78847,GVNKLQGLLEV,154,287.0
920,HLA-A68:01 ,5591.98,ANZ78847,DKVKLSDVGFV,920,288.0
747,HLA-A68:01 ,5592.98,ANZ78847,DLTVGSGYCVD,747,289.0
210,HLA-A68:01 ,5593.5,ANZ78847,VNATYLYFHFY,210,290.0
1090,HLA-A68:01 ,5593.54,ANZ78847,NGRLTALNAYV,1090,291.0
139,HLA-A68:01 ,5593.66,ANZ78847,YSVVVQPRTIN,139,292.0
212,HLA-A68:01 ,5594.38,ANZ78847,ATYLYFHFYQE,212,293.0
435,HLA-A68:01 ,5594.82,ANZ78847,ATSCQLYYNLP,435,294.0
127,HLA-A68:01 ,5595.01,ANZ78847,AITIGSTFVNT,127,295.0
301,HLA-A68:01 ,5595.38,ANZ78847,FMSEIKCKTQS,301,296.0
379,HLA-A68:01 ,5595.77,ANZ78847,QADSFTCNNID,379,297.0
221,HLA-A68:01 ,5597.53,ANZ78847,QEGGTFYAYFT,221,298.0
73,HLA-A68:01 ,5598.94,ANZ78847,TSGSTYRNMAL,73,299.0
660,HLA-A68:01 ,5599.17,ANZ78847,DSNGNLYGFRD,660,300.0
1078,HLA-A68:01 ,5600.37,ANZ78847,ALEAEAQIDRL,1078,301.0
252,HLA-A68:01 ,5600.88,ANZ78847,YYVMPLTCISR,252,302.0
242,HLA-A68:01 ,5600.92,ANZ78847,NVYLGMALSHY,242,303.0
770,HLA-A68:01 ,5600.97,ANZ78847,TGYRFTNFEPF,770,304.0
676,HLA-A68:01 ,5601.09,ANZ78847,TFMIRSCYSGR,676,305.0
746,HLA-A68:01 ,5601.83,ANZ78847,CDLTVGSGYCV,746,306.0
865,HLA-A68:01 ,5601.99,ANZ78847,LQVANSLMNGV,865,307.0
312,HLA-A68:01 ,5602.81,ANZ78847,IAPPTGVYELN,312,308.0
844,HLA-A68:01 ,5603.82,ANZ78847,SFCDNINAILT,844,309.0
1252,HLA-A68:01 ,5604.6,ANZ78847,QTSVAPDLALD,1252,310.0
1230,HLA-A68:01 ,5605.36,ANZ78847,MLNTSIPNLPD,1230,311.0
723,HLA-A68:01 ,5605.4,ANZ78847,NYFDSYLGCVV,723,312.0
156,HLA-A68:01 ,5605.42,ANZ78847,NKLQGLLEVSV,156,313.0
1071,HLA-A68:01 ,5605.75,ANZ78847,EILSRLDALEA,1071,314.0
126,HLA-A68:01 ,5606.51,ANZ78847,PAITIGSTFVN,126,315.0
1208,HLA-A68:01 ,5607.26,ANZ78847,ITENNVVVMST,1208,316.0
1120,HLA-A68:01 ,5607.99,ANZ78847,KVNECVKSQSS,1120,317.0
266,HLA-A68:01 ,5608.54,ANZ78847,GFTLEYWVTPL,266,318.0
890,HLA-A68:01 ,5610.24,ANZ78847,DDINFSSVLGC,890,319.0
783,HLA-A68:01 ,5610.98,ANZ78847,NSVNDSLEPVG,783,320.0
946,HLA-A68:01 ,5611.16,ANZ78847,ICVQSYKGIKV,946,321.0
31,HLA-A68:01 ,5611.5,ANZ78847,NIDTGPPSIST,31,322.0
248,HLA-A68:01 ,5612.11,ANZ78847,ALSHYYVMPLT,248,323.0
599,HLA-A68:01 ,5612.11,ANZ78847,FANLILHDVNS,599,323.0
787,HLA-A68:01 ,5612.69,ANZ78847,DSLEPVGGLYE,787,325.0
819,HLA-A68:01 ,5612.77,ANZ78847,KVTIDCAAFVC,819,326.0
1045,HLA-A68:01 ,5613.22,ANZ78847,NANAEALNNLL,1045,327.0
592,HLA-A68:01 ,5615.05,ANZ78847,QGDKCNIFANL,592,328.0
1082,HLA-A68:01 ,5615.11,ANZ78847,EAQIDRLINGR,1082,329.0
89,HLA-A68:01 ,5615.79,ANZ78847,LSTLWFKPPFL,89,330.0
138,HLA-A68:01 ,5616.43,ANZ78847,SYSVVVQPRTI,138,331.0
712,HLA-A68:01 ,5617.59,ANZ78847,NNSLTRQLQPI,712,332.0
283,HLA-A68:01 ,5618.95,ANZ78847,LAFNQDGIIFN,283,333.0
1004,HLA-A68:01 ,5619.98,ANZ78847,TMDVLSQNQKL,1004,334.0
820,HLA-A68:01 ,5620.0,ANZ78847,VTIDCAAFVCG,820,335.0
846,HLA-A68:01 ,5620.29,ANZ78847,CDNINAILTEV,846,336.0
945,HLA-A68:01 ,5620.39,ANZ78847,LICVQSYKGIK,945,337.0
537,HLA-A68:01 ,5620.47,ANZ78847,DPITFTGPYKC,537,338.0
936,HLA-A68:01 ,5620.94,ANZ78847,CTGGAEIRDLI,936,339.0
1244,HLA-A68:01 ,5622.03,ANZ78847,ELDQWFKNQTS,1244,340.0
1220,HLA-A68:01 ,5622.14,ANZ78847,AVNYTKAPYVM,1220,341.0
696,HLA-A68:01 ,5622.25,ANZ78847,SEPALLFRNIK,696,342.0
1064,HLA-A68:01 ,5622.74,ANZ78847,AISSSLQEILS,1064,343.0
1024,HLA-A68:01 ,5623.66,ANZ78847,DAIQEGFDATN,1024,344.0
811,HLA-A68:01 ,5624.0,ANZ78847,EFIQTSSPKVT,811,345.0
249,HLA-A68:01 ,5624.01,ANZ78847,LSHYYVMPLTC,249,346.0
52,HLA-A68:01 ,5624.23,ANZ78847,TYYVLDRVYLN,52,347.0
524,HLA-A68:01 ,5626.27,ANZ78847,GTNYLTCHNLC,524,348.0
752,HLA-A68:01 ,5627.51,ANZ78847,SGYCVDYSKNR,752,349.0
1135,HLA-A68:01 ,5628.31,ANZ78847,CGNGNHIISLV,1135,350.0
753,HLA-A68:01 ,5628.32,ANZ78847,GYCVDYSKNRR,753,351.0
1283,HLA-A68:01 ,5629.69,ANZ78847,KVLNQSYINLK,1283,352.0
1107,HLA-A68:01 ,5629.95,ANZ78847,STLVKFSAAQA,1107,353.0
8,HLA-A68:01 ,5630.37,ANZ78847,LPTAFAVIGDL,8,354.0
452,HLA-A68:01 ,5631.06,ANZ78847,SRFNPSTWNKR,452,355.0
670,HLA-A68:01 ,5632.61,ANZ78847,DYLTNRTFMIR,670,356.0
1062,HLA-A68:01 ,5633.16,ANZ78847,FGAISSSLQEI,1062,357.0
0,HLA-A68:01 ,5633.96,ANZ78847,MFLILLISLPT,0,358.0
594,HLA-A68:01 ,5634.14,ANZ78847,DKCNIFANLIL,594,359.0
686,HLA-A68:01 ,5634.4,ANZ78847,RVSAAFHANSS,686,360.0
1153,HLA-A68:01 ,5634.45,ANZ78847,YFIHFSYVPTK,1153,361.0
440,HLA-A68:01 ,5634.81,ANZ78847,LYYNLPAANVS,440,362.0
1319,HLA-A68:01 ,5634.83,ANZ78847,MLVLLFFICCC,1319,363.0
53,HLA-A68:01 ,5635.23,ANZ78847,YYVLDRVYLNT,53,364.0
1029,HLA-A68:01 ,5635.43,ANZ78847,GFDATNSALVK,1029,365.0
913,HLA-A68:01 ,5635.61,ANZ78847,AIEDLLFDKVK,913,366.0
659,HLA-A68:01 ,5636.52,ANZ78847,YDSNGNLYGFR,659,367.0
849,HLA-A68:01 ,5637.41,ANZ78847,INAILTEVNEL,849,368.0
1030,HLA-A68:01 ,5637.77,ANZ78847,FDATNSALVKI,1030,369.0
1222,HLA-A68:01 ,5637.95,ANZ78847,NYTKAPYVMLN,1222,370.0
880,HLA-A68:01 ,5638.71,ANZ78847,KLKDGVNFNVD,880,371.0
970,HLA-A68:01 ,5638.84,ANZ78847,TLAATSASLFP,970,372.0
48,HLA-A68:01 ,5638.85,ANZ78847,NGLGTYYVLDR,48,373.0
475,HLA-A68:01 ,5639.32,ANZ78847,PAGVLTNHDVV,475,374.0
1111,HLA-A68:01 ,5639.51,ANZ78847,KFSAAQAMEKV,1111,375.0
839,HLA-A68:01 ,5639.72,ANZ78847,LVEYGSFCDNI,839,376.0
980,HLA-A68:01 ,5640.12,ANZ78847,PPWTAAAGVPF,980,377.0
841,HLA-A68:01 ,5641.05,ANZ78847,EYGSFCDNINA,841,378.0
119,HLA-A68:01 ,5641.2,ANZ78847,GVMYSEFPAIT,119,379.0
620,HLA-A68:01 ,5641.52,ANZ78847,ANTDIKLGVCV,620,380.0
938,HLA-A68:01 ,5641.54,ANZ78847,GGAEIRDLICV,938,381.0
280,HLA-A68:01 ,5641.71,ANZ78847,QYLLAFNQDGI,280,382.0
1,HLA-A68:01 ,5642.26,ANZ78847,FLILLISLPTA,1,383.0
38,HLA-A68:01 ,5642.63,ANZ78847,SISTATVDVTN,38,384.0
871,HLA-A68:01 ,5643.64,ANZ78847,LMNGVTLSTKL,871,385.0
755,HLA-A68:01 ,5643.91,ANZ78847,CVDYSKNRRSR,755,386.0
231,HLA-A68:01 ,5644.31,ANZ78847,TDTGVVTKFLF,231,387.0
393,HLA-A68:01 ,5644.39,ANZ78847,IYGMCFSSITI,393,388.0
997,HLA-A68:01 ,5644.45,ANZ78847,RINGLGVTMDV,997,389.0
683,HLA-A68:01 ,5644.53,ANZ78847,YSGRVSAAFHA,683,390.0
113,HLA-A68:01 ,5645.47,ANZ78847,TKVFKDGVMYS,113,391.0
387,HLA-A68:01 ,5645.47,ANZ78847,NIDAAKIYGMC,387,391.0
345,HLA-A68:01 ,5645.5,ANZ78847,EAWLNDKSVPS,345,393.0
1348,HLA-A68:01 ,5645.84,ANZ78847,TGYQELVIKTS,1348,394.0
1215,HLA-A68:01 ,5645.86,ANZ78847,VMSTCAVNYTK,1215,395.0
448,HLA-A68:01 ,5646.19,ANZ78847,NVSVSRFNPST,448,396.0
705,HLA-A68:01 ,5646.78,ANZ78847,IKCNYVFNNSL,705,397.0
728,HLA-A68:01 ,5647.12,ANZ78847,YLGCVVNAYNS,728,398.0
788,HLA-A68:01 ,5647.16,ANZ78847,SLEPVGGLYEI,788,399.0
99,HLA-A68:01 ,5647.36,ANZ78847,LSDFINGIFAK,99,400.0
269,HLA-A68:01 ,5648.17,ANZ78847,LEYWVTPLTSR,269,401.0
1305,HLA-A68:01 ,5648.23,ANZ78847,PWYVWLLICLA,1305,402.0
642,HLA-A68:01 ,5648.78,ANZ78847,IFVEVNATYYN,642,403.0
616,HLA-A68:01 ,5650.11,ANZ78847,DLQKANTDIKL,616,404.0
645,HLA-A68:01 ,5650.56,ANZ78847,EVNATYYNSWQ,645,405.0
1144,HLA-A68:01 ,5650.8,ANZ78847,LVQNAPYGLYF,1144,406.0
1091,HLA-A68:01 ,5651.25,ANZ78847,GRLTALNAYVS,1091,407.0
1112,HLA-A68:01 ,5651.41,ANZ78847,FSAAQAMEKVN,1112,408.0
1262,HLA-A68:01 ,5651.41,ANZ78847,DYINVTFLDLQ,1262,408.0
146,HLA-A68:01 ,5651.55,ANZ78847,RTINSTQDGVN,146,410.0
236,HLA-A68:01 ,5651.6,ANZ78847,VTKFLFNVYLG,236,411.0
302,HLA-A68:01 ,5651.81,ANZ78847,MSEIKCKTQSI,302,412.0
805,HLA-A68:01 ,5652.3,ANZ78847,TIGNMEEFIQT,805,413.0
1202,HLA-A68:01 ,5652.6,ANZ78847,YYYPEPITENN,1202,414.0
445,HLA-A68:01 ,5652.66,ANZ78847,PAANVSVSRFN,445,415.0
378,HLA-A68:01 ,5652.84,ANZ78847,IQADSFTCNNI,378,416.0
107,HLA-A68:01 ,5653.1,ANZ78847,FAKVKNTKVFK,107,417.0
640,HLA-A68:01 ,5653.35,ANZ78847,QGIFVEVNATY,640,418.0
391,HLA-A68:01 ,5653.92,ANZ78847,AKIYGMCFSSI,391,419.0
1080,HLA-A68:01 ,5654.71,ANZ78847,EAEAQIDRLIN,1080,420.0
973,HLA-A68:01 ,5655.88,ANZ78847,ATSASLFPPWT,973,421.0
69,HLA-A68:01 ,5656.02,ANZ78847,GYYPTSGSTYR,69,422.0
812,HLA-A68:01 ,5656.24,ANZ78847,FIQTSSPKVTI,812,423.0
442,HLA-A68:01 ,5656.96,ANZ78847,YNLPAANVSVS,442,424.0
947,HLA-A68:01 ,5657.49,ANZ78847,CVQSYKGIKVL,947,425.0
718,HLA-A68:01 ,5658.18,ANZ78847,QLQPINYFDSY,718,426.0
766,HLA-A68:01 ,5658.27,ANZ78847,RAITTGYRFTN,766,427.0
1014,HLA-A68:01 ,5658.88,ANZ78847,LIANAFNNALD,1014,428.0
1224,HLA-A68:01 ,5659.8,ANZ78847,TKAPYVMLNTS,1224,429.0
715,HLA-A68:01 ,5659.9,ANZ78847,LTRQLQPINYF,715,430.0
1042,HLA-A68:01 ,5660.58,ANZ78847,AVVNANAEALN,1042,431.0
443,HLA-A68:01 ,5660.93,ANZ78847,NLPAANVSVSR,443,432.0
395,HLA-A68:01 ,5661.04,ANZ78847,GMCFSSITIDK,395,433.0
1095,HLA-A68:01 ,5662.02,ANZ78847,ALNAYVSQQLS,1095,434.0
310,HLA-A68:01 ,5662.4,ANZ78847,QSIAPPTGVYE,310,435.0
110,HLA-A68:01 ,5662.43,ANZ78847,VKNTKVFKDGV,110,436.0
444,HLA-A68:01 ,5662.7,ANZ78847,LPAANVSVSRF,444,437.0
935,HLA-A68:01 ,5663.46,ANZ78847,NCTGGAEIRDL,935,438.0
1193,HLA-A68:01 ,5663.74,ANZ78847,NTWMYTGSGYY,1193,439.0
797,HLA-A68:01 ,5663.75,ANZ78847,EIQIPSDFTIG,797,440.0
268,HLA-A68:01 ,5664.09,ANZ78847,TLEYWVTPLTS,268,441.0
615,HLA-A68:01 ,5664.53,ANZ78847,TDLQKANTDIK,615,442.0
462,HLA-A68:01 ,5664.76,ANZ78847,RFGFIEDSVFK,462,443.0
792,HLA-A68:01 ,5664.95,ANZ78847,VGGLYEIQIPS,792,444.0
671,HLA-A68:01 ,5665.29,ANZ78847,YLTNRTFMIRS,671,445.0
1184,HLA-A68:01 ,5665.46,ANZ78847,KSGYFVNVNNT,1184,446.0
1310,HLA-A68:01 ,5665.58,ANZ78847,LLICLAGVAML,1310,447.0
1314,HLA-A68:01 ,5665.81,ANZ78847,LAGVAMLVLLF,1314,448.0
229,HLA-A68:01 ,5666.03,ANZ78847,YFTDTGVVTKF,229,449.0
827,HLA-A68:01 ,5667.45,ANZ78847,FVCGDYAACKS,827,450.0
756,HLA-A68:01 ,5667.48,ANZ78847,VDYSKNRRSRR,756,451.0
394,HLA-A68:01 ,5667.85,ANZ78847,YGMCFSSITID,394,452.0
1303,HLA-A68:01 ,5668.88,ANZ78847,KWPWYVWLLIC,1303,453.0
104,HLA-A68:01 ,5669.19,ANZ78847,NGIFAKVKNTK,104,454.0
773,HLA-A68:01 ,5669.35,ANZ78847,RFTNFEPFTVN,773,455.0
692,HLA-A68:01 ,5669.46,ANZ78847,HANSSEPALLF,692,456.0
968,HLA-A68:01 ,5669.5,ANZ78847,GYTLAATSASL,968,457.0
873,HLA-A68:01 ,5671.05,ANZ78847,NGVTLSTKLKD,873,458.0
30,HLA-A68:01 ,5671.15,ANZ78847,NNIDTGPPSIS,30,459.0
286,HLA-A68:01 ,5671.68,ANZ78847,NQDGIIFNAVD,286,460.0
1312,HLA-A68:01 ,5671.9,ANZ78847,ICLAGVAMLVL,1312,461.0
498,HLA-A68:01 ,5673.06,ANZ78847,CPCKSNSSLCV,498,462.0
541,HLA-A68:01 ,5673.56,ANZ78847,FTGPYKCPQSK,541,463.0
637,HLA-A68:01 ,5674.38,ANZ78847,ISGQGIFVEVN,637,464.0
255,HLA-A68:01 ,5674.47,ANZ78847,MPLTCISRRNI,255,465.0
257,HLA-A68:01 ,5674.56,ANZ78847,LTCISRRNIGF,257,466.0
463,HLA-A68:01 ,5674.74,ANZ78847,FGFIEDSVFKP,463,467.0
556,HLA-A68:01 ,5674.94,ANZ78847,IGEHCSGLAVK,556,468.0
758,HLA-A68:01 ,5674.98,ANZ78847,YSKNRRSRRAI,758,469.0
1308,HLA-A68:01 ,5675.37,ANZ78847,VWLLICLAGVA,1308,470.0
1346,HLA-A68:01 ,5675.37,ANZ78847,DYTGYQELVIK,1346,470.0
1266,HLA-A68:01 ,5675.72,ANZ78847,VTFLDLQVEMN,1266,472.0
848,HLA-A68:01 ,5675.79,ANZ78847,NINAILTEVNE,848,473.0
749,HLA-A68:01 ,5675.82,ANZ78847,TVGSGYCVDYS,749,474.0
1051,HLA-A68:01 ,5675.91,ANZ78847,LNNLLQQLSNR,1051,475.0
915,HLA-A68:01 ,5676.79,ANZ78847,EDLLFDKVKLS,915,476.0
740,HLA-A68:01 ,5676.87,ANZ78847,AISVQTCDLTV,740,477.0
1035,HLA-A68:01 ,5676.93,ANZ78847,SALVKIQAVVN,1035,478.0
1101,HLA-A68:01 ,5677.14,ANZ78847,SQQLSDSTLVK,1101,479.0
678,HLA-A68:01 ,5677.37,ANZ78847,MIRSCYSGRVS,678,480.0
519,HLA-A68:01 ,5677.41,ANZ78847,GTCPAGTNYLT,519,481.0
15,HLA-A68:01 ,5677.71,ANZ78847,IGDLKCPLDSR,15,482.0
665,HLA-A68:01 ,5677.81,ANZ78847,LYGFRDYLTNR,665,483.0
298,HLA-A68:01 ,5679.29,ANZ78847,MSDFMSEIKCK,298,484.0
55,HLA-A68:01 ,5679.73,ANZ78847,VLDRVYLNTTL,55,485.0
1149,HLA-A68:01 ,5680.14,ANZ78847,PYGLYFIHFSY,1149,486.0
218,HLA-A68:01 ,5680.28,ANZ78847,HFYQEGGTFYA,218,487.0
830,HLA-A68:01 ,5680.65,ANZ78847,GDYAACKSQLV,830,488.0
145,HLA-A68:01 ,5680.79,ANZ78847,PRTINSTQDGV,145,489.0
1272,HLA-A68:01 ,5681.11,ANZ78847,QVEMNRLQEAI,1272,490.0
480,HLA-A68:01 ,5681.59,ANZ78847,TNHDVVYAQHC,480,491.0
991,HLA-A68:01 ,5681.61,ANZ78847,YLNVQYRINGL,991,492.0
735,HLA-A68:01 ,5682.07,ANZ78847,AYNSTAISVQT,735,493.0
539,HLA-A68:01 ,5682.33,ANZ78847,ITFTGPYKCPQ,539,494.0
1200,HLA-A68:01 ,5684.21,ANZ78847,SGYYYPEPITE,1200,495.0
883,HLA-A68:01 ,5684.32,ANZ78847,DGVNFNVDDIN,883,496.0
420,HLA-A68:01 ,5684.33,ANZ78847,NLGYLQSFNYR,420,497.0
193,HLA-A68:01 ,5685.87,ANZ78847,MDTGVVSCLYK,193,498.0
719,HLA-A68:01 ,5686.17,ANZ78847,LQPINYFDSYL,719,499.0
1260,HLA-A68:01 ,5686.26,ANZ78847,ALDYINVTFLD,1260,500.0
12,HLA-A68:01 ,5686.46,ANZ78847,FAVIGDLKCPL,12,501.0
736,HLA-A68:01 ,5686.46,ANZ78847,YNSTAISVQTC,736,501.0
662,HLA-A68:01 ,5686.59,ANZ78847,NGNLYGFRDYL,662,503.0
228,HLA-A68:01 ,5686.71,ANZ78847,AYFTDTGVVTK,228,504.0
1160,HLA-A68:01 ,5686.96,ANZ78847,VPTKYVTAKVS,1160,505.0
496,HLA-A68:01 ,5687.02,ANZ78847,NFCPCKSNSSL,496,506.0
94,HLA-A68:01 ,5687.53,ANZ78847,FKPPFLSDFIN,94,507.0
950,HLA-A68:01 ,5688.46,ANZ78847,SYKGIKVLPPL,950,508.0
870,HLA-A68:01 ,5688.64,ANZ78847,SLMNGVTLSTK,870,509.0
618,HLA-A68:01 ,5688.91,ANZ78847,QKANTDIKLGV,618,510.0
782,HLA-A68:01 ,5689.08,ANZ78847,VNSVNDSLEPV,782,511.0
114,HLA-A68:01 ,5689.16,ANZ78847,KVFKDGVMYSE,114,512.0
422,HLA-A68:01 ,5689.18,ANZ78847,GYLQSFNYRID,422,513.0
674,HLA-A68:01 ,5689.29,ANZ78847,NRTFMIRSCYS,674,514.0
536,HLA-A68:01 ,5689.36,ANZ78847,PDPITFTGPYK,536,515.0
7,HLA-A68:01 ,5690.36,ANZ78847,SLPTAFAVIGD,7,516.0
732,HLA-A68:01 ,5690.43,ANZ78847,VVNAYNSTAIS,732,517.0
240,HLA-A68:01 ,5690.72,ANZ78847,LFNVYLGMALS,240,518.0
1036,HLA-A68:01 ,5690.94,ANZ78847,ALVKIQAVVNA,1036,519.0
1196,HLA-A68:01 ,5690.95,ANZ78847,MYTGSGYYYPE,1196,520.0
979,HLA-A68:01 ,5691.02,ANZ78847,FPPWTAAAGVP,979,521.0
1281,HLA-A68:01 ,5691.53,ANZ78847,AIKVLNQSYIN,1281,522.0
365,HLA-A68:01 ,5691.93,ANZ78847,SNCNFNMSSLM,365,523.0
1324,HLA-A68:01 ,5692.19,ANZ78847,FFICCCTGCGT,1324,524.0
598,HLA-A68:01 ,5692.6,ANZ78847,IFANLILHDVN,598,525.0
456,HLA-A68:01 ,5692.8,ANZ78847,PSTWNKRFGFI,456,526.0
1131,HLA-A68:01 ,5692.83,ANZ78847,RINFCGNGNHI,1131,527.0
1146,HLA-A68:01 ,5693.07,ANZ78847,QNAPYGLYFIH,1146,528.0
97,HLA-A68:01 ,5693.34,ANZ78847,PFLSDFINGIF,97,529.0
93,HLA-A68:01 ,5694.16,ANZ78847,WFKPPFLSDFI,93,530.0
1163,HLA-A68:01 ,5694.17,ANZ78847,KYVTAKVSPGL,1163,531.0
763,HLA-A68:01 ,5694.35,ANZ78847,RSRRAITTGYR,763,532.0
403,HLA-A68:01 ,5694.38,ANZ78847,IDKFAIPNGRK,403,533.0
50,HLA-A68:01 ,5694.43,ANZ78847,LGTYYVLDRVY,50,534.0
1020,HLA-A68:01 ,5694.5,ANZ78847,NNALDAIQEGF,1020,535.0
1123,HLA-A68:01 ,5694.51,ANZ78847,ECVKSQSSRIN,1123,536.0
1137,HLA-A68:01 ,5695.38,ANZ78847,NGNHIISLVQN,1137,537.0
70,HLA-A68:01 ,5695.65,ANZ78847,YYPTSGSTYRN,70,538.0
447,HLA-A68:01 ,5696.11,ANZ78847,ANVSVSRFNPS,447,539.0
1287,HLA-A68:01 ,5696.43,ANZ78847,QSYINLKDIGT,1287,540.0
1306,HLA-A68:01 ,5696.55,ANZ78847,WYVWLLICLAG,1306,541.0
971,HLA-A68:01 ,5696.65,ANZ78847,LAATSASLFPP,971,542.0
60,HLA-A68:01 ,5696.67,ANZ78847,YLNTTLFLNGY,60,543.0
901,HLA-A68:01 ,5696.81,ANZ78847,LGSECSKASSR,901,544.0
436,HLA-A68:01 ,5697.03,ANZ78847,TSCQLYYNLPA,436,545.0
821,HLA-A68:01 ,5697.54,ANZ78847,TIDCAAFVCGD,821,546.0
351,HLA-A68:01 ,5697.72,ANZ78847,KSVPSPLNWER,351,547.0
1273,HLA-A68:01 ,5697.89,ANZ78847,VEMNRLQEAIK,1273,548.0
650,HLA-A68:01 ,5698.35,ANZ78847,YYNSWQNLLYD,650,549.0
1121,HLA-A68:01 ,5698.41,ANZ78847,VNECVKSQSSR,1121,550.0
893,HLA-A68:01 ,5698.64,ANZ78847,NFSSVLGCLGS,893,551.0
1096,HLA-A68:01 ,5698.78,ANZ78847,LNAYVSQQLSD,1096,552.0
224,HLA-A68:01 ,5698.91,ANZ78847,GTFYAYFTDTG,224,553.0
482,HLA-A68:01 ,5698.92,ANZ78847,HDVVYAQHCFK,482,554.0
1067,HLA-A68:01 ,5698.97,ANZ78847,SSLQEILSRLD,1067,555.0
352,HLA-A68:01 ,5699.1,ANZ78847,SVPSPLNWERK,352,556.0
13,HLA-A68:01 ,5699.16,ANZ78847,AVIGDLKCPLD,13,557.0
1302,HLA-A68:01 ,5700.02,ANZ78847,VKWPWYVWLLI,1302,558.0
701,HLA-A68:01 ,5700.56,ANZ78847,LFRNIKCNYVF,701,559.0
223,HLA-A68:01 ,5700.57,ANZ78847,GGTFYAYFTDT,223,560.0
85,HLA-A68:01 ,5700.76,ANZ78847,GTDKLSTLWFK,85,561.0
79,HLA-A68:01 ,5700.97,ANZ78847,RNMALKGTDKL,79,562.0
1044,HLA-A68:01 ,5701.29,ANZ78847,VNANAEALNNL,1044,563.0
390,HLA-A68:01 ,5701.49,ANZ78847,AAKIYGMCFSS,390,564.0
427,HLA-A68:01 ,5701.51,ANZ78847,FNYRIDTTATS,427,565.0
1315,HLA-A68:01 ,5701.92,ANZ78847,AGVAMLVLLFF,1315,566.0
37,HLA-A68:01 ,5702.5,ANZ78847,PSISTATVDVT,37,567.0
1328,HLA-A68:01 ,5702.62,ANZ78847,CCTGCGTSCFK,1328,568.0
886,HLA-A68:01 ,5702.69,ANZ78847,NFNVDDINFSS,886,569.0
1251,HLA-A68:01 ,5703.2,ANZ78847,NQTSVAPDLAL,1251,570.0
1296,HLA-A68:01 ,5703.52,ANZ78847,GTYEYYVKWPW,1296,571.0
708,HLA-A68:01 ,5703.74,ANZ78847,NYVFNNSLTRQ,708,572.0
68,HLA-A68:01 ,5703.85,ANZ78847,NGYYPTSGSTY,68,573.0
776,HLA-A68:01 ,5704.07,ANZ78847,NFEPFTVNSVN,776,574.0
1317,HLA-A68:01 ,5704.12,ANZ78847,VAMLVLLFFIC,1317,575.0
518,HLA-A68:01 ,5704.26,ANZ78847,IGTCPAGTNYL,518,576.0
41,HLA-A68:01 ,5704.55,ANZ78847,TATVDVTNGLG,41,577.0
251,HLA-A68:01 ,5704.55,ANZ78847,HYYVMPLTCIS,251,577.0
843,HLA-A68:01 ,5704.55,ANZ78847,GSFCDNINAIL,843,577.0
1267,HLA-A68:01 ,5705.3,ANZ78847,TFLDLQVEMNR,1267,580.0
47,HLA-A68:01 ,5705.63,ANZ78847,TNGLGTYYVLD,47,581.0
1255,HLA-A68:01 ,5706.12,ANZ78847,VAPDLALDYIN,1255,582.0
453,HLA-A68:01 ,5706.15,ANZ78847,RFNPSTWNKRF,453,583.0
458,HLA-A68:01 ,5706.64,ANZ78847,TWNKRFGFIED,458,584.0
693,HLA-A68:01 ,5706.86,ANZ78847,ANSSEPALLFR,693,585.0
768,HLA-A68:01 ,5706.92,ANZ78847,ITTGYRFTNFE,768,586.0
1261,HLA-A68:01 ,5706.94,ANZ78847,LDYINVTFLDL,1261,587.0
632,HLA-A68:01 ,5707.46,ANZ78847,YDLYGISGQGI,632,588.0
369,HLA-A68:01 ,5707.64,ANZ78847,FNMSSLMSFIQ,369,589.0
187,HLA-A68:01 ,5707.75,ANZ78847,FKELWHMDTGV,187,590.0
1246,HLA-A68:01 ,5707.75,ANZ78847,DQWFKNQTSVA,1246,590.0
450,HLA-A68:01 ,5708.26,ANZ78847,SVSRFNPSTWN,450,592.0
1207,HLA-A68:01 ,5708.37,ANZ78847,PITENNVVVMS,1207,593.0
851,HLA-A68:01 ,5708.73,ANZ78847,AILTEVNELLD,851,594.0
999,HLA-A68:01 ,5708.85,ANZ78847,NGLGVTMDVLS,999,595.0
96,HLA-A68:01 ,5709.07,ANZ78847,PPFLSDFINGI,96,596.0
609,HLA-A68:01 ,5710.04,ANZ78847,SGLTCSTDLQK,609,597.0
1217,HLA-A68:01 ,5710.45,ANZ78847,STCAVNYTKAP,1217,598.0
178,HLA-A68:01 ,5710.52,ANZ78847,ICHPNLGNHFK,178,599.0
586,HLA-A68:01 ,5710.75,ANZ78847,SADSCLQGDKC,586,600.0
356,HLA-A68:01 ,5710.81,ANZ78847,PLNWERKTFSN,356,601.0
1143,HLA-A68:01 ,5710.9,ANZ78847,SLVQNAPYGLY,1143,602.0
764,HLA-A68:01 ,5711.31,ANZ78847,SRRAITTGYRF,764,603.0
245,HLA-A68:01 ,5711.35,ANZ78847,LGMALSHYYVM,245,604.0
724,HLA-A68:01 ,5711.49,ANZ78847,YFDSYLGCVVN,724,605.0
195,HLA-A68:01 ,5711.88,ANZ78847,TGVVSCLYKRN,195,606.0
862,HLA-A68:01 ,5712.34,ANZ78847,TTQLQVANSLM,862,607.0
123,HLA-A68:01 ,5712.68,ANZ78847,SEFPAITIGST,123,608.0
1282,HLA-A68:01 ,5712.7,ANZ78847,IKVLNQSYINL,1282,609.0
921,HLA-A68:01 ,5712.71,ANZ78847,KVKLSDVGFVA,921,610.0
1187,HLA-A68:01 ,5713.27,ANZ78847,YFVNVNNTWMY,1187,611.0
964,HLA-A68:01 ,5713.52,ANZ78847,NQISGYTLAAT,964,612.0
43,HLA-A68:01 ,5713.65,ANZ78847,TVDVTNGLGTY,43,613.0
952,HLA-A68:01 ,5713.78,ANZ78847,KGIKVLPPLLS,952,614.0
601,HLA-A68:01 ,5713.95,ANZ78847,NLILHDVNSGL,601,615.0
1279,HLA-A68:01 ,5714.37,ANZ78847,QEAIKVLNQSY,1279,616.0
1345,HLA-A68:01 ,5714.76,ANZ78847,DDYTGYQELVI,1345,617.0
614,HLA-A68:01 ,5714.92,ANZ78847,STDLQKANTDI,614,618.0
1330,HLA-A68:01 ,5715.01,ANZ78847,TGCGTSCFKKC,1330,619.0
621,HLA-A68:01 ,5715.76,ANZ78847,NTDIKLGVCVN,621,620.0
1180,HLA-A68:01 ,5715.78,ANZ78847,GIAPKSGYFVN,1180,621.0
281,HLA-A68:01 ,5715.96,ANZ78847,YLLAFNQDGII,281,622.0
1318,HLA-A68:01 ,5715.98,ANZ78847,AMLVLLFFICC,1318,623.0
721,HLA-A68:01 ,5716.07,ANZ78847,PINYFDSYLGC,721,624.0
666,HLA-A68:01 ,5716.61,ANZ78847,YGFRDYLTNRT,666,625.0
832,HLA-A68:01 ,5716.79,ANZ78847,YAACKSQLVEY,832,626.0
216,HLA-A68:01 ,5716.86,ANZ78847,YFHFYQEGGTF,216,627.0
635,HLA-A68:01 ,5717.21,ANZ78847,YGISGQGIFVE,635,628.0
1209,HLA-A68:01 ,5717.28,ANZ78847,TENNVVVMSTC,1209,629.0
923,HLA-A68:01 ,5718.37,ANZ78847,KLSDVGFVAAY,923,630.0
282,HLA-A68:01 ,5718.4,ANZ78847,LLAFNQDGIIF,282,631.0
6,HLA-A68:01 ,5718.47,ANZ78847,ISLPTAFAVIG,6,632.0
1052,HLA-A68:01 ,5718.79,ANZ78847,NNLLQQLSNRF,1052,633.0
1077,HLA-A68:01 ,5719.3,ANZ78847,DALEAEAQIDR,1077,634.0
750,HLA-A68:01 ,5719.31,ANZ78847,VGSGYCVDYSK,750,635.0
942,HLA-A68:01 ,5719.33,ANZ78847,IRDLICVQSYK,942,636.0
1210,HLA-A68:01 ,5720.02,ANZ78847,ENNVVVMSTCA,1210,637.0
516,HLA-A68:01 ,5720.47,ANZ78847,NGIGTCPAGTN,516,638.0
603,HLA-A68:01 ,5720.48,ANZ78847,ILHDVNSGLTC,603,639.0
1235,HLA-A68:01 ,5720.98,ANZ78847,IPNLPDFREEL,1235,640.0
628,HLA-A68:01 ,5721.07,ANZ78847,VCVNYDLYGIS,628,641.0
428,HLA-A68:01 ,5721.13,ANZ78847,NYRIDTTATSC,428,642.0
908,HLA-A68:01 ,5721.14,ANZ78847,ASSRSAIEDLL,908,643.0
802,HLA-A68:01 ,5721.49,ANZ78847,SDFTIGNMEEF,802,644.0
639,HLA-A68:01 ,5721.79,ANZ78847,GQGIFVEVNAT,639,645.0
169,HLA-A68:01 ,5721.83,ANZ78847,YNMCEYPHTIC,169,646.0
967,HLA-A68:01 ,5722.24,ANZ78847,SGYTLAATSAS,967,647.0
319,HLA-A68:01 ,5722.51,ANZ78847,YELNGYTVQPI,319,648.0
1257,HLA-A68:01 ,5722.61,ANZ78847,PDLALDYINVT,1257,649.0
857,HLA-A68:01 ,5722.98,ANZ78847,NELLDTTQLQV,857,650.0
147,HLA-A68:01 ,5723.57,ANZ78847,TINSTQDGVNK,147,651.0
1158,HLA-A68:01 ,5723.89,ANZ78847,SYVPTKYVTAK,1158,652.0
1075,HLA-A68:01 ,5724.07,ANZ78847,RLDALEAEAQI,1075,653.0
290,HLA-A68:01 ,5724.14,ANZ78847,IIFNAVDCMSD,290,654.0
934,HLA-A68:01 ,5724.16,ANZ78847,NNCTGGAEIRD,934,655.0
691,HLA-A68:01 ,5724.41,ANZ78847,FHANSSEPALL,691,656.0
400,HLA-A68:01 ,5724.45,ANZ78847,SITIDKFAIPN,400,657.0
1275,HLA-A68:01 ,5724.47,ANZ78847,MNRLQEAIKVL,1275,658.0
534,HLA-A68:01 ,5724.54,ANZ78847,CNPDPITFTGP,534,659.0
201,HLA-A68:01 ,5724.6,ANZ78847,LYKRNFTYDVN,201,660.0
1276,HLA-A68:01 ,5724.66,ANZ78847,NRLQEAIKVLN,1276,661.0
219,HLA-A68:01 ,5724.98,ANZ78847,FYQEGGTFYAY,219,662.0
1182,HLA-A68:01 ,5725.44,ANZ78847,APKSGYFVNVN,1182,663.0
135,HLA-A68:01 ,5725.47,ANZ78847,VNTSYSVVVQP,135,664.0
1240,HLA-A68:01 ,5725.52,ANZ78847,DFREELDQWFK,1240,665.0
491,HLA-A68:01 ,5726.11,ANZ78847,FKAPKNFCPCK,491,666.0
1329,HLA-A68:01 ,5726.12,ANZ78847,CTGCGTSCFKK,1329,667.0
254,HLA-A68:01 ,5726.37,ANZ78847,VMPLTCISRRN,254,668.0
1117,HLA-A68:01 ,5726.47,ANZ78847,AMEKVNECVKS,1117,669.0
241,HLA-A68:01 ,5726.54,ANZ78847,FNVYLGMALSH,241,670.0
250,HLA-A68:01 ,5726.67,ANZ78847,SHYYVMPLTCI,250,671.0
180,HLA-A68:01 ,5726.7,ANZ78847,HPNLGNHFKEL,180,672.0
103,HLA-A68:01 ,5726.78,ANZ78847,INGIFAKVKNT,103,673.0
895,HLA-A68:01 ,5726.98,ANZ78847,SSVLGCLGSEC,895,674.0
1139,HLA-A68:01 ,5727.16,ANZ78847,NHIISLVQNAP,1139,675.0
423,HLA-A68:01 ,5727.19,ANZ78847,YLQSFNYRIDT,423,676.0
215,HLA-A68:01 ,5727.22,ANZ78847,LYFHFYQEGGT,215,677.0
1297,HLA-A68:01 ,5727.38,ANZ78847,TYEYYVKWPWY,1297,678.0
256,HLA-A68:01 ,5727.7,ANZ78847,PLTCISRRNIG,256,679.0
909,HLA-A68:01 ,5727.84,ANZ78847,SSRSAIEDLLF,909,680.0
1189,HLA-A68:01 ,5728.84,ANZ78847,VNVNNTWMYTG,1189,681.0
504,HLA-A68:01 ,5728.97,ANZ78847,SSLCVGSGPGK,504,682.0
300,HLA-A68:01 ,5729.18,ANZ78847,DFMSEIKCKTQ,300,683.0
646,HLA-A68:01 ,5729.19,ANZ78847,VNATYYNSWQN,646,684.0
237,HLA-A68:01 ,5729.24,ANZ78847,TKFLFNVYLGM,237,685.0
23,HLA-A68:01 ,5729.61,ANZ78847,DSRTGSLNNID,23,686.0
1043,HLA-A68:01 ,5729.85,ANZ78847,VVNANAEALNN,1043,687.0
725,HLA-A68:01 ,5729.88,ANZ78847,FDSYLGCVVNA,725,688.0
767,HLA-A68:01 ,5729.92,ANZ78847,AITTGYRFTNF,767,689.0
1133,HLA-A68:01 ,5730.09,ANZ78847,NFCGNGNHIIS,1133,690.0
925,HLA-A68:01 ,5730.2,ANZ78847,SDVGFVAAYNN,925,691.0
74,HLA-A68:01 ,5730.47,ANZ78847,SGSTYRNMALK,74,692.0
265,HLA-A68:01 ,5730.47,ANZ78847,IGFTLEYWVTP,265,692.0
741,HLA-A68:01 ,5730.81,ANZ78847,ISVQTCDLTVG,741,694.0
288,HLA-A68:01 ,5731.69,ANZ78847,DGIIFNAVDCM,288,695.0
1016,HLA-A68:01 ,5731.75,ANZ78847,ANAFNNALDAI,1016,696.0
553,HLA-A68:01 ,5732.33,ANZ78847,LVGIGEHCSGL,553,697.0
835,HLA-A68:01 ,5732.37,ANZ78847,CKSQLVEYGSF,835,698.0
1154,HLA-A68:01 ,5732.57,ANZ78847,FIHFSYVPTKY,1154,699.0
357,HLA-A68:01 ,5732.79,ANZ78847,LNWERKTFSNC,357,700.0
816,HLA-A68:01 ,5733.69,ANZ78847,SSPKVTIDCAA,816,701.0
652,HLA-A68:01 ,5733.71,ANZ78847,NSWQNLLYDSN,652,702.0
1057,HLA-A68:01 ,5733.78,ANZ78847,QLSNRFGAISS,1057,703.0
168,HLA-A68:01 ,5734.53,ANZ78847,QYNMCEYPHTI,168,704.0
295,HLA-A68:01 ,5734.79,ANZ78847,VDCMSDFMSEI,295,705.0
989,HLA-A68:01 ,5735.13,ANZ78847,PFYLNVQYRIN,989,706.0
629,HLA-A68:01 ,5735.58,ANZ78847,CVNYDLYGISG,629,707.0
22,HLA-A68:01 ,5735.63,ANZ78847,LDSRTGSLNNI,22,708.0
183,HLA-A68:01 ,5735.73,ANZ78847,LGNHFKELWHM,183,709.0
392,HLA-A68:01 ,5735.81,ANZ78847,KIYGMCFSSIT,392,710.0
341,HLA-A68:01 ,5736.1,ANZ78847,NCNIEAWLNDK,341,711.0
544,HLA-A68:01 ,5736.48,ANZ78847,PYKCPQSKSLV,544,712.0
430,HLA-A68:01 ,5736.67,ANZ78847,RIDTTATSCQL,430,713.0
1233,HLA-A68:01 ,5736.88,ANZ78847,TSIPNLPDFRE,1233,714.0
1032,HLA-A68:01 ,5736.96,ANZ78847,ATNSALVKIQA,1032,715.0
35,HLA-A68:01 ,5737.45,ANZ78847,GPPSISTATVD,35,716.0
203,HLA-A68:01 ,5737.59,ANZ78847,KRNFTYDVNAT,203,717.0
461,HLA-A68:01 ,5737.78,ANZ78847,KRFGFIEDSVF,461,718.0
966,HLA-A68:01 ,5737.88,ANZ78847,ISGYTLAATSA,966,719.0
809,HLA-A68:01 ,5738.04,ANZ78847,MEEFIQTSSPK,809,720.0
1006,HLA-A68:01 ,5738.06,ANZ78847,DVLSQNQKLIA,1006,721.0
477,HLA-A68:01 ,5738.16,ANZ78847,GVLTNHDVVYA,477,722.0
729,HLA-A68:01 ,5738.34,ANZ78847,LGCVVNAYNST,729,723.0
557,HLA-A68:01 ,5738.35,ANZ78847,GEHCSGLAVKS,557,724.0
771,HLA-A68:01 ,5738.65,ANZ78847,GYRFTNFEPFT,771,725.0
1227,HLA-A68:01 ,5738.86,ANZ78847,PYVMLNTSIPN,1227,726.0
361,HLA-A68:01 ,5739.05,ANZ78847,RKTFSNCNFNM,361,727.0
575,HLA-A68:01 ,5739.1,ANZ78847,CTCQPQAFLGW,575,728.0
170,HLA-A68:01 ,5739.53,ANZ78847,NMCEYPHTICH,170,729.0
309,HLA-A68:01 ,5739.54,ANZ78847,TQSIAPPTGVY,309,730.0
1048,HLA-A68:01 ,5739.73,ANZ78847,AEALNNLLQQL,1048,731.0
1119,HLA-A68:01 ,5739.8,ANZ78847,EKVNECVKSQS,1119,732.0
366,HLA-A68:01 ,5740.01,ANZ78847,NCNFNMSSLMS,366,733.0
961,HLA-A68:01 ,5740.06,ANZ78847,LSENQISGYTL,961,734.0
638,HLA-A68:01 ,5740.39,ANZ78847,SGQGIFVEVNA,638,735.0
1166,HLA-A68:01 ,5740.46,ANZ78847,TAKVSPGLCIA,1166,736.0
1169,HLA-A68:01 ,5740.58,ANZ78847,VSPGLCIAGDR,1169,737.0
82,HLA-A68:01 ,5740.83,ANZ78847,ALKGTDKLSTL,82,738.0
867,HLA-A68:01 ,5740.94,ANZ78847,VANSLMNGVTL,867,739.0
1294,HLA-A68:01 ,5740.98,ANZ78847,DIGTYEYYVKW,1294,740.0
1127,HLA-A68:01 ,5741.1,ANZ78847,SQSSRINFCGN,1127,741.0
1264,HLA-A68:01 ,5741.72,ANZ78847,INVTFLDLQVE,1264,742.0
408,HLA-A68:01 ,5741.94,ANZ78847,IPNGRKVDLQL,408,743.0
1284,HLA-A68:01 ,5742.14,ANZ78847,VLNQSYINLKD,1284,744.0
67,HLA-A68:01 ,5742.36,ANZ78847,LNGYYPTSGST,67,745.0
808,HLA-A68:01 ,5742.44,ANZ78847,NMEEFIQTSSP,808,746.0
326,HLA-A68:01 ,5742.48,ANZ78847,VQPIADVYRRK,326,747.0
840,HLA-A68:01 ,5742.58,ANZ78847,VEYGSFCDNIN,840,748.0
508,HLA-A68:01 ,5742.66,ANZ78847,VGSGPGKNNGI,508,749.0
490,HLA-A68:01 ,5742.85,ANZ78847,CFKAPKNFCPC,490,750.0
451,HLA-A68:01 ,5743.04,ANZ78847,VSRFNPSTWNK,451,751.0
315,HLA-A68:01 ,5743.37,ANZ78847,PTGVYELNGYT,315,752.0
164,HLA-A68:01 ,5743.38,ANZ78847,VSVCQYNMCEY,164,753.0
1344,HLA-A68:01 ,5743.44,ANZ78847,CDDYTGYQELV,1344,754.0
220,HLA-A68:01 ,5743.53,ANZ78847,YQEGGTFYAYF,220,755.0
188,HLA-A68:01 ,5744.14,ANZ78847,KELWHMDTGVV,188,756.0
1098,HLA-A68:01 ,5744.31,ANZ78847,AYVSQQLSDST,1098,757.0
795,HLA-A68:01 ,5744.45,ANZ78847,LYEIQIPSDFT,795,758.0
1288,HLA-A68:01 ,5744.51,ANZ78847,SYINLKDIGTY,1288,759.0
327,HLA-A68:01 ,5744.69,ANZ78847,QPIADVYRRKP,327,760.0
757,HLA-A68:01 ,5744.77,ANZ78847,DYSKNRRSRRA,757,761.0
424,HLA-A68:01 ,5745.09,ANZ78847,LQSFNYRIDTT,424,762.0
340,HLA-A68:01 ,5745.53,ANZ78847,PNCNIEAWLND,340,763.0
897,HLA-A68:01 ,5745.54,ANZ78847,VLGCLGSECSK,897,764.0
1050,HLA-A68:01 ,5745.57,ANZ78847,ALNNLLQQLSN,1050,765.0
825,HLA-A68:01 ,5745.65,ANZ78847,AAFVCGDYAAC,825,766.0
1100,HLA-A68:01 ,5745.91,ANZ78847,VSQQLSDSTLV,1100,767.0
624,HLA-A68:01 ,5746.39,ANZ78847,IKLGVCVNYDL,624,768.0
985,HLA-A68:01 ,5746.45,ANZ78847,AAGVPFYLNVQ,985,769.0
1109,HLA-A68:01 ,5746.45,ANZ78847,LVKFSAAQAME,1109,769.0
115,HLA-A68:01 ,5746.54,ANZ78847,VFKDGVMYSEF,115,771.0
1174,HLA-A68:01 ,5746.58,ANZ78847,CIAGDRGIAPK,1174,772.0
914,HLA-A68:01 ,5746.67,ANZ78847,IEDLLFDKVKL,914,773.0
778,HLA-A68:01 ,5746.84,ANZ78847,EPFTVNSVNDS,778,774.0
878,HLA-A68:01 ,5746.95,ANZ78847,STKLKDGVNFN,878,775.0
520,HLA-A68:01 ,5747.01,ANZ78847,TCPAGTNYLTC,520,776.0
658,HLA-A68:01 ,5747.41,ANZ78847,LYDSNGNLYGF,658,777.0
525,HLA-A68:01 ,5747.52,ANZ78847,TNYLTCHNLCN,525,778.0
1192,HLA-A68:01 ,5747.53,ANZ78847,NNTWMYTGSGY,1192,779.0
1333,HLA-A68:01 ,5747.9,ANZ78847,GTSCFKKCGGC,1333,780.0
171,HLA-A68:01 ,5748.04,ANZ78847,MCEYPHTICHP,171,781.0
328,HLA-A68:01 ,5748.07,ANZ78847,PIADVYRRKPD,328,782.0
669,HLA-A68:01 ,5748.25,ANZ78847,RDYLTNRTFMI,669,783.0
720,HLA-A68:01 ,5748.27,ANZ78847,QPINYFDSYLG,720,784.0
1093,HLA-A68:01 ,5748.31,ANZ78847,LTALNAYVSQQ,1093,785.0
1012,HLA-A68:01 ,5748.52,ANZ78847,QKLIANAFNNA,1012,786.0
112,HLA-A68:01 ,5748.53,ANZ78847,NTKVFKDGVMY,112,787.0
1031,HLA-A68:01 ,5748.54,ANZ78847,DATNSALVKIQ,1031,788.0
157,HLA-A68:01 ,5748.57,ANZ78847,KLQGLLEVSVC,157,789.0
1142,HLA-A68:01 ,5748.62,ANZ78847,ISLVQNAPYGL,1142,790.0
481,HLA-A68:01 ,5748.65,ANZ78847,NHDVVYAQHCF,481,791.0
940,HLA-A68:01 ,5748.67,ANZ78847,AEIRDLICVQS,940,792.0
405,HLA-A68:01 ,5748.76,ANZ78847,KFAIPNGRKVD,405,793.0
1115,HLA-A68:01 ,5748.86,ANZ78847,AQAMEKVNECV,1115,794.0
625,HLA-A68:01 ,5749.21,ANZ78847,KLGVCVNYDLY,625,795.0
581,HLA-A68:01 ,5749.4,ANZ78847,AFLGWSADSCL,581,796.0
438,HLA-A68:01 ,5749.44,ANZ78847,CQLYYNLPAAN,438,797.0
505,HLA-A68:01 ,5749.81,ANZ78847,SLCVGSGPGKN,505,798.0
547,HLA-A68:01 ,5749.81,ANZ78847,CPQSKSLVGIG,547,798.0
685,HLA-A68:01 ,5749.83,ANZ78847,GRVSAAFHANS,685,800.0
208,HLA-A68:01 ,5749.85,ANZ78847,YDVNATYLYFH,208,801.0
869,HLA-A68:01 ,5750.11,ANZ78847,NSLMNGVTLST,869,802.0
1321,HLA-A68:01 ,5750.34,ANZ78847,VLLFFICCCTG,1321,803.0
706,HLA-A68:01 ,5750.35,ANZ78847,KCNYVFNNSLT,706,804.0
388,HLA-A68:01 ,5750.36,ANZ78847,IDAAKIYGMCF,388,805.0
1171,HLA-A68:01 ,5750.39,ANZ78847,PGLCIAGDRGI,1171,806.0
527,HLA-A68:01 ,5750.44,ANZ78847,YLTCHNLCNPD,527,807.0
284,HLA-A68:01 ,5750.66,ANZ78847,AFNQDGIIFNA,284,808.0
1221,HLA-A68:01 ,5750.84,ANZ78847,VNYTKAPYVML,1221,809.0
106,HLA-A68:01 ,5750.98,ANZ78847,IFAKVKNTKVF,106,810.0
986,HLA-A68:01 ,5751.07,ANZ78847,AGVPFYLNVQY,986,811.0
834,HLA-A68:01 ,5751.25,ANZ78847,ACKSQLVEYGS,834,812.0
88,HLA-A68:01 ,5751.47,ANZ78847,KLSTLWFKPPF,88,813.0
1124,HLA-A68:01 ,5751.56,ANZ78847,CVKSQSSRINF,1124,814.0
92,HLA-A68:01 ,5751.7,ANZ78847,LWFKPPFLSDF,92,815.0
1289,HLA-A68:01 ,5751.83,ANZ78847,YINLKDIGTYE,1289,816.0
806,HLA-A68:01 ,5751.95,ANZ78847,IGNMEEFIQTS,806,817.0
426,HLA-A68:01 ,5752.47,ANZ78847,SFNYRIDTTAT,426,818.0
78,HLA-A68:01 ,5752.51,ANZ78847,YRNMALKGTDK,78,819.0
963,HLA-A68:01 ,5752.52,ANZ78847,ENQISGYTLAA,963,820.0
668,HLA-A68:01 ,5752.72,ANZ78847,FRDYLTNRTFM,668,821.0
1076,HLA-A68:01 ,5752.8,ANZ78847,LDALEAEAQID,1076,822.0
1253,HLA-A68:01 ,5752.94,ANZ78847,TSVAPDLALDY,1253,823.0
1027,HLA-A68:01 ,5753.02,ANZ78847,QEGFDATNSAL,1027,824.0
906,HLA-A68:01 ,5753.07,ANZ78847,SKASSRSAIED,906,825.0
148,HLA-A68:01 ,5753.1,ANZ78847,INSTQDGVNKL,148,826.0
929,HLA-A68:01 ,5753.38,ANZ78847,FVAAYNNCTGG,929,827.0
339,HLA-A68:01 ,5753.52,ANZ78847,LPNCNIEAWLN,339,828.0
21,HLA-A68:01 ,5753.58,ANZ78847,PLDSRTGSLNN,21,829.0
1213,HLA-A68:01 ,5753.73,ANZ78847,VVVMSTCAVNY,1213,830.0
813,HLA-A68:01 ,5753.91,ANZ78847,IQTSSPKVTID,813,831.0
1058,HLA-A68:01 ,5754.35,ANZ78847,LSNRFGAISSS,1058,832.0
885,HLA-A68:01 ,5754.39,ANZ78847,VNFNVDDINFS,885,833.0
417,HLA-A68:01 ,5754.69,ANZ78847,QLGNLGYLQSF,417,834.0
1161,HLA-A68:01 ,5754.73,ANZ78847,PTKYVTAKVSP,1161,835.0
742,HLA-A68:01 ,5755.02,ANZ78847,SVQTCDLTVGS,742,836.0
1291,HLA-A68:01 ,5755.02,ANZ78847,NLKDIGTYEYY,1291,836.0
960,HLA-A68:01 ,5755.04,ANZ78847,LLSENQISGYT,960,838.0
1183,HLA-A68:01 ,5755.26,ANZ78847,PKSGYFVNVNN,1183,839.0
1186,HLA-A68:01 ,5755.35,ANZ78847,GYFVNVNNTWM,1186,840.0
1194,HLA-A68:01 ,5755.76,ANZ78847,TWMYTGSGYYY,1194,841.0
494,HLA-A68:01 ,5755.86,ANZ78847,PKNFCPCKSNS,494,842.0
1234,HLA-A68:01 ,5755.96,ANZ78847,SIPNLPDFREE,1234,843.0
314,HLA-A68:01 ,5756.32,ANZ78847,PPTGVYELNGY,314,844.0
1334,HLA-A68:01 ,5756.35,ANZ78847,TSCFKKCGGCC,1334,845.0
641,HLA-A68:01 ,5756.55,ANZ78847,GIFVEVNATYY,641,846.0
831,HLA-A68:01 ,5756.64,ANZ78847,DYAACKSQLVE,831,847.0
471,HLA-A68:01 ,5756.68,ANZ78847,FKPQPAGVLTN,471,848.0
852,HLA-A68:01 ,5756.71,ANZ78847,ILTEVNELLDT,852,849.0
919,HLA-A68:01 ,5756.98,ANZ78847,FDKVKLSDVGF,919,850.0
555,HLA-A68:01 ,5757.26,ANZ78847,GIGEHCSGLAV,555,851.0
506,HLA-A68:01 ,5757.45,ANZ78847,LCVGSGPGKNN,506,852.0
889,HLA-A68:01 ,5757.57,ANZ78847,VDDINFSSVLG,889,853.0
258,HLA-A68:01 ,5757.64,ANZ78847,TCISRRNIGFT,258,854.0
129,HLA-A68:01 ,5758.21,ANZ78847,TIGSTFVNTSY,129,855.0
796,HLA-A68:01 ,5758.33,ANZ78847,YEIQIPSDFTI,796,856.0
558,HLA-A68:01 ,5758.4,ANZ78847,EHCSGLAVKSD,558,857.0
588,HLA-A68:01 ,5758.49,ANZ78847,DSCLQGDKCNI,588,858.0
65,HLA-A68:01 ,5758.6,ANZ78847,LFLNGYYPTSG,65,859.0
1178,HLA-A68:01 ,5758.68,ANZ78847,DRGIAPKSGYF,1178,860.0
19,HLA-A68:01 ,5758.94,ANZ78847,KCPLDSRTGSL,19,861.0
1011,HLA-A68:01 ,5758.97,ANZ78847,NQKLIANAFNN,1011,862.0
1110,HLA-A68:01 ,5758.99,ANZ78847,VKFSAAQAMEK,1110,863.0
1063,HLA-A68:01 ,5759.04,ANZ78847,GAISSSLQEIL,1063,864.0
473,HLA-A68:01 ,5759.06,ANZ78847,PQPAGVLTNHD,473,865.0
681,HLA-A68:01 ,5759.18,ANZ78847,SCYSGRVSAAF,681,866.0
754,HLA-A68:01 ,5759.21,ANZ78847,YCVDYSKNRRS,754,867.0
1145,HLA-A68:01 ,5759.42,ANZ78847,VQNAPYGLYFI,1145,868.0
565,HLA-A68:01 ,5759.58,ANZ78847,VKSDYCGGNPC,565,869.0
493,HLA-A68:01 ,5759.79,ANZ78847,APKNFCPCKSN,493,870.0
28,HLA-A68:01 ,5759.9,ANZ78847,SLNNIDTGPPS,28,871.0
626,HLA-A68:01 ,5759.97,ANZ78847,LGVCVNYDLYG,626,872.0
1013,HLA-A68:01 ,5760.19,ANZ78847,KLIANAFNNAL,1013,873.0
545,HLA-A68:01 ,5760.21,ANZ78847,YKCPQSKSLVG,545,874.0
1201,HLA-A68:01 ,5760.27,ANZ78847,GYYYPEPITEN,1201,875.0
957,HLA-A68:01 ,5760.39,ANZ78847,LPPLLSENQIS,957,876.0
1350,HLA-A68:01 ,5760.4,ANZ78847,YQELVIKTSHD,1350,877.0
1061,HLA-A68:01 ,5760.43,ANZ78847,RFGAISSSLQE,1061,878.0
1327,HLA-A68:01 ,5760.47,ANZ78847,CCCTGCGTSCF,1327,879.0
198,HLA-A68:01 ,5760.7,ANZ78847,VSCLYKRNFTY,198,880.0
321,HLA-A68:01 ,5760.77,ANZ78847,LNGYTVQPIAD,321,881.0
550,HLA-A68:01 ,5760.87,ANZ78847,SKSLVGIGEHC,550,882.0
998,HLA-A68:01 ,5761.08,ANZ78847,INGLGVTMDVL,998,883.0
829,HLA-A68:01 ,5761.11,ANZ78847,CGDYAACKSQL,829,884.0
367,HLA-A68:01 ,5761.17,ANZ78847,CNFNMSSLMSF,367,885.0
150,HLA-A68:01 ,5761.46,ANZ78847,STQDGVNKLQG,150,886.0
817,HLA-A68:01 ,5761.5,ANZ78847,SPKVTIDCAAF,817,887.0
845,HLA-A68:01 ,5761.68,ANZ78847,FCDNINAILTE,845,888.0
185,HLA-A68:01 ,5761.92,ANZ78847,NHFKELWHMDT,185,889.0
607,HLA-A68:01 ,5761.96,ANZ78847,VNSGLTCSTDL,607,890.0
560,HLA-A68:01 ,5762.35,ANZ78847,CSGLAVKSDYC,560,891.0
892,HLA-A68:01 ,5762.43,ANZ78847,INFSSVLGCLG,892,892.0
416,HLA-A68:01 ,5763.74,ANZ78847,LQLGNLGYLQS,416,893.0
1009,HLA-A68:01 ,5764.32,ANZ78847,SQNQKLIANAF,1009,894.0
431,HLA-A68:01 ,5764.34,ANZ78847,IDTTATSCQLY,431,895.0
1195,HLA-A68:01 ,5764.86,ANZ78847,WMYTGSGYYYP,1195,896.0
305,HLA-A68:01 ,5764.93,ANZ78847,IKCKTQSIAPP,305,897.0
595,HLA-A68:01 ,5765.04,ANZ78847,KCNIFANLILH,595,898.0
1038,HLA-A68:01 ,5765.11,ANZ78847,VKIQAVVNANA,1038,899.0
542,HLA-A68:01 ,5765.15,ANZ78847,TGPYKCPQSKS,542,900.0
485,HLA-A68:01 ,5765.48,ANZ78847,VYAQHCFKAPK,485,901.0
927,HLA-A68:01 ,5765.75,ANZ78847,VGFVAAYNNCT,927,902.0
1087,HLA-A68:01 ,5765.83,ANZ78847,RLINGRLTALN,1087,903.0
531,HLA-A68:01 ,5765.84,ANZ78847,HNLCNPDPITF,531,904.0
261,HLA-A68:01 ,5765.89,ANZ78847,SRRNIGFTLEY,261,905.0
1104,HLA-A68:01 ,5765.94,ANZ78847,LSDSTLVKFSA,1104,906.0
644,HLA-A68:01 ,5766.11,ANZ78847,VEVNATYYNSW,644,907.0
304,HLA-A68:01 ,5766.17,ANZ78847,EIKCKTQSIAP,304,908.0
703,HLA-A68:01 ,5766.26,ANZ78847,RNIKCNYVFNN,703,909.0
777,HLA-A68:01 ,5766.26,ANZ78847,FEPFTVNSVND,777,909.0
192,HLA-A68:01 ,5766.42,ANZ78847,HMDTGVVSCLY,192,911.0
876,HLA-A68:01 ,5766.51,ANZ78847,TLSTKLKDGVN,876,912.0
932,HLA-A68:01 ,5767.02,ANZ78847,AYNNCTGGAEI,932,913.0
826,HLA-A68:01 ,5767.13,ANZ78847,AFVCGDYAACK,826,914.0
690,HLA-A68:01 ,5767.16,ANZ78847,AFHANSSEPAL,690,915.0
990,HLA-A68:01 ,5767.5,ANZ78847,FYLNVQYRING,990,916.0
651,HLA-A68:01 ,5767.66,ANZ78847,YNSWQNLLYDS,651,917.0
853,HLA-A68:01 ,5767.7,ANZ78847,LTEVNELLDTT,853,918.0
976,HLA-A68:01 ,5767.87,ANZ78847,ASLFPPWTAAA,976,919.0
166,HLA-A68:01 ,5768.03,ANZ78847,VCQYNMCEYPH,166,920.0
292,HLA-A68:01 ,5768.11,ANZ78847,FNAVDCMSDFM,292,921.0
573,HLA-A68:01 ,5768.4,ANZ78847,NPCTCQPQAFL,573,922.0
191,HLA-A68:01 ,5768.42,ANZ78847,WHMDTGVVSCL,191,923.0
454,HLA-A68:01 ,5768.53,ANZ78847,FNPSTWNKRFG,454,924.0
1323,HLA-A68:01 ,5768.55,ANZ78847,LFFICCCTGCG,1323,925.0
190,HLA-A68:01 ,5768.84,ANZ78847,LWHMDTGVVSC,190,926.0
382,HLA-A68:01 ,5769.11,ANZ78847,SFTCNNIDAAK,382,927.0
410,HLA-A68:01 ,5769.47,ANZ78847,NGRKVDLQLGN,410,928.0
32,HLA-A68:01 ,5769.53,ANZ78847,IDTGPPSISTA,32,929.0
342,HLA-A68:01 ,5769.77,ANZ78847,CNIEAWLNDKS,342,930.0
744,HLA-A68:01 ,5769.99,ANZ78847,QTCDLTVGSGY,744,931.0
274,HLA-A68:01 ,5770.01,ANZ78847,TPLTSRQYLLA,274,932.0
794,HLA-A68:01 ,5770.02,ANZ78847,GLYEIQIPSDF,794,933.0
160,HLA-A68:01 ,5770.13,ANZ78847,GLLEVSVCQYN,160,934.0
204,HLA-A68:01 ,5770.19,ANZ78847,RNFTYDVNATY,204,935.0
1037,HLA-A68:01 ,5770.38,ANZ78847,LVKIQAVVNAN,1037,936.0
354,HLA-A68:01 ,5770.49,ANZ78847,PSPLNWERKTF,354,937.0
270,HLA-A68:01 ,5770.85,ANZ78847,EYWVTPLTSRQ,270,938.0
543,HLA-A68:01 ,5770.95,ANZ78847,GPYKCPQSKSL,543,939.0
486,HLA-A68:01 ,5770.98,ANZ78847,YAQHCFKAPKN,486,940.0
1001,HLA-A68:01 ,5771.11,ANZ78847,LGVTMDVLSQN,1001,941.0
954,HLA-A68:01 ,5771.19,ANZ78847,IKVLPPLLSEN,954,942.0
174,HLA-A68:01 ,5771.24,ANZ78847,YPHTICHPNLG,174,943.0
1167,HLA-A68:01 ,5771.26,ANZ78847,AKVSPGLCIAG,1167,944.0
56,HLA-A68:01 ,5771.34,ANZ78847,LDRVYLNTTLF,56,945.0
716,HLA-A68:01 ,5771.42,ANZ78847,TRQLQPINYFD,716,946.0
467,HLA-A68:01 ,5771.54,ANZ78847,EDSVFKPQPAG,467,947.0
1290,HLA-A68:01 ,5771.6,ANZ78847,INLKDIGTYEY,1290,948.0
1270,HLA-A68:01 ,5771.73,ANZ78847,DLQVEMNRLQE,1270,949.0
271,HLA-A68:01 ,5772.04,ANZ78847,YWVTPLTSRQY,271,950.0
884,HLA-A68:01 ,5772.11,ANZ78847,GVNFNVDDINF,884,951.0
108,HLA-A68:01 ,5772.2,ANZ78847,AKVKNTKVFKD,108,952.0
730,HLA-A68:01 ,5772.43,ANZ78847,GCVVNAYNSTA,730,953.0
1086,HLA-A68:01 ,5772.73,ANZ78847,DRLINGRLTAL,1086,954.0
1010,HLA-A68:01 ,5772.9,ANZ78847,QNQKLIANAFN,1010,955.0
29,HLA-A68:01 ,5773.18,ANZ78847,LNNIDTGPPSI,29,956.0
348,HLA-A68:01 ,5773.25,ANZ78847,LNDKSVPSPLN,348,957.0
522,HLA-A68:01 ,5773.51,ANZ78847,PAGTNYLTCHN,522,958.0
1285,HLA-A68:01 ,5773.6,ANZ78847,LNQSYINLKDI,1285,959.0
359,HLA-A68:01 ,5773.64,ANZ78847,WERKTFSNCNF,359,960.0
299,HLA-A68:01 ,5773.85,ANZ78847,SDFMSEIKCKT,299,961.0
313,HLA-A68:01 ,5773.95,ANZ78847,APPTGVYELNG,313,962.0
260,HLA-A68:01 ,5774.43,ANZ78847,ISRRNIGFTLE,260,963.0
167,HLA-A68:01 ,5774.88,ANZ78847,CQYNMCEYPHT,167,964.0
495,HLA-A68:01 ,5774.88,ANZ78847,KNFCPCKSNSS,495,964.0
20,HLA-A68:01 ,5775.54,ANZ78847,CPLDSRTGSLN,20,966.0
81,HLA-A68:01 ,5775.58,ANZ78847,MALKGTDKLST,81,967.0
419,HLA-A68:01 ,5775.67,ANZ78847,GNLGYLQSFNY,419,968.0
155,HLA-A68:01 ,5775.72,ANZ78847,VNKLQGLLEVS,155,969.0
363,HLA-A68:01 ,5775.8,ANZ78847,TFSNCNFNMSS,363,970.0
470,HLA-A68:01 ,5775.84,ANZ78847,VFKPQPAGVLT,470,971.0
714,HLA-A68:01 ,5775.87,ANZ78847,SLTRQLQPINY,714,972.0
656,HLA-A68:01 ,5775.9,ANZ78847,NLLYDSNGNLY,656,973.0
384,HLA-A68:01 ,5775.94,ANZ78847,TCNNIDAAKIY,384,974.0
377,HLA-A68:01 ,5776.12,ANZ78847,FIQADSFTCNN,377,975.0
907,HLA-A68:01 ,5776.17,ANZ78847,KASSRSAIEDL,907,976.0
459,HLA-A68:01 ,5776.28,ANZ78847,WNKRFGFIEDS,459,977.0
1309,HLA-A68:01 ,5776.64,ANZ78847,WLLICLAGVAM,1309,978.0
202,HLA-A68:01 ,5776.69,ANZ78847,YKRNFTYDVNA,202,979.0
688,HLA-A68:01 ,5776.83,ANZ78847,SAAFHANSSEP,688,980.0
175,HLA-A68:01 ,5777.03,ANZ78847,PHTICHPNLGN,175,981.0
142,HLA-A68:01 ,5777.24,ANZ78847,VVQPRTINSTQ,142,982.0
727,HLA-A68:01 ,5777.45,ANZ78847,SYLGCVVNAYN,727,983.0
1218,HLA-A68:01 ,5777.46,ANZ78847,TCAVNYTKAPY,1218,984.0
1278,HLA-A68:01 ,5777.63,ANZ78847,LQEAIKVLNQS,1278,985.0
385,HLA-A68:01 ,5777.69,ANZ78847,CNNIDAAKIYG,385,986.0
1243,HLA-A68:01 ,5777.72,ANZ78847,EELDQWFKNQT,1243,987.0
502,HLA-A68:01 ,5777.74,ANZ78847,SNSSLCVGSGP,502,988.0
582,HLA-A68:01 ,5777.87,ANZ78847,FLGWSADSCLQ,582,989.0
323,HLA-A68:01 ,5778.11,ANZ78847,GYTVQPIADVY,323,990.0
687,HLA-A68:01 ,5778.27,ANZ78847,VSAAFHANSSE,687,991.0
1105,HLA-A68:01 ,5778.29,ANZ78847,SDSTLVKFSAA,1105,992.0
745,HLA-A68:01 ,5778.46,ANZ78847,TCDLTVGSGYC,745,993.0
679,HLA-A68:01 ,5778.51,ANZ78847,IRSCYSGRVSA,679,994.0
854,HLA-A68:01 ,5778.76,ANZ78847,TEVNELLDTTQ,854,995.0
663,HLA-A68:01 ,5778.84,ANZ78847,GNLYGFRDYLT,663,996.0
277,HLA-A68:01 ,5779.07,ANZ78847,TSRQYLLAFNQ,277,997.0
765,HLA-A68:01 ,5779.32,ANZ78847,RRAITTGYRFT,765,998.0
116,HLA-A68:01 ,5779.36,ANZ78847,FKDGVMYSEFP,116,999.0
334,HLA-A68:01 ,5779.51,ANZ78847,RRKPDLPNCNI,334,1000.0
1132,HLA-A68:01 ,5779.51,ANZ78847,INFCGNGNHII,1132,1000.0
350,HLA-A68:01 ,5779.89,ANZ78847,DKSVPSPLNWE,350,1002.0
916,HLA-A68:01 ,5780.37,ANZ78847,DLLFDKVKLSD,916,1003.0
1185,HLA-A68:01 ,5780.5,ANZ78847,SGYFVNVNNTW,1185,1004.0
611,HLA-A68:01 ,5780.68,ANZ78847,LTCSTDLQKAN,611,1005.0
479,HLA-A68:01 ,5781.03,ANZ78847,LTNHDVVYAQH,479,1006.0
199,HLA-A68:01 ,5781.15,ANZ78847,SCLYKRNFTYD,199,1007.0
798,HLA-A68:01 ,5781.22,ANZ78847,IQIPSDFTIGN,798,1008.0
165,HLA-A68:01 ,5781.71,ANZ78847,SVCQYNMCEYP,165,1009.0
902,HLA-A68:01 ,5781.99,ANZ78847,GSECSKASSRS,902,1010.0
655,HLA-A68:01 ,5782.03,ANZ78847,QNLLYDSNGNL,655,1011.0
1177,HLA-A68:01 ,5782.03,ANZ78847,GDRGIAPKSGY,1177,1011.0
72,HLA-A68:01 ,5782.13,ANZ78847,PTSGSTYRNMA,72,1013.0
529,HLA-A68:01 ,5782.18,ANZ78847,TCHNLCNPDPI,529,1014.0
243,HLA-A68:01 ,5782.32,ANZ78847,VYLGMALSHYY,243,1015.0
275,HLA-A68:01 ,5782.32,ANZ78847,PLTSRQYLLAF,275,1015.0
161,HLA-A68:01 ,5782.39,ANZ78847,LLEVSVCQYNM,161,1017.0
951,HLA-A68:01 ,5782.59,ANZ78847,YKGIKVLPPLL,951,1018.0
1325,HLA-A68:01 ,5782.65,ANZ78847,FICCCTGCGTS,1325,1019.0
1172,HLA-A68:01 ,5782.78,ANZ78847,GLCIAGDRGIA,1172,1020.0
602,HLA-A68:01 ,5783.73,ANZ78847,LILHDVNSGLT,602,1021.0
153,HLA-A68:01 ,5783.78,ANZ78847,DGVNKLQGLLE,153,1022.0
489,HLA-A68:01 ,5783.99,ANZ78847,HCFKAPKNFCP,489,1023.0
1055,HLA-A68:01 ,5783.99,ANZ78847,LQQLSNRFGAI,1055,1023.0
1141,HLA-A68:01 ,5784.22,ANZ78847,IISLVQNAPYG,1141,1025.0
455,HLA-A68:01 ,5784.24,ANZ78847,NPSTWNKRFGF,455,1026.0
329,HLA-A68:01 ,5784.41,ANZ78847,IADVYRRKPDL,329,1027.0
784,HLA-A68:01 ,5784.42,ANZ78847,SVNDSLEPVGG,784,1028.0
577,HLA-A68:01 ,5784.49,ANZ78847,CQPQAFLGWSA,577,1029.0
836,HLA-A68:01 ,5784.72,ANZ78847,KSQLVEYGSFC,836,1030.0
303,HLA-A68:01 ,5785.02,ANZ78847,SEIKCKTQSIA,303,1031.0
863,HLA-A68:01 ,5785.19,ANZ78847,TQLQVANSLMN,863,1032.0
807,HLA-A68:01 ,5785.36,ANZ78847,GNMEEFIQTSS,807,1033.0
785,HLA-A68:01 ,5785.43,ANZ78847,VNDSLEPVGGL,785,1034.0
868,HLA-A68:01 ,5785.53,ANZ78847,ANSLMNGVTLS,868,1035.0
162,HLA-A68:01 ,5785.6,ANZ78847,LEVSVCQYNMC,162,1036.0
535,HLA-A68:01 ,5785.65,ANZ78847,NPDPITFTGPY,535,1037.0
972,HLA-A68:01 ,5785.69,ANZ78847,AATSASLFPPW,972,1038.0
1286,HLA-A68:01 ,5785.77,ANZ78847,NQSYINLKDIG,1286,1039.0
289,HLA-A68:01 ,5785.86,ANZ78847,GIIFNAVDCMS,289,1040.0
631,HLA-A68:01 ,5785.91,ANZ78847,NYDLYGISGQG,631,1041.0
894,HLA-A68:01 ,5785.92,ANZ78847,FSSVLGCLGSE,894,1042.0
1025,HLA-A68:01 ,5785.95,ANZ78847,AIQEGFDATNS,1025,1043.0
1089,HLA-A68:01 ,5786.02,ANZ78847,INGRLTALNAY,1089,1044.0
837,HLA-A68:01 ,5786.47,ANZ78847,SQLVEYGSFCD,837,1045.0
1162,HLA-A68:01 ,5786.48,ANZ78847,TKYVTAKVSPG,1162,1046.0
751,HLA-A68:01 ,5786.63,ANZ78847,GSGYCVDYSKN,751,1047.0
1236,HLA-A68:01 ,5786.79,ANZ78847,PNLPDFREELD,1236,1048.0
287,HLA-A68:01 ,5786.99,ANZ78847,QDGIIFNAVDC,287,1049.0
680,HLA-A68:01 ,5786.99,ANZ78847,RSCYSGRVSAA,680,1049.0
1069,HLA-A68:01 ,5787.09,ANZ78847,LQEILSRLDAL,1069,1051.0
552,HLA-A68:01 ,5787.45,ANZ78847,SLVGIGEHCSG,552,1052.0
958,HLA-A68:01 ,5787.6,ANZ78847,PPLLSENQISG,958,1053.0
941,HLA-A68:01 ,5787.79,ANZ78847,EIRDLICVQSY,941,1054.0
1056,HLA-A68:01 ,5787.96,ANZ78847,QQLSNRFGAIS,1056,1055.0
95,HLA-A68:01 ,5788.06,ANZ78847,KPPFLSDFING,95,1056.0
899,HLA-A68:01 ,5788.33,ANZ78847,GCLGSECSKAS,899,1057.0
900,HLA-A68:01 ,5788.36,ANZ78847,CLGSECSKASS,900,1058.0
905,HLA-A68:01 ,5788.36,ANZ78847,CSKASSRSAIE,905,1058.0
903,HLA-A68:01 ,5788.74,ANZ78847,SECSKASSRSA,903,1060.0
711,HLA-A68:01 ,5788.77,ANZ78847,FNNSLTRQLQP,711,1061.0
355,HLA-A68:01 ,5789.3,ANZ78847,SPLNWERKTFS,355,1062.0
579,HLA-A68:01 ,5789.32,ANZ78847,PQAFLGWSADS,579,1063.0
953,HLA-A68:01 ,5789.49,ANZ78847,GIKVLPPLLSE,953,1064.0
922,HLA-A68:01 ,5789.55,ANZ78847,VKLSDVGFVAA,922,1065.0
1084,HLA-A68:01 ,5789.58,ANZ78847,QIDRLINGRLT,1084,1066.0
360,HLA-A68:01 ,5789.73,ANZ78847,ERKTFSNCNFN,360,1067.0
682,HLA-A68:01 ,5789.75,ANZ78847,CYSGRVSAAFH,682,1068.0
959,HLA-A68:01 ,5789.84,ANZ78847,PLLSENQISGY,959,1069.0
578,HLA-A68:01 ,5790.09,ANZ78847,QPQAFLGWSAD,578,1070.0
80,HLA-A68:01 ,5790.16,ANZ78847,NMALKGTDKLS,80,1071.0
789,HLA-A68:01 ,5790.23,ANZ78847,LEPVGGLYEIQ,789,1072.0
657,HLA-A68:01 ,5790.4,ANZ78847,LLYDSNGNLYG,657,1073.0
548,HLA-A68:01 ,5790.5,ANZ78847,PQSKSLVGIGE,548,1074.0
1248,HLA-A68:01 ,5790.57,ANZ78847,WFKNQTSVAPD,1248,1075.0
515,HLA-A68:01 ,5791.05,ANZ78847,NNGIGTCPAGT,515,1076.0
238,HLA-A68:01 ,5791.08,ANZ78847,KFLFNVYLGMA,238,1077.0
476,HLA-A68:01 ,5791.21,ANZ78847,AGVLTNHDVVY,476,1078.0
71,HLA-A68:01 ,5791.22,ANZ78847,YPTSGSTYRNM,71,1079.0
882,HLA-A68:01 ,5791.25,ANZ78847,KDGVNFNVDDI,882,1080.0
699,HLA-A68:01 ,5791.38,ANZ78847,ALLFRNIKCNY,699,1081.0
87,HLA-A68:01 ,5791.47,ANZ78847,DKLSTLWFKPP,87,1082.0
859,HLA-A68:01 ,5791.48,ANZ78847,LLDTTQLQVAN,859,1083.0
26,HLA-A68:01 ,5791.56,ANZ78847,TGSLNNIDTGP,26,1084.0
533,HLA-A68:01 ,5791.77,ANZ78847,LCNPDPITFTG,533,1085.0
981,HLA-A68:01 ,5791.85,ANZ78847,PWTAAAGVPFY,981,1086.0
376,HLA-A68:01 ,5791.94,ANZ78847,SFIQADSFTCN,376,1087.0
684,HLA-A68:01 ,5791.97,ANZ78847,SGRVSAAFHAN,684,1088.0
418,HLA-A68:01 ,5792.41,ANZ78847,LGNLGYLQSFN,418,1089.0
1018,HLA-A68:01 ,5792.45,ANZ78847,AFNNALDAIQE,1018,1090.0
689,HLA-A68:01 ,5792.5,ANZ78847,AAFHANSSEPA,689,1091.0
1053,HLA-A68:01 ,5793.1,ANZ78847,NLLQQLSNRFG,1053,1092.0
294,HLA-A68:01 ,5793.22,ANZ78847,AVDCMSDFMSE,294,1093.0
3,HLA-A68:01 ,5793.28,ANZ78847,ILLISLPTAFA,3,1094.0
667,HLA-A68:01 ,5793.36,ANZ78847,GFRDYLTNRTF,667,1095.0
372,HLA-A68:01 ,5793.38,ANZ78847,SSLMSFIQADS,372,1096.0
1114,HLA-A68:01 ,5793.5,ANZ78847,AAQAMEKVNEC,1114,1097.0
77,HLA-A68:01 ,5793.51,ANZ78847,TYRNMALKGTD,77,1098.0
488,HLA-A68:01 ,5793.59,ANZ78847,QHCFKAPKNFC,488,1099.0
499,HLA-A68:01 ,5793.76,ANZ78847,PCKSNSSLCVG,499,1100.0
1097,HLA-A68:01 ,5793.93,ANZ78847,NAYVSQQLSDS,1097,1101.0
413,HLA-A68:01 ,5793.97,ANZ78847,KVDLQLGNLGY,413,1102.0
1343,HLA-A68:01 ,5794.03,ANZ78847,CCDDYTGYQEL,1343,1103.0
924,HLA-A68:01 ,5794.24,ANZ78847,LSDVGFVAAYN,924,1104.0
910,HLA-A68:01 ,5794.31,ANZ78847,SRSAIEDLLFD,910,1105.0
336,HLA-A68:01 ,5794.41,ANZ78847,KPDLPNCNIEA,336,1106.0
172,HLA-A68:01 ,5794.44,ANZ78847,CEYPHTICHPN,172,1107.0
16,HLA-A68:01 ,5794.63,ANZ78847,GDLKCPLDSRT,16,1108.0
500,HLA-A68:01 ,5794.78,ANZ78847,CKSNSSLCVGS,500,1109.0
1088,HLA-A68:01 ,5794.81,ANZ78847,LINGRLTALNA,1088,1110.0
605,HLA-A68:01 ,5795.05,ANZ78847,HDVNSGLTCST,605,1111.0
1079,HLA-A68:01 ,5795.05,ANZ78847,LEAEAQIDRLI,1079,1111.0
521,HLA-A68:01 ,5795.16,ANZ78847,CPAGTNYLTCH,521,1113.0
513,HLA-A68:01 ,5795.93,ANZ78847,GKNNGIGTCPA,513,1114.0
59,HLA-A68:01 ,5796.39,ANZ78847,VYLNTTLFLNG,59,1115.0
184,HLA-A68:01 ,5796.46,ANZ78847,GNHFKELWHMD,184,1116.0
1129,HLA-A68:01 ,5796.5,ANZ78847,SSRINFCGNGN,1129,1117.0
593,HLA-A68:01 ,5796.72,ANZ78847,GDKCNIFANLI,593,1118.0
333,HLA-A68:01 ,5796.73,ANZ78847,YRRKPDLPNCN,333,1119.0
217,HLA-A68:01 ,5796.97,ANZ78847,FHFYQEGGTFY,217,1120.0
1229,HLA-A68:01 ,5797.21,ANZ78847,VMLNTSIPNLP,1229,1121.0
911,HLA-A68:01 ,5797.36,ANZ78847,RSAIEDLLFDK,911,1122.0
622,HLA-A68:01 ,5797.69,ANZ78847,TDIKLGVCVNY,622,1123.0
898,HLA-A68:01 ,5797.87,ANZ78847,LGCLGSECSKA,898,1124.0
1138,HLA-A68:01 ,5797.93,ANZ78847,GNHIISLVQNA,1138,1125.0
1349,HLA-A68:01 ,5798.11,ANZ78847,GYQELVIKTSH,1349,1126.0
563,HLA-A68:01 ,5798.17,ANZ78847,LAVKSDYCGGN,563,1127.0
698,HLA-A68:01 ,5798.2,ANZ78847,PALLFRNIKCN,698,1128.0
1351,HLA-A68:01 ,5798.48,ANZ78847,QELVIKTSHDD,1351,1129.0
1197,HLA-A68:01 ,5798.63,ANZ78847,YTGSGYYYPEP,1197,1130.0
713,HLA-A68:01 ,5798.79,ANZ78847,NSLTRQLQPIN,713,1131.0
86,HLA-A68:01 ,5798.92,ANZ78847,TDKLSTLWFKP,86,1132.0
158,HLA-A68:01 ,5799.09,ANZ78847,LQGLLEVSVCQ,158,1133.0
262,HLA-A68:01 ,5799.18,ANZ78847,RRNIGFTLEYW,262,1134.0
1199,HLA-A68:01 ,5799.67,ANZ78847,GSGYYYPEPIT,1199,1135.0
213,HLA-A68:01 ,5799.82,ANZ78847,TYLYFHFYQEG,213,1136.0
1102,HLA-A68:01 ,5799.88,ANZ78847,QQLSDSTLVKF,1102,1137.0
786,HLA-A68:01 ,5800.05,ANZ78847,NDSLEPVGGLY,786,1138.0
335,HLA-A68:01 ,5800.06,ANZ78847,RKPDLPNCNIE,335,1139.0
358,HLA-A68:01 ,5800.08,ANZ78847,NWERKTFSNCN,358,1140.0
572,HLA-A68:01 ,5800.52,ANZ78847,GNPCTCQPQAF,572,1141.0
617,HLA-A68:01 ,5800.79,ANZ78847,LQKANTDIKLG,617,1142.0
307,HLA-A68:01 ,5800.85,ANZ78847,CKTQSIAPPTG,307,1143.0
583,HLA-A68:01 ,5800.86,ANZ78847,LGWSADSCLQG,583,1144.0
1026,HLA-A68:01 ,5801.05,ANZ78847,IQEGFDATNSA,1026,1145.0
702,HLA-A68:01 ,5801.09,ANZ78847,FRNIKCNYVFN,702,1146.0
591,HLA-A68:01 ,5801.43,ANZ78847,LQGDKCNIFAN,591,1147.0
568,HLA-A68:01 ,5801.56,ANZ78847,DYCGGNPCTCQ,568,1148.0
546,HLA-A68:01 ,5801.62,ANZ78847,KCPQSKSLVGI,546,1149.0
484,HLA-A68:01 ,5801.82,ANZ78847,VVYAQHCFKAP,484,1150.0
576,HLA-A68:01 ,5801.98,ANZ78847,TCQPQAFLGWS,576,1151.0
822,HLA-A68:01 ,5802.05,ANZ78847,IDCAAFVCGDY,822,1152.0
654,HLA-A68:01 ,5802.86,ANZ78847,WQNLLYDSNGN,654,1153.0
1085,HLA-A68:01 ,5803.05,ANZ78847,IDRLINGRLTA,1085,1154.0
61,HLA-A68:01 ,5803.28,ANZ78847,LNTTLFLNGYY,61,1155.0
549,HLA-A68:01 ,5803.43,ANZ78847,QSKSLVGIGEH,549,1156.0
25,HLA-A68:01 ,5803.67,ANZ78847,RTGSLNNIDTG,25,1157.0
1191,HLA-A68:01 ,5803.85,ANZ78847,VNNTWMYTGSG,1191,1158.0
760,HLA-A68:01 ,5804.0,ANZ78847,KNRRSRRAITT,760,1159.0
151,HLA-A68:01 ,5804.14,ANZ78847,TQDGVNKLQGL,151,1160.0
497,HLA-A68:01 ,5804.67,ANZ78847,FCPCKSNSSLC,497,1161.0
1007,HLA-A68:01 ,5804.9,ANZ78847,VLSQNQKLIAN,1007,1162.0
517,HLA-A68:01 ,5804.93,ANZ78847,GIGTCPAGTNY,517,1163.0
948,HLA-A68:01 ,5805.25,ANZ78847,VQSYKGIKVLP,948,1164.0
585,HLA-A68:01 ,5805.33,ANZ78847,WSADSCLQGDK,585,1165.0
332,HLA-A68:01 ,5805.43,ANZ78847,VYRRKPDLPNC,332,1166.0
353,HLA-A68:01 ,5805.54,ANZ78847,VPSPLNWERKT,353,1167.0
619,HLA-A68:01 ,5805.56,ANZ78847,KANTDIKLGVC,619,1168.0
1005,HLA-A68:01 ,5805.67,ANZ78847,MDVLSQNQKLI,1005,1169.0
179,HLA-A68:01 ,5805.76,ANZ78847,CHPNLGNHFKE,179,1170.0
1326,HLA-A68:01 ,5805.76,ANZ78847,ICCCTGCGTSC,1326,1170.0
337,HLA-A68:01 ,5806.1,ANZ78847,PDLPNCNIEAW,337,1172.0
446,HLA-A68:01 ,5806.11,ANZ78847,AANVSVSRFNP,446,1173.0
1175,HLA-A68:01 ,5806.14,ANZ78847,IAGDRGIAPKS,1175,1174.0
574,HLA-A68:01 ,5806.29,ANZ78847,PCTCQPQAFLG,574,1175.0
526,HLA-A68:01 ,5806.41,ANZ78847,NYLTCHNLCNP,526,1176.0
928,HLA-A68:01 ,5806.85,ANZ78847,GFVAAYNNCTG,928,1177.0
567,HLA-A68:01 ,5806.94,ANZ78847,SDYCGGNPCTC,567,1178.0
881,HLA-A68:01 ,5806.96,ANZ78847,LKDGVNFNVDD,881,1179.0
349,HLA-A68:01 ,5806.98,ANZ78847,NDKSVPSPLNW,349,1180.0
604,HLA-A68:01 ,5807.01,ANZ78847,LHDVNSGLTCS,604,1181.0
955,HLA-A68:01 ,5807.01,ANZ78847,KVLPPLLSENQ,955,1181.0
1238,HLA-A68:01 ,5807.05,ANZ78847,LPDFREELDQW,1238,1183.0
833,HLA-A68:01 ,5807.2,ANZ78847,AACKSQLVEYG,833,1184.0
1113,HLA-A68:01 ,5807.3,ANZ78847,SAAQAMEKVNE,1113,1185.0
791,HLA-A68:01 ,5807.4,ANZ78847,PVGGLYEIQIP,791,1186.0
117,HLA-A68:01 ,5807.41,ANZ78847,KDGVMYSEFPA,117,1187.0
673,HLA-A68:01 ,5807.51,ANZ78847,TNRTFMIRSCY,673,1188.0
1125,HLA-A68:01 ,5807.6,ANZ78847,VKSQSSRINFC,1125,1189.0
1241,HLA-A68:01 ,5807.64,ANZ78847,FREELDQWFKN,1241,1190.0
24,HLA-A68:01 ,5807.79,ANZ78847,SRTGSLNNIDT,24,1191.0
995,HLA-A68:01 ,5807.84,ANZ78847,QYRINGLGVTM,995,1192.0
1250,HLA-A68:01 ,5807.9,ANZ78847,KNQTSVAPDLA,1250,1193.0
860,HLA-A68:01 ,5807.92,ANZ78847,LDTTQLQVANS,860,1194.0
415,HLA-A68:01 ,5808.48,ANZ78847,DLQLGNLGYLQ,415,1195.0
18,HLA-A68:01 ,5808.83,ANZ78847,LKCPLDSRTGS,18,1196.0
540,HLA-A68:01 ,5808.98,ANZ78847,TFTGPYKCPQS,540,1197.0
2,HLA-A68:01 ,5809.03,ANZ78847,LILLISLPTAF,2,1198.0
1226,HLA-A68:01 ,5809.03,ANZ78847,APYVMLNTSIP,1226,1198.0
492,HLA-A68:01 ,5809.58,ANZ78847,KAPKNFCPCKS,492,1200.0
291,HLA-A68:01 ,5809.67,ANZ78847,IFNAVDCMSDF,291,1201.0
551,HLA-A68:01 ,5810.02,ANZ78847,KSLVGIGEHCS,551,1202.0
1092,HLA-A68:01 ,5810.12,ANZ78847,RLTALNAYVSQ,1092,1203.0
186,HLA-A68:01 ,5810.14,ANZ78847,HFKELWHMDTG,186,1204.0
762,HLA-A68:01 ,5810.27,ANZ78847,RRSRRAITTGY,762,1205.0
1040,HLA-A68:01 ,5810.65,ANZ78847,IQAVVNANAEA,1040,1206.0
487,HLA-A68:01 ,5811.03,ANZ78847,AQHCFKAPKNF,487,1207.0
465,HLA-A68:01 ,5812.05,ANZ78847,FIEDSVFKPQP,465,1208.0
318,HLA-A68:01 ,5812.06,ANZ78847,VYELNGYTVQP,318,1209.0
380,HLA-A68:01 ,5812.27,ANZ78847,ADSFTCNNIDA,380,1210.0
466,HLA-A68:01 ,5812.36,ANZ78847,IEDSVFKPQPA,466,1211.0
449,HLA-A68:01 ,5812.54,ANZ78847,VSVSRFNPSTW,449,1212.0
1023,HLA-A68:01 ,5812.59,ANZ78847,LDAIQEGFDAT,1023,1213.0
1136,HLA-A68:01 ,5813.2,ANZ78847,GNGNHIISLVQ,1136,1214.0
1072,HLA-A68:01 ,5813.24,ANZ78847,ILSRLDALEAE,1072,1215.0
759,HLA-A68:01 ,5813.35,ANZ78847,SKNRRSRRAIT,759,1216.0
1000,HLA-A68:01 ,5813.72,ANZ78847,GLGVTMDVLSQ,1000,1217.0
346,HLA-A68:01 ,5813.74,ANZ78847,AWLNDKSVPSP,346,1218.0
472,HLA-A68:01 ,5813.97,ANZ78847,KPQPAGVLTNH,472,1219.0
587,HLA-A68:01 ,5814.04,ANZ78847,ADSCLQGDKCN,587,1220.0
437,HLA-A68:01 ,5814.26,ANZ78847,SCQLYYNLPAA,437,1221.0
510,HLA-A68:01 ,5814.35,ANZ78847,SGPGKNNGIGT,510,1222.0
511,HLA-A68:01 ,5814.38,ANZ78847,GPGKNNGIGTC,511,1223.0
278,HLA-A68:01 ,5814.4,ANZ78847,SRQYLLAFNQD,278,1224.0
1054,HLA-A68:01 ,5814.45,ANZ78847,LLQQLSNRFGA,1054,1225.0
896,HLA-A68:01 ,5814.58,ANZ78847,SVLGCLGSECS,896,1226.0
411,HLA-A68:01 ,5815.19,ANZ78847,GRKVDLQLGNL,411,1227.0
152,HLA-A68:01 ,5815.3,ANZ78847,QDGVNKLQGLL,152,1228.0
1060,HLA-A68:01 ,5815.62,ANZ78847,NRFGAISSSLQ,1060,1229.0
17,HLA-A68:01 ,5815.75,ANZ78847,DLKCPLDSRTG,17,1230.0
1070,HLA-A68:01 ,5816.19,ANZ78847,QEILSRLDALE,1070,1231.0
761,HLA-A68:01 ,5816.28,ANZ78847,NRRSRRAITTG,761,1232.0
994,HLA-A68:01 ,5816.45,ANZ78847,VQYRINGLGVT,994,1233.0
1237,HLA-A68:01 ,5816.68,ANZ78847,NLPDFREELDQ,1237,1234.0
111,HLA-A68:01 ,5816.7,ANZ78847,KNTKVFKDGVM,111,1235.0
1002,HLA-A68:01 ,5816.79,ANZ78847,GVTMDVLSQNQ,1002,1236.0
1074,HLA-A68:01 ,5816.91,ANZ78847,SRLDALEAEAQ,1074,1237.0
962,HLA-A68:01 ,5817.06,ANZ78847,SENQISGYTLA,962,1238.0
918,HLA-A68:01 ,5817.89,ANZ78847,LFDKVKLSDVG,918,1239.0
306,HLA-A68:01 ,5818.28,ANZ78847,KCKTQSIAPPT,306,1240.0
163,HLA-A68:01 ,5818.39,ANZ78847,EVSVCQYNMCE,163,1241.0
414,HLA-A68:01 ,5818.47,ANZ78847,VDLQLGNLGYL,414,1242.0
710,HLA-A68:01 ,5818.7,ANZ78847,VFNNSLTRQLQ,710,1243.0
1249,HLA-A68:01 ,5819.09,ANZ78847,FKNQTSVAPDL,1249,1244.0
27,HLA-A68:01 ,5819.2,ANZ78847,GSLNNIDTGPP,27,1245.0
1008,HLA-A68:01 ,5819.4,ANZ78847,LSQNQKLIANA,1008,1246.0
1039,HLA-A68:01 ,5819.7,ANZ78847,KIQAVVNANAE,1039,1247.0
600,HLA-A68:01 ,5819.71,ANZ78847,ANLILHDVNSG,600,1248.0
992,HLA-A68:01 ,5819.72,ANZ78847,LNVQYRINGLG,992,1249.0
554,HLA-A68:01 ,5820.13,ANZ78847,VGIGEHCSGLA,554,1250.0
429,HLA-A68:01 ,5820.39,ANZ78847,YRIDTTATSCQ,429,1251.0
1337,HLA-A68:01 ,5820.4,ANZ78847,FKKCGGCCDDY,1337,1252.0
1247,HLA-A68:01 ,5820.89,ANZ78847,QWFKNQTSVAP,1247,1253.0
838,HLA-A68:01 ,5821.24,ANZ78847,QLVEYGSFCDN,838,1254.0
612,HLA-A68:01 ,5821.34,ANZ78847,TCSTDLQKANT,612,1255.0
149,HLA-A68:01 ,5822.91,ANZ78847,NSTQDGVNKLQ,149,1256.0
717,HLA-A68:01 ,5822.92,ANZ78847,RQLQPINYFDS,717,1257.0
478,HLA-A68:01 ,5822.97,ANZ78847,VLTNHDVVYAQ,478,1258.0
509,HLA-A68:01 ,5822.99,ANZ78847,GSGPGKNNGIG,509,1259.0
44,HLA-A68:01 ,5823.56,ANZ78847,VDVTNGLGTYY,44,1260.0
1118,HLA-A68:01 ,5823.6,ANZ78847,MEKVNECVKSQ,1118,1261.0
1015,HLA-A68:01 ,5823.8,ANZ78847,IANAFNNALDA,1015,1262.0
84,HLA-A68:01 ,5823.95,ANZ78847,KGTDKLSTLWF,84,1263.0
931,HLA-A68:01 ,5823.95,ANZ78847,AAYNNCTGGAE,931,1263.0
793,HLA-A68:01 ,5824.13,ANZ78847,GGLYEIQIPSD,793,1265.0
1046,HLA-A68:01 ,5824.66,ANZ78847,ANAEALNNLLQ,1046,1266.0
1271,HLA-A68:01 ,5824.92,ANZ78847,LQVEMNRLQEA,1271,1267.0
1340,HLA-A68:01 ,5825.27,ANZ78847,CGGCCDDYTGY,1340,1268.0
159,HLA-A68:01 ,5825.29,ANZ78847,QGLLEVSVCQY,159,1269.0
1335,HLA-A68:01 ,5825.85,ANZ78847,SCFKKCGGCCD,1335,1270.0
743,HLA-A68:01 ,5825.95,ANZ78847,VQTCDLTVGSG,743,1271.0
800,HLA-A68:01 ,5826.25,ANZ78847,IPSDFTIGNME,800,1272.0
1338,HLA-A68:01 ,5826.73,ANZ78847,KKCGGCCDDYT,1338,1273.0
570,HLA-A68:01 ,5827.07,ANZ78847,CGGNPCTCQPQ,570,1274.0
1231,HLA-A68:01 ,5827.08,ANZ78847,LNTSIPNLPDF,1231,1275.0
344,HLA-A68:01 ,5827.17,ANZ78847,IEAWLNDKSVP,344,1276.0
1128,HLA-A68:01 ,5827.46,ANZ78847,QSSRINFCGNG,1128,1277.0
514,HLA-A68:01 ,5827.56,ANZ78847,KNNGIGTCPAG,514,1278.0
1130,HLA-A68:01 ,5827.59,ANZ78847,SRINFCGNGNH,1130,1279.0
530,HLA-A68:01 ,5829.09,ANZ78847,CHNLCNPDPIT,530,1280.0
748,HLA-A68:01 ,5829.52,ANZ78847,LTVGSGYCVDY,748,1281.0
877,HLA-A68:01 ,5829.83,ANZ78847,LSTKLKDGVNF,877,1282.0
1073,HLA-A68:01 ,5829.83,ANZ78847,LSRLDALEAEA,1073,1282.0
330,HLA-A68:01 ,5830.61,ANZ78847,ADVYRRKPDLP,330,1284.0
571,HLA-A68:01 ,5830.66,ANZ78847,GGNPCTCQPQA,571,1285.0
564,HLA-A68:01 ,5831.06,ANZ78847,AVKSDYCGGNP,564,1286.0
943,HLA-A68:01 ,5831.24,ANZ78847,RDLICVQSYKG,943,1287.0
590,HLA-A68:01 ,5831.36,ANZ78847,CLQGDKCNIFA,590,1288.0
937,HLA-A68:01 ,5831.47,ANZ78847,TGGAEIRDLIC,937,1289.0
589,HLA-A68:01 ,5831.51,ANZ78847,SCLQGDKCNIF,589,1290.0
1068,HLA-A68:01 ,5831.93,ANZ78847,SLQEILSRLDA,1068,1291.0
143,HLA-A68:01 ,5832.51,ANZ78847,VQPRTINSTQD,143,1292.0
512,HLA-A68:01 ,5832.51,ANZ78847,PGKNNGIGTCP,512,1292.0
246,HLA-A68:01 ,5833.12,ANZ78847,GMALSHYYVMP,246,1294.0
412,HLA-A68:01 ,5833.33,ANZ78847,RKVDLQLGNLG,412,1295.0
1176,HLA-A68:01 ,5833.84,ANZ78847,AGDRGIAPKSG,1176,1296.0
1022,HLA-A68:01 ,5834.33,ANZ78847,ALDAIQEGFDA,1022,1297.0
181,HLA-A68:01 ,5834.35,ANZ78847,PNLGNHFKELW,181,1298.0
1336,HLA-A68:01 ,5835.04,ANZ78847,CFKKCGGCCDD,1336,1299.0
1081,HLA-A68:01 ,5835.69,ANZ78847,AEAQIDRLING,1081,1300.0
1047,HLA-A68:01 ,5835.73,ANZ78847,NAEALNNLLQQ,1047,1301.0
1342,HLA-A68:01 ,5835.85,ANZ78847,GCCDDYTGYQE,1342,1302.0
610,HLA-A68:01 ,5836.35,ANZ78847,GLTCSTDLQKA,610,1303.0
501,HLA-A68:01 ,5836.6,ANZ78847,KSNSSLCVGSG,501,1304.0
996,HLA-A68:01 ,5836.95,ANZ78847,YRINGLGVTMD,996,1305.0
1277,HLA-A68:01 ,5836.98,ANZ78847,RLQEAIKVLNQ,1277,1306.0
653,HLA-A68:01 ,5837.55,ANZ78847,SWQNLLYDSNG,653,1307.0
608,HLA-A68:01 ,5838.24,ANZ78847,NSGLTCSTDLQ,608,1308.0
828,HLA-A68:01 ,5838.92,ANZ78847,VCGDYAACKSQ,828,1309.0
559,HLA-A68:01 ,5839.02,ANZ78847,HCSGLAVKSDY,559,1310.0
11,HLA-A68:01 ,5839.26,ANZ78847,AFAVIGDLKCP,11,1311.0
503,HLA-A68:01 ,5840.32,ANZ78847,NSSLCVGSGPG,503,1312.0
1295,HLA-A68:01 ,5842.31,ANZ78847,IGTYEYYVKWP,1295,1313.0
930,HLA-A68:01 ,5842.39,ANZ78847,VAAYNNCTGGA,930,1314.0
1339,HLA-A68:01 ,5842.77,ANZ78847,KCGGCCDDYTG,1339,1315.0
661,HLA-A68:01 ,5843.63,ANZ78847,SNGNLYGFRDY,661,1316.0
279,HLA-A68:01 ,5843.9,ANZ78847,RQYLLAFNQDG,279,1317.0
1239,HLA-A68:01 ,5844.92,ANZ78847,PDFREELDQWF,1239,1318.0
1173,HLA-A68:01 ,5845.52,ANZ78847,LCIAGDRGIAP,1173,1319.0
584,HLA-A68:01 ,5845.58,ANZ78847,GWSADSCLQGD,584,1320.0
1269,HLA-A68:01 ,5846.05,ANZ78847,LDLQVEMNRLQ,1269,1321.0
874,HLA-A68:01 ,5846.2,ANZ78847,GVTLSTKLKDG,874,1322.0
409,HLA-A68:01 ,5846.25,ANZ78847,PNGRKVDLQLG,409,1323.0
801,HLA-A68:01 ,5846.38,ANZ78847,PSDFTIGNMEE,801,1324.0
14,HLA-A68:01 ,5846.4,ANZ78847,VIGDLKCPLDS,14,1325.0
561,HLA-A68:01 ,5846.41,ANZ78847,SGLAVKSDYCG,561,1326.0
182,HLA-A68:01 ,5847.96,ANZ78847,NLGNHFKELWH,182,1327.0
569,HLA-A68:01 ,5848.17,ANZ78847,YCGGNPCTCQP,569,1328.0
464,HLA-A68:01 ,5852.05,ANZ78847,GFIEDSVFKPQ,464,1329.0
1331,HLA-A68:01 ,5852.61,ANZ78847,GCGTSCFKKCG,1331,1330.0
39,HLA-A68:01 ,5855.15,ANZ78847,ISTATVDVTNG,39,1331.0
864,HLA-A68:01 ,5855.22,ANZ78847,QLQVANSLMNG,864,1332.0
939,HLA-A68:01 ,5855.22,ANZ78847,GAEIRDLICVQ,939,1332.0
144,HLA-A68:01 ,5856.22,ANZ78847,QPRTINSTQDG,144,1334.0
407,HLA-A68:01 ,5857.67,ANZ78847,AIPNGRKVDLQ,407,1335.0
538,HLA-A68:01 ,5858.21,ANZ78847,PITFTGPYKCP,538,1336.0
856,HLA-A68:01 ,5858.97,ANZ78847,VNELLDTTQLQ,856,1337.0
769,HLA-A68:01 ,5859.49,ANZ78847,TTGYRFTNFEP,769,1338.0
507,HLA-A68:01 ,5860.12,ANZ78847,CVGSGPGKNNG,507,1339.0
630,HLA-A68:01 ,5860.96,ANZ78847,VNYDLYGISGQ,630,1340.0
1126,HLA-A68:01 ,5862.47,ANZ78847,KSQSSRINFCG,1126,1341.0
1242,HLA-A68:01 ,5863.02,ANZ78847,REELDQWFKNQ,1242,1342.0
1341,HLA-A68:01 ,5863.97,ANZ78847,GGCCDDYTGYQ,1341,1343.0
566,HLA-A68:01 ,5864.38,ANZ78847,KSDYCGGNPCT,566,1344.0
528,HLA-A68:01 ,5865.77,ANZ78847,LTCHNLCNPDP,528,1345.0
83,HLA-A68:01 ,5865.82,ANZ78847,LKGTDKLSTLW,83,1346.0
562,HLA-A68:01 ,5868.71,ANZ78847,GLAVKSDYCGG,562,1347.0
1332,HLA-A68:01 ,5868.72,ANZ78847,CGTSCFKKCGG,1332,1348.0
1019,HLA-A68:01 ,5870.42,ANZ78847,FNNALDAIQEG,1019,1349.0
1170,HLA-A68:01 ,5870.48,ANZ78847,SPGLCIAGDRG,1170,1350.0
75,HLA-A68:01 ,5875.09,ANZ78847,GSTYRNMALKG,75,1351.0
109,HLA-A68:01 ,5881.09,ANZ78847,KVKNTKVFKDG,109,1352.0
1027,HLA-B40:01 ,27.17,ANZ78847,QEGFDATNSAL,1027,1.0
796,HLA-B40:01 ,45.8,ANZ78847,YEIQIPSDFTI,796,2.0
914,HLA-B40:01 ,169.76,ANZ78847,IEDLLFDKVKL,914,3.0
1298,HLA-B40:01 ,285.6,ANZ78847,YEYYVKWPWYV,1298,4.0
188,HLA-B40:01 ,326.3,ANZ78847,KELWHMDTGVV,188,5.0
1069,HLA-B40:01 ,440.35,ANZ78847,LQEILSRLDAL,1069,6.0
1134,HLA-B40:01 ,500.03,ANZ78847,FCGNGNHIISL,1134,7.0
319,HLA-B40:01 ,633.46,ANZ78847,YELNGYTVQPI,319,8.0
1242,HLA-B40:01 ,1121.36,ANZ78847,REELDQWFKNQ,1242,9.0
1048,HLA-B40:01 ,2067.71,ANZ78847,AEALNNLLQQL,1048,10.0
962,HLA-B40:01 ,2604.2,ANZ78847,SENQISGYTLA,962,11.0
557,HLA-B40:01 ,2626.5,ANZ78847,GEHCSGLAVKS,557,12.0
843,HLA-B40:01 ,3089.23,ANZ78847,GSFCDNINAIL,843,13.0
1083,HLA-B40:01 ,3434.66,ANZ78847,AQIDRLINGRL,1083,14.0
220,HLA-B40:01 ,3538.74,ANZ78847,YQEGGTFYAYF,220,15.0
1209,HLA-B40:01 ,3709.9,ANZ78847,TENNVVVMSTC,1209,16.0
789,HLA-B40:01 ,3770.31,ANZ78847,LEPVGGLYEIQ,789,17.0
344,HLA-B40:01 ,4542.27,ANZ78847,IEAWLNDKSVP,344,18.0
1251,HLA-B40:01 ,4623.21,ANZ78847,NQTSVAPDLAL,1251,19.0
840,HLA-B40:01 ,4872.95,ANZ78847,VEYGSFCDNIN,840,20.0
1145,HLA-B40:01 ,4908.24,ANZ78847,VQNAPYGLYFI,1145,21.0
719,HLA-B40:01 ,5253.94,ANZ78847,LQPINYFDSYL,719,22.0
1079,HLA-B40:01 ,5291.25,ANZ78847,LEAEAQIDRLI,1079,23.0
162,HLA-B40:01 ,5363.36,ANZ78847,LEVSVCQYNMC,162,24.0
1312,HLA-B40:01 ,5761.85,ANZ78847,ICLAGVAMLVL,1312,25.0
151,HLA-B40:01 ,5914.06,ANZ78847,TQDGVNKLQGL,151,26.0
854,HLA-B40:01 ,6600.22,ANZ78847,TEVNELLDTTQ,854,27.0
303,HLA-B40:01 ,6605.01,ANZ78847,SEIKCKTQSIA,303,28.0
269,HLA-B40:01 ,7810.49,ANZ78847,LEYWVTPLTSR,269,29.0
810,HLA-B40:01 ,8435.15,ANZ78847,EEFIQTSSPKV,810,30.0
123,HLA-B40:01 ,8828.83,ANZ78847,SEFPAITIGST,123,31.0
1081,HLA-B40:01 ,9622.52,ANZ78847,AEAQIDRLING,1081,32.0
1301,HLA-B40:01 ,10217.7,ANZ78847,YVKWPWYVWLL,1301,33.0
172,HLA-B40:01 ,10329.03,ANZ78847,CEYPHTICHPN,172,34.0
1102,HLA-B40:01 ,10713.77,ANZ78847,QQLSDSTLVKF,1102,35.0
1118,HLA-B40:01 ,10842.06,ANZ78847,MEKVNECVKSQ,1118,36.0
378,HLA-B40:01 ,11090.82,ANZ78847,IQADSFTCNNI,378,37.0
221,HLA-B40:01 ,11157.63,ANZ78847,QEGGTFYAYFT,221,38.0
1009,HLA-B40:01 ,11403.5,ANZ78847,SQNQKLIANAF,1009,39.0
940,HLA-B40:01 ,11853.69,ANZ78847,AEIRDLICVQS,940,40.0
1070,HLA-B40:01 ,12305.85,ANZ78847,QEILSRLDALE,1070,41.0
595,HLA-B40:01 ,12506.64,ANZ78847,KCNIFANLILH,595,42.0
487,HLA-B40:01 ,12546.33,ANZ78847,AQHCFKAPKNF,487,43.0
857,HLA-B40:01 ,12841.01,ANZ78847,NELLDTTQLQV,857,44.0
961,HLA-B40:01 ,13204.41,ANZ78847,LSENQISGYTL,961,45.0
266,HLA-B40:01 ,13509.68,ANZ78847,GFTLEYWVTPL,266,46.0
1205,HLA-B40:01 ,13681.77,ANZ78847,PEPITENNVVV,1205,47.0
518,HLA-B40:01 ,14105.4,ANZ78847,IGTCPAGTNYL,518,48.0
696,HLA-B40:01 ,14676.41,ANZ78847,SEPALLFRNIK,696,49.0
359,HLA-B40:01 ,14742.97,ANZ78847,WERKTFSNCNF,359,50.0
1122,HLA-B40:01 ,14786.21,ANZ78847,NECVKSQSSRI,1122,51.0
1173,HLA-B40:01 ,15219.04,ANZ78847,LCIAGDRGIAP,1173,52.0
1300,HLA-B40:01 ,15719.44,ANZ78847,YYVKWPWYVWL,1300,53.0
529,HLA-B40:01 ,15872.93,ANZ78847,TCHNLCNPDPI,529,54.0
263,HLA-B40:01 ,15991.98,ANZ78847,RNIGFTLEYWV,263,55.0
398,HLA-B40:01 ,16127.23,ANZ78847,FSSITIDKFAI,398,56.0
466,HLA-B40:01 ,16235.66,ANZ78847,IEDSVFKPQPA,466,57.0
639,HLA-B40:01 ,16406.68,ANZ78847,GQGIFVEVNAT,639,58.0
809,HLA-B40:01 ,17192.59,ANZ78847,MEEFIQTSSPK,809,59.0
1343,HLA-B40:01 ,17247.7,ANZ78847,CCDDYTGYQEL,1343,60.0
1055,HLA-B40:01 ,17388.34,ANZ78847,LQQLSNRFGAI,1055,61.0
777,HLA-B40:01 ,17501.17,ANZ78847,FEPFTVNSVND,777,62.0
695,HLA-B40:01 ,17751.56,ANZ78847,SSEPALLFRNI,695,63.0
187,HLA-B40:01 ,17918.89,ANZ78847,FKELWHMDTGV,187,64.0
1026,HLA-B40:01 ,17968.83,ANZ78847,IQEGFDATNSA,1026,65.0
1273,HLA-B40:01 ,18008.61,ANZ78847,VEMNRLQEAIK,1273,66.0
865,HLA-B40:01 ,18078.22,ANZ78847,LQVANSLMNGV,865,67.0
982,HLA-B40:01 ,18197.6,ANZ78847,WTAAAGVPFYL,982,68.0
208,HLA-B40:01 ,18230.44,ANZ78847,YDVNATYLYFH,208,69.0
863,HLA-B40:01 ,18563.1,ANZ78847,TQLQVANSLMN,863,70.0
1303,HLA-B40:01 ,19009.64,ANZ78847,KWPWYVWLLIC,1303,71.0
830,HLA-B40:01 ,19398.81,ANZ78847,GDYAACKSQLV,830,72.0
364,HLA-B40:01 ,19896.22,ANZ78847,FSNCNFNMSSL,364,73.0
798,HLA-B40:01 ,19966.86,ANZ78847,IQIPSDFTIGN,798,74.0
316,HLA-B40:01 ,20002.34,ANZ78847,TGVYELNGYTV,316,75.0
171,HLA-B40:01 ,20160.7,ANZ78847,MCEYPHTICHP,171,76.0
1041,HLA-B40:01 ,20552.64,ANZ78847,QAVVNANAEAL,1041,77.0
1146,HLA-B40:01 ,20649.71,ANZ78847,QNAPYGLYFIH,1146,78.0
51,HLA-B40:01 ,20650.31,ANZ78847,GTYYVLDRVYL,51,79.0
903,HLA-B40:01 ,20956.61,ANZ78847,SECSKASSRSA,903,80.0
12,HLA-B40:01 ,20972.42,ANZ78847,FAVIGDLKCPL,12,81.0
776,HLA-B40:01 ,21170.02,ANZ78847,NFEPFTVNSVN,776,82.0
399,HLA-B40:01 ,21282.45,ANZ78847,SSITIDKFAIP,399,83.0
1326,HLA-B40:01 ,21294.36,ANZ78847,ICCCTGCGTSC,1326,84.0
245,HLA-B40:01 ,21333.14,ANZ78847,LGMALSHYYVM,245,85.0
1228,HLA-B40:01 ,21442.77,ANZ78847,YVMLNTSIPNL,1228,86.0
523,HLA-B40:01 ,21520.45,ANZ78847,AGTNYLTCHNL,523,87.0
845,HLA-B40:01 ,21578.96,ANZ78847,FCDNINAILTE,845,88.0
856,HLA-B40:01 ,21697.35,ANZ78847,VNELLDTTQLQ,856,89.0
855,HLA-B40:01 ,21812.31,ANZ78847,EVNELLDTTQL,855,90.0
593,HLA-B40:01 ,21820.56,ANZ78847,GDKCNIFANLI,593,91.0
808,HLA-B40:01 ,21834.44,ANZ78847,NMEEFIQTSSP,808,92.0
939,HLA-B40:01 ,21843.94,ANZ78847,GAEIRDLICVQ,939,93.0
438,HLA-B40:01 ,22065.09,ANZ78847,CQLYYNLPAAN,438,94.0
190,HLA-B40:01 ,22829.55,ANZ78847,LWHMDTGVVSC,190,95.0
730,HLA-B40:01 ,22861.55,ANZ78847,GCVVNAYNSTA,730,96.0
1150,HLA-B40:01 ,22876.02,ANZ78847,YGLYFIHFSYV,1150,97.0
627,HLA-B40:01 ,23153.41,ANZ78847,GVCVNYDLYGI,627,98.0
644,HLA-B40:01 ,23424.29,ANZ78847,VEVNATYYNSW,644,99.0
964,HLA-B40:01 ,23543.54,ANZ78847,NQISGYTLAAT,964,100.0
1351,HLA-B40:01 ,23648.66,ANZ78847,QELVIKTSHDD,1351,101.0
998,HLA-B40:01 ,23725.14,ANZ78847,INGLGVTMDVL,998,102.0
1243,HLA-B40:01 ,23864.32,ANZ78847,EELDQWFKNQT,1243,103.0
205,HLA-B40:01 ,24155.77,ANZ78847,NFTYDVNATYL,205,104.0
131,HLA-B40:01 ,24206.4,ANZ78847,GSTFVNTSYSV,131,105.0
849,HLA-B40:01 ,24311.69,ANZ78847,INAILTEVNEL,849,106.0
1271,HLA-B40:01 ,24510.27,ANZ78847,LQVEMNRLQEA,1271,107.0
594,HLA-B40:01 ,24541.96,ANZ78847,DKCNIFANLIL,594,108.0
592,HLA-B40:01 ,24786.94,ANZ78847,QGDKCNIFANL,592,109.0
434,HLA-B40:01 ,24789.28,ANZ78847,TATSCQLYYNL,434,110.0
813,HLA-B40:01 ,24850.92,ANZ78847,IQTSSPKVTID,813,111.0
1342,HLA-B40:01 ,24874.15,ANZ78847,GCCDDYTGYQE,1342,112.0
1350,HLA-B40:01 ,24969.86,ANZ78847,YQELVIKTSHD,1350,113.0
591,HLA-B40:01 ,25042.52,ANZ78847,LQGDKCNIFAN,591,114.0
318,HLA-B40:01 ,25075.66,ANZ78847,VYELNGYTVQP,318,115.0
837,HLA-B40:01 ,25190.24,ANZ78847,SQLVEYGSFCD,837,116.0
662,HLA-B40:01 ,25248.37,ANZ78847,NGNLYGFRDYL,662,117.0
1147,HLA-B40:01 ,25266.55,ANZ78847,NAPYGLYFIHF,1147,118.0
925,HLA-B40:01 ,25455.2,ANZ78847,SDVGFVAAYNN,925,119.0
183,HLA-B40:01 ,25458.27,ANZ78847,LGNHFKELWHM,183,120.0
994,HLA-B40:01 ,25587.98,ANZ78847,VQYRINGLGVT,994,121.0
950,HLA-B40:01 ,25660.2,ANZ78847,SYKGIKVLPPL,950,122.0
247,HLA-B40:01 ,25792.02,ANZ78847,MALSHYYVMPL,247,123.0
79,HLA-B40:01 ,25910.63,ANZ78847,RNMALKGTDKL,79,124.0
286,HLA-B40:01 ,25921.76,ANZ78847,NQDGIIFNAVD,286,125.0
158,HLA-B40:01 ,25963.62,ANZ78847,LQGLLEVSVCQ,158,126.0
1282,HLA-B40:01 ,25987.03,ANZ78847,IKVLNQSYINL,1282,127.0
1040,HLA-B40:01 ,26090.14,ANZ78847,IQAVVNANAEA,1040,128.0
968,HLA-B40:01 ,26168.23,ANZ78847,GYTLAATSASL,968,129.0
302,HLA-B40:01 ,26169.92,ANZ78847,MSEIKCKTQSI,302,130.0
1272,HLA-B40:01 ,26260.74,ANZ78847,QVEMNRLQEAI,1272,131.0
705,HLA-B40:01 ,26372.93,ANZ78847,IKCNYVFNNSL,705,132.0
1115,HLA-B40:01 ,26429.06,ANZ78847,AQAMEKVNECV,1115,133.0
829,HLA-B40:01 ,26460.66,ANZ78847,CGDYAACKSQL,829,134.0
167,HLA-B40:01 ,26529.12,ANZ78847,CQYNMCEYPHT,167,135.0
173,HLA-B40:01 ,26544.54,ANZ78847,EYPHTICHPNL,173,136.0
1066,HLA-B40:01 ,26556.62,ANZ78847,SSSLQEILSRL,1066,137.0
1142,HLA-B40:01 ,26612.64,ANZ78847,ISLVQNAPYGL,1142,138.0
1080,HLA-B40:01 ,26662.7,ANZ78847,EAEAQIDRLIN,1080,139.0
1304,HLA-B40:01 ,26785.92,ANZ78847,WPWYVWLLICL,1304,140.0
1059,HLA-B40:01 ,26812.28,ANZ78847,SNRFGAISSSL,1059,141.0
233,HLA-B40:01 ,26844.42,ANZ78847,TGVVTKFLFNV,233,142.0
770,HLA-B40:01 ,26980.96,ANZ78847,TGYRFTNFEPF,770,143.0
1341,HLA-B40:01 ,27056.0,ANZ78847,GGCCDDYTGYQ,1341,144.0
654,HLA-B40:01 ,27293.84,ANZ78847,WQNLLYDSNGN,654,145.0
1279,HLA-B40:01 ,27481.49,ANZ78847,QEAIKVLNQSY,1279,146.0
1275,HLA-B40:01 ,27534.64,ANZ78847,MNRLQEAIKVL,1275,147.0
497,HLA-B40:01 ,27603.53,ANZ78847,FCPCKSNSSLC,497,148.0
1186,HLA-B40:01 ,27604.56,ANZ78847,GYFVNVNNTWM,1186,149.0
139,HLA-B40:01 ,27643.39,ANZ78847,YSVVVQPRTIN,139,150.0
948,HLA-B40:01 ,27906.09,ANZ78847,VQSYKGIKVLP,948,151.0
436,HLA-B40:01 ,27932.32,ANZ78847,TSCQLYYNLPA,436,152.0
1264,HLA-B40:01 ,27969.47,ANZ78847,INVTFLDLQVE,1264,153.0
1078,HLA-B40:01 ,28013.68,ANZ78847,ALEAEAQIDRL,1078,154.0
628,HLA-B40:01 ,28033.24,ANZ78847,VCVNYDLYGIS,628,155.0
1101,HLA-B40:01 ,28133.72,ANZ78847,SQQLSDSTLVK,1101,156.0
1044,HLA-B40:01 ,28207.63,ANZ78847,VNANAEALNNL,1044,157.0
938,HLA-B40:01 ,28294.51,ANZ78847,GGAEIRDLICV,938,158.0
1261,HLA-B40:01 ,28333.8,ANZ78847,LDYINVTFLDL,1261,159.0
317,HLA-B40:01 ,28411.93,ANZ78847,GVYELNGYTVQ,317,160.0
40,HLA-B40:01 ,28517.07,ANZ78847,STATVDVTNGL,40,161.0
279,HLA-B40:01 ,28526.86,ANZ78847,RQYLLAFNQDG,279,162.0
1086,HLA-B40:01 ,28600.38,ANZ78847,DRLINGRLTAL,1086,163.0
569,HLA-B40:01 ,28636.09,ANZ78847,YCGGNPCTCQP,569,164.0
239,HLA-B40:01 ,28721.05,ANZ78847,FLFNVYLGMAL,239,165.0
703,HLA-B40:01 ,28821.06,ANZ78847,RNIKCNYVFNN,703,166.0
567,HLA-B40:01 ,28821.54,ANZ78847,SDYCGGNPCTC,567,167.0
1063,HLA-B40:01 ,28852.07,ANZ78847,GAISSSLQEIL,1063,168.0
326,HLA-B40:01 ,28936.69,ANZ78847,VQPIADVYRRK,326,169.0
1194,HLA-B40:01 ,28960.67,ANZ78847,TWMYTGSGYYY,1194,170.0
669,HLA-B40:01 ,28998.56,ANZ78847,RDYLTNRTFMI,669,171.0
414,HLA-B40:01 ,29241.99,ANZ78847,VDLQLGNLGYL,414,172.0
309,HLA-B40:01 ,29290.93,ANZ78847,TQSIAPPTGVY,309,173.0
437,HLA-B40:01 ,29301.21,ANZ78847,SCQLYYNLPAA,437,174.0
57,HLA-B40:01 ,29322.69,ANZ78847,DRVYLNTTLFL,57,175.0
1090,HLA-B40:01 ,29346.59,ANZ78847,NGRLTALNAYV,1090,176.0
1299,HLA-B40:01 ,29347.45,ANZ78847,EYYVKWPWYVW,1299,177.0
1179,HLA-B40:01 ,29370.26,ANZ78847,RGIAPKSGYFV,1179,178.0
169,HLA-B40:01 ,29373.29,ANZ78847,YNMCEYPHTIC,169,179.0
647,HLA-B40:01 ,29512.43,ANZ78847,NATYYNSWQNL,647,180.0
89,HLA-B40:01 ,29517.51,ANZ78847,LSTLWFKPPFL,89,181.0
1344,HLA-B40:01 ,29622.93,ANZ78847,CDDYTGYQELV,1344,182.0
1011,HLA-B40:01 ,29635.79,ANZ78847,NQKLIANAFNN,1011,183.0
122,HLA-B40:01 ,29644.26,ANZ78847,YSEFPAITIGS,122,184.0
895,HLA-B40:01 ,29828.89,ANZ78847,SSVLGCLGSEC,895,185.0
259,HLA-B40:01 ,29853.18,ANZ78847,CISRRNIGFTL,259,186.0
1349,HLA-B40:01 ,29879.95,ANZ78847,GYQELVIKTSH,1349,187.0
73,HLA-B40:01 ,29886.21,ANZ78847,TSGSTYRNMAL,73,188.0
782,HLA-B40:01 ,29993.09,ANZ78847,VNSVNDSLEPV,782,189.0
655,HLA-B40:01 ,30074.22,ANZ78847,QNLLYDSNGNL,655,190.0
464,HLA-B40:01 ,30088.56,ANZ78847,GFIEDSVFKPQ,464,191.0
846,HLA-B40:01 ,30119.33,ANZ78847,CDNINAILTEV,846,192.0
29,HLA-B40:01 ,30176.2,ANZ78847,LNNIDTGPPSI,29,193.0
788,HLA-B40:01 ,30179.02,ANZ78847,SLEPVGGLYEI,788,194.0
572,HLA-B40:01 ,30191.2,ANZ78847,GNPCTCQPQAF,572,195.0
152,HLA-B40:01 ,30191.74,ANZ78847,QDGVNKLQGLL,152,196.0
888,HLA-B40:01 ,30233.08,ANZ78847,NVDDINFSSVL,888,197.0
790,HLA-B40:01 ,30248.38,ANZ78847,EPVGGLYEIQI,790,198.0
411,HLA-B40:01 ,30258.98,ANZ78847,GRKVDLQLGNL,411,199.0
184,HLA-B40:01 ,30311.93,ANZ78847,GNHFKELWHMD,184,200.0
733,HLA-B40:01 ,30329.21,ANZ78847,VNAYNSTAISV,733,201.0
1315,HLA-B40:01 ,30331.87,ANZ78847,AGVAMLVLLFF,1315,202.0
717,HLA-B40:01 ,30365.76,ANZ78847,RQLQPINYFDS,717,203.0
1278,HLA-B40:01 ,30377.66,ANZ78847,LQEAIKVLNQS,1278,204.0
1249,HLA-B40:01 ,30393.17,ANZ78847,FKNQTSVAPDL,1249,205.0
230,HLA-B40:01 ,30410.45,ANZ78847,FTDTGVVTKFL,230,206.0
963,HLA-B40:01 ,30417.25,ANZ78847,ENQISGYTLAA,963,207.0
148,HLA-B40:01 ,30440.01,ANZ78847,INSTQDGVNKL,148,208.0
573,HLA-B40:01 ,30449.14,ANZ78847,NPCTCQPQAFL,573,209.0
272,HLA-B40:01 ,30455.33,ANZ78847,WVTPLTSRQYL,272,210.0
207,HLA-B40:01 ,30464.83,ANZ78847,TYDVNATYLYF,207,211.0
681,HLA-B40:01 ,30482.54,ANZ78847,SCYSGRVSAAF,681,212.0
1302,HLA-B40:01 ,30516.57,ANZ78847,VKWPWYVWLLI,1302,213.0
912,HLA-B40:01 ,30571.04,ANZ78847,SAIEDLLFDKV,912,214.0
736,HLA-B40:01 ,30574.29,ANZ78847,YNSTAISVQTC,736,215.0
1316,HLA-B40:01 ,30578.92,ANZ78847,GVAMLVLLFFI,1316,216.0
1047,HLA-B40:01 ,30589.98,ANZ78847,NAEALNNLLQQ,1047,217.0
616,HLA-B40:01 ,30602.52,ANZ78847,DLQKANTDIKL,616,218.0
1311,HLA-B40:01 ,30606.64,ANZ78847,LICLAGVAMLV,1311,219.0
249,HLA-B40:01 ,30683.1,ANZ78847,LSHYYVMPLTC,249,220.0
235,HLA-B40:01 ,30724.37,ANZ78847,VVTKFLFNVYL,235,221.0
170,HLA-B40:01 ,30743.07,ANZ78847,NMCEYPHTICH,170,222.0
1198,HLA-B40:01 ,30787.38,ANZ78847,TGSGYYYPEPI,1198,223.0
908,HLA-B40:01 ,30843.5,ANZ78847,ASSRSAIEDLL,908,224.0
480,HLA-B40:01 ,30849.49,ANZ78847,TNHDVVYAQHC,480,225.0
995,HLA-B40:01 ,30881.87,ANZ78847,QYRINGLGVTM,995,226.0
1221,HLA-B40:01 ,30889.49,ANZ78847,VNYTKAPYVML,1221,227.0
5,HLA-B40:01 ,30898.1,ANZ78847,LISLPTAFAVI,5,228.0
1308,HLA-B40:01 ,30900.43,ANZ78847,VWLLICLAGVA,1308,229.0
1268,HLA-B40:01 ,30945.91,ANZ78847,FLDLQVEMNRL,1268,230.0
1241,HLA-B40:01 ,31014.55,ANZ78847,FREELDQWFKN,1241,231.0
292,HLA-B40:01 ,31092.36,ANZ78847,FNAVDCMSDFM,292,232.0
773,HLA-B40:01 ,31140.04,ANZ78847,RFTNFEPFTVN,773,233.0
46,HLA-B40:01 ,31170.41,ANZ78847,VTNGLGTYYVL,46,234.0
287,HLA-B40:01 ,31174.56,ANZ78847,QDGIIFNAVDC,287,235.0
624,HLA-B40:01 ,31223.21,ANZ78847,IKLGVCVNYDL,624,236.0
632,HLA-B40:01 ,31236.62,ANZ78847,YDLYGISGQGI,632,237.0
842,HLA-B40:01 ,31244.38,ANZ78847,YGSFCDNINAI,842,238.0
738,HLA-B40:01 ,31291.67,ANZ78847,STAISVQTCDL,738,239.0
690,HLA-B40:01 ,31306.89,ANZ78847,AFHANSSEPAL,690,240.0
394,HLA-B40:01 ,31311.37,ANZ78847,YGMCFSSITID,394,241.0
19,HLA-B40:01 ,31319.9,ANZ78847,KCPLDSRTGSL,19,242.0
709,HLA-B40:01 ,31381.23,ANZ78847,YVFNNSLTRQL,709,243.0
166,HLA-B40:01 ,31387.09,ANZ78847,VCQYNMCEYPH,166,244.0
867,HLA-B40:01 ,31412.76,ANZ78847,VANSLMNGVTL,867,245.0
285,HLA-B40:01 ,31428.43,ANZ78847,FNQDGIIFNAV,285,246.0
775,HLA-B40:01 ,31471.12,ANZ78847,TNFEPFTVNSV,775,247.0
222,HLA-B40:01 ,31512.82,ANZ78847,EGGTFYAYFTD,222,248.0
34,HLA-B40:01 ,31520.42,ANZ78847,TGPPSISTATV,34,249.0
424,HLA-B40:01 ,31521.38,ANZ78847,LQSFNYRIDTT,424,250.0
1034,HLA-B40:01 ,31563.01,ANZ78847,NSALVKIQAVV,1034,251.0
951,HLA-B40:01 ,31573.61,ANZ78847,YKGIKVLPPLL,951,252.0
839,HLA-B40:01 ,31609.21,ANZ78847,LVEYGSFCDNI,839,253.0
347,HLA-B40:01 ,31612.04,ANZ78847,WLNDKSVPSPL,347,254.0
168,HLA-B40:01 ,31680.86,ANZ78847,QYNMCEYPHTI,168,255.0
980,HLA-B40:01 ,31691.94,ANZ78847,PPWTAAAGVPF,980,256.0
1211,HLA-B40:01 ,31706.9,ANZ78847,NNVVVMSTCAV,1211,257.0
56,HLA-B40:01 ,31718.79,ANZ78847,LDRVYLNTTLF,56,258.0
416,HLA-B40:01 ,31784.46,ANZ78847,LQLGNLGYLQS,416,259.0
241,HLA-B40:01 ,31819.44,ANZ78847,FNVYLGMALSH,241,260.0
1028,HLA-B40:01 ,31822.18,ANZ78847,EGFDATNSALV,1028,261.0
1004,HLA-B40:01 ,31827.09,ANZ78847,TMDVLSQNQKL,1004,262.0
1293,HLA-B40:01 ,31843.36,ANZ78847,KDIGTYEYYVK,1293,263.0
1309,HLA-B40:01 ,31857.17,ANZ78847,WLLICLAGVAM,1309,264.0
907,HLA-B40:01 ,31863.66,ANZ78847,KASSRSAIEDL,907,265.0
577,HLA-B40:01 ,31883.93,ANZ78847,CQPQAFLGWSA,577,266.0
1046,HLA-B40:01 ,31901.31,ANZ78847,ANAEALNNLLQ,1046,267.0
546,HLA-B40:01 ,31954.2,ANZ78847,KCPQSKSLVGI,546,268.0
520,HLA-B40:01 ,31958.67,ANZ78847,TCPAGTNYLTC,520,269.0
1132,HLA-B40:01 ,31971.03,ANZ78847,INFCGNGNHII,1132,270.0
1259,HLA-B40:01 ,31988.26,ANZ78847,LALDYINVTFL,1259,271.0
935,HLA-B40:01 ,32000.03,ANZ78847,NCTGGAEIRDL,935,272.0
620,HLA-B40:01 ,32034.87,ANZ78847,ANTDIKLGVCV,620,273.0
947,HLA-B40:01 ,32081.95,ANZ78847,CVQSYKGIKVL,947,274.0
1045,HLA-B40:01 ,32113.97,ANZ78847,NANAEALNNLL,1045,275.0
191,HLA-B40:01 ,32132.85,ANZ78847,WHMDTGVVSCL,191,276.0
1030,HLA-B40:01 ,32142.72,ANZ78847,FDATNSALVKI,1030,277.0
1062,HLA-B40:01 ,32168.91,ANZ78847,FGAISSSLQEI,1062,278.0
469,HLA-B40:01 ,32204.67,ANZ78847,SVFKPQPAGVL,469,279.0
1317,HLA-B40:01 ,32245.82,ANZ78847,VAMLVLLFFIC,1317,280.0
887,HLA-B40:01 ,32272.59,ANZ78847,FNVDDINFSSV,887,281.0
223,HLA-B40:01 ,32312.37,ANZ78847,GGTFYAYFTDT,223,282.0
712,HLA-B40:01 ,32324.33,ANZ78847,NNSLTRQLQPI,712,283.0
785,HLA-B40:01 ,32330.12,ANZ78847,VNDSLEPVGGL,785,284.0
1292,HLA-B40:01 ,32399.27,ANZ78847,LKDIGTYEYYV,1292,285.0
375,HLA-B40:01 ,32497.8,ANZ78847,MSFIQADSFTC,375,286.0
1033,HLA-B40:01 ,32508.45,ANZ78847,TNSALVKIQAV,1033,287.0
684,HLA-B40:01 ,32509.07,ANZ78847,SGRVSAAFHAN,684,288.0
100,HLA-B40:01 ,32569.14,ANZ78847,SDFINGIFAKV,100,289.0
971,HLA-B40:01 ,32591.2,ANZ78847,LAATSASLFPP,971,290.0
1013,HLA-B40:01 ,32591.46,ANZ78847,KLIANAFNNAL,1013,291.0
668,HLA-B40:01 ,32619.67,ANZ78847,FRDYLTNRTFM,668,292.0
871,HLA-B40:01 ,32657.39,ANZ78847,LMNGVTLSTKL,871,293.0
1345,HLA-B40:01 ,32690.03,ANZ78847,DDYTGYQELVI,1345,294.0
924,HLA-B40:01 ,32702.72,ANZ78847,LSDVGFVAAYN,924,295.0
111,HLA-B40:01 ,32705.27,ANZ78847,KNTKVFKDGVM,111,296.0
1307,HLA-B40:01 ,32712.52,ANZ78847,YVWLLICLAGV,1307,297.0
1127,HLA-B40:01 ,32730.64,ANZ78847,SQSSRINFCGN,1127,298.0
861,HLA-B40:01 ,32742.21,ANZ78847,DTTQLQVANSL,861,299.0
635,HLA-B40:01 ,32763.87,ANZ78847,YGISGQGIFVE,635,300.0
386,HLA-B40:01 ,32777.62,ANZ78847,NNIDAAKIYGM,386,301.0
22,HLA-B40:01 ,32795.09,ANZ78847,LDSRTGSLNNI,22,302.0
723,HLA-B40:01 ,32813.17,ANZ78847,NYFDSYLGCVV,723,303.0
637,HLA-B40:01 ,32824.06,ANZ78847,ISGQGIFVEVN,637,304.0
361,HLA-B40:01 ,32839.34,ANZ78847,RKTFSNCNFNM,361,305.0
724,HLA-B40:01 ,32890.85,ANZ78847,YFDSYLGCVVN,724,306.0
237,HLA-B40:01 ,32902.0,ANZ78847,TKFLFNVYLGM,237,307.0
86,HLA-B40:01 ,32938.17,ANZ78847,TDKLSTLWFKP,86,308.0
1135,HLA-B40:01 ,32994.98,ANZ78847,CGNGNHIISLV,1135,309.0
746,HLA-B40:01 ,33025.58,ANZ78847,CDLTVGSGYCV,746,310.0
1313,HLA-B40:01 ,33027.3,ANZ78847,CLAGVAMLVLL,1313,311.0
683,HLA-B40:01 ,33037.91,ANZ78847,YSGRVSAAFHA,683,312.0
195,HLA-B40:01 ,33039.17,ANZ78847,TGVVSCLYKRN,195,313.0
1137,HLA-B40:01 ,33054.59,ANZ78847,NGNHIISLVQN,1137,314.0
570,HLA-B40:01 ,33055.91,ANZ78847,CGGNPCTCQPQ,570,315.0
534,HLA-B40:01 ,33067.96,ANZ78847,CNPDPITFTGP,534,316.0
365,HLA-B40:01 ,33093.77,ANZ78847,SNCNFNMSSLM,365,317.0
991,HLA-B40:01 ,33113.53,ANZ78847,YLNVQYRINGL,991,318.0
1163,HLA-B40:01 ,33119.48,ANZ78847,KYVTAKVSPGL,1163,319.0
1016,HLA-B40:01 ,33162.81,ANZ78847,ANAFNNALDAI,1016,320.0
891,HLA-B40:01 ,33168.65,ANZ78847,DINFSSVLGCL,891,321.0
329,HLA-B40:01 ,33177.62,ANZ78847,IADVYRRKPDL,329,322.0
862,HLA-B40:01 ,33179.02,ANZ78847,TTQLQVANSLM,862,323.0
277,HLA-B40:01 ,33224.48,ANZ78847,TSRQYLLAFNQ,277,324.0
250,HLA-B40:01 ,33272.75,ANZ78847,SHYYVMPLTCI,250,325.0
211,HLA-B40:01 ,33278.26,ANZ78847,NATYLYFHFYQ,211,326.0
161,HLA-B40:01 ,33284.83,ANZ78847,LLEVSVCQYNM,161,327.0
496,HLA-B40:01 ,33328.14,ANZ78847,NFCPCKSNSSL,496,328.0
8,HLA-B40:01 ,33337.67,ANZ78847,LPTAFAVIGDL,8,329.0
946,HLA-B40:01 ,33338.08,ANZ78847,ICVQSYKGIKV,946,330.0
47,HLA-B40:01 ,33347.14,ANZ78847,TNGLGTYYVLD,47,331.0
310,HLA-B40:01 ,33385.22,ANZ78847,QSIAPPTGVYE,310,332.0
1056,HLA-B40:01 ,33387.97,ANZ78847,QQLSNRFGAIS,1056,333.0
177,HLA-B40:01 ,33394.74,ANZ78847,TICHPNLGNHF,177,334.0
338,HLA-B40:01 ,33397.19,ANZ78847,DLPNCNIEAWL,338,335.0
1199,HLA-B40:01 ,33418.39,ANZ78847,GSGYYYPEPIT,1199,336.0
430,HLA-B40:01 ,33458.45,ANZ78847,RIDTTATSCQL,430,337.0
607,HLA-B40:01 ,33511.91,ANZ78847,VNSGLTCSTDL,607,338.0
701,HLA-B40:01 ,33517.85,ANZ78847,LFRNIKCNYVF,701,339.0
802,HLA-B40:01 ,33570.55,ANZ78847,SDFTIGNMEEF,802,340.0
694,HLA-B40:01 ,33575.35,ANZ78847,NSSEPALLFRN,694,341.0
308,HLA-B40:01 ,33607.78,ANZ78847,KTQSIAPPTGV,308,342.0
974,HLA-B40:01 ,33639.9,ANZ78847,TSASLFPPWTA,974,343.0
581,HLA-B40:01 ,33650.76,ANZ78847,AFLGWSADSCL,581,344.0
311,HLA-B40:01 ,33662.09,ANZ78847,SIAPPTGVYEL,311,345.0
1094,HLA-B40:01 ,33710.07,ANZ78847,TALNAYVSQQL,1094,346.0
118,HLA-B40:01 ,33713.78,ANZ78847,DGVMYSEFPAI,118,347.0
368,HLA-B40:01 ,33719.77,ANZ78847,NFNMSSLMSFI,368,348.0
743,HLA-B40:01 ,33734.52,ANZ78847,VQTCDLTVGSG,743,349.0
346,HLA-B40:01 ,33740.09,ANZ78847,AWLNDKSVPSP,346,350.0
1314,HLA-B40:01 ,33754.6,ANZ78847,LAGVAMLVLLF,1314,351.0
1327,HLA-B40:01 ,33765.27,ANZ78847,CCCTGCGTSCF,1327,352.0
138,HLA-B40:01 ,33788.86,ANZ78847,SYSVVVQPRTI,138,353.0
1195,HLA-B40:01 ,33818.58,ANZ78847,WMYTGSGYYYP,1195,354.0
1310,HLA-B40:01 ,33835.27,ANZ78847,LLICLAGVAML,1310,355.0
1318,HLA-B40:01 ,33863.35,ANZ78847,AMLVLLFFICC,1318,356.0
919,HLA-B40:01 ,33875.99,ANZ78847,FDKVKLSDVGF,919,357.0
642,HLA-B40:01 ,33933.93,ANZ78847,IFVEVNATYYN,642,358.0
343,HLA-B40:01 ,33958.53,ANZ78847,NIEAWLNDKSV,343,359.0
658,HLA-B40:01 ,34004.51,ANZ78847,LYDSNGNLYGF,658,360.0
393,HLA-B40:01 ,34008.79,ANZ78847,IYGMCFSSITI,393,361.0
27,HLA-B40:01 ,34015.88,ANZ78847,GSLNNIDTGPP,27,362.0
589,HLA-B40:01 ,34053.27,ANZ78847,SCLQGDKCNIF,589,363.0
506,HLA-B40:01 ,34073.29,ANZ78847,LCVGSGPGKNN,506,364.0
985,HLA-B40:01 ,34094.38,ANZ78847,AAGVPFYLNVQ,985,365.0
369,HLA-B40:01 ,34100.03,ANZ78847,FNMSSLMSFIQ,369,366.0
745,HLA-B40:01 ,34102.97,ANZ78847,TCDLTVGSGYC,745,367.0
396,HLA-B40:01 ,34111.39,ANZ78847,MCFSSITIDKF,396,368.0
479,HLA-B40:01 ,34113.5,ANZ78847,LTNHDVVYAQH,479,369.0
722,HLA-B40:01 ,34119.99,ANZ78847,INYFDSYLGCV,722,370.0
1131,HLA-B40:01 ,34143.53,ANZ78847,RINFCGNGNHI,1131,371.0
691,HLA-B40:01 ,34167.13,ANZ78847,FHANSSEPALL,691,372.0
1297,HLA-B40:01 ,34193.32,ANZ78847,TYEYYVKWPWY,1297,373.0
1201,HLA-B40:01 ,34222.26,ANZ78847,GYYYPEPITEN,1201,374.0
458,HLA-B40:01 ,34249.41,ANZ78847,TWNKRFGFIED,458,375.0
406,HLA-B40:01 ,34251.59,ANZ78847,FAIPNGRKVDL,406,376.0
1231,HLA-B40:01 ,34261.18,ANZ78847,LNTSIPNLPDF,1231,377.0
543,HLA-B40:01 ,34279.95,ANZ78847,GPYKCPQSKSL,543,378.0
1112,HLA-B40:01 ,34301.8,ANZ78847,FSAAQAMEKVN,1112,379.0
1138,HLA-B40:01 ,34332.33,ANZ78847,GNHIISLVQNA,1138,380.0
993,HLA-B40:01 ,34335.18,ANZ78847,NVQYRINGLGV,993,381.0
231,HLA-B40:01 ,34350.7,ANZ78847,TDTGVVTKFLF,231,382.0
751,HLA-B40:01 ,34365.97,ANZ78847,GSGYCVDYSKN,751,383.0
1319,HLA-B40:01 ,34370.87,ANZ78847,MLVLLFFICCC,1319,384.0
531,HLA-B40:01 ,34383.99,ANZ78847,HNLCNPDPITF,531,385.0
779,HLA-B40:01 ,34450.55,ANZ78847,PFTVNSVNDSL,779,386.0
421,HLA-B40:01 ,34462.84,ANZ78847,LGYLQSFNYRI,421,387.0
882,HLA-B40:01 ,34465.75,ANZ78847,KDGVNFNVDDI,882,388.0
1212,HLA-B40:01 ,34469.14,ANZ78847,NVVVMSTCAVN,1212,389.0
725,HLA-B40:01 ,34509.02,ANZ78847,FDSYLGCVVNA,725,390.0
1222,HLA-B40:01 ,34528.95,ANZ78847,NYTKAPYVMLN,1222,391.0
229,HLA-B40:01 ,34530.16,ANZ78847,YFTDTGVVTKF,229,392.0
270,HLA-B40:01 ,34564.7,ANZ78847,EYWVTPLTSRQ,270,393.0
163,HLA-B40:01 ,34590.66,ANZ78847,EVSVCQYNMCE,163,394.0
764,HLA-B40:01 ,34600.82,ANZ78847,SRRAITTGYRF,764,395.0
1005,HLA-B40:01 ,34625.36,ANZ78847,MDVLSQNQKLI,1005,396.0
904,HLA-B40:01 ,34629.74,ANZ78847,ECSKASSRSAI,904,397.0
132,HLA-B40:01 ,34630.49,ANZ78847,STFVNTSYSVV,132,398.0
278,HLA-B40:01 ,34635.34,ANZ78847,SRQYLLAFNQD,278,399.0
288,HLA-B40:01 ,34640.32,ANZ78847,DGIIFNAVDCM,288,400.0
850,HLA-B40:01 ,34643.55,ANZ78847,NAILTEVNELL,850,401.0
1099,HLA-B40:01 ,34653.67,ANZ78847,YVSQQLSDSTL,1099,402.0
244,HLA-B40:01 ,34681.83,ANZ78847,YLGMALSHYYV,244,403.0
1203,HLA-B40:01 ,34682.3,ANZ78847,YYPEPITENNV,1203,404.0
1285,HLA-B40:01 ,34688.38,ANZ78847,LNQSYINLKDI,1285,405.0
799,HLA-B40:01 ,34741.35,ANZ78847,QIPSDFTIGNM,799,406.0
1216,HLA-B40:01 ,34752.92,ANZ78847,MSTCAVNYTKA,1216,407.0
1035,HLA-B40:01 ,34809.5,ANZ78847,SALVKIQAVVN,1035,408.0
648,HLA-B40:01 ,34834.59,ANZ78847,ATYYNSWQNLL,648,409.0
201,HLA-B40:01 ,34846.05,ANZ78847,LYKRNFTYDVN,201,410.0
550,HLA-B40:01 ,34851.85,ANZ78847,SKSLVGIGEHC,550,411.0
1121,HLA-B40:01 ,34857.59,ANZ78847,VNECVKSQSSR,1121,412.0
1295,HLA-B40:01 ,34867.01,ANZ78847,IGTYEYYVKWP,1295,413.0
549,HLA-B40:01 ,34868.59,ANZ78847,QSKSLVGIGEH,549,414.0
983,HLA-B40:01 ,34871.4,ANZ78847,TAAAGVPFYLN,983,415.0
52,HLA-B40:01 ,34872.2,ANZ78847,TYYVLDRVYLN,52,416.0
1217,HLA-B40:01 ,34898.83,ANZ78847,STCAVNYTKAP,1217,417.0
984,HLA-B40:01 ,34958.35,ANZ78847,AAAGVPFYLNV,984,418.0
322,HLA-B40:01 ,34962.68,ANZ78847,NGYTVQPIADV,322,419.0
1305,HLA-B40:01 ,34967.75,ANZ78847,PWYVWLLICLA,1305,420.0
391,HLA-B40:01 ,34978.73,ANZ78847,AKIYGMCFSSI,391,421.0
828,HLA-B40:01 ,34982.53,ANZ78847,VCGDYAACKSQ,828,422.0
1010,HLA-B40:01 ,34987.42,ANZ78847,QNQKLIANAFN,1010,423.0
441,HLA-B40:01 ,35001.64,ANZ78847,YYNLPAANVSV,441,424.0
556,HLA-B40:01 ,35008.84,ANZ78847,IGEHCSGLAVK,556,425.0
367,HLA-B40:01 ,35015.78,ANZ78847,CNFNMSSLMSF,367,426.0
146,HLA-B40:01 ,35019.11,ANZ78847,RTINSTQDGVN,146,427.0
219,HLA-B40:01 ,35037.96,ANZ78847,FYQEGGTFYAY,219,428.0
565,HLA-B40:01 ,35051.9,ANZ78847,VKSDYCGGNPC,565,429.0
752,HLA-B40:01 ,35052.83,ANZ78847,SGYCVDYSKNR,752,430.0
1263,HLA-B40:01 ,35054.66,ANZ78847,YINVTFLDLQV,1263,431.0
1239,HLA-B40:01 ,35055.63,ANZ78847,PDFREELDQWF,1239,432.0
969,HLA-B40:01 ,35066.07,ANZ78847,YTLAATSASLF,969,433.0
1256,HLA-B40:01 ,35109.02,ANZ78847,APDLALDYINV,1256,434.0
708,HLA-B40:01 ,35135.52,ANZ78847,NYVFNNSLTRQ,708,435.0
1286,HLA-B40:01 ,35146.62,ANZ78847,NQSYINLKDIG,1286,436.0
1202,HLA-B40:01 ,35186.37,ANZ78847,YYYPEPITENN,1202,437.0
297,HLA-B40:01 ,35188.25,ANZ78847,CMSDFMSEIKC,297,438.0
1181,HLA-B40:01 ,35209.04,ANZ78847,IAPKSGYFVNV,1181,439.0
1052,HLA-B40:01 ,35227.21,ANZ78847,NNLLQQLSNRF,1052,440.0
1108,HLA-B40:01 ,35227.59,ANZ78847,TLVKFSAAQAM,1108,441.0
909,HLA-B40:01 ,35233.67,ANZ78847,SSRSAIEDLLF,909,442.0
933,HLA-B40:01 ,35238.57,ANZ78847,YNNCTGGAEIR,933,443.0
1255,HLA-B40:01 ,35241.69,ANZ78847,VAPDLALDYIN,1255,444.0
645,HLA-B40:01 ,35242.37,ANZ78847,EVNATYYNSWQ,645,445.0
766,HLA-B40:01 ,35256.27,ANZ78847,RAITTGYRFTN,766,446.0
295,HLA-B40:01 ,35258.84,ANZ78847,VDCMSDFMSEI,295,447.0
584,HLA-B40:01 ,35288.62,ANZ78847,GWSADSCLQGD,584,448.0
71,HLA-B40:01 ,35300.43,ANZ78847,YPTSGSTYRNM,71,449.0
1100,HLA-B40:01 ,35301.27,ANZ78847,VSQQLSDSTLV,1100,450.0
136,HLA-B40:01 ,35329.5,ANZ78847,NTSYSVVVQPR,136,451.0
1061,HLA-B40:01 ,35341.42,ANZ78847,RFGAISSSLQE,1061,452.0
176,HLA-B40:01 ,35379.41,ANZ78847,HTICHPNLGNH,176,453.0
804,HLA-B40:01 ,35382.91,ANZ78847,FTIGNMEEFIQ,804,454.0
1197,HLA-B40:01 ,35388.13,ANZ78847,YTGSGYYYPEP,1197,455.0
358,HLA-B40:01 ,35429.34,ANZ78847,NWERKTFSNCN,358,456.0
586,HLA-B40:01 ,35447.96,ANZ78847,SADSCLQGDKC,586,457.0
614,HLA-B40:01 ,35456.47,ANZ78847,STDLQKANTDI,614,458.0
634,HLA-B40:01 ,35459.37,ANZ78847,LYGISGQGIFV,634,459.0
133,HLA-B40:01 ,35466.04,ANZ78847,TFVNTSYSVVV,133,460.0
1265,HLA-B40:01 ,35470.41,ANZ78847,NVTFLDLQVEM,1265,461.0
1130,HLA-B40:01 ,35472.67,ANZ78847,SRINFCGNGNH,1130,462.0
682,HLA-B40:01 ,35478.2,ANZ78847,CYSGRVSAAFH,682,463.0
1020,HLA-B40:01 ,35484.97,ANZ78847,NNALDAIQEGF,1020,464.0
1136,HLA-B40:01 ,35488.22,ANZ78847,GNGNHIISLVQ,1136,465.0
772,HLA-B40:01 ,35489.31,ANZ78847,YRFTNFEPFTV,772,466.0
388,HLA-B40:01 ,35496.8,ANZ78847,IDAAKIYGMCF,388,467.0
727,HLA-B40:01 ,35508.02,ANZ78847,SYLGCVVNAYN,727,468.0
94,HLA-B40:01 ,35521.18,ANZ78847,FKPPFLSDFIN,94,469.0
325,HLA-B40:01 ,35548.2,ANZ78847,TVQPIADVYRR,325,470.0
10,HLA-B40:01 ,35549.83,ANZ78847,TAFAVIGDLKC,10,471.0
818,HLA-B40:01 ,35583.29,ANZ78847,PKVTIDCAAFV,818,472.0
121,HLA-B40:01 ,35583.59,ANZ78847,MYSEFPAITIG,121,473.0
619,HLA-B40:01 ,35589.88,ANZ78847,KANTDIKLGVC,619,474.0
1200,HLA-B40:01 ,35593.33,ANZ78847,SGYYYPEPITE,1200,475.0
1247,HLA-B40:01 ,35602.32,ANZ78847,QWFKNQTSVAP,1247,476.0
226,HLA-B40:01 ,35603.38,ANZ78847,FYAYFTDTGVV,226,477.0
209,HLA-B40:01 ,35615.28,ANZ78847,DVNATYLYFHF,209,478.0
471,HLA-B40:01 ,35631.91,ANZ78847,FKPQPAGVLTN,471,479.0
348,HLA-B40:01 ,35636.4,ANZ78847,LNDKSVPSPLN,348,480.0
596,HLA-B40:01 ,35653.57,ANZ78847,CNIFANLILHD,596,481.0
408,HLA-B40:01 ,35654.94,ANZ78847,IPNGRKVDLQL,408,482.0
598,HLA-B40:01 ,35655.73,ANZ78847,IFANLILHDVN,598,483.0
653,HLA-B40:01 ,35656.68,ANZ78847,SWQNLLYDSNG,653,484.0
213,HLA-B40:01 ,35663.52,ANZ78847,TYLYFHFYQEG,213,485.0
877,HLA-B40:01 ,35665.56,ANZ78847,LSTKLKDGVNF,877,486.0
1111,HLA-B40:01 ,35667.84,ANZ78847,KFSAAQAMEKV,1111,487.0
92,HLA-B40:01 ,35687.18,ANZ78847,LWFKPPFLSDF,92,488.0
989,HLA-B40:01 ,35693.89,ANZ78847,PFYLNVQYRIN,989,489.0
1180,HLA-B40:01 ,35696.41,ANZ78847,GIAPKSGYFVN,1180,490.0
324,HLA-B40:01 ,35697.87,ANZ78847,YTVQPIADVYR,324,491.0
265,HLA-B40:01 ,35701.38,ANZ78847,IGFTLEYWVTP,265,492.0
1076,HLA-B40:01 ,35703.77,ANZ78847,LDALEAEAQID,1076,493.0
428,HLA-B40:01 ,35705.71,ANZ78847,NYRIDTTATSC,428,494.0
1254,HLA-B40:01 ,35715.05,ANZ78847,SVAPDLALDYI,1254,495.0
1219,HLA-B40:01 ,35717.85,ANZ78847,CAVNYTKAPYV,1219,496.0
793,HLA-B40:01 ,35724.22,ANZ78847,GGLYEIQIPSD,793,497.0
106,HLA-B40:01 ,35734.77,ANZ78847,IFAKVKNTKVF,106,498.0
305,HLA-B40:01 ,35756.74,ANZ78847,IKCKTQSIAPP,305,499.0
646,HLA-B40:01 ,35768.73,ANZ78847,VNATYYNSWQN,646,500.0
601,HLA-B40:01 ,35782.08,ANZ78847,NLILHDVNSGL,601,501.0
560,HLA-B40:01 ,35782.33,ANZ78847,CSGLAVKSDYC,560,502.0
1220,HLA-B40:01 ,35784.9,ANZ78847,AVNYTKAPYVM,1220,503.0
225,HLA-B40:01 ,35800.64,ANZ78847,TFYAYFTDTGV,225,504.0
1178,HLA-B40:01 ,35806.12,ANZ78847,DRGIAPKSGYF,1178,505.0
621,HLA-B40:01 ,35806.46,ANZ78847,NTDIKLGVCVN,621,506.0
383,HLA-B40:01 ,35807.41,ANZ78847,FTCNNIDAAKI,383,507.0
339,HLA-B40:01 ,35809.78,ANZ78847,LPNCNIEAWLN,339,508.0
312,HLA-B40:01 ,35812.15,ANZ78847,IAPPTGVYELN,312,509.0
667,HLA-B40:01 ,35825.57,ANZ78847,GFRDYLTNRTF,667,510.0
1204,HLA-B40:01 ,35831.39,ANZ78847,YPEPITENNVV,1204,511.0
304,HLA-B40:01 ,35843.93,ANZ78847,EIKCKTQSIAP,304,512.0
126,HLA-B40:01 ,35847.33,ANZ78847,PAITIGSTFVN,126,513.0
280,HLA-B40:01 ,35850.06,ANZ78847,QYLLAFNQDGI,280,514.0
180,HLA-B40:01 ,35888.02,ANZ78847,HPNLGNHFKEL,180,515.0
819,HLA-B40:01 ,35889.72,ANZ78847,KVTIDCAAFVC,819,516.0
568,HLA-B40:01 ,35890.72,ANZ78847,DYCGGNPCTCQ,568,517.0
465,HLA-B40:01 ,35890.73,ANZ78847,FIEDSVFKPQP,465,518.0
652,HLA-B40:01 ,35905.18,ANZ78847,NSWQNLLYDSN,652,519.0
608,HLA-B40:01 ,35933.89,ANZ78847,NSGLTCSTDLQ,608,520.0
1274,HLA-B40:01 ,35949.65,ANZ78847,EMNRLQEAIKV,1274,521.0
1039,HLA-B40:01 ,35964.29,ANZ78847,KIQAVVNANAE,1039,522.0
58,HLA-B40:01 ,35968.96,ANZ78847,RVYLNTTLFLN,58,523.0
758,HLA-B40:01 ,35974.65,ANZ78847,YSKNRRSRRAI,758,524.0
997,HLA-B40:01 ,35980.26,ANZ78847,RINGLGVTMDV,997,525.0
357,HLA-B40:01 ,35992.53,ANZ78847,LNWERKTFSNC,357,526.0
178,HLA-B40:01 ,35992.68,ANZ78847,ICHPNLGNHFK,178,527.0
638,HLA-B40:01 ,36002.57,ANZ78847,SGQGIFVEVNA,638,528.0
847,HLA-B40:01 ,36003.96,ANZ78847,DNINAILTEVN,847,529.0
415,HLA-B40:01 ,36026.34,ANZ78847,DLQLGNLGYLQ,415,530.0
1245,HLA-B40:01 ,36028.52,ANZ78847,LDQWFKNQTSV,1245,531.0
817,HLA-B40:01 ,36042.23,ANZ78847,SPKVTIDCAAF,817,532.0
966,HLA-B40:01 ,36046.1,ANZ78847,ISGYTLAATSA,966,533.0
702,HLA-B40:01 ,36063.75,ANZ78847,FRNIKCNYVFN,702,534.0
120,HLA-B40:01 ,36067.96,ANZ78847,VMYSEFPAITI,120,535.0
1017,HLA-B40:01 ,36078.74,ANZ78847,NAFNNALDAIQ,1017,536.0
1235,HLA-B40:01 ,36093.28,ANZ78847,IPNLPDFREEL,1235,537.0
498,HLA-B40:01 ,36100.79,ANZ78847,CPCKSNSSLCV,498,538.0
1183,HLA-B40:01 ,36101.75,ANZ78847,PKSGYFVNVNN,1183,539.0
1276,HLA-B40:01 ,36110.84,ANZ78847,NRLQEAIKVLN,1276,540.0
218,HLA-B40:01 ,36119.16,ANZ78847,HFYQEGGTFYA,218,541.0
978,HLA-B40:01 ,36126.95,ANZ78847,LFPPWTAAAGV,978,542.0
780,HLA-B40:01 ,36134.01,ANZ78847,FTVNSVNDSLE,780,543.0
475,HLA-B40:01 ,36137.15,ANZ78847,PAGVLTNHDVV,475,544.0
949,HLA-B40:01 ,36141.64,ANZ78847,QSYKGIKVLPP,949,545.0
1171,HLA-B40:01 ,36144.9,ANZ78847,PGLCIAGDRGI,1171,546.0
212,HLA-B40:01 ,36147.41,ANZ78847,ATYLYFHFYQE,212,547.0
1106,HLA-B40:01 ,36153.91,ANZ78847,DSTLVKFSAAQ,1106,548.0
156,HLA-B40:01 ,36159.82,ANZ78847,NKLQGLLEVSV,156,549.0
463,HLA-B40:01 ,36180.05,ANZ78847,FGFIEDSVFKP,463,550.0
450,HLA-B40:01 ,36180.57,ANZ78847,SVSRFNPSTWN,450,551.0
731,HLA-B40:01 ,36187.26,ANZ78847,CVVNAYNSTAI,731,552.0
472,HLA-B40:01 ,36210.06,ANZ78847,KPQPAGVLTNH,472,553.0
48,HLA-B40:01 ,36218.55,ANZ78847,NGLGTYYVLDR,48,554.0
1129,HLA-B40:01 ,36219.05,ANZ78847,SSRINFCGNGN,1129,555.0
384,HLA-B40:01 ,36237.15,ANZ78847,TCNNIDAAKIY,384,556.0
525,HLA-B40:01 ,36244.83,ANZ78847,TNYLTCHNLCN,525,557.0
97,HLA-B40:01 ,36253.8,ANZ78847,PFLSDFINGIF,97,558.0
206,HLA-B40:01 ,36255.32,ANZ78847,FTYDVNATYLY,206,559.0
371,HLA-B40:01 ,36278.71,ANZ78847,MSSLMSFIQAD,371,560.0
124,HLA-B40:01 ,36294.74,ANZ78847,EFPAITIGSTF,124,561.0
36,HLA-B40:01 ,36309.84,ANZ78847,PPSISTATVDV,36,562.0
533,HLA-B40:01 ,36328.66,ANZ78847,LCNPDPITFTG,533,563.0
680,HLA-B40:01 ,36331.94,ANZ78847,RSCYSGRVSAA,680,564.0
640,HLA-B40:01 ,36352.34,ANZ78847,QGIFVEVNATY,640,565.0
1144,HLA-B40:01 ,36352.9,ANZ78847,LVQNAPYGLYF,1144,566.0
1206,HLA-B40:01 ,36357.21,ANZ78847,EPITENNVVVM,1206,567.0
1001,HLA-B40:01 ,36360.73,ANZ78847,LGVTMDVLSQN,1001,568.0
1280,HLA-B40:01 ,36361.37,ANZ78847,EAIKVLNQSYI,1280,569.0
521,HLA-B40:01 ,36375.52,ANZ78847,CPAGTNYLTCH,521,570.0
1334,HLA-B40:01 ,36382.41,ANZ78847,TSCFKKCGGCC,1334,571.0
93,HLA-B40:01 ,36384.33,ANZ78847,WFKPPFLSDFI,93,572.0
1151,HLA-B40:01 ,36392.56,ANZ78847,GLYFIHFSYVP,1151,573.0
894,HLA-B40:01 ,36402.47,ANZ78847,FSSVLGCLGSE,894,574.0
1196,HLA-B40:01 ,36431.28,ANZ78847,MYTGSGYYYPE,1196,575.0
486,HLA-B40:01 ,36434.16,ANZ78847,YAQHCFKAPKN,486,576.0
260,HLA-B40:01 ,36440.29,ANZ78847,ISRRNIGFTLE,260,577.0
937,HLA-B40:01 ,36440.69,ANZ78847,TGGAEIRDLIC,937,578.0
825,HLA-B40:01 ,36445.66,ANZ78847,AAFVCGDYAAC,825,579.0
555,HLA-B40:01 ,36446.82,ANZ78847,GIGEHCSGLAV,555,580.0
890,HLA-B40:01 ,36480.8,ANZ78847,DDINFSSVLGC,890,581.0
643,HLA-B40:01 ,36486.23,ANZ78847,FVEVNATYYNS,643,582.0
1225,HLA-B40:01 ,36498.48,ANZ78847,KAPYVMLNTSI,1225,583.0
524,HLA-B40:01 ,36511.04,ANZ78847,GTNYLTCHNLC,524,584.0
216,HLA-B40:01 ,36516.83,ANZ78847,YFHFYQEGGTF,216,585.0
797,HLA-B40:01 ,36521.92,ANZ78847,EIQIPSDFTIG,797,586.0
1139,HLA-B40:01 ,36529.19,ANZ78847,NHIISLVQNAP,1139,587.0
932,HLA-B40:01 ,36546.0,ANZ78847,AYNNCTGGAEI,932,588.0
617,HLA-B40:01 ,36583.83,ANZ78847,LQKANTDIKLG,617,589.0
622,HLA-B40:01 ,36586.29,ANZ78847,TDIKLGVCVNY,622,590.0
571,HLA-B40:01 ,36591.68,ANZ78847,GGNPCTCQPQA,571,591.0
1074,HLA-B40:01 ,36596.59,ANZ78847,SRLDALEAEAQ,1074,592.0
55,HLA-B40:01 ,36612.22,ANZ78847,VLDRVYLNTTL,55,593.0
603,HLA-B40:01 ,36625.21,ANZ78847,ILHDVNSGLTC,603,594.0
516,HLA-B40:01 ,36638.81,ANZ78847,NGIGTCPAGTN,516,595.0
783,HLA-B40:01 ,36646.15,ANZ78847,NSVNDSLEPVG,783,596.0
6,HLA-B40:01 ,36647.14,ANZ78847,ISLPTAFAVIG,6,597.0
429,HLA-B40:01 ,36651.38,ANZ78847,YRIDTTATSCQ,429,598.0
1252,HLA-B40:01 ,36668.4,ANZ78847,QTSVAPDLALD,1252,599.0
944,HLA-B40:01 ,36677.18,ANZ78847,DLICVQSYKGI,944,600.0
62,HLA-B40:01 ,36701.37,ANZ78847,NTTLFLNGYYP,62,601.0
502,HLA-B40:01 ,36705.51,ANZ78847,SNSSLCVGSGP,502,602.0
1060,HLA-B40:01 ,36713.72,ANZ78847,NRFGAISSSLQ,1060,603.0
1322,HLA-B40:01 ,36714.01,ANZ78847,LLFFICCCTGC,1322,604.0
84,HLA-B40:01 ,36733.35,ANZ78847,KGTDKLSTLWF,84,605.0
1031,HLA-B40:01 ,36737.59,ANZ78847,DATNSALVKIQ,1031,606.0
812,HLA-B40:01 ,36747.88,ANZ78847,FIQTSSPKVTI,812,607.0
537,HLA-B40:01 ,36760.91,ANZ78847,DPITFTGPYKC,537,608.0
814,HLA-B40:01 ,36766.39,ANZ78847,QTSSPKVTIDC,814,609.0
2,HLA-B40:01 ,36784.48,ANZ78847,LILLISLPTAF,2,610.0
461,HLA-B40:01 ,36795.54,ANZ78847,KRFGFIEDSVF,461,611.0
1281,HLA-B40:01 ,36807.61,ANZ78847,AIKVLNQSYIN,1281,612.0
1182,HLA-B40:01 ,36807.64,ANZ78847,APKSGYFVNVN,1182,613.0
351,HLA-B40:01 ,36807.72,ANZ78847,KSVPSPLNWER,351,614.0
1269,HLA-B40:01 ,36808.43,ANZ78847,LDLQVEMNRLQ,1269,615.0
1067,HLA-B40:01 ,36809.77,ANZ78847,SSLQEILSRLD,1067,616.0
1187,HLA-B40:01 ,36816.96,ANZ78847,YFVNVNNTWMY,1187,617.0
512,HLA-B40:01 ,36823.02,ANZ78847,PGKNNGIGTCP,512,618.0
1123,HLA-B40:01 ,36824.25,ANZ78847,ECVKSQSSRIN,1123,619.0
273,HLA-B40:01 ,36831.78,ANZ78847,VTPLTSRQYLL,273,620.0
1166,HLA-B40:01 ,36834.67,ANZ78847,TAKVSPGLCIA,1166,621.0
987,HLA-B40:01 ,36845.18,ANZ78847,GVPFYLNVQYR,987,622.0
321,HLA-B40:01 ,36856.93,ANZ78847,LNGYTVQPIAD,321,623.0
334,HLA-B40:01 ,36859.1,ANZ78847,RRKPDLPNCNI,334,624.0
135,HLA-B40:01 ,36892.41,ANZ78847,VNTSYSVVVQP,135,625.0
370,HLA-B40:01 ,36905.21,ANZ78847,NMSSLMSFIQA,370,626.0
453,HLA-B40:01 ,36906.79,ANZ78847,RFNPSTWNKRF,453,627.0
82,HLA-B40:01 ,36907.59,ANZ78847,ALKGTDKLSTL,82,628.0
456,HLA-B40:01 ,36907.65,ANZ78847,PSTWNKRFGFI,456,629.0
460,HLA-B40:01 ,36908.34,ANZ78847,NKRFGFIEDSV,460,630.0
716,HLA-B40:01 ,36909.78,ANZ78847,TRQLQPINYFD,716,631.0
447,HLA-B40:01 ,36913.98,ANZ78847,ANVSVSRFNPS,447,632.0
1306,HLA-B40:01 ,36915.56,ANZ78847,WYVWLLICLAG,1306,633.0
1330,HLA-B40:01 ,36922.94,ANZ78847,TGCGTSCFKKC,1330,634.0
1037,HLA-B40:01 ,36931.46,ANZ78847,LVKIQAVVNAN,1037,635.0
741,HLA-B40:01 ,36943.46,ANZ78847,ISVQTCDLTVG,741,636.0
734,HLA-B40:01 ,36949.59,ANZ78847,NAYNSTAISVQ,734,637.0
1133,HLA-B40:01 ,36956.51,ANZ78847,NFCGNGNHIIS,1133,638.0
670,HLA-B40:01 ,36956.84,ANZ78847,DYLTNRTFMIR,670,639.0
45,HLA-B40:01 ,36964.57,ANZ78847,DVTNGLGTYYV,45,640.0
1164,HLA-B40:01 ,36967.31,ANZ78847,YVTAKVSPGLC,1164,641.0
1210,HLA-B40:01 ,36967.34,ANZ78847,ENNVVVMSTCA,1210,642.0
4,HLA-B40:01 ,36975.27,ANZ78847,LLISLPTAFAV,4,643.0
1339,HLA-B40:01 ,36975.58,ANZ78847,KCGGCCDDYTG,1339,644.0
835,HLA-B40:01 ,36988.91,ANZ78847,CKSQLVEYGSF,835,645.0
457,HLA-B40:01 ,36991.13,ANZ78847,STWNKRFGFIE,457,646.0
1189,HLA-B40:01 ,36993.41,ANZ78847,VNVNNTWMYTG,1189,647.0
422,HLA-B40:01 ,36998.97,ANZ78847,GYLQSFNYRID,422,648.0
0,HLA-B40:01 ,37019.9,ANZ78847,MFLILLISLPT,0,649.0
899,HLA-B40:01 ,37021.93,ANZ78847,GCLGSECSKAS,899,650.0
1258,HLA-B40:01 ,37037.39,ANZ78847,DLALDYINVTF,1258,651.0
926,HLA-B40:01 ,37038.1,ANZ78847,DVGFVAAYNNC,926,652.0
618,HLA-B40:01 ,37040.26,ANZ78847,QKANTDIKLGV,618,653.0
63,HLA-B40:01 ,37043.08,ANZ78847,TTLFLNGYYPT,63,654.0
240,HLA-B40:01 ,37044.38,ANZ78847,LFNVYLGMALS,240,655.0
1093,HLA-B40:01 ,37044.77,ANZ78847,LTALNAYVSQQ,1093,656.0
697,HLA-B40:01 ,37060.55,ANZ78847,EPALLFRNIKC,697,657.0
1105,HLA-B40:01 ,37068.15,ANZ78847,SDSTLVKFSAA,1105,658.0
996,HLA-B40:01 ,37074.88,ANZ78847,YRINGLGVTMD,996,659.0
38,HLA-B40:01 ,37075.64,ANZ78847,SISTATVDVTN,38,660.0
553,HLA-B40:01 ,37082.4,ANZ78847,LVGIGEHCSGL,553,661.0
143,HLA-B40:01 ,37089.29,ANZ78847,VQPRTINSTQD,143,662.0
1116,HLA-B40:01 ,37093.05,ANZ78847,QAMEKVNECVK,1116,663.0
117,HLA-B40:01 ,37095.74,ANZ78847,KDGVMYSEFPA,117,664.0
979,HLA-B40:01 ,37099.2,ANZ78847,FPPWTAAAGVP,979,665.0
134,HLA-B40:01 ,37100.54,ANZ78847,FVNTSYSVVVQ,134,666.0
879,HLA-B40:01 ,37118.38,ANZ78847,TKLKDGVNFNV,879,667.0
39,HLA-B40:01 ,37122.24,ANZ78847,ISTATVDVTNG,39,668.0
988,HLA-B40:01 ,37126.15,ANZ78847,VPFYLNVQYRI,988,669.0
481,HLA-B40:01 ,37134.84,ANZ78847,NHDVVYAQHCF,481,670.0
769,HLA-B40:01 ,37137.63,ANZ78847,TTGYRFTNFEP,769,671.0
435,HLA-B40:01 ,37139.08,ANZ78847,ATSCQLYYNLP,435,672.0
490,HLA-B40:01 ,37141.82,ANZ78847,CFKAPKNFCPC,490,673.0
992,HLA-B40:01 ,37142.2,ANZ78847,LNVQYRINGLG,992,674.0
905,HLA-B40:01 ,37142.6,ANZ78847,CSKASSRSAIE,905,675.0
729,HLA-B40:01 ,37160.62,ANZ78847,LGCVVNAYNST,729,676.0
1087,HLA-B40:01 ,37168.73,ANZ78847,RLINGRLTALN,1087,677.0
913,HLA-B40:01 ,37178.59,ANZ78847,AIEDLLFDKVK,913,678.0
96,HLA-B40:01 ,37185.72,ANZ78847,PPFLSDFINGI,96,679.0
721,HLA-B40:01 ,37205.31,ANZ78847,PINYFDSYLGC,721,680.0
99,HLA-B40:01 ,37213.54,ANZ78847,LSDFINGIFAK,99,681.0
659,HLA-B40:01 ,37227.33,ANZ78847,YDSNGNLYGFR,659,682.0
936,HLA-B40:01 ,37231.77,ANZ78847,CTGGAEIRDLI,936,683.0
544,HLA-B40:01 ,37235.59,ANZ78847,PYKCPQSKSLV,544,684.0
692,HLA-B40:01 ,37243.15,ANZ78847,HANSSEPALLF,692,685.0
335,HLA-B40:01 ,37247.13,ANZ78847,RKPDLPNCNIE,335,686.0
522,HLA-B40:01 ,37252.93,ANZ78847,PAGTNYLTCHN,522,687.0
508,HLA-B40:01 ,37254.4,ANZ78847,VGSGPGKNNGI,508,688.0
268,HLA-B40:01 ,37262.19,ANZ78847,TLEYWVTPLTS,268,689.0
199,HLA-B40:01 ,37265.07,ANZ78847,SCLYKRNFTYD,199,690.0
677,HLA-B40:01 ,37270.82,ANZ78847,FMIRSCYSGRV,677,691.0
1262,HLA-B40:01 ,37273.07,ANZ78847,DYINVTFLDLQ,1262,692.0
145,HLA-B40:01 ,37275.05,ANZ78847,PRTINSTQDGV,145,693.0
578,HLA-B40:01 ,37277.58,ANZ78847,QPQAFLGWSAD,578,694.0
49,HLA-B40:01 ,37278.99,ANZ78847,GLGTYYVLDRV,49,695.0
400,HLA-B40:01 ,37286.33,ANZ78847,SITIDKFAIPN,400,696.0
70,HLA-B40:01 ,37307.39,ANZ78847,YYPTSGSTYRN,70,697.0
990,HLA-B40:01 ,37307.49,ANZ78847,FYLNVQYRING,990,698.0
332,HLA-B40:01 ,37308.96,ANZ78847,VYRRKPDLPNC,332,699.0
257,HLA-B40:01 ,37312.02,ANZ78847,LTCISRRNIGF,257,700.0
1185,HLA-B40:01 ,37312.93,ANZ78847,SGYFVNVNNTW,1185,701.0
740,HLA-B40:01 ,37315.19,ANZ78847,AISVQTCDLTV,740,702.0
836,HLA-B40:01 ,37321.67,ANZ78847,KSQLVEYGSFC,836,703.0
1248,HLA-B40:01 ,37327.25,ANZ78847,WFKNQTSVAPD,1248,704.0
1157,HLA-B40:01 ,37328.99,ANZ78847,FSYVPTKYVTA,1157,705.0
1159,HLA-B40:01 ,37337.97,ANZ78847,YVPTKYVTAKV,1159,706.0
1042,HLA-B40:01 ,37338.02,ANZ78847,AVVNANAEALN,1042,707.0
26,HLA-B40:01 ,37341.43,ANZ78847,TGSLNNIDTGP,26,708.0
473,HLA-B40:01 ,37372.21,ANZ78847,PQPAGVLTNHD,473,709.0
918,HLA-B40:01 ,37380.26,ANZ78847,LFDKVKLSDVG,918,710.0
165,HLA-B40:01 ,37382.95,ANZ78847,SVCQYNMCEYP,165,711.0
433,HLA-B40:01 ,37395.57,ANZ78847,TTATSCQLYYN,433,712.0
41,HLA-B40:01 ,37399.59,ANZ78847,TATVDVTNGLG,41,713.0
1250,HLA-B40:01 ,37410.31,ANZ78847,KNQTSVAPDLA,1250,714.0
693,HLA-B40:01 ,37432.06,ANZ78847,ANSSEPALLFR,693,715.0
306,HLA-B40:01 ,37448.28,ANZ78847,KCKTQSIAPPT,306,716.0
1246,HLA-B40:01 ,37450.11,ANZ78847,DQWFKNQTSVA,1246,717.0
1018,HLA-B40:01 ,37451.14,ANZ78847,AFNNALDAIQE,1018,718.0
892,HLA-B40:01 ,37453.87,ANZ78847,INFSSVLGCLG,892,719.0
271,HLA-B40:01 ,37453.88,ANZ78847,YWVTPLTSRQY,271,720.0
713,HLA-B40:01 ,37454.61,ANZ78847,NSLTRQLQPIN,713,721.0
580,HLA-B40:01 ,37455.22,ANZ78847,QAFLGWSADSC,580,722.0
921,HLA-B40:01 ,37461.83,ANZ78847,KVKLSDVGFVA,921,723.0
340,HLA-B40:01 ,37468.27,ANZ78847,PNCNIEAWLND,340,724.0
509,HLA-B40:01 ,37471.29,ANZ78847,GSGPGKNNGIG,509,725.0
196,HLA-B40:01 ,37472.2,ANZ78847,GVVSCLYKRNF,196,726.0
444,HLA-B40:01 ,37473.22,ANZ78847,LPAANVSVSRF,444,727.0
975,HLA-B40:01 ,37474.05,ANZ78847,SASLFPPWTAA,975,728.0
803,HLA-B40:01 ,37478.38,ANZ78847,DFTIGNMEEFI,803,729.0
711,HLA-B40:01 ,37491.89,ANZ78847,FNNSLTRQLQP,711,730.0
194,HLA-B40:01 ,37493.95,ANZ78847,DTGVVSCLYKR,194,731.0
999,HLA-B40:01 ,37503.75,ANZ78847,NGLGVTMDVLS,999,732.0
342,HLA-B40:01 ,37517.47,ANZ78847,CNIEAWLNDKS,342,733.0
1233,HLA-B40:01 ,37525.25,ANZ78847,TSIPNLPDFRE,1233,734.0
105,HLA-B40:01 ,37528.29,ANZ78847,GIFAKVKNTKV,105,735.0
1208,HLA-B40:01 ,37535.12,ANZ78847,ITENNVVVMST,1208,736.0
425,HLA-B40:01 ,37535.58,ANZ78847,QSFNYRIDTTA,425,737.0
526,HLA-B40:01 ,37537.17,ANZ78847,NYLTCHNLCNP,526,738.0
511,HLA-B40:01 ,37541.33,ANZ78847,GPGKNNGIGTC,511,739.0
816,HLA-B40:01 ,37541.7,ANZ78847,SSPKVTIDCAA,816,740.0
920,HLA-B40:01 ,37542.68,ANZ78847,DKVKLSDVGFV,920,741.0
841,HLA-B40:01 ,37549.59,ANZ78847,EYGSFCDNINA,841,742.0
883,HLA-B40:01 ,37562.72,ANZ78847,DGVNFNVDDIN,883,743.0
1014,HLA-B40:01 ,37568.82,ANZ78847,LIANAFNNALD,1014,744.0
255,HLA-B40:01 ,37580.3,ANZ78847,MPLTCISRRNI,255,745.0
630,HLA-B40:01 ,37590.95,ANZ78847,VNYDLYGISGQ,630,746.0
1114,HLA-B40:01 ,37615.82,ANZ78847,AAQAMEKVNEC,1114,747.0
513,HLA-B40:01 ,37623.16,ANZ78847,GKNNGIGTCPA,513,748.0
597,HLA-B40:01 ,37625.15,ANZ78847,NIFANLILHDV,597,749.0
1161,HLA-B40:01 ,37638.19,ANZ78847,PTKYVTAKVSP,1161,750.0
360,HLA-B40:01 ,37639.06,ANZ78847,ERKTFSNCNFN,360,751.0
291,HLA-B40:01 ,37639.09,ANZ78847,IFNAVDCMSDF,291,752.0
1096,HLA-B40:01 ,37643.07,ANZ78847,LNAYVSQQLSD,1096,753.0
387,HLA-B40:01 ,37644.62,ANZ78847,NIDAAKIYGMC,387,754.0
651,HLA-B40:01 ,37646.73,ANZ78847,YNSWQNLLYDS,651,755.0
330,HLA-B40:01 ,37647.86,ANZ78847,ADVYRRKPDLP,330,756.0
281,HLA-B40:01 ,37648.38,ANZ78847,YLLAFNQDGII,281,757.0
264,HLA-B40:01 ,37660.67,ANZ78847,NIGFTLEYWVT,264,758.0
115,HLA-B40:01 ,37660.8,ANZ78847,VFKDGVMYSEF,115,759.0
636,HLA-B40:01 ,37663.3,ANZ78847,GISGQGIFVEV,636,760.0
439,HLA-B40:01 ,37666.18,ANZ78847,QLYYNLPAANV,439,761.0
807,HLA-B40:01 ,37666.75,ANZ78847,GNMEEFIQTSS,807,762.0
943,HLA-B40:01 ,37671.25,ANZ78847,RDLICVQSYKG,943,763.0
986,HLA-B40:01 ,37677.02,ANZ78847,AGVPFYLNVQY,986,764.0
474,HLA-B40:01 ,37678.36,ANZ78847,QPAGVLTNHDV,474,765.0
1107,HLA-B40:01 ,37687.24,ANZ78847,STLVKFSAAQA,1107,766.0
468,HLA-B40:01 ,37688.79,ANZ78847,DSVFKPQPAGV,468,767.0
876,HLA-B40:01 ,37689.72,ANZ78847,TLSTKLKDGVN,876,768.0
380,HLA-B40:01 ,37690.62,ANZ78847,ADSFTCNNIDA,380,769.0
902,HLA-B40:01 ,37706.37,ANZ78847,GSECSKASSRS,902,770.0
137,HLA-B40:01 ,37718.41,ANZ78847,TSYSVVVQPRT,137,771.0
1155,HLA-B40:01 ,37731.3,ANZ78847,IHFSYVPTKYV,1155,772.0
125,HLA-B40:01 ,37741.72,ANZ78847,FPAITIGSTFV,125,773.0
700,HLA-B40:01 ,37749.53,ANZ78847,LLFRNIKCNYV,700,774.0
1323,HLA-B40:01 ,37753.76,ANZ78847,LFFICCCTGCG,1323,775.0
1,HLA-B40:01 ,37754.19,ANZ78847,FLILLISLPTA,1,776.0
1270,HLA-B40:01 ,37755.17,ANZ78847,DLQVEMNRLQE,1270,777.0
633,HLA-B40:01 ,37755.6,ANZ78847,DLYGISGQGIF,633,778.0
185,HLA-B40:01 ,37759.29,ANZ78847,NHFKELWHMDT,185,779.0
267,HLA-B40:01 ,37762.6,ANZ78847,FTLEYWVTPLT,267,780.0
300,HLA-B40:01 ,37766.72,ANZ78847,DFMSEIKCKTQ,300,781.0
354,HLA-B40:01 ,37768.8,ANZ78847,PSPLNWERKTF,354,782.0
767,HLA-B40:01 ,37769.96,ANZ78847,AITTGYRFTNF,767,783.0
455,HLA-B40:01 ,37778.1,ANZ78847,NPSTWNKRFGF,455,784.0
1165,HLA-B40:01 ,37778.93,ANZ78847,VTAKVSPGLCI,1165,785.0
753,HLA-B40:01 ,37785.47,ANZ78847,GYCVDYSKNRR,753,786.0
831,HLA-B40:01 ,37790.68,ANZ78847,DYAACKSQLVE,831,787.0
707,HLA-B40:01 ,37790.72,ANZ78847,CNYVFNNSLTR,707,788.0
1218,HLA-B40:01 ,37820.5,ANZ78847,TCAVNYTKAPY,1218,789.0
200,HLA-B40:01 ,37822.18,ANZ78847,CLYKRNFTYDV,200,790.0
844,HLA-B40:01 ,37823.94,ANZ78847,SFCDNINAILT,844,791.0
50,HLA-B40:01 ,37834.31,ANZ78847,LGTYYVLDRVY,50,792.0
412,HLA-B40:01 ,37837.0,ANZ78847,RKVDLQLGNLG,412,793.0
1149,HLA-B40:01 ,37839.92,ANZ78847,PYGLYFIHFSY,1149,794.0
1024,HLA-B40:01 ,37845.61,ANZ78847,DAIQEGFDATN,1024,795.0
149,HLA-B40:01 ,37848.41,ANZ78847,NSTQDGVNKLQ,149,796.0
376,HLA-B40:01 ,37853.48,ANZ78847,SFIQADSFTCN,376,797.0
116,HLA-B40:01 ,37862.74,ANZ78847,FKDGVMYSEFP,116,798.0
155,HLA-B40:01 ,37870.55,ANZ78847,VNKLQGLLEVS,155,799.0
886,HLA-B40:01 ,37878.01,ANZ78847,NFNVDDINFSS,886,800.0
889,HLA-B40:01 ,37879.46,ANZ78847,VDDINFSSVLG,889,801.0
588,HLA-B40:01 ,37890.42,ANZ78847,DSCLQGDKCNI,588,802.0
548,HLA-B40:01 ,37892.75,ANZ78847,PQSKSLVGIGE,548,803.0
1296,HLA-B40:01 ,37906.99,ANZ78847,GTYEYYVKWPW,1296,804.0
917,HLA-B40:01 ,37907.39,ANZ78847,LLFDKVKLSDV,917,805.0
1109,HLA-B40:01 ,37907.96,ANZ78847,LVKFSAAQAME,1109,806.0
377,HLA-B40:01 ,37908.78,ANZ78847,FIQADSFTCNN,377,807.0
1002,HLA-B40:01 ,37918.73,ANZ78847,GVTMDVLSQNQ,1002,808.0
69,HLA-B40:01 ,37930.95,ANZ78847,GYYPTSGSTYR,69,809.0
665,HLA-B40:01 ,37931.88,ANZ78847,LYGFRDYLTNR,665,810.0
87,HLA-B40:01 ,37935.55,ANZ78847,DKLSTLWFKPP,87,811.0
1227,HLA-B40:01 ,37945.7,ANZ78847,PYVMLNTSIPN,1227,812.0
284,HLA-B40:01 ,37947.96,ANZ78847,AFNQDGIIFNA,284,813.0
1333,HLA-B40:01 ,37953.83,ANZ78847,GTSCFKKCGGC,1333,814.0
910,HLA-B40:01 ,37958.34,ANZ78847,SRSAIEDLLFD,910,815.0
650,HLA-B40:01 ,37961.33,ANZ78847,YYNSWQNLLYD,650,816.0
282,HLA-B40:01 ,37969.24,ANZ78847,LLAFNQDGIIF,282,817.0
1253,HLA-B40:01 ,37971.64,ANZ78847,TSVAPDLALDY,1253,818.0
737,HLA-B40:01 ,37981.66,ANZ78847,NSTAISVQTCD,737,819.0
626,HLA-B40:01 ,38007.57,ANZ78847,LGVCVNYDLYG,626,820.0
327,HLA-B40:01 ,38007.93,ANZ78847,QPIADVYRRKP,327,821.0
1077,HLA-B40:01 ,38011.24,ANZ78847,DALEAEAQIDR,1077,822.0
373,HLA-B40:01 ,38023.89,ANZ78847,SLMSFIQADSF,373,823.0
838,HLA-B40:01 ,38037.56,ANZ78847,QLVEYGSFCDN,838,824.0
404,HLA-B40:01 ,38043.27,ANZ78847,DKFAIPNGRKV,404,825.0
663,HLA-B40:01 ,38050.92,ANZ78847,GNLYGFRDYLT,663,826.0
445,HLA-B40:01 ,38058.21,ANZ78847,PAANVSVSRFN,445,827.0
323,HLA-B40:01 ,38065.05,ANZ78847,GYTVQPIADVY,323,828.0
1335,HLA-B40:01 ,38077.26,ANZ78847,SCFKKCGGCCD,1335,829.0
881,HLA-B40:01 ,38080.01,ANZ78847,LKDGVNFNVDD,881,830.0
23,HLA-B40:01 ,38080.82,ANZ78847,DSRTGSLNNID,23,831.0
258,HLA-B40:01 ,38085.26,ANZ78847,TCISRRNIGFT,258,832.0
587,HLA-B40:01 ,38085.84,ANZ78847,ADSCLQGDKCN,587,833.0
356,HLA-B40:01 ,38127.7,ANZ78847,PLNWERKTFSN,356,834.0
931,HLA-B40:01 ,38130.39,ANZ78847,AAYNNCTGGAE,931,835.0
786,HLA-B40:01 ,38131.84,ANZ78847,NDSLEPVGGLY,786,836.0
110,HLA-B40:01 ,38149.98,ANZ78847,VKNTKVFKDGV,110,837.0
720,HLA-B40:01 ,38151.34,ANZ78847,QPINYFDSYLG,720,838.0
246,HLA-B40:01 ,38151.8,ANZ78847,GMALSHYYVMP,246,839.0
252,HLA-B40:01 ,38154.07,ANZ78847,YYVMPLTCISR,252,840.0
1267,HLA-B40:01 ,38156.81,ANZ78847,TFLDLQVEMNR,1267,841.0
1038,HLA-B40:01 ,38171.42,ANZ78847,VKIQAVVNANA,1038,842.0
484,HLA-B40:01 ,38171.73,ANZ78847,VVYAQHCFKAP,484,843.0
834,HLA-B40:01 ,38174.06,ANZ78847,ACKSQLVEYGS,834,844.0
11,HLA-B40:01 ,38174.24,ANZ78847,AFAVIGDLKCP,11,845.0
911,HLA-B40:01 ,38177.2,ANZ78847,RSAIEDLLFDK,911,846.0
186,HLA-B40:01 ,38178.92,ANZ78847,HFKELWHMDTG,186,847.0
251,HLA-B40:01 ,38186.71,ANZ78847,HYYVMPLTCIS,251,848.0
88,HLA-B40:01 ,38188.05,ANZ78847,KLSTLWFKPPF,88,849.0
528,HLA-B40:01 ,38192.37,ANZ78847,LTCHNLCNPDP,528,850.0
331,HLA-B40:01 ,38193.3,ANZ78847,DVYRRKPDLPN,331,851.0
296,HLA-B40:01 ,38194.71,ANZ78847,DCMSDFMSEIK,296,852.0
90,HLA-B40:01 ,38197.7,ANZ78847,STLWFKPPFLS,90,853.0
675,HLA-B40:01 ,38204.24,ANZ78847,RTFMIRSCYSG,675,854.0
824,HLA-B40:01 ,38210.27,ANZ78847,CAAFVCGDYAA,824,855.0
234,HLA-B40:01 ,38210.3,ANZ78847,GVVTKFLFNVY,234,856.0
710,HLA-B40:01 ,38213.94,ANZ78847,VFNNSLTRQLQ,710,857.0
16,HLA-B40:01 ,38219.6,ANZ78847,GDLKCPLDSRT,16,858.0
401,HLA-B40:01 ,38219.72,ANZ78847,ITIDKFAIPNG,401,859.0
558,HLA-B40:01 ,38224.56,ANZ78847,EHCSGLAVKSD,558,860.0
418,HLA-B40:01 ,38228.75,ANZ78847,LGNLGYLQSFN,418,861.0
405,HLA-B40:01 ,38230.28,ANZ78847,KFAIPNGRKVD,405,862.0
547,HLA-B40:01 ,38235.77,ANZ78847,CPQSKSLVGIG,547,863.0
20,HLA-B40:01 ,38248.29,ANZ78847,CPLDSRTGSLN,20,864.0
1075,HLA-B40:01 ,38249.82,ANZ78847,RLDALEAEAQI,1075,865.0
1331,HLA-B40:01 ,38257.49,ANZ78847,GCGTSCFKKCG,1331,866.0
660,HLA-B40:01 ,38259.35,ANZ78847,DSNGNLYGFRD,660,867.0
934,HLA-B40:01 ,38260.12,ANZ78847,NNCTGGAEIRD,934,868.0
154,HLA-B40:01 ,38261.07,ANZ78847,GVNKLQGLLEV,154,869.0
976,HLA-B40:01 ,38263.95,ANZ78847,ASLFPPWTAAA,976,870.0
763,HLA-B40:01 ,38264.38,ANZ78847,RSRRAITTGYR,763,871.0
275,HLA-B40:01 ,38264.47,ANZ78847,PLTSRQYLLAF,275,872.0
503,HLA-B40:01 ,38266.66,ANZ78847,NSSLCVGSGPG,503,873.0
822,HLA-B40:01 ,38267.98,ANZ78847,IDCAAFVCGDY,822,874.0
483,HLA-B40:01 ,38274.37,ANZ78847,DVVYAQHCFKA,483,875.0
1029,HLA-B40:01 ,38281.7,ANZ78847,GFDATNSALVK,1029,876.0
283,HLA-B40:01 ,38284.72,ANZ78847,LAFNQDGIIFN,283,877.0
574,HLA-B40:01 ,38288.56,ANZ78847,PCTCQPQAFLG,574,878.0
794,HLA-B40:01 ,38288.67,ANZ78847,GLYEIQIPSDF,794,879.0
452,HLA-B40:01 ,38289.4,ANZ78847,SRFNPSTWNKR,452,880.0
664,HLA-B40:01 ,38289.73,ANZ78847,NLYGFRDYLTN,664,881.0
579,HLA-B40:01 ,38294.32,ANZ78847,PQAFLGWSADS,579,882.0
1348,HLA-B40:01 ,38297.17,ANZ78847,TGYQELVIKTS,1348,883.0
1073,HLA-B40:01 ,38300.02,ANZ78847,LSRLDALEAEA,1073,884.0
945,HLA-B40:01 ,38303.38,ANZ78847,LICVQSYKGIK,945,885.0
848,HLA-B40:01 ,38304.07,ANZ78847,NINAILTEVNE,848,886.0
379,HLA-B40:01 ,38306.7,ANZ78847,QADSFTCNNID,379,887.0
1169,HLA-B40:01 ,38308.39,ANZ78847,VSPGLCIAGDR,1169,888.0
238,HLA-B40:01 ,38310.83,ANZ78847,KFLFNVYLGMA,238,889.0
341,HLA-B40:01 ,38316.08,ANZ78847,NCNIEAWLNDK,341,890.0
372,HLA-B40:01 ,38328.85,ANZ78847,SSLMSFIQADS,372,891.0
1065,HLA-B40:01 ,38330.21,ANZ78847,ISSSLQEILSR,1065,892.0
101,HLA-B40:01 ,38334.83,ANZ78847,DFINGIFAKVK,101,893.0
1113,HLA-B40:01 ,38337.31,ANZ78847,SAAQAMEKVNE,1113,894.0
706,HLA-B40:01 ,38342.11,ANZ78847,KCNYVFNNSLT,706,895.0
157,HLA-B40:01 ,38346.95,ANZ78847,KLQGLLEVSVC,157,896.0
232,HLA-B40:01 ,38352.67,ANZ78847,DTGVVTKFLFN,232,897.0
952,HLA-B40:01 ,38365.03,ANZ78847,KGIKVLPPLLS,952,898.0
1104,HLA-B40:01 ,38372.42,ANZ78847,LSDSTLVKFSA,1104,899.0
1346,HLA-B40:01 ,38378.73,ANZ78847,DYTGYQELVIK,1346,900.0
868,HLA-B40:01 ,38384.46,ANZ78847,ANSLMNGVTLS,868,901.0
1085,HLA-B40:01 ,38387.49,ANZ78847,IDRLINGRLTA,1085,902.0
873,HLA-B40:01 ,38403.77,ANZ78847,NGVTLSTKLKD,873,903.0
858,HLA-B40:01 ,38408.01,ANZ78847,ELLDTTQLQVA,858,904.0
21,HLA-B40:01 ,38409.06,ANZ78847,PLDSRTGSLNN,21,905.0
672,HLA-B40:01 ,38412.83,ANZ78847,LTNRTFMIRSC,672,906.0
715,HLA-B40:01 ,38412.91,ANZ78847,LTRQLQPINYF,715,907.0
954,HLA-B40:01 ,38414.88,ANZ78847,IKVLPPLLSEN,954,908.0
545,HLA-B40:01 ,38417.52,ANZ78847,YKCPQSKSLVG,545,909.0
1152,HLA-B40:01 ,38418.23,ANZ78847,LYFIHFSYVPT,1152,910.0
1320,HLA-B40:01 ,38423.93,ANZ78847,LVLLFFICCCT,1320,911.0
792,HLA-B40:01 ,38427.51,ANZ78847,VGGLYEIQIPS,792,912.0
236,HLA-B40:01 ,38436.09,ANZ78847,VTKFLFNVYLG,236,913.0
397,HLA-B40:01 ,38441.0,ANZ78847,CFSSITIDKFA,397,914.0
1008,HLA-B40:01 ,38442.46,ANZ78847,LSQNQKLIANA,1008,915.0
539,HLA-B40:01 ,38446.58,ANZ78847,ITFTGPYKCPQ,539,916.0
1091,HLA-B40:01 ,38455.32,ANZ78847,GRLTALNAYVS,1091,917.0
476,HLA-B40:01 ,38456.79,ANZ78847,AGVLTNHDVVY,476,918.0
59,HLA-B40:01 ,38460.96,ANZ78847,VYLNTTLFLNG,59,919.0
1088,HLA-B40:01 ,38462.71,ANZ78847,LINGRLTALNA,1088,920.0
698,HLA-B40:01 ,38462.96,ANZ78847,PALLFRNIKCN,698,921.0
859,HLA-B40:01 ,38463.2,ANZ78847,LLDTTQLQVAN,859,922.0
1257,HLA-B40:01 ,38468.34,ANZ78847,PDLALDYINVT,1257,923.0
631,HLA-B40:01 ,38469.64,ANZ78847,NYDLYGISGQG,631,924.0
488,HLA-B40:01 ,38475.21,ANZ78847,QHCFKAPKNFC,488,925.0
224,HLA-B40:01 ,38494.51,ANZ78847,GTFYAYFTDTG,224,926.0
967,HLA-B40:01 ,38496.34,ANZ78847,SGYTLAATSAS,967,927.0
564,HLA-B40:01 ,38505.26,ANZ78847,AVKSDYCGGNP,564,928.0
611,HLA-B40:01 ,38507.95,ANZ78847,LTCSTDLQKAN,611,929.0
214,HLA-B40:01 ,38509.27,ANZ78847,YLYFHFYQEGG,214,930.0
440,HLA-B40:01 ,38512.62,ANZ78847,LYYNLPAANVS,440,931.0
320,HLA-B40:01 ,38515.16,ANZ78847,ELNGYTVQPIA,320,932.0
446,HLA-B40:01 ,38524.88,ANZ78847,AANVSVSRFNP,446,933.0
1124,HLA-B40:01 ,38531.32,ANZ78847,CVKSQSSRINF,1124,934.0
431,HLA-B40:01 ,38540.25,ANZ78847,IDTTATSCQLY,431,935.0
98,HLA-B40:01 ,38542.25,ANZ78847,FLSDFINGIFA,98,936.0
467,HLA-B40:01 ,38542.74,ANZ78847,EDSVFKPQPAG,467,937.0
875,HLA-B40:01 ,38542.79,ANZ78847,VTLSTKLKDGV,875,938.0
276,HLA-B40:01 ,38542.81,ANZ78847,LTSRQYLLAFN,276,939.0
102,HLA-B40:01 ,38547.11,ANZ78847,FINGIFAKVKN,102,940.0
204,HLA-B40:01 ,38551.56,ANZ78847,RNFTYDVNATY,204,941.0
615,HLA-B40:01 ,38552.86,ANZ78847,TDLQKANTDIK,615,942.0
253,HLA-B40:01 ,38553.67,ANZ78847,YVMPLTCISRR,253,943.0
1156,HLA-B40:01 ,38557.87,ANZ78847,HFSYVPTKYVT,1156,944.0
352,HLA-B40:01 ,38558.54,ANZ78847,SVPSPLNWERK,352,945.0
613,HLA-B40:01 ,38559.39,ANZ78847,CSTDLQKANTD,613,946.0
510,HLA-B40:01 ,38563.39,ANZ78847,SGPGKNNGIGT,510,947.0
1043,HLA-B40:01 ,38564.42,ANZ78847,VVNANAEALNN,1043,948.0
333,HLA-B40:01 ,38566.47,ANZ78847,YRRKPDLPNCN,333,949.0
791,HLA-B40:01 ,38576.34,ANZ78847,PVGGLYEIQIP,791,950.0
823,HLA-B40:01 ,38577.8,ANZ78847,DCAAFVCGDYA,823,951.0
820,HLA-B40:01 ,38582.21,ANZ78847,VTIDCAAFVCG,820,952.0
30,HLA-B40:01 ,38582.38,ANZ78847,NNIDTGPPSIS,30,953.0
1184,HLA-B40:01 ,38584.31,ANZ78847,KSGYFVNVNNT,1184,954.0
254,HLA-B40:01 ,38585.59,ANZ78847,VMPLTCISRRN,254,955.0
108,HLA-B40:01 ,38590.72,ANZ78847,AKVKNTKVFKD,108,956.0
1321,HLA-B40:01 ,38591.69,ANZ78847,VLLFFICCCTG,1321,957.0
915,HLA-B40:01 ,38594.54,ANZ78847,EDLLFDKVKLS,915,958.0
1023,HLA-B40:01 ,38602.9,ANZ78847,LDAIQEGFDAT,1023,959.0
261,HLA-B40:01 ,38614.43,ANZ78847,SRRNIGFTLEY,261,960.0
489,HLA-B40:01 ,38621.86,ANZ78847,HCFKAPKNFCP,489,961.0
504,HLA-B40:01 ,38626.67,ANZ78847,SSLCVGSGPGK,504,962.0
576,HLA-B40:01 ,38631.62,ANZ78847,TCQPQAFLGWS,576,963.0
538,HLA-B40:01 ,38633.26,ANZ78847,PITFTGPYKCP,538,964.0
872,HLA-B40:01 ,38639.0,ANZ78847,MNGVTLSTKLK,872,965.0
1092,HLA-B40:01 ,38649.35,ANZ78847,RLTALNAYVSQ,1092,966.0
676,HLA-B40:01 ,38652.86,ANZ78847,TFMIRSCYSGR,676,967.0
747,HLA-B40:01 ,38655.0,ANZ78847,DLTVGSGYCVD,747,968.0
1230,HLA-B40:01 ,38655.69,ANZ78847,MLNTSIPNLPD,1230,969.0
417,HLA-B40:01 ,38661.76,ANZ78847,QLGNLGYLQSF,417,970.0
687,HLA-B40:01 ,38664.25,ANZ78847,VSAAFHANSSE,687,971.0
585,HLA-B40:01 ,38664.59,ANZ78847,WSADSCLQGDK,585,972.0
965,HLA-B40:01 ,38664.59,ANZ78847,QISGYTLAATS,965,972.0
801,HLA-B40:01 ,38667.29,ANZ78847,PSDFTIGNMEE,801,974.0
704,HLA-B40:01 ,38671.33,ANZ78847,NIKCNYVFNNS,704,975.0
599,HLA-B40:01 ,38673.53,ANZ78847,FANLILHDVNS,599,976.0
800,HLA-B40:01 ,38680.53,ANZ78847,IPSDFTIGNME,800,977.0
366,HLA-B40:01 ,38681.56,ANZ78847,NCNFNMSSLMS,366,978.0
459,HLA-B40:01 ,38688.49,ANZ78847,WNKRFGFIEDS,459,979.0
563,HLA-B40:01 ,38694.9,ANZ78847,LAVKSDYCGGN,563,980.0
189,HLA-B40:01 ,38697.96,ANZ78847,ELWHMDTGVVS,189,981.0
787,HLA-B40:01 ,38698.42,ANZ78847,DSLEPVGGLYE,787,982.0
385,HLA-B40:01 ,38703.88,ANZ78847,CNNIDAAKIYG,385,983.0
35,HLA-B40:01 ,38705.58,ANZ78847,GPPSISTATVD,35,984.0
395,HLA-B40:01 ,38709.33,ANZ78847,GMCFSSITIDK,395,985.0
164,HLA-B40:01 ,38717.15,ANZ78847,VSVCQYNMCEY,164,986.0
761,HLA-B40:01 ,38721.01,ANZ78847,NRRSRRAITTG,761,987.0
313,HLA-B40:01 ,38727.37,ANZ78847,APPTGVYELNG,313,988.0
527,HLA-B40:01 ,38731.21,ANZ78847,YLTCHNLCNPD,527,989.0
1266,HLA-B40:01 ,38732.37,ANZ78847,VTFLDLQVEMN,1266,990.0
262,HLA-B40:01 ,38735.08,ANZ78847,RRNIGFTLEYW,262,991.0
756,HLA-B40:01 ,38736.0,ANZ78847,VDYSKNRRSRR,756,992.0
1236,HLA-B40:01 ,38736.75,ANZ78847,PNLPDFREELD,1236,993.0
142,HLA-B40:01 ,38738.85,ANZ78847,VVQPRTINSTQ,142,994.0
15,HLA-B40:01 ,38739.67,ANZ78847,IGDLKCPLDSR,15,995.0
1162,HLA-B40:01 ,38739.9,ANZ78847,TKYVTAKVSPG,1162,996.0
1336,HLA-B40:01 ,38743.25,ANZ78847,CFKKCGGCCDD,1336,997.0
880,HLA-B40:01 ,38749.22,ANZ78847,KLKDGVNFNVD,880,998.0
1232,HLA-B40:01 ,38753.84,ANZ78847,NTSIPNLPDFR,1232,999.0
1082,HLA-B40:01 ,38754.46,ANZ78847,EAQIDRLINGR,1082,1000.0
443,HLA-B40:01 ,38755.8,ANZ78847,NLPAANVSVSR,443,1001.0
153,HLA-B40:01 ,38758.31,ANZ78847,DGVNKLQGLLE,153,1002.0
1125,HLA-B40:01 ,38762.46,ANZ78847,VKSQSSRINFC,1125,1003.0
1237,HLA-B40:01 ,38767.68,ANZ78847,NLPDFREELDQ,1237,1004.0
451,HLA-B40:01 ,38769.53,ANZ78847,VSRFNPSTWNK,451,1005.0
420,HLA-B40:01 ,38773.06,ANZ78847,NLGYLQSFNYR,420,1006.0
427,HLA-B40:01 ,38773.24,ANZ78847,FNYRIDTTATS,427,1007.0
1277,HLA-B40:01 ,38773.74,ANZ78847,RLQEAIKVLNQ,1277,1008.0
202,HLA-B40:01 ,38774.31,ANZ78847,YKRNFTYDVNA,202,1009.0
1223,HLA-B40:01 ,38784.13,ANZ78847,YTKAPYVMLNT,1223,1010.0
32,HLA-B40:01 ,38785.88,ANZ78847,IDTGPPSISTA,32,1011.0
80,HLA-B40:01 ,38796.22,ANZ78847,NMALKGTDKLS,80,1012.0
901,HLA-B40:01 ,38798.71,ANZ78847,LGSECSKASSR,901,1013.0
290,HLA-B40:01 ,38807.83,ANZ78847,IIFNAVDCMSD,290,1014.0
242,HLA-B40:01 ,38812.99,ANZ78847,NVYLGMALSHY,242,1015.0
821,HLA-B40:01 ,38814.2,ANZ78847,TIDCAAFVCGD,821,1016.0
623,HLA-B40:01 ,38819.9,ANZ78847,DIKLGVCVNYD,623,1017.0
1051,HLA-B40:01 ,38820.99,ANZ78847,LNNLLQQLSNR,1051,1018.0
977,HLA-B40:01 ,38822.76,ANZ78847,SLFPPWTAAAG,977,1019.0
227,HLA-B40:01 ,38828.49,ANZ78847,YAYFTDTGVVT,227,1020.0
410,HLA-B40:01 ,38829.89,ANZ78847,NGRKVDLQLGN,410,1021.0
1289,HLA-B40:01 ,38831.62,ANZ78847,YINLKDIGTYE,1289,1022.0
853,HLA-B40:01 ,38832.46,ANZ78847,LTEVNELLDTT,853,1023.0
878,HLA-B40:01 ,38832.69,ANZ78847,STKLKDGVNFN,878,1024.0
514,HLA-B40:01 ,38840.55,ANZ78847,KNNGIGTCPAG,514,1025.0
941,HLA-B40:01 ,38856.63,ANZ78847,EIRDLICVQSY,941,1026.0
493,HLA-B40:01 ,38860.12,ANZ78847,APKNFCPCKSN,493,1027.0
561,HLA-B40:01 ,38876.08,ANZ78847,SGLAVKSDYCG,561,1028.0
402,HLA-B40:01 ,38876.61,ANZ78847,TIDKFAIPNGR,402,1029.0
1226,HLA-B40:01 ,38881.17,ANZ78847,APYVMLNTSIP,1226,1030.0
182,HLA-B40:01 ,38888.2,ANZ78847,NLGNHFKELWH,182,1031.0
535,HLA-B40:01 ,38889.75,ANZ78847,NPDPITFTGPY,535,1032.0
505,HLA-B40:01 ,38893.42,ANZ78847,SLCVGSGPGKN,505,1033.0
1128,HLA-B40:01 ,38896.42,ANZ78847,QSSRINFCGNG,1128,1034.0
953,HLA-B40:01 ,38898.43,ANZ78847,GIKVLPPLLSE,953,1035.0
328,HLA-B40:01 ,38900.88,ANZ78847,PIADVYRRKPD,328,1036.0
119,HLA-B40:01 ,38903.71,ANZ78847,GVMYSEFPAIT,119,1037.0
1072,HLA-B40:01 ,38904.68,ANZ78847,ILSRLDALEAE,1072,1038.0
256,HLA-B40:01 ,38906.64,ANZ78847,PLTCISRRNIG,256,1039.0
77,HLA-B40:01 ,38907.65,ANZ78847,TYRNMALKGTD,77,1040.0
1012,HLA-B40:01 ,38910.78,ANZ78847,QKLIANAFNNA,1012,1041.0
390,HLA-B40:01 ,38910.94,ANZ78847,AAKIYGMCFSS,390,1042.0
179,HLA-B40:01 ,38918.37,ANZ78847,CHPNLGNHFKE,179,1043.0
174,HLA-B40:01 ,38919.64,ANZ78847,YPHTICHPNLG,174,1044.0
91,HLA-B40:01 ,38922.81,ANZ78847,TLWFKPPFLSD,91,1045.0
442,HLA-B40:01 ,38926.44,ANZ78847,YNLPAANVSVS,442,1046.0
906,HLA-B40:01 ,38928.87,ANZ78847,SKASSRSAIED,906,1047.0
609,HLA-B40:01 ,38930.92,ANZ78847,SGLTCSTDLQK,609,1048.0
582,HLA-B40:01 ,38931.93,ANZ78847,FLGWSADSCLQ,582,1049.0
689,HLA-B40:01 ,38932.19,ANZ78847,AAFHANSSEPA,689,1050.0
1160,HLA-B40:01 ,38937.44,ANZ78847,VPTKYVTAKVS,1160,1051.0
666,HLA-B40:01 ,38948.88,ANZ78847,YGFRDYLTNRT,666,1052.0
928,HLA-B40:01 ,38953.38,ANZ78847,GFVAAYNNCTG,928,1053.0
298,HLA-B40:01 ,38955.88,ANZ78847,MSDFMSEIKCK,298,1054.0
95,HLA-B40:01 ,38956.83,ANZ78847,KPPFLSDFING,95,1055.0
806,HLA-B40:01 ,38960.18,ANZ78847,IGNMEEFIQTS,806,1056.0
916,HLA-B40:01 ,38961.88,ANZ78847,DLLFDKVKLSD,916,1057.0
679,HLA-B40:01 ,38962.91,ANZ78847,IRSCYSGRVSA,679,1058.0
1224,HLA-B40:01 ,38964.68,ANZ78847,TKAPYVMLNTS,1224,1059.0
345,HLA-B40:01 ,38964.77,ANZ78847,EAWLNDKSVPS,345,1060.0
864,HLA-B40:01 ,38966.25,ANZ78847,QLQVANSLMNG,864,1061.0
600,HLA-B40:01 ,38966.91,ANZ78847,ANLILHDVNSG,600,1062.0
1158,HLA-B40:01 ,38970.31,ANZ78847,SYVPTKYVTAK,1158,1063.0
1050,HLA-B40:01 ,38974.11,ANZ78847,ALNNLLQQLSN,1050,1064.0
363,HLA-B40:01 ,38978.59,ANZ78847,TFSNCNFNMSS,363,1065.0
140,HLA-B40:01 ,38984.5,ANZ78847,SVVVQPRTINS,140,1066.0
1240,HLA-B40:01 ,38990.38,ANZ78847,DFREELDQWFK,1240,1067.0
774,HLA-B40:01 ,38991.07,ANZ78847,FTNFEPFTVNS,774,1068.0
499,HLA-B40:01 ,38995.26,ANZ78847,PCKSNSSLCVG,499,1069.0
1172,HLA-B40:01 ,39000.65,ANZ78847,GLCIAGDRGIA,1172,1070.0
922,HLA-B40:01 ,39002.94,ANZ78847,VKLSDVGFVAA,922,1071.0
1126,HLA-B40:01 ,39003.74,ANZ78847,KSQSSRINFCG,1126,1072.0
1167,HLA-B40:01 ,39003.91,ANZ78847,AKVSPGLCIAG,1167,1073.0
74,HLA-B40:01 ,39007.14,ANZ78847,SGSTYRNMALK,74,1074.0
454,HLA-B40:01 ,39010.41,ANZ78847,FNPSTWNKRFG,454,1075.0
193,HLA-B40:01 ,39015.28,ANZ78847,MDTGVVSCLYK,193,1076.0
685,HLA-B40:01 ,39024.2,ANZ78847,GRVSAAFHANS,685,1077.0
754,HLA-B40:01 ,39024.99,ANZ78847,YCVDYSKNRRS,754,1078.0
1019,HLA-B40:01 ,39025.91,ANZ78847,FNNALDAIQEG,1019,1079.0
13,HLA-B40:01 ,39028.57,ANZ78847,AVIGDLKCPLD,13,1080.0
1071,HLA-B40:01 ,39033.74,ANZ78847,EILSRLDALEA,1071,1081.0
1347,HLA-B40:01 ,39037.9,ANZ78847,YTGYQELVIKT,1347,1082.0
478,HLA-B40:01 ,39038.24,ANZ78847,VLTNHDVVYAQ,478,1083.0
583,HLA-B40:01 ,39040.83,ANZ78847,LGWSADSCLQG,583,1084.0
927,HLA-B40:01 ,39044.47,ANZ78847,VGFVAAYNNCT,927,1085.0
728,HLA-B40:01 ,39046.22,ANZ78847,YLGCVVNAYNS,728,1086.0
419,HLA-B40:01 ,39048.08,ANZ78847,GNLGYLQSFNY,419,1087.0
815,HLA-B40:01 ,39051.19,ANZ78847,TSSPKVTIDCA,815,1088.0
1007,HLA-B40:01 ,39052.65,ANZ78847,VLSQNQKLIAN,1007,1089.0
1340,HLA-B40:01 ,39061.77,ANZ78847,CGGCCDDYTGY,1340,1090.0
210,HLA-B40:01 ,39064.53,ANZ78847,VNATYLYFHFY,210,1091.0
25,HLA-B40:01 ,39064.71,ANZ78847,RTGSLNNIDTG,25,1092.0
1153,HLA-B40:01 ,39073.53,ANZ78847,YFIHFSYVPTK,1153,1093.0
293,HLA-B40:01 ,39077.69,ANZ78847,NAVDCMSDFMS,293,1094.0
381,HLA-B40:01 ,39080.06,ANZ78847,DSFTCNNIDAA,381,1095.0
462,HLA-B40:01 ,39084.76,ANZ78847,RFGFIEDSVFK,462,1096.0
78,HLA-B40:01 ,39086.47,ANZ78847,YRNMALKGTDK,78,1097.0
765,HLA-B40:01 ,39091.47,ANZ78847,RRAITTGYRFT,765,1098.0
114,HLA-B40:01 ,39092.94,ANZ78847,KVFKDGVMYSE,114,1099.0
885,HLA-B40:01 ,39094.8,ANZ78847,VNFNVDDINFS,885,1100.0
53,HLA-B40:01 ,39098.32,ANZ78847,YYVLDRVYLNT,53,1101.0
198,HLA-B40:01 ,39099.51,ANZ78847,VSCLYKRNFTY,198,1102.0
957,HLA-B40:01 ,39102.93,ANZ78847,LPPLLSENQIS,957,1103.0
1260,HLA-B40:01 ,39110.62,ANZ78847,ALDYINVTFLD,1260,1104.0
382,HLA-B40:01 ,39111.41,ANZ78847,SFTCNNIDAAK,382,1105.0
109,HLA-B40:01 ,39115.81,ANZ78847,KVKNTKVFKDG,109,1106.0
175,HLA-B40:01 ,39115.91,ANZ78847,PHTICHPNLGN,175,1107.0
1021,HLA-B40:01 ,39118.01,ANZ78847,NALDAIQEGFD,1021,1108.0
726,HLA-B40:01 ,39121.81,ANZ78847,DSYLGCVVNAY,726,1109.0
956,HLA-B40:01 ,39125.78,ANZ78847,VLPPLLSENQI,956,1110.0
1053,HLA-B40:01 ,39133.34,ANZ78847,NLLQQLSNRFG,1053,1111.0
795,HLA-B40:01 ,39136.16,ANZ78847,LYEIQIPSDFT,795,1112.0
893,HLA-B40:01 ,39136.44,ANZ78847,NFSSVLGCLGS,893,1113.0
744,HLA-B40:01 ,39138.61,ANZ78847,QTCDLTVGSGY,744,1114.0
688,HLA-B40:01 ,39139.15,ANZ78847,SAAFHANSSEP,688,1115.0
65,HLA-B40:01 ,39143.45,ANZ78847,LFLNGYYPTSG,65,1116.0
686,HLA-B40:01 ,39144.85,ANZ78847,RVSAAFHANSS,686,1117.0
519,HLA-B40:01 ,39147.28,ANZ78847,GTCPAGTNYLT,519,1118.0
869,HLA-B40:01 ,39147.53,ANZ78847,NSLMNGVTLST,869,1119.0
392,HLA-B40:01 ,39150.89,ANZ78847,KIYGMCFSSIT,392,1120.0
1064,HLA-B40:01 ,39156.14,ANZ78847,AISSSLQEILS,1064,1121.0
536,HLA-B40:01 ,39157.03,ANZ78847,PDPITFTGPYK,536,1122.0
294,HLA-B40:01 ,39159.47,ANZ78847,AVDCMSDFMSE,294,1123.0
1176,HLA-B40:01 ,39160.31,ANZ78847,AGDRGIAPKSG,1176,1124.0
955,HLA-B40:01 ,39160.85,ANZ78847,KVLPPLLSENQ,955,1125.0
1015,HLA-B40:01 ,39162.48,ANZ78847,IANAFNNALDA,1015,1126.0
68,HLA-B40:01 ,39165.22,ANZ78847,NGYYPTSGSTY,68,1127.0
551,HLA-B40:01 ,39169.85,ANZ78847,KSLVGIGEHCS,551,1128.0
159,HLA-B40:01 ,39170.51,ANZ78847,QGLLEVSVCQY,159,1129.0
1000,HLA-B40:01 ,39173.13,ANZ78847,GLGVTMDVLSQ,1000,1130.0
42,HLA-B40:01 ,39173.53,ANZ78847,ATVDVTNGLGT,42,1131.0
1192,HLA-B40:01 ,39174.51,ANZ78847,NNTWMYTGSGY,1192,1132.0
1191,HLA-B40:01 ,39179.58,ANZ78847,VNNTWMYTGSG,1191,1133.0
661,HLA-B40:01 ,39180.82,ANZ78847,SNGNLYGFRDY,661,1134.0
44,HLA-B40:01 ,39184.2,ANZ78847,VDVTNGLGTYY,44,1135.0
1148,HLA-B40:01 ,39189.7,ANZ78847,APYGLYFIHFS,1148,1136.0
1154,HLA-B40:01 ,39191.36,ANZ78847,FIHFSYVPTKY,1154,1137.0
409,HLA-B40:01 ,39191.86,ANZ78847,PNGRKVDLQLG,409,1138.0
113,HLA-B40:01 ,39194.77,ANZ78847,TKVFKDGVMYS,113,1139.0
1324,HLA-B40:01 ,39195.58,ANZ78847,FFICCCTGCGT,1324,1140.0
1095,HLA-B40:01 ,39197.12,ANZ78847,ALNAYVSQQLS,1095,1141.0
228,HLA-B40:01 ,39197.86,ANZ78847,AYFTDTGVVTK,228,1142.0
1234,HLA-B40:01 ,39199.5,ANZ78847,SIPNLPDFREE,1234,1143.0
884,HLA-B40:01 ,39206.14,ANZ78847,GVNFNVDDINF,884,1144.0
739,HLA-B40:01 ,39209.08,ANZ78847,TAISVQTCDLT,739,1145.0
64,HLA-B40:01 ,39212.27,ANZ78847,TLFLNGYYPTS,64,1146.0
307,HLA-B40:01 ,39213.25,ANZ78847,CKTQSIAPPTG,307,1147.0
604,HLA-B40:01 ,39214.28,ANZ78847,LHDVNSGLTCS,604,1148.0
28,HLA-B40:01 ,39219.46,ANZ78847,SLNNIDTGPPS,28,1149.0
566,HLA-B40:01 ,39220.8,ANZ78847,KSDYCGGNPCT,566,1150.0
1089,HLA-B40:01 ,39224.92,ANZ78847,INGRLTALNAY,1089,1151.0
43,HLA-B40:01 ,39226.04,ANZ78847,TVDVTNGLGTY,43,1152.0
629,HLA-B40:01 ,39231.07,ANZ78847,CVNYDLYGISG,629,1153.0
1036,HLA-B40:01 ,39232.77,ANZ78847,ALVKIQAVVNA,1036,1154.0
1141,HLA-B40:01 ,39235.89,ANZ78847,IISLVQNAPYG,1141,1155.0
1140,HLA-B40:01 ,39244.72,ANZ78847,HIISLVQNAPY,1140,1156.0
860,HLA-B40:01 ,39248.98,ANZ78847,LDTTQLQVANS,860,1157.0
755,HLA-B40:01 ,39253.07,ANZ78847,CVDYSKNRRSR,755,1158.0
678,HLA-B40:01 ,39253.6,ANZ78847,MIRSCYSGRVS,678,1159.0
75,HLA-B40:01 ,39255.42,ANZ78847,GSTYRNMALKG,75,1160.0
150,HLA-B40:01 ,39257.27,ANZ78847,STQDGVNKLQG,150,1161.0
24,HLA-B40:01 ,39258.41,ANZ78847,SRTGSLNNIDT,24,1162.0
104,HLA-B40:01 ,39260.92,ANZ78847,NGIFAKVKNTK,104,1163.0
612,HLA-B40:01 ,39265.21,ANZ78847,TCSTDLQKANT,612,1164.0
768,HLA-B40:01 ,39266.81,ANZ78847,ITTGYRFTNFE,768,1165.0
606,HLA-B40:01 ,39270.95,ANZ78847,DVNSGLTCSTD,606,1166.0
403,HLA-B40:01 ,39275.39,ANZ78847,IDKFAIPNGRK,403,1167.0
811,HLA-B40:01 ,39276.19,ANZ78847,EFIQTSSPKVT,811,1168.0
898,HLA-B40:01 ,39284.98,ANZ78847,LGCLGSECSKA,898,1169.0
350,HLA-B40:01 ,39289.57,ANZ78847,DKSVPSPLNWE,350,1170.0
1117,HLA-B40:01 ,39290.6,ANZ78847,AMEKVNECVKS,1117,1171.0
778,HLA-B40:01 ,39297.96,ANZ78847,EPFTVNSVNDS,778,1172.0
426,HLA-B40:01 ,39298.41,ANZ78847,SFNYRIDTTAT,426,1173.0
67,HLA-B40:01 ,39300.31,ANZ78847,LNGYYPTSGST,67,1174.0
61,HLA-B40:01 ,39302.08,ANZ78847,LNTTLFLNGYY,61,1175.0
1097,HLA-B40:01 ,39304.71,ANZ78847,NAYVSQQLSDS,1097,1176.0
1290,HLA-B40:01 ,39305.56,ANZ78847,INLKDIGTYEY,1290,1177.0
1068,HLA-B40:01 ,39306.21,ANZ78847,SLQEILSRLDA,1068,1178.0
1049,HLA-B40:01 ,39306.44,ANZ78847,EALNNLLQQLS,1049,1179.0
826,HLA-B40:01 ,39309.58,ANZ78847,AFVCGDYAACK,826,1180.0
17,HLA-B40:01 ,39311.39,ANZ78847,DLKCPLDSRTG,17,1181.0
407,HLA-B40:01 ,39313.87,ANZ78847,AIPNGRKVDLQ,407,1182.0
972,HLA-B40:01 ,39314.85,ANZ78847,AATSASLFPPW,972,1183.0
671,HLA-B40:01 ,39315.4,ANZ78847,YLTNRTFMIRS,671,1184.0
1177,HLA-B40:01 ,39331.51,ANZ78847,GDRGIAPKSGY,1177,1185.0
470,HLA-B40:01 ,39338.28,ANZ78847,VFKPQPAGVLT,470,1186.0
128,HLA-B40:01 ,39343.79,ANZ78847,ITIGSTFVNTS,128,1187.0
144,HLA-B40:01 ,39346.52,ANZ78847,QPRTINSTQDG,144,1188.0
559,HLA-B40:01 ,39352.66,ANZ78847,HCSGLAVKSDY,559,1189.0
1284,HLA-B40:01 ,39354.74,ANZ78847,VLNQSYINLKD,1284,1190.0
1006,HLA-B40:01 ,39356.94,ANZ78847,DVLSQNQKLIA,1006,1191.0
1215,HLA-B40:01 ,39371.73,ANZ78847,VMSTCAVNYTK,1215,1192.0
130,HLA-B40:01 ,39379.62,ANZ78847,IGSTFVNTSYS,130,1193.0
554,HLA-B40:01 ,39385.2,ANZ78847,VGIGEHCSGLA,554,1194.0
832,HLA-B40:01 ,39389.17,ANZ78847,YAACKSQLVEY,832,1195.0
7,HLA-B40:01 ,39390.8,ANZ78847,SLPTAFAVIGD,7,1196.0
781,HLA-B40:01 ,39391.9,ANZ78847,TVNSVNDSLEP,781,1197.0
485,HLA-B40:01 ,39397.87,ANZ78847,VYAQHCFKAPK,485,1198.0
973,HLA-B40:01 ,39400.56,ANZ78847,ATSASLFPPWT,973,1199.0
37,HLA-B40:01 ,39401.9,ANZ78847,PSISTATVDVT,37,1200.0
1325,HLA-B40:01 ,39408.94,ANZ78847,FICCCTGCGTS,1325,1201.0
9,HLA-B40:01 ,39411.21,ANZ78847,PTAFAVIGDLK,9,1202.0
299,HLA-B40:01 ,39411.74,ANZ78847,SDFMSEIKCKT,299,1203.0
1174,HLA-B40:01 ,39416.22,ANZ78847,CIAGDRGIAPK,1174,1204.0
215,HLA-B40:01 ,39419.62,ANZ78847,LYFHFYQEGGT,215,1205.0
641,HLA-B40:01 ,39423.82,ANZ78847,GIFVEVNATYY,641,1206.0
54,HLA-B40:01 ,39427.2,ANZ78847,YVLDRVYLNTT,54,1207.0
851,HLA-B40:01 ,39432.01,ANZ78847,AILTEVNELLD,851,1208.0
1337,HLA-B40:01 ,39435.59,ANZ78847,FKKCGGCCDDY,1337,1209.0
1287,HLA-B40:01 ,39436.24,ANZ78847,QSYINLKDIGT,1287,1210.0
1058,HLA-B40:01 ,39443.63,ANZ78847,LSNRFGAISSS,1058,1211.0
1032,HLA-B40:01 ,39452.64,ANZ78847,ATNSALVKIQA,1032,1212.0
540,HLA-B40:01 ,39454.67,ANZ78847,TFTGPYKCPQS,540,1213.0
495,HLA-B40:01 ,39455.18,ANZ78847,KNFCPCKSNSS,495,1214.0
1110,HLA-B40:01 ,39455.56,ANZ78847,VKFSAAQAMEK,1110,1215.0
771,HLA-B40:01 ,39456.18,ANZ78847,GYRFTNFEPFT,771,1216.0
217,HLA-B40:01 ,39458.02,ANZ78847,FHFYQEGGTFY,217,1217.0
874,HLA-B40:01 ,39460.76,ANZ78847,GVTLSTKLKDG,874,1218.0
981,HLA-B40:01 ,39463.48,ANZ78847,PWTAAAGVPFY,981,1219.0
750,HLA-B40:01 ,39472.13,ANZ78847,VGSGYCVDYSK,750,1220.0
605,HLA-B40:01 ,39475.08,ANZ78847,HDVNSGLTCST,605,1221.0
107,HLA-B40:01 ,39475.61,ANZ78847,FAKVKNTKVFK,107,1222.0
870,HLA-B40:01 ,39476.38,ANZ78847,SLMNGVTLSTK,870,1223.0
103,HLA-B40:01 ,39477.06,ANZ78847,INGIFAKVKNT,103,1224.0
541,HLA-B40:01 ,39478.4,ANZ78847,FTGPYKCPQSK,541,1225.0
1288,HLA-B40:01 ,39480.93,ANZ78847,SYINLKDIGTY,1288,1226.0
515,HLA-B40:01 ,39482.91,ANZ78847,NNGIGTCPAGT,515,1227.0
274,HLA-B40:01 ,39487.56,ANZ78847,TPLTSRQYLLA,274,1228.0
1229,HLA-B40:01 ,39488.53,ANZ78847,VMLNTSIPNLP,1229,1229.0
507,HLA-B40:01 ,39489.65,ANZ78847,CVGSGPGKNNG,507,1230.0
1244,HLA-B40:01 ,39490.21,ANZ78847,ELDQWFKNQTS,1244,1231.0
1168,HLA-B40:01 ,39491.72,ANZ78847,KVSPGLCIAGD,1168,1232.0
423,HLA-B40:01 ,39494.39,ANZ78847,YLQSFNYRIDT,423,1233.0
757,HLA-B40:01 ,39505.81,ANZ78847,DYSKNRRSRRA,757,1234.0
1328,HLA-B40:01 ,39507.12,ANZ78847,CCTGCGTSCFK,1328,1235.0
1188,HLA-B40:01 ,39514.17,ANZ78847,FVNVNNTWMYT,1188,1236.0
1213,HLA-B40:01 ,39516.05,ANZ78847,VVVMSTCAVNY,1213,1237.0
501,HLA-B40:01 ,39518.06,ANZ78847,KSNSSLCVGSG,501,1238.0
1054,HLA-B40:01 ,39521.56,ANZ78847,LLQQLSNRFGA,1054,1239.0
530,HLA-B40:01 ,39522.12,ANZ78847,CHNLCNPDPIT,530,1240.0
1193,HLA-B40:01 ,39523.13,ANZ78847,NTWMYTGSGYY,1193,1241.0
762,HLA-B40:01 ,39524.2,ANZ78847,RRSRRAITTGY,762,1242.0
243,HLA-B40:01 ,39527.06,ANZ78847,VYLGMALSHYY,243,1243.0
203,HLA-B40:01 ,39532.59,ANZ78847,KRNFTYDVNAT,203,1244.0
1329,HLA-B40:01 ,39541.66,ANZ78847,CTGCGTSCFKK,1329,1245.0
542,HLA-B40:01 ,39545.5,ANZ78847,TGPYKCPQSKS,542,1246.0
1025,HLA-B40:01 ,39549.71,ANZ78847,AIQEGFDATNS,1025,1247.0
735,HLA-B40:01 ,39553.9,ANZ78847,AYNSTAISVQT,735,1248.0
1190,HLA-B40:01 ,39554.7,ANZ78847,NVNNTWMYTGS,1190,1249.0
14,HLA-B40:01 ,39555.44,ANZ78847,VIGDLKCPLDS,14,1250.0
3,HLA-B40:01 ,39556.86,ANZ78847,ILLISLPTAFA,3,1251.0
482,HLA-B40:01 ,39558.7,ANZ78847,HDVVYAQHCFK,482,1252.0
112,HLA-B40:01 ,39559.29,ANZ78847,NTKVFKDGVMY,112,1253.0
494,HLA-B40:01 ,39560.06,ANZ78847,PKNFCPCKSNS,494,1254.0
315,HLA-B40:01 ,39573.28,ANZ78847,PTGVYELNGYT,315,1255.0
1022,HLA-B40:01 ,39580.33,ANZ78847,ALDAIQEGFDA,1022,1256.0
72,HLA-B40:01 ,39582.74,ANZ78847,PTSGSTYRNMA,72,1257.0
942,HLA-B40:01 ,39592.24,ANZ78847,IRDLICVQSYK,942,1258.0
192,HLA-B40:01 ,39592.92,ANZ78847,HMDTGVVSCLY,192,1259.0
896,HLA-B40:01 ,39603.45,ANZ78847,SVLGCLGSECS,896,1260.0
923,HLA-B40:01 ,39606.67,ANZ78847,KLSDVGFVAAY,923,1261.0
301,HLA-B40:01 ,39607.12,ANZ78847,FMSEIKCKTQS,301,1262.0
289,HLA-B40:01 ,39612.63,ANZ78847,GIIFNAVDCMS,289,1263.0
85,HLA-B40:01 ,39616.55,ANZ78847,GTDKLSTLWFK,85,1264.0
248,HLA-B40:01 ,39616.59,ANZ78847,ALSHYYVMPLT,248,1265.0
930,HLA-B40:01 ,39618.95,ANZ78847,VAAYNNCTGGA,930,1266.0
1003,HLA-B40:01 ,39627.88,ANZ78847,VTMDVLSQNQK,1003,1267.0
656,HLA-B40:01 ,39639.33,ANZ78847,NLLYDSNGNLY,656,1268.0
1214,HLA-B40:01 ,39640.92,ANZ78847,VVMSTCAVNYT,1214,1269.0
866,HLA-B40:01 ,39655.97,ANZ78847,QVANSLMNGVT,866,1270.0
760,HLA-B40:01 ,39656.64,ANZ78847,KNRRSRRAITT,760,1271.0
1119,HLA-B40:01 ,39660.51,ANZ78847,EKVNECVKSQS,1119,1272.0
673,HLA-B40:01 ,39668.69,ANZ78847,TNRTFMIRSCY,673,1273.0
742,HLA-B40:01 ,39671.32,ANZ78847,SVQTCDLTVGS,742,1274.0
147,HLA-B40:01 ,39678.28,ANZ78847,TINSTQDGVNK,147,1275.0
748,HLA-B40:01 ,39687.75,ANZ78847,LTVGSGYCVDY,748,1276.0
1170,HLA-B40:01 ,39689.04,ANZ78847,SPGLCIAGDRG,1170,1277.0
1332,HLA-B40:01 ,39692.63,ANZ78847,CGTSCFKKCGG,1332,1278.0
448,HLA-B40:01 ,39697.72,ANZ78847,NVSVSRFNPST,448,1279.0
784,HLA-B40:01 ,39706.25,ANZ78847,SVNDSLEPVGG,784,1280.0
160,HLA-B40:01 ,39708.98,ANZ78847,GLLEVSVCQYN,160,1281.0
76,HLA-B40:01 ,39710.85,ANZ78847,STYRNMALKGT,76,1282.0
449,HLA-B40:01 ,39713.67,ANZ78847,VSVSRFNPSTW,449,1283.0
833,HLA-B40:01 ,39718.05,ANZ78847,AACKSQLVEYG,833,1284.0
1291,HLA-B40:01 ,39725.44,ANZ78847,NLKDIGTYEYY,1291,1285.0
958,HLA-B40:01 ,39730.39,ANZ78847,PPLLSENQISG,958,1286.0
732,HLA-B40:01 ,39738.06,ANZ78847,VVNAYNSTAIS,732,1287.0
1143,HLA-B40:01 ,39744.06,ANZ78847,SLVQNAPYGLY,1143,1288.0
491,HLA-B40:01 ,39745.82,ANZ78847,FKAPKNFCPCK,491,1289.0
1207,HLA-B40:01 ,39768.81,ANZ78847,PITENNVVVMS,1207,1290.0
349,HLA-B40:01 ,39769.73,ANZ78847,NDKSVPSPLNW,349,1291.0
552,HLA-B40:01 ,39774.52,ANZ78847,SLVGIGEHCSG,552,1292.0
517,HLA-B40:01 ,39776.27,ANZ78847,GIGTCPAGTNY,517,1293.0
827,HLA-B40:01 ,39783.06,ANZ78847,FVCGDYAACKS,827,1294.0
1175,HLA-B40:01 ,39785.23,ANZ78847,IAGDRGIAPKS,1175,1295.0
477,HLA-B40:01 ,39785.41,ANZ78847,GVLTNHDVVYA,477,1296.0
610,HLA-B40:01 ,39789.31,ANZ78847,GLTCSTDLQKA,610,1297.0
649,HLA-B40:01 ,39789.66,ANZ78847,TYYNSWQNLLY,649,1298.0
1294,HLA-B40:01 ,39791.35,ANZ78847,DIGTYEYYVKW,1294,1299.0
1098,HLA-B40:01 ,39791.41,ANZ78847,AYVSQQLSDST,1098,1300.0
749,HLA-B40:01 ,39795.98,ANZ78847,TVGSGYCVDYS,749,1301.0
1057,HLA-B40:01 ,39796.29,ANZ78847,QLSNRFGAISS,1057,1302.0
929,HLA-B40:01 ,39800.04,ANZ78847,FVAAYNNCTGG,929,1303.0
1084,HLA-B40:01 ,39802.79,ANZ78847,QIDRLINGRLT,1084,1304.0
1103,HLA-B40:01 ,39806.41,ANZ78847,QLSDSTLVKFS,1103,1305.0
759,HLA-B40:01 ,39810.69,ANZ78847,SKNRRSRRAIT,759,1306.0
374,HLA-B40:01 ,39811.07,ANZ78847,LMSFIQADSFT,374,1307.0
336,HLA-B40:01 ,39813.43,ANZ78847,KPDLPNCNIEA,336,1308.0
33,HLA-B40:01 ,39816.51,ANZ78847,DTGPPSISTAT,33,1309.0
362,HLA-B40:01 ,39822.25,ANZ78847,KTFSNCNFNMS,362,1310.0
1120,HLA-B40:01 ,39823.27,ANZ78847,KVNECVKSQSS,1120,1311.0
900,HLA-B40:01 ,39853.5,ANZ78847,CLGSECSKASS,900,1312.0
127,HLA-B40:01 ,39857.27,ANZ78847,AITIGSTFVNT,127,1313.0
355,HLA-B40:01 ,39867.91,ANZ78847,SPLNWERKTFS,355,1314.0
657,HLA-B40:01 ,39891.21,ANZ78847,LLYDSNGNLYG,657,1315.0
674,HLA-B40:01 ,39896.54,ANZ78847,NRTFMIRSCYS,674,1316.0
602,HLA-B40:01 ,39902.89,ANZ78847,LILHDVNSGLT,602,1317.0
389,HLA-B40:01 ,39904.05,ANZ78847,DAAKIYGMCFS,389,1318.0
699,HLA-B40:01 ,39917.83,ANZ78847,ALLFRNIKCNY,699,1319.0
970,HLA-B40:01 ,39918.61,ANZ78847,TLAATSASLFP,970,1320.0
18,HLA-B40:01 ,39921.28,ANZ78847,LKCPLDSRTGS,18,1321.0
1338,HLA-B40:01 ,39939.29,ANZ78847,KKCGGCCDDYT,1338,1322.0
500,HLA-B40:01 ,39950.16,ANZ78847,CKSNSSLCVGS,500,1323.0
590,HLA-B40:01 ,39955.94,ANZ78847,CLQGDKCNIFA,590,1324.0
66,HLA-B40:01 ,39986.19,ANZ78847,FLNGYYPTSGS,66,1325.0
141,HLA-B40:01 ,39987.56,ANZ78847,VVVQPRTINST,141,1326.0
805,HLA-B40:01 ,39995.71,ANZ78847,TIGNMEEFIQT,805,1327.0
562,HLA-B40:01 ,39998.27,ANZ78847,GLAVKSDYCGG,562,1328.0
197,HLA-B40:01 ,40005.67,ANZ78847,VVSCLYKRNFT,197,1329.0
60,HLA-B40:01 ,40006.35,ANZ78847,YLNTTLFLNGY,60,1330.0
1283,HLA-B40:01 ,40011.2,ANZ78847,KVLNQSYINLK,1283,1331.0
718,HLA-B40:01 ,40013.04,ANZ78847,QLQPINYFDSY,718,1332.0
492,HLA-B40:01 ,40029.96,ANZ78847,KAPKNFCPCKS,492,1333.0
31,HLA-B40:01 ,40042.83,ANZ78847,NIDTGPPSIST,31,1334.0
625,HLA-B40:01 ,40043.62,ANZ78847,KLGVCVNYDLY,625,1335.0
314,HLA-B40:01 ,40059.81,ANZ78847,PPTGVYELNGY,314,1336.0
575,HLA-B40:01 ,40062.1,ANZ78847,CTCQPQAFLGW,575,1337.0
81,HLA-B40:01 ,40063.17,ANZ78847,MALKGTDKLST,81,1338.0
432,HLA-B40:01 ,40063.17,ANZ78847,DTTATSCQLYY,432,1338.0
852,HLA-B40:01 ,40078.57,ANZ78847,ILTEVNELLDT,852,1340.0
129,HLA-B40:01 ,40085.53,ANZ78847,TIGSTFVNTSY,129,1341.0
897,HLA-B40:01 ,40088.96,ANZ78847,VLGCLGSECSK,897,1342.0
353,HLA-B40:01 ,40094.15,ANZ78847,VPSPLNWERKT,353,1343.0
413,HLA-B40:01 ,40096.79,ANZ78847,KVDLQLGNLGY,413,1344.0
181,HLA-B40:01 ,40109.46,ANZ78847,PNLGNHFKELW,181,1345.0
532,HLA-B40:01 ,40136.98,ANZ78847,NLCNPDPITFT,532,1346.0
1238,HLA-B40:01 ,40137.35,ANZ78847,LPDFREELDQW,1238,1347.0
714,HLA-B40:01 ,40155.52,ANZ78847,SLTRQLQPINY,714,1348.0
959,HLA-B40:01 ,40159.9,ANZ78847,PLLSENQISGY,959,1349.0
337,HLA-B40:01 ,40174.88,ANZ78847,PDLPNCNIEAW,337,1350.0
83,HLA-B40:01 ,40233.99,ANZ78847,LKGTDKLSTLW,83,1351.0
960,HLA-B40:01 ,40405.23,ANZ78847,LLSENQISGYT,960,1352.0
1279,HLA-B44:02 ,517.49,ANZ78847,QEAIKVLNQSY,1279,1.0
644,HLA-B44:02 ,1061.21,ANZ78847,VEVNATYYNSW,644,2.0
796,HLA-B44:02 ,3520.83,ANZ78847,YEIQIPSDFTI,796,3.0
1048,HLA-B44:02 ,4253.3,ANZ78847,AEALNNLLQQL,1048,4.0
962,HLA-B44:02 ,4463.2,ANZ78847,SENQISGYTLA,962,5.0
810,HLA-B44:02 ,4571.05,ANZ78847,EEFIQTSSPKV,810,6.0
123,HLA-B44:02 ,4574.63,ANZ78847,SEFPAITIGST,123,7.0
1070,HLA-B44:02 ,4600.41,ANZ78847,QEILSRLDALE,1070,8.0
1027,HLA-B44:02 ,4614.03,ANZ78847,QEGFDATNSAL,1027,9.0
1351,HLA-B44:02 ,4661.69,ANZ78847,QELVIKTSHDD,1351,10.0
1079,HLA-B44:02 ,4692.03,ANZ78847,LEAEAQIDRLI,1079,11.0
1243,HLA-B44:02 ,4692.84,ANZ78847,EELDQWFKNQT,1243,12.0
857,HLA-B44:02 ,4717.14,ANZ78847,NELLDTTQLQV,857,13.0
269,HLA-B44:02 ,4739.92,ANZ78847,LEYWVTPLTSR,269,14.0
925,HLA-B44:02 ,4774.76,ANZ78847,SDVGFVAAYNN,925,15.0
1081,HLA-B44:02 ,4829.5,ANZ78847,AEAQIDRLING,1081,16.0
940,HLA-B44:02 ,4858.45,ANZ78847,AEIRDLICVQS,940,17.0
349,HLA-B44:02 ,4863.97,ANZ78847,NDKSVPSPLNW,349,18.0
1298,HLA-B44:02 ,4869.14,ANZ78847,YEYYVKWPWYV,1298,19.0
344,HLA-B44:02 ,4877.79,ANZ78847,IEAWLNDKSVP,344,20.0
83,HLA-B44:02 ,4887.17,ANZ78847,LKGTDKLSTLW,83,21.0
1209,HLA-B44:02 ,4890.24,ANZ78847,TENNVVVMSTC,1209,22.0
1299,HLA-B44:02 ,4890.57,ANZ78847,EYYVKWPWYVW,1299,23.0
449,HLA-B44:02 ,4892.74,ANZ78847,VSVSRFNPSTW,449,24.0
882,HLA-B44:02 ,4896.02,ANZ78847,KDGVNFNVDDI,882,25.0
1185,HLA-B44:02 ,4896.57,ANZ78847,SGYFVNVNNTW,1185,26.0
1242,HLA-B44:02 ,4897.54,ANZ78847,REELDQWFKNQ,1242,27.0
1238,HLA-B44:02 ,4900.04,ANZ78847,LPDFREELDQW,1238,28.0
181,HLA-B44:02 ,4903.87,ANZ78847,PNLGNHFKELW,181,29.0
854,HLA-B44:02 ,4911.42,ANZ78847,TEVNELLDTTQ,854,30.0
914,HLA-B44:02 ,4912.61,ANZ78847,IEDLLFDKVKL,914,31.0
1294,HLA-B44:02 ,4913.57,ANZ78847,DIGTYEYYVKW,1294,32.0
337,HLA-B44:02 ,4915.53,ANZ78847,PDLPNCNIEAW,337,33.0
1273,HLA-B44:02 ,4916.2,ANZ78847,VEMNRLQEAIK,1273,34.0
696,HLA-B44:02 ,4917.66,ANZ78847,SEPALLFRNIK,696,35.0
466,HLA-B44:02 ,4920.94,ANZ78847,IEDSVFKPQPA,466,36.0
789,HLA-B44:02 ,4923.38,ANZ78847,LEPVGGLYEIQ,789,37.0
262,HLA-B44:02 ,4923.44,ANZ78847,RRNIGFTLEYW,262,38.0
777,HLA-B44:02 ,4927.38,ANZ78847,FEPFTVNSVND,777,39.0
809,HLA-B44:02 ,4929.95,ANZ78847,MEEFIQTSSPK,809,40.0
972,HLA-B44:02 ,4930.4,ANZ78847,AATSASLFPPW,972,41.0
188,HLA-B44:02 ,4931.56,ANZ78847,KELWHMDTGVV,188,42.0
1296,HLA-B44:02 ,4931.77,ANZ78847,GTYEYYVKWPW,1296,43.0
534,HLA-B44:02 ,4940.81,ANZ78847,CNPDPITFTGP,534,44.0
86,HLA-B44:02 ,4941.12,ANZ78847,TDKLSTLWFKP,86,45.0
808,HLA-B44:02 ,4941.73,ANZ78847,NMEEFIQTSSP,808,46.0
688,HLA-B44:02 ,4941.82,ANZ78847,SAAFHANSSEP,688,47.0
399,HLA-B44:02 ,4941.92,ANZ78847,SSITIDKFAIP,399,48.0
246,HLA-B44:02 ,4942.19,ANZ78847,GMALSHYYVMP,246,49.0
446,HLA-B44:02 ,4942.22,ANZ78847,AANVSVSRFNP,446,50.0
305,HLA-B44:02 ,4942.25,ANZ78847,IKCKTQSIAPP,305,51.0
1161,HLA-B44:02 ,4942.33,ANZ78847,PTKYVTAKVSP,1161,52.0
1226,HLA-B44:02 ,4942.4,ANZ78847,APYVMLNTSIP,1226,53.0
330,HLA-B44:02 ,4942.41,ANZ78847,ADVYRRKPDLP,330,54.0
1229,HLA-B44:02 ,4942.47,ANZ78847,VMLNTSIPNLP,1229,55.0
463,HLA-B44:02 ,4942.75,ANZ78847,FGFIEDSVFKP,463,56.0
327,HLA-B44:02 ,4942.84,ANZ78847,QPIADVYRRKP,327,57.0
781,HLA-B44:02 ,4942.88,ANZ78847,TVNSVNDSLEP,781,58.0
948,HLA-B44:02 ,4942.95,ANZ78847,VQSYKGIKVLP,948,59.0
1295,HLA-B44:02 ,4942.95,ANZ78847,IGTYEYYVKWP,1295,59.0
435,HLA-B44:02 ,4942.97,ANZ78847,ATSCQLYYNLP,435,61.0
526,HLA-B44:02 ,4943.03,ANZ78847,NYLTCHNLCNP,526,62.0
711,HLA-B44:02 ,4943.04,ANZ78847,FNNSLTRQLQP,711,63.0
26,HLA-B44:02 ,4943.05,ANZ78847,TGSLNNIDTGP,26,64.0
979,HLA-B44:02 ,4943.25,ANZ78847,FPPWTAAAGVP,979,65.0
135,HLA-B44:02 ,4943.32,ANZ78847,VNTSYSVVVQP,135,66.0
564,HLA-B44:02 ,4943.33,ANZ78847,AVKSDYCGGNP,564,67.0
318,HLA-B44:02 ,4943.35,ANZ78847,VYELNGYTVQP,318,68.0
769,HLA-B44:02 ,4943.43,ANZ78847,TTGYRFTNFEP,769,69.0
791,HLA-B44:02 ,4943.46,ANZ78847,PVGGLYEIQIP,791,70.0
346,HLA-B44:02 ,4943.53,ANZ78847,AWLNDKSVPSP,346,71.0
512,HLA-B44:02 ,4943.54,ANZ78847,PGKNNGIGTCP,512,72.0
171,HLA-B44:02 ,4943.66,ANZ78847,MCEYPHTICHP,171,73.0
569,HLA-B44:02 ,4943.7,ANZ78847,YCGGNPCTCQP,569,74.0
489,HLA-B44:02 ,4943.71,ANZ78847,HCFKAPKNFCP,489,75.0
304,HLA-B44:02 ,4943.76,ANZ78847,EIKCKTQSIAP,304,76.0
1173,HLA-B44:02 ,4943.76,ANZ78847,LCIAGDRGIAP,1173,76.0
465,HLA-B44:02 ,4943.84,ANZ78847,FIEDSVFKPQP,465,78.0
502,HLA-B44:02 ,4943.84,ANZ78847,SNSSLCVGSGP,502,78.0
1139,HLA-B44:02 ,4943.86,ANZ78847,NHIISLVQNAP,1139,80.0
1247,HLA-B44:02 ,4943.89,ANZ78847,QWFKNQTSVAP,1247,81.0
11,HLA-B44:02 ,4944.0,ANZ78847,AFAVIGDLKCP,11,82.0
538,HLA-B44:02 ,4944.07,ANZ78847,PITFTGPYKCP,538,83.0
1217,HLA-B44:02 ,4944.27,ANZ78847,STCAVNYTKAP,1217,84.0
265,HLA-B44:02 ,4944.38,ANZ78847,IGFTLEYWVTP,265,85.0
87,HLA-B44:02 ,4944.72,ANZ78847,DKLSTLWFKPP,87,86.0
165,HLA-B44:02 ,4944.76,ANZ78847,SVCQYNMCEYP,165,87.0
949,HLA-B44:02 ,4944.8,ANZ78847,QSYKGIKVLPP,949,88.0
484,HLA-B44:02 ,4944.88,ANZ78847,VVYAQHCFKAP,484,89.0
1197,HLA-B44:02 ,4944.9,ANZ78847,YTGSGYYYPEP,1197,90.0
971,HLA-B44:02 ,4944.97,ANZ78847,LAATSASLFPP,971,91.0
27,HLA-B44:02 ,4945.33,ANZ78847,GSLNNIDTGPP,27,92.0
970,HLA-B44:02 ,4945.34,ANZ78847,TLAATSASLFP,970,93.0
528,HLA-B44:02 ,4945.44,ANZ78847,LTCHNLCNPDP,528,94.0
1151,HLA-B44:02 ,4945.51,ANZ78847,GLYFIHFSYVP,1151,95.0
116,HLA-B44:02 ,4946.11,ANZ78847,FKDGVMYSEFP,116,96.0
802,HLA-B44:02 ,4946.15,ANZ78847,SDFTIGNMEEF,802,97.0
62,HLA-B44:02 ,4946.48,ANZ78847,NTTLFLNGYYP,62,98.0
1195,HLA-B44:02 ,4951.2,ANZ78847,WMYTGSGYYYP,1195,99.0
840,HLA-B44:02 ,4951.85,ANZ78847,VEYGSFCDNIN,840,100.0
162,HLA-B44:02 ,4953.79,ANZ78847,LEVSVCQYNMC,162,101.0
575,HLA-B44:02 ,4954.62,ANZ78847,CTCQPQAFLGW,575,102.0
364,HLA-B44:02 ,4959.69,ANZ78847,FSNCNFNMSSL,364,103.0
1059,HLA-B44:02 ,4959.91,ANZ78847,SNRFGAISSSL,1059,104.0
968,HLA-B44:02 ,4960.22,ANZ78847,GYTLAATSASL,968,105.0
496,HLA-B44:02 ,4960.34,ANZ78847,NFCPCKSNSSL,496,106.0
961,HLA-B44:02 ,4960.49,ANZ78847,LSENQISGYTL,961,107.0
861,HLA-B44:02 ,4960.82,ANZ78847,DTTQLQVANSL,861,108.0
205,HLA-B44:02 ,4960.86,ANZ78847,NFTYDVNATYL,205,109.0
850,HLA-B44:02 ,4960.91,ANZ78847,NAILTEVNELL,850,110.0
1063,HLA-B44:02 ,4961.05,ANZ78847,GAISSSLQEIL,1063,111.0
1134,HLA-B44:02 ,4961.28,ANZ78847,FCGNGNHIISL,1134,112.0
1259,HLA-B44:02 ,4961.28,ANZ78847,LALDYINVTFL,1259,112.0
55,HLA-B44:02 ,4961.31,ANZ78847,VLDRVYLNTTL,55,114.0
647,HLA-B44:02 ,4961.4,ANZ78847,NATYYNSWQNL,647,115.0
1045,HLA-B44:02 ,4961.52,ANZ78847,NANAEALNNLL,1045,116.0
273,HLA-B44:02 ,4961.69,ANZ78847,VTPLTSRQYLL,273,117.0
311,HLA-B44:02 ,4961.86,ANZ78847,SIAPPTGVYEL,311,118.0
669,HLA-B44:02 ,4961.9,ANZ78847,RDYLTNRTFMI,669,119.0
1094,HLA-B44:02 ,4962.21,ANZ78847,TALNAYVSQQL,1094,120.0
543,HLA-B44:02 ,4962.25,ANZ78847,GPYKCPQSKSL,543,121.0
888,HLA-B44:02 ,4962.28,ANZ78847,NVDDINFSSVL,888,122.0
1313,HLA-B44:02 ,4962.3,ANZ78847,CLAGVAMLVLL,1313,123.0
338,HLA-B44:02 ,4962.32,ANZ78847,DLPNCNIEAWL,338,124.0
691,HLA-B44:02 ,4962.32,ANZ78847,FHANSSEPALL,691,124.0
1083,HLA-B44:02 ,4962.33,ANZ78847,AQIDRLINGRL,1083,126.0
1235,HLA-B44:02 ,4962.44,ANZ78847,IPNLPDFREEL,1235,127.0
648,HLA-B44:02 ,4962.48,ANZ78847,ATYYNSWQNLL,648,128.0
82,HLA-B44:02 ,4962.55,ANZ78847,ALKGTDKLSTL,82,129.0
705,HLA-B44:02 ,4962.56,ANZ78847,IKCNYVFNNSL,705,130.0
867,HLA-B44:02 ,4962.61,ANZ78847,VANSLMNGVTL,867,131.0
779,HLA-B44:02 ,4962.63,ANZ78847,PFTVNSVNDSL,779,132.0
594,HLA-B44:02 ,4962.68,ANZ78847,DKCNIFANLIL,594,133.0
1016,HLA-B44:02 ,4962.76,ANZ78847,ANAFNNALDAI,1016,134.0
843,HLA-B44:02 ,4962.8,ANZ78847,GSFCDNINAIL,843,135.0
855,HLA-B44:02 ,4962.8,ANZ78847,EVNELLDTTQL,855,135.0
19,HLA-B44:02 ,4962.82,ANZ78847,KCPLDSRTGSL,19,137.0
849,HLA-B44:02 ,4962.83,ANZ78847,INAILTEVNEL,849,138.0
1300,HLA-B44:02 ,4962.92,ANZ78847,YYVKWPWYVWL,1300,139.0
1221,HLA-B44:02 ,4962.96,ANZ78847,VNYTKAPYVML,1221,140.0
871,HLA-B44:02 ,4963.17,ANZ78847,LMNGVTLSTKL,871,141.0
908,HLA-B44:02 ,4963.3,ANZ78847,ASSRSAIEDLL,908,142.0
272,HLA-B44:02 ,4963.37,ANZ78847,WVTPLTSRQYL,272,143.0
616,HLA-B44:02 ,4963.38,ANZ78847,DLQKANTDIKL,616,144.0
655,HLA-B44:02 ,4963.44,ANZ78847,QNLLYDSNGNL,655,145.0
1310,HLA-B44:02 ,4963.44,ANZ78847,LLICLAGVAML,1310,145.0
709,HLA-B44:02 ,4963.46,ANZ78847,YVFNNSLTRQL,709,147.0
719,HLA-B44:02 ,4963.61,ANZ78847,LQPINYFDSYL,719,148.0
1251,HLA-B44:02 ,4963.61,ANZ78847,NQTSVAPDLAL,1251,148.0
408,HLA-B44:02 ,4963.67,ANZ78847,IPNGRKVDLQL,408,150.0
1228,HLA-B44:02 ,4963.7,ANZ78847,YVMLNTSIPNL,1228,151.0
1044,HLA-B44:02 ,4963.79,ANZ78847,VNANAEALNNL,1044,152.0
982,HLA-B44:02 ,4963.89,ANZ78847,WTAAAGVPFYL,982,153.0
1099,HLA-B44:02 ,4963.95,ANZ78847,YVSQQLSDSTL,1099,154.0
829,HLA-B44:02 ,4963.97,ANZ78847,CGDYAACKSQL,829,155.0
1301,HLA-B44:02 ,4964.07,ANZ78847,YVKWPWYVWLL,1301,156.0
1343,HLA-B44:02 ,4964.11,ANZ78847,CCDDYTGYQEL,1343,157.0
148,HLA-B44:02 ,4964.13,ANZ78847,INSTQDGVNKL,148,158.0
1078,HLA-B44:02 ,4964.16,ANZ78847,ALEAEAQIDRL,1078,159.0
1004,HLA-B44:02 ,4964.21,ANZ78847,TMDVLSQNQKL,1004,160.0
235,HLA-B44:02 ,4964.24,ANZ78847,VVTKFLFNVYL,235,161.0
434,HLA-B44:02 ,4964.25,ANZ78847,TATSCQLYYNL,434,162.0
259,HLA-B44:02 ,4964.28,ANZ78847,CISRRNIGFTL,259,163.0
1282,HLA-B44:02 ,4964.36,ANZ78847,IKVLNQSYINL,1282,164.0
266,HLA-B44:02 ,4964.39,ANZ78847,GFTLEYWVTPL,266,165.0
1041,HLA-B44:02 ,4964.42,ANZ78847,QAVVNANAEAL,1041,166.0
951,HLA-B44:02 ,4964.45,ANZ78847,YKGIKVLPPLL,951,167.0
180,HLA-B44:02 ,4964.49,ANZ78847,HPNLGNHFKEL,180,168.0
1249,HLA-B44:02 ,4964.62,ANZ78847,FKNQTSVAPDL,1249,169.0
152,HLA-B44:02 ,4964.76,ANZ78847,QDGVNKLQGLL,152,170.0
57,HLA-B44:02 ,4964.78,ANZ78847,DRVYLNTTLFL,57,171.0
592,HLA-B44:02 ,4964.84,ANZ78847,QGDKCNIFANL,592,172.0
518,HLA-B44:02 ,4964.88,ANZ78847,IGTCPAGTNYL,518,173.0
40,HLA-B44:02 ,4964.9,ANZ78847,STATVDVTNGL,40,174.0
89,HLA-B44:02 ,4965.0,ANZ78847,LSTLWFKPPFL,89,175.0
1013,HLA-B44:02 ,4965.03,ANZ78847,KLIANAFNNAL,1013,176.0
1312,HLA-B44:02 ,4965.06,ANZ78847,ICLAGVAMLVL,1312,177.0
347,HLA-B44:02 ,4965.17,ANZ78847,WLNDKSVPSPL,347,178.0
411,HLA-B44:02 ,4965.27,ANZ78847,GRKVDLQLGNL,411,179.0
73,HLA-B44:02 ,4965.29,ANZ78847,TSGSTYRNMAL,73,180.0
1261,HLA-B44:02 ,4965.35,ANZ78847,LDYINVTFLDL,1261,181.0
247,HLA-B44:02 ,4965.36,ANZ78847,MALSHYYVMPL,247,182.0
907,HLA-B44:02 ,4965.42,ANZ78847,KASSRSAIEDL,907,183.0
601,HLA-B44:02 ,4965.5,ANZ78847,NLILHDVNSGL,601,184.0
173,HLA-B44:02 ,4965.51,ANZ78847,EYPHTICHPNL,173,185.0
1225,HLA-B44:02 ,4965.55,ANZ78847,KAPYVMLNTSI,1225,186.0
690,HLA-B44:02 ,4965.58,ANZ78847,AFHANSSEPAL,690,187.0
46,HLA-B44:02 ,4965.62,ANZ78847,VTNGLGTYYVL,46,188.0
230,HLA-B44:02 ,4965.62,ANZ78847,FTDTGVVTKFL,230,188.0
302,HLA-B44:02 ,4965.65,ANZ78847,MSEIKCKTQSI,302,190.0
469,HLA-B44:02 ,4965.69,ANZ78847,SVFKPQPAGVL,469,191.0
785,HLA-B44:02 ,4965.71,ANZ78847,VNDSLEPVGGL,785,192.0
51,HLA-B44:02 ,4965.79,ANZ78847,GTYYVLDRVYL,51,193.0
998,HLA-B44:02 ,4965.84,ANZ78847,INGLGVTMDVL,998,194.0
1275,HLA-B44:02 ,4965.87,ANZ78847,MNRLQEAIKVL,1275,195.0
523,HLA-B44:02 ,4965.89,ANZ78847,AGTNYLTCHNL,523,196.0
430,HLA-B44:02 ,4965.93,ANZ78847,RIDTTATSCQL,430,197.0
950,HLA-B44:02 ,4965.95,ANZ78847,SYKGIKVLPPL,950,198.0
1280,HLA-B44:02 ,4966.03,ANZ78847,EAIKVLNQSYI,1280,199.0
935,HLA-B44:02 ,4966.08,ANZ78847,NCTGGAEIRDL,935,200.0
607,HLA-B44:02 ,4966.13,ANZ78847,VNSGLTCSTDL,607,201.0
1086,HLA-B44:02 ,4966.18,ANZ78847,DRLINGRLTAL,1086,202.0
391,HLA-B44:02 ,4966.2,ANZ78847,AKIYGMCFSSI,391,203.0
151,HLA-B44:02 ,4966.31,ANZ78847,TQDGVNKLQGL,151,204.0
614,HLA-B44:02 ,4966.42,ANZ78847,STDLQKANTDI,614,205.0
79,HLA-B44:02 ,4966.47,ANZ78847,RNMALKGTDKL,79,206.0
1163,HLA-B44:02 ,4966.6,ANZ78847,KYVTAKVSPGL,1163,207.0
8,HLA-B44:02 ,4966.69,ANZ78847,LPTAFAVIGDL,8,208.0
738,HLA-B44:02 ,4966.72,ANZ78847,STAISVQTCDL,738,209.0
12,HLA-B44:02 ,4966.76,ANZ78847,FAVIGDLKCPL,12,210.0
1142,HLA-B44:02 ,4966.83,ANZ78847,ISLVQNAPYGL,1142,211.0
1132,HLA-B44:02 ,4966.86,ANZ78847,INFCGNGNHII,1132,212.0
29,HLA-B44:02 ,4966.94,ANZ78847,LNNIDTGPPSI,29,213.0
712,HLA-B44:02 ,4966.94,ANZ78847,NNSLTRQLQPI,712,213.0
406,HLA-B44:02 ,4966.96,ANZ78847,FAIPNGRKVDL,406,215.0
1030,HLA-B44:02 ,4966.98,ANZ78847,FDATNSALVKI,1030,216.0
1285,HLA-B44:02 ,4967.01,ANZ78847,LNQSYINLKDI,1285,217.0
947,HLA-B44:02 ,4967.04,ANZ78847,CVQSYKGIKVL,947,218.0
1069,HLA-B44:02 ,4967.07,ANZ78847,LQEILSRLDAL,1069,219.0
553,HLA-B44:02 ,4967.19,ANZ78847,LVGIGEHCSGL,553,220.0
239,HLA-B44:02 ,4967.23,ANZ78847,FLFNVYLGMAL,239,221.0
1066,HLA-B44:02 ,4967.25,ANZ78847,SSSLQEILSRL,1066,222.0
120,HLA-B44:02 ,4967.35,ANZ78847,VMYSEFPAITI,120,223.0
393,HLA-B44:02 ,4967.42,ANZ78847,IYGMCFSSITI,393,224.0
329,HLA-B44:02 ,4967.45,ANZ78847,IADVYRRKPDL,329,225.0
624,HLA-B44:02 ,4967.45,ANZ78847,IKLGVCVNYDL,624,225.0
1005,HLA-B44:02 ,4967.45,ANZ78847,MDVLSQNQKLI,1005,225.0
812,HLA-B44:02 ,4967.64,ANZ78847,FIQTSSPKVTI,812,228.0
5,HLA-B44:02 ,4967.83,ANZ78847,LISLPTAFAVI,5,229.0
191,HLA-B44:02 ,4967.93,ANZ78847,WHMDTGVVSCL,191,230.0
1105,HLA-B44:02 ,4967.94,ANZ78847,SDSTLVKFSAA,1105,231.0
991,HLA-B44:02 ,4967.99,ANZ78847,YLNVQYRINGL,991,232.0
1198,HLA-B44:02 ,4967.99,ANZ78847,TGSGYYYPEPI,1198,232.0
731,HLA-B44:02 ,4968.02,ANZ78847,CVVNAYNSTAI,731,234.0
398,HLA-B44:02 ,4968.08,ANZ78847,FSSITIDKFAI,398,235.0
1075,HLA-B44:02 ,4968.08,ANZ78847,RLDALEAEAQI,1075,235.0
904,HLA-B44:02 ,4968.21,ANZ78847,ECSKASSRSAI,904,237.0
695,HLA-B44:02 ,4968.24,ANZ78847,SSEPALLFRNI,695,238.0
138,HLA-B44:02 ,4968.27,ANZ78847,SYSVVVQPRTI,138,239.0
368,HLA-B44:02 ,4968.3,ANZ78847,NFNMSSLMSFI,368,240.0
1122,HLA-B44:02 ,4968.35,ANZ78847,NECVKSQSSRI,1122,241.0
221,HLA-B44:02 ,4968.38,ANZ78847,QEGGTFYAYFT,221,242.0
22,HLA-B44:02 ,4968.39,ANZ78847,LDSRTGSLNNI,22,243.0
788,HLA-B44:02 ,4968.42,ANZ78847,SLEPVGGLYEI,788,244.0
1268,HLA-B44:02 ,4968.43,ANZ78847,FLDLQVEMNRL,1268,245.0
93,HLA-B44:02 ,4968.5,ANZ78847,WFKPPFLSDFI,93,246.0
281,HLA-B44:02 ,4968.56,ANZ78847,YLLAFNQDGII,281,247.0
546,HLA-B44:02 ,4968.61,ANZ78847,KCPQSKSLVGI,546,248.0
790,HLA-B44:02 ,4968.63,ANZ78847,EPVGGLYEIQI,790,249.0
168,HLA-B44:02 ,4968.67,ANZ78847,QYNMCEYPHTI,168,250.0
529,HLA-B44:02 ,4968.68,ANZ78847,TCHNLCNPDPI,529,251.0
593,HLA-B44:02 ,4968.69,ANZ78847,GDKCNIFANLI,593,252.0
1254,HLA-B44:02 ,4968.69,ANZ78847,SVAPDLALDYI,1254,252.0
845,HLA-B44:02 ,4968.73,ANZ78847,FCDNINAILTE,845,254.0
956,HLA-B44:02 ,4968.78,ANZ78847,VLPPLLSENQI,956,255.0
573,HLA-B44:02 ,4968.79,ANZ78847,NPCTCQPQAFL,573,256.0
295,HLA-B44:02 ,4968.81,ANZ78847,VDCMSDFMSEI,295,257.0
1062,HLA-B44:02 ,4968.84,ANZ78847,FGAISSSLQEI,1062,258.0
280,HLA-B44:02 ,4968.92,ANZ78847,QYLLAFNQDGI,280,259.0
936,HLA-B44:02 ,4969.06,ANZ78847,CTGGAEIRDLI,936,260.0
287,HLA-B44:02 ,4969.07,ANZ78847,QDGIIFNAVDC,287,261.0
508,HLA-B44:02 ,4969.1,ANZ78847,VGSGPGKNNGI,508,262.0
129,HLA-B44:02 ,4969.15,ANZ78847,TIGSTFVNTSY,129,263.0
183,HLA-B44:02 ,4969.16,ANZ78847,LGNHFKELWHM,183,264.0
118,HLA-B44:02 ,4969.28,ANZ78847,DGVMYSEFPAI,118,265.0
32,HLA-B44:02 ,4969.37,ANZ78847,IDTGPPSISTA,32,266.0
1206,HLA-B44:02 ,4969.41,ANZ78847,EPITENNVVVM,1206,267.0
1055,HLA-B44:02 ,4969.51,ANZ78847,LQQLSNRFGAI,1055,268.0
1316,HLA-B44:02 ,4969.52,ANZ78847,GVAMLVLLFFI,1316,269.0
1187,HLA-B44:02 ,4969.54,ANZ78847,YFVNVNNTWMY,1187,270.0
378,HLA-B44:02 ,4969.6,ANZ78847,IQADSFTCNNI,378,271.0
1345,HLA-B44:02 ,4969.61,ANZ78847,DDYTGYQELVI,1345,272.0
535,HLA-B44:02 ,4969.62,ANZ78847,NPDPITFTGPY,535,273.0
581,HLA-B44:02 ,4969.63,ANZ78847,AFLGWSADSCL,581,274.0
662,HLA-B44:02 ,4969.63,ANZ78847,NGNLYGFRDYL,662,274.0
1272,HLA-B44:02 ,4969.63,ANZ78847,QVEMNRLQEAI,1272,274.0
96,HLA-B44:02 ,4969.66,ANZ78847,PPFLSDFINGI,96,277.0
255,HLA-B44:02 ,4969.68,ANZ78847,MPLTCISRRNI,255,278.0
839,HLA-B44:02 ,4969.75,ANZ78847,LVEYGSFCDNI,839,279.0
1218,HLA-B44:02 ,4969.85,ANZ78847,TCAVNYTKAPY,1218,280.0
842,HLA-B44:02 ,4969.94,ANZ78847,YGSFCDNINAI,842,281.0
588,HLA-B44:02 ,4969.97,ANZ78847,DSCLQGDKCNI,588,282.0
1200,HLA-B44:02 ,4969.97,ANZ78847,SGYYYPEPITE,1200,282.0
414,HLA-B44:02 ,4970.08,ANZ78847,VDLQLGNLGYL,414,284.0
932,HLA-B44:02 ,4970.09,ANZ78847,AYNNCTGGAEI,932,285.0
334,HLA-B44:02 ,4970.17,ANZ78847,RRKPDLPNCNI,334,286.0
944,HLA-B44:02 ,4970.21,ANZ78847,DLICVQSYKGI,944,287.0
905,HLA-B44:02 ,4970.3,ANZ78847,CSKASSRSAIE,905,288.0
1145,HLA-B44:02 ,4970.32,ANZ78847,VQNAPYGLYFI,1145,289.0
383,HLA-B44:02 ,4970.33,ANZ78847,FTCNNIDAAKI,383,290.0
627,HLA-B44:02 ,4970.33,ANZ78847,GVCVNYDLYGI,627,290.0
803,HLA-B44:02 ,4970.35,ANZ78847,DFTIGNMEEFI,803,292.0
981,HLA-B44:02 ,4970.4,ANZ78847,PWTAAAGVPFY,981,293.0
1165,HLA-B44:02 ,4970.49,ANZ78847,VTAKVSPGLCI,1165,294.0
210,HLA-B44:02 ,4970.52,ANZ78847,VNATYLYFHFY,210,295.0
1302,HLA-B44:02 ,4970.55,ANZ78847,VKWPWYVWLLI,1302,296.0
891,HLA-B44:02 ,4970.67,ANZ78847,DINFSSVLGCL,891,297.0
822,HLA-B44:02 ,4970.73,ANZ78847,IDCAAFVCGDY,822,298.0
758,HLA-B44:02 ,4970.8,ANZ78847,YSKNRRSRRAI,758,299.0
112,HLA-B44:02 ,4970.83,ANZ78847,NTKVFKDGVMY,112,300.0
250,HLA-B44:02 ,4970.85,ANZ78847,SHYYVMPLTCI,250,301.0
1089,HLA-B44:02 ,4970.85,ANZ78847,INGRLTALNAY,1089,301.0
622,HLA-B44:02 ,4970.86,ANZ78847,TDIKLGVCVNY,622,303.0
1293,HLA-B44:02 ,4970.95,ANZ78847,KDIGTYEYYVK,1293,304.0
1234,HLA-B44:02 ,4971.01,ANZ78847,SIPNLPDFREE,1234,305.0
1149,HLA-B44:02 ,4971.02,ANZ78847,PYGLYFIHFSY,1149,306.0
986,HLA-B44:02 ,4971.1,ANZ78847,AGVPFYLNVQY,986,307.0
1171,HLA-B44:02 ,4971.12,ANZ78847,PGLCIAGDRGI,1171,308.0
245,HLA-B44:02 ,4971.13,ANZ78847,LGMALSHYYVM,245,309.0
384,HLA-B44:02 ,4971.16,ANZ78847,TCNNIDAAKIY,384,310.0
1304,HLA-B44:02 ,4971.24,ANZ78847,WPWYVWLLICL,1304,311.0
640,HLA-B44:02 ,4971.28,ANZ78847,QGIFVEVNATY,640,312.0
800,HLA-B44:02 ,4971.3,ANZ78847,IPSDFTIGNME,800,313.0
204,HLA-B44:02 ,4971.34,ANZ78847,RNFTYDVNATY,204,314.0
1131,HLA-B44:02 ,4971.35,ANZ78847,RINFCGNGNHI,1131,315.0
1342,HLA-B44:02 ,4971.37,ANZ78847,GCCDDYTGYQE,1342,316.0
953,HLA-B44:02 ,4971.42,ANZ78847,GIKVLPPLLSE,953,317.0
988,HLA-B44:02 ,4971.43,ANZ78847,VPFYLNVQYRI,988,318.0
1140,HLA-B44:02 ,4971.52,ANZ78847,HIISLVQNAPY,1140,319.0
419,HLA-B44:02 ,4971.53,ANZ78847,GNLGYLQSFNY,419,320.0
848,HLA-B44:02 ,4971.59,ANZ78847,NINAILTEVNE,848,321.0
431,HLA-B44:02 ,4971.6,ANZ78847,IDTTATSCQLY,431,322.0
801,HLA-B44:02 ,4971.6,ANZ78847,PSDFTIGNMEE,801,322.0
71,HLA-B44:02 ,4971.63,ANZ78847,YPTSGSTYRNM,71,324.0
941,HLA-B44:02 ,4971.69,ANZ78847,EIRDLICVQSY,941,325.0
56,HLA-B44:02 ,4971.7,ANZ78847,LDRVYLNTTLF,56,326.0
456,HLA-B44:02 ,4971.73,ANZ78847,PSTWNKRFGFI,456,327.0
206,HLA-B44:02 ,4971.81,ANZ78847,FTYDVNATYLY,206,328.0
995,HLA-B44:02 ,4971.84,ANZ78847,QYRINGLGVTM,995,329.0
1109,HLA-B44:02 ,4971.85,ANZ78847,LVKFSAAQAME,1109,330.0
649,HLA-B44:02 ,4971.89,ANZ78847,TYYNSWQNLLY,649,331.0
231,HLA-B44:02 ,4971.91,ANZ78847,TDTGVVTKFLF,231,332.0
1220,HLA-B44:02 ,4971.95,ANZ78847,AVNYTKAPYVM,1220,333.0
832,HLA-B44:02 ,4972.01,ANZ78847,YAACKSQLVEY,832,334.0
1177,HLA-B44:02 ,4972.05,ANZ78847,GDRGIAPKSGY,1177,335.0
335,HLA-B44:02 ,4972.17,ANZ78847,RKPDLPNCNIE,335,336.0
261,HLA-B44:02 ,4972.23,ANZ78847,SRRNIGFTLEY,261,337.0
443,HLA-B44:02 ,4972.23,ANZ78847,NLPAANVSVSR,443,337.0
260,HLA-B44:02 ,4972.26,ANZ78847,ISRRNIGFTLE,260,339.0
1233,HLA-B44:02 ,4972.38,ANZ78847,TSIPNLPDFRE,1233,340.0
457,HLA-B44:02 ,4972.44,ANZ78847,STWNKRFGFIE,457,341.0
1061,HLA-B44:02 ,4972.44,ANZ78847,RFGAISSSLQE,1061,341.0
799,HLA-B44:02 ,4972.46,ANZ78847,QIPSDFTIGNM,799,343.0
365,HLA-B44:02 ,4972.57,ANZ78847,SNCNFNMSSLM,365,344.0
1146,HLA-B44:02 ,4972.67,ANZ78847,QNAPYGLYFIH,1146,345.0
780,HLA-B44:02 ,4972.71,ANZ78847,FTVNSVNDSLE,780,346.0
1147,HLA-B44:02 ,4972.73,ANZ78847,NAPYGLYFIHF,1147,347.0
153,HLA-B44:02 ,4972.75,ANZ78847,DGVNKLQGLLE,153,348.0
1018,HLA-B44:02 ,4972.75,ANZ78847,AFNNALDAIQE,1018,348.0
1196,HLA-B44:02 ,4972.75,ANZ78847,MYTGSGYYYPE,1196,348.0
714,HLA-B44:02 ,4972.79,ANZ78847,SLTRQLQPINY,714,351.0
350,HLA-B44:02 ,4972.8,ANZ78847,DKSVPSPLNWE,350,352.0
635,HLA-B44:02 ,4972.85,ANZ78847,YGISGQGIFVE,635,353.0
421,HLA-B44:02 ,4972.87,ANZ78847,LGYLQSFNYRI,421,354.0
294,HLA-B44:02 ,4972.88,ANZ78847,AVDCMSDFMSE,294,355.0
1264,HLA-B44:02 ,4972.9,ANZ78847,INVTFLDLQVE,1264,356.0
656,HLA-B44:02 ,4972.92,ANZ78847,NLLYDSNGNLY,656,357.0
1108,HLA-B44:02 ,4972.97,ANZ78847,TLVKFSAAQAM,1108,358.0
1290,HLA-B44:02 ,4973.01,ANZ78847,INLKDIGTYEY,1290,359.0
288,HLA-B44:02 ,4973.02,ANZ78847,DGIIFNAVDCM,288,360.0
386,HLA-B44:02 ,4973.02,ANZ78847,NNIDAAKIYGM,386,360.0
114,HLA-B44:02 ,4973.15,ANZ78847,KVFKDGVMYSE,114,362.0
923,HLA-B44:02 ,4973.19,ANZ78847,KLSDVGFVAAY,923,363.0
467,HLA-B44:02 ,4973.2,ANZ78847,EDSVFKPQPAG,467,364.0
1309,HLA-B44:02 ,4973.26,ANZ78847,WLLICLAGVAM,1309,365.0
718,HLA-B44:02 ,4973.33,ANZ78847,QLQPINYFDSY,718,366.0
117,HLA-B44:02 ,4973.34,ANZ78847,KDGVMYSEFPA,117,367.0
310,HLA-B44:02 ,4973.37,ANZ78847,QSIAPPTGVYE,310,368.0
1113,HLA-B44:02 ,4973.38,ANZ78847,SAAQAMEKVNE,1113,369.0
976,HLA-B44:02 ,4973.45,ANZ78847,ASLFPPWTAAA,976,370.0
517,HLA-B44:02 ,4973.48,ANZ78847,GIGTCPAGTNY,517,371.0
1297,HLA-B44:02 ,4973.48,ANZ78847,TYEYYVKWPWY,1297,371.0
198,HLA-B44:02 ,4973.5,ANZ78847,VSCLYKRNFTY,198,373.0
699,HLA-B44:02 ,4973.54,ANZ78847,ALLFRNIKCNY,699,374.0
111,HLA-B44:02 ,4973.56,ANZ78847,KNTKVFKDGVM,111,375.0
862,HLA-B44:02 ,4973.62,ANZ78847,TTQLQVANSLM,862,376.0
124,HLA-B44:02 ,4973.65,ANZ78847,EFPAITIGSTF,124,377.0
687,HLA-B44:02 ,4973.69,ANZ78847,VSAAFHANSSE,687,378.0
164,HLA-B44:02 ,4973.75,ANZ78847,VSVCQYNMCEY,164,379.0
1186,HLA-B44:02 ,4973.76,ANZ78847,GYFVNVNNTWM,1186,380.0
1289,HLA-B44:02 ,4973.79,ANZ78847,YINLKDIGTYE,1289,381.0
234,HLA-B44:02 ,4973.8,ANZ78847,GVVTKFLFNVY,234,382.0
303,HLA-B44:02 ,4973.87,ANZ78847,SEIKCKTQSIA,303,383.0
632,HLA-B44:02 ,4973.88,ANZ78847,YDLYGISGQGI,632,384.0
212,HLA-B44:02 ,4973.99,ANZ78847,ATYLYFHFYQE,212,385.0
3,HLA-B44:02 ,4974.02,ANZ78847,ILLISLPTAFA,3,386.0
1270,HLA-B44:02 ,4974.03,ANZ78847,DLQVEMNRLQE,1270,387.0
963,HLA-B44:02 ,4974.07,ANZ78847,ENQISGYTLAA,963,388.0
969,HLA-B44:02 ,4974.09,ANZ78847,YTLAATSASLF,969,389.0
1258,HLA-B44:02 ,4974.12,ANZ78847,DLALDYINVTF,1258,390.0
84,HLA-B44:02 ,4974.15,ANZ78847,KGTDKLSTLWF,84,391.0
1121,HLA-B44:02 ,4974.16,ANZ78847,VNECVKSQSSR,1121,392.0
179,HLA-B44:02 ,4974.22,ANZ78847,CHPNLGNHFKE,179,393.0
161,HLA-B44:02 ,4974.25,ANZ78847,LLEVSVCQYNM,161,394.0
768,HLA-B44:02 ,4974.26,ANZ78847,ITTGYRFTNFE,768,395.0
1118,HLA-B44:02 ,4974.34,ANZ78847,MEKVNECVKSQ,1118,396.0
219,HLA-B44:02 ,4974.36,ANZ78847,FYQEGGTFYAY,219,397.0
68,HLA-B44:02 ,4974.42,ANZ78847,NGYYPTSGSTY,68,398.0
787,HLA-B44:02 ,4974.42,ANZ78847,DSLEPVGGLYE,787,398.0
548,HLA-B44:02 ,4974.48,ANZ78847,PQSKSLVGIGE,548,400.0
282,HLA-B44:02 ,4974.67,ANZ78847,LLAFNQDGIIF,282,401.0
1085,HLA-B44:02 ,4974.72,ANZ78847,IDRLINGRLTA,1085,402.0
1,HLA-B44:02 ,4974.83,ANZ78847,FLILLISLPTA,1,403.0
44,HLA-B44:02 ,4974.9,ANZ78847,VDVTNGLGTYY,44,404.0
476,HLA-B44:02 ,4974.91,ANZ78847,AGVLTNHDVVY,476,405.0
477,HLA-B44:02 ,4974.93,ANZ78847,GVLTNHDVVYA,477,406.0
1039,HLA-B44:02 ,4974.95,ANZ78847,KIQAVVNANAE,1039,407.0
959,HLA-B44:02 ,4974.97,ANZ78847,PLLSENQISGY,959,408.0
208,HLA-B44:02 ,4975.03,ANZ78847,YDVNATYLYFH,208,409.0
726,HLA-B44:02 ,4975.03,ANZ78847,DSYLGCVVNAY,726,409.0
1213,HLA-B44:02 ,4975.08,ANZ78847,VVVMSTCAVNY,1213,411.0
894,HLA-B44:02 ,4975.1,ANZ78847,FSSVLGCLGSE,894,412.0
903,HLA-B44:02 ,4975.1,ANZ78847,SECSKASSRSA,903,412.0
858,HLA-B44:02 ,4975.12,ANZ78847,ELLDTTQLQVA,858,414.0
323,HLA-B44:02 ,4975.16,ANZ78847,GYTVQPIADVY,323,415.0
1072,HLA-B44:02 ,4975.19,ANZ78847,ILSRLDALEAE,1072,416.0
43,HLA-B44:02 ,4975.27,ANZ78847,TVDVTNGLGTY,43,417.0
1265,HLA-B44:02 ,4975.31,ANZ78847,NVTFLDLQVEM,1265,418.0
237,HLA-B44:02 ,4975.32,ANZ78847,TKFLFNVYLGM,237,419.0
975,HLA-B44:02 ,4975.33,ANZ78847,SASLFPPWTAA,975,420.0
831,HLA-B44:02 ,4975.47,ANZ78847,DYAACKSQLVE,831,421.0
274,HLA-B44:02 ,4975.53,ANZ78847,TPLTSRQYLLA,274,422.0
1314,HLA-B44:02 ,4975.53,ANZ78847,LAGVAMLVLLF,1314,422.0
786,HLA-B44:02 ,4975.55,ANZ78847,NDSLEPVGGLY,786,424.0
361,HLA-B44:02 ,4975.62,ANZ78847,RKTFSNCNFNM,361,425.0
823,HLA-B44:02 ,4975.63,ANZ78847,DCAAFVCGDYA,823,426.0
48,HLA-B44:02 ,4975.69,ANZ78847,NGLGTYYVLDR,48,427.0
1246,HLA-B44:02 ,4975.72,ANZ78847,DQWFKNQTSVA,1246,428.0
756,HLA-B44:02 ,4975.77,ANZ78847,VDYSKNRRSRR,756,429.0
762,HLA-B44:02 ,4975.8,ANZ78847,RRSRRAITTGY,762,430.0
1250,HLA-B44:02 ,4975.8,ANZ78847,KNQTSVAPDLA,1250,430.0
314,HLA-B44:02 ,4975.83,ANZ78847,PPTGVYELNGY,314,432.0
159,HLA-B44:02 ,4975.84,ANZ78847,QGLLEVSVCQY,159,433.0
397,HLA-B44:02 ,4975.93,ANZ78847,CFSSITIDKFA,397,434.0
909,HLA-B44:02 ,4976.0,ANZ78847,SSRSAIEDLLF,909,435.0
1077,HLA-B44:02 ,4976.05,ANZ78847,DALEAEAQIDR,1077,436.0
767,HLA-B44:02 ,4976.08,ANZ78847,AITTGYRFTNF,767,437.0
901,HLA-B44:02 ,4976.1,ANZ78847,LGSECSKASSR,901,438.0
1065,HLA-B44:02 ,4976.1,ANZ78847,ISSSLQEILSR,1065,438.0
692,HLA-B44:02 ,4976.12,ANZ78847,HANSSEPALLF,692,440.0
1036,HLA-B44:02 ,4976.15,ANZ78847,ALVKIQAVVNA,1036,441.0
559,HLA-B44:02 ,4976.2,ANZ78847,HCSGLAVKSDY,559,442.0
163,HLA-B44:02 ,4976.22,ANZ78847,EVSVCQYNMCE,163,443.0
638,HLA-B44:02 ,4976.22,ANZ78847,SGQGIFVEVNA,638,443.0
98,HLA-B44:02 ,4976.27,ANZ78847,FLSDFINGIFA,98,445.0
931,HLA-B44:02 ,4976.29,ANZ78847,AAYNNCTGGAE,931,446.0
1340,HLA-B44:02 ,4976.42,ANZ78847,CGGCCDDYTGY,1340,447.0
320,HLA-B44:02 ,4976.45,ANZ78847,ELNGYTVQPIA,320,448.0
921,HLA-B44:02 ,4976.51,ANZ78847,KVKLSDVGFVA,921,449.0
1026,HLA-B44:02 ,4976.54,ANZ78847,IQEGFDATNSA,1026,450.0
1088,HLA-B44:02 ,4976.54,ANZ78847,LINGRLTALNA,1088,450.0
370,HLA-B44:02 ,4976.56,ANZ78847,NMSSLMSFIQA,370,452.0
1305,HLA-B44:02 ,4976.57,ANZ78847,PWYVWLLICLA,1305,453.0
60,HLA-B44:02 ,4976.59,ANZ78847,YLNTTLFLNGY,60,454.0
595,HLA-B44:02 ,4976.6,ANZ78847,KCNIFANLILH,595,455.0
577,HLA-B44:02 ,4976.63,ANZ78847,CQPQAFLGWSA,577,456.0
1349,HLA-B44:02 ,4976.63,ANZ78847,GYQELVIKTSH,1349,456.0
97,HLA-B44:02 ,4976.64,ANZ78847,PFLSDFINGIF,97,458.0
1107,HLA-B44:02 ,4976.64,ANZ78847,STLVKFSAAQA,1107,458.0
1157,HLA-B44:02 ,4976.69,ANZ78847,FSYVPTKYVTA,1157,460.0
271,HLA-B44:02 ,4976.7,ANZ78847,YWVTPLTSRQY,271,461.0
922,HLA-B44:02 ,4976.73,ANZ78847,VKLSDVGFVAA,922,462.0
744,HLA-B44:02 ,4976.75,ANZ78847,QTCDLTVGSGY,744,463.0
673,HLA-B44:02 ,4976.78,ANZ78847,TNRTFMIRSCY,673,464.0
425,HLA-B44:02 ,4976.79,ANZ78847,QSFNYRIDTTA,425,465.0
1020,HLA-B44:02 ,4976.89,ANZ78847,NNALDAIQEGF,1020,466.0
284,HLA-B44:02 ,4976.91,ANZ78847,AFNQDGIIFNA,284,467.0
241,HLA-B44:02 ,4976.93,ANZ78847,FNVYLGMALSH,241,468.0
1006,HLA-B44:02 ,4976.97,ANZ78847,DVLSQNQKLIA,1006,469.0
432,HLA-B44:02 ,4976.98,ANZ78847,DTTATSCQLYY,432,470.0
974,HLA-B44:02 ,4977.02,ANZ78847,TSASLFPPWTA,974,471.0
218,HLA-B44:02 ,4977.08,ANZ78847,HFYQEGGTFYA,218,472.0
367,HLA-B44:02 ,4977.08,ANZ78847,CNFNMSSLMSF,367,472.0
824,HLA-B44:02 ,4977.14,ANZ78847,CAAFVCGDYAA,824,474.0
2,HLA-B44:02 ,4977.17,ANZ78847,LILLISLPTAF,2,475.0
670,HLA-B44:02 ,4977.18,ANZ78847,DYLTNRTFMIR,670,476.0
641,HLA-B44:02 ,4977.2,ANZ78847,GIFVEVNATYY,641,477.0
730,HLA-B44:02 ,4977.2,ANZ78847,GCVVNAYNSTA,730,477.0
884,HLA-B44:02 ,4977.23,ANZ78847,GVNFNVDDINF,884,479.0
403,HLA-B44:02 ,4977.27,ANZ78847,IDKFAIPNGRK,403,480.0
1253,HLA-B44:02 ,4977.31,ANZ78847,TSVAPDLALDY,1253,481.0
1012,HLA-B44:02 ,4977.45,ANZ78847,QKLIANAFNNA,1012,482.0
1138,HLA-B44:02 ,4977.51,ANZ78847,GNHIISLVQNA,1138,483.0
554,HLA-B44:02 ,4977.53,ANZ78847,VGIGEHCSGLA,554,484.0
755,HLA-B44:02 ,4977.58,ANZ78847,CVDYSKNRRSR,755,485.0
1040,HLA-B44:02 ,4977.59,ANZ78847,IQAVVNANAEA,1040,486.0
1032,HLA-B44:02 ,4977.61,ANZ78847,ATNSALVKIQA,1032,487.0
1038,HLA-B44:02 ,4977.61,ANZ78847,VKIQAVVNANA,1038,487.0
217,HLA-B44:02 ,4977.63,ANZ78847,FHFYQEGGTFY,217,489.0
625,HLA-B44:02 ,4977.68,ANZ78847,KLGVCVNYDLY,625,490.0
590,HLA-B44:02 ,4977.69,ANZ78847,CLQGDKCNIFA,590,491.0
531,HLA-B44:02 ,4977.78,ANZ78847,HNLCNPDPITF,531,492.0
725,HLA-B44:02 ,4977.78,ANZ78847,FDSYLGCVVNA,725,492.0
966,HLA-B44:02 ,4977.79,ANZ78847,ISGYTLAATSA,966,494.0
192,HLA-B44:02 ,4977.8,ANZ78847,HMDTGVVSCLY,192,495.0
182,HLA-B44:02 ,4977.83,ANZ78847,NLGNHFKELWH,182,496.0
61,HLA-B44:02 ,4977.86,ANZ78847,LNTTLFLNGYY,61,497.0
667,HLA-B44:02 ,4977.86,ANZ78847,GFRDYLTNRTF,667,497.0
1068,HLA-B44:02 ,4977.86,ANZ78847,SLQEILSRLDA,1068,497.0
1326,HLA-B44:02 ,4977.86,ANZ78847,ICCCTGCGTSC,1326,497.0
668,HLA-B44:02 ,4977.88,ANZ78847,FRDYLTNRTFM,668,501.0
898,HLA-B44:02 ,4977.93,ANZ78847,LGCLGSECSKA,898,502.0
1071,HLA-B44:02 ,4977.93,ANZ78847,EILSRLDALEA,1071,502.0
1008,HLA-B44:02 ,4977.99,ANZ78847,LSQNQKLIANA,1008,504.0
1308,HLA-B44:02 ,4977.99,ANZ78847,VWLLICLAGVA,1308,504.0
190,HLA-B44:02 ,4978.02,ANZ78847,LWHMDTGVVSC,190,506.0
437,HLA-B44:02 ,4978.07,ANZ78847,SCQLYYNLPAA,437,507.0
238,HLA-B44:02 ,4978.17,ANZ78847,KFLFNVYLGMA,238,508.0
69,HLA-B44:02 ,4978.18,ANZ78847,GYYPTSGSTYR,69,509.0
610,HLA-B44:02 ,4978.18,ANZ78847,GLTCSTDLQKA,610,509.0
202,HLA-B44:02 ,4978.22,ANZ78847,YKRNFTYDVNA,202,511.0
1172,HLA-B44:02 ,4978.22,ANZ78847,GLCIAGDRGIA,1172,511.0
220,HLA-B44:02 ,4978.23,ANZ78847,YQEGGTFYAYF,220,513.0
537,HLA-B44:02 ,4978.25,ANZ78847,DPITFTGPYKC,537,514.0
683,HLA-B44:02 ,4978.26,ANZ78847,YSGRVSAAFHA,683,515.0
417,HLA-B44:02 ,4978.27,ANZ78847,QLGNLGYLQSF,417,516.0
1104,HLA-B44:02 ,4978.34,ANZ78847,LSDSTLVKFSA,1104,517.0
680,HLA-B44:02 ,4978.39,ANZ78847,RSCYSGRVSAA,680,518.0
672,HLA-B44:02 ,4978.51,ANZ78847,LTNRTFMIRSC,672,519.0
92,HLA-B44:02 ,4978.53,ANZ78847,LWFKPPFLSDF,92,520.0
1271,HLA-B44:02 ,4978.54,ANZ78847,LQVEMNRLQEA,1271,521.0
1288,HLA-B44:02 ,4978.54,ANZ78847,SYINLKDIGTY,1288,521.0
252,HLA-B44:02 ,4978.55,ANZ78847,YYVMPLTCISR,252,523.0
689,HLA-B44:02 ,4978.55,ANZ78847,AAFHANSSEPA,689,523.0
1124,HLA-B44:02 ,4978.55,ANZ78847,CVKSQSSRINF,1124,523.0
1239,HLA-B44:02 ,4978.56,ANZ78847,PDFREELDQWF,1239,526.0
242,HLA-B44:02 ,4978.58,ANZ78847,NVYLGMALSHY,242,527.0
633,HLA-B44:02 ,4978.59,ANZ78847,DLYGISGQGIF,633,528.0
1022,HLA-B44:02 ,4978.6,ANZ78847,ALDAIQEGFDA,1022,529.0
1216,HLA-B44:02 ,4978.6,ANZ78847,MSTCAVNYTKA,1216,529.0
816,HLA-B44:02 ,4978.61,ANZ78847,SSPKVTIDCAA,816,531.0
1154,HLA-B44:02 ,4978.66,ANZ78847,FIHFSYVPTKY,1154,532.0
571,HLA-B44:02 ,4978.71,ANZ78847,GGNPCTCQPQA,571,533.0
661,HLA-B44:02 ,4978.73,ANZ78847,SNGNLYGFRDY,661,534.0
15,HLA-B44:02 ,4978.74,ANZ78847,IGDLKCPLDSR,15,535.0
373,HLA-B44:02 ,4978.76,ANZ78847,SLMSFIQADSF,373,536.0
325,HLA-B44:02 ,4978.77,ANZ78847,TVQPIADVYRR,325,537.0
1166,HLA-B44:02 ,4978.78,ANZ78847,TAKVSPGLCIA,1166,538.0
413,HLA-B44:02 ,4978.79,ANZ78847,KVDLQLGNLGY,413,539.0
336,HLA-B44:02 ,4978.82,ANZ78847,KPDLPNCNIEA,336,540.0
483,HLA-B44:02 ,4978.88,ANZ78847,DVVYAQHCFKA,483,541.0
697,HLA-B44:02 ,4978.92,ANZ78847,EPALLFRNIKC,697,542.0
841,HLA-B44:02 ,4978.92,ANZ78847,EYGSFCDNINA,841,542.0
1015,HLA-B44:02 ,4978.94,ANZ78847,IANAFNNALDA,1015,544.0
309,HLA-B44:02 ,4978.95,ANZ78847,TQSIAPPTGVY,309,545.0
580,HLA-B44:02 ,4978.96,ANZ78847,QAFLGWSADSC,580,546.0
72,HLA-B44:02 ,4978.97,ANZ78847,PTSGSTYRNMA,72,547.0
567,HLA-B44:02 ,4978.97,ANZ78847,SDYCGGNPCTC,567,547.0
1051,HLA-B44:02 ,4979.01,ANZ78847,LNNLLQQLSNR,1051,549.0
757,HLA-B44:02 ,4979.02,ANZ78847,DYSKNRRSRRA,757,550.0
428,HLA-B44:02 ,4979.04,ANZ78847,NYRIDTTATSC,428,551.0
1231,HLA-B44:02 ,4979.07,ANZ78847,LNTSIPNLPDF,1231,552.0
984,HLA-B44:02 ,4979.11,ANZ78847,AAAGVPFYLNV,984,553.0
115,HLA-B44:02 ,4979.14,ANZ78847,VFKDGVMYSEF,115,554.0
1073,HLA-B44:02 ,4979.14,ANZ78847,LSRLDALEAEA,1073,554.0
354,HLA-B44:02 ,4979.3,ANZ78847,PSPLNWERKTF,354,556.0
889,HLA-B44:02 ,4979.3,ANZ78847,VDDINFSSVLG,889,556.0
513,HLA-B44:02 ,4979.41,ANZ78847,GKNNGIGTCPA,513,558.0
472,HLA-B44:02 ,4979.43,ANZ78847,KPQPAGVLTNH,472,559.0
715,HLA-B44:02 ,4979.52,ANZ78847,LTRQLQPINYF,715,560.0
207,HLA-B44:02 ,4979.55,ANZ78847,TYDVNATYLYF,207,561.0
1054,HLA-B44:02 ,4979.55,ANZ78847,LLQQLSNRFGA,1054,561.0
1210,HLA-B44:02 ,4979.66,ANZ78847,ENNVVVMSTCA,1210,563.0
461,HLA-B44:02 ,4979.68,ANZ78847,KRFGFIEDSVF,461,564.0
681,HLA-B44:02 ,4979.7,ANZ78847,SCYSGRVSAAF,681,565.0
1192,HLA-B44:02 ,4979.71,ANZ78847,NNTWMYTGSGY,1192,566.0
679,HLA-B44:02 ,4979.78,ANZ78847,IRSCYSGRVSA,679,567.0
444,HLA-B44:02 ,4979.84,ANZ78847,LPAANVSVSRF,444,568.0
381,HLA-B44:02 ,4979.85,ANZ78847,DSFTCNNIDAA,381,569.0
299,HLA-B44:02 ,4979.86,ANZ78847,SDFMSEIKCKT,299,570.0
297,HLA-B44:02 ,4979.91,ANZ78847,CMSDFMSEIKC,297,571.0
930,HLA-B44:02 ,4979.91,ANZ78847,VAAYNNCTGGA,930,571.0
794,HLA-B44:02 ,4980.09,ANZ78847,GLYEIQIPSDF,794,573.0
835,HLA-B44:02 ,4980.09,ANZ78847,CKSQLVEYGSF,835,573.0
10,HLA-B44:02 ,4980.1,ANZ78847,TAFAVIGDLKC,10,575.0
275,HLA-B44:02 ,4980.1,ANZ78847,PLTSRQYLLAF,275,575.0
748,HLA-B44:02 ,4980.1,ANZ78847,LTVGSGYCVDY,748,575.0
479,HLA-B44:02 ,4980.17,ANZ78847,LTNHDVVYAQH,479,578.0
1337,HLA-B44:02 ,4980.18,ANZ78847,FKKCGGCCDDY,1337,579.0
436,HLA-B44:02 ,4980.25,ANZ78847,TSCQLYYNLPA,436,580.0
324,HLA-B44:02 ,4980.26,ANZ78847,YTVQPIADVYR,324,581.0
1102,HLA-B44:02 ,4980.29,ANZ78847,QQLSDSTLVKF,1102,582.0
1082,HLA-B44:02 ,4980.32,ANZ78847,EAQIDRLINGR,1082,583.0
136,HLA-B44:02 ,4980.36,ANZ78847,NTSYSVVVQPR,136,584.0
980,HLA-B44:02 ,4980.39,ANZ78847,PPWTAAAGVPF,980,585.0
380,HLA-B44:02 ,4980.42,ANZ78847,ADSFTCNNIDA,380,586.0
216,HLA-B44:02 ,4980.43,ANZ78847,YFHFYQEGGTF,216,587.0
1009,HLA-B44:02 ,4980.43,ANZ78847,SQNQKLIANAF,1009,587.0
615,HLA-B44:02 ,4980.49,ANZ78847,TDLQKANTDIK,615,589.0
589,HLA-B44:02 ,4980.73,ANZ78847,SCLQGDKCNIF,589,590.0
665,HLA-B44:02 ,4980.77,ANZ78847,LYGFRDYLTNR,665,591.0
1052,HLA-B44:02 ,4980.79,ANZ78847,NNLLQQLSNRF,1052,592.0
814,HLA-B44:02 ,4980.8,ANZ78847,QTSSPKVTIDC,814,593.0
1330,HLA-B44:02 ,4980.88,ANZ78847,TGCGTSCFKKC,1330,594.0
815,HLA-B44:02 ,4980.9,ANZ78847,TSSPKVTIDCA,815,595.0
877,HLA-B44:02 ,4980.94,ANZ78847,LSTKLKDGVNF,877,596.0
707,HLA-B44:02 ,4981.03,ANZ78847,CNYVFNNSLTR,707,597.0
797,HLA-B44:02 ,4981.05,ANZ78847,EIQIPSDFTIG,797,598.0
1291,HLA-B44:02 ,4981.11,ANZ78847,NLKDIGTYEYY,1291,599.0
511,HLA-B44:02 ,4981.12,ANZ78847,GPGKNNGIGTC,511,600.0
828,HLA-B44:02 ,4981.12,ANZ78847,VCGDYAACKSQ,828,600.0
1092,HLA-B44:02 ,4981.13,ANZ78847,RLTALNAYVSQ,1092,602.0
520,HLA-B44:02 ,4981.14,ANZ78847,TCPAGTNYLTC,520,603.0
292,HLA-B44:02 ,4981.2,ANZ78847,FNAVDCMSDFM,292,604.0
1035,HLA-B44:02 ,4981.22,ANZ78847,SALVKIQAVVN,1035,605.0
157,HLA-B44:02 ,4981.26,ANZ78847,KLQGLLEVSVC,157,606.0
1245,HLA-B44:02 ,4981.31,ANZ78847,LDQWFKNQTSV,1245,607.0
229,HLA-B44:02 ,4981.42,ANZ78847,YFTDTGVVTKF,229,608.0
359,HLA-B44:02 ,4981.51,ANZ78847,WERKTFSNCNF,359,609.0
396,HLA-B44:02 ,4981.58,ANZ78847,MCFSSITIDKF,396,610.0
1315,HLA-B44:02 ,4981.63,ANZ78847,AGVAMLVLLFF,1315,611.0
693,HLA-B44:02 ,4981.65,ANZ78847,ANSSEPALLFR,693,612.0
764,HLA-B44:02 ,4981.7,ANZ78847,SRRAITTGYRF,764,613.0
253,HLA-B44:02 ,4981.71,ANZ78847,YVMPLTCISRR,253,614.0
387,HLA-B44:02 ,4981.76,ANZ78847,NIDAAKIYGMC,387,615.0
770,HLA-B44:02 ,4981.78,ANZ78847,TGYRFTNFEPF,770,616.0
291,HLA-B44:02 ,4981.87,ANZ78847,IFNAVDCMSDF,291,617.0
933,HLA-B44:02 ,4981.88,ANZ78847,YNNCTGGAEIR,933,618.0
1318,HLA-B44:02 ,4981.93,ANZ78847,AMLVLLFFICC,1318,619.0
586,HLA-B44:02 ,4981.97,ANZ78847,SADSCLQGDKC,586,620.0
603,HLA-B44:02 ,4982.01,ANZ78847,ILHDVNSGLTC,603,621.0
550,HLA-B44:02 ,4982.03,ANZ78847,SKSLVGIGEHC,550,622.0
249,HLA-B44:02 ,4982.05,ANZ78847,LSHYYVMPLTC,249,623.0
985,HLA-B44:02 ,4982.06,ANZ78847,AAGVPFYLNVQ,985,624.0
420,HLA-B44:02 ,4982.12,ANZ78847,NLGYLQSFNYR,420,625.0
50,HLA-B44:02 ,4982.17,ANZ78847,LGTYYVLDRVY,50,626.0
736,HLA-B44:02 ,4982.17,ANZ78847,YNSTAISVQTC,736,626.0
915,HLA-B44:02 ,4982.17,ANZ78847,EDLLFDKVKLS,915,626.0
375,HLA-B44:02 ,4982.2,ANZ78847,MSFIQADSFTC,375,629.0
819,HLA-B44:02 ,4982.29,ANZ78847,KVTIDCAAFVC,819,630.0
480,HLA-B44:02 ,4982.32,ANZ78847,TNHDVVYAQHC,480,631.0
619,HLA-B44:02 ,4982.34,ANZ78847,KANTDIKLGVC,619,632.0
452,HLA-B44:02 ,4982.4,ANZ78847,SRFNPSTWNKR,452,633.0
1144,HLA-B44:02 ,4982.53,ANZ78847,LVQNAPYGLYF,1144,634.0
682,HLA-B44:02 ,4982.56,ANZ78847,CYSGRVSAAFH,682,635.0
1169,HLA-B44:02 ,4982.67,ANZ78847,VSPGLCIAGDR,1169,636.0
1267,HLA-B44:02 ,4982.7,ANZ78847,TFLDLQVEMNR,1267,637.0
357,HLA-B44:02 ,4982.71,ANZ78847,LNWERKTFSNC,357,638.0
497,HLA-B44:02 ,4982.73,ANZ78847,FCPCKSNSSLC,497,639.0
487,HLA-B44:02 ,4982.77,ANZ78847,AQHCFKAPKNF,487,640.0
1178,HLA-B44:02 ,4982.77,ANZ78847,DRGIAPKSGYF,1178,640.0
1175,HLA-B44:02 ,4982.91,ANZ78847,IAGDRGIAPKS,1175,642.0
106,HLA-B44:02 ,4982.92,ANZ78847,IFAKVKNTKVF,106,643.0
1023,HLA-B44:02 ,4982.96,ANZ78847,LDAIQEGFDAT,1023,644.0
734,HLA-B44:02 ,4983.07,ANZ78847,NAYNSTAISVQ,734,645.0
825,HLA-B44:02 ,4983.11,ANZ78847,AAFVCGDYAAC,825,646.0
243,HLA-B44:02 ,4983.14,ANZ78847,VYLGMALSHYY,243,647.0
521,HLA-B44:02 ,4983.17,ANZ78847,CPAGTNYLTCH,521,648.0
351,HLA-B44:02 ,4983.22,ANZ78847,KSVPSPLNWER,351,649.0
1136,HLA-B44:02 ,4983.26,ANZ78847,GNGNHIISLVQ,1136,650.0
193,HLA-B44:02 ,4983.27,ANZ78847,MDTGVVSCLYK,193,651.0
987,HLA-B44:02 ,4983.32,ANZ78847,GVPFYLNVQYR,987,652.0
1101,HLA-B44:02 ,4983.34,ANZ78847,SQQLSDSTLVK,1101,653.0
88,HLA-B44:02 ,4983.35,ANZ78847,KLSTLWFKPPF,88,654.0
560,HLA-B44:02 ,4983.42,ANZ78847,CSGLAVKSDYC,560,655.0
134,HLA-B44:02 ,4983.43,ANZ78847,FVNTSYSVVVQ,134,656.0
926,HLA-B44:02 ,4983.43,ANZ78847,DVGFVAAYNNC,926,656.0
1143,HLA-B44:02 ,4983.43,ANZ78847,SLVQNAPYGLY,1143,656.0
1017,HLA-B44:02 ,4983.5,ANZ78847,NAFNNALDAIQ,1017,659.0
1000,HLA-B44:02 ,4983.55,ANZ78847,GLGVTMDVLSQ,1000,660.0
34,HLA-B44:02 ,4983.59,ANZ78847,TGPPSISTATV,34,661.0
6,HLA-B44:02 ,4983.6,ANZ78847,ISLPTAFAVIG,6,662.0
169,HLA-B44:02 ,4983.66,ANZ78847,YNMCEYPHTIC,169,663.0
547,HLA-B44:02 ,4983.67,ANZ78847,CPQSKSLVGIG,547,664.0
1093,HLA-B44:02 ,4983.67,ANZ78847,LTALNAYVSQQ,1093,664.0
536,HLA-B44:02 ,4983.7,ANZ78847,PDPITFTGPYK,536,666.0
937,HLA-B44:02 ,4983.71,ANZ78847,TGGAEIRDLIC,937,667.0
763,HLA-B44:02 ,4983.72,ANZ78847,RSRRAITTGYR,763,668.0
890,HLA-B44:02 ,4983.73,ANZ78847,DDINFSSVLGC,890,669.0
104,HLA-B44:02 ,4983.79,ANZ78847,NGIFAKVKNTK,104,670.0
752,HLA-B44:02 ,4983.79,ANZ78847,SGYCVDYSKNR,752,670.0
1256,HLA-B44:02 ,4983.87,ANZ78847,APDLALDYINV,1256,672.0
557,HLA-B44:02 ,4983.9,ANZ78847,GEHCSGLAVKS,557,673.0
332,HLA-B44:02 ,4983.93,ANZ78847,VYRRKPDLPNC,332,674.0
549,HLA-B44:02 ,4983.93,ANZ78847,QSKSLVGIGEH,549,674.0
30,HLA-B44:02 ,4983.96,ANZ78847,NNIDTGPPSIS,30,676.0
1303,HLA-B44:02 ,4984.01,ANZ78847,KWPWYVWLLIC,1303,677.0
121,HLA-B44:02 ,4984.06,ANZ78847,MYSEFPAITIG,121,678.0
490,HLA-B44:02 ,4984.06,ANZ78847,CFKAPKNFCPC,490,678.0
745,HLA-B44:02 ,4984.1,ANZ78847,TCDLTVGSGYC,745,680.0
1031,HLA-B44:02 ,4984.12,ANZ78847,DATNSALVKIQ,1031,681.0
860,HLA-B44:02 ,4984.16,ANZ78847,LDTTQLQVANS,860,682.0
296,HLA-B44:02 ,4984.19,ANZ78847,DCMSDFMSEIK,296,683.0
856,HLA-B44:02 ,4984.19,ANZ78847,VNELLDTTQLQ,856,683.0
733,HLA-B44:02 ,4984.23,ANZ78847,VNAYNSTAISV,733,685.0
1346,HLA-B44:02 ,4984.24,ANZ78847,DYTGYQELVIK,1346,686.0
887,HLA-B44:02 ,4984.25,ANZ78847,FNVDDINFSSV,887,687.0
317,HLA-B44:02 ,4984.26,ANZ78847,GVYELNGYTVQ,317,688.0
1286,HLA-B44:02 ,4984.35,ANZ78847,NQSYINLKDIG,1286,689.0
533,HLA-B44:02 ,4984.37,ANZ78847,LCNPDPITFTG,533,690.0
1046,HLA-B44:02 ,4984.4,ANZ78847,ANAEALNNLLQ,1046,691.0
99,HLA-B44:02 ,4984.41,ANZ78847,LSDFINGIFAK,99,692.0
807,HLA-B44:02 ,4984.42,ANZ78847,GNMEEFIQTSS,807,693.0
1106,HLA-B44:02 ,4984.44,ANZ78847,DSTLVKFSAAQ,1106,694.0
1319,HLA-B44:02 ,4984.46,ANZ78847,MLVLLFFICCC,1319,695.0
919,HLA-B44:02 ,4984.48,ANZ78847,FDKVKLSDVGF,919,696.0
1283,HLA-B44:02 ,4984.54,ANZ78847,KVLNQSYINLK,1283,697.0
846,HLA-B44:02 ,4984.55,ANZ78847,CDNINAILTEV,846,698.0
85,HLA-B44:02 ,4984.59,ANZ78847,GTDKLSTLWFK,85,699.0
817,HLA-B44:02 ,4984.59,ANZ78847,SPKVTIDCAAF,817,699.0
1269,HLA-B44:02 ,4984.59,ANZ78847,LDLQVEMNRLQ,1269,699.0
913,HLA-B44:02 ,4984.6,ANZ78847,AIEDLLFDKVK,913,702.0
125,HLA-B44:02 ,4984.62,ANZ78847,FPAITIGSTFV,125,703.0
270,HLA-B44:02 ,4984.65,ANZ78847,EYWVTPLTSRQ,270,704.0
872,HLA-B44:02 ,4984.67,ANZ78847,MNGVTLSTKLK,872,705.0
343,HLA-B44:02 ,4984.69,ANZ78847,NIEAWLNDKSV,343,706.0
142,HLA-B44:02 ,4984.7,ANZ78847,VVQPRTINSTQ,142,707.0
170,HLA-B44:02 ,4984.7,ANZ78847,NMCEYPHTICH,170,707.0
753,HLA-B44:02 ,4984.72,ANZ78847,GYCVDYSKNRR,753,709.0
9,HLA-B44:02 ,4984.78,ANZ78847,PTAFAVIGDLK,9,710.0
1047,HLA-B44:02 ,4984.78,ANZ78847,NAEALNNLLQQ,1047,710.0
1219,HLA-B44:02 ,4984.78,ANZ78847,CAVNYTKAPYV,1219,710.0
166,HLA-B44:02 ,4984.84,ANZ78847,VCQYNMCEYPH,166,713.0
1181,HLA-B44:02 ,4984.84,ANZ78847,IAPKSGYFVNV,1181,713.0
196,HLA-B44:02 ,4984.85,ANZ78847,GVVSCLYKRNF,196,715.0
1232,HLA-B44:02 ,4984.86,ANZ78847,NTSIPNLPDFR,1232,716.0
283,HLA-B44:02 ,4984.87,ANZ78847,LAFNQDGIIFN,283,717.0
1164,HLA-B44:02 ,4984.87,ANZ78847,YVTAKVSPGLC,1164,717.0
95,HLA-B44:02 ,4984.88,ANZ78847,KPPFLSDFING,95,719.0
211,HLA-B44:02 ,4984.88,ANZ78847,NATYLYFHFYQ,211,719.0
369,HLA-B44:02 ,4984.88,ANZ78847,FNMSSLMSFIQ,369,719.0
1135,HLA-B44:02 ,4984.88,ANZ78847,CGNGNHIISLV,1135,719.0
228,HLA-B44:02 ,4984.92,ANZ78847,AYFTDTGVVTK,228,723.0
1058,HLA-B44:02 ,4984.93,ANZ78847,LSNRFGAISSS,1058,724.0
1205,HLA-B44:02 ,4984.97,ANZ78847,PEPITENNVVV,1205,725.0
1317,HLA-B44:02 ,4984.98,ANZ78847,VAMLVLLFFIC,1317,726.0
307,HLA-B44:02 ,4985.01,ANZ78847,CKTQSIAPPTG,307,727.0
911,HLA-B44:02 ,4985.01,ANZ78847,RSAIEDLLFDK,911,727.0
883,HLA-B44:02 ,4985.06,ANZ78847,DGVNFNVDDIN,883,729.0
176,HLA-B44:02 ,4985.07,ANZ78847,HTICHPNLGNH,176,730.0
1179,HLA-B44:02 ,4985.07,ANZ78847,RGIAPKSGYFV,1179,730.0
556,HLA-B44:02 ,4985.09,ANZ78847,IGEHCSGLAVK,556,732.0
912,HLA-B44:02 ,4985.09,ANZ78847,SAIEDLLFDKV,912,732.0
478,HLA-B44:02 ,4985.1,ANZ78847,VLTNHDVVYAQ,478,734.0
720,HLA-B44:02 ,4985.11,ANZ78847,QPINYFDSYLG,720,735.0
886,HLA-B44:02 ,4985.13,ANZ78847,NFNVDDINFSS,886,736.0
1060,HLA-B44:02 ,4985.13,ANZ78847,NRFGAISSSLQ,1060,736.0
721,HLA-B44:02 ,4985.16,ANZ78847,PINYFDSYLGC,721,738.0
524,HLA-B44:02 ,4985.19,ANZ78847,GTNYLTCHNLC,524,739.0
1153,HLA-B44:02 ,4985.21,ANZ78847,YFIHFSYVPTK,1153,740.0
453,HLA-B44:02 ,4985.23,ANZ78847,RFNPSTWNKRF,453,741.0
427,HLA-B44:02 ,4985.27,ANZ78847,FNYRIDTTATS,427,742.0
572,HLA-B44:02 ,4985.27,ANZ78847,GNPCTCQPQAF,572,742.0
101,HLA-B44:02 ,4985.31,ANZ78847,DFINGIFAKVK,101,744.0
870,HLA-B44:02 ,4985.33,ANZ78847,SLMNGVTLSTK,870,745.0
1237,HLA-B44:02 ,4985.33,ANZ78847,NLPDFREELDQ,1237,745.0
600,HLA-B44:02 ,4985.35,ANZ78847,ANLILHDVNSG,600,747.0
395,HLA-B44:02 ,4985.38,ANZ78847,GMCFSSITIDK,395,748.0
1029,HLA-B44:02 ,4985.38,ANZ78847,GFDATNSALVK,1029,748.0
806,HLA-B44:02 ,4985.44,ANZ78847,IGNMEEFIQTS,806,750.0
158,HLA-B44:02 ,4985.45,ANZ78847,LQGLLEVSVCQ,158,751.0
1100,HLA-B44:02 ,4985.48,ANZ78847,VSQQLSDSTLV,1100,752.0
322,HLA-B44:02 ,4985.49,ANZ78847,NGYTVQPIADV,322,753.0
1002,HLA-B44:02 ,4985.49,ANZ78847,GVTMDVLSQNQ,1002,753.0
565,HLA-B44:02 ,4985.51,ANZ78847,VKSDYCGGNPC,565,755.0
1080,HLA-B44:02 ,4985.52,ANZ78847,EAEAQIDRLIN,1080,756.0
645,HLA-B44:02 ,4985.53,ANZ78847,EVNATYYNSWQ,645,757.0
128,HLA-B44:02 ,4985.57,ANZ78847,ITIGSTFVNTS,128,758.0
1334,HLA-B44:02 ,4985.57,ANZ78847,TSCFKKCGGCC,1334,758.0
268,HLA-B44:02 ,4985.58,ANZ78847,TLEYWVTPLTS,268,760.0
285,HLA-B44:02 ,4985.58,ANZ78847,FNQDGIIFNAV,285,760.0
36,HLA-B44:02 ,4985.63,ANZ78847,PPSISTATVDV,36,762.0
131,HLA-B44:02 ,4985.63,ANZ78847,GSTFVNTSYSV,131,762.0
126,HLA-B44:02 ,4985.66,ANZ78847,PAITIGSTFVN,126,764.0
341,HLA-B44:02 ,4985.68,ANZ78847,NCNIEAWLNDK,341,765.0
189,HLA-B44:02 ,4985.69,ANZ78847,ELWHMDTGVVS,189,766.0
139,HLA-B44:02 ,4985.72,ANZ78847,YSVVVQPRTIN,139,767.0
1158,HLA-B44:02 ,4985.72,ANZ78847,SYVPTKYVTAK,1158,767.0
1180,HLA-B44:02 ,4985.72,ANZ78847,GIAPKSGYFVN,1180,767.0
939,HLA-B44:02 ,4985.75,ANZ78847,GAEIRDLICVQ,939,770.0
1322,HLA-B44:02 ,4985.81,ANZ78847,LLFFICCCTGC,1322,771.0
717,HLA-B44:02 ,4985.82,ANZ78847,RQLQPINYFDS,717,772.0
945,HLA-B44:02 ,4985.82,ANZ78847,LICVQSYKGIK,945,772.0
1074,HLA-B44:02 ,4985.88,ANZ78847,SRLDALEAEAQ,1074,774.0
1348,HLA-B44:02 ,4985.89,ANZ78847,TGYQELVIKTS,1348,775.0
804,HLA-B44:02 ,4985.9,ANZ78847,FTIGNMEEFIQ,804,776.0
1341,HLA-B44:02 ,4985.91,ANZ78847,GGCCDDYTGYQ,1341,777.0
1114,HLA-B44:02 ,4985.92,ANZ78847,AAQAMEKVNEC,1114,778.0
1292,HLA-B44:02 ,4985.92,ANZ78847,LKDIGTYEYYV,1292,778.0
1057,HLA-B44:02 ,4985.93,ANZ78847,QLSNRFGAISS,1057,780.0
1123,HLA-B44:02 ,4985.93,ANZ78847,ECVKSQSSRIN,1123,780.0
1034,HLA-B44:02 ,4985.95,ANZ78847,NSALVKIQAVV,1034,782.0
1277,HLA-B44:02 ,4985.95,ANZ78847,RLQEAIKVLNQ,1277,782.0
710,HLA-B44:02 ,4985.98,ANZ78847,VFNNSLTRQLQ,710,784.0
156,HLA-B44:02 ,4985.99,ANZ78847,NKLQGLLEVSV,156,785.0
451,HLA-B44:02 ,4986.0,ANZ78847,VSRFNPSTWNK,451,786.0
313,HLA-B44:02 ,4986.01,ANZ78847,APPTGVYELNG,313,787.0
441,HLA-B44:02 ,4986.01,ANZ78847,YYNLPAANVSV,441,787.0
775,HLA-B44:02 ,4986.02,ANZ78847,TNFEPFTVNSV,775,789.0
1050,HLA-B44:02 ,4986.02,ANZ78847,ALNNLLQQLSN,1050,789.0
147,HLA-B44:02 ,4986.03,ANZ78847,TINSTQDGVNK,147,791.0
462,HLA-B44:02 ,4986.04,ANZ78847,RFGFIEDSVFK,462,792.0
658,HLA-B44:02 ,4986.06,ANZ78847,LYDSNGNLYGF,658,793.0
263,HLA-B44:02 ,4986.07,ANZ78847,RNIGFTLEYWV,263,794.0
766,HLA-B44:02 ,4986.07,ANZ78847,RAITTGYRFTN,766,794.0
209,HLA-B44:02 ,4986.08,ANZ78847,DVNATYLYFHF,209,796.0
1025,HLA-B44:02 ,4986.08,ANZ78847,AIQEGFDATNS,1025,796.0
570,HLA-B44:02 ,4986.1,ANZ78847,CGGNPCTCQPQ,570,798.0
1097,HLA-B44:02 ,4986.1,ANZ78847,NAYVSQQLSDS,1097,798.0
385,HLA-B44:02 ,4986.11,ANZ78847,CNNIDAAKIYG,385,800.0
1207,HLA-B44:02 ,4986.14,ANZ78847,PITENNVVVMS,1207,801.0
776,HLA-B44:02 ,4986.16,ANZ78847,NFEPFTVNSVN,776,802.0
1344,HLA-B44:02 ,4986.16,ANZ78847,CDDYTGYQELV,1344,802.0
4,HLA-B44:02 ,4986.2,ANZ78847,LLISLPTAFAV,4,804.0
1028,HLA-B44:02 ,4986.2,ANZ78847,EGFDATNSALV,1028,804.0
1255,HLA-B44:02 ,4986.2,ANZ78847,VAPDLALDYIN,1255,804.0
772,HLA-B44:02 ,4986.21,ANZ78847,YRFTNFEPFTV,772,807.0
149,HLA-B44:02 ,4986.23,ANZ78847,NSTQDGVNKLQ,149,808.0
568,HLA-B44:02 ,4986.23,ANZ78847,DYCGGNPCTCQ,568,808.0
342,HLA-B44:02 ,4986.24,ANZ78847,CNIEAWLNDKS,342,810.0
664,HLA-B44:02 ,4986.25,ANZ78847,NLYGFRDYLTN,664,811.0
402,HLA-B44:02 ,4986.29,ANZ78847,TIDKFAIPNGR,402,812.0
407,HLA-B44:02 ,4986.3,ANZ78847,AIPNGRKVDLQ,407,813.0
597,HLA-B44:02 ,4986.31,ANZ78847,NIFANLILHDV,597,814.0
1240,HLA-B44:02 ,4986.31,ANZ78847,DFREELDQWFK,1240,814.0
652,HLA-B44:02 ,4986.32,ANZ78847,NSWQNLLYDSN,652,816.0
1001,HLA-B44:02 ,4986.34,ANZ78847,LGVTMDVLSQN,1001,817.0
942,HLA-B44:02 ,4986.35,ANZ78847,IRDLICVQSYK,942,818.0
1311,HLA-B44:02 ,4986.35,ANZ78847,LICLAGVAMLV,1311,818.0
401,HLA-B44:02 ,4986.36,ANZ78847,ITIDKFAIPNG,401,820.0
1244,HLA-B44:02 ,4986.36,ANZ78847,ELDQWFKNQTS,1244,820.0
460,HLA-B44:02 ,4986.37,ANZ78847,NKRFGFIEDSV,460,822.0
31,HLA-B44:02 ,4986.39,ANZ78847,NIDTGPPSIST,31,823.0
798,HLA-B44:02 ,4986.42,ANZ78847,IQIPSDFTIGN,798,824.0
895,HLA-B44:02 ,4986.45,ANZ78847,SSVLGCLGSEC,895,825.0
830,HLA-B44:02 ,4986.47,ANZ78847,GDYAACKSQLV,830,826.0
1263,HLA-B44:02 ,4986.47,ANZ78847,YINVTFLDLQV,1263,826.0
38,HLA-B44:02 ,4986.5,ANZ78847,SISTATVDVTN,38,828.0
1333,HLA-B44:02 ,4986.5,ANZ78847,GTSCFKKCGGC,1333,828.0
200,HLA-B44:02 ,4986.51,ANZ78847,CLYKRNFTYDV,200,830.0
352,HLA-B44:02 ,4986.51,ANZ78847,SVPSPLNWERK,352,830.0
609,HLA-B44:02 ,4986.53,ANZ78847,SGLTCSTDLQK,609,832.0
847,HLA-B44:02 ,4986.53,ANZ78847,DNINAILTEVN,847,832.0
859,HLA-B44:02 ,4986.53,ANZ78847,LLDTTQLQVAN,859,832.0
952,HLA-B44:02 ,4986.53,ANZ78847,KGIKVLPPLLS,952,832.0
617,HLA-B44:02 ,4986.54,ANZ78847,LQKANTDIKLG,617,836.0
1120,HLA-B44:02 ,4986.54,ANZ78847,KVNECVKSQSS,1120,836.0
1262,HLA-B44:02 ,4986.54,ANZ78847,DYINVTFLDLQ,1262,836.0
1162,HLA-B44:02 ,4986.55,ANZ78847,TKYVTAKVSPG,1162,839.0
642,HLA-B44:02 ,4986.56,ANZ78847,IFVEVNATYYN,642,840.0
140,HLA-B44:02 ,4986.59,ANZ78847,SVVVQPRTINS,140,841.0
316,HLA-B44:02 ,4986.6,ANZ78847,TGVYELNGYTV,316,842.0
1087,HLA-B44:02 ,4986.6,ANZ78847,RLINGRLTALN,1087,842.0
429,HLA-B44:02 ,4986.61,ANZ78847,YRIDTTATSCQ,429,844.0
409,HLA-B44:02 ,4986.63,ANZ78847,PNGRKVDLQLG,409,845.0
474,HLA-B44:02 ,4986.64,ANZ78847,QPAGVLTNHDV,474,846.0
836,HLA-B44:02 ,4986.64,ANZ78847,KSQLVEYGSFC,836,846.0
924,HLA-B44:02 ,4986.66,ANZ78847,LSDVGFVAAYN,924,848.0
999,HLA-B44:02 ,4986.66,ANZ78847,NGLGVTMDVLS,999,848.0
356,HLA-B44:02 ,4986.68,ANZ78847,PLNWERKTFSN,356,850.0
1281,HLA-B44:02 ,4986.68,ANZ78847,AIKVLNQSYIN,1281,850.0
997,HLA-B44:02 ,4986.7,ANZ78847,RINGLGVTMDV,997,852.0
636,HLA-B44:02 ,4986.74,ANZ78847,GISGQGIFVEV,636,853.0
74,HLA-B44:02 ,4986.75,ANZ78847,SGSTYRNMALK,74,854.0
992,HLA-B44:02 ,4986.75,ANZ78847,LNVQYRINGLG,992,854.0
94,HLA-B44:02 ,4986.76,ANZ78847,FKPPFLSDFIN,94,856.0
701,HLA-B44:02 ,4986.79,ANZ78847,LFRNIKCNYVF,701,857.0
958,HLA-B44:02 ,4986.84,ANZ78847,PPLLSENQISG,958,858.0
965,HLA-B44:02 ,4986.84,ANZ78847,QISGYTLAATS,965,858.0
782,HLA-B44:02 ,4986.85,ANZ78847,VNSVNDSLEPV,782,860.0
233,HLA-B44:02 ,4986.86,ANZ78847,TGVVTKFLFNV,233,861.0
1049,HLA-B44:02 ,4986.86,ANZ78847,EALNNLLQQLS,1049,861.0
989,HLA-B44:02 ,4986.87,ANZ78847,PFYLNVQYRIN,989,863.0
1137,HLA-B44:02 ,4986.87,ANZ78847,NGNHIISLVQN,1137,863.0
708,HLA-B44:02 ,4986.89,ANZ78847,NYVFNNSLTRQ,708,865.0
326,HLA-B44:02 ,4986.9,ANZ78847,VQPIADVYRRK,326,866.0
634,HLA-B44:02 ,4986.92,ANZ78847,LYGISGQGIFV,634,867.0
442,HLA-B44:02 ,4986.94,ANZ78847,YNLPAANVSVS,442,868.0
78,HLA-B44:02 ,4986.95,ANZ78847,YRNMALKGTDK,78,869.0
1056,HLA-B44:02 ,4986.96,ANZ78847,QQLSNRFGAIS,1056,870.0
957,HLA-B44:02 ,4986.99,ANZ78847,LPPLLSENQIS,957,871.0
45,HLA-B44:02 ,4987.0,ANZ78847,DVTNGLGTYYV,45,872.0
1141,HLA-B44:02 ,4987.0,ANZ78847,IISLVQNAPYG,1141,872.0
194,HLA-B44:02 ,4987.02,ANZ78847,DTGVVSCLYKR,194,874.0
646,HLA-B44:02 ,4987.03,ANZ78847,VNATYYNSWQN,646,875.0
132,HLA-B44:02 ,4987.04,ANZ78847,STFVNTSYSVV,132,876.0
579,HLA-B44:02 ,4987.04,ANZ78847,PQAFLGWSADS,579,876.0
868,HLA-B44:02 ,4987.04,ANZ78847,ANSLMNGVTLS,868,876.0
1125,HLA-B44:02 ,4987.04,ANZ78847,VKSQSSRINFC,1125,876.0
1064,HLA-B44:02 ,4987.05,ANZ78847,AISSSLQEILS,1064,880.0
1019,HLA-B44:02 ,4987.06,ANZ78847,FNNALDAIQEG,1019,881.0
1011,HLA-B44:02 ,4987.07,ANZ78847,NQKLIANAFNN,1011,882.0
372,HLA-B44:02 ,4987.09,ANZ78847,SSLMSFIQADS,372,883.0
1215,HLA-B44:02 ,4987.09,ANZ78847,VMSTCAVNYTK,1215,883.0
439,HLA-B44:02 ,4987.11,ANZ78847,QLYYNLPAANV,439,885.0
574,HLA-B44:02 ,4987.12,ANZ78847,PCTCQPQAFLG,574,886.0
863,HLA-B44:02 ,4987.12,ANZ78847,TQLQVANSLMN,863,886.0
52,HLA-B44:02 ,4987.14,ANZ78847,TYYVLDRVYLN,52,888.0
482,HLA-B44:02 ,4987.14,ANZ78847,HDVVYAQHCFK,482,888.0
1130,HLA-B44:02 ,4987.14,ANZ78847,SRINFCGNGNH,1130,888.0
946,HLA-B44:02 ,4987.15,ANZ78847,ICVQSYKGIKV,946,891.0
1182,HLA-B44:02 ,4987.17,ANZ78847,APKSGYFVNVN,1182,892.0
1024,HLA-B44:02 ,4987.18,ANZ78847,DAIQEGFDATN,1024,893.0
1095,HLA-B44:02 ,4987.18,ANZ78847,ALNAYVSQQLS,1095,893.0
544,HLA-B44:02 ,4987.21,ANZ78847,PYKCPQSKSLV,544,895.0
713,HLA-B44:02 ,4987.21,ANZ78847,NSLTRQLQPIN,713,895.0
732,HLA-B44:02 ,4987.21,ANZ78847,VVNAYNSTAIS,732,895.0
773,HLA-B44:02 ,4987.21,ANZ78847,RFTNFEPFTVN,773,895.0
750,HLA-B44:02 ,4987.22,ANZ78847,VGSGYCVDYSK,750,899.0
1174,HLA-B44:02 ,4987.25,ANZ78847,CIAGDRGIAPK,1174,900.0
58,HLA-B44:02 ,4987.26,ANZ78847,RVYLNTTLFLN,58,901.0
1208,HLA-B44:02 ,4987.26,ANZ78847,ITENNVVVMST,1208,901.0
967,HLA-B44:02 ,4987.27,ANZ78847,SGYTLAATSAS,967,903.0
978,HLA-B44:02 ,4987.27,ANZ78847,LFPPWTAAAGV,978,903.0
488,HLA-B44:02 ,4987.29,ANZ78847,QHCFKAPKNFC,488,905.0
388,HLA-B44:02 ,4987.3,ANZ78847,IDAAKIYGMCF,388,906.0
900,HLA-B44:02 ,4987.31,ANZ78847,CLGSECSKASS,900,907.0
955,HLA-B44:02 ,4987.31,ANZ78847,KVLPPLLSENQ,955,907.0
686,HLA-B44:02 ,4987.34,ANZ78847,RVSAAFHANSS,686,909.0
493,HLA-B44:02 ,4987.36,ANZ78847,APKNFCPCKSN,493,910.0
629,HLA-B44:02 ,4987.37,ANZ78847,CVNYDLYGISG,629,911.0
778,HLA-B44:02 ,4987.39,ANZ78847,EPFTVNSVNDS,778,912.0
983,HLA-B44:02 ,4987.39,ANZ78847,TAAAGVPFYLN,983,912.0
541,HLA-B44:02 ,4987.41,ANZ78847,FTGPYKCPQSK,541,914.0
1003,HLA-B44:02 ,4987.41,ANZ78847,VTMDVLSQNQK,1003,914.0
154,HLA-B44:02 ,4987.43,ANZ78847,GVNKLQGLLEV,154,916.0
917,HLA-B44:02 ,4987.43,ANZ78847,LLFDKVKLSDV,917,916.0
1159,HLA-B44:02 ,4987.44,ANZ78847,YVPTKYVTAKV,1159,918.0
366,HLA-B44:02 ,4987.48,ANZ78847,NCNFNMSSLMS,366,919.0
879,HLA-B44:02 ,4987.48,ANZ78847,TKLKDGVNFNV,879,919.0
637,HLA-B44:02 ,4987.5,ANZ78847,ISGQGIFVEVN,637,921.0
1160,HLA-B44:02 ,4987.5,ANZ78847,VPTKYVTAKVS,1160,921.0
312,HLA-B44:02 ,4987.51,ANZ78847,IAPPTGVYELN,312,923.0
1010,HLA-B44:02 ,4987.53,ANZ78847,QNQKLIANAFN,1010,924.0
1276,HLA-B44:02 ,4987.55,ANZ78847,NRLQEAIKVLN,1276,925.0
102,HLA-B44:02 ,4987.56,ANZ78847,FINGIFAKVKN,102,926.0
348,HLA-B44:02 ,4987.56,ANZ78847,LNDKSVPSPLN,348,926.0
943,HLA-B44:02 ,4987.56,ANZ78847,RDLICVQSYKG,943,926.0
1155,HLA-B44:02 ,4987.56,ANZ78847,IHFSYVPTKYV,1155,926.0
464,HLA-B44:02 ,4987.6,ANZ78847,GFIEDSVFKPQ,464,930.0
1033,HLA-B44:02 ,4987.6,ANZ78847,TNSALVKIQAV,1033,930.0
187,HLA-B44:02 ,4987.61,ANZ78847,FKELWHMDTGV,187,932.0
471,HLA-B44:02 ,4987.61,ANZ78847,FKPQPAGVLTN,471,932.0
277,HLA-B44:02 ,4987.62,ANZ78847,TSRQYLLAFNQ,277,934.0
598,HLA-B44:02 ,4987.63,ANZ78847,IFANLILHDVN,598,935.0
226,HLA-B44:02 ,4987.65,ANZ78847,FYAYFTDTGVV,226,936.0
631,HLA-B44:02 ,4987.65,ANZ78847,NYDLYGISGQG,631,936.0
400,HLA-B44:02 ,4987.66,ANZ78847,SITIDKFAIPN,400,938.0
1117,HLA-B44:02 ,4987.66,ANZ78847,AMEKVNECVKS,1117,938.0
144,HLA-B44:02 ,4987.67,ANZ78847,QPRTINSTQDG,144,940.0
455,HLA-B44:02 ,4987.69,ANZ78847,NPSTWNKRFGF,455,941.0
107,HLA-B44:02 ,4987.7,ANZ78847,FAKVKNTKVFK,107,942.0
897,HLA-B44:02 ,4987.7,ANZ78847,VLGCLGSECSK,897,942.0
1327,HLA-B44:02 ,4987.71,ANZ78847,CCCTGCGTSCF,1327,944.0
1203,HLA-B44:02 ,4987.72,ANZ78847,YYPEPITENNV,1203,945.0
133,HLA-B44:02 ,4987.73,ANZ78847,TFVNTSYSVVV,133,946.0
80,HLA-B44:02 ,4987.74,ANZ78847,NMALKGTDKLS,80,947.0
740,HLA-B44:02 ,4987.77,ANZ78847,AISVQTCDLTV,740,948.0
130,HLA-B44:02 ,4987.79,ANZ78847,IGSTFVNTSYS,130,949.0
1007,HLA-B44:02 ,4987.79,ANZ78847,VLSQNQKLIAN,1007,949.0
363,HLA-B44:02 ,4987.8,ANZ78847,TFSNCNFNMSS,363,951.0
201,HLA-B44:02 ,4987.83,ANZ78847,LYKRNFTYDVN,201,952.0
1150,HLA-B44:02 ,4987.85,ANZ78847,YGLYFIHFSYV,1150,953.0
440,HLA-B44:02 ,4987.89,ANZ78847,LYYNLPAANVS,440,954.0
1241,HLA-B44:02 ,4987.89,ANZ78847,FREELDQWFKN,1241,954.0
1224,HLA-B44:02 ,4987.9,ANZ78847,TKAPYVMLNTS,1224,956.0
1037,HLA-B44:02 ,4987.92,ANZ78847,LVKIQAVVNAN,1037,957.0
300,HLA-B44:02 ,4987.95,ANZ78847,DFMSEIKCKTQ,300,958.0
1329,HLA-B44:02 ,4987.95,ANZ78847,CTGCGTSCFKK,1329,958.0
70,HLA-B44:02 ,4987.96,ANZ78847,YYPTSGSTYRN,70,960.0
105,HLA-B44:02 ,4987.96,ANZ78847,GIFAKVKNTKV,105,960.0
308,HLA-B44:02 ,4987.98,ANZ78847,KTQSIAPPTGV,308,962.0
585,HLA-B44:02 ,4987.98,ANZ78847,WSADSCLQGDK,585,962.0
542,HLA-B44:02 ,4987.99,ANZ78847,TGPYKCPQSKS,542,964.0
306,HLA-B44:02 ,4988.0,ANZ78847,KCKTQSIAPPT,306,965.0
498,HLA-B44:02 ,4988.04,ANZ78847,CPCKSNSSLCV,498,966.0
684,HLA-B44:02 ,4988.04,ANZ78847,SGRVSAAFHAN,684,966.0
1116,HLA-B44:02 ,4988.04,ANZ78847,QAMEKVNECVK,1116,966.0
412,HLA-B44:02 ,4988.06,ANZ78847,RKVDLQLGNLG,412,969.0
20,HLA-B44:02 ,4988.07,ANZ78847,CPLDSRTGSLN,20,970.0
475,HLA-B44:02 ,4988.07,ANZ78847,PAGVLTNHDVV,475,970.0
0,HLA-B44:02 ,4988.09,ANZ78847,MFLILLISLPT,0,972.0
630,HLA-B44:02 ,4988.09,ANZ78847,VNYDLYGISGQ,630,972.0
1328,HLA-B44:02 ,4988.11,ANZ78847,CCTGCGTSCFK,1328,974.0
21,HLA-B44:02 ,4988.12,ANZ78847,PLDSRTGSLNN,21,975.0
418,HLA-B44:02 ,4988.13,ANZ78847,LGNLGYLQSFN,418,976.0
67,HLA-B44:02 ,4988.14,ANZ78847,LNGYYPTSGST,67,977.0
145,HLA-B44:02 ,4988.16,ANZ78847,PRTINSTQDGV,145,978.0
1090,HLA-B44:02 ,4988.18,ANZ78847,NGRLTALNAYV,1090,979.0
1191,HLA-B44:02 ,4988.19,ANZ78847,VNNTWMYTGSG,1191,980.0
663,HLA-B44:02 ,4988.2,ANZ78847,GNLYGFRDYLT,663,981.0
694,HLA-B44:02 ,4988.21,ANZ78847,NSSEPALLFRN,694,982.0
774,HLA-B44:02 ,4988.22,ANZ78847,FTNFEPFTVNS,774,983.0
977,HLA-B44:02 ,4988.23,ANZ78847,SLFPPWTAAAG,977,984.0
450,HLA-B44:02 ,4988.24,ANZ78847,SVSRFNPSTWN,450,985.0
225,HLA-B44:02 ,4988.26,ANZ78847,TFYAYFTDTGV,225,986.0
599,HLA-B44:02 ,4988.27,ANZ78847,FANLILHDVNS,599,987.0
1110,HLA-B44:02 ,4988.27,ANZ78847,VKFSAAQAMEK,1110,987.0
481,HLA-B44:02 ,4988.28,ANZ78847,NHDVVYAQHCF,481,989.0
608,HLA-B44:02 ,4988.28,ANZ78847,NSGLTCSTDLQ,608,989.0
1189,HLA-B44:02 ,4988.28,ANZ78847,VNVNNTWMYTG,1189,989.0
178,HLA-B44:02 ,4988.29,ANZ78847,ICHPNLGNHFK,178,992.0
244,HLA-B44:02 ,4988.3,ANZ78847,YLGMALSHYYV,244,993.0
59,HLA-B44:02 ,4988.31,ANZ78847,VYLNTTLFLNG,59,994.0
279,HLA-B44:02 ,4988.32,ANZ78847,RQYLLAFNQDG,279,995.0
382,HLA-B44:02 ,4988.32,ANZ78847,SFTCNNIDAAK,382,995.0
223,HLA-B44:02 ,4988.34,ANZ78847,GGTFYAYFTDT,223,997.0
1278,HLA-B44:02 ,4988.34,ANZ78847,LQEAIKVLNQS,1278,997.0
41,HLA-B44:02 ,4988.36,ANZ78847,TATVDVTNGLG,41,999.0
81,HLA-B44:02 ,4988.36,ANZ78847,MALKGTDKLST,81,999.0
783,HLA-B44:02 ,4988.36,ANZ78847,NSVNDSLEPVG,783,999.0
404,HLA-B44:02 ,4988.37,ANZ78847,DKFAIPNGRKV,404,1002.0
416,HLA-B44:02 ,4988.37,ANZ78847,LQLGNLGYLQS,416,1002.0
1098,HLA-B44:02 ,4988.37,ANZ78847,AYVSQQLSDST,1098,1002.0
146,HLA-B44:02 ,4988.38,ANZ78847,RTINSTQDGVN,146,1005.0
267,HLA-B44:02 ,4988.39,ANZ78847,FTLEYWVTPLT,267,1006.0
257,HLA-B44:02 ,4988.4,ANZ78847,LTCISRRNIGF,257,1007.0
1222,HLA-B44:02 ,4988.41,ANZ78847,NYTKAPYVMLN,1222,1008.0
853,HLA-B44:02 ,4988.42,ANZ78847,LTEVNELLDTT,853,1009.0
993,HLA-B44:02 ,4988.45,ANZ78847,NVQYRINGLGV,993,1010.0
459,HLA-B44:02 ,4988.49,ANZ78847,WNKRFGFIEDS,459,1011.0
141,HLA-B44:02 ,4988.51,ANZ78847,VVVQPRTINST,141,1012.0
657,HLA-B44:02 ,4988.51,ANZ78847,LLYDSNGNLYG,657,1012.0
1148,HLA-B44:02 ,4988.51,ANZ78847,APYGLYFIHFS,1148,1012.0
869,HLA-B44:02 ,4988.54,ANZ78847,NSLMNGVTLST,869,1015.0
495,HLA-B44:02 ,4988.55,ANZ78847,KNFCPCKSNSS,495,1016.0
90,HLA-B44:02 ,4988.56,ANZ78847,STLWFKPPFLS,90,1017.0
240,HLA-B44:02 ,4988.58,ANZ78847,LFNVYLGMALS,240,1018.0
1091,HLA-B44:02 ,4988.6,ANZ78847,GRLTALNAYVS,1091,1019.0
256,HLA-B44:02 ,4988.65,ANZ78847,PLTCISRRNIG,256,1020.0
447,HLA-B44:02 ,4988.65,ANZ78847,ANVSVSRFNPS,447,1020.0
1183,HLA-B44:02 ,4988.65,ANZ78847,PKSGYFVNVNN,1183,1020.0
1042,HLA-B44:02 ,4988.66,ANZ78847,AVVNANAEALN,1042,1023.0
920,HLA-B44:02 ,4988.68,ANZ78847,DKVKLSDVGFV,920,1024.0
1266,HLA-B44:02 ,4988.68,ANZ78847,VTFLDLQVEMN,1266,1024.0
49,HLA-B44:02 ,4988.73,ANZ78847,GLGTYYVLDRV,49,1026.0
852,HLA-B44:02 ,4988.73,ANZ78847,ILTEVNELLDT,852,1026.0
1212,HLA-B44:02 ,4988.73,ANZ78847,NVVVMSTCAVN,1212,1026.0
1176,HLA-B44:02 ,4988.74,ANZ78847,AGDRGIAPKSG,1176,1029.0
39,HLA-B44:02 ,4988.76,ANZ78847,ISTATVDVTNG,39,1030.0
160,HLA-B44:02 ,4988.76,ANZ78847,GLLEVSVCQYN,160,1030.0
618,HLA-B44:02 ,4988.76,ANZ78847,QKANTDIKLGV,618,1030.0
591,HLA-B44:02 ,4988.77,ANZ78847,LQGDKCNIFAN,591,1033.0
626,HLA-B44:02 ,4988.77,ANZ78847,LGVCVNYDLYG,626,1033.0
1204,HLA-B44:02 ,4988.77,ANZ78847,YPEPITENNVV,1204,1033.0
445,HLA-B44:02 ,4988.78,ANZ78847,PAANVSVSRFN,445,1036.0
392,HLA-B44:02 ,4988.79,ANZ78847,KIYGMCFSSIT,392,1037.0
964,HLA-B44:02 ,4988.8,ANZ78847,NQISGYTLAAT,964,1038.0
127,HLA-B44:02 ,4988.81,ANZ78847,AITIGSTFVNT,127,1039.0
507,HLA-B44:02 ,4988.81,ANZ78847,CVGSGPGKNNG,507,1039.0
651,HLA-B44:02 ,4988.82,ANZ78847,YNSWQNLLYDS,651,1041.0
1152,HLA-B44:02 ,4988.82,ANZ78847,LYFIHFSYVPT,1152,1041.0
424,HLA-B44:02 ,4988.83,ANZ78847,LQSFNYRIDTT,424,1043.0
611,HLA-B44:02 ,4988.84,ANZ78847,LTCSTDLQKAN,611,1044.0
509,HLA-B44:02 ,4988.85,ANZ78847,GSGPGKNNGIG,509,1045.0
468,HLA-B44:02 ,4988.87,ANZ78847,DSVFKPQPAGV,468,1046.0
1227,HLA-B44:02 ,4988.88,ANZ78847,PYVMLNTSIPN,1227,1047.0
605,HLA-B44:02 ,4988.89,ANZ78847,HDVNSGLTCST,605,1048.0
1084,HLA-B44:02 ,4988.89,ANZ78847,QIDRLINGRLT,1084,1048.0
119,HLA-B44:02 ,4988.91,ANZ78847,GVMYSEFPAIT,119,1050.0
504,HLA-B44:02 ,4988.91,ANZ78847,SSLCVGSGPGK,504,1050.0
1202,HLA-B44:02 ,4988.94,ANZ78847,YYYPEPITENN,1202,1052.0
1133,HLA-B44:02 ,4988.95,ANZ78847,NFCGNGNHIIS,1133,1053.0
289,HLA-B44:02 ,4988.96,ANZ78847,GIIFNAVDCMS,289,1054.0
576,HLA-B44:02 ,4988.97,ANZ78847,TCQPQAFLGWS,576,1055.0
643,HLA-B44:02 ,4988.97,ANZ78847,FVEVNATYYNS,643,1055.0
784,HLA-B44:02 ,4988.97,ANZ78847,SVNDSLEPVGG,784,1055.0
390,HLA-B44:02 ,4988.99,ANZ78847,AAKIYGMCFSS,390,1058.0
65,HLA-B44:02 ,4989.0,ANZ78847,LFLNGYYPTSG,65,1059.0
185,HLA-B44:02 ,4989.02,ANZ78847,NHFKELWHMDT,185,1060.0
724,HLA-B44:02 ,4989.03,ANZ78847,YFDSYLGCVVN,724,1061.0
1274,HLA-B44:02 ,4989.03,ANZ78847,EMNRLQEAIKV,1274,1061.0
433,HLA-B44:02 ,4989.04,ANZ78847,TTATSCQLYYN,433,1063.0
746,HLA-B44:02 ,4989.05,ANZ78847,CDLTVGSGYCV,746,1064.0
64,HLA-B44:02 ,4989.06,ANZ78847,TLFLNGYYPTS,64,1065.0
438,HLA-B44:02 ,4989.06,ANZ78847,CQLYYNLPAAN,438,1065.0
838,HLA-B44:02 ,4989.06,ANZ78847,QLVEYGSFCDN,838,1065.0
224,HLA-B44:02 ,4989.11,ANZ78847,GTFYAYFTDTG,224,1068.0
345,HLA-B44:02 ,4989.11,ANZ78847,EAWLNDKSVPS,345,1068.0
1112,HLA-B44:02 ,4989.12,ANZ78847,FSAAQAMEKVN,1112,1070.0
1199,HLA-B44:02 ,4989.12,ANZ78847,GSGYYYPEPIT,1199,1070.0
727,HLA-B44:02 ,4989.13,ANZ78847,SYLGCVVNAYN,727,1072.0
530,HLA-B44:02 ,4989.16,ANZ78847,CHNLCNPDPIT,530,1073.0
729,HLA-B44:02 ,4989.19,ANZ78847,LGCVVNAYNST,729,1074.0
653,HLA-B44:02 ,4989.2,ANZ78847,SWQNLLYDSNG,653,1075.0
448,HLA-B44:02 ,4989.21,ANZ78847,NVSVSRFNPST,448,1076.0
792,HLA-B44:02 ,4989.23,ANZ78847,VGGLYEIQIPS,792,1077.0
555,HLA-B44:02 ,4989.24,ANZ78847,GIGEHCSGLAV,555,1078.0
423,HLA-B44:02 ,4989.25,ANZ78847,YLQSFNYRIDT,423,1079.0
1201,HLA-B44:02 ,4989.25,ANZ78847,GYYYPEPITEN,1201,1079.0
491,HLA-B44:02 ,4989.28,ANZ78847,FKAPKNFCPCK,491,1081.0
24,HLA-B44:02 ,4989.29,ANZ78847,SRTGSLNNIDT,24,1082.0
293,HLA-B44:02 ,4989.29,ANZ78847,NAVDCMSDFMS,293,1082.0
503,HLA-B44:02 ,4989.3,ANZ78847,NSSLCVGSGPG,503,1084.0
876,HLA-B44:02 ,4989.3,ANZ78847,TLSTKLKDGVN,876,1084.0
155,HLA-B44:02 ,4989.31,ANZ78847,VNKLQGLLEVS,155,1086.0
492,HLA-B44:02 ,4989.32,ANZ78847,KAPKNFCPCKS,492,1087.0
685,HLA-B44:02 ,4989.32,ANZ78847,GRVSAAFHANS,685,1087.0
236,HLA-B44:02 ,4989.33,ANZ78847,VTKFLFNVYLG,236,1089.0
954,HLA-B44:02 ,4989.35,ANZ78847,IKVLPPLLSEN,954,1090.0
506,HLA-B44:02 ,4989.38,ANZ78847,LCVGSGPGKNN,506,1091.0
654,HLA-B44:02 ,4989.39,ANZ78847,WQNLLYDSNGN,654,1092.0
339,HLA-B44:02 ,4989.41,ANZ78847,LPNCNIEAWLN,339,1093.0
516,HLA-B44:02 ,4989.41,ANZ78847,NGIGTCPAGTN,516,1093.0
874,HLA-B44:02 ,4989.41,ANZ78847,GVTLSTKLKDG,874,1093.0
232,HLA-B44:02 ,4989.42,ANZ78847,DTGVVTKFLFN,232,1096.0
276,HLA-B44:02 ,4989.42,ANZ78847,LTSRQYLLAFN,276,1096.0
703,HLA-B44:02 ,4989.42,ANZ78847,RNIKCNYVFNN,703,1096.0
628,HLA-B44:02 ,4989.45,ANZ78847,VCVNYDLYGIS,628,1099.0
410,HLA-B44:02 ,4989.47,ANZ78847,NGRKVDLQLGN,410,1100.0
254,HLA-B44:02 ,4989.5,ANZ78847,VMPLTCISRRN,254,1101.0
358,HLA-B44:02 ,4989.5,ANZ78847,NWERKTFSNCN,358,1101.0
865,HLA-B44:02 ,4989.51,ANZ78847,LQVANSLMNGV,865,1103.0
248,HLA-B44:02 ,4989.52,ANZ78847,ALSHYYVMPLT,248,1104.0
602,HLA-B44:02 ,4989.52,ANZ78847,LILHDVNSGLT,602,1104.0
743,HLA-B44:02 ,4989.53,ANZ78847,VQTCDLTVGSG,743,1106.0
818,HLA-B44:02 ,4989.54,ANZ78847,PKVTIDCAAFV,818,1107.0
990,HLA-B44:02 ,4989.54,ANZ78847,FYLNVQYRING,990,1107.0
827,HLA-B44:02 ,4989.55,ANZ78847,FVCGDYAACKS,827,1109.0
1111,HLA-B44:02 ,4989.56,ANZ78847,KFSAAQAMEKV,1111,1110.0
14,HLA-B44:02 ,4989.6,ANZ78847,VIGDLKCPLDS,14,1111.0
415,HLA-B44:02 ,4989.61,ANZ78847,DLQLGNLGYLQ,415,1112.0
63,HLA-B44:02 ,4989.63,ANZ78847,TTLFLNGYYPT,63,1113.0
113,HLA-B44:02 ,4989.63,ANZ78847,TKVFKDGVMYS,113,1113.0
103,HLA-B44:02 ,4989.67,ANZ78847,INGIFAKVKNT,103,1115.0
1332,HLA-B44:02 ,4989.68,ANZ78847,CGTSCFKKCGG,1332,1116.0
110,HLA-B44:02 ,4989.7,ANZ78847,VKNTKVFKDGV,110,1117.0
973,HLA-B44:02 ,4989.72,ANZ78847,ATSASLFPPWT,973,1118.0
1043,HLA-B44:02 ,4989.72,ANZ78847,VVNANAEALNN,1043,1118.0
1339,HLA-B44:02 ,4989.72,ANZ78847,KCGGCCDDYTG,1339,1118.0
213,HLA-B44:02 ,4989.73,ANZ78847,TYLYFHFYQEG,213,1121.0
960,HLA-B44:02 ,4989.73,ANZ78847,LLSENQISGYT,960,1121.0
1119,HLA-B44:02 ,4989.74,ANZ78847,EKVNECVKSQS,1119,1123.0
698,HLA-B44:02 ,4989.75,ANZ78847,PALLFRNIKCN,698,1124.0
885,HLA-B44:02 ,4989.75,ANZ78847,VNFNVDDINFS,885,1124.0
760,HLA-B44:02 ,4989.76,ANZ78847,KNRRSRRAITT,760,1126.0
671,HLA-B44:02 ,4989.77,ANZ78847,YLTNRTFMIRS,671,1127.0
54,HLA-B44:02 ,4989.78,ANZ78847,YVLDRVYLNTT,54,1128.0
331,HLA-B44:02 ,4989.78,ANZ78847,DVYRRKPDLPN,331,1128.0
150,HLA-B44:02 ,4989.79,ANZ78847,STQDGVNKLQG,150,1130.0
470,HLA-B44:02 ,4989.8,ANZ78847,VFKPQPAGVLT,470,1131.0
938,HLA-B44:02 ,4989.81,ANZ78847,GGAEIRDLICV,938,1132.0
621,HLA-B44:02 ,4989.82,ANZ78847,NTDIKLGVCVN,621,1133.0
826,HLA-B44:02 ,4989.82,ANZ78847,AFVCGDYAACK,826,1133.0
264,HLA-B44:02 ,4989.83,ANZ78847,NIGFTLEYWVT,264,1135.0
33,HLA-B44:02 ,4989.84,ANZ78847,DTGPPSISTAT,33,1136.0
539,HLA-B44:02 ,4989.84,ANZ78847,ITFTGPYKCPQ,539,1136.0
122,HLA-B44:02 ,4989.86,ANZ78847,YSEFPAITIGS,122,1138.0
298,HLA-B44:02 ,4989.88,ANZ78847,MSDFMSEIKCK,298,1139.0
485,HLA-B44:02 ,4989.88,ANZ78847,VYAQHCFKAPK,485,1139.0
1115,HLA-B44:02 ,4989.89,ANZ78847,AQAMEKVNECV,1115,1141.0
195,HLA-B44:02 ,4989.91,ANZ78847,TGVVSCLYKRN,195,1142.0
795,HLA-B44:02 ,4989.94,ANZ78847,LYEIQIPSDFT,795,1143.0
522,HLA-B44:02 ,4989.95,ANZ78847,PAGTNYLTCHN,522,1144.0
735,HLA-B44:02 ,4989.95,ANZ78847,AYNSTAISVQT,735,1144.0
864,HLA-B44:02 ,4989.95,ANZ78847,QLQVANSLMNG,864,1144.0
1193,HLA-B44:02 ,4989.97,ANZ78847,NTWMYTGSGYY,1193,1147.0
751,HLA-B44:02 ,4990.0,ANZ78847,GSGYCVDYSKN,751,1148.0
109,HLA-B44:02 ,4990.01,ANZ78847,KVKNTKVFKDG,109,1149.0
37,HLA-B44:02 ,4990.03,ANZ78847,PSISTATVDVT,37,1150.0
355,HLA-B44:02 ,4990.04,ANZ78847,SPLNWERKTFS,355,1151.0
426,HLA-B44:02 ,4990.04,ANZ78847,SFNYRIDTTAT,426,1151.0
918,HLA-B44:02 ,4990.06,ANZ78847,LFDKVKLSDVG,918,1153.0
227,HLA-B44:02 ,4990.08,ANZ78847,YAYFTDTGVVT,227,1154.0
1211,HLA-B44:02 ,4990.08,ANZ78847,NNVVVMSTCAV,1211,1154.0
172,HLA-B44:02 ,4990.12,ANZ78847,CEYPHTICHPN,172,1156.0
706,HLA-B44:02 ,4990.19,ANZ78847,KCNYVFNNSLT,706,1157.0
362,HLA-B44:02 ,4990.2,ANZ78847,KTFSNCNFNMS,362,1158.0
728,HLA-B44:02 ,4990.2,ANZ78847,YLGCVVNAYNS,728,1158.0
582,HLA-B44:02 ,4990.25,ANZ78847,FLGWSADSCLQ,582,1160.0
1127,HLA-B44:02 ,4990.27,ANZ78847,SQSSRINFCGN,1127,1161.0
563,HLA-B44:02 ,4990.29,ANZ78847,LAVKSDYCGGN,563,1162.0
700,HLA-B44:02 ,4990.29,ANZ78847,LLFRNIKCNYV,700,1162.0
620,HLA-B44:02 ,4990.31,ANZ78847,ANTDIKLGVCV,620,1164.0
678,HLA-B44:02 ,4990.34,ANZ78847,MIRSCYSGRVS,678,1165.0
704,HLA-B44:02 ,4990.36,ANZ78847,NIKCNYVFNNS,704,1166.0
875,HLA-B44:02 ,4990.36,ANZ78847,VTLSTKLKDGV,875,1166.0
377,HLA-B44:02 ,4990.37,ANZ78847,FIQADSFTCNN,377,1168.0
494,HLA-B44:02 ,4990.38,ANZ78847,PKNFCPCKSNS,494,1169.0
175,HLA-B44:02 ,4990.41,ANZ78847,PHTICHPNLGN,175,1170.0
505,HLA-B44:02 ,4990.45,ANZ78847,SLCVGSGPGKN,505,1171.0
486,HLA-B44:02 ,4990.46,ANZ78847,YAQHCFKAPKN,486,1172.0
833,HLA-B44:02 ,4990.46,ANZ78847,AACKSQLVEYG,833,1172.0
251,HLA-B44:02 ,4990.48,ANZ78847,HYYVMPLTCIS,251,1174.0
811,HLA-B44:02 ,4990.48,ANZ78847,EFIQTSSPKVT,811,1174.0
28,HLA-B44:02 ,4990.55,ANZ78847,SLNNIDTGPPS,28,1176.0
759,HLA-B44:02 ,4990.57,ANZ78847,SKNRRSRRAIT,759,1177.0
676,HLA-B44:02 ,4990.59,ANZ78847,TFMIRSCYSGR,676,1178.0
1257,HLA-B44:02 ,4990.59,ANZ78847,PDLALDYINVT,1257,1178.0
1188,HLA-B44:02 ,4990.63,ANZ78847,FVNVNNTWMYT,1188,1180.0
659,HLA-B44:02 ,4990.64,ANZ78847,YDSNGNLYGFR,659,1181.0
376,HLA-B44:02 ,4990.67,ANZ78847,SFIQADSFTCN,376,1182.0
587,HLA-B44:02 ,4990.68,ANZ78847,ADSCLQGDKCN,587,1183.0
374,HLA-B44:02 ,4990.72,ANZ78847,LMSFIQADSFT,374,1184.0
525,HLA-B44:02 ,4990.81,ANZ78847,TNYLTCHNLCN,525,1185.0
1338,HLA-B44:02 ,4990.83,ANZ78847,KKCGGCCDDYT,1338,1186.0
53,HLA-B44:02 ,4990.84,ANZ78847,YYVLDRVYLNT,53,1187.0
1129,HLA-B44:02 ,4990.92,ANZ78847,SSRINFCGNGN,1129,1188.0
761,HLA-B44:02 ,4990.93,ANZ78847,NRRSRRAITTG,761,1189.0
1103,HLA-B44:02 ,4990.93,ANZ78847,QLSDSTLVKFS,1103,1189.0
902,HLA-B44:02 ,4990.98,ANZ78847,GSECSKASSRS,902,1191.0
639,HLA-B44:02 ,4990.99,ANZ78847,GQGIFVEVNAT,639,1192.0
510,HLA-B44:02 ,4991.0,ANZ78847,SGPGKNNGIGT,510,1193.0
844,HLA-B44:02 ,4991.01,ANZ78847,SFCDNINAILT,844,1194.0
899,HLA-B44:02 ,4991.02,ANZ78847,GCLGSECSKAS,899,1195.0
301,HLA-B44:02 ,4991.05,ANZ78847,FMSEIKCKTQS,301,1196.0
1053,HLA-B44:02 ,4991.06,ANZ78847,NLLQQLSNRFG,1053,1197.0
25,HLA-B44:02 ,4991.09,ANZ78847,RTGSLNNIDTG,25,1198.0
677,HLA-B44:02 ,4991.13,ANZ78847,FMIRSCYSGRV,677,1199.0
1347,HLA-B44:02 ,4991.13,ANZ78847,YTGYQELVIKT,1347,1199.0
186,HLA-B44:02 ,4991.14,ANZ78847,HFKELWHMDTG,186,1201.0
723,HLA-B44:02 ,4991.22,ANZ78847,NYFDSYLGCVV,723,1202.0
929,HLA-B44:02 ,4991.23,ANZ78847,FVAAYNNCTGG,929,1203.0
552,HLA-B44:02 ,4991.27,ANZ78847,SLVGIGEHCSG,552,1204.0
612,HLA-B44:02 ,4991.29,ANZ78847,TCSTDLQKANT,612,1205.0
892,HLA-B44:02 ,4991.32,ANZ78847,INFSSVLGCLG,892,1206.0
353,HLA-B44:02 ,4991.35,ANZ78847,VPSPLNWERKT,353,1207.0
214,HLA-B44:02 ,4991.37,ANZ78847,YLYFHFYQEGG,214,1208.0
805,HLA-B44:02 ,4991.38,ANZ78847,TIGNMEEFIQT,805,1209.0
741,HLA-B44:02 ,4991.43,ANZ78847,ISVQTCDLTVG,741,1210.0
519,HLA-B44:02 ,4991.46,ANZ78847,GTCPAGTNYLT,519,1211.0
177,HLA-B44:02 ,4991.47,ANZ78847,TICHPNLGNHF,177,1212.0
722,HLA-B44:02 ,4991.52,ANZ78847,INYFDSYLGCV,722,1213.0
1287,HLA-B44:02 ,4991.57,ANZ78847,QSYINLKDIGT,1287,1214.0
1307,HLA-B44:02 ,4991.57,ANZ78847,YVWLLICLAGV,1307,1214.0
551,HLA-B44:02 ,4991.59,ANZ78847,KSLVGIGEHCS,551,1216.0
878,HLA-B44:02 ,4991.6,ANZ78847,STKLKDGVNFN,878,1217.0
1190,HLA-B44:02 ,4991.6,ANZ78847,NVNNTWMYTGS,1190,1217.0
174,HLA-B44:02 ,4991.66,ANZ78847,YPHTICHPNLG,174,1219.0
702,HLA-B44:02 ,4991.67,ANZ78847,FRNIKCNYVFN,702,1220.0
1223,HLA-B44:02 ,4991.74,ANZ78847,YTKAPYVMLNT,1223,1221.0
203,HLA-B44:02 ,4991.75,ANZ78847,KRNFTYDVNAT,203,1222.0
739,HLA-B44:02 ,4991.81,ANZ78847,TAISVQTCDLT,739,1223.0
1167,HLA-B44:02 ,4991.81,ANZ78847,AKVSPGLCIAG,1167,1223.0
1184,HLA-B44:02 ,4991.82,ANZ78847,KSGYFVNVNNT,1184,1225.0
17,HLA-B44:02 ,4991.83,ANZ78847,DLKCPLDSRTG,17,1226.0
333,HLA-B44:02 ,4991.84,ANZ78847,YRRKPDLPNCN,333,1227.0
1156,HLA-B44:02 ,4991.84,ANZ78847,HFSYVPTKYVT,1156,1227.0
454,HLA-B44:02 ,4991.85,ANZ78847,FNPSTWNKRFG,454,1229.0
675,HLA-B44:02 ,4991.88,ANZ78847,RTFMIRSCYSG,675,1230.0
501,HLA-B44:02 ,4991.89,ANZ78847,KSNSSLCVGSG,501,1231.0
75,HLA-B44:02 ,4991.92,ANZ78847,GSTYRNMALKG,75,1232.0
1325,HLA-B44:02 ,4991.93,ANZ78847,FICCCTGCGTS,1325,1233.0
66,HLA-B44:02 ,4991.94,ANZ78847,FLNGYYPTSGS,66,1234.0
561,HLA-B44:02 ,4992.13,ANZ78847,SGLAVKSDYCG,561,1235.0
1306,HLA-B44:02 ,4992.13,ANZ78847,WYVWLLICLAG,1306,1235.0
137,HLA-B44:02 ,4992.16,ANZ78847,TSYSVVVQPRT,137,1237.0
532,HLA-B44:02 ,4992.16,ANZ78847,NLCNPDPITFT,532,1237.0
499,HLA-B44:02 ,4992.17,ANZ78847,PCKSNSSLCVG,499,1239.0
749,HLA-B44:02 ,4992.25,ANZ78847,TVGSGYCVDYS,749,1240.0
583,HLA-B44:02 ,4992.31,ANZ78847,LGWSADSCLQG,583,1241.0
545,HLA-B44:02 ,4992.32,ANZ78847,YKCPQSKSLVG,545,1242.0
540,HLA-B44:02 ,4992.34,ANZ78847,TFTGPYKCPQS,540,1243.0
562,HLA-B44:02 ,4992.35,ANZ78847,GLAVKSDYCGG,562,1244.0
315,HLA-B44:02 ,4992.36,ANZ78847,PTGVYELNGYT,315,1245.0
742,HLA-B44:02 ,4992.42,ANZ78847,SVQTCDLTVGS,742,1246.0
674,HLA-B44:02 ,4992.43,ANZ78847,NRTFMIRSCYS,674,1247.0
994,HLA-B44:02 ,4992.54,ANZ78847,VQYRINGLGVT,994,1248.0
360,HLA-B44:02 ,4992.6,ANZ78847,ERKTFSNCNFN,360,1249.0
42,HLA-B44:02 ,4992.61,ANZ78847,ATVDVTNGLGT,42,1250.0
604,HLA-B44:02 ,4992.63,ANZ78847,LHDVNSGLTCS,604,1251.0
928,HLA-B44:02 ,4992.73,ANZ78847,GFVAAYNNCTG,928,1252.0
514,HLA-B44:02 ,4992.85,ANZ78847,KNNGIGTCPAG,514,1253.0
215,HLA-B44:02 ,4992.86,ANZ78847,LYFHFYQEGGT,215,1254.0
1128,HLA-B44:02 ,4992.89,ANZ78847,QSSRINFCGNG,1128,1255.0
1076,HLA-B44:02 ,4992.91,ANZ78847,LDALEAEAQID,1076,1256.0
896,HLA-B44:02 ,4992.92,ANZ78847,SVLGCLGSECS,896,1257.0
1331,HLA-B44:02 ,4992.96,ANZ78847,GCGTSCFKKCG,1331,1258.0
765,HLA-B44:02 ,4993.01,ANZ78847,RRAITTGYRFT,765,1259.0
771,HLA-B44:02 ,4993.02,ANZ78847,GYRFTNFEPFT,771,1260.0
834,HLA-B44:02 ,4993.02,ANZ78847,ACKSQLVEYGS,834,1260.0
18,HLA-B44:02 ,4993.09,ANZ78847,LKCPLDSRTGS,18,1262.0
1214,HLA-B44:02 ,4993.18,ANZ78847,VVMSTCAVNYT,1214,1263.0
866,HLA-B44:02 ,4993.23,ANZ78847,QVANSLMNGVT,866,1264.0
515,HLA-B44:02 ,4993.52,ANZ78847,NNGIGTCPAGT,515,1265.0
1126,HLA-B44:02 ,4993.54,ANZ78847,KSQSSRINFCG,1126,1266.0
1096,HLA-B44:02 ,4993.57,ANZ78847,LNAYVSQQLSD,1096,1267.0
820,HLA-B44:02 ,4993.64,ANZ78847,VTIDCAAFVCG,820,1268.0
76,HLA-B44:02 ,4993.71,ANZ78847,STYRNMALKGT,76,1269.0
927,HLA-B44:02 ,4993.84,ANZ78847,VGFVAAYNNCT,927,1270.0
793,HLA-B44:02 ,4993.95,ANZ78847,GGLYEIQIPSD,793,1271.0
91,HLA-B44:02 ,4994.14,ANZ78847,TLWFKPPFLSD,91,1272.0
813,HLA-B44:02 ,4994.17,ANZ78847,IQTSSPKVTID,813,1273.0
754,HLA-B44:02 ,4994.18,ANZ78847,YCVDYSKNRRS,754,1274.0
1321,HLA-B44:02 ,4994.24,ANZ78847,VLLFFICCCTG,1321,1275.0
1323,HLA-B44:02 ,4994.25,ANZ78847,LFFICCCTGCG,1323,1276.0
258,HLA-B44:02 ,4994.27,ANZ78847,TCISRRNIGFT,258,1277.0
1324,HLA-B44:02 ,4994.29,ANZ78847,FFICCCTGCGT,1324,1278.0
500,HLA-B44:02 ,4994.32,ANZ78847,CKSNSSLCVGS,500,1279.0
666,HLA-B44:02 ,4994.44,ANZ78847,YGFRDYLTNRT,666,1280.0
916,HLA-B44:02 ,4994.48,ANZ78847,DLLFDKVKLSD,916,1281.0
566,HLA-B44:02 ,4994.55,ANZ78847,KSDYCGGNPCT,566,1282.0
394,HLA-B44:02 ,4994.6,ANZ78847,YGMCFSSITID,394,1283.0
222,HLA-B44:02 ,4994.61,ANZ78847,EGGTFYAYFTD,222,1284.0
1320,HLA-B44:02 ,4994.75,ANZ78847,LVLLFFICCCT,1320,1285.0
16,HLA-B44:02 ,4994.82,ANZ78847,GDLKCPLDSRT,16,1286.0
893,HLA-B44:02 ,4995.05,ANZ78847,NFSSVLGCLGS,893,1287.0
286,HLA-B44:02 ,4995.08,ANZ78847,NQDGIIFNAVD,286,1288.0
389,HLA-B44:02 ,4995.1,ANZ78847,DAAKIYGMCFS,389,1289.0
613,HLA-B44:02 ,4995.1,ANZ78847,CSTDLQKANTD,613,1289.0
1194,HLA-B44:02 ,4995.14,ANZ78847,TWMYTGSGYYY,1194,1291.0
1170,HLA-B44:02 ,4995.32,ANZ78847,SPGLCIAGDRG,1170,1292.0
1260,HLA-B44:02 ,4995.43,ANZ78847,ALDYINVTFLD,1260,1293.0
328,HLA-B44:02 ,4995.56,ANZ78847,PIADVYRRKPD,328,1294.0
167,HLA-B44:02 ,4995.61,ANZ78847,CQYNMCEYPHT,167,1295.0
558,HLA-B44:02 ,4995.64,ANZ78847,EHCSGLAVKSD,558,1296.0
1067,HLA-B44:02 ,4995.7,ANZ78847,SSLQEILSRLD,1067,1297.0
606,HLA-B44:02 ,4995.74,ANZ78847,DVNSGLTCSTD,606,1298.0
422,HLA-B44:02 ,4995.86,ANZ78847,GYLQSFNYRID,422,1299.0
851,HLA-B44:02 ,4995.86,ANZ78847,AILTEVNELLD,851,1299.0
1230,HLA-B44:02 ,4996.01,ANZ78847,MLNTSIPNLPD,1230,1301.0
143,HLA-B44:02 ,4996.03,ANZ78847,VQPRTINSTQD,143,1302.0
881,HLA-B44:02 ,4996.08,ANZ78847,LKDGVNFNVDD,881,1303.0
996,HLA-B44:02 ,4996.29,ANZ78847,YRINGLGVTMD,996,1304.0
1021,HLA-B44:02 ,4996.32,ANZ78847,NALDAIQEGFD,1021,1305.0
873,HLA-B44:02 ,4996.44,ANZ78847,NGVTLSTKLKD,873,1306.0
197,HLA-B44:02 ,4996.51,ANZ78847,VVSCLYKRNFT,197,1307.0
7,HLA-B44:02 ,4996.55,ANZ78847,SLPTAFAVIGD,7,1308.0
278,HLA-B44:02 ,4996.78,ANZ78847,SRQYLLAFNQD,278,1309.0
1336,HLA-B44:02 ,4996.79,ANZ78847,CFKKCGGCCDD,1336,1310.0
23,HLA-B44:02 ,4996.86,ANZ78847,DSRTGSLNNID,23,1311.0
290,HLA-B44:02 ,4996.89,ANZ78847,IIFNAVDCMSD,290,1312.0
77,HLA-B44:02 ,4996.9,ANZ78847,TYRNMALKGTD,77,1313.0
321,HLA-B44:02 ,4996.94,ANZ78847,LNGYTVQPIAD,321,1314.0
184,HLA-B44:02 ,4997.2,ANZ78847,GNHFKELWHMD,184,1315.0
1236,HLA-B44:02 ,4997.21,ANZ78847,PNLPDFREELD,1236,1316.0
340,HLA-B44:02 ,4997.3,ANZ78847,PNCNIEAWLND,340,1317.0
906,HLA-B44:02 ,4997.44,ANZ78847,SKASSRSAIED,906,1318.0
199,HLA-B44:02 ,4997.52,ANZ78847,SCLYKRNFTYD,199,1319.0
47,HLA-B44:02 ,4997.6,ANZ78847,TNGLGTYYVLD,47,1320.0
1284,HLA-B44:02 ,4997.62,ANZ78847,VLNQSYINLKD,1284,1321.0
1248,HLA-B44:02 ,4997.67,ANZ78847,WFKNQTSVAPD,1248,1322.0
379,HLA-B44:02 ,4997.72,ANZ78847,QADSFTCNNID,379,1323.0
1014,HLA-B44:02 ,4997.72,ANZ78847,LIANAFNNALD,1014,1323.0
527,HLA-B44:02 ,4997.88,ANZ78847,YLTCHNLCNPD,527,1325.0
35,HLA-B44:02 ,4997.93,ANZ78847,GPPSISTATVD,35,1326.0
650,HLA-B44:02 ,4997.93,ANZ78847,YYNSWQNLLYD,650,1326.0
1350,HLA-B44:02 ,4998.01,ANZ78847,YQELVIKTSHD,1350,1328.0
458,HLA-B44:02 ,4998.07,ANZ78847,TWNKRFGFIED,458,1329.0
108,HLA-B44:02 ,4998.12,ANZ78847,AKVKNTKVFKD,108,1330.0
660,HLA-B44:02 ,4998.22,ANZ78847,DSNGNLYGFRD,660,1331.0
1252,HLA-B44:02 ,4998.23,ANZ78847,QTSVAPDLALD,1252,1332.0
473,HLA-B44:02 ,4998.24,ANZ78847,PQPAGVLTNHD,473,1333.0
596,HLA-B44:02 ,4998.42,ANZ78847,CNIFANLILHD,596,1334.0
371,HLA-B44:02 ,4998.48,ANZ78847,MSSLMSFIQAD,371,1335.0
934,HLA-B44:02 ,4998.48,ANZ78847,NNCTGGAEIRD,934,1335.0
13,HLA-B44:02 ,4998.53,ANZ78847,AVIGDLKCPLD,13,1337.0
578,HLA-B44:02 ,4998.78,ANZ78847,QPQAFLGWSAD,578,1338.0
623,HLA-B44:02 ,4999.32,ANZ78847,DIKLGVCVNYD,623,1339.0
716,HLA-B44:02 ,4999.35,ANZ78847,TRQLQPINYFD,716,1340.0
1168,HLA-B44:02 ,4999.61,ANZ78847,KVSPGLCIAGD,1168,1341.0
837,HLA-B44:02 ,4999.69,ANZ78847,SQLVEYGSFCD,837,1342.0
910,HLA-B44:02 ,4999.87,ANZ78847,SRSAIEDLLFD,910,1343.0
737,HLA-B44:02 ,5000.0,ANZ78847,NSTAISVQTCD,737,1344.0
821,HLA-B44:02 ,5000.03,ANZ78847,TIDCAAFVCGD,821,1345.0
405,HLA-B44:02 ,5000.04,ANZ78847,KFAIPNGRKVD,405,1346.0
584,HLA-B44:02 ,5000.2,ANZ78847,GWSADSCLQGD,584,1347.0
880,HLA-B44:02 ,5000.49,ANZ78847,KLKDGVNFNVD,880,1348.0
1335,HLA-B44:02 ,5000.68,ANZ78847,SCFKKCGGCCD,1335,1349.0
747,HLA-B44:02 ,5001.4,ANZ78847,DLTVGSGYCVD,747,1350.0
100,HLA-B44:02 ,5022.43,ANZ78847,SDFINGIFAKV,100,1351.0
319,HLA-B44:02 ,5058.43,ANZ78847,YELNGYTVQPI,319,1352.0
644,HLA-B44:03,730.17,ANZ78847,VEVNATYYNSW,644,1.0
1279,HLA-B44:03,1111.07,ANZ78847,QEAIKVLNQSY,1279,2.0
796,HLA-B44:03,1910.46,ANZ78847,YEIQIPSDFTI,796,3.0
1048,HLA-B44:03,2381.98,ANZ78847,AEALNNLLQQL,1048,4.0
1298,HLA-B44:03,3712.03,ANZ78847,YEYYVKWPWYV,1298,5.0
962,HLA-B44:03,3818.71,ANZ78847,SENQISGYTLA,962,6.0
810,HLA-B44:03,3872.72,ANZ78847,EEFIQTSSPKV,810,7.0
123,HLA-B44:03,4194.65,ANZ78847,SEFPAITIGST,123,8.0
1079,HLA-B44:03,4331.16,ANZ78847,LEAEAQIDRLI,1079,9.0
857,HLA-B44:03,4558.43,ANZ78847,NELLDTTQLQV,857,10.0
1027,HLA-B44:03,4566.2,ANZ78847,QEGFDATNSAL,1027,11.0
1243,HLA-B44:03,4596.9,ANZ78847,EELDQWFKNQT,1243,12.0
940,HLA-B44:03,4640.61,ANZ78847,AEIRDLICVQS,940,13.0
914,HLA-B44:03,4733.12,ANZ78847,IEDLLFDKVKL,914,14.0
221,HLA-B44:03,5029.98,ANZ78847,QEGGTFYAYFT,221,15.0
1299,HLA-B44:03,5096.86,ANZ78847,EYYVKWPWYVW,1299,16.0
1185,HLA-B44:03,5120.13,ANZ78847,SGYFVNVNNTW,1185,17.0
384,HLA-B44:03,5143.96,ANZ78847,TCNNIDAAKIY,384,18.0
854,HLA-B44:03,5236.1,ANZ78847,TEVNELLDTTQ,854,19.0
1147,HLA-B44:03,5288.27,ANZ78847,NAPYGLYFIHF,1147,20.0
359,HLA-B44:03,5294.15,ANZ78847,WERKTFSNCNF,359,21.0
557,HLA-B44:03,5449.3,ANZ78847,GEHCSGLAVKS,557,22.0
1294,HLA-B44:03,5454.65,ANZ78847,DIGTYEYYVKW,1294,23.0
319,HLA-B44:03,5462.07,ANZ78847,YELNGYTVQPI,319,24.0
303,HLA-B44:03,5649.08,ANZ78847,SEIKCKTQSIA,303,25.0
349,HLA-B44:03,5677.65,ANZ78847,NDKSVPSPLNW,349,26.0
622,HLA-B44:03,5688.26,ANZ78847,TDIKLGVCVNY,622,27.0
1209,HLA-B44:03,5705.4,ANZ78847,TENNVVVMSTC,1209,28.0
231,HLA-B44:03,5775.56,ANZ78847,TDTGVVTKFLF,231,29.0
1258,HLA-B44:03,5781.43,ANZ78847,DLALDYINVTF,1258,30.0
45,HLA-B44:03,5788.63,ANZ78847,DVTNGLGTYYV,45,31.0
1219,HLA-B44:03,5812.79,ANZ78847,CAVNYTKAPYV,1219,32.0
1102,HLA-B44:03,5816.65,ANZ78847,QQLSDSTLVKF,1102,33.0
309,HLA-B44:03,5835.34,ANZ78847,TQSIAPPTGVY,309,34.0
1081,HLA-B44:03,5843.31,ANZ78847,AEAQIDRLING,1081,35.0
1296,HLA-B44:03,5846.55,ANZ78847,GTYEYYVKWPW,1296,36.0
1194,HLA-B44:03,5867.89,ANZ78847,TWMYTGSGYYY,1194,37.0
172,HLA-B44:03,5873.48,ANZ78847,CEYPHTICHPN,172,38.0
1292,HLA-B44:03,5875.45,ANZ78847,LKDIGTYEYYV,1292,39.0
912,HLA-B44:03,5881.05,ANZ78847,SAIEDLLFDKV,912,40.0
476,HLA-B44:03,5886.28,ANZ78847,AGVLTNHDVVY,476,41.0
188,HLA-B44:03,5886.31,ANZ78847,KELWHMDTGVV,188,42.0
337,HLA-B44:03,5887.31,ANZ78847,PDLPNCNIEAW,337,43.0
786,HLA-B44:03,5888.73,ANZ78847,NDSLEPVGGLY,786,44.0
589,HLA-B44:03,5890.82,ANZ78847,SCLQGDKCNIF,589,45.0
181,HLA-B44:03,5891.23,ANZ78847,PNLGNHFKELW,181,46.0
419,HLA-B44:03,5893.59,ANZ78847,GNLGYLQSFNY,419,47.0
1192,HLA-B44:03,5895.27,ANZ78847,NNTWMYTGSGY,1192,48.0
234,HLA-B44:03,5895.43,ANZ78847,GVVTKFLFNVY,234,49.0
466,HLA-B44:03,5898.65,ANZ78847,IEDSVFKPQPA,466,50.0
1070,HLA-B44:03,5899.12,ANZ78847,QEILSRLDALE,1070,51.0
162,HLA-B44:03,5901.71,ANZ78847,LEVSVCQYNMC,162,52.0
263,HLA-B44:03,5904.29,ANZ78847,RNIGFTLEYWV,263,53.0
222,HLA-B44:03,5907.08,ANZ78847,EGGTFYAYFTD,222,54.0
812,HLA-B44:03,5907.77,ANZ78847,FIQTSSPKVTI,812,55.0
640,HLA-B44:03,5908.29,ANZ78847,QGIFVEVNATY,640,56.0
1122,HLA-B44:03,5908.9,ANZ78847,NECVKSQSSRI,1122,57.0
661,HLA-B44:03,5908.91,ANZ78847,SNGNLYGFRDY,661,58.0
244,HLA-B44:03,5910.2,ANZ78847,YLGMALSHYYV,244,59.0
986,HLA-B44:03,5912.13,ANZ78847,AGVPFYLNVQY,986,60.0
1154,HLA-B44:03,5916.61,ANZ78847,FIHFSYVPTKY,1154,61.0
487,HLA-B44:03,5916.72,ANZ78847,AQHCFKAPKNF,487,62.0
83,HLA-B44:03,5920.06,ANZ78847,LKGTDKLSTLW,83,63.0
701,HLA-B44:03,5923.23,ANZ78847,LFRNIKCNYVF,701,64.0
696,HLA-B44:03,5929.92,ANZ78847,SEPALLFRNIK,696,65.0
106,HLA-B44:03,5932.55,ANZ78847,IFAKVKNTKVF,106,66.0
627,HLA-B44:03,5934.2,ANZ78847,GVCVNYDLYGI,627,67.0
984,HLA-B44:03,5937.68,ANZ78847,AAAGVPFYLNV,984,68.0
1218,HLA-B44:03,5938.26,ANZ78847,TCAVNYTKAPY,1218,69.0
196,HLA-B44:03,5941.47,ANZ78847,GVVSCLYKRNF,196,70.0
1030,HLA-B44:03,5942.75,ANZ78847,FDATNSALVKI,1030,71.0
102,HLA-B44:03,5942.99,ANZ78847,FINGIFAKVKN,102,72.0
575,HLA-B44:03,5945.7,ANZ78847,CTCQPQAFLGW,575,73.0
972,HLA-B44:03,5951.68,ANZ78847,AATSASLFPPW,972,74.0
884,HLA-B44:03,5951.95,ANZ78847,GVNFNVDDINF,884,75.0
209,HLA-B44:03,5954.72,ANZ78847,DVNATYLYFHF,209,76.0
100,HLA-B44:03,5954.83,ANZ78847,SDFINGIFAKV,100,77.0
1263,HLA-B44:03,5956.64,ANZ78847,YINVTFLDLQV,1263,78.0
1350,HLA-B44:03,5957.8,ANZ78847,YQELVIKTSHD,1350,79.0
210,HLA-B44:03,5958.5,ANZ78847,VNATYLYFHFY,210,80.0
343,HLA-B44:03,5959.52,ANZ78847,NIEAWLNDKSV,343,81.0
597,HLA-B44:03,5960.3,ANZ78847,NIFANLILHDV,597,82.0
229,HLA-B44:03,5963.16,ANZ78847,YFTDTGVVTKF,229,83.0
50,HLA-B44:03,5968.94,ANZ78847,LGTYYVLDRVY,50,84.0
873,HLA-B44:03,5969.37,ANZ78847,NGVTLSTKLKD,873,85.0
49,HLA-B44:03,5971.96,ANZ78847,GLGTYYVLDRV,49,86.0
199,HLA-B44:03,5972.02,ANZ78847,SCLYKRNFTYD,199,87.0
405,HLA-B44:03,5973.33,ANZ78847,KFAIPNGRKVD,405,88.0
740,HLA-B44:03,5975.95,ANZ78847,AISVQTCDLTV,740,89.0
61,HLA-B44:03,5979.96,ANZ78847,LNTTLFLNGYY,61,90.0
837,HLA-B44:03,5980.18,ANZ78847,SQLVEYGSFCD,837,91.0
559,HLA-B44:03,5980.58,ANZ78847,HCSGLAVKSDY,559,92.0
1150,HLA-B44:03,5981.22,ANZ78847,YGLYFIHFSYV,1150,93.0
802,HLA-B44:03,5981.66,ANZ78847,SDFTIGNMEEF,802,94.0
316,HLA-B44:03,5981.9,ANZ78847,TGVYELNGYTV,316,95.0
449,HLA-B44:03,5982.03,ANZ78847,VSVSRFNPSTW,449,96.0
660,HLA-B44:03,5983.27,ANZ78847,DSNGNLYGFRD,660,97.0
822,HLA-B44:03,5985.5,ANZ78847,IDCAAFVCGDY,822,98.0
1146,HLA-B44:03,5986.28,ANZ78847,QNAPYGLYFIH,1146,99.0
777,HLA-B44:03,5986.33,ANZ78847,FEPFTVNSVND,777,100.0
1345,HLA-B44:03,5986.41,ANZ78847,DDYTGYQELVI,1345,101.0
840,HLA-B44:03,5987.38,ANZ78847,VEYGSFCDNIN,840,102.0
925,HLA-B44:03,5987.8,ANZ78847,SDVGFVAAYNN,925,103.0
286,HLA-B44:03,5989.34,ANZ78847,NQDGIIFNAVD,286,104.0
290,HLA-B44:03,5989.37,ANZ78847,IIFNAVDCMSD,290,105.0
595,HLA-B44:03,5989.45,ANZ78847,KCNIFANLILH,595,106.0
747,HLA-B44:03,5990.35,ANZ78847,DLTVGSGYCVD,747,107.0
961,HLA-B44:03,5992.02,ANZ78847,LSENQISGYTL,961,108.0
1293,HLA-B44:03,5994.27,ANZ78847,KDIGTYEYYVK,1293,109.0
1238,HLA-B44:03,5994.55,ANZ78847,LPDFREELDQW,1238,110.0
220,HLA-B44:03,5994.84,ANZ78847,YQEGGTFYAYF,220,111.0
226,HLA-B44:03,5995.29,ANZ78847,FYAYFTDTGVV,226,112.0
531,HLA-B44:03,5996.31,ANZ78847,HNLCNPDPITF,531,113.0
772,HLA-B44:03,5998.06,ANZ78847,YRFTNFEPFTV,772,114.0
439,HLA-B44:03,5998.48,ANZ78847,QLYYNLPAANV,439,115.0
662,HLA-B44:03,5998.67,ANZ78847,NGNLYGFRDYL,662,116.0
677,HLA-B44:03,5999.25,ANZ78847,FMIRSCYSGRV,677,117.0
131,HLA-B44:03,6000.13,ANZ78847,GSTFVNTSYSV,131,118.0
262,HLA-B44:03,6001.15,ANZ78847,RRNIGFTLEYW,262,119.0
558,HLA-B44:03,6001.48,ANZ78847,EHCSGLAVKSD,558,120.0
647,HLA-B44:03,6002.15,ANZ78847,NATYYNSWQNL,647,121.0
846,HLA-B44:03,6003.1,ANZ78847,CDNINAILTEV,846,122.0
1284,HLA-B44:03,6003.66,ANZ78847,VLNQSYINLKD,1284,123.0
1016,HLA-B44:03,6004.72,ANZ78847,ANAFNNALDAI,1016,124.0
206,HLA-B44:03,6004.95,ANZ78847,FTYDVNATYLY,206,125.0
441,HLA-B44:03,6006.94,ANZ78847,YYNLPAANVSV,441,126.0
1014,HLA-B44:03,6010.44,ANZ78847,LIANAFNNALD,1014,127.0
1052,HLA-B44:03,6010.62,ANZ78847,NNLLQQLSNRF,1052,128.0
1254,HLA-B44:03,6010.78,ANZ78847,SVAPDLALDYI,1254,129.0
733,HLA-B44:03,6011.22,ANZ78847,VNAYNSTAISV,733,130.0
245,HLA-B44:03,6012.04,ANZ78847,LGMALSHYYVM,245,131.0
225,HLA-B44:03,6012.23,ANZ78847,TFYAYFTDTGV,225,132.0
783,HLA-B44:03,6013.86,ANZ78847,NSVNDSLEPVG,783,133.0
29,HLA-B44:03,6013.87,ANZ78847,LNNIDTGPPSI,29,134.0
132,HLA-B44:03,6014.16,ANZ78847,STFVNTSYSVV,132,135.0
133,HLA-B44:03,6015.38,ANZ78847,TFVNTSYSVVV,133,136.0
1280,HLA-B44:03,6015.51,ANZ78847,EAIKVLNQSYI,1280,137.0
1141,HLA-B44:03,6015.94,ANZ78847,IISLVQNAPYG,1141,138.0
641,HLA-B44:03,6015.96,ANZ78847,GIFVEVNATYY,641,139.0
383,HLA-B44:03,6017.7,ANZ78847,FTCNNIDAAKI,383,140.0
105,HLA-B44:03,6018.08,ANZ78847,GIFAKVKNTKV,105,141.0
944,HLA-B44:03,6018.92,ANZ78847,DLICVQSYKGI,944,142.0
880,HLA-B44:03,6019.13,ANZ78847,KLKDGVNFNVD,880,143.0
367,HLA-B44:03,6019.16,ANZ78847,CNFNMSSLMSF,367,144.0
47,HLA-B44:03,6019.23,ANZ78847,TNGLGTYYVLD,47,145.0
877,HLA-B44:03,6019.24,ANZ78847,LSTKLKDGVNF,877,146.0
1261,HLA-B44:03,6019.37,ANZ78847,LDYINVTFLDL,1261,147.0
66,HLA-B44:03,6019.59,ANZ78847,FLNGYYPTSGS,66,148.0
299,HLA-B44:03,6020.08,ANZ78847,SDFMSEIKCKT,299,149.0
934,HLA-B44:03,6020.71,ANZ78847,NNCTGGAEIRD,934,150.0
855,HLA-B44:03,6021.28,ANZ78847,EVNELLDTTQL,855,151.0
1159,HLA-B44:03,6021.76,ANZ78847,YVPTKYVTAKV,1159,152.0
1181,HLA-B44:03,6022.01,ANZ78847,IAPKSGYFVNV,1181,153.0
1220,HLA-B44:03,6022.07,ANZ78847,AVNYTKAPYVM,1220,154.0
1315,HLA-B44:03,6022.7,ANZ78847,AGVAMLVLLFF,1315,155.0
663,HLA-B44:03,6022.92,ANZ78847,GNLYGFRDYLT,663,156.0
1188,HLA-B44:03,6023.78,ANZ78847,FVNVNNTWMYT,1188,157.0
790,HLA-B44:03,6024.02,ANZ78847,EPVGGLYEIQI,790,158.0
328,HLA-B44:03,6024.71,ANZ78847,PIADVYRRKPD,328,159.0
1316,HLA-B44:03,6026.0,ANZ78847,GVAMLVLLFFI,1316,160.0
378,HLA-B44:03,6026.27,ANZ78847,IQADSFTCNNI,378,161.0
1155,HLA-B44:03,6026.53,ANZ78847,IHFSYVPTKYV,1155,162.0
239,HLA-B44:03,6026.56,ANZ78847,FLFNVYLGMAL,239,163.0
1067,HLA-B44:03,6026.9,ANZ78847,SSLQEILSRLD,1067,164.0
10,HLA-B44:03,6026.99,ANZ78847,TAFAVIGDLKC,10,165.0
830,HLA-B44:03,6027.16,ANZ78847,GDYAACKSQLV,830,166.0
918,HLA-B44:03,6027.52,ANZ78847,LFDKVKLSDVG,918,167.0
431,HLA-B44:03,6027.61,ANZ78847,IDTTATSCQLY,431,168.0
344,HLA-B44:03,6027.67,ANZ78847,IEAWLNDKSVP,344,169.0
207,HLA-B44:03,6027.77,ANZ78847,TYDVNATYLYF,207,170.0
404,HLA-B44:03,6027.88,ANZ78847,DKFAIPNGRKV,404,171.0
1179,HLA-B44:03,6028.11,ANZ78847,RGIAPKSGYFV,1179,172.0
1028,HLA-B44:03,6029.07,ANZ78847,EGFDATNSALV,1028,173.0
1274,HLA-B44:03,6029.16,ANZ78847,EMNRLQEAIKV,1274,174.0
850,HLA-B44:03,6029.23,ANZ78847,NAILTEVNELL,850,175.0
1256,HLA-B44:03,6029.3,ANZ78847,APDLALDYINV,1256,176.0
1211,HLA-B44:03,6029.56,ANZ78847,NNVVVMSTCAV,1211,177.0
1213,HLA-B44:03,6029.9,ANZ78847,VVVMSTCAVNY,1213,178.0
716,HLA-B44:03,6030.17,ANZ78847,TRQLQPINYFD,716,179.0
13,HLA-B44:03,6030.4,ANZ78847,AVIGDLKCPLD,13,180.0
465,HLA-B44:03,6030.56,ANZ78847,FIEDSVFKPQP,465,181.0
1131,HLA-B44:03,6030.66,ANZ78847,RINFCGNGNHI,1131,182.0
963,HLA-B44:03,6031.04,ANZ78847,ENQISGYTLAA,963,183.0
44,HLA-B44:03,6031.05,ANZ78847,VDVTNGLGTYY,44,184.0
1312,HLA-B44:03,6031.29,ANZ78847,ICLAGVAMLVL,1312,185.0
1268,HLA-B44:03,6031.6,ANZ78847,FLDLQVEMNRL,1268,186.0
871,HLA-B44:03,6031.81,ANZ78847,LMNGVTLSTKL,871,187.0
851,HLA-B44:03,6032.23,ANZ78847,AILTEVNELLD,851,188.0
915,HLA-B44:03,6032.42,ANZ78847,EDLLFDKVKLS,915,189.0
1314,HLA-B44:03,6032.53,ANZ78847,LAGVAMLVLLF,1314,190.0
913,HLA-B44:03,6032.57,ANZ78847,AIEDLLFDKVK,913,191.0
1134,HLA-B44:03,6032.9,ANZ78847,FCGNGNHIISL,1134,192.0
406,HLA-B44:03,6033.21,ANZ78847,FAIPNGRKVDL,406,193.0
626,HLA-B44:03,6033.24,ANZ78847,LGVCVNYDLYG,626,194.0
588,HLA-B44:03,6034.28,ANZ78847,DSCLQGDKCNI,588,195.0
982,HLA-B44:03,6034.85,ANZ78847,WTAAAGVPFYL,982,196.0
709,HLA-B44:03,6034.94,ANZ78847,YVFNNSLTRQL,709,197.0
681,HLA-B44:03,6035.08,ANZ78847,SCYSGRVSAAF,681,198.0
1285,HLA-B44:03,6035.21,ANZ78847,LNQSYINLKDI,1285,199.0
214,HLA-B44:03,6035.36,ANZ78847,YLYFHFYQEGG,214,200.0
1111,HLA-B44:03,6035.76,ANZ78847,KFSAAQAMEKV,1111,201.0
839,HLA-B44:03,6036.61,ANZ78847,LVEYGSFCDNI,839,202.0
1311,HLA-B44:03,6036.8,ANZ78847,LICLAGVAMLV,1311,203.0
726,HLA-B44:03,6037.96,ANZ78847,DSYLGCVVNAY,726,204.0
204,HLA-B44:03,6038.08,ANZ78847,RNFTYDVNATY,204,205.0
847,HLA-B44:03,6038.46,ANZ78847,DNINAILTEVN,847,206.0
233,HLA-B44:03,6038.87,ANZ78847,TGVVTKFLFNV,233,207.0
68,HLA-B44:03,6039.26,ANZ78847,NGYYPTSGSTY,68,208.0
598,HLA-B44:03,6039.36,ANZ78847,IFANLILHDVN,598,209.0
695,HLA-B44:03,6039.87,ANZ78847,SSEPALLFRNI,695,210.0
997,HLA-B44:03,6039.96,ANZ78847,RINGLGVTMDV,997,211.0
1034,HLA-B44:03,6041.68,ANZ78847,NSALVKIQAVV,1034,212.0
623,HLA-B44:03,6041.85,ANZ78847,DIKLGVCVNYD,623,213.0
657,HLA-B44:03,6041.91,ANZ78847,LLYDSNGNLYG,657,214.0
1291,HLA-B44:03,6041.99,ANZ78847,NLKDIGTYEYY,1291,215.0
741,HLA-B44:03,6042.22,ANZ78847,ISVQTCDLTVG,741,216.0
843,HLA-B44:03,6042.31,ANZ78847,GSFCDNINAIL,843,217.0
1145,HLA-B44:03,6042.73,ANZ78847,VQNAPYGLYFI,1145,218.0
1308,HLA-B44:03,6042.85,ANZ78847,VWLLICLAGVA,1308,219.0
1099,HLA-B44:03,6043.51,ANZ78847,YVSQQLSDSTL,1099,220.0
200,HLA-B44:03,6043.52,ANZ78847,CLYKRNFTYDV,200,221.0
594,HLA-B44:03,6043.56,ANZ78847,DKCNIFANLIL,594,222.0
97,HLA-B44:03,6043.66,ANZ78847,PFLSDFINGIF,97,223.0
1096,HLA-B44:03,6043.74,ANZ78847,LNAYVSQQLSD,1096,224.0
1344,HLA-B44:03,6043.92,ANZ78847,CDDYTGYQELV,1344,225.0
1094,HLA-B44:03,6044.16,ANZ78847,TALNAYVSQQL,1094,226.0
730,HLA-B44:03,6044.51,ANZ78847,GCVVNAYNSTA,730,227.0
634,HLA-B44:03,6044.58,ANZ78847,LYGISGQGIFV,634,228.0
624,HLA-B44:03,6044.97,ANZ78847,IKLGVCVNYDL,624,229.0
864,HLA-B44:03,6045.06,ANZ78847,QLQVANSLMNG,864,230.0
723,HLA-B44:03,6045.08,ANZ78847,NYFDSYLGCVV,723,231.0
964,HLA-B44:03,6045.1,ANZ78847,NQISGYTLAAT,964,232.0
1020,HLA-B44:03,6045.34,ANZ78847,NNALDAIQEGF,1020,233.0
731,HLA-B44:03,6045.39,ANZ78847,CVVNAYNSTAI,731,234.0
1112,HLA-B44:03,6045.42,ANZ78847,FSAAQAMEKVN,1112,235.0
625,HLA-B44:03,6045.7,ANZ78847,KLGVCVNYDLY,625,236.0
124,HLA-B44:03,6045.81,ANZ78847,EFPAITIGSTF,124,237.0
468,HLA-B44:03,6045.81,ANZ78847,DSVFKPQPAGV,468,237.0
722,HLA-B44:03,6045.86,ANZ78847,INYFDSYLGCV,722,239.0
1203,HLA-B44:03,6045.95,ANZ78847,YYPEPITENNV,1203,240.0
636,HLA-B44:03,6045.96,ANZ78847,GISGQGIFVEV,636,241.0
596,HLA-B44:03,6046.03,ANZ78847,CNIFANLILHD,596,242.0
1090,HLA-B44:03,6046.03,ANZ78847,NGRLTALNAYV,1090,242.0
1076,HLA-B44:03,6046.16,ANZ78847,LDALEAEAQID,1076,244.0
46,HLA-B44:03,6046.45,ANZ78847,VTNGLGTYYVL,46,245.0
724,HLA-B44:03,6046.46,ANZ78847,YFDSYLGCVVN,724,246.0
1132,HLA-B44:03,6047.14,ANZ78847,INFCGNGNHII,1132,247.0
308,HLA-B44:03,6047.18,ANZ78847,KTQSIAPPTGV,308,248.0
432,HLA-B44:03,6047.28,ANZ78847,DTTATSCQLYY,432,249.0
867,HLA-B44:03,6047.28,ANZ78847,VANSLMNGVTL,867,249.0
1151,HLA-B44:03,6047.28,ANZ78847,GLYFIHFSYVP,1151,249.0
192,HLA-B44:03,6047.34,ANZ78847,HMDTGVVSCLY,192,252.0
875,HLA-B44:03,6047.78,ANZ78847,VTLSTKLKDGV,875,253.0
929,HLA-B44:03,6047.89,ANZ78847,FVAAYNNCTGG,929,254.0
1189,HLA-B44:03,6047.89,ANZ78847,VNVNNTWMYTG,1189,254.0
643,HLA-B44:03,6047.97,ANZ78847,FVEVNATYYNS,643,256.0
242,HLA-B44:03,6048.1,ANZ78847,NVYLGMALSHY,242,257.0
620,HLA-B44:03,6048.1,ANZ78847,ANTDIKLGVCV,620,257.0
379,HLA-B44:03,6048.15,ANZ78847,QADSFTCNNID,379,259.0
983,HLA-B44:03,6048.22,ANZ78847,TAAAGVPFYLN,983,260.0
818,HLA-B44:03,6048.3,ANZ78847,PKVTIDCAAFV,818,261.0
1297,HLA-B44:03,6048.32,ANZ78847,TYEYYVKWPWY,1297,262.0
440,HLA-B44:03,6048.61,ANZ78847,LYYNLPAANVS,440,263.0
746,HLA-B44:03,6048.63,ANZ78847,CDLTVGSGYCV,746,264.0
1187,HLA-B44:03,6048.73,ANZ78847,YFVNVNNTWMY,1187,265.0
1340,HLA-B44:03,6048.73,ANZ78847,CGGCCDDYTGY,1340,265.0
545,HLA-B44:03,6048.79,ANZ78847,YKCPQSKSLVG,545,267.0
606,HLA-B44:03,6049.76,ANZ78847,DVNSGLTCSTD,606,268.0
1171,HLA-B44:03,6049.82,ANZ78847,PGLCIAGDRGI,1171,269.0
827,HLA-B44:03,6049.88,ANZ78847,FVCGDYAACKS,827,270.0
794,HLA-B44:03,6049.96,ANZ78847,GLYEIQIPSDF,794,271.0
946,HLA-B44:03,6049.97,ANZ78847,ICVQSYKGIKV,946,272.0
782,HLA-B44:03,6050.03,ANZ78847,VNSVNDSLEPV,782,273.0
719,HLA-B44:03,6050.14,ANZ78847,LQPINYFDSYL,719,274.0
1013,HLA-B44:03,6050.57,ANZ78847,KLIANAFNNAL,1013,275.0
1212,HLA-B44:03,6050.57,ANZ78847,NVVVMSTCAVN,1212,275.0
917,HLA-B44:03,6050.83,ANZ78847,LLFDKVKLSDV,917,277.0
1,HLA-B44:03,6051.41,ANZ78847,FLILLISLPTA,1,278.0
1004,HLA-B44:03,6051.48,ANZ78847,TMDVLSQNQKL,1004,279.0
700,HLA-B44:03,6051.54,ANZ78847,LLFRNIKCNYV,700,280.0
62,HLA-B44:03,6051.55,ANZ78847,NTTLFLNGYYP,62,281.0
1252,HLA-B44:03,6051.64,ANZ78847,QTSVAPDLALD,1252,282.0
377,HLA-B44:03,6051.7,ANZ78847,FIQADSFTCNN,377,283.0
978,HLA-B44:03,6052.0,ANZ78847,LFPPWTAAAGV,978,284.0
211,HLA-B44:03,6052.18,ANZ78847,NATYLYFHFYQ,211,285.0
55,HLA-B44:03,6052.33,ANZ78847,VLDRVYLNTTL,55,286.0
120,HLA-B44:03,6052.5,ANZ78847,VMYSEFPAITI,120,287.0
616,HLA-B44:03,6052.73,ANZ78847,DLQKANTDIKL,616,288.0
235,HLA-B44:03,6052.83,ANZ78847,VVTKFLFNVYL,235,289.0
1245,HLA-B44:03,6052.88,ANZ78847,LDQWFKNQTSV,1245,290.0
1045,HLA-B44:03,6052.91,ANZ78847,NANAEALNNLL,1045,291.0
401,HLA-B44:03,6052.93,ANZ78847,ITIDKFAIPNG,401,292.0
766,HLA-B44:03,6052.93,ANZ78847,RAITTGYRFTN,766,292.0
421,HLA-B44:03,6052.97,ANZ78847,LGYLQSFNYRI,421,294.0
12,HLA-B44:03,6053.27,ANZ78847,FAVIGDLKCPL,12,295.0
417,HLA-B44:03,6053.37,ANZ78847,QLGNLGYLQSF,417,296.0
824,HLA-B44:03,6053.54,ANZ78847,CAAFVCGDYAA,824,297.0
1115,HLA-B44:03,6053.54,ANZ78847,AQAMEKVNECV,1115,297.0
728,HLA-B44:03,6053.56,ANZ78847,YLGCVVNAYNS,728,299.0
425,HLA-B44:03,6053.6,ANZ78847,QSFNYRIDTTA,425,300.0
998,HLA-B44:03,6053.65,ANZ78847,INGLGVTMDVL,998,301.0
329,HLA-B44:03,6053.84,ANZ78847,IADVYRRKPDL,329,302.0
1100,HLA-B44:03,6054.01,ANZ78847,VSQQLSDSTLV,1100,303.0
601,HLA-B44:03,6054.1,ANZ78847,NLILHDVNSGL,601,304.0
125,HLA-B44:03,6054.18,ANZ78847,FPAITIGSTFV,125,305.0
393,HLA-B44:03,6054.2,ANZ78847,IYGMCFSSITI,393,306.0
987,HLA-B44:03,6054.26,ANZ78847,GVPFYLNVQYR,987,307.0
993,HLA-B44:03,6054.26,ANZ78847,NVQYRINGLGV,993,307.0
1143,HLA-B44:03,6054.26,ANZ78847,SLVQNAPYGLY,1143,307.0
271,HLA-B44:03,6054.33,ANZ78847,YWVTPLTSRQY,271,310.0
1157,HLA-B44:03,6054.46,ANZ78847,FSYVPTKYVTA,1157,311.0
388,HLA-B44:03,6054.57,ANZ78847,IDAAKIYGMCF,388,312.0
529,HLA-B44:03,6054.74,ANZ78847,TCHNLCNPDPI,529,313.0
888,HLA-B44:03,6054.8,ANZ78847,NVDDINFSSVL,888,314.0
1075,HLA-B44:03,6054.8,ANZ78847,RLDALEAEAQI,1075,314.0
655,HLA-B44:03,6054.85,ANZ78847,QNLLYDSNGNL,655,316.0
1080,HLA-B44:03,6055.05,ANZ78847,EAEAQIDRLIN,1080,317.0
555,HLA-B44:03,6055.17,ANZ78847,GIGEHCSGLAV,555,318.0
205,HLA-B44:03,6055.25,ANZ78847,NFTYDVNATYL,205,319.0
632,HLA-B44:03,6055.49,ANZ78847,YDLYGISGQGI,632,320.0
60,HLA-B44:03,6055.51,ANZ78847,YLNTTLFLNGY,60,321.0
988,HLA-B44:03,6055.57,ANZ78847,VPFYLNVQYRI,988,322.0
991,HLA-B44:03,6055.57,ANZ78847,YLNVQYRINGL,991,322.0
865,HLA-B44:03,6055.63,ANZ78847,LQVANSLMNGV,865,324.0
224,HLA-B44:03,6055.71,ANZ78847,GTFYAYFTDTG,224,325.0
208,HLA-B44:03,6055.73,ANZ78847,YDVNATYLYFH,208,326.0
285,HLA-B44:03,6055.88,ANZ78847,FNQDGIIFNAV,285,327.0
613,HLA-B44:03,6055.88,ANZ78847,CSTDLQKANTD,613,327.0
797,HLA-B44:03,6056.1,ANZ78847,EIQIPSDFTIG,797,329.0
177,HLA-B44:03,6056.17,ANZ78847,TICHPNLGNHF,177,330.0
1321,HLA-B44:03,6056.45,ANZ78847,VLLFFICCCTG,1321,331.0
725,HLA-B44:03,6056.5,ANZ78847,FDSYLGCVVNA,725,332.0
1307,HLA-B44:03,6056.86,ANZ78847,YVWLLICLAGV,1307,333.0
656,HLA-B44:03,6057.11,ANZ78847,NLLYDSNGNLY,656,334.0
396,HLA-B44:03,6057.25,ANZ78847,MCFSSITIDKF,396,335.0
523,HLA-B44:03,6057.27,ANZ78847,AGTNYLTCHNL,523,336.0
34,HLA-B44:03,6057.45,ANZ78847,TGPPSISTATV,34,337.0
517,HLA-B44:03,6057.65,ANZ78847,GIGTCPAGTNY,517,338.0
1142,HLA-B44:03,6057.77,ANZ78847,ISLVQNAPYGL,1142,339.0
402,HLA-B44:03,6057.81,ANZ78847,TIDKFAIPNGR,402,340.0
325,HLA-B44:03,6057.84,ANZ78847,TVQPIADVYRR,325,341.0
537,HLA-B44:03,6057.97,ANZ78847,DPITFTGPYKC,537,342.0
434,HLA-B44:03,6057.98,ANZ78847,TATSCQLYYNL,434,343.0
833,HLA-B44:03,6058.02,ANZ78847,AACKSQLVEYG,833,344.0
849,HLA-B44:03,6058.38,ANZ78847,INAILTEVNEL,849,345.0
189,HLA-B44:03,6058.39,ANZ78847,ELWHMDTGVVS,189,346.0
1205,HLA-B44:03,6058.62,ANZ78847,PEPITENNVVV,1205,347.0
1009,HLA-B44:03,6058.75,ANZ78847,SQNQKLIANAF,1009,348.0
1228,HLA-B44:03,6058.8,ANZ78847,YVMLNTSIPNL,1228,349.0
327,HLA-B44:03,6059.19,ANZ78847,QPIADVYRRKP,327,350.0
1063,HLA-B44:03,6059.19,ANZ78847,GAISSSLQEIL,1063,350.0
322,HLA-B44:03,6059.25,ANZ78847,NGYTVQPIADV,322,352.0
195,HLA-B44:03,6059.37,ANZ78847,TGVVSCLYKRN,195,353.0
866,HLA-B44:03,6059.37,ANZ78847,QVANSLMNGVT,866,353.0
1251,HLA-B44:03,6059.43,ANZ78847,NQTSVAPDLAL,1251,355.0
505,HLA-B44:03,6059.44,ANZ78847,SLCVGSGPGKN,505,356.0
187,HLA-B44:03,6059.51,ANZ78847,FKELWHMDTGV,187,357.0
1195,HLA-B44:03,6059.53,ANZ78847,WMYTGSGYYYP,1195,358.0
1351,HLA-B44:03,6059.6,ANZ78847,QELVIKTSHDD,1351,359.0
1193,HLA-B44:03,6059.76,ANZ78847,NTWMYTGSGYY,1193,360.0
1180,HLA-B44:03,6059.86,ANZ78847,GIAPKSGYFVN,1180,361.0
43,HLA-B44:03,6060.11,ANZ78847,TVDVTNGLGTY,43,362.0
1015,HLA-B44:03,6060.29,ANZ78847,IANAFNNALDA,1015,363.0
853,HLA-B44:03,6060.32,ANZ78847,LTEVNELLDTT,853,364.0
1083,HLA-B44:03,6060.36,ANZ78847,AQIDRLINGRL,1083,365.0
79,HLA-B44:03,6060.55,ANZ78847,RNMALKGTDKL,79,366.0
1144,HLA-B44:03,6060.77,ANZ78847,LVQNAPYGLYF,1144,367.0
373,HLA-B44:03,6060.8,ANZ78847,SLMSFIQADSF,373,368.0
619,HLA-B44:03,6060.84,ANZ78847,KANTDIKLGVC,619,369.0
1149,HLA-B44:03,6060.84,ANZ78847,PYGLYFIHFSY,1149,369.0
6,HLA-B44:03,6060.89,ANZ78847,ISLPTAFAVIG,6,371.0
618,HLA-B44:03,6060.9,ANZ78847,QKANTDIKLGV,618,372.0
486,HLA-B44:03,6061.14,ANZ78847,YAQHCFKAPKN,486,373.0
342,HLA-B44:03,6061.46,ANZ78847,CNIEAWLNDKS,342,374.0
1041,HLA-B44:03,6061.51,ANZ78847,QAVVNANAEAL,1041,375.0
996,HLA-B44:03,6061.64,ANZ78847,YRINGLGVTMD,996,376.0
108,HLA-B44:03,6061.65,ANZ78847,AKVKNTKVFKD,108,377.0
887,HLA-B44:03,6061.89,ANZ78847,FNVDDINFSSV,887,378.0
469,HLA-B44:03,6061.96,ANZ78847,SVFKPQPAGVL,469,379.0
156,HLA-B44:03,6062.04,ANZ78847,NKLQGLLEVSV,156,380.0
474,HLA-B44:03,6062.27,ANZ78847,QPAGVLTNHDV,474,381.0
1288,HLA-B44:03,6062.55,ANZ78847,SYINLKDIGTY,1288,382.0
280,HLA-B44:03,6062.69,ANZ78847,QYLLAFNQDGI,280,383.0
1044,HLA-B44:03,6062.74,ANZ78847,VNANAEALNNL,1044,384.0
642,HLA-B44:03,6062.85,ANZ78847,IFVEVNATYYN,642,385.0
881,HLA-B44:03,6062.85,ANZ78847,LKDGVNFNVDD,881,385.0
492,HLA-B44:03,6062.91,ANZ78847,KAPKNFCPCKS,492,387.0
874,HLA-B44:03,6063.22,ANZ78847,GVTLSTKLKDG,874,388.0
562,HLA-B44:03,6063.4,ANZ78847,GLAVKSDYCGG,562,389.0
475,HLA-B44:03,6063.42,ANZ78847,PAGVLTNHDVV,475,390.0
216,HLA-B44:03,6063.52,ANZ78847,YFHFYQEGGTF,216,391.0
829,HLA-B44:03,6063.57,ANZ78847,CGDYAACKSQL,829,392.0
671,HLA-B44:03,6063.62,ANZ78847,YLTNRTFMIRS,671,393.0
170,HLA-B44:03,6063.64,ANZ78847,NMCEYPHTICH,170,394.0
879,HLA-B44:03,6063.7,ANZ78847,TKLKDGVNFNV,879,395.0
1175,HLA-B44:03,6063.7,ANZ78847,IAGDRGIAPKS,1175,395.0
938,HLA-B44:03,6063.74,ANZ78847,GGAEIRDLICV,938,397.0
25,HLA-B44:03,6064.0,ANZ78847,RTGSLNNIDTG,25,398.0
969,HLA-B44:03,6064.66,ANZ78847,YTLAATSASLF,969,399.0
154,HLA-B44:03,6064.8,ANZ78847,GVNKLQGLLEV,154,400.0
1272,HLA-B44:03,6065.05,ANZ78847,QVEMNRLQEAI,1272,401.0
1206,HLA-B44:03,6065.3,ANZ78847,EPITENNVVVM,1206,402.0
1078,HLA-B44:03,6065.48,ANZ78847,ALEAEAQIDRL,1078,403.0
75,HLA-B44:03,6065.5,ANZ78847,GSTYRNMALKG,75,404.0
788,HLA-B44:03,6065.6,ANZ78847,SLEPVGGLYEI,788,405.0
311,HLA-B44:03,6065.63,ANZ78847,SIAPPTGVYEL,311,406.0
699,HLA-B44:03,6065.88,ANZ78847,ALLFRNIKCNY,699,407.0
151,HLA-B44:03,6066.29,ANZ78847,TQDGVNKLQGL,151,408.0
1313,HLA-B44:03,6066.44,ANZ78847,CLAGVAMLVLL,1313,409.0
584,HLA-B44:03,6066.46,ANZ78847,GWSADSCLQGD,584,410.0
198,HLA-B44:03,6066.59,ANZ78847,VSCLYKRNFTY,198,411.0
1282,HLA-B44:03,6066.66,ANZ78847,IKVLNQSYINL,1282,412.0
974,HLA-B44:03,6066.8,ANZ78847,TSASLFPPWTA,974,413.0
821,HLA-B44:03,6066.89,ANZ78847,TIDCAAFVCGD,821,414.0
648,HLA-B44:03,6066.92,ANZ78847,ATYYNSWQNLL,648,415.0
1319,HLA-B44:03,6066.97,ANZ78847,MLVLLFFICCC,1319,416.0
227,HLA-B44:03,6067.02,ANZ78847,YAYFTDTGVVT,227,417.0
1116,HLA-B44:03,6067.04,ANZ78847,QAMEKVNECVK,1116,418.0
1177,HLA-B44:03,6067.12,ANZ78847,GDRGIAPKSGY,1177,419.0
241,HLA-B44:03,6067.14,ANZ78847,FNVYLGMALSH,241,420.0
718,HLA-B44:03,6067.15,ANZ78847,QLQPINYFDSY,718,421.0
928,HLA-B44:03,6067.15,ANZ78847,GFVAAYNNCTG,928,421.0
161,HLA-B44:03,6067.33,ANZ78847,LLEVSVCQYNM,161,423.0
599,HLA-B44:03,6067.42,ANZ78847,FANLILHDVNS,599,424.0
364,HLA-B44:03,6067.53,ANZ78847,FSNCNFNMSSL,364,425.0
586,HLA-B44:03,6067.75,ANZ78847,SADSCLQGDKC,586,426.0
990,HLA-B44:03,6067.79,ANZ78847,FYLNVQYRING,990,427.0
767,HLA-B44:03,6067.95,ANZ78847,AITTGYRFTNF,767,428.0
1264,HLA-B44:03,6067.97,ANZ78847,INVTFLDLQVE,1264,429.0
64,HLA-B44:03,6068.24,ANZ78847,TLFLNGYYPTS,64,430.0
408,HLA-B44:03,6068.42,ANZ78847,IPNGRKVDLQL,408,431.0
711,HLA-B44:03,6068.42,ANZ78847,FNNSLTRQLQP,711,431.0
323,HLA-B44:03,6068.62,ANZ78847,GYTVQPIADVY,323,433.0
891,HLA-B44:03,6068.67,ANZ78847,DINFSSVLGCL,891,434.0
1024,HLA-B44:03,6068.78,ANZ78847,DAIQEGFDATN,1024,435.0
385,HLA-B44:03,6068.83,ANZ78847,CNNIDAAKIYG,385,436.0
138,HLA-B44:03,6068.84,ANZ78847,SYSVVVQPRTI,138,437.0
92,HLA-B44:03,6068.89,ANZ78847,LWFKPPFLSDF,92,438.0
1244,HLA-B44:03,6068.95,ANZ78847,ELDQWFKNQTS,1244,439.0
848,HLA-B44:03,6068.96,ANZ78847,NINAILTEVNE,848,440.0
264,HLA-B44:03,6069.08,ANZ78847,NIGFTLEYWVT,264,441.0
483,HLA-B44:03,6069.1,ANZ78847,DVVYAQHCFKA,483,442.0
1259,HLA-B44:03,6069.12,ANZ78847,LALDYINVTFL,1259,443.0
433,HLA-B44:03,6069.33,ANZ78847,TTATSCQLYYN,433,444.0
4,HLA-B44:03,6069.51,ANZ78847,LLISLPTAFAV,4,445.0
527,HLA-B44:03,6069.55,ANZ78847,YLTCHNLCNPD,527,446.0
1135,HLA-B44:03,6069.58,ANZ78847,CGNGNHIISLV,1135,447.0
129,HLA-B44:03,6069.61,ANZ78847,TIGSTFVNTSY,129,448.0
916,HLA-B44:03,6069.76,ANZ78847,DLLFDKVKLSD,916,449.0
947,HLA-B44:03,6069.85,ANZ78847,CVQSYKGIKVL,947,450.0
919,HLA-B44:03,6069.87,ANZ78847,FDKVKLSDVGF,919,451.0
184,HLA-B44:03,6069.9,ANZ78847,GNHFKELWHMD,184,452.0
1026,HLA-B44:03,6070.24,ANZ78847,IQEGFDATNSA,1026,453.0
118,HLA-B44:03,6070.32,ANZ78847,DGVMYSEFPAI,118,454.0
1260,HLA-B44:03,6070.6,ANZ78847,ALDYINVTFLD,1260,455.0
194,HLA-B44:03,6070.73,ANZ78847,DTGVVSCLYKR,194,456.0
931,HLA-B44:03,6070.74,ANZ78847,AAYNNCTGGAE,931,457.0
430,HLA-B44:03,6070.79,ANZ78847,RIDTTATSCQL,430,458.0
1091,HLA-B44:03,6070.92,ANZ78847,GRLTALNAYVS,1091,459.0
110,HLA-B44:03,6070.97,ANZ78847,VKNTKVFKDGV,110,460.0
751,HLA-B44:03,6071.01,ANZ78847,GSGYCVDYSKN,751,461.0
542,HLA-B44:03,6071.09,ANZ78847,TGPYKCPQSKS,542,462.0
553,HLA-B44:03,6071.18,ANZ78847,LVGIGEHCSGL,553,463.0
313,HLA-B44:03,6071.29,ANZ78847,APPTGVYELNG,313,464.0
437,HLA-B44:03,6071.37,ANZ78847,SCQLYYNLPAA,437,465.0
649,HLA-B44:03,6071.41,ANZ78847,TYYNSWQNLLY,649,466.0
301,HLA-B44:03,6071.5,ANZ78847,FMSEIKCKTQS,301,467.0
664,HLA-B44:03,6071.5,ANZ78847,NLYGFRDYLTN,664,467.0
413,HLA-B44:03,6071.64,ANZ78847,KVDLQLGNLGY,413,469.0
253,HLA-B44:03,6071.79,ANZ78847,YVMPLTCISRR,253,470.0
651,HLA-B44:03,6071.81,ANZ78847,YNSWQNLLYDS,651,471.0
845,HLA-B44:03,6071.85,ANZ78847,FCDNINAILTE,845,472.0
675,HLA-B44:03,6072.05,ANZ78847,RTFMIRSCYSG,675,473.0
477,HLA-B44:03,6072.11,ANZ78847,GVLTNHDVVYA,477,474.0
463,HLA-B44:03,6072.12,ANZ78847,FGFIEDSVFKP,463,475.0
683,HLA-B44:03,6072.16,ANZ78847,YSGRVSAAFHA,683,476.0
243,HLA-B44:03,6072.33,ANZ78847,VYLGMALSHYY,243,477.0
414,HLA-B44:03,6072.36,ANZ78847,VDLQLGNLGYL,414,478.0
65,HLA-B44:03,6072.59,ANZ78847,LFLNGYYPTSG,65,479.0
176,HLA-B44:03,6072.64,ANZ78847,HTICHPNLGNH,176,480.0
159,HLA-B44:03,6072.74,ANZ78847,QGLLEVSVCQY,159,481.0
1085,HLA-B44:03,6072.8,ANZ78847,IDRLINGRLTA,1085,482.0
1088,HLA-B44:03,6072.81,ANZ78847,LINGRLTALNA,1088,483.0
146,HLA-B44:03,6072.86,ANZ78847,RTINSTQDGVN,146,484.0
1124,HLA-B44:03,6073.01,ANZ78847,CVKSQSSRINF,1124,485.0
127,HLA-B44:03,6073.13,ANZ78847,AITIGSTFVNT,127,486.0
73,HLA-B44:03,6073.23,ANZ78847,TSGSTYRNMAL,73,487.0
236,HLA-B44:03,6073.32,ANZ78847,VTKFLFNVYLG,236,488.0
82,HLA-B44:03,6073.56,ANZ78847,ALKGTDKLSTL,82,489.0
254,HLA-B44:03,6073.84,ANZ78847,VMPLTCISRRN,254,490.0
1320,HLA-B44:03,6073.95,ANZ78847,LVLLFFICCCT,1320,491.0
610,HLA-B44:03,6073.96,ANZ78847,GLTCSTDLQKA,610,492.0
676,HLA-B44:03,6074.03,ANZ78847,TFMIRSCYSGR,676,493.0
484,HLA-B44:03,6074.05,ANZ78847,VVYAQHCFKAP,484,494.0
1036,HLA-B44:03,6074.1,ANZ78847,ALVKIQAVVNA,1036,495.0
40,HLA-B44:03,6074.41,ANZ78847,STATVDVTNGL,40,496.0
533,HLA-B44:03,6074.49,ANZ78847,LCNPDPITFTG,533,497.0
1310,HLA-B44:03,6074.74,ANZ78847,LLICLAGVAML,1310,498.0
1066,HLA-B44:03,6074.79,ANZ78847,SSSLQEILSRL,1066,499.0
1197,HLA-B44:03,6074.8,ANZ78847,YTGSGYYYPEP,1197,500.0
145,HLA-B44:03,6074.86,ANZ78847,PRTINSTQDGV,145,501.0
42,HLA-B44:03,6075.03,ANZ78847,ATVDVTNGLGT,42,502.0
5,HLA-B44:03,6075.05,ANZ78847,LISLPTAFAVI,5,503.0
473,HLA-B44:03,6075.08,ANZ78847,PQPAGVLTNHD,473,504.0
1257,HLA-B44:03,6075.24,ANZ78847,PDLALDYINVT,1257,505.0
882,HLA-B44:03,6075.28,ANZ78847,KDGVNFNVDDI,882,506.0
1327,HLA-B44:03,6075.68,ANZ78847,CCCTGCGTSCF,1327,507.0
1128,HLA-B44:03,6075.75,ANZ78847,QSSRINFCGNG,1128,508.0
784,HLA-B44:03,6075.78,ANZ78847,SVNDSLEPVGG,784,509.0
858,HLA-B44:03,6075.87,ANZ78847,ELLDTTQLQVA,858,510.0
56,HLA-B44:03,6075.92,ANZ78847,LDRVYLNTTLF,56,511.0
981,HLA-B44:03,6075.92,ANZ78847,PWTAAAGVPFY,981,511.0
126,HLA-B44:03,6075.95,ANZ78847,PAITIGSTFVN,126,513.0
259,HLA-B44:03,6075.95,ANZ78847,CISRRNIGFTL,259,513.0
910,HLA-B44:03,6076.26,ANZ78847,SRSAIEDLLFD,910,515.0
436,HLA-B44:03,6076.33,ANZ78847,TSCQLYYNLPA,436,516.0
1168,HLA-B44:03,6076.43,ANZ78847,KVSPGLCIAGD,1168,517.0
1225,HLA-B44:03,6076.44,ANZ78847,KAPYVMLNTSI,1225,518.0
825,HLA-B44:03,6076.47,ANZ78847,AAFVCGDYAAC,825,519.0
927,HLA-B44:03,6076.47,ANZ78847,VGFVAAYNNCT,927,519.0
88,HLA-B44:03,6076.5,ANZ78847,KLSTLWFKPPF,88,521.0
1309,HLA-B44:03,6076.5,ANZ78847,WLLICLAGVAM,1309,521.0
269,HLA-B44:03,6076.57,ANZ78847,LEYWVTPLTSR,269,523.0
57,HLA-B44:03,6076.7,ANZ78847,DRVYLNTTLFL,57,524.0
455,HLA-B44:03,6076.7,ANZ78847,NPSTWNKRFGF,455,524.0
1216,HLA-B44:03,6076.91,ANZ78847,MSTCAVNYTKA,1216,526.0
720,HLA-B44:03,6077.01,ANZ78847,QPINYFDSYLG,720,527.0
658,HLA-B44:03,6077.35,ANZ78847,LYDSNGNLYGF,658,528.0
237,HLA-B44:03,6077.37,ANZ78847,TKFLFNVYLGM,237,529.0
238,HLA-B44:03,6077.45,ANZ78847,KFLFNVYLGMA,238,530.0
1230,HLA-B44:03,6077.48,ANZ78847,MLNTSIPNLPD,1230,531.0
592,HLA-B44:03,6077.52,ANZ78847,QGDKCNIFANL,592,532.0
386,HLA-B44:03,6077.59,ANZ78847,NNIDAAKIYGM,386,533.0
1032,HLA-B44:03,6077.7,ANZ78847,ATNSALVKIQA,1032,534.0
347,HLA-B44:03,6077.75,ANZ78847,WLNDKSVPSPL,347,535.0
754,HLA-B44:03,6077.77,ANZ78847,YCVDYSKNRRS,754,536.0
509,HLA-B44:03,6077.9,ANZ78847,GSGPGKNNGIG,509,537.0
1324,HLA-B44:03,6077.91,ANZ78847,FFICCCTGCGT,1324,538.0
70,HLA-B44:03,6077.92,ANZ78847,YYPTSGSTYRN,70,539.0
808,HLA-B44:03,6077.95,ANZ78847,NMEEFIQTSSP,808,540.0
667,HLA-B44:03,6078.14,ANZ78847,GFRDYLTNRTF,667,541.0
1290,HLA-B44:03,6078.24,ANZ78847,INLKDIGTYEY,1290,542.0
1005,HLA-B44:03,6078.29,ANZ78847,MDVLSQNQKLI,1005,543.0
7,HLA-B44:03,6078.31,ANZ78847,SLPTAFAVIGD,7,544.0
635,HLA-B44:03,6078.32,ANZ78847,YGISGQGIFVE,635,545.0
1086,HLA-B44:03,6078.35,ANZ78847,DRLINGRLTAL,1086,546.0
1178,HLA-B44:03,6078.38,ANZ78847,DRGIAPKSGYF,1178,547.0
215,HLA-B44:03,6078.4,ANZ78847,LYFHFYQEGGT,215,548.0
284,HLA-B44:03,6078.62,ANZ78847,AFNQDGIIFNA,284,549.0
933,HLA-B44:03,6078.62,ANZ78847,YNNCTGGAEIR,933,549.0
148,HLA-B44:03,6078.78,ANZ78847,INSTQDGVNKL,148,551.0
77,HLA-B44:03,6078.84,ANZ78847,TYRNMALKGTD,77,552.0
1039,HLA-B44:03,6078.98,ANZ78847,KIQAVVNANAE,1039,553.0
1148,HLA-B44:03,6079.08,ANZ78847,APYGLYFIHFS,1148,554.0
706,HLA-B44:03,6079.14,ANZ78847,KCNYVFNNSLT,706,555.0
1095,HLA-B44:03,6079.21,ANZ78847,ALNAYVSQQLS,1095,556.0
1042,HLA-B44:03,6079.23,ANZ78847,AVVNANAEALN,1042,557.0
1184,HLA-B44:03,6079.52,ANZ78847,KSGYFVNVNNT,1184,558.0
86,HLA-B44:03,6079.68,ANZ78847,TDKLSTLWFKP,86,559.0
852,HLA-B44:03,6079.81,ANZ78847,ILTEVNELLDT,852,560.0
831,HLA-B44:03,6079.83,ANZ78847,DYAACKSQLVE,831,561.0
1117,HLA-B44:03,6079.91,ANZ78847,AMEKVNECVKS,1117,562.0
354,HLA-B44:03,6080.08,ANZ78847,PSPLNWERKTF,354,563.0
38,HLA-B44:03,6080.13,ANZ78847,SISTATVDVTN,38,564.0
773,HLA-B44:03,6080.13,ANZ78847,RFTNFEPFTVN,773,564.0
965,HLA-B44:03,6080.18,ANZ78847,QISGYTLAATS,965,566.0
266,HLA-B44:03,6080.28,ANZ78847,GFTLEYWVTPL,266,567.0
992,HLA-B44:03,6080.29,ANZ78847,LNVQYRINGLG,992,568.0
707,HLA-B44:03,6080.37,ANZ78847,CNYVFNNSLTR,707,569.0
416,HLA-B44:03,6080.57,ANZ78847,LQLGNLGYLQS,416,570.0
453,HLA-B44:03,6080.6,ANZ78847,RFNPSTWNKRF,453,571.0
686,HLA-B44:03,6080.72,ANZ78847,RVSAAFHANSS,686,572.0
2,HLA-B44:03,6080.97,ANZ78847,LILLISLPTAF,2,573.0
757,HLA-B44:03,6080.97,ANZ78847,DYSKNRRSRRA,757,573.0
76,HLA-B44:03,6081.01,ANZ78847,STYRNMALKGT,76,575.0
1241,HLA-B44:03,6081.19,ANZ78847,FREELDQWFKN,1241,576.0
1054,HLA-B44:03,6081.21,ANZ78847,LLQQLSNRFGA,1054,577.0
669,HLA-B44:03,6081.23,ANZ78847,RDYLTNRTFMI,669,578.0
659,HLA-B44:03,6081.68,ANZ78847,YDSNGNLYGFR,659,579.0
678,HLA-B44:03,6081.7,ANZ78847,MIRSCYSGRVS,678,580.0
101,HLA-B44:03,6081.72,ANZ78847,DFINGIFAKVK,101,581.0
688,HLA-B44:03,6081.76,ANZ78847,SAAFHANSSEP,688,582.0
581,HLA-B44:03,6081.79,ANZ78847,AFLGWSADSCL,581,583.0
1300,HLA-B44:03,6081.84,ANZ78847,YYVKWPWYVWL,1300,584.0
1339,HLA-B44:03,6081.86,ANZ78847,KCGGCCDDYTG,1339,585.0
1101,HLA-B44:03,6081.87,ANZ78847,SQQLSDSTLVK,1101,586.0
36,HLA-B44:03,6081.93,ANZ78847,PPSISTATVDV,36,587.0
54,HLA-B44:03,6082.11,ANZ78847,YVLDRVYLNTT,54,588.0
775,HLA-B44:03,6082.18,ANZ78847,TNFEPFTVNSV,775,589.0
774,HLA-B44:03,6082.19,ANZ78847,FTNFEPFTVNS,774,590.0
692,HLA-B44:03,6082.24,ANZ78847,HANSSEPALLF,692,591.0
267,HLA-B44:03,6082.27,ANZ78847,FTLEYWVTPLT,267,592.0
863,HLA-B44:03,6082.35,ANZ78847,TQLQVANSLMN,863,593.0
930,HLA-B44:03,6082.37,ANZ78847,VAAYNNCTGGA,930,594.0
832,HLA-B44:03,6082.39,ANZ78847,YAACKSQLVEY,832,595.0
503,HLA-B44:03,6082.53,ANZ78847,NSSLCVGSGPG,503,596.0
1217,HLA-B44:03,6082.7,ANZ78847,STCAVNYTKAP,1217,597.0
1053,HLA-B44:03,6082.74,ANZ78847,NLLQQLSNRFG,1053,598.0
1029,HLA-B44:03,6082.75,ANZ78847,GFDATNSALVK,1029,599.0
240,HLA-B44:03,6082.8,ANZ78847,LFNVYLGMALS,240,600.0
370,HLA-B44:03,6082.82,ANZ78847,NMSSLMSFIQA,370,601.0
23,HLA-B44:03,6082.85,ANZ78847,DSRTGSLNNID,23,602.0
1210,HLA-B44:03,6082.93,ANZ78847,ENNVVVMSTCA,1210,603.0
31,HLA-B44:03,6083.1,ANZ78847,NIDTGPPSIST,31,604.0
282,HLA-B44:03,6083.3,ANZ78847,LLAFNQDGIIF,282,605.0
739,HLA-B44:03,6083.38,ANZ78847,TAISVQTCDLT,739,606.0
442,HLA-B44:03,6083.49,ANZ78847,YNLPAANVSVS,442,607.0
281,HLA-B44:03,6083.53,ANZ78847,YLLAFNQDGII,281,608.0
165,HLA-B44:03,6083.55,ANZ78847,SVCQYNMCEYP,165,609.0
820,HLA-B44:03,6083.58,ANZ78847,VTIDCAAFVCG,820,610.0
1040,HLA-B44:03,6083.59,ANZ78847,IQAVVNANAEA,1040,611.0
763,HLA-B44:03,6083.69,ANZ78847,RSRRAITTGYR,763,612.0
288,HLA-B44:03,6083.72,ANZ78847,DGIIFNAVDCM,288,613.0
959,HLA-B44:03,6083.89,ANZ78847,PLLSENQISGY,959,614.0
593,HLA-B44:03,6083.93,ANZ78847,GDKCNIFANLI,593,615.0
994,HLA-B44:03,6083.94,ANZ78847,VQYRINGLGVT,994,616.0
1253,HLA-B44:03,6083.96,ANZ78847,TSVAPDLALDY,1253,617.0
1068,HLA-B44:03,6083.98,ANZ78847,SLQEILSRLDA,1068,618.0
230,HLA-B44:03,6083.99,ANZ78847,FTDTGVVTKFL,230,619.0
1221,HLA-B44:03,6084.11,ANZ78847,VNYTKAPYVML,1221,620.0
420,HLA-B44:03,6084.16,ANZ78847,NLGYLQSFNYR,420,621.0
1022,HLA-B44:03,6084.24,ANZ78847,ALDAIQEGFDA,1022,622.0
738,HLA-B44:03,6084.49,ANZ78847,STAISVQTCDL,738,623.0
427,HLA-B44:03,6084.51,ANZ78847,FNYRIDTTATS,427,624.0
279,HLA-B44:03,6084.54,ANZ78847,RQYLLAFNQDG,279,625.0
966,HLA-B44:03,6084.6,ANZ78847,ISGYTLAATSA,966,626.0
735,HLA-B44:03,6084.62,ANZ78847,AYNSTAISVQT,735,627.0
813,HLA-B44:03,6084.67,ANZ78847,IQTSSPKVTID,813,628.0
920,HLA-B44:03,6084.88,ANZ78847,DKVKLSDVGFV,920,629.0
423,HLA-B44:03,6084.89,ANZ78847,YLQSFNYRIDT,423,630.0
552,HLA-B44:03,6085.04,ANZ78847,SLVGIGEHCSG,552,631.0
1021,HLA-B44:03,6085.07,ANZ78847,NALDAIQEGFD,1021,632.0
823,HLA-B44:03,6085.23,ANZ78847,DCAAFVCGDYA,823,633.0
1087,HLA-B44:03,6085.43,ANZ78847,RLINGRLTALN,1087,634.0
479,HLA-B44:03,6085.54,ANZ78847,LTNHDVVYAQH,479,635.0
372,HLA-B44:03,6085.67,ANZ78847,SSLMSFIQADS,372,636.0
798,HLA-B44:03,6085.67,ANZ78847,IQIPSDFTIGN,798,636.0
219,HLA-B44:03,6085.69,ANZ78847,FYQEGGTFYAY,219,638.0
59,HLA-B44:03,6085.8,ANZ78847,VYLNTTLFLNG,59,639.0
1126,HLA-B44:03,6085.83,ANZ78847,KSQSSRINFCG,1126,640.0
968,HLA-B44:03,6086.01,ANZ78847,GYTLAATSASL,968,641.0
639,HLA-B44:03,6086.05,ANZ78847,GQGIFVEVNAT,639,642.0
508,HLA-B44:03,6086.06,ANZ78847,VGSGPGKNNGI,508,643.0
748,HLA-B44:03,6086.1,ANZ78847,LTVGSGYCVDY,748,644.0
218,HLA-B44:03,6086.13,ANZ78847,HFYQEGGTFYA,218,645.0
744,HLA-B44:03,6086.16,ANZ78847,QTCDLTVGSGY,744,646.0
1156,HLA-B44:03,6086.16,ANZ78847,HFSYVPTKYVT,1156,646.0
1008,HLA-B44:03,6086.19,ANZ78847,LSQNQKLIANA,1008,648.0
921,HLA-B44:03,6086.29,ANZ78847,KVKLSDVGFVA,921,649.0
583,HLA-B44:03,6086.41,ANZ78847,LGWSADSCLQG,583,650.0
223,HLA-B44:03,6086.58,ANZ78847,GGTFYAYFTDT,223,651.0
1295,HLA-B44:03,6086.75,ANZ78847,IGTYEYYVKWP,1295,652.0
602,HLA-B44:03,6086.93,ANZ78847,LILHDVNSGLT,602,653.0
892,HLA-B44:03,6086.97,ANZ78847,INFSSVLGCLG,892,654.0
1229,HLA-B44:03,6086.97,ANZ78847,VMLNTSIPNLP,1229,654.0
518,HLA-B44:03,6087.0,ANZ78847,IGTCPAGTNYL,518,656.0
756,HLA-B44:03,6087.06,ANZ78847,VDYSKNRRSRR,756,657.0
435,HLA-B44:03,6087.1,ANZ78847,ATSCQLYYNLP,435,658.0
446,HLA-B44:03,6087.12,ANZ78847,AANVSVSRFNP,446,659.0
691,HLA-B44:03,6087.27,ANZ78847,FHANSSEPALL,691,660.0
1249,HLA-B44:03,6087.34,ANZ78847,FKNQTSVAPDL,1249,661.0
693,HLA-B44:03,6087.35,ANZ78847,ANSSEPALLFR,693,662.0
1062,HLA-B44:03,6087.37,ANZ78847,FGAISSSLQEI,1062,663.0
1204,HLA-B44:03,6087.37,ANZ78847,YPEPITENNVV,1204,663.0
1069,HLA-B44:03,6087.39,ANZ78847,LQEILSRLDAL,1069,665.0
970,HLA-B44:03,6087.46,ANZ78847,TLAATSASLFP,970,666.0
1038,HLA-B44:03,6087.47,ANZ78847,VKIQAVVNANA,1038,667.0
514,HLA-B44:03,6087.64,ANZ78847,KNNGIGTCPAG,514,668.0
122,HLA-B44:03,6087.68,ANZ78847,YSEFPAITIGS,122,669.0
650,HLA-B44:03,6087.71,ANZ78847,YYNSWQNLLYD,650,670.0
1089,HLA-B44:03,6087.79,ANZ78847,INGRLTALNAY,1089,671.0
289,HLA-B44:03,6087.82,ANZ78847,GIIFNAVDCMS,289,672.0
819,HLA-B44:03,6087.83,ANZ78847,KVTIDCAAFVC,819,673.0
631,HLA-B44:03,6087.9,ANZ78847,NYDLYGISGQG,631,674.0
1267,HLA-B44:03,6087.91,ANZ78847,TFLDLQVEMNR,1267,675.0
670,HLA-B44:03,6087.97,ANZ78847,DYLTNRTFMIR,670,676.0
577,HLA-B44:03,6088.12,ANZ78847,CQPQAFLGWSA,577,677.0
444,HLA-B44:03,6088.19,ANZ78847,LPAANVSVSRF,444,678.0
538,HLA-B44:03,6088.21,ANZ78847,PITFTGPYKCP,538,679.0
152,HLA-B44:03,6088.23,ANZ78847,QDGVNKLQGLL,152,680.0
150,HLA-B44:03,6088.24,ANZ78847,STQDGVNKLQG,150,681.0
422,HLA-B44:03,6088.37,ANZ78847,GYLQSFNYRID,422,682.0
247,HLA-B44:03,6088.39,ANZ78847,MALSHYYVMPL,247,683.0
923,HLA-B44:03,6088.4,ANZ78847,KLSDVGFVAAY,923,684.0
976,HLA-B44:03,6088.49,ANZ78847,ASLFPPWTAAA,976,685.0
1043,HLA-B44:03,6088.49,ANZ78847,VVNANAEALNN,1043,685.0
977,HLA-B44:03,6088.5,ANZ78847,SLFPPWTAAAG,977,687.0
257,HLA-B44:03,6088.58,ANZ78847,LTCISRRNIGF,257,688.0
326,HLA-B44:03,6088.59,ANZ78847,VQPIADVYRRK,326,689.0
614,HLA-B44:03,6088.62,ANZ78847,STDLQKANTDI,614,690.0
1077,HLA-B44:03,6088.62,ANZ78847,DALEAEAQIDR,1077,690.0
443,HLA-B44:03,6088.76,ANZ78847,NLPAANVSVSR,443,692.0
452,HLA-B44:03,6088.82,ANZ78847,SRFNPSTWNKR,452,693.0
1286,HLA-B44:03,6088.82,ANZ78847,NQSYINLKDIG,1286,693.0
30,HLA-B44:03,6088.87,ANZ78847,NNIDTGPPSIS,30,695.0
564,HLA-B44:03,6088.94,ANZ78847,AVKSDYCGGNP,564,696.0
1208,HLA-B44:03,6089.01,ANZ78847,ITENNVVVMST,1208,697.0
1140,HLA-B44:03,6089.11,ANZ78847,HIISLVQNAPY,1140,698.0
1325,HLA-B44:03,6089.13,ANZ78847,FICCCTGCGTS,1325,699.0
168,HLA-B44:03,6089.2,ANZ78847,QYNMCEYPHTI,168,700.0
869,HLA-B44:03,6089.3,ANZ78847,NSLMNGVTLST,869,701.0
191,HLA-B44:03,6089.35,ANZ78847,WHMDTGVVSCL,191,702.0
1301,HLA-B44:03,6089.39,ANZ78847,YVKWPWYVWLL,1301,703.0
424,HLA-B44:03,6089.42,ANZ78847,LQSFNYRIDTT,424,704.0
838,HLA-B44:03,6089.43,ANZ78847,QLVEYGSFCDN,838,705.0
629,HLA-B44:03,6089.48,ANZ78847,CVNYDLYGISG,629,706.0
160,HLA-B44:03,6089.49,ANZ78847,GLLEVSVCQYN,160,707.0
51,HLA-B44:03,6089.51,ANZ78847,GTYYVLDRVYL,51,708.0
338,HLA-B44:03,6089.56,ANZ78847,DLPNCNIEAWL,338,709.0
1343,HLA-B44:03,6089.63,ANZ78847,CCDDYTGYQEL,1343,710.0
638,HLA-B44:03,6089.68,ANZ78847,SGQGIFVEVNA,638,711.0
307,HLA-B44:03,6089.71,ANZ78847,CKTQSIAPPTG,307,712.0
673,HLA-B44:03,6089.74,ANZ78847,TNRTFMIRSCY,673,713.0
717,HLA-B44:03,6089.77,ANZ78847,RQLQPINYFDS,717,714.0
637,HLA-B44:03,6089.81,ANZ78847,ISGQGIFVEVN,637,715.0
956,HLA-B44:03,6089.82,ANZ78847,VLPPLLSENQI,956,716.0
454,HLA-B44:03,6090.0,ANZ78847,FNPSTWNKRFG,454,717.0
1223,HLA-B44:03,6090.01,ANZ78847,YTKAPYVMLNT,1223,718.0
781,HLA-B44:03,6090.41,ANZ78847,TVNSVNDSLEP,781,719.0
1337,HLA-B44:03,6090.43,ANZ78847,FKKCGGCCDDY,1337,720.0
140,HLA-B44:03,6090.45,ANZ78847,SVVVQPRTINS,140,721.0
1233,HLA-B44:03,6090.46,ANZ78847,TSIPNLPDFRE,1233,722.0
472,HLA-B44:03,6090.48,ANZ78847,KPQPAGVLTNH,472,723.0
489,HLA-B44:03,6090.55,ANZ78847,HCFKAPKNFCP,489,724.0
1018,HLA-B44:03,6090.59,ANZ78847,AFNNALDAIQE,1018,725.0
217,HLA-B44:03,6090.72,ANZ78847,FHFYQEGGTFY,217,726.0
41,HLA-B44:03,6090.74,ANZ78847,TATVDVTNGLG,41,727.0
936,HLA-B44:03,6090.77,ANZ78847,CTGGAEIRDLI,936,728.0
544,HLA-B44:03,6090.78,ANZ78847,PYKCPQSKSLV,544,729.0
22,HLA-B44:03,6090.8,ANZ78847,LDSRTGSLNNI,22,730.0
287,HLA-B44:03,6090.83,ANZ78847,QDGIIFNAVDC,287,731.0
714,HLA-B44:03,6090.85,ANZ78847,SLTRQLQPINY,714,732.0
273,HLA-B44:03,6090.88,ANZ78847,VTPLTSRQYLL,273,733.0
1033,HLA-B44:03,6090.97,ANZ78847,TNSALVKIQAV,1033,734.0
1012,HLA-B44:03,6091.11,ANZ78847,QKLIANAFNNA,1012,735.0
694,HLA-B44:03,6091.26,ANZ78847,NSSEPALLFRN,694,736.0
353,HLA-B44:03,6091.31,ANZ78847,VPSPLNWERKT,353,737.0
551,HLA-B44:03,6091.37,ANZ78847,KSLVGIGEHCS,551,738.0
687,HLA-B44:03,6091.38,ANZ78847,VSAAFHANSSE,687,739.0
690,HLA-B44:03,6091.44,ANZ78847,AFHANSSEPAL,690,740.0
1248,HLA-B44:03,6091.54,ANZ78847,WFKNQTSVAPD,1248,741.0
1176,HLA-B44:03,6091.6,ANZ78847,AGDRGIAPKSG,1176,742.0
391,HLA-B44:03,6091.66,ANZ78847,AKIYGMCFSSI,391,743.0
841,HLA-B44:03,6091.66,ANZ78847,EYGSFCDNINA,841,743.0
461,HLA-B44:03,6091.69,ANZ78847,KRFGFIEDSVF,461,745.0
780,HLA-B44:03,6091.78,ANZ78847,FTVNSVNDSLE,780,746.0
202,HLA-B44:03,6091.98,ANZ78847,YKRNFTYDVNA,202,747.0
519,HLA-B44:03,6092.03,ANZ78847,GTCPAGTNYLT,519,748.0
1061,HLA-B44:03,6092.03,ANZ78847,RFGAISSSLQE,1061,748.0
785,HLA-B44:03,6092.16,ANZ78847,VNDSLEPVGGL,785,750.0
255,HLA-B44:03,6092.25,ANZ78847,MPLTCISRRNI,255,751.0
1347,HLA-B44:03,6092.26,ANZ78847,YTGYQELVIKT,1347,752.0
362,HLA-B44:03,6092.32,ANZ78847,KTFSNCNFNMS,362,753.0
1348,HLA-B44:03,6092.38,ANZ78847,TGYQELVIKTS,1348,754.0
979,HLA-B44:03,6092.54,ANZ78847,FPPWTAAAGVP,979,755.0
121,HLA-B44:03,6092.6,ANZ78847,MYSEFPAITIG,121,756.0
315,HLA-B44:03,6092.72,ANZ78847,PTGVYELNGYT,315,757.0
1342,HLA-B44:03,6092.72,ANZ78847,GCCDDYTGYQE,1342,757.0
1186,HLA-B44:03,6092.87,ANZ78847,GYFVNVNNTWM,1186,759.0
515,HLA-B44:03,6092.88,ANZ78847,NNGIGTCPAGT,515,760.0
137,HLA-B44:03,6092.9,ANZ78847,TSYSVVVQPRT,137,761.0
1163,HLA-B44:03,6093.05,ANZ78847,KYVTAKVSPGL,1163,762.0
703,HLA-B44:03,6093.11,ANZ78847,RNIKCNYVFNN,703,763.0
702,HLA-B44:03,6093.25,ANZ78847,FRNIKCNYVFN,702,764.0
543,HLA-B44:03,6093.31,ANZ78847,GPYKCPQSKSL,543,765.0
292,HLA-B44:03,6093.35,ANZ78847,FNAVDCMSDFM,292,766.0
896,HLA-B44:03,6093.47,ANZ78847,SVLGCLGSECS,896,767.0
811,HLA-B44:03,6093.48,ANZ78847,EFIQTSSPKVT,811,768.0
893,HLA-B44:03,6093.73,ANZ78847,NFSSVLGCLGS,893,769.0
758,HLA-B44:03,6093.74,ANZ78847,YSKNRRSRRAI,758,770.0
749,HLA-B44:03,6093.93,ANZ78847,TVGSGYCVDYS,749,771.0
274,HLA-B44:03,6093.95,ANZ78847,TPLTSRQYLLA,274,772.0
1084,HLA-B44:03,6094.04,ANZ78847,QIDRLINGRLT,1084,773.0
1317,HLA-B44:03,6094.6,ANZ78847,VAMLVLLFFIC,1317,774.0
272,HLA-B44:03,6094.61,ANZ78847,WVTPLTSRQYL,272,775.0
924,HLA-B44:03,6094.64,ANZ78847,LSDVGFVAAYN,924,776.0
516,HLA-B44:03,6094.73,ANZ78847,NGIGTCPAGTN,516,777.0
128,HLA-B44:03,6094.75,ANZ78847,ITIGSTFVNTS,128,778.0
136,HLA-B44:03,6094.96,ANZ78847,NTSYSVVVQPR,136,779.0
268,HLA-B44:03,6095.08,ANZ78847,TLEYWVTPLTS,268,780.0
903,HLA-B44:03,6095.09,ANZ78847,SECSKASSRSA,903,781.0
166,HLA-B44:03,6095.12,ANZ78847,VCQYNMCEYPH,166,782.0
318,HLA-B44:03,6095.17,ANZ78847,VYELNGYTVQP,318,783.0
302,HLA-B44:03,6095.18,ANZ78847,MSEIKCKTQSI,302,784.0
705,HLA-B44:03,6095.24,ANZ78847,IKCNYVFNNSL,705,785.0
1236,HLA-B44:03,6095.29,ANZ78847,PNLPDFREELD,1236,786.0
412,HLA-B44:03,6095.31,ANZ78847,RKVDLQLGNLG,412,787.0
312,HLA-B44:03,6095.36,ANZ78847,IAPPTGVYELN,312,788.0
400,HLA-B44:03,6095.37,ANZ78847,SITIDKFAIPN,400,789.0
975,HLA-B44:03,6095.45,ANZ78847,SASLFPPWTAA,975,790.0
1071,HLA-B44:03,6095.48,ANZ78847,EILSRLDALEA,1071,791.0
1303,HLA-B44:03,6095.5,ANZ78847,KWPWYVWLLIC,1303,792.0
1049,HLA-B44:03,6095.54,ANZ78847,EALNNLLQQLS,1049,793.0
521,HLA-B44:03,6095.64,ANZ78847,CPAGTNYLTCH,521,794.0
501,HLA-B44:03,6095.74,ANZ78847,KSNSSLCVGSG,501,795.0
1119,HLA-B44:03,6095.74,ANZ78847,EKVNECVKSQS,1119,795.0
1055,HLA-B44:03,6095.8,ANZ78847,LQQLSNRFGAI,1055,797.0
174,HLA-B44:03,6095.82,ANZ78847,YPHTICHPNLG,174,798.0
250,HLA-B44:03,6095.89,ANZ78847,SHYYVMPLTCI,250,799.0
1242,HLA-B44:03,6096.08,ANZ78847,REELDQWFKNQ,1242,800.0
1107,HLA-B44:03,6096.13,ANZ78847,STLVKFSAAQA,1107,801.0
861,HLA-B44:03,6096.2,ANZ78847,DTTQLQVANSL,861,802.0
732,HLA-B44:03,6096.21,ANZ78847,VVNAYNSTAIS,732,803.0
793,HLA-B44:03,6096.25,ANZ78847,GGLYEIQIPSD,793,804.0
171,HLA-B44:03,6096.26,ANZ78847,MCEYPHTICHP,171,805.0
179,HLA-B44:03,6096.33,ANZ78847,CHPNLGNHFKE,179,806.0
1275,HLA-B44:03,6096.34,ANZ78847,MNRLQEAIKVL,1275,807.0
935,HLA-B44:03,6096.35,ANZ78847,NCTGGAEIRDL,935,808.0
361,HLA-B44:03,6096.42,ANZ78847,RKTFSNCNFNM,361,809.0
569,HLA-B44:03,6096.42,ANZ78847,YCGGNPCTCQP,569,809.0
876,HLA-B44:03,6096.44,ANZ78847,TLSTKLKDGVN,876,811.0
1196,HLA-B44:03,6096.44,ANZ78847,MYTGSGYYYPE,1196,811.0
80,HLA-B44:03,6096.53,ANZ78847,NMALKGTDKLS,80,813.0
24,HLA-B44:03,6096.63,ANZ78847,SRTGSLNNIDT,24,814.0
943,HLA-B44:03,6096.68,ANZ78847,RDLICVQSYKG,943,815.0
889,HLA-B44:03,6096.73,ANZ78847,VDDINFSSVLG,889,816.0
481,HLA-B44:03,6096.77,ANZ78847,NHDVVYAQHCF,481,817.0
666,HLA-B44:03,6096.86,ANZ78847,YGFRDYLTNRT,666,818.0
256,HLA-B44:03,6096.91,ANZ78847,PLTCISRRNIG,256,819.0
498,HLA-B44:03,6097.01,ANZ78847,CPCKSNSSLCV,498,820.0
985,HLA-B44:03,6097.05,ANZ78847,AAGVPFYLNVQ,985,821.0
143,HLA-B44:03,6097.06,ANZ78847,VQPRTINSTQD,143,822.0
1246,HLA-B44:03,6097.1,ANZ78847,DQWFKNQTSVA,1246,823.0
654,HLA-B44:03,6097.17,ANZ78847,WQNLLYDSNGN,654,824.0
1323,HLA-B44:03,6097.19,ANZ78847,LFFICCCTGCG,1323,825.0
554,HLA-B44:03,6097.23,ANZ78847,VGIGEHCSGLA,554,826.0
278,HLA-B44:03,6097.29,ANZ78847,SRQYLLAFNQD,278,827.0
499,HLA-B44:03,6097.38,ANZ78847,PCKSNSSLCVG,499,828.0
908,HLA-B44:03,6097.45,ANZ78847,ASSRSAIEDLL,908,829.0
213,HLA-B44:03,6097.5,ANZ78847,TYLYFHFYQEG,213,830.0
1035,HLA-B44:03,6097.51,ANZ78847,SALVKIQAVVN,1035,831.0
265,HLA-B44:03,6097.54,ANZ78847,IGFTLEYWVTP,265,832.0
769,HLA-B44:03,6097.7,ANZ78847,TTGYRFTNFEP,769,833.0
180,HLA-B44:03,6097.74,ANZ78847,HPNLGNHFKEL,180,834.0
1019,HLA-B44:03,6097.76,ANZ78847,FNNALDAIQEG,1019,835.0
183,HLA-B44:03,6097.78,ANZ78847,LGNHFKELWHM,183,836.0
898,HLA-B44:03,6097.9,ANZ78847,LGCLGSECSKA,898,837.0
8,HLA-B44:03,6097.91,ANZ78847,LPTAFAVIGDL,8,838.0
1289,HLA-B44:03,6097.92,ANZ78847,YINLKDIGTYE,1289,839.0
324,HLA-B44:03,6097.99,ANZ78847,YTVQPIADVYR,324,840.0
1025,HLA-B44:03,6098.05,ANZ78847,AIQEGFDATNS,1025,841.0
28,HLA-B44:03,6098.1,ANZ78847,SLNNIDTGPPS,28,842.0
246,HLA-B44:03,6098.16,ANZ78847,GMALSHYYVMP,246,843.0
1108,HLA-B44:03,6098.31,ANZ78847,TLVKFSAAQAM,1108,844.0
1190,HLA-B44:03,6098.32,ANZ78847,NVNNTWMYTGS,1190,845.0
275,HLA-B44:03,6098.47,ANZ78847,PLTSRQYLLAF,275,846.0
398,HLA-B44:03,6098.65,ANZ78847,FSSITIDKFAI,398,847.0
886,HLA-B44:03,6098.67,ANZ78847,NFNVDDINFSS,886,848.0
665,HLA-B44:03,6098.69,ANZ78847,LYGFRDYLTNR,665,849.0
1304,HLA-B44:03,6098.7,ANZ78847,WPWYVWLLICL,1304,850.0
612,HLA-B44:03,6098.72,ANZ78847,TCSTDLQKANT,612,851.0
652,HLA-B44:03,6098.74,ANZ78847,NSWQNLLYDSN,652,852.0
894,HLA-B44:03,6098.77,ANZ78847,FSSVLGCLGSE,894,853.0
261,HLA-B44:03,6098.84,ANZ78847,SRRNIGFTLEY,261,854.0
1059,HLA-B44:03,6098.96,ANZ78847,SNRFGAISSSL,1059,855.0
1276,HLA-B44:03,6098.98,ANZ78847,NRLQEAIKVLN,1276,856.0
842,HLA-B44:03,6099.01,ANZ78847,YGSFCDNINAI,842,857.0
1165,HLA-B44:03,6099.03,ANZ78847,VTAKVSPGLCI,1165,858.0
1287,HLA-B44:03,6099.04,ANZ78847,QSYINLKDIGT,1287,859.0
21,HLA-B44:03,6099.06,ANZ78847,PLDSRTGSLNN,21,860.0
1109,HLA-B44:03,6099.08,ANZ78847,LVKFSAAQAME,1109,861.0
907,HLA-B44:03,6099.11,ANZ78847,KASSRSAIEDL,907,862.0
87,HLA-B44:03,6099.13,ANZ78847,DKLSTLWFKPP,87,863.0
950,HLA-B44:03,6099.15,ANZ78847,SYKGIKVLPPL,950,864.0
186,HLA-B44:03,6099.21,ANZ78847,HFKELWHMDTG,186,865.0
91,HLA-B44:03,6099.22,ANZ78847,TLWFKPPFLSD,91,866.0
39,HLA-B44:03,6099.23,ANZ78847,ISTATVDVTNG,39,867.0
646,HLA-B44:03,6099.28,ANZ78847,VNATYYNSWQN,646,868.0
737,HLA-B44:03,6099.32,ANZ78847,NSTAISVQTCD,737,869.0
753,HLA-B44:03,6099.42,ANZ78847,GYCVDYSKNRR,753,870.0
1113,HLA-B44:03,6099.57,ANZ78847,SAAQAMEKVNE,1113,871.0
607,HLA-B44:03,6099.6,ANZ78847,VNSGLTCSTDL,607,872.0
805,HLA-B44:03,6099.61,ANZ78847,TIGNMEEFIQT,805,873.0
314,HLA-B44:03,6099.71,ANZ78847,PPTGVYELNGY,314,874.0
563,HLA-B44:03,6099.72,ANZ78847,LAVKSDYCGGN,563,875.0
967,HLA-B44:03,6099.73,ANZ78847,SGYTLAATSAS,967,876.0
1199,HLA-B44:03,6099.73,ANZ78847,GSGYYYPEPIT,1199,876.0
98,HLA-B44:03,6099.74,ANZ78847,FLSDFINGIFA,98,878.0
1349,HLA-B44:03,6099.79,ANZ78847,GYQELVIKTSH,1349,879.0
53,HLA-B44:03,6099.86,ANZ78847,YYVLDRVYLNT,53,880.0
371,HLA-B44:03,6099.98,ANZ78847,MSSLMSFIQAD,371,881.0
447,HLA-B44:03,6100.08,ANZ78847,ANVSVSRFNPS,447,882.0
787,HLA-B44:03,6100.08,ANZ78847,DSLEPVGGLYE,787,882.0
520,HLA-B44:03,6100.1,ANZ78847,TCPAGTNYLTC,520,884.0
1318,HLA-B44:03,6100.12,ANZ78847,AMLVLLFFICC,1318,885.0
1173,HLA-B44:03,6100.18,ANZ78847,LCIAGDRGIAP,1173,886.0
862,HLA-B44:03,6100.27,ANZ78847,TTQLQVANSLM,862,887.0
844,HLA-B44:03,6100.42,ANZ78847,SFCDNINAILT,844,888.0
960,HLA-B44:03,6100.55,ANZ78847,LLSENQISGYT,960,889.0
429,HLA-B44:03,6100.69,ANZ78847,YRIDTTATSCQ,429,890.0
1011,HLA-B44:03,6100.74,ANZ78847,NQKLIANAFNN,1011,891.0
776,HLA-B44:03,6100.84,ANZ78847,NFEPFTVNSVN,776,892.0
103,HLA-B44:03,6100.91,ANZ78847,INGIFAKVKNT,103,893.0
1138,HLA-B44:03,6100.91,ANZ78847,GNHIISLVQNA,1138,893.0
1281,HLA-B44:03,6101.05,ANZ78847,AIKVLNQSYIN,1281,895.0
112,HLA-B44:03,6101.31,ANZ78847,NTKVFKDGVMY,112,896.0
142,HLA-B44:03,6101.35,ANZ78847,VVQPRTINSTQ,142,897.0
1235,HLA-B44:03,6101.35,ANZ78847,IPNLPDFREEL,1235,897.0
67,HLA-B44:03,6101.38,ANZ78847,LNGYYPTSGST,67,899.0
1270,HLA-B44:03,6101.47,ANZ78847,DLQVEMNRLQE,1270,900.0
685,HLA-B44:03,6101.54,ANZ78847,GRVSAAFHANS,685,901.0
932,HLA-B44:03,6101.62,ANZ78847,AYNNCTGGAEI,932,902.0
1231,HLA-B44:03,6101.84,ANZ78847,LNTSIPNLPDF,1231,903.0
734,HLA-B44:03,6101.88,ANZ78847,NAYNSTAISVQ,734,904.0
1050,HLA-B44:03,6101.9,ANZ78847,ALNNLLQQLSN,1050,905.0
1023,HLA-B44:03,6101.98,ANZ78847,LDAIQEGFDAT,1023,906.0
182,HLA-B44:03,6102.05,ANZ78847,NLGNHFKELWH,182,907.0
1057,HLA-B44:03,6102.09,ANZ78847,QLSNRFGAISS,1057,908.0
1232,HLA-B44:03,6102.19,ANZ78847,NTSIPNLPDFR,1232,909.0
633,HLA-B44:03,6102.27,ANZ78847,DLYGISGQGIF,633,910.0
799,HLA-B44:03,6102.29,ANZ78847,QIPSDFTIGNM,799,911.0
1082,HLA-B44:03,6102.32,ANZ78847,EAQIDRLINGR,1082,912.0
438,HLA-B44:03,6102.55,ANZ78847,CQLYYNLPAAN,438,913.0
941,HLA-B44:03,6102.57,ANZ78847,EIRDLICVQSY,941,914.0
365,HLA-B44:03,6102.61,ANZ78847,SNCNFNMSSLM,365,915.0
415,HLA-B44:03,6102.7,ANZ78847,DLQLGNLGYLQ,415,916.0
556,HLA-B44:03,6102.77,ANZ78847,IGEHCSGLAVK,556,917.0
32,HLA-B44:03,6102.8,ANZ78847,IDTGPPSISTA,32,918.0
1162,HLA-B44:03,6102.83,ANZ78847,TKYVTAKVSPG,1162,919.0
111,HLA-B44:03,6102.94,ANZ78847,KNTKVFKDGVM,111,920.0
336,HLA-B44:03,6102.95,ANZ78847,KPDLPNCNIEA,336,921.0
351,HLA-B44:03,6103.11,ANZ78847,KSVPSPLNWER,351,922.0
11,HLA-B44:03,6103.12,ANZ78847,AFAVIGDLKCP,11,923.0
1266,HLA-B44:03,6103.21,ANZ78847,VTFLDLQVEMN,1266,924.0
1234,HLA-B44:03,6103.31,ANZ78847,SIPNLPDFREE,1234,925.0
680,HLA-B44:03,6103.33,ANZ78847,RSCYSGRVSAA,680,926.0
426,HLA-B44:03,6103.36,ANZ78847,SFNYRIDTTAT,426,927.0
926,HLA-B44:03,6103.38,ANZ78847,DVGFVAAYNNC,926,928.0
1191,HLA-B44:03,6103.59,ANZ78847,VNNTWMYTGSG,1191,929.0
116,HLA-B44:03,6103.62,ANZ78847,FKDGVMYSEFP,116,930.0
513,HLA-B44:03,6104.06,ANZ78847,GKNNGIGTCPA,513,931.0
153,HLA-B44:03,6104.11,ANZ78847,DGVNKLQGLLE,153,932.0
380,HLA-B44:03,6104.18,ANZ78847,ADSFTCNNIDA,380,933.0
394,HLA-B44:03,6104.2,ANZ78847,YGMCFSSITID,394,934.0
958,HLA-B44:03,6104.32,ANZ78847,PPLLSENQISG,958,935.0
1255,HLA-B44:03,6104.36,ANZ78847,VAPDLALDYIN,1255,936.0
807,HLA-B44:03,6104.55,ANZ78847,GNMEEFIQTSS,807,937.0
37,HLA-B44:03,6104.56,ANZ78847,PSISTATVDVT,37,938.0
1202,HLA-B44:03,6104.57,ANZ78847,YYYPEPITENN,1202,939.0
376,HLA-B44:03,6104.62,ANZ78847,SFIQADSFTCN,376,940.0
1172,HLA-B44:03,6104.66,ANZ78847,GLCIAGDRGIA,1172,941.0
1331,HLA-B44:03,6104.8,ANZ78847,GCGTSCFKKCG,1331,942.0
617,HLA-B44:03,6104.95,ANZ78847,LQKANTDIKLG,617,943.0
1214,HLA-B44:03,6104.95,ANZ78847,VVMSTCAVNYT,1214,943.0
1338,HLA-B44:03,6104.96,ANZ78847,KKCGGCCDDYT,1338,945.0
1093,HLA-B44:03,6104.99,ANZ78847,LTALNAYVSQQ,1093,946.0
72,HLA-B44:03,6105.0,ANZ78847,PTSGSTYRNMA,72,947.0
1130,HLA-B44:03,6105.05,ANZ78847,SRINFCGNGNH,1130,948.0
392,HLA-B44:03,6105.3,ANZ78847,KIYGMCFSSIT,392,949.0
345,HLA-B44:03,6105.34,ANZ78847,EAWLNDKSVPS,345,950.0
1250,HLA-B44:03,6105.34,ANZ78847,KNQTSVAPDLA,1250,950.0
765,HLA-B44:03,6105.38,ANZ78847,RRAITTGYRFT,765,952.0
571,HLA-B44:03,6105.68,ANZ78847,GGNPCTCQPQA,571,953.0
258,HLA-B44:03,6105.7,ANZ78847,TCISRRNIGFT,258,954.0
321,HLA-B44:03,6105.72,ANZ78847,LNGYTVQPIAD,321,955.0
403,HLA-B44:03,6105.78,ANZ78847,IDKFAIPNGRK,403,956.0
995,HLA-B44:03,6105.79,ANZ78847,QYRINGLGVTM,995,957.0
573,HLA-B44:03,6105.83,ANZ78847,NPCTCQPQAFL,573,958.0
1133,HLA-B44:03,6105.92,ANZ78847,NFCGNGNHIIS,1133,959.0
485,HLA-B44:03,6106.01,ANZ78847,VYAQHCFKAPK,485,960.0
835,HLA-B44:03,6106.07,ANZ78847,CKSQLVEYGSF,835,961.0
760,HLA-B44:03,6106.12,ANZ78847,KNRRSRRAITT,760,962.0
576,HLA-B44:03,6106.16,ANZ78847,TCQPQAFLGWS,576,963.0
1174,HLA-B44:03,6106.17,ANZ78847,CIAGDRGIAPK,1174,964.0
471,HLA-B44:03,6106.27,ANZ78847,FKPQPAGVLTN,471,965.0
1265,HLA-B44:03,6106.33,ANZ78847,NVTFLDLQVEM,1265,966.0
697,HLA-B44:03,6106.4,ANZ78847,EPALLFRNIKC,697,967.0
621,HLA-B44:03,6106.49,ANZ78847,NTDIKLGVCVN,621,968.0
611,HLA-B44:03,6106.57,ANZ78847,LTCSTDLQKAN,611,969.0
48,HLA-B44:03,6106.62,ANZ78847,NGLGTYYVLDR,48,970.0
390,HLA-B44:03,6106.71,ANZ78847,AAKIYGMCFSS,390,971.0
1047,HLA-B44:03,6106.79,ANZ78847,NAEALNNLLQQ,1047,972.0
1097,HLA-B44:03,6106.8,ANZ78847,NAYVSQQLSDS,1097,973.0
19,HLA-B44:03,6106.84,ANZ78847,KCPLDSRTGSL,19,974.0
566,HLA-B44:03,6106.95,ANZ78847,KSDYCGGNPCT,566,975.0
574,HLA-B44:03,6107.15,ANZ78847,PCTCQPQAFLG,574,976.0
779,HLA-B44:03,6107.3,ANZ78847,PFTVNSVNDSL,779,977.0
1322,HLA-B44:03,6107.33,ANZ78847,LLFFICCCTGC,1322,978.0
260,HLA-B44:03,6107.35,ANZ78847,ISRRNIGFTLE,260,979.0
1104,HLA-B44:03,6107.36,ANZ78847,LSDSTLVKFSA,1104,980.0
297,HLA-B44:03,6107.48,ANZ78847,CMSDFMSEIKC,297,981.0
549,HLA-B44:03,6107.49,ANZ78847,QSKSLVGIGEH,549,982.0
532,HLA-B44:03,6107.6,ANZ78847,NLCNPDPITFT,532,983.0
277,HLA-B44:03,6107.71,ANZ78847,TSRQYLLAFNQ,277,984.0
18,HLA-B44:03,6107.76,ANZ78847,LKCPLDSRTGS,18,985.0
363,HLA-B44:03,6107.84,ANZ78847,TFSNCNFNMSS,363,986.0
528,HLA-B44:03,6107.94,ANZ78847,LTCHNLCNPDP,528,987.0
26,HLA-B44:03,6107.96,ANZ78847,TGSLNNIDTGP,26,988.0
1006,HLA-B44:03,6107.97,ANZ78847,DVLSQNQKLIA,1006,989.0
510,HLA-B44:03,6108.0,ANZ78847,SGPGKNNGIGT,510,990.0
69,HLA-B44:03,6108.26,ANZ78847,GYYPTSGSTYR,69,991.0
682,HLA-B44:03,6108.3,ANZ78847,CYSGRVSAAFH,682,992.0
310,HLA-B44:03,6108.33,ANZ78847,QSIAPPTGVYE,310,993.0
1283,HLA-B44:03,6108.64,ANZ78847,KVLNQSYINLK,1283,994.0
167,HLA-B44:03,6108.68,ANZ78847,CQYNMCEYPHT,167,995.0
899,HLA-B44:03,6108.73,ANZ78847,GCLGSECSKAS,899,996.0
95,HLA-B44:03,6108.75,ANZ78847,KPPFLSDFING,95,997.0
980,HLA-B44:03,6108.84,ANZ78847,PPWTAAAGVPF,980,998.0
578,HLA-B44:03,6108.98,ANZ78847,QPQAFLGWSAD,578,999.0
109,HLA-B44:03,6109.05,ANZ78847,KVKNTKVFKDG,109,1000.0
764,HLA-B44:03,6109.09,ANZ78847,SRRAITTGYRF,764,1001.0
668,HLA-B44:03,6109.11,ANZ78847,FRDYLTNRTFM,668,1002.0
1003,HLA-B44:03,6109.12,ANZ78847,VTMDVLSQNQK,1003,1003.0
712,HLA-B44:03,6109.13,ANZ78847,NNSLTRQLQPI,712,1004.0
320,HLA-B44:03,6109.16,ANZ78847,ELNGYTVQPIA,320,1005.0
628,HLA-B44:03,6109.18,ANZ78847,VCVNYDLYGIS,628,1006.0
381,HLA-B44:03,6109.19,ANZ78847,DSFTCNNIDAA,381,1007.0
1056,HLA-B44:03,6109.19,ANZ78847,QQLSNRFGAIS,1056,1007.0
1271,HLA-B44:03,6109.25,ANZ78847,LQVEMNRLQEA,1271,1009.0
411,HLA-B44:03,6109.26,ANZ78847,GRKVDLQLGNL,411,1010.0
1161,HLA-B44:03,6109.35,ANZ78847,PTKYVTAKVSP,1161,1011.0
1073,HLA-B44:03,6109.36,ANZ78847,LSRLDALEAEA,1073,1012.0
1335,HLA-B44:03,6109.47,ANZ78847,SCFKKCGGCCD,1335,1013.0
9,HLA-B44:03,6109.59,ANZ78847,PTAFAVIGDLK,9,1014.0
572,HLA-B44:03,6109.65,ANZ78847,GNPCTCQPQAF,572,1015.0
806,HLA-B44:03,6109.96,ANZ78847,IGNMEEFIQTS,806,1016.0
135,HLA-B44:03,6109.99,ANZ78847,VNTSYSVVVQP,135,1017.0
948,HLA-B44:03,6110.02,ANZ78847,VQSYKGIKVLP,948,1018.0
63,HLA-B44:03,6110.08,ANZ78847,TTLFLNGYYPT,63,1019.0
1169,HLA-B44:03,6110.13,ANZ78847,VSPGLCIAGDR,1169,1020.0
212,HLA-B44:03,6110.18,ANZ78847,ATYLYFHFYQE,212,1021.0
1127,HLA-B44:03,6110.32,ANZ78847,SQSSRINFCGN,1127,1022.0
496,HLA-B44:03,6110.38,ANZ78847,NFCPCKSNSSL,496,1023.0
1072,HLA-B44:03,6110.55,ANZ78847,ILSRLDALEAE,1072,1024.0
71,HLA-B44:03,6110.57,ANZ78847,YPTSGSTYRNM,71,1025.0
252,HLA-B44:03,6110.6,ANZ78847,YYVMPLTCISR,252,1026.0
276,HLA-B44:03,6110.6,ANZ78847,LTSRQYLLAFN,276,1026.0
58,HLA-B44:03,6110.78,ANZ78847,RVYLNTTLFLN,58,1028.0
870,HLA-B44:03,6110.79,ANZ78847,SLMNGVTLSTK,870,1029.0
745,HLA-B44:03,6110.83,ANZ78847,TCDLTVGSGYC,745,1030.0
491,HLA-B44:03,6110.87,ANZ78847,FKAPKNFCPCK,491,1031.0
526,HLA-B44:03,6110.89,ANZ78847,NYLTCHNLCNP,526,1032.0
1051,HLA-B44:03,6110.92,ANZ78847,LNNLLQQLSNR,1051,1033.0
890,HLA-B44:03,6111.04,ANZ78847,DDINFSSVLGC,890,1034.0
708,HLA-B44:03,6111.11,ANZ78847,NYVFNNSLTRQ,708,1035.0
816,HLA-B44:03,6111.11,ANZ78847,SSPKVTIDCAA,816,1035.0
134,HLA-B44:03,6111.24,ANZ78847,FVNTSYSVVVQ,134,1037.0
410,HLA-B44:03,6111.48,ANZ78847,NGRKVDLQLGN,410,1038.0
540,HLA-B44:03,6111.53,ANZ78847,TFTGPYKCPQS,540,1039.0
130,HLA-B44:03,6111.57,ANZ78847,IGSTFVNTSYS,130,1040.0
317,HLA-B44:03,6111.62,ANZ78847,GVYELNGYTVQ,317,1041.0
904,HLA-B44:03,6111.68,ANZ78847,ECSKASSRSAI,904,1042.0
1046,HLA-B44:03,6112.02,ANZ78847,ANAEALNNLLQ,1046,1043.0
81,HLA-B44:03,6112.11,ANZ78847,MALKGTDKLST,81,1044.0
768,HLA-B44:03,6112.35,ANZ78847,ITTGYRFTNFE,768,1045.0
951,HLA-B44:03,6112.35,ANZ78847,YKGIKVLPPLL,951,1045.0
755,HLA-B44:03,6112.42,ANZ78847,CVDYSKNRRSR,755,1047.0
96,HLA-B44:03,6112.44,ANZ78847,PPFLSDFINGI,96,1048.0
1215,HLA-B44:03,6112.52,ANZ78847,VMSTCAVNYTK,1215,1049.0
330,HLA-B44:03,6112.53,ANZ78847,ADVYRRKPDLP,330,1050.0
507,HLA-B44:03,6112.57,ANZ78847,CVGSGPGKNNG,507,1051.0
1136,HLA-B44:03,6112.61,ANZ78847,GNGNHIISLVQ,1136,1052.0
859,HLA-B44:03,6112.65,ANZ78847,LLDTTQLQVAN,859,1053.0
561,HLA-B44:03,6112.67,ANZ78847,SGLAVKSDYCG,561,1054.0
955,HLA-B44:03,6112.73,ANZ78847,KVLPPLLSENQ,955,1055.0
885,HLA-B44:03,6112.75,ANZ78847,VNFNVDDINFS,885,1056.0
409,HLA-B44:03,6112.94,ANZ78847,PNGRKVDLQLG,409,1057.0
89,HLA-B44:03,6112.98,ANZ78847,LSTLWFKPPFL,89,1058.0
374,HLA-B44:03,6113.0,ANZ78847,LMSFIQADSFT,374,1059.0
1170,HLA-B44:03,6113.03,ANZ78847,SPGLCIAGDRG,1170,1060.0
815,HLA-B44:03,6113.05,ANZ78847,TSSPKVTIDCA,815,1061.0
1305,HLA-B44:03,6113.05,ANZ78847,PWYVWLLICLA,1305,1061.0
90,HLA-B44:03,6113.14,ANZ78847,STLWFKPPFLS,90,1063.0
1247,HLA-B44:03,6113.15,ANZ78847,QWFKNQTSVAP,1247,1064.0
458,HLA-B44:03,6113.26,ANZ78847,TWNKRFGFIED,458,1065.0
792,HLA-B44:03,6113.27,ANZ78847,VGGLYEIQIPS,792,1066.0
1278,HLA-B44:03,6113.27,ANZ78847,LQEAIKVLNQS,1278,1066.0
729,HLA-B44:03,6113.33,ANZ78847,LGCVVNAYNST,729,1068.0
1010,HLA-B44:03,6113.37,ANZ78847,QNQKLIANAFN,1010,1069.0
1160,HLA-B44:03,6113.48,ANZ78847,VPTKYVTAKVS,1160,1070.0
117,HLA-B44:03,6113.54,ANZ78847,KDGVMYSEFPA,117,1071.0
1058,HLA-B44:03,6113.56,ANZ78847,LSNRFGAISSS,1058,1072.0
1064,HLA-B44:03,6113.59,ANZ78847,AISSSLQEILS,1064,1073.0
248,HLA-B44:03,6113.64,ANZ78847,ALSHYYVMPLT,248,1074.0
684,HLA-B44:03,6113.66,ANZ78847,SGRVSAAFHAN,684,1075.0
710,HLA-B44:03,6113.66,ANZ78847,VFNNSLTRQLQ,710,1075.0
679,HLA-B44:03,6113.73,ANZ78847,IRSCYSGRVSA,679,1077.0
704,HLA-B44:03,6113.73,ANZ78847,NIKCNYVFNNS,704,1077.0
860,HLA-B44:03,6113.9,ANZ78847,LDTTQLQVANS,860,1079.0
3,HLA-B44:03,6113.93,ANZ78847,ILLISLPTAFA,3,1080.0
762,HLA-B44:03,6113.99,ANZ78847,RRSRRAITTGY,762,1081.0
803,HLA-B44:03,6113.99,ANZ78847,DFTIGNMEEFI,803,1081.0
1065,HLA-B44:03,6114.01,ANZ78847,ISSSLQEILSR,1065,1083.0
1092,HLA-B44:03,6114.41,ANZ78847,RLTALNAYVSQ,1092,1084.0
868,HLA-B44:03,6114.59,ANZ78847,ANSLMNGVTLS,868,1085.0
742,HLA-B44:03,6114.63,ANZ78847,SVQTCDLTVGS,742,1086.0
1332,HLA-B44:03,6114.65,ANZ78847,CGTSCFKKCGG,1332,1087.0
304,HLA-B44:03,6114.68,ANZ78847,EIKCKTQSIAP,304,1088.0
368,HLA-B44:03,6114.69,ANZ78847,NFNMSSLMSFI,368,1089.0
382,HLA-B44:03,6114.8,ANZ78847,SFTCNNIDAAK,382,1090.0
590,HLA-B44:03,6114.85,ANZ78847,CLQGDKCNIFA,590,1091.0
33,HLA-B44:03,6114.9,ANZ78847,DTGPPSISTAT,33,1092.0
971,HLA-B44:03,6114.94,ANZ78847,LAATSASLFPP,971,1093.0
909,HLA-B44:03,6114.95,ANZ78847,SSRSAIEDLLF,909,1094.0
1166,HLA-B44:03,6115.01,ANZ78847,TAKVSPGLCIA,1166,1095.0
580,HLA-B44:03,6115.04,ANZ78847,QAFLGWSADSC,580,1096.0
1060,HLA-B44:03,6115.05,ANZ78847,NRFGAISSSLQ,1060,1097.0
689,HLA-B44:03,6115.31,ANZ78847,AAFHANSSEPA,689,1098.0
1153,HLA-B44:03,6115.4,ANZ78847,YFIHFSYVPTK,1153,1099.0
770,HLA-B44:03,6115.41,ANZ78847,TGYRFTNFEPF,770,1100.0
352,HLA-B44:03,6115.68,ANZ78847,SVPSPLNWERK,352,1101.0
605,HLA-B44:03,6115.86,ANZ78847,HDVNSGLTCST,605,1102.0
293,HLA-B44:03,6115.92,ANZ78847,NAVDCMSDFMS,293,1103.0
470,HLA-B44:03,6115.96,ANZ78847,VFKPQPAGVLT,470,1104.0
1129,HLA-B44:03,6116.0,ANZ78847,SSRINFCGNGN,1129,1105.0
291,HLA-B44:03,6116.07,ANZ78847,IFNAVDCMSDF,291,1106.0
74,HLA-B44:03,6116.28,ANZ78847,SGSTYRNMALK,74,1107.0
1262,HLA-B44:03,6116.28,ANZ78847,DYINVTFLDLQ,1262,1107.0
494,HLA-B44:03,6116.35,ANZ78847,PKNFCPCKSNS,494,1109.0
535,HLA-B44:03,6116.81,ANZ78847,NPDPITFTGPY,535,1110.0
579,HLA-B44:03,6116.9,ANZ78847,PQAFLGWSADS,579,1111.0
506,HLA-B44:03,6116.96,ANZ78847,LCVGSGPGKNN,506,1112.0
119,HLA-B44:03,6117.05,ANZ78847,GVMYSEFPAIT,119,1113.0
952,HLA-B44:03,6117.05,ANZ78847,KGIKVLPPLLS,952,1113.0
375,HLA-B44:03,6117.28,ANZ78847,MSFIQADSFTC,375,1115.0
752,HLA-B44:03,6117.35,ANZ78847,SGYCVDYSKNR,752,1116.0
448,HLA-B44:03,6117.44,ANZ78847,NVSVSRFNPST,448,1117.0
541,HLA-B44:03,6117.57,ANZ78847,FTGPYKCPQSK,541,1118.0
902,HLA-B44:03,6117.61,ANZ78847,GSECSKASSRS,902,1119.0
743,HLA-B44:03,6117.62,ANZ78847,VQTCDLTVGSG,743,1120.0
922,HLA-B44:03,6117.65,ANZ78847,VKLSDVGFVAA,922,1121.0
546,HLA-B44:03,6117.71,ANZ78847,KCPQSKSLVGI,546,1122.0
17,HLA-B44:03,6117.94,ANZ78847,DLKCPLDSRTG,17,1123.0
460,HLA-B44:03,6117.96,ANZ78847,NKRFGFIEDSV,460,1124.0
897,HLA-B44:03,6118.04,ANZ78847,VLGCLGSECSK,897,1125.0
173,HLA-B44:03,6118.06,ANZ78847,EYPHTICHPNL,173,1126.0
539,HLA-B44:03,6118.11,ANZ78847,ITFTGPYKCPQ,539,1127.0
203,HLA-B44:03,6118.27,ANZ78847,KRNFTYDVNAT,203,1128.0
399,HLA-B44:03,6118.36,ANZ78847,SSITIDKFAIP,399,1129.0
450,HLA-B44:03,6118.37,ANZ78847,SVSRFNPSTWN,450,1130.0
27,HLA-B44:03,6118.49,ANZ78847,GSLNNIDTGPP,27,1131.0
1329,HLA-B44:03,6118.6,ANZ78847,CTGCGTSCFKK,1329,1132.0
1120,HLA-B44:03,6118.71,ANZ78847,KVNECVKSQSS,1120,1133.0
178,HLA-B44:03,6118.73,ANZ78847,ICHPNLGNHFK,178,1134.0
1167,HLA-B44:03,6118.95,ANZ78847,AKVSPGLCIAG,1167,1135.0
1137,HLA-B44:03,6118.96,ANZ78847,NGNHIISLVQN,1137,1136.0
826,HLA-B44:03,6119.0,ANZ78847,AFVCGDYAACK,826,1137.0
270,HLA-B44:03,6119.08,ANZ78847,EYWVTPLTSRQ,270,1138.0
999,HLA-B44:03,6119.15,ANZ78847,NGLGVTMDVLS,999,1139.0
348,HLA-B44:03,6119.25,ANZ78847,LNDKSVPSPLN,348,1140.0
1182,HLA-B44:03,6119.36,ANZ78847,APKSGYFVNVN,1182,1141.0
534,HLA-B44:03,6119.41,ANZ78847,CNPDPITFTGP,534,1142.0
750,HLA-B44:03,6119.48,ANZ78847,VGSGYCVDYSK,750,1143.0
144,HLA-B44:03,6119.52,ANZ78847,QPRTINSTQDG,144,1144.0
52,HLA-B44:03,6119.53,ANZ78847,TYYVLDRVYLN,52,1145.0
522,HLA-B44:03,6119.62,ANZ78847,PAGTNYLTCHN,522,1146.0
15,HLA-B44:03,6119.63,ANZ78847,IGDLKCPLDSR,15,1147.0
451,HLA-B44:03,6119.96,ANZ78847,VSRFNPSTWNK,451,1148.0
1002,HLA-B44:03,6120.05,ANZ78847,GVTMDVLSQNQ,1002,1149.0
856,HLA-B44:03,6120.14,ANZ78847,VNELLDTTQLQ,856,1150.0
14,HLA-B44:03,6120.43,ANZ78847,VIGDLKCPLDS,14,1151.0
366,HLA-B44:03,6120.61,ANZ78847,NCNFNMSSLMS,366,1152.0
759,HLA-B44:03,6120.61,ANZ78847,SKNRRSRRAIT,759,1152.0
1330,HLA-B44:03,6120.75,ANZ78847,TGCGTSCFKKC,1330,1154.0
801,HLA-B44:03,6120.81,ANZ78847,PSDFTIGNMEE,801,1155.0
698,HLA-B44:03,6120.86,ANZ78847,PALLFRNIKCN,698,1156.0
504,HLA-B44:03,6120.87,ANZ78847,SSLCVGSGPGK,504,1157.0
630,HLA-B44:03,6120.89,ANZ78847,VNYDLYGISGQ,630,1158.0
1346,HLA-B44:03,6120.98,ANZ78847,DYTGYQELVIK,1346,1159.0
834,HLA-B44:03,6121.14,ANZ78847,ACKSQLVEYGS,834,1160.0
911,HLA-B44:03,6121.2,ANZ78847,RSAIEDLLFDK,911,1161.0
771,HLA-B44:03,6121.28,ANZ78847,GYRFTNFEPFT,771,1162.0
715,HLA-B44:03,6121.39,ANZ78847,LTRQLQPINYF,715,1163.0
1183,HLA-B44:03,6121.5,ANZ78847,PKSGYFVNVNN,1183,1164.0
456,HLA-B44:03,6121.56,ANZ78847,PSTWNKRFGFI,456,1165.0
828,HLA-B44:03,6121.64,ANZ78847,VCGDYAACKSQ,828,1166.0
228,HLA-B44:03,6121.72,ANZ78847,AYFTDTGVVTK,228,1167.0
512,HLA-B44:03,6122.03,ANZ78847,PGKNNGIGTCP,512,1168.0
1074,HLA-B44:03,6122.04,ANZ78847,SRLDALEAEAQ,1074,1169.0
139,HLA-B44:03,6122.16,ANZ78847,YSVVVQPRTIN,139,1170.0
99,HLA-B44:03,6122.22,ANZ78847,LSDFINGIFAK,99,1171.0
164,HLA-B44:03,6122.29,ANZ78847,VSVCQYNMCEY,164,1172.0
1017,HLA-B44:03,6122.39,ANZ78847,NAFNNALDAIQ,1017,1173.0
502,HLA-B44:03,6122.4,ANZ78847,SNSSLCVGSGP,502,1174.0
1207,HLA-B44:03,6122.57,ANZ78847,PITENNVVVMS,1207,1175.0
418,HLA-B44:03,6122.9,ANZ78847,LGNLGYLQSFN,418,1176.0
113,HLA-B44:03,6122.94,ANZ78847,TKVFKDGVMYS,113,1177.0
296,HLA-B44:03,6123.0,ANZ78847,DCMSDFMSEIK,296,1178.0
1306,HLA-B44:03,6123.3,ANZ78847,WYVWLLICLAG,1306,1179.0
480,HLA-B44:03,6123.49,ANZ78847,TNHDVVYAQHC,480,1180.0
973,HLA-B44:03,6123.56,ANZ78847,ATSASLFPPWT,973,1181.0
1110,HLA-B44:03,6123.6,ANZ78847,VKFSAAQAMEK,1110,1182.0
1277,HLA-B44:03,6123.8,ANZ78847,RLQEAIKVLNQ,1277,1183.0
407,HLA-B44:03,6123.81,ANZ78847,AIPNGRKVDLQ,407,1184.0
525,HLA-B44:03,6123.85,ANZ78847,TNYLTCHNLCN,525,1185.0
35,HLA-B44:03,6123.93,ANZ78847,GPPSISTATVD,35,1186.0
604,HLA-B44:03,6124.02,ANZ78847,LHDVNSGLTCS,604,1187.0
872,HLA-B44:03,6124.04,ANZ78847,MNGVTLSTKLK,872,1188.0
1240,HLA-B44:03,6124.13,ANZ78847,DFREELDQWFK,1240,1189.0
895,HLA-B44:03,6124.16,ANZ78847,SSVLGCLGSEC,895,1190.0
155,HLA-B44:03,6124.3,ANZ78847,VNKLQGLLEVS,155,1191.0
591,HLA-B44:03,6124.3,ANZ78847,LQGDKCNIFAN,591,1191.0
942,HLA-B44:03,6124.35,ANZ78847,IRDLICVQSYK,942,1193.0
147,HLA-B44:03,6124.46,ANZ78847,TINSTQDGVNK,147,1194.0
547,HLA-B44:03,6124.46,ANZ78847,CPQSKSLVGIG,547,1194.0
1103,HLA-B44:03,6124.6,ANZ78847,QLSDSTLVKFS,1103,1196.0
331,HLA-B44:03,6124.7,ANZ78847,DVYRRKPDLPN,331,1197.0
817,HLA-B44:03,6124.73,ANZ78847,SPKVTIDCAAF,817,1198.0
1341,HLA-B44:03,6125.06,ANZ78847,GGCCDDYTGYQ,1341,1199.0
445,HLA-B44:03,6125.09,ANZ78847,PAANVSVSRFN,445,1200.0
883,HLA-B44:03,6125.19,ANZ78847,DGVNFNVDDIN,883,1201.0
721,HLA-B44:03,6125.25,ANZ78847,PINYFDSYLGC,721,1202.0
608,HLA-B44:03,6125.4,ANZ78847,NSGLTCSTDLQ,608,1203.0
585,HLA-B44:03,6125.43,ANZ78847,WSADSCLQGDK,585,1204.0
1152,HLA-B44:03,6125.57,ANZ78847,LYFIHFSYVPT,1152,1205.0
953,HLA-B44:03,6125.6,ANZ78847,GIKVLPPLLSE,953,1206.0
1098,HLA-B44:03,6125.66,ANZ78847,AYVSQQLSDST,1098,1207.0
232,HLA-B44:03,6125.67,ANZ78847,DTGVVTKFLFN,232,1208.0
989,HLA-B44:03,6125.76,ANZ78847,PFYLNVQYRIN,989,1209.0
567,HLA-B44:03,6125.91,ANZ78847,SDYCGGNPCTC,567,1210.0
1198,HLA-B44:03,6126.57,ANZ78847,TGSGYYYPEPI,1198,1211.0
536,HLA-B44:03,6126.68,ANZ78847,PDPITFTGPYK,536,1212.0
674,HLA-B44:03,6126.71,ANZ78847,NRTFMIRSCYS,674,1213.0
524,HLA-B44:03,6126.78,ANZ78847,GTNYLTCHNLC,524,1214.0
568,HLA-B44:03,6126.92,ANZ78847,DYCGGNPCTCQ,568,1215.0
645,HLA-B44:03,6126.92,ANZ78847,EVNATYYNSWQ,645,1215.0
836,HLA-B44:03,6127.07,ANZ78847,KSQLVEYGSFC,836,1217.0
149,HLA-B44:03,6127.1,ANZ78847,NSTQDGVNKLQ,149,1218.0
804,HLA-B44:03,6127.17,ANZ78847,FTIGNMEEFIQ,804,1219.0
906,HLA-B44:03,6127.18,ANZ78847,SKASSRSAIED,906,1220.0
548,HLA-B44:03,6127.35,ANZ78847,PQSKSLVGIGE,548,1221.0
163,HLA-B44:03,6127.58,ANZ78847,EVSVCQYNMCE,163,1222.0
387,HLA-B44:03,6127.59,ANZ78847,NIDAAKIYGMC,387,1223.0
193,HLA-B44:03,6127.64,ANZ78847,MDTGVVSCLYK,193,1224.0
1222,HLA-B44:03,6127.9,ANZ78847,NYTKAPYVMLN,1222,1225.0
1224,HLA-B44:03,6127.93,ANZ78847,TKAPYVMLNTS,1224,1226.0
94,HLA-B44:03,6127.95,ANZ78847,FKPPFLSDFIN,94,1227.0
467,HLA-B44:03,6128.28,ANZ78847,EDSVFKPQPAG,467,1228.0
939,HLA-B44:03,6128.3,ANZ78847,GAEIRDLICVQ,939,1229.0
493,HLA-B44:03,6128.42,ANZ78847,APKNFCPCKSN,493,1230.0
305,HLA-B44:03,6128.58,ANZ78847,IKCKTQSIAPP,305,1231.0
0,HLA-B44:03,6128.64,ANZ78847,MFLILLISLPT,0,1232.0
727,HLA-B44:03,6128.65,ANZ78847,SYLGCVVNAYN,727,1233.0
800,HLA-B44:03,6128.82,ANZ78847,IPSDFTIGNME,800,1234.0
115,HLA-B44:03,6128.98,ANZ78847,VFKDGVMYSEF,115,1235.0
355,HLA-B44:03,6129.0,ANZ78847,SPLNWERKTFS,355,1236.0
1336,HLA-B44:03,6129.2,ANZ78847,CFKKCGGCCDD,1336,1237.0
283,HLA-B44:03,6129.21,ANZ78847,LAFNQDGIIFN,283,1238.0
104,HLA-B44:03,6129.55,ANZ78847,NGIFAKVKNTK,104,1239.0
464,HLA-B44:03,6129.55,ANZ78847,GFIEDSVFKPQ,464,1239.0
78,HLA-B44:03,6129.56,ANZ78847,YRNMALKGTDK,78,1241.0
294,HLA-B44:03,6129.63,ANZ78847,AVDCMSDFMSE,294,1242.0
713,HLA-B44:03,6129.77,ANZ78847,NSLTRQLQPIN,713,1243.0
93,HLA-B44:03,6129.83,ANZ78847,WFKPPFLSDFI,93,1244.0
603,HLA-B44:03,6129.99,ANZ78847,ILHDVNSGLTC,603,1245.0
1139,HLA-B44:03,6130.36,ANZ78847,NHIISLVQNAP,1139,1246.0
653,HLA-B44:03,6130.41,ANZ78847,SWQNLLYDSNG,653,1247.0
298,HLA-B44:03,6130.62,ANZ78847,MSDFMSEIKCK,298,1248.0
114,HLA-B44:03,6130.64,ANZ78847,KVFKDGVMYSE,114,1249.0
1237,HLA-B44:03,6130.68,ANZ78847,NLPDFREELDQ,1237,1250.0
957,HLA-B44:03,6130.82,ANZ78847,LPPLLSENQIS,957,1251.0
1106,HLA-B44:03,6130.84,ANZ78847,DSTLVKFSAAQ,1106,1252.0
609,HLA-B44:03,6130.98,ANZ78847,SGLTCSTDLQK,609,1253.0
395,HLA-B44:03,6131.08,ANZ78847,GMCFSSITIDK,395,1254.0
141,HLA-B44:03,6131.21,ANZ78847,VVVQPRTINST,141,1255.0
582,HLA-B44:03,6131.23,ANZ78847,FLGWSADSCLQ,582,1256.0
306,HLA-B44:03,6131.36,ANZ78847,KCKTQSIAPPT,306,1257.0
560,HLA-B44:03,6131.41,ANZ78847,CSGLAVKSDYC,560,1258.0
795,HLA-B44:03,6131.92,ANZ78847,LYEIQIPSDFT,795,1259.0
478,HLA-B44:03,6132.21,ANZ78847,VLTNHDVVYAQ,478,1260.0
905,HLA-B44:03,6132.4,ANZ78847,CSKASSRSAIE,905,1261.0
1326,HLA-B44:03,6132.41,ANZ78847,ICCCTGCGTSC,1326,1262.0
16,HLA-B44:03,6132.54,ANZ78847,GDLKCPLDSRT,16,1263.0
550,HLA-B44:03,6132.83,ANZ78847,SKSLVGIGEHC,550,1264.0
334,HLA-B44:03,6132.88,ANZ78847,RRKPDLPNCNI,334,1265.0
300,HLA-B44:03,6132.98,ANZ78847,DFMSEIKCKTQ,300,1266.0
1007,HLA-B44:03,6133.0,ANZ78847,VLSQNQKLIAN,1007,1267.0
1001,HLA-B44:03,6133.38,ANZ78847,LGVTMDVLSQN,1001,1268.0
175,HLA-B44:03,6133.41,ANZ78847,PHTICHPNLGN,175,1269.0
761,HLA-B44:03,6133.62,ANZ78847,NRRSRRAITTG,761,1270.0
495,HLA-B44:03,6133.87,ANZ78847,KNFCPCKSNSS,495,1271.0
459,HLA-B44:03,6134.22,ANZ78847,WNKRFGFIEDS,459,1272.0
900,HLA-B44:03,6134.58,ANZ78847,CLGSECSKASS,900,1273.0
1333,HLA-B44:03,6134.9,ANZ78847,GTSCFKKCGGC,1333,1274.0
791,HLA-B44:03,6135.2,ANZ78847,PVGGLYEIQIP,791,1275.0
389,HLA-B44:03,6135.28,ANZ78847,DAAKIYGMCFS,389,1276.0
1269,HLA-B44:03,6135.68,ANZ78847,LDLQVEMNRLQ,1269,1277.0
949,HLA-B44:03,6135.71,ANZ78847,QSYKGIKVLPP,949,1278.0
1239,HLA-B44:03,6135.98,ANZ78847,PDFREELDQWF,1239,1279.0
1000,HLA-B44:03,6136.25,ANZ78847,GLGVTMDVLSQ,1000,1280.0
251,HLA-B44:03,6136.52,ANZ78847,HYYVMPLTCIS,251,1281.0
295,HLA-B44:03,6137.04,ANZ78847,VDCMSDFMSEI,295,1282.0
107,HLA-B44:03,6137.38,ANZ78847,FAKVKNTKVFK,107,1283.0
1201,HLA-B44:03,6137.58,ANZ78847,GYYYPEPITEN,1201,1284.0
190,HLA-B44:03,6138.01,ANZ78847,LWHMDTGVVSC,190,1285.0
530,HLA-B44:03,6138.02,ANZ78847,CHNLCNPDPIT,530,1286.0
1226,HLA-B44:03,6138.71,ANZ78847,APYVMLNTSIP,1226,1287.0
1037,HLA-B44:03,6139.09,ANZ78847,LVKIQAVVNAN,1037,1288.0
157,HLA-B44:03,6139.42,ANZ78847,KLQGLLEVSVC,157,1289.0
570,HLA-B44:03,6139.96,ANZ78847,CGGNPCTCQPQ,570,1290.0
1334,HLA-B44:03,6139.97,ANZ78847,TSCFKKCGGCC,1334,1291.0
1114,HLA-B44:03,6140.28,ANZ78847,AAQAMEKVNEC,1114,1292.0
85,HLA-B44:03,6140.85,ANZ78847,GTDKLSTLWFK,85,1293.0
201,HLA-B44:03,6141.42,ANZ78847,LYKRNFTYDVN,201,1294.0
1227,HLA-B44:03,6142.6,ANZ78847,PYVMLNTSIPN,1227,1295.0
587,HLA-B44:03,6142.78,ANZ78847,ADSCLQGDKCN,587,1296.0
1164,HLA-B44:03,6142.8,ANZ78847,YVTAKVSPGLC,1164,1297.0
340,HLA-B44:03,6142.86,ANZ78847,PNCNIEAWLND,340,1298.0
350,HLA-B44:03,6143.01,ANZ78847,DKSVPSPLNWE,350,1299.0
185,HLA-B44:03,6143.23,ANZ78847,NHFKELWHMDT,185,1300.0
360,HLA-B44:03,6143.54,ANZ78847,ERKTFSNCNFN,360,1301.0
500,HLA-B44:03,6143.99,ANZ78847,CKSNSSLCVGS,500,1302.0
335,HLA-B44:03,6144.64,ANZ78847,RKPDLPNCNIE,335,1303.0
778,HLA-B44:03,6144.68,ANZ78847,EPFTVNSVNDS,778,1304.0
1200,HLA-B44:03,6145.08,ANZ78847,SGYYYPEPITE,1200,1305.0
462,HLA-B44:03,6145.52,ANZ78847,RFGFIEDSVFK,462,1306.0
1105,HLA-B44:03,6146.25,ANZ78847,SDSTLVKFSAA,1105,1307.0
457,HLA-B44:03,6146.36,ANZ78847,STWNKRFGFIE,457,1308.0
954,HLA-B44:03,6147.16,ANZ78847,IKVLPPLLSEN,954,1309.0
789,HLA-B44:03,6147.49,ANZ78847,LEPVGGLYEIQ,789,1310.0
369,HLA-B44:03,6147.93,ANZ78847,FNMSSLMSFIQ,369,1311.0
672,HLA-B44:03,6148.1,ANZ78847,LTNRTFMIRSC,672,1312.0
158,HLA-B44:03,6148.44,ANZ78847,LQGLLEVSVCQ,158,1313.0
945,HLA-B44:03,6148.61,ANZ78847,LICVQSYKGIK,945,1314.0
901,HLA-B44:03,6149.03,ANZ78847,LGSECSKASSR,901,1315.0
197,HLA-B44:03,6149.07,ANZ78847,VVSCLYKRNFT,197,1316.0
397,HLA-B44:03,6149.14,ANZ78847,CFSSITIDKFA,397,1317.0
1123,HLA-B44:03,6149.81,ANZ78847,ECVKSQSSRIN,1123,1318.0
736,HLA-B44:03,6150.24,ANZ78847,YNSTAISVQTC,736,1319.0
20,HLA-B44:03,6150.27,ANZ78847,CPLDSRTGSLN,20,1320.0
1121,HLA-B44:03,6150.29,ANZ78847,VNECVKSQSSR,1121,1321.0
1031,HLA-B44:03,6150.6,ANZ78847,DATNSALVKIQ,1031,1322.0
1273,HLA-B44:03,6150.69,ANZ78847,VEMNRLQEAIK,1273,1323.0
356,HLA-B44:03,6151.22,ANZ78847,PLNWERKTFSN,356,1324.0
84,HLA-B44:03,6151.54,ANZ78847,KGTDKLSTLWF,84,1325.0
249,HLA-B44:03,6151.63,ANZ78847,LSHYYVMPLTC,249,1326.0
878,HLA-B44:03,6152.26,ANZ78847,STKLKDGVNFN,878,1327.0
1158,HLA-B44:03,6152.35,ANZ78847,SYVPTKYVTAK,1158,1328.0
358,HLA-B44:03,6152.7,ANZ78847,NWERKTFSNCN,358,1329.0
615,HLA-B44:03,6153.05,ANZ78847,TDLQKANTDIK,615,1330.0
169,HLA-B44:03,6153.23,ANZ78847,YNMCEYPHTIC,169,1331.0
333,HLA-B44:03,6153.62,ANZ78847,YRRKPDLPNCN,333,1332.0
1118,HLA-B44:03,6154.29,ANZ78847,MEKVNECVKSQ,1118,1333.0
1328,HLA-B44:03,6154.82,ANZ78847,CCTGCGTSCFK,1328,1334.0
600,HLA-B44:03,6157.46,ANZ78847,ANLILHDVNSG,600,1335.0
341,HLA-B44:03,6157.62,ANZ78847,NCNIEAWLNDK,341,1336.0
565,HLA-B44:03,6158.27,ANZ78847,VKSDYCGGNPC,565,1337.0
488,HLA-B44:03,6158.98,ANZ78847,QHCFKAPKNFC,488,1338.0
339,HLA-B44:03,6160.5,ANZ78847,LPNCNIEAWLN,339,1339.0
497,HLA-B44:03,6161.01,ANZ78847,FCPCKSNSSLC,497,1340.0
511,HLA-B44:03,6162.35,ANZ78847,GPGKNNGIGTC,511,1341.0
428,HLA-B44:03,6163.33,ANZ78847,NYRIDTTATSC,428,1342.0
490,HLA-B44:03,6164.35,ANZ78847,CFKAPKNFCPC,490,1343.0
332,HLA-B44:03,6165.04,ANZ78847,VYRRKPDLPNC,332,1344.0
482,HLA-B44:03,6165.34,ANZ78847,HDVVYAQHCFK,482,1345.0
1302,HLA-B44:03,6165.9,ANZ78847,VKWPWYVWLLI,1302,1346.0
357,HLA-B44:03,6167.19,ANZ78847,LNWERKTFSNC,357,1347.0
937,HLA-B44:03,6167.99,ANZ78847,TGGAEIRDLIC,937,1348.0
346,HLA-B44:03,6171.07,ANZ78847,AWLNDKSVPSP,346,1349.0
814,HLA-B44:03,6177.99,ANZ78847,QTSSPKVTIDC,814,1350.0
1125,HLA-B44:03,6189.49,ANZ78847,VKSQSSRINFC,1125,1351.0
809,HLA-B44:03,6198.58,ANZ78847,MEEFIQTSSPK,809,1352.0
206,HLA-B57:01,614.79,ANZ78847,FTYDVNATYLY,206,1.0
1296,HLA-B57:01,724.48,ANZ78847,GTYEYYVKWPW,1296,2.0
449,HLA-B57:01,930.19,ANZ78847,VSVSRFNPSTW,449,3.0
969,HLA-B57:01,2962.3,ANZ78847,YTLAATSASLF,969,4.0
972,HLA-B57:01,4928.85,ANZ78847,AATSASLFPPW,972,5.0
766,HLA-B57:01,5142.62,ANZ78847,RAITTGYRFTN,766,6.0
715,HLA-B57:01,5297.02,ANZ78847,LTRQLQPINYF,715,7.0
351,HLA-B57:01,5336.18,ANZ78847,KSVPSPLNWER,351,8.0
325,HLA-B57:01,5418.43,ANZ78847,TVQPIADVYRR,325,9.0
955,HLA-B57:01,5433.64,ANZ78847,KVLPPLLSENQ,955,10.0
1065,HLA-B57:01,5451.29,ANZ78847,ISSSLQEILSR,1065,11.0
877,HLA-B57:01,5459.81,ANZ78847,LSTKLKDGVNF,877,12.0
114,HLA-B57:01,5483.79,ANZ78847,KVFKDGVMYSE,114,13.0
253,HLA-B57:01,5485.32,ANZ78847,YVMPLTCISRR,253,14.0
1233,HLA-B57:01,5501.9,ANZ78847,TSIPNLPDFRE,1233,15.0
46,HLA-B57:01,5511.36,ANZ78847,VTNGLGTYYVL,46,16.0
128,HLA-B57:01,5550.79,ANZ78847,ITIGSTFVNTS,128,17.0
694,HLA-B57:01,5567.27,ANZ78847,NSSEPALLFRN,694,18.0
324,HLA-B57:01,5580.01,ANZ78847,YTVQPIADVYR,324,19.0
1003,HLA-B57:01,5591.38,ANZ78847,VTMDVLSQNQK,1003,20.0
1232,HLA-B57:01,5620.22,ANZ78847,NTSIPNLPDFR,1232,21.0
198,HLA-B57:01,5645.33,ANZ78847,VSCLYKRNFTY,198,22.0
832,HLA-B57:01,5662.27,ANZ78847,YAACKSQLVEY,832,23.0
1254,HLA-B57:01,5675.12,ANZ78847,SVAPDLALDYI,1254,24.0
843,HLA-B57:01,5690.8,ANZ78847,GSFCDNINAIL,843,25.0
923,HLA-B57:01,5695.72,ANZ78847,KLSDVGFVAAY,923,26.0
1157,HLA-B57:01,5701.43,ANZ78847,FSYVPTKYVTA,1157,27.0
425,HLA-B57:01,5703.5,ANZ78847,QSFNYRIDTTA,425,28.0
982,HLA-B57:01,5714.65,ANZ78847,WTAAAGVPFYL,982,29.0
1142,HLA-B57:01,5715.76,ANZ78847,ISLVQNAPYGL,1142,30.0
375,HLA-B57:01,5716.18,ANZ78847,MSFIQADSFTC,375,31.0
267,HLA-B57:01,5716.31,ANZ78847,FTLEYWVTPLT,267,32.0
435,HLA-B57:01,5722.32,ANZ78847,ATSCQLYYNLP,435,33.0
10,HLA-B57:01,5722.88,ANZ78847,TAFAVIGDLKC,10,34.0
42,HLA-B57:01,5728.71,ANZ78847,ATVDVTNGLGT,42,35.0
58,HLA-B57:01,5730.08,ANZ78847,RVYLNTTLFLN,58,36.0
479,HLA-B57:01,5732.47,ANZ78847,LTNHDVVYAQH,479,37.0
40,HLA-B57:01,5736.42,ANZ78847,STATVDVTNGL,40,38.0
1120,HLA-B57:01,5737.07,ANZ78847,KVNECVKSQSS,1120,39.0
446,HLA-B57:01,5746.38,ANZ78847,AANVSVSRFNP,446,40.0
519,HLA-B57:01,5749.21,ANZ78847,GTCPAGTNYLT,519,41.0
987,HLA-B57:01,5751.12,ANZ78847,GVPFYLNVQYR,987,42.0
867,HLA-B57:01,5753.73,ANZ78847,VANSLMNGVTL,867,43.0
1077,HLA-B57:01,5755.19,ANZ78847,DALEAEAQIDR,1077,44.0
48,HLA-B57:01,5759.06,ANZ78847,NGLGTYYVLDR,48,45.0
1067,HLA-B57:01,5767.48,ANZ78847,SSLQEILSRLD,1067,46.0
693,HLA-B57:01,5767.67,ANZ78847,ANSSEPALLFR,693,47.0
6,HLA-B57:01,5768.21,ANZ78847,ISLPTAFAVIG,6,48.0
1169,HLA-B57:01,5768.6,ANZ78847,VSPGLCIAGDR,1169,49.0
659,HLA-B57:01,5769.32,ANZ78847,YDSNGNLYGFR,659,50.0
1253,HLA-B57:01,5771.24,ANZ78847,TSVAPDLALDY,1253,51.0
69,HLA-B57:01,5773.71,ANZ78847,GYYPTSGSTYR,69,52.0
1197,HLA-B57:01,5781.21,ANZ78847,YTGSGYYYPEP,1197,53.0
311,HLA-B57:01,5781.42,ANZ78847,SIAPPTGVYEL,311,54.0
1168,HLA-B57:01,5782.16,ANZ78847,KVSPGLCIAGD,1168,55.0
142,HLA-B57:01,5782.58,ANZ78847,VVQPRTINSTQ,142,56.0
1293,HLA-B57:01,5783.49,ANZ78847,KDIGTYEYYVK,1293,57.0
1267,HLA-B57:01,5785.91,ANZ78847,TFLDLQVEMNR,1267,58.0
51,HLA-B57:01,5786.99,ANZ78847,GTYYVLDRVYL,51,59.0
1317,HLA-B57:01,5788.77,ANZ78847,VAMLVLLFFIC,1317,60.0
709,HLA-B57:01,5790.46,ANZ78847,YVFNNSLTRQL,709,61.0
670,HLA-B57:01,5792.02,ANZ78847,DYLTNRTFMIR,670,62.0
54,HLA-B57:01,5794.95,ANZ78847,YVLDRVYLNTT,54,63.0
1346,HLA-B57:01,5795.82,ANZ78847,DYTGYQELVIK,1346,64.0
146,HLA-B57:01,5796.71,ANZ78847,RTINSTQDGVN,146,65.0
665,HLA-B57:01,5798.05,ANZ78847,LYGFRDYLTNR,665,66.0
136,HLA-B57:01,5798.2,ANZ78847,NTSYSVVVQPR,136,67.0
1082,HLA-B57:01,5798.79,ANZ78847,EAQIDRLINGR,1082,68.0
402,HLA-B57:01,5799.95,ANZ78847,TIDKFAIPNGR,402,69.0
692,HLA-B57:01,5801.65,ANZ78847,HANSSEPALLF,692,70.0
1029,HLA-B57:01,5803.23,ANZ78847,GFDATNSALVK,1029,71.0
413,HLA-B57:01,5804.62,ANZ78847,KVDLQLGNLGY,413,72.0
1101,HLA-B57:01,5805.06,ANZ78847,SQQLSDSTLVK,1101,73.0
945,HLA-B57:01,5805.89,ANZ78847,LICVQSYKGIK,945,74.0
676,HLA-B57:01,5806.48,ANZ78847,TFMIRSCYSGR,676,75.0
688,HLA-B57:01,5807.33,ANZ78847,SAAFHANSSEP,688,76.0
933,HLA-B57:01,5808.62,ANZ78847,YNNCTGGAEIR,933,77.0
707,HLA-B57:01,5810.51,ANZ78847,CNYVFNNSLTR,707,78.0
615,HLA-B57:01,5811.45,ANZ78847,TDLQKANTDIK,615,79.0
420,HLA-B57:01,5812.39,ANZ78847,NLGYLQSFNYR,420,80.0
352,HLA-B57:01,5813.59,ANZ78847,SVPSPLNWERK,352,81.0
1223,HLA-B57:01,5814.05,ANZ78847,YTKAPYVMLNT,1223,82.0
1314,HLA-B57:01,5815.41,ANZ78847,LAGVAMLVLLF,1314,83.0
696,HLA-B57:01,5816.11,ANZ78847,SEPALLFRNIK,696,84.0
296,HLA-B57:01,5816.3,ANZ78847,DCMSDFMSEIK,296,85.0
763,HLA-B57:01,5817.03,ANZ78847,RSRRAITTGYR,763,86.0
1273,HLA-B57:01,5817.15,ANZ78847,VEMNRLQEAIK,1273,87.0
1240,HLA-B57:01,5818.31,ANZ78847,DFREELDQWFK,1240,88.0
1066,HLA-B57:01,5820.13,ANZ78847,SSSLQEILSRL,1066,89.0
913,HLA-B57:01,5820.33,ANZ78847,AIEDLLFDKVK,913,90.0
462,HLA-B57:01,5820.59,ANZ78847,RFGFIEDSVFK,462,91.0
901,HLA-B57:01,5821.51,ANZ78847,LGSECSKASSR,901,92.0
1051,HLA-B57:01,5824.65,ANZ78847,LNNLLQQLSNR,1051,93.0
909,HLA-B57:01,5825.28,ANZ78847,SSRSAIEDLLF,909,94.0
986,HLA-B57:01,5827.31,ANZ78847,AGVPFYLNVQY,986,95.0
1034,HLA-B57:01,5828.58,ANZ78847,NSALVKIQAVV,1034,96.0
619,HLA-B57:01,5829.95,ANZ78847,KANTDIKLGVC,619,97.0
752,HLA-B57:01,5830.03,ANZ78847,SGYCVDYSKNR,752,98.0
193,HLA-B57:01,5832.13,ANZ78847,MDTGVVSCLYK,193,99.0
283,HLA-B57:01,5832.43,ANZ78847,LAFNQDGIIFN,283,100.0
395,HLA-B57:01,5833.03,ANZ78847,GMCFSSITIDK,395,101.0
101,HLA-B57:01,5833.33,ANZ78847,DFINGIFAKVK,101,102.0
107,HLA-B57:01,5834.12,ANZ78847,FAKVKNTKVFK,107,103.0
15,HLA-B57:01,5834.41,ANZ78847,IGDLKCPLDSR,15,104.0
536,HLA-B57:01,5835.07,ANZ78847,PDPITFTGPYK,536,105.0
433,HLA-B57:01,5839.05,ANZ78847,TTATSCQLYYN,433,106.0
78,HLA-B57:01,5839.71,ANZ78847,YRNMALKGTDK,78,107.0
252,HLA-B57:01,5839.89,ANZ78847,YYVMPLTCISR,252,108.0
196,HLA-B57:01,5840.24,ANZ78847,GVVSCLYKRNF,196,109.0
139,HLA-B57:01,5840.81,ANZ78847,YSVVVQPRTIN,139,110.0
1185,HLA-B57:01,5842.6,ANZ78847,SGYFVNVNNTW,1185,111.0
911,HLA-B57:01,5843.33,ANZ78847,RSAIEDLLFDK,911,112.0
1158,HLA-B57:01,5844.57,ANZ78847,SYVPTKYVTAK,1158,113.0
99,HLA-B57:01,5845.04,ANZ78847,LSDFINGIFAK,99,114.0
341,HLA-B57:01,5845.39,ANZ78847,NCNIEAWLNDK,341,115.0
984,HLA-B57:01,5845.43,ANZ78847,AAAGVPFYLNV,984,116.0
249,HLA-B57:01,5845.78,ANZ78847,LSHYYVMPLTC,249,117.0
641,HLA-B57:01,5846.25,ANZ78847,GIFVEVNATYY,641,118.0
1283,HLA-B57:01,5847.58,ANZ78847,KVLNQSYINLK,1283,119.0
921,HLA-B57:01,5848.28,ANZ78847,KVKLSDVGFVA,921,120.0
609,HLA-B57:01,5848.38,ANZ78847,SGLTCSTDLQK,609,121.0
228,HLA-B57:01,5848.62,ANZ78847,AYFTDTGVVTK,228,122.0
819,HLA-B57:01,5850.18,ANZ78847,KVTIDCAAFVC,819,123.0
875,HLA-B57:01,5851.35,ANZ78847,VTLSTKLKDGV,875,124.0
452,HLA-B57:01,5851.41,ANZ78847,SRFNPSTWNKR,452,125.0
983,HLA-B57:01,5851.69,ANZ78847,TAAAGVPFYLN,983,126.0
194,HLA-B57:01,5852.15,ANZ78847,DTGVVSCLYKR,194,127.0
1110,HLA-B57:01,5852.22,ANZ78847,VKFSAAQAMEK,1110,128.0
147,HLA-B57:01,5855.14,ANZ78847,TINSTQDGVNK,147,129.0
382,HLA-B57:01,5856.6,ANZ78847,SFTCNNIDAAK,382,130.0
132,HLA-B57:01,5859.83,ANZ78847,STFVNTSYSVV,132,131.0
450,HLA-B57:01,5860.27,ANZ78847,SVSRFNPSTWN,450,132.0
83,HLA-B57:01,5861.18,ANZ78847,LKGTDKLSTLW,83,133.0
451,HLA-B57:01,5861.2,ANZ78847,VSRFNPSTWNK,451,134.0
257,HLA-B57:01,5861.84,ANZ78847,LTCISRRNIGF,257,135.0
137,HLA-B57:01,5862.08,ANZ78847,TSYSVVVQPRT,137,136.0
756,HLA-B57:01,5862.21,ANZ78847,VDYSKNRRSRR,756,137.0
809,HLA-B57:01,5863.33,ANZ78847,MEEFIQTSSPK,809,138.0
748,HLA-B57:01,5863.77,ANZ78847,LTVGSGYCVDY,748,139.0
585,HLA-B57:01,5864.18,ANZ78847,WSADSCLQGDK,585,140.0
269,HLA-B57:01,5865.71,ANZ78847,LEYWVTPLTSR,269,141.0
1032,HLA-B57:01,5866.62,ANZ78847,ATNSALVKIQA,1032,142.0
942,HLA-B57:01,5867.71,ANZ78847,IRDLICVQSYK,942,143.0
781,HLA-B57:01,5868.11,ANZ78847,TVNSVNDSLEP,781,144.0
463,HLA-B57:01,5868.13,ANZ78847,FGFIEDSVFKP,463,145.0
178,HLA-B57:01,5868.2,ANZ78847,ICHPNLGNHFK,178,146.0
398,HLA-B57:01,5869.23,ANZ78847,FSSITIDKFAI,398,147.0
298,HLA-B57:01,5871.84,ANZ78847,MSDFMSEIKCK,298,148.0
403,HLA-B57:01,5872.17,ANZ78847,IDKFAIPNGRK,403,149.0
482,HLA-B57:01,5872.45,ANZ78847,HDVVYAQHCFK,482,150.0
974,HLA-B57:01,5872.5,ANZ78847,TSASLFPPWTA,974,151.0
1116,HLA-B57:01,5872.67,ANZ78847,QAMEKVNECVK,1116,152.0
753,HLA-B57:01,5873.18,ANZ78847,GYCVDYSKNRR,753,153.0
1121,HLA-B57:01,5873.22,ANZ78847,VNECVKSQSSR,1121,154.0
750,HLA-B57:01,5873.28,ANZ78847,VGSGYCVDYSK,750,155.0
485,HLA-B57:01,5873.46,ANZ78847,VYAQHCFKAPK,485,156.0
804,HLA-B57:01,5873.61,ANZ78847,FTIGNMEEFIQ,804,157.0
1252,HLA-B57:01,5874.26,ANZ78847,QTSVAPDLALD,1252,158.0
362,HLA-B57:01,5874.34,ANZ78847,KTFSNCNFNMS,362,159.0
62,HLA-B57:01,5875.34,ANZ78847,NTTLFLNGYYP,62,160.0
870,HLA-B57:01,5876.02,ANZ78847,SLMNGVTLSTK,870,161.0
755,HLA-B57:01,5877.07,ANZ78847,CVDYSKNRRSR,755,162.0
9,HLA-B57:01,5877.24,ANZ78847,PTAFAVIGDLK,9,163.0
399,HLA-B57:01,5877.61,ANZ78847,SSITIDKFAIP,399,164.0
181,HLA-B57:01,5879.48,ANZ78847,PNLGNHFKELW,181,165.0
1294,HLA-B57:01,5880.41,ANZ78847,DIGTYEYYVKW,1294,166.0
326,HLA-B57:01,5880.58,ANZ78847,VQPIADVYRRK,326,167.0
1174,HLA-B57:01,5881.01,ANZ78847,CIAGDRGIAPK,1174,168.0
780,HLA-B57:01,5882.1,ANZ78847,FTVNSVNDSLE,780,169.0
1329,HLA-B57:01,5882.44,ANZ78847,CTGCGTSCFKK,1329,170.0
76,HLA-B57:01,5882.88,ANZ78847,STYRNMALKGT,76,171.0
826,HLA-B57:01,5882.96,ANZ78847,AFVCGDYAACK,826,172.0
556,HLA-B57:01,5883.89,ANZ78847,IGEHCSGLAVK,556,173.0
1215,HLA-B57:01,5884.16,ANZ78847,VMSTCAVNYTK,1215,174.0
976,HLA-B57:01,5884.2,ANZ78847,ASLFPPWTAAA,976,175.0
74,HLA-B57:01,5884.55,ANZ78847,SGSTYRNMALK,74,176.0
1153,HLA-B57:01,5884.97,ANZ78847,YFIHFSYVPTK,1153,177.0
85,HLA-B57:01,5888.04,ANZ78847,GTDKLSTLWFK,85,178.0
308,HLA-B57:01,5888.16,ANZ78847,KTQSIAPPTGV,308,179.0
491,HLA-B57:01,5888.4,ANZ78847,FKAPKNFCPCK,491,180.0
774,HLA-B57:01,5889.14,ANZ78847,FTNFEPFTVNS,774,181.0
312,HLA-B57:01,5891.92,ANZ78847,IAPPTGVYELN,312,182.0
1058,HLA-B57:01,5892.45,ANZ78847,LSNRFGAISSS,1058,183.0
504,HLA-B57:01,5893.35,ANZ78847,SSLCVGSGPGK,504,184.0
1328,HLA-B57:01,5893.61,ANZ78847,CCTGCGTSCFK,1328,185.0
897,HLA-B57:01,5893.73,ANZ78847,VLGCLGSECSK,897,186.0
551,HLA-B57:01,5894.14,ANZ78847,KSLVGIGEHCS,551,187.0
265,HLA-B57:01,5896.26,ANZ78847,IGFTLEYWVTP,265,188.0
1104,HLA-B57:01,5896.36,ANZ78847,LSDSTLVKFSA,1104,189.0
648,HLA-B57:01,5896.77,ANZ78847,ATYYNSWQNLL,648,190.0
1180,HLA-B57:01,5897.37,ANZ78847,GIAPKSGYFVN,1180,191.0
1217,HLA-B57:01,5897.69,ANZ78847,STCAVNYTKAP,1217,192.0
880,HLA-B57:01,5899.78,ANZ78847,KLKDGVNFNVD,880,193.0
104,HLA-B57:01,5901.14,ANZ78847,NGIFAKVKNTK,104,194.0
767,HLA-B57:01,5902.1,ANZ78847,AITTGYRFTNF,767,195.0
443,HLA-B57:01,5902.43,ANZ78847,NLPAANVSVSR,443,196.0
687,HLA-B57:01,5904.37,ANZ78847,VSAAFHANSSE,687,197.0
88,HLA-B57:01,5904.91,ANZ78847,KLSTLWFKPPF,88,198.0
260,HLA-B57:01,5906.68,ANZ78847,ISRRNIGFTLE,260,199.0
635,HLA-B57:01,5910.71,ANZ78847,YGISGQGIFVE,635,200.0
164,HLA-B57:01,5910.78,ANZ78847,VSVCQYNMCEY,164,201.0
1266,HLA-B57:01,5911.33,ANZ78847,VTFLDLQVEMN,1266,202.0
405,HLA-B57:01,5911.6,ANZ78847,KFAIPNGRKVD,405,203.0
672,HLA-B57:01,5911.98,ANZ78847,LTNRTFMIRSC,672,204.0
872,HLA-B57:01,5912.44,ANZ78847,MNGVTLSTKLK,872,205.0
1112,HLA-B57:01,5913.92,ANZ78847,FSAAQAMEKVN,1112,206.0
38,HLA-B57:01,5915.17,ANZ78847,SISTATVDVTN,38,207.0
406,HLA-B57:01,5916.69,ANZ78847,FAIPNGRKVDL,406,208.0
912,HLA-B57:01,5918.25,ANZ78847,SAIEDLLFDKV,912,209.0
683,HLA-B57:01,5923.21,ANZ78847,YSGRVSAAFHA,683,210.0
541,HLA-B57:01,5924.52,ANZ78847,FTGPYKCPQSK,541,211.0
229,HLA-B57:01,5925.15,ANZ78847,YFTDTGVVTKF,229,212.0
1144,HLA-B57:01,5926.77,ANZ78847,LVQNAPYGLYF,1144,213.0
1287,HLA-B57:01,5926.88,ANZ78847,QSYINLKDIGT,1287,214.0
961,HLA-B57:01,5930.87,ANZ78847,LSENQISGYTL,961,215.0
134,HLA-B57:01,5931.15,ANZ78847,FVNTSYSVVVQ,134,216.0
25,HLA-B57:01,5931.28,ANZ78847,RTGSLNNIDTG,25,217.0
971,HLA-B57:01,5931.6,ANZ78847,LAATSASLFPP,971,218.0
1156,HLA-B57:01,5931.76,ANZ78847,HFSYVPTKYVT,1156,219.0
234,HLA-B57:01,5932.73,ANZ78847,GVVTKFLFNVY,234,220.0
230,HLA-B57:01,5933.04,ANZ78847,FTDTGVVTKFL,230,221.0
644,HLA-B57:01,5933.88,ANZ78847,VEVNATYYNSW,644,222.0
392,HLA-B57:01,5934.72,ANZ78847,KIYGMCFSSIT,392,223.0
90,HLA-B57:01,5936.66,ANZ78847,STLWFKPPFLS,90,224.0
120,HLA-B57:01,5936.84,ANZ78847,VMYSEFPAITI,120,225.0
686,HLA-B57:01,5937.22,ANZ78847,RVSAAFHANSS,686,226.0
869,HLA-B57:01,5937.68,ANZ78847,NSLMNGVTLST,869,227.0
50,HLA-B57:01,5939.02,ANZ78847,LGTYYVLDRVY,50,228.0
1347,HLA-B57:01,5939.31,ANZ78847,YTGYQELVIKT,1347,229.0
484,HLA-B57:01,5940.0,ANZ78847,VVYAQHCFKAP,484,230.0
53,HLA-B57:01,5940.55,ANZ78847,YYVLDRVYLNT,53,231.0
262,HLA-B57:01,5940.99,ANZ78847,RRNIGFTLEYW,262,232.0
884,HLA-B57:01,5941.29,ANZ78847,GVNFNVDDINF,884,233.0
575,HLA-B57:01,5941.65,ANZ78847,CTCQPQAFLGW,575,234.0
1184,HLA-B57:01,5941.99,ANZ78847,KSGYFVNVNNT,1184,235.0
84,HLA-B57:01,5942.53,ANZ78847,KGTDKLSTLWF,84,236.0
264,HLA-B57:01,5943.27,ANZ78847,NIGFTLEYWVT,264,237.0
825,HLA-B57:01,5944.3,ANZ78847,AAFVCGDYAAC,825,238.0
730,HLA-B57:01,5944.36,ANZ78847,GCVVNAYNSTA,730,239.0
224,HLA-B57:01,5945.03,ANZ78847,GTFYAYFTDTG,224,240.0
1102,HLA-B57:01,5945.19,ANZ78847,QQLSDSTLVKF,1102,241.0
853,HLA-B57:01,5945.3,ANZ78847,LTEVNELLDTT,853,242.0
1238,HLA-B57:01,5945.38,ANZ78847,LPDFREELDQW,1238,243.0
866,HLA-B57:01,5945.92,ANZ78847,QVANSLMNGVT,866,244.0
453,HLA-B57:01,5946.07,ANZ78847,RFNPSTWNKRF,453,245.0
1085,HLA-B57:01,5946.22,ANZ78847,IDRLINGRLTA,1085,246.0
1138,HLA-B57:01,5946.46,ANZ78847,GNHIISLVQNA,1138,247.0
119,HLA-B57:01,5946.63,ANZ78847,GVMYSEFPAIT,119,248.0
373,HLA-B57:01,5946.66,ANZ78847,SLMSFIQADSF,373,249.0
1038,HLA-B57:01,5947.44,ANZ78847,VKIQAVVNANA,1038,250.0
202,HLA-B57:01,5947.65,ANZ78847,YKRNFTYDVNA,202,251.0
477,HLA-B57:01,5947.83,ANZ78847,GVLTNHDVVYA,477,252.0
640,HLA-B57:01,5948.21,ANZ78847,QGIFVEVNATY,640,253.0
811,HLA-B57:01,5950.25,ANZ78847,EFIQTSSPKVT,811,254.0
284,HLA-B57:01,5951.01,ANZ78847,AFNQDGIIFNA,284,255.0
383,HLA-B57:01,5951.46,ANZ78847,FTCNNIDAAKI,383,256.0
812,HLA-B57:01,5951.46,ANZ78847,FIQTSSPKVTI,812,256.0
421,HLA-B57:01,5952.72,ANZ78847,LGYLQSFNYRI,421,258.0
337,HLA-B57:01,5952.77,ANZ78847,PDLPNCNIEAW,337,259.0
1140,HLA-B57:01,5952.86,ANZ78847,HIISLVQNAPY,1140,260.0
1308,HLA-B57:01,5953.01,ANZ78847,VWLLICLAGVA,1308,261.0
1094,HLA-B57:01,5953.67,ANZ78847,TALNAYVSQQL,1094,262.0
310,HLA-B57:01,5953.91,ANZ78847,QSIAPPTGVYE,310,263.0
1113,HLA-B57:01,5954.02,ANZ78847,SAAQAMEKVNE,1113,264.0
1099,HLA-B57:01,5954.42,ANZ78847,YVSQQLSDSTL,1099,265.0
1208,HLA-B57:01,5954.58,ANZ78847,ITENNVVVMST,1208,266.0
1154,HLA-B57:01,5954.65,ANZ78847,FIHFSYVPTKY,1154,267.0
744,HLA-B57:01,5954.72,ANZ78847,QTCDLTVGSGY,744,268.0
1220,HLA-B57:01,5954.97,ANZ78847,AVNYTKAPYVM,1220,269.0
1152,HLA-B57:01,5955.2,ANZ78847,LYFIHFSYVPT,1152,270.0
220,HLA-B57:01,5955.86,ANZ78847,YQEGGTFYAYF,220,271.0
129,HLA-B57:01,5956.03,ANZ78847,TIGSTFVNTSY,129,272.0
1042,HLA-B57:01,5956.17,ANZ78847,AVVNANAEALN,1042,273.0
667,HLA-B57:01,5956.51,ANZ78847,GFRDYLTNRTF,667,274.0
32,HLA-B57:01,5956.85,ANZ78847,IDTGPPSISTA,32,275.0
602,HLA-B57:01,5956.9,ANZ78847,LILHDVNSGLT,602,276.0
149,HLA-B57:01,5957.0,ANZ78847,NSTQDGVNKLQ,149,277.0
1246,HLA-B57:01,5957.23,ANZ78847,DQWFKNQTSVA,1246,278.0
423,HLA-B57:01,5958.07,ANZ78847,YLQSFNYRIDT,423,279.0
922,HLA-B57:01,5958.2,ANZ78847,VKLSDVGFVAA,922,280.0
276,HLA-B57:01,5958.58,ANZ78847,LTSRQYLLAFN,276,281.0
55,HLA-B57:01,5958.77,ANZ78847,VLDRVYLNTTL,55,282.0
963,HLA-B57:01,5958.88,ANZ78847,ENQISGYTLAA,963,283.0
768,HLA-B57:01,5959.27,ANZ78847,ITTGYRFTNFE,768,284.0
424,HLA-B57:01,5959.46,ANZ78847,LQSFNYRIDTT,424,285.0
39,HLA-B57:01,5959.73,ANZ78847,ISTATVDVTNG,39,286.0
349,HLA-B57:01,5960.69,ANZ78847,NDKSVPSPLNW,349,287.0
939,HLA-B57:01,5961.11,ANZ78847,GAEIRDLICVQ,939,288.0
770,HLA-B57:01,5961.7,ANZ78847,TGYRFTNFEPF,770,289.0
660,HLA-B57:01,5962.31,ANZ78847,DSNGNLYGFRD,660,290.0
858,HLA-B57:01,5962.54,ANZ78847,ELLDTTQLQVA,858,291.0
0,HLA-B57:01,5963.12,ANZ78847,MFLILLISLPT,0,292.0
176,HLA-B57:01,5963.8,ANZ78847,HTICHPNLGNH,176,293.0
223,HLA-B57:01,5964.06,ANZ78847,GGTFYAYFTDT,223,294.0
212,HLA-B57:01,5964.72,ANZ78847,ATYLYFHFYQE,212,295.0
1199,HLA-B57:01,5964.85,ANZ78847,GSGYYYPEPIT,1199,296.0
1114,HLA-B57:01,5965.21,ANZ78847,AAQAMEKVNEC,1114,297.0
103,HLA-B57:01,5965.54,ANZ78847,INGIFAKVKNT,103,298.0
1231,HLA-B57:01,5966.1,ANZ78847,LNTSIPNLPDF,1231,299.0
286,HLA-B57:01,5966.21,ANZ78847,NQDGIIFNAVD,286,300.0
115,HLA-B57:01,5966.65,ANZ78847,VFKDGVMYSEF,115,301.0
973,HLA-B57:01,5967.43,ANZ78847,ATSASLFPPWT,973,302.0
1147,HLA-B57:01,5967.95,ANZ78847,NAPYGLYFIHF,1147,303.0
1136,HLA-B57:01,5968.42,ANZ78847,GNGNHIISLVQ,1136,304.0
994,HLA-B57:01,5968.51,ANZ78847,VQYRINGLGVT,994,305.0
1100,HLA-B57:01,5968.91,ANZ78847,VSQQLSDSTLV,1100,306.0
35,HLA-B57:01,5969.1,ANZ78847,GPPSISTATVD,35,307.0
82,HLA-B57:01,5969.11,ANZ78847,ALKGTDKLSTL,82,308.0
321,HLA-B57:01,5970.45,ANZ78847,LNGYTVQPIAD,321,309.0
1031,HLA-B57:01,5970.56,ANZ78847,DATNSALVKIQ,1031,310.0
43,HLA-B57:01,5970.7,ANZ78847,TVDVTNGLGTY,43,311.0
227,HLA-B57:01,5970.81,ANZ78847,YAYFTDTGVVT,227,312.0
806,HLA-B57:01,5970.83,ANZ78847,IGNMEEFIQTS,806,313.0
1166,HLA-B57:01,5971.4,ANZ78847,TAKVSPGLCIA,1166,314.0
213,HLA-B57:01,5971.56,ANZ78847,TYLYFHFYQEG,213,315.0
112,HLA-B57:01,5971.57,ANZ78847,NTKVFKDGVMY,112,316.0
1006,HLA-B57:01,5971.7,ANZ78847,DVLSQNQKLIA,1006,317.0
1105,HLA-B57:01,5971.89,ANZ78847,SDSTLVKFSAA,1105,318.0
988,HLA-B57:01,5971.92,ANZ78847,VPFYLNVQYRI,988,319.0
204,HLA-B57:01,5972.03,ANZ78847,RNFTYDVNATY,204,320.0
794,HLA-B57:01,5972.31,ANZ78847,GLYEIQIPSDF,794,321.0
813,HLA-B57:01,5972.66,ANZ78847,IQTSSPKVTID,813,322.0
37,HLA-B57:01,5972.74,ANZ78847,PSISTATVDVT,37,323.0
127,HLA-B57:01,5972.74,ANZ78847,AITIGSTFVNT,127,323.0
1017,HLA-B57:01,5972.9,ANZ78847,NAFNNALDAIQ,1017,325.0
764,HLA-B57:01,5973.2,ANZ78847,SRRAITTGYRF,764,326.0
852,HLA-B57:01,5973.24,ANZ78847,ILTEVNELLDT,852,327.0
1320,HLA-B57:01,5973.58,ANZ78847,LVLLFFICCCT,1320,328.0
436,HLA-B57:01,5973.59,ANZ78847,TSCQLYYNLPA,436,329.0
1052,HLA-B57:01,5974.44,ANZ78847,NNLLQQLSNRF,1052,330.0
1002,HLA-B57:01,5974.54,ANZ78847,GVTMDVLSQNQ,1002,331.0
117,HLA-B57:01,5974.56,ANZ78847,KDGVMYSEFPA,117,332.0
390,HLA-B57:01,5975.45,ANZ78847,AAKIYGMCFSS,390,333.0
67,HLA-B57:01,5975.99,ANZ78847,LNGYYPTSGST,67,334.0
769,HLA-B57:01,5976.06,ANZ78847,TTGYRFTNFEP,769,335.0
218,HLA-B57:01,5976.17,ANZ78847,HFYQEGGTFYA,218,336.0
739,HLA-B57:01,5976.27,ANZ78847,TAISVQTCDLT,739,337.0
302,HLA-B57:01,5976.65,ANZ78847,MSEIKCKTQSI,302,338.0
985,HLA-B57:01,5976.67,ANZ78847,AAGVPFYLNVQ,985,339.0
1172,HLA-B57:01,5976.94,ANZ78847,GLCIAGDRGIA,1172,340.0
1076,HLA-B57:01,5977.65,ANZ78847,LDALEAEAQID,1076,341.0
732,HLA-B57:01,5977.7,ANZ78847,VVNAYNSTAIS,732,342.0
1012,HLA-B57:01,5977.78,ANZ78847,QKLIANAFNNA,1012,343.0
466,HLA-B57:01,5977.87,ANZ78847,IEDSVFKPQPA,466,344.0
1257,HLA-B57:01,5977.88,ANZ78847,PDLALDYINVT,1257,345.0
315,HLA-B57:01,5978.44,ANZ78847,PTGVYELNGYT,315,346.0
317,HLA-B57:01,5978.47,ANZ78847,GVYELNGYTVQ,317,347.0
1080,HLA-B57:01,5978.56,ANZ78847,EAEAQIDRLIN,1080,348.0
182,HLA-B57:01,5978.66,ANZ78847,NLGNHFKELWH,182,349.0
725,HLA-B57:01,5978.71,ANZ78847,FDSYLGCVVNA,725,350.0
277,HLA-B57:01,5978.82,ANZ78847,TSRQYLLAFNQ,277,351.0
1297,HLA-B57:01,5979.35,ANZ78847,TYEYYVKWPWY,1297,352.0
369,HLA-B57:01,5979.61,ANZ78847,FNMSSLMSFIQ,369,353.0
444,HLA-B57:01,5979.84,ANZ78847,LPAANVSVSRF,444,354.0
27,HLA-B57:01,5980.76,ANZ78847,GSLNNIDTGPP,27,355.0
1275,HLA-B57:01,5981.25,ANZ78847,MNRLQEAIKVL,1275,356.0
995,HLA-B57:01,5981.26,ANZ78847,QYRINGLGVTM,995,357.0
215,HLA-B57:01,5981.28,ANZ78847,LYFHFYQEGGT,215,358.0
1131,HLA-B57:01,5981.38,ANZ78847,RINFCGNGNHI,1131,359.0
1035,HLA-B57:01,5981.41,ANZ78847,SALVKIQAVVN,1035,360.0
1043,HLA-B57:01,5981.41,ANZ78847,VVNANAEALNN,1043,360.0
637,HLA-B57:01,5981.64,ANZ78847,ISGQGIFVEVN,637,362.0
927,HLA-B57:01,5981.86,ANZ78847,VGFVAAYNNCT,927,363.0
1306,HLA-B57:01,5982.19,ANZ78847,WYVWLLICLAG,1306,364.0
121,HLA-B57:01,5982.53,ANZ78847,MYSEFPAITIG,121,365.0
876,HLA-B57:01,5982.56,ANZ78847,TLSTKLKDGVN,876,366.0
760,HLA-B57:01,5982.99,ANZ78847,KNRRSRRAITT,760,367.0
530,HLA-B57:01,5983.12,ANZ78847,CHNLCNPDPIT,530,368.0
331,HLA-B57:01,5983.35,ANZ78847,DVYRRKPDLPN,331,369.0
741,HLA-B57:01,5983.75,ANZ78847,ISVQTCDLTVG,741,370.0
854,HLA-B57:01,5983.8,ANZ78847,TEVNELLDTTQ,854,371.0
578,HLA-B57:01,5983.89,ANZ78847,QPQAFLGWSAD,578,372.0
106,HLA-B57:01,5983.99,ANZ78847,IFAKVKNTKVF,106,373.0
515,HLA-B57:01,5984.1,ANZ78847,NNGIGTCPAGT,515,374.0
1248,HLA-B57:01,5984.12,ANZ78847,WFKNQTSVAPD,1248,375.0
1073,HLA-B57:01,5984.16,ANZ78847,LSRLDALEAEA,1073,376.0
81,HLA-B57:01,5984.33,ANZ78847,MALKGTDKLST,81,377.0
394,HLA-B57:01,5984.44,ANZ78847,YGMCFSSITID,394,378.0
652,HLA-B57:01,5984.57,ANZ78847,NSWQNLLYDSN,652,379.0
141,HLA-B57:01,5984.59,ANZ78847,VVVQPRTINST,141,380.0
483,HLA-B57:01,5984.76,ANZ78847,DVVYAQHCFKA,483,381.0
895,HLA-B57:01,5985.07,ANZ78847,SSVLGCLGSEC,895,382.0
841,HLA-B57:01,5985.53,ANZ78847,EYGSFCDNINA,841,383.0
645,HLA-B57:01,5985.62,ANZ78847,EVNATYYNSWQ,645,384.0
898,HLA-B57:01,5986.0,ANZ78847,LGCLGSECSKA,898,385.0
203,HLA-B57:01,5986.01,ANZ78847,KRNFTYDVNAT,203,386.0
1225,HLA-B57:01,5986.12,ANZ78847,KAPYVMLNTSI,1225,387.0
1122,HLA-B57:01,5986.17,ANZ78847,NECVKSQSSRI,1122,388.0
245,HLA-B57:01,5986.19,ANZ78847,LGMALSHYYVM,245,389.0
1107,HLA-B57:01,5986.21,ANZ78847,STLVKFSAAQA,1107,390.0
554,HLA-B57:01,5986.23,ANZ78847,VGIGEHCSGLA,554,391.0
1128,HLA-B57:01,5986.24,ANZ78847,QSSRINFCGNG,1128,392.0
371,HLA-B57:01,5986.27,ANZ78847,MSSLMSFIQAD,371,393.0
77,HLA-B57:01,5986.36,ANZ78847,TYRNMALKGTD,77,394.0
407,HLA-B57:01,5986.36,ANZ78847,AIPNGRKVDLQ,407,394.0
1146,HLA-B57:01,5986.49,ANZ78847,QNAPYGLYFIH,1146,396.0
1071,HLA-B57:01,5987.05,ANZ78847,EILSRLDALEA,1071,397.0
904,HLA-B57:01,5987.19,ANZ78847,ECSKASSRSAI,904,398.0
1348,HLA-B57:01,5987.24,ANZ78847,TGYQELVIKTS,1348,399.0
639,HLA-B57:01,5987.25,ANZ78847,GQGIFVEVNAT,639,400.0
814,HLA-B57:01,5987.56,ANZ78847,QTSSPKVTIDC,814,401.0
426,HLA-B57:01,5987.6,ANZ78847,SFNYRIDTTAT,426,402.0
1008,HLA-B57:01,5987.7,ANZ78847,LSQNQKLIANA,1008,403.0
606,HLA-B57:01,5987.72,ANZ78847,DVNSGLTCSTD,606,404.0
328,HLA-B57:01,5987.77,ANZ78847,PIADVYRRKPD,328,405.0
1186,HLA-B57:01,5987.8,ANZ78847,GYFVNVNNTWM,1186,406.0
1244,HLA-B57:01,5987.94,ANZ78847,ELDQWFKNQTS,1244,407.0
1277,HLA-B57:01,5988.08,ANZ78847,RLQEAIKVLNQ,1277,408.0
611,HLA-B57:01,5988.18,ANZ78847,LTCSTDLQKAN,611,409.0
381,HLA-B57:01,5988.19,ANZ78847,DSFTCNNIDAA,381,410.0
64,HLA-B57:01,5988.28,ANZ78847,TLFLNGYYPTS,64,411.0
222,HLA-B57:01,5988.62,ANZ78847,EGGTFYAYFTD,222,412.0
471,HLA-B57:01,5988.83,ANZ78847,FKPQPAGVLTN,471,413.0
759,HLA-B57:01,5988.84,ANZ78847,SKNRRSRRAIT,759,414.0
1243,HLA-B57:01,5988.95,ANZ78847,EELDQWFKNQT,1243,415.0
612,HLA-B57:01,5988.98,ANZ78847,TCSTDLQKANT,612,416.0
470,HLA-B57:01,5989.17,ANZ78847,VFKPQPAGVLT,470,417.0
824,HLA-B57:01,5989.19,ANZ78847,CAAFVCGDYAA,824,418.0
34,HLA-B57:01,5989.38,ANZ78847,TGPPSISTATV,34,419.0
1093,HLA-B57:01,5989.39,ANZ78847,LTALNAYVSQQ,1093,420.0
677,HLA-B57:01,5989.49,ANZ78847,FMIRSCYSGRV,677,421.0
729,HLA-B57:01,5989.59,ANZ78847,LGCVVNAYNST,729,422.0
472,HLA-B57:01,5989.64,ANZ78847,KPQPAGVLTNH,472,423.0
734,HLA-B57:01,5989.67,ANZ78847,NAYNSTAISVQ,734,424.0
666,HLA-B57:01,5989.76,ANZ78847,YGFRDYLTNRT,666,425.0
16,HLA-B57:01,5989.95,ANZ78847,GDLKCPLDSRT,16,426.0
478,HLA-B57:01,5990.01,ANZ78847,VLTNHDVVYAQ,478,427.0
24,HLA-B57:01,5990.13,ANZ78847,SRTGSLNNIDT,24,428.0
372,HLA-B57:01,5990.24,ANZ78847,SSLMSFIQADS,372,429.0
1216,HLA-B57:01,5990.27,ANZ78847,MSTCAVNYTKA,1216,430.0
1024,HLA-B57:01,5990.39,ANZ78847,DAIQEGFDATN,1024,431.0
268,HLA-B57:01,5990.44,ANZ78847,TLEYWVTPLTS,268,432.0
712,HLA-B57:01,5990.58,ANZ78847,NNSLTRQLQPI,712,433.0
947,HLA-B57:01,5990.58,ANZ78847,CVQSYKGIKVL,947,433.0
33,HLA-B57:01,5990.62,ANZ78847,DTGPPSISTAT,33,435.0
1349,HLA-B57:01,5990.77,ANZ78847,GYQELVIKTSH,1349,436.0
60,HLA-B57:01,5990.86,ANZ78847,YLNTTLFLNGY,60,437.0
964,HLA-B57:01,5990.95,ANZ78847,NQISGYTLAAT,964,438.0
1309,HLA-B57:01,5990.99,ANZ78847,WLLICLAGVAM,1309,439.0
1312,HLA-B57:01,5991.04,ANZ78847,ICLAGVAMLVL,1312,440.0
1210,HLA-B57:01,5991.16,ANZ78847,ENNVVVMSTCA,1210,441.0
211,HLA-B57:01,5991.55,ANZ78847,NATYLYFHFYQ,211,442.0
737,HLA-B57:01,5991.55,ANZ78847,NSTAISVQTCD,737,442.0
735,HLA-B57:01,5991.6,ANZ78847,AYNSTAISVQT,735,444.0
241,HLA-B57:01,5991.61,ANZ78847,FNVYLGMALSH,241,445.0
836,HLA-B57:01,5991.71,ANZ78847,KSQLVEYGSFC,836,446.0
242,HLA-B57:01,5991.81,ANZ78847,NVYLGMALSHY,242,447.0
303,HLA-B57:01,5991.95,ANZ78847,SEIKCKTQSIA,303,448.0
1091,HLA-B57:01,5992.39,ANZ78847,GRLTALNAYVS,1091,449.0
663,HLA-B57:01,5992.4,ANZ78847,GNLYGFRDYLT,663,450.0
789,HLA-B57:01,5992.46,ANZ78847,LEPVGGLYEIQ,789,451.0
960,HLA-B57:01,5992.72,ANZ78847,LLSENQISGYT,960,452.0
524,HLA-B57:01,5992.8,ANZ78847,GTNYLTCHNLC,524,453.0
681,HLA-B57:01,5992.85,ANZ78847,SCYSGRVSAAF,681,454.0
1300,HLA-B57:01,5993.0,ANZ78847,YYVKWPWYVWL,1300,455.0
1324,HLA-B57:01,5993.18,ANZ78847,FFICCCTGCGT,1324,456.0
154,HLA-B57:01,5993.21,ANZ78847,GVNKLQGLLEV,154,457.0
539,HLA-B57:01,5993.39,ANZ78847,ITFTGPYKCPQ,539,458.0
610,HLA-B57:01,5993.45,ANZ78847,GLTCSTDLQKA,610,459.0
354,HLA-B57:01,5993.69,ANZ78847,PSPLNWERKTF,354,460.0
111,HLA-B57:01,5993.75,ANZ78847,KNTKVFKDGVM,111,461.0
1193,HLA-B57:01,5993.77,ANZ78847,NTWMYTGSGYY,1193,462.0
316,HLA-B57:01,5994.18,ANZ78847,TGVYELNGYTV,316,463.0
235,HLA-B57:01,5994.23,ANZ78847,VVTKFLFNVYL,235,464.0
374,HLA-B57:01,5994.31,ANZ78847,LMSFIQADSFT,374,465.0
513,HLA-B57:01,5994.6,ANZ78847,GKNNGIGTCPA,513,466.0
185,HLA-B57:01,5994.66,ANZ78847,NHFKELWHMDT,185,467.0
758,HLA-B57:01,5994.68,ANZ78847,YSKNRRSRRAI,758,468.0
679,HLA-B57:01,5994.79,ANZ78847,IRSCYSGRVSA,679,469.0
851,HLA-B57:01,5994.89,ANZ78847,AILTEVNELLD,851,470.0
549,HLA-B57:01,5994.93,ANZ78847,QSKSLVGIGEH,549,471.0
469,HLA-B57:01,5995.28,ANZ78847,SVFKPQPAGVL,469,472.0
706,HLA-B57:01,5995.34,ANZ78847,KCNYVFNNSLT,706,473.0
30,HLA-B57:01,5995.58,ANZ78847,NNIDTGPPSIS,30,474.0
259,HLA-B57:01,5995.58,ANZ78847,CISRRNIGFTL,259,474.0
584,HLA-B57:01,5995.8,ANZ78847,GWSADSCLQGD,584,476.0
1021,HLA-B57:01,5995.86,ANZ78847,NALDAIQEGFD,1021,477.0
871,HLA-B57:01,5995.94,ANZ78847,LMNGVTLSTKL,871,478.0
1307,HLA-B57:01,5995.95,ANZ78847,YVWLLICLAGV,1307,479.0
440,HLA-B57:01,5996.15,ANZ78847,LYYNLPAANVS,440,480.0
13,HLA-B57:01,5996.29,ANZ78847,AVIGDLKCPLD,13,481.0
842,HLA-B57:01,5996.41,ANZ78847,YGSFCDNINAI,842,482.0
1098,HLA-B57:01,5996.51,ANZ78847,AYVSQQLSDST,1098,483.0
1046,HLA-B57:01,5996.88,ANZ78847,ANAEALNNLLQ,1046,484.0
144,HLA-B57:01,5996.99,ANZ78847,QPRTINSTQDG,144,485.0
336,HLA-B57:01,5997.04,ANZ78847,KPDLPNCNIEA,336,486.0
123,HLA-B57:01,5997.24,ANZ78847,SEFPAITIGST,123,487.0
605,HLA-B57:01,5997.29,ANZ78847,HDVNSGLTCST,605,488.0
608,HLA-B57:01,5997.56,ANZ78847,NSGLTCSTDLQ,608,489.0
902,HLA-B57:01,5997.61,ANZ78847,GSECSKASSRS,902,490.0
1023,HLA-B57:01,5997.81,ANZ78847,LDAIQEGFDAT,1023,491.0
731,HLA-B57:01,5997.98,ANZ78847,CVVNAYNSTAI,731,492.0
1213,HLA-B57:01,5998.0,ANZ78847,VVVMSTCAVNY,1213,493.0
2,HLA-B57:01,5998.14,ANZ78847,LILLISLPTAF,2,494.0
313,HLA-B57:01,5998.17,ANZ78847,APPTGVYELNG,313,495.0
1086,HLA-B57:01,5998.18,ANZ78847,DRLINGRLTAL,1086,496.0
1251,HLA-B57:01,5998.19,ANZ78847,NQTSVAPDLAL,1251,497.0
957,HLA-B57:01,5998.25,ANZ78847,LPPLLSENQIS,957,498.0
92,HLA-B57:01,5998.27,ANZ78847,LWFKPPFLSDF,92,499.0
379,HLA-B57:01,5998.27,ANZ78847,QADSFTCNNID,379,499.0
231,HLA-B57:01,5998.29,ANZ78847,TDTGVVTKFLF,231,501.0
757,HLA-B57:01,5998.32,ANZ78847,DYSKNRRSRRA,757,502.0
1325,HLA-B57:01,5998.4,ANZ78847,FICCCTGCGTS,1325,503.0
23,HLA-B57:01,5998.41,ANZ78847,DSRTGSLNNID,23,504.0
221,HLA-B57:01,5998.91,ANZ78847,QEGGTFYAYFT,221,505.0
613,HLA-B57:01,5999.0,ANZ78847,CSTDLQKANTD,613,506.0
5,HLA-B57:01,5999.03,ANZ78847,LISLPTAFAVI,5,507.0
177,HLA-B57:01,5999.14,ANZ78847,TICHPNLGNHF,177,508.0
1047,HLA-B57:01,5999.56,ANZ78847,NAEALNNLLQQ,1047,509.0
591,HLA-B57:01,5999.57,ANZ78847,LQGDKCNIFAN,591,510.0
509,HLA-B57:01,5999.59,ANZ78847,GSGPGKNNGIG,509,511.0
930,HLA-B57:01,6000.05,ANZ78847,VAAYNNCTGGA,930,512.0
856,HLA-B57:01,6000.07,ANZ78847,VNELLDTTQLQ,856,513.0
1230,HLA-B57:01,6000.19,ANZ78847,MLNTSIPNLPD,1230,514.0
975,HLA-B57:01,6000.31,ANZ78847,SASLFPPWTAA,975,515.0
1027,HLA-B57:01,6000.33,ANZ78847,QEGFDATNSAL,1027,516.0
881,HLA-B57:01,6000.43,ANZ78847,LKDGVNFNVDD,881,517.0
476,HLA-B57:01,6000.52,ANZ78847,AGVLTNHDVVY,476,518.0
1108,HLA-B57:01,6000.65,ANZ78847,TLVKFSAAQAM,1108,519.0
236,HLA-B57:01,6000.9,ANZ78847,VTKFLFNVYLG,236,520.0
70,HLA-B57:01,6001.19,ANZ78847,YYPTSGSTYRN,70,521.0
724,HLA-B57:01,6001.26,ANZ78847,YFDSYLGCVVN,724,522.0
583,HLA-B57:01,6001.36,ANZ78847,LGWSADSCLQG,583,523.0
621,HLA-B57:01,6001.63,ANZ78847,NTDIKLGVCVN,621,524.0
1218,HLA-B57:01,6001.8,ANZ78847,TCAVNYTKAPY,1218,525.0
965,HLA-B57:01,6001.9,ANZ78847,QISGYTLAATS,965,526.0
279,HLA-B57:01,6001.97,ANZ78847,RQYLLAFNQDG,279,527.0
195,HLA-B57:01,6001.99,ANZ78847,TGVVSCLYKRN,195,528.0
323,HLA-B57:01,6002.04,ANZ78847,GYTVQPIADVY,323,529.0
718,HLA-B57:01,6002.17,ANZ78847,QLQPINYFDSY,718,530.0
14,HLA-B57:01,6002.2,ANZ78847,VIGDLKCPLDS,14,531.0
1072,HLA-B57:01,6002.25,ANZ78847,ILSRLDALEAE,1072,532.0
380,HLA-B57:01,6002.32,ANZ78847,ADSFTCNNIDA,380,533.0
274,HLA-B57:01,6002.37,ANZ78847,TPLTSRQYLLA,274,534.0
579,HLA-B57:01,6002.43,ANZ78847,PQAFLGWSADS,579,535.0
95,HLA-B57:01,6002.55,ANZ78847,KPPFLSDFING,95,536.0
603,HLA-B57:01,6002.55,ANZ78847,ILHDVNSGLTC,603,536.0
266,HLA-B57:01,6002.65,ANZ78847,GFTLEYWVTPL,266,538.0
802,HLA-B57:01,6002.68,ANZ78847,SDFTIGNMEEF,802,539.0
673,HLA-B57:01,6003.13,ANZ78847,TNRTFMIRSCY,673,540.0
1228,HLA-B57:01,6003.15,ANZ78847,YVMLNTSIPNL,1228,541.0
503,HLA-B57:01,6003.24,ANZ78847,NSSLCVGSGPG,503,542.0
684,HLA-B57:01,6003.24,ANZ78847,SGRVSAAFHAN,684,542.0
396,HLA-B57:01,6003.25,ANZ78847,MCFSSITIDKF,396,544.0
599,HLA-B57:01,6003.38,ANZ78847,FANLILHDVNS,599,545.0
256,HLA-B57:01,6003.5,ANZ78847,PLTCISRRNIG,256,546.0
516,HLA-B57:01,6003.51,ANZ78847,NGIGTCPAGTN,516,547.0
1062,HLA-B57:01,6003.55,ANZ78847,FGAISSSLQEI,1062,548.0
740,HLA-B57:01,6003.69,ANZ78847,AISVQTCDLTV,740,549.0
878,HLA-B57:01,6003.76,ANZ78847,STKLKDGVNFN,878,550.0
1350,HLA-B57:01,6003.89,ANZ78847,YQELVIKTSHD,1350,551.0
56,HLA-B57:01,6003.9,ANZ78847,LDRVYLNTTLF,56,552.0
1162,HLA-B57:01,6003.97,ANZ78847,TKYVTAKVSPG,1162,553.0
300,HLA-B57:01,6004.03,ANZ78847,DFMSEIKCKTQ,300,554.0
102,HLA-B57:01,6004.05,ANZ78847,FINGIFAKVKN,102,555.0
408,HLA-B57:01,6004.06,ANZ78847,IPNGRKVDLQL,408,556.0
771,HLA-B57:01,6004.11,ANZ78847,GYRFTNFEPFT,771,557.0
340,HLA-B57:01,6004.28,ANZ78847,PNCNIEAWLND,340,558.0
59,HLA-B57:01,6004.32,ANZ78847,VYLNTTLFLNG,59,559.0
1263,HLA-B57:01,6004.44,ANZ78847,YINVTFLDLQV,1263,560.0
1351,HLA-B57:01,6004.6,ANZ78847,QELVIKTSHDD,1351,561.0
79,HLA-B57:01,6004.87,ANZ78847,RNMALKGTDKL,79,562.0
350,HLA-B57:01,6005.09,ANZ78847,DKSVPSPLNWE,350,563.0
1030,HLA-B57:01,6005.11,ANZ78847,FDATNSALVKI,1030,564.0
1068,HLA-B57:01,6005.18,ANZ78847,SLQEILSRLDA,1068,565.0
1268,HLA-B57:01,6005.24,ANZ78847,FLDLQVEMNRL,1268,566.0
1304,HLA-B57:01,6005.43,ANZ78847,WPWYVWLLICL,1304,567.0
417,HLA-B57:01,6005.54,ANZ78847,QLGNLGYLQSF,417,568.0
653,HLA-B57:01,6005.71,ANZ78847,SWQNLLYDSNG,653,569.0
320,HLA-B57:01,6005.72,ANZ78847,ELNGYTVQPIA,320,570.0
122,HLA-B57:01,6005.79,ANZ78847,YSEFPAITIGS,122,571.0
924,HLA-B57:01,6005.79,ANZ78847,LSDVGFVAAYN,924,571.0
655,HLA-B57:01,6006.09,ANZ78847,QNLLYDSNGNL,655,573.0
1271,HLA-B57:01,6006.18,ANZ78847,LQVEMNRLQEA,1271,574.0
105,HLA-B57:01,6006.23,ANZ78847,GIFAKVKNTKV,105,575.0
427,HLA-B57:01,6006.24,ANZ78847,FNYRIDTTATS,427,576.0
31,HLA-B57:01,6006.69,ANZ78847,NIDTGPPSIST,31,577.0
1206,HLA-B57:01,6006.71,ANZ78847,EPITENNVVVM,1206,578.0
1224,HLA-B57:01,6006.78,ANZ78847,TKAPYVMLNTS,1224,579.0
1000,HLA-B57:01,6006.86,ANZ78847,GLGVTMDVLSQ,1000,580.0
616,HLA-B57:01,6007.01,ANZ78847,DLQKANTDIKL,616,581.0
796,HLA-B57:01,6007.33,ANZ78847,YEIQIPSDFTI,796,582.0
598,HLA-B57:01,6007.45,ANZ78847,IFANLILHDVN,598,583.0
1177,HLA-B57:01,6007.55,ANZ78847,GDRGIAPKSGY,1177,584.0
197,HLA-B57:01,6007.56,ANZ78847,VVSCLYKRNFT,197,585.0
393,HLA-B57:01,6007.67,ANZ78847,IYGMCFSSITI,393,586.0
189,HLA-B57:01,6007.75,ANZ78847,ELWHMDTGVVS,189,587.0
210,HLA-B57:01,6007.75,ANZ78847,VNATYLYFHFY,210,587.0
442,HLA-B57:01,6007.82,ANZ78847,YNLPAANVSVS,442,589.0
1299,HLA-B57:01,6008.18,ANZ78847,EYYVKWPWYVW,1299,590.0
397,HLA-B57:01,6008.32,ANZ78847,CFSSITIDKFA,397,591.0
299,HLA-B57:01,6008.43,ANZ78847,SDFMSEIKCKT,299,592.0
647,HLA-B57:01,6008.45,ANZ78847,NATYYNSWQNL,647,593.0
1159,HLA-B57:01,6008.45,ANZ78847,YVPTKYVTAKV,1159,593.0
934,HLA-B57:01,6008.47,ANZ78847,NNCTGGAEIRD,934,595.0
465,HLA-B57:01,6008.69,ANZ78847,FIEDSVFKPQP,465,596.0
201,HLA-B57:01,6008.73,ANZ78847,LYKRNFTYDVN,201,597.0
948,HLA-B57:01,6008.85,ANZ78847,VQSYKGIKVLP,948,598.0
258,HLA-B57:01,6008.87,ANZ78847,TCISRRNIGFT,258,599.0
1011,HLA-B57:01,6008.96,ANZ78847,NQKLIANAFNN,1011,600.0
1227,HLA-B57:01,6008.97,ANZ78847,PYVMLNTSIPN,1227,601.0
636,HLA-B57:01,6008.99,ANZ78847,GISGQGIFVEV,636,602.0
592,HLA-B57:01,6009.31,ANZ78847,QGDKCNIFANL,592,603.0
968,HLA-B57:01,6009.4,ANZ78847,GYTLAATSASL,968,604.0
847,HLA-B57:01,6009.43,ANZ78847,DNINAILTEVN,847,605.0
437,HLA-B57:01,6009.48,ANZ78847,SCQLYYNLPAA,437,606.0
566,HLA-B57:01,6009.58,ANZ78847,KSDYCGGNPCT,566,607.0
1088,HLA-B57:01,6009.59,ANZ78847,LINGRLTALNA,1088,608.0
1078,HLA-B57:01,6009.68,ANZ78847,ALEAEAQIDRL,1078,609.0
980,HLA-B57:01,6009.73,ANZ78847,PPWTAAAGVPF,980,610.0
631,HLA-B57:01,6009.76,ANZ78847,NYDLYGISGQG,631,611.0
959,HLA-B57:01,6009.84,ANZ78847,PLLSENQISGY,959,612.0
1106,HLA-B57:01,6009.84,ANZ78847,DSTLVKFSAAQ,1106,612.0
908,HLA-B57:01,6009.85,ANZ78847,ASSRSAIEDLL,908,614.0
910,HLA-B57:01,6009.9,ANZ78847,SRSAIEDLLFD,910,615.0
783,HLA-B57:01,6010.16,ANZ78847,NSVNDSLEPVG,783,616.0
172,HLA-B57:01,6010.39,ANZ78847,CEYPHTICHPN,172,617.0
906,HLA-B57:01,6010.4,ANZ78847,SKASSRSAIED,906,618.0
1280,HLA-B57:01,6010.47,ANZ78847,EAIKVLNQSYI,1280,619.0
1250,HLA-B57:01,6010.53,ANZ78847,KNQTSVAPDLA,1250,620.0
319,HLA-B57:01,6010.66,ANZ78847,YELNGYTVQPI,319,621.0
251,HLA-B57:01,6010.68,ANZ78847,HYYVMPLTCIS,251,622.0
430,HLA-B57:01,6010.98,ANZ78847,RIDTTATSCQL,430,623.0
1201,HLA-B57:01,6011.06,ANZ78847,GYYYPEPITEN,1201,624.0
207,HLA-B57:01,6011.29,ANZ78847,TYDVNATYLYF,207,625.0
1160,HLA-B57:01,6011.45,ANZ78847,VPTKYVTAKVS,1160,626.0
271,HLA-B57:01,6011.48,ANZ78847,YWVTPLTSRQY,271,627.0
1270,HLA-B57:01,6011.58,ANZ78847,DLQVEMNRLQE,1270,628.0
388,HLA-B57:01,6011.61,ANZ78847,IDAAKIYGMCF,388,629.0
263,HLA-B57:01,6011.62,ANZ78847,RNIGFTLEYWV,263,630.0
1282,HLA-B57:01,6011.86,ANZ78847,IKVLNQSYINL,1282,631.0
61,HLA-B57:01,6011.91,ANZ78847,LNTTLFLNGYY,61,632.0
1095,HLA-B57:01,6012.03,ANZ78847,ALNAYVSQQLS,1095,633.0
1004,HLA-B57:01,6012.17,ANZ78847,TMDVLSQNQKL,1004,634.0
1192,HLA-B57:01,6012.17,ANZ78847,NNTWMYTGSGY,1192,634.0
799,HLA-B57:01,6012.2,ANZ78847,QIPSDFTIGNM,799,636.0
294,HLA-B57:01,6012.24,ANZ78847,AVDCMSDFMSE,294,637.0
577,HLA-B57:01,6012.33,ANZ78847,CQPQAFLGWSA,577,638.0
527,HLA-B57:01,6012.46,ANZ78847,YLTCHNLCNPD,527,639.0
12,HLA-B57:01,6012.47,ANZ78847,FAVIGDLKCPL,12,640.0
1013,HLA-B57:01,6012.48,ANZ78847,KLIANAFNNAL,1013,641.0
1064,HLA-B57:01,6012.57,ANZ78847,AISSSLQEILS,1064,642.0
540,HLA-B57:01,6012.6,ANZ78847,TFTGPYKCPQS,540,643.0
1298,HLA-B57:01,6012.61,ANZ78847,YEYYVKWPWYV,1298,644.0
1055,HLA-B57:01,6012.62,ANZ78847,LQQLSNRFGAI,1055,645.0
422,HLA-B57:01,6012.68,ANZ78847,GYLQSFNYRID,422,646.0
370,HLA-B57:01,6012.71,ANZ78847,NMSSLMSFIQA,370,647.0
690,HLA-B57:01,6012.9,ANZ78847,AFHANSSEPAL,690,648.0
306,HLA-B57:01,6012.91,ANZ78847,KCKTQSIAPPT,306,649.0
1274,HLA-B57:01,6012.95,ANZ78847,EMNRLQEAIKV,1274,650.0
1239,HLA-B57:01,6013.04,ANZ78847,PDFREELDQWF,1239,651.0
359,HLA-B57:01,6013.16,ANZ78847,WERKTFSNCNF,359,652.0
448,HLA-B57:01,6013.16,ANZ78847,NVSVSRFNPST,448,652.0
216,HLA-B57:01,6013.18,ANZ78847,YFHFYQEGGTF,216,654.0
874,HLA-B57:01,6013.29,ANZ78847,GVTLSTKLKDG,874,655.0
844,HLA-B57:01,6013.34,ANZ78847,SFCDNINAILT,844,656.0
1175,HLA-B57:01,6013.4,ANZ78847,IAGDRGIAPKS,1175,657.0
797,HLA-B57:01,6013.41,ANZ78847,EIQIPSDFTIG,797,658.0
361,HLA-B57:01,6013.43,ANZ78847,RKTFSNCNFNM,361,659.0
192,HLA-B57:01,6013.56,ANZ78847,HMDTGVVSCLY,192,660.0
458,HLA-B57:01,6013.56,ANZ78847,TWNKRFGFIED,458,660.0
716,HLA-B57:01,6013.78,ANZ78847,TRQLQPINYFD,716,662.0
239,HLA-B57:01,6013.82,ANZ78847,FLFNVYLGMAL,239,663.0
547,HLA-B57:01,6013.9,ANZ78847,CPQSKSLVGIG,547,664.0
1130,HLA-B57:01,6013.95,ANZ78847,SRINFCGNGNH,1130,665.0
1284,HLA-B57:01,6013.97,ANZ78847,VLNQSYINLKD,1284,666.0
570,HLA-B57:01,6014.08,ANZ78847,CGGNPCTCQPQ,570,667.0
68,HLA-B57:01,6014.1,ANZ78847,NGYYPTSGSTY,68,668.0
148,HLA-B57:01,6014.1,ANZ78847,INSTQDGVNKL,148,668.0
1061,HLA-B57:01,6014.24,ANZ78847,RFGAISSSLQE,1061,670.0
523,HLA-B57:01,6014.37,ANZ78847,AGTNYLTCHNL,523,671.0
816,HLA-B57:01,6014.66,ANZ78847,SSPKVTIDCAA,816,672.0
347,HLA-B57:01,6014.7,ANZ78847,WLNDKSVPSPL,347,673.0
1054,HLA-B57:01,6014.84,ANZ78847,LLQQLSNRFGA,1054,674.0
649,HLA-B57:01,6014.86,ANZ78847,TYYNSWQNLLY,649,675.0
805,HLA-B57:01,6014.99,ANZ78847,TIGNMEEFIQT,805,676.0
978,HLA-B57:01,6015.2,ANZ78847,LFPPWTAAAGV,978,677.0
710,HLA-B57:01,6015.21,ANZ78847,VFNNSLTRQLQ,710,678.0
762,HLA-B57:01,6015.22,ANZ78847,RRSRRAITTGY,762,679.0
1048,HLA-B57:01,6015.44,ANZ78847,AEALNNLLQQL,1048,680.0
338,HLA-B57:01,6015.45,ANZ78847,DLPNCNIEAWL,338,681.0
1026,HLA-B57:01,6015.48,ANZ78847,IQEGFDATNSA,1026,682.0
1111,HLA-B57:01,6015.51,ANZ78847,KFSAAQAMEKV,1111,683.0
1290,HLA-B57:01,6015.54,ANZ78847,INLKDIGTYEY,1290,684.0
124,HLA-B57:01,6015.56,ANZ78847,EFPAITIGSTF,124,685.0
135,HLA-B57:01,6015.65,ANZ78847,VNTSYSVVVQP,135,686.0
528,HLA-B57:01,6015.72,ANZ78847,LTCHNLCNPDP,528,687.0
905,HLA-B57:01,6015.72,ANZ78847,CSKASSRSAIE,905,687.0
714,HLA-B57:01,6015.73,ANZ78847,SLTRQLQPINY,714,689.0
138,HLA-B57:01,6015.78,ANZ78847,SYSVVVQPRTI,138,690.0
1063,HLA-B57:01,6015.8,ANZ78847,GAISSSLQEIL,1063,691.0
699,HLA-B57:01,6016.1,ANZ78847,ALLFRNIKCNY,699,692.0
776,HLA-B57:01,6016.12,ANZ78847,NFEPFTVNSVN,776,693.0
473,HLA-B57:01,6016.19,ANZ78847,PQPAGVLTNHD,473,694.0
1083,HLA-B57:01,6016.19,ANZ78847,AQIDRLINGRL,1083,694.0
594,HLA-B57:01,6016.27,ANZ78847,DKCNIFANLIL,594,696.0
314,HLA-B57:01,6016.28,ANZ78847,PPTGVYELNGY,314,697.0
243,HLA-B57:01,6016.3,ANZ78847,VYLGMALSHYY,243,698.0
596,HLA-B57:01,6016.35,ANZ78847,CNIFANLILHD,596,699.0
1339,HLA-B57:01,6016.45,ANZ78847,KCGGCCDDYTG,1339,700.0
743,HLA-B57:01,6016.49,ANZ78847,VQTCDLTVGSG,743,701.0
1189,HLA-B57:01,6016.52,ANZ78847,VNVNNTWMYTG,1189,702.0
166,HLA-B57:01,6016.67,ANZ78847,VCQYNMCEYPH,166,703.0
638,HLA-B57:01,6016.68,ANZ78847,SGQGIFVEVNA,638,704.0
1229,HLA-B57:01,6016.77,ANZ78847,VMLNTSIPNLP,1229,705.0
587,HLA-B57:01,6016.8,ANZ78847,ADSCLQGDKCN,587,706.0
1025,HLA-B57:01,6016.82,ANZ78847,AIQEGFDATNS,1025,707.0
795,HLA-B57:01,6016.85,ANZ78847,LYEIQIPSDFT,795,708.0
1191,HLA-B57:01,6016.94,ANZ78847,VNNTWMYTGSG,1191,709.0
219,HLA-B57:01,6017.0,ANZ78847,FYQEGGTFYAY,219,710.0
1272,HLA-B57:01,6017.06,ANZ78847,QVEMNRLQEAI,1272,711.0
998,HLA-B57:01,6017.15,ANZ78847,INGLGVTMDVL,998,712.0
928,HLA-B57:01,6017.19,ANZ78847,GFVAAYNNCTG,928,713.0
1089,HLA-B57:01,6017.19,ANZ78847,INGRLTALNAY,1089,713.0
773,HLA-B57:01,6017.32,ANZ78847,RFTNFEPFTVN,773,715.0
1286,HLA-B57:01,6017.44,ANZ78847,NQSYINLKDIG,1286,716.0
894,HLA-B57:01,6017.46,ANZ78847,FSSVLGCLGSE,894,717.0
777,HLA-B57:01,6017.52,ANZ78847,FEPFTVNSVND,777,718.0
751,HLA-B57:01,6017.62,ANZ78847,GSGYCVDYSKN,751,719.0
161,HLA-B57:01,6017.7,ANZ78847,LLEVSVCQYNM,161,720.0
698,HLA-B57:01,6017.74,ANZ78847,PALLFRNIKCN,698,721.0
1289,HLA-B57:01,6017.79,ANZ78847,YINLKDIGTYE,1289,722.0
962,HLA-B57:01,6017.87,ANZ78847,SENQISGYTLA,962,723.0
72,HLA-B57:01,6017.93,ANZ78847,PTSGSTYRNMA,72,724.0
1133,HLA-B57:01,6018.21,ANZ78847,NFCGNGNHIIS,1133,725.0
1155,HLA-B57:01,6018.24,ANZ78847,IHFSYVPTKYV,1155,726.0
682,HLA-B57:01,6018.34,ANZ78847,CYSGRVSAAFH,682,727.0
661,HLA-B57:01,6018.38,ANZ78847,SNGNLYGFRDY,661,728.0
186,HLA-B57:01,6018.39,ANZ78847,HFKELWHMDTG,186,729.0
1336,HLA-B57:01,6018.54,ANZ78847,CFKKCGGCCDD,1336,730.0
643,HLA-B57:01,6018.6,ANZ78847,FVEVNATYYNS,643,731.0
1049,HLA-B57:01,6018.65,ANZ78847,EALNNLLQQLS,1049,732.0
685,HLA-B57:01,6018.84,ANZ78847,GRVSAAFHANS,685,733.0
1014,HLA-B57:01,6018.85,ANZ78847,LIANAFNNALD,1014,734.0
510,HLA-B57:01,6018.93,ANZ78847,SGPGKNNGIGT,510,735.0
1165,HLA-B57:01,6018.97,ANZ78847,VTAKVSPGLCI,1165,736.0
170,HLA-B57:01,6019.03,ANZ78847,NMCEYPHTICH,170,737.0
860,HLA-B57:01,6019.2,ANZ78847,LDTTQLQVANS,860,738.0
879,HLA-B57:01,6019.25,ANZ78847,TKLKDGVNFNV,879,739.0
779,HLA-B57:01,6019.26,ANZ78847,PFTVNSVNDSL,779,740.0
511,HLA-B57:01,6019.51,ANZ78847,GPGKNNGIGTC,511,741.0
941,HLA-B57:01,6019.76,ANZ78847,EIRDLICVQSY,941,742.0
582,HLA-B57:01,6019.77,ANZ78847,FLGWSADSCLQ,582,743.0
411,HLA-B57:01,6019.79,ANZ78847,GRKVDLQLGNL,411,744.0
1321,HLA-B57:01,6019.83,ANZ78847,VLLFFICCCTG,1321,745.0
1187,HLA-B57:01,6019.97,ANZ78847,YFVNVNNTWMY,1187,746.0
935,HLA-B57:01,6020.01,ANZ78847,NCTGGAEIRDL,935,747.0
1009,HLA-B57:01,6020.01,ANZ78847,SQNQKLIANAF,1009,747.0
49,HLA-B57:01,6020.06,ANZ78847,GLGTYYVLDRV,49,749.0
416,HLA-B57:01,6020.08,ANZ78847,LQLGNLGYLQS,416,750.0
179,HLA-B57:01,6020.14,ANZ78847,CHPNLGNHFKE,179,751.0
1279,HLA-B57:01,6020.23,ANZ78847,QEAIKVLNQSY,1279,752.0
888,HLA-B57:01,6020.29,ANZ78847,NVDDINFSSVL,888,753.0
205,HLA-B57:01,6020.3,ANZ78847,NFTYDVNATYL,205,754.0
624,HLA-B57:01,6020.35,ANZ78847,IKLGVCVNYDL,624,755.0
861,HLA-B57:01,6020.35,ANZ78847,DTTQLQVANSL,861,755.0
143,HLA-B57:01,6020.38,ANZ78847,VQPRTINSTQD,143,757.0
288,HLA-B57:01,6020.43,ANZ78847,DGIIFNAVDCM,288,758.0
859,HLA-B57:01,6020.45,ANZ78847,LLDTTQLQVAN,859,759.0
1040,HLA-B57:01,6020.66,ANZ78847,IQAVVNANAEA,1040,760.0
576,HLA-B57:01,6020.76,ANZ78847,TCQPQAFLGWS,576,761.0
1039,HLA-B57:01,6020.77,ANZ78847,KIQAVVNANAE,1039,762.0
559,HLA-B57:01,6020.87,ANZ78847,HCSGLAVKSDY,559,763.0
553,HLA-B57:01,6020.9,ANZ78847,LVGIGEHCSGL,553,764.0
487,HLA-B57:01,6020.97,ANZ78847,AQHCFKAPKNF,487,765.0
919,HLA-B57:01,6020.97,ANZ78847,FDKVKLSDVGF,919,765.0
966,HLA-B57:01,6020.99,ANZ78847,ISGYTLAATSA,966,767.0
1117,HLA-B57:01,6021.0,ANZ78847,AMEKVNECVKS,1117,768.0
565,HLA-B57:01,6021.28,ANZ78847,VKSDYCGGNPC,565,769.0
65,HLA-B57:01,6021.32,ANZ78847,LFLNGYYPTSG,65,770.0
886,HLA-B57:01,6021.33,ANZ78847,NFNVDDINFSS,886,771.0
940,HLA-B57:01,6021.33,ANZ78847,AEIRDLICVQS,940,771.0
322,HLA-B57:01,6021.41,ANZ78847,NGYTVQPIADV,322,773.0
1167,HLA-B57:01,6021.43,ANZ78847,AKVSPGLCIAG,1167,774.0
1315,HLA-B57:01,6021.43,ANZ78847,AGVAMLVLLFF,1315,774.0
415,HLA-B57:01,6021.44,ANZ78847,DLQLGNLGYLQ,415,776.0
925,HLA-B57:01,6021.53,ANZ78847,SDVGFVAAYNN,925,777.0
899,HLA-B57:01,6021.66,ANZ78847,GCLGSECSKAS,899,778.0
1056,HLA-B57:01,6021.72,ANZ78847,QQLSNRFGAIS,1056,779.0
21,HLA-B57:01,6021.74,ANZ78847,PLDSRTGSLNN,21,780.0
1045,HLA-B57:01,6021.76,ANZ78847,NANAEALNNLL,1045,781.0
89,HLA-B57:01,6021.8,ANZ78847,LSTLWFKPPFL,89,782.0
827,HLA-B57:01,6021.8,ANZ78847,FVCGDYAACKS,827,782.0
1149,HLA-B57:01,6021.82,ANZ78847,PYGLYFIHFSY,1149,784.0
543,HLA-B57:01,6021.87,ANZ78847,GPYKCPQSKSL,543,785.0
438,HLA-B57:01,6022.12,ANZ78847,CQLYYNLPAAN,438,786.0
532,HLA-B57:01,6022.12,ANZ78847,NLCNPDPITFT,532,786.0
533,HLA-B57:01,6022.42,ANZ78847,LCNPDPITFTG,533,788.0
255,HLA-B57:01,6022.5,ANZ78847,MPLTCISRRNI,255,789.0
749,HLA-B57:01,6022.56,ANZ78847,TVGSGYCVDYS,749,790.0
1007,HLA-B57:01,6022.66,ANZ78847,VLSQNQKLIAN,1007,791.0
664,HLA-B57:01,6022.8,ANZ78847,NLYGFRDYLTN,664,792.0
184,HLA-B57:01,6022.84,ANZ78847,GNHFKELWHMD,184,793.0
1001,HLA-B57:01,6022.84,ANZ78847,LGVTMDVLSQN,1001,793.0
1264,HLA-B57:01,6022.98,ANZ78847,INVTFLDLQVE,1264,795.0
1137,HLA-B57:01,6023.01,ANZ78847,NGNHIISLVQN,1137,796.0
1134,HLA-B57:01,6023.05,ANZ78847,FCGNGNHIISL,1134,797.0
209,HLA-B57:01,6023.11,ANZ78847,DVNATYLYFHF,209,798.0
1132,HLA-B57:01,6023.21,ANZ78847,INFCGNGNHII,1132,799.0
704,HLA-B57:01,6023.22,ANZ78847,NIKCNYVFNNS,704,800.0
815,HLA-B57:01,6023.27,ANZ78847,TSSPKVTIDCA,815,801.0
460,HLA-B57:01,6023.32,ANZ78847,NKRFGFIEDSV,460,802.0
272,HLA-B57:01,6023.45,ANZ78847,WVTPLTSRQYL,272,803.0
333,HLA-B57:01,6023.45,ANZ78847,YRRKPDLPNCN,333,803.0
506,HLA-B57:01,6023.48,ANZ78847,LCVGSGPGKNN,506,805.0
726,HLA-B57:01,6023.59,ANZ78847,DSYLGCVVNAY,726,806.0
625,HLA-B57:01,6023.77,ANZ78847,KLGVCVNYDLY,625,807.0
628,HLA-B57:01,6023.89,ANZ78847,VCVNYDLYGIS,628,808.0
391,HLA-B57:01,6023.96,ANZ78847,AKIYGMCFSSI,391,809.0
481,HLA-B57:01,6023.98,ANZ78847,NHDVVYAQHCF,481,810.0
1198,HLA-B57:01,6024.05,ANZ78847,TGSGYYYPEPI,1198,811.0
1237,HLA-B57:01,6024.15,ANZ78847,NLPDFREELDQ,1237,812.0
778,HLA-B57:01,6024.17,ANZ78847,EPFTVNSVNDS,778,813.0
131,HLA-B57:01,6024.2,ANZ78847,GSTFVNTSYSV,131,814.0
658,HLA-B57:01,6024.2,ANZ78847,LYDSNGNLYGF,658,814.0
1301,HLA-B57:01,6024.29,ANZ78847,YVKWPWYVWLL,1301,816.0
168,HLA-B57:01,6024.31,ANZ78847,QYNMCEYPHTI,168,817.0
581,HLA-B57:01,6024.32,ANZ78847,AFLGWSADSCL,581,818.0
309,HLA-B57:01,6024.39,ANZ78847,TQSIAPPTGVY,309,819.0
441,HLA-B57:01,6024.42,ANZ78847,YYNLPAANVSV,441,820.0
918,HLA-B57:01,6024.44,ANZ78847,LFDKVKLSDVG,918,821.0
772,HLA-B57:01,6024.59,ANZ78847,YRFTNFEPFTV,772,822.0
1212,HLA-B57:01,6024.6,ANZ78847,NVVVMSTCAVN,1212,823.0
8,HLA-B57:01,6024.61,ANZ78847,LPTAFAVIGDL,8,824.0
233,HLA-B57:01,6024.68,ANZ78847,TGVVTKFLFNV,233,825.0
1338,HLA-B57:01,6024.68,ANZ78847,KKCGGCCDDYT,1338,825.0
118,HLA-B57:01,6024.73,ANZ78847,DGVMYSEFPAI,118,827.0
946,HLA-B57:01,6024.79,ANZ78847,ICVQSYKGIKV,946,828.0
191,HLA-B57:01,6024.83,ANZ78847,WHMDTGVVSCL,191,829.0
1258,HLA-B57:01,6024.86,ANZ78847,DLALDYINVTF,1258,830.0
126,HLA-B57:01,6024.93,ANZ78847,PAITIGSTFVN,126,831.0
464,HLA-B57:01,6024.95,ANZ78847,GFIEDSVFKPQ,464,832.0
47,HLA-B57:01,6025.02,ANZ78847,TNGLGTYYVLD,47,833.0
932,HLA-B57:01,6025.05,ANZ78847,AYNNCTGGAEI,932,834.0
765,HLA-B57:01,6025.13,ANZ78847,RRAITTGYRFT,765,835.0
345,HLA-B57:01,6025.19,ANZ78847,EAWLNDKSVPS,345,836.0
997,HLA-B57:01,6025.34,ANZ78847,RINGLGVTMDV,997,837.0
733,HLA-B57:01,6025.35,ANZ78847,VNAYNSTAISV,733,838.0
173,HLA-B57:01,6025.46,ANZ78847,EYPHTICHPNL,173,839.0
226,HLA-B57:01,6025.56,ANZ78847,FYAYFTDTGVV,226,840.0
247,HLA-B57:01,6025.71,ANZ78847,MALSHYYVMPL,247,841.0
1183,HLA-B57:01,6025.76,ANZ78847,PKSGYFVNVNN,1183,842.0
167,HLA-B57:01,6026.1,ANZ78847,CQYNMCEYPHT,167,843.0
98,HLA-B57:01,6026.13,ANZ78847,FLSDFINGIFA,98,844.0
208,HLA-B57:01,6026.15,ANZ78847,YDVNATYLYFH,208,845.0
409,HLA-B57:01,6026.22,ANZ78847,PNGRKVDLQLG,409,846.0
1059,HLA-B57:01,6026.29,ANZ78847,SNRFGAISSSL,1059,847.0
486,HLA-B57:01,6026.32,ANZ78847,YAQHCFKAPKN,486,848.0
747,HLA-B57:01,6026.42,ANZ78847,DLTVGSGYCVD,747,849.0
73,HLA-B57:01,6026.47,ANZ78847,TSGSTYRNMAL,73,850.0
829,HLA-B57:01,6026.51,ANZ78847,CGDYAACKSQL,829,851.0
903,HLA-B57:01,6026.53,ANZ78847,SECSKASSRSA,903,852.0
571,HLA-B57:01,6026.55,ANZ78847,GGNPCTCQPQA,571,853.0
494,HLA-B57:01,6026.56,ANZ78847,PKNFCPCKSNS,494,854.0
557,HLA-B57:01,6026.62,ANZ78847,GEHCSGLAVKS,557,855.0
468,HLA-B57:01,6027.03,ANZ78847,DSVFKPQPAGV,468,856.0
63,HLA-B57:01,6027.1,ANZ78847,TTLFLNGYYPT,63,857.0
353,HLA-B57:01,6027.11,ANZ78847,VPSPLNWERKT,353,858.0
1249,HLA-B57:01,6027.27,ANZ78847,FKNQTSVAPDL,1249,859.0
525,HLA-B57:01,6027.33,ANZ78847,TNYLTCHNLCN,525,860.0
225,HLA-B57:01,6027.43,ANZ78847,TFYAYFTDTGV,225,861.0
1242,HLA-B57:01,6027.45,ANZ78847,REELDQWFKNQ,1242,862.0
1265,HLA-B57:01,6027.47,ANZ78847,NVTFLDLQVEM,1265,863.0
958,HLA-B57:01,6027.59,ANZ78847,PPLLSENQISG,958,864.0
717,HLA-B57:01,6027.63,ANZ78847,RQLQPINYFDS,717,865.0
270,HLA-B57:01,6027.69,ANZ78847,EYWVTPLTSRQ,270,866.0
1069,HLA-B57:01,6027.72,ANZ78847,LQEILSRLDAL,1069,867.0
914,HLA-B57:01,6027.79,ANZ78847,IEDLLFDKVKL,914,868.0
153,HLA-B57:01,6027.94,ANZ78847,DGVNKLQGLLE,153,869.0
238,HLA-B57:01,6028.02,ANZ78847,KFLFNVYLGMA,238,870.0
954,HLA-B57:01,6028.21,ANZ78847,IKVLPPLLSEN,954,871.0
950,HLA-B57:01,6028.23,ANZ78847,SYKGIKVLPPL,950,872.0
518,HLA-B57:01,6028.46,ANZ78847,IGTCPAGTNYL,518,873.0
680,HLA-B57:01,6028.57,ANZ78847,RSCYSGRVSAA,680,874.0
108,HLA-B57:01,6028.64,ANZ78847,AKVKNTKVFKD,108,875.0
793,HLA-B57:01,6028.67,ANZ78847,GGLYEIQIPSD,793,876.0
705,HLA-B57:01,6028.68,ANZ78847,IKCNYVFNNSL,705,877.0
1262,HLA-B57:01,6028.76,ANZ78847,DYINVTFLDLQ,1262,878.0
535,HLA-B57:01,6028.77,ANZ78847,NPDPITFTGPY,535,879.0
1196,HLA-B57:01,6028.81,ANZ78847,MYTGSGYYYPE,1196,880.0
1015,HLA-B57:01,6028.82,ANZ78847,IANAFNNALDA,1015,881.0
970,HLA-B57:01,6028.91,ANZ78847,TLAATSASLFP,970,882.0
916,HLA-B57:01,6029.01,ANZ78847,DLLFDKVKLSD,916,883.0
936,HLA-B57:01,6029.01,ANZ78847,CTGGAEIRDLI,936,883.0
1288,HLA-B57:01,6029.22,ANZ78847,SYINLKDIGTY,1288,885.0
36,HLA-B57:01,6029.23,ANZ78847,PPSISTATVDV,36,886.0
798,HLA-B57:01,6029.26,ANZ78847,IQIPSDFTIGN,798,887.0
133,HLA-B57:01,6029.27,ANZ78847,TFVNTSYSVVV,133,888.0
728,HLA-B57:01,6029.28,ANZ78847,YLGCVVNAYNS,728,889.0
1081,HLA-B57:01,6029.37,ANZ78847,AEAQIDRLING,1081,890.0
1310,HLA-B57:01,6029.68,ANZ78847,LLICLAGVAML,1310,891.0
967,HLA-B57:01,6029.72,ANZ78847,SGYTLAATSAS,967,892.0
180,HLA-B57:01,6029.94,ANZ78847,HPNLGNHFKEL,180,893.0
938,HLA-B57:01,6030.01,ANZ78847,GGAEIRDLICV,938,894.0
75,HLA-B57:01,6030.07,ANZ78847,GSTYRNMALKG,75,895.0
651,HLA-B57:01,6030.09,ANZ78847,YNSWQNLLYDS,651,896.0
823,HLA-B57:01,6030.11,ANZ78847,DCAAFVCGDYA,823,897.0
787,HLA-B57:01,6030.16,ANZ78847,DSLEPVGGLYE,787,898.0
1327,HLA-B57:01,6030.17,ANZ78847,CCCTGCGTSCF,1327,899.0
545,HLA-B57:01,6030.22,ANZ78847,YKCPQSKSLVG,545,900.0
1305,HLA-B57:01,6030.27,ANZ78847,PWYVWLLICLA,1305,901.0
896,HLA-B57:01,6030.32,ANZ78847,SVLGCLGSECS,896,902.0
597,HLA-B57:01,6030.39,ANZ78847,NIFANLILHDV,597,903.0
475,HLA-B57:01,6030.43,ANZ78847,PAGVLTNHDVV,475,904.0
159,HLA-B57:01,6030.45,ANZ78847,QGLLEVSVCQY,159,905.0
1337,HLA-B57:01,6030.48,ANZ78847,FKKCGGCCDDY,1337,906.0
26,HLA-B57:01,6030.54,ANZ78847,TGSLNNIDTGP,26,907.0
837,HLA-B57:01,6030.55,ANZ78847,SQLVEYGSFCD,837,908.0
439,HLA-B57:01,6030.77,ANZ78847,QLYYNLPAANV,439,909.0
1119,HLA-B57:01,6030.82,ANZ78847,EKVNECVKSQS,1119,910.0
1285,HLA-B57:01,6030.83,ANZ78847,LNQSYINLKDI,1285,911.0
1020,HLA-B57:01,6030.84,ANZ78847,NNALDAIQEGF,1020,912.0
1022,HLA-B57:01,6030.87,ANZ78847,ALDAIQEGFDA,1022,913.0
1219,HLA-B57:01,6030.96,ANZ78847,CAVNYTKAPYV,1219,914.0
1261,HLA-B57:01,6030.96,ANZ78847,LDYINVTFLDL,1261,914.0
3,HLA-B57:01,6031.02,ANZ78847,ILLISLPTAFA,3,916.0
304,HLA-B57:01,6031.12,ANZ78847,EIKCKTQSIAP,304,917.0
301,HLA-B57:01,6031.31,ANZ78847,FMSEIKCKTQS,301,918.0
508,HLA-B57:01,6031.32,ANZ78847,VGSGPGKNNGI,508,919.0
1033,HLA-B57:01,6031.36,ANZ78847,TNSALVKIQAV,1033,920.0
1074,HLA-B57:01,6031.4,ANZ78847,SRLDALEAEAQ,1074,921.0
157,HLA-B57:01,6031.45,ANZ78847,KLQGLLEVSVC,157,922.0
57,HLA-B57:01,6031.63,ANZ78847,DRVYLNTTLFL,57,923.0
100,HLA-B57:01,6031.72,ANZ78847,SDFINGIFAKV,100,924.0
607,HLA-B57:01,6031.77,ANZ78847,VNSGLTCSTDL,607,925.0
307,HLA-B57:01,6031.8,ANZ78847,CKTQSIAPPTG,307,926.0
474,HLA-B57:01,6031.9,ANZ78847,QPAGVLTNHDV,474,927.0
839,HLA-B57:01,6032.03,ANZ78847,LVEYGSFCDNI,839,928.0
889,HLA-B57:01,6032.18,ANZ78847,VDDINFSSVLG,889,929.0
691,HLA-B57:01,6032.23,ANZ78847,FHANSSEPALL,691,930.0
864,HLA-B57:01,6032.32,ANZ78847,QLQVANSLMNG,864,931.0
1181,HLA-B57:01,6032.34,ANZ78847,IAPKSGYFVNV,1181,932.0
1143,HLA-B57:01,6032.42,ANZ78847,SLVQNAPYGLY,1143,933.0
1118,HLA-B57:01,6032.57,ANZ78847,MEKVNECVKSQ,1118,934.0
156,HLA-B57:01,6032.65,ANZ78847,NKLQGLLEVSV,156,935.0
891,HLA-B57:01,6032.82,ANZ78847,DINFSSVLGCL,891,936.0
791,HLA-B57:01,6032.92,ANZ78847,PVGGLYEIQIP,791,937.0
650,HLA-B57:01,6033.11,ANZ78847,YYNSWQNLLYD,650,938.0
990,HLA-B57:01,6033.4,ANZ78847,FYLNVQYRING,990,939.0
1318,HLA-B57:01,6033.41,ANZ78847,AMLVLLFFICC,1318,940.0
1292,HLA-B57:01,6033.47,ANZ78847,LKDIGTYEYYV,1292,941.0
434,HLA-B57:01,6033.55,ANZ78847,TATSCQLYYNL,434,942.0
521,HLA-B57:01,6033.57,ANZ78847,CPAGTNYLTCH,521,943.0
378,HLA-B57:01,6033.62,ANZ78847,IQADSFTCNNI,378,944.0
493,HLA-B57:01,6033.64,ANZ78847,APKNFCPCKSN,493,945.0
626,HLA-B57:01,6033.64,ANZ78847,LGVCVNYDLYG,626,945.0
992,HLA-B57:01,6033.68,ANZ78847,LNVQYRINGLG,992,947.0
291,HLA-B57:01,6033.69,ANZ78847,IFNAVDCMSDF,291,948.0
94,HLA-B57:01,6033.71,ANZ78847,FKPPFLSDFIN,94,949.0
1097,HLA-B57:01,6033.84,ANZ78847,NAYVSQQLSDS,1097,950.0
459,HLA-B57:01,6033.92,ANZ78847,WNKRFGFIEDS,459,951.0
568,HLA-B57:01,6033.96,ANZ78847,DYCGGNPCTCQ,568,952.0
662,HLA-B57:01,6034.12,ANZ78847,NGNLYGFRDYL,662,953.0
18,HLA-B57:01,6034.14,ANZ78847,LKCPLDSRTGS,18,954.0
1247,HLA-B57:01,6034.22,ANZ78847,QWFKNQTSVAP,1247,955.0
19,HLA-B57:01,6034.3,ANZ78847,KCPLDSRTGSL,19,956.0
45,HLA-B57:01,6034.3,ANZ78847,DVTNGLGTYYV,45,956.0
595,HLA-B57:01,6034.31,ANZ78847,KCNIFANLILH,595,958.0
130,HLA-B57:01,6034.33,ANZ78847,IGSTFVNTSYS,130,959.0
999,HLA-B57:01,6034.33,ANZ78847,NGLGVTMDVLS,999,959.0
254,HLA-B57:01,6034.39,ANZ78847,VMPLTCISRRN,254,961.0
742,HLA-B57:01,6034.49,ANZ78847,SVQTCDLTVGS,742,962.0
431,HLA-B57:01,6034.52,ANZ78847,IDTTATSCQLY,431,963.0
376,HLA-B57:01,6034.58,ANZ78847,SFIQADSFTCN,376,964.0
1170,HLA-B57:01,6034.73,ANZ78847,SPGLCIAGDRG,1170,965.0
1178,HLA-B57:01,6034.73,ANZ78847,DRGIAPKSGYF,1178,965.0
1087,HLA-B57:01,6034.81,ANZ78847,RLINGRLTALN,1087,967.0
467,HLA-B57:01,6035.01,ANZ78847,EDSVFKPQPAG,467,968.0
822,HLA-B57:01,6035.08,ANZ78847,IDCAAFVCGDY,822,969.0
1057,HLA-B57:01,6035.13,ANZ78847,QLSNRFGAISS,1057,970.0
1090,HLA-B57:01,6035.22,ANZ78847,NGRLTALNAYV,1090,971.0
883,HLA-B57:01,6035.28,ANZ78847,DGVNFNVDDIN,883,972.0
1260,HLA-B57:01,6035.32,ANZ78847,ALDYINVTFLD,1260,973.0
845,HLA-B57:01,6035.4,ANZ78847,FCDNINAILTE,845,974.0
1019,HLA-B57:01,6035.42,ANZ78847,FNNALDAIQEG,1019,975.0
384,HLA-B57:01,6035.44,ANZ78847,TCNNIDAAKIY,384,976.0
548,HLA-B57:01,6035.45,ANZ78847,PQSKSLVGIGE,548,977.0
572,HLA-B57:01,6035.47,ANZ78847,GNPCTCQPQAF,572,978.0
1179,HLA-B57:01,6035.49,ANZ78847,RGIAPKSGYFV,1179,979.0
784,HLA-B57:01,6035.65,ANZ78847,SVNDSLEPVGG,784,980.0
937,HLA-B57:01,6035.69,ANZ78847,TGGAEIRDLIC,937,981.0
713,HLA-B57:01,6035.71,ANZ78847,NSLTRQLQPIN,713,982.0
87,HLA-B57:01,6035.76,ANZ78847,DKLSTLWFKPP,87,983.0
590,HLA-B57:01,6035.9,ANZ78847,CLQGDKCNIFA,590,984.0
22,HLA-B57:01,6036.02,ANZ78847,LDSRTGSLNNI,22,985.0
410,HLA-B57:01,6036.02,ANZ78847,NGRKVDLQLGN,410,985.0
887,HLA-B57:01,6036.15,ANZ78847,FNVDDINFSSV,887,987.0
531,HLA-B57:01,6036.19,ANZ78847,HNLCNPDPITF,531,988.0
346,HLA-B57:01,6036.28,ANZ78847,AWLNDKSVPSP,346,989.0
158,HLA-B57:01,6036.3,ANZ78847,LQGLLEVSVCQ,158,990.0
343,HLA-B57:01,6036.34,ANZ78847,NIEAWLNDKSV,343,991.0
689,HLA-B57:01,6036.38,ANZ78847,AAFHANSSEPA,689,992.0
1182,HLA-B57:01,6036.55,ANZ78847,APKSGYFVNVN,1182,993.0
708,HLA-B57:01,6036.56,ANZ78847,NYVFNNSLTRQ,708,994.0
529,HLA-B57:01,6036.59,ANZ78847,TCHNLCNPDPI,529,995.0
1124,HLA-B57:01,6036.71,ANZ78847,CVKSQSSRINF,1124,996.0
1176,HLA-B57:01,6036.73,ANZ78847,AGDRGIAPKSG,1176,997.0
505,HLA-B57:01,6036.81,ANZ78847,SLCVGSGPGKN,505,998.0
496,HLA-B57:01,6036.85,ANZ78847,NFCPCKSNSSL,496,999.0
29,HLA-B57:01,6036.93,ANZ78847,LNNIDTGPPSI,29,1000.0
335,HLA-B57:01,6036.96,ANZ78847,RKPDLPNCNIE,335,1001.0
953,HLA-B57:01,6036.97,ANZ78847,GIKVLPPLLSE,953,1002.0
329,HLA-B57:01,6037.11,ANZ78847,IADVYRRKPDL,329,1003.0
419,HLA-B57:01,6037.21,ANZ78847,GNLGYLQSFNY,419,1004.0
250,HLA-B57:01,6037.24,ANZ78847,SHYYVMPLTCI,250,1005.0
1281,HLA-B57:01,6037.26,ANZ78847,AIKVLNQSYIN,1281,1006.0
278,HLA-B57:01,6037.31,ANZ78847,SRQYLLAFNQD,278,1007.0
1211,HLA-B57:01,6037.37,ANZ78847,NNVVVMSTCAV,1211,1008.0
835,HLA-B57:01,6037.47,ANZ78847,CKSQLVEYGSF,835,1009.0
86,HLA-B57:01,6037.57,ANZ78847,TDKLSTLWFKP,86,1010.0
657,HLA-B57:01,6037.66,ANZ78847,LLYDSNGNLYG,657,1011.0
248,HLA-B57:01,6037.7,ANZ78847,ALSHYYVMPLT,248,1012.0
719,HLA-B57:01,6037.73,ANZ78847,LQPINYFDSYL,719,1013.0
700,HLA-B57:01,6037.98,ANZ78847,LLFRNIKCNYV,700,1014.0
400,HLA-B57:01,6037.99,ANZ78847,SITIDKFAIPN,400,1015.0
542,HLA-B57:01,6038.02,ANZ78847,TGPYKCPQSKS,542,1016.0
1204,HLA-B57:01,6038.05,ANZ78847,YPEPITENNVV,1204,1017.0
855,HLA-B57:01,6038.08,ANZ78847,EVNELLDTTQL,855,1018.0
820,HLA-B57:01,6038.11,ANZ78847,VTIDCAAFVCG,820,1019.0
996,HLA-B57:01,6038.17,ANZ78847,YRINGLGVTMD,996,1020.0
558,HLA-B57:01,6038.26,ANZ78847,EHCSGLAVKSD,558,1021.0
601,HLA-B57:01,6038.26,ANZ78847,NLILHDVNSGL,601,1021.0
630,HLA-B57:01,6038.4,ANZ78847,VNYDLYGISGQ,630,1023.0
188,HLA-B57:01,6038.43,ANZ78847,KELWHMDTGVV,188,1024.0
356,HLA-B57:01,6038.5,ANZ78847,PLNWERKTFSN,356,1025.0
1313,HLA-B57:01,6038.66,ANZ78847,CLAGVAMLVLL,1313,1026.0
838,HLA-B57:01,6038.7,ANZ78847,QLVEYGSFCDN,838,1027.0
1332,HLA-B57:01,6038.75,ANZ78847,CGTSCFKKCGG,1332,1028.0
563,HLA-B57:01,6038.8,ANZ78847,LAVKSDYCGGN,563,1029.0
1036,HLA-B57:01,6038.81,ANZ78847,ALVKIQAVVNA,1036,1030.0
66,HLA-B57:01,6038.86,ANZ78847,FLNGYYPTSGS,66,1031.0
1203,HLA-B57:01,6038.92,ANZ78847,YYPEPITENNV,1203,1032.0
629,HLA-B57:01,6038.95,ANZ78847,CVNYDLYGISG,629,1033.0
678,HLA-B57:01,6039.1,ANZ78847,MIRSCYSGRVS,678,1034.0
200,HLA-B57:01,6039.11,ANZ78847,CLYKRNFTYDV,200,1035.0
522,HLA-B57:01,6039.29,ANZ78847,PAGTNYLTCHN,522,1036.0
151,HLA-B57:01,6039.37,ANZ78847,TQDGVNKLQGL,151,1037.0
810,HLA-B57:01,6039.39,ANZ78847,EEFIQTSSPKV,810,1038.0
949,HLA-B57:01,6039.44,ANZ78847,QSYKGIKVLPP,949,1039.0
1079,HLA-B57:01,6039.56,ANZ78847,LEAEAQIDRLI,1079,1040.0
668,HLA-B57:01,6039.61,ANZ78847,FRDYLTNRTFM,668,1041.0
642,HLA-B57:01,6039.67,ANZ78847,IFVEVNATYYN,642,1042.0
1241,HLA-B57:01,6039.7,ANZ78847,FREELDQWFKN,1241,1043.0
461,HLA-B57:01,6039.83,ANZ78847,KRFGFIEDSVF,461,1044.0
507,HLA-B57:01,6039.88,ANZ78847,CVGSGPGKNNG,507,1045.0
1148,HLA-B57:01,6039.91,ANZ78847,APYGLYFIHFS,1148,1046.0
1075,HLA-B57:01,6039.92,ANZ78847,RLDALEAEAQI,1075,1047.0
1194,HLA-B57:01,6040.06,ANZ78847,TWMYTGSGYYY,1194,1048.0
1092,HLA-B57:01,6040.14,ANZ78847,RLTALNAYVSQ,1092,1049.0
1005,HLA-B57:01,6040.15,ANZ78847,MDVLSQNQKLI,1005,1050.0
342,HLA-B57:01,6040.18,ANZ78847,CNIEAWLNDKS,342,1051.0
917,HLA-B57:01,6040.27,ANZ78847,LLFDKVKLSDV,917,1052.0
1163,HLA-B57:01,6040.33,ANZ78847,KYVTAKVSPGL,1163,1053.0
831,HLA-B57:01,6040.37,ANZ78847,DYAACKSQLVE,831,1054.0
1096,HLA-B57:01,6040.41,ANZ78847,LNAYVSQQLSD,1096,1055.0
155,HLA-B57:01,6040.52,ANZ78847,VNKLQGLLEVS,155,1056.0
1256,HLA-B57:01,6040.53,ANZ78847,APDLALDYINV,1256,1057.0
944,HLA-B57:01,6040.67,ANZ78847,DLICVQSYKGI,944,1058.0
1123,HLA-B57:01,6040.84,ANZ78847,ECVKSQSSRIN,1123,1059.0
761,HLA-B57:01,6040.94,ANZ78847,NRRSRRAITTG,761,1060.0
833,HLA-B57:01,6041.08,ANZ78847,AACKSQLVEYG,833,1061.0
175,HLA-B57:01,6041.32,ANZ78847,PHTICHPNLGN,175,1062.0
110,HLA-B57:01,6041.33,ANZ78847,VKNTKVFKDGV,110,1063.0
517,HLA-B57:01,6041.4,ANZ78847,GIGTCPAGTNY,517,1064.0
1226,HLA-B57:01,6041.48,ANZ78847,APYVMLNTSIP,1226,1065.0
671,HLA-B57:01,6041.49,ANZ78847,YLTNRTFMIRS,671,1066.0
500,HLA-B57:01,6041.59,ANZ78847,CKSNSSLCVGS,500,1067.0
1341,HLA-B57:01,6041.69,ANZ78847,GGCCDDYTGYQ,1341,1068.0
282,HLA-B57:01,6041.7,ANZ78847,LLAFNQDGIIF,282,1069.0
775,HLA-B57:01,6041.92,ANZ78847,TNFEPFTVNSV,775,1070.0
404,HLA-B57:01,6041.96,ANZ78847,DKFAIPNGRKV,404,1071.0
1084,HLA-B57:01,6041.99,ANZ78847,QIDRLINGRLT,1084,1072.0
1205,HLA-B57:01,6041.99,ANZ78847,PEPITENNVVV,1205,1072.0
801,HLA-B57:01,6042.13,ANZ78847,PSDFTIGNMEE,801,1074.0
1070,HLA-B57:01,6042.26,ANZ78847,QEILSRLDALE,1070,1075.0
873,HLA-B57:01,6042.34,ANZ78847,NGVTLSTKLKD,873,1076.0
455,HLA-B57:01,6042.4,ANZ78847,NPSTWNKRFGF,455,1077.0
736,HLA-B57:01,6042.44,ANZ78847,YNSTAISVQTC,736,1078.0
1010,HLA-B57:01,6042.44,ANZ78847,QNQKLIANAFN,1010,1078.0
490,HLA-B57:01,6042.45,ANZ78847,CFKAPKNFCPC,490,1080.0
703,HLA-B57:01,6042.46,ANZ78847,RNIKCNYVFNN,703,1081.0
900,HLA-B57:01,6042.65,ANZ78847,CLGSECSKASS,900,1082.0
214,HLA-B57:01,6043.03,ANZ78847,YLYFHFYQEGG,214,1083.0
418,HLA-B57:01,6043.03,ANZ78847,LGNLGYLQSFN,418,1083.0
285,HLA-B57:01,6043.22,ANZ78847,FNQDGIIFNAV,285,1085.0
1302,HLA-B57:01,6043.22,ANZ78847,VKWPWYVWLLI,1302,1085.0
1028,HLA-B57:01,6043.24,ANZ78847,EGFDATNSALV,1028,1087.0
109,HLA-B57:01,6043.41,ANZ78847,KVKNTKVFKDG,109,1088.0
244,HLA-B57:01,6043.49,ANZ78847,YLGMALSHYYV,244,1089.0
363,HLA-B57:01,6043.65,ANZ78847,TFSNCNFNMSS,363,1090.0
1018,HLA-B57:01,6043.74,ANZ78847,AFNNALDAIQE,1018,1091.0
1190,HLA-B57:01,6043.75,ANZ78847,NVNNTWMYTGS,1190,1092.0
1334,HLA-B57:01,6043.75,ANZ78847,TSCFKKCGGCC,1334,1092.0
828,HLA-B57:01,6043.96,ANZ78847,VCGDYAACKSQ,828,1094.0
152,HLA-B57:01,6043.98,ANZ78847,QDGVNKLQGLL,152,1095.0
1150,HLA-B57:01,6044.25,ANZ78847,YGLYFIHFSYV,1150,1096.0
1103,HLA-B57:01,6044.33,ANZ78847,QLSDSTLVKFS,1103,1097.0
1333,HLA-B57:01,6044.66,ANZ78847,GTSCFKKCGGC,1333,1098.0
1345,HLA-B57:01,6044.71,ANZ78847,DDYTGYQELVI,1345,1099.0
364,HLA-B57:01,6044.81,ANZ78847,FSNCNFNMSSL,364,1100.0
588,HLA-B57:01,6044.85,ANZ78847,DSCLQGDKCNI,588,1101.0
414,HLA-B57:01,6044.92,ANZ78847,VDLQLGNLGYL,414,1102.0
1291,HLA-B57:01,6045.0,ANZ78847,NLKDIGTYEYY,1291,1103.0
412,HLA-B57:01,6045.03,ANZ78847,RKVDLQLGNLG,412,1104.0
7,HLA-B57:01,6045.38,ANZ78847,SLPTAFAVIGD,7,1105.0
1016,HLA-B57:01,6045.38,ANZ78847,ANAFNNALDAI,1016,1105.0
1037,HLA-B57:01,6045.38,ANZ78847,LVKIQAVVNAN,1037,1105.0
720,HLA-B57:01,6045.41,ANZ78847,QPINYFDSYLG,720,1108.0
1053,HLA-B57:01,6045.67,ANZ78847,NLLQQLSNRFG,1053,1109.0
981,HLA-B57:01,6045.74,ANZ78847,PWTAAAGVPFY,981,1110.0
1255,HLA-B57:01,6045.78,ANZ78847,VAPDLALDYIN,1255,1111.0
514,HLA-B57:01,6045.84,ANZ78847,KNNGIGTCPAG,514,1112.0
17,HLA-B57:01,6045.95,ANZ78847,DLKCPLDSRTG,17,1113.0
377,HLA-B57:01,6046.11,ANZ78847,FIQADSFTCNN,377,1114.0
862,HLA-B57:01,6046.15,ANZ78847,TTQLQVANSLM,862,1115.0
622,HLA-B57:01,6046.18,ANZ78847,TDIKLGVCVNY,622,1116.0
334,HLA-B57:01,6046.42,ANZ78847,RRKPDLPNCNI,334,1117.0
1109,HLA-B57:01,6046.46,ANZ78847,LVKFSAAQAME,1109,1118.0
618,HLA-B57:01,6046.52,ANZ78847,QKANTDIKLGV,618,1119.0
1044,HLA-B57:01,6046.77,ANZ78847,VNANAEALNNL,1044,1120.0
807,HLA-B57:01,6047.01,ANZ78847,GNMEEFIQTSS,807,1121.0
669,HLA-B57:01,6047.27,ANZ78847,RDYLTNRTFMI,669,1122.0
1171,HLA-B57:01,6047.28,ANZ78847,PGLCIAGDRGI,1171,1123.0
1343,HLA-B57:01,6047.29,ANZ78847,CCDDYTGYQEL,1343,1124.0
1236,HLA-B57:01,6047.32,ANZ78847,PNLPDFREELD,1236,1125.0
1259,HLA-B57:01,6047.35,ANZ78847,LALDYINVTFL,1259,1126.0
951,HLA-B57:01,6047.52,ANZ78847,YKGIKVLPPLL,951,1127.0
1221,HLA-B57:01,6047.68,ANZ78847,VNYTKAPYVML,1221,1128.0
145,HLA-B57:01,6047.75,ANZ78847,PRTINSTQDGV,145,1129.0
1,HLA-B57:01,6047.76,ANZ78847,FLILLISLPTA,1,1130.0
991,HLA-B57:01,6047.89,ANZ78847,YLNVQYRINGL,991,1131.0
1276,HLA-B57:01,6047.95,ANZ78847,NRLQEAIKVLN,1276,1132.0
979,HLA-B57:01,6048.07,ANZ78847,FPPWTAAAGVP,979,1133.0
232,HLA-B57:01,6048.1,ANZ78847,DTGVVTKFLFN,232,1134.0
275,HLA-B57:01,6048.16,ANZ78847,PLTSRQYLLAF,275,1135.0
722,HLA-B57:01,6048.41,ANZ78847,INYFDSYLGCV,722,1136.0
738,HLA-B57:01,6048.41,ANZ78847,STAISVQTCDL,738,1136.0
555,HLA-B57:01,6048.42,ANZ78847,GIGEHCSGLAV,555,1138.0
261,HLA-B57:01,6048.46,ANZ78847,SRRNIGFTLEY,261,1139.0
623,HLA-B57:01,6048.68,ANZ78847,DIKLGVCVNYD,623,1140.0
989,HLA-B57:01,6048.68,ANZ78847,PFYLNVQYRIN,989,1140.0
817,HLA-B57:01,6048.69,ANZ78847,SPKVTIDCAAF,817,1142.0
305,HLA-B57:01,6048.97,ANZ78847,IKCKTQSIAPP,305,1143.0
499,HLA-B57:01,6049.03,ANZ78847,PCKSNSSLCVG,499,1144.0
365,HLA-B57:01,6049.27,ANZ78847,SNCNFNMSSLM,365,1145.0
1041,HLA-B57:01,6049.27,ANZ78847,QAVVNANAEAL,1041,1145.0
1200,HLA-B57:01,6049.33,ANZ78847,SGYYYPEPITE,1200,1147.0
237,HLA-B57:01,6049.52,ANZ78847,TKFLFNVYLGM,237,1148.0
617,HLA-B57:01,6049.59,ANZ78847,LQKANTDIKLG,617,1149.0
80,HLA-B57:01,6049.67,ANZ78847,NMALKGTDKLS,80,1150.0
790,HLA-B57:01,6049.82,ANZ78847,EPVGGLYEIQI,790,1151.0
792,HLA-B57:01,6049.9,ANZ78847,VGGLYEIQIPS,792,1152.0
454,HLA-B57:01,6050.04,ANZ78847,FNPSTWNKRFG,454,1153.0
848,HLA-B57:01,6050.16,ANZ78847,NINAILTEVNE,848,1154.0
1151,HLA-B57:01,6050.28,ANZ78847,GLYFIHFSYVP,1151,1155.0
125,HLA-B57:01,6050.29,ANZ78847,FPAITIGSTFV,125,1156.0
339,HLA-B57:01,6050.35,ANZ78847,LPNCNIEAWLN,339,1157.0
1323,HLA-B57:01,6050.42,ANZ78847,LFFICCCTGCG,1323,1158.0
1235,HLA-B57:01,6050.56,ANZ78847,IPNLPDFREEL,1235,1159.0
292,HLA-B57:01,6050.59,ANZ78847,FNAVDCMSDFM,292,1160.0
952,HLA-B57:01,6050.83,ANZ78847,KGIKVLPPLLS,952,1161.0
562,HLA-B57:01,6050.96,ANZ78847,GLAVKSDYCGG,562,1162.0
846,HLA-B57:01,6051.04,ANZ78847,CDNINAILTEV,846,1163.0
344,HLA-B57:01,6051.09,ANZ78847,IEAWLNDKSVP,344,1164.0
573,HLA-B57:01,6051.21,ANZ78847,NPCTCQPQAFL,573,1165.0
754,HLA-B57:01,6051.25,ANZ78847,YCVDYSKNRRS,754,1166.0
1340,HLA-B57:01,6051.54,ANZ78847,CGGCCDDYTGY,1340,1167.0
174,HLA-B57:01,6051.6,ANZ78847,YPHTICHPNLG,174,1168.0
160,HLA-B57:01,6051.84,ANZ78847,GLLEVSVCQYN,160,1169.0
785,HLA-B57:01,6052.02,ANZ78847,VNDSLEPVGGL,785,1170.0
1207,HLA-B57:01,6052.16,ANZ78847,PITENNVVVMS,1207,1171.0
893,HLA-B57:01,6052.31,ANZ78847,NFSSVLGCLGS,893,1172.0
4,HLA-B57:01,6052.43,ANZ78847,LLISLPTAFAV,4,1173.0
501,HLA-B57:01,6052.5,ANZ78847,KSNSSLCVGSG,501,1174.0
150,HLA-B57:01,6052.58,ANZ78847,STQDGVNKLQG,150,1175.0
1141,HLA-B57:01,6052.69,ANZ78847,IISLVQNAPYG,1141,1176.0
1135,HLA-B57:01,6053.04,ANZ78847,CGNGNHIISLV,1135,1177.0
1245,HLA-B57:01,6053.15,ANZ78847,LDQWFKNQTSV,1245,1178.0
348,HLA-B57:01,6053.55,ANZ78847,LNDKSVPSPLN,348,1179.0
786,HLA-B57:01,6053.6,ANZ78847,NDSLEPVGGLY,786,1180.0
457,HLA-B57:01,6053.84,ANZ78847,STWNKRFGFIE,457,1181.0
865,HLA-B57:01,6053.84,ANZ78847,LQVANSLMNGV,865,1181.0
358,HLA-B57:01,6053.92,ANZ78847,NWERKTFSNCN,358,1183.0
915,HLA-B57:01,6053.97,ANZ78847,EDLLFDKVKLS,915,1184.0
808,HLA-B57:01,6054.01,ANZ78847,NMEEFIQTSSP,808,1185.0
432,HLA-B57:01,6054.03,ANZ78847,DTTATSCQLYY,432,1186.0
20,HLA-B57:01,6054.14,ANZ78847,CPLDSRTGSLN,20,1187.0
429,HLA-B57:01,6054.14,ANZ78847,YRIDTTATSCQ,429,1187.0
593,HLA-B57:01,6054.3,ANZ78847,GDKCNIFANLI,593,1189.0
656,HLA-B57:01,6054.44,ANZ78847,NLLYDSNGNLY,656,1190.0
561,HLA-B57:01,6054.74,ANZ78847,SGLAVKSDYCG,561,1191.0
1222,HLA-B57:01,6055.16,ANZ78847,NYTKAPYVMLN,1222,1192.0
1115,HLA-B57:01,6055.2,ANZ78847,AQAMEKVNECV,1115,1193.0
544,HLA-B57:01,6055.23,ANZ78847,PYKCPQSKSLV,544,1194.0
1188,HLA-B57:01,6055.23,ANZ78847,FVNVNNTWMYT,1188,1194.0
1295,HLA-B57:01,6055.38,ANZ78847,IGTYEYYVKWP,1295,1196.0
614,HLA-B57:01,6055.6,ANZ78847,STDLQKANTDI,614,1197.0
882,HLA-B57:01,6055.9,ANZ78847,KDGVNFNVDDI,882,1198.0
800,HLA-B57:01,6056.1,ANZ78847,IPSDFTIGNME,800,1199.0
367,HLA-B57:01,6056.32,ANZ78847,CNFNMSSLMSF,367,1200.0
498,HLA-B57:01,6056.36,ANZ78847,CPCKSNSSLCV,498,1201.0
863,HLA-B57:01,6056.41,ANZ78847,TQLQVANSLMN,863,1202.0
445,HLA-B57:01,6056.52,ANZ78847,PAANVSVSRFN,445,1203.0
821,HLA-B57:01,6056.53,ANZ78847,TIDCAAFVCGD,821,1204.0
589,HLA-B57:01,6056.54,ANZ78847,SCLQGDKCNIF,589,1205.0
327,HLA-B57:01,6056.96,ANZ78847,QPIADVYRRKP,327,1206.0
634,HLA-B57:01,6057.02,ANZ78847,LYGISGQGIFV,634,1207.0
187,HLA-B57:01,6057.06,ANZ78847,FKELWHMDTGV,187,1208.0
52,HLA-B57:01,6057.16,ANZ78847,TYYVLDRVYLN,52,1209.0
840,HLA-B57:01,6057.26,ANZ78847,VEYGSFCDNIN,840,1210.0
580,HLA-B57:01,6057.57,ANZ78847,QAFLGWSADSC,580,1211.0
273,HLA-B57:01,6057.68,ANZ78847,VTPLTSRQYLL,273,1212.0
1060,HLA-B57:01,6057.69,ANZ78847,NRFGAISSSLQ,1060,1213.0
386,HLA-B57:01,6058.17,ANZ78847,NNIDAAKIYGM,386,1214.0
281,HLA-B57:01,6058.18,ANZ78847,YLLAFNQDGII,281,1215.0
44,HLA-B57:01,6058.54,ANZ78847,VDVTNGLGTYY,44,1216.0
567,HLA-B57:01,6058.7,ANZ78847,SDYCGGNPCTC,567,1217.0
495,HLA-B57:01,6059.1,ANZ78847,KNFCPCKSNSS,495,1218.0
727,HLA-B57:01,6059.17,ANZ78847,SYLGCVVNAYN,727,1219.0
183,HLA-B57:01,6059.19,ANZ78847,LGNHFKELWHM,183,1220.0
850,HLA-B57:01,6059.55,ANZ78847,NAILTEVNELL,850,1221.0
711,HLA-B57:01,6060.06,ANZ78847,FNNSLTRQLQP,711,1222.0
943,HLA-B57:01,6060.14,ANZ78847,RDLICVQSYKG,943,1223.0
600,HLA-B57:01,6060.18,ANZ78847,ANLILHDVNSG,600,1224.0
885,HLA-B57:01,6060.37,ANZ78847,VNFNVDDINFS,885,1225.0
849,HLA-B57:01,6060.39,ANZ78847,INAILTEVNEL,849,1226.0
332,HLA-B57:01,6060.52,ANZ78847,VYRRKPDLPNC,332,1227.0
818,HLA-B57:01,6060.71,ANZ78847,PKVTIDCAAFV,818,1228.0
140,HLA-B57:01,6060.89,ANZ78847,SVVVQPRTINS,140,1229.0
574,HLA-B57:01,6060.94,ANZ78847,PCTCQPQAFLG,574,1230.0
1335,HLA-B57:01,6060.98,ANZ78847,SCFKKCGGCCD,1335,1231.0
632,HLA-B57:01,6061.01,ANZ78847,YDLYGISGQGI,632,1232.0
1209,HLA-B57:01,6061.06,ANZ78847,TENNVVVMSTC,1209,1233.0
240,HLA-B57:01,6061.09,ANZ78847,LFNVYLGMALS,240,1234.0
1145,HLA-B57:01,6061.2,ANZ78847,VQNAPYGLYFI,1145,1235.0
289,HLA-B57:01,6061.29,ANZ78847,GIIFNAVDCMS,289,1236.0
1139,HLA-B57:01,6061.57,ANZ78847,NHIISLVQNAP,1139,1237.0
646,HLA-B57:01,6061.67,ANZ78847,VNATYYNSWQN,646,1238.0
290,HLA-B57:01,6061.72,ANZ78847,IIFNAVDCMSD,290,1239.0
1202,HLA-B57:01,6061.8,ANZ78847,YYYPEPITENN,1202,1240.0
169,HLA-B57:01,6061.83,ANZ78847,YNMCEYPHTIC,169,1241.0
1127,HLA-B57:01,6061.91,ANZ78847,SQSSRINFCGN,1127,1242.0
1344,HLA-B57:01,6061.94,ANZ78847,CDDYTGYQELV,1344,1243.0
695,HLA-B57:01,6062.09,ANZ78847,SSEPALLFRNI,695,1244.0
1278,HLA-B57:01,6062.1,ANZ78847,LQEAIKVLNQS,1278,1245.0
295,HLA-B57:01,6062.14,ANZ78847,VDCMSDFMSEI,295,1246.0
1173,HLA-B57:01,6062.26,ANZ78847,LCIAGDRGIAP,1173,1247.0
857,HLA-B57:01,6062.3,ANZ78847,NELLDTTQLQV,857,1248.0
782,HLA-B57:01,6062.55,ANZ78847,VNSVNDSLEPV,782,1249.0
604,HLA-B57:01,6062.84,ANZ78847,LHDVNSGLTCS,604,1250.0
96,HLA-B57:01,6063.1,ANZ78847,PPFLSDFINGI,96,1251.0
956,HLA-B57:01,6063.24,ANZ78847,VLPPLLSENQI,956,1252.0
520,HLA-B57:01,6063.32,ANZ78847,TCPAGTNYLTC,520,1253.0
456,HLA-B57:01,6063.6,ANZ78847,PSTWNKRFGFI,456,1254.0
627,HLA-B57:01,6064.09,ANZ78847,GVCVNYDLYGI,627,1255.0
931,HLA-B57:01,6064.15,ANZ78847,AAYNNCTGGAE,931,1256.0
28,HLA-B57:01,6064.35,ANZ78847,SLNNIDTGPPS,28,1257.0
868,HLA-B57:01,6064.41,ANZ78847,ANSLMNGVTLS,868,1258.0
830,HLA-B57:01,6064.43,ANZ78847,GDYAACKSQLV,830,1259.0
41,HLA-B57:01,6064.44,ANZ78847,TATVDVTNGLG,41,1260.0
560,HLA-B57:01,6064.45,ANZ78847,CSGLAVKSDYC,560,1261.0
190,HLA-B57:01,6065.3,ANZ78847,LWHMDTGVVSC,190,1262.0
1214,HLA-B57:01,6065.3,ANZ78847,VVMSTCAVNYT,1214,1262.0
1164,HLA-B57:01,6065.56,ANZ78847,YVTAKVSPGLC,1164,1264.0
654,HLA-B57:01,6065.84,ANZ78847,WQNLLYDSNGN,654,1265.0
1050,HLA-B57:01,6065.87,ANZ78847,ALNNLLQQLSN,1050,1266.0
163,HLA-B57:01,6066.11,ANZ78847,EVSVCQYNMCE,163,1267.0
620,HLA-B57:01,6066.36,ANZ78847,ANTDIKLGVCV,620,1268.0
701,HLA-B57:01,6066.4,ANZ78847,LFRNIKCNYVF,701,1269.0
1129,HLA-B57:01,6066.44,ANZ78847,SSRINFCGNGN,1129,1270.0
447,HLA-B57:01,6067.11,ANZ78847,ANVSVSRFNPS,447,1271.0
1311,HLA-B57:01,6067.37,ANZ78847,LICLAGVAMLV,1311,1272.0
993,HLA-B57:01,6067.55,ANZ78847,NVQYRINGLGV,993,1273.0
1316,HLA-B57:01,6068.22,ANZ78847,GVAMLVLLFFI,1316,1274.0
385,HLA-B57:01,6068.55,ANZ78847,CNNIDAAKIYG,385,1275.0
297,HLA-B57:01,6068.69,ANZ78847,CMSDFMSEIKC,297,1276.0
492,HLA-B57:01,6068.81,ANZ78847,KAPKNFCPCKS,492,1277.0
318,HLA-B57:01,6068.95,ANZ78847,VYELNGYTVQP,318,1278.0
113,HLA-B57:01,6069.01,ANZ78847,TKVFKDGVMYS,113,1279.0
355,HLA-B57:01,6069.07,ANZ78847,SPLNWERKTFS,355,1280.0
116,HLA-B57:01,6069.19,ANZ78847,FKDGVMYSEFP,116,1281.0
929,HLA-B57:01,6069.45,ANZ78847,FVAAYNNCTGG,929,1282.0
293,HLA-B57:01,6069.76,ANZ78847,NAVDCMSDFMS,293,1283.0
723,HLA-B57:01,6069.77,ANZ78847,NYFDSYLGCVV,723,1284.0
1269,HLA-B57:01,6069.91,ANZ78847,LDLQVEMNRLQ,1269,1285.0
1342,HLA-B57:01,6070.22,ANZ78847,GCCDDYTGYQE,1342,1286.0
834,HLA-B57:01,6070.43,ANZ78847,ACKSQLVEYGS,834,1287.0
1234,HLA-B57:01,6070.46,ANZ78847,SIPNLPDFREE,1234,1288.0
586,HLA-B57:01,6070.71,ANZ78847,SADSCLQGDKC,586,1289.0
1331,HLA-B57:01,6071.3,ANZ78847,GCGTSCFKKCG,1331,1290.0
165,HLA-B57:01,6071.31,ANZ78847,SVCQYNMCEYP,165,1291.0
199,HLA-B57:01,6071.5,ANZ78847,SCLYKRNFTYD,199,1292.0
546,HLA-B57:01,6071.6,ANZ78847,KCPQSKSLVGI,546,1293.0
892,HLA-B57:01,6071.71,ANZ78847,INFSSVLGCLG,892,1294.0
674,HLA-B57:01,6071.75,ANZ78847,NRTFMIRSCYS,674,1295.0
746,HLA-B57:01,6072.18,ANZ78847,CDLTVGSGYCV,746,1296.0
360,HLA-B57:01,6072.3,ANZ78847,ERKTFSNCNFN,360,1297.0
1195,HLA-B57:01,6072.71,ANZ78847,WMYTGSGYYYP,1195,1298.0
91,HLA-B57:01,6073.76,ANZ78847,TLWFKPPFLSD,91,1299.0
97,HLA-B57:01,6074.43,ANZ78847,PFLSDFINGIF,97,1300.0
1322,HLA-B57:01,6074.97,ANZ78847,LLFFICCCTGC,1322,1301.0
1161,HLA-B57:01,6075.56,ANZ78847,PTKYVTAKVSP,1161,1302.0
217,HLA-B57:01,6075.69,ANZ78847,FHFYQEGGTFY,217,1303.0
633,HLA-B57:01,6076.52,ANZ78847,DLYGISGQGIF,633,1304.0
480,HLA-B57:01,6076.55,ANZ78847,TNHDVVYAQHC,480,1305.0
93,HLA-B57:01,6076.56,ANZ78847,WFKPPFLSDFI,93,1306.0
675,HLA-B57:01,6076.97,ANZ78847,RTFMIRSCYSG,675,1307.0
171,HLA-B57:01,6077.39,ANZ78847,MCEYPHTICHP,171,1308.0
11,HLA-B57:01,6077.4,ANZ78847,AFAVIGDLKCP,11,1309.0
389,HLA-B57:01,6078.26,ANZ78847,DAAKIYGMCFS,389,1310.0
71,HLA-B57:01,6078.36,ANZ78847,YPTSGSTYRNM,71,1311.0
1303,HLA-B57:01,6078.48,ANZ78847,KWPWYVWLLIC,1303,1312.0
564,HLA-B57:01,6078.77,ANZ78847,AVKSDYCGGNP,564,1313.0
287,HLA-B57:01,6079.37,ANZ78847,QDGIIFNAVDC,287,1314.0
502,HLA-B57:01,6079.45,ANZ78847,SNSSLCVGSGP,502,1315.0
552,HLA-B57:01,6079.47,ANZ78847,SLVGIGEHCSG,552,1316.0
1125,HLA-B57:01,6079.8,ANZ78847,VKSQSSRINFC,1125,1317.0
280,HLA-B57:01,6080.07,ANZ78847,QYLLAFNQDGI,280,1318.0
920,HLA-B57:01,6081.15,ANZ78847,DKVKLSDVGFV,920,1319.0
537,HLA-B57:01,6082.58,ANZ78847,DPITFTGPYKC,537,1320.0
330,HLA-B57:01,6082.66,ANZ78847,ADVYRRKPDLP,330,1321.0
550,HLA-B57:01,6082.7,ANZ78847,SKSLVGIGEHC,550,1322.0
538,HLA-B57:01,6083.07,ANZ78847,PITFTGPYKCP,538,1323.0
926,HLA-B57:01,6084.25,ANZ78847,DVGFVAAYNNC,926,1324.0
907,HLA-B57:01,6086.56,ANZ78847,KASSRSAIEDL,907,1325.0
512,HLA-B57:01,6087.69,ANZ78847,PGKNNGIGTCP,512,1326.0
788,HLA-B57:01,6089.07,ANZ78847,SLEPVGGLYEI,788,1327.0
1319,HLA-B57:01,6089.07,ANZ78847,MLVLLFFICCC,1319,1327.0
366,HLA-B57:01,6089.23,ANZ78847,NCNFNMSSLMS,366,1329.0
357,HLA-B57:01,6090.72,ANZ78847,LNWERKTFSNC,357,1330.0
401,HLA-B57:01,6091.2,ANZ78847,ITIDKFAIPNG,401,1331.0
697,HLA-B57:01,6092.11,ANZ78847,EPALLFRNIKC,697,1332.0
569,HLA-B57:01,6093.13,ANZ78847,YCGGNPCTCQP,569,1333.0
368,HLA-B57:01,6093.18,ANZ78847,NFNMSSLMSFI,368,1334.0
1330,HLA-B57:01,6093.68,ANZ78847,TGCGTSCFKKC,1330,1335.0
745,HLA-B57:01,6093.71,ANZ78847,TCDLTVGSGYC,745,1336.0
1126,HLA-B57:01,6094.78,ANZ78847,KSQSSRINFCG,1126,1337.0
702,HLA-B57:01,6095.51,ANZ78847,FRNIKCNYVFN,702,1338.0
488,HLA-B57:01,6095.73,ANZ78847,QHCFKAPKNFC,488,1339.0
890,HLA-B57:01,6096.2,ANZ78847,DDINFSSVLGC,890,1340.0
803,HLA-B57:01,6096.21,ANZ78847,DFTIGNMEEFI,803,1341.0
1326,HLA-B57:01,6097.12,ANZ78847,ICCCTGCGTSC,1326,1342.0
721,HLA-B57:01,6098.19,ANZ78847,PINYFDSYLGC,721,1343.0
428,HLA-B57:01,6100.88,ANZ78847,NYRIDTTATSC,428,1344.0
977,HLA-B57:01,6101.69,ANZ78847,SLFPPWTAAAG,977,1345.0
534,HLA-B57:01,6104.5,ANZ78847,CNPDPITFTGP,534,1346.0
246,HLA-B57:01,6106.01,ANZ78847,GMALSHYYVMP,246,1347.0
387,HLA-B57:01,6123.3,ANZ78847,NIDAAKIYGMC,387,1348.0
489,HLA-B57:01,6125.22,ANZ78847,HCFKAPKNFCP,489,1349.0
162,HLA-B57:01,6126.45,ANZ78847,LEVSVCQYNMC,162,1350.0
526,HLA-B57:01,6128.57,ANZ78847,NYLTCHNLCNP,526,1351.0
497,HLA-B57:01,6132.76,ANZ78847,FCPCKSNSSLC,497,1352.0
1296,HLA-B58:01,4.22,ANZ78847,GTYEYYVKWPW,1296,1.0
575,HLA-B58:01,13.04,ANZ78847,CTCQPQAFLGW,575,2.0
206,HLA-B58:01,23.07,ANZ78847,FTYDVNATYLY,206,3.0
449,HLA-B58:01,48.75,ANZ78847,VSVSRFNPSTW,449,4.0
969,HLA-B58:01,72.16,ANZ78847,YTLAATSASLF,969,5.0
982,HLA-B58:01,76.95,ANZ78847,WTAAAGVPFYL,982,6.0
375,HLA-B58:01,89.89,ANZ78847,MSFIQADSFTC,375,7.0
1185,HLA-B58:01,110.12,ANZ78847,SGYFVNVNNTW,1185,8.0
983,HLA-B58:01,177.68,ANZ78847,TAAAGVPFYLN,983,9.0
715,HLA-B58:01,198.88,ANZ78847,LTRQLQPINYF,715,10.0
434,HLA-B58:01,209.82,ANZ78847,TATSCQLYYNL,434,11.0
692,HLA-B58:01,235.7,ANZ78847,HANSSEPALLF,692,12.0
283,HLA-B58:01,242.61,ANZ78847,LAFNQDGIIFN,283,13.0
1142,HLA-B58:01,256.93,ANZ78847,ISLVQNAPYGL,1142,14.0
1126,HLA-B58:01,295.1,ANZ78847,KSQSSRINFCG,1126,15.0
619,HLA-B58:01,342.92,ANZ78847,KANTDIKLGVC,619,16.0
120,HLA-B58:01,394.92,ANZ78847,VMYSEFPAITI,120,17.0
139,HLA-B58:01,566.96,ANZ78847,YSVVVQPRTIN,139,18.0
262,HLA-B58:01,622.1,ANZ78847,RRNIGFTLEYW,262,19.0
972,HLA-B58:01,663.02,ANZ78847,AATSASLFPPW,972,20.0
877,HLA-B58:01,720.88,ANZ78847,LSTKLKDGVNF,877,21.0
766,HLA-B58:01,792.18,ANZ78847,RAITTGYRFTN,766,22.0
245,HLA-B58:01,811.54,ANZ78847,LGMALSHYYVM,245,23.0
114,HLA-B58:01,850.5,ANZ78847,KVFKDGVMYSE,114,24.0
51,HLA-B58:01,905.92,ANZ78847,GTYYVLDRVYL,51,25.0
164,HLA-B58:01,940.02,ANZ78847,VSVCQYNMCEY,164,26.0
398,HLA-B58:01,983.24,ANZ78847,FSSITIDKFAI,398,27.0
1165,HLA-B58:01,1019.19,ANZ78847,VTAKVSPGLCI,1165,28.0
836,HLA-B58:01,1037.01,ANZ78847,KSQLVEYGSFC,836,29.0
249,HLA-B58:01,1042.14,ANZ78847,LSHYYVMPLTC,249,30.0
146,HLA-B58:01,1045.39,ANZ78847,RTINSTQDGVN,146,31.0
310,HLA-B58:01,1076.45,ANZ78847,QSIAPPTGVYE,310,32.0
1253,HLA-B58:01,1182.64,ANZ78847,TSVAPDLALDY,1253,33.0
1315,HLA-B58:01,1212.05,ANZ78847,AGVAMLVLLFF,1315,34.0
46,HLA-B58:01,1234.42,ANZ78847,VTNGLGTYYVL,46,35.0
6,HLA-B58:01,1253.56,ANZ78847,ISLPTAFAVIG,6,36.0
683,HLA-B58:01,1332.45,ANZ78847,YSGRVSAAFHA,683,37.0
1294,HLA-B58:01,1352.8,ANZ78847,DIGTYEYYVKW,1294,38.0
909,HLA-B58:01,1405.4,ANZ78847,SSRSAIEDLLF,909,39.0
362,HLA-B58:01,1534.74,ANZ78847,KTFSNCNFNMS,362,40.0
1157,HLA-B58:01,1597.71,ANZ78847,FSYVPTKYVTA,1157,41.0
814,HLA-B58:01,1610.41,ANZ78847,QTSSPKVTIDC,814,42.0
908,HLA-B58:01,1931.85,ANZ78847,ASSRSAIEDLL,908,43.0
257,HLA-B58:01,1986.96,ANZ78847,LTCISRRNIGF,257,44.0
1314,HLA-B58:01,2105.39,ANZ78847,LAGVAMLVLLF,1314,45.0
850,HLA-B58:01,2127.82,ANZ78847,NAILTEVNELL,850,46.0
524,HLA-B58:01,2222.06,ANZ78847,GTNYLTCHNLC,524,47.0
435,HLA-B58:01,2408.67,ANZ78847,ATSCQLYYNLP,435,48.0
227,HLA-B58:01,2439.74,ANZ78847,YAYFTDTGVVT,227,49.0
1168,HLA-B58:01,2517.55,ANZ78847,KVSPGLCIAGD,1168,50.0
479,HLA-B58:01,2568.01,ANZ78847,LTNHDVVYAQH,479,51.0
259,HLA-B58:01,2574.74,ANZ78847,CISRRNIGFTL,259,52.0
276,HLA-B58:01,2677.43,ANZ78847,LTSRQYLLAFN,276,53.0
508,HLA-B58:01,2741.77,ANZ78847,VGSGPGKNNGI,508,54.0
1254,HLA-B58:01,2742.89,ANZ78847,SVAPDLALDYI,1254,55.0
867,HLA-B58:01,2751.64,ANZ78847,VANSLMNGVTL,867,56.0
260,HLA-B58:01,2852.46,ANZ78847,ISRRNIGFTLE,260,57.0
1131,HLA-B58:01,2868.5,ANZ78847,RINFCGNGNHI,1131,58.0
637,HLA-B58:01,2885.5,ANZ78847,ISGQGIFVEVN,637,59.0
10,HLA-B58:01,2904.09,ANZ78847,TAFAVIGDLKC,10,60.0
181,HLA-B58:01,2919.89,ANZ78847,PNLGNHFKELW,181,61.0
1179,HLA-B58:01,2922.3,ANZ78847,RGIAPKSGYFV,1179,62.0
351,HLA-B58:01,2931.57,ANZ78847,KSVPSPLNWER,351,63.0
923,HLA-B58:01,3002.98,ANZ78847,KLSDVGFVAAY,923,64.0
297,HLA-B58:01,3191.31,ANZ78847,CMSDFMSEIKC,297,65.0
635,HLA-B58:01,3202.62,ANZ78847,YGISGQGIFVE,635,66.0
819,HLA-B58:01,3303.63,ANZ78847,KVTIDCAAFVC,819,67.0
183,HLA-B58:01,3308.0,ANZ78847,LGNHFKELWHM,183,68.0
392,HLA-B58:01,3361.77,ANZ78847,KIYGMCFSSIT,392,69.0
453,HLA-B58:01,3416.98,ANZ78847,RFNPSTWNKRF,453,70.0
1259,HLA-B58:01,3455.23,ANZ78847,LALDYINVTFL,1259,71.0
247,HLA-B58:01,3538.41,ANZ78847,MALSHYYVMPL,247,72.0
1065,HLA-B58:01,3580.8,ANZ78847,ISSSLQEILSR,1065,73.0
349,HLA-B58:01,3674.93,ANZ78847,NDKSVPSPLNW,349,74.0
966,HLA-B58:01,3686.13,ANZ78847,ISGYTLAATSA,966,75.0
981,HLA-B58:01,3732.25,ANZ78847,PWTAAAGVPFY,981,76.0
741,HLA-B58:01,3762.53,ANZ78847,ISVQTCDLTVG,741,77.0
1104,HLA-B58:01,3889.43,ANZ78847,LSDSTLVKFSA,1104,78.0
39,HLA-B58:01,4058.32,ANZ78847,ISTATVDVTNG,39,79.0
176,HLA-B58:01,4167.79,ANZ78847,HTICHPNLGNH,176,80.0
652,HLA-B58:01,4234.92,ANZ78847,NSWQNLLYDSN,652,81.0
196,HLA-B58:01,4268.25,ANZ78847,GVVSCLYKRNF,196,82.0
373,HLA-B58:01,4309.35,ANZ78847,SLMSFIQADSF,373,83.0
1156,HLA-B58:01,4392.33,ANZ78847,HFSYVPTKYVT,1156,84.0
748,HLA-B58:01,4407.46,ANZ78847,LTVGSGYCVDY,748,85.0
640,HLA-B58:01,4464.37,ANZ78847,QGIFVEVNATY,640,86.0
432,HLA-B58:01,4497.49,ANZ78847,DTTATSCQLYY,432,87.0
1112,HLA-B58:01,4571.37,ANZ78847,FSAAQAMEKVN,1112,88.0
815,HLA-B58:01,4763.33,ANZ78847,TSSPKVTIDCA,815,89.0
936,HLA-B58:01,4937.91,ANZ78847,CTGGAEIRDLI,936,90.0
1238,HLA-B58:01,4946.35,ANZ78847,LPDFREELDQW,1238,91.0
907,HLA-B58:01,5063.19,ANZ78847,KASSRSAIEDL,907,92.0
209,HLA-B58:01,5116.35,ANZ78847,DVNATYLYFHF,209,93.0
157,HLA-B58:01,5129.4,ANZ78847,KLQGLLEVSVC,157,94.0
875,HLA-B58:01,5181.28,ANZ78847,VTLSTKLKDGV,875,95.0
974,HLA-B58:01,5361.88,ANZ78847,TSASLFPPWTA,974,96.0
1213,HLA-B58:01,5378.23,ANZ78847,VVVMSTCAVNY,1213,97.0
1317,HLA-B58:01,5483.07,ANZ78847,VAMLVLLFFIC,1317,98.0
198,HLA-B58:01,5540.7,ANZ78847,VSCLYKRNFTY,198,99.0
1184,HLA-B58:01,5677.07,ANZ78847,KSGYFVNVNNT,1184,100.0
694,HLA-B58:01,5767.13,ANZ78847,NSSEPALLFRN,694,101.0
1066,HLA-B58:01,5774.93,ANZ78847,SSSLQEILSRL,1066,102.0
686,HLA-B58:01,5906.13,ANZ78847,RVSAAFHANSS,686,103.0
804,HLA-B58:01,5912.62,ANZ78847,FTIGNMEEFIQ,804,104.0
687,HLA-B58:01,5912.97,ANZ78847,VSAAFHANSSE,687,105.0
641,HLA-B58:01,5924.64,ANZ78847,GIFVEVNATYY,641,106.0
1113,HLA-B58:01,5929.82,ANZ78847,SAAQAMEKVNE,1113,107.0
58,HLA-B58:01,5982.48,ANZ78847,RVYLNTTLFLN,58,108.0
672,HLA-B58:01,6164.29,ANZ78847,LTNRTFMIRSC,672,109.0
1039,HLA-B58:01,6198.96,ANZ78847,KIQAVVNANAE,1039,110.0
265,HLA-B58:01,6339.52,ANZ78847,IGFTLEYWVTP,265,111.0
709,HLA-B58:01,6396.11,ANZ78847,YVFNNSLTRQL,709,112.0
433,HLA-B58:01,6482.6,ANZ78847,TTATSCQLYYN,433,113.0
192,HLA-B58:01,6534.98,ANZ78847,HMDTGVVSCLY,192,114.0
986,HLA-B58:01,6573.44,ANZ78847,AGVPFYLNVQY,986,115.0
780,HLA-B58:01,6723.25,ANZ78847,FTVNSVNDSLE,780,116.0
1100,HLA-B58:01,6730.72,ANZ78847,VSQQLSDSTLV,1100,117.0
832,HLA-B58:01,6780.3,ANZ78847,YAACKSQLVEY,832,118.0
1228,HLA-B58:01,7017.65,ANZ78847,YVMLNTSIPNL,1228,119.0
843,HLA-B58:01,7036.26,ANZ78847,GSFCDNINAIL,843,120.0
580,HLA-B58:01,7075.02,ANZ78847,QAFLGWSADSC,580,121.0
83,HLA-B58:01,7131.51,ANZ78847,LKGTDKLSTLW,83,122.0
421,HLA-B58:01,7173.84,ANZ78847,LGYLQSFNYRI,421,123.0
25,HLA-B58:01,7189.29,ANZ78847,RTGSLNNIDTG,25,124.0
613,HLA-B58:01,7252.92,ANZ78847,CSTDLQKANTD,613,125.0
425,HLA-B58:01,7336.26,ANZ78847,QSFNYRIDTTA,425,126.0
739,HLA-B58:01,7346.06,ANZ78847,TAISVQTCDLT,739,127.0
1295,HLA-B58:01,7405.88,ANZ78847,IGTYEYYVKWP,1295,128.0
768,HLA-B58:01,7409.04,ANZ78847,ITTGYRFTNFE,768,129.0
884,HLA-B58:01,7415.44,ANZ78847,GVNFNVDDINF,884,130.0
84,HLA-B58:01,7440.19,ANZ78847,KGTDKLSTLWF,84,131.0
519,HLA-B58:01,7512.39,ANZ78847,GTCPAGTNYLT,519,132.0
625,HLA-B58:01,7670.36,ANZ78847,KLGVCVNYDLY,625,133.0
1299,HLA-B58:01,7756.76,ANZ78847,EYYVKWPWYVW,1299,134.0
1,HLA-B58:01,7898.53,ANZ78847,FLILLISLPTA,1,135.0
88,HLA-B58:01,7927.76,ANZ78847,KLSTLWFKPPF,88,136.0
1233,HLA-B58:01,7937.54,ANZ78847,TSIPNLPDFRE,1233,137.0
1280,HLA-B58:01,8046.27,ANZ78847,EAIKVLNQSYI,1280,138.0
1219,HLA-B58:01,8128.56,ANZ78847,CAVNYTKAPYV,1219,139.0
1008,HLA-B58:01,8184.9,ANZ78847,LSQNQKLIANA,1008,140.0
1045,HLA-B58:01,8233.33,ANZ78847,NANAEALNNLL,1045,141.0
560,HLA-B58:01,8397.47,ANZ78847,CSGLAVKSDYC,560,142.0
1140,HLA-B58:01,8439.68,ANZ78847,HIISLVQNAPY,1140,143.0
647,HLA-B58:01,8613.95,ANZ78847,NATYYNSWQNL,647,144.0
648,HLA-B58:01,8659.06,ANZ78847,ATYYNSWQNLL,648,145.0
205,HLA-B58:01,8687.56,ANZ78847,NFTYDVNATYL,205,146.0
820,HLA-B58:01,8743.34,ANZ78847,VTIDCAAFVCG,820,147.0
399,HLA-B58:01,8746.81,ANZ78847,SSITIDKFAIP,399,148.0
211,HLA-B58:01,8944.6,ANZ78847,NATYLYFHFYQ,211,149.0
1214,HLA-B58:01,8989.85,ANZ78847,VVMSTCAVNYT,1214,150.0
1128,HLA-B58:01,9004.22,ANZ78847,QSSRINFCGNG,1128,151.0
1075,HLA-B58:01,9181.24,ANZ78847,RLDALEAEAQI,1075,152.0
308,HLA-B58:01,9194.7,ANZ78847,KTQSIAPPTGV,308,153.0
937,HLA-B58:01,9209.57,ANZ78847,TGGAEIRDLIC,937,154.0
825,HLA-B58:01,9421.25,ANZ78847,AAFVCGDYAAC,825,155.0
350,HLA-B58:01,9441.31,ANZ78847,DKSVPSPLNWE,350,156.0
132,HLA-B58:01,9549.94,ANZ78847,STFVNTSYSVV,132,157.0
1252,HLA-B58:01,9552.94,ANZ78847,QTSVAPDLALD,1252,158.0
128,HLA-B58:01,9604.87,ANZ78847,ITIGSTFVNTS,128,159.0
431,HLA-B58:01,9715.41,ANZ78847,IDTTATSCQLY,431,160.0
106,HLA-B58:01,9799.12,ANZ78847,IFAKVKNTKVF,106,161.0
984,HLA-B58:01,9899.16,ANZ78847,AAAGVPFYLNV,984,162.0
551,HLA-B58:01,9964.44,ANZ78847,KSLVGIGEHCS,551,163.0
509,HLA-B58:01,10049.39,ANZ78847,GSGPGKNNGIG,509,164.0
737,HLA-B58:01,10150.27,ANZ78847,NSTAISVQTCD,737,165.0
803,HLA-B58:01,10198.58,ANZ78847,DFTIGNMEEFI,803,166.0
1067,HLA-B58:01,10251.37,ANZ78847,SSLQEILSRLD,1067,167.0
955,HLA-B58:01,10303.42,ANZ78847,KVLPPLLSENQ,955,168.0
862,HLA-B58:01,10378.65,ANZ78847,TTQLQVANSLM,862,169.0
12,HLA-B58:01,10398.14,ANZ78847,FAVIGDLKCPL,12,170.0
311,HLA-B58:01,10472.72,ANZ78847,SIAPPTGVYEL,311,171.0
931,HLA-B58:01,10504.58,ANZ78847,AAYNNCTGGAE,931,172.0
1287,HLA-B58:01,10523.39,ANZ78847,QSYINLKDIGT,1287,173.0
765,HLA-B58:01,10560.72,ANZ78847,RRAITTGYRFT,765,174.0
418,HLA-B58:01,10582.44,ANZ78847,LGNLGYLQSFN,418,175.0
1035,HLA-B58:01,10596.21,ANZ78847,SALVKIQAVVN,1035,176.0
131,HLA-B58:01,10603.74,ANZ78847,GSTFVNTSYSV,131,177.0
210,HLA-B58:01,10783.84,ANZ78847,VNATYLYFHFY,210,178.0
81,HLA-B58:01,10864.39,ANZ78847,MALKGTDKLST,81,179.0
1015,HLA-B58:01,10890.85,ANZ78847,IANAFNNALDA,1015,180.0
1058,HLA-B58:01,10955.57,ANZ78847,LSNRFGAISSS,1058,181.0
73,HLA-B58:01,11113.32,ANZ78847,TSGSTYRNMAL,73,182.0
563,HLA-B58:01,11129.57,ANZ78847,LAVKSDYCGGN,563,183.0
1180,HLA-B58:01,11160.81,ANZ78847,GIAPKSGYFVN,1180,184.0
1216,HLA-B58:01,11252.77,ANZ78847,MSTCAVNYTKA,1216,185.0
1266,HLA-B58:01,11272.57,ANZ78847,VTFLDLQVEMN,1266,186.0
406,HLA-B58:01,11275.16,ANZ78847,FAIPNGRKVDL,406,187.0
212,HLA-B58:01,11281.41,ANZ78847,ATYLYFHFYQE,212,188.0
1099,HLA-B58:01,11281.46,ANZ78847,YVSQQLSDSTL,1099,189.0
374,HLA-B58:01,11357.89,ANZ78847,LMSFIQADSFT,374,190.0
1198,HLA-B58:01,11370.8,ANZ78847,TGSGYYYPEPI,1198,191.0
1197,HLA-B58:01,11517.62,ANZ78847,YTGSGYYYPEP,1197,192.0
1334,HLA-B58:01,11533.41,ANZ78847,TSCFKKCGGCC,1334,193.0
1333,HLA-B58:01,11634.18,ANZ78847,GTSCFKKCGGC,1333,194.0
518,HLA-B58:01,11726.24,ANZ78847,IGTCPAGTNYL,518,195.0
976,HLA-B58:01,11903.2,ANZ78847,ASLFPPWTAAA,976,196.0
644,HLA-B58:01,11912.91,ANZ78847,VEVNATYYNSW,644,197.0
1111,HLA-B58:01,11924.8,ANZ78847,KFSAAQAMEKV,1111,198.0
1043,HLA-B58:01,11939.05,ANZ78847,VVNANAEALNN,1043,199.0
1322,HLA-B58:01,11941.16,ANZ78847,LLFFICCCTGC,1322,200.0
267,HLA-B58:01,11946.38,ANZ78847,FTLEYWVTPLT,267,201.0
871,HLA-B58:01,11948.27,ANZ78847,LMNGVTLSTKL,871,202.0
413,HLA-B58:01,11958.53,ANZ78847,KVDLQLGNLGY,413,203.0
253,HLA-B58:01,11967.39,ANZ78847,YVMPLTCISRR,253,204.0
401,HLA-B58:01,12029.47,ANZ78847,ITIDKFAIPNG,401,205.0
975,HLA-B58:01,12044.29,ANZ78847,SASLFPPWTAA,975,206.0
397,HLA-B58:01,12046.2,ANZ78847,CFSSITIDKFA,397,207.0
1316,HLA-B58:01,12058.86,ANZ78847,GVAMLVLLFFI,1316,208.0
849,HLA-B58:01,12136.93,ANZ78847,INAILTEVNEL,849,209.0
773,HLA-B58:01,12307.26,ANZ78847,RFTNFEPFTVN,773,210.0
457,HLA-B58:01,12386.87,ANZ78847,STWNKRFGFIE,457,211.0
1013,HLA-B58:01,12389.92,ANZ78847,KLIANAFNNAL,1013,212.0
1187,HLA-B58:01,12474.66,ANZ78847,YFVNVNNTWMY,1187,213.0
1063,HLA-B58:01,12475.62,ANZ78847,GAISSSLQEIL,1063,214.0
980,HLA-B58:01,12616.24,ANZ78847,PPWTAAAGVPF,980,215.0
337,HLA-B58:01,12674.95,ANZ78847,PDLPNCNIEAW,337,216.0
450,HLA-B58:01,12680.78,ANZ78847,SVSRFNPSTWN,450,217.0
1034,HLA-B58:01,12781.35,ANZ78847,NSALVKIQAVV,1034,218.0
370,HLA-B58:01,12819.07,ANZ78847,NMSSLMSFIQA,370,219.0
523,HLA-B58:01,12912.9,ANZ78847,AGTNYLTCHNL,523,220.0
835,HLA-B58:01,12937.04,ANZ78847,CKSQLVEYGSF,835,221.0
1195,HLA-B58:01,12977.74,ANZ78847,WMYTGSGYYYP,1195,222.0
1145,HLA-B58:01,13045.87,ANZ78847,VQNAPYGLYFI,1145,223.0
1114,HLA-B58:01,13159.32,ANZ78847,AAQAMEKVNEC,1114,224.0
767,HLA-B58:01,13233.12,ANZ78847,AITTGYRFTNF,767,225.0
159,HLA-B58:01,13355.44,ANZ78847,QGLLEVSVCQY,159,226.0
312,HLA-B58:01,13379.57,ANZ78847,IAPPTGVYELN,312,227.0
1007,HLA-B58:01,13457.92,ANZ78847,VLSQNQKLIAN,1007,228.0
231,HLA-B58:01,13466.45,ANZ78847,TDTGVVTKFLF,231,229.0
595,HLA-B58:01,13579.04,ANZ78847,KCNIFANLILH,595,230.0
197,HLA-B58:01,13758.27,ANZ78847,VVSCLYKRNFT,197,231.0
895,HLA-B58:01,13787.0,ANZ78847,SSVLGCLGSEC,895,232.0
405,HLA-B58:01,13807.12,ANZ78847,KFAIPNGRKVD,405,233.0
229,HLA-B58:01,13876.78,ANZ78847,YFTDTGVVTKF,229,234.0
1188,HLA-B58:01,13924.07,ANZ78847,FVNVNNTWMYT,1188,235.0
912,HLA-B58:01,13957.5,ANZ78847,SAIEDLLFDKV,912,236.0
396,HLA-B58:01,13999.92,ANZ78847,MCFSSITIDKF,396,237.0
938,HLA-B58:01,14019.76,ANZ78847,GGAEIRDLICV,938,238.0
738,HLA-B58:01,14041.69,ANZ78847,STAISVQTCDL,738,239.0
324,HLA-B58:01,14043.9,ANZ78847,YTVQPIADVYR,324,240.0
603,HLA-B58:01,14214.26,ANZ78847,ILHDVNSGLTC,603,241.0
680,HLA-B58:01,14402.17,ANZ78847,RSCYSGRVSAA,680,242.0
1094,HLA-B58:01,14640.11,ANZ78847,TALNAYVSQQL,1094,243.0
627,HLA-B58:01,14667.49,ANZ78847,GVCVNYDLYGI,627,244.0
50,HLA-B58:01,14778.84,ANZ78847,LGTYYVLDRVY,50,245.0
148,HLA-B58:01,14826.73,ANZ78847,INSTQDGVNKL,148,246.0
1032,HLA-B58:01,15164.79,ANZ78847,ATNSALVKIQA,1032,247.0
1001,HLA-B58:01,15212.88,ANZ78847,LGVTMDVLSQN,1001,248.0
1225,HLA-B58:01,15251.87,ANZ78847,KAPYVMLNTSI,1225,249.0
1347,HLA-B58:01,15263.12,ANZ78847,YTGYQELVIKT,1347,250.0
824,HLA-B58:01,15264.22,ANZ78847,CAAFVCGDYAA,824,251.0
961,HLA-B58:01,15267.59,ANZ78847,LSENQISGYTL,961,252.0
40,HLA-B58:01,15299.22,ANZ78847,STATVDVTNGL,40,253.0
1062,HLA-B58:01,15543.75,ANZ78847,FGAISSSLQEI,1062,254.0
783,HLA-B58:01,15564.31,ANZ78847,NSVNDSLEPVG,783,255.0
770,HLA-B58:01,15593.87,ANZ78847,TGYRFTNFEPF,770,256.0
277,HLA-B58:01,15721.75,ANZ78847,TSRQYLLAFNQ,277,257.0
119,HLA-B58:01,15739.95,ANZ78847,GVMYSEFPAIT,119,258.0
137,HLA-B58:01,15745.78,ANZ78847,TSYSVVVQPRT,137,259.0
463,HLA-B58:01,15750.83,ANZ78847,FGFIEDSVFKP,463,260.0
38,HLA-B58:01,15820.54,ANZ78847,SISTATVDVTN,38,261.0
588,HLA-B58:01,15863.69,ANZ78847,DSCLQGDKCNI,588,262.0
89,HLA-B58:01,15865.77,ANZ78847,LSTLWFKPPFL,89,263.0
1258,HLA-B58:01,15952.75,ANZ78847,DLALDYINVTF,1258,264.0
218,HLA-B58:01,15989.38,ANZ78847,HFYQEGGTFYA,218,265.0
0,HLA-B58:01,15997.42,ANZ78847,MFLILLISLPT,0,266.0
1020,HLA-B58:01,16038.11,ANZ78847,NNALDAIQEGF,1020,267.0
732,HLA-B58:01,16039.28,ANZ78847,VVNAYNSTAIS,732,268.0
364,HLA-B58:01,16042.79,ANZ78847,FSNCNFNMSSL,364,269.0
924,HLA-B58:01,16118.78,ANZ78847,LSDVGFVAAYN,924,270.0
170,HLA-B58:01,16236.34,ANZ78847,NMCEYPHTICH,170,271.0
230,HLA-B58:01,16316.35,ANZ78847,FTDTGVVTKFL,230,272.0
417,HLA-B58:01,16384.04,ANZ78847,QLGNLGYLQSF,417,273.0
734,HLA-B58:01,16456.52,ANZ78847,NAYNSTAISVQ,734,274.0
235,HLA-B58:01,16585.18,ANZ78847,VVTKFLFNVYL,235,275.0
141,HLA-B58:01,16612.63,ANZ78847,VVVQPRTINST,141,276.0
130,HLA-B58:01,16643.91,ANZ78847,IGSTFVNTSYS,130,277.0
263,HLA-B58:01,16647.36,ANZ78847,RNIGFTLEYWV,263,278.0
758,HLA-B58:01,16978.91,ANZ78847,YSKNRRSRRAI,758,279.0
713,HLA-B58:01,16982.65,ANZ78847,NSLTRQLQPIN,713,280.0
37,HLA-B58:01,16991.26,ANZ78847,PSISTATVDVT,37,281.0
136,HLA-B58:01,17040.44,ANZ78847,NTSYSVVVQPR,136,282.0
973,HLA-B58:01,17081.68,ANZ78847,ATSASLFPPWT,973,283.0
1093,HLA-B58:01,17437.92,ANZ78847,LTALNAYVSQQ,1093,284.0
1348,HLA-B58:01,17447.17,ANZ78847,TGYQELVIKTS,1348,285.0
1232,HLA-B58:01,17548.7,ANZ78847,NTSIPNLPDFR,1232,286.0
1164,HLA-B58:01,17612.85,ANZ78847,YVTAKVSPGLC,1164,287.0
1318,HLA-B58:01,17618.76,ANZ78847,AMLVLLFFICC,1318,288.0
731,HLA-B58:01,17620.02,ANZ78847,CVVNAYNSTAI,731,289.0
371,HLA-B58:01,17636.98,ANZ78847,MSSLMSFIQAD,371,290.0
1223,HLA-B58:01,17718.12,ANZ78847,YTKAPYVMLNT,1223,291.0
866,HLA-B58:01,17831.63,ANZ78847,QVANSLMNGVT,866,292.0
501,HLA-B58:01,17883.78,ANZ78847,KSNSSLCVGSG,501,293.0
1041,HLA-B58:01,17916.51,ANZ78847,QAVVNANAEAL,1041,294.0
539,HLA-B58:01,17976.95,ANZ78847,ITFTGPYKCPQ,539,295.0
133,HLA-B58:01,17976.98,ANZ78847,TFVNTSYSVVV,133,296.0
1087,HLA-B58:01,17994.15,ANZ78847,RLINGRLTALN,1087,297.0
316,HLA-B58:01,17994.37,ANZ78847,TGVYELNGYTV,316,298.0
965,HLA-B58:01,18229.93,ANZ78847,QISGYTLAATS,965,299.0
851,HLA-B58:01,18257.82,ANZ78847,AILTEVNELLD,851,300.0
894,HLA-B58:01,18293.68,ANZ78847,FSSVLGCLGSE,894,301.0
445,HLA-B58:01,18302.76,ANZ78847,PAANVSVSRFN,445,302.0
430,HLA-B58:01,18360.17,ANZ78847,RIDTTATSCQL,430,303.0
446,HLA-B58:01,18379.58,ANZ78847,AANVSVSRFNP,446,304.0
63,HLA-B58:01,18423.75,ANZ78847,TTLFLNGYYPT,63,305.0
476,HLA-B58:01,18473.58,ANZ78847,AGVLTNHDVVY,476,306.0
1151,HLA-B58:01,18478.92,ANZ78847,GLYFIHFSYVP,1151,307.0
2,HLA-B58:01,18492.34,ANZ78847,LILLISLPTAF,2,308.0
62,HLA-B58:01,18614.19,ANZ78847,NTTLFLNGYYP,62,309.0
168,HLA-B58:01,18886.3,ANZ78847,QYNMCEYPHTI,168,310.0
97,HLA-B58:01,19091.57,ANZ78847,PFLSDFINGIF,97,311.0
774,HLA-B58:01,19209.31,ANZ78847,FTNFEPFTVNS,774,312.0
736,HLA-B58:01,19217.16,ANZ78847,YNSTAISVQTC,736,313.0
952,HLA-B58:01,19268.02,ANZ78847,KGIKVLPPLLS,952,314.0
763,HLA-B58:01,19326.95,ANZ78847,RSRRAITTGYR,763,315.0
740,HLA-B58:01,19344.9,ANZ78847,AISVQTCDLTV,740,316.0
272,HLA-B58:01,19351.92,ANZ78847,WVTPLTSRQYL,272,317.0
675,HLA-B58:01,19393.29,ANZ78847,RTFMIRSCYSG,675,318.0
1017,HLA-B58:01,19546.65,ANZ78847,NAFNNALDAIQ,1017,319.0
1178,HLA-B58:01,19624.42,ANZ78847,DRGIAPKSGYF,1178,320.0
1021,HLA-B58:01,19629.27,ANZ78847,NALDAIQEGFD,1021,321.0
744,HLA-B58:01,19731.69,ANZ78847,QTCDLTVGSGY,744,322.0
302,HLA-B58:01,19780.33,ANZ78847,MSEIKCKTQSI,302,323.0
361,HLA-B58:01,19943.65,ANZ78847,RKTFSNCNFNM,361,324.0
1064,HLA-B58:01,19969.25,ANZ78847,AISSSLQEILS,1064,325.0
317,HLA-B58:01,19980.97,ANZ78847,GVYELNGYTVQ,317,326.0
949,HLA-B58:01,20006.08,ANZ78847,QSYKGIKVLPP,949,327.0
436,HLA-B58:01,20023.84,ANZ78847,TSCQLYYNLPA,436,328.0
997,HLA-B58:01,20048.53,ANZ78847,RINGLGVTMDV,997,329.0
129,HLA-B58:01,20105.67,ANZ78847,TIGSTFVNTSY,129,330.0
379,HLA-B58:01,20186.32,ANZ78847,QADSFTCNNID,379,331.0
985,HLA-B58:01,20228.12,ANZ78847,AAGVPFYLNVQ,985,332.0
598,HLA-B58:01,20419.2,ANZ78847,IFANLILHDVN,598,333.0
383,HLA-B58:01,20423.43,ANZ78847,FTCNNIDAAKI,383,334.0
1199,HLA-B58:01,20458.86,ANZ78847,GSGYYYPEPIT,1199,335.0
293,HLA-B58:01,20550.11,ANZ78847,NAVDCMSDFMS,293,336.0
126,HLA-B58:01,20573.88,ANZ78847,PAITIGSTFVN,126,337.0
204,HLA-B58:01,20605.84,ANZ78847,RNFTYDVNATY,204,338.0
1144,HLA-B58:01,20724.3,ANZ78847,LVQNAPYGLYF,1144,339.0
869,HLA-B58:01,20766.08,ANZ78847,NSLMNGVTLST,869,340.0
234,HLA-B58:01,20816.72,ANZ78847,GVVTKFLFNVY,234,341.0
57,HLA-B58:01,20822.47,ANZ78847,DRVYLNTTLFL,57,342.0
118,HLA-B58:01,20917.86,ANZ78847,DGVMYSEFPAI,118,343.0
806,HLA-B58:01,20937.63,ANZ78847,IGNMEEFIQTS,806,344.0
1229,HLA-B58:01,20968.23,ANZ78847,VMLNTSIPNLP,1229,345.0
1107,HLA-B58:01,20978.9,ANZ78847,STLVKFSAAQA,1107,346.0
991,HLA-B58:01,20996.95,ANZ78847,YLNVQYRINGL,991,347.0
149,HLA-B58:01,21084.41,ANZ78847,NSTQDGVNKLQ,149,348.0
930,HLA-B58:01,21234.48,ANZ78847,VAAYNNCTGGA,930,349.0
1319,HLA-B58:01,21325.66,ANZ78847,MLVLLFFICCC,1319,350.0
1255,HLA-B58:01,21373.75,ANZ78847,VAPDLALDYIN,1255,351.0
232,HLA-B58:01,21374.63,ANZ78847,DTGVVTKFLFN,232,352.0
878,HLA-B58:01,21427.76,ANZ78847,STKLKDGVNFN,878,353.0
901,HLA-B58:01,21587.68,ANZ78847,LGSECSKASSR,901,354.0
666,HLA-B58:01,21603.23,ANZ78847,YGFRDYLTNRT,666,355.0
1283,HLA-B58:01,21714.02,ANZ78847,KVLNQSYINLK,1283,356.0
5,HLA-B58:01,21717.17,ANZ78847,LISLPTAFAVI,5,357.0
486,HLA-B58:01,21719.02,ANZ78847,YAQHCFKAPKN,486,358.0
41,HLA-B58:01,21739.83,ANZ78847,TATVDVTNGLG,41,359.0
60,HLA-B58:01,21790.65,ANZ78847,YLNTTLFLNGY,60,360.0
3,HLA-B58:01,21937.68,ANZ78847,ILLISLPTAFA,3,361.0
135,HLA-B58:01,21951.36,ANZ78847,VNTSYSVVVQP,135,362.0
242,HLA-B58:01,21957.99,ANZ78847,NVYLGMALSHY,242,363.0
669,HLA-B58:01,22019.11,ANZ78847,RDYLTNRTFMI,669,364.0
1186,HLA-B58:01,22024.72,ANZ78847,GYFVNVNNTWM,1186,365.0
169,HLA-B58:01,22075.63,ANZ78847,YNMCEYPHTIC,169,366.0
586,HLA-B58:01,22140.09,ANZ78847,SADSCLQGDKC,586,367.0
733,HLA-B58:01,22143.78,ANZ78847,VNAYNSTAISV,733,368.0
439,HLA-B58:01,22498.17,ANZ78847,QLYYNLPAANV,439,369.0
718,HLA-B58:01,22605.59,ANZ78847,QLQPINYFDSY,718,370.0
893,HLA-B58:01,22638.23,ANZ78847,NFSSVLGCLGS,893,371.0
1181,HLA-B58:01,22647.14,ANZ78847,IAPKSGYFVNV,1181,372.0
177,HLA-B58:01,22720.61,ANZ78847,TICHPNLGNHF,177,373.0
273,HLA-B58:01,22786.6,ANZ78847,VTPLTSRQYLL,273,374.0
621,HLA-B58:01,22818.81,ANZ78847,NTDIKLGVCVN,621,375.0
618,HLA-B58:01,22868.47,ANZ78847,QKANTDIKLGV,618,376.0
456,HLA-B58:01,23109.51,ANZ78847,PSTWNKRFGFI,456,377.0
1061,HLA-B58:01,23172.77,ANZ78847,RFGAISSSLQE,1061,378.0
1057,HLA-B58:01,23208.27,ANZ78847,QLSNRFGAISS,1057,379.0
4,HLA-B58:01,23232.51,ANZ78847,LLISLPTAFAV,4,380.0
1154,HLA-B58:01,23266.47,ANZ78847,FIHFSYVPTKY,1154,381.0
764,HLA-B58:01,23310.51,ANZ78847,SRRAITTGYRF,764,382.0
1088,HLA-B58:01,23343.98,ANZ78847,LINGRLTALNA,1088,383.0
805,HLA-B58:01,23371.72,ANZ78847,TIGNMEEFIQT,805,384.0
105,HLA-B58:01,23443.02,ANZ78847,GIFAKVKNTKV,105,385.0
1208,HLA-B58:01,23488.3,ANZ78847,ITENNVVVMST,1208,386.0
368,HLA-B58:01,23491.33,ANZ78847,NFNMSSLMSFI,368,387.0
224,HLA-B58:01,23505.17,ANZ78847,GTFYAYFTDTG,224,388.0
1120,HLA-B58:01,23627.28,ANZ78847,KVNECVKSQSS,1120,389.0
264,HLA-B58:01,23667.5,ANZ78847,NIGFTLEYWVT,264,390.0
207,HLA-B58:01,23878.31,ANZ78847,TYDVNATYLYF,207,391.0
1044,HLA-B58:01,23996.95,ANZ78847,VNANAEALNNL,1044,392.0
1175,HLA-B58:01,24014.75,ANZ78847,IAGDRGIAPKS,1175,393.0
1149,HLA-B58:01,24045.06,ANZ78847,PYGLYFIHFSY,1149,394.0
377,HLA-B58:01,24093.45,ANZ78847,FIQADSFTCNN,377,395.0
1005,HLA-B58:01,24176.56,ANZ78847,MDVLSQNQKLI,1005,396.0
1103,HLA-B58:01,24205.35,ANZ78847,QLSDSTLVKFS,1103,397.0
1277,HLA-B58:01,24214.01,ANZ78847,RLQEAIKVLNQ,1277,398.0
1200,HLA-B58:01,24252.49,ANZ78847,SGYYYPEPITE,1200,399.0
140,HLA-B58:01,24361.15,ANZ78847,SVVVQPRTINS,140,400.0
233,HLA-B58:01,24386.66,ANZ78847,TGVVTKFLFNV,233,401.0
376,HLA-B58:01,24396.97,ANZ78847,SFIQADSFTCN,376,402.0
1135,HLA-B58:01,24398.36,ANZ78847,CGNGNHIISLV,1135,403.0
842,HLA-B58:01,24475.16,ANZ78847,YGSFCDNINAI,842,404.0
469,HLA-B58:01,24520.5,ANZ78847,SVFKPQPAGVL,469,405.0
599,HLA-B58:01,24559.76,ANZ78847,FANLILHDVNS,599,406.0
1320,HLA-B58:01,24563.98,ANZ78847,LVLLFFICCCT,1320,407.0
1125,HLA-B58:01,24596.84,ANZ78847,VKSQSSRINFC,1125,408.0
880,HLA-B58:01,24653.25,ANZ78847,KLKDGVNFNVD,880,409.0
1012,HLA-B58:01,24685.37,ANZ78847,QKLIANAFNNA,1012,410.0
646,HLA-B58:01,24699.77,ANZ78847,VNATYYNSWQN,646,411.0
921,HLA-B58:01,24724.48,ANZ78847,KVKLSDVGFVA,921,412.0
1321,HLA-B58:01,24748.65,ANZ78847,VLLFFICCCTG,1321,413.0
793,HLA-B58:01,24800.4,ANZ78847,GGLYEIQIPSD,793,414.0
960,HLA-B58:01,24819.18,ANZ78847,LLSENQISGYT,960,415.0
282,HLA-B58:01,24853.04,ANZ78847,LLAFNQDGIIF,282,416.0
905,HLA-B58:01,24854.81,ANZ78847,CSKASSRSAIE,905,417.0
677,HLA-B58:01,24938.4,ANZ78847,FMIRSCYSGRV,677,418.0
1289,HLA-B58:01,24962.91,ANZ78847,YINLKDIGTYE,1289,419.0
127,HLA-B58:01,24978.3,ANZ78847,AITIGSTFVNT,127,420.0
1312,HLA-B58:01,24996.88,ANZ78847,ICLAGVAMLVL,1312,421.0
288,HLA-B58:01,24996.99,ANZ78847,DGIIFNAVDCM,288,422.0
522,HLA-B58:01,25002.16,ANZ78847,PAGTNYLTCHN,522,423.0
484,HLA-B58:01,25021.32,ANZ78847,VVYAQHCFKAP,484,424.0
1147,HLA-B58:01,25071.99,ANZ78847,NAPYGLYFIHF,1147,425.0
1132,HLA-B58:01,25109.77,ANZ78847,INFCGNGNHII,1132,426.0
611,HLA-B58:01,25144.94,ANZ78847,LTCSTDLQKAN,611,427.0
1089,HLA-B58:01,25308.98,ANZ78847,INGRLTALNAY,1089,428.0
134,HLA-B58:01,25457.49,ANZ78847,FVNTSYSVVVQ,134,429.0
388,HLA-B58:01,25567.84,ANZ78847,IDAAKIYGMCF,388,430.0
971,HLA-B58:01,25580.51,ANZ78847,LAATSASLFPP,971,431.0
689,HLA-B58:01,25580.88,ANZ78847,AAFHANSSEPA,689,432.0
566,HLA-B58:01,25585.38,ANZ78847,KSDYCGGNPCT,566,433.0
54,HLA-B58:01,25619.94,ANZ78847,YVLDRVYLNTT,54,434.0
1009,HLA-B58:01,25672.62,ANZ78847,SQNQKLIANAF,1009,435.0
394,HLA-B58:01,25676.08,ANZ78847,YGMCFSSITID,394,436.0
636,HLA-B58:01,25687.87,ANZ78847,GISGQGIFVEV,636,437.0
1194,HLA-B58:01,25737.35,ANZ78847,TWMYTGSGYYY,1194,438.0
1311,HLA-B58:01,25788.6,ANZ78847,LICLAGVAMLV,1311,439.0
26,HLA-B58:01,25833.67,ANZ78847,TGSLNNIDTGP,26,440.0
56,HLA-B58:01,25851.59,ANZ78847,LDRVYLNTTLF,56,441.0
751,HLA-B58:01,25876.2,ANZ78847,GSGYCVDYSKN,751,442.0
695,HLA-B58:01,25895.51,ANZ78847,SSEPALLFRNI,695,443.0
1231,HLA-B58:01,25939.83,ANZ78847,LNTSIPNLPDF,1231,444.0
667,HLA-B58:01,26034.01,ANZ78847,GFRDYLTNRTF,667,445.0
163,HLA-B58:01,26042.08,ANZ78847,EVSVCQYNMCE,163,446.0
223,HLA-B58:01,26096.77,ANZ78847,GGTFYAYFTDT,223,447.0
195,HLA-B58:01,26149.21,ANZ78847,TGVVSCLYKRN,195,448.0
1220,HLA-B58:01,26207.0,ANZ78847,AVNYTKAPYVM,1220,449.0
642,HLA-B58:01,26272.56,ANZ78847,IFVEVNATYYN,642,450.0
243,HLA-B58:01,26320.7,ANZ78847,VYLGMALSHYY,243,451.0
61,HLA-B58:01,26399.57,ANZ78847,LNTTLFLNGYY,61,452.0
238,HLA-B58:01,26416.58,ANZ78847,KFLFNVYLGMA,238,453.0
876,HLA-B58:01,26429.5,ANZ78847,TLSTKLKDGVN,876,454.0
266,HLA-B58:01,26506.48,ANZ78847,GFTLEYWVTPL,266,455.0
292,HLA-B58:01,26565.94,ANZ78847,FNAVDCMSDFM,292,456.0
208,HLA-B58:01,26579.58,ANZ78847,YDVNATYLYFH,208,457.0
554,HLA-B58:01,26611.64,ANZ78847,VGIGEHCSGLA,554,458.0
726,HLA-B58:01,26635.58,ANZ78847,DSYLGCVVNAY,726,459.0
42,HLA-B58:01,26695.06,ANZ78847,ATVDVTNGLGT,42,460.0
844,HLA-B58:01,26713.32,ANZ78847,SFCDNINAILT,844,461.0
138,HLA-B58:01,26748.92,ANZ78847,SYSVVVQPRTI,138,462.0
1092,HLA-B58:01,26750.53,ANZ78847,RLTALNAYVSQ,1092,463.0
747,HLA-B58:01,26761.52,ANZ78847,DLTVGSGYCVD,747,464.0
220,HLA-B58:01,26780.76,ANZ78847,YQEGGTFYAYF,220,465.0
369,HLA-B58:01,26860.32,ANZ78847,FNMSSLMSFIQ,369,466.0
124,HLA-B58:01,26862.75,ANZ78847,EFPAITIGSTF,124,467.0
301,HLA-B58:01,26975.42,ANZ78847,FMSEIKCKTQS,301,468.0
1313,HLA-B58:01,27025.79,ANZ78847,CLAGVAMLVLL,1313,469.0
1265,HLA-B58:01,27042.0,ANZ78847,NVTFLDLQVEM,1265,470.0
461,HLA-B58:01,27063.35,ANZ78847,KRFGFIEDSVF,461,471.0
13,HLA-B58:01,27205.17,ANZ78847,AVIGDLKCPLD,13,472.0
246,HLA-B58:01,27206.91,ANZ78847,GMALSHYYVMP,246,473.0
684,HLA-B58:01,27249.87,ANZ78847,SGRVSAAFHAN,684,474.0
1146,HLA-B58:01,27261.49,ANZ78847,QNAPYGLYFIH,1146,475.0
838,HLA-B58:01,27278.76,ANZ78847,QLVEYGSFCDN,838,476.0
701,HLA-B58:01,27287.05,ANZ78847,LFRNIKCNYVF,701,477.0
699,HLA-B58:01,27291.56,ANZ78847,ALLFRNIKCNY,699,478.0
782,HLA-B58:01,27291.69,ANZ78847,VNSVNDSLEPV,782,479.0
956,HLA-B58:01,27328.82,ANZ78847,VLPPLLSENQI,956,480.0
154,HLA-B58:01,27352.32,ANZ78847,GVNKLQGLLEV,154,481.0
1141,HLA-B58:01,27362.92,ANZ78847,IISLVQNAPYG,1141,482.0
477,HLA-B58:01,27369.17,ANZ78847,GVLTNHDVVYA,477,483.0
221,HLA-B58:01,27386.08,ANZ78847,QEGGTFYAYFT,221,484.0
1193,HLA-B58:01,27392.67,ANZ78847,NTWMYTGSGYY,1193,485.0
594,HLA-B58:01,27401.3,ANZ78847,DKCNIFANLIL,594,486.0
423,HLA-B58:01,27404.67,ANZ78847,YLQSFNYRIDT,423,487.0
1263,HLA-B58:01,27450.51,ANZ78847,YINVTFLDLQV,1263,488.0
853,HLA-B58:01,27462.34,ANZ78847,LTEVNELLDTT,853,489.0
710,HLA-B58:01,27499.18,ANZ78847,VFNNSLTRQLQ,710,490.0
86,HLA-B58:01,27546.71,ANZ78847,TDKLSTLWFKP,86,491.0
244,HLA-B58:01,27560.34,ANZ78847,YLGMALSHYYV,244,492.0
861,HLA-B58:01,27602.11,ANZ78847,DTTQLQVANSL,861,493.0
225,HLA-B58:01,27646.64,ANZ78847,TFYAYFTDTGV,225,494.0
911,HLA-B58:01,27653.44,ANZ78847,RSAIEDLLFDK,911,495.0
27,HLA-B58:01,27730.77,ANZ78847,GSLNNIDTGPP,27,496.0
998,HLA-B58:01,27758.84,ANZ78847,INGLGVTMDVL,998,497.0
989,HLA-B58:01,27783.59,ANZ78847,PFYLNVQYRIN,989,498.0
90,HLA-B58:01,27876.05,ANZ78847,STLWFKPPFLS,90,499.0
662,HLA-B58:01,27876.59,ANZ78847,NGNLYGFRDYL,662,500.0
1275,HLA-B58:01,27892.62,ANZ78847,MNRLQEAIKVL,1275,501.0
638,HLA-B58:01,27931.06,ANZ78847,SGQGIFVEVNA,638,502.0
1290,HLA-B58:01,27931.24,ANZ78847,INLKDIGTYEY,1290,503.0
1137,HLA-B58:01,27999.8,ANZ78847,NGNHIISLVQN,1137,504.0
714,HLA-B58:01,28037.62,ANZ78847,SLTRQLQPINY,714,505.0
1072,HLA-B58:01,28075.74,ANZ78847,ILSRLDALEAE,1072,506.0
98,HLA-B58:01,28085.47,ANZ78847,FLSDFINGIFA,98,507.0
927,HLA-B58:01,28098.47,ANZ78847,VGFVAAYNNCT,927,508.0
1284,HLA-B58:01,28109.93,ANZ78847,VLNQSYINLKD,1284,509.0
236,HLA-B58:01,28152.37,ANZ78847,VTKFLFNVYLG,236,510.0
455,HLA-B58:01,28167.05,ANZ78847,NPSTWNKRFGF,455,511.0
550,HLA-B58:01,28173.45,ANZ78847,SKSLVGIGEHC,550,512.0
779,HLA-B58:01,28196.63,ANZ78847,PFTVNSVNDSL,779,513.0
424,HLA-B58:01,28225.22,ANZ78847,LQSFNYRIDTT,424,514.0
1345,HLA-B58:01,28245.4,ANZ78847,DDYTGYQELVI,1345,515.0
258,HLA-B58:01,28248.84,ANZ78847,TCISRRNIGFT,258,516.0
988,HLA-B58:01,28258.87,ANZ78847,VPFYLNVQYRI,988,517.0
762,HLA-B58:01,28261.19,ANZ78847,RRSRRAITTGY,762,518.0
102,HLA-B58:01,28262.0,ANZ78847,FINGIFAKVKN,102,519.0
45,HLA-B58:01,28312.51,ANZ78847,DVTNGLGTYYV,45,520.0
549,HLA-B58:01,28325.99,ANZ78847,QSKSLVGIGEH,549,521.0
698,HLA-B58:01,28336.72,ANZ78847,PALLFRNIKCN,698,522.0
468,HLA-B58:01,28457.7,ANZ78847,DSVFKPQPAGV,468,523.0
1152,HLA-B58:01,28468.63,ANZ78847,LYFIHFSYVPT,1152,524.0
142,HLA-B58:01,28479.13,ANZ78847,VVQPRTINSTQ,142,525.0
946,HLA-B58:01,28484.7,ANZ78847,ICVQSYKGIKV,946,526.0
165,HLA-B58:01,28491.67,ANZ78847,SVCQYNMCEYP,165,527.0
500,HLA-B58:01,28495.47,ANZ78847,CKSNSSLCVGS,500,528.0
833,HLA-B58:01,28510.04,ANZ78847,AACKSQLVEYG,833,529.0
281,HLA-B58:01,28518.86,ANZ78847,YLLAFNQDGII,281,530.0
291,HLA-B58:01,28526.71,ANZ78847,IFNAVDCMSDF,291,531.0
1274,HLA-B58:01,28529.99,ANZ78847,EMNRLQEAIKV,1274,532.0
34,HLA-B58:01,28630.68,ANZ78847,TGPPSISTATV,34,533.0
1116,HLA-B58:01,28661.19,ANZ78847,QAMEKVNECVK,1116,534.0
649,HLA-B58:01,28661.42,ANZ78847,TYYNSWQNLLY,649,535.0
290,HLA-B58:01,28665.61,ANZ78847,IIFNAVDCMSD,290,536.0
378,HLA-B58:01,28710.54,ANZ78847,IQADSFTCNNI,378,537.0
712,HLA-B58:01,28729.67,ANZ78847,NNSLTRQLQPI,712,538.0
947,HLA-B58:01,28757.98,ANZ78847,CVQSYKGIKVL,947,539.0
1102,HLA-B58:01,28762.83,ANZ78847,QQLSDSTLVKF,1102,540.0
1136,HLA-B58:01,28790.78,ANZ78847,GNGNHIISLVQ,1136,541.0
749,HLA-B58:01,28800.54,ANZ78847,TVGSGYCVDYS,749,542.0
729,HLA-B58:01,28836.92,ANZ78847,LGCVVNAYNST,729,543.0
802,HLA-B58:01,28837.26,ANZ78847,SDFTIGNMEEF,802,544.0
1033,HLA-B58:01,28860.42,ANZ78847,TNSALVKIQAV,1033,545.0
626,HLA-B58:01,28864.59,ANZ78847,LGVCVNYDLYG,626,546.0
852,HLA-B58:01,28872.1,ANZ78847,ILTEVNELLDT,852,547.0
325,HLA-B58:01,28905.13,ANZ78847,TVQPIADVYRR,325,548.0
372,HLA-B58:01,28912.28,ANZ78847,SSLMSFIQADS,372,549.0
1212,HLA-B58:01,28919.53,ANZ78847,NVVVMSTCAVN,1212,550.0
1326,HLA-B58:01,28933.5,ANZ78847,ICCCTGCGTSC,1326,551.0
823,HLA-B58:01,28933.63,ANZ78847,DCAAFVCGDYA,823,552.0
724,HLA-B58:01,28943.47,ANZ78847,YFDSYLGCVVN,724,553.0
55,HLA-B58:01,28960.99,ANZ78847,VLDRVYLNTTL,55,554.0
847,HLA-B58:01,28971.84,ANZ78847,DNINAILTEVN,847,555.0
1030,HLA-B58:01,28976.55,ANZ78847,FDATNSALVKI,1030,556.0
1031,HLA-B58:01,29001.22,ANZ78847,DATNSALVKIQ,1031,557.0
970,HLA-B58:01,29019.81,ANZ78847,TLAATSASLFP,970,558.0
1264,HLA-B58:01,29026.24,ANZ78847,INVTFLDLQVE,1264,559.0
216,HLA-B58:01,29036.02,ANZ78847,YFHFYQEGGTF,216,560.0
583,HLA-B58:01,29106.32,ANZ78847,LGWSADSCLQG,583,561.0
43,HLA-B58:01,29164.16,ANZ78847,TVDVTNGLGTY,43,562.0
390,HLA-B58:01,29214.23,ANZ78847,AAKIYGMCFSS,390,563.0
1042,HLA-B58:01,29227.0,ANZ78847,AVVNANAEALN,1042,564.0
816,HLA-B58:01,29235.91,ANZ78847,SSPKVTIDCAA,816,565.0
427,HLA-B58:01,29240.08,ANZ78847,FNYRIDTTATS,427,566.0
367,HLA-B58:01,29277.68,ANZ78847,CNFNMSSLMSF,367,567.0
250,HLA-B58:01,29289.02,ANZ78847,SHYYVMPLTCI,250,568.0
475,HLA-B58:01,29311.9,ANZ78847,PAGVLTNHDVV,475,569.0
597,HLA-B58:01,29314.45,ANZ78847,NIFANLILHDV,597,570.0
161,HLA-B58:01,29320.53,ANZ78847,LLEVSVCQYNM,161,571.0
812,HLA-B58:01,29352.07,ANZ78847,FIQTSSPKVTI,812,572.0
706,HLA-B58:01,29373.38,ANZ78847,KCNYVFNNSLT,706,573.0
614,HLA-B58:01,29387.84,ANZ78847,STDLQKANTDI,614,574.0
645,HLA-B58:01,29442.31,ANZ78847,EVNATYYNSWQ,645,575.0
873,HLA-B58:01,29482.45,ANZ78847,NGVTLSTKLKD,873,576.0
688,HLA-B58:01,29494.04,ANZ78847,SAAFHANSSEP,688,577.0
448,HLA-B58:01,29515.72,ANZ78847,NVSVSRFNPST,448,578.0
153,HLA-B58:01,29525.18,ANZ78847,DGVNKLQGLLE,153,579.0
722,HLA-B58:01,29540.65,ANZ78847,INYFDSYLGCV,722,580.0
1073,HLA-B58:01,29553.11,ANZ78847,LSRLDALEAEA,1073,581.0
280,HLA-B58:01,29556.05,ANZ78847,QYLLAFNQDGI,280,582.0
608,HLA-B58:01,29558.73,ANZ78847,NSGLTCSTDLQ,608,583.0
44,HLA-B58:01,29568.79,ANZ78847,VDVTNGLGTYY,44,584.0
444,HLA-B58:01,29572.38,ANZ78847,LPAANVSVSRF,444,585.0
596,HLA-B58:01,29617.43,ANZ78847,CNIFANLILHD,596,586.0
1133,HLA-B58:01,29624.21,ANZ78847,NFCGNGNHIIS,1133,587.0
241,HLA-B58:01,29629.46,ANZ78847,FNVYLGMALSH,241,588.0
76,HLA-B58:01,29741.28,ANZ78847,STYRNMALKGT,76,589.0
483,HLA-B58:01,29758.57,ANZ78847,DVVYAQHCFKA,483,590.0
1301,HLA-B58:01,29776.55,ANZ78847,YVKWPWYVWLL,1301,591.0
939,HLA-B58:01,29779.32,ANZ78847,GAEIRDLICVQ,939,592.0
1171,HLA-B58:01,29787.02,ANZ78847,PGLCIAGDRGI,1171,593.0
1143,HLA-B58:01,29831.94,ANZ78847,SLVQNAPYGLY,1143,594.0
111,HLA-B58:01,29850.36,ANZ78847,KNTKVFKDGVM,111,595.0
1330,HLA-B58:01,29915.13,ANZ78847,TGCGTSCFKKC,1330,596.0
167,HLA-B58:01,29936.85,ANZ78847,CQYNMCEYPHT,167,597.0
848,HLA-B58:01,30081.39,ANZ78847,NINAILTEVNE,848,598.0
363,HLA-B58:01,30149.3,ANZ78847,TFSNCNFNMSS,363,599.0
846,HLA-B58:01,30220.01,ANZ78847,CDNINAILTEV,846,600.0
1310,HLA-B58:01,30225.84,ANZ78847,LLICLAGVAML,1310,601.0
1260,HLA-B58:01,30245.87,ANZ78847,ALDYINVTFLD,1260,602.0
295,HLA-B58:01,30256.79,ANZ78847,VDCMSDFMSEI,295,603.0
1307,HLA-B58:01,30268.05,ANZ78847,YVWLLICLAGV,1307,604.0
386,HLA-B58:01,30307.08,ANZ78847,NNIDAAKIYGM,386,605.0
393,HLA-B58:01,30359.93,ANZ78847,IYGMCFSSITI,393,606.0
289,HLA-B58:01,30362.36,ANZ78847,GIIFNAVDCMS,289,607.0
794,HLA-B58:01,30364.91,ANZ78847,GLYEIQIPSDF,794,608.0
791,HLA-B58:01,30370.92,ANZ78847,PVGGLYEIQIP,791,609.0
1279,HLA-B58:01,30382.98,ANZ78847,QEAIKVLNQSY,1279,610.0
68,HLA-B58:01,30403.16,ANZ78847,NGYYPTSGSTY,68,611.0
967,HLA-B58:01,30411.93,ANZ78847,SGYTLAATSAS,967,612.0
1014,HLA-B58:01,30414.72,ANZ78847,LIANAFNNALD,1014,613.0
685,HLA-B58:01,30445.85,ANZ78847,GRVSAAFHANS,685,614.0
948,HLA-B58:01,30446.01,ANZ78847,VQSYKGIKVLP,948,615.0
772,HLA-B58:01,30482.73,ANZ78847,YRFTNFEPFTV,772,616.0
29,HLA-B58:01,30490.47,ANZ78847,LNNIDTGPPSI,29,617.0
1150,HLA-B58:01,30495.52,ANZ78847,YGLYFIHFSYV,1150,618.0
79,HLA-B58:01,30513.36,ANZ78847,RNMALKGTDKL,79,619.0
700,HLA-B58:01,30537.82,ANZ78847,LLFRNIKCNYV,700,620.0
115,HLA-B58:01,30565.39,ANZ78847,VFKDGVMYSEF,115,621.0
516,HLA-B58:01,30567.03,ANZ78847,NGIGTCPAGTN,516,622.0
792,HLA-B58:01,30570.4,ANZ78847,VGGLYEIQIPS,792,623.0
703,HLA-B58:01,30582.07,ANZ78847,RNIKCNYVFNN,703,624.0
1040,HLA-B58:01,30591.0,ANZ78847,IQAVVNANAEA,1040,625.0
663,HLA-B58:01,30629.14,ANZ78847,GNLYGFRDYLT,663,626.0
1217,HLA-B58:01,30635.22,ANZ78847,STCAVNYTKAP,1217,627.0
517,HLA-B58:01,30644.44,ANZ78847,GIGTCPAGTNY,517,628.0
602,HLA-B58:01,30652.23,ANZ78847,LILHDVNSGLT,602,629.0
624,HLA-B58:01,30676.8,ANZ78847,IKLGVCVNYDL,624,630.0
760,HLA-B58:01,30704.17,ANZ78847,KNRRSRRAITT,760,631.0
951,HLA-B58:01,30715.32,ANZ78847,YKGIKVLPPLL,951,632.0
1006,HLA-B58:01,30752.85,ANZ78847,DVLSQNQKLIA,1006,633.0
520,HLA-B58:01,30756.04,ANZ78847,TCPAGTNYLTC,520,634.0
531,HLA-B58:01,30761.57,ANZ78847,HNLCNPDPITF,531,635.0
320,HLA-B58:01,30781.71,ANZ78847,ELNGYTVQPIA,320,636.0
478,HLA-B58:01,30798.21,ANZ78847,VLTNHDVVYAQ,478,637.0
1261,HLA-B58:01,30819.68,ANZ78847,LDYINVTFLDL,1261,638.0
682,HLA-B58:01,30821.28,ANZ78847,CYSGRVSAAFH,682,639.0
248,HLA-B58:01,30829.14,ANZ78847,ALSHYYVMPLT,248,640.0
1046,HLA-B58:01,30841.21,ANZ78847,ANAEALNNLLQ,1046,641.0
678,HLA-B58:01,30848.41,ANZ78847,MIRSCYSGRVS,678,642.0
1155,HLA-B58:01,30893.21,ANZ78847,IHFSYVPTKYV,1155,643.0
122,HLA-B58:01,30931.11,ANZ78847,YSEFPAITIGS,122,644.0
628,HLA-B58:01,30933.61,ANZ78847,VCVNYDLYGIS,628,645.0
769,HLA-B58:01,30937.53,ANZ78847,TTGYRFTNFEP,769,646.0
1084,HLA-B58:01,30955.12,ANZ78847,QIDRLINGRLT,1084,647.0
284,HLA-B58:01,30973.89,ANZ78847,AFNQDGIIFNA,284,648.0
255,HLA-B58:01,31003.67,ANZ78847,MPLTCISRRNI,255,649.0
182,HLA-B58:01,31006.21,ANZ78847,NLGNHFKELWH,182,650.0
886,HLA-B58:01,31027.31,ANZ78847,NFNVDDINFSS,886,651.0
883,HLA-B58:01,31034.86,ANZ78847,DGVNFNVDDIN,883,652.0
567,HLA-B58:01,31050.87,ANZ78847,SDYCGGNPCTC,567,653.0
673,HLA-B58:01,31099.23,ANZ78847,TNRTFMIRSCY,673,654.0
1124,HLA-B58:01,31111.73,ANZ78847,CVKSQSSRINF,1124,655.0
593,HLA-B58:01,31138.18,ANZ78847,GDKCNIFANLI,593,656.0
1215,HLA-B58:01,31142.38,ANZ78847,VMSTCAVNYTK,1215,657.0
855,HLA-B58:01,31149.87,ANZ78847,EVNELLDTTQL,855,658.0
790,HLA-B58:01,31222.79,ANZ78847,EPVGGLYEIQI,790,659.0
1230,HLA-B58:01,31267.96,ANZ78847,MLNTSIPNLPD,1230,660.0
510,HLA-B58:01,31339.06,ANZ78847,SGPGKNNGIGT,510,661.0
462,HLA-B58:01,31350.47,ANZ78847,RFGFIEDSVFK,462,662.0
419,HLA-B58:01,31379.53,ANZ78847,GNLGYLQSFNY,419,663.0
323,HLA-B58:01,31388.34,ANZ78847,GYTVQPIADVY,323,664.0
121,HLA-B58:01,31405.43,ANZ78847,MYSEFPAITIG,121,665.0
1282,HLA-B58:01,31443.04,ANZ78847,IKVLNQSYINL,1282,666.0
999,HLA-B58:01,31455.51,ANZ78847,NGLGVTMDVLS,999,667.0
571,HLA-B58:01,31481.09,ANZ78847,GGNPCTCQPQA,571,668.0
898,HLA-B58:01,31486.61,ANZ78847,LGCLGSECSKA,898,669.0
1056,HLA-B58:01,31534.65,ANZ78847,QQLSNRFGAIS,1056,670.0
261,HLA-B58:01,31577.43,ANZ78847,SRRNIGFTLEY,261,671.0
968,HLA-B58:01,31582.09,ANZ78847,GYTLAATSASL,968,672.0
837,HLA-B58:01,31625.44,ANZ78847,SQLVEYGSFCD,837,673.0
287,HLA-B58:01,31653.99,ANZ78847,QDGIIFNAVDC,287,674.0
1129,HLA-B58:01,31662.56,ANZ78847,SSRINFCGNGN,1129,675.0
1183,HLA-B58:01,31699.99,ANZ78847,PKSGYFVNVNN,1183,676.0
1166,HLA-B58:01,31700.97,ANZ78847,TAKVSPGLCIA,1166,677.0
1036,HLA-B58:01,31702.85,ANZ78847,ALVKIQAVVNA,1036,678.0
829,HLA-B58:01,31706.91,ANZ78847,CGDYAACKSQL,829,679.0
788,HLA-B58:01,31710.69,ANZ78847,SLEPVGGLYEI,788,680.0
1300,HLA-B58:01,31712.53,ANZ78847,YYVKWPWYVWL,1300,681.0
275,HLA-B58:01,31741.45,ANZ78847,PLTSRQYLLAF,275,682.0
503,HLA-B58:01,31748.05,ANZ78847,NSSLCVGSGPG,503,683.0
525,HLA-B58:01,31757.57,ANZ78847,TNYLTCHNLCN,525,684.0
1038,HLA-B58:01,31771.32,ANZ78847,VKIQAVVNANA,1038,685.0
125,HLA-B58:01,31778.96,ANZ78847,FPAITIGSTFV,125,686.0
200,HLA-B58:01,31818.52,ANZ78847,CLYKRNFTYDV,200,687.0
389,HLA-B58:01,31819.74,ANZ78847,DAAKIYGMCFS,389,688.0
1106,HLA-B58:01,31826.97,ANZ78847,DSTLVKFSAAQ,1106,689.0
239,HLA-B58:01,31847.31,ANZ78847,FLFNVYLGMAL,239,690.0
1305,HLA-B58:01,31851.36,ANZ78847,PWYVWLLICLA,1305,691.0
1138,HLA-B58:01,31869.95,ANZ78847,GNHIISLVQNA,1138,692.0
237,HLA-B58:01,31876.71,ANZ78847,TKFLFNVYLGM,237,693.0
1209,HLA-B58:01,31883.8,ANZ78847,TENNVVVMSTC,1209,694.0
1281,HLA-B58:01,31891.91,ANZ78847,AIKVLNQSYIN,1281,695.0
52,HLA-B58:01,31896.3,ANZ78847,TYYVLDRVYLN,52,696.0
1196,HLA-B58:01,31926.04,ANZ78847,MYTGSGYYYPE,1196,697.0
1292,HLA-B58:01,31933.78,ANZ78847,LKDIGTYEYYV,1292,698.0
1324,HLA-B58:01,31963.67,ANZ78847,FFICCCTGCGT,1324,699.0
697,HLA-B58:01,31969.2,ANZ78847,EPALLFRNIKC,697,700.0
719,HLA-B58:01,31976.42,ANZ78847,LQPINYFDSYL,719,701.0
1159,HLA-B58:01,32010.92,ANZ78847,YVPTKYVTAKV,1159,702.0
1298,HLA-B58:01,32032.91,ANZ78847,YEYYVKWPWYV,1298,703.0
22,HLA-B58:01,32045.37,ANZ78847,LDSRTGSLNNI,22,704.0
705,HLA-B58:01,32066.3,ANZ78847,IKCNYVFNNSL,705,705.0
526,HLA-B58:01,32093.47,ANZ78847,NYLTCHNLCNP,526,706.0
592,HLA-B58:01,32094.21,ANZ78847,QGDKCNIFANL,592,707.0
1272,HLA-B58:01,32117.0,ANZ78847,QVEMNRLQEAI,1272,708.0
890,HLA-B58:01,32117.05,ANZ78847,DDINFSSVLGC,890,709.0
334,HLA-B58:01,32122.59,ANZ78847,RRKPDLPNCNI,334,710.0
160,HLA-B58:01,32145.4,ANZ78847,GLLEVSVCQYN,160,711.0
298,HLA-B58:01,32169.25,ANZ78847,MSDFMSEIKCK,298,712.0
752,HLA-B58:01,32183.74,ANZ78847,SGYCVDYSKNR,752,713.0
910,HLA-B58:01,32190.83,ANZ78847,SRSAIEDLLFD,910,714.0
1004,HLA-B58:01,32233.46,ANZ78847,TMDVLSQNQKL,1004,715.0
338,HLA-B58:01,32233.5,ANZ78847,DLPNCNIEAWL,338,716.0
1221,HLA-B58:01,32240.44,ANZ78847,VNYTKAPYVML,1221,717.0
1189,HLA-B58:01,32251.81,ANZ78847,VNVNNTWMYTG,1189,718.0
1308,HLA-B58:01,32265.8,ANZ78847,VWLLICLAGVA,1308,719.0
868,HLA-B58:01,32292.33,ANZ78847,ANSLMNGVTLS,868,720.0
1148,HLA-B58:01,32299.41,ANZ78847,APYGLYFIHFS,1148,721.0
660,HLA-B58:01,32300.14,ANZ78847,DSNGNLYGFRD,660,722.0
994,HLA-B58:01,32338.13,ANZ78847,VQYRINGLGVT,994,723.0
47,HLA-B58:01,32339.25,ANZ78847,TNGLGTYYVLD,47,724.0
384,HLA-B58:01,32340.72,ANZ78847,TCNNIDAAKIY,384,725.0
1060,HLA-B58:01,32343.15,ANZ78847,NRFGAISSSLQ,1060,726.0
481,HLA-B58:01,32366.56,ANZ78847,NHDVVYAQHCF,481,727.0
845,HLA-B58:01,32382.42,ANZ78847,FCDNINAILTE,845,728.0
103,HLA-B58:01,32392.88,ANZ78847,INGIFAKVKNT,103,729.0
309,HLA-B58:01,32412.02,ANZ78847,TQSIAPPTGVY,309,730.0
664,HLA-B58:01,32441.11,ANZ78847,NLYGFRDYLTN,664,731.0
226,HLA-B58:01,32445.84,ANZ78847,FYAYFTDTGVV,226,732.0
72,HLA-B58:01,32457.48,ANZ78847,PTSGSTYRNMA,72,733.0
1018,HLA-B58:01,32459.14,ANZ78847,AFNNALDAIQE,1018,734.0
190,HLA-B58:01,32478.01,ANZ78847,LWHMDTGVVSC,190,735.0
750,HLA-B58:01,32480.35,ANZ78847,VGSGYCVDYSK,750,736.0
781,HLA-B58:01,32480.88,ANZ78847,TVNSVNDSLEP,781,737.0
917,HLA-B58:01,32485.64,ANZ78847,LLFDKVKLSDV,917,738.0
1192,HLA-B58:01,32488.0,ANZ78847,NNTWMYTGSGY,1192,739.0
818,HLA-B58:01,32527.4,ANZ78847,PKVTIDCAAFV,818,740.0
1028,HLA-B58:01,32554.67,ANZ78847,EGFDATNSALV,1028,741.0
822,HLA-B58:01,32558.7,ANZ78847,IDCAAFVCGDY,822,742.0
1302,HLA-B58:01,32585.06,ANZ78847,VKWPWYVWLLI,1302,743.0
559,HLA-B58:01,32618.37,ANZ78847,HCSGLAVKSDY,559,744.0
488,HLA-B58:01,32620.42,ANZ78847,QHCFKAPKNFC,488,745.0
251,HLA-B58:01,32632.14,ANZ78847,HYYVMPLTCIS,251,746.0
728,HLA-B58:01,32637.26,ANZ78847,YLGCVVNAYNS,728,747.0
87,HLA-B58:01,32656.25,ANZ78847,DKLSTLWFKPP,87,748.0
668,HLA-B58:01,32663.81,ANZ78847,FRDYLTNRTFM,668,749.0
725,HLA-B58:01,32670.24,ANZ78847,FDSYLGCVVNA,725,750.0
616,HLA-B58:01,32684.07,ANZ78847,DLQKANTDIKL,616,751.0
885,HLA-B58:01,32684.85,ANZ78847,VNFNVDDINFS,885,752.0
633,HLA-B58:01,32699.74,ANZ78847,DLYGISGQGIF,633,753.0
1076,HLA-B58:01,32716.79,ANZ78847,LDALEAEAQID,1076,754.0
1169,HLA-B58:01,32717.71,ANZ78847,VSPGLCIAGDR,1169,755.0
117,HLA-B58:01,32718.55,ANZ78847,KDGVMYSEFPA,117,756.0
357,HLA-B58:01,32725.07,ANZ78847,LNWERKTFSNC,357,757.0
693,HLA-B58:01,32787.45,ANZ78847,ANSSEPALLFR,693,758.0
162,HLA-B58:01,32788.04,ANZ78847,LEVSVCQYNMC,162,759.0
830,HLA-B58:01,32794.03,ANZ78847,GDYAACKSQLV,830,760.0
1127,HLA-B58:01,32808.25,ANZ78847,SQSSRINFCGN,1127,761.0
1257,HLA-B58:01,32840.58,ANZ78847,PDLALDYINVT,1257,762.0
271,HLA-B58:01,32878.56,ANZ78847,YWVTPLTSRQY,271,763.0
735,HLA-B58:01,32888.84,ANZ78847,AYNSTAISVQT,735,764.0
941,HLA-B58:01,32903.02,ANZ78847,EIRDLICVQSY,941,765.0
1108,HLA-B58:01,32936.28,ANZ78847,TLVKFSAAQAM,1108,766.0
546,HLA-B58:01,32977.23,ANZ78847,KCPQSKSLVGI,546,767.0
1051,HLA-B58:01,32989.19,ANZ78847,LNNLLQQLSNR,1051,768.0
426,HLA-B58:01,33011.52,ANZ78847,SFNYRIDTTAT,426,769.0
717,HLA-B58:01,33045.66,ANZ78847,RQLQPINYFDS,717,770.0
831,HLA-B58:01,33059.59,ANZ78847,DYAACKSQLVE,831,771.0
1210,HLA-B58:01,33067.99,ANZ78847,ENNVVVMSTCA,1210,772.0
1288,HLA-B58:01,33069.56,ANZ78847,SYINLKDIGTY,1288,773.0
93,HLA-B58:01,33086.76,ANZ78847,WFKPPFLSDFI,93,774.0
606,HLA-B58:01,33093.37,ANZ78847,DVNSGLTCSTD,606,775.0
622,HLA-B58:01,33136.5,ANZ78847,TDIKLGVCVNY,622,776.0
1002,HLA-B58:01,33137.31,ANZ78847,GVTMDVLSQNQ,1002,777.0
171,HLA-B58:01,33142.5,ANZ78847,MCEYPHTICHP,171,778.0
944,HLA-B58:01,33146.2,ANZ78847,DLICVQSYKGI,944,779.0
555,HLA-B58:01,33208.7,ANZ78847,GIGEHCSGLAV,555,780.0
96,HLA-B58:01,33209.08,ANZ78847,PPFLSDFINGI,96,781.0
1050,HLA-B58:01,33210.74,ANZ78847,ALNNLLQQLSN,1050,782.0
387,HLA-B58:01,33222.46,ANZ78847,NIDAAKIYGMC,387,783.0
1309,HLA-B58:01,33234.22,ANZ78847,WLLICLAGVAM,1309,784.0
1239,HLA-B58:01,33240.08,ANZ78847,PDFREELDQWF,1239,785.0
492,HLA-B58:01,33241.91,ANZ78847,KAPKNFCPCKS,492,786.0
354,HLA-B58:01,33247.88,ANZ78847,PSPLNWERKTF,354,787.0
112,HLA-B58:01,33248.45,ANZ78847,NTKVFKDGVMY,112,788.0
36,HLA-B58:01,33260.62,ANZ78847,PPSISTATVDV,36,789.0
1262,HLA-B58:01,33276.04,ANZ78847,DYINVTFLDLQ,1262,790.0
1303,HLA-B58:01,33295.03,ANZ78847,KWPWYVWLLIC,1303,791.0
53,HLA-B58:01,33308.42,ANZ78847,YYVLDRVYLNT,53,792.0
1115,HLA-B58:01,33308.76,ANZ78847,AQAMEKVNECV,1115,793.0
15,HLA-B58:01,33326.02,ANZ78847,IGDLKCPLDSR,15,794.0
532,HLA-B58:01,33335.53,ANZ78847,NLCNPDPITFT,532,795.0
64,HLA-B58:01,33341.25,ANZ78847,TLFLNGYYPTS,64,796.0
590,HLA-B58:01,33359.46,ANZ78847,CLQGDKCNIFA,590,797.0
1297,HLA-B58:01,33364.78,ANZ78847,TYEYYVKWPWY,1297,798.0
514,HLA-B58:01,33388.11,ANZ78847,KNNGIGTCPAG,514,799.0
254,HLA-B58:01,33411.23,ANZ78847,VMPLTCISRRN,254,800.0
1250,HLA-B58:01,33419.52,ANZ78847,KNQTSVAPDLA,1250,801.0
813,HLA-B58:01,33426.31,ANZ78847,IQTSSPKVTID,813,802.0
1218,HLA-B58:01,33499.12,ANZ78847,TCAVNYTKAPY,1218,803.0
322,HLA-B58:01,33505.5,ANZ78847,NGYTVQPIADV,322,804.0
222,HLA-B58:01,33520.22,ANZ78847,EGGTFYAYFTD,222,805.0
607,HLA-B58:01,33536.03,ANZ78847,VNSGLTCSTDL,607,806.0
964,HLA-B58:01,33564.3,ANZ78847,NQISGYTLAAT,964,807.0
470,HLA-B58:01,33651.09,ANZ78847,VFKPQPAGVLT,470,808.0
441,HLA-B58:01,33651.82,ANZ78847,YYNLPAANVSV,441,809.0
892,HLA-B58:01,33656.6,ANZ78847,INFSSVLGCLG,892,810.0
576,HLA-B58:01,33693.78,ANZ78847,TCQPQAFLGWS,576,811.0
1079,HLA-B58:01,33706.75,ANZ78847,LEAEAQIDRLI,1079,812.0
796,HLA-B58:01,33722.57,ANZ78847,YEIQIPSDFTI,796,813.0
620,HLA-B58:01,33735.57,ANZ78847,ANTDIKLGVCV,620,814.0
926,HLA-B58:01,33750.83,ANZ78847,DVGFVAAYNNC,926,815.0
299,HLA-B58:01,33755.31,ANZ78847,SDFMSEIKCKT,299,816.0
771,HLA-B58:01,33771.36,ANZ78847,GYRFTNFEPFT,771,817.0
1024,HLA-B58:01,33778.96,ANZ78847,DAIQEGFDATN,1024,818.0
529,HLA-B58:01,33818.44,ANZ78847,TCHNLCNPDPI,529,819.0
1000,HLA-B58:01,33834.67,ANZ78847,GLGVTMDVLSQ,1000,820.0
194,HLA-B58:01,33842.27,ANZ78847,DTGVVSCLYKR,194,821.0
240,HLA-B58:01,33846.2,ANZ78847,LFNVYLGMALS,240,822.0
365,HLA-B58:01,33855.39,ANZ78847,SNCNFNMSSLM,365,823.0
582,HLA-B58:01,33871.77,ANZ78847,FLGWSADSCLQ,582,824.0
1268,HLA-B58:01,33883.61,ANZ78847,FLDLQVEMNRL,1268,825.0
428,HLA-B58:01,33890.69,ANZ78847,NYRIDTTATSC,428,826.0
1323,HLA-B58:01,33894.56,ANZ78847,LFFICCCTGCG,1323,827.0
906,HLA-B58:01,33907.32,ANZ78847,SKASSRSAIED,906,828.0
995,HLA-B58:01,33918.28,ANZ78847,QYRINGLGVTM,995,829.0
528,HLA-B58:01,33930.29,ANZ78847,LTCHNLCNPDP,528,830.0
1086,HLA-B58:01,33952.96,ANZ78847,DRLINGRLTAL,1086,831.0
745,HLA-B58:01,33956.23,ANZ78847,TCDLTVGSGYC,745,832.0
676,HLA-B58:01,33973.06,ANZ78847,TFMIRSCYSGR,676,833.0
201,HLA-B58:01,34007.71,ANZ78847,LYKRNFTYDVN,201,834.0
99,HLA-B58:01,34013.09,ANZ78847,LSDFINGIFAK,99,835.0
1016,HLA-B58:01,34018.59,ANZ78847,ANAFNNALDAI,1016,836.0
891,HLA-B58:01,34030.78,ANZ78847,DINFSSVLGCL,891,837.0
882,HLA-B58:01,34034.78,ANZ78847,KDGVNFNVDDI,882,838.0
1011,HLA-B58:01,34040.27,ANZ78847,NQKLIANAFNN,1011,839.0
1304,HLA-B58:01,34053.45,ANZ78847,WPWYVWLLICL,1304,840.0
85,HLA-B58:01,34065.29,ANZ78847,GTDKLSTLWFK,85,841.0
556,HLA-B58:01,34089.39,ANZ78847,IGEHCSGLAVK,556,842.0
671,HLA-B58:01,34097.69,ANZ78847,YLTNRTFMIRS,671,843.0
787,HLA-B58:01,34098.18,ANZ78847,DSLEPVGGLYE,787,844.0
8,HLA-B58:01,34104.96,ANZ78847,LPTAFAVIGDL,8,845.0
1052,HLA-B58:01,34111.27,ANZ78847,NNLLQQLSNRF,1052,846.0
1173,HLA-B58:01,34121.56,ANZ78847,LCIAGDRGIAP,1173,847.0
521,HLA-B58:01,34125.3,ANZ78847,CPAGTNYLTCH,521,848.0
888,HLA-B58:01,34156.7,ANZ78847,NVDDINFSSVL,888,849.0
723,HLA-B58:01,34177.41,ANZ78847,NYFDSYLGCVV,723,850.0
339,HLA-B58:01,34179.91,ANZ78847,LPNCNIEAWLN,339,851.0
1211,HLA-B58:01,34180.62,ANZ78847,NNVVVMSTCAV,1211,852.0
464,HLA-B58:01,34184.77,ANZ78847,GFIEDSVFKPQ,464,853.0
340,HLA-B58:01,34194.11,ANZ78847,PNCNIEAWLND,340,854.0
158,HLA-B58:01,34200.25,ANZ78847,LQGLLEVSVCQ,158,855.0
1172,HLA-B58:01,34201.31,ANZ78847,GLCIAGDRGIA,1172,856.0
656,HLA-B58:01,34220.92,ANZ78847,NLLYDSNGNLY,656,857.0
1003,HLA-B58:01,34226.79,ANZ78847,VTMDVLSQNQK,1003,858.0
933,HLA-B58:01,34231.2,ANZ78847,YNNCTGGAEIR,933,859.0
573,HLA-B58:01,34232.48,ANZ78847,NPCTCQPQAFL,573,860.0
1306,HLA-B58:01,34265.54,ANZ78847,WYVWLLICLAG,1306,861.0
80,HLA-B58:01,34270.52,ANZ78847,NMALKGTDKLS,80,862.0
1227,HLA-B58:01,34284.44,ANZ78847,PYVMLNTSIPN,1227,863.0
859,HLA-B58:01,34291.73,ANZ78847,LLDTTQLQVAN,859,864.0
48,HLA-B58:01,34298.28,ANZ78847,NGLGTYYVLDR,48,865.0
553,HLA-B58:01,34308.18,ANZ78847,LVGIGEHCSGL,553,866.0
1096,HLA-B58:01,34315.66,ANZ78847,LNAYVSQQLSD,1096,867.0
380,HLA-B58:01,34352.34,ANZ78847,ADSFTCNNIDA,380,868.0
658,HLA-B58:01,34388.75,ANZ78847,LYDSNGNLYGF,658,869.0
451,HLA-B58:01,34396.15,ANZ78847,VSRFNPSTWNK,451,870.0
708,HLA-B58:01,34397.11,ANZ78847,NYVFNNSLTRQ,708,871.0
480,HLA-B58:01,34402.7,ANZ78847,TNHDVVYAQHC,480,872.0
746,HLA-B58:01,34406.93,ANZ78847,CDLTVGSGYCV,746,873.0
335,HLA-B58:01,34413.18,ANZ78847,RKPDLPNCNIE,335,874.0
35,HLA-B58:01,34417.3,ANZ78847,GPPSISTATVD,35,875.0
1047,HLA-B58:01,34427.22,ANZ78847,NAEALNNLLQQ,1047,876.0
1243,HLA-B58:01,34438.66,ANZ78847,EELDQWFKNQT,1243,877.0
863,HLA-B58:01,34439.74,ANZ78847,TQLQVANSLMN,863,878.0
1134,HLA-B58:01,34455.39,ANZ78847,FCGNGNHIISL,1134,879.0
1163,HLA-B58:01,34472.61,ANZ78847,KYVTAKVSPGL,1163,880.0
533,HLA-B58:01,34478.35,ANZ78847,LCNPDPITFTG,533,881.0
561,HLA-B58:01,34483.74,ANZ78847,SGLAVKSDYCG,561,882.0
1049,HLA-B58:01,34483.81,ANZ78847,EALNNLLQQLS,1049,883.0
527,HLA-B58:01,34497.92,ANZ78847,YLTCHNLCNPD,527,884.0
657,HLA-B58:01,34508.07,ANZ78847,LLYDSNGNLYG,657,885.0
189,HLA-B58:01,34513.35,ANZ78847,ELWHMDTGVVS,189,886.0
916,HLA-B58:01,34516.0,ANZ78847,DLLFDKVKLSD,916,887.0
558,HLA-B58:01,34526.6,ANZ78847,EHCSGLAVKSD,558,888.0
577,HLA-B58:01,34538.28,ANZ78847,CQPQAFLGWSA,577,889.0
581,HLA-B58:01,34550.13,ANZ78847,AFLGWSADSCL,581,890.0
1010,HLA-B58:01,34557.98,ANZ78847,QNQKLIANAFN,1010,891.0
202,HLA-B58:01,34559.3,ANZ78847,YKRNFTYDVNA,202,892.0
184,HLA-B58:01,34570.15,ANZ78847,GNHFKELWHMD,184,893.0
858,HLA-B58:01,34574.29,ANZ78847,ELLDTTQLQVA,858,894.0
904,HLA-B58:01,34578.58,ANZ78847,ECSKASSRSAI,904,895.0
511,HLA-B58:01,34580.23,ANZ78847,GPGKNNGIGTC,511,896.0
1054,HLA-B58:01,34614.31,ANZ78847,LLQQLSNRFGA,1054,897.0
786,HLA-B58:01,34615.11,ANZ78847,NDSLEPVGGLY,786,898.0
74,HLA-B58:01,34619.23,ANZ78847,SGSTYRNMALK,74,899.0
1080,HLA-B58:01,34630.25,ANZ78847,EAEAQIDRLIN,1080,900.0
23,HLA-B58:01,34631.59,ANZ78847,DSRTGSLNNID,23,901.0
795,HLA-B58:01,34633.65,ANZ78847,LYEIQIPSDFT,795,902.0
978,HLA-B58:01,34663.43,ANZ78847,LFPPWTAAAGV,978,903.0
321,HLA-B58:01,34667.35,ANZ78847,LNGYTVQPIAD,321,904.0
716,HLA-B58:01,34668.74,ANZ78847,TRQLQPINYFD,716,905.0
922,HLA-B58:01,34677.5,ANZ78847,VKLSDVGFVAA,922,906.0
634,HLA-B58:01,34682.02,ANZ78847,LYGISGQGIFV,634,907.0
1350,HLA-B58:01,34684.97,ANZ78847,YQELVIKTSHD,1350,908.0
721,HLA-B58:01,34685.56,ANZ78847,PINYFDSYLGC,721,909.0
1291,HLA-B58:01,34722.22,ANZ78847,NLKDIGTYEYY,1291,910.0
100,HLA-B58:01,34725.33,ANZ78847,SDFINGIFAKV,100,911.0
400,HLA-B58:01,34743.98,ANZ78847,SITIDKFAIPN,400,912.0
1276,HLA-B58:01,34765.45,ANZ78847,NRLQEAIKVLN,1276,913.0
152,HLA-B58:01,34766.44,ANZ78847,QDGVNKLQGLL,152,914.0
438,HLA-B58:01,34816.6,ANZ78847,CQLYYNLPAAN,438,915.0
1349,HLA-B58:01,34855.46,ANZ78847,GYQELVIKTSH,1349,916.0
391,HLA-B58:01,34867.45,ANZ78847,AKIYGMCFSSI,391,917.0
632,HLA-B58:01,34870.05,ANZ78847,YDLYGISGQGI,632,918.0
422,HLA-B58:01,34873.69,ANZ78847,GYLQSFNYRID,422,919.0
473,HLA-B58:01,34887.93,ANZ78847,PQPAGVLTNHD,473,920.0
629,HLA-B58:01,34906.97,ANZ78847,CVNYDLYGISG,629,921.0
1340,HLA-B58:01,34913.8,ANZ78847,CGGCCDDYTGY,1340,922.0
932,HLA-B58:01,34916.03,ANZ78847,AYNNCTGGAEI,932,923.0
286,HLA-B58:01,34938.72,ANZ78847,NQDGIIFNAVD,286,924.0
934,HLA-B58:01,34949.46,ANZ78847,NNCTGGAEIRD,934,925.0
156,HLA-B58:01,34961.0,ANZ78847,NKLQGLLEVSV,156,926.0
1190,HLA-B58:01,34980.57,ANZ78847,NVNNTWMYTGS,1190,927.0
799,HLA-B58:01,35001.3,ANZ78847,QIPSDFTIGNM,799,928.0
32,HLA-B58:01,35027.43,ANZ78847,IDTGPPSISTA,32,929.0
1235,HLA-B58:01,35035.31,ANZ78847,IPNLPDFREEL,1235,930.0
879,HLA-B58:01,35061.31,ANZ78847,TKLKDGVNFNV,879,931.0
274,HLA-B58:01,35085.5,ANZ78847,TPLTSRQYLLA,274,932.0
925,HLA-B58:01,35142.26,ANZ78847,SDVGFVAAYNN,925,933.0
502,HLA-B58:01,35148.94,ANZ78847,SNSSLCVGSGP,502,934.0
839,HLA-B58:01,35149.29,ANZ78847,LVEYGSFCDNI,839,935.0
537,HLA-B58:01,35157.06,ANZ78847,DPITFTGPYKC,537,936.0
497,HLA-B58:01,35170.13,ANZ78847,FCPCKSNSSLC,497,937.0
166,HLA-B58:01,35181.82,ANZ78847,VCQYNMCEYPH,166,938.0
92,HLA-B58:01,35197.24,ANZ78847,LWFKPPFLSDF,92,939.0
319,HLA-B58:01,35209.88,ANZ78847,YELNGYTVQPI,319,940.0
920,HLA-B58:01,35235.63,ANZ78847,DKVKLSDVGFV,920,941.0
821,HLA-B58:01,35239.33,ANZ78847,TIDCAAFVCGD,821,942.0
173,HLA-B58:01,35241.36,ANZ78847,EYPHTICHPNL,173,943.0
145,HLA-B58:01,35268.85,ANZ78847,PRTINSTQDGV,145,944.0
94,HLA-B58:01,35273.61,ANZ78847,FKPPFLSDFIN,94,945.0
472,HLA-B58:01,35285.88,ANZ78847,KPQPAGVLTNH,472,946.0
691,HLA-B58:01,35305.17,ANZ78847,FHANSSEPALL,691,947.0
408,HLA-B58:01,35314.5,ANZ78847,IPNGRKVDLQL,408,948.0
759,HLA-B58:01,35323.55,ANZ78847,SKNRRSRRAIT,759,949.0
1206,HLA-B58:01,35334.62,ANZ78847,EPITENNVVVM,1206,950.0
887,HLA-B58:01,35341.3,ANZ78847,FNVDDINFSSV,887,951.0
429,HLA-B58:01,35344.81,ANZ78847,YRIDTTATSCQ,429,952.0
315,HLA-B58:01,35358.24,ANZ78847,PTGVYELNGYT,315,953.0
1256,HLA-B58:01,35361.69,ANZ78847,APDLALDYINV,1256,954.0
329,HLA-B58:01,35363.74,ANZ78847,IADVYRRKPDL,329,955.0
807,HLA-B58:01,35368.49,ANZ78847,GNMEEFIQTSS,807,956.0
954,HLA-B58:01,35441.68,ANZ78847,IKVLPPLLSEN,954,957.0
1182,HLA-B58:01,35448.41,ANZ78847,APKSGYFVNVN,1182,958.0
950,HLA-B58:01,35467.2,ANZ78847,SYKGIKVLPPL,950,959.0
1205,HLA-B58:01,35467.93,ANZ78847,PEPITENNVVV,1205,960.0
650,HLA-B58:01,35470.36,ANZ78847,YYNSWQNLLYD,650,961.0
71,HLA-B58:01,35496.22,ANZ78847,YPTSGSTYRNM,71,962.0
7,HLA-B58:01,35498.69,ANZ78847,SLPTAFAVIGD,7,963.0
1037,HLA-B58:01,35509.41,ANZ78847,LVKIQAVVNAN,1037,964.0
1085,HLA-B58:01,35558.09,ANZ78847,IDRLINGRLTA,1085,965.0
59,HLA-B58:01,35570.29,ANZ78847,VYLNTTLFLNG,59,966.0
193,HLA-B58:01,35570.54,ANZ78847,MDTGVVSCLYK,193,967.0
395,HLA-B58:01,35580.29,ANZ78847,GMCFSSITIDK,395,968.0
957,HLA-B58:01,35598.25,ANZ78847,LPPLLSENQIS,957,969.0
1177,HLA-B58:01,35598.86,ANZ78847,GDRGIAPKSGY,1177,970.0
1285,HLA-B58:01,35605.08,ANZ78847,LNQSYINLKDI,1285,971.0
914,HLA-B58:01,35608.26,ANZ78847,IEDLLFDKVKL,914,972.0
639,HLA-B58:01,35642.9,ANZ78847,GQGIFVEVNAT,639,973.0
1245,HLA-B58:01,35643.98,ANZ78847,LDQWFKNQTSV,1245,974.0
1122,HLA-B58:01,35670.9,ANZ78847,NECVKSQSSRI,1122,975.0
381,HLA-B58:01,35678.58,ANZ78847,DSFTCNNIDAA,381,976.0
11,HLA-B58:01,35686.26,ANZ78847,AFAVIGDLKCP,11,977.0
1344,HLA-B58:01,35706.26,ANZ78847,CDDYTGYQELV,1344,978.0
1123,HLA-B58:01,35719.67,ANZ78847,ECVKSQSSRIN,1123,979.0
601,HLA-B58:01,35724.04,ANZ78847,NLILHDVNSGL,601,980.0
570,HLA-B58:01,35745.76,ANZ78847,CGGNPCTCQPQ,570,981.0
589,HLA-B58:01,35769.52,ANZ78847,SCLQGDKCNIF,589,982.0
459,HLA-B58:01,35780.32,ANZ78847,WNKRFGFIEDS,459,983.0
1338,HLA-B58:01,35783.49,ANZ78847,KKCGGCCDDYT,1338,984.0
203,HLA-B58:01,35784.89,ANZ78847,KRNFTYDVNAT,203,985.0
113,HLA-B58:01,35786.5,ANZ78847,TKVFKDGVMYS,113,986.0
572,HLA-B58:01,35800.9,ANZ78847,GNPCTCQPQAF,572,987.0
565,HLA-B58:01,35803.92,ANZ78847,VKSDYCGGNPC,565,988.0
1105,HLA-B58:01,35806.32,ANZ78847,SDSTLVKFSAA,1105,989.0
1091,HLA-B58:01,35818.91,ANZ78847,GRLTALNAYVS,1091,990.0
108,HLA-B58:01,35823.45,ANZ78847,AKVKNTKVFKD,108,991.0
414,HLA-B58:01,35842.74,ANZ78847,VDLQLGNLGYL,414,992.0
605,HLA-B58:01,35849.74,ANZ78847,HDVNSGLTCST,605,993.0
704,HLA-B58:01,35854.56,ANZ78847,NIKCNYVFNNS,704,994.0
856,HLA-B58:01,35855.41,ANZ78847,VNELLDTTQLQ,856,995.0
1070,HLA-B58:01,35855.96,ANZ78847,QEILSRLDALE,1070,996.0
755,HLA-B58:01,35873.38,ANZ78847,CVDYSKNRRSR,755,997.0
460,HLA-B58:01,35879.06,ANZ78847,NKRFGFIEDSV,460,998.0
123,HLA-B58:01,35884.6,ANZ78847,SEFPAITIGST,123,999.0
14,HLA-B58:01,35893.47,ANZ78847,VIGDLKCPLDS,14,1000.0
707,HLA-B58:01,35894.44,ANZ78847,CNYVFNNSLTR,707,1001.0
1059,HLA-B58:01,35901.98,ANZ78847,SNRFGAISSSL,1059,1002.0
188,HLA-B58:01,35905.03,ANZ78847,KELWHMDTGVV,188,1003.0
458,HLA-B58:01,35928.7,ANZ78847,TWNKRFGFIED,458,1004.0
798,HLA-B58:01,35930.94,ANZ78847,IQIPSDFTIGN,798,1005.0
1325,HLA-B58:01,35931.91,ANZ78847,FICCCTGCGTS,1325,1006.0
185,HLA-B58:01,35949.3,ANZ78847,NHFKELWHMDT,185,1007.0
489,HLA-B58:01,35954.66,ANZ78847,HCFKAPKNFCP,489,1008.0
1267,HLA-B58:01,35955.74,ANZ78847,TFLDLQVEMNR,1267,1009.0
442,HLA-B58:01,35960.08,ANZ78847,YNLPAANVSVS,442,1010.0
1139,HLA-B58:01,35980.65,ANZ78847,NHIISLVQNAP,1139,1011.0
810,HLA-B58:01,35987.46,ANZ78847,EEFIQTSSPKV,810,1012.0
623,HLA-B58:01,35990.75,ANZ78847,DIKLGVCVNYD,623,1013.0
109,HLA-B58:01,35991.04,ANZ78847,KVKNTKVFKDG,109,1014.0
415,HLA-B58:01,35998.4,ANZ78847,DLQLGNLGYLQ,415,1015.0
1329,HLA-B58:01,35998.49,ANZ78847,CTGCGTSCFKK,1329,1016.0
474,HLA-B58:01,36023.55,ANZ78847,QPAGVLTNHDV,474,1017.0
1269,HLA-B58:01,36036.3,ANZ78847,LDLQVEMNRLQ,1269,1018.0
1082,HLA-B58:01,36068.29,ANZ78847,EAQIDRLINGR,1082,1019.0
674,HLA-B58:01,36068.62,ANZ78847,NRTFMIRSCYS,674,1020.0
49,HLA-B58:01,36088.04,ANZ78847,GLGTYYVLDRV,49,1021.0
702,HLA-B58:01,36096.06,ANZ78847,FRNIKCNYVFN,702,1022.0
9,HLA-B58:01,36101.67,ANZ78847,PTAFAVIGDLK,9,1023.0
1246,HLA-B58:01,36108.12,ANZ78847,DQWFKNQTSVA,1246,1024.0
252,HLA-B58:01,36108.58,ANZ78847,YYVMPLTCISR,252,1025.0
498,HLA-B58:01,36113.51,ANZ78847,CPCKSNSSLCV,498,1026.0
1095,HLA-B58:01,36127.38,ANZ78847,ALNAYVSQQLS,1095,1027.0
928,HLA-B58:01,36159.02,ANZ78847,GFVAAYNNCTG,928,1028.0
865,HLA-B58:01,36161.96,ANZ78847,LQVANSLMNGV,865,1029.0
1341,HLA-B58:01,36165.72,ANZ78847,GGCCDDYTGYQ,1341,1030.0
515,HLA-B58:01,36174.11,ANZ78847,NNGIGTCPAGT,515,1031.0
1160,HLA-B58:01,36175.11,ANZ78847,VPTKYVTAKVS,1160,1032.0
776,HLA-B58:01,36184.21,ANZ78847,NFEPFTVNSVN,776,1033.0
490,HLA-B58:01,36191.87,ANZ78847,CFKAPKNFCPC,490,1034.0
881,HLA-B58:01,36192.24,ANZ78847,LKDGVNFNVDD,881,1035.0
661,HLA-B58:01,36195.34,ANZ78847,SNGNLYGFRDY,661,1036.0
143,HLA-B58:01,36200.44,ANZ78847,VQPRTINSTQD,143,1037.0
827,HLA-B58:01,36205.34,ANZ78847,FVCGDYAACKS,827,1038.0
1029,HLA-B58:01,36215.45,ANZ78847,GFDATNSALVK,1029,1039.0
730,HLA-B58:01,36216.23,ANZ78847,GCVVNAYNSTA,730,1040.0
191,HLA-B58:01,36224.83,ANZ78847,WHMDTGVVSCL,191,1041.0
219,HLA-B58:01,36229.89,ANZ78847,FYQEGGTFYAY,219,1042.0
643,HLA-B58:01,36250.24,ANZ78847,FVEVNATYYNS,643,1043.0
348,HLA-B58:01,36256.13,ANZ78847,LNDKSVPSPLN,348,1044.0
915,HLA-B58:01,36263.74,ANZ78847,EDLLFDKVKLS,915,1045.0
1090,HLA-B58:01,36265.96,ANZ78847,NGRLTALNAYV,1090,1046.0
651,HLA-B58:01,36279.88,ANZ78847,YNSWQNLLYDS,651,1047.0
150,HLA-B58:01,36284.3,ANZ78847,STQDGVNKLQG,150,1048.0
1055,HLA-B58:01,36294.04,ANZ78847,LQQLSNRFGAI,1055,1049.0
841,HLA-B58:01,36299.8,ANZ78847,EYGSFCDNINA,841,1050.0
1226,HLA-B58:01,36312.02,ANZ78847,APYVMLNTSIP,1226,1051.0
404,HLA-B58:01,36312.68,ANZ78847,DKFAIPNGRKV,404,1052.0
548,HLA-B58:01,36314.74,ANZ78847,PQSKSLVGIGE,548,1053.0
670,HLA-B58:01,36321.22,ANZ78847,DYLTNRTFMIR,670,1054.0
1351,HLA-B58:01,36326.97,ANZ78847,QELVIKTSHDD,1351,1055.0
296,HLA-B58:01,36355.14,ANZ78847,DCMSDFMSEIK,296,1056.0
630,HLA-B58:01,36358.39,ANZ78847,VNYDLYGISGQ,630,1057.0
1083,HLA-B58:01,36375.2,ANZ78847,AQIDRLINGRL,1083,1058.0
959,HLA-B58:01,36382.84,ANZ78847,PLLSENQISGY,959,1059.0
285,HLA-B58:01,36400.3,ANZ78847,FNQDGIIFNAV,285,1060.0
402,HLA-B58:01,36404.71,ANZ78847,TIDKFAIPNGR,402,1061.0
1293,HLA-B58:01,36413.52,ANZ78847,KDIGTYEYYVK,1293,1062.0
110,HLA-B58:01,36426.2,ANZ78847,VKNTKVFKDGV,110,1063.0
217,HLA-B58:01,36430.71,ANZ78847,FHFYQEGGTFY,217,1064.0
107,HLA-B58:01,36442.72,ANZ78847,FAKVKNTKVFK,107,1065.0
24,HLA-B58:01,36454.36,ANZ78847,SRTGSLNNIDT,24,1066.0
440,HLA-B58:01,36457.57,ANZ78847,LYYNLPAANVS,440,1067.0
1071,HLA-B58:01,36480.66,ANZ78847,EILSRLDALEA,1071,1068.0
91,HLA-B58:01,36524.9,ANZ78847,TLWFKPPFLSD,91,1069.0
359,HLA-B58:01,36545.69,ANZ78847,WERKTFSNCNF,359,1070.0
1271,HLA-B58:01,36565.51,ANZ78847,LQVEMNRLQEA,1271,1071.0
655,HLA-B58:01,36583.06,ANZ78847,QNLLYDSNGNL,655,1072.0
557,HLA-B58:01,36584.32,ANZ78847,GEHCSGLAVKS,557,1073.0
33,HLA-B58:01,36596.51,ANZ78847,DTGPPSISTAT,33,1074.0
1247,HLA-B58:01,36596.86,ANZ78847,QWFKNQTSVAP,1247,1075.0
82,HLA-B58:01,36599.31,ANZ78847,ALKGTDKLSTL,82,1076.0
659,HLA-B58:01,36604.94,ANZ78847,YDSNGNLYGFR,659,1077.0
1202,HLA-B58:01,36615.42,ANZ78847,YYYPEPITENN,1202,1078.0
775,HLA-B58:01,36626.18,ANZ78847,TNFEPFTVNSV,775,1079.0
471,HLA-B58:01,36636.78,ANZ78847,FKPQPAGVLTN,471,1080.0
579,HLA-B58:01,36639.59,ANZ78847,PQAFLGWSADS,579,1081.0
1251,HLA-B58:01,36647.33,ANZ78847,NQTSVAPDLAL,1251,1082.0
1097,HLA-B58:01,36656.35,ANZ78847,NAYVSQQLSDS,1097,1083.0
727,HLA-B58:01,36664.15,ANZ78847,SYLGCVVNAYN,727,1084.0
420,HLA-B58:01,36666.56,ANZ78847,NLGYLQSFNYR,420,1085.0
360,HLA-B58:01,36677.59,ANZ78847,ERKTFSNCNFN,360,1086.0
268,HLA-B58:01,36690.17,ANZ78847,TLEYWVTPLTS,268,1087.0
902,HLA-B58:01,36692.68,ANZ78847,GSECSKASSRS,902,1088.0
817,HLA-B58:01,36698.51,ANZ78847,SPKVTIDCAAF,817,1089.0
101,HLA-B58:01,36704.79,ANZ78847,DFINGIFAKVK,101,1090.0
742,HLA-B58:01,36719.21,ANZ78847,SVQTCDLTVGS,742,1091.0
278,HLA-B58:01,36720.86,ANZ78847,SRQYLLAFNQD,278,1092.0
604,HLA-B58:01,36750.6,ANZ78847,LHDVNSGLTCS,604,1093.0
896,HLA-B58:01,36752.24,ANZ78847,SVLGCLGSECS,896,1094.0
940,HLA-B58:01,36773.52,ANZ78847,AEIRDLICVQS,940,1095.0
612,HLA-B58:01,36773.66,ANZ78847,TCSTDLQKANT,612,1096.0
578,HLA-B58:01,36825.28,ANZ78847,QPQAFLGWSAD,578,1097.0
1270,HLA-B58:01,36825.74,ANZ78847,DLQVEMNRLQE,1270,1098.0
31,HLA-B58:01,36835.06,ANZ78847,NIDTGPPSIST,31,1099.0
801,HLA-B58:01,36835.81,ANZ78847,PSDFTIGNMEE,801,1100.0
587,HLA-B58:01,36861.85,ANZ78847,ADSCLQGDKCN,587,1101.0
1244,HLA-B58:01,36877.2,ANZ78847,ELDQWFKNQTS,1244,1102.0
690,HLA-B58:01,36877.28,ANZ78847,AFHANSSEPAL,690,1103.0
270,HLA-B58:01,36892.27,ANZ78847,EYWVTPLTSRQ,270,1104.0
1130,HLA-B58:01,36899.28,ANZ78847,SRINFCGNGNH,1130,1105.0
1203,HLA-B58:01,36900.14,ANZ78847,YYPEPITENNV,1203,1106.0
777,HLA-B58:01,36906.61,ANZ78847,FEPFTVNSVND,777,1107.0
1068,HLA-B58:01,36911.27,ANZ78847,SLQEILSRLDA,1068,1108.0
1117,HLA-B58:01,36922.0,ANZ78847,AMEKVNECVKS,1117,1109.0
610,HLA-B58:01,36926.31,ANZ78847,GLTCSTDLQKA,610,1110.0
179,HLA-B58:01,36932.49,ANZ78847,CHPNLGNHFKE,179,1111.0
681,HLA-B58:01,36939.49,ANZ78847,SCYSGRVSAAF,681,1112.0
443,HLA-B58:01,36944.69,ANZ78847,NLPAANVSVSR,443,1113.0
996,HLA-B58:01,36958.35,ANZ78847,YRINGLGVTMD,996,1114.0
1161,HLA-B58:01,36967.2,ANZ78847,PTKYVTAKVSP,1161,1115.0
962,HLA-B58:01,36968.7,ANZ78847,SENQISGYTLA,962,1116.0
1207,HLA-B58:01,36972.48,ANZ78847,PITENNVVVMS,1207,1117.0
155,HLA-B58:01,36975.19,ANZ78847,VNKLQGLLEVS,155,1118.0
711,HLA-B58:01,36978.75,ANZ78847,FNNSLTRQLQP,711,1119.0
452,HLA-B58:01,36992.26,ANZ78847,SRFNPSTWNKR,452,1120.0
919,HLA-B58:01,37003.58,ANZ78847,FDKVKLSDVGF,919,1121.0
314,HLA-B58:01,37010.11,ANZ78847,PPTGVYELNGY,314,1122.0
778,HLA-B58:01,37017.59,ANZ78847,EPFTVNSVNDS,778,1123.0
199,HLA-B58:01,37020.74,ANZ78847,SCLYKRNFTYD,199,1124.0
1222,HLA-B58:01,37024.51,ANZ78847,NYTKAPYVMLN,1222,1125.0
789,HLA-B58:01,37024.88,ANZ78847,LEPVGGLYEIQ,789,1126.0
180,HLA-B58:01,37029.65,ANZ78847,HPNLGNHFKEL,180,1127.0
487,HLA-B58:01,37029.75,ANZ78847,AQHCFKAPKNF,487,1128.0
987,HLA-B58:01,37034.53,ANZ78847,GVPFYLNVQYR,987,1129.0
416,HLA-B58:01,37038.54,ANZ78847,LQLGNLGYLQS,416,1130.0
544,HLA-B58:01,37049.43,ANZ78847,PYKCPQSKSLV,544,1131.0
21,HLA-B58:01,37056.1,ANZ78847,PLDSRTGSLNN,21,1132.0
945,HLA-B58:01,37058.92,ANZ78847,LICVQSYKGIK,945,1133.0
800,HLA-B58:01,37063.97,ANZ78847,IPSDFTIGNME,800,1134.0
756,HLA-B58:01,37066.59,ANZ78847,VDYSKNRRSRR,756,1135.0
336,HLA-B58:01,37068.77,ANZ78847,KPDLPNCNIEA,336,1136.0
187,HLA-B58:01,37098.51,ANZ78847,FKELWHMDTGV,187,1137.0
116,HLA-B58:01,37105.42,ANZ78847,FKDGVMYSEFP,116,1138.0
963,HLA-B58:01,37106.77,ANZ78847,ENQISGYTLAA,963,1139.0
447,HLA-B58:01,37108.17,ANZ78847,ANVSVSRFNPS,447,1140.0
1278,HLA-B58:01,37121.87,ANZ78847,LQEAIKVLNQS,1278,1141.0
679,HLA-B58:01,37122.55,ANZ78847,IRSCYSGRVSA,679,1142.0
584,HLA-B58:01,37125.12,ANZ78847,GWSADSCLQGD,584,1143.0
840,HLA-B58:01,37127.55,ANZ78847,VEYGSFCDNIN,840,1144.0
513,HLA-B58:01,37133.03,ANZ78847,GKNNGIGTCPA,513,1145.0
306,HLA-B58:01,37136.17,ANZ78847,KCKTQSIAPPT,306,1146.0
1336,HLA-B58:01,37156.21,ANZ78847,CFKKCGGCCDD,1336,1147.0
935,HLA-B58:01,37202.94,ANZ78847,NCTGGAEIRDL,935,1148.0
591,HLA-B58:01,37207.79,ANZ78847,LQGDKCNIFAN,591,1149.0
1053,HLA-B58:01,37213.07,ANZ78847,NLLQQLSNRFG,1053,1150.0
1248,HLA-B58:01,37222.93,ANZ78847,WFKNQTSVAPD,1248,1151.0
1342,HLA-B58:01,37227.0,ANZ78847,GCCDDYTGYQE,1342,1152.0
356,HLA-B58:01,37235.24,ANZ78847,PLNWERKTFSN,356,1153.0
872,HLA-B58:01,37256.25,ANZ78847,MNGVTLSTKLK,872,1154.0
1101,HLA-B58:01,37263.26,ANZ78847,SQQLSDSTLVK,1101,1155.0
864,HLA-B58:01,37265.16,ANZ78847,QLQVANSLMNG,864,1156.0
1337,HLA-B58:01,37274.61,ANZ78847,FKKCGGCCDDY,1337,1157.0
1249,HLA-B58:01,37299.08,ANZ78847,FKNQTSVAPDL,1249,1158.0
1204,HLA-B58:01,37312.05,ANZ78847,YPEPITENNVV,1204,1159.0
530,HLA-B58:01,37356.12,ANZ78847,CHNLCNPDPIT,530,1160.0
1201,HLA-B58:01,37359.58,ANZ78847,GYYYPEPITEN,1201,1161.0
979,HLA-B58:01,37375.73,ANZ78847,FPPWTAAAGVP,979,1162.0
385,HLA-B58:01,37396.11,ANZ78847,CNNIDAAKIYG,385,1163.0
307,HLA-B58:01,37415.63,ANZ78847,CKTQSIAPPTG,307,1164.0
353,HLA-B58:01,37445.72,ANZ78847,VPSPLNWERKT,353,1165.0
1346,HLA-B58:01,37446.09,ANZ78847,DYTGYQELVIK,1346,1166.0
1234,HLA-B58:01,37461.88,ANZ78847,SIPNLPDFREE,1234,1167.0
1153,HLA-B58:01,37466.48,ANZ78847,YFIHFSYVPTK,1153,1168.0
857,HLA-B58:01,37473.52,ANZ78847,NELLDTTQLQV,857,1169.0
77,HLA-B58:01,37479.67,ANZ78847,TYRNMALKGTD,77,1170.0
1224,HLA-B58:01,37491.45,ANZ78847,TKAPYVMLNTS,1224,1171.0
347,HLA-B58:01,37507.93,ANZ78847,WLNDKSVPSPL,347,1172.0
1078,HLA-B58:01,37518.67,ANZ78847,ALEAEAQIDRL,1078,1173.0
1077,HLA-B58:01,37519.62,ANZ78847,DALEAEAQIDR,1077,1174.0
1327,HLA-B58:01,37524.72,ANZ78847,CCCTGCGTSCF,1327,1175.0
332,HLA-B58:01,37528.46,ANZ78847,VYRRKPDLPNC,332,1176.0
1048,HLA-B58:01,37568.06,ANZ78847,AEALNNLLQQL,1048,1177.0
178,HLA-B58:01,37572.07,ANZ78847,ICHPNLGNHFK,178,1178.0
535,HLA-B58:01,37577.91,ANZ78847,NPDPITFTGPY,535,1179.0
860,HLA-B58:01,37586.83,ANZ78847,LDTTQLQVANS,860,1180.0
303,HLA-B58:01,37592.39,ANZ78847,SEIKCKTQSIA,303,1181.0
900,HLA-B58:01,37593.63,ANZ78847,CLGSECSKASS,900,1182.0
1025,HLA-B58:01,37603.33,ANZ78847,AIQEGFDATNS,1025,1183.0
753,HLA-B58:01,37616.98,ANZ78847,GYCVDYSKNRR,753,1184.0
1026,HLA-B58:01,37626.99,ANZ78847,IQEGFDATNSA,1026,1185.0
506,HLA-B58:01,37639.84,ANZ78847,LCVGSGPGKNN,506,1186.0
493,HLA-B58:01,37652.84,ANZ78847,APKNFCPCKSN,493,1187.0
993,HLA-B58:01,37654.7,ANZ78847,NVQYRINGLGV,993,1188.0
151,HLA-B58:01,37666.73,ANZ78847,TQDGVNKLQGL,151,1189.0
172,HLA-B58:01,37695.97,ANZ78847,CEYPHTICHPN,172,1190.0
65,HLA-B58:01,37713.75,ANZ78847,LFLNGYYPTSG,65,1191.0
16,HLA-B58:01,37723.45,ANZ78847,GDLKCPLDSRT,16,1192.0
411,HLA-B58:01,37728.59,ANZ78847,GRKVDLQLGNL,411,1193.0
147,HLA-B58:01,37729.01,ANZ78847,TINSTQDGVNK,147,1194.0
327,HLA-B58:01,37737.74,ANZ78847,QPIADVYRRKP,327,1195.0
854,HLA-B58:01,37740.24,ANZ78847,TEVNELLDTTQ,854,1196.0
1022,HLA-B58:01,37752.37,ANZ78847,ALDAIQEGFDA,1022,1197.0
1174,HLA-B58:01,37761.26,ANZ78847,CIAGDRGIAPK,1174,1198.0
1023,HLA-B58:01,37770.44,ANZ78847,LDAIQEGFDAT,1023,1199.0
30,HLA-B58:01,37778.32,ANZ78847,NNIDTGPPSIS,30,1200.0
300,HLA-B58:01,37779.94,ANZ78847,DFMSEIKCKTQ,300,1201.0
410,HLA-B58:01,37852.03,ANZ78847,NGRKVDLQLGN,410,1202.0
505,HLA-B58:01,37857.14,ANZ78847,SLCVGSGPGKN,505,1203.0
889,HLA-B58:01,37861.9,ANZ78847,VDDINFSSVLG,889,1204.0
1098,HLA-B58:01,37886.44,ANZ78847,AYVSQQLSDST,1098,1205.0
67,HLA-B58:01,37893.28,ANZ78847,LNGYYPTSGST,67,1206.0
808,HLA-B58:01,37901.03,ANZ78847,NMEEFIQTSSP,808,1207.0
294,HLA-B58:01,37901.98,ANZ78847,AVDCMSDFMSE,294,1208.0
496,HLA-B58:01,37910.18,ANZ78847,NFCPCKSNSSL,496,1209.0
256,HLA-B58:01,37911.81,ANZ78847,PLTCISRRNIG,256,1210.0
512,HLA-B58:01,37924.33,ANZ78847,PGKNNGIGTCP,512,1211.0
343,HLA-B58:01,37934.93,ANZ78847,NIEAWLNDKSV,343,1212.0
1236,HLA-B58:01,37951.74,ANZ78847,PNLPDFREELD,1236,1213.0
953,HLA-B58:01,37976.85,ANZ78847,GIKVLPPLLSE,953,1214.0
1069,HLA-B58:01,37992.87,ANZ78847,LQEILSRLDAL,1069,1215.0
665,HLA-B58:01,38004.11,ANZ78847,LYGFRDYLTNR,665,1216.0
609,HLA-B58:01,38007.86,ANZ78847,SGLTCSTDLQK,609,1217.0
1335,HLA-B58:01,38020.43,ANZ78847,SCFKKCGGCCD,1335,1218.0
214,HLA-B58:01,38069.86,ANZ78847,YLYFHFYQEGG,214,1219.0
811,HLA-B58:01,38072.37,ANZ78847,EFIQTSSPKVT,811,1220.0
585,HLA-B58:01,38077.05,ANZ78847,WSADSCLQGDK,585,1221.0
358,HLA-B58:01,38079.54,ANZ78847,NWERKTFSNCN,358,1222.0
305,HLA-B58:01,38082.47,ANZ78847,IKCKTQSIAPP,305,1223.0
826,HLA-B58:01,38104.07,ANZ78847,AFVCGDYAACK,826,1224.0
70,HLA-B58:01,38121.13,ANZ78847,YYPTSGSTYRN,70,1225.0
1109,HLA-B58:01,38126.15,ANZ78847,LVKFSAAQAME,1109,1226.0
66,HLA-B58:01,38143.28,ANZ78847,FLNGYYPTSGS,66,1227.0
331,HLA-B58:01,38147.44,ANZ78847,DVYRRKPDLPN,331,1228.0
1240,HLA-B58:01,38147.92,ANZ78847,DFREELDQWFK,1240,1229.0
757,HLA-B58:01,38152.2,ANZ78847,DYSKNRRSRRA,757,1230.0
318,HLA-B58:01,38162.89,ANZ78847,VYELNGYTVQP,318,1231.0
19,HLA-B58:01,38186.45,ANZ78847,KCPLDSRTGSL,19,1232.0
1118,HLA-B58:01,38200.79,ANZ78847,MEKVNECVKSQ,1118,1233.0
569,HLA-B58:01,38216.4,ANZ78847,YCGGNPCTCQP,569,1234.0
104,HLA-B58:01,38228.31,ANZ78847,NGIFAKVKNTK,104,1235.0
345,HLA-B58:01,38232.37,ANZ78847,EAWLNDKSVPS,345,1236.0
269,HLA-B58:01,38234.14,ANZ78847,LEYWVTPLTSR,269,1237.0
797,HLA-B58:01,38241.84,ANZ78847,EIQIPSDFTIG,797,1238.0
1343,HLA-B58:01,38254.66,ANZ78847,CCDDYTGYQEL,1343,1239.0
69,HLA-B58:01,38258.94,ANZ78847,GYYPTSGSTYR,69,1240.0
344,HLA-B58:01,38286.9,ANZ78847,IEAWLNDKSVP,344,1241.0
482,HLA-B58:01,38294.51,ANZ78847,HDVVYAQHCFK,482,1242.0
437,HLA-B58:01,38295.01,ANZ78847,SCQLYYNLPAA,437,1243.0
615,HLA-B58:01,38299.62,ANZ78847,TDLQKANTDIK,615,1244.0
1119,HLA-B58:01,38325.26,ANZ78847,EKVNECVKSQS,1119,1245.0
1242,HLA-B58:01,38366.84,ANZ78847,REELDQWFKNQ,1242,1246.0
507,HLA-B58:01,38368.95,ANZ78847,CVGSGPGKNNG,507,1247.0
899,HLA-B58:01,38374.65,ANZ78847,GCLGSECSKAS,899,1248.0
215,HLA-B58:01,38388.32,ANZ78847,LYFHFYQEGGT,215,1249.0
617,HLA-B58:01,38412.77,ANZ78847,LQKANTDIKLG,617,1250.0
407,HLA-B58:01,38413.98,ANZ78847,AIPNGRKVDLQ,407,1251.0
75,HLA-B58:01,38423.65,ANZ78847,GSTYRNMALKG,75,1252.0
95,HLA-B58:01,38427.78,ANZ78847,KPPFLSDFING,95,1253.0
654,HLA-B58:01,38454.57,ANZ78847,WQNLLYDSNGN,654,1254.0
1286,HLA-B58:01,38509.0,ANZ78847,NQSYINLKDIG,1286,1255.0
540,HLA-B58:01,38521.62,ANZ78847,TFTGPYKCPQS,540,1256.0
568,HLA-B58:01,38532.98,ANZ78847,DYCGGNPCTCQ,568,1257.0
720,HLA-B58:01,38534.32,ANZ78847,QPINYFDSYLG,720,1258.0
990,HLA-B58:01,38566.57,ANZ78847,FYLNVQYRING,990,1259.0
543,HLA-B58:01,38572.27,ANZ78847,GPYKCPQSKSL,543,1260.0
465,HLA-B58:01,38584.15,ANZ78847,FIEDSVFKPQP,465,1261.0
175,HLA-B58:01,38600.2,ANZ78847,PHTICHPNLGN,175,1262.0
1027,HLA-B58:01,38603.82,ANZ78847,QEGFDATNSAL,1027,1263.0
538,HLA-B58:01,38605.52,ANZ78847,PITFTGPYKCP,538,1264.0
754,HLA-B58:01,38607.53,ANZ78847,YCVDYSKNRRS,754,1265.0
918,HLA-B58:01,38624.17,ANZ78847,LFDKVKLSDVG,918,1266.0
495,HLA-B58:01,38625.13,ANZ78847,KNFCPCKSNSS,495,1267.0
355,HLA-B58:01,38628.43,ANZ78847,SPLNWERKTFS,355,1268.0
366,HLA-B58:01,38636.62,ANZ78847,NCNFNMSSLMS,366,1269.0
574,HLA-B58:01,38653.71,ANZ78847,PCTCQPQAFLG,574,1270.0
761,HLA-B58:01,38663.04,ANZ78847,NRRSRRAITTG,761,1271.0
279,HLA-B58:01,38664.95,ANZ78847,RQYLLAFNQDG,279,1272.0
28,HLA-B58:01,38690.95,ANZ78847,SLNNIDTGPPS,28,1273.0
943,HLA-B58:01,38701.78,ANZ78847,RDLICVQSYKG,943,1274.0
785,HLA-B58:01,38706.07,ANZ78847,VNDSLEPVGGL,785,1275.0
696,HLA-B58:01,38729.59,ANZ78847,SEPALLFRNIK,696,1276.0
874,HLA-B58:01,38748.67,ANZ78847,GVTLSTKLKDG,874,1277.0
20,HLA-B58:01,38770.52,ANZ78847,CPLDSRTGSLN,20,1278.0
870,HLA-B58:01,38787.32,ANZ78847,SLMNGVTLSTK,870,1279.0
1241,HLA-B58:01,38797.97,ANZ78847,FREELDQWFKN,1241,1280.0
333,HLA-B58:01,38815.2,ANZ78847,YRRKPDLPNCN,333,1281.0
328,HLA-B58:01,38840.4,ANZ78847,PIADVYRRKPD,328,1282.0
412,HLA-B58:01,38845.5,ANZ78847,RKVDLQLGNLG,412,1283.0
977,HLA-B58:01,38867.71,ANZ78847,SLFPPWTAAAG,977,1284.0
341,HLA-B58:01,38918.97,ANZ78847,NCNIEAWLNDK,341,1285.0
828,HLA-B58:01,38939.02,ANZ78847,VCGDYAACKSQ,828,1286.0
454,HLA-B58:01,38980.79,ANZ78847,FNPSTWNKRFG,454,1287.0
342,HLA-B58:01,38982.77,ANZ78847,CNIEAWLNDKS,342,1288.0
913,HLA-B58:01,38995.52,ANZ78847,AIEDLLFDKVK,913,1289.0
304,HLA-B58:01,39003.64,ANZ78847,EIKCKTQSIAP,304,1290.0
547,HLA-B58:01,39025.92,ANZ78847,CPQSKSLVGIG,547,1291.0
1328,HLA-B58:01,39027.12,ANZ78847,CCTGCGTSCFK,1328,1292.0
1237,HLA-B58:01,39033.5,ANZ78847,NLPDFREELDQ,1237,1293.0
903,HLA-B58:01,39035.33,ANZ78847,SECSKASSRSA,903,1294.0
1273,HLA-B58:01,39089.88,ANZ78847,VEMNRLQEAIK,1273,1295.0
499,HLA-B58:01,39149.72,ANZ78847,PCKSNSSLCVG,499,1296.0
1158,HLA-B58:01,39150.81,ANZ78847,SYVPTKYVTAK,1158,1297.0
992,HLA-B58:01,39165.72,ANZ78847,LNVQYRINGLG,992,1298.0
228,HLA-B58:01,39184.98,ANZ78847,AYFTDTGVVTK,228,1299.0
1331,HLA-B58:01,39185.48,ANZ78847,GCGTSCFKKCG,1331,1300.0
1074,HLA-B58:01,39188.2,ANZ78847,SRLDALEAEAQ,1074,1301.0
1176,HLA-B58:01,39222.5,ANZ78847,AGDRGIAPKSG,1176,1302.0
313,HLA-B58:01,39225.17,ANZ78847,APPTGVYELNG,313,1303.0
1121,HLA-B58:01,39293.56,ANZ78847,VNECVKSQSSR,1121,1304.0
564,HLA-B58:01,39311.71,ANZ78847,AVKSDYCGGNP,564,1305.0
213,HLA-B58:01,39335.08,ANZ78847,TYLYFHFYQEG,213,1306.0
1081,HLA-B58:01,39341.94,ANZ78847,AEAQIDRLING,1081,1307.0
494,HLA-B58:01,39372.0,ANZ78847,PKNFCPCKSNS,494,1308.0
186,HLA-B58:01,39433.62,ANZ78847,HFKELWHMDTG,186,1309.0
541,HLA-B58:01,39441.86,ANZ78847,FTGPYKCPQSK,541,1310.0
542,HLA-B58:01,39455.64,ANZ78847,TGPYKCPQSKS,542,1311.0
466,HLA-B58:01,39475.37,ANZ78847,IEDSVFKPQPA,466,1312.0
330,HLA-B58:01,39480.92,ANZ78847,ADVYRRKPDLP,330,1313.0
834,HLA-B58:01,39542.17,ANZ78847,ACKSQLVEYGS,834,1314.0
352,HLA-B58:01,39558.88,ANZ78847,SVPSPLNWERK,352,1315.0
491,HLA-B58:01,39562.08,ANZ78847,FKAPKNFCPCK,491,1316.0
1019,HLA-B58:01,39573.78,ANZ78847,FNNALDAIQEG,1019,1317.0
504,HLA-B58:01,39590.55,ANZ78847,SSLCVGSGPGK,504,1318.0
1339,HLA-B58:01,39594.94,ANZ78847,KCGGCCDDYTG,1339,1319.0
942,HLA-B58:01,39611.05,ANZ78847,IRDLICVQSYK,942,1320.0
1332,HLA-B58:01,39623.81,ANZ78847,CGTSCFKKCGG,1332,1321.0
346,HLA-B58:01,39644.0,ANZ78847,AWLNDKSVPSP,346,1322.0
545,HLA-B58:01,39644.98,ANZ78847,YKCPQSKSLVG,545,1323.0
600,HLA-B58:01,39684.75,ANZ78847,ANLILHDVNSG,600,1324.0
174,HLA-B58:01,39710.69,ANZ78847,YPHTICHPNLG,174,1325.0
1167,HLA-B58:01,39732.44,ANZ78847,AKVSPGLCIAG,1167,1326.0
534,HLA-B58:01,39805.52,ANZ78847,CNPDPITFTGP,534,1327.0
78,HLA-B58:01,39839.23,ANZ78847,YRNMALKGTDK,78,1328.0
784,HLA-B58:01,39842.27,ANZ78847,SVNDSLEPVGG,784,1329.0
382,HLA-B58:01,39948.85,ANZ78847,SFTCNNIDAAK,382,1330.0
653,HLA-B58:01,39977.18,ANZ78847,SWQNLLYDSNG,653,1331.0
18,HLA-B58:01,40048.36,ANZ78847,LKCPLDSRTGS,18,1332.0
1162,HLA-B58:01,40058.25,ANZ78847,TKYVTAKVSPG,1162,1333.0
409,HLA-B58:01,40090.37,ANZ78847,PNGRKVDLQLG,409,1334.0
1110,HLA-B58:01,40109.03,ANZ78847,VKFSAAQAMEK,1110,1335.0
958,HLA-B58:01,40133.49,ANZ78847,PPLLSENQISG,958,1336.0
1191,HLA-B58:01,40133.64,ANZ78847,VNNTWMYTGSG,1191,1337.0
562,HLA-B58:01,40149.47,ANZ78847,GLAVKSDYCGG,562,1338.0
536,HLA-B58:01,40196.05,ANZ78847,PDPITFTGPYK,536,1339.0
144,HLA-B58:01,40209.69,ANZ78847,QPRTINSTQDG,144,1340.0
326,HLA-B58:01,40217.4,ANZ78847,VQPIADVYRRK,326,1341.0
809,HLA-B58:01,40324.87,ANZ78847,MEEFIQTSSPK,809,1342.0
897,HLA-B58:01,40342.33,ANZ78847,VLGCLGSECSK,897,1343.0
929,HLA-B58:01,40435.72,ANZ78847,FVAAYNNCTGG,929,1344.0
485,HLA-B58:01,40478.3,ANZ78847,VYAQHCFKAPK,485,1345.0
17,HLA-B58:01,40484.44,ANZ78847,DLKCPLDSRTG,17,1346.0
743,HLA-B58:01,40499.54,ANZ78847,VQTCDLTVGSG,743,1347.0
467,HLA-B58:01,40632.92,ANZ78847,EDSVFKPQPAG,467,1348.0
552,HLA-B58:01,40719.39,ANZ78847,SLVGIGEHCSG,552,1349.0
631,HLA-B58:01,40820.64,ANZ78847,NYDLYGISGQG,631,1350.0
403,HLA-B58:01,40825.03,ANZ78847,IDKFAIPNGRK,403,1351.0
1170,HLA-B58:01,40869.52,ANZ78847,SPGLCIAGDRG,1170,1352.0
60,HLA-B15:01,8.97,ANZ78847,YLNTTLFLNGY,60,1.0
373,HLA-B15:01,9.48,ANZ78847,SLMSFIQADSF,373,2.0
1009,HLA-B15:01,10.52,ANZ78847,SQNQKLIANAF,1009,3.0
715,HLA-B15:01,12.13,ANZ78847,LTRQLQPINYF,715,4.0
832,HLA-B15:01,13.51,ANZ78847,YAACKSQLVEY,832,5.0
282,HLA-B15:01,15.55,ANZ78847,LLAFNQDGIIF,282,6.0
923,HLA-B15:01,16.81,ANZ78847,KLSDVGFVAAY,923,7.0
969,HLA-B15:01,17.88,ANZ78847,YTLAATSASLF,969,8.0
1140,HLA-B15:01,18.29,ANZ78847,HIISLVQNAPY,1140,9.0
2,HLA-B15:01,19.85,ANZ78847,LILLISLPTAF,2,10.0
220,HLA-B15:01,19.96,ANZ78847,YQEGGTFYAYF,220,11.0
82,HLA-B15:01,22.0,ANZ78847,ALKGTDKLSTL,82,12.0
206,HLA-B15:01,27.67,ANZ78847,FTYDVNATYLY,206,13.0
204,HLA-B15:01,33.05,ANZ78847,RNFTYDVNATY,204,14.0
164,HLA-B15:01,34.07,ANZ78847,VSVCQYNMCEY,164,15.0
88,HLA-B15:01,37.52,ANZ78847,KLSTLWFKPPF,88,16.0
242,HLA-B15:01,40.81,ANZ78847,NVYLGMALSHY,242,17.0
129,HLA-B15:01,43.07,ANZ78847,TIGSTFVNTSY,129,18.0
641,HLA-B15:01,44.43,ANZ78847,GIFVEVNATYY,641,19.0
909,HLA-B15:01,56.65,ANZ78847,SSRSAIEDLLF,909,20.0
364,HLA-B15:01,57.1,ANZ78847,FSNCNFNMSSL,364,21.0
1145,HLA-B15:01,58.18,ANZ78847,VQNAPYGLYFI,1145,22.0
309,HLA-B15:01,60.88,ANZ78847,TQSIAPPTGVY,309,23.0
367,HLA-B15:01,63.01,ANZ78847,CNFNMSSLMSF,367,24.0
177,HLA-B15:01,71.04,ANZ78847,TICHPNLGNHF,177,25.0
1310,HLA-B15:01,74.9,ANZ78847,LLICLAGVAML,1310,26.0
234,HLA-B15:01,77.12,ANZ78847,GVVTKFLFNVY,234,27.0
1228,HLA-B15:01,80.76,ANZ78847,YVMLNTSIPNL,1228,28.0
1144,HLA-B15:01,83.81,ANZ78847,LVQNAPYGLYF,1144,29.0
657,HLA-B15:01,84.15,ANZ78847,LLYDSNGNLYG,657,30.0
718,HLA-B15:01,89.09,ANZ78847,QLQPINYFDSY,718,31.0
1277,HLA-B15:01,91.99,ANZ78847,RLQEAIKVLNQ,1277,32.0
115,HLA-B15:01,97.37,ANZ78847,VFKDGVMYSEF,115,33.0
941,HLA-B15:01,108.41,ANZ78847,EIRDLICVQSY,941,34.0
640,HLA-B15:01,117.38,ANZ78847,QGIFVEVNATY,640,35.0
311,HLA-B15:01,119.83,ANZ78847,SIAPPTGVYEL,311,36.0
1013,HLA-B15:01,124.61,ANZ78847,KLIANAFNNAL,1013,37.0
239,HLA-B15:01,127.37,ANZ78847,FLFNVYLGMAL,239,38.0
970,HLA-B15:01,133.11,ANZ78847,TLAATSASLFP,970,39.0
1214,HLA-B15:01,142.9,ANZ78847,VVMSTCAVNYT,1214,40.0
994,HLA-B15:01,147.25,ANZ78847,VQYRINGLGVT,994,41.0
1309,HLA-B15:01,149.96,ANZ78847,WLLICLAGVAM,1309,42.0
843,HLA-B15:01,154.66,ANZ78847,GSFCDNINAIL,843,43.0
257,HLA-B15:01,156.81,ANZ78847,LTCISRRNIGF,257,44.0
1124,HLA-B15:01,185.78,ANZ78847,CVKSQSSRINF,1124,45.0
1315,HLA-B15:01,186.49,ANZ78847,AGVAMLVLLFF,1315,46.0
680,HLA-B15:01,187.31,ANZ78847,RSCYSGRVSAA,680,47.0
1092,HLA-B15:01,188.27,ANZ78847,RLTALNAYVSQ,1092,48.0
487,HLA-B15:01,201.71,ANZ78847,AQHCFKAPKNF,487,49.0
617,HLA-B15:01,228.75,ANZ78847,LQKANTDIKLG,617,50.0
1291,HLA-B15:01,230.33,ANZ78847,NLKDIGTYEYY,1291,51.0
794,HLA-B15:01,233.46,ANZ78847,GLYEIQIPSDF,794,52.0
1143,HLA-B15:01,237.04,ANZ78847,SLVQNAPYGLY,1143,53.0
198,HLA-B15:01,242.05,ANZ78847,VSCLYKRNFTY,198,54.0
120,HLA-B15:01,250.31,ANZ78847,VMYSEFPAITI,120,55.0
417,HLA-B15:01,258.18,ANZ78847,QLGNLGYLQSF,417,56.0
1220,HLA-B15:01,260.01,ANZ78847,AVNYTKAPYVM,1220,57.0
770,HLA-B15:01,284.63,ANZ78847,TGYRFTNFEPF,770,58.0
160,HLA-B15:01,291.95,ANZ78847,GLLEVSVCQYN,160,59.0
986,HLA-B15:01,301.58,ANZ78847,AGVPFYLNVQY,986,60.0
673,HLA-B15:01,304.65,ANZ78847,TNRTFMIRSCY,673,61.0
1083,HLA-B15:01,306.86,ANZ78847,AQIDRLINGRL,1083,62.0
359,HLA-B15:01,322.45,ANZ78847,WERKTFSNCNF,359,63.0
12,HLA-B15:01,330.65,ANZ78847,FAVIGDLKCPL,12,64.0
1102,HLA-B15:01,344.55,ANZ78847,QQLSDSTLVKF,1102,65.0
1099,HLA-B15:01,353.5,ANZ78847,YVSQQLSDSTL,1099,66.0
1316,HLA-B15:01,370.8,ANZ78847,GVAMLVLLFFI,1316,67.0
964,HLA-B15:01,388.54,ANZ78847,NQISGYTLAAT,964,68.0
469,HLA-B15:01,389.27,ANZ78847,SVFKPQPAGVL,469,69.0
476,HLA-B15:01,390.18,ANZ78847,AGVLTNHDVVY,476,70.0
744,HLA-B15:01,401.39,ANZ78847,QTCDLTVGSGY,744,71.0
378,HLA-B15:01,416.14,ANZ78847,IQADSFTCNNI,378,72.0
1154,HLA-B15:01,427.4,ANZ78847,FIHFSYVPTKY,1154,73.0
877,HLA-B15:01,461.71,ANZ78847,LSTKLKDGVNF,877,74.0
245,HLA-B15:01,482.22,ANZ78847,LGMALSHYYVM,245,75.0
142,HLA-B15:01,487.08,ANZ78847,VVQPRTINSTQ,142,76.0
625,HLA-B15:01,500.79,ANZ78847,KLGVCVNYDLY,625,77.0
1059,HLA-B15:01,513.86,ANZ78847,SNRFGAISSSL,1059,78.0
106,HLA-B15:01,520.03,ANZ78847,IFAKVKNTKVF,106,79.0
1151,HLA-B15:01,533.89,ANZ78847,GLYFIHFSYVP,1151,80.0
374,HLA-B15:01,551.16,ANZ78847,LMSFIQADSFT,374,81.0
1279,HLA-B15:01,553.88,ANZ78847,QEAIKVLNQSY,1279,82.0
1253,HLA-B15:01,564.42,ANZ78847,TSVAPDLALDY,1253,83.0
517,HLA-B15:01,568.65,ANZ78847,GIGTCPAGTNY,517,84.0
281,HLA-B15:01,579.11,ANZ78847,YLLAFNQDGII,281,85.0
1055,HLA-B15:01,579.45,ANZ78847,LQQLSNRFGAI,1055,86.0
767,HLA-B15:01,618.48,ANZ78847,AITTGYRFTNF,767,87.0
1093,HLA-B15:01,622.94,ANZ78847,LTALNAYVSQQ,1093,88.0
871,HLA-B15:01,625.53,ANZ78847,LMNGVTLSTKL,871,89.0
1271,HLA-B15:01,636.59,ANZ78847,LQVEMNRLQEA,1271,90.0
1157,HLA-B15:01,638.6,ANZ78847,FSYVPTKYVTA,1157,91.0
227,HLA-B15:01,639.69,ANZ78847,YAYFTDTGVVT,227,92.0
5,HLA-B15:01,643.51,ANZ78847,LISLPTAFAVI,5,93.0
167,HLA-B15:01,651.34,ANZ78847,CQYNMCEYPHT,167,94.0
1108,HLA-B15:01,679.25,ANZ78847,TLVKFSAAQAM,1108,95.0
132,HLA-B15:01,747.29,ANZ78847,STFVNTSYSVV,132,96.0
692,HLA-B15:01,752.51,ANZ78847,HANSSEPALLF,692,97.0
1187,HLA-B15:01,760.58,ANZ78847,YFVNVNNTWMY,1187,98.0
1213,HLA-B15:01,773.86,ANZ78847,VVVMSTCAVNY,1213,99.0
701,HLA-B15:01,776.83,ANZ78847,LFRNIKCNYVF,701,100.0
1040,HLA-B15:01,801.2,ANZ78847,IQAVVNANAEA,1040,101.0
812,HLA-B15:01,812.03,ANZ78847,FIQTSSPKVTI,812,102.0
1141,HLA-B15:01,827.45,ANZ78847,IISLVQNAPYG,1141,103.0
68,HLA-B15:01,874.58,ANZ78847,NGYYPTSGSTY,68,104.0
1000,HLA-B15:01,914.94,ANZ78847,GLGVTMDVLSQ,1000,105.0
865,HLA-B15:01,952.31,ANZ78847,LQVANSLMNGV,865,106.0
960,HLA-B15:01,976.54,ANZ78847,LLSENQISGYT,960,107.0
699,HLA-B15:01,989.32,ANZ78847,ALLFRNIKCNY,699,108.0
159,HLA-B15:01,991.2,ANZ78847,QGLLEVSVCQY,159,109.0
210,HLA-B15:01,1005.25,ANZ78847,VNATYLYFHFY,210,110.0
709,HLA-B15:01,1007.4,ANZ78847,YVFNNSLTRQL,709,111.0
347,HLA-B15:01,1053.49,ANZ78847,WLNDKSVPSPL,347,112.0
217,HLA-B15:01,1060.26,ANZ78847,FHFYQEGGTFY,217,113.0
948,HLA-B15:01,1107.94,ANZ78847,VQSYKGIKVLP,948,114.0
216,HLA-B15:01,1121.57,ANZ78847,YFHFYQEGGTF,216,115.0
1314,HLA-B15:01,1126.21,ANZ78847,LAGVAMLVLLF,1314,116.0
717,HLA-B15:01,1128.76,ANZ78847,RQLQPINYFDS,717,117.0
319,HLA-B15:01,1147.74,ANZ78847,YELNGYTVQPI,319,118.0
3,HLA-B15:01,1151.64,ANZ78847,ILLISLPTAFA,3,119.0
29,HLA-B15:01,1163.1,ANZ78847,LNNIDTGPPSI,29,120.0
92,HLA-B15:01,1228.22,ANZ78847,LWFKPPFLSDF,92,121.0
112,HLA-B15:01,1234.4,ANZ78847,NTKVFKDGVMY,112,122.0
991,HLA-B15:01,1236.91,ANZ78847,YLNVQYRINGL,991,123.0
279,HLA-B15:01,1237.25,ANZ78847,RQYLLAFNQDG,279,124.0
1131,HLA-B15:01,1243.49,ANZ78847,RINFCGNGNHI,1131,125.0
6,HLA-B15:01,1254.96,ANZ78847,ISLPTAFAVIG,6,126.0
741,HLA-B15:01,1265.71,ANZ78847,ISVQTCDLTVG,741,127.0
1,HLA-B15:01,1299.76,ANZ78847,FLILLISLPTA,1,128.0
317,HLA-B15:01,1350.94,ANZ78847,GVYELNGYTVQ,317,129.0
4,HLA-B15:01,1374.54,ANZ78847,LLISLPTAFAV,4,130.0
158,HLA-B15:01,1375.22,ANZ78847,LQGLLEVSVCQ,158,131.0
833,HLA-B15:01,1390.22,ANZ78847,AACKSQLVEYG,833,132.0
1058,HLA-B15:01,1407.65,ANZ78847,LSNRFGAISSS,1058,133.0
1120,HLA-B15:01,1416.06,ANZ78847,KVNECVKSQSS,1120,134.0
1218,HLA-B15:01,1460.05,ANZ78847,TCAVNYTKAPY,1218,135.0
681,HLA-B15:01,1515.9,ANZ78847,SCYSGRVSAAF,681,136.0
719,HLA-B15:01,1539.98,ANZ78847,LQPINYFDSYL,719,137.0
1195,HLA-B15:01,1585.99,ANZ78847,WMYTGSGYYYP,1195,138.0
244,HLA-B15:01,1597.46,ANZ78847,YLGMALSHYYV,244,139.0
392,HLA-B15:01,1609.92,ANZ78847,KIYGMCFSSIT,392,140.0
1311,HLA-B15:01,1626.74,ANZ78847,LICLAGVAMLV,1311,141.0
1290,HLA-B15:01,1640.96,ANZ78847,INLKDIGTYEY,1290,142.0
271,HLA-B15:01,1781.34,ANZ78847,YWVTPLTSRQY,271,143.0
165,HLA-B15:01,1813.63,ANZ78847,SVCQYNMCEYP,165,144.0
1041,HLA-B15:01,1936.73,ANZ78847,QAVVNANAEAL,1041,145.0
301,HLA-B15:01,2149.33,ANZ78847,FMSEIKCKTQS,301,146.0
1165,HLA-B15:01,2234.76,ANZ78847,VTAKVSPGLCI,1165,147.0
365,HLA-B15:01,2250.95,ANZ78847,SNCNFNMSSLM,365,148.0
1132,HLA-B15:01,2272.17,ANZ78847,INFCGNGNHII,1132,149.0
1313,HLA-B15:01,2353.63,ANZ78847,CLAGVAMLVLL,1313,150.0
683,HLA-B15:01,2356.22,ANZ78847,YSGRVSAAFHA,683,151.0
921,HLA-B15:01,2391.38,ANZ78847,KVKLSDVGFVA,921,152.0
700,HLA-B15:01,2403.3,ANZ78847,LLFRNIKCNYV,700,153.0
192,HLA-B15:01,2425.02,ANZ78847,HMDTGVVSCLY,192,154.0
977,HLA-B15:01,2513.8,ANZ78847,SLFPPWTAAAG,977,155.0
1188,HLA-B15:01,2574.96,ANZ78847,FVNVNNTWMYT,1188,156.0
1115,HLA-B15:01,2577.37,ANZ78847,AQAMEKVNECV,1115,157.0
929,HLA-B15:01,2583.01,ANZ78847,FVAAYNNCTGG,929,158.0
949,HLA-B15:01,2588.48,ANZ78847,QSYKGIKVLPP,949,159.0
982,HLA-B15:01,2664.71,ANZ78847,WTAAAGVPFYL,982,160.0
479,HLA-B15:01,2721.42,ANZ78847,LTNHDVVYAQH,479,161.0
552,HLA-B15:01,2798.65,ANZ78847,SLVGIGEHCSG,552,162.0
399,HLA-B15:01,2832.94,ANZ78847,SSITIDKFAIP,399,163.0
1229,HLA-B15:01,2881.48,ANZ78847,VMLNTSIPNLP,1229,164.0
370,HLA-B15:01,2926.54,ANZ78847,NMSSLMSFIQA,370,165.0
416,HLA-B15:01,2937.24,ANZ78847,LQLGNLGYLQS,416,166.0
196,HLA-B15:01,2964.93,ANZ78847,GVVSCLYKRNF,196,167.0
442,HLA-B15:01,3045.8,ANZ78847,YNLPAANVSVS,442,168.0
1089,HLA-B15:01,3067.97,ANZ78847,INGRLTALNAY,1089,169.0
277,HLA-B15:01,3095.39,ANZ78847,TSRQYLLAFNQ,277,170.0
675,HLA-B15:01,3102.19,ANZ78847,RTFMIRSCYSG,675,171.0
46,HLA-B15:01,3120.81,ANZ78847,VTNGLGTYYVL,46,172.0
98,HLA-B15:01,3150.59,ANZ78847,FLSDFINGIFA,98,173.0
689,HLA-B15:01,3247.25,ANZ78847,AAFHANSSEPA,689,174.0
1087,HLA-B15:01,3288.75,ANZ78847,RLINGRLTALN,1087,175.0
1088,HLA-B15:01,3316.44,ANZ78847,LINGRLTALNA,1088,176.0
734,HLA-B15:01,3400.7,ANZ78847,NAYNSTAISVQ,734,177.0
438,HLA-B15:01,3429.89,ANZ78847,CQLYYNLPAAN,438,178.0
959,HLA-B15:01,3457.71,ANZ78847,PLLSENQISGY,959,179.0
1008,HLA-B15:01,3479.45,ANZ78847,LSQNQKLIANA,1008,180.0
50,HLA-B15:01,3574.34,ANZ78847,LGTYYVLDRVY,50,181.0
1251,HLA-B15:01,3574.5,ANZ78847,NQTSVAPDLAL,1251,182.0
0,HLA-B15:01,3607.76,ANZ78847,MFLILLISLPT,0,183.0
981,HLA-B15:01,3629.14,ANZ78847,PWTAAAGVPFY,981,184.0
820,HLA-B15:01,3681.68,ANZ78847,VTIDCAAFVCG,820,185.0
501,HLA-B15:01,3702.51,ANZ78847,KSNSSLCVGSG,501,186.0
303,HLA-B15:01,3703.42,ANZ78847,SEIKCKTQSIA,303,187.0
1069,HLA-B15:01,3761.56,ANZ78847,LQEILSRLDAL,1069,188.0
678,HLA-B15:01,3806.98,ANZ78847,MIRSCYSGRVS,678,189.0
1194,HLA-B15:01,3957.28,ANZ78847,TWMYTGSGYYY,1194,190.0
758,HLA-B15:01,4014.53,ANZ78847,YSKNRRSRRAI,758,191.0
1247,HLA-B15:01,4083.75,ANZ78847,QWFKNQTSVAP,1247,192.0
51,HLA-B15:01,4087.73,ANZ78847,GTYYVLDRVYL,51,193.0
291,HLA-B15:01,4111.48,ANZ78847,IFNAVDCMSDF,291,194.0
748,HLA-B15:01,4125.58,ANZ78847,LTVGSGYCVDY,748,195.0
731,HLA-B15:01,4180.39,ANZ78847,CVVNAYNSTAI,731,196.0
884,HLA-B15:01,4281.34,ANZ78847,GVNFNVDDINF,884,197.0
842,HLA-B15:01,4341.05,ANZ78847,YGSFCDNINAI,842,198.0
656,HLA-B15:01,4364.88,ANZ78847,NLLYDSNGNLY,656,199.0
762,HLA-B15:01,4367.36,ANZ78847,RRSRRAITTGY,762,200.0
401,HLA-B15:01,4427.87,ANZ78847,ITIDKFAIPNG,401,201.0
1280,HLA-B15:01,4435.94,ANZ78847,EAIKVLNQSYI,1280,202.0
157,HLA-B15:01,4498.46,ANZ78847,KLQGLLEVSVC,157,203.0
28,HLA-B15:01,4503.37,ANZ78847,SLNNIDTGPPS,28,204.0
1054,HLA-B15:01,4540.06,ANZ78847,LLQQLSNRFGA,1054,205.0
134,HLA-B15:01,4546.88,ANZ78847,FVNTSYSVVVQ,134,206.0
1107,HLA-B15:01,4600.41,ANZ78847,STLVKFSAAQA,1107,207.0
246,HLA-B15:01,4614.19,ANZ78847,GMALSHYYVMP,246,208.0
214,HLA-B15:01,4656.48,ANZ78847,YLYFHFYQEGG,214,209.0
602,HLA-B15:01,4709.94,ANZ78847,LILHDVNSGLT,602,210.0
161,HLA-B15:01,4749.72,ANZ78847,LLEVSVCQYNM,161,211.0
1340,HLA-B15:01,4765.23,ANZ78847,CGGCCDDYTGY,1340,212.0
1118,HLA-B15:01,4776.63,ANZ78847,MEKVNECVKSQ,1118,213.0
449,HLA-B15:01,4784.15,ANZ78847,VSVSRFNPSTW,449,214.0
1327,HLA-B15:01,4793.87,ANZ78847,CCCTGCGTSCF,1327,215.0
947,HLA-B15:01,4813.75,ANZ78847,CVQSYKGIKVL,947,216.0
219,HLA-B15:01,4829.74,ANZ78847,FYQEGGTFYAY,219,217.0
1172,HLA-B15:01,4841.91,ANZ78847,GLCIAGDRGIA,1172,218.0
966,HLA-B15:01,4846.84,ANZ78847,ISGYTLAATSA,966,219.0
728,HLA-B15:01,4972.47,ANZ78847,YLGCVVNAYNS,728,220.0
436,HLA-B15:01,4980.76,ANZ78847,TSCQLYYNLPA,436,221.0
424,HLA-B15:01,4981.78,ANZ78847,LQSFNYRIDTT,424,222.0
176,HLA-B15:01,4991.76,ANZ78847,HTICHPNLGNH,176,223.0
128,HLA-B15:01,4994.84,ANZ78847,ITIGSTFVNTS,128,224.0
1036,HLA-B15:01,5061.51,ANZ78847,ALVKIQAVVNA,1036,225.0
686,HLA-B15:01,5095.72,ANZ78847,RVSAAFHANSS,686,226.0
1073,HLA-B15:01,5187.81,ANZ78847,LSRLDALEAEA,1073,227.0
275,HLA-B15:01,5203.95,ANZ78847,PLTSRQYLLAF,275,228.0
1179,HLA-B15:01,5286.82,ANZ78847,RGIAPKSGYFV,1179,229.0
1259,HLA-B15:01,5301.45,ANZ78847,LALDYINVTFL,1259,230.0
582,HLA-B15:01,5307.71,ANZ78847,FLGWSADSCLQ,582,231.0
577,HLA-B15:01,5310.06,ANZ78847,CQPQAFLGWSA,577,232.0
1127,HLA-B15:01,5335.9,ANZ78847,SQSSRINFCGN,1127,233.0
1325,HLA-B15:01,5392.68,ANZ78847,FICCCTGCGTS,1325,234.0
1288,HLA-B15:01,5427.74,ANZ78847,SYINLKDIGTY,1288,235.0
514,HLA-B15:01,5432.05,ANZ78847,KNNGIGTCPAG,514,236.0
677,HLA-B15:01,5467.93,ANZ78847,FMIRSCYSGRV,677,237.0
714,HLA-B15:01,5532.97,ANZ78847,SLTRQLQPINY,714,238.0
1219,HLA-B15:01,5620.37,ANZ78847,CAVNYTKAPYV,1219,239.0
477,HLA-B15:01,5707.96,ANZ78847,GVLTNHDVVYA,477,240.0
388,HLA-B15:01,5720.31,ANZ78847,IDAAKIYGMCF,388,241.0
1149,HLA-B15:01,5777.75,ANZ78847,PYGLYFIHFSY,1149,242.0
478,HLA-B15:01,5781.19,ANZ78847,VLTNHDVVYAQ,478,243.0
639,HLA-B15:01,5782.01,ANZ78847,GQGIFVEVNAT,639,244.0
922,HLA-B15:01,5787.14,ANZ78847,VKLSDVGFVAA,922,245.0
1275,HLA-B15:01,5806.24,ANZ78847,MNRLQEAIKVL,1275,246.0
798,HLA-B15:01,5997.56,ANZ78847,IQIPSDFTIGN,798,247.0
553,HLA-B15:01,6009.95,ANZ78847,LVGIGEHCSGL,553,248.0
1075,HLA-B15:01,6011.88,ANZ78847,RLDALEAEAQI,1075,249.0
804,HLA-B15:01,6049.22,ANZ78847,FTIGNMEEFIQ,804,250.0
119,HLA-B15:01,6099.68,ANZ78847,GVMYSEFPAIT,119,251.0
862,HLA-B15:01,6120.91,ANZ78847,TTQLQVANSLM,862,252.0
1258,HLA-B15:01,6136.2,ANZ78847,DLALDYINVTF,1258,253.0
430,HLA-B15:01,6143.2,ANZ78847,RIDTTATSCQL,430,254.0
425,HLA-B15:01,6180.13,ANZ78847,QSFNYRIDTTA,425,255.0
375,HLA-B15:01,6184.28,ANZ78847,MSFIQADSFTC,375,256.0
1011,HLA-B15:01,6212.11,ANZ78847,NQKLIANAFNN,1011,257.0
1211,HLA-B15:01,6260.46,ANZ78847,NNVVVMSTCAV,1211,258.0
1192,HLA-B15:01,6356.79,ANZ78847,NNTWMYTGSGY,1192,259.0
1057,HLA-B15:01,6378.99,ANZ78847,QLSNRFGAISS,1057,260.0
146,HLA-B15:01,6413.27,ANZ78847,RTINSTQDGVN,146,261.0
398,HLA-B15:01,6503.06,ANZ78847,FSSITIDKFAI,398,262.0
1100,HLA-B15:01,6561.12,ANZ78847,VSQQLSDSTLV,1100,263.0
1062,HLA-B15:01,6588.63,ANZ78847,FGAISSSLQEI,1062,264.0
439,HLA-B15:01,6637.38,ANZ78847,QLYYNLPAANV,439,265.0
880,HLA-B15:01,6659.28,ANZ78847,KLKDGVNFNVD,880,266.0
965,HLA-B15:01,6805.14,ANZ78847,QISGYTLAATS,965,267.0
1094,HLA-B15:01,6825.49,ANZ78847,TALNAYVSQQL,1094,268.0
461,HLA-B15:01,6902.59,ANZ78847,KRFGFIEDSVF,461,269.0
13,HLA-B15:01,6908.02,ANZ78847,AVIGDLKCPLD,13,270.0
133,HLA-B15:01,6989.74,ANZ78847,TFVNTSYSVVV,133,271.0
419,HLA-B15:01,7021.6,ANZ78847,GNLGYLQSFNY,419,272.0
1225,HLA-B15:01,7047.81,ANZ78847,KAPYVMLNTSI,1225,273.0
1017,HLA-B15:01,7120.02,ANZ78847,NAFNNALDAIQ,1017,274.0
1150,HLA-B15:01,7155.66,ANZ78847,YGLYFIHFSYV,1150,275.0
1063,HLA-B15:01,7218.69,ANZ78847,GAISSSLQEIL,1063,276.0
971,HLA-B15:01,7255.94,ANZ78847,LAATSASLFPP,971,277.0
1026,HLA-B15:01,7263.42,ANZ78847,IQEGFDATNSA,1026,278.0
1321,HLA-B15:01,7266.14,ANZ78847,VLLFFICCCTG,1321,279.0
732,HLA-B15:01,7291.7,ANZ78847,VVNAYNSTAIS,732,280.0
362,HLA-B15:01,7452.92,ANZ78847,KTFSNCNFNMS,362,281.0
940,HLA-B15:01,7458.02,ANZ78847,AEIRDLICVQS,940,282.0
591,HLA-B15:01,7498.27,ANZ78847,LQGDKCNIFAN,591,283.0
66,HLA-B15:01,7667.47,ANZ78847,FLNGYYPTSGS,66,284.0
272,HLA-B15:01,7678.66,ANZ78847,WVTPLTSRQYL,272,285.0
866,HLA-B15:01,7803.1,ANZ78847,QVANSLMNGVT,866,286.0
97,HLA-B15:01,7816.03,ANZ78847,PFLSDFINGIF,97,287.0
323,HLA-B15:01,7829.9,ANZ78847,GYTVQPIADVY,323,288.0
1212,HLA-B15:01,7840.82,ANZ78847,NVVVMSTCAVN,1212,289.0
1095,HLA-B15:01,7900.13,ANZ78847,ALNAYVSQQLS,1095,290.0
864,HLA-B15:01,7922.34,ANZ78847,QLQVANSLMNG,864,291.0
807,HLA-B15:01,7946.64,ANZ78847,GNMEEFIQTSS,807,292.0
131,HLA-B15:01,7964.11,ANZ78847,GSTFVNTSYSV,131,293.0
391,HLA-B15:01,7970.5,ANZ78847,AKIYGMCFSSI,391,294.0
1056,HLA-B15:01,7981.87,ANZ78847,QQLSNRFGAIS,1056,295.0
247,HLA-B15:01,8031.62,ANZ78847,MALSHYYVMPL,247,296.0
648,HLA-B15:01,8037.75,ANZ78847,ATYYNSWQNLL,648,297.0
962,HLA-B15:01,8303.25,ANZ78847,SENQISGYTLA,962,298.0
539,HLA-B15:01,8332.99,ANZ78847,ITFTGPYKCPQ,539,299.0
248,HLA-B15:01,8375.27,ANZ78847,ALSHYYVMPLT,248,300.0
1126,HLA-B15:01,8394.3,ANZ78847,KSQSSRINFCG,1126,301.0
1278,HLA-B15:01,8407.96,ANZ78847,LQEAIKVLNQS,1278,302.0
447,HLA-B15:01,8449.74,ANZ78847,ANVSVSRFNPS,447,303.0
1180,HLA-B15:01,8522.46,ANZ78847,GIAPKSGYFVN,1180,304.0
729,HLA-B15:01,8577.54,ANZ78847,LGCVVNAYNST,729,305.0
43,HLA-B15:01,8606.47,ANZ78847,TVDVTNGLGTY,43,306.0
917,HLA-B15:01,8631.4,ANZ78847,LLFDKVKLSDV,917,307.0
1185,HLA-B15:01,8648.17,ANZ78847,SGYFVNVNNTW,1185,308.0
1101,HLA-B15:01,8678.46,ANZ78847,SQQLSDSTLVK,1101,309.0
114,HLA-B15:01,8691.9,ANZ78847,KVFKDGVMYSE,114,310.0
496,HLA-B15:01,8699.31,ANZ78847,NFCPCKSNSSL,496,311.0
346,HLA-B15:01,8723.01,ANZ78847,AWLNDKSVPSP,346,312.0
484,HLA-B15:01,8728.32,ANZ78847,VVYAQHCFKAP,484,313.0
139,HLA-B15:01,8923.4,ANZ78847,YSVVVQPRTIN,139,314.0
81,HLA-B15:01,8935.15,ANZ78847,MALKGTDKLST,81,315.0
1020,HLA-B15:01,8985.03,ANZ78847,NNALDAIQEGF,1020,316.0
601,HLA-B15:01,9039.39,ANZ78847,NLILHDVNSGL,601,317.0
1166,HLA-B15:01,9059.46,ANZ78847,TAKVSPGLCIA,1166,318.0
869,HLA-B15:01,9226.62,ANZ78847,NSLMNGVTLST,869,319.0
394,HLA-B15:01,9293.55,ANZ78847,YGMCFSSITID,394,320.0
155,HLA-B15:01,9311.57,ANZ78847,VNKLQGLLEVS,155,321.0
1193,HLA-B15:01,9337.45,ANZ78847,NTWMYTGSGYY,1193,322.0
956,HLA-B15:01,9365.74,ANZ78847,VLPPLLSENQI,956,323.0
867,HLA-B15:01,9470.68,ANZ78847,VANSLMNGVTL,867,324.0
835,HLA-B15:01,9480.05,ANZ78847,CKSQLVEYGSF,835,325.0
667,HLA-B15:01,9494.27,ANZ78847,GFRDYLTNRTF,667,326.0
141,HLA-B15:01,9523.77,ANZ78847,VVVQPRTINST,141,327.0
243,HLA-B15:01,9529.59,ANZ78847,VYLGMALSHYY,243,328.0
858,HLA-B15:01,9547.93,ANZ78847,ELLDTTQLQVA,858,329.0
390,HLA-B15:01,9548.7,ANZ78847,AAKIYGMCFSS,390,330.0
509,HLA-B15:01,9587.38,ANZ78847,GSGPGKNNGIG,509,331.0
1152,HLA-B15:01,9634.32,ANZ78847,LYFIHFSYVPT,1152,332.0
636,HLA-B15:01,9705.73,ANZ78847,GISGQGIFVEV,636,333.0
549,HLA-B15:01,9767.9,ANZ78847,QSKSLVGIGEH,549,334.0
976,HLA-B15:01,9836.56,ANZ78847,ASLFPPWTAAA,976,335.0
743,HLA-B15:01,9845.37,ANZ78847,VQTCDLTVGSG,743,336.0
267,HLA-B15:01,9850.38,ANZ78847,FTLEYWVTPLT,267,337.0
733,HLA-B15:01,9881.85,ANZ78847,VNAYNSTAISV,733,338.0
1142,HLA-B15:01,9899.66,ANZ78847,ISLVQNAPYGL,1142,339.0
784,HLA-B15:01,9978.28,ANZ78847,SVNDSLEPVGG,784,340.0
130,HLA-B15:01,9995.08,ANZ78847,IGSTFVNTSYS,130,341.0
308,HLA-B15:01,10090.09,ANZ78847,KTQSIAPPTGV,308,342.0
170,HLA-B15:01,10172.44,ANZ78847,NMCEYPHTICH,170,343.0
635,HLA-B15:01,10281.6,ANZ78847,YGISGQGIFVE,635,344.0
590,HLA-B15:01,10431.8,ANZ78847,CLQGDKCNIFA,590,345.0
61,HLA-B15:01,10604.9,ANZ78847,LNTTLFLNGYY,61,346.0
928,HLA-B15:01,10659.49,ANZ78847,GFVAAYNNCTG,928,347.0
495,HLA-B15:01,10659.84,ANZ78847,KNFCPCKSNSS,495,348.0
863,HLA-B15:01,10663.36,ANZ78847,TQLQVANSLMN,863,349.0
305,HLA-B15:01,10689.61,ANZ78847,IKCKTQSIAPP,305,350.0
406,HLA-B15:01,10693.08,ANZ78847,FAIPNGRKVDL,406,351.0
850,HLA-B15:01,10730.77,ANZ78847,NAILTEVNELL,850,352.0
266,HLA-B15:01,10738.67,ANZ78847,GFTLEYWVTPL,266,353.0
1263,HLA-B15:01,10789.59,ANZ78847,YINVTFLDLQV,1263,354.0
980,HLA-B15:01,10944.34,ANZ78847,PPWTAAAGVPF,980,355.0
712,HLA-B15:01,10996.77,ANZ78847,NNSLTRQLQPI,712,356.0
513,HLA-B15:01,11039.55,ANZ78847,GKNNGIGTCPA,513,357.0
967,HLA-B15:01,11047.35,ANZ78847,SGYTLAATSAS,967,358.0
40,HLA-B15:01,11066.22,ANZ78847,STATVDVTNGL,40,359.0
1103,HLA-B15:01,11146.41,ANZ78847,QLSDSTLVKFS,1103,360.0
688,HLA-B15:01,11259.94,ANZ78847,SAAFHANSSEP,688,361.0
226,HLA-B15:01,11271.96,ANZ78847,FYAYFTDTGVV,226,362.0
371,HLA-B15:01,11314.67,ANZ78847,MSSLMSFIQAD,371,363.0
968,HLA-B15:01,11322.72,ANZ78847,GYTLAATSASL,968,364.0
25,HLA-B15:01,11333.89,ANZ78847,RTGSLNNIDTG,25,365.0
603,HLA-B15:01,11338.63,ANZ78847,ILHDVNSGLTC,603,366.0
1007,HLA-B15:01,11339.15,ANZ78847,VLSQNQKLIAN,1007,367.0
63,HLA-B15:01,11397.86,ANZ78847,TTLFLNGYYPT,63,368.0
1337,HLA-B15:01,11406.51,ANZ78847,FKKCGGCCDDY,1337,369.0
1048,HLA-B15:01,11430.66,ANZ78847,AEALNNLLQQL,1048,370.0
531,HLA-B15:01,11440.25,ANZ78847,HNLCNPDPITF,531,371.0
627,HLA-B15:01,11466.42,ANZ78847,GVCVNYDLYGI,627,372.0
302,HLA-B15:01,11468.74,ANZ78847,MSEIKCKTQSI,302,373.0
283,HLA-B15:01,11554.66,ANZ78847,LAFNQDGIIFN,283,374.0
393,HLA-B15:01,11588.41,ANZ78847,IYGMCFSSITI,393,375.0
1177,HLA-B15:01,11593.22,ANZ78847,GDRGIAPKSGY,1177,376.0
89,HLA-B15:01,11611.78,ANZ78847,LSTLWFKPPFL,89,377.0
1281,HLA-B15:01,11619.31,ANZ78847,AIKVLNQSYIN,1281,378.0
763,HLA-B15:01,11639.01,ANZ78847,RSRRAITTGYR,763,379.0
261,HLA-B15:01,11639.83,ANZ78847,SRRNIGFTLEY,261,380.0
545,HLA-B15:01,11640.34,ANZ78847,YKCPQSKSLVG,545,381.0
554,HLA-B15:01,11656.83,ANZ78847,VGIGEHCSGLA,554,382.0
1286,HLA-B15:01,11676.12,ANZ78847,NQSYINLKDIG,1286,383.0
892,HLA-B15:01,11733.44,ANZ78847,INFSSVLGCLG,892,384.0
58,HLA-B15:01,11744.6,ANZ78847,RVYLNTTLFLN,58,385.0
1147,HLA-B15:01,11755.4,ANZ78847,NAPYGLYFIHF,1147,386.0
963,HLA-B15:01,11766.24,ANZ78847,ENQISGYTLAA,963,387.0
796,HLA-B15:01,11777.18,ANZ78847,YEIQIPSDFTI,796,388.0
306,HLA-B15:01,11799.53,ANZ78847,KCKTQSIAPPT,306,389.0
822,HLA-B15:01,11803.21,ANZ78847,IDCAAFVCGDY,822,390.0
1039,HLA-B15:01,11835.97,ANZ78847,KIQAVVNANAE,1039,391.0
900,HLA-B15:01,11885.15,ANZ78847,CLGSECSKASS,900,392.0
783,HLA-B15:01,11911.69,ANZ78847,NSVNDSLEPVG,783,393.0
229,HLA-B15:01,11962.88,ANZ78847,YFTDTGVVTKF,229,394.0
111,HLA-B15:01,11987.27,ANZ78847,KNTKVFKDGVM,111,395.0
209,HLA-B15:01,12043.77,ANZ78847,DVNATYLYFHF,209,396.0
27,HLA-B15:01,12052.97,ANZ78847,GSLNNIDTGPP,27,397.0
241,HLA-B15:01,12130.54,ANZ78847,FNVYLGMALSH,241,398.0
64,HLA-B15:01,12177.16,ANZ78847,TLFLNGYYPTS,64,399.0
726,HLA-B15:01,12206.54,ANZ78847,DSYLGCVVNAY,726,400.0
56,HLA-B15:01,12307.63,ANZ78847,LDRVYLNTTLF,56,401.0
1265,HLA-B15:01,12310.68,ANZ78847,NVTFLDLQVEM,1265,402.0
1217,HLA-B15:01,12387.12,ANZ78847,STCAVNYTKAP,1217,403.0
896,HLA-B15:01,12420.94,ANZ78847,SVLGCLGSECS,896,404.0
265,HLA-B15:01,12550.92,ANZ78847,IGFTLEYWVTP,265,405.0
218,HLA-B15:01,12562.55,ANZ78847,HFYQEGGTFYA,218,406.0
974,HLA-B15:01,12585.9,ANZ78847,TSASLFPPWTA,974,407.0
166,HLA-B15:01,12600.88,ANZ78847,VCQYNMCEYPH,166,408.0
985,HLA-B15:01,12621.78,ANZ78847,AAGVPFYLNVQ,985,409.0
1032,HLA-B15:01,12623.88,ANZ78847,ATNSALVKIQA,1032,410.0
73,HLA-B15:01,12640.97,ANZ78847,TSGSTYRNMAL,73,411.0
799,HLA-B15:01,12691.31,ANZ78847,QIPSDFTIGNM,799,412.0
519,HLA-B15:01,12721.15,ANZ78847,GTCPAGTNYLT,519,413.0
995,HLA-B15:01,12722.32,ANZ78847,QYRINGLGVTM,995,414.0
154,HLA-B15:01,12772.23,ANZ78847,GVNKLQGLLEV,154,415.0
819,HLA-B15:01,12772.51,ANZ78847,KVTIDCAAFVC,819,416.0
782,HLA-B15:01,12888.86,ANZ78847,VNSVNDSLEPV,782,417.0
1015,HLA-B15:01,12917.18,ANZ78847,IANAFNNALDA,1015,418.0
235,HLA-B15:01,12925.34,ANZ78847,VVTKFLFNVYL,235,419.0
766,HLA-B15:01,12972.27,ANZ78847,RAITTGYRFTN,766,420.0
824,HLA-B15:01,12996.08,ANZ78847,CAAFVCGDYAA,824,421.0
368,HLA-B15:01,13095.37,ANZ78847,NFNMSSLMSFI,368,422.0
703,HLA-B15:01,13153.32,ANZ78847,RNIKCNYVFNN,703,423.0
661,HLA-B15:01,13158.06,ANZ78847,SNGNLYGFRDY,661,424.0
1322,HLA-B15:01,13200.29,ANZ78847,LLFFICCCTGC,1322,425.0
825,HLA-B15:01,13208.78,ANZ78847,AAFVCGDYAAC,825,426.0
383,HLA-B15:01,13251.88,ANZ78847,FTCNNIDAAKI,383,427.0
781,HLA-B15:01,13257.99,ANZ78847,TVNSVNDSLEP,781,428.0
1230,HLA-B15:01,13275.39,ANZ78847,MLNTSIPNLPD,1230,429.0
997,HLA-B15:01,13364.9,ANZ78847,RINGLGVTMDV,997,430.0
191,HLA-B15:01,13374.93,ANZ78847,WHMDTGVVSCL,191,431.0
1065,HLA-B15:01,13461.24,ANZ78847,ISSSLQEILSR,1065,432.0
905,HLA-B15:01,13504.58,ANZ78847,CSKASSRSAIE,905,433.0
1167,HLA-B15:01,13525.25,ANZ78847,AKVSPGLCIAG,1167,434.0
551,HLA-B15:01,13526.82,ANZ78847,KSLVGIGEHCS,551,435.0
435,HLA-B15:01,13551.2,ANZ78847,ATSCQLYYNLP,435,436.0
619,HLA-B15:01,13579.41,ANZ78847,KANTDIKLGVC,619,437.0
320,HLA-B15:01,13615.39,ANZ78847,ELNGYTVQPIA,320,438.0
684,HLA-B15:01,13629.12,ANZ78847,SGRVSAAFHAN,684,439.0
124,HLA-B15:01,13667.52,ANZ78847,EFPAITIGSTF,124,440.0
903,HLA-B15:01,13689.68,ANZ78847,SECSKASSRSA,903,441.0
54,HLA-B15:01,13746.46,ANZ78847,YVLDRVYLNTT,54,442.0
813,HLA-B15:01,13772.88,ANZ78847,IQTSSPKVTID,813,443.0
123,HLA-B15:01,13777.34,ANZ78847,SEFPAITIGST,123,444.0
423,HLA-B15:01,13780.42,ANZ78847,YLQSFNYRIDT,423,445.0
1231,HLA-B15:01,13819.47,ANZ78847,LNTSIPNLPDF,1231,446.0
143,HLA-B15:01,13837.21,ANZ78847,VQPRTINSTQD,143,447.0
572,HLA-B15:01,13842.95,ANZ78847,GNPCTCQPQAF,572,448.0
276,HLA-B15:01,13852.62,ANZ78847,LTSRQYLLAFN,276,449.0
559,HLA-B15:01,13876.52,ANZ78847,HCSGLAVKSDY,559,450.0
1112,HLA-B15:01,13927.18,ANZ78847,FSAAQAMEKVN,1112,451.0
448,HLA-B15:01,13942.46,ANZ78847,NVSVSRFNPST,448,452.0
249,HLA-B15:01,14003.87,ANZ78847,LSHYYVMPLTC,249,453.0
263,HLA-B15:01,14009.63,ANZ78847,RNIGFTLEYWV,263,454.0
1037,HLA-B15:01,14037.42,ANZ78847,LVKIQAVVNAN,1037,455.0
1136,HLA-B15:01,14125.73,ANZ78847,GNGNHIISLVQ,1136,456.0
802,HLA-B15:01,14139.6,ANZ78847,SDFTIGNMEEF,802,457.0
297,HLA-B15:01,14154.87,ANZ78847,CMSDFMSEIKC,297,458.0
118,HLA-B15:01,14206.46,ANZ78847,DGVMYSEFPAI,118,459.0
1046,HLA-B15:01,14294.03,ANZ78847,ANAEALNNLLQ,1046,460.0
260,HLA-B15:01,14327.72,ANZ78847,ISRRNIGFTLE,260,461.0
377,HLA-B15:01,14467.03,ANZ78847,FIQADSFTCNN,377,462.0
1350,HLA-B15:01,14514.51,ANZ78847,YQELVIKTSHD,1350,463.0
429,HLA-B15:01,14517.81,ANZ78847,YRIDTTATSCQ,429,464.0
413,HLA-B15:01,14556.07,ANZ78847,KVDLQLGNLGY,413,465.0
654,HLA-B15:01,14586.92,ANZ78847,WQNLLYDSNGN,654,466.0
1033,HLA-B15:01,14593.66,ANZ78847,TNSALVKIQAV,1033,467.0
1025,HLA-B15:01,14621.45,ANZ78847,AIQEGFDATNS,1025,468.0
564,HLA-B15:01,14630.25,ANZ78847,AVKSDYCGGNP,564,469.0
1034,HLA-B15:01,14641.62,ANZ78847,NSALVKIQAVV,1034,470.0
444,HLA-B15:01,14659.23,ANZ78847,LPAANVSVSRF,444,471.0
870,HLA-B15:01,14670.55,ANZ78847,SLMNGVTLSTK,870,472.0
827,HLA-B15:01,14714.62,ANZ78847,FVCGDYAACKS,827,473.0
955,HLA-B15:01,14777.24,ANZ78847,KVLPPLLSENQ,955,474.0
1114,HLA-B15:01,14798.16,ANZ78847,AAQAMEKVNEC,1114,475.0
292,HLA-B15:01,14846.27,ANZ78847,FNAVDCMSDFM,292,476.0
65,HLA-B15:01,14904.12,ANZ78847,LFLNGYYPTSG,65,477.0
806,HLA-B15:01,14954.9,ANZ78847,IGNMEEFIQTS,806,478.0
1308,HLA-B15:01,14962.65,ANZ78847,VWLLICLAGVA,1308,479.0
844,HLA-B15:01,14973.09,ANZ78847,SFCDNINAILT,844,480.0
135,HLA-B15:01,14973.27,ANZ78847,VNTSYSVVVQP,135,481.0
1301,HLA-B15:01,14975.63,ANZ78847,YVKWPWYVWLL,1301,482.0
369,HLA-B15:01,15058.48,ANZ78847,FNMSSLMSFIQ,369,483.0
649,HLA-B15:01,15071.12,ANZ78847,TYYNSWQNLLY,649,484.0
740,HLA-B15:01,15075.57,ANZ78847,AISVQTCDLTV,740,485.0
1254,HLA-B15:01,15087.45,ANZ78847,SVAPDLALDYI,1254,486.0
345,HLA-B15:01,15145.41,ANZ78847,EAWLNDKSVPS,345,487.0
1312,HLA-B15:01,15184.2,ANZ78847,ICLAGVAMLVL,1312,488.0
535,HLA-B15:01,15209.47,ANZ78847,NPDPITFTGPY,535,489.0
583,HLA-B15:01,15242.77,ANZ78847,LGWSADSCLQG,583,490.0
1090,HLA-B15:01,15258.97,ANZ78847,NGRLTALNAYV,1090,491.0
418,HLA-B15:01,15449.55,ANZ78847,LGNLGYLQSFN,418,492.0
1001,HLA-B15:01,15584.69,ANZ78847,LGVTMDVLSQN,1001,493.0
295,HLA-B15:01,15609.26,ANZ78847,VDCMSDFMSEI,295,494.0
432,HLA-B15:01,15711.22,ANZ78847,DTTATSCQLYY,432,495.0
39,HLA-B15:01,15759.69,ANZ78847,ISTATVDVTNG,39,496.0
1168,HLA-B15:01,15784.6,ANZ78847,KVSPGLCIAGD,1168,497.0
453,HLA-B15:01,15807.18,ANZ78847,RFNPSTWNKRF,453,498.0
1035,HLA-B15:01,15831.65,ANZ78847,SALVKIQAVVN,1035,499.0
581,HLA-B15:01,15861.97,ANZ78847,AFLGWSADSCL,581,500.0
259,HLA-B15:01,15870.94,ANZ78847,CISRRNIGFTL,259,501.0
1027,HLA-B15:01,15890.1,ANZ78847,QEGFDATNSAL,1027,502.0
253,HLA-B15:01,15895.11,ANZ78847,YVMPLTCISRR,253,503.0
1348,HLA-B15:01,16024.16,ANZ78847,TGYQELVIKTS,1348,504.0
344,HLA-B15:01,16030.34,ANZ78847,IEAWLNDKSVP,344,505.0
221,HLA-B15:01,16044.19,ANZ78847,QEGGTFYAYFT,221,506.0
314,HLA-B15:01,16084.39,ANZ78847,PPTGVYELNGY,314,507.0
427,HLA-B15:01,16234.99,ANZ78847,FNYRIDTTATS,427,508.0
1174,HLA-B15:01,16294.37,ANZ78847,CIAGDRGIAPK,1174,509.0
637,HLA-B15:01,16354.81,ANZ78847,ISGQGIFVEVN,637,510.0
431,HLA-B15:01,16385.26,ANZ78847,IDTTATSCQLY,431,511.0
626,HLA-B15:01,16437.34,ANZ78847,LGVCVNYDLYG,626,512.0
486,HLA-B15:01,16453.87,ANZ78847,YAQHCFKAPKN,486,513.0
849,HLA-B15:01,16464.55,ANZ78847,INAILTEVNEL,849,514.0
1016,HLA-B15:01,16475.44,ANZ78847,ANAFNNALDAI,1016,515.0
1064,HLA-B15:01,16477.45,ANZ78847,AISSSLQEILS,1064,516.0
481,HLA-B15:01,16522.36,ANZ78847,NHDVVYAQHCF,481,517.0
817,HLA-B15:01,16614.06,ANZ78847,SPKVTIDCAAF,817,518.0
579,HLA-B15:01,16744.88,ANZ78847,PQAFLGWSADS,579,519.0
1164,HLA-B15:01,16762.17,ANZ78847,YVTAKVSPGLC,1164,520.0
1215,HLA-B15:01,16787.93,ANZ78847,VMSTCAVNYTK,1215,521.0
690,HLA-B15:01,16896.25,ANZ78847,AFHANSSEPAL,690,522.0
324,HLA-B15:01,16956.87,ANZ78847,YTVQPIADVYR,324,523.0
503,HLA-B15:01,17015.5,ANZ78847,NSSLCVGSGPG,503,524.0
127,HLA-B15:01,17035.32,ANZ78847,AITIGSTFVNT,127,525.0
508,HLA-B15:01,17097.99,ANZ78847,VGSGPGKNNGI,508,526.0
183,HLA-B15:01,17152.99,ANZ78847,LGNHFKELWHM,183,527.0
789,HLA-B15:01,17189.24,ANZ78847,LEPVGGLYEIQ,789,528.0
961,HLA-B15:01,17189.9,ANZ78847,LSENQISGYTL,961,529.0
930,HLA-B15:01,17198.09,ANZ78847,VAAYNNCTGGA,930,530.0
1043,HLA-B15:01,17203.31,ANZ78847,VVNANAEALNN,1043,531.0
687,HLA-B15:01,17225.88,ANZ78847,VSAAFHANSSE,687,532.0
679,HLA-B15:01,17248.81,ANZ78847,IRSCYSGRVSA,679,533.0
310,HLA-B15:01,17256.91,ANZ78847,QSIAPPTGVYE,310,534.0
571,HLA-B15:01,17324.72,ANZ78847,GGNPCTCQPQA,571,535.0
887,HLA-B15:01,17403.95,ANZ78847,FNVDDINFSSV,887,536.0
1341,HLA-B15:01,17431.46,ANZ78847,GGCCDDYTGYQ,1341,537.0
1072,HLA-B15:01,17468.09,ANZ78847,ILSRLDALEAE,1072,538.0
1216,HLA-B15:01,17494.6,ANZ78847,MSTCAVNYTKA,1216,539.0
816,HLA-B15:01,17542.53,ANZ78847,SSPKVTIDCAA,816,540.0
555,HLA-B15:01,17561.91,ANZ78847,GIGEHCSGLAV,555,541.0
1296,HLA-B15:01,17576.1,ANZ78847,GTYEYYVKWPW,1296,542.0
1184,HLA-B15:01,17583.0,ANZ78847,KSGYFVNVNNT,1184,543.0
150,HLA-B15:01,17631.27,ANZ78847,STQDGVNKLQG,150,544.0
269,HLA-B15:01,17641.21,ANZ78847,LEYWVTPLTSR,269,545.0
528,HLA-B15:01,17655.7,ANZ78847,LTCHNLCNPDP,528,546.0
1323,HLA-B15:01,17663.45,ANZ78847,LFFICCCTGCG,1323,547.0
780,HLA-B15:01,17666.17,ANZ78847,FTVNSVNDSLE,780,548.0
1068,HLA-B15:01,17686.07,ANZ78847,SLQEILSRLDA,1068,549.0
1189,HLA-B15:01,17727.36,ANZ78847,VNVNNTWMYTG,1189,550.0
1223,HLA-B15:01,17737.59,ANZ78847,YTKAPYVMLNT,1223,551.0
742,HLA-B15:01,17829.74,ANZ78847,SVQTCDLTVGS,742,552.0
527,HLA-B15:01,17848.91,ANZ78847,YLTCHNLCNPD,527,553.0
791,HLA-B15:01,17879.69,ANZ78847,PVGGLYEIQIP,791,554.0
93,HLA-B15:01,17904.5,ANZ78847,WFKPPFLSDFI,93,555.0
629,HLA-B15:01,17956.12,ANZ78847,CVNYDLYGISG,629,556.0
658,HLA-B15:01,17997.82,ANZ78847,LYDSNGNLYGF,658,557.0
975,HLA-B15:01,17998.34,ANZ78847,SASLFPPWTAA,975,558.0
1317,HLA-B15:01,18034.98,ANZ78847,VAMLVLLFFIC,1317,559.0
236,HLA-B15:01,18036.0,ANZ78847,VTKFLFNVYLG,236,560.0
1081,HLA-B15:01,18043.76,ANZ78847,AEAQIDRLING,1081,561.0
1318,HLA-B15:01,18111.33,ANZ78847,AMLVLLFFICC,1318,562.0
808,HLA-B15:01,18117.51,ANZ78847,NMEEFIQTSSP,808,563.0
1042,HLA-B15:01,18149.41,ANZ78847,AVVNANAEALN,1042,564.0
919,HLA-B15:01,18154.09,ANZ78847,FDKVKLSDVGF,919,565.0
532,HLA-B15:01,18157.8,ANZ78847,NLCNPDPITFT,532,566.0
1181,HLA-B15:01,18189.11,ANZ78847,IAPKSGYFVNV,1181,567.0
384,HLA-B15:01,18198.64,ANZ78847,TCNNIDAAKIY,384,568.0
14,HLA-B15:01,18271.66,ANZ78847,VIGDLKCPLDS,14,569.0
1190,HLA-B15:01,18337.83,ANZ78847,NVNNTWMYTGS,1190,570.0
441,HLA-B15:01,18346.21,ANZ78847,YYNLPAANVSV,441,571.0
901,HLA-B15:01,18368.75,ANZ78847,LGSECSKASSR,901,572.0
1146,HLA-B15:01,18379.25,ANZ78847,QNAPYGLYFIH,1146,573.0
1014,HLA-B15:01,18401.8,ANZ78847,LIANAFNNALD,1014,574.0
79,HLA-B15:01,18430.71,ANZ78847,RNMALKGTDKL,79,575.0
580,HLA-B15:01,18468.61,ANZ78847,QAFLGWSADSC,580,576.0
30,HLA-B15:01,18529.26,ANZ78847,NNIDTGPPSIS,30,577.0
738,HLA-B15:01,18580.11,ANZ78847,STAISVQTCDL,738,578.0
562,HLA-B15:01,18589.78,ANZ78847,GLAVKSDYCGG,562,579.0
1109,HLA-B15:01,18604.68,ANZ78847,LVKFSAAQAME,1109,580.0
224,HLA-B15:01,18630.77,ANZ78847,GTFYAYFTDTG,224,581.0
140,HLA-B15:01,18679.12,ANZ78847,SVVVQPRTINS,140,582.0
1156,HLA-B15:01,18691.65,ANZ78847,HFSYVPTKYVT,1156,583.0
361,HLA-B15:01,18737.12,ANZ78847,RKTFSNCNFNM,361,584.0
1198,HLA-B15:01,18784.36,ANZ78847,TGSGYYYPEPI,1198,585.0
774,HLA-B15:01,18849.12,ANZ78847,FTNFEPFTVNS,774,586.0
1133,HLA-B15:01,18885.53,ANZ78847,NFCGNGNHIIS,1133,587.0
711,HLA-B15:01,18913.02,ANZ78847,FNNSLTRQLQP,711,588.0
1050,HLA-B15:01,18942.4,ANZ78847,ALNNLLQQLSN,1050,589.0
589,HLA-B15:01,18978.58,ANZ78847,SCLQGDKCNIF,589,590.0
894,HLA-B15:01,18991.6,ANZ78847,FSSVLGCLGSE,894,591.0
437,HLA-B15:01,19116.0,ANZ78847,SCQLYYNLPAA,437,592.0
273,HLA-B15:01,19197.74,ANZ78847,VTPLTSRQYLL,273,593.0
1128,HLA-B15:01,19335.46,ANZ78847,QSSRINFCGNG,1128,594.0
643,HLA-B15:01,19346.19,ANZ78847,FVEVNATYYNS,643,595.0
1320,HLA-B15:01,19366.48,ANZ78847,LVLLFFICCCT,1320,596.0
837,HLA-B15:01,19502.04,ANZ78847,SQLVEYGSFCD,837,597.0
730,HLA-B15:01,19515.21,ANZ78847,GCVVNAYNSTA,730,598.0
518,HLA-B15:01,19529.64,ANZ78847,IGTCPAGTNYL,518,599.0
1285,HLA-B15:01,19535.05,ANZ78847,LNQSYINLKDI,1285,600.0
932,HLA-B15:01,19586.08,ANZ78847,AYNNCTGGAEI,932,601.0
736,HLA-B15:01,19702.13,ANZ78847,YNSTAISVQTC,736,602.0
1038,HLA-B15:01,19710.47,ANZ78847,VKIQAVVNANA,1038,603.0
450,HLA-B15:01,19711.69,ANZ78847,SVSRFNPSTWN,450,604.0
788,HLA-B15:01,19826.45,ANZ78847,SLEPVGGLYEI,788,605.0
446,HLA-B15:01,19846.13,ANZ78847,AANVSVSRFNP,446,606.0
1246,HLA-B15:01,19923.57,ANZ78847,DQWFKNQTSVA,1246,607.0
630,HLA-B15:01,19925.62,ANZ78847,VNYDLYGISGQ,630,608.0
151,HLA-B15:01,19929.46,ANZ78847,TQDGVNKLQGL,151,609.0
10,HLA-B15:01,19941.05,ANZ78847,TAFAVIGDLKC,10,610.0
1197,HLA-B15:01,19965.01,ANZ78847,YTGSGYYYPEP,1197,611.0
113,HLA-B15:01,19992.7,ANZ78847,TKVFKDGVMYS,113,612.0
939,HLA-B15:01,19999.88,ANZ78847,GAEIRDLICVQ,939,613.0
463,HLA-B15:01,20040.08,ANZ78847,FGFIEDSVFKP,463,614.0
1106,HLA-B15:01,20050.58,ANZ78847,DSTLVKFSAAQ,1106,615.0
792,HLA-B15:01,20087.11,ANZ78847,VGGLYEIQIPS,792,616.0
1272,HLA-B15:01,20098.96,ANZ78847,QVEMNRLQEAI,1272,617.0
205,HLA-B15:01,20135.71,ANZ78847,NFTYDVNATYL,205,618.0
722,HLA-B15:01,20140.88,ANZ78847,INYFDSYLGCV,722,619.0
169,HLA-B15:01,20163.96,ANZ78847,YNMCEYPHTIC,169,620.0
933,HLA-B15:01,20180.06,ANZ78847,YNNCTGGAEIR,933,621.0
927,HLA-B15:01,20208.14,ANZ78847,VGFVAAYNNCT,927,622.0
1178,HLA-B15:01,20222.05,ANZ78847,DRGIAPKSGYF,1178,623.0
465,HLA-B15:01,20231.19,ANZ78847,FIEDSVFKPQP,465,624.0
37,HLA-B15:01,20284.04,ANZ78847,PSISTATVDVT,37,625.0
433,HLA-B15:01,20292.98,ANZ78847,TTATSCQLYYN,433,626.0
189,HLA-B15:01,20338.89,ANZ78847,ELWHMDTGVVS,189,627.0
136,HLA-B15:01,20368.19,ANZ78847,NTSYSVVVQPR,136,628.0
395,HLA-B15:01,20379.09,ANZ78847,GMCFSSITIDK,395,629.0
710,HLA-B15:01,20387.72,ANZ78847,VFNNSLTRQLQ,710,630.0
105,HLA-B15:01,20425.29,ANZ78847,GIFAKVKNTKV,105,631.0
992,HLA-B15:01,20475.75,ANZ78847,LNVQYRINGLG,992,632.0
907,HLA-B15:01,20553.11,ANZ78847,KASSRSAIEDL,907,633.0
952,HLA-B15:01,20557.32,ANZ78847,KGIKVLPPLLS,952,634.0
171,HLA-B15:01,20681.65,ANZ78847,MCEYPHTICHP,171,635.0
1044,HLA-B15:01,20692.24,ANZ78847,VNANAEALNNL,1044,636.0
480,HLA-B15:01,20692.98,ANZ78847,TNHDVVYAQHC,480,637.0
671,HLA-B15:01,20700.12,ANZ78847,YLTNRTFMIRS,671,638.0
786,HLA-B15:01,20716.95,ANZ78847,NDSLEPVGGLY,786,639.0
557,HLA-B15:01,20719.28,ANZ78847,GEHCSGLAVKS,557,640.0
44,HLA-B15:01,20778.44,ANZ78847,VDVTNGLGTYY,44,641.0
633,HLA-B15:01,20891.8,ANZ78847,DLYGISGQGIF,633,642.0
664,HLA-B15:01,20935.62,ANZ78847,NLYGFRDYLTN,664,643.0
811,HLA-B15:01,21007.99,ANZ78847,EFIQTSSPKVT,811,644.0
805,HLA-B15:01,21055.63,ANZ78847,TIGNMEEFIQT,805,645.0
984,HLA-B15:01,21101.58,ANZ78847,AAAGVPFYLNV,984,646.0
200,HLA-B15:01,21123.78,ANZ78847,CLYKRNFTYDV,200,647.0
1134,HLA-B15:01,21154.15,ANZ78847,FCGNGNHIISL,1134,648.0
600,HLA-B15:01,21176.36,ANZ78847,ANLILHDVNSG,600,649.0
290,HLA-B15:01,21190.29,ANZ78847,IIFNAVDCMSD,290,650.0
434,HLA-B15:01,21201.93,ANZ78847,TATSCQLYYNL,434,651.0
502,HLA-B15:01,21223.33,ANZ78847,SNSSLCVGSGP,502,652.0
464,HLA-B15:01,21249.66,ANZ78847,GFIEDSVFKPQ,464,653.0
55,HLA-B15:01,21255.57,ANZ78847,VLDRVYLNTTL,55,654.0
1289,HLA-B15:01,21270.22,ANZ78847,YINLKDIGTYE,1289,655.0
1002,HLA-B15:01,21275.13,ANZ78847,GVTMDVLSQNQ,1002,656.0
162,HLA-B15:01,21335.73,ANZ78847,LEVSVCQYNMC,162,657.0
1086,HLA-B15:01,21373.18,ANZ78847,DRLINGRLTAL,1086,658.0
363,HLA-B15:01,21379.09,ANZ78847,TFSNCNFNMSS,363,659.0
304,HLA-B15:01,21379.87,ANZ78847,EIKCKTQSIAP,304,660.0
1047,HLA-B15:01,21381.39,ANZ78847,NAEALNNLLQQ,1047,661.0
207,HLA-B15:01,21390.33,ANZ78847,TYDVNATYLYF,207,662.0
289,HLA-B15:01,21400.54,ANZ78847,GIIFNAVDCMS,289,663.0
972,HLA-B15:01,21412.81,ANZ78847,AATSASLFPPW,972,664.0
672,HLA-B15:01,21430.72,ANZ78847,LTNRTFMIRSC,672,665.0
1045,HLA-B15:01,21479.83,ANZ78847,NANAEALNNLL,1045,666.0
978,HLA-B15:01,21494.68,ANZ78847,LFPPWTAAAGV,978,667.0
622,HLA-B15:01,21538.91,ANZ78847,TDIKLGVCVNY,622,668.0
855,HLA-B15:01,21553.55,ANZ78847,EVNELLDTTQL,855,669.0
1248,HLA-B15:01,21580.81,ANZ78847,WFKNQTSVAPD,1248,670.0
470,HLA-B15:01,21646.64,ANZ78847,VFKPQPAGVLT,470,671.0
1298,HLA-B15:01,21683.64,ANZ78847,YEYYVKWPWYV,1298,672.0
223,HLA-B15:01,21686.85,ANZ78847,GGTFYAYFTDT,223,673.0
908,HLA-B15:01,21701.72,ANZ78847,ASSRSAIEDLL,908,674.0
797,HLA-B15:01,21702.21,ANZ78847,EIQIPSDFTIG,797,675.0
288,HLA-B15:01,21735.26,ANZ78847,DGIIFNAVDCM,288,676.0
156,HLA-B15:01,21772.94,ANZ78847,NKLQGLLEVSV,156,677.0
628,HLA-B15:01,21774.69,ANZ78847,VCVNYDLYGIS,628,678.0
950,HLA-B15:01,21777.0,ANZ78847,SYKGIKVLPPL,950,679.0
1162,HLA-B15:01,21853.11,ANZ78847,TKYVTAKVSPG,1162,680.0
285,HLA-B15:01,21874.28,ANZ78847,FNQDGIIFNAV,285,681.0
250,HLA-B15:01,21886.06,ANZ78847,SHYYVMPLTCI,250,682.0
188,HLA-B15:01,21913.13,ANZ78847,KELWHMDTGVV,188,683.0
190,HLA-B15:01,21964.72,ANZ78847,LWHMDTGVVSC,190,684.0
400,HLA-B15:01,21999.04,ANZ78847,SITIDKFAIPN,400,685.0
1135,HLA-B15:01,22000.61,ANZ78847,CGNGNHIISLV,1135,686.0
354,HLA-B15:01,22003.91,ANZ78847,PSPLNWERKTF,354,687.0
76,HLA-B15:01,22126.06,ANZ78847,STYRNMALKGT,76,688.0
868,HLA-B15:01,22131.73,ANZ78847,ANSLMNGVTLS,868,689.0
1307,HLA-B15:01,22137.45,ANZ78847,YVWLLICLAGV,1307,690.0
499,HLA-B15:01,22175.43,ANZ78847,PCKSNSSLCVG,499,691.0
1302,HLA-B15:01,22211.86,ANZ78847,VKWPWYVWLLI,1302,692.0
645,HLA-B15:01,22212.75,ANZ78847,EVNATYYNSWQ,645,693.0
1117,HLA-B15:01,22274.79,ANZ78847,AMEKVNECVKS,1117,694.0
1139,HLA-B15:01,22292.88,ANZ78847,NHIISLVQNAP,1139,695.0
931,HLA-B15:01,22426.29,ANZ78847,AAYNNCTGGAE,931,696.0
876,HLA-B15:01,22452.0,ANZ78847,TLSTKLKDGVN,876,697.0
1051,HLA-B15:01,22475.12,ANZ78847,LNNLLQQLSNR,1051,698.0
490,HLA-B15:01,22487.1,ANZ78847,CFKAPKNFCPC,490,699.0
541,HLA-B15:01,22506.38,ANZ78847,FTGPYKCPQSK,541,700.0
575,HLA-B15:01,22508.83,ANZ78847,CTCQPQAFLGW,575,701.0
1028,HLA-B15:01,22669.69,ANZ78847,EGFDATNSALV,1028,702.0
102,HLA-B15:01,22724.08,ANZ78847,FINGIFAKVKN,102,703.0
1287,HLA-B15:01,22727.4,ANZ78847,QSYINLKDIGT,1287,704.0
924,HLA-B15:01,22741.28,ANZ78847,LSDVGFVAAYN,924,705.0
1210,HLA-B15:01,22755.1,ANZ78847,ENNVVVMSTCA,1210,706.0
386,HLA-B15:01,22758.54,ANZ78847,NNIDAAKIYGM,386,707.0
1153,HLA-B15:01,22760.78,ANZ78847,YFIHFSYVPTK,1153,708.0
1208,HLA-B15:01,22776.8,ANZ78847,ITENNVVVMST,1208,709.0
705,HLA-B15:01,22826.22,ANZ78847,IKCNYVFNNSL,705,710.0
836,HLA-B15:01,22886.94,ANZ78847,KSQLVEYGSFC,836,711.0
1138,HLA-B15:01,22887.45,ANZ78847,GNHIISLVQNA,1138,712.0
11,HLA-B15:01,22898.69,ANZ78847,AFAVIGDLKCP,11,713.0
918,HLA-B15:01,22927.0,ANZ78847,LFDKVKLSDVG,918,714.0
172,HLA-B15:01,22931.23,ANZ78847,CEYPHTICHPN,172,715.0
1173,HLA-B15:01,23017.82,ANZ78847,LCIAGDRGIAP,1173,716.0
67,HLA-B15:01,23022.7,ANZ78847,LNGYYPTSGST,67,717.0
682,HLA-B15:01,23024.92,ANZ78847,CYSGRVSAAFH,682,718.0
885,HLA-B15:01,23066.97,ANZ78847,VNFNVDDINFS,885,719.0
80,HLA-B15:01,23092.4,ANZ78847,NMALKGTDKLS,80,720.0
854,HLA-B15:01,23178.62,ANZ78847,TEVNELLDTTQ,854,721.0
815,HLA-B15:01,23238.59,ANZ78847,TSSPKVTIDCA,815,722.0
668,HLA-B15:01,23270.96,ANZ78847,FRDYLTNRTFM,668,723.0
1266,HLA-B15:01,23326.53,ANZ78847,VTFLDLQVEMN,1266,724.0
773,HLA-B15:01,23344.79,ANZ78847,RFTNFEPFTVN,773,725.0
1019,HLA-B15:01,23453.12,ANZ78847,FNNALDAIQEG,1019,726.0
1349,HLA-B15:01,23505.35,ANZ78847,GYQELVIKTSH,1349,727.0
1012,HLA-B15:01,23531.88,ANZ78847,QKLIANAFNNA,1012,728.0
116,HLA-B15:01,23542.62,ANZ78847,FKDGVMYSEFP,116,729.0
109,HLA-B15:01,23586.98,ANZ78847,KVKNTKVFKDG,109,730.0
605,HLA-B15:01,23597.43,ANZ78847,HDVNSGLTCST,605,731.0
316,HLA-B15:01,23601.05,ANZ78847,TGVYELNGYTV,316,732.0
117,HLA-B15:01,23609.66,ANZ78847,KDGVMYSEFPA,117,733.0
1097,HLA-B15:01,23624.74,ANZ78847,NAYVSQQLSDS,1097,734.0
389,HLA-B15:01,23636.34,ANZ78847,DAAKIYGMCFS,389,735.0
1104,HLA-B15:01,23690.28,ANZ78847,LSDSTLVKFSA,1104,736.0
1129,HLA-B15:01,23764.25,ANZ78847,SSRINFCGNGN,1129,737.0
1226,HLA-B15:01,23774.18,ANZ78847,APYVMLNTSIP,1226,738.0
53,HLA-B15:01,23797.83,ANZ78847,YYVLDRVYLNT,53,739.0
84,HLA-B15:01,23812.97,ANZ78847,KGTDKLSTLWF,84,740.0
749,HLA-B15:01,23828.39,ANZ78847,TVGSGYCVDYS,749,741.0
443,HLA-B15:01,23834.1,ANZ78847,NLPAANVSVSR,443,742.0
256,HLA-B15:01,23848.28,ANZ78847,PLTCISRRNIG,256,743.0
888,HLA-B15:01,23885.92,ANZ78847,NVDDINFSSVL,888,744.0
904,HLA-B15:01,23938.41,ANZ78847,ECSKASSRSAI,904,745.0
505,HLA-B15:01,23940.9,ANZ78847,SLCVGSGPGKN,505,746.0
987,HLA-B15:01,23946.59,ANZ78847,GVPFYLNVQYR,987,747.0
212,HLA-B15:01,23964.1,ANZ78847,ATYLYFHFYQE,212,748.0
455,HLA-B15:01,23995.09,ANZ78847,NPSTWNKRFGF,455,749.0
878,HLA-B15:01,23999.67,ANZ78847,STKLKDGVNFN,878,750.0
651,HLA-B15:01,24054.33,ANZ78847,YNSWQNLLYDS,651,751.0
607,HLA-B15:01,24056.37,ANZ78847,VNSGLTCSTDL,607,752.0
1137,HLA-B15:01,24070.4,ANZ78847,NGNHIISLVQN,1137,753.0
611,HLA-B15:01,24090.12,ANZ78847,LTCSTDLQKAN,611,754.0
284,HLA-B15:01,24095.97,ANZ78847,AFNQDGIIFNA,284,755.0
107,HLA-B15:01,24104.33,ANZ78847,FAKVKNTKVFK,107,756.0
42,HLA-B15:01,24135.68,ANZ78847,ATVDVTNGLGT,42,757.0
1066,HLA-B15:01,24137.75,ANZ78847,SSSLQEILSRL,1066,758.0
459,HLA-B15:01,24146.06,ANZ78847,WNKRFGFIEDS,459,759.0
421,HLA-B15:01,24190.1,ANZ78847,LGYLQSFNYRI,421,760.0
993,HLA-B15:01,24200.21,ANZ78847,NVQYRINGLGV,993,761.0
372,HLA-B15:01,24222.99,ANZ78847,SSLMSFIQADS,372,762.0
1116,HLA-B15:01,24223.78,ANZ78847,QAMEKVNECVK,1116,763.0
376,HLA-B15:01,24249.36,ANZ78847,SFIQADSFTCN,376,764.0
523,HLA-B15:01,24279.05,ANZ78847,AGTNYLTCHNL,523,765.0
644,HLA-B15:01,24281.87,ANZ78847,VEVNATYYNSW,644,766.0
38,HLA-B15:01,24311.56,ANZ78847,SISTATVDVTN,38,767.0
1119,HLA-B15:01,24328.72,ANZ78847,EKVNECVKSQS,1119,768.0
268,HLA-B15:01,24360.27,ANZ78847,TLEYWVTPLTS,268,769.0
646,HLA-B15:01,24395.9,ANZ78847,VNATYYNSWQN,646,770.0
1199,HLA-B15:01,24396.12,ANZ78847,GSGYYYPEPIT,1199,771.0
666,HLA-B15:01,24423.19,ANZ78847,YGFRDYLTNRT,666,772.0
857,HLA-B15:01,24453.65,ANZ78847,NELLDTTQLQV,857,773.0
739,HLA-B15:01,24504.27,ANZ78847,TAISVQTCDLT,739,774.0
604,HLA-B15:01,24566.62,ANZ78847,LHDVNSGLTCS,604,775.0
498,HLA-B15:01,24584.93,ANZ78847,CPCKSNSSLCV,498,776.0
137,HLA-B15:01,24596.13,ANZ78847,TSYSVVVQPRT,137,777.0
1305,HLA-B15:01,24624.74,ANZ78847,PWYVWLLICLA,1305,778.0
300,HLA-B15:01,24633.47,ANZ78847,DFMSEIKCKTQ,300,779.0
979,HLA-B15:01,24644.26,ANZ78847,FPPWTAAAGVP,979,780.0
852,HLA-B15:01,24651.28,ANZ78847,ILTEVNELLDT,852,781.0
1264,HLA-B15:01,24652.24,ANZ78847,INVTFLDLQVE,1264,782.0
546,HLA-B15:01,24665.36,ANZ78847,KCPQSKSLVGI,546,783.0
197,HLA-B15:01,24709.97,ANZ78847,VVSCLYKRNFT,197,784.0
231,HLA-B15:01,24738.84,ANZ78847,TDTGVVTKFLF,231,785.0
1091,HLA-B15:01,24762.21,ANZ78847,GRLTALNAYVS,1091,786.0
723,HLA-B15:01,24763.69,ANZ78847,NYFDSYLGCVV,723,787.0
237,HLA-B15:01,24769.63,ANZ78847,TKFLFNVYLGM,237,788.0
1010,HLA-B15:01,24793.16,ANZ78847,QNQKLIANAFN,1010,789.0
524,HLA-B15:01,24798.89,ANZ78847,GTNYLTCHNLC,524,790.0
1221,HLA-B15:01,24816.69,ANZ78847,VNYTKAPYVML,1221,791.0
307,HLA-B15:01,24844.93,ANZ78847,CKTQSIAPPTG,307,792.0
87,HLA-B15:01,24866.89,ANZ78847,DKLSTLWFKPP,87,793.0
898,HLA-B15:01,24871.81,ANZ78847,LGCLGSECSKA,898,794.0
121,HLA-B15:01,24889.12,ANZ78847,MYSEFPAITIG,121,795.0
138,HLA-B15:01,24892.42,ANZ78847,SYSVVVQPRTI,138,796.0
566,HLA-B15:01,24897.94,ANZ78847,KSDYCGGNPCT,566,797.0
663,HLA-B15:01,24906.49,ANZ78847,GNLYGFRDYLT,663,798.0
440,HLA-B15:01,24928.98,ANZ78847,LYYNLPAANVS,440,799.0
624,HLA-B15:01,24947.11,ANZ78847,IKLGVCVNYDL,624,800.0
735,HLA-B15:01,24984.78,ANZ78847,AYNSTAISVQT,735,801.0
515,HLA-B15:01,25002.5,ANZ78847,NNGIGTCPAGT,515,802.0
886,HLA-B15:01,25029.35,ANZ78847,NFNVDDINFSS,886,803.0
859,HLA-B15:01,25047.67,ANZ78847,LLDTTQLQVAN,859,804.0
240,HLA-B15:01,25084.94,ANZ78847,LFNVYLGMALS,240,805.0
1319,HLA-B15:01,25111.65,ANZ78847,MLVLLFFICCC,1319,806.0
45,HLA-B15:01,25121.32,ANZ78847,DVTNGLGTYYV,45,807.0
951,HLA-B15:01,25126.74,ANZ78847,YKGIKVLPPLL,951,808.0
772,HLA-B15:01,25153.41,ANZ78847,YRFTNFEPFTV,772,809.0
230,HLA-B15:01,25159.82,ANZ78847,FTDTGVVTKFL,230,810.0
1052,HLA-B15:01,25184.66,ANZ78847,NNLLQQLSNRF,1052,811.0
492,HLA-B15:01,25212.8,ANZ78847,KAPKNFCPCKS,492,812.0
768,HLA-B15:01,25221.09,ANZ78847,ITTGYRFTNFE,768,813.0
724,HLA-B15:01,25224.75,ANZ78847,YFDSYLGCVVN,724,814.0
1105,HLA-B15:01,25234.8,ANZ78847,SDSTLVKFSAA,1105,815.0
1292,HLA-B15:01,25257.24,ANZ78847,LKDIGTYEYYV,1292,816.0
998,HLA-B15:01,25332.35,ANZ78847,INGLGVTMDVL,998,817.0
1071,HLA-B15:01,25351.93,ANZ78847,EILSRLDALEA,1071,818.0
1161,HLA-B15:01,25358.53,ANZ78847,PTKYVTAKVSP,1161,819.0
704,HLA-B15:01,25366.46,ANZ78847,NIKCNYVFNNS,704,820.0
19,HLA-B15:01,25384.84,ANZ78847,KCPLDSRTGSL,19,821.0
426,HLA-B15:01,25389.72,ANZ78847,SFNYRIDTTAT,426,822.0
1191,HLA-B15:01,25413.61,ANZ78847,VNNTWMYTGSG,1191,823.0
638,HLA-B15:01,25483.78,ANZ78847,SGQGIFVEVNA,638,824.0
634,HLA-B15:01,25511.79,ANZ78847,LYGISGQGIFV,634,825.0
838,HLA-B15:01,25518.28,ANZ78847,QLVEYGSFCDN,838,826.0
597,HLA-B15:01,25556.11,ANZ78847,NIFANLILHDV,597,827.0
31,HLA-B15:01,25567.26,ANZ78847,NIDTGPPSIST,31,828.0
897,HLA-B15:01,25595.51,ANZ78847,VLGCLGSECSK,897,829.0
642,HLA-B15:01,25598.84,ANZ78847,IFVEVNATYYN,642,830.0
1074,HLA-B15:01,25610.95,ANZ78847,SRLDALEAEAQ,1074,831.0
90,HLA-B15:01,25627.67,ANZ78847,STLWFKPPFLS,90,832.0
570,HLA-B15:01,25642.49,ANZ78847,CGGNPCTCQPQ,570,833.0
41,HLA-B15:01,25646.45,ANZ78847,TATVDVTNGLG,41,834.0
953,HLA-B15:01,25670.5,ANZ78847,GIKVLPPLLSE,953,835.0
1282,HLA-B15:01,25678.9,ANZ78847,IKVLNQSYINL,1282,836.0
760,HLA-B15:01,25763.09,ANZ78847,KNRRSRRAITT,760,837.0
548,HLA-B15:01,25788.49,ANZ78847,PQSKSLVGIGE,548,838.0
168,HLA-B15:01,25827.44,ANZ78847,QYNMCEYPHTI,168,839.0
1326,HLA-B15:01,25850.57,ANZ78847,ICCCTGCGTSC,1326,840.0
225,HLA-B15:01,25883.88,ANZ78847,TFYAYFTDTGV,225,841.0
1175,HLA-B15:01,25905.65,ANZ78847,IAGDRGIAPKS,1175,842.0
407,HLA-B15:01,25915.55,ANZ78847,AIPNGRKVDLQ,407,843.0
1304,HLA-B15:01,25927.12,ANZ78847,WPWYVWLLICL,1304,844.0
895,HLA-B15:01,25946.05,ANZ78847,SSVLGCLGSEC,895,845.0
706,HLA-B15:01,25959.81,ANZ78847,KCNYVFNNSLT,706,846.0
62,HLA-B15:01,25960.5,ANZ78847,NTTLFLNGYYP,62,847.0
1085,HLA-B15:01,26061.74,ANZ78847,IDRLINGRLTA,1085,848.0
1306,HLA-B15:01,26104.85,ANZ78847,WYVWLLICLAG,1306,849.0
1079,HLA-B15:01,26134.63,ANZ78847,LEAEAQIDRLI,1079,850.0
526,HLA-B15:01,26194.9,ANZ78847,NYLTCHNLCNP,526,851.0
318,HLA-B15:01,26196.31,ANZ78847,VYELNGYTVQP,318,852.0
547,HLA-B15:01,26196.66,ANZ78847,CPQSKSLVGIG,547,853.0
1186,HLA-B15:01,26232.69,ANZ78847,GYFVNVNNTWM,1186,854.0
1148,HLA-B15:01,26233.51,ANZ78847,APYGLYFIHFS,1148,855.0
1082,HLA-B15:01,26243.46,ANZ78847,EAQIDRLINGR,1082,856.0
1060,HLA-B15:01,26255.61,ANZ78847,NRFGAISSSLQ,1060,857.0
122,HLA-B15:01,26256.17,ANZ78847,YSEFPAITIGS,122,858.0
1297,HLA-B15:01,26301.39,ANZ78847,TYEYYVKWPWY,1297,859.0
828,HLA-B15:01,26341.87,ANZ78847,VCGDYAACKSQ,828,860.0
945,HLA-B15:01,26348.99,ANZ78847,LICVQSYKGIK,945,861.0
594,HLA-B15:01,26376.02,ANZ78847,DKCNIFANLIL,594,862.0
357,HLA-B15:01,26376.94,ANZ78847,LNWERKTFSNC,357,863.0
1122,HLA-B15:01,26393.19,ANZ78847,NECVKSQSSRI,1122,864.0
1249,HLA-B15:01,26427.92,ANZ78847,FKNQTSVAPDL,1249,865.0
1160,HLA-B15:01,26459.71,ANZ78847,VPTKYVTAKVS,1160,866.0
457,HLA-B15:01,26505.75,ANZ78847,STWNKRFGFIE,457,867.0
818,HLA-B15:01,26512.27,ANZ78847,PKVTIDCAAFV,818,868.0
1159,HLA-B15:01,26573.51,ANZ78847,YVPTKYVTAKV,1159,869.0
125,HLA-B15:01,26619.18,ANZ78847,FPAITIGSTFV,125,870.0
632,HLA-B15:01,26629.37,ANZ78847,YDLYGISGQGI,632,871.0
475,HLA-B15:01,26637.02,ANZ78847,PAGVLTNHDVV,475,872.0
396,HLA-B15:01,26637.83,ANZ78847,MCFSSITIDKF,396,873.0
32,HLA-B15:01,26661.51,ANZ78847,IDTGPPSISTA,32,874.0
529,HLA-B15:01,26699.75,ANZ78847,TCHNLCNPDPI,529,875.0
1022,HLA-B15:01,26717.48,ANZ78847,ALDAIQEGFDA,1022,876.0
761,HLA-B15:01,26746.62,ANZ78847,NRRSRRAITTG,761,877.0
983,HLA-B15:01,26774.3,ANZ78847,TAAAGVPFYLN,983,878.0
593,HLA-B15:01,26845.27,ANZ78847,GDKCNIFANLI,593,879.0
516,HLA-B15:01,26846.42,ANZ78847,NGIGTCPAGTN,516,880.0
126,HLA-B15:01,26853.15,ANZ78847,PAITIGSTFVN,126,881.0
1324,HLA-B15:01,26865.03,ANZ78847,FFICCCTGCGT,1324,882.0
7,HLA-B15:01,26906.75,ANZ78847,SLPTAFAVIGD,7,883.0
851,HLA-B15:01,26920.03,ANZ78847,AILTEVNELLD,851,884.0
1121,HLA-B15:01,26924.02,ANZ78847,VNECVKSQSSR,1121,885.0
8,HLA-B15:01,26936.36,ANZ78847,LPTAFAVIGDL,8,886.0
18,HLA-B15:01,26996.84,ANZ78847,LKCPLDSRTGS,18,887.0
920,HLA-B15:01,26998.88,ANZ78847,DKVKLSDVGFV,920,888.0
685,HLA-B15:01,27006.34,ANZ78847,GRVSAAFHANS,685,889.0
473,HLA-B15:01,27029.09,ANZ78847,PQPAGVLTNHD,473,890.0
691,HLA-B15:01,27034.75,ANZ78847,FHANSSEPALL,691,891.0
1261,HLA-B15:01,27047.24,ANZ78847,LDYINVTFLDL,1261,892.0
990,HLA-B15:01,27049.42,ANZ78847,FYLNVQYRING,990,893.0
251,HLA-B15:01,27081.43,ANZ78847,HYYVMPLTCIS,251,894.0
759,HLA-B15:01,27108.29,ANZ78847,SKNRRSRRAIT,759,895.0
893,HLA-B15:01,27113.93,ANZ78847,NFSSVLGCLGS,893,896.0
561,HLA-B15:01,27147.2,ANZ78847,SGLAVKSDYCG,561,897.0
280,HLA-B15:01,27170.17,ANZ78847,QYLLAFNQDGI,280,898.0
944,HLA-B15:01,27184.35,ANZ78847,DLICVQSYKGI,944,899.0
489,HLA-B15:01,27203.24,ANZ78847,HCFKAPKNFCP,489,900.0
599,HLA-B15:01,27219.14,ANZ78847,FANLILHDVNS,599,901.0
255,HLA-B15:01,27276.05,ANZ78847,MPLTCISRRNI,255,902.0
1005,HLA-B15:01,27277.98,ANZ78847,MDVLSQNQKLI,1005,903.0
312,HLA-B15:01,27317.68,ANZ78847,IAPPTGVYELN,312,904.0
264,HLA-B15:01,27394.61,ANZ78847,NIGFTLEYWVT,264,905.0
775,HLA-B15:01,27398.11,ANZ78847,TNFEPFTVNSV,775,906.0
233,HLA-B15:01,27433.23,ANZ78847,TGVVTKFLFNV,233,907.0
1347,HLA-B15:01,27433.24,ANZ78847,YTGYQELVIKT,1347,908.0
563,HLA-B15:01,27434.27,ANZ78847,LAVKSDYCGGN,563,909.0
322,HLA-B15:01,27484.93,ANZ78847,NGYTVQPIADV,322,910.0
598,HLA-B15:01,27502.19,ANZ78847,IFANLILHDVN,598,911.0
1235,HLA-B15:01,27515.88,ANZ78847,IPNLPDFREEL,1235,912.0
874,HLA-B15:01,27536.34,ANZ78847,GVTLSTKLKDG,874,913.0
1206,HLA-B15:01,27558.81,ANZ78847,EPITENNVVVM,1206,914.0
1171,HLA-B15:01,27575.76,ANZ78847,PGLCIAGDRGI,1171,915.0
1155,HLA-B15:01,27591.04,ANZ78847,IHFSYVPTKYV,1155,916.0
1334,HLA-B15:01,27593.65,ANZ78847,TSCFKKCGGCC,1334,917.0
856,HLA-B15:01,27595.72,ANZ78847,VNELLDTTQLQ,856,918.0
34,HLA-B15:01,27631.35,ANZ78847,TGPPSISTATV,34,919.0
790,HLA-B15:01,27646.19,ANZ78847,EPVGGLYEIQI,790,920.0
238,HLA-B15:01,27652.99,ANZ78847,KFLFNVYLGMA,238,921.0
911,HLA-B15:01,27656.42,ANZ78847,RSAIEDLLFDK,911,922.0
1227,HLA-B15:01,27658.68,ANZ78847,PYVMLNTSIPN,1227,923.0
1098,HLA-B15:01,27668.81,ANZ78847,AYVSQQLSDST,1098,924.0
764,HLA-B15:01,27677.06,ANZ78847,SRRAITTGYRF,764,925.0
1196,HLA-B15:01,27680.91,ANZ78847,MYTGSGYYYPE,1196,926.0
1049,HLA-B15:01,27723.01,ANZ78847,EALNNLLQQLS,1049,927.0
1283,HLA-B15:01,27730.55,ANZ78847,KVLNQSYINLK,1283,928.0
1338,HLA-B15:01,27732.08,ANZ78847,KKCGGCCDDYT,1338,929.0
1268,HLA-B15:01,27795.97,ANZ78847,FLDLQVEMNRL,1268,930.0
59,HLA-B15:01,27849.46,ANZ78847,VYLNTTLFLNG,59,931.0
26,HLA-B15:01,27851.77,ANZ78847,TGSLNNIDTGP,26,932.0
846,HLA-B15:01,27856.45,ANZ78847,CDNINAILTEV,846,933.0
1245,HLA-B15:01,27856.65,ANZ78847,LDQWFKNQTSV,1245,934.0
1250,HLA-B15:01,27866.85,ANZ78847,KNQTSVAPDLA,1250,935.0
57,HLA-B15:01,27872.41,ANZ78847,DRVYLNTTLFL,57,936.0
510,HLA-B15:01,27905.91,ANZ78847,SGPGKNNGIGT,510,937.0
1345,HLA-B15:01,27914.64,ANZ78847,DDYTGYQELVI,1345,938.0
752,HLA-B15:01,27918.1,ANZ78847,SGYCVDYSKNR,752,939.0
567,HLA-B15:01,27928.1,ANZ78847,SDYCGGNPCTC,567,940.0
676,HLA-B15:01,27929.28,ANZ78847,TFMIRSCYSGR,676,941.0
1274,HLA-B15:01,27944.36,ANZ78847,EMNRLQEAIKV,1274,942.0
83,HLA-B15:01,27946.91,ANZ78847,LKGTDKLSTLW,83,943.0
507,HLA-B15:01,28036.52,ANZ78847,CVGSGPGKNNG,507,944.0
1163,HLA-B15:01,28075.91,ANZ78847,KYVTAKVSPGL,1163,945.0
466,HLA-B15:01,28086.6,ANZ78847,IEDSVFKPQPA,466,946.0
746,HLA-B15:01,28089.24,ANZ78847,CDLTVGSGYCV,746,947.0
543,HLA-B15:01,28101.22,ANZ78847,GPYKCPQSKSL,543,948.0
937,HLA-B15:01,28192.13,ANZ78847,TGGAEIRDLIC,937,949.0
848,HLA-B15:01,28203.94,ANZ78847,NINAILTEVNE,848,950.0
1061,HLA-B15:01,28232.95,ANZ78847,RFGAISSSLQE,1061,951.0
938,HLA-B15:01,28246.31,ANZ78847,GGAEIRDLICV,938,952.0
899,HLA-B15:01,28246.98,ANZ78847,GCLGSECSKAS,899,953.0
647,HLA-B15:01,28269.93,ANZ78847,NATYYNSWQNL,647,954.0
180,HLA-B15:01,28303.17,ANZ78847,HPNLGNHFKEL,180,955.0
1113,HLA-B15:01,28331.32,ANZ78847,SAAQAMEKVNE,1113,956.0
428,HLA-B15:01,28343.64,ANZ78847,NYRIDTTATSC,428,957.0
810,HLA-B15:01,28348.48,ANZ78847,EEFIQTSSPKV,810,958.0
1295,HLA-B15:01,28372.43,ANZ78847,IGTYEYYVKWP,1295,959.0
1209,HLA-B15:01,28380.69,ANZ78847,TENNVVVMSTC,1209,960.0
702,HLA-B15:01,28386.09,ANZ78847,FRNIKCNYVFN,702,961.0
1006,HLA-B15:01,28396.0,ANZ78847,DVLSQNQKLIA,1006,962.0
1053,HLA-B15:01,28401.44,ANZ78847,NLLQQLSNRFG,1053,963.0
610,HLA-B15:01,28408.96,ANZ78847,GLTCSTDLQKA,610,964.0
861,HLA-B15:01,28418.51,ANZ78847,DTTQLQVANSL,861,965.0
252,HLA-B15:01,28424.79,ANZ78847,YYVMPLTCISR,252,966.0
415,HLA-B15:01,28459.21,ANZ78847,DLQLGNLGYLQ,415,967.0
674,HLA-B15:01,28463.2,ANZ78847,NRTFMIRSCYS,674,968.0
456,HLA-B15:01,28465.87,ANZ78847,PSTWNKRFGFI,456,969.0
1169,HLA-B15:01,28471.87,ANZ78847,VSPGLCIAGDR,1169,970.0
96,HLA-B15:01,28479.14,ANZ78847,PPFLSDFINGI,96,971.0
891,HLA-B15:01,28489.14,ANZ78847,DINFSSVLGCL,891,972.0
1205,HLA-B15:01,28536.13,ANZ78847,PEPITENNVVV,1205,973.0
334,HLA-B15:01,28556.65,ANZ78847,RRKPDLPNCNI,334,974.0
1237,HLA-B15:01,28571.95,ANZ78847,NLPDFREELDQ,1237,975.0
258,HLA-B15:01,28572.0,ANZ78847,TCISRRNIGFT,258,976.0
708,HLA-B15:01,28574.36,ANZ78847,NYVFNNSLTRQ,708,977.0
1003,HLA-B15:01,28605.21,ANZ78847,VTMDVLSQNQK,1003,978.0
408,HLA-B15:01,28612.22,ANZ78847,IPNGRKVDLQL,408,979.0
201,HLA-B15:01,28613.25,ANZ78847,LYKRNFTYDVN,201,980.0
755,HLA-B15:01,28635.03,ANZ78847,CVDYSKNRRSR,755,981.0
618,HLA-B15:01,28663.48,ANZ78847,QKANTDIKLGV,618,982.0
1333,HLA-B15:01,28673.5,ANZ78847,GTSCFKKCGGC,1333,983.0
356,HLA-B15:01,28706.44,ANZ78847,PLNWERKTFSN,356,984.0
521,HLA-B15:01,28760.98,ANZ78847,CPAGTNYLTCH,521,985.0
847,HLA-B15:01,28779.26,ANZ78847,DNINAILTEVN,847,986.0
293,HLA-B15:01,28782.56,ANZ78847,NAVDCMSDFMS,293,987.0
1267,HLA-B15:01,28804.61,ANZ78847,TFLDLQVEMNR,1267,988.0
669,HLA-B15:01,28823.24,ANZ78847,RDYLTNRTFMI,669,989.0
695,HLA-B15:01,28830.63,ANZ78847,SSEPALLFRNI,695,990.0
147,HLA-B15:01,28831.81,ANZ78847,TINSTQDGVNK,147,991.0
779,HLA-B15:01,28834.16,ANZ78847,PFTVNSVNDSL,779,992.0
512,HLA-B15:01,28844.27,ANZ78847,PGKNNGIGTCP,512,993.0
565,HLA-B15:01,28844.27,ANZ78847,VKSDYCGGNPC,565,993.0
957,HLA-B15:01,28880.07,ANZ78847,LPPLLSENQIS,957,995.0
620,HLA-B15:01,28894.08,ANZ78847,ANTDIKLGVCV,620,996.0
49,HLA-B15:01,28932.31,ANZ78847,GLGTYYVLDRV,49,997.0
1224,HLA-B15:01,28938.84,ANZ78847,TKAPYVMLNTS,1224,998.0
999,HLA-B15:01,28943.2,ANZ78847,NGLGVTMDVLS,999,999.0
211,HLA-B15:01,28947.54,ANZ78847,NATYLYFHFYQ,211,1000.0
1303,HLA-B15:01,28959.3,ANZ78847,KWPWYVWLLIC,1303,1001.0
270,HLA-B15:01,29024.4,ANZ78847,EYWVTPLTSRQ,270,1002.0
500,HLA-B15:01,29030.71,ANZ78847,CKSNSSLCVGS,500,1003.0
803,HLA-B15:01,29033.46,ANZ78847,DFTIGNMEEFI,803,1004.0
839,HLA-B15:01,29069.9,ANZ78847,LVEYGSFCDNI,839,1005.0
286,HLA-B15:01,29109.51,ANZ78847,NQDGIIFNAVD,286,1006.0
385,HLA-B15:01,29111.23,ANZ78847,CNNIDAAKIYG,385,1007.0
1200,HLA-B15:01,29116.4,ANZ78847,SGYYYPEPITE,1200,1008.0
655,HLA-B15:01,29129.72,ANZ78847,QNLLYDSNGNL,655,1009.0
1262,HLA-B15:01,29150.05,ANZ78847,DYINVTFLDLQ,1262,1010.0
875,HLA-B15:01,29162.04,ANZ78847,VTLSTKLKDGV,875,1011.0
573,HLA-B15:01,29163.3,ANZ78847,NPCTCQPQAFL,573,1012.0
936,HLA-B15:01,29166.39,ANZ78847,CTGGAEIRDLI,936,1013.0
538,HLA-B15:01,29189.21,ANZ78847,PITFTGPYKCP,538,1014.0
213,HLA-B15:01,29201.57,ANZ78847,TYLYFHFYQEG,213,1015.0
608,HLA-B15:01,29226.94,ANZ78847,NSGLTCSTDLQ,608,1016.0
533,HLA-B15:01,29260.89,ANZ78847,LCNPDPITFTG,533,1017.0
294,HLA-B15:01,29282.77,ANZ78847,AVDCMSDFMSE,294,1018.0
1300,HLA-B15:01,29329.84,ANZ78847,YYVKWPWYVWL,1300,1019.0
397,HLA-B15:01,29349.62,ANZ78847,CFSSITIDKFA,397,1020.0
405,HLA-B15:01,29410.29,ANZ78847,KFAIPNGRKVD,405,1021.0
793,HLA-B15:01,29429.21,ANZ78847,GGLYEIQIPSD,793,1022.0
22,HLA-B15:01,29464.29,ANZ78847,LDSRTGSLNNI,22,1023.0
588,HLA-B15:01,29492.42,ANZ78847,DSCLQGDKCNI,588,1024.0
1084,HLA-B15:01,29494.04,ANZ78847,QIDRLINGRLT,1084,1025.0
460,HLA-B15:01,29514.34,ANZ78847,NKRFGFIEDSV,460,1026.0
809,HLA-B15:01,29519.22,ANZ78847,MEEFIQTSSPK,809,1027.0
203,HLA-B15:01,29591.54,ANZ78847,KRNFTYDVNAT,203,1028.0
585,HLA-B15:01,29611.67,ANZ78847,WSADSCLQGDK,585,1029.0
693,HLA-B15:01,29634.33,ANZ78847,ANSSEPALLFR,693,1030.0
208,HLA-B15:01,29648.82,ANZ78847,YDVNATYLYFH,208,1031.0
525,HLA-B15:01,29659.78,ANZ78847,TNYLTCHNLCN,525,1032.0
36,HLA-B15:01,29669.94,ANZ78847,PPSISTATVDV,36,1033.0
454,HLA-B15:01,29700.23,ANZ78847,FNPSTWNKRFG,454,1034.0
530,HLA-B15:01,29733.76,ANZ78847,CHNLCNPDPIT,530,1035.0
765,HLA-B15:01,29753.28,ANZ78847,RRAITTGYRFT,765,1036.0
202,HLA-B15:01,29776.08,ANZ78847,YKRNFTYDVNA,202,1037.0
569,HLA-B15:01,29816.48,ANZ78847,YCGGNPCTCQP,569,1038.0
1331,HLA-B15:01,29848.64,ANZ78847,GCGTSCFKKCG,1331,1039.0
830,HLA-B15:01,29858.64,ANZ78847,GDYAACKSQLV,830,1040.0
592,HLA-B15:01,29871.02,ANZ78847,QGDKCNIFANL,592,1041.0
1111,HLA-B15:01,29872.41,ANZ78847,KFSAAQAMEKV,1111,1042.0
902,HLA-B15:01,29896.13,ANZ78847,GSECSKASSRS,902,1043.0
1023,HLA-B15:01,29896.95,ANZ78847,LDAIQEGFDAT,1023,1044.0
254,HLA-B15:01,29913.39,ANZ78847,VMPLTCISRRN,254,1045.0
163,HLA-B15:01,29928.02,ANZ78847,EVSVCQYNMCE,163,1046.0
351,HLA-B15:01,29931.77,ANZ78847,KSVPSPLNWER,351,1047.0
71,HLA-B15:01,29935.67,ANZ78847,YPTSGSTYRNM,71,1048.0
409,HLA-B15:01,29944.61,ANZ78847,PNGRKVDLQLG,409,1049.0
1024,HLA-B15:01,29956.32,ANZ78847,DAIQEGFDATN,1024,1050.0
720,HLA-B15:01,29973.4,ANZ78847,QPINYFDSYLG,720,1051.0
721,HLA-B15:01,29992.0,ANZ78847,PINYFDSYLGC,721,1052.0
1125,HLA-B15:01,29999.17,ANZ78847,VKSQSSRINFC,1125,1053.0
769,HLA-B15:01,30004.17,ANZ78847,TTGYRFTNFEP,769,1054.0
522,HLA-B15:01,30010.89,ANZ78847,PAGTNYLTCHN,522,1055.0
954,HLA-B15:01,30015.8,ANZ78847,IKVLPPLLSEN,954,1056.0
494,HLA-B15:01,30031.46,ANZ78847,PKNFCPCKSNS,494,1057.0
149,HLA-B15:01,30043.4,ANZ78847,NSTQDGVNKLQ,149,1058.0
325,HLA-B15:01,30049.48,ANZ78847,TVQPIADVYRR,325,1059.0
713,HLA-B15:01,30076.0,ANZ78847,NSLTRQLQPIN,713,1060.0
103,HLA-B15:01,30085.85,ANZ78847,INGIFAKVKNT,103,1061.0
845,HLA-B15:01,30121.76,ANZ78847,FCDNINAILTE,845,1062.0
186,HLA-B15:01,30123.46,ANZ78847,HFKELWHMDTG,186,1063.0
343,HLA-B15:01,30138.04,ANZ78847,NIEAWLNDKSV,343,1064.0
451,HLA-B15:01,30146.86,ANZ78847,VSRFNPSTWNK,451,1065.0
497,HLA-B15:01,30213.41,ANZ78847,FCPCKSNSSLC,497,1066.0
215,HLA-B15:01,30239.06,ANZ78847,LYFHFYQEGGT,215,1067.0
468,HLA-B15:01,30244.75,ANZ78847,DSVFKPQPAGV,468,1068.0
550,HLA-B15:01,30254.12,ANZ78847,SKSLVGIGEHC,550,1069.0
707,HLA-B15:01,30294.78,ANZ78847,CNYVFNNSLTR,707,1070.0
534,HLA-B15:01,30315.53,ANZ78847,CNPDPITFTGP,534,1071.0
445,HLA-B15:01,30342.13,ANZ78847,PAANVSVSRFN,445,1072.0
1070,HLA-B15:01,30367.66,ANZ78847,QEILSRLDALE,1070,1073.0
187,HLA-B15:01,30438.65,ANZ78847,FKELWHMDTGV,187,1074.0
795,HLA-B15:01,30486.58,ANZ78847,LYEIQIPSDFT,795,1075.0
1030,HLA-B15:01,30538.62,ANZ78847,FDATNSALVKI,1030,1076.0
879,HLA-B15:01,30553.69,ANZ78847,TKLKDGVNFNV,879,1077.0
776,HLA-B15:01,30585.76,ANZ78847,NFEPFTVNSVN,776,1078.0
665,HLA-B15:01,30595.53,ANZ78847,LYGFRDYLTNR,665,1079.0
823,HLA-B15:01,30595.67,ANZ78847,DCAAFVCGDYA,823,1080.0
315,HLA-B15:01,30596.01,ANZ78847,PTGVYELNGYT,315,1081.0
595,HLA-B15:01,30606.6,ANZ78847,KCNIFANLILH,595,1082.0
471,HLA-B15:01,30606.86,ANZ78847,FKPQPAGVLTN,471,1083.0
653,HLA-B15:01,30626.83,ANZ78847,SWQNLLYDSNG,653,1084.0
472,HLA-B15:01,30628.47,ANZ78847,KPQPAGVLTNH,472,1085.0
1130,HLA-B15:01,30634.81,ANZ78847,SRINFCGNGNH,1130,1086.0
568,HLA-B15:01,30637.46,ANZ78847,DYCGGNPCTCQ,568,1087.0
1284,HLA-B15:01,30646.88,ANZ78847,VLNQSYINLKD,1284,1088.0
829,HLA-B15:01,30672.93,ANZ78847,CGDYAACKSQL,829,1089.0
973,HLA-B15:01,30680.89,ANZ78847,ATSASLFPPWT,973,1090.0
148,HLA-B15:01,30704.33,ANZ78847,INSTQDGVNKL,148,1091.0
296,HLA-B15:01,30718.47,ANZ78847,DCMSDFMSEIK,296,1092.0
753,HLA-B15:01,30723.85,ANZ78847,GYCVDYSKNRR,753,1093.0
144,HLA-B15:01,30766.71,ANZ78847,QPRTINSTQDG,144,1094.0
1031,HLA-B15:01,30779.47,ANZ78847,DATNSALVKIQ,1031,1095.0
1207,HLA-B15:01,30783.55,ANZ78847,PITENNVVVMS,1207,1096.0
621,HLA-B15:01,30798.19,ANZ78847,NTDIKLGVCVN,621,1097.0
725,HLA-B15:01,30803.43,ANZ78847,FDSYLGCVVNA,725,1098.0
754,HLA-B15:01,30812.71,ANZ78847,YCVDYSKNRRS,754,1099.0
1176,HLA-B15:01,30844.05,ANZ78847,AGDRGIAPKSG,1176,1100.0
946,HLA-B15:01,30880.78,ANZ78847,ICVQSYKGIKV,946,1101.0
544,HLA-B15:01,30881.09,ANZ78847,PYKCPQSKSLV,544,1102.0
616,HLA-B15:01,30895.64,ANZ78847,DLQKANTDIKL,616,1103.0
756,HLA-B15:01,30898.8,ANZ78847,VDYSKNRRSRR,756,1104.0
326,HLA-B15:01,30901.27,ANZ78847,VQPIADVYRRK,326,1105.0
652,HLA-B15:01,30905.62,ANZ78847,NSWQNLLYDSN,652,1106.0
698,HLA-B15:01,30941.34,ANZ78847,PALLFRNIKCN,698,1107.0
329,HLA-B15:01,30961.19,ANZ78847,IADVYRRKPDL,329,1108.0
381,HLA-B15:01,30966.08,ANZ78847,DSFTCNNIDAA,381,1109.0
493,HLA-B15:01,30979.89,ANZ78847,APKNFCPCKSN,493,1110.0
222,HLA-B15:01,30998.0,ANZ78847,EGGTFYAYFTD,222,1111.0
747,HLA-B15:01,31003.32,ANZ78847,DLTVGSGYCVD,747,1112.0
274,HLA-B15:01,31008.11,ANZ78847,TPLTSRQYLLA,274,1113.0
1182,HLA-B15:01,31010.93,ANZ78847,APKSGYFVNVN,1182,1114.0
560,HLA-B15:01,31028.71,ANZ78847,CSGLAVKSDYC,560,1115.0
1202,HLA-B15:01,31114.16,ANZ78847,YYYPEPITENN,1202,1116.0
1239,HLA-B15:01,31120.25,ANZ78847,PDFREELDQWF,1239,1117.0
48,HLA-B15:01,31120.56,ANZ78847,NGLGTYYVLDR,48,1118.0
1233,HLA-B15:01,31123.76,ANZ78847,TSIPNLPDFRE,1233,1119.0
1244,HLA-B15:01,31127.33,ANZ78847,ELDQWFKNQTS,1244,1120.0
1096,HLA-B15:01,31133.96,ANZ78847,LNAYVSQQLSD,1096,1121.0
958,HLA-B15:01,31154.48,ANZ78847,PPLLSENQISG,958,1122.0
387,HLA-B15:01,31163.58,ANZ78847,NIDAAKIYGMC,387,1123.0
1204,HLA-B15:01,31178.81,ANZ78847,YPEPITENNVV,1204,1124.0
596,HLA-B15:01,31182.23,ANZ78847,CNIFANLILHD,596,1125.0
52,HLA-B15:01,31190.2,ANZ78847,TYYVLDRVYLN,52,1126.0
366,HLA-B15:01,31197.72,ANZ78847,NCNFNMSSLMS,366,1127.0
1203,HLA-B15:01,31213.76,ANZ78847,YYPEPITENNV,1203,1128.0
771,HLA-B15:01,31244.24,ANZ78847,GYRFTNFEPFT,771,1129.0
355,HLA-B15:01,31248.22,ANZ78847,SPLNWERKTFS,355,1130.0
380,HLA-B15:01,31270.66,ANZ78847,ADSFTCNNIDA,380,1131.0
1269,HLA-B15:01,31310.15,ANZ78847,LDLQVEMNRLQ,1269,1132.0
504,HLA-B15:01,31321.79,ANZ78847,SSLCVGSGPGK,504,1133.0
402,HLA-B15:01,31334.17,ANZ78847,TIDKFAIPNGR,402,1134.0
540,HLA-B15:01,31412.42,ANZ78847,TFTGPYKCPQS,540,1135.0
882,HLA-B15:01,31413.37,ANZ78847,KDGVNFNVDDI,882,1136.0
1330,HLA-B15:01,31433.05,ANZ78847,TGCGTSCFKKC,1330,1137.0
1242,HLA-B15:01,31457.84,ANZ78847,REELDQWFKNQ,1242,1138.0
91,HLA-B15:01,31460.31,ANZ78847,TLWFKPPFLSD,91,1139.0
1260,HLA-B15:01,31511.38,ANZ78847,ALDYINVTFLD,1260,1140.0
336,HLA-B15:01,31525.15,ANZ78847,KPDLPNCNIEA,336,1141.0
556,HLA-B15:01,31527.8,ANZ78847,IGEHCSGLAVK,556,1142.0
420,HLA-B15:01,31532.1,ANZ78847,NLGYLQSFNYR,420,1143.0
185,HLA-B15:01,31536.92,ANZ78847,NHFKELWHMDT,185,1144.0
935,HLA-B15:01,31558.23,ANZ78847,NCTGGAEIRDL,935,1145.0
814,HLA-B15:01,31575.8,ANZ78847,QTSSPKVTIDC,814,1146.0
831,HLA-B15:01,31606.61,ANZ78847,DYAACKSQLVE,831,1147.0
1123,HLA-B15:01,31613.87,ANZ78847,ECVKSQSSRIN,1123,1148.0
511,HLA-B15:01,31621.17,ANZ78847,GPGKNNGIGTC,511,1149.0
1232,HLA-B15:01,31642.3,ANZ78847,NTSIPNLPDFR,1232,1150.0
1004,HLA-B15:01,31700.27,ANZ78847,TMDVLSQNQKL,1004,1151.0
988,HLA-B15:01,31705.65,ANZ78847,VPFYLNVQYRI,988,1152.0
95,HLA-B15:01,31707.84,ANZ78847,KPPFLSDFING,95,1153.0
1201,HLA-B15:01,31719.0,ANZ78847,GYYYPEPITEN,1201,1154.0
110,HLA-B15:01,31741.3,ANZ78847,VKNTKVFKDGV,110,1155.0
1018,HLA-B15:01,31748.15,ANZ78847,AFNNALDAIQE,1018,1156.0
15,HLA-B15:01,31752.48,ANZ78847,IGDLKCPLDSR,15,1157.0
614,HLA-B15:01,31778.2,ANZ78847,STDLQKANTDI,614,1158.0
889,HLA-B15:01,31785.11,ANZ78847,VDDINFSSVLG,889,1159.0
989,HLA-B15:01,31789.48,ANZ78847,PFYLNVQYRIN,989,1160.0
912,HLA-B15:01,31801.3,ANZ78847,SAIEDLLFDKV,912,1161.0
410,HLA-B15:01,31826.13,ANZ78847,NGRKVDLQLGN,410,1162.0
195,HLA-B15:01,31849.57,ANZ78847,TGVVSCLYKRN,195,1163.0
915,HLA-B15:01,31872.43,ANZ78847,EDLLFDKVKLS,915,1164.0
853,HLA-B15:01,31903.41,ANZ78847,LTEVNELLDTT,853,1165.0
287,HLA-B15:01,31922.49,ANZ78847,QDGIIFNAVDC,287,1166.0
1255,HLA-B15:01,32001.66,ANZ78847,VAPDLALDYIN,1255,1167.0
152,HLA-B15:01,32026.81,ANZ78847,QDGVNKLQGLL,152,1168.0
104,HLA-B15:01,32069.06,ANZ78847,NGIFAKVKNTK,104,1169.0
358,HLA-B15:01,32071.68,ANZ78847,NWERKTFSNCN,358,1170.0
1078,HLA-B15:01,32077.67,ANZ78847,ALEAEAQIDRL,1078,1171.0
1257,HLA-B15:01,32079.49,ANZ78847,PDLALDYINVT,1257,1172.0
751,HLA-B15:01,32130.52,ANZ78847,GSGYCVDYSKN,751,1173.0
333,HLA-B15:01,32132.97,ANZ78847,YRRKPDLPNCN,333,1174.0
662,HLA-B15:01,32139.58,ANZ78847,NGNLYGFRDYL,662,1175.0
94,HLA-B15:01,32157.95,ANZ78847,FKPPFLSDFIN,94,1176.0
834,HLA-B15:01,32212.57,ANZ78847,ACKSQLVEYGS,834,1177.0
1067,HLA-B15:01,32213.38,ANZ78847,SSLQEILSRLD,1067,1178.0
474,HLA-B15:01,32231.39,ANZ78847,QPAGVLTNHDV,474,1179.0
520,HLA-B15:01,32263.11,ANZ78847,TCPAGTNYLTC,520,1180.0
412,HLA-B15:01,32293.16,ANZ78847,RKVDLQLGNLG,412,1181.0
925,HLA-B15:01,32293.34,ANZ78847,SDVGFVAAYNN,925,1182.0
47,HLA-B15:01,32294.75,ANZ78847,TNGLGTYYVLD,47,1183.0
1243,HLA-B15:01,32306.83,ANZ78847,EELDQWFKNQT,1243,1184.0
339,HLA-B15:01,32308.54,ANZ78847,LPNCNIEAWLN,339,1185.0
860,HLA-B15:01,32326.94,ANZ78847,LDTTQLQVANS,860,1186.0
488,HLA-B15:01,32364.15,ANZ78847,QHCFKAPKNFC,488,1187.0
926,HLA-B15:01,32379.53,ANZ78847,DVGFVAAYNNC,926,1188.0
174,HLA-B15:01,32386.09,ANZ78847,YPHTICHPNLG,174,1189.0
542,HLA-B15:01,32427.21,ANZ78847,TGPYKCPQSKS,542,1190.0
650,HLA-B15:01,32485.44,ANZ78847,YYNSWQNLLYD,650,1191.0
778,HLA-B15:01,32490.07,ANZ78847,EPFTVNSVNDS,778,1192.0
574,HLA-B15:01,32513.15,ANZ78847,PCTCQPQAFLG,574,1193.0
335,HLA-B15:01,32515.82,ANZ78847,RKPDLPNCNIE,335,1194.0
69,HLA-B15:01,32542.35,ANZ78847,GYYPTSGSTYR,69,1195.0
182,HLA-B15:01,32562.54,ANZ78847,NLGNHFKELWH,182,1196.0
737,HLA-B15:01,32567.14,ANZ78847,NSTAISVQTCD,737,1197.0
840,HLA-B15:01,32595.88,ANZ78847,VEYGSFCDNIN,840,1198.0
996,HLA-B15:01,32645.94,ANZ78847,YRINGLGVTMD,996,1199.0
631,HLA-B15:01,32659.16,ANZ78847,NYDLYGISGQG,631,1200.0
24,HLA-B15:01,32659.42,ANZ78847,SRTGSLNNIDT,24,1201.0
916,HLA-B15:01,32714.04,ANZ78847,DLLFDKVKLSD,916,1202.0
1336,HLA-B15:01,32733.11,ANZ78847,CFKKCGGCCDD,1336,1203.0
914,HLA-B15:01,32770.52,ANZ78847,IEDLLFDKVKL,914,1204.0
100,HLA-B15:01,32781.21,ANZ78847,SDFINGIFAKV,100,1205.0
727,HLA-B15:01,32788.98,ANZ78847,SYLGCVVNAYN,727,1206.0
422,HLA-B15:01,32836.97,ANZ78847,GYLQSFNYRID,422,1207.0
506,HLA-B15:01,32861.59,ANZ78847,LCVGSGPGKNN,506,1208.0
1170,HLA-B15:01,32880.89,ANZ78847,SPGLCIAGDRG,1170,1209.0
1343,HLA-B15:01,32916.88,ANZ78847,CCDDYTGYQEL,1343,1210.0
1234,HLA-B15:01,32926.2,ANZ78847,SIPNLPDFREE,1234,1211.0
1339,HLA-B15:01,32964.73,ANZ78847,KCGGCCDDYTG,1339,1212.0
330,HLA-B15:01,32974.28,ANZ78847,ADVYRRKPDLP,330,1213.0
342,HLA-B15:01,32978.85,ANZ78847,CNIEAWLNDKS,342,1214.0
578,HLA-B15:01,32994.58,ANZ78847,QPQAFLGWSAD,578,1215.0
1080,HLA-B15:01,33009.21,ANZ78847,EAEAQIDRLIN,1080,1216.0
332,HLA-B15:01,33009.94,ANZ78847,VYRRKPDLPNC,332,1217.0
1021,HLA-B15:01,33043.4,ANZ78847,NALDAIQEGFD,1021,1218.0
181,HLA-B15:01,33047.07,ANZ78847,PNLGNHFKELW,181,1219.0
86,HLA-B15:01,33047.16,ANZ78847,TDKLSTLWFKP,86,1220.0
576,HLA-B15:01,33073.93,ANZ78847,TCQPQAFLGWS,576,1221.0
321,HLA-B15:01,33075.09,ANZ78847,LNGYTVQPIAD,321,1222.0
659,HLA-B15:01,33075.74,ANZ78847,YDSNGNLYGFR,659,1223.0
1256,HLA-B15:01,33097.71,ANZ78847,APDLALDYINV,1256,1224.0
298,HLA-B15:01,33120.99,ANZ78847,MSDFMSEIKCK,298,1225.0
232,HLA-B15:01,33126.01,ANZ78847,DTGVVTKFLFN,232,1226.0
1332,HLA-B15:01,33130.96,ANZ78847,CGTSCFKKCGG,1332,1227.0
757,HLA-B15:01,33188.25,ANZ78847,DYSKNRRSRRA,757,1228.0
483,HLA-B15:01,33190.17,ANZ78847,DVVYAQHCFKA,483,1229.0
872,HLA-B15:01,33198.14,ANZ78847,MNGVTLSTKLK,872,1230.0
485,HLA-B15:01,33198.74,ANZ78847,VYAQHCFKAPK,485,1231.0
411,HLA-B15:01,33198.79,ANZ78847,GRKVDLQLGNL,411,1232.0
414,HLA-B15:01,33218.57,ANZ78847,VDLQLGNLGYL,414,1233.0
403,HLA-B15:01,33224.05,ANZ78847,IDKFAIPNGRK,403,1234.0
262,HLA-B15:01,33229.05,ANZ78847,RRNIGFTLEYW,262,1235.0
1183,HLA-B15:01,33229.35,ANZ78847,PKSGYFVNVNN,1183,1236.0
70,HLA-B15:01,33229.65,ANZ78847,YYPTSGSTYRN,70,1237.0
1252,HLA-B15:01,33232.2,ANZ78847,QTSVAPDLALD,1252,1238.0
17,HLA-B15:01,33244.8,ANZ78847,DLKCPLDSRTG,17,1239.0
491,HLA-B15:01,33254.64,ANZ78847,FKAPKNFCPCK,491,1240.0
173,HLA-B15:01,33317.75,ANZ78847,EYPHTICHPNL,173,1241.0
587,HLA-B15:01,33325.19,ANZ78847,ADSCLQGDKCN,587,1242.0
1276,HLA-B15:01,33392.26,ANZ78847,NRLQEAIKVLN,1276,1243.0
33,HLA-B15:01,33398.35,ANZ78847,DTGPPSISTAT,33,1244.0
35,HLA-B15:01,33413.24,ANZ78847,GPPSISTATVD,35,1245.0
458,HLA-B15:01,33433.8,ANZ78847,TWNKRFGFIED,458,1246.0
612,HLA-B15:01,33437.51,ANZ78847,TCSTDLQKANT,612,1247.0
890,HLA-B15:01,33440.54,ANZ78847,DDINFSSVLGC,890,1248.0
327,HLA-B15:01,33451.4,ANZ78847,QPIADVYRRKP,327,1249.0
787,HLA-B15:01,33479.68,ANZ78847,DSLEPVGGLYE,787,1250.0
841,HLA-B15:01,33480.21,ANZ78847,EYGSFCDNINA,841,1251.0
348,HLA-B15:01,33500.74,ANZ78847,LNDKSVPSPLN,348,1252.0
74,HLA-B15:01,33524.4,ANZ78847,SGSTYRNMALK,74,1253.0
199,HLA-B15:01,33531.17,ANZ78847,SCLYKRNFTYD,199,1254.0
99,HLA-B15:01,33570.83,ANZ78847,LSDFINGIFAK,99,1255.0
452,HLA-B15:01,33572.95,ANZ78847,SRFNPSTWNKR,452,1256.0
777,HLA-B15:01,33573.74,ANZ78847,FEPFTVNSVND,777,1257.0
1270,HLA-B15:01,33632.28,ANZ78847,DLQVEMNRLQE,1270,1258.0
821,HLA-B15:01,33665.85,ANZ78847,TIDCAAFVCGD,821,1259.0
750,HLA-B15:01,33696.24,ANZ78847,VGSGYCVDYSK,750,1260.0
101,HLA-B15:01,33717.1,ANZ78847,DFINGIFAKVK,101,1261.0
75,HLA-B15:01,33744.19,ANZ78847,GSTYRNMALKG,75,1262.0
145,HLA-B15:01,33768.75,ANZ78847,PRTINSTQDGV,145,1263.0
670,HLA-B15:01,33773.45,ANZ78847,DYLTNRTFMIR,670,1264.0
278,HLA-B15:01,33802.88,ANZ78847,SRQYLLAFNQD,278,1265.0
1344,HLA-B15:01,33811.53,ANZ78847,CDDYTGYQELV,1344,1266.0
462,HLA-B15:01,33835.53,ANZ78847,RFGFIEDSVFK,462,1267.0
745,HLA-B15:01,33871.63,ANZ78847,TCDLTVGSGYC,745,1268.0
21,HLA-B15:01,33882.25,ANZ78847,PLDSRTGSLNN,21,1269.0
697,HLA-B15:01,33920.44,ANZ78847,EPALLFRNIKC,697,1270.0
537,HLA-B15:01,33935.5,ANZ78847,DPITFTGPYKC,537,1271.0
881,HLA-B15:01,33940.41,ANZ78847,LKDGVNFNVDD,881,1272.0
1299,HLA-B15:01,33948.43,ANZ78847,EYYVKWPWYVW,1299,1273.0
1342,HLA-B15:01,34032.71,ANZ78847,GCCDDYTGYQE,1342,1274.0
1335,HLA-B15:01,34102.99,ANZ78847,SCFKKCGGCCD,1335,1275.0
1222,HLA-B15:01,34106.71,ANZ78847,NYTKAPYVMLN,1222,1276.0
1351,HLA-B15:01,34111.68,ANZ78847,QELVIKTSHDD,1351,1277.0
352,HLA-B15:01,34142.8,ANZ78847,SVPSPLNWERK,352,1278.0
482,HLA-B15:01,34146.41,ANZ78847,HDVVYAQHCFK,482,1279.0
16,HLA-B15:01,34152.22,ANZ78847,GDLKCPLDSRT,16,1280.0
694,HLA-B15:01,34173.83,ANZ78847,NSSEPALLFRN,694,1281.0
331,HLA-B15:01,34181.35,ANZ78847,DVYRRKPDLPN,331,1282.0
1293,HLA-B15:01,34189.26,ANZ78847,KDIGTYEYYVK,1293,1283.0
184,HLA-B15:01,34191.82,ANZ78847,GNHFKELWHMD,184,1284.0
72,HLA-B15:01,34196.46,ANZ78847,PTSGSTYRNMA,72,1285.0
338,HLA-B15:01,34208.83,ANZ78847,DLPNCNIEAWL,338,1286.0
20,HLA-B15:01,34242.51,ANZ78847,CPLDSRTGSLN,20,1287.0
696,HLA-B15:01,34250.02,ANZ78847,SEPALLFRNIK,696,1288.0
328,HLA-B15:01,34250.3,ANZ78847,PIADVYRRKPD,328,1289.0
1076,HLA-B15:01,34278.38,ANZ78847,LDALEAEAQID,1076,1290.0
360,HLA-B15:01,34305.17,ANZ78847,ERKTFSNCNFN,360,1291.0
586,HLA-B15:01,34310.27,ANZ78847,SADSCLQGDKC,586,1292.0
313,HLA-B15:01,34317.93,ANZ78847,APPTGVYELNG,313,1293.0
1029,HLA-B15:01,34330.12,ANZ78847,GFDATNSALVK,1029,1294.0
826,HLA-B15:01,34334.11,ANZ78847,AFVCGDYAACK,826,1295.0
785,HLA-B15:01,34354.35,ANZ78847,VNDSLEPVGGL,785,1296.0
337,HLA-B15:01,34367.91,ANZ78847,PDLPNCNIEAW,337,1297.0
404,HLA-B15:01,34383.34,ANZ78847,DKFAIPNGRKV,404,1298.0
716,HLA-B15:01,34383.51,ANZ78847,TRQLQPINYFD,716,1299.0
623,HLA-B15:01,34401.37,ANZ78847,DIKLGVCVNYD,623,1300.0
193,HLA-B15:01,34416.67,ANZ78847,MDTGVVSCLYK,193,1301.0
340,HLA-B15:01,34420.29,ANZ78847,PNCNIEAWLND,340,1302.0
613,HLA-B15:01,34457.75,ANZ78847,CSTDLQKANTD,613,1303.0
228,HLA-B15:01,34492.29,ANZ78847,AYFTDTGVVTK,228,1304.0
558,HLA-B15:01,34503.43,ANZ78847,EHCSGLAVKSD,558,1305.0
606,HLA-B15:01,34529.06,ANZ78847,DVNSGLTCSTD,606,1306.0
379,HLA-B15:01,34537.43,ANZ78847,QADSFTCNNID,379,1307.0
584,HLA-B15:01,34597.01,ANZ78847,GWSADSCLQGD,584,1308.0
913,HLA-B15:01,34603.93,ANZ78847,AIEDLLFDKVK,913,1309.0
1110,HLA-B15:01,34638.43,ANZ78847,VKFSAAQAMEK,1110,1310.0
77,HLA-B15:01,34722.53,ANZ78847,TYRNMALKGTD,77,1311.0
299,HLA-B15:01,34731.83,ANZ78847,SDFMSEIKCKT,299,1312.0
1077,HLA-B15:01,34742.13,ANZ78847,DALEAEAQIDR,1077,1313.0
382,HLA-B15:01,34830.04,ANZ78847,SFTCNNIDAAK,382,1314.0
1273,HLA-B15:01,34831.27,ANZ78847,VEMNRLQEAIK,1273,1315.0
883,HLA-B15:01,34861.89,ANZ78847,DGVNFNVDDIN,883,1316.0
175,HLA-B15:01,34873.11,ANZ78847,PHTICHPNLGN,175,1317.0
934,HLA-B15:01,34901.27,ANZ78847,NNCTGGAEIRD,934,1318.0
906,HLA-B15:01,34926.47,ANZ78847,SKASSRSAIED,906,1319.0
467,HLA-B15:01,34955.25,ANZ78847,EDSVFKPQPAG,467,1320.0
910,HLA-B15:01,34973.62,ANZ78847,SRSAIEDLLFD,910,1321.0
800,HLA-B15:01,34985.93,ANZ78847,IPSDFTIGNME,800,1322.0
1328,HLA-B15:01,35020.91,ANZ78847,CCTGCGTSCFK,1328,1323.0
178,HLA-B15:01,35151.12,ANZ78847,ICHPNLGNHFK,178,1324.0
1158,HLA-B15:01,35241.02,ANZ78847,SYVPTKYVTAK,1158,1325.0
23,HLA-B15:01,35305.95,ANZ78847,DSRTGSLNNID,23,1326.0
873,HLA-B15:01,35414.23,ANZ78847,NGVTLSTKLKD,873,1327.0
801,HLA-B15:01,35450.24,ANZ78847,PSDFTIGNMEE,801,1328.0
942,HLA-B15:01,35494.26,ANZ78847,IRDLICVQSYK,942,1329.0
153,HLA-B15:01,35497.7,ANZ78847,DGVNKLQGLLE,153,1330.0
108,HLA-B15:01,35540.21,ANZ78847,AKVKNTKVFKD,108,1331.0
1241,HLA-B15:01,35566.46,ANZ78847,FREELDQWFKN,1241,1332.0
1238,HLA-B15:01,35566.84,ANZ78847,LPDFREELDQW,1238,1333.0
194,HLA-B15:01,35583.77,ANZ78847,DTGVVSCLYKR,194,1334.0
1236,HLA-B15:01,35617.14,ANZ78847,PNLPDFREELD,1236,1335.0
341,HLA-B15:01,35625.02,ANZ78847,NCNIEAWLNDK,341,1336.0
609,HLA-B15:01,35646.7,ANZ78847,SGLTCSTDLQK,609,1337.0
1294,HLA-B15:01,35682.68,ANZ78847,DIGTYEYYVKW,1294,1338.0
536,HLA-B15:01,35780.38,ANZ78847,PDPITFTGPYK,536,1339.0
353,HLA-B15:01,35795.46,ANZ78847,VPSPLNWERKT,353,1340.0
943,HLA-B15:01,35999.79,ANZ78847,RDLICVQSYKG,943,1341.0
78,HLA-B15:01,36032.21,ANZ78847,YRNMALKGTDK,78,1342.0
9,HLA-B15:01,36132.01,ANZ78847,PTAFAVIGDLK,9,1343.0
660,HLA-B15:01,36134.8,ANZ78847,DSNGNLYGFRD,660,1344.0
179,HLA-B15:01,36188.23,ANZ78847,CHPNLGNHFKE,179,1345.0
1346,HLA-B15:01,36191.96,ANZ78847,DYTGYQELVIK,1346,1346.0
615,HLA-B15:01,36224.77,ANZ78847,TDLQKANTDIK,615,1347.0
349,HLA-B15:01,36298.18,ANZ78847,NDKSVPSPLNW,349,1348.0
85,HLA-B15:01,36336.18,ANZ78847,GTDKLSTLWFK,85,1349.0
350,HLA-B15:01,36362.93,ANZ78847,DKSVPSPLNWE,350,1350.0
1329,HLA-B15:01,36963.67,ANZ78847,CTGCGTSCFKK,1329,1351.0
1240,HLA-B15:01,37785.08,ANZ78847,DFREELDQWFK,1240,1352.0
19,HLA-B07:02,109.03,ANZ78847,KCPLDSRTGSL,19,1.0
817,HLA-B07:02,244.43,ANZ78847,SPKVTIDCAAF,817,2.0
991,HLA-B07:02,272.48,ANZ78847,YLNVQYRINGL,991,3.0
469,HLA-B07:02,295.97,ANZ78847,SVFKPQPAGVL,469,4.0
1013,HLA-B07:02,469.58,ANZ78847,KLIANAFNNAL,1013,5.0
1220,HLA-B07:02,527.81,ANZ78847,AVNYTKAPYVM,1220,6.0
1309,HLA-B07:02,549.62,ANZ78847,WLLICLAGVAM,1309,7.0
71,HLA-B07:02,558.14,ANZ78847,YPTSGSTYRNM,71,8.0
1144,HLA-B07:02,624.4,ANZ78847,LVQNAPYGLYF,1144,9.0
969,HLA-B07:02,663.98,ANZ78847,YTLAATSASLF,969,10.0
444,HLA-B07:02,723.89,ANZ78847,LPAANVSVSRF,444,11.0
867,HLA-B07:02,808.44,ANZ78847,VANSLMNGVTL,867,12.0
272,HLA-B07:02,902.73,ANZ78847,WVTPLTSRQYL,272,13.0
543,HLA-B07:02,938.67,ANZ78847,GPYKCPQSKSL,543,14.0
406,HLA-B07:02,1014.95,ANZ78847,FAIPNGRKVDL,406,15.0
347,HLA-B07:02,1047.58,ANZ78847,WLNDKSVPSPL,347,16.0
1099,HLA-B07:02,1114.32,ANZ78847,YVSQQLSDSTL,1099,17.0
993,HLA-B07:02,1135.61,ANZ78847,NVQYRINGLGV,993,18.0
686,HLA-B07:02,1142.17,ANZ78847,RVSAAFHANSS,686,19.0
555,HLA-B07:02,1252.66,ANZ78847,GIGEHCSGLAV,555,20.0
680,HLA-B07:02,1394.43,ANZ78847,RSCYSGRVSAA,680,21.0
978,HLA-B07:02,1410.58,ANZ78847,LFPPWTAAAGV,978,22.0
273,HLA-B07:02,1455.87,ANZ78847,VTPLTSRQYLL,273,23.0
1228,HLA-B07:02,1468.04,ANZ78847,YVMLNTSIPNL,1228,24.0
1059,HLA-B07:02,1506.38,ANZ78847,SNRFGAISSSL,1059,25.0
259,HLA-B07:02,1578.54,ANZ78847,CISRRNIGFTL,259,26.0
731,HLA-B07:02,1763.3,ANZ78847,CVVNAYNSTAI,731,27.0
255,HLA-B07:02,1930.43,ANZ78847,MPLTCISRRNI,255,28.0
239,HLA-B07:02,1943.47,ANZ78847,FLFNVYLGMAL,239,29.0
1225,HLA-B07:02,1972.45,ANZ78847,KAPYVMLNTSI,1225,30.0
5,HLA-B07:02,1980.47,ANZ78847,LISLPTAFAVI,5,31.0
455,HLA-B07:02,2025.59,ANZ78847,NPSTWNKRFGF,455,32.0
1235,HLA-B07:02,2102.72,ANZ78847,IPNLPDFREEL,1235,33.0
1108,HLA-B07:02,2162.71,ANZ78847,TLVKFSAAQAM,1108,34.0
511,HLA-B07:02,2190.9,ANZ78847,GPGKNNGIGTC,511,35.0
709,HLA-B07:02,2202.66,ANZ78847,YVFNNSLTRQL,709,36.0
619,HLA-B07:02,2416.86,ANZ78847,KANTDIKLGVC,619,37.0
124,HLA-B07:02,2460.85,ANZ78847,EFPAITIGSTF,124,38.0
947,HLA-B07:02,2535.35,ANZ78847,CVQSYKGIKVL,947,39.0
760,HLA-B07:02,2596.35,ANZ78847,KNRRSRRAITT,760,40.0
1303,HLA-B07:02,2624.45,ANZ78847,KWPWYVWLLIC,1303,41.0
521,HLA-B07:02,2801.99,ANZ78847,CPAGTNYLTCH,521,42.0
553,HLA-B07:02,2952.16,ANZ78847,LVGIGEHCSGL,553,43.0
125,HLA-B07:02,3096.34,ANZ78847,FPAITIGSTFV,125,44.0
732,HLA-B07:02,3123.92,ANZ78847,VVNAYNSTAIS,732,45.0
82,HLA-B07:02,3132.54,ANZ78847,ALKGTDKLSTL,82,46.0
12,HLA-B07:02,3197.97,ANZ78847,FAVIGDLKCPL,12,47.0
430,HLA-B07:02,3241.12,ANZ78847,RIDTTATSCQL,430,48.0
180,HLA-B07:02,3265.55,ANZ78847,HPNLGNHFKEL,180,49.0
689,HLA-B07:02,3326.17,ANZ78847,AAFHANSSEPA,689,50.0
979,HLA-B07:02,3440.33,ANZ78847,FPPWTAAAGVP,979,51.0
980,HLA-B07:02,3573.86,ANZ78847,PPWTAAAGVPF,980,52.0
472,HLA-B07:02,3603.84,ANZ78847,KPQPAGVLTNH,472,53.0
247,HLA-B07:02,3679.97,ANZ78847,MALSHYYVMPL,247,54.0
866,HLA-B07:02,3711.42,ANZ78847,QVANSLMNGVT,866,55.0
144,HLA-B07:02,3848.43,ANZ78847,QPRTINSTQDG,144,56.0
79,HLA-B07:02,3856.03,ANZ78847,RNMALKGTDKL,79,57.0
1179,HLA-B07:02,3957.86,ANZ78847,RGIAPKSGYFV,1179,58.0
1131,HLA-B07:02,3959.17,ANZ78847,RINFCGNGNHI,1131,59.0
758,HLA-B07:02,3985.43,ANZ78847,YSKNRRSRRAI,758,60.0
547,HLA-B07:02,4083.92,ANZ78847,CPQSKSLVGIG,547,61.0
971,HLA-B07:02,4092.54,ANZ78847,LAATSASLFPP,971,62.0
274,HLA-B07:02,4117.43,ANZ78847,TPLTSRQYLLA,274,63.0
73,HLA-B07:02,4183.26,ANZ78847,TSGSTYRNMAL,73,64.0
141,HLA-B07:02,4313.07,ANZ78847,VVVQPRTINST,141,65.0
1226,HLA-B07:02,4370.55,ANZ78847,APYVMLNTSIP,1226,66.0
154,HLA-B07:02,4432.55,ANZ78847,GVNKLQGLLEV,154,67.0
34,HLA-B07:02,4489.32,ANZ78847,TGPPSISTATV,34,68.0
448,HLA-B07:02,4503.94,ANZ78847,NVSVSRFNPST,448,69.0
1147,HLA-B07:02,4590.07,ANZ78847,NAPYGLYFIHF,1147,70.0
1164,HLA-B07:02,4663.36,ANZ78847,YVTAKVSPGLC,1164,71.0
245,HLA-B07:02,4664.52,ANZ78847,LGMALSHYYVM,245,72.0
20,HLA-B07:02,4689.52,ANZ78847,CPLDSRTGSLN,20,73.0
1314,HLA-B07:02,4782.21,ANZ78847,LAGVAMLVLLF,1314,74.0
733,HLA-B07:02,4801.7,ANZ78847,VNAYNSTAISV,733,75.0
408,HLA-B07:02,4846.58,ANZ78847,IPNGRKVDLQL,408,76.0
1304,HLA-B07:02,4901.93,ANZ78847,WPWYVWLLICL,1304,77.0
498,HLA-B07:02,4939.31,ANZ78847,CPCKSNSSLCV,498,78.0
8,HLA-B07:02,4943.21,ANZ78847,LPTAFAVIGDL,8,79.0
56,HLA-B07:02,4973.56,ANZ78847,LDRVYLNTTLF,56,80.0
770,HLA-B07:02,4977.48,ANZ78847,TGYRFTNFEPF,770,81.0
1160,HLA-B07:02,5002.88,ANZ78847,VPTKYVTAKVS,1160,82.0
994,HLA-B07:02,5044.5,ANZ78847,VQYRINGLGVT,994,83.0
311,HLA-B07:02,5143.36,ANZ78847,SIAPPTGVYEL,311,84.0
799,HLA-B07:02,5267.72,ANZ78847,QIPSDFTIGNM,799,85.0
688,HLA-B07:02,5455.54,ANZ78847,SAAFHANSSEP,688,86.0
1041,HLA-B07:02,5465.94,ANZ78847,QAVVNANAEAL,1041,87.0
572,HLA-B07:02,5480.84,ANZ78847,GNPCTCQPQAF,572,88.0
1015,HLA-B07:02,5491.06,ANZ78847,IANAFNNALDA,1015,89.0
355,HLA-B07:02,5551.65,ANZ78847,SPLNWERKTFS,355,90.0
336,HLA-B07:02,5659.31,ANZ78847,KPDLPNCNIEA,336,91.0
1272,HLA-B07:02,5813.72,ANZ78847,QVEMNRLQEAI,1272,92.0
1165,HLA-B07:02,5819.59,ANZ78847,VTAKVSPGLCI,1165,93.0
1307,HLA-B07:02,5840.99,ANZ78847,YVWLLICLAGV,1307,94.0
692,HLA-B07:02,5843.16,ANZ78847,HANSSEPALLF,692,95.0
365,HLA-B07:02,5897.13,ANZ78847,SNCNFNMSSLM,365,96.0
1148,HLA-B07:02,5905.49,ANZ78847,APYGLYFIHFS,1148,97.0
697,HLA-B07:02,5966.13,ANZ78847,EPALLFRNIKC,697,98.0
1181,HLA-B07:02,6022.24,ANZ78847,IAPKSGYFVNV,1181,99.0
235,HLA-B07:02,6077.9,ANZ78847,VVTKFLFNVYL,235,100.0
36,HLA-B07:02,6087.97,ANZ78847,PPSISTATVDV,36,101.0
931,HLA-B07:02,6106.43,ANZ78847,AAYNNCTGGAE,931,102.0
982,HLA-B07:02,6114.55,ANZ78847,WTAAAGVPFYL,982,103.0
493,HLA-B07:02,6132.89,ANZ78847,APKNFCPCKSN,493,104.0
275,HLA-B07:02,6218.55,ANZ78847,PLTSRQYLLAF,275,105.0
1182,HLA-B07:02,6315.41,ANZ78847,APKSGYFVNVN,1182,106.0
497,HLA-B07:02,6407.1,ANZ78847,FCPCKSNSSLC,497,107.0
995,HLA-B07:02,6442.55,ANZ78847,QYRINGLGVTM,995,108.0
997,HLA-B07:02,6521.57,ANZ78847,RINGLGVTMDV,997,109.0
681,HLA-B07:02,6580.81,ANZ78847,SCYSGRVSAAF,681,110.0
1055,HLA-B07:02,6588.2,ANZ78847,LQQLSNRFGAI,1055,111.0
888,HLA-B07:02,6774.86,ANZ78847,NVDDINFSSVL,888,112.0
426,HLA-B07:02,6811.68,ANZ78847,SFNYRIDTTAT,426,113.0
282,HLA-B07:02,7013.12,ANZ78847,LLAFNQDGIIF,282,114.0
329,HLA-B07:02,7051.85,ANZ78847,IADVYRRKPDL,329,115.0
474,HLA-B07:02,7053.31,ANZ78847,QPAGVLTNHDV,474,116.0
35,HLA-B07:02,7137.19,ANZ78847,GPPSISTATVD,35,117.0
81,HLA-B07:02,7182.07,ANZ78847,MALKGTDKLST,81,118.0
1087,HLA-B07:02,7192.5,ANZ78847,RLINGRLTALN,1087,119.0
930,HLA-B07:02,7289.73,ANZ78847,VAAYNNCTGGA,930,120.0
1088,HLA-B07:02,7298.31,ANZ78847,LINGRLTALNA,1088,121.0
672,HLA-B07:02,7402.66,ANZ78847,LTNRTFMIRSC,672,122.0
862,HLA-B07:02,7535.65,ANZ78847,TTQLQVANSLM,862,123.0
354,HLA-B07:02,7551.05,ANZ78847,PSPLNWERKTF,354,124.0
546,HLA-B07:02,7675.22,ANZ78847,KCPQSKSLVGI,546,125.0
690,HLA-B07:02,7988.79,ANZ78847,AFHANSSEPAL,690,126.0
712,HLA-B07:02,8105.02,ANZ78847,NNSLTRQLQPI,712,127.0
701,HLA-B07:02,8134.55,ANZ78847,LFRNIKCNYVF,701,128.0
648,HLA-B07:02,8146.48,ANZ78847,ATYYNSWQNLL,648,129.0
1256,HLA-B07:02,8408.21,ANZ78847,APDLALDYINV,1256,130.0
227,HLA-B07:02,8442.36,ANZ78847,YAYFTDTGVVT,227,131.0
1204,HLA-B07:02,8461.25,ANZ78847,YPEPITENNVV,1204,132.0
1086,HLA-B07:02,8543.23,ANZ78847,DRLINGRLTAL,1086,133.0
984,HLA-B07:02,8583.4,ANZ78847,AAAGVPFYLNV,984,134.0
1109,HLA-B07:02,8584.91,ANZ78847,LVKFSAAQAME,1109,135.0
1094,HLA-B07:02,8617.39,ANZ78847,TALNAYVSQQL,1094,136.0
968,HLA-B07:02,8705.82,ANZ78847,GYTLAATSASL,968,137.0
1206,HLA-B07:02,8731.25,ANZ78847,EPITENNVVVM,1206,138.0
361,HLA-B07:02,8778.44,ANZ78847,RKTFSNCNFNM,361,139.0
800,HLA-B07:02,9044.57,ANZ78847,IPSDFTIGNME,800,140.0
972,HLA-B07:02,9282.75,ANZ78847,AATSASLFPPW,972,141.0
1259,HLA-B07:02,9351.24,ANZ78847,LALDYINVTFL,1259,142.0
1275,HLA-B07:02,9372.4,ANZ78847,MNRLQEAIKVL,1275,143.0
1069,HLA-B07:02,9373.82,ANZ78847,LQEILSRLDAL,1069,144.0
1124,HLA-B07:02,9381.85,ANZ78847,CVKSQSSRINF,1124,145.0
1062,HLA-B07:02,9401.94,ANZ78847,FGAISSSLQEI,1062,146.0
353,HLA-B07:02,9456.01,ANZ78847,VPSPLNWERKT,353,147.0
1159,HLA-B07:02,9561.86,ANZ78847,YVPTKYVTAKV,1159,148.0
975,HLA-B07:02,9600.12,ANZ78847,SASLFPPWTAA,975,149.0
177,HLA-B07:02,9678.45,ANZ78847,TICHPNLGNHF,177,150.0
578,HLA-B07:02,9703.74,ANZ78847,QPQAFLGWSAD,578,151.0
55,HLA-B07:02,9913.84,ANZ78847,VLDRVYLNTTL,55,152.0
453,HLA-B07:02,10073.36,ANZ78847,RFNPSTWNKRF,453,153.0
1016,HLA-B07:02,10113.03,ANZ78847,ANAFNNALDAI,1016,154.0
907,HLA-B07:02,10114.23,ANZ78847,KASSRSAIEDL,907,155.0
1014,HLA-B07:02,10434.02,ANZ78847,LIANAFNNALD,1014,156.0
767,HLA-B07:02,10632.48,ANZ78847,AITTGYRFTNF,767,157.0
392,HLA-B07:02,10730.24,ANZ78847,KIYGMCFSSIT,392,158.0
174,HLA-B07:02,10730.73,ANZ78847,YPHTICHPNLG,174,159.0
988,HLA-B07:02,10802.08,ANZ78847,VPFYLNVQYRI,988,160.0
603,HLA-B07:02,10910.75,ANZ78847,ILHDVNSGLTC,603,161.0
1166,HLA-B07:02,10947.37,ANZ78847,TAKVSPGLCIA,1166,162.0
636,HLA-B07:02,10987.04,ANZ78847,GISGQGIFVEV,636,163.0
54,HLA-B07:02,11005.6,ANZ78847,YVLDRVYLNTT,54,164.0
364,HLA-B07:02,11222.31,ANZ78847,FSNCNFNMSSL,364,165.0
1312,HLA-B07:02,11265.67,ANZ78847,ICLAGVAMLVL,1312,166.0
759,HLA-B07:02,11287.87,ANZ78847,SKNRRSRRAIT,759,167.0
1301,HLA-B07:02,11328.08,ANZ78847,YVKWPWYVWLL,1301,168.0
1114,HLA-B07:02,11406.77,ANZ78847,AAQAMEKVNEC,1114,169.0
142,HLA-B07:02,11414.66,ANZ78847,VVQPRTINSTQ,142,170.0
679,HLA-B07:02,11428.89,ANZ78847,IRSCYSGRVSA,679,171.0
573,HLA-B07:02,11443.58,ANZ78847,NPCTCQPQAFL,573,172.0
496,HLA-B07:02,11503.15,ANZ78847,NFCPCKSNSSL,496,173.0
1238,HLA-B07:02,11544.11,ANZ78847,LPDFREELDQW,1238,174.0
719,HLA-B07:02,11591.37,ANZ78847,LQPINYFDSYL,719,175.0
447,HLA-B07:02,11608.98,ANZ78847,ANVSVSRFNPS,447,176.0
904,HLA-B07:02,11661.99,ANZ78847,ECSKASSRSAI,904,177.0
1261,HLA-B07:02,11782.49,ANZ78847,LDYINVTFLDL,1261,178.0
241,HLA-B07:02,11824.94,ANZ78847,FNVYLGMALSH,241,179.0
1271,HLA-B07:02,12037.19,ANZ78847,LQVEMNRLQEA,1271,180.0
173,HLA-B07:02,12073.68,ANZ78847,EYPHTICHPNL,173,181.0
88,HLA-B07:02,12361.26,ANZ78847,KLSTLWFKPPF,88,182.0
1063,HLA-B07:02,12365.92,ANZ78847,GAISSSLQEIL,1063,183.0
1170,HLA-B07:02,12439.85,ANZ78847,SPGLCIAGDRG,1170,184.0
871,HLA-B07:02,12493.07,ANZ78847,LMNGVTLSTKL,871,185.0
1120,HLA-B07:02,12828.45,ANZ78847,KVNECVKSQSS,1120,186.0
29,HLA-B07:02,12860.71,ANZ78847,LNNIDTGPPSI,29,187.0
740,HLA-B07:02,13006.13,ANZ78847,AISVQTCDLTV,740,188.0
285,HLA-B07:02,13030.71,ANZ78847,FNQDGIIFNAV,285,189.0
977,HLA-B07:02,13154.7,ANZ78847,SLFPPWTAAAG,977,190.0
484,HLA-B07:02,13234.08,ANZ78847,VVYAQHCFKAP,484,191.0
0,HLA-B07:02,13248.24,ANZ78847,MFLILLISLPT,0,192.0
306,HLA-B07:02,13264.96,ANZ78847,KCKTQSIAPPT,306,193.0
667,HLA-B07:02,13365.3,ANZ78847,GFRDYLTNRTF,667,194.0
313,HLA-B07:02,13367.79,ANZ78847,APPTGVYELNG,313,195.0
715,HLA-B07:02,13468.64,ANZ78847,LTRQLQPINYF,715,196.0
1230,HLA-B07:02,13519.62,ANZ78847,MLNTSIPNLPD,1230,197.0
647,HLA-B07:02,13523.15,ANZ78847,NATYYNSWQNL,647,198.0
1033,HLA-B07:02,13592.33,ANZ78847,TNSALVKIQAV,1033,199.0
736,HLA-B07:02,13647.95,ANZ78847,YNSTAISVQTC,736,200.0
76,HLA-B07:02,13719.8,ANZ78847,STYRNMALKGT,76,201.0
535,HLA-B07:02,13759.89,ANZ78847,NPDPITFTGPY,535,202.0
471,HLA-B07:02,13812.4,ANZ78847,FKPQPAGVLTN,471,203.0
2,HLA-B07:02,13816.84,ANZ78847,LILLISLPTAF,2,204.0
1090,HLA-B07:02,13842.85,ANZ78847,NGRLTALNAYV,1090,205.0
1205,HLA-B07:02,13897.87,ANZ78847,PEPITENNVVV,1205,206.0
338,HLA-B07:02,13954.22,ANZ78847,DLPNCNIEAWL,338,207.0
938,HLA-B07:02,13988.38,ANZ78847,GGAEIRDLICV,938,208.0
339,HLA-B07:02,14169.04,ANZ78847,LPNCNIEAWLN,339,209.0
357,HLA-B07:02,14183.2,ANZ78847,LNWERKTFSNC,357,210.0
842,HLA-B07:02,14265.26,ANZ78847,YGSFCDNINAI,842,211.0
417,HLA-B07:02,14283.62,ANZ78847,QLGNLGYLQSF,417,212.0
140,HLA-B07:02,14468.65,ANZ78847,SVVVQPRTINS,140,213.0
678,HLA-B07:02,14473.95,ANZ78847,MIRSCYSGRVS,678,214.0
42,HLA-B07:02,14521.91,ANZ78847,ATVDVTNGLGT,42,215.0
308,HLA-B07:02,14621.89,ANZ78847,KTQSIAPPTGV,308,216.0
1219,HLA-B07:02,14701.15,ANZ78847,CAVNYTKAPYV,1219,217.0
1085,HLA-B07:02,14743.74,ANZ78847,IDRLINGRLTA,1085,218.0
518,HLA-B07:02,14807.49,ANZ78847,IGTCPAGTNYL,518,219.0
720,HLA-B07:02,14809.64,ANZ78847,QPINYFDSYLG,720,220.0
1326,HLA-B07:02,14854.7,ANZ78847,ICCCTGCGTSC,1326,221.0
1058,HLA-B07:02,14862.51,ANZ78847,LSNRFGAISSS,1058,222.0
1068,HLA-B07:02,14864.66,ANZ78847,SLQEILSRLDA,1068,223.0
1315,HLA-B07:02,14886.29,ANZ78847,AGVAMLVLLFF,1315,224.0
1040,HLA-B07:02,14915.93,ANZ78847,IQAVVNANAEA,1040,225.0
1037,HLA-B07:02,15284.12,ANZ78847,LVKIQAVVNAN,1037,226.0
1057,HLA-B07:02,15413.64,ANZ78847,QLSNRFGAISS,1057,227.0
1211,HLA-B07:02,15518.33,ANZ78847,NNVVVMSTCAV,1211,228.0
1092,HLA-B07:02,15562.06,ANZ78847,RLTALNAYVSQ,1092,229.0
950,HLA-B07:02,15673.66,ANZ78847,SYKGIKVLPPL,950,230.0
428,HLA-B07:02,15750.02,ANZ78847,NYRIDTTATSC,428,231.0
782,HLA-B07:02,15761.79,ANZ78847,VNSVNDSLEPV,782,232.0
1042,HLA-B07:02,15915.23,ANZ78847,AVVNANAEALN,1042,233.0
332,HLA-B07:02,15917.03,ANZ78847,VYRRKPDLPNC,332,234.0
921,HLA-B07:02,15958.21,ANZ78847,KVKLSDVGFVA,921,235.0
1175,HLA-B07:02,15976.76,ANZ78847,IAGDRGIAPKS,1175,236.0
1045,HLA-B07:02,16035.48,ANZ78847,NANAEALNNLL,1045,237.0
143,HLA-B07:02,16100.12,ANZ78847,VQPRTINSTQD,143,238.0
520,HLA-B07:02,16431.69,ANZ78847,TCPAGTNYLTC,520,239.0
13,HLA-B07:02,16457.56,ANZ78847,AVIGDLKCPLD,13,240.0
51,HLA-B07:02,16579.01,ANZ78847,GTYYVLDRVYL,51,241.0
514,HLA-B07:02,16624.37,ANZ78847,KNNGIGTCPAG,514,242.0
190,HLA-B07:02,16643.03,ANZ78847,LWHMDTGVVSC,190,243.0
119,HLA-B07:02,16653.83,ANZ78847,GVMYSEFPAIT,119,244.0
72,HLA-B07:02,16734.14,ANZ78847,PTSGSTYRNMA,72,245.0
536,HLA-B07:02,16841.67,ANZ78847,PDPITFTGPYK,536,246.0
957,HLA-B07:02,16861.35,ANZ78847,LPPLLSENQIS,957,247.0
74,HLA-B07:02,16915.6,ANZ78847,SGSTYRNMALK,74,248.0
22,HLA-B07:02,17064.1,ANZ78847,LDSRTGSLNNI,22,249.0
450,HLA-B07:02,17090.42,ANZ78847,SVSRFNPSTWN,450,250.0
257,HLA-B07:02,17114.2,ANZ78847,LTCISRRNIGF,257,251.0
684,HLA-B07:02,17151.27,ANZ78847,SGRVSAAFHAN,684,252.0
524,HLA-B07:02,17173.6,ANZ78847,GTNYLTCHNLC,524,253.0
197,HLA-B07:02,17196.15,ANZ78847,VVSCLYKRNFT,197,254.0
359,HLA-B07:02,17548.64,ANZ78847,WERKTFSNCNF,359,255.0
629,HLA-B07:02,17625.07,ANZ78847,CVNYDLYGISG,629,256.0
1061,HLA-B07:02,17661.98,ANZ78847,RFGAISSSLQE,1061,257.0
829,HLA-B07:02,17667.48,ANZ78847,CGDYAACKSQL,829,258.0
961,HLA-B07:02,17695.21,ANZ78847,LSENQISGYTL,961,259.0
537,HLA-B07:02,17795.16,ANZ78847,DPITFTGPYKC,537,260.0
67,HLA-B07:02,17910.01,ANZ78847,LNGYYPTSGST,67,261.0
1007,HLA-B07:02,17955.68,ANZ78847,VLSQNQKLIAN,1007,262.0
1188,HLA-B07:02,17964.6,ANZ78847,FVNVNNTWMYT,1188,263.0
373,HLA-B07:02,17984.08,ANZ78847,SLMSFIQADSF,373,264.0
1044,HLA-B07:02,18005.09,ANZ78847,VNANAEALNNL,1044,265.0
766,HLA-B07:02,18078.84,ANZ78847,RAITTGYRFTN,766,266.0
1075,HLA-B07:02,18223.39,ANZ78847,RLDALEAEAQI,1075,267.0
84,HLA-B07:02,18225.27,ANZ78847,KGTDKLSTLWF,84,268.0
970,HLA-B07:02,18226.1,ANZ78847,TLAATSASLFP,970,269.0
887,HLA-B07:02,18240.61,ANZ78847,FNVDDINFSSV,887,270.0
812,HLA-B07:02,18418.61,ANZ78847,FIQTSSPKVTI,812,271.0
1313,HLA-B07:02,18461.73,ANZ78847,CLAGVAMLVLL,1313,272.0
705,HLA-B07:02,18673.38,ANZ78847,IKCNYVFNNSL,705,273.0
57,HLA-B07:02,18858.17,ANZ78847,DRVYLNTTLFL,57,274.0
1325,HLA-B07:02,18864.99,ANZ78847,FICCCTGCGTS,1325,275.0
855,HLA-B07:02,18869.96,ANZ78847,EVNELLDTTQL,855,276.0
1227,HLA-B07:02,18883.02,ANZ78847,PYVMLNTSIPN,1227,277.0
1168,HLA-B07:02,18953.51,ANZ78847,KVSPGLCIAGD,1168,278.0
1009,HLA-B07:02,19101.77,ANZ78847,SQNQKLIANAF,1009,279.0
1310,HLA-B07:02,19109.78,ANZ78847,LLICLAGVAML,1310,280.0
790,HLA-B07:02,19149.56,ANZ78847,EPVGGLYEIQI,790,281.0
1152,HLA-B07:02,19217.76,ANZ78847,LYFIHFSYVPT,1152,282.0
1254,HLA-B07:02,19253.51,ANZ78847,SVAPDLALDYI,1254,283.0
111,HLA-B07:02,19297.92,ANZ78847,KNTKVFKDGVM,111,284.0
1223,HLA-B07:02,19331.92,ANZ78847,YTKAPYVMLNT,1223,285.0
334,HLA-B07:02,19347.58,ANZ78847,RRKPDLPNCNI,334,286.0
486,HLA-B07:02,19410.82,ANZ78847,YAQHCFKAPKN,486,287.0
738,HLA-B07:02,19453.08,ANZ78847,STAISVQTCDL,738,288.0
865,HLA-B07:02,19546.2,ANZ78847,LQVANSLMNGV,865,289.0
490,HLA-B07:02,19603.5,ANZ78847,CFKAPKNFCPC,490,290.0
607,HLA-B07:02,19715.07,ANZ78847,VNSGLTCSTDL,607,291.0
1078,HLA-B07:02,19758.08,ANZ78847,ALEAEAQIDRL,1078,292.0
668,HLA-B07:02,19839.8,ANZ78847,FRDYLTNRTFM,668,293.0
1134,HLA-B07:02,19853.69,ANZ78847,FCGNGNHIISL,1134,294.0
434,HLA-B07:02,19888.4,ANZ78847,TATSCQLYYNL,434,295.0
1268,HLA-B07:02,19907.2,ANZ78847,FLDLQVEMNRL,1268,296.0
1072,HLA-B07:02,19963.46,ANZ78847,ILSRLDALEAE,1072,297.0
317,HLA-B07:02,19995.32,ANZ78847,GVYELNGYTVQ,317,298.0
1039,HLA-B07:02,20010.11,ANZ78847,KIQAVVNANAE,1039,299.0
58,HLA-B07:02,20010.37,ANZ78847,RVYLNTTLFLN,58,300.0
1212,HLA-B07:02,20065.2,ANZ78847,NVVVMSTCAVN,1212,301.0
762,HLA-B07:02,20149.08,ANZ78847,RRSRRAITTGY,762,302.0
475,HLA-B07:02,20208.09,ANZ78847,PAGVLTNHDVV,475,303.0
1316,HLA-B07:02,20274.43,ANZ78847,GVAMLVLLFFI,1316,304.0
1107,HLA-B07:02,20319.11,ANZ78847,STLVKFSAAQA,1107,305.0
992,HLA-B07:02,20323.92,ANZ78847,LNVQYRINGLG,992,306.0
1251,HLA-B07:02,20328.68,ANZ78847,NQTSVAPDLAL,1251,307.0
1083,HLA-B07:02,20390.64,ANZ78847,AQIDRLINGRL,1083,308.0
183,HLA-B07:02,20484.36,ANZ78847,LGNHFKELWHM,183,309.0
933,HLA-B07:02,20487.41,ANZ78847,YNNCTGGAEIR,933,310.0
1320,HLA-B07:02,20548.57,ANZ78847,LVLLFFICCCT,1320,311.0
1054,HLA-B07:02,20590.3,ANZ78847,LLQQLSNRFGA,1054,312.0
258,HLA-B07:02,20603.02,ANZ78847,TCISRRNIGFT,258,313.0
266,HLA-B07:02,20648.88,ANZ78847,GFTLEYWVTPL,266,314.0
1284,HLA-B07:02,20653.23,ANZ78847,VLNQSYINLKD,1284,315.0
161,HLA-B07:02,20743.84,ANZ78847,LLEVSVCQYNM,161,316.0
367,HLA-B07:02,20825.22,ANZ78847,CNFNMSSLMSF,367,317.0
439,HLA-B07:02,20919.82,ANZ78847,QLYYNLPAANV,439,318.0
1073,HLA-B07:02,20937.92,ANZ78847,LSRLDALEAEA,1073,319.0
794,HLA-B07:02,20979.46,ANZ78847,GLYEIQIPSDF,794,320.0
839,HLA-B07:02,20993.58,ANZ78847,LVEYGSFCDNI,839,321.0
196,HLA-B07:02,21026.77,ANZ78847,GVVSCLYKRNF,196,322.0
909,HLA-B07:02,21114.83,ANZ78847,SSRSAIEDLLF,909,323.0
765,HLA-B07:02,21134.29,ANZ78847,RRAITTGYRFT,765,324.0
40,HLA-B07:02,21140.1,ANZ78847,STATVDVTNGL,40,325.0
46,HLA-B07:02,21161.95,ANZ78847,VTNGLGTYYVL,46,326.0
292,HLA-B07:02,21178.47,ANZ78847,FNAVDCMSDFM,292,327.0
677,HLA-B07:02,21205.36,ANZ78847,FMIRSCYSGRV,677,328.0
1174,HLA-B07:02,21219.76,ANZ78847,CIAGDRGIAPK,1174,329.0
281,HLA-B07:02,21263.1,ANZ78847,YLLAFNQDGII,281,330.0
1096,HLA-B07:02,21315.76,ANZ78847,LNAYVSQQLSD,1096,331.0
556,HLA-B07:02,21438.19,ANZ78847,IGEHCSGLAVK,556,332.0
302,HLA-B07:02,21444.4,ANZ78847,MSEIKCKTQSI,302,333.0
687,HLA-B07:02,21548.25,ANZ78847,VSAAFHANSSE,687,334.0
1043,HLA-B07:02,21561.43,ANZ78847,VVNANAEALNN,1043,335.0
1214,HLA-B07:02,21599.08,ANZ78847,VVMSTCAVNYT,1214,336.0
1265,HLA-B07:02,21613.54,ANZ78847,NVTFLDLQVEM,1265,337.0
127,HLA-B07:02,21614.13,ANZ78847,AITIGSTFVNT,127,338.0
1048,HLA-B07:02,21634.77,ANZ78847,AEALNNLLQQL,1048,339.0
391,HLA-B07:02,21658.65,ANZ78847,AKIYGMCFSSI,391,340.0
544,HLA-B07:02,21673.25,ANZ78847,PYKCPQSKSLV,544,341.0
891,HLA-B07:02,21842.6,ANZ78847,DINFSSVLGCL,891,342.0
1141,HLA-B07:02,21896.8,ANZ78847,IISLVQNAPYG,1141,343.0
565,HLA-B07:02,21941.53,ANZ78847,VKSDYCGGNPC,565,344.0
1035,HLA-B07:02,21999.65,ANZ78847,SALVKIQAVVN,1035,345.0
592,HLA-B07:02,22166.44,ANZ78847,QGDKCNIFANL,592,346.0
226,HLA-B07:02,22200.94,ANZ78847,FYAYFTDTGVV,226,347.0
819,HLA-B07:02,22255.09,ANZ78847,KVTIDCAAFVC,819,348.0
1027,HLA-B07:02,22267.01,ANZ78847,QEGFDATNSAL,1027,349.0
929,HLA-B07:02,22311.14,ANZ78847,FVAAYNNCTGG,929,350.0
998,HLA-B07:02,22390.88,ANZ78847,INGLGVTMDVL,998,351.0
1046,HLA-B07:02,22396.93,ANZ78847,ANAEALNNLLQ,1046,352.0
388,HLA-B07:02,22492.69,ANZ78847,IDAAKIYGMCF,388,353.0
1249,HLA-B07:02,22536.97,ANZ78847,FKNQTSVAPDL,1249,354.0
1172,HLA-B07:02,22538.12,ANZ78847,GLCIAGDRGIA,1172,355.0
545,HLA-B07:02,22605.52,ANZ78847,YKCPQSKSLVG,545,356.0
424,HLA-B07:02,22710.77,ANZ78847,LQSFNYRIDTT,424,357.0
4,HLA-B07:02,22717.78,ANZ78847,LLISLPTAFAV,4,358.0
427,HLA-B07:02,22731.89,ANZ78847,FNYRIDTTATS,427,359.0
675,HLA-B07:02,22754.38,ANZ78847,RTFMIRSCYSG,675,360.0
398,HLA-B07:02,22781.04,ANZ78847,FSSITIDKFAI,398,361.0
620,HLA-B07:02,22836.89,ANZ78847,ANTDIKLGVCV,620,362.0
581,HLA-B07:02,22841.11,ANZ78847,AFLGWSADSCL,581,363.0
1311,HLA-B07:02,22858.65,ANZ78847,LICLAGVAMLV,1311,364.0
1302,HLA-B07:02,22875.35,ANZ78847,VKWPWYVWLLI,1302,365.0
956,HLA-B07:02,22891.66,ANZ78847,VLPPLLSENQI,956,366.0
146,HLA-B07:02,22935.23,ANZ78847,RTINSTQDGVN,146,367.0
97,HLA-B07:02,22982.58,ANZ78847,PFLSDFINGIF,97,368.0
390,HLA-B07:02,23019.96,ANZ78847,AAKIYGMCFSS,390,369.0
527,HLA-B07:02,23032.59,ANZ78847,YLTCHNLCNPD,527,370.0
1263,HLA-B07:02,23060.43,ANZ78847,YINVTFLDLQV,1263,371.0
95,HLA-B07:02,23065.92,ANZ78847,KPPFLSDFING,95,372.0
946,HLA-B07:02,23071.22,ANZ78847,ICVQSYKGIKV,946,373.0
89,HLA-B07:02,23078.62,ANZ78847,LSTLWFKPPFL,89,374.0
510,HLA-B07:02,23084.91,ANZ78847,SGPGKNNGIGT,510,375.0
763,HLA-B07:02,23121.0,ANZ78847,RSRRAITTGYR,763,376.0
671,HLA-B07:02,23156.08,ANZ78847,YLTNRTFMIRS,671,377.0
1113,HLA-B07:02,23173.6,ANZ78847,SAAQAMEKVNE,1113,378.0
435,HLA-B07:02,23231.24,ANZ78847,ATSCQLYYNLP,435,379.0
262,HLA-B07:02,23262.2,ANZ78847,RRNIGFTLEYW,262,380.0
1135,HLA-B07:02,23288.24,ANZ78847,CGNGNHIISLV,1135,381.0
1282,HLA-B07:02,23294.08,ANZ78847,IKVLNQSYINL,1282,382.0
523,HLA-B07:02,23297.92,ANZ78847,AGTNYLTCHNL,523,383.0
237,HLA-B07:02,23343.16,ANZ78847,TKFLFNVYLGM,237,384.0
1066,HLA-B07:02,23350.73,ANZ78847,SSSLQEILSRL,1066,385.0
711,HLA-B07:02,23474.11,ANZ78847,FNNSLTRQLQP,711,386.0
136,HLA-B07:02,23491.75,ANZ78847,NTSYSVVVQPR,136,387.0
28,HLA-B07:02,23624.23,ANZ78847,SLNNIDTGPPS,28,388.0
1163,HLA-B07:02,23629.61,ANZ78847,KYVTAKVSPGL,1163,389.0
824,HLA-B07:02,23646.9,ANZ78847,CAAFVCGDYAA,824,390.0
446,HLA-B07:02,23722.36,ANZ78847,AANVSVSRFNP,446,391.0
869,HLA-B07:02,23744.01,ANZ78847,NSLMNGVTLST,869,392.0
905,HLA-B07:02,23748.96,ANZ78847,CSKASSRSAIE,905,393.0
1093,HLA-B07:02,23750.49,ANZ78847,LTALNAYVSQQ,1093,394.0
922,HLA-B07:02,23775.02,ANZ78847,VKLSDVGFVAA,922,395.0
519,HLA-B07:02,23781.31,ANZ78847,GTCPAGTNYLT,519,396.0
849,HLA-B07:02,23902.86,ANZ78847,INAILTEVNEL,849,397.0
126,HLA-B07:02,23908.07,ANZ78847,PAITIGSTFVN,126,398.0
1285,HLA-B07:02,23935.12,ANZ78847,LNQSYINLKDI,1285,399.0
407,HLA-B07:02,23941.4,ANZ78847,AIPNGRKVDLQ,407,400.0
1203,HLA-B07:02,23973.3,ANZ78847,YYPEPITENNV,1203,401.0
1071,HLA-B07:02,24005.03,ANZ78847,EILSRLDALEA,1071,402.0
683,HLA-B07:02,24016.44,ANZ78847,YSGRVSAAFHA,683,403.0
150,HLA-B07:02,24031.74,ANZ78847,STQDGVNKLQG,150,404.0
937,HLA-B07:02,24108.83,ANZ78847,TGGAEIRDLIC,937,405.0
400,HLA-B07:02,24122.44,ANZ78847,SITIDKFAIPN,400,406.0
682,HLA-B07:02,24153.65,ANZ78847,CYSGRVSAAFH,682,407.0
764,HLA-B07:02,24196.05,ANZ78847,SRRAITTGYRF,764,408.0
669,HLA-B07:02,24254.54,ANZ78847,RDYLTNRTFMI,669,409.0
1322,HLA-B07:02,24258.57,ANZ78847,LLFFICCCTGC,1322,410.0
706,HLA-B07:02,24341.12,ANZ78847,KCNYVFNNSLT,706,411.0
825,HLA-B07:02,24352.05,ANZ78847,AAFVCGDYAAC,825,412.0
21,HLA-B07:02,24416.36,ANZ78847,PLDSRTGSLNN,21,413.0
589,HLA-B07:02,24417.28,ANZ78847,SCLQGDKCNIF,589,414.0
985,HLA-B07:02,24445.29,ANZ78847,AAGVPFYLNVQ,985,415.0
960,HLA-B07:02,24493.91,ANZ78847,LLSENQISGYT,960,416.0
335,HLA-B07:02,24543.84,ANZ78847,RKPDLPNCNIE,335,417.0
832,HLA-B07:02,24582.92,ANZ78847,YAACKSQLVEY,832,418.0
976,HLA-B07:02,24613.36,ANZ78847,ASLFPPWTAAA,976,419.0
1327,HLA-B07:02,24639.57,ANZ78847,CCCTGCGTSCF,1327,420.0
319,HLA-B07:02,24649.81,ANZ78847,YELNGYTVQPI,319,421.0
1317,HLA-B07:02,24737.1,ANZ78847,VAMLVLLFFIC,1317,422.0
859,HLA-B07:02,24743.53,ANZ78847,LLDTTQLQVAN,859,423.0
1231,HLA-B07:02,24750.69,ANZ78847,LNTSIPNLPDF,1231,424.0
441,HLA-B07:02,24754.69,ANZ78847,YYNLPAANVSV,441,425.0
106,HLA-B07:02,24769.42,ANZ78847,IFAKVKNTKVF,106,426.0
256,HLA-B07:02,24789.6,ANZ78847,PLTCISRRNIG,256,427.0
953,HLA-B07:02,24834.38,ANZ78847,GIKVLPPLLSE,953,428.0
1277,HLA-B07:02,24866.7,ANZ78847,RLQEAIKVLNQ,1277,429.0
1245,HLA-B07:02,24888.92,ANZ78847,LDQWFKNQTSV,1245,430.0
691,HLA-B07:02,24913.01,ANZ78847,FHANSSEPALL,691,431.0
249,HLA-B07:02,24931.61,ANZ78847,LSHYYVMPLTC,249,432.0
901,HLA-B07:02,25036.55,ANZ78847,LGSECSKASSR,901,433.0
371,HLA-B07:02,25041.27,ANZ78847,MSSLMSFIQAD,371,434.0
387,HLA-B07:02,25096.36,ANZ78847,NIDAAKIYGMC,387,435.0
157,HLA-B07:02,25190.56,ANZ78847,KLQGLLEVSVC,157,436.0
1171,HLA-B07:02,25213.37,ANZ78847,PGLCIAGDRGI,1171,437.0
779,HLA-B07:02,25241.98,ANZ78847,PFTVNSVNDSL,779,438.0
260,HLA-B07:02,25253.65,ANZ78847,ISRRNIGFTLE,260,439.0
240,HLA-B07:02,25266.77,ANZ78847,LFNVYLGMALS,240,440.0
345,HLA-B07:02,25356.82,ANZ78847,EAWLNDKSVPS,345,441.0
1150,HLA-B07:02,25390.62,ANZ78847,YGLYFIHFSYV,1150,442.0
1306,HLA-B07:02,25436.49,ANZ78847,WYVWLLICLAG,1306,443.0
700,HLA-B07:02,25451.51,ANZ78847,LLFRNIKCNYV,700,444.0
456,HLA-B07:02,25460.57,ANZ78847,PSTWNKRFGFI,456,445.0
492,HLA-B07:02,25467.77,ANZ78847,KAPKNFCPCKS,492,446.0
880,HLA-B07:02,25540.54,ANZ78847,KLKDGVNFNVD,880,447.0
1319,HLA-B07:02,25547.69,ANZ78847,MLVLLFFICCC,1319,448.0
383,HLA-B07:02,25552.74,ANZ78847,FTCNNIDAAKI,383,449.0
761,HLA-B07:02,25594.75,ANZ78847,NRRSRRAITTG,761,450.0
963,HLA-B07:02,25605.47,ANZ78847,ENQISGYTLAA,963,451.0
1333,HLA-B07:02,25613.93,ANZ78847,GTSCFKKCGGC,1333,452.0
1095,HLA-B07:02,25720.5,ANZ78847,ALNAYVSQQLS,1095,453.0
31,HLA-B07:02,25725.47,ANZ78847,NIDTGPPSIST,31,454.0
900,HLA-B07:02,25769.23,ANZ78847,CLGSECSKASS,900,455.0
1052,HLA-B07:02,25999.96,ANZ78847,NNLLQQLSNRF,1052,456.0
378,HLA-B07:02,26080.11,ANZ78847,IQADSFTCNNI,378,457.0
809,HLA-B07:02,26167.55,ANZ78847,MEEFIQTSSPK,809,458.0
513,HLA-B07:02,26201.33,ANZ78847,GKNNGIGTCPA,513,459.0
967,HLA-B07:02,26225.18,ANZ78847,SGYTLAATSAS,967,460.0
37,HLA-B07:02,26225.38,ANZ78847,PSISTATVDVT,37,461.0
784,HLA-B07:02,26250.21,ANZ78847,SVNDSLEPVGG,784,462.0
203,HLA-B07:02,26300.28,ANZ78847,KRNFTYDVNAT,203,463.0
939,HLA-B07:02,26331.99,ANZ78847,GAEIRDLICVQ,939,464.0
423,HLA-B07:02,26377.88,ANZ78847,YLQSFNYRIDT,423,465.0
1084,HLA-B07:02,26389.99,ANZ78847,QIDRLINGRLT,1084,466.0
1036,HLA-B07:02,26421.58,ANZ78847,ALVKIQAVVNA,1036,467.0
1056,HLA-B07:02,26473.33,ANZ78847,QQLSNRFGAIS,1056,468.0
1050,HLA-B07:02,26519.59,ANZ78847,ALNNLLQQLSN,1050,469.0
729,HLA-B07:02,26551.63,ANZ78847,LGCVVNAYNST,729,470.0
1047,HLA-B07:02,26561.27,ANZ78847,NAEALNNLLQQ,1047,471.0
1289,HLA-B07:02,26563.24,ANZ78847,YINLKDIGTYE,1289,472.0
818,HLA-B07:02,26586.59,ANZ78847,PKVTIDCAAFV,818,473.0
1032,HLA-B07:02,26602.6,ANZ78847,ATNSALVKIQA,1032,474.0
1248,HLA-B07:02,26612.8,ANZ78847,WFKNQTSVAPD,1248,475.0
412,HLA-B07:02,26628.37,ANZ78847,RKVDLQLGNLG,412,476.0
96,HLA-B07:02,26661.48,ANZ78847,PPFLSDFINGI,96,477.0
114,HLA-B07:02,26679.99,ANZ78847,KVFKDGVMYSE,114,478.0
200,HLA-B07:02,26702.24,ANZ78847,CLYKRNFTYDV,200,479.0
906,HLA-B07:02,26723.01,ANZ78847,SKASSRSAIED,906,480.0
1023,HLA-B07:02,26727.65,ANZ78847,LDAIQEGFDAT,1023,481.0
755,HLA-B07:02,26792.92,ANZ78847,CVDYSKNRRSR,755,482.0
98,HLA-B07:02,26800.06,ANZ78847,FLSDFINGIFA,98,483.0
908,HLA-B07:02,26806.01,ANZ78847,ASSRSAIEDLL,908,484.0
394,HLA-B07:02,26860.37,ANZ78847,YGMCFSSITID,394,485.0
1221,HLA-B07:02,26868.6,ANZ78847,VNYTKAPYVML,1221,486.0
966,HLA-B07:02,26913.47,ANZ78847,ISGYTLAATSA,966,487.0
877,HLA-B07:02,26918.99,ANZ78847,LSTKLKDGVNF,877,488.0
443,HLA-B07:02,26948.78,ANZ78847,NLPAANVSVSR,443,489.0
276,HLA-B07:02,26954.96,ANZ78847,LTSRQYLLAFN,276,490.0
328,HLA-B07:02,26975.38,ANZ78847,PIADVYRRKPD,328,491.0
165,HLA-B07:02,26994.56,ANZ78847,SVCQYNMCEYP,165,492.0
721,HLA-B07:02,27023.26,ANZ78847,PINYFDSYLGC,721,493.0
580,HLA-B07:02,27055.71,ANZ78847,QAFLGWSADSC,580,494.0
148,HLA-B07:02,27057.91,ANZ78847,INSTQDGVNKL,148,495.0
932,HLA-B07:02,27113.65,ANZ78847,AYNNCTGGAEI,932,496.0
618,HLA-B07:02,27142.37,ANZ78847,QKANTDIKLGV,618,497.0
123,HLA-B07:02,27143.3,ANZ78847,SEFPAITIGST,123,498.0
508,HLA-B07:02,27186.65,ANZ78847,VGSGPGKNNGI,508,499.0
169,HLA-B07:02,27210.72,ANZ78847,YNMCEYPHTIC,169,500.0
734,HLA-B07:02,27233.61,ANZ78847,NAYNSTAISVQ,734,501.0
870,HLA-B07:02,27248.6,ANZ78847,SLMNGVTLSTK,870,502.0
894,HLA-B07:02,27253.07,ANZ78847,FSSVLGCLGSE,894,503.0
327,HLA-B07:02,27285.38,ANZ78847,QPIADVYRRKP,327,504.0
552,HLA-B07:02,27330.32,ANZ78847,SLVGIGEHCSG,552,505.0
602,HLA-B07:02,27430.52,ANZ78847,LILHDVNSGLT,602,506.0
605,HLA-B07:02,27436.87,ANZ78847,HDVNSGLTCST,605,507.0
529,HLA-B07:02,27437.08,ANZ78847,TCHNLCNPDPI,529,508.0
868,HLA-B07:02,27453.36,ANZ78847,ANSLMNGVTLS,868,509.0
188,HLA-B07:02,27455.15,ANZ78847,KELWHMDTGVV,188,510.0
852,HLA-B07:02,27457.86,ANZ78847,ILTEVNELLDT,852,511.0
735,HLA-B07:02,27478.97,ANZ78847,AYNSTAISVQT,735,512.0
827,HLA-B07:02,27502.55,ANZ78847,FVCGDYAACKS,827,513.0
1080,HLA-B07:02,27597.15,ANZ78847,EAEAQIDRLIN,1080,514.0
145,HLA-B07:02,27624.53,ANZ78847,PRTINSTQDGV,145,515.0
33,HLA-B07:02,27668.89,ANZ78847,DTGPPSISTAT,33,516.0
1122,HLA-B07:02,27723.86,ANZ78847,NECVKSQSSRI,1122,517.0
655,HLA-B07:02,27729.63,ANZ78847,QNLLYDSNGNL,655,518.0
1186,HLA-B07:02,27753.85,ANZ78847,GYFVNVNNTWM,1186,519.0
781,HLA-B07:02,27761.23,ANZ78847,TVNSVNDSLEP,781,520.0
411,HLA-B07:02,27829.24,ANZ78847,GRKVDLQLGNL,411,521.0
1137,HLA-B07:02,27831.63,ANZ78847,NGNHIISLVQN,1137,522.0
233,HLA-B07:02,27853.38,ANZ78847,TGVVTKFLFNV,233,523.0
1116,HLA-B07:02,27862.01,ANZ78847,QAMEKVNECVK,1116,524.0
861,HLA-B07:02,27868.98,ANZ78847,DTTQLQVANSL,861,525.0
1343,HLA-B07:02,27914.59,ANZ78847,CCDDYTGYQEL,1343,526.0
1210,HLA-B07:02,27917.37,ANZ78847,ENNVVVMSTCA,1210,527.0
304,HLA-B07:02,27921.98,ANZ78847,EIKCKTQSIAP,304,528.0
917,HLA-B07:02,27933.19,ANZ78847,LLFDKVKLSDV,917,529.0
230,HLA-B07:02,27955.77,ANZ78847,FTDTGVVTKFL,230,530.0
449,HLA-B07:02,27965.26,ANZ78847,VSVSRFNPSTW,449,531.0
105,HLA-B07:02,28000.47,ANZ78847,GIFAKVKNTKV,105,532.0
816,HLA-B07:02,28016.09,ANZ78847,SSPKVTIDCAA,816,533.0
583,HLA-B07:02,28031.46,ANZ78847,LGWSADSCLQG,583,534.0
1001,HLA-B07:02,28094.65,ANZ78847,LGVTMDVLSQN,1001,535.0
564,HLA-B07:02,28103.5,ANZ78847,AVKSDYCGGNP,564,536.0
666,HLA-B07:02,28145.02,ANZ78847,YGFRDYLTNRT,666,537.0
987,HLA-B07:02,28156.06,ANZ78847,GVPFYLNVQYR,987,538.0
92,HLA-B07:02,28163.01,ANZ78847,LWFKPPFLSDF,92,539.0
1213,HLA-B07:02,28170.55,ANZ78847,VVVMSTCAVNY,1213,540.0
3,HLA-B07:02,28193.13,ANZ78847,ILLISLPTAFA,3,541.0
542,HLA-B07:02,28203.53,ANZ78847,TGPYKCPQSKS,542,542.0
1064,HLA-B07:02,28210.19,ANZ78847,AISSSLQEILS,1064,543.0
548,HLA-B07:02,28211.32,ANZ78847,PQSKSLVGIGE,548,544.0
253,HLA-B07:02,28270.77,ANZ78847,YVMPLTCISRR,253,545.0
312,HLA-B07:02,28273.7,ANZ78847,IAPPTGVYELN,312,546.0
172,HLA-B07:02,28276.35,ANZ78847,CEYPHTICHPN,172,547.0
244,HLA-B07:02,28276.42,ANZ78847,YLGMALSHYYV,244,548.0
1305,HLA-B07:02,28301.48,ANZ78847,PWYVWLLICLA,1305,549.0
1180,HLA-B07:02,28303.56,ANZ78847,GIAPKSGYFVN,1180,550.0
1111,HLA-B07:02,28310.73,ANZ78847,KFSAAQAMEKV,1111,551.0
1236,HLA-B07:02,28313.76,ANZ78847,PNLPDFREELD,1236,552.0
499,HLA-B07:02,28340.05,ANZ78847,PCKSNSSLCVG,499,553.0
139,HLA-B07:02,28350.17,ANZ78847,YSVVVQPRTIN,139,554.0
912,HLA-B07:02,28359.72,ANZ78847,SAIEDLLFDKV,912,555.0
657,HLA-B07:02,28360.06,ANZ78847,LLYDSNGNLYG,657,556.0
134,HLA-B07:02,28412.76,ANZ78847,FVNTSYSVVVQ,134,557.0
1125,HLA-B07:02,28427.03,ANZ78847,VKSQSSRINFC,1125,558.0
1008,HLA-B07:02,28441.33,ANZ78847,LSQNQKLIANA,1008,559.0
331,HLA-B07:02,28471.67,ANZ78847,DVYRRKPDLPN,331,560.0
1280,HLA-B07:02,28481.43,ANZ78847,EAIKVLNQSYI,1280,561.0
586,HLA-B07:02,28486.82,ANZ78847,SADSCLQGDKC,586,562.0
534,HLA-B07:02,28501.27,ANZ78847,CNPDPITFTGP,534,563.0
53,HLA-B07:02,28528.93,ANZ78847,YYVLDRVYLNT,53,564.0
473,HLA-B07:02,28547.59,ANZ78847,PQPAGVLTNHD,473,565.0
393,HLA-B07:02,28578.09,ANZ78847,IYGMCFSSITI,393,566.0
205,HLA-B07:02,28583.26,ANZ78847,NFTYDVNATYL,205,567.0
386,HLA-B07:02,28599.8,ANZ78847,NNIDAAKIYGM,386,568.0
788,HLA-B07:02,28631.28,ANZ78847,SLEPVGGLYEI,788,569.0
833,HLA-B07:02,28650.0,ANZ78847,AACKSQLVEYG,833,570.0
216,HLA-B07:02,28653.4,ANZ78847,YFHFYQEGGTF,216,571.0
1167,HLA-B07:02,28708.92,ANZ78847,AKVSPGLCIAG,1167,572.0
1334,HLA-B07:02,28738.01,ANZ78847,TSCFKKCGGCC,1334,573.0
895,HLA-B07:02,28753.84,ANZ78847,SSVLGCLGSEC,895,574.0
1281,HLA-B07:02,28816.83,ANZ78847,AIKVLNQSYIN,1281,575.0
1324,HLA-B07:02,28836.15,ANZ78847,FFICCCTGCGT,1324,576.0
1347,HLA-B07:02,28877.6,ANZ78847,YTGYQELVIKT,1347,577.0
858,HLA-B07:02,28878.75,ANZ78847,ELLDTTQLQVA,858,578.0
102,HLA-B07:02,28906.08,ANZ78847,FINGIFAKVKN,102,579.0
1115,HLA-B07:02,28909.57,ANZ78847,AQAMEKVNECV,1115,580.0
70,HLA-B07:02,28943.52,ANZ78847,YYPTSGSTYRN,70,581.0
941,HLA-B07:02,28967.06,ANZ78847,EIRDLICVQSY,941,582.0
250,HLA-B07:02,28975.51,ANZ78847,SHYYVMPLTCI,250,583.0
191,HLA-B07:02,28995.24,ANZ78847,WHMDTGVVSCL,191,584.0
884,HLA-B07:02,29005.03,ANZ78847,GVNFNVDDINF,884,585.0
294,HLA-B07:02,29034.89,ANZ78847,AVDCMSDFMSE,294,586.0
965,HLA-B07:02,29039.51,ANZ78847,QISGYTLAATS,965,587.0
896,HLA-B07:02,29050.86,ANZ78847,SVLGCLGSECS,896,588.0
1173,HLA-B07:02,29124.97,ANZ78847,LCIAGDRGIAP,1173,589.0
49,HLA-B07:02,29126.52,ANZ78847,GLGTYYVLDRV,49,590.0
789,HLA-B07:02,29143.4,ANZ78847,LEPVGGLYEIQ,789,591.0
66,HLA-B07:02,29156.63,ANZ78847,FLNGYYPTSGS,66,592.0
722,HLA-B07:02,29224.02,ANZ78847,INYFDSYLGCV,722,593.0
601,HLA-B07:02,29229.08,ANZ78847,NLILHDVNSGL,601,594.0
151,HLA-B07:02,29261.53,ANZ78847,TQDGVNKLQGL,151,595.0
377,HLA-B07:02,29289.71,ANZ78847,FIQADSFTCNN,377,596.0
288,HLA-B07:02,29293.67,ANZ78847,DGIIFNAVDCM,288,597.0
454,HLA-B07:02,29313.23,ANZ78847,FNPSTWNKRFG,454,598.0
1208,HLA-B07:02,29332.44,ANZ78847,ITENNVVVMST,1208,599.0
769,HLA-B07:02,29335.72,ANZ78847,TTGYRFTNFEP,769,600.0
348,HLA-B07:02,29352.43,ANZ78847,LNDKSVPSPLN,348,601.0
337,HLA-B07:02,29366.45,ANZ78847,PDLPNCNIEAW,337,602.0
685,HLA-B07:02,29387.94,ANZ78847,GRVSAAFHANS,685,603.0
502,HLA-B07:02,29403.39,ANZ78847,SNSSLCVGSGP,502,604.0
594,HLA-B07:02,29552.56,ANZ78847,DKCNIFANLIL,594,605.0
1105,HLA-B07:02,29553.38,ANZ78847,SDSTLVKFSAA,1105,606.0
343,HLA-B07:02,29563.54,ANZ78847,NIEAWLNDKSV,343,607.0
864,HLA-B07:02,29607.72,ANZ78847,QLQVANSLMNG,864,608.0
964,HLA-B07:02,29617.2,ANZ78847,NQISGYTLAAT,964,609.0
379,HLA-B07:02,29641.19,ANZ78847,QADSFTCNNID,379,610.0
575,HLA-B07:02,29710.36,ANZ78847,CTCQPQAFLGW,575,611.0
785,HLA-B07:02,29718.79,ANZ78847,VNDSLEPVGGL,785,612.0
890,HLA-B07:02,29747.69,ANZ78847,DDINFSSVLGC,890,613.0
1335,HLA-B07:02,29753.09,ANZ78847,SCFKKCGGCCD,1335,614.0
1209,HLA-B07:02,29759.74,ANZ78847,TENNVVVMSTC,1209,615.0
225,HLA-B07:02,29782.46,ANZ78847,TFYAYFTDTGV,225,616.0
948,HLA-B07:02,29803.31,ANZ78847,VQSYKGIKVLP,948,617.0
229,HLA-B07:02,29824.27,ANZ78847,YFTDTGVVTKF,229,618.0
457,HLA-B07:02,29825.4,ANZ78847,STWNKRFGFIE,457,619.0
1300,HLA-B07:02,29867.19,ANZ78847,YYVKWPWYVWL,1300,620.0
107,HLA-B07:02,29877.94,ANZ78847,FAKVKNTKVFK,107,621.0
321,HLA-B07:02,29904.91,ANZ78847,LNGYTVQPIAD,321,622.0
1098,HLA-B07:02,29911.15,ANZ78847,AYVSQQLSDST,1098,623.0
658,HLA-B07:02,29917.49,ANZ78847,LYDSNGNLYGF,658,624.0
632,HLA-B07:02,29937.11,ANZ78847,YDLYGISGQGI,632,625.0
25,HLA-B07:02,29943.35,ANZ78847,RTGSLNNIDTG,25,626.0
368,HLA-B07:02,29944.99,ANZ78847,NFNMSSLMSFI,368,627.0
1129,HLA-B07:02,29958.79,ANZ78847,SSRINFCGNGN,1129,628.0
242,HLA-B07:02,29994.96,ANZ78847,NVYLGMALSHY,242,629.0
724,HLA-B07:02,30057.55,ANZ78847,YFDSYLGCVVN,724,630.0
1191,HLA-B07:02,30108.71,ANZ78847,VNNTWMYTGSG,1191,631.0
166,HLA-B07:02,30118.3,ANZ78847,VCQYNMCEYPH,166,632.0
918,HLA-B07:02,30123.08,ANZ78847,LFDKVKLSDVG,918,633.0
437,HLA-B07:02,30129.05,ANZ78847,SCQLYYNLPAA,437,634.0
777,HLA-B07:02,30149.63,ANZ78847,FEPFTVNSVND,777,635.0
843,HLA-B07:02,30172.98,ANZ78847,GSFCDNINAIL,843,636.0
570,HLA-B07:02,30207.46,ANZ78847,CGGNPCTCQPQ,570,637.0
814,HLA-B07:02,30222.32,ANZ78847,QTSSPKVTIDC,814,638.0
614,HLA-B07:02,30234.01,ANZ78847,STDLQKANTDI,614,639.0
405,HLA-B07:02,30239.58,ANZ78847,KFAIPNGRKVD,405,640.0
662,HLA-B07:02,30310.78,ANZ78847,NGNLYGFRDYL,662,641.0
1169,HLA-B07:02,30375.42,ANZ78847,VSPGLCIAGDR,1169,642.0
485,HLA-B07:02,30375.59,ANZ78847,VYAQHCFKAPK,485,643.0
951,HLA-B07:02,30380.16,ANZ78847,YKGIKVLPPLL,951,644.0
366,HLA-B07:02,30415.39,ANZ78847,NCNFNMSSLMS,366,645.0
1237,HLA-B07:02,30436.26,ANZ78847,NLPDFREELDQ,1237,646.0
1190,HLA-B07:02,30497.44,ANZ78847,NVNNTWMYTGS,1190,647.0
531,HLA-B07:02,30498.42,ANZ78847,HNLCNPDPITF,531,648.0
813,HLA-B07:02,30535.22,ANZ78847,IQTSSPKVTID,813,649.0
590,HLA-B07:02,30546.48,ANZ78847,CLQGDKCNIFA,590,650.0
1142,HLA-B07:02,30562.13,ANZ78847,ISLVQNAPYGL,1142,651.0
401,HLA-B07:02,30562.56,ANZ78847,ITIDKFAIPNG,401,652.0
522,HLA-B07:02,30582.44,ANZ78847,PAGTNYLTCHN,522,653.0
277,HLA-B07:02,30588.55,ANZ78847,TSRQYLLAFNQ,277,654.0
297,HLA-B07:02,30600.42,ANZ78847,CMSDFMSEIKC,297,655.0
7,HLA-B07:02,30603.79,ANZ78847,SLPTAFAVIGD,7,656.0
512,HLA-B07:02,30634.2,ANZ78847,PGKNNGIGTCP,512,657.0
110,HLA-B07:02,30635.58,ANZ78847,VKNTKVFKDGV,110,658.0
507,HLA-B07:02,30678.28,ANZ78847,CVGSGPGKNNG,507,659.0
757,HLA-B07:02,30711.03,ANZ78847,DYSKNRRSRRA,757,660.0
458,HLA-B07:02,30715.15,ANZ78847,TWNKRFGFIED,458,661.0
596,HLA-B07:02,30725.78,ANZ78847,CNIFANLILHD,596,662.0
316,HLA-B07:02,30756.82,ANZ78847,TGVYELNGYTV,316,663.0
267,HLA-B07:02,30761.92,ANZ78847,FTLEYWVTPLT,267,664.0
1252,HLA-B07:02,30776.72,ANZ78847,QTSVAPDLALD,1252,665.0
340,HLA-B07:02,30784.79,ANZ78847,PNCNIEAWLND,340,666.0
263,HLA-B07:02,30815.87,ANZ78847,RNIGFTLEYWV,263,667.0
291,HLA-B07:02,30838.55,ANZ78847,IFNAVDCMSDF,291,668.0
612,HLA-B07:02,30874.51,ANZ78847,TCSTDLQKANT,612,669.0
1138,HLA-B07:02,30875.11,ANZ78847,GNHIISLVQNA,1138,670.0
778,HLA-B07:02,30881.36,ANZ78847,EPFTVNSVNDS,778,671.0
356,HLA-B07:02,30885.3,ANZ78847,PLNWERKTFSN,356,672.0
563,HLA-B07:02,30887.78,ANZ78847,LAVKSDYCGGN,563,673.0
635,HLA-B07:02,30911.21,ANZ78847,YGISGQGIFVE,635,674.0
333,HLA-B07:02,30921.11,ANZ78847,YRRKPDLPNCN,333,675.0
1140,HLA-B07:02,30932.05,ANZ78847,HIISLVQNAPY,1140,676.0
6,HLA-B07:02,30946.99,ANZ78847,ISLPTAFAVIG,6,677.0
1030,HLA-B07:02,30958.67,ANZ78847,FDATNSALVKI,1030,678.0
322,HLA-B07:02,30969.8,ANZ78847,NGYTVQPIADV,322,679.0
109,HLA-B07:02,30998.09,ANZ78847,KVKNTKVFKDG,109,680.0
780,HLA-B07:02,31009.08,ANZ78847,FTVNSVNDSLE,780,681.0
949,HLA-B07:02,31010.02,ANZ78847,QSYKGIKVLPP,949,682.0
315,HLA-B07:02,31033.76,ANZ78847,PTGVYELNGYT,315,683.0
768,HLA-B07:02,31034.12,ANZ78847,ITTGYRFTNFE,768,684.0
923,HLA-B07:02,31079.84,ANZ78847,KLSDVGFVAAY,923,685.0
445,HLA-B07:02,31116.59,ANZ78847,PAANVSVSRFN,445,686.0
831,HLA-B07:02,31125.19,ANZ78847,DYAACKSQLVE,831,687.0
935,HLA-B07:02,31129.38,ANZ78847,NCTGGAEIRDL,935,688.0
846,HLA-B07:02,31145.25,ANZ78847,CDNINAILTEV,846,689.0
252,HLA-B07:02,31184.19,ANZ78847,YYVMPLTCISR,252,690.0
1089,HLA-B07:02,31192.55,ANZ78847,INGRLTALNAY,1089,691.0
633,HLA-B07:02,31224.38,ANZ78847,DLYGISGQGIF,633,692.0
460,HLA-B07:02,31229.72,ANZ78847,NKRFGFIEDSV,460,693.0
470,HLA-B07:02,31233.11,ANZ78847,VFKPQPAGVLT,470,694.0
848,HLA-B07:02,31235.83,ANZ78847,NINAILTEVNE,848,695.0
810,HLA-B07:02,31236.39,ANZ78847,EEFIQTSSPKV,810,696.0
442,HLA-B07:02,31294.77,ANZ78847,YNLPAANVSVS,442,697.0
1162,HLA-B07:02,31299.68,ANZ78847,TKYVTAKVSPG,1162,698.0
461,HLA-B07:02,31315.62,ANZ78847,KRFGFIEDSVF,461,699.0
501,HLA-B07:02,31323.19,ANZ78847,KSNSSLCVGSG,501,700.0
409,HLA-B07:02,31360.67,ANZ78847,PNGRKVDLQLG,409,701.0
187,HLA-B07:02,31361.3,ANZ78847,FKELWHMDTGV,187,702.0
616,HLA-B07:02,31361.62,ANZ78847,DLQKANTDIKL,616,703.0
845,HLA-B07:02,31362.19,ANZ78847,FCDNINAILTE,845,704.0
958,HLA-B07:02,31392.58,ANZ78847,PPLLSENQISG,958,705.0
202,HLA-B07:02,31417.43,ANZ78847,YKRNFTYDVNA,202,706.0
1123,HLA-B07:02,31431.33,ANZ78847,ECVKSQSSRIN,1123,707.0
1,HLA-B07:02,31444.61,ANZ78847,FLILLISLPTA,1,708.0
528,HLA-B07:02,31453.38,ANZ78847,LTCHNLCNPDP,528,709.0
541,HLA-B07:02,31468.9,ANZ78847,FTGPYKCPQSK,541,710.0
270,HLA-B07:02,31475.15,ANZ78847,EYWVTPLTSRQ,270,711.0
1258,HLA-B07:02,31477.14,ANZ78847,DLALDYINVTF,1258,712.0
1002,HLA-B07:02,31478.05,ANZ78847,GVTMDVLSQNQ,1002,713.0
1257,HLA-B07:02,31513.67,ANZ78847,PDLALDYINVT,1257,714.0
550,HLA-B07:02,31521.39,ANZ78847,SKSLVGIGEHC,550,715.0
421,HLA-B07:02,31539.16,ANZ78847,LGYLQSFNYRI,421,716.0
201,HLA-B07:02,31568.26,ANZ78847,LYKRNFTYDVN,201,717.0
120,HLA-B07:02,31569.11,ANZ78847,VMYSEFPAITI,120,718.0
1100,HLA-B07:02,31569.17,ANZ78847,VSQQLSDSTLV,1100,719.0
936,HLA-B07:02,31607.57,ANZ78847,CTGGAEIRDLI,936,720.0
703,HLA-B07:02,31607.6,ANZ78847,RNIKCNYVFNN,703,721.0
983,HLA-B07:02,31612.53,ANZ78847,TAAAGVPFYLN,983,722.0
874,HLA-B07:02,31648.74,ANZ78847,GVTLSTKLKDG,874,723.0
756,HLA-B07:02,31649.0,ANZ78847,VDYSKNRRSRR,756,724.0
156,HLA-B07:02,31687.03,ANZ78847,NKLQGLLEVSV,156,725.0
429,HLA-B07:02,31688.38,ANZ78847,YRIDTTATSCQ,429,726.0
577,HLA-B07:02,31702.85,ANZ78847,CQPQAFLGWSA,577,727.0
93,HLA-B07:02,31719.39,ANZ78847,WFKPPFLSDFI,93,728.0
283,HLA-B07:02,31722.44,ANZ78847,LAFNQDGIIFN,283,729.0
771,HLA-B07:02,31729.73,ANZ78847,GYRFTNFEPFT,771,730.0
1239,HLA-B07:02,31738.06,ANZ78847,PDFREELDQWF,1239,731.0
1185,HLA-B07:02,31748.27,ANZ78847,SGYFVNVNNTW,1185,732.0
1273,HLA-B07:02,31755.36,ANZ78847,VEMNRLQEAIK,1273,733.0
305,HLA-B07:02,31764.0,ANZ78847,IKCKTQSIAPP,305,734.0
723,HLA-B07:02,31786.75,ANZ78847,NYFDSYLGCVV,723,735.0
295,HLA-B07:02,31829.43,ANZ78847,VDCMSDFMSEI,295,736.0
410,HLA-B07:02,31835.97,ANZ78847,NGRKVDLQLGN,410,737.0
673,HLA-B07:02,31846.62,ANZ78847,TNRTFMIRSCY,673,738.0
754,HLA-B07:02,31848.03,ANZ78847,YCVDYSKNRRS,754,739.0
595,HLA-B07:02,31852.11,ANZ78847,KCNIFANLILH,595,740.0
207,HLA-B07:02,31861.72,ANZ78847,TYDVNATYLYF,207,741.0
115,HLA-B07:02,31880.54,ANZ78847,VFKDGVMYSEF,115,742.0
1198,HLA-B07:02,31892.16,ANZ78847,TGSGYYYPEPI,1198,743.0
1034,HLA-B07:02,31893.32,ANZ78847,NSALVKIQAVV,1034,744.0
506,HLA-B07:02,31919.67,ANZ78847,LCVGSGPGKNN,506,745.0
1176,HLA-B07:02,31935.28,ANZ78847,AGDRGIAPKSG,1176,746.0
436,HLA-B07:02,31949.35,ANZ78847,TSCQLYYNLPA,436,747.0
876,HLA-B07:02,31976.1,ANZ78847,TLSTKLKDGVN,876,748.0
176,HLA-B07:02,32004.53,ANZ78847,HTICHPNLGNH,176,749.0
414,HLA-B07:02,32023.64,ANZ78847,VDLQLGNLGYL,414,750.0
698,HLA-B07:02,32026.4,ANZ78847,PALLFRNIKCN,698,751.0
584,HLA-B07:02,32033.35,ANZ78847,GWSADSCLQGD,584,752.0
118,HLA-B07:02,32043.89,ANZ78847,DGVMYSEFPAI,118,753.0
1323,HLA-B07:02,32055.09,ANZ78847,LFFICCCTGCG,1323,754.0
830,HLA-B07:02,32058.44,ANZ78847,GDYAACKSQLV,830,755.0
495,HLA-B07:02,32075.72,ANZ78847,KNFCPCKSNSS,495,756.0
1321,HLA-B07:02,32090.49,ANZ78847,VLLFFICCCTG,1321,757.0
593,HLA-B07:02,32108.62,ANZ78847,GDKCNIFANLI,593,758.0
32,HLA-B07:02,32112.05,ANZ78847,IDTGPPSISTA,32,759.0
693,HLA-B07:02,32122.24,ANZ78847,ANSSEPALLFR,693,760.0
730,HLA-B07:02,32128.54,ANZ78847,GCVVNAYNSTA,730,761.0
1079,HLA-B07:02,32142.17,ANZ78847,LEAEAQIDRLI,1079,762.0
952,HLA-B07:02,32203.91,ANZ78847,KGIKVLPPLLS,952,763.0
1278,HLA-B07:02,32214.02,ANZ78847,LQEAIKVLNQS,1278,764.0
503,HLA-B07:02,32229.08,ANZ78847,NSSLCVGSGPG,503,765.0
130,HLA-B07:02,32265.8,ANZ78847,IGSTFVNTSYS,130,766.0
77,HLA-B07:02,32268.2,ANZ78847,TYRNMALKGTD,77,767.0
214,HLA-B07:02,32279.29,ANZ78847,YLYFHFYQEGG,214,768.0
438,HLA-B07:02,32284.38,ANZ78847,CQLYYNLPAAN,438,769.0
739,HLA-B07:02,32293.72,ANZ78847,TAISVQTCDLT,739,770.0
1004,HLA-B07:02,32314.35,ANZ78847,TMDVLSQNQKL,1004,771.0
466,HLA-B07:02,32326.78,ANZ78847,IEDSVFKPQPA,466,772.0
627,HLA-B07:02,32328.96,ANZ78847,GVCVNYDLYGI,627,773.0
857,HLA-B07:02,32357.64,ANZ78847,NELLDTTQLQV,857,774.0
973,HLA-B07:02,32361.78,ANZ78847,ATSASLFPPWT,973,775.0
248,HLA-B07:02,32362.35,ANZ78847,ALSHYYVMPLT,248,776.0
10,HLA-B07:02,32368.35,ANZ78847,TAFAVIGDLKC,10,777.0
505,HLA-B07:02,32371.15,ANZ78847,SLCVGSGPGKN,505,778.0
1012,HLA-B07:02,32375.16,ANZ78847,QKLIANAFNNA,1012,779.0
567,HLA-B07:02,32383.62,ANZ78847,SDYCGGNPCTC,567,780.0
38,HLA-B07:02,32387.52,ANZ78847,SISTATVDVTN,38,781.0
775,HLA-B07:02,32399.55,ANZ78847,TNFEPFTVNSV,775,782.0
24,HLA-B07:02,32418.1,ANZ78847,SRTGSLNNIDT,24,783.0
1200,HLA-B07:02,32439.63,ANZ78847,SGYYYPEPITE,1200,784.0
43,HLA-B07:02,32443.56,ANZ78847,TVDVTNGLGTY,43,785.0
215,HLA-B07:02,32453.88,ANZ78847,LYFHFYQEGGT,215,786.0
713,HLA-B07:02,32457.89,ANZ78847,NSLTRQLQPIN,713,787.0
137,HLA-B07:02,32458.27,ANZ78847,TSYSVVVQPRT,137,788.0
1178,HLA-B07:02,32461.06,ANZ78847,DRGIAPKSGYF,1178,789.0
1189,HLA-B07:02,32483.23,ANZ78847,VNVNNTWMYTG,1189,790.0
796,HLA-B07:02,32489.25,ANZ78847,YEIQIPSDFTI,796,791.0
171,HLA-B07:02,32490.15,ANZ78847,MCEYPHTICHP,171,792.0
873,HLA-B07:02,32504.22,ANZ78847,NGVTLSTKLKD,873,793.0
793,HLA-B07:02,32521.69,ANZ78847,GGLYEIQIPSD,793,794.0
515,HLA-B07:02,32528.12,ANZ78847,NNGIGTCPAGT,515,795.0
597,HLA-B07:02,32554.07,ANZ78847,NIFANLILHDV,597,796.0
919,HLA-B07:02,32569.56,ANZ78847,FDKVKLSDVGF,919,797.0
251,HLA-B07:02,32591.0,ANZ78847,HYYVMPLTCIS,251,798.0
844,HLA-B07:02,32628.44,ANZ78847,SFCDNINAILT,844,799.0
808,HLA-B07:02,32646.64,ANZ78847,NMEEFIQTSSP,808,800.0
467,HLA-B07:02,32648.62,ANZ78847,EDSVFKPQPAG,467,801.0
624,HLA-B07:02,32657.39,ANZ78847,IKLGVCVNYDL,624,802.0
131,HLA-B07:02,32658.04,ANZ78847,GSTFVNTSYSV,131,803.0
290,HLA-B07:02,32667.26,ANZ78847,IIFNAVDCMSD,290,804.0
152,HLA-B07:02,32676.01,ANZ78847,QDGVNKLQGLL,152,805.0
284,HLA-B07:02,32676.93,ANZ78847,AFNQDGIIFNA,284,806.0
801,HLA-B07:02,32696.97,ANZ78847,PSDFTIGNMEE,801,807.0
1028,HLA-B07:02,32700.43,ANZ78847,EGFDATNSALV,1028,808.0
1318,HLA-B07:02,32705.54,ANZ78847,AMLVLLFFICC,1318,809.0
853,HLA-B07:02,32707.32,ANZ78847,LTEVNELLDTT,853,810.0
269,HLA-B07:02,32708.39,ANZ78847,LEYWVTPLTSR,269,811.0
650,HLA-B07:02,32718.24,ANZ78847,YYNSWQNLLYD,650,812.0
1136,HLA-B07:02,32744.9,ANZ78847,GNGNHIISLVQ,1136,813.0
892,HLA-B07:02,32745.0,ANZ78847,INFSSVLGCLG,892,814.0
1264,HLA-B07:02,32747.86,ANZ78847,INVTFLDLQVE,1264,815.0
30,HLA-B07:02,32756.32,ANZ78847,NNIDTGPPSIS,30,816.0
479,HLA-B07:02,32765.04,ANZ78847,LTNHDVVYAQH,479,817.0
875,HLA-B07:02,32779.24,ANZ78847,VTLSTKLKDGV,875,818.0
301,HLA-B07:02,32800.39,ANZ78847,FMSEIKCKTQS,301,819.0
927,HLA-B07:02,32804.32,ANZ78847,VGFVAAYNNCT,927,820.0
254,HLA-B07:02,32816.55,ANZ78847,VMPLTCISRRN,254,821.0
163,HLA-B07:02,32817.03,ANZ78847,EVSVCQYNMCE,163,822.0
396,HLA-B07:02,32823.15,ANZ78847,MCFSSITIDKF,396,823.0
903,HLA-B07:02,32840.86,ANZ78847,SECSKASSRSA,903,824.0
132,HLA-B07:02,32841.67,ANZ78847,STFVNTSYSVV,132,825.0
138,HLA-B07:02,32848.75,ANZ78847,SYSVVVQPRTI,138,826.0
128,HLA-B07:02,32878.37,ANZ78847,ITIGSTFVNTS,128,827.0
1126,HLA-B07:02,32880.27,ANZ78847,KSQSSRINFCG,1126,828.0
1000,HLA-B07:02,32906.52,ANZ78847,GLGVTMDVLSQ,1000,829.0
75,HLA-B07:02,32912.46,ANZ78847,GSTYRNMALKG,75,830.0
1274,HLA-B07:02,32924.25,ANZ78847,EMNRLQEAIKV,1274,831.0
1336,HLA-B07:02,32927.69,ANZ78847,CFKKCGGCCDD,1336,832.0
324,HLA-B07:02,32969.75,ANZ78847,YTVQPIADVYR,324,833.0
1051,HLA-B07:02,32976.62,ANZ78847,LNNLLQQLSNR,1051,834.0
674,HLA-B07:02,32981.01,ANZ78847,NRTFMIRSCYS,674,835.0
1229,HLA-B07:02,32981.08,ANZ78847,VMLNTSIPNLP,1229,836.0
598,HLA-B07:02,32996.99,ANZ78847,IFANLILHDVN,598,837.0
924,HLA-B07:02,32997.96,ANZ78847,LSDVGFVAAYN,924,838.0
1283,HLA-B07:02,33040.22,ANZ78847,KVLNQSYINLK,1283,839.0
369,HLA-B07:02,33041.48,ANZ78847,FNMSSLMSFIQ,369,840.0
579,HLA-B07:02,33045.62,ANZ78847,PQAFLGWSADS,579,841.0
1217,HLA-B07:02,33048.84,ANZ78847,STCAVNYTKAP,1217,842.0
1132,HLA-B07:02,33050.3,ANZ78847,INFCGNGNHII,1132,843.0
1276,HLA-B07:02,33079.01,ANZ78847,NRLQEAIKVLN,1276,844.0
898,HLA-B07:02,33090.78,ANZ78847,LGCLGSECSKA,898,845.0
121,HLA-B07:02,33097.17,ANZ78847,MYSEFPAITIG,121,846.0
91,HLA-B07:02,33103.57,ANZ78847,TLWFKPPFLSD,91,847.0
380,HLA-B07:02,33115.27,ANZ78847,ADSFTCNNIDA,380,848.0
1146,HLA-B07:02,33116.29,ANZ78847,QNAPYGLYFIH,1146,849.0
358,HLA-B07:02,33121.27,ANZ78847,NWERKTFSNCN,358,850.0
746,HLA-B07:02,33130.74,ANZ78847,CDLTVGSGYCV,746,851.0
1112,HLA-B07:02,33159.01,ANZ78847,FSAAQAMEKVN,1112,852.0
303,HLA-B07:02,33165.92,ANZ78847,SEIKCKTQSIA,303,853.0
934,HLA-B07:02,33171.29,ANZ78847,NNCTGGAEIRD,934,854.0
621,HLA-B07:02,33174.55,ANZ78847,NTDIKLGVCVN,621,855.0
902,HLA-B07:02,33192.67,ANZ78847,GSECSKASSRS,902,856.0
1018,HLA-B07:02,33194.57,ANZ78847,AFNNALDAIQE,1018,857.0
459,HLA-B07:02,33205.36,ANZ78847,WNKRFGFIEDS,459,858.0
646,HLA-B07:02,33218.7,ANZ78847,VNATYYNSWQN,646,859.0
1161,HLA-B07:02,33229.77,ANZ78847,PTKYVTAKVSP,1161,860.0
477,HLA-B07:02,33230.5,ANZ78847,GVLTNHDVVYA,477,861.0
41,HLA-B07:02,33232.97,ANZ78847,TATVDVTNGLG,41,862.0
385,HLA-B07:02,33244.47,ANZ78847,CNNIDAAKIYG,385,863.0
18,HLA-B07:02,33247.45,ANZ78847,LKCPLDSRTGS,18,864.0
1349,HLA-B07:02,33251.52,ANZ78847,GYQELVIKTSH,1349,865.0
910,HLA-B07:02,33279.31,ANZ78847,SRSAIEDLLFD,910,866.0
742,HLA-B07:02,33300.79,ANZ78847,SVQTCDLTVGS,742,867.0
899,HLA-B07:02,33326.25,ANZ78847,GCLGSECSKAS,899,868.0
374,HLA-B07:02,33340.08,ANZ78847,LMSFIQADSFT,374,869.0
634,HLA-B07:02,33343.59,ANZ78847,LYGISGQGIFV,634,870.0
170,HLA-B07:02,33347.49,ANZ78847,NMCEYPHTICH,170,871.0
1010,HLA-B07:02,33349.15,ANZ78847,QNQKLIANAFN,1010,872.0
135,HLA-B07:02,33351.11,ANZ78847,VNTSYSVVVQP,135,873.0
287,HLA-B07:02,33358.79,ANZ78847,QDGIIFNAVDC,287,874.0
14,HLA-B07:02,33366.56,ANZ78847,VIGDLKCPLDS,14,875.0
571,HLA-B07:02,33373.47,ANZ78847,GGNPCTCQPQA,571,876.0
1332,HLA-B07:02,33379.78,ANZ78847,CGTSCFKKCGG,1332,877.0
651,HLA-B07:02,33398.37,ANZ78847,YNSWQNLLYDS,651,878.0
1130,HLA-B07:02,33436.4,ANZ78847,SRINFCGNGNH,1130,879.0
1038,HLA-B07:02,33443.61,ANZ78847,VKIQAVVNANA,1038,880.0
1102,HLA-B07:02,33446.78,ANZ78847,QQLSDSTLVKF,1102,881.0
533,HLA-B07:02,33449.95,ANZ78847,LCNPDPITFTG,533,882.0
835,HLA-B07:02,33459.28,ANZ78847,CKSQLVEYGSF,835,883.0
606,HLA-B07:02,33474.52,ANZ78847,DVNSGLTCSTD,606,884.0
811,HLA-B07:02,33502.96,ANZ78847,EFIQTSSPKVT,811,885.0
1011,HLA-B07:02,33521.38,ANZ78847,NQKLIANAFNN,1011,886.0
1020,HLA-B07:02,33522.05,ANZ78847,NNALDAIQEGF,1020,887.0
914,HLA-B07:02,33524.38,ANZ78847,IEDLLFDKVKL,914,888.0
599,HLA-B07:02,33524.56,ANZ78847,FANLILHDVNS,599,889.0
776,HLA-B07:02,33533.33,ANZ78847,NFEPFTVNSVN,776,890.0
940,HLA-B07:02,33570.59,ANZ78847,AEIRDLICVQS,940,891.0
307,HLA-B07:02,33620.42,ANZ78847,CKTQSIAPPTG,307,892.0
480,HLA-B07:02,33621.72,ANZ78847,TNHDVVYAQHC,480,893.0
1003,HLA-B07:02,33639.45,ANZ78847,VTMDVLSQNQK,1003,894.0
78,HLA-B07:02,33669.66,ANZ78847,YRNMALKGTDK,78,895.0
741,HLA-B07:02,33672.07,ANZ78847,ISVQTCDLTVG,741,896.0
802,HLA-B07:02,33677.32,ANZ78847,SDFTIGNMEEF,802,897.0
264,HLA-B07:02,33679.17,ANZ78847,NIGFTLEYWVT,264,898.0
1145,HLA-B07:02,33686.08,ANZ78847,VQNAPYGLYFI,1145,899.0
863,HLA-B07:02,33698.49,ANZ78847,TQLQVANSLMN,863,900.0
838,HLA-B07:02,33720.97,ANZ78847,QLVEYGSFCDN,838,901.0
418,HLA-B07:02,33728.81,ANZ78847,LGNLGYLQSFN,418,902.0
376,HLA-B07:02,33738.37,ANZ78847,SFIQADSFTCN,376,903.0
1081,HLA-B07:02,33739.22,ANZ78847,AEAQIDRLING,1081,904.0
945,HLA-B07:02,33739.46,ANZ78847,LICVQSYKGIK,945,905.0
1025,HLA-B07:02,33744.23,ANZ78847,AIQEGFDATNS,1025,906.0
773,HLA-B07:02,33746.0,ANZ78847,RFTNFEPFTVN,773,907.0
600,HLA-B07:02,33761.77,ANZ78847,ANLILHDVNSG,600,908.0
525,HLA-B07:02,33767.62,ANZ78847,TNYLTCHNLCN,525,909.0
94,HLA-B07:02,33785.15,ANZ78847,FKPPFLSDFIN,94,910.0
1270,HLA-B07:02,33786.29,ANZ78847,DLQVEMNRLQE,1270,911.0
639,HLA-B07:02,33794.4,ANZ78847,GQGIFVEVNAT,639,912.0
23,HLA-B07:02,33800.73,ANZ78847,DSRTGSLNNID,23,913.0
996,HLA-B07:02,33802.38,ANZ78847,YRINGLGVTMD,996,914.0
792,HLA-B07:02,33804.88,ANZ78847,VGGLYEIQIPS,792,915.0
370,HLA-B07:02,33810.71,ANZ78847,NMSSLMSFIQA,370,916.0
878,HLA-B07:02,33813.85,ANZ78847,STKLKDGVNFN,878,917.0
1121,HLA-B07:02,33838.29,ANZ78847,VNECVKSQSSR,1121,918.0
696,HLA-B07:02,33865.64,ANZ78847,SEPALLFRNIK,696,919.0
588,HLA-B07:02,33903.11,ANZ78847,DSCLQGDKCNI,588,920.0
1196,HLA-B07:02,33908.71,ANZ78847,MYTGSGYYYPE,1196,921.0
981,HLA-B07:02,33919.2,ANZ78847,PWTAAAGVPFY,981,922.0
310,HLA-B07:02,33922.35,ANZ78847,QSIAPPTGVYE,310,923.0
352,HLA-B07:02,33956.49,ANZ78847,SVPSPLNWERK,352,924.0
557,HLA-B07:02,33964.7,ANZ78847,GEHCSGLAVKS,557,925.0
133,HLA-B07:02,33966.92,ANZ78847,TFVNTSYSVVV,133,926.0
223,HLA-B07:02,33975.1,ANZ78847,GGTFYAYFTDT,223,927.0
99,HLA-B07:02,33976.53,ANZ78847,LSDFINGIFAK,99,928.0
487,HLA-B07:02,34051.92,ANZ78847,AQHCFKAPKNF,487,929.0
850,HLA-B07:02,34086.25,ANZ78847,NAILTEVNELL,850,930.0
1250,HLA-B07:02,34086.27,ANZ78847,KNQTSVAPDLA,1250,931.0
1029,HLA-B07:02,34088.81,ANZ78847,GFDATNSALVK,1029,932.0
234,HLA-B07:02,34118.23,ANZ78847,GVVTKFLFNVY,234,933.0
175,HLA-B07:02,34124.5,ANZ78847,PHTICHPNLGN,175,934.0
1128,HLA-B07:02,34130.84,ANZ78847,QSSRINFCGNG,1128,935.0
494,HLA-B07:02,34133.28,ANZ78847,PKNFCPCKSNS,494,936.0
179,HLA-B07:02,34166.64,ANZ78847,CHPNLGNHFKE,179,937.0
65,HLA-B07:02,34166.96,ANZ78847,LFLNGYYPTSG,65,938.0
1067,HLA-B07:02,34169.96,ANZ78847,SSLQEILSRLD,1067,939.0
363,HLA-B07:02,34170.96,ANZ78847,TFSNCNFNMSS,363,940.0
916,HLA-B07:02,34179.63,ANZ78847,DLLFDKVKLSD,916,941.0
1070,HLA-B07:02,34180.19,ANZ78847,QEILSRLDALE,1070,942.0
209,HLA-B07:02,34180.6,ANZ78847,DVNATYLYFHF,209,943.0
695,HLA-B07:02,34187.64,ANZ78847,SSEPALLFRNI,695,944.0
1308,HLA-B07:02,34195.47,ANZ78847,VWLLICLAGVA,1308,945.0
549,HLA-B07:02,34207.74,ANZ78847,QSKSLVGIGEH,549,946.0
1296,HLA-B07:02,34221.47,ANZ78847,GTYEYYVKWPW,1296,947.0
638,HLA-B07:02,34237.72,ANZ78847,SGQGIFVEVNA,638,948.0
1076,HLA-B07:02,34242.66,ANZ78847,LDALEAEAQID,1076,949.0
122,HLA-B07:02,34260.81,ANZ78847,YSEFPAITIGS,122,950.0
189,HLA-B07:02,34270.48,ANZ78847,ELWHMDTGVVS,189,951.0
465,HLA-B07:02,34285.14,ANZ78847,FIEDSVFKPQP,465,952.0
516,HLA-B07:02,34307.59,ANZ78847,NGIGTCPAGTN,516,953.0
199,HLA-B07:02,34312.74,ANZ78847,SCLYKRNFTYD,199,954.0
162,HLA-B07:02,34314.03,ANZ78847,LEVSVCQYNMC,162,955.0
451,HLA-B07:02,34326.04,ANZ78847,VSRFNPSTWNK,451,956.0
560,HLA-B07:02,34341.72,ANZ78847,CSGLAVKSDYC,560,957.0
554,HLA-B07:02,34343.89,ANZ78847,VGIGEHCSGLA,554,958.0
100,HLA-B07:02,34355.06,ANZ78847,SDFINGIFAKV,100,959.0
375,HLA-B07:02,34362.91,ANZ78847,MSFIQADSFTC,375,960.0
1097,HLA-B07:02,34365.82,ANZ78847,NAYVSQQLSDS,1097,961.0
821,HLA-B07:02,34402.46,ANZ78847,TIDCAAFVCGD,821,962.0
298,HLA-B07:02,34402.93,ANZ78847,MSDFMSEIKCK,298,963.0
745,HLA-B07:02,34415.99,ANZ78847,TCDLTVGSGYC,745,964.0
1074,HLA-B07:02,34417.53,ANZ78847,SRLDALEAEAQ,1074,965.0
155,HLA-B07:02,34426.34,ANZ78847,VNKLQGLLEVS,155,966.0
1234,HLA-B07:02,34450.08,ANZ78847,SIPNLPDFREE,1234,967.0
851,HLA-B07:02,34456.82,ANZ78847,AILTEVNELLD,851,968.0
491,HLA-B07:02,34456.92,ANZ78847,FKAPKNFCPCK,491,969.0
881,HLA-B07:02,34457.81,ANZ78847,LKDGVNFNVDD,881,970.0
1255,HLA-B07:02,34460.75,ANZ78847,VAPDLALDYIN,1255,971.0
16,HLA-B07:02,34465.98,ANZ78847,GDLKCPLDSRT,16,972.0
1345,HLA-B07:02,34471.57,ANZ78847,DDYTGYQELVI,1345,973.0
103,HLA-B07:02,34474.84,ANZ78847,INGIFAKVKNT,103,974.0
591,HLA-B07:02,34477.44,ANZ78847,LQGDKCNIFAN,591,975.0
320,HLA-B07:02,34501.08,ANZ78847,ELNGYTVQPIA,320,976.0
805,HLA-B07:02,34511.42,ANZ78847,TIGNMEEFIQT,805,977.0
1019,HLA-B07:02,34511.93,ANZ78847,FNNALDAIQEG,1019,978.0
1104,HLA-B07:02,34524.63,ANZ78847,LSDSTLVKFSA,1104,979.0
382,HLA-B07:02,34527.95,ANZ78847,SFTCNNIDAAK,382,980.0
928,HLA-B07:02,34545.69,ANZ78847,GFVAAYNNCTG,928,981.0
626,HLA-B07:02,34546.93,ANZ78847,LGVCVNYDLYG,626,982.0
628,HLA-B07:02,34556.5,ANZ78847,VCVNYDLYGIS,628,983.0
879,HLA-B07:02,34560.8,ANZ78847,TKLKDGVNFNV,879,984.0
299,HLA-B07:02,34566.41,ANZ78847,SDFMSEIKCKT,299,985.0
530,HLA-B07:02,34585.82,ANZ78847,CHNLCNPDPIT,530,986.0
747,HLA-B07:02,34604.18,ANZ78847,DLTVGSGYCVD,747,987.0
787,HLA-B07:02,34612.39,ANZ78847,DSLEPVGGLYE,787,988.0
1351,HLA-B07:02,34628.71,ANZ78847,QELVIKTSHDD,1351,989.0
1246,HLA-B07:02,34633.28,ANZ78847,DQWFKNQTSVA,1246,990.0
63,HLA-B07:02,34637.68,ANZ78847,TTLFLNGYYPT,63,991.0
702,HLA-B07:02,34637.89,ANZ78847,FRNIKCNYVFN,702,992.0
160,HLA-B07:02,34639.35,ANZ78847,GLLEVSVCQYN,160,993.0
108,HLA-B07:02,34642.49,ANZ78847,AKVKNTKVFKD,108,994.0
1021,HLA-B07:02,34652.9,ANZ78847,NALDAIQEGFD,1021,995.0
604,HLA-B07:02,34661.34,ANZ78847,LHDVNSGLTCS,604,996.0
413,HLA-B07:02,34666.37,ANZ78847,KVDLQLGNLGY,413,997.0
1101,HLA-B07:02,34666.43,ANZ78847,SQQLSDSTLVK,1101,998.0
836,HLA-B07:02,34677.31,ANZ78847,KSQLVEYGSFC,836,999.0
517,HLA-B07:02,34693.22,ANZ78847,GIGTCPAGTNY,517,1000.0
826,HLA-B07:02,34697.26,ANZ78847,AFVCGDYAACK,826,1001.0
955,HLA-B07:02,34699.03,ANZ78847,KVLPPLLSENQ,955,1002.0
707,HLA-B07:02,34712.35,ANZ78847,CNYVFNNSLTR,707,1003.0
468,HLA-B07:02,34718.71,ANZ78847,DSVFKPQPAGV,468,1004.0
566,HLA-B07:02,34728.65,ANZ78847,KSDYCGGNPCT,566,1005.0
1006,HLA-B07:02,34736.61,ANZ78847,DVLSQNQKLIA,1006,1006.0
725,HLA-B07:02,34767.13,ANZ78847,FDSYLGCVVNA,725,1007.0
59,HLA-B07:02,34784.17,ANZ78847,VYLNTTLFLNG,59,1008.0
286,HLA-B07:02,34794.92,ANZ78847,NQDGIIFNAVD,286,1009.0
1247,HLA-B07:02,34796.68,ANZ78847,QWFKNQTSVAP,1247,1010.0
645,HLA-B07:02,34805.36,ANZ78847,EVNATYYNSWQ,645,1011.0
1053,HLA-B07:02,34805.4,ANZ78847,NLLQQLSNRFG,1053,1012.0
1224,HLA-B07:02,34805.6,ANZ78847,TKAPYVMLNTS,1224,1013.0
860,HLA-B07:02,34821.25,ANZ78847,LDTTQLQVANS,860,1014.0
1127,HLA-B07:02,34843.56,ANZ78847,SQSSRINFCGN,1127,1015.0
27,HLA-B07:02,34850.45,ANZ78847,GSLNNIDTGPP,27,1016.0
539,HLA-B07:02,34856.93,ANZ78847,ITFTGPYKCPQ,539,1017.0
1026,HLA-B07:02,34859.35,ANZ78847,IQEGFDATNSA,1026,1018.0
147,HLA-B07:02,34879.05,ANZ78847,TINSTQDGVNK,147,1019.0
1286,HLA-B07:02,34880.82,ANZ78847,NQSYINLKDIG,1286,1020.0
611,HLA-B07:02,34893.85,ANZ78847,LTCSTDLQKAN,611,1021.0
1287,HLA-B07:02,34894.76,ANZ78847,QSYINLKDIGT,1287,1022.0
797,HLA-B07:02,34903.02,ANZ78847,EIQIPSDFTIG,797,1023.0
60,HLA-B07:02,34923.93,ANZ78847,YLNTTLFLNGY,60,1024.0
1184,HLA-B07:02,34926.68,ANZ78847,KSGYFVNVNNT,1184,1025.0
569,HLA-B07:02,34928.89,ANZ78847,YCGGNPCTCQP,569,1026.0
1106,HLA-B07:02,34933.23,ANZ78847,DSTLVKFSAAQ,1106,1027.0
178,HLA-B07:02,34988.44,ANZ78847,ICHPNLGNHFK,178,1028.0
488,HLA-B07:02,34991.22,ANZ78847,QHCFKAPKNFC,488,1029.0
574,HLA-B07:02,34996.24,ANZ78847,PCTCQPQAFLG,574,1030.0
236,HLA-B07:02,35007.59,ANZ78847,VTKFLFNVYLG,236,1031.0
1233,HLA-B07:02,35013.36,ANZ78847,TSIPNLPDFRE,1233,1032.0
212,HLA-B07:02,35040.36,ANZ78847,ATYLYFHFYQE,212,1033.0
1202,HLA-B07:02,35053.54,ANZ78847,YYYPEPITENN,1202,1034.0
278,HLA-B07:02,35060.88,ANZ78847,SRQYLLAFNQD,278,1035.0
1151,HLA-B07:02,35067.98,ANZ78847,GLYFIHFSYVP,1151,1036.0
1350,HLA-B07:02,35112.91,ANZ78847,YQELVIKTSHD,1350,1037.0
238,HLA-B07:02,35129.92,ANZ78847,KFLFNVYLGMA,238,1038.0
1153,HLA-B07:02,35157.08,ANZ78847,YFIHFSYVPTK,1153,1039.0
220,HLA-B07:02,35165.16,ANZ78847,YQEGGTFYAYF,220,1040.0
561,HLA-B07:02,35172.47,ANZ78847,SGLAVKSDYCG,561,1041.0
807,HLA-B07:02,35191.35,ANZ78847,GNMEEFIQTSS,807,1042.0
710,HLA-B07:02,35194.16,ANZ78847,VFNNSLTRQLQ,710,1043.0
889,HLA-B07:02,35202.34,ANZ78847,VDDINFSSVLG,889,1044.0
289,HLA-B07:02,35204.96,ANZ78847,GIIFNAVDCMS,289,1045.0
728,HLA-B07:02,35222.59,ANZ78847,YLGCVVNAYNS,728,1046.0
989,HLA-B07:02,35238.49,ANZ78847,PFYLNVQYRIN,989,1047.0
664,HLA-B07:02,35258.5,ANZ78847,NLYGFRDYLTN,664,1048.0
117,HLA-B07:02,35284.06,ANZ78847,KDGVMYSEFPA,117,1049.0
261,HLA-B07:02,35293.96,ANZ78847,SRRNIGFTLEY,261,1050.0
232,HLA-B07:02,35296.95,ANZ78847,DTGVVTKFLFN,232,1051.0
1005,HLA-B07:02,35312.92,ANZ78847,MDVLSQNQKLI,1005,1052.0
309,HLA-B07:02,35316.52,ANZ78847,TQSIAPPTGVY,309,1053.0
153,HLA-B07:02,35348.69,ANZ78847,DGVNKLQGLLE,153,1054.0
663,HLA-B07:02,35368.62,ANZ78847,GNLYGFRDYLT,663,1055.0
644,HLA-B07:02,35375.71,ANZ78847,VEVNATYYNSW,644,1056.0
727,HLA-B07:02,35384.75,ANZ78847,SYLGCVVNAYN,727,1057.0
344,HLA-B07:02,35401.47,ANZ78847,IEAWLNDKSVP,344,1058.0
1183,HLA-B07:02,35405.36,ANZ78847,PKSGYFVNVNN,1183,1059.0
783,HLA-B07:02,35417.42,ANZ78847,NSVNDSLEPVG,783,1060.0
1197,HLA-B07:02,35426.31,ANZ78847,YTGSGYYYPEP,1197,1061.0
1082,HLA-B07:02,35448.04,ANZ78847,EAQIDRLINGR,1082,1062.0
551,HLA-B07:02,35465.11,ANZ78847,KSLVGIGEHCS,551,1063.0
206,HLA-B07:02,35468.44,ANZ78847,FTYDVNATYLY,206,1064.0
1260,HLA-B07:02,35471.04,ANZ78847,ALDYINVTFLD,1260,1065.0
1060,HLA-B07:02,35479.74,ANZ78847,NRFGAISSSLQ,1060,1066.0
11,HLA-B07:02,35494.77,ANZ78847,AFAVIGDLKCP,11,1067.0
974,HLA-B07:02,35495.87,ANZ78847,TSASLFPPWTA,974,1068.0
920,HLA-B07:02,35498.62,ANZ78847,DKVKLSDVGFV,920,1069.0
637,HLA-B07:02,35501.19,ANZ78847,ISGQGIFVEVN,637,1070.0
83,HLA-B07:02,35508.41,ANZ78847,LKGTDKLSTLW,83,1071.0
181,HLA-B07:02,35520.84,ANZ78847,PNLGNHFKELW,181,1072.0
623,HLA-B07:02,35527.86,ANZ78847,DIKLGVCVNYD,623,1073.0
389,HLA-B07:02,35563.53,ANZ78847,DAAKIYGMCFS,389,1074.0
886,HLA-B07:02,35568.49,ANZ78847,NFNVDDINFSS,886,1075.0
440,HLA-B07:02,35568.69,ANZ78847,LYYNLPAANVS,440,1076.0
823,HLA-B07:02,35573.35,ANZ78847,DCAAFVCGDYA,823,1077.0
509,HLA-B07:02,35577.39,ANZ78847,GSGPGKNNGIG,509,1078.0
314,HLA-B07:02,35600.93,ANZ78847,PPTGVYELNGY,314,1079.0
168,HLA-B07:02,35603.81,ANZ78847,QYNMCEYPHTI,168,1080.0
9,HLA-B07:02,35618.96,ANZ78847,PTAFAVIGDLK,9,1081.0
610,HLA-B07:02,35628.3,ANZ78847,GLTCSTDLQKA,610,1082.0
795,HLA-B07:02,35632.12,ANZ78847,LYEIQIPSDFT,795,1083.0
1298,HLA-B07:02,35635.68,ANZ78847,YEYYVKWPWYV,1298,1084.0
660,HLA-B07:02,35648.1,ANZ78847,DSNGNLYGFRD,660,1085.0
1065,HLA-B07:02,35649.39,ANZ78847,ISSSLQEILSR,1065,1086.0
585,HLA-B07:02,35650.51,ANZ78847,WSADSCLQGDK,585,1087.0
532,HLA-B07:02,35671.98,ANZ78847,NLCNPDPITFT,532,1088.0
613,HLA-B07:02,35679.84,ANZ78847,CSTDLQKANTD,613,1089.0
1154,HLA-B07:02,35709.77,ANZ78847,FIHFSYVPTKY,1154,1090.0
772,HLA-B07:02,35716.41,ANZ78847,YRFTNFEPFTV,772,1091.0
954,HLA-B07:02,35735.01,ANZ78847,IKVLPPLLSEN,954,1092.0
562,HLA-B07:02,35736.14,ANZ78847,GLAVKSDYCGG,562,1093.0
893,HLA-B07:02,35736.99,ANZ78847,NFSSVLGCLGS,893,1094.0
68,HLA-B07:02,35745.34,ANZ78847,NGYYPTSGSTY,68,1095.0
504,HLA-B07:02,35759.72,ANZ78847,SSLCVGSGPGK,504,1096.0
847,HLA-B07:02,35766.4,ANZ78847,DNINAILTEVN,847,1097.0
643,HLA-B07:02,35777.02,ANZ78847,FVEVNATYYNS,643,1098.0
926,HLA-B07:02,35782.92,ANZ78847,DVGFVAAYNNC,926,1099.0
268,HLA-B07:02,35785.34,ANZ78847,TLEYWVTPLTS,268,1100.0
656,HLA-B07:02,35785.7,ANZ78847,NLLYDSNGNLY,656,1101.0
911,HLA-B07:02,35787.52,ANZ78847,RSAIEDLLFDK,911,1102.0
840,HLA-B07:02,35787.76,ANZ78847,VEYGSFCDNIN,840,1103.0
872,HLA-B07:02,35790.64,ANZ78847,MNGVTLSTKLK,872,1104.0
246,HLA-B07:02,35797.1,ANZ78847,GMALSHYYVMP,246,1105.0
1177,HLA-B07:02,35808.27,ANZ78847,GDRGIAPKSGY,1177,1106.0
1330,HLA-B07:02,35812.27,ANZ78847,TGCGTSCFKKC,1330,1107.0
1103,HLA-B07:02,35813.53,ANZ78847,QLSDSTLVKFS,1103,1108.0
90,HLA-B07:02,35813.91,ANZ78847,STLWFKPPFLS,90,1109.0
558,HLA-B07:02,35823.52,ANZ78847,EHCSGLAVKSD,558,1110.0
704,HLA-B07:02,35825.81,ANZ78847,NIKCNYVFNNS,704,1111.0
820,HLA-B07:02,35831.99,ANZ78847,VTIDCAAFVCG,820,1112.0
642,HLA-B07:02,35835.58,ANZ78847,IFVEVNATYYN,642,1113.0
425,HLA-B07:02,35846.3,ANZ78847,QSFNYRIDTTA,425,1114.0
737,HLA-B07:02,35851.16,ANZ78847,NSTAISVQTCD,737,1115.0
1022,HLA-B07:02,35851.17,ANZ78847,ALDAIQEGFDA,1022,1116.0
798,HLA-B07:02,35856.71,ANZ78847,IQIPSDFTIGN,798,1117.0
1133,HLA-B07:02,35857.8,ANZ78847,NFCGNGNHIIS,1133,1118.0
804,HLA-B07:02,35894.18,ANZ78847,FTIGNMEEFIQ,804,1119.0
15,HLA-B07:02,35912.83,ANZ78847,IGDLKCPLDSR,15,1120.0
403,HLA-B07:02,35917.71,ANZ78847,IDKFAIPNGRK,403,1121.0
990,HLA-B07:02,35935.86,ANZ78847,FYLNVQYRING,990,1122.0
397,HLA-B07:02,35939.31,ANZ78847,CFSSITIDKFA,397,1123.0
231,HLA-B07:02,35943.18,ANZ78847,TDTGVVTKFLF,231,1124.0
26,HLA-B07:02,35943.7,ANZ78847,TGSLNNIDTGP,26,1125.0
1192,HLA-B07:02,35944.49,ANZ78847,NNTWMYTGSGY,1192,1126.0
346,HLA-B07:02,35944.56,ANZ78847,AWLNDKSVPSP,346,1127.0
330,HLA-B07:02,35946.62,ANZ78847,ADVYRRKPDLP,330,1128.0
1218,HLA-B07:02,35954.69,ANZ78847,TCAVNYTKAPY,1218,1129.0
791,HLA-B07:02,35955.19,ANZ78847,PVGGLYEIQIP,791,1130.0
404,HLA-B07:02,35967.56,ANZ78847,DKFAIPNGRKV,404,1131.0
749,HLA-B07:02,35973.23,ANZ78847,TVGSGYCVDYS,749,1132.0
464,HLA-B07:02,35980.06,ANZ78847,GFIEDSVFKPQ,464,1133.0
1017,HLA-B07:02,35986.35,ANZ78847,NAFNNALDAIQ,1017,1134.0
280,HLA-B07:02,35990.65,ANZ78847,QYLLAFNQDGI,280,1135.0
882,HLA-B07:02,35996.23,ANZ78847,KDGVNFNVDDI,882,1136.0
753,HLA-B07:02,36015.42,ANZ78847,GYCVDYSKNRR,753,1137.0
185,HLA-B07:02,36024.95,ANZ78847,NHFKELWHMDT,185,1138.0
617,HLA-B07:02,36028.69,ANZ78847,LQKANTDIKLG,617,1139.0
381,HLA-B07:02,36029.0,ANZ78847,DSFTCNNIDAA,381,1140.0
481,HLA-B07:02,36031.16,ANZ78847,NHDVVYAQHCF,481,1141.0
670,HLA-B07:02,36036.12,ANZ78847,DYLTNRTFMIR,670,1142.0
897,HLA-B07:02,36036.16,ANZ78847,VLGCLGSECSK,897,1143.0
433,HLA-B07:02,36038.61,ANZ78847,TTATSCQLYYN,433,1144.0
271,HLA-B07:02,36040.55,ANZ78847,YWVTPLTSRQY,271,1145.0
1156,HLA-B07:02,36045.26,ANZ78847,HFSYVPTKYVT,1156,1146.0
587,HLA-B07:02,36047.97,ANZ78847,ADSCLQGDKCN,587,1147.0
1243,HLA-B07:02,36048.47,ANZ78847,EELDQWFKNQT,1243,1148.0
325,HLA-B07:02,36053.52,ANZ78847,TVQPIADVYRR,325,1149.0
883,HLA-B07:02,36057.31,ANZ78847,DGVNFNVDDIN,883,1150.0
193,HLA-B07:02,36086.76,ANZ78847,MDTGVVSCLYK,193,1151.0
708,HLA-B07:02,36092.07,ANZ78847,NYVFNNSLTRQ,708,1152.0
113,HLA-B07:02,36097.84,ANZ78847,TKVFKDGVMYS,113,1153.0
211,HLA-B07:02,36102.13,ANZ78847,NATYLYFHFYQ,211,1154.0
718,HLA-B07:02,36106.2,ANZ78847,QLQPINYFDSY,718,1155.0
582,HLA-B07:02,36108.3,ANZ78847,FLGWSADSCLQ,582,1156.0
45,HLA-B07:02,36119.03,ANZ78847,DVTNGLGTYYV,45,1157.0
1049,HLA-B07:02,36132.96,ANZ78847,EALNNLLQQLS,1049,1158.0
1157,HLA-B07:02,36135.55,ANZ78847,FSYVPTKYVTA,1157,1159.0
1118,HLA-B07:02,36157.71,ANZ78847,MEKVNECVKSQ,1118,1160.0
431,HLA-B07:02,36164.48,ANZ78847,IDTTATSCQLY,431,1161.0
1279,HLA-B07:02,36165.23,ANZ78847,QEAIKVLNQSY,1279,1162.0
182,HLA-B07:02,36184.86,ANZ78847,NLGNHFKELWH,182,1163.0
699,HLA-B07:02,36185.86,ANZ78847,ALLFRNIKCNY,699,1164.0
1222,HLA-B07:02,36188.83,ANZ78847,NYTKAPYVMLN,1222,1165.0
1158,HLA-B07:02,36212.8,ANZ78847,SYVPTKYVTAK,1158,1166.0
17,HLA-B07:02,36236.18,ANZ78847,DLKCPLDSRTG,17,1167.0
69,HLA-B07:02,36240.7,ANZ78847,GYYPTSGSTYR,69,1168.0
1091,HLA-B07:02,36251.76,ANZ78847,GRLTALNAYVS,1091,1169.0
676,HLA-B07:02,36264.86,ANZ78847,TFMIRSCYSGR,676,1170.0
208,HLA-B07:02,36285.52,ANZ78847,YDVNATYLYFH,208,1171.0
743,HLA-B07:02,36292.94,ANZ78847,VQTCDLTVGSG,743,1172.0
360,HLA-B07:02,36309.0,ANZ78847,ERKTFSNCNFN,360,1173.0
841,HLA-B07:02,36326.18,ANZ78847,EYGSFCDNINA,841,1174.0
500,HLA-B07:02,36335.2,ANZ78847,CKSNSSLCVGS,500,1175.0
774,HLA-B07:02,36335.71,ANZ78847,FTNFEPFTVNS,774,1176.0
186,HLA-B07:02,36342.6,ANZ78847,HFKELWHMDTG,186,1177.0
1342,HLA-B07:02,36345.1,ANZ78847,GCCDDYTGYQE,1342,1178.0
630,HLA-B07:02,36362.45,ANZ78847,VNYDLYGISGQ,630,1179.0
806,HLA-B07:02,36364.8,ANZ78847,IGNMEEFIQTS,806,1180.0
293,HLA-B07:02,36386.27,ANZ78847,NAVDCMSDFMS,293,1181.0
341,HLA-B07:02,36402.13,ANZ78847,NCNIEAWLNDK,341,1182.0
279,HLA-B07:02,36403.46,ANZ78847,RQYLLAFNQDG,279,1183.0
395,HLA-B07:02,36456.02,ANZ78847,GMCFSSITIDK,395,1184.0
204,HLA-B07:02,36461.02,ANZ78847,RNFTYDVNATY,204,1185.0
1117,HLA-B07:02,36464.22,ANZ78847,AMEKVNECVKS,1117,1186.0
349,HLA-B07:02,36465.23,ANZ78847,NDKSVPSPLNW,349,1187.0
986,HLA-B07:02,36467.9,ANZ78847,AGVPFYLNVQY,986,1188.0
416,HLA-B07:02,36482.58,ANZ78847,LQLGNLGYLQS,416,1189.0
913,HLA-B07:02,36490.03,ANZ78847,AIEDLLFDKVK,913,1190.0
39,HLA-B07:02,36492.06,ANZ78847,ISTATVDVTNG,39,1191.0
1299,HLA-B07:02,36506.53,ANZ78847,EYYVKWPWYVW,1299,1192.0
834,HLA-B07:02,36520.47,ANZ78847,ACKSQLVEYGS,834,1193.0
714,HLA-B07:02,36525.98,ANZ78847,SLTRQLQPINY,714,1194.0
716,HLA-B07:02,36533.14,ANZ78847,TRQLQPINYFD,716,1195.0
1199,HLA-B07:02,36535.66,ANZ78847,GSGYYYPEPIT,1199,1196.0
372,HLA-B07:02,36548.77,ANZ78847,SSLMSFIQADS,372,1197.0
195,HLA-B07:02,36551.82,ANZ78847,TGVVSCLYKRN,195,1198.0
1216,HLA-B07:02,36557.77,ANZ78847,MSTCAVNYTKA,1216,1199.0
1338,HLA-B07:02,36560.16,ANZ78847,KKCGGCCDDYT,1338,1200.0
1139,HLA-B07:02,36593.89,ANZ78847,NHIISLVQNAP,1139,1201.0
959,HLA-B07:02,36597.35,ANZ78847,PLLSENQISGY,959,1202.0
803,HLA-B07:02,36619.63,ANZ78847,DFTIGNMEEFI,803,1203.0
609,HLA-B07:02,36622.49,ANZ78847,SGLTCSTDLQK,609,1204.0
526,HLA-B07:02,36642.76,ANZ78847,NYLTCHNLCNP,526,1205.0
1328,HLA-B07:02,36668.4,ANZ78847,CCTGCGTSCFK,1328,1206.0
942,HLA-B07:02,36679.01,ANZ78847,IRDLICVQSYK,942,1207.0
1155,HLA-B07:02,36685.14,ANZ78847,IHFSYVPTKYV,1155,1208.0
1024,HLA-B07:02,36688.17,ANZ78847,DAIQEGFDATN,1024,1209.0
1187,HLA-B07:02,36696.68,ANZ78847,YFVNVNNTWMY,1187,1210.0
1207,HLA-B07:02,36704.94,ANZ78847,PITENNVVVMS,1207,1211.0
402,HLA-B07:02,36706.85,ANZ78847,TIDKFAIPNGR,402,1212.0
342,HLA-B07:02,36715.67,ANZ78847,CNIEAWLNDKS,342,1213.0
962,HLA-B07:02,36718.96,ANZ78847,SENQISGYTLA,962,1214.0
1119,HLA-B07:02,36729.76,ANZ78847,EKVNECVKSQS,1119,1215.0
129,HLA-B07:02,36734.42,ANZ78847,TIGSTFVNTSY,129,1216.0
1292,HLA-B07:02,36739.21,ANZ78847,LKDIGTYEYYV,1292,1217.0
1244,HLA-B07:02,36740.44,ANZ78847,ELDQWFKNQTS,1244,1218.0
48,HLA-B07:02,36745.64,ANZ78847,NGLGTYYVLDR,48,1219.0
653,HLA-B07:02,36747.21,ANZ78847,SWQNLLYDSNG,653,1220.0
61,HLA-B07:02,36754.24,ANZ78847,LNTTLFLNGYY,61,1221.0
631,HLA-B07:02,36762.4,ANZ78847,NYDLYGISGQG,631,1222.0
665,HLA-B07:02,36784.49,ANZ78847,LYGFRDYLTNR,665,1223.0
943,HLA-B07:02,36785.12,ANZ78847,RDLICVQSYKG,943,1224.0
925,HLA-B07:02,36793.32,ANZ78847,SDVGFVAAYNN,925,1225.0
1143,HLA-B07:02,36833.27,ANZ78847,SLVQNAPYGLY,1143,1226.0
224,HLA-B07:02,36837.75,ANZ78847,GTFYAYFTDTG,224,1227.0
296,HLA-B07:02,36847.67,ANZ78847,DCMSDFMSEIK,296,1228.0
184,HLA-B07:02,36856.18,ANZ78847,GNHFKELWHMD,184,1229.0
652,HLA-B07:02,36914.66,ANZ78847,NSWQNLLYDSN,652,1230.0
538,HLA-B07:02,36931.86,ANZ78847,PITFTGPYKCP,538,1231.0
1344,HLA-B07:02,36946.05,ANZ78847,CDDYTGYQELV,1344,1232.0
52,HLA-B07:02,36955.97,ANZ78847,TYYVLDRVYLN,52,1233.0
228,HLA-B07:02,36956.79,ANZ78847,AYFTDTGVVTK,228,1234.0
694,HLA-B07:02,36978.48,ANZ78847,NSSEPALLFRN,694,1235.0
87,HLA-B07:02,36982.61,ANZ78847,DKLSTLWFKPP,87,1236.0
483,HLA-B07:02,36984.5,ANZ78847,DVVYAQHCFKA,483,1237.0
452,HLA-B07:02,36994.59,ANZ78847,SRFNPSTWNKR,452,1238.0
837,HLA-B07:02,37001.73,ANZ78847,SQLVEYGSFCD,837,1239.0
462,HLA-B07:02,37013.61,ANZ78847,RFGFIEDSVFK,462,1240.0
828,HLA-B07:02,37022.57,ANZ78847,VCGDYAACKSQ,828,1241.0
194,HLA-B07:02,37031.45,ANZ78847,DTGVVSCLYKR,194,1242.0
399,HLA-B07:02,37040.44,ANZ78847,SSITIDKFAIP,399,1243.0
568,HLA-B07:02,37041.02,ANZ78847,DYCGGNPCTCQ,568,1244.0
1149,HLA-B07:02,37052.62,ANZ78847,PYGLYFIHFSY,1149,1245.0
659,HLA-B07:02,37057.07,ANZ78847,YDSNGNLYGFR,659,1246.0
350,HLA-B07:02,37063.15,ANZ78847,DKSVPSPLNWE,350,1247.0
1331,HLA-B07:02,37065.43,ANZ78847,GCGTSCFKKCG,1331,1248.0
101,HLA-B07:02,37066.98,ANZ78847,DFINGIFAKVK,101,1249.0
1241,HLA-B07:02,37068.36,ANZ78847,FREELDQWFKN,1241,1250.0
221,HLA-B07:02,37073.55,ANZ78847,QEGGTFYAYFT,221,1251.0
854,HLA-B07:02,37075.69,ANZ78847,TEVNELLDTTQ,854,1252.0
615,HLA-B07:02,37085.01,ANZ78847,TDLQKANTDIK,615,1253.0
885,HLA-B07:02,37093.29,ANZ78847,VNFNVDDINFS,885,1254.0
104,HLA-B07:02,37116.48,ANZ78847,NGIFAKVKNTK,104,1255.0
815,HLA-B07:02,37117.44,ANZ78847,TSSPKVTIDCA,815,1256.0
999,HLA-B07:02,37131.33,ANZ78847,NGLGVTMDVLS,999,1257.0
384,HLA-B07:02,37142.24,ANZ78847,TCNNIDAAKIY,384,1258.0
164,HLA-B07:02,37167.52,ANZ78847,VSVCQYNMCEY,164,1259.0
326,HLA-B07:02,37168.04,ANZ78847,VQPIADVYRRK,326,1260.0
1110,HLA-B07:02,37172.8,ANZ78847,VKFSAAQAMEK,1110,1261.0
116,HLA-B07:02,37175.03,ANZ78847,FKDGVMYSEFP,116,1262.0
47,HLA-B07:02,37180.46,ANZ78847,TNGLGTYYVLD,47,1263.0
856,HLA-B07:02,37205.51,ANZ78847,VNELLDTTQLQ,856,1264.0
222,HLA-B07:02,37209.6,ANZ78847,EGGTFYAYFTD,222,1265.0
362,HLA-B07:02,37217.95,ANZ78847,KTFSNCNFNMS,362,1266.0
80,HLA-B07:02,37237.43,ANZ78847,NMALKGTDKLS,80,1267.0
218,HLA-B07:02,37245.56,ANZ78847,HFYQEGGTFYA,218,1268.0
420,HLA-B07:02,37249.18,ANZ78847,NLGYLQSFNYR,420,1269.0
1232,HLA-B07:02,37296.7,ANZ78847,NTSIPNLPDFR,1232,1270.0
576,HLA-B07:02,37296.93,ANZ78847,TCQPQAFLGWS,576,1271.0
1201,HLA-B07:02,37326.47,ANZ78847,GYYYPEPITEN,1201,1272.0
748,HLA-B07:02,37328.11,ANZ78847,LTVGSGYCVDY,748,1273.0
351,HLA-B07:02,37336.51,ANZ78847,KSVPSPLNWER,351,1274.0
85,HLA-B07:02,37345.21,ANZ78847,GTDKLSTLWFK,85,1275.0
654,HLA-B07:02,37348.86,ANZ78847,WQNLLYDSNGN,654,1276.0
944,HLA-B07:02,37376.4,ANZ78847,DLICVQSYKGI,944,1277.0
300,HLA-B07:02,37377.25,ANZ78847,DFMSEIKCKTQ,300,1278.0
112,HLA-B07:02,37402.83,ANZ78847,NTKVFKDGVMY,112,1279.0
422,HLA-B07:02,37408.01,ANZ78847,GYLQSFNYRID,422,1280.0
158,HLA-B07:02,37408.74,ANZ78847,LQGLLEVSVCQ,158,1281.0
478,HLA-B07:02,37409.49,ANZ78847,VLTNHDVVYAQ,478,1282.0
1346,HLA-B07:02,37424.01,ANZ78847,DYTGYQELVIK,1346,1283.0
1294,HLA-B07:02,37426.87,ANZ78847,DIGTYEYYVKW,1294,1284.0
476,HLA-B07:02,37435.0,ANZ78847,AGVLTNHDVVY,476,1285.0
752,HLA-B07:02,37447.45,ANZ78847,SGYCVDYSKNR,752,1286.0
323,HLA-B07:02,37465.11,ANZ78847,GYTVQPIADVY,323,1287.0
1269,HLA-B07:02,37474.31,ANZ78847,LDLQVEMNRLQ,1269,1288.0
50,HLA-B07:02,37519.35,ANZ78847,LGTYYVLDRVY,50,1289.0
1077,HLA-B07:02,37526.29,ANZ78847,DALEAEAQIDR,1077,1290.0
1341,HLA-B07:02,37531.55,ANZ78847,GGCCDDYTGYQ,1341,1291.0
489,HLA-B07:02,37534.41,ANZ78847,HCFKAPKNFCP,489,1292.0
44,HLA-B07:02,37555.39,ANZ78847,VDVTNGLGTYY,44,1293.0
62,HLA-B07:02,37588.4,ANZ78847,NTTLFLNGYYP,62,1294.0
1262,HLA-B07:02,37592.48,ANZ78847,DYINVTFLDLQ,1262,1295.0
1339,HLA-B07:02,37616.61,ANZ78847,KCGGCCDDYTG,1339,1296.0
1290,HLA-B07:02,37617.27,ANZ78847,INLKDIGTYEY,1290,1297.0
641,HLA-B07:02,37623.81,ANZ78847,GIFVEVNATYY,641,1298.0
1266,HLA-B07:02,37634.64,ANZ78847,VTFLDLQVEMN,1266,1299.0
198,HLA-B07:02,37634.69,ANZ78847,VSCLYKRNFTY,198,1300.0
167,HLA-B07:02,37650.62,ANZ78847,CQYNMCEYPHT,167,1301.0
318,HLA-B07:02,37693.26,ANZ78847,VYELNGYTVQP,318,1302.0
86,HLA-B07:02,37693.67,ANZ78847,TDKLSTLWFKP,86,1303.0
192,HLA-B07:02,37742.22,ANZ78847,HMDTGVVSCLY,192,1304.0
540,HLA-B07:02,37747.32,ANZ78847,TFTGPYKCPQS,540,1305.0
1267,HLA-B07:02,37766.71,ANZ78847,TFLDLQVEMNR,1267,1306.0
1253,HLA-B07:02,37767.22,ANZ78847,TSVAPDLALDY,1253,1307.0
750,HLA-B07:02,37775.82,ANZ78847,VGSGYCVDYSK,750,1308.0
1240,HLA-B07:02,37795.84,ANZ78847,DFREELDQWFK,1240,1309.0
210,HLA-B07:02,37798.11,ANZ78847,VNATYLYFHFY,210,1310.0
1329,HLA-B07:02,37809.47,ANZ78847,CTGCGTSCFKK,1329,1311.0
1193,HLA-B07:02,37812.51,ANZ78847,NTWMYTGSGYY,1193,1312.0
213,HLA-B07:02,37813.06,ANZ78847,TYLYFHFYQEG,213,1313.0
751,HLA-B07:02,37841.26,ANZ78847,GSGYCVDYSKN,751,1314.0
1242,HLA-B07:02,37841.67,ANZ78847,REELDQWFKNQ,1242,1315.0
1295,HLA-B07:02,37841.71,ANZ78847,IGTYEYYVKWP,1295,1316.0
463,HLA-B07:02,37844.23,ANZ78847,FGFIEDSVFKP,463,1317.0
1215,HLA-B07:02,37866.91,ANZ78847,VMSTCAVNYTK,1215,1318.0
1195,HLA-B07:02,37884.49,ANZ78847,WMYTGSGYYYP,1195,1319.0
559,HLA-B07:02,37887.92,ANZ78847,HCSGLAVKSDY,559,1320.0
1031,HLA-B07:02,37921.42,ANZ78847,DATNSALVKIQ,1031,1321.0
482,HLA-B07:02,37955.64,ANZ78847,HDVVYAQHCFK,482,1322.0
717,HLA-B07:02,37960.06,ANZ78847,RQLQPINYFDS,717,1323.0
1348,HLA-B07:02,37960.6,ANZ78847,TGYQELVIKTS,1348,1324.0
265,HLA-B07:02,37980.14,ANZ78847,IGFTLEYWVTP,265,1325.0
744,HLA-B07:02,38020.94,ANZ78847,QTCDLTVGSGY,744,1326.0
1291,HLA-B07:02,38042.68,ANZ78847,NLKDIGTYEYY,1291,1327.0
1337,HLA-B07:02,38053.66,ANZ78847,FKKCGGCCDDY,1337,1328.0
622,HLA-B07:02,38132.47,ANZ78847,TDIKLGVCVNY,622,1329.0
243,HLA-B07:02,38142.46,ANZ78847,VYLGMALSHYY,243,1330.0
149,HLA-B07:02,38149.66,ANZ78847,NSTQDGVNKLQ,149,1331.0
1288,HLA-B07:02,38156.66,ANZ78847,SYINLKDIGTY,1288,1332.0
726,HLA-B07:02,38161.88,ANZ78847,DSYLGCVVNAY,726,1333.0
219,HLA-B07:02,38164.36,ANZ78847,FYQEGGTFYAY,219,1334.0
822,HLA-B07:02,38176.82,ANZ78847,IDCAAFVCGDY,822,1335.0
415,HLA-B07:02,38179.5,ANZ78847,DLQLGNLGYLQ,415,1336.0
915,HLA-B07:02,38245.82,ANZ78847,EDLLFDKVKLS,915,1337.0
1194,HLA-B07:02,38268.9,ANZ78847,TWMYTGSGYYY,1194,1338.0
64,HLA-B07:02,38279.45,ANZ78847,TLFLNGYYPTS,64,1339.0
640,HLA-B07:02,38299.84,ANZ78847,QGIFVEVNATY,640,1340.0
419,HLA-B07:02,38307.13,ANZ78847,GNLGYLQSFNY,419,1341.0
608,HLA-B07:02,38311.7,ANZ78847,NSGLTCSTDLQ,608,1342.0
217,HLA-B07:02,38317.92,ANZ78847,FHFYQEGGTFY,217,1343.0
432,HLA-B07:02,38337.68,ANZ78847,DTTATSCQLYY,432,1344.0
1340,HLA-B07:02,38370.02,ANZ78847,CGGCCDDYTGY,1340,1345.0
159,HLA-B07:02,38400.26,ANZ78847,QGLLEVSVCQY,159,1346.0
661,HLA-B07:02,38461.78,ANZ78847,SNGNLYGFRDY,661,1347.0
649,HLA-B07:02,38476.42,ANZ78847,TYYNSWQNLLY,649,1348.0
786,HLA-B07:02,38541.1,ANZ78847,NDSLEPVGGLY,786,1349.0
625,HLA-B07:02,38546.9,ANZ78847,KLGVCVNYDLY,625,1350.0
1297,HLA-B07:02,38565.34,ANZ78847,TYEYYVKWPWY,1297,1351.0
1293,HLA-B07:02,38728.72,ANZ78847,KDIGTYEYYVK,1293,1352.0
444,HLA-B35:01,2103.55,ANZ78847,LPAANVSVSRF,444,1.0
125,HLA-B35:01,2684.34,ANZ78847,FPAITIGSTFV,125,2.0
1304,HLA-B35:01,2715.16,ANZ78847,WPWYVWLLICL,1304,3.0
8,HLA-B35:01,2715.47,ANZ78847,LPTAFAVIGDL,8,4.0
535,HLA-B35:01,2717.69,ANZ78847,NPDPITFTGPY,535,5.0
1206,HLA-B35:01,2764.93,ANZ78847,EPITENNVVVM,1206,6.0
174,HLA-B35:01,2810.69,ANZ78847,YPHTICHPNLG,174,7.0
692,HLA-B35:01,2996.66,ANZ78847,HANSSEPALLF,692,8.0
832,HLA-B35:01,3278.05,ANZ78847,YAACKSQLVEY,832,9.0
71,HLA-B35:01,3625.47,ANZ78847,YPTSGSTYRNM,71,10.0
192,HLA-B35:01,3645.44,ANZ78847,HMDTGVVSCLY,192,11.0
1204,HLA-B35:01,3685.88,ANZ78847,YPEPITENNVV,1204,12.0
206,HLA-B35:01,3695.1,ANZ78847,FTYDVNATYLY,206,13.0
1235,HLA-B35:01,3811.16,ANZ78847,IPNLPDFREEL,1235,14.0
1213,HLA-B35:01,3864.61,ANZ78847,VVVMSTCAVNY,1213,15.0
384,HLA-B35:01,3871.56,ANZ78847,TCNNIDAAKIY,384,16.0
339,HLA-B35:01,3926.47,ANZ78847,LPNCNIEAWLN,339,17.0
979,HLA-B35:01,4186.87,ANZ78847,FPPWTAAAGVP,979,18.0
1154,HLA-B35:01,4200.31,ANZ78847,FIHFSYVPTKY,1154,19.0
314,HLA-B35:01,4233.11,ANZ78847,PPTGVYELNGY,314,20.0
247,HLA-B35:01,4233.16,ANZ78847,MALSHYYVMPL,247,21.0
817,HLA-B35:01,4300.56,ANZ78847,SPKVTIDCAAF,817,22.0
980,HLA-B35:01,4477.48,ANZ78847,PPWTAAAGVPF,980,23.0
1218,HLA-B35:01,4494.37,ANZ78847,TCAVNYTKAPY,1218,24.0
180,HLA-B35:01,4541.22,ANZ78847,HPNLGNHFKEL,180,25.0
521,HLA-B35:01,4602.84,ANZ78847,CPAGTNYLTCH,521,26.0
981,HLA-B35:01,4682.16,ANZ78847,PWTAAAGVPFY,981,27.0
1187,HLA-B35:01,4737.35,ANZ78847,YFVNVNNTWMY,1187,28.0
959,HLA-B35:01,4737.44,ANZ78847,PLLSENQISGY,959,29.0
282,HLA-B35:01,4792.74,ANZ78847,LLAFNQDGIIF,282,30.0
255,HLA-B35:01,4805.93,ANZ78847,MPLTCISRRNI,255,31.0
988,HLA-B35:01,4820.54,ANZ78847,VPFYLNVQYRI,988,32.0
790,HLA-B35:01,4838.77,ANZ78847,EPVGGLYEIQI,790,33.0
573,HLA-B35:01,4892.5,ANZ78847,NPCTCQPQAFL,573,34.0
396,HLA-B35:01,4916.12,ANZ78847,MCFSSITIDKF,396,35.0
957,HLA-B35:01,4937.46,ANZ78847,LPPLLSENQIS,957,36.0
227,HLA-B35:01,4942.93,ANZ78847,YAYFTDTGVVT,227,37.0
455,HLA-B35:01,4982.88,ANZ78847,NPSTWNKRFGF,455,38.0
1140,HLA-B35:01,4983.28,ANZ78847,HIISLVQNAPY,1140,39.0
1314,HLA-B35:01,5003.41,ANZ78847,LAGVAMLVLLF,1314,40.0
1253,HLA-B35:01,5032.27,ANZ78847,TSVAPDLALDY,1253,41.0
778,HLA-B35:01,5041.7,ANZ78847,EPFTVNSVNDS,778,42.0
97,HLA-B35:01,5061.25,ANZ78847,PFLSDFINGIF,97,43.0
164,HLA-B35:01,5136.53,ANZ78847,VSVCQYNMCEY,164,44.0
12,HLA-B35:01,5148.29,ANZ78847,FAVIGDLKCPL,12,45.0
406,HLA-B35:01,5154.52,ANZ78847,FAIPNGRKVDL,406,46.0
983,HLA-B35:01,5156.12,ANZ78847,TAAAGVPFYLN,983,47.0
726,HLA-B35:01,5185.8,ANZ78847,DSYLGCVVNAY,726,48.0
531,HLA-B35:01,5192.21,ANZ78847,HNLCNPDPITF,531,49.0
275,HLA-B35:01,5193.32,ANZ78847,PLTSRQYLLAF,275,50.0
283,HLA-B35:01,5215.87,ANZ78847,LAFNQDGIIFN,283,51.0
20,HLA-B35:01,5230.93,ANZ78847,CPLDSRTGSLN,20,52.0
209,HLA-B35:01,5249.41,ANZ78847,DVNATYLYFHF,209,53.0
373,HLA-B35:01,5255.98,ANZ78847,SLMSFIQADSF,373,54.0
1265,HLA-B35:01,5264.9,ANZ78847,NVTFLDLQVEM,1265,55.0
434,HLA-B35:01,5266.56,ANZ78847,TATSCQLYYNL,434,56.0
242,HLA-B35:01,5285.18,ANZ78847,NVYLGMALSHY,242,57.0
941,HLA-B35:01,5302.57,ANZ78847,EIRDLICVQSY,941,58.0
1258,HLA-B35:01,5308.42,ANZ78847,DLALDYINVTF,1258,59.0
547,HLA-B35:01,5309.06,ANZ78847,CPQSKSLVGIG,547,60.0
336,HLA-B35:01,5315.16,ANZ78847,KPDLPNCNIEA,336,61.0
210,HLA-B35:01,5319.62,ANZ78847,VNATYLYFHFY,210,62.0
1212,HLA-B35:01,5322.76,ANZ78847,NVVVMSTCAVN,1212,63.0
124,HLA-B35:01,5337.42,ANZ78847,EFPAITIGSTF,124,64.0
1147,HLA-B35:01,5351.93,ANZ78847,NAPYGLYFIHF,1147,65.0
1041,HLA-B35:01,5356.92,ANZ78847,QAVVNANAEAL,1041,66.0
245,HLA-B35:01,5375.13,ANZ78847,LGMALSHYYVM,245,67.0
1238,HLA-B35:01,5376.55,ANZ78847,LPDFREELDQW,1238,68.0
309,HLA-B35:01,5381.22,ANZ78847,TQSIAPPTGVY,309,69.0
1220,HLA-B35:01,5381.73,ANZ78847,AVNYTKAPYVM,1220,70.0
969,HLA-B35:01,5392.23,ANZ78847,YTLAATSASLF,969,71.0
718,HLA-B35:01,5392.58,ANZ78847,QLQPINYFDSY,718,72.0
134,HLA-B35:01,5406.23,ANZ78847,FVNTSYSVVVQ,134,73.0
1259,HLA-B35:01,5406.44,ANZ78847,LALDYINVTFL,1259,74.0
219,HLA-B35:01,5440.83,ANZ78847,FYQEGGTFYAY,219,75.0
649,HLA-B35:01,5443.22,ANZ78847,TYYNSWQNLLY,649,76.0
1228,HLA-B35:01,5443.48,ANZ78847,YVMLNTSIPNL,1228,77.0
498,HLA-B35:01,5451.43,ANZ78847,CPCKSNSSLCV,498,78.0
408,HLA-B35:01,5457.54,ANZ78847,IPNGRKVDLQL,408,79.0
800,HLA-B35:01,5460.12,ANZ78847,IPSDFTIGNME,800,80.0
1303,HLA-B35:01,5475.57,ANZ78847,KWPWYVWLLIC,1303,81.0
850,HLA-B35:01,5477.81,ANZ78847,NAILTEVNELL,850,82.0
60,HLA-B35:01,5484.44,ANZ78847,YLNTTLFLNGY,60,83.0
1094,HLA-B35:01,5489.9,ANZ78847,TALNAYVSQQL,1094,84.0
884,HLA-B35:01,5490.4,ANZ78847,GVNFNVDDINF,884,85.0
1194,HLA-B35:01,5493.85,ANZ78847,TWMYTGSGYYY,1194,86.0
126,HLA-B35:01,5493.97,ANZ78847,PAITIGSTFVN,126,87.0
43,HLA-B35:01,5523.51,ANZ78847,TVDVTNGLGTY,43,88.0
1017,HLA-B35:01,5527.98,ANZ78847,NAFNNALDAIQ,1017,89.0
681,HLA-B35:01,5549.72,ANZ78847,SCYSGRVSAAF,681,90.0
720,HLA-B35:01,5551.8,ANZ78847,QPINYFDSYLG,720,91.0
50,HLA-B35:01,5565.96,ANZ78847,LGTYYVLDRVY,50,92.0
986,HLA-B35:01,5575.56,ANZ78847,AGVPFYLNVQY,986,93.0
572,HLA-B35:01,5580.35,ANZ78847,GNPCTCQPQAF,572,94.0
1327,HLA-B35:01,5582.1,ANZ78847,CCCTGCGTSCF,1327,95.0
641,HLA-B35:01,5588.31,ANZ78847,GIFVEVNATYY,641,96.0
1045,HLA-B35:01,5592.21,ANZ78847,NANAEALNNLL,1045,97.0
849,HLA-B35:01,5594.83,ANZ78847,INAILTEVNEL,849,98.0
786,HLA-B35:01,5615.65,ANZ78847,NDSLEPVGGLY,786,99.0
589,HLA-B35:01,5639.64,ANZ78847,SCLQGDKCNIF,589,100.0
274,HLA-B35:01,5647.63,ANZ78847,TPLTSRQYLLA,274,101.0
1317,HLA-B35:01,5648.35,ANZ78847,VAMLVLLFFIC,1317,102.0
923,HLA-B35:01,5650.75,ANZ78847,KLSDVGFVAAY,923,103.0
1042,HLA-B35:01,5670.83,ANZ78847,AVVNANAEALN,1042,104.0
1160,HLA-B35:01,5673.14,ANZ78847,VPTKYVTAKVS,1160,105.0
1226,HLA-B35:01,5676.13,ANZ78847,APYVMLNTSIP,1226,106.0
1089,HLA-B35:01,5685.74,ANZ78847,INGRLTALNAY,1089,107.0
824,HLA-B35:01,5686.33,ANZ78847,CAAFVCGDYAA,824,108.0
971,HLA-B35:01,5695.85,ANZ78847,LAATSASLFPP,971,109.0
734,HLA-B35:01,5699.54,ANZ78847,NAYNSTAISVQ,734,110.0
10,HLA-B35:01,5699.7,ANZ78847,TAFAVIGDLKC,10,111.0
640,HLA-B35:01,5700.79,ANZ78847,QGIFVEVNATY,640,112.0
472,HLA-B35:01,5714.5,ANZ78847,KPQPAGVLTNH,472,113.0
958,HLA-B35:01,5716.2,ANZ78847,PPLLSENQISG,958,114.0
1143,HLA-B35:01,5729.02,ANZ78847,SLVQNAPYGLY,1143,115.0
1290,HLA-B35:01,5747.83,ANZ78847,INLKDIGTYEY,1290,116.0
291,HLA-B35:01,5748.33,ANZ78847,IFNAVDCMSDF,291,117.0
1149,HLA-B35:01,5751.37,ANZ78847,PYGLYFIHFSY,1149,118.0
656,HLA-B35:01,5754.61,ANZ78847,NLLYDSNGNLY,656,119.0
207,HLA-B35:01,5781.41,ANZ78847,TYDVNATYLYF,207,120.0
701,HLA-B35:01,5790.67,ANZ78847,LFRNIKCNYVF,701,121.0
1148,HLA-B35:01,5793.77,ANZ78847,APYGLYFIHFS,1148,122.0
1279,HLA-B35:01,5808.18,ANZ78847,QEAIKVLNQSY,1279,123.0
2,HLA-B35:01,5811.14,ANZ78847,LILLISLPTAF,2,124.0
822,HLA-B35:01,5811.94,ANZ78847,IDCAAFVCGDY,822,125.0
559,HLA-B35:01,5812.05,ANZ78847,HCSGLAVKSDY,559,126.0
1035,HLA-B35:01,5831.36,ANZ78847,SALVKIQAVVN,1035,127.0
533,HLA-B35:01,5834.0,ANZ78847,LCNPDPITFTG,533,128.0
987,HLA-B35:01,5837.99,ANZ78847,GVPFYLNVQYR,987,129.0
1020,HLA-B35:01,5845.97,ANZ78847,NNALDAIQEGF,1020,130.0
732,HLA-B35:01,5846.04,ANZ78847,VVNAYNSTAIS,732,131.0
1305,HLA-B35:01,5852.11,ANZ78847,PWYVWLLICLA,1305,132.0
1108,HLA-B35:01,5870.09,ANZ78847,TLVKFSAAQAM,1108,133.0
690,HLA-B35:01,5871.43,ANZ78847,AFHANSSEPAL,690,134.0
781,HLA-B35:01,5879.9,ANZ78847,TVNSVNDSLEP,781,135.0
476,HLA-B35:01,5882.32,ANZ78847,AGVLTNHDVVY,476,136.0
354,HLA-B35:01,5884.25,ANZ78847,PSPLNWERKTF,354,137.0
234,HLA-B35:01,5887.69,ANZ78847,GVVTKFLFNVY,234,138.0
313,HLA-B35:01,5889.85,ANZ78847,APPTGVYELNG,313,139.0
129,HLA-B35:01,5890.13,ANZ78847,TIGSTFVNTSY,129,140.0
239,HLA-B35:01,5890.42,ANZ78847,FLFNVYLGMAL,239,141.0
432,HLA-B35:01,5896.07,ANZ78847,DTTATSCQLYY,432,142.0
217,HLA-B35:01,5918.36,ANZ78847,FHFYQEGGTFY,217,143.0
271,HLA-B35:01,5923.45,ANZ78847,YWVTPLTSRQY,271,144.0
748,HLA-B35:01,5925.18,ANZ78847,LTVGSGYCVDY,748,145.0
1015,HLA-B35:01,5925.79,ANZ78847,IANAFNNALDA,1015,146.0
177,HLA-B35:01,5929.35,ANZ78847,TICHPNLGNHF,177,147.0
1320,HLA-B35:01,5931.26,ANZ78847,LVLLFFICCCT,1320,148.0
98,HLA-B35:01,5933.35,ANZ78847,FLSDFINGIFA,98,149.0
977,HLA-B35:01,5934.21,ANZ78847,SLFPPWTAAAG,977,150.0
171,HLA-B35:01,5935.01,ANZ78847,MCEYPHTICHP,171,151.0
599,HLA-B35:01,5941.41,ANZ78847,FANLILHDVNS,599,152.0
159,HLA-B35:01,5951.08,ANZ78847,QGLLEVSVCQY,159,153.0
1312,HLA-B35:01,5955.77,ANZ78847,ICLAGVAMLVL,1312,154.0
975,HLA-B35:01,5959.0,ANZ78847,SASLFPPWTAA,975,155.0
982,HLA-B35:01,5961.02,ANZ78847,WTAAAGVPFYL,982,156.0
1188,HLA-B35:01,5974.37,ANZ78847,FVNVNNTWMYT,1188,157.0
794,HLA-B35:01,5975.03,ANZ78847,GLYEIQIPSDF,794,158.0
888,HLA-B35:01,5975.35,ANZ78847,NVDDINFSSVL,888,159.0
220,HLA-B35:01,5977.1,ANZ78847,YQEGGTFYAYF,220,160.0
709,HLA-B35:01,5977.89,ANZ78847,YVFNNSLTRQL,709,161.0
783,HLA-B35:01,5978.46,ANZ78847,NSVNDSLEPVG,783,162.0
1256,HLA-B35:01,5979.86,ANZ78847,APDLALDYINV,1256,163.0
1231,HLA-B35:01,5982.37,ANZ78847,LNTSIPNLPDF,1231,164.0
292,HLA-B35:01,5987.45,ANZ78847,FNAVDCMSDFM,292,165.0
845,HLA-B35:01,5993.02,ANZ78847,FCDNINAILTE,845,166.0
1043,HLA-B35:01,5993.02,ANZ78847,VVNANAEALNN,1043,166.0
1193,HLA-B35:01,5996.62,ANZ78847,NTWMYTGSGYY,1193,168.0
739,HLA-B35:01,5997.72,ANZ78847,TAISVQTCDLT,739,169.0
823,HLA-B35:01,6010.7,ANZ78847,DCAAFVCGDYA,823,170.0
311,HLA-B35:01,6012.51,ANZ78847,SIAPPTGVYEL,311,171.0
1309,HLA-B35:01,6013.55,ANZ78847,WLLICLAGVAM,1309,172.0
520,HLA-B35:01,6015.52,ANZ78847,TCPAGTNYLTC,520,173.0
329,HLA-B35:01,6018.45,ANZ78847,IADVYRRKPDL,329,174.0
799,HLA-B35:01,6019.9,ANZ78847,QIPSDFTIGNM,799,175.0
1182,HLA-B35:01,6021.41,ANZ78847,APKSGYFVNVN,1182,176.0
36,HLA-B35:01,6022.76,ANZ78847,PPSISTATVDV,36,177.0
909,HLA-B35:01,6025.12,ANZ78847,SSRSAIEDLLF,909,178.0
445,HLA-B35:01,6025.25,ANZ78847,PAANVSVSRFN,445,179.0
1315,HLA-B35:01,6028.64,ANZ78847,AGVAMLVLLFF,1315,180.0
243,HLA-B35:01,6030.58,ANZ78847,VYLGMALSHYY,243,181.0
474,HLA-B35:01,6031.19,ANZ78847,QPAGVLTNHDV,474,182.0
1255,HLA-B35:01,6031.85,ANZ78847,VAPDLALDYIN,1255,183.0
323,HLA-B35:01,6034.26,ANZ78847,GYTVQPIADVY,323,184.0
61,HLA-B35:01,6042.33,ANZ78847,LNTTLFLNGYY,61,185.0
961,HLA-B35:01,6048.2,ANZ78847,LSENQISGYTL,961,186.0
41,HLA-B35:01,6048.71,ANZ78847,TATVDVTNGLG,41,187.0
719,HLA-B35:01,6052.23,ANZ78847,LQPINYFDSYL,719,188.0
1063,HLA-B35:01,6053.13,ANZ78847,GAISSSLQEIL,1063,189.0
714,HLA-B35:01,6053.23,ANZ78847,SLTRQLQPINY,714,190.0
1343,HLA-B35:01,6054.22,ANZ78847,CCDDYTGYQEL,1343,191.0
443,HLA-B35:01,6061.12,ANZ78847,NLPAANVSVSR,443,192.0
1316,HLA-B35:01,6061.63,ANZ78847,GVAMLVLLFFI,1316,193.0
779,HLA-B35:01,6063.94,ANZ78847,PFTVNSVNDSL,779,194.0
1192,HLA-B35:01,6070.61,ANZ78847,NNTWMYTGSGY,1192,195.0
253,HLA-B35:01,6071.73,ANZ78847,YVMPLTCISRR,253,196.0
461,HLA-B35:01,6072.2,ANZ78847,KRFGFIEDSVF,461,197.0
208,HLA-B35:01,6074.7,ANZ78847,YDVNATYLYFH,208,198.0
1306,HLA-B35:01,6079.53,ANZ78847,WYVWLLICLAG,1306,199.0
1144,HLA-B35:01,6082.39,ANZ78847,LVQNAPYGLYF,1144,200.0
628,HLA-B35:01,6083.91,ANZ78847,VCVNYDLYGIS,628,201.0
574,HLA-B35:01,6085.1,ANZ78847,PCTCQPQAFLG,574,202.0
481,HLA-B35:01,6088.27,ANZ78847,NHDVVYAQHCF,481,203.0
1134,HLA-B35:01,6097.41,ANZ78847,FCGNGNHIISL,1134,204.0
115,HLA-B35:01,6098.52,ANZ78847,VFKDGVMYSEF,115,205.0
1219,HLA-B35:01,6100.49,ANZ78847,CAVNYTKAPYV,1219,206.0
281,HLA-B35:01,6101.95,ANZ78847,YLLAFNQDGII,281,207.0
1019,HLA-B35:01,6102.04,ANZ78847,FNNALDAIQEG,1019,208.0
731,HLA-B35:01,6105.61,ANZ78847,CVVNAYNSTAI,731,209.0
431,HLA-B35:01,6110.49,ANZ78847,IDTTATSCQLY,431,210.0
56,HLA-B35:01,6110.52,ANZ78847,LDRVYLNTTLF,56,211.0
388,HLA-B35:01,6112.12,ANZ78847,IDAAKIYGMCF,388,212.0
249,HLA-B35:01,6119.89,ANZ78847,LSHYYVMPLTC,249,213.0
6,HLA-B35:01,6122.55,ANZ78847,ISLPTAFAVIG,6,214.0
144,HLA-B35:01,6122.9,ANZ78847,QPRTINSTQDG,144,215.0
1227,HLA-B35:01,6123.12,ANZ78847,PYVMLNTSIPN,1227,216.0
1024,HLA-B35:01,6125.81,ANZ78847,DAIQEGFDATN,1024,217.0
848,HLA-B35:01,6126.14,ANZ78847,NINAILTEVNE,848,218.0
1099,HLA-B35:01,6127.97,ANZ78847,YVSQQLSDSTL,1099,219.0
1205,HLA-B35:01,6128.86,ANZ78847,PEPITENNVVV,1205,220.0
486,HLA-B35:01,6129.45,ANZ78847,YAQHCFKAPKN,486,221.0
44,HLA-B35:01,6135.22,ANZ78847,VDVTNGLGTYY,44,222.0
355,HLA-B35:01,6135.92,ANZ78847,SPLNWERKTFS,355,223.0
1207,HLA-B35:01,6136.38,ANZ78847,PITENNVVVMS,1207,224.0
170,HLA-B35:01,6137.68,ANZ78847,NMCEYPHTICH,170,225.0
235,HLA-B35:01,6144.07,ANZ78847,VVTKFLFNVYL,235,226.0
673,HLA-B35:01,6144.32,ANZ78847,TNRTFMIRSCY,673,227.0
529,HLA-B35:01,6145.9,ANZ78847,TCHNLCNPDPI,529,228.0
95,HLA-B35:01,6149.23,ANZ78847,KPPFLSDFING,95,229.0
96,HLA-B35:01,6151.52,ANZ78847,PPFLSDFINGI,96,230.0
633,HLA-B35:01,6153.83,ANZ78847,DLYGISGQGIF,633,231.0
543,HLA-B35:01,6160.01,ANZ78847,GPYKCPQSKSL,543,232.0
1124,HLA-B35:01,6162.25,ANZ78847,CVKSQSSRINF,1124,233.0
825,HLA-B35:01,6162.47,ANZ78847,AAFVCGDYAAC,825,234.0
173,HLA-B35:01,6163.73,ANZ78847,EYPHTICHPNL,173,235.0
1080,HLA-B35:01,6164.76,ANZ78847,EAEAQIDRLIN,1080,236.0
693,HLA-B35:01,6167.63,ANZ78847,ANSSEPALLFR,693,237.0
1170,HLA-B35:01,6170.95,ANZ78847,SPGLCIAGDRG,1170,238.0
46,HLA-B35:01,6172.05,ANZ78847,VTNGLGTYYVL,46,239.0
166,HLA-B35:01,6175.87,ANZ78847,VCQYNMCEYPH,166,240.0
1307,HLA-B35:01,6177.62,ANZ78847,YVWLLICLAGV,1307,241.0
205,HLA-B35:01,6180.87,ANZ78847,NFTYDVNATYL,205,242.0
1009,HLA-B35:01,6180.87,ANZ78847,SQNQKLIANAF,1009,242.0
846,HLA-B35:01,6182.41,ANZ78847,CDNINAILTEV,846,244.0
802,HLA-B35:01,6191.7,ANZ78847,SDFTIGNMEEF,802,245.0
1062,HLA-B35:01,6192.87,ANZ78847,FGAISSSLQEI,1062,246.0
1254,HLA-B35:01,6194.55,ANZ78847,SVAPDLALDYI,1254,247.0
842,HLA-B35:01,6196.03,ANZ78847,YGSFCDNINAI,842,248.0
1097,HLA-B35:01,6198.03,ANZ78847,NAYVSQQLSDS,1097,249.0
1280,HLA-B35:01,6199.81,ANZ78847,EAIKVLNQSYI,1280,250.0
929,HLA-B35:01,6200.39,ANZ78847,FVAAYNNCTGG,929,251.0
933,HLA-B35:01,6201.89,ANZ78847,YNNCTGGAEIR,933,252.0
1211,HLA-B35:01,6202.23,ANZ78847,NNVVVMSTCAV,1211,253.0
312,HLA-B35:01,6202.31,ANZ78847,IAPPTGVYELN,312,254.0
1340,HLA-B35:01,6205.35,ANZ78847,CGGCCDDYTGY,1340,255.0
499,HLA-B35:01,6208.71,ANZ78847,PCKSNSSLCVG,499,256.0
367,HLA-B35:01,6210.58,ANZ78847,CNFNMSSLMSF,367,257.0
469,HLA-B35:01,6212.08,ANZ78847,SVFKPQPAGVL,469,258.0
537,HLA-B35:01,6212.66,ANZ78847,DPITFTGPYKC,537,259.0
438,HLA-B35:01,6213.82,ANZ78847,CQLYYNLPAAN,438,260.0
970,HLA-B35:01,6214.09,ANZ78847,TLAATSASLFP,970,261.0
106,HLA-B35:01,6215.07,ANZ78847,IFAKVKNTKVF,106,262.0
1249,HLA-B35:01,6217.51,ANZ78847,FKNQTSVAPDL,1249,263.0
1173,HLA-B35:01,6218.34,ANZ78847,LCIAGDRGIAP,1173,264.0
784,HLA-B35:01,6228.48,ANZ78847,SVNDSLEPVGG,784,265.0
647,HLA-B35:01,6232.64,ANZ78847,NATYYNSWQNL,647,266.0
288,HLA-B35:01,6233.14,ANZ78847,DGIIFNAVDCM,288,267.0
1082,HLA-B35:01,6233.98,ANZ78847,EAQIDRLINGR,1082,268.0
1321,HLA-B35:01,6235.53,ANZ78847,VLLFFICCCTG,1321,269.0
327,HLA-B35:01,6237.26,ANZ78847,QPIADVYRRKP,327,270.0
738,HLA-B35:01,6242.08,ANZ78847,STAISVQTCDL,738,271.0
791,HLA-B35:01,6243.31,ANZ78847,PVGGLYEIQIP,791,272.0
1047,HLA-B35:01,6243.69,ANZ78847,NAEALNNLLQQ,1047,273.0
578,HLA-B35:01,6245.7,ANZ78847,QPQAFLGWSAD,578,274.0
419,HLA-B35:01,6248.86,ANZ78847,GNLGYLQSFNY,419,275.0
386,HLA-B35:01,6249.14,ANZ78847,NNIDAAKIYGM,386,276.0
204,HLA-B35:01,6253.95,ANZ78847,RNFTYDVNATY,204,277.0
133,HLA-B35:01,6254.68,ANZ78847,TFVNTSYSVVV,133,278.0
479,HLA-B35:01,6255.21,ANZ78847,LTNHDVVYAQH,479,279.0
715,HLA-B35:01,6257.21,ANZ78847,LTRQLQPINYF,715,280.0
364,HLA-B35:01,6258.0,ANZ78847,FSNCNFNMSSL,364,281.0
68,HLA-B35:01,6259.91,ANZ78847,NGYYPTSGSTY,68,282.0
688,HLA-B35:01,6260.24,ANZ78847,SAAFHANSSEP,688,283.0
417,HLA-B35:01,6264.23,ANZ78847,QLGNLGYLQSF,417,284.0
697,HLA-B35:01,6264.34,ANZ78847,EPALLFRNIKC,697,285.0
261,HLA-B35:01,6267.1,ANZ78847,SRRNIGFTLEY,261,286.0
629,HLA-B35:01,6268.9,ANZ78847,CVNYDLYGISG,629,287.0
1065,HLA-B35:01,6269.43,ANZ78847,ISSSLQEILSR,1065,288.0
402,HLA-B35:01,6269.47,ANZ78847,TIDKFAIPNGR,402,289.0
935,HLA-B35:01,6270.84,ANZ78847,NCTGGAEIRDL,935,290.0
764,HLA-B35:01,6272.58,ANZ78847,SRRAITTGYRF,764,291.0
989,HLA-B35:01,6274.33,ANZ78847,PFYLNVQYRIN,989,292.0
325,HLA-B35:01,6275.53,ANZ78847,TVQPIADVYRR,325,293.0
744,HLA-B35:01,6276.08,ANZ78847,QTCDLTVGSGY,744,294.0
191,HLA-B35:01,6276.98,ANZ78847,WHMDTGVVSCL,191,295.0
843,HLA-B35:01,6280.09,ANZ78847,GSFCDNINAIL,843,296.0
643,HLA-B35:01,6280.79,ANZ78847,FVEVNATYYNS,643,297.0
353,HLA-B35:01,6280.91,ANZ78847,VPSPLNWERKT,353,298.0
788,HLA-B35:01,6285.31,ANZ78847,SLEPVGGLYEI,788,299.0
121,HLA-B35:01,6286.71,ANZ78847,MYSEFPAITIG,121,300.0
1297,HLA-B35:01,6288.28,ANZ78847,TYEYYVKWPWY,1297,301.0
216,HLA-B35:01,6290.26,ANZ78847,YFHFYQEGGTF,216,302.0
161,HLA-B35:01,6292.64,ANZ78847,LLEVSVCQYNM,161,303.0
907,HLA-B35:01,6294.48,ANZ78847,KASSRSAIEDL,907,304.0
297,HLA-B35:01,6295.93,ANZ78847,CMSDFMSEIKC,297,305.0
819,HLA-B35:01,6298.0,ANZ78847,KVTIDCAAFVC,819,306.0
1021,HLA-B35:01,6299.39,ANZ78847,NALDAIQEGFD,1021,307.0
1077,HLA-B35:01,6299.42,ANZ78847,DALEAEAQIDR,1077,308.0
375,HLA-B35:01,6299.53,ANZ78847,MSFIQADSFTC,375,309.0
847,HLA-B35:01,6300.38,ANZ78847,DNINAILTEVN,847,310.0
139,HLA-B35:01,6300.41,ANZ78847,YSVVVQPRTIN,139,311.0
563,HLA-B35:01,6300.45,ANZ78847,LAVKSDYCGGN,563,312.0
707,HLA-B35:01,6301.01,ANZ78847,CNYVFNNSLTR,707,313.0
345,HLA-B35:01,6302.58,ANZ78847,EAWLNDKSVPS,345,314.0
1052,HLA-B35:01,6302.72,ANZ78847,NNLLQQLSNRF,1052,315.0
1251,HLA-B35:01,6304.16,ANZ78847,NQTSVAPDLAL,1251,316.0
293,HLA-B35:01,6305.38,ANZ78847,NAVDCMSDFMS,293,317.0
1239,HLA-B35:01,6306.99,ANZ78847,PDFREELDQWF,1239,318.0
1301,HLA-B35:01,6308.1,ANZ78847,YVKWPWYVWLL,1301,319.0
972,HLA-B35:01,6308.28,ANZ78847,AATSASLFPPW,972,320.0
642,HLA-B35:01,6310.07,ANZ78847,IFVEVNATYYN,642,321.0
256,HLA-B35:01,6310.18,ANZ78847,PLTCISRRNIG,256,322.0
522,HLA-B35:01,6312.43,ANZ78847,PAGTNYLTCHN,522,323.0
118,HLA-B35:01,6312.77,ANZ78847,DGVMYSEFPAI,118,324.0
1214,HLA-B35:01,6313.91,ANZ78847,VVMSTCAVNYT,1214,325.0
651,HLA-B35:01,6314.0,ANZ78847,YNSWQNLLYDS,651,326.0
1291,HLA-B35:01,6314.03,ANZ78847,NLKDIGTYEYY,1291,327.0
517,HLA-B35:01,6318.01,ANZ78847,GIGTCPAGTNY,517,328.0
1076,HLA-B35:01,6319.58,ANZ78847,LDALEAEAQID,1076,329.0
625,HLA-B35:01,6319.73,ANZ78847,KLGVCVNYDLY,625,330.0
257,HLA-B35:01,6319.89,ANZ78847,LTCISRRNIGF,257,331.0
394,HLA-B35:01,6321.75,ANZ78847,YGMCFSSITID,394,332.0
583,HLA-B35:01,6321.76,ANZ78847,LGWSADSCLQG,583,333.0
1268,HLA-B35:01,6322.39,ANZ78847,FLDLQVEMNRL,1268,334.0
1229,HLA-B35:01,6324.71,ANZ78847,VMLNTSIPNLP,1229,335.0
35,HLA-B35:01,6325.53,ANZ78847,GPPSISTATVD,35,336.0
272,HLA-B35:01,6327.17,ANZ78847,WVTPLTSRQYL,272,337.0
1167,HLA-B35:01,6327.93,ANZ78847,AKVSPGLCIAG,1167,338.0
347,HLA-B35:01,6328.01,ANZ78847,WLNDKSVPSPL,347,339.0
1066,HLA-B35:01,6331.93,ANZ78847,SSSLQEILSRL,1066,340.0
658,HLA-B35:01,6332.98,ANZ78847,LYDSNGNLYGF,658,341.0
0,HLA-B35:01,6333.99,ANZ78847,MFLILLISLPT,0,342.0
595,HLA-B35:01,6334.59,ANZ78847,KCNIFANLILH,595,343.0
733,HLA-B35:01,6337.45,ANZ78847,VNAYNSTAISV,733,344.0
581,HLA-B35:01,6338.73,ANZ78847,AFLGWSADSCL,581,345.0
437,HLA-B35:01,6339.57,ANZ78847,SCQLYYNLPAA,437,346.0
296,HLA-B35:01,6340.68,ANZ78847,DCMSDFMSEIK,296,347.0
652,HLA-B35:01,6341.92,ANZ78847,NSWQNLLYDSN,652,348.0
691,HLA-B35:01,6342.23,ANZ78847,FHANSSEPALL,691,349.0
1247,HLA-B35:01,6345.28,ANZ78847,QWFKNQTSVAP,1247,350.0
120,HLA-B35:01,6353.61,ANZ78847,VMYSEFPAITI,120,351.0
626,HLA-B35:01,6354.34,ANZ78847,LGVCVNYDLYG,626,352.0
597,HLA-B35:01,6354.67,ANZ78847,NIFANLILHDV,597,353.0
755,HLA-B35:01,6357.46,ANZ78847,CVDYSKNRRSR,755,354.0
493,HLA-B35:01,6360.7,ANZ78847,APKNFCPCKSN,493,355.0
269,HLA-B35:01,6361.81,ANZ78847,LEYWVTPLTSR,269,356.0
1044,HLA-B35:01,6362.49,ANZ78847,VNANAEALNNL,1044,357.0
1230,HLA-B35:01,6363.18,ANZ78847,MLNTSIPNLPD,1230,358.0
38,HLA-B35:01,6366.85,ANZ78847,SISTATVDVTN,38,359.0
607,HLA-B35:01,6370.65,ANZ78847,VNSGLTCSTDL,607,360.0
514,HLA-B35:01,6370.95,ANZ78847,KNNGIGTCPAG,514,361.0
190,HLA-B35:01,6371.18,ANZ78847,LWHMDTGVVSC,190,362.0
211,HLA-B35:01,6374.73,ANZ78847,NATYLYFHFYQ,211,363.0
1078,HLA-B35:01,6377.93,ANZ78847,ALEAEAQIDRL,1078,364.0
1326,HLA-B35:01,6381.57,ANZ78847,ICCCTGCGTSC,1326,365.0
659,HLA-B35:01,6383.08,ANZ78847,YDSNGNLYGFR,659,366.0
924,HLA-B35:01,6384.94,ANZ78847,LSDVGFVAAYN,924,367.0
736,HLA-B35:01,6385.58,ANZ78847,YNSTAISVQTC,736,368.0
1142,HLA-B35:01,6386.56,ANZ78847,ISLVQNAPYGL,1142,369.0
598,HLA-B35:01,6388.2,ANZ78847,IFANLILHDVN,598,370.0
371,HLA-B35:01,6389.65,ANZ78847,MSSLMSFIQAD,371,371.0
304,HLA-B35:01,6390.79,ANZ78847,EIKCKTQSIAP,304,372.0
30,HLA-B35:01,6390.89,ANZ78847,NNIDTGPPSIS,30,373.0
1318,HLA-B35:01,6391.69,ANZ78847,AMLVLLFFICC,1318,374.0
1261,HLA-B35:01,6392.29,ANZ78847,LDYINVTFLDL,1261,375.0
467,HLA-B35:01,6393.02,ANZ78847,EDSVFKPQPAG,467,376.0
545,HLA-B35:01,6393.46,ANZ78847,YKCPQSKSLVG,545,377.0
172,HLA-B35:01,6394.06,ANZ78847,CEYPHTICHPN,172,378.0
528,HLA-B35:01,6394.56,ANZ78847,LTCHNLCNPDP,528,379.0
365,HLA-B35:01,6394.67,ANZ78847,SNCNFNMSSLM,365,380.0
198,HLA-B35:01,6395.31,ANZ78847,VSCLYKRNFTY,198,381.0
1308,HLA-B35:01,6396.35,ANZ78847,VWLLICLAGVA,1308,382.0
928,HLA-B35:01,6398.27,ANZ78847,GFVAAYNNCTG,928,383.0
741,HLA-B35:01,6400.23,ANZ78847,ISVQTCDLTVG,741,384.0
241,HLA-B35:01,6400.77,ANZ78847,FNVYLGMALSH,241,385.0
175,HLA-B35:01,6401.16,ANZ78847,PHTICHPNLGN,175,386.0
250,HLA-B35:01,6401.45,ANZ78847,SHYYVMPLTCI,250,387.0
484,HLA-B35:01,6401.66,ANZ78847,VVYAQHCFKAP,484,388.0
497,HLA-B35:01,6402.28,ANZ78847,FCPCKSNSSLC,497,389.0
1288,HLA-B35:01,6402.29,ANZ78847,SYINLKDIGTY,1288,390.0
37,HLA-B35:01,6402.39,ANZ78847,PSISTATVDVT,37,391.0
413,HLA-B35:01,6404.56,ANZ78847,KVDLQLGNLGY,413,392.0
1197,HLA-B35:01,6405.98,ANZ78847,YTGSGYYYPEP,1197,393.0
55,HLA-B35:01,6406.18,ANZ78847,VLDRVYLNTTL,55,394.0
1037,HLA-B35:01,6407.07,ANZ78847,LVKIQAVVNAN,1037,395.0
433,HLA-B35:01,6407.91,ANZ78847,TTATSCQLYYN,433,396.0
518,HLA-B35:01,6410.49,ANZ78847,IGTCPAGTNYL,518,397.0
580,HLA-B35:01,6411.53,ANZ78847,QAFLGWSADSC,580,398.0
985,HLA-B35:01,6412.74,ANZ78847,AAGVPFYLNVQ,985,399.0
136,HLA-B35:01,6412.89,ANZ78847,NTSYSVVVQPR,136,400.0
1040,HLA-B35:01,6413.32,ANZ78847,IQAVVNANAEA,1040,401.0
867,HLA-B35:01,6414.1,ANZ78847,VANSLMNGVTL,867,402.0
92,HLA-B35:01,6414.45,ANZ78847,LWFKPPFLSDF,92,403.0
1150,HLA-B35:01,6415.7,ANZ78847,YGLYFIHFSYV,1150,404.0
442,HLA-B35:01,6415.81,ANZ78847,YNLPAANVSVS,442,405.0
1189,HLA-B35:01,6418.14,ANZ78847,VNVNNTWMYTG,1189,406.0
374,HLA-B35:01,6421.35,ANZ78847,LMSFIQADSFT,374,407.0
887,HLA-B35:01,6422.35,ANZ78847,FNVDDINFSSV,887,408.0
236,HLA-B35:01,6423.0,ANZ78847,VTKFLFNVYLG,236,409.0
1139,HLA-B35:01,6423.29,ANZ78847,NHIISLVQNAP,1139,410.0
721,HLA-B35:01,6425.79,ANZ78847,PINYFDSYLGC,721,411.0
45,HLA-B35:01,6426.89,ANZ78847,DVTNGLGTYYV,45,412.0
1051,HLA-B35:01,6428.18,ANZ78847,LNNLLQQLSNR,1051,413.0
169,HLA-B35:01,6429.02,ANZ78847,YNMCEYPHTIC,169,414.0
1116,HLA-B35:01,6429.81,ANZ78847,QAMEKVNECVK,1116,415.0
886,HLA-B35:01,6430.17,ANZ78847,NFNVDDINFSS,886,416.0
348,HLA-B35:01,6431.68,ANZ78847,LNDKSVPSPLN,348,417.0
838,HLA-B35:01,6431.89,ANZ78847,QLVEYGSFCDN,838,418.0
1267,HLA-B35:01,6431.93,ANZ78847,TFLDLQVEMNR,1267,419.0
891,HLA-B35:01,6432.34,ANZ78847,DINFSSVLGCL,891,420.0
62,HLA-B35:01,6432.77,ANZ78847,NTTLFLNGYYP,62,421.0
833,HLA-B35:01,6434.5,ANZ78847,AACKSQLVEYG,833,422.0
140,HLA-B35:01,6434.78,ANZ78847,SVVVQPRTINS,140,423.0
1257,HLA-B35:01,6437.0,ANZ78847,PDLALDYINVT,1257,424.0
1195,HLA-B35:01,6437.72,ANZ78847,WMYTGSGYYYP,1195,425.0
91,HLA-B35:01,6439.06,ANZ78847,TLWFKPPFLSD,91,426.0
776,HLA-B35:01,6439.75,ANZ78847,NFEPFTVNSVN,776,427.0
1323,HLA-B35:01,6439.94,ANZ78847,LFFICCCTGCG,1323,428.0
984,HLA-B35:01,6441.45,ANZ78847,AAAGVPFYLNV,984,429.0
1272,HLA-B35:01,6441.88,ANZ78847,QVEMNRLQEAI,1272,430.0
770,HLA-B35:01,6442.83,ANZ78847,TGYRFTNFEPF,770,431.0
1114,HLA-B35:01,6442.9,ANZ78847,AAQAMEKVNEC,1114,432.0
376,HLA-B35:01,6443.27,ANZ78847,SFIQADSFTCN,376,433.0
1164,HLA-B35:01,6444.06,ANZ78847,YVTAKVSPGLC,1164,434.0
820,HLA-B35:01,6446.29,ANZ78847,VTIDCAAFVCG,820,435.0
379,HLA-B35:01,6446.36,ANZ78847,QADSFTCNNID,379,436.0
667,HLA-B35:01,6447.1,ANZ78847,GFRDYLTNRTF,667,437.0
1073,HLA-B35:01,6447.21,ANZ78847,LSRLDALEAEA,1073,438.0
516,HLA-B35:01,6448.47,ANZ78847,NGIGTCPAGTN,516,439.0
1271,HLA-B35:01,6448.93,ANZ78847,LQVEMNRLQEA,1271,440.0
699,HLA-B35:01,6449.09,ANZ78847,ALLFRNIKCNY,699,441.0
1013,HLA-B35:01,6450.78,ANZ78847,KLIANAFNNAL,1013,442.0
59,HLA-B35:01,6450.93,ANZ78847,VYLNTTLFLNG,59,443.0
19,HLA-B35:01,6451.36,ANZ78847,KCPLDSRTGSL,19,444.0
276,HLA-B35:01,6451.53,ANZ78847,LTSRQYLLAFN,276,445.0
399,HLA-B35:01,6452.12,ANZ78847,SSITIDKFAIP,399,446.0
252,HLA-B35:01,6453.43,ANZ78847,YYVMPLTCISR,252,447.0
1049,HLA-B35:01,6453.43,ANZ78847,EALNNLLQQLS,1049,447.0
254,HLA-B35:01,6454.76,ANZ78847,VMPLTCISRRN,254,449.0
844,HLA-B35:01,6455.14,ANZ78847,SFCDNINAILT,844,450.0
1069,HLA-B35:01,6455.95,ANZ78847,LQEILSRLDAL,1069,451.0
496,HLA-B35:01,6458.88,ANZ78847,NFCPCKSNSSL,496,452.0
40,HLA-B35:01,6458.9,ANZ78847,STATVDVTNGL,40,453.0
596,HLA-B35:01,6459.17,ANZ78847,CNIFANLILHD,596,454.0
1169,HLA-B35:01,6460.71,ANZ78847,VSPGLCIAGDR,1169,455.0
471,HLA-B35:01,6462.34,ANZ78847,FKPQPAGVLTN,471,456.0
298,HLA-B35:01,6462.79,ANZ78847,MSDFMSEIKCK,298,457.0
340,HLA-B35:01,6462.97,ANZ78847,PNCNIEAWLND,340,458.0
65,HLA-B35:01,6463.83,ANZ78847,LFLNGYYPTSG,65,459.0
1112,HLA-B35:01,6464.02,ANZ78847,FSAAQAMEKVN,1112,460.0
218,HLA-B35:01,6464.74,ANZ78847,HFYQEGGTFYA,218,461.0
295,HLA-B35:01,6468.12,ANZ78847,VDCMSDFMSEI,295,462.0
661,HLA-B35:01,6468.61,ANZ78847,SNGNLYGFRDY,661,463.0
286,HLA-B35:01,6469.58,ANZ78847,NQDGIIFNAVD,286,464.0
1236,HLA-B35:01,6469.81,ANZ78847,PNLPDFREELD,1236,465.0
58,HLA-B35:01,6470.84,ANZ78847,RVYLNTTLFLN,58,466.0
1016,HLA-B35:01,6471.63,ANZ78847,ANAFNNALDAI,1016,467.0
1033,HLA-B35:01,6473.36,ANZ78847,TNSALVKIQAV,1033,468.0
377,HLA-B35:01,6473.53,ANZ78847,FIQADSFTCNN,377,469.0
931,HLA-B35:01,6473.92,ANZ78847,AAYNNCTGGAE,931,470.0
64,HLA-B35:01,6474.36,ANZ78847,TLFLNGYYPTS,64,471.0
39,HLA-B35:01,6475.16,ANZ78847,ISTATVDVTNG,39,472.0
450,HLA-B35:01,6476.21,ANZ78847,SVSRFNPSTWN,450,473.0
178,HLA-B35:01,6477.06,ANZ78847,ICHPNLGNHFK,178,474.0
324,HLA-B35:01,6477.1,ANZ78847,YTVQPIADVYR,324,475.0
268,HLA-B35:01,6477.53,ANZ78847,TLEYWVTPLTS,268,476.0
370,HLA-B35:01,6477.82,ANZ78847,NMSSLMSFIQA,370,477.0
901,HLA-B35:01,6479.46,ANZ78847,LGSECSKASSR,901,478.0
885,HLA-B35:01,6479.99,ANZ78847,VNFNVDDINFS,885,479.0
1014,HLA-B35:01,6480.13,ANZ78847,LIANAFNNALD,1014,480.0
1027,HLA-B35:01,6480.3,ANZ78847,QEGFDATNSAL,1027,481.0
1121,HLA-B35:01,6481.94,ANZ78847,VNECVKSQSSR,1121,482.0
267,HLA-B35:01,6483.59,ANZ78847,FTLEYWVTPLT,267,483.0
1217,HLA-B35:01,6484.09,ANZ78847,STCAVNYTKAP,1217,484.0
855,HLA-B35:01,6485.34,ANZ78847,EVNELLDTTQL,855,485.0
627,HLA-B35:01,6485.9,ANZ78847,GVCVNYDLYGI,627,486.0
676,HLA-B35:01,6487.94,ANZ78847,TFMIRSCYSGR,676,487.0
52,HLA-B35:01,6488.04,ANZ78847,TYYVLDRVYLN,52,488.0
29,HLA-B35:01,6488.63,ANZ78847,LNNIDTGPPSI,29,489.0
1004,HLA-B35:01,6488.8,ANZ78847,TMDVLSQNQKL,1004,490.0
1300,HLA-B35:01,6488.81,ANZ78847,YYVKWPWYVWL,1300,491.0
89,HLA-B35:01,6490.14,ANZ78847,LSTLWFKPPFL,89,492.0
88,HLA-B35:01,6491.14,ANZ78847,KLSTLWFKPPF,88,493.0
767,HLA-B35:01,6491.86,ANZ78847,AITTGYRFTNF,767,494.0
600,HLA-B35:01,6492.85,ANZ78847,ANLILHDVNSG,600,495.0
1,HLA-B35:01,6493.11,ANZ78847,FLILLISLPTA,1,496.0
797,HLA-B35:01,6493.64,ANZ78847,EIQIPSDFTIG,797,497.0
1275,HLA-B35:01,6495.55,ANZ78847,MNRLQEAIKVL,1275,498.0
711,HLA-B35:01,6496.23,ANZ78847,FNNSLTRQLQP,711,499.0
446,HLA-B35:01,6500.73,ANZ78847,AANVSVSRFNP,446,500.0
338,HLA-B35:01,6501.26,ANZ78847,DLPNCNIEAWL,338,501.0
337,HLA-B35:01,6501.62,ANZ78847,PDLPNCNIEAW,337,502.0
119,HLA-B35:01,6502.01,ANZ78847,GVMYSEFPAIT,119,503.0
1232,HLA-B35:01,6503.27,ANZ78847,NTSIPNLPDFR,1232,504.0
1159,HLA-B35:01,6504.19,ANZ78847,YVPTKYVTAKV,1159,505.0
930,HLA-B35:01,6504.22,ANZ78847,VAAYNNCTGGA,930,506.0
307,HLA-B35:01,6504.57,ANZ78847,CKTQSIAPPTG,307,507.0
475,HLA-B35:01,6505.98,ANZ78847,PAGVLTNHDVV,475,508.0
160,HLA-B35:01,6506.18,ANZ78847,GLLEVSVCQYN,160,509.0
54,HLA-B35:01,6506.7,ANZ78847,YVLDRVYLNTT,54,510.0
132,HLA-B35:01,6506.84,ANZ78847,STFVNTSYSVV,132,511.0
385,HLA-B35:01,6508.53,ANZ78847,CNNIDAAKIYG,385,512.0
713,HLA-B35:01,6508.72,ANZ78847,NSLTRQLQPIN,713,513.0
1123,HLA-B35:01,6511.79,ANZ78847,ECVKSQSSRIN,1123,514.0
1292,HLA-B35:01,6511.97,ANZ78847,LKDIGTYEYYV,1292,515.0
675,HLA-B35:01,6514.27,ANZ78847,RTFMIRSCYSG,675,516.0
622,HLA-B35:01,6514.38,ANZ78847,TDIKLGVCVNY,622,517.0
473,HLA-B35:01,6514.55,ANZ78847,PQPAGVLTNHD,473,518.0
1034,HLA-B35:01,6514.59,ANZ78847,NSALVKIQAVV,1034,519.0
1313,HLA-B35:01,6514.9,ANZ78847,CLAGVAMLVLL,1313,520.0
395,HLA-B35:01,6515.87,ANZ78847,GMCFSSITIDK,395,521.0
302,HLA-B35:01,6515.88,ANZ78847,MSEIKCKTQSI,302,522.0
603,HLA-B35:01,6516.52,ANZ78847,ILHDVNSGLTC,603,523.0
285,HLA-B35:01,6516.61,ANZ78847,FNQDGIIFNAV,285,524.0
785,HLA-B35:01,6519.71,ANZ78847,VNDSLEPVGGL,785,525.0
31,HLA-B35:01,6520.23,ANZ78847,NIDTGPPSIST,31,526.0
689,HLA-B35:01,6520.3,ANZ78847,AAFHANSSEPA,689,527.0
991,HLA-B35:01,6520.7,ANZ78847,YLNVQYRINGL,991,528.0
664,HLA-B35:01,6520.97,ANZ78847,NLYGFRDYLTN,664,529.0
657,HLA-B35:01,6521.51,ANZ78847,LLYDSNGNLYG,657,530.0
561,HLA-B35:01,6521.86,ANZ78847,SGLAVKSDYCG,561,531.0
968,HLA-B35:01,6521.87,ANZ78847,GYTLAATSASL,968,532.0
369,HLA-B35:01,6522.02,ANZ78847,FNMSSLMSFIQ,369,533.0
749,HLA-B35:01,6522.16,ANZ78847,TVGSGYCVDYS,749,534.0
1096,HLA-B35:01,6523.28,ANZ78847,LNAYVSQQLSD,1096,535.0
594,HLA-B35:01,6524.05,ANZ78847,DKCNIFANLIL,594,536.0
990,HLA-B35:01,6525.12,ANZ78847,FYLNVQYRING,990,537.0
1102,HLA-B35:01,6526.15,ANZ78847,QQLSDSTLVKF,1102,538.0
963,HLA-B35:01,6526.79,ANZ78847,ENQISGYTLAA,963,539.0
1209,HLA-B35:01,6527.25,ANZ78847,TENNVVVMSTC,1209,540.0
441,HLA-B35:01,6527.63,ANZ78847,YYNLPAANVSV,441,541.0
645,HLA-B35:01,6528.89,ANZ78847,EVNATYYNSWQ,645,542.0
912,HLA-B35:01,6529.57,ANZ78847,SAIEDLLFDKV,912,543.0
366,HLA-B35:01,6530.21,ANZ78847,NCNFNMSSLMS,366,544.0
569,HLA-B35:01,6530.45,ANZ78847,YCGGNPCTCQP,569,545.0
165,HLA-B35:01,6532.79,ANZ78847,SVCQYNMCEYP,165,546.0
1059,HLA-B35:01,6533.11,ANZ78847,SNRFGAISSSL,1059,547.0
1018,HLA-B35:01,6534.31,ANZ78847,AFNNALDAIQE,1018,548.0
808,HLA-B35:01,6534.63,ANZ78847,NMEEFIQTSSP,808,549.0
793,HLA-B35:01,6534.87,ANZ78847,GGLYEIQIPSD,793,550.0
670,HLA-B35:01,6535.76,ANZ78847,DYLTNRTFMIR,670,551.0
662,HLA-B35:01,6536.0,ANZ78847,NGNLYGFRDYL,662,552.0
774,HLA-B35:01,6536.2,ANZ78847,FTNFEPFTVNS,774,553.0
237,HLA-B35:01,6536.53,ANZ78847,TKFLFNVYLGM,237,554.0
73,HLA-B35:01,6536.77,ANZ78847,TSGSTYRNMAL,73,555.0
1286,HLA-B35:01,6536.85,ANZ78847,NQSYINLKDIG,1286,556.0
28,HLA-B35:01,6537.4,ANZ78847,SLNNIDTGPPS,28,557.0
694,HLA-B35:01,6537.6,ANZ78847,NSSEPALLFRN,694,558.0
11,HLA-B35:01,6537.89,ANZ78847,AFAVIGDLKCP,11,559.0
90,HLA-B35:01,6538.51,ANZ78847,STLWFKPPFLS,90,560.0
1166,HLA-B35:01,6539.87,ANZ78847,TAKVSPGLCIA,1166,561.0
48,HLA-B35:01,6539.91,ANZ78847,NGLGTYYVLDR,48,562.0
51,HLA-B35:01,6540.44,ANZ78847,GTYYVLDRVYL,51,563.0
650,HLA-B35:01,6540.53,ANZ78847,YYNSWQNLLYD,650,564.0
1137,HLA-B35:01,6541.88,ANZ78847,NGNHIISLVQN,1137,565.0
251,HLA-B35:01,6542.57,ANZ78847,HYYVMPLTCIS,251,566.0
135,HLA-B35:01,6542.92,ANZ78847,VNTSYSVVVQP,135,567.0
665,HLA-B35:01,6543.03,ANZ78847,LYGFRDYLTNR,665,568.0
1046,HLA-B35:01,6544.01,ANZ78847,ANAEALNNLLQ,1046,569.0
1237,HLA-B35:01,6545.2,ANZ78847,NLPDFREELDQ,1237,570.0
478,HLA-B35:01,6545.44,ANZ78847,VLTNHDVVYAQ,478,571.0
1081,HLA-B35:01,6546.27,ANZ78847,AEAQIDRLING,1081,572.0
1202,HLA-B35:01,6546.57,ANZ78847,YYYPEPITENN,1202,573.0
737,HLA-B35:01,6547.79,ANZ78847,NSTAISVQTCD,737,574.0
992,HLA-B35:01,6549.01,ANZ78847,LNVQYRINGLG,992,575.0
1311,HLA-B35:01,6549.87,ANZ78847,LICLAGVAMLV,1311,576.0
1201,HLA-B35:01,6549.9,ANZ78847,GYYYPEPITEN,1201,577.0
21,HLA-B35:01,6550.24,ANZ78847,PLDSRTGSLNN,21,578.0
787,HLA-B35:01,6550.99,ANZ78847,DSLEPVGGLYE,787,579.0
5,HLA-B35:01,6551.16,ANZ78847,LISLPTAFAVI,5,580.0
1064,HLA-B35:01,6551.72,ANZ78847,AISSSLQEILS,1064,581.0
1023,HLA-B35:01,6552.02,ANZ78847,LDAIQEGFDAT,1023,582.0
321,HLA-B35:01,6552.54,ANZ78847,LNGYTVQPIAD,321,583.0
196,HLA-B35:01,6552.56,ANZ78847,GVVSCLYKRNF,196,584.0
780,HLA-B35:01,6552.65,ANZ78847,FTVNSVNDSLE,780,585.0
816,HLA-B35:01,6553.11,ANZ78847,SSPKVTIDCAA,816,586.0
435,HLA-B35:01,6553.17,ANZ78847,ATSCQLYYNLP,435,587.0
489,HLA-B35:01,6553.85,ANZ78847,HCFKAPKNFCP,489,588.0
789,HLA-B35:01,6554.28,ANZ78847,LEPVGGLYEIQ,789,589.0
851,HLA-B35:01,6554.77,ANZ78847,AILTEVNELLD,851,590.0
858,HLA-B35:01,6554.85,ANZ78847,ELLDTTQLQVA,858,591.0
1210,HLA-B35:01,6555.16,ANZ78847,ENNVVVMSTCA,1210,592.0
131,HLA-B35:01,6555.36,ANZ78847,GSTFVNTSYSV,131,593.0
1319,HLA-B35:01,6555.78,ANZ78847,MLVLLFFICCC,1319,594.0
266,HLA-B35:01,6556.33,ANZ78847,GFTLEYWVTPL,266,595.0
81,HLA-B35:01,6556.84,ANZ78847,MALKGTDKLST,81,596.0
835,HLA-B35:01,6557.6,ANZ78847,CKSQLVEYGSF,835,597.0
1071,HLA-B35:01,6558.39,ANZ78847,EILSRLDALEA,1071,598.0
553,HLA-B35:01,6558.67,ANZ78847,LVGIGEHCSGL,553,599.0
919,HLA-B35:01,6558.69,ANZ78847,FDKVKLSDVGF,919,600.0
763,HLA-B35:01,6559.56,ANZ78847,RSRRAITTGYR,763,601.0
918,HLA-B35:01,6559.92,ANZ78847,LFDKVKLSDVG,918,602.0
1345,HLA-B35:01,6560.24,ANZ78847,DDYTGYQELVI,1345,603.0
925,HLA-B35:01,6561.42,ANZ78847,SDVGFVAAYNN,925,604.0
804,HLA-B35:01,6562.0,ANZ78847,FTIGNMEEFIQ,804,605.0
1322,HLA-B35:01,6562.97,ANZ78847,LLFFICCCTGC,1322,606.0
939,HLA-B35:01,6563.06,ANZ78847,GAEIRDLICVQ,939,607.0
827,HLA-B35:01,6564.79,ANZ78847,FVCGDYAACKS,827,608.0
1146,HLA-B35:01,6564.91,ANZ78847,QNAPYGLYFIH,1146,609.0
322,HLA-B35:01,6565.29,ANZ78847,NGYTVQPIADV,322,610.0
351,HLA-B35:01,6566.61,ANZ78847,KSVPSPLNWER,351,611.0
870,HLA-B35:01,6567.16,ANZ78847,SLMNGVTLSTK,870,612.0
727,HLA-B35:01,6567.94,ANZ78847,SYLGCVVNAYN,727,613.0
796,HLA-B35:01,6569.06,ANZ78847,YEIQIPSDFTI,796,614.0
1053,HLA-B35:01,6569.32,ANZ78847,NLLQQLSNRFG,1053,615.0
1133,HLA-B35:01,6569.84,ANZ78847,NFCGNGNHIIS,1133,616.0
1175,HLA-B35:01,6570.26,ANZ78847,IAGDRGIAPKS,1175,617.0
7,HLA-B35:01,6572.36,ANZ78847,SLPTAFAVIGD,7,618.0
398,HLA-B35:01,6572.42,ANZ78847,FSSITIDKFAI,398,619.0
409,HLA-B35:01,6573.05,ANZ78847,PNGRKVDLQLG,409,620.0
892,HLA-B35:01,6574.12,ANZ78847,INFSSVLGCLG,892,621.0
99,HLA-B35:01,6574.73,ANZ78847,LSDFINGIFAK,99,622.0
889,HLA-B35:01,6575.91,ANZ78847,VDDINFSSVLG,889,623.0
677,HLA-B35:01,6576.31,ANZ78847,FMIRSCYSGRV,677,624.0
1203,HLA-B35:01,6576.6,ANZ78847,YYPEPITENNV,1203,625.0
114,HLA-B35:01,6576.73,ANZ78847,KVFKDGVMYSE,114,626.0
1168,HLA-B35:01,6577.51,ANZ78847,KVSPGLCIAGD,1168,627.0
273,HLA-B35:01,6577.52,ANZ78847,VTPLTSRQYLL,273,628.0
579,HLA-B35:01,6578.1,ANZ78847,PQAFLGWSADS,579,629.0
1302,HLA-B35:01,6579.18,ANZ78847,VKWPWYVWLLI,1302,630.0
1141,HLA-B35:01,6580.26,ANZ78847,IISLVQNAPYG,1141,631.0
724,HLA-B35:01,6580.35,ANZ78847,YFDSYLGCVVN,724,632.0
534,HLA-B35:01,6581.36,ANZ78847,CNPDPITFTGP,534,633.0
619,HLA-B35:01,6581.63,ANZ78847,KANTDIKLGVC,619,634.0
9,HLA-B35:01,6582.26,ANZ78847,PTAFAVIGDLK,9,635.0
684,HLA-B35:01,6582.63,ANZ78847,SGRVSAAFHAN,684,636.0
331,HLA-B35:01,6582.78,ANZ78847,DVYRRKPDLPN,331,637.0
344,HLA-B35:01,6582.83,ANZ78847,IEAWLNDKSVP,344,638.0
1281,HLA-B35:01,6583.31,ANZ78847,AIKVLNQSYIN,1281,639.0
746,HLA-B35:01,6583.71,ANZ78847,CDLTVGSGYCV,746,640.0
806,HLA-B35:01,6585.16,ANZ78847,IGNMEEFIQTS,806,641.0
577,HLA-B35:01,6585.48,ANZ78847,CQPQAFLGWSA,577,642.0
904,HLA-B35:01,6585.57,ANZ78847,ECSKASSRSAI,904,643.0
722,HLA-B35:01,6587.06,ANZ78847,INYFDSYLGCV,722,644.0
240,HLA-B35:01,6587.17,ANZ78847,LFNVYLGMALS,240,645.0
1031,HLA-B35:01,6587.97,ANZ78847,DATNSALVKIQ,1031,646.0
646,HLA-B35:01,6588.54,ANZ78847,VNATYYNSWQN,646,647.0
1252,HLA-B35:01,6589.08,ANZ78847,QTSVAPDLALD,1252,648.0
1336,HLA-B35:01,6590.18,ANZ78847,CFKKCGGCCDD,1336,649.0
526,HLA-B35:01,6590.76,ANZ78847,NYLTCHNLCNP,526,650.0
320,HLA-B35:01,6591.09,ANZ78847,ELNGYTVQPIA,320,651.0
606,HLA-B35:01,6591.79,ANZ78847,DVNSGLTCSTD,606,652.0
1067,HLA-B35:01,6591.96,ANZ78847,SSLQEILSRLD,1067,653.0
1263,HLA-B35:01,6594.4,ANZ78847,YINVTFLDLQV,1263,654.0
753,HLA-B35:01,6594.67,ANZ78847,GYCVDYSKNRR,753,655.0
436,HLA-B35:01,6596.73,ANZ78847,TSCQLYYNLPA,436,656.0
264,HLA-B35:01,6596.88,ANZ78847,NIGFTLEYWVT,264,657.0
801,HLA-B35:01,6598.86,ANZ78847,PSDFTIGNMEE,801,658.0
978,HLA-B35:01,6599.34,ANZ78847,LFPPWTAAAGV,978,659.0
798,HLA-B35:01,6599.9,ANZ78847,IQIPSDFTIGN,798,660.0
818,HLA-B35:01,6601.18,ANZ78847,PKVTIDCAAFV,818,661.0
423,HLA-B35:01,6602.62,ANZ78847,YLQSFNYRIDT,423,662.0
1248,HLA-B35:01,6602.98,ANZ78847,WFKNQTSVAPD,1248,663.0
932,HLA-B35:01,6603.41,ANZ78847,AYNNCTGGAEI,932,664.0
238,HLA-B35:01,6603.58,ANZ78847,KFLFNVYLGMA,238,665.0
372,HLA-B35:01,6603.95,ANZ78847,SSLMSFIQADS,372,666.0
740,HLA-B35:01,6604.28,ANZ78847,AISVQTCDLTV,740,667.0
346,HLA-B35:01,6604.77,ANZ78847,AWLNDKSVPSP,346,668.0
440,HLA-B35:01,6605.63,ANZ78847,LYYNLPAANVS,440,669.0
1337,HLA-B35:01,6605.7,ANZ78847,FKKCGGCCDDY,1337,670.0
1091,HLA-B35:01,6605.92,ANZ78847,GRLTALNAYVS,1091,671.0
290,HLA-B35:01,6605.95,ANZ78847,IIFNAVDCMSD,290,672.0
310,HLA-B35:01,6606.06,ANZ78847,QSIAPPTGVYE,310,673.0
259,HLA-B35:01,6606.22,ANZ78847,CISRRNIGFTL,259,674.0
552,HLA-B35:01,6606.67,ANZ78847,SLVGIGEHCSG,552,675.0
864,HLA-B35:01,6607.56,ANZ78847,QLQVANSLMNG,864,676.0
420,HLA-B35:01,6607.75,ANZ78847,NLGYLQSFNYR,420,677.0
503,HLA-B35:01,6607.8,ANZ78847,NSSLCVGSGPG,503,678.0
1190,HLA-B35:01,6608.14,ANZ78847,NVNNTWMYTGS,1190,679.0
782,HLA-B35:01,6609.38,ANZ78847,VNSVNDSLEPV,782,680.0
1260,HLA-B35:01,6609.96,ANZ78847,ALDYINVTFLD,1260,681.0
582,HLA-B35:01,6610.81,ANZ78847,FLGWSADSCLQ,582,682.0
341,HLA-B35:01,6610.94,ANZ78847,NCNIEAWLNDK,341,683.0
414,HLA-B35:01,6611.12,ANZ78847,VDLQLGNLGYL,414,684.0
381,HLA-B35:01,6611.27,ANZ78847,DSFTCNNIDAA,381,685.0
839,HLA-B35:01,6611.47,ANZ78847,LVEYGSFCDNI,839,686.0
525,HLA-B35:01,6611.74,ANZ78847,TNYLTCHNLCN,525,687.0
1335,HLA-B35:01,6612.26,ANZ78847,SCFKKCGGCCD,1335,688.0
107,HLA-B35:01,6612.65,ANZ78847,FAKVKNTKVFK,107,689.0
509,HLA-B35:01,6613.0,ANZ78847,GSGPGKNNGIG,509,690.0
453,HLA-B35:01,6613.41,ANZ78847,RFNPSTWNKRF,453,691.0
1050,HLA-B35:01,6613.7,ANZ78847,ALNNLLQQLSN,1050,692.0
601,HLA-B35:01,6614.19,ANZ78847,NLILHDVNSGL,601,693.0
225,HLA-B35:01,6614.31,ANZ78847,TFYAYFTDTGV,225,694.0
183,HLA-B35:01,6615.44,ANZ78847,LGNHFKELWHM,183,695.0
730,HLA-B35:01,6616.32,ANZ78847,GCVVNAYNSTA,730,696.0
1002,HLA-B35:01,6616.99,ANZ78847,GVTMDVLSQNQ,1002,697.0
637,HLA-B35:01,6617.7,ANZ78847,ISGQGIFVEVN,637,698.0
908,HLA-B35:01,6617.73,ANZ78847,ASSRSAIEDLL,908,699.0
1087,HLA-B35:01,6618.8,ANZ78847,RLINGRLTALN,1087,700.0
1090,HLA-B35:01,6619.29,ANZ78847,NGRLTALNAYV,1090,701.0
604,HLA-B35:01,6619.67,ANZ78847,LHDVNSGLTCS,604,702.0
1007,HLA-B35:01,6619.71,ANZ78847,VLSQNQKLIAN,1007,703.0
1075,HLA-B35:01,6619.98,ANZ78847,RLDALEAEAQI,1075,704.0
1011,HLA-B35:01,6620.32,ANZ78847,NQKLIANAFNN,1011,705.0
1177,HLA-B35:01,6620.49,ANZ78847,GDRGIAPKSGY,1177,706.0
393,HLA-B35:01,6620.74,ANZ78847,IYGMCFSSITI,393,707.0
163,HLA-B35:01,6621.37,ANZ78847,EVSVCQYNMCE,163,708.0
75,HLA-B35:01,6621.46,ANZ78847,GSTYRNMALKG,75,709.0
1079,HLA-B35:01,6621.63,ANZ78847,LEAEAQIDRLI,1079,710.0
869,HLA-B35:01,6621.66,ANZ78847,NSLMNGVTLST,869,711.0
940,HLA-B35:01,6621.75,ANZ78847,AEIRDLICVQS,940,712.0
974,HLA-B35:01,6621.98,ANZ78847,TSASLFPPWTA,974,713.0
910,HLA-B35:01,6622.23,ANZ78847,SRSAIEDLLFD,910,714.0
17,HLA-B35:01,6622.72,ANZ78847,DLKCPLDSRTG,17,715.0
1083,HLA-B35:01,6622.87,ANZ78847,AQIDRLINGRL,1083,716.0
1191,HLA-B35:01,6623.72,ANZ78847,VNNTWMYTGSG,1191,717.0
1028,HLA-B35:01,6623.82,ANZ78847,EGFDATNSALV,1028,718.0
1113,HLA-B35:01,6623.85,ANZ78847,SAAQAMEKVNE,1113,719.0
1289,HLA-B35:01,6624.88,ANZ78847,YINLKDIGTYE,1289,720.0
1086,HLA-B35:01,6624.95,ANZ78847,DRLINGRLTAL,1086,721.0
762,HLA-B35:01,6625.12,ANZ78847,RRSRRAITTGY,762,722.0
213,HLA-B35:01,6625.33,ANZ78847,TYLYFHFYQEG,213,723.0
821,HLA-B35:01,6625.95,ANZ78847,TIDCAAFVCGD,821,724.0
454,HLA-B35:01,6626.28,ANZ78847,FNPSTWNKRFG,454,725.0
162,HLA-B35:01,6626.81,ANZ78847,LEVSVCQYNMC,162,726.0
1171,HLA-B35:01,6627.26,ANZ78847,PGLCIAGDRGI,1171,727.0
212,HLA-B35:01,6627.6,ANZ78847,ATYLYFHFYQE,212,728.0
752,HLA-B35:01,6627.84,ANZ78847,SGYCVDYSKNR,752,729.0
502,HLA-B35:01,6627.94,ANZ78847,SNSSLCVGSGP,502,730.0
1060,HLA-B35:01,6628.11,ANZ78847,NRFGAISSSLQ,1060,731.0
576,HLA-B35:01,6629.08,ANZ78847,TCQPQAFLGWS,576,732.0
3,HLA-B35:01,6629.22,ANZ78847,ILLISLPTAFA,3,733.0
965,HLA-B35:01,6629.73,ANZ78847,QISGYTLAATS,965,734.0
1181,HLA-B35:01,6629.8,ANZ78847,IAPKSGYFVNV,1181,735.0
383,HLA-B35:01,6630.24,ANZ78847,FTCNNIDAAKI,383,736.0
1030,HLA-B35:01,6630.44,ANZ78847,FDATNSALVKI,1030,737.0
837,HLA-B35:01,6630.5,ANZ78847,SQLVEYGSFCD,837,738.0
439,HLA-B35:01,6631.54,ANZ78847,QLYYNLPAANV,439,739.0
761,HLA-B35:01,6632.24,ANZ78847,NRRSRRAITTG,761,740.0
1132,HLA-B35:01,6632.67,ANZ78847,INFCGNGNHII,1132,741.0
189,HLA-B35:01,6634.02,ANZ78847,ELWHMDTGVVS,189,742.0
226,HLA-B35:01,6634.09,ANZ78847,FYAYFTDTGVV,226,743.0
4,HLA-B35:01,6634.2,ANZ78847,LLISLPTAFAV,4,744.0
1039,HLA-B35:01,6634.92,ANZ78847,KIQAVVNANAE,1039,745.0
483,HLA-B35:01,6635.55,ANZ78847,DVVYAQHCFKA,483,746.0
1135,HLA-B35:01,6635.67,ANZ78847,CGNGNHIISLV,1135,747.0
1234,HLA-B35:01,6635.95,ANZ78847,SIPNLPDFREE,1234,748.0
315,HLA-B35:01,6636.16,ANZ78847,PTGVYELNGYT,315,749.0
317,HLA-B35:01,6636.55,ANZ78847,GVYELNGYTVQ,317,750.0
946,HLA-B35:01,6636.88,ANZ78847,ICVQSYKGIKV,946,751.0
1208,HLA-B35:01,6636.9,ANZ78847,ITENNVVVMST,1208,752.0
427,HLA-B35:01,6636.93,ANZ78847,FNYRIDTTATS,427,753.0
194,HLA-B35:01,6637.1,ANZ78847,DTGVVSCLYKR,194,754.0
896,HLA-B35:01,6637.18,ANZ78847,SVLGCLGSECS,896,755.0
148,HLA-B35:01,6637.25,ANZ78847,INSTQDGVNKL,148,756.0
861,HLA-B35:01,6637.52,ANZ78847,DTTQLQVANSL,861,757.0
214,HLA-B35:01,6637.81,ANZ78847,YLYFHFYQEGG,214,758.0
244,HLA-B35:01,6639.06,ANZ78847,YLGMALSHYYV,244,759.0
94,HLA-B35:01,6639.13,ANZ78847,FKPPFLSDFIN,94,760.0
279,HLA-B35:01,6639.4,ANZ78847,RQYLLAFNQDG,279,761.0
122,HLA-B35:01,6639.62,ANZ78847,YSEFPAITIGS,122,762.0
356,HLA-B35:01,6639.91,ANZ78847,PLNWERKTFSN,356,763.0
1120,HLA-B35:01,6640.23,ANZ78847,KVNECVKSQSS,1120,764.0
200,HLA-B35:01,6640.36,ANZ78847,CLYKRNFTYDV,200,765.0
1310,HLA-B35:01,6640.88,ANZ78847,LLICLAGVAML,1310,766.0
66,HLA-B35:01,6642.09,ANZ78847,FLNGYYPTSGS,66,767.0
425,HLA-B35:01,6642.3,ANZ78847,QSFNYRIDTTA,425,768.0
527,HLA-B35:01,6642.97,ANZ78847,YLTCHNLCNPD,527,769.0
635,HLA-B35:01,6643.26,ANZ78847,YGISGQGIFVE,635,770.0
1165,HLA-B35:01,6643.55,ANZ78847,VTAKVSPGLCI,1165,771.0
1180,HLA-B35:01,6643.61,ANZ78847,GIAPKSGYFVN,1180,772.0
1128,HLA-B35:01,6643.85,ANZ78847,QSSRINFCGNG,1128,773.0
756,HLA-B35:01,6644.45,ANZ78847,VDYSKNRRSRR,756,774.0
1068,HLA-B35:01,6645.09,ANZ78847,SLQEILSRLDA,1068,775.0
1072,HLA-B35:01,6645.49,ANZ78847,ILSRLDALEAE,1072,776.0
1163,HLA-B35:01,6645.61,ANZ78847,KYVTAKVSPGL,1163,777.0
401,HLA-B35:01,6646.61,ANZ78847,ITIDKFAIPNG,401,778.0
463,HLA-B35:01,6646.69,ANZ78847,FGFIEDSVFKP,463,779.0
777,HLA-B35:01,6647.16,ANZ78847,FEPFTVNSVND,777,780.0
682,HLA-B35:01,6647.61,ANZ78847,CYSGRVSAAFH,682,781.0
964,HLA-B35:01,6647.81,ANZ78847,NQISGYTLAAT,964,782.0
1138,HLA-B35:01,6647.92,ANZ78847,GNHIISLVQNA,1138,783.0
1264,HLA-B35:01,6648.01,ANZ78847,INVTFLDLQVE,1264,784.0
863,HLA-B35:01,6648.35,ANZ78847,TQLQVANSLMN,863,785.0
584,HLA-B35:01,6648.73,ANZ78847,GWSADSCLQGD,584,786.0
480,HLA-B35:01,6648.83,ANZ78847,TNHDVVYAQHC,480,787.0
856,HLA-B35:01,6649.1,ANZ78847,VNELLDTTQLQ,856,788.0
624,HLA-B35:01,6649.28,ANZ78847,IKLGVCVNYDL,624,789.0
523,HLA-B35:01,6649.76,ANZ78847,AGTNYLTCHNL,523,790.0
729,HLA-B35:01,6649.84,ANZ78847,LGCVVNAYNST,729,791.0
301,HLA-B35:01,6650.87,ANZ78847,FMSEIKCKTQS,301,792.0
168,HLA-B35:01,6651.36,ANZ78847,QYNMCEYPHTI,168,793.0
112,HLA-B35:01,6651.73,ANZ78847,NTKVFKDGVMY,112,794.0
1136,HLA-B35:01,6652.09,ANZ78847,GNGNHIISLVQ,1136,795.0
1029,HLA-B35:01,6652.32,ANZ78847,GFDATNSALVK,1029,796.0
602,HLA-B35:01,6652.52,ANZ78847,LILHDVNSGLT,602,797.0
284,HLA-B35:01,6653.12,ANZ78847,AFNQDGIIFNA,284,798.0
654,HLA-B35:01,6654.01,ANZ78847,WQNLLYDSNGN,654,799.0
224,HLA-B35:01,6654.14,ANZ78847,GTFYAYFTDTG,224,800.0
725,HLA-B35:01,6654.52,ANZ78847,FDSYLGCVVNA,725,801.0
745,HLA-B35:01,6654.88,ANZ78847,TCDLTVGSGYC,745,802.0
1001,HLA-B35:01,6655.8,ANZ78847,LGVTMDVLSQN,1001,803.0
1283,HLA-B35:01,6656.11,ANZ78847,KVLNQSYINLK,1283,804.0
465,HLA-B35:01,6656.23,ANZ78847,FIEDSVFKPQP,465,805.0
956,HLA-B35:01,6656.3,ANZ78847,VLPPLLSENQI,956,806.0
1095,HLA-B35:01,6657.74,ANZ78847,ALNAYVSQQLS,1095,807.0
1005,HLA-B35:01,6657.76,ANZ78847,MDVLSQNQKLI,1005,808.0
632,HLA-B35:01,6657.79,ANZ78847,YDLYGISGQGI,632,809.0
698,HLA-B35:01,6658.57,ANZ78847,PALLFRNIKCN,698,810.0
895,HLA-B35:01,6658.76,ANZ78847,SSVLGCLGSEC,895,811.0
871,HLA-B35:01,6659.35,ANZ78847,LMNGVTLSTKL,871,812.0
452,HLA-B35:01,6659.97,ANZ78847,SRFNPSTWNKR,452,813.0
1342,HLA-B35:01,6659.97,ANZ78847,GCCDDYTGYQE,1342,813.0
389,HLA-B35:01,6660.07,ANZ78847,DAAKIYGMCFS,389,815.0
57,HLA-B35:01,6660.55,ANZ78847,DRVYLNTTLFL,57,816.0
593,HLA-B35:01,6661.11,ANZ78847,GDKCNIFANLI,593,817.0
458,HLA-B35:01,6661.25,ANZ78847,TWNKRFGFIED,458,818.0
448,HLA-B35:01,6661.57,ANZ78847,NVSVSRFNPST,448,819.0
176,HLA-B35:01,6661.99,ANZ78847,HTICHPNLGNH,176,820.0
15,HLA-B35:01,6662.27,ANZ78847,IGDLKCPLDSR,15,821.0
653,HLA-B35:01,6663.26,ANZ78847,SWQNLLYDSNG,653,822.0
1222,HLA-B35:01,6663.34,ANZ78847,NYTKAPYVMLN,1222,823.0
429,HLA-B35:01,6663.4,ANZ78847,YRIDTTATSCQ,429,824.0
1161,HLA-B35:01,6663.41,ANZ78847,PTKYVTAKVSP,1161,825.0
501,HLA-B35:01,6664.24,ANZ78847,KSNSSLCVGSG,501,826.0
611,HLA-B35:01,6664.49,ANZ78847,LTCSTDLQKAN,611,827.0
382,HLA-B35:01,6665.28,ANZ78847,SFTCNNIDAAK,382,828.0
248,HLA-B35:01,6665.72,ANZ78847,ALSHYYVMPLT,248,829.0
947,HLA-B35:01,6666.03,ANZ78847,CVQSYKGIKVL,947,830.0
1006,HLA-B35:01,6666.21,ANZ78847,DVLSQNQKLIA,1006,831.0
1088,HLA-B35:01,6666.73,ANZ78847,LINGRLTALNA,1088,832.0
1266,HLA-B35:01,6667.02,ANZ78847,VTFLDLQVEMN,1266,833.0
906,HLA-B35:01,6667.63,ANZ78847,SKASSRSAIED,906,834.0
1093,HLA-B35:01,6667.98,ANZ78847,LTALNAYVSQQ,1093,835.0
834,HLA-B35:01,6668.48,ANZ78847,ACKSQLVEYGS,834,836.0
1273,HLA-B35:01,6668.72,ANZ78847,VEMNRLQEAIK,1273,837.0
742,HLA-B35:01,6668.76,ANZ78847,SVQTCDLTVGS,742,838.0
186,HLA-B35:01,6669.25,ANZ78847,HFKELWHMDTG,186,839.0
934,HLA-B35:01,6669.41,ANZ78847,NNCTGGAEIRD,934,840.0
1158,HLA-B35:01,6669.41,ANZ78847,SYVPTKYVTAK,1158,840.0
418,HLA-B35:01,6669.46,ANZ78847,LGNLGYLQSFN,418,842.0
318,HLA-B35:01,6669.58,ANZ78847,VYELNGYTVQP,318,843.0
1178,HLA-B35:01,6670.2,ANZ78847,DRGIAPKSGYF,1178,844.0
154,HLA-B35:01,6671.01,ANZ78847,GVNKLQGLLEV,154,845.0
1056,HLA-B35:01,6671.83,ANZ78847,QQLSNRFGAIS,1056,846.0
696,HLA-B35:01,6672.54,ANZ78847,SEPALLFRNIK,696,847.0
648,HLA-B35:01,6672.69,ANZ78847,ATYYNSWQNLL,648,848.0
899,HLA-B35:01,6673.74,ANZ78847,GCLGSECSKAS,899,849.0
914,HLA-B35:01,6674.07,ANZ78847,IEDLLFDKVKL,914,850.0
883,HLA-B35:01,6674.75,ANZ78847,DGVNFNVDDIN,883,851.0
1298,HLA-B35:01,6674.97,ANZ78847,YEYYVKWPWYV,1298,852.0
655,HLA-B35:01,6675.0,ANZ78847,QNLLYDSNGNL,655,853.0
1215,HLA-B35:01,6675.47,ANZ78847,VMSTCAVNYTK,1215,854.0
1176,HLA-B35:01,6675.51,ANZ78847,AGDRGIAPKSG,1176,855.0
111,HLA-B35:01,6676.1,ANZ78847,KNTKVFKDGVM,111,856.0
874,HLA-B35:01,6676.86,ANZ78847,GVTLSTKLKDG,874,857.0
222,HLA-B35:01,6677.45,ANZ78847,EGGTFYAYFTD,222,858.0
1346,HLA-B35:01,6677.86,ANZ78847,DYTGYQELVIK,1346,859.0
921,HLA-B35:01,6678.02,ANZ78847,KVKLSDVGFVA,921,860.0
644,HLA-B35:01,6678.25,ANZ78847,VEVNATYYNSW,644,861.0
1058,HLA-B35:01,6679.91,ANZ78847,LSNRFGAISSS,1058,862.0
723,HLA-B35:01,6680.04,ANZ78847,NYFDSYLGCVV,723,863.0
538,HLA-B35:01,6680.19,ANZ78847,PITFTGPYKCP,538,864.0
477,HLA-B35:01,6680.39,ANZ78847,GVLTNHDVVYA,477,865.0
1048,HLA-B35:01,6680.48,ANZ78847,AEALNNLLQQL,1048,866.0
567,HLA-B35:01,6680.99,ANZ78847,SDYCGGNPCTC,567,867.0
716,HLA-B35:01,6681.1,ANZ78847,TRQLQPINYFD,716,868.0
69,HLA-B35:01,6682.52,ANZ78847,GYYPTSGSTYR,69,869.0
1225,HLA-B35:01,6682.98,ANZ78847,KAPYVMLNTSI,1225,870.0
368,HLA-B35:01,6683.82,ANZ78847,NFNMSSLMSFI,368,871.0
1325,HLA-B35:01,6683.85,ANZ78847,FICCCTGCGTS,1325,872.0
702,HLA-B35:01,6683.89,ANZ78847,FRNIKCNYVFN,702,873.0
1285,HLA-B35:01,6683.93,ANZ78847,LNQSYINLKDI,1285,874.0
504,HLA-B35:01,6684.36,ANZ78847,SSLCVGSGPGK,504,875.0
1100,HLA-B35:01,6684.47,ANZ78847,VSQQLSDSTLV,1100,876.0
750,HLA-B35:01,6685.02,ANZ78847,VGSGYCVDYSK,750,877.0
826,HLA-B35:01,6685.48,ANZ78847,AFVCGDYAACK,826,878.0
1156,HLA-B35:01,6685.95,ANZ78847,HFSYVPTKYVT,1156,879.0
993,HLA-B35:01,6686.39,ANZ78847,NVQYRINGLGV,993,880.0
555,HLA-B35:01,6686.63,ANZ78847,GIGEHCSGLAV,555,881.0
905,HLA-B35:01,6687.54,ANZ78847,CSKASSRSAIE,905,882.0
828,HLA-B35:01,6687.88,ANZ78847,VCGDYAACKSQ,828,883.0
903,HLA-B35:01,6688.31,ANZ78847,SECSKASSRSA,903,884.0
937,HLA-B35:01,6688.31,ANZ78847,TGGAEIRDLIC,937,884.0
962,HLA-B35:01,6689.22,ANZ78847,SENQISGYTLA,962,886.0
926,HLA-B35:01,6689.51,ANZ78847,DVGFVAAYNNC,926,887.0
201,HLA-B35:01,6690.27,ANZ78847,LYKRNFTYDVN,201,888.0
319,HLA-B35:01,6690.8,ANZ78847,YELNGYTVQPI,319,889.0
706,HLA-B35:01,6690.89,ANZ78847,KCNYVFNNSLT,706,890.0
592,HLA-B35:01,6691.09,ANZ78847,QGDKCNIFANL,592,891.0
1282,HLA-B35:01,6691.16,ANZ78847,IKVLNQSYINL,1282,892.0
343,HLA-B35:01,6691.21,ANZ78847,NIEAWLNDKSV,343,893.0
976,HLA-B35:01,6691.21,ANZ78847,ASLFPPWTAAA,976,893.0
687,HLA-B35:01,6691.25,ANZ78847,VSAAFHANSSE,687,895.0
792,HLA-B35:01,6691.93,ANZ78847,VGGLYEIQIPS,792,896.0
328,HLA-B35:01,6692.07,ANZ78847,PIADVYRRKPD,328,897.0
890,HLA-B35:01,6693.0,ANZ78847,DDINFSSVLGC,890,898.0
1324,HLA-B35:01,6693.19,ANZ78847,FFICCCTGCGT,1324,899.0
710,HLA-B35:01,6693.22,ANZ78847,VFNNSLTRQLQ,710,900.0
1339,HLA-B35:01,6693.35,ANZ78847,KCGGCCDDYTG,1339,901.0
728,HLA-B35:01,6693.6,ANZ78847,YLGCVVNAYNS,728,902.0
457,HLA-B35:01,6694.15,ANZ78847,STWNKRFGFIE,457,903.0
1299,HLA-B35:01,6694.68,ANZ78847,EYYVKWPWYVW,1299,904.0
809,HLA-B35:01,6694.7,ANZ78847,MEEFIQTSSPK,809,905.0
53,HLA-B35:01,6694.74,ANZ78847,YYVLDRVYLNT,53,906.0
564,HLA-B35:01,6695.02,ANZ78847,AVKSDYCGGNP,564,907.0
1010,HLA-B35:01,6695.18,ANZ78847,QNQKLIANAFN,1010,908.0
945,HLA-B35:01,6695.28,ANZ78847,LICVQSYKGIK,945,909.0
949,HLA-B35:01,6695.35,ANZ78847,QSYKGIKVLPP,949,910.0
138,HLA-B35:01,6695.47,ANZ78847,SYSVVVQPRTI,138,911.0
23,HLA-B35:01,6695.89,ANZ78847,DSRTGSLNNID,23,912.0
631,HLA-B35:01,6696.0,ANZ78847,NYDLYGISGQG,631,913.0
519,HLA-B35:01,6696.7,ANZ78847,GTCPAGTNYLT,519,914.0
430,HLA-B35:01,6696.72,ANZ78847,RIDTTATSCQL,430,915.0
605,HLA-B35:01,6696.84,ANZ78847,HDVNSGLTCST,605,916.0
13,HLA-B35:01,6696.87,ANZ78847,AVIGDLKCPLD,13,917.0
102,HLA-B35:01,6697.11,ANZ78847,FINGIFAKVKN,102,918.0
815,HLA-B35:01,6697.35,ANZ78847,TSSPKVTIDCA,815,919.0
487,HLA-B35:01,6697.45,ANZ78847,AQHCFKAPKNF,487,920.0
966,HLA-B35:01,6697.9,ANZ78847,ISGYTLAATSA,966,921.0
512,HLA-B35:01,6698.17,ANZ78847,PGKNNGIGTCP,512,922.0
316,HLA-B35:01,6698.26,ANZ78847,TGVYELNGYTV,316,923.0
548,HLA-B35:01,6698.46,ANZ78847,PQSKSLVGIGE,548,924.0
530,HLA-B35:01,6698.86,ANZ78847,CHNLCNPDPIT,530,925.0
813,HLA-B35:01,6699.02,ANZ78847,IQTSSPKVTID,813,926.0
859,HLA-B35:01,6699.52,ANZ78847,LLDTTQLQVAN,859,927.0
1351,HLA-B35:01,6700.06,ANZ78847,QELVIKTSHDD,1351,928.0
416,HLA-B35:01,6700.4,ANZ78847,LQLGNLGYLQS,416,929.0
943,HLA-B35:01,6700.46,ANZ78847,RDLICVQSYKG,943,930.0
862,HLA-B35:01,6700.7,ANZ78847,TTQLQVANSLM,862,931.0
1106,HLA-B35:01,6700.9,ANZ78847,DSTLVKFSAAQ,1106,932.0
568,HLA-B35:01,6701.25,ANZ78847,DYCGGNPCTCQ,568,933.0
215,HLA-B35:01,6701.26,ANZ78847,LYFHFYQEGGT,215,934.0
447,HLA-B35:01,6701.38,ANZ78847,ANVSVSRFNPS,447,935.0
70,HLA-B35:01,6701.68,ANZ78847,YYPTSGSTYRN,70,936.0
831,HLA-B35:01,6701.99,ANZ78847,DYAACKSQLVE,831,937.0
814,HLA-B35:01,6702.22,ANZ78847,QTSSPKVTIDC,814,938.0
636,HLA-B35:01,6702.59,ANZ78847,GISGQGIFVEV,636,939.0
1022,HLA-B35:01,6702.64,ANZ78847,ALDAIQEGFDA,1022,940.0
1293,HLA-B35:01,6702.67,ANZ78847,KDIGTYEYYVK,1293,941.0
422,HLA-B35:01,6702.68,ANZ78847,GYLQSFNYRID,422,942.0
1109,HLA-B35:01,6702.91,ANZ78847,LVKFSAAQAME,1109,943.0
754,HLA-B35:01,6703.13,ANZ78847,YCVDYSKNRRS,754,944.0
852,HLA-B35:01,6703.15,ANZ78847,ILTEVNELLDT,852,945.0
231,HLA-B35:01,6704.32,ANZ78847,TDTGVVTKFLF,231,946.0
1105,HLA-B35:01,6705.52,ANZ78847,SDSTLVKFSAA,1105,947.0
506,HLA-B35:01,6705.83,ANZ78847,LCVGSGPGKNN,506,948.0
1145,HLA-B35:01,6706.0,ANZ78847,VQNAPYGLYFI,1145,949.0
758,HLA-B35:01,6706.07,ANZ78847,YSKNRRSRRAI,758,950.0
490,HLA-B35:01,6706.84,ANZ78847,CFKAPKNFCPC,490,951.0
1122,HLA-B35:01,6707.75,ANZ78847,NECVKSQSSRI,1122,952.0
380,HLA-B35:01,6707.93,ANZ78847,ADSFTCNNIDA,380,953.0
666,HLA-B35:01,6709.31,ANZ78847,YGFRDYLTNRT,666,954.0
620,HLA-B35:01,6709.45,ANZ78847,ANTDIKLGVCV,620,955.0
167,HLA-B35:01,6709.99,ANZ78847,CQYNMCEYPHT,167,956.0
358,HLA-B35:01,6710.33,ANZ78847,NWERKTFSNCN,358,957.0
1153,HLA-B35:01,6711.27,ANZ78847,YFIHFSYVPTK,1153,958.0
500,HLA-B35:01,6711.33,ANZ78847,CKSNSSLCVGS,500,959.0
1074,HLA-B35:01,6711.72,ANZ78847,SRLDALEAEAQ,1074,960.0
911,HLA-B35:01,6712.07,ANZ78847,RSAIEDLLFDK,911,961.0
342,HLA-B35:01,6712.6,ANZ78847,CNIEAWLNDKS,342,962.0
995,HLA-B35:01,6713.21,ANZ78847,QYRINGLGVTM,995,963.0
47,HLA-B35:01,6713.24,ANZ78847,TNGLGTYYVLD,47,964.0
1246,HLA-B35:01,6713.79,ANZ78847,DQWFKNQTSVA,1246,965.0
546,HLA-B35:01,6714.09,ANZ78847,KCPQSKSLVGI,546,966.0
511,HLA-B35:01,6714.98,ANZ78847,GPGKNNGIGTC,511,967.0
766,HLA-B35:01,6715.05,ANZ78847,RAITTGYRFTN,766,968.0
668,HLA-B35:01,6715.5,ANZ78847,FRDYLTNRTFM,668,969.0
686,HLA-B35:01,6715.58,ANZ78847,RVSAAFHANSS,686,970.0
229,HLA-B35:01,6716.38,ANZ78847,YFTDTGVVTKF,229,971.0
1129,HLA-B35:01,6716.73,ANZ78847,SSRINFCGNGN,1129,972.0
556,HLA-B35:01,6716.75,ANZ78847,IGEHCSGLAVK,556,973.0
1276,HLA-B35:01,6716.79,ANZ78847,NRLQEAIKVLN,1276,974.0
300,HLA-B35:01,6717.59,ANZ78847,DFMSEIKCKTQ,300,975.0
109,HLA-B35:01,6717.86,ANZ78847,KVKNTKVFKDG,109,976.0
660,HLA-B35:01,6718.88,ANZ78847,DSNGNLYGFRD,660,977.0
558,HLA-B35:01,6719.02,ANZ78847,EHCSGLAVKSD,558,978.0
773,HLA-B35:01,6719.63,ANZ78847,RFTNFEPFTVN,773,979.0
142,HLA-B35:01,6720.33,ANZ78847,VVQPRTINSTQ,142,980.0
1221,HLA-B35:01,6720.84,ANZ78847,VNYTKAPYVML,1221,981.0
147,HLA-B35:01,6721.57,ANZ78847,TINSTQDGVNK,147,982.0
562,HLA-B35:01,6721.7,ANZ78847,GLAVKSDYCGG,562,983.0
141,HLA-B35:01,6721.82,ANZ78847,VVVQPRTINST,141,984.0
308,HLA-B35:01,6721.88,ANZ78847,KTQSIAPPTGV,308,985.0
263,HLA-B35:01,6721.96,ANZ78847,RNIGFTLEYWV,263,986.0
1233,HLA-B35:01,6721.96,ANZ78847,TSIPNLPDFRE,1233,986.0
853,HLA-B35:01,6722.14,ANZ78847,LTEVNELLDTT,853,988.0
34,HLA-B35:01,6722.39,ANZ78847,TGPPSISTATV,34,989.0
857,HLA-B35:01,6722.95,ANZ78847,NELLDTTQLQV,857,990.0
743,HLA-B35:01,6723.21,ANZ78847,VQTCDLTVGSG,743,991.0
866,HLA-B35:01,6723.35,ANZ78847,QVANSLMNGVT,866,992.0
708,HLA-B35:01,6724.2,ANZ78847,NYVFNNSLTRQ,708,993.0
570,HLA-B35:01,6724.63,ANZ78847,CGGNPCTCQPQ,570,994.0
392,HLA-B35:01,6726.13,ANZ78847,KIYGMCFSSIT,392,995.0
507,HLA-B35:01,6726.56,ANZ78847,CVGSGPGKNNG,507,996.0
1200,HLA-B35:01,6726.61,ANZ78847,SGYYYPEPITE,1200,997.0
621,HLA-B35:01,6726.79,ANZ78847,NTDIKLGVCVN,621,998.0
747,HLA-B35:01,6727.48,ANZ78847,DLTVGSGYCVD,747,999.0
18,HLA-B35:01,6728.22,ANZ78847,LKCPLDSRTGS,18,1000.0
1196,HLA-B35:01,6728.51,ANZ78847,MYTGSGYYYPE,1196,1001.0
700,HLA-B35:01,6729.3,ANZ78847,LLFRNIKCNYV,700,1002.0
421,HLA-B35:01,6729.37,ANZ78847,LGYLQSFNYRI,421,1003.0
130,HLA-B35:01,6729.73,ANZ78847,IGSTFVNTSYS,130,1004.0
1183,HLA-B35:01,6729.85,ANZ78847,PKSGYFVNVNN,1183,1005.0
352,HLA-B35:01,6730.44,ANZ78847,SVPSPLNWERK,352,1006.0
854,HLA-B35:01,6730.6,ANZ78847,TEVNELLDTTQ,854,1007.0
893,HLA-B35:01,6730.65,ANZ78847,NFSSVLGCLGS,893,1008.0
829,HLA-B35:01,6730.91,ANZ78847,CGDYAACKSQL,829,1009.0
938,HLA-B35:01,6730.91,ANZ78847,GGAEIRDLICV,938,1009.0
1036,HLA-B35:01,6731.26,ANZ78847,ALVKIQAVVNA,1036,1011.0
1003,HLA-B35:01,6731.82,ANZ78847,VTMDVLSQNQK,1003,1012.0
426,HLA-B35:01,6732.23,ANZ78847,SFNYRIDTTAT,426,1013.0
400,HLA-B35:01,6732.66,ANZ78847,SITIDKFAIPN,400,1014.0
287,HLA-B35:01,6732.79,ANZ78847,QDGIIFNAVDC,287,1015.0
359,HLA-B35:01,6733.1,ANZ78847,WERKTFSNCNF,359,1016.0
1101,HLA-B35:01,6733.38,ANZ78847,SQQLSDSTLVK,1101,1017.0
412,HLA-B35:01,6734.08,ANZ78847,RKVDLQLGNLG,412,1018.0
865,HLA-B35:01,6734.16,ANZ78847,LQVANSLMNGV,865,1019.0
221,HLA-B35:01,6734.5,ANZ78847,QEGGTFYAYFT,221,1020.0
954,HLA-B35:01,6734.72,ANZ78847,IKVLPPLLSEN,954,1021.0
630,HLA-B35:01,6736.14,ANZ78847,VNYDLYGISGQ,630,1022.0
955,HLA-B35:01,6736.29,ANZ78847,KVLPPLLSENQ,955,1023.0
158,HLA-B35:01,6736.97,ANZ78847,LQGLLEVSVCQ,158,1024.0
1026,HLA-B35:01,6737.72,ANZ78847,IQEGFDATNSA,1026,1025.0
123,HLA-B35:01,6738.22,ANZ78847,SEFPAITIGST,123,1026.0
1118,HLA-B35:01,6738.31,ANZ78847,MEKVNECVKSQ,1118,1027.0
614,HLA-B35:01,6738.32,ANZ78847,STDLQKANTDI,614,1028.0
1284,HLA-B35:01,6739.15,ANZ78847,VLNQSYINLKD,1284,1029.0
873,HLA-B35:01,6739.46,ANZ78847,NGVTLSTKLKD,873,1030.0
277,HLA-B35:01,6740.01,ANZ78847,TSRQYLLAFNQ,277,1031.0
917,HLA-B35:01,6740.43,ANZ78847,LLFDKVKLSDV,917,1032.0
26,HLA-B35:01,6740.72,ANZ78847,TGSLNNIDTGP,26,1033.0
712,HLA-B35:01,6740.77,ANZ78847,NNSLTRQLQPI,712,1034.0
428,HLA-B35:01,6741.03,ANZ78847,NYRIDTTATSC,428,1035.0
492,HLA-B35:01,6741.06,ANZ78847,KAPKNFCPCKS,492,1036.0
153,HLA-B35:01,6741.1,ANZ78847,DGVNKLQGLLE,153,1037.0
950,HLA-B35:01,6743.09,ANZ78847,SYKGIKVLPPL,950,1038.0
775,HLA-B35:01,6743.4,ANZ78847,TNFEPFTVNSV,775,1039.0
671,HLA-B35:01,6743.43,ANZ78847,YLTNRTFMIRS,671,1040.0
1008,HLA-B35:01,6743.87,ANZ78847,LSQNQKLIANA,1008,1041.0
407,HLA-B35:01,6743.98,ANZ78847,AIPNGRKVDLQ,407,1042.0
830,HLA-B35:01,6744.02,ANZ78847,GDYAACKSQLV,830,1043.0
424,HLA-B35:01,6744.18,ANZ78847,LQSFNYRIDTT,424,1044.0
1331,HLA-B35:01,6744.34,ANZ78847,GCGTSCFKKCG,1331,1045.0
810,HLA-B35:01,6744.71,ANZ78847,EEFIQTSSPKV,810,1046.0
410,HLA-B35:01,6745.18,ANZ78847,NGRKVDLQLGN,410,1047.0
617,HLA-B35:01,6745.21,ANZ78847,LQKANTDIKLG,617,1048.0
913,HLA-B35:01,6745.46,ANZ78847,AIEDLLFDKVK,913,1049.0
615,HLA-B35:01,6746.5,ANZ78847,TDLQKANTDIK,615,1050.0
1350,HLA-B35:01,6746.59,ANZ78847,YQELVIKTSHD,1350,1051.0
953,HLA-B35:01,6747.36,ANZ78847,GIKVLPPLLSE,953,1052.0
462,HLA-B35:01,6747.56,ANZ78847,RFGFIEDSVFK,462,1053.0
113,HLA-B35:01,6747.74,ANZ78847,TKVFKDGVMYS,113,1054.0
1344,HLA-B35:01,6748.47,ANZ78847,CDDYTGYQELV,1344,1055.0
468,HLA-B35:01,6748.49,ANZ78847,DSVFKPQPAGV,468,1056.0
333,HLA-B35:01,6748.84,ANZ78847,YRRKPDLPNCN,333,1057.0
544,HLA-B35:01,6748.84,ANZ78847,PYKCPQSKSLV,544,1057.0
74,HLA-B35:01,6749.66,ANZ78847,SGSTYRNMALK,74,1059.0
228,HLA-B35:01,6750.13,ANZ78847,AYFTDTGVVTK,228,1060.0
549,HLA-B35:01,6751.28,ANZ78847,QSKSLVGIGEH,549,1061.0
289,HLA-B35:01,6751.96,ANZ78847,GIIFNAVDCMS,289,1062.0
872,HLA-B35:01,6752.11,ANZ78847,MNGVTLSTKLK,872,1063.0
623,HLA-B35:01,6752.53,ANZ78847,DIKLGVCVNYD,623,1064.0
616,HLA-B35:01,6752.65,ANZ78847,DLQKANTDIKL,616,1065.0
678,HLA-B35:01,6752.93,ANZ78847,MIRSCYSGRVS,678,1066.0
1244,HLA-B35:01,6752.93,ANZ78847,ELDQWFKNQTS,1244,1066.0
303,HLA-B35:01,6753.31,ANZ78847,SEIKCKTQSIA,303,1068.0
184,HLA-B35:01,6753.42,ANZ78847,GNHFKELWHMD,184,1069.0
540,HLA-B35:01,6753.91,ANZ78847,TFTGPYKCPQS,540,1070.0
397,HLA-B35:01,6754.06,ANZ78847,CFSSITIDKFA,397,1071.0
188,HLA-B35:01,6754.2,ANZ78847,KELWHMDTGVV,188,1072.0
672,HLA-B35:01,6754.65,ANZ78847,LTNRTFMIRSC,672,1073.0
491,HLA-B35:01,6754.84,ANZ78847,FKAPKNFCPCK,491,1074.0
145,HLA-B35:01,6755.3,ANZ78847,PRTINSTQDGV,145,1075.0
608,HLA-B35:01,6755.33,ANZ78847,NSGLTCSTDLQ,608,1076.0
1179,HLA-B35:01,6755.53,ANZ78847,RGIAPKSGYFV,1179,1077.0
1126,HLA-B35:01,6755.63,ANZ78847,KSQSSRINFCG,1126,1078.0
1130,HLA-B35:01,6755.85,ANZ78847,SRINFCGNGNH,1130,1079.0
1127,HLA-B35:01,6756.6,ANZ78847,SQSSRINFCGN,1127,1080.0
1070,HLA-B35:01,6756.62,ANZ78847,QEILSRLDALE,1070,1081.0
897,HLA-B35:01,6756.83,ANZ78847,VLGCLGSECSK,897,1082.0
922,HLA-B35:01,6757.31,ANZ78847,VKLSDVGFVAA,922,1083.0
390,HLA-B35:01,6757.59,ANZ78847,AAKIYGMCFSS,390,1084.0
524,HLA-B35:01,6758.41,ANZ78847,GTNYLTCHNLC,524,1085.0
894,HLA-B35:01,6758.5,ANZ78847,FSSVLGCLGSE,894,1086.0
613,HLA-B35:01,6758.6,ANZ78847,CSTDLQKANTD,613,1087.0
557,HLA-B35:01,6758.9,ANZ78847,GEHCSGLAVKS,557,1088.0
1061,HLA-B35:01,6758.95,ANZ78847,RFGAISSSLQE,1061,1089.0
482,HLA-B35:01,6759.65,ANZ78847,HDVVYAQHCFK,482,1090.0
128,HLA-B35:01,6759.99,ANZ78847,ITIGSTFVNTS,128,1091.0
49,HLA-B35:01,6760.33,ANZ78847,GLGTYYVLDRV,49,1092.0
585,HLA-B35:01,6760.67,ANZ78847,WSADSCLQGDK,585,1093.0
998,HLA-B35:01,6760.78,ANZ78847,INGLGVTMDVL,998,1094.0
916,HLA-B35:01,6761.06,ANZ78847,DLLFDKVKLSD,916,1095.0
199,HLA-B35:01,6761.83,ANZ78847,SCLYKRNFTYD,199,1096.0
27,HLA-B35:01,6762.06,ANZ78847,GSLNNIDTGPP,27,1097.0
554,HLA-B35:01,6762.23,ANZ78847,VGIGEHCSGLA,554,1098.0
663,HLA-B35:01,6764.61,ANZ78847,GNLYGFRDYLT,663,1099.0
78,HLA-B35:01,6764.67,ANZ78847,YRNMALKGTDK,78,1100.0
100,HLA-B35:01,6765.71,ANZ78847,SDFINGIFAKV,100,1101.0
415,HLA-B35:01,6766.04,ANZ78847,DLQLGNLGYLQ,415,1102.0
1216,HLA-B35:01,6767.82,ANZ78847,MSTCAVNYTKA,1216,1103.0
156,HLA-B35:01,6768.07,ANZ78847,NKLQGLLEVSV,156,1104.0
996,HLA-B35:01,6768.51,ANZ78847,YRINGLGVTMD,996,1105.0
223,HLA-B35:01,6768.85,ANZ78847,GGTFYAYFTDT,223,1106.0
451,HLA-B35:01,6769.46,ANZ78847,VSRFNPSTWNK,451,1107.0
1092,HLA-B35:01,6769.81,ANZ78847,RLTALNAYVSQ,1092,1108.0
25,HLA-B35:01,6770.35,ANZ78847,RTGSLNNIDTG,25,1109.0
1152,HLA-B35:01,6770.46,ANZ78847,LYFIHFSYVPT,1152,1110.0
586,HLA-B35:01,6770.64,ANZ78847,SADSCLQGDKC,586,1111.0
997,HLA-B35:01,6771.8,ANZ78847,RINGLGVTMDV,997,1112.0
85,HLA-B35:01,6771.96,ANZ78847,GTDKLSTLWFK,85,1113.0
1117,HLA-B35:01,6772.29,ANZ78847,AMEKVNECVKS,1117,1114.0
705,HLA-B35:01,6772.39,ANZ78847,IKCNYVFNNSL,705,1115.0
877,HLA-B35:01,6772.71,ANZ78847,LSTKLKDGVNF,877,1116.0
1199,HLA-B35:01,6773.04,ANZ78847,GSGYYYPEPIT,1199,1117.0
332,HLA-B35:01,6773.14,ANZ78847,VYRRKPDLPNC,332,1118.0
1151,HLA-B35:01,6773.19,ANZ78847,GLYFIHFSYVP,1151,1119.0
807,HLA-B35:01,6773.27,ANZ78847,GNMEEFIQTSS,807,1120.0
1262,HLA-B35:01,6773.82,ANZ78847,DYINVTFLDLQ,1262,1121.0
812,HLA-B35:01,6773.93,ANZ78847,FIQTSSPKVTI,812,1122.0
155,HLA-B35:01,6774.15,ANZ78847,VNKLQGLLEVS,155,1123.0
944,HLA-B35:01,6774.53,ANZ78847,DLICVQSYKGI,944,1124.0
305,HLA-B35:01,6774.99,ANZ78847,IKCKTQSIAPP,305,1125.0
803,HLA-B35:01,6775.12,ANZ78847,DFTIGNMEEFI,803,1126.0
757,HLA-B35:01,6776.54,ANZ78847,DYSKNRRSRRA,757,1127.0
769,HLA-B35:01,6776.81,ANZ78847,TTGYRFTNFEP,769,1128.0
840,HLA-B35:01,6776.94,ANZ78847,VEYGSFCDNIN,840,1129.0
294,HLA-B35:01,6777.0,ANZ78847,AVDCMSDFMSE,294,1130.0
1155,HLA-B35:01,6778.51,ANZ78847,IHFSYVPTKYV,1155,1131.0
618,HLA-B35:01,6778.93,ANZ78847,QKANTDIKLGV,618,1132.0
14,HLA-B35:01,6780.35,ANZ78847,VIGDLKCPLDS,14,1133.0
590,HLA-B35:01,6780.41,ANZ78847,CLQGDKCNIFA,590,1134.0
1333,HLA-B35:01,6780.42,ANZ78847,GTSCFKKCGGC,1333,1135.0
1328,HLA-B35:01,6780.46,ANZ78847,CCTGCGTSCFK,1328,1136.0
143,HLA-B35:01,6780.7,ANZ78847,VQPRTINSTQD,143,1137.0
927,HLA-B35:01,6780.97,ANZ78847,VGFVAAYNNCT,927,1138.0
915,HLA-B35:01,6781.58,ANZ78847,EDLLFDKVKLS,915,1139.0
881,HLA-B35:01,6781.71,ANZ78847,LKDGVNFNVDD,881,1140.0
772,HLA-B35:01,6782.18,ANZ78847,YRFTNFEPFTV,772,1141.0
1278,HLA-B35:01,6782.42,ANZ78847,LQEAIKVLNQS,1278,1142.0
1000,HLA-B35:01,6782.83,ANZ78847,GLGVTMDVLSQ,1000,1143.0
378,HLA-B35:01,6783.4,ANZ78847,IQADSFTCNNI,378,1144.0
335,HLA-B35:01,6783.65,ANZ78847,RKPDLPNCNIE,335,1145.0
104,HLA-B35:01,6783.82,ANZ78847,NGIFAKVKNTK,104,1146.0
967,HLA-B35:01,6784.01,ANZ78847,SGYTLAATSAS,967,1147.0
960,HLA-B35:01,6784.15,ANZ78847,LLSENQISGYT,960,1148.0
270,HLA-B35:01,6784.39,ANZ78847,EYWVTPLTSRQ,270,1149.0
1245,HLA-B35:01,6784.47,ANZ78847,LDQWFKNQTSV,1245,1150.0
1287,HLA-B35:01,6784.86,ANZ78847,QSYINLKDIGT,1287,1151.0
1107,HLA-B35:01,6785.34,ANZ78847,STLVKFSAAQA,1107,1152.0
193,HLA-B35:01,6786.04,ANZ78847,MDTGVVSCLYK,193,1153.0
149,HLA-B35:01,6786.6,ANZ78847,NSTQDGVNKLQ,149,1154.0
1162,HLA-B35:01,6787.29,ANZ78847,TKYVTAKVSPG,1162,1155.0
880,HLA-B35:01,6787.78,ANZ78847,KLKDGVNFNVD,880,1156.0
609,HLA-B35:01,6787.92,ANZ78847,SGLTCSTDLQK,609,1157.0
674,HLA-B35:01,6788.04,ANZ78847,NRTFMIRSCYS,674,1158.0
22,HLA-B35:01,6788.84,ANZ78847,LDSRTGSLNNI,22,1159.0
93,HLA-B35:01,6788.94,ANZ78847,WFKPPFLSDFI,93,1160.0
942,HLA-B35:01,6789.3,ANZ78847,IRDLICVQSYK,942,1161.0
868,HLA-B35:01,6789.38,ANZ78847,ANSLMNGVTLS,868,1162.0
363,HLA-B35:01,6790.0,ANZ78847,TFSNCNFNMSS,363,1163.0
391,HLA-B35:01,6790.78,ANZ78847,AKIYGMCFSSI,391,1164.0
565,HLA-B35:01,6791.16,ANZ78847,VKSDYCGGNPC,565,1165.0
280,HLA-B35:01,6791.31,ANZ78847,QYLLAFNQDGI,280,1166.0
1032,HLA-B35:01,6791.84,ANZ78847,ATNSALVKIQA,1032,1167.0
1240,HLA-B35:01,6792.08,ANZ78847,DFREELDQWFK,1240,1168.0
1334,HLA-B35:01,6792.17,ANZ78847,TSCFKKCGGCC,1334,1169.0
157,HLA-B35:01,6792.77,ANZ78847,KLQGLLEVSVC,157,1170.0
902,HLA-B35:01,6792.89,ANZ78847,GSECSKASSRS,902,1171.0
612,HLA-B35:01,6794.04,ANZ78847,TCSTDLQKANT,612,1172.0
357,HLA-B35:01,6794.37,ANZ78847,LNWERKTFSNC,357,1173.0
404,HLA-B35:01,6794.69,ANZ78847,DKFAIPNGRKV,404,1174.0
405,HLA-B35:01,6794.76,ANZ78847,KFAIPNGRKVD,405,1175.0
1270,HLA-B35:01,6795.56,ANZ78847,DLQVEMNRLQE,1270,1176.0
101,HLA-B35:01,6795.66,ANZ78847,DFINGIFAKVK,101,1177.0
704,HLA-B35:01,6795.69,ANZ78847,NIKCNYVFNNS,704,1178.0
116,HLA-B35:01,6795.78,ANZ78847,FKDGVMYSEFP,116,1179.0
326,HLA-B35:01,6795.82,ANZ78847,VQPIADVYRRK,326,1180.0
151,HLA-B35:01,6796.02,ANZ78847,TQDGVNKLQGL,151,1181.0
137,HLA-B35:01,6796.29,ANZ78847,TSYSVVVQPRT,137,1182.0
42,HLA-B35:01,6796.69,ANZ78847,ATVDVTNGLGT,42,1183.0
948,HLA-B35:01,6797.3,ANZ78847,VQSYKGIKVLP,948,1184.0
1349,HLA-B35:01,6798.25,ANZ78847,GYQELVIKTSH,1349,1185.0
1332,HLA-B35:01,6798.39,ANZ78847,CGTSCFKKCGG,1332,1186.0
330,HLA-B35:01,6799.21,ANZ78847,ADVYRRKPDLP,330,1187.0
195,HLA-B35:01,6799.34,ANZ78847,TGVVSCLYKRN,195,1188.0
860,HLA-B35:01,6799.37,ANZ78847,LDTTQLQVANS,860,1189.0
936,HLA-B35:01,6799.4,ANZ78847,CTGGAEIRDLI,936,1190.0
795,HLA-B35:01,6800.2,ANZ78847,LYEIQIPSDFT,795,1191.0
973,HLA-B35:01,6800.26,ANZ78847,ATSASLFPPWT,973,1192.0
551,HLA-B35:01,6800.32,ANZ78847,KSLVGIGEHCS,551,1193.0
591,HLA-B35:01,6800.45,ANZ78847,LQGDKCNIFAN,591,1194.0
1110,HLA-B35:01,6800.79,ANZ78847,VKFSAAQAMEK,1110,1195.0
1055,HLA-B35:01,6801.0,ANZ78847,LQQLSNRFGAI,1055,1196.0
403,HLA-B35:01,6802.15,ANZ78847,IDKFAIPNGRK,403,1197.0
560,HLA-B35:01,6802.37,ANZ78847,CSGLAVKSDYC,560,1198.0
1277,HLA-B35:01,6802.8,ANZ78847,RLQEAIKVLNQ,1277,1199.0
695,HLA-B35:01,6804.38,ANZ78847,SSEPALLFRNI,695,1200.0
541,HLA-B35:01,6805.42,ANZ78847,FTGPYKCPQSK,541,1201.0
999,HLA-B35:01,6805.94,ANZ78847,NGLGVTMDVLS,999,1202.0
150,HLA-B35:01,6806.41,ANZ78847,STQDGVNKLQG,150,1203.0
900,HLA-B35:01,6806.78,ANZ78847,CLGSECSKASS,900,1204.0
63,HLA-B35:01,6806.96,ANZ78847,TTLFLNGYYPT,63,1205.0
1054,HLA-B35:01,6806.96,ANZ78847,LLQQLSNRFGA,1054,1205.0
952,HLA-B35:01,6807.97,ANZ78847,KGIKVLPPLLS,952,1207.0
1295,HLA-B35:01,6808.0,ANZ78847,IGTYEYYVKWP,1295,1208.0
146,HLA-B35:01,6808.46,ANZ78847,RTINSTQDGVN,146,1209.0
1085,HLA-B35:01,6808.91,ANZ78847,IDRLINGRLTA,1085,1210.0
575,HLA-B35:01,6808.93,ANZ78847,CTCQPQAFLGW,575,1211.0
1025,HLA-B35:01,6809.6,ANZ78847,AIQEGFDATNS,1025,1212.0
638,HLA-B35:01,6809.65,ANZ78847,SGQGIFVEVNA,638,1213.0
1038,HLA-B35:01,6810.02,ANZ78847,VKIQAVVNANA,1038,1214.0
77,HLA-B35:01,6810.56,ANZ78847,TYRNMALKGTD,77,1215.0
1057,HLA-B35:01,6810.75,ANZ78847,QLSNRFGAISS,1057,1216.0
587,HLA-B35:01,6810.89,ANZ78847,ADSCLQGDKCN,587,1217.0
299,HLA-B35:01,6810.96,ANZ78847,SDFMSEIKCKT,299,1218.0
1348,HLA-B35:01,6811.29,ANZ78847,TGYQELVIKTS,1348,1219.0
1269,HLA-B35:01,6811.59,ANZ78847,LDLQVEMNRLQ,1269,1220.0
1131,HLA-B35:01,6812.22,ANZ78847,RINFCGNGNHI,1131,1221.0
387,HLA-B35:01,6812.91,ANZ78847,NIDAAKIYGMC,387,1222.0
811,HLA-B35:01,6813.17,ANZ78847,EFIQTSSPKVT,811,1223.0
951,HLA-B35:01,6813.41,ANZ78847,YKGIKVLPPLL,951,1224.0
669,HLA-B35:01,6813.66,ANZ78847,RDYLTNRTFMI,669,1225.0
1172,HLA-B35:01,6813.66,ANZ78847,GLCIAGDRGIA,1172,1225.0
634,HLA-B35:01,6813.81,ANZ78847,LYGISGQGIFV,634,1227.0
875,HLA-B35:01,6814.04,ANZ78847,VTLSTKLKDGV,875,1228.0
717,HLA-B35:01,6815.8,ANZ78847,RQLQPINYFDS,717,1229.0
515,HLA-B35:01,6816.32,ANZ78847,NNGIGTCPAGT,515,1230.0
536,HLA-B35:01,6816.92,ANZ78847,PDPITFTGPYK,536,1231.0
456,HLA-B35:01,6818.76,ANZ78847,PSTWNKRFGFI,456,1232.0
703,HLA-B35:01,6819.29,ANZ78847,RNIKCNYVFNN,703,1233.0
1274,HLA-B35:01,6819.57,ANZ78847,EMNRLQEAIKV,1274,1234.0
994,HLA-B35:01,6819.81,ANZ78847,VQYRINGLGVT,994,1235.0
679,HLA-B35:01,6819.83,ANZ78847,IRSCYSGRVSA,679,1236.0
179,HLA-B35:01,6820.36,ANZ78847,CHPNLGNHFKE,179,1237.0
182,HLA-B35:01,6821.0,ANZ78847,NLGNHFKELWH,182,1238.0
79,HLA-B35:01,6821.21,ANZ78847,RNMALKGTDKL,79,1239.0
72,HLA-B35:01,6821.74,ANZ78847,PTSGSTYRNMA,72,1240.0
898,HLA-B35:01,6822.69,ANZ78847,LGCLGSECSKA,898,1241.0
449,HLA-B35:01,6823.39,ANZ78847,VSVSRFNPSTW,449,1242.0
495,HLA-B35:01,6823.8,ANZ78847,KNFCPCKSNSS,495,1243.0
1115,HLA-B35:01,6824.62,ANZ78847,AQAMEKVNECV,1115,1244.0
513,HLA-B35:01,6825.49,ANZ78847,GKNNGIGTCPA,513,1245.0
230,HLA-B35:01,6825.75,ANZ78847,FTDTGVVTKFL,230,1246.0
197,HLA-B35:01,6826.72,ANZ78847,VVSCLYKRNFT,197,1247.0
882,HLA-B35:01,6828.04,ANZ78847,KDGVNFNVDDI,882,1248.0
1224,HLA-B35:01,6829.35,ANZ78847,TKAPYVMLNTS,1224,1249.0
232,HLA-B35:01,6829.6,ANZ78847,DTGVVTKFLFN,232,1250.0
550,HLA-B35:01,6829.84,ANZ78847,SKSLVGIGEHC,550,1251.0
539,HLA-B35:01,6830.37,ANZ78847,ITFTGPYKCPQ,539,1252.0
1119,HLA-B35:01,6830.92,ANZ78847,EKVNECVKSQS,1119,1253.0
680,HLA-B35:01,6831.4,ANZ78847,RSCYSGRVSAA,680,1254.0
466,HLA-B35:01,6834.1,ANZ78847,IEDSVFKPQPA,466,1255.0
86,HLA-B35:01,6834.71,ANZ78847,TDKLSTLWFKP,86,1256.0
460,HLA-B35:01,6835.41,ANZ78847,NKRFGFIEDSV,460,1257.0
542,HLA-B35:01,6835.88,ANZ78847,TGPYKCPQSKS,542,1258.0
470,HLA-B35:01,6836.15,ANZ78847,VFKPQPAGVLT,470,1259.0
258,HLA-B35:01,6836.35,ANZ78847,TCISRRNIGFT,258,1260.0
735,HLA-B35:01,6836.67,ANZ78847,AYNSTAISVQT,735,1261.0
1012,HLA-B35:01,6837.35,ANZ78847,QKLIANAFNNA,1012,1262.0
110,HLA-B35:01,6839.28,ANZ78847,VKNTKVFKDGV,110,1263.0
1341,HLA-B35:01,6842.55,ANZ78847,GGCCDDYTGYQ,1341,1264.0
1157,HLA-B35:01,6844.48,ANZ78847,FSYVPTKYVTA,1157,1265.0
80,HLA-B35:01,6845.0,ANZ78847,NMALKGTDKLS,80,1266.0
805,HLA-B35:01,6845.04,ANZ78847,TIGNMEEFIQT,805,1267.0
1329,HLA-B35:01,6846.26,ANZ78847,CTGCGTSCFKK,1329,1268.0
1242,HLA-B35:01,6846.79,ANZ78847,REELDQWFKNQ,1242,1269.0
464,HLA-B35:01,6846.9,ANZ78847,GFIEDSVFKPQ,464,1270.0
24,HLA-B35:01,6848.12,ANZ78847,SRTGSLNNIDT,24,1271.0
32,HLA-B35:01,6848.44,ANZ78847,IDTGPPSISTA,32,1272.0
185,HLA-B35:01,6848.66,ANZ78847,NHFKELWHMDT,185,1273.0
488,HLA-B35:01,6848.94,ANZ78847,QHCFKAPKNFC,488,1274.0
306,HLA-B35:01,6849.98,ANZ78847,KCKTQSIAPPT,306,1275.0
187,HLA-B35:01,6851.44,ANZ78847,FKELWHMDTGV,187,1276.0
1103,HLA-B35:01,6851.45,ANZ78847,QLSDSTLVKFS,1103,1277.0
360,HLA-B35:01,6852.31,ANZ78847,ERKTFSNCNFN,360,1278.0
683,HLA-B35:01,6852.5,ANZ78847,YSGRVSAAFHA,683,1279.0
350,HLA-B35:01,6853.04,ANZ78847,DKSVPSPLNWE,350,1280.0
278,HLA-B35:01,6853.29,ANZ78847,SRQYLLAFNQD,278,1281.0
411,HLA-B35:01,6854.34,ANZ78847,GRKVDLQLGNL,411,1282.0
127,HLA-B35:01,6855.01,ANZ78847,AITIGSTFVNT,127,1283.0
459,HLA-B35:01,6855.23,ANZ78847,WNKRFGFIEDS,459,1284.0
260,HLA-B35:01,6858.39,ANZ78847,ISRRNIGFTLE,260,1285.0
233,HLA-B35:01,6858.46,ANZ78847,TGVVTKFLFNV,233,1286.0
1084,HLA-B35:01,6859.26,ANZ78847,QIDRLINGRLT,1084,1287.0
768,HLA-B35:01,6859.33,ANZ78847,ITTGYRFTNFE,768,1288.0
1125,HLA-B35:01,6861.02,ANZ78847,VKSQSSRINFC,1125,1289.0
67,HLA-B35:01,6862.91,ANZ78847,LNGYYPTSGST,67,1290.0
878,HLA-B35:01,6863.88,ANZ78847,STKLKDGVNFN,878,1291.0
920,HLA-B35:01,6864.33,ANZ78847,DKVKLSDVGFV,920,1292.0
1250,HLA-B35:01,6864.35,ANZ78847,KNQTSVAPDLA,1250,1293.0
1104,HLA-B35:01,6864.37,ANZ78847,LSDSTLVKFSA,1104,1294.0
841,HLA-B35:01,6864.69,ANZ78847,EYGSFCDNINA,841,1295.0
105,HLA-B35:01,6864.9,ANZ78847,GIFAKVKNTKV,105,1296.0
1294,HLA-B35:01,6864.96,ANZ78847,DIGTYEYYVKW,1294,1297.0
33,HLA-B35:01,6865.31,ANZ78847,DTGPPSISTAT,33,1298.0
685,HLA-B35:01,6865.42,ANZ78847,GRVSAAFHANS,685,1299.0
532,HLA-B35:01,6865.45,ANZ78847,NLCNPDPITFT,532,1300.0
566,HLA-B35:01,6867.04,ANZ78847,KSDYCGGNPCT,566,1301.0
494,HLA-B35:01,6867.05,ANZ78847,PKNFCPCKSNS,494,1302.0
1223,HLA-B35:01,6868.9,ANZ78847,YTKAPYVMLNT,1223,1303.0
1111,HLA-B35:01,6869.01,ANZ78847,KFSAAQAMEKV,1111,1304.0
1098,HLA-B35:01,6869.49,ANZ78847,AYVSQQLSDST,1098,1305.0
1347,HLA-B35:01,6870.82,ANZ78847,YTGYQELVIKT,1347,1306.0
639,HLA-B35:01,6875.15,ANZ78847,GQGIFVEVNAT,639,1307.0
836,HLA-B35:01,6875.16,ANZ78847,KSQLVEYGSFC,836,1308.0
265,HLA-B35:01,6878.2,ANZ78847,IGFTLEYWVTP,265,1309.0
485,HLA-B35:01,6882.82,ANZ78847,VYAQHCFKAPK,485,1310.0
1174,HLA-B35:01,6884.26,ANZ78847,CIAGDRGIAPK,1174,1311.0
876,HLA-B35:01,6884.45,ANZ78847,TLSTKLKDGVN,876,1312.0
510,HLA-B35:01,6886.09,ANZ78847,SGPGKNNGIGT,510,1313.0
108,HLA-B35:01,6887.43,ANZ78847,AKVKNTKVFKD,108,1314.0
334,HLA-B35:01,6888.52,ANZ78847,RRKPDLPNCNI,334,1315.0
82,HLA-B35:01,6889.27,ANZ78847,ALKGTDKLSTL,82,1316.0
87,HLA-B35:01,6889.49,ANZ78847,DKLSTLWFKPP,87,1317.0
1198,HLA-B35:01,6889.68,ANZ78847,TGSGYYYPEPI,1198,1318.0
76,HLA-B35:01,6890.38,ANZ78847,STYRNMALKGT,76,1319.0
751,HLA-B35:01,6891.85,ANZ78847,GSGYCVDYSKN,751,1320.0
610,HLA-B35:01,6893.68,ANZ78847,GLTCSTDLQKA,610,1321.0
1243,HLA-B35:01,6894.65,ANZ78847,EELDQWFKNQT,1243,1322.0
588,HLA-B35:01,6895.41,ANZ78847,DSCLQGDKCNI,588,1323.0
202,HLA-B35:01,6895.64,ANZ78847,YKRNFTYDVNA,202,1324.0
879,HLA-B35:01,6895.67,ANZ78847,TKLKDGVNFNV,879,1325.0
571,HLA-B35:01,6897.01,ANZ78847,GGNPCTCQPQA,571,1326.0
765,HLA-B35:01,6897.29,ANZ78847,RRAITTGYRFT,765,1327.0
152,HLA-B35:01,6902.53,ANZ78847,QDGVNKLQGLL,152,1328.0
16,HLA-B35:01,6903.21,ANZ78847,GDLKCPLDSRT,16,1329.0
505,HLA-B35:01,6904.53,ANZ78847,SLCVGSGPGKN,505,1330.0
181,HLA-B35:01,6904.56,ANZ78847,PNLGNHFKELW,181,1331.0
759,HLA-B35:01,6909.14,ANZ78847,SKNRRSRRAIT,759,1332.0
262,HLA-B35:01,6909.96,ANZ78847,RRNIGFTLEYW,262,1333.0
1185,HLA-B35:01,6911.41,ANZ78847,SGYFVNVNNTW,1185,1334.0
349,HLA-B35:01,6911.93,ANZ78847,NDKSVPSPLNW,349,1335.0
362,HLA-B35:01,6915.23,ANZ78847,KTFSNCNFNMS,362,1336.0
1296,HLA-B35:01,6915.83,ANZ78847,GTYEYYVKWPW,1296,1337.0
1184,HLA-B35:01,6915.96,ANZ78847,KSGYFVNVNNT,1184,1338.0
203,HLA-B35:01,6916.09,ANZ78847,KRNFTYDVNAT,203,1339.0
103,HLA-B35:01,6917.42,ANZ78847,INGIFAKVKNT,103,1340.0
1330,HLA-B35:01,6918.0,ANZ78847,TGCGTSCFKKC,1330,1341.0
508,HLA-B35:01,6923.31,ANZ78847,VGSGPGKNNGI,508,1342.0
1241,HLA-B35:01,6925.83,ANZ78847,FREELDQWFKN,1241,1343.0
1338,HLA-B35:01,6928.44,ANZ78847,KKCGGCCDDYT,1338,1344.0
1186,HLA-B35:01,6931.82,ANZ78847,GYFVNVNNTWM,1186,1345.0
246,HLA-B35:01,6935.97,ANZ78847,GMALSHYYVMP,246,1346.0
83,HLA-B35:01,6938.81,ANZ78847,LKGTDKLSTLW,83,1347.0
117,HLA-B35:01,6953.82,ANZ78847,KDGVMYSEFPA,117,1348.0
760,HLA-B35:01,6959.51,ANZ78847,KNRRSRRAITT,760,1349.0
771,HLA-B35:01,6960.39,ANZ78847,GYRFTNFEPFT,771,1350.0
361,HLA-B35:01,6968.07,ANZ78847,RKTFSNCNFNM,361,1351.0
84,HLA-B35:01,6968.46,ANZ78847,KGTDKLSTLWF,84,1352.0
1204,HLA-B51:01,1587.88,ANZ78847,YPEPITENNVV,1204,1.0
988,HLA-B51:01,2411.43,ANZ78847,VPFYLNVQYRI,988,2.0
125,HLA-B51:01,2724.97,ANZ78847,FPAITIGSTFV,125,3.0
1345,HLA-B51:01,4016.56,ANZ78847,DDYTGYQELVI,1345,4.0
1280,HLA-B51:01,4347.4,ANZ78847,EAIKVLNQSYI,1280,5.0
775,HLA-B51:01,4740.5,ANZ78847,TNFEPFTVNSV,775,6.0
421,HLA-B51:01,4855.09,ANZ78847,LGYLQSFNYRI,421,7.0
34,HLA-B51:01,5083.57,ANZ78847,TGPPSISTATV,34,8.0
1225,HLA-B51:01,5088.91,ANZ78847,KAPYVMLNTSI,1225,9.0
227,HLA-B51:01,5096.52,ANZ78847,YAYFTDTGVVT,227,10.0
1259,HLA-B51:01,5100.28,ANZ78847,LALDYINVTFL,1259,11.0
790,HLA-B51:01,5216.19,ANZ78847,EPVGGLYEIQI,790,12.0
1150,HLA-B51:01,5227.16,ANZ78847,YGLYFIHFSYV,1150,13.0
1181,HLA-B51:01,5311.52,ANZ78847,IAPKSGYFVNV,1181,14.0
444,HLA-B51:01,5325.83,ANZ78847,LPAANVSVSRF,444,15.0
1147,HLA-B51:01,5339.79,ANZ78847,NAPYGLYFIHF,1147,16.0
734,HLA-B51:01,5415.95,ANZ78847,NAYNSTAISVQ,734,17.0
1203,HLA-B51:01,5416.19,ANZ78847,YYPEPITENNV,1203,18.0
120,HLA-B51:01,5435.91,ANZ78847,VMYSEFPAITI,120,19.0
1206,HLA-B51:01,5470.27,ANZ78847,EPITENNVVVM,1206,20.0
1302,HLA-B51:01,5475.93,ANZ78847,VKWPWYVWLLI,1302,21.0
255,HLA-B51:01,5505.77,ANZ78847,MPLTCISRRNI,255,22.0
8,HLA-B51:01,5526.6,ANZ78847,LPTAFAVIGDL,8,23.0
10,HLA-B51:01,5532.73,ANZ78847,TAFAVIGDLKC,10,24.0
912,HLA-B51:01,5559.19,ANZ78847,SAIEDLLFDKV,912,25.0
1062,HLA-B51:01,5561.58,ANZ78847,FGAISSSLQEI,1062,26.0
1254,HLA-B51:01,5576.35,ANZ78847,SVAPDLALDYI,1254,27.0
389,HLA-B51:01,5612.14,ANZ78847,DAAKIYGMCFS,389,28.0
787,HLA-B51:01,5616.98,ANZ78847,DSLEPVGGLYE,787,29.0
133,HLA-B51:01,5618.69,ANZ78847,TFVNTSYSVVV,133,30.0
697,HLA-B51:01,5624.47,ANZ78847,EPALLFRNIKC,697,31.0
1157,HLA-B51:01,5625.51,ANZ78847,FSYVPTKYVTA,1157,32.0
1316,HLA-B51:01,5627.51,ANZ78847,GVAMLVLLFFI,1316,33.0
324,HLA-B51:01,5629.82,ANZ78847,YTVQPIADVYR,324,34.0
1031,HLA-B51:01,5631.28,ANZ78847,DATNSALVKIQ,1031,35.0
1317,HLA-B51:01,5632.29,ANZ78847,VAMLVLLFFIC,1317,36.0
45,HLA-B51:01,5637.37,ANZ78847,DVTNGLGTYYV,45,37.0
669,HLA-B51:01,5643.28,ANZ78847,RDYLTNRTFMI,669,38.0
1205,HLA-B51:01,5644.53,ANZ78847,PEPITENNVVV,1205,39.0
1258,HLA-B51:01,5645.49,ANZ78847,DLALDYINVTF,1258,40.0
1148,HLA-B51:01,5652.32,ANZ78847,APYGLYFIHFS,1148,41.0
138,HLA-B51:01,5653.28,ANZ78847,SYSVVVQPRTI,138,42.0
800,HLA-B51:01,5655.0,ANZ78847,IPSDFTIGNME,800,43.0
984,HLA-B51:01,5655.74,ANZ78847,AAAGVPFYLNV,984,44.0
1094,HLA-B51:01,5661.26,ANZ78847,TALNAYVSQQL,1094,45.0
322,HLA-B51:01,5664.23,ANZ78847,NGYTVQPIADV,322,46.0
316,HLA-B51:01,5668.19,ANZ78847,TGVYELNGYTV,316,47.0
468,HLA-B51:01,5669.62,ANZ78847,DSVFKPQPAGV,468,48.0
283,HLA-B51:01,5670.07,ANZ78847,LAFNQDGIIFN,283,49.0
987,HLA-B51:01,5670.43,ANZ78847,GVPFYLNVQYR,987,50.0
670,HLA-B51:01,5673.55,ANZ78847,DYLTNRTFMIR,670,51.0
979,HLA-B51:01,5674.42,ANZ78847,FPPWTAAAGVP,979,52.0
71,HLA-B51:01,5677.08,ANZ78847,YPTSGSTYRNM,71,53.0
1169,HLA-B51:01,5679.76,ANZ78847,VSPGLCIAGDR,1169,54.0
69,HLA-B51:01,5681.06,ANZ78847,GYYPTSGSTYR,69,55.0
933,HLA-B51:01,5682.18,ANZ78847,YNNCTGGAEIR,933,56.0
1159,HLA-B51:01,5684.23,ANZ78847,YVPTKYVTAKV,1159,57.0
763,HLA-B51:01,5684.24,ANZ78847,RSRRAITTGYR,763,58.0
536,HLA-B51:01,5684.35,ANZ78847,PDPITFTGPYK,536,59.0
408,HLA-B51:01,5684.7,ANZ78847,IPNGRKVDLQL,408,60.0
1256,HLA-B51:01,5684.97,ANZ78847,APDLALDYINV,1256,61.0
1051,HLA-B51:01,5686.74,ANZ78847,LNNLLQQLSNR,1051,62.0
752,HLA-B51:01,5688.49,ANZ78847,SGYCVDYSKNR,752,63.0
665,HLA-B51:01,5690.44,ANZ78847,LYGFRDYLTNR,665,64.0
101,HLA-B51:01,5690.68,ANZ78847,DFINGIFAKVK,101,65.0
9,HLA-B51:01,5693.98,ANZ78847,PTAFAVIGDLK,9,66.0
247,HLA-B51:01,5694.02,ANZ78847,MALSHYYVMPL,247,67.0
443,HLA-B51:01,5695.7,ANZ78847,NLPAANVSVSR,443,68.0
1028,HLA-B51:01,5696.23,ANZ78847,EGFDATNSALV,1028,69.0
253,HLA-B51:01,5698.32,ANZ78847,YVMPLTCISRR,253,70.0
1346,HLA-B51:01,5699.77,ANZ78847,DYTGYQELVIK,1346,71.0
812,HLA-B51:01,5700.09,ANZ78847,FIQTSSPKVTI,812,72.0
233,HLA-B51:01,5701.01,ANZ78847,TGVVTKFLFNV,233,73.0
1232,HLA-B51:01,5701.51,ANZ78847,NTSIPNLPDFR,1232,74.0
1035,HLA-B51:01,5701.85,ANZ78847,SALVKIQAVVN,1035,75.0
1160,HLA-B51:01,5702.04,ANZ78847,VPTKYVTAKVS,1160,76.0
733,HLA-B51:01,5703.32,ANZ78847,VNAYNSTAISV,733,77.0
420,HLA-B51:01,5703.35,ANZ78847,NLGYLQSFNYR,420,78.0
1090,HLA-B51:01,5703.57,ANZ78847,NGRLTALNAYV,1090,79.0
1029,HLA-B51:01,5705.03,ANZ78847,GFDATNSALVK,1029,80.0
439,HLA-B51:01,5705.12,ANZ78847,QLYYNLPAANV,439,81.0
153,HLA-B51:01,5707.81,ANZ78847,DGVNKLQGLLE,153,82.0
15,HLA-B51:01,5707.83,ANZ78847,IGDLKCPLDSR,15,83.0
1219,HLA-B51:01,5707.96,ANZ78847,CAVNYTKAPYV,1219,84.0
194,HLA-B51:01,5708.67,ANZ78847,DTGVVSCLYKR,194,85.0
901,HLA-B51:01,5709.57,ANZ78847,LGSECSKASSR,901,86.0
404,HLA-B51:01,5709.59,ANZ78847,DKFAIPNGRKV,404,87.0
96,HLA-B51:01,5710.15,ANZ78847,PPFLSDFINGI,96,88.0
325,HLA-B51:01,5711.02,ANZ78847,TVQPIADVYRR,325,89.0
100,HLA-B51:01,5712.08,ANZ78847,SDFINGIFAKV,100,90.0
1030,HLA-B51:01,5714.09,ANZ78847,FDATNSALVKI,1030,91.0
351,HLA-B51:01,5714.16,ANZ78847,KSVPSPLNWER,351,92.0
755,HLA-B51:01,5714.31,ANZ78847,CVDYSKNRRSR,755,93.0
393,HLA-B51:01,5714.68,ANZ78847,IYGMCFSSITI,393,94.0
696,HLA-B51:01,5715.03,ANZ78847,SEPALLFRNIK,696,95.0
1121,HLA-B51:01,5715.42,ANZ78847,VNECVKSQSSR,1121,96.0
1283,HLA-B51:01,5716.97,ANZ78847,KVLNQSYINLK,1283,97.0
1348,HLA-B51:01,5716.98,ANZ78847,TGYQELVIKTS,1348,98.0
556,HLA-B51:01,5716.99,ANZ78847,IGEHCSGLAVK,556,99.0
136,HLA-B51:01,5718.32,ANZ78847,NTSYSVVVQPR,136,100.0
48,HLA-B51:01,5718.59,ANZ78847,NGLGTYYVLDR,48,101.0
250,HLA-B51:01,5719.34,ANZ78847,SHYYVMPLTCI,250,102.0
756,HLA-B51:01,5719.36,ANZ78847,VDYSKNRRSRR,756,103.0
147,HLA-B51:01,5719.37,ANZ78847,TINSTQDGVNK,147,104.0
296,HLA-B51:01,5720.1,ANZ78847,DCMSDFMSEIK,296,105.0
1101,HLA-B51:01,5720.41,ANZ78847,SQQLSDSTLVK,1101,106.0
676,HLA-B51:01,5720.46,ANZ78847,TFMIRSCYSGR,676,107.0
707,HLA-B51:01,5720.52,ANZ78847,CNYVFNNSLTR,707,108.0
1245,HLA-B51:01,5720.65,ANZ78847,LDQWFKNQTSV,1245,109.0
118,HLA-B51:01,5720.99,ANZ78847,DGVMYSEFPAI,118,110.0
913,HLA-B51:01,5721.07,ANZ78847,AIEDLLFDKVK,913,111.0
78,HLA-B51:01,5721.11,ANZ78847,YRNMALKGTDK,78,112.0
265,HLA-B51:01,5721.28,ANZ78847,IGFTLEYWVTP,265,113.0
753,HLA-B51:01,5721.46,ANZ78847,GYCVDYSKNRR,753,114.0
252,HLA-B51:01,5721.76,ANZ78847,YYVMPLTCISR,252,115.0
57,HLA-B51:01,5722.4,ANZ78847,DRVYLNTTLFL,57,116.0
402,HLA-B51:01,5722.68,ANZ78847,TIDKFAIPNGR,402,117.0
475,HLA-B51:01,5723.38,ANZ78847,PAGVLTNHDVV,475,118.0
956,HLA-B51:01,5725.69,ANZ78847,VLPPLLSENQI,956,119.0
659,HLA-B51:01,5725.7,ANZ78847,YDSNGNLYGFR,659,120.0
1314,HLA-B51:01,5726.74,ANZ78847,LAGVAMLVLLF,1314,121.0
341,HLA-B51:01,5726.88,ANZ78847,NCNIEAWLNDK,341,122.0
5,HLA-B51:01,5726.98,ANZ78847,LISLPTAFAVI,5,123.0
740,HLA-B51:01,5727.07,ANZ78847,AISVQTCDLTV,740,124.0
107,HLA-B51:01,5727.81,ANZ78847,FAKVKNTKVFK,107,125.0
693,HLA-B51:01,5728.32,ANZ78847,ANSSEPALLFR,693,126.0
1116,HLA-B51:01,5728.33,ANZ78847,QAMEKVNECVK,1116,127.0
585,HLA-B51:01,5729.16,ANZ78847,WSADSCLQGDK,585,128.0
978,HLA-B51:01,5729.52,ANZ78847,LFPPWTAAAGV,978,129.0
193,HLA-B51:01,5729.61,ANZ78847,MDTGVVSCLYK,193,130.0
1267,HLA-B51:01,5729.73,ANZ78847,TFLDLQVEMNR,1267,131.0
942,HLA-B51:01,5730.24,ANZ78847,IRDLICVQSYK,942,132.0
1328,HLA-B51:01,5731.04,ANZ78847,CCTGCGTSCFK,1328,133.0
872,HLA-B51:01,5731.71,ANZ78847,MNGVTLSTKLK,872,134.0
632,HLA-B51:01,5732.53,ANZ78847,YDLYGISGQGI,632,135.0
936,HLA-B51:01,5733.1,ANZ78847,CTGGAEIRDLI,936,136.0
132,HLA-B51:01,5734.77,ANZ78847,STFVNTSYSVV,132,137.0
74,HLA-B51:01,5734.99,ANZ78847,SGSTYRNMALK,74,138.0
700,HLA-B51:01,5735.31,ANZ78847,LLFRNIKCNYV,700,139.0
731,HLA-B51:01,5735.42,ANZ78847,CVVNAYNSTAI,731,140.0
474,HLA-B51:01,5736.1,ANZ78847,QPAGVLTNHDV,474,141.0
1153,HLA-B51:01,5736.29,ANZ78847,YFIHFSYVPTK,1153,142.0
796,HLA-B51:01,5737.09,ANZ78847,YEIQIPSDFTI,796,143.0
803,HLA-B51:01,5737.27,ANZ78847,DFTIGNMEEFI,803,144.0
867,HLA-B51:01,5737.47,ANZ78847,VANSLMNGVTL,867,145.0
29,HLA-B51:01,5737.57,ANZ78847,LNNIDTGPPSI,29,146.0
839,HLA-B51:01,5737.59,ANZ78847,LVEYGSFCDNI,839,147.0
870,HLA-B51:01,5738.32,ANZ78847,SLMNGVTLSTK,870,148.0
1131,HLA-B51:01,5738.94,ANZ78847,RINFCGNGNHI,1131,149.0
156,HLA-B51:01,5739.0,ANZ78847,NKLQGLLEVSV,156,150.0
378,HLA-B51:01,5739.15,ANZ78847,IQADSFTCNNI,378,151.0
368,HLA-B51:01,5739.42,ANZ78847,NFNMSSLMSFI,368,152.0
1017,HLA-B51:01,5740.48,ANZ78847,NAFNNALDAIQ,1017,153.0
174,HLA-B51:01,5740.54,ANZ78847,YPHTICHPNLG,174,154.0
1273,HLA-B51:01,5740.7,ANZ78847,VEMNRLQEAIK,1273,155.0
504,HLA-B51:01,5740.88,ANZ78847,SSLCVGSGPGK,504,156.0
1145,HLA-B51:01,5741.03,ANZ78847,VQNAPYGLYFI,1145,157.0
1005,HLA-B51:01,5741.7,ANZ78847,MDVLSQNQKLI,1005,158.0
482,HLA-B51:01,5741.72,ANZ78847,HDVVYAQHCFK,482,159.0
228,HLA-B51:01,5741.85,ANZ78847,AYFTDTGVVTK,228,160.0
887,HLA-B51:01,5742.18,ANZ78847,FNVDDINFSSV,887,161.0
452,HLA-B51:01,5742.42,ANZ78847,SRFNPSTWNKR,452,162.0
615,HLA-B51:01,5742.62,ANZ78847,TDLQKANTDIK,615,163.0
1155,HLA-B51:01,5742.97,ANZ78847,IHFSYVPTKYV,1155,164.0
205,HLA-B51:01,5743.87,ANZ78847,NFTYDVNATYL,205,165.0
51,HLA-B51:01,5743.91,ANZ78847,GTYYVLDRVYL,51,166.0
93,HLA-B51:01,5744.28,ANZ78847,WFKPPFLSDFI,93,167.0
593,HLA-B51:01,5744.76,ANZ78847,GDKCNIFANLI,593,168.0
897,HLA-B51:01,5744.99,ANZ78847,VLGCLGSECSK,897,169.0
609,HLA-B51:01,5745.14,ANZ78847,SGLTCSTDLQK,609,170.0
1185,HLA-B51:01,5745.61,ANZ78847,SGYFVNVNNTW,1185,171.0
104,HLA-B51:01,5746.03,ANZ78847,NGIFAKVKNTK,104,172.0
537,HLA-B51:01,5746.19,ANZ78847,DPITFTGPYKC,537,173.0
1298,HLA-B51:01,5746.26,ANZ78847,YEYYVKWPWYV,1298,174.0
826,HLA-B51:01,5746.77,ANZ78847,AFVCGDYAACK,826,175.0
225,HLA-B51:01,5746.91,ANZ78847,TFYAYFTDTGV,225,176.0
1079,HLA-B51:01,5747.46,ANZ78847,LEAEAQIDRLI,1079,177.0
50,HLA-B51:01,5747.76,ANZ78847,LGTYYVLDRVY,50,178.0
1087,HLA-B51:01,5747.88,ANZ78847,RLINGRLTALN,1087,179.0
1045,HLA-B51:01,5747.96,ANZ78847,NANAEALNNLL,1045,180.0
719,HLA-B51:01,5748.1,ANZ78847,LQPINYFDSYL,719,181.0
267,HLA-B51:01,5748.39,ANZ78847,FTLEYWVTPLT,267,182.0
310,HLA-B51:01,5748.49,ANZ78847,QSIAPPTGVYE,310,183.0
36,HLA-B51:01,5748.67,ANZ78847,PPSISTATVDV,36,184.0
395,HLA-B51:01,5749.21,ANZ78847,GMCFSSITIDK,395,185.0
1307,HLA-B51:01,5749.34,ANZ78847,YVWLLICLAGV,1307,186.0
588,HLA-B51:01,5749.41,ANZ78847,DSCLQGDKCNI,588,187.0
1215,HLA-B51:01,5749.69,ANZ78847,VMSTCAVNYTK,1215,188.0
1075,HLA-B51:01,5749.91,ANZ78847,RLDALEAEAQI,1075,189.0
274,HLA-B51:01,5750.26,ANZ78847,TPLTSRQYLLA,274,190.0
945,HLA-B51:01,5750.8,ANZ78847,LICVQSYKGIK,945,191.0
131,HLA-B51:01,5750.93,ANZ78847,GSTFVNTSYSV,131,192.0
235,HLA-B51:01,5751.07,ANZ78847,VVTKFLFNVYL,235,193.0
541,HLA-B51:01,5751.07,ANZ78847,FTGPYKCPQSK,541,193.0
1240,HLA-B51:01,5751.5,ANZ78847,DFREELDQWFK,1240,195.0
580,HLA-B51:01,5751.7,ANZ78847,QAFLGWSADSC,580,196.0
594,HLA-B51:01,5751.94,ANZ78847,DKCNIFANLIL,594,197.0
932,HLA-B51:01,5752.01,ANZ78847,AYNNCTGGAEI,932,198.0
1200,HLA-B51:01,5752.57,ANZ78847,SGYYYPEPITE,1200,199.0
1016,HLA-B51:01,5752.73,ANZ78847,ANAFNNALDAI,1016,200.0
391,HLA-B51:01,5752.87,ANZ78847,AKIYGMCFSSI,391,201.0
842,HLA-B51:01,5753.41,ANZ78847,YGSFCDNINAI,842,202.0
724,HLA-B51:01,5753.49,ANZ78847,YFDSYLGCVVN,724,203.0
720,HLA-B51:01,5753.89,ANZ78847,QPINYFDSYLG,720,204.0
263,HLA-B51:01,5754.2,ANZ78847,RNIGFTLEYWV,263,205.0
1212,HLA-B51:01,5754.45,ANZ78847,NVVVMSTCAVN,1212,206.0
614,HLA-B51:01,5754.64,ANZ78847,STDLQKANTDI,614,207.0
280,HLA-B51:01,5754.85,ANZ78847,QYLLAFNQDGI,280,208.0
750,HLA-B51:01,5754.85,ANZ78847,VGSGYCVDYSK,750,208.0
168,HLA-B51:01,5754.86,ANZ78847,QYNMCEYPHTI,168,210.0
1329,HLA-B51:01,5754.99,ANZ78847,CTGCGTSCFKK,1329,211.0
302,HLA-B51:01,5755.0,ANZ78847,MSEIKCKTQSI,302,212.0
476,HLA-B51:01,5755.1,ANZ78847,AGVLTNHDVVY,476,213.0
22,HLA-B51:01,5755.39,ANZ78847,LDSRTGSLNNI,22,214.0
1003,HLA-B51:01,5755.42,ANZ78847,VTMDVLSQNQK,1003,215.0
124,HLA-B51:01,5755.88,ANZ78847,EFPAITIGSTF,124,216.0
1042,HLA-B51:01,5756.21,ANZ78847,AVVNANAEALN,1042,217.0
993,HLA-B51:01,5756.71,ANZ78847,NVQYRINGLGV,993,218.0
234,HLA-B51:01,5756.8,ANZ78847,GVVTKFLFNVY,234,219.0
857,HLA-B51:01,5756.8,ANZ78847,NELLDTTQLQV,857,219.0
382,HLA-B51:01,5757.19,ANZ78847,SFTCNNIDAAK,382,221.0
491,HLA-B51:01,5757.37,ANZ78847,FKAPKNFCPCK,491,222.0
226,HLA-B51:01,5757.41,ANZ78847,FYAYFTDTGVV,226,223.0
911,HLA-B51:01,5757.41,ANZ78847,RSAIEDLLFDK,911,223.0
1293,HLA-B51:01,5757.45,ANZ78847,KDIGTYEYYVK,1293,225.0
1034,HLA-B51:01,5757.66,ANZ78847,NSALVKIQAVV,1034,226.0
1235,HLA-B51:01,5757.8,ANZ78847,IPNLPDFREEL,1235,227.0
362,HLA-B51:01,5757.99,ANZ78847,KTFSNCNFNMS,362,228.0
269,HLA-B51:01,5758.29,ANZ78847,LEYWVTPLTSR,269,229.0
938,HLA-B51:01,5758.48,ANZ78847,GGAEIRDLICV,938,230.0
1021,HLA-B51:01,5758.66,ANZ78847,NALDAIQEGFD,1021,231.0
1149,HLA-B51:01,5759.04,ANZ78847,PYGLYFIHFSY,1149,232.0
985,HLA-B51:01,5759.09,ANZ78847,AAGVPFYLNVQ,985,233.0
493,HLA-B51:01,5759.94,ANZ78847,APKNFCPCKSN,493,234.0
850,HLA-B51:01,5760.16,ANZ78847,NAILTEVNELL,850,235.0
788,HLA-B51:01,5760.39,ANZ78847,SLEPVGGLYEI,788,236.0
434,HLA-B51:01,5760.74,ANZ78847,TATSCQLYYNL,434,237.0
778,HLA-B51:01,5761.28,ANZ78847,EPFTVNSVNDS,778,238.0
846,HLA-B51:01,5761.31,ANZ78847,CDNINAILTEV,846,239.0
293,HLA-B51:01,5761.45,ANZ78847,NAVDCMSDFMS,293,240.0
445,HLA-B51:01,5762.33,ANZ78847,PAANVSVSRFN,445,241.0
692,HLA-B51:01,5762.68,ANZ78847,HANSSEPALLF,692,242.0
722,HLA-B51:01,5763.03,ANZ78847,INYFDSYLGCV,722,243.0
1312,HLA-B51:01,5763.18,ANZ78847,ICLAGVAMLVL,1312,244.0
1207,HLA-B51:01,5763.6,ANZ78847,PITENNVVVMS,1207,245.0
882,HLA-B51:01,5763.81,ANZ78847,KDGVNFNVDDI,882,246.0
462,HLA-B51:01,5763.91,ANZ78847,RFGFIEDSVFK,462,247.0
345,HLA-B51:01,5764.22,ANZ78847,EAWLNDKSVPS,345,248.0
189,HLA-B51:01,5764.52,ANZ78847,ELWHMDTGVVS,189,249.0
1110,HLA-B51:01,5764.94,ANZ78847,VKFSAAQAMEK,1110,250.0
1065,HLA-B51:01,5765.34,ANZ78847,ISSSLQEILSR,1065,251.0
770,HLA-B51:01,5765.5,ANZ78847,TGYRFTNFEPF,770,252.0
485,HLA-B51:01,5765.53,ANZ78847,VYAQHCFKAPK,485,253.0
1144,HLA-B51:01,5765.68,ANZ78847,LVQNAPYGLYF,1144,254.0
1292,HLA-B51:01,5765.91,ANZ78847,LKDIGTYEYYV,1292,255.0
178,HLA-B51:01,5766.95,ANZ78847,ICHPNLGNHFK,178,256.0
394,HLA-B51:01,5767.38,ANZ78847,YGMCFSSITID,394,257.0
748,HLA-B51:01,5767.39,ANZ78847,LTVGSGYCVDY,748,258.0
366,HLA-B51:01,5768.0,ANZ78847,NCNFNMSSLMS,366,259.0
214,HLA-B51:01,5768.29,ANZ78847,YLYFHFYQEGG,214,260.0
145,HLA-B51:01,5768.31,ANZ78847,PRTINSTQDGV,145,261.0
323,HLA-B51:01,5768.43,ANZ78847,GYTVQPIADVY,323,262.0
810,HLA-B51:01,5768.72,ANZ78847,EEFIQTSSPKV,810,263.0
876,HLA-B51:01,5769.21,ANZ78847,TLSTKLKDGVN,876,264.0
1174,HLA-B51:01,5769.41,ANZ78847,CIAGDRGIAPK,1174,265.0
627,HLA-B51:01,5769.42,ANZ78847,GVCVNYDLYGI,627,266.0
924,HLA-B51:01,5769.46,ANZ78847,LSDVGFVAAYN,924,267.0
657,HLA-B51:01,5769.62,ANZ78847,LLYDSNGNLYG,657,268.0
154,HLA-B51:01,5769.8,ANZ78847,GVNKLQGLLEV,154,269.0
298,HLA-B51:01,5770.24,ANZ78847,MSDFMSEIKCK,298,270.0
207,HLA-B51:01,5770.33,ANZ78847,TYDVNATYLYF,207,271.0
21,HLA-B51:01,5770.92,ANZ78847,PLDSRTGSLNN,21,272.0
441,HLA-B51:01,5770.93,ANZ78847,YYNLPAANVSV,441,273.0
403,HLA-B51:01,5771.07,ANZ78847,IDKFAIPNGRK,403,274.0
1255,HLA-B51:01,5771.21,ANZ78847,VAPDLALDYIN,1255,275.0
384,HLA-B51:01,5771.34,ANZ78847,TCNNIDAAKIY,384,276.0
861,HLA-B51:01,5771.38,ANZ78847,DTTQLQVANSL,861,277.0
20,HLA-B51:01,5771.42,ANZ78847,CPLDSRTGSLN,20,278.0
334,HLA-B51:01,5771.71,ANZ78847,RRKPDLPNCNI,334,279.0
285,HLA-B51:01,5772.01,ANZ78847,FNQDGIIFNAV,285,280.0
326,HLA-B51:01,5772.11,ANZ78847,VQPIADVYRRK,326,281.0
289,HLA-B51:01,5772.13,ANZ78847,GIIFNAVDCMS,289,282.0
840,HLA-B51:01,5772.55,ANZ78847,VEYGSFCDNIN,840,283.0
1063,HLA-B51:01,5772.78,ANZ78847,GAISSSLQEIL,1063,284.0
146,HLA-B51:01,5772.81,ANZ78847,RTINSTQDGVN,146,285.0
1132,HLA-B51:01,5772.9,ANZ78847,INFCGNGNHII,1132,286.0
727,HLA-B51:01,5772.91,ANZ78847,SYLGCVVNAYN,727,287.0
160,HLA-B51:01,5772.98,ANZ78847,GLLEVSVCQYN,160,288.0
126,HLA-B51:01,5773.32,ANZ78847,PAITIGSTFVN,126,289.0
1112,HLA-B51:01,5773.41,ANZ78847,FSAAQAMEKVN,1112,290.0
1133,HLA-B51:01,5773.49,ANZ78847,NFCGNGNHIIS,1133,291.0
621,HLA-B51:01,5773.95,ANZ78847,NTDIKLGVCVN,621,292.0
456,HLA-B51:01,5774.0,ANZ78847,PSTWNKRFGFI,456,293.0
597,HLA-B51:01,5774.42,ANZ78847,NIFANLILHDV,597,294.0
698,HLA-B51:01,5774.86,ANZ78847,PALLFRNIKCN,698,295.0
1311,HLA-B51:01,5775.13,ANZ78847,LICLAGVAMLV,1311,296.0
97,HLA-B51:01,5775.31,ANZ78847,PFLSDFINGIF,97,297.0
779,HLA-B51:01,5775.63,ANZ78847,PFTVNSVNDSL,779,298.0
809,HLA-B51:01,5775.79,ANZ78847,MEEFIQTSSPK,809,299.0
1091,HLA-B51:01,5775.81,ANZ78847,GRLTALNAYVS,1091,300.0
546,HLA-B51:01,5775.94,ANZ78847,KCPQSKSLVGI,546,301.0
1171,HLA-B51:01,5776.02,ANZ78847,PGLCIAGDRGI,1171,302.0
180,HLA-B51:01,5776.09,ANZ78847,HPNLGNHFKEL,180,303.0
1281,HLA-B51:01,5776.15,ANZ78847,AIKVLNQSYIN,1281,304.0
883,HLA-B51:01,5776.29,ANZ78847,DGVNFNVDDIN,883,305.0
695,HLA-B51:01,5776.68,ANZ78847,SSEPALLFRNI,695,306.0
244,HLA-B51:01,5776.8,ANZ78847,YLGMALSHYYV,244,307.0
838,HLA-B51:01,5776.82,ANZ78847,QLVEYGSFCDN,838,308.0
843,HLA-B51:01,5777.37,ANZ78847,GSFCDNINAIL,843,309.0
529,HLA-B51:01,5777.76,ANZ78847,TCHNLCNPDPI,529,310.0
339,HLA-B51:01,5777.94,ANZ78847,LPNCNIEAWLN,339,311.0
739,HLA-B51:01,5778.05,ANZ78847,TAISVQTCDLT,739,312.0
1224,HLA-B51:01,5778.09,ANZ78847,TKAPYVMLNTS,1224,313.0
831,HLA-B51:01,5778.28,ANZ78847,DYAACKSQLVE,831,314.0
1182,HLA-B51:01,5778.28,ANZ78847,APKSGYFVNVN,1182,314.0
633,HLA-B51:01,5778.53,ANZ78847,DLYGISGQGIF,633,316.0
863,HLA-B51:01,5778.65,ANZ78847,TQLQVANSLMN,863,317.0
628,HLA-B51:01,5778.74,ANZ78847,VCVNYDLYGIS,628,318.0
559,HLA-B51:01,5778.89,ANZ78847,HCSGLAVKSDY,559,319.0
1304,HLA-B51:01,5778.94,ANZ78847,WPWYVWLLICL,1304,320.0
1226,HLA-B51:01,5778.98,ANZ78847,APYVMLNTSIP,1226,321.0
213,HLA-B51:01,5779.2,ANZ78847,TYLYFHFYQEG,213,322.0
773,HLA-B51:01,5779.22,ANZ78847,RFTNFEPFTVN,773,323.0
1213,HLA-B51:01,5779.66,ANZ78847,VVVMSTCAVNY,1213,324.0
460,HLA-B51:01,5779.69,ANZ78847,NKRFGFIEDSV,460,325.0
433,HLA-B51:01,5779.83,ANZ78847,TTATSCQLYYN,433,326.0
1006,HLA-B51:01,5779.94,ANZ78847,DVLSQNQKLIA,1006,327.0
1165,HLA-B51:01,5780.1,ANZ78847,VTAKVSPGLCI,1165,328.0
1285,HLA-B51:01,5780.11,ANZ78847,LNQSYINLKDI,1285,329.0
656,HLA-B51:01,5780.18,ANZ78847,NLLYDSNGNLY,656,330.0
864,HLA-B51:01,5780.18,ANZ78847,QLQVANSLMNG,864,330.0
1313,HLA-B51:01,5780.45,ANZ78847,CLAGVAMLVLL,1313,332.0
968,HLA-B51:01,5780.97,ANZ78847,GYTLAATSASL,968,333.0
245,HLA-B51:01,5781.11,ANZ78847,LGMALSHYYVM,245,334.0
206,HLA-B51:01,5781.15,ANZ78847,FTYDVNATYLY,206,335.0
46,HLA-B51:01,5781.23,ANZ78847,VTNGLGTYYVL,46,336.0
281,HLA-B51:01,5781.28,ANZ78847,YLLAFNQDGII,281,337.0
105,HLA-B51:01,5781.37,ANZ78847,GIFAKVKNTKV,105,338.0
508,HLA-B51:01,5781.55,ANZ78847,VGSGPGKNNGI,508,339.0
661,HLA-B51:01,5781.67,ANZ78847,SNGNLYGFRDY,661,340.0
1262,HLA-B51:01,5781.88,ANZ78847,DYINVTFLDLQ,1262,341.0
162,HLA-B51:01,5782.1,ANZ78847,LEVSVCQYNMC,162,342.0
830,HLA-B51:01,5782.36,ANZ78847,GDYAACKSQLV,830,343.0
1010,HLA-B51:01,5782.37,ANZ78847,QNQKLIANAFN,1010,344.0
1257,HLA-B51:01,5782.37,ANZ78847,PDLALDYINVT,1257,344.0
1253,HLA-B51:01,5782.44,ANZ78847,TSVAPDLALDY,1253,346.0
890,HLA-B51:01,5782.47,ANZ78847,DDINFSSVLGC,890,347.0
401,HLA-B51:01,5782.51,ANZ78847,ITIDKFAIPNG,401,348.0
797,HLA-B51:01,5782.6,ANZ78847,EIQIPSDFTIG,797,349.0
192,HLA-B51:01,5782.73,ANZ78847,HMDTGVVSCLY,192,350.0
517,HLA-B51:01,5782.9,ANZ78847,GIGTCPAGTNY,517,351.0
664,HLA-B51:01,5782.97,ANZ78847,NLYGFRDYLTN,664,352.0
1301,HLA-B51:01,5782.98,ANZ78847,YVKWPWYVWLL,1301,353.0
1001,HLA-B51:01,5783.06,ANZ78847,LGVTMDVLSQN,1001,354.0
1180,HLA-B51:01,5783.11,ANZ78847,GIAPKSGYFVN,1180,355.0
868,HLA-B51:01,5783.27,ANZ78847,ANSLMNGVTLS,868,356.0
1049,HLA-B51:01,5783.31,ANZ78847,EALNNLLQQLS,1049,357.0
72,HLA-B51:01,5783.48,ANZ78847,PTSGSTYRNMA,72,358.0
64,HLA-B51:01,5783.89,ANZ78847,TLFLNGYYPTS,64,359.0
1064,HLA-B51:01,5783.99,ANZ78847,AISSSLQEILS,1064,360.0
832,HLA-B51:01,5784.13,ANZ78847,YAACKSQLVEY,832,361.0
442,HLA-B51:01,5784.44,ANZ78847,YNLPAANVSVS,442,362.0
38,HLA-B51:01,5784.52,ANZ78847,SISTATVDVTN,38,363.0
776,HLA-B51:01,5784.55,ANZ78847,NFEPFTVNSVN,776,364.0
184,HLA-B51:01,5784.6,ANZ78847,GNHFKELWHMD,184,365.0
746,HLA-B51:01,5784.66,ANZ78847,CDLTVGSGYCV,746,366.0
211,HLA-B51:01,5784.74,ANZ78847,NATYLYFHFYQ,211,367.0
1080,HLA-B51:01,5784.76,ANZ78847,EAEAQIDRLIN,1080,368.0
1056,HLA-B51:01,5784.84,ANZ78847,QQLSNRFGAIS,1056,369.0
741,HLA-B51:01,5785.07,ANZ78847,ISVQTCDLTVG,741,370.0
888,HLA-B51:01,5785.08,ANZ78847,NVDDINFSSVL,888,371.0
1048,HLA-B51:01,5785.35,ANZ78847,AEALNNLLQQL,1048,372.0
822,HLA-B51:01,5785.39,ANZ78847,IDCAAFVCGDY,822,373.0
450,HLA-B51:01,5785.42,ANZ78847,SVSRFNPSTWN,450,374.0
928,HLA-B51:01,5785.75,ANZ78847,GFVAAYNNCTG,928,375.0
996,HLA-B51:01,5785.75,ANZ78847,YRINGLGVTMD,996,375.0
295,HLA-B51:01,5786.02,ANZ78847,VDCMSDFMSEI,295,377.0
85,HLA-B51:01,5786.07,ANZ78847,GTDKLSTLWFK,85,378.0
343,HLA-B51:01,5786.1,ANZ78847,NIEAWLNDKSV,343,379.0
545,HLA-B51:01,5786.21,ANZ78847,YKCPQSKSLVG,545,380.0
589,HLA-B51:01,5786.27,ANZ78847,SCLQGDKCNIF,589,381.0
543,HLA-B51:01,5786.29,ANZ78847,GPYKCPQSKSL,543,382.0
59,HLA-B51:01,5786.3,ANZ78847,VYLNTTLFLNG,59,383.0
555,HLA-B51:01,5786.4,ANZ78847,GIGEHCSGLAV,555,384.0
348,HLA-B51:01,5786.64,ANZ78847,LNDKSVPSPLN,348,385.0
1025,HLA-B51:01,5786.97,ANZ78847,AIQEGFDATNS,1025,386.0
1158,HLA-B51:01,5787.01,ANZ78847,SYVPTKYVTAK,1158,387.0
1033,HLA-B51:01,5787.12,ANZ78847,TNSALVKIQAV,1033,388.0
276,HLA-B51:01,5787.22,ANZ78847,LTSRQYLLAFN,276,389.0
1321,HLA-B51:01,5787.22,ANZ78847,VLLFFICCCTG,1321,389.0
847,HLA-B51:01,5787.28,ANZ78847,DNINAILTEVN,847,391.0
1344,HLA-B51:01,5787.32,ANZ78847,CDDYTGYQELV,1344,392.0
451,HLA-B51:01,5787.37,ANZ78847,VSRFNPSTWNK,451,393.0
200,HLA-B51:01,5787.43,ANZ78847,CLYKRNFTYDV,200,394.0
999,HLA-B51:01,5787.64,ANZ78847,NGLGVTMDVLS,999,395.0
1135,HLA-B51:01,5787.73,ANZ78847,CGNGNHIISLV,1135,396.0
52,HLA-B51:01,5787.75,ANZ78847,TYYVLDRVYLN,52,397.0
90,HLA-B51:01,5787.81,ANZ78847,STLWFKPPFLS,90,398.0
94,HLA-B51:01,5787.86,ANZ78847,FKPPFLSDFIN,94,399.0
498,HLA-B51:01,5788.15,ANZ78847,CPCKSNSSLCV,498,400.0
766,HLA-B51:01,5788.28,ANZ78847,RAITTGYRFTN,766,401.0
702,HLA-B51:01,5788.52,ANZ78847,FRNIKCNYVFN,702,402.0
518,HLA-B51:01,5788.54,ANZ78847,IGTCPAGTNYL,518,403.0
412,HLA-B51:01,5788.82,ANZ78847,RKVDLQLGNLG,412,404.0
989,HLA-B51:01,5788.85,ANZ78847,PFYLNVQYRIN,989,405.0
273,HLA-B51:01,5789.08,ANZ78847,VTPLTSRQYLL,273,406.0
35,HLA-B51:01,5789.13,ANZ78847,GPPSISTATVD,35,407.0
1326,HLA-B51:01,5789.15,ANZ78847,ICCCTGCGTSC,1326,408.0
1097,HLA-B51:01,5789.16,ANZ78847,NAYVSQQLSDS,1097,409.0
137,HLA-B51:01,5789.25,ANZ78847,TSYSVVVQPRT,137,410.0
699,HLA-B51:01,5789.37,ANZ78847,ALLFRNIKCNY,699,411.0
256,HLA-B51:01,5789.65,ANZ78847,PLTCISRRNIG,256,412.0
865,HLA-B51:01,5789.69,ANZ78847,LQVANSLMNGV,865,413.0
494,HLA-B51:01,5789.9,ANZ78847,PKNFCPCKSNS,494,414.0
678,HLA-B51:01,5789.91,ANZ78847,MIRSCYSGRVS,678,415.0
654,HLA-B51:01,5789.99,ANZ78847,WQNLLYDSNGN,654,416.0
121,HLA-B51:01,5790.01,ANZ78847,MYSEFPAITIG,121,417.0
1289,HLA-B51:01,5790.02,ANZ78847,YINLKDIGTYE,1289,418.0
387,HLA-B51:01,5790.04,ANZ78847,NIDAAKIYGMC,387,419.0
544,HLA-B51:01,5790.28,ANZ78847,PYKCPQSKSLV,544,420.0
224,HLA-B51:01,5790.43,ANZ78847,GTFYAYFTDTG,224,421.0
327,HLA-B51:01,5790.46,ANZ78847,QPIADVYRRKP,327,422.0
199,HLA-B51:01,5790.64,ANZ78847,SCLYKRNFTYD,199,423.0
204,HLA-B51:01,5790.76,ANZ78847,RNFTYDVNATY,204,424.0
859,HLA-B51:01,5790.77,ANZ78847,LLDTTQLQVAN,859,425.0
704,HLA-B51:01,5790.87,ANZ78847,NIKCNYVFNNS,704,426.0
1127,HLA-B51:01,5790.99,ANZ78847,SQSSRINFCGN,1127,427.0
626,HLA-B51:01,5791.05,ANZ78847,LGVCVNYDLYG,626,428.0
579,HLA-B51:01,5791.12,ANZ78847,PQAFLGWSADS,579,429.0
1100,HLA-B51:01,5791.12,ANZ78847,VSQQLSDSTLV,1100,429.0
175,HLA-B51:01,5791.18,ANZ78847,PHTICHPNLGN,175,431.0
957,HLA-B51:01,5791.23,ANZ78847,LPPLLSENQIS,957,432.0
95,HLA-B51:01,5791.33,ANZ78847,KPPFLSDFING,95,433.0
643,HLA-B51:01,5791.33,ANZ78847,FVEVNATYYNS,643,433.0
1272,HLA-B51:01,5791.33,ANZ78847,QVEMNRLQEAI,1272,433.0
635,HLA-B51:01,5791.34,ANZ78847,YGISGQGIFVE,635,436.0
726,HLA-B51:01,5791.41,ANZ78847,DSYLGCVVNAY,726,437.0
150,HLA-B51:01,5791.44,ANZ78847,STQDGVNKLQG,150,438.0
390,HLA-B51:01,5791.63,ANZ78847,AAKIYGMCFSS,390,439.0
98,HLA-B51:01,5791.71,ANZ78847,FLSDFINGIFA,98,440.0
939,HLA-B51:01,5791.72,ANZ78847,GAEIRDLICVQ,939,441.0
1310,HLA-B51:01,5791.8,ANZ78847,LLICLAGVAML,1310,442.0
563,HLA-B51:01,5791.86,ANZ78847,LAVKSDYCGGN,563,443.0
715,HLA-B51:01,5791.89,ANZ78847,LTRQLQPINYF,715,444.0
415,HLA-B51:01,5791.99,ANZ78847,DLQLGNLGYLQ,415,445.0
1081,HLA-B51:01,5792.07,ANZ78847,AEAQIDRLING,1081,446.0
625,HLA-B51:01,5792.19,ANZ78847,KLGVCVNYDLY,625,447.0
587,HLA-B51:01,5792.23,ANZ78847,ADSCLQGDKCN,587,448.0
188,HLA-B51:01,5792.28,ANZ78847,KELWHMDTGVV,188,449.0
618,HLA-B51:01,5792.38,ANZ78847,QKANTDIKLGV,618,450.0
360,HLA-B51:01,5792.42,ANZ78847,ERKTFSNCNFN,360,451.0
1024,HLA-B51:01,5792.42,ANZ78847,DAIQEGFDATN,1024,451.0
41,HLA-B51:01,5792.6,ANZ78847,TATVDVTNGLG,41,453.0
1276,HLA-B51:01,5792.65,ANZ78847,NRLQEAIKVLN,1276,454.0
377,HLA-B51:01,5792.93,ANZ78847,FIQADSFTCNN,377,455.0
858,HLA-B51:01,5792.94,ANZ78847,ELLDTTQLQVA,858,456.0
507,HLA-B51:01,5793.01,ANZ78847,CVGSGPGKNNG,507,457.0
732,HLA-B51:01,5793.15,ANZ78847,VVNAYNSTAIS,732,458.0
648,HLA-B51:01,5793.28,ANZ78847,ATYYNSWQNLL,648,459.0
653,HLA-B51:01,5793.35,ANZ78847,SWQNLLYDSNG,653,460.0
352,HLA-B51:01,5793.39,ANZ78847,SVPSPLNWERK,352,461.0
547,HLA-B51:01,5793.39,ANZ78847,CPQSKSLVGIG,547,461.0
590,HLA-B51:01,5793.64,ANZ78847,CLQGDKCNIFA,590,463.0
1306,HLA-B51:01,5793.64,ANZ78847,WYVWLLICLAG,1306,463.0
895,HLA-B51:01,5793.66,ANZ78847,SSVLGCLGSEC,895,465.0
477,HLA-B51:01,5793.78,ANZ78847,GVLTNHDVVYA,477,466.0
307,HLA-B51:01,5793.9,ANZ78847,CKTQSIAPPTG,307,467.0
918,HLA-B51:01,5793.99,ANZ78847,LFDKVKLSDVG,918,468.0
636,HLA-B51:01,5794.0,ANZ78847,GISGQGIFVEV,636,469.0
522,HLA-B51:01,5794.04,ANZ78847,PAGTNYLTCHN,522,470.0
600,HLA-B51:01,5794.14,ANZ78847,ANLILHDVNSG,600,471.0
112,HLA-B51:01,5794.17,ANZ78847,NTKVFKDGVMY,112,472.0
662,HLA-B51:01,5794.26,ANZ78847,NGNLYGFRDYL,662,473.0
552,HLA-B51:01,5794.4,ANZ78847,SLVGIGEHCSG,552,474.0
317,HLA-B51:01,5794.42,ANZ78847,GVYELNGYTVQ,317,475.0
675,HLA-B51:01,5794.49,ANZ78847,RTFMIRSCYSG,675,476.0
818,HLA-B51:01,5794.54,ANZ78847,PKVTIDCAAFV,818,477.0
685,HLA-B51:01,5794.55,ANZ78847,GRVSAAFHANS,685,478.0
1136,HLA-B51:01,5794.68,ANZ78847,GNGNHIISLVQ,1136,479.0
1046,HLA-B51:01,5794.7,ANZ78847,ANAEALNNLLQ,1046,480.0
1318,HLA-B51:01,5794.91,ANZ78847,AMLVLLFFICC,1318,481.0
878,HLA-B51:01,5794.96,ANZ78847,STKLKDGVNFN,878,482.0
1129,HLA-B51:01,5795.02,ANZ78847,SSRINFCGNGN,1129,483.0
1183,HLA-B51:01,5795.08,ANZ78847,PKSGYFVNVNN,1183,484.0
99,HLA-B51:01,5795.36,ANZ78847,LSDFINGIFAK,99,485.0
749,HLA-B51:01,5795.36,ANZ78847,TVGSGYCVDYS,749,485.0
561,HLA-B51:01,5795.58,ANZ78847,SGLAVKSDYCG,561,487.0
1341,HLA-B51:01,5795.6,ANZ78847,GGCCDDYTGYQ,1341,488.0
1082,HLA-B51:01,5795.62,ANZ78847,EAQIDRLINGR,1082,489.0
272,HLA-B51:01,5795.64,ANZ78847,WVTPLTSRQYL,272,490.0
173,HLA-B51:01,5795.68,ANZ78847,EYPHTICHPNL,173,491.0
1339,HLA-B51:01,5795.68,ANZ78847,KCGGCCDDYTG,1339,491.0
944,HLA-B51:01,5795.73,ANZ78847,DLICVQSYKGI,944,493.0
954,HLA-B51:01,5795.78,ANZ78847,IKVLPPLLSEN,954,494.0
406,HLA-B51:01,5795.84,ANZ78847,FAIPNGRKVDL,406,495.0
1047,HLA-B51:01,5795.84,ANZ78847,NAEALNNLLQQ,1047,495.0
1323,HLA-B51:01,5795.86,ANZ78847,LFFICCCTGCG,1323,497.0
516,HLA-B51:01,5796.05,ANZ78847,NGIGTCPAGTN,516,498.0
130,HLA-B51:01,5796.13,ANZ78847,IGSTFVNTSYS,130,499.0
308,HLA-B51:01,5796.3,ANZ78847,KTQSIAPPTGV,308,500.0
201,HLA-B51:01,5796.43,ANZ78847,LYKRNFTYDVN,201,501.0
524,HLA-B51:01,5796.48,ANZ78847,GTNYLTCHNLC,524,502.0
1143,HLA-B51:01,5796.51,ANZ78847,SLVQNAPYGLY,1143,503.0
1337,HLA-B51:01,5796.58,ANZ78847,FKKCGGCCDDY,1337,504.0
637,HLA-B51:01,5796.59,ANZ78847,ISGQGIFVEVN,637,505.0
894,HLA-B51:01,5796.6,ANZ78847,FSSVLGCLGSE,894,506.0
1211,HLA-B51:01,5796.6,ANZ78847,NNVVVMSTCAV,1211,506.0
772,HLA-B51:01,5796.72,ANZ78847,YRFTNFEPFTV,772,508.0
783,HLA-B51:01,5796.79,ANZ78847,NSVNDSLEPVG,783,509.0
892,HLA-B51:01,5796.88,ANZ78847,INFSSVLGCLG,892,510.0
599,HLA-B51:01,5797.1,ANZ78847,FANLILHDVNS,599,511.0
338,HLA-B51:01,5797.26,ANZ78847,DLPNCNIEAWL,338,512.0
499,HLA-B51:01,5797.33,ANZ78847,PCKSNSSLCVG,499,513.0
309,HLA-B51:01,5797.35,ANZ78847,TQSIAPPTGVY,309,514.0
1070,HLA-B51:01,5797.36,ANZ78847,QEILSRLDALE,1070,515.0
376,HLA-B51:01,5797.38,ANZ78847,SFIQADSFTCN,376,516.0
1286,HLA-B51:01,5797.39,ANZ78847,NQSYINLKDIG,1286,517.0
606,HLA-B51:01,5797.45,ANZ78847,DVNSGLTCSTD,606,518.0
728,HLA-B51:01,5797.68,ANZ78847,YLGCVVNAYNS,728,519.0
523,HLA-B51:01,5797.69,ANZ78847,AGTNYLTCHNL,523,520.0
385,HLA-B51:01,5797.78,ANZ78847,CNNIDAAKIYG,385,521.0
80,HLA-B51:01,5797.87,ANZ78847,NMALKGTDKLS,80,522.0
1141,HLA-B51:01,5797.88,ANZ78847,IISLVQNAPYG,1141,523.0
915,HLA-B51:01,5797.92,ANZ78847,EDLLFDKVKLS,915,524.0
39,HLA-B51:01,5798.05,ANZ78847,ISTATVDVTNG,39,525.0
660,HLA-B51:01,5798.17,ANZ78847,DSNGNLYGFRD,660,526.0
300,HLA-B51:01,5798.2,ANZ78847,DFMSEIKCKTQ,300,527.0
620,HLA-B51:01,5798.2,ANZ78847,ANTDIKLGVCV,620,527.0
1246,HLA-B51:01,5798.57,ANZ78847,DQWFKNQTSVA,1246,529.0
674,HLA-B51:01,5798.59,ANZ78847,NRTFMIRSCYS,674,530.0
941,HLA-B51:01,5798.59,ANZ78847,EIRDLICVQSY,941,530.0
419,HLA-B51:01,5798.66,ANZ78847,GNLGYLQSFNY,419,532.0
25,HLA-B51:01,5798.68,ANZ78847,RTGSLNNIDTG,25,533.0
418,HLA-B51:01,5798.7,ANZ78847,LGNLGYLQSFN,418,534.0
17,HLA-B51:01,5798.76,ANZ78847,DLKCPLDSRTG,17,535.0
1322,HLA-B51:01,5798.78,ANZ78847,LLFFICCCTGC,1322,536.0
1227,HLA-B51:01,5798.83,ANZ78847,PYVMLNTSIPN,1227,537.0
1096,HLA-B51:01,5798.96,ANZ78847,LNAYVSQQLSD,1096,538.0
952,HLA-B51:01,5799.01,ANZ78847,KGIKVLPPLLS,952,539.0
1109,HLA-B51:01,5799.07,ANZ78847,LVKFSAAQAME,1109,540.0
774,HLA-B51:01,5799.13,ANZ78847,FTNFEPFTVNS,774,541.0
1050,HLA-B51:01,5799.17,ANZ78847,ALNNLLQQLSN,1050,542.0
573,HLA-B51:01,5799.26,ANZ78847,NPCTCQPQAFL,573,543.0
904,HLA-B51:01,5799.26,ANZ78847,ECSKASSRSAI,904,543.0
951,HLA-B51:01,5799.41,ANZ78847,YKGIKVLPPLL,951,545.0
49,HLA-B51:01,5799.49,ANZ78847,GLGTYYVLDRV,49,546.0
761,HLA-B51:01,5799.51,ANZ78847,NRRSRRAITTG,761,547.0
1264,HLA-B51:01,5799.62,ANZ78847,INVTFLDLQVE,1264,548.0
312,HLA-B51:01,5799.7,ANZ78847,IAPPTGVYELN,312,549.0
1233,HLA-B51:01,5799.74,ANZ78847,TSIPNLPDFRE,1233,550.0
236,HLA-B51:01,5799.82,ANZ78847,VTKFLFNVYLG,236,551.0
998,HLA-B51:01,5799.83,ANZ78847,INGLGVTMDVL,998,552.0
583,HLA-B51:01,5799.85,ANZ78847,LGWSADSCLQG,583,553.0
900,HLA-B51:01,5799.86,ANZ78847,CLGSECSKASS,900,554.0
279,HLA-B51:01,5799.88,ANZ78847,RQYLLAFNQDG,279,555.0
548,HLA-B51:01,5799.93,ANZ78847,PQSKSLVGIGE,548,556.0
953,HLA-B51:01,5799.94,ANZ78847,GIKVLPPLLSE,953,557.0
1194,HLA-B51:01,5799.94,ANZ78847,TWMYTGSGYYY,1194,557.0
982,HLA-B51:01,5800.02,ANZ78847,WTAAAGVPFYL,982,559.0
613,HLA-B51:01,5800.04,ANZ78847,CSTDLQKANTD,613,560.0
567,HLA-B51:01,5800.06,ANZ78847,SDYCGGNPCTC,567,561.0
1011,HLA-B51:01,5800.11,ANZ78847,NQKLIANAFNN,1011,562.0
1274,HLA-B51:01,5800.27,ANZ78847,EMNRLQEAIKV,1274,563.0
1053,HLA-B51:01,5800.29,ANZ78847,NLLQQLSNRFG,1053,564.0
833,HLA-B51:01,5800.43,ANZ78847,AACKSQLVEYG,833,565.0
1308,HLA-B51:01,5800.53,ANZ78847,VWLLICLAGVA,1308,566.0
608,HLA-B51:01,5800.59,ANZ78847,NSGLTCSTDLQ,608,567.0
905,HLA-B51:01,5800.63,ANZ78847,CSKASSRSAIE,905,568.0
1095,HLA-B51:01,5800.71,ANZ78847,ALNAYVSQQLS,1095,569.0
1275,HLA-B51:01,5800.74,ANZ78847,MNRLQEAIKVL,1275,570.0
187,HLA-B51:01,5800.85,ANZ78847,FKELWHMDTGV,187,571.0
134,HLA-B51:01,5800.97,ANZ78847,FVNTSYSVVVQ,134,572.0
238,HLA-B51:01,5801.0,ANZ78847,KFLFNVYLGMA,238,573.0
925,HLA-B51:01,5801.01,ANZ78847,SDVGFVAAYNN,925,574.0
931,HLA-B51:01,5801.16,ANZ78847,AAYNNCTGGAE,931,575.0
1103,HLA-B51:01,5801.31,ANZ78847,QLSDSTLVKFS,1103,576.0
819,HLA-B51:01,5801.42,ANZ78847,KVTIDCAAFVC,819,577.0
1198,HLA-B51:01,5801.47,ANZ78847,TGSGYYYPEPI,1198,578.0
290,HLA-B51:01,5801.62,ANZ78847,IIFNAVDCMSD,290,579.0
1126,HLA-B51:01,5801.63,ANZ78847,KSQSSRINFCG,1126,580.0
497,HLA-B51:01,5801.64,ANZ78847,FCPCKSNSSLC,497,581.0
525,HLA-B51:01,5801.7,ANZ78847,TNYLTCHNLCN,525,582.0
703,HLA-B51:01,5801.77,ANZ78847,RNIKCNYVFNN,703,583.0
1019,HLA-B51:01,5801.85,ANZ78847,FNNALDAIQEG,1019,584.0
560,HLA-B51:01,5801.97,ANZ78847,CSGLAVKSDYC,560,585.0
723,HLA-B51:01,5802.02,ANZ78847,NYFDSYLGCVV,723,586.0
469,HLA-B51:01,5802.04,ANZ78847,SVFKPQPAGVL,469,587.0
920,HLA-B51:01,5802.07,ANZ78847,DKVKLSDVGFV,920,588.0
355,HLA-B51:01,5802.21,ANZ78847,SPLNWERKTFS,355,589.0
431,HLA-B51:01,5802.26,ANZ78847,IDTTATSCQLY,431,590.0
974,HLA-B51:01,5802.29,ANZ78847,TSASLFPPWTA,974,591.0
687,HLA-B51:01,5802.32,ANZ78847,VSAAFHANSSE,687,592.0
929,HLA-B51:01,5802.41,ANZ78847,FVAAYNNCTGG,929,593.0
562,HLA-B51:01,5802.47,ANZ78847,GLAVKSDYCGG,562,594.0
935,HLA-B51:01,5802.48,ANZ78847,NCTGGAEIRDL,935,595.0
875,HLA-B51:01,5802.51,ANZ78847,VTLSTKLKDGV,875,596.0
1060,HLA-B51:01,5802.54,ANZ78847,NRFGAISSSLQ,1060,597.0
667,HLA-B51:01,5802.56,ANZ78847,GFRDYLTNRTF,667,598.0
641,HLA-B51:01,5802.66,ANZ78847,GIFVEVNATYY,641,599.0
780,HLA-B51:01,5802.75,ANZ78847,FTVNSVNDSLE,780,600.0
856,HLA-B51:01,5802.75,ANZ78847,VNELLDTTQLQ,856,600.0
889,HLA-B51:01,5802.82,ANZ78847,VDDINFSSVLG,889,602.0
407,HLA-B51:01,5802.88,ANZ78847,AIPNGRKVDLQ,407,603.0
1122,HLA-B51:01,5803.06,ANZ78847,NECVKSQSSRI,1122,604.0
1123,HLA-B51:01,5803.06,ANZ78847,ECVKSQSSRIN,1123,604.0
457,HLA-B51:01,5803.09,ANZ78847,STWNKRFGFIE,457,606.0
767,HLA-B51:01,5803.29,ANZ78847,AITTGYRFTNF,767,607.0
879,HLA-B51:01,5803.34,ANZ78847,TKLKDGVNFNV,879,608.0
1334,HLA-B51:01,5803.36,ANZ78847,TSCFKKCGGCC,1334,609.0
709,HLA-B51:01,5803.46,ANZ78847,YVFNNSLTRQL,709,610.0
58,HLA-B51:01,5803.49,ANZ78847,RVYLNTTLFLN,58,611.0
506,HLA-B51:01,5803.51,ANZ78847,LCVGSGPGKNN,506,612.0
113,HLA-B51:01,5803.52,ANZ78847,TKVFKDGVMYS,113,613.0
314,HLA-B51:01,5803.54,ANZ78847,PPTGVYELNGY,314,614.0
540,HLA-B51:01,5803.66,ANZ78847,TFTGPYKCPQS,540,615.0
282,HLA-B51:01,5803.7,ANZ78847,LLAFNQDGIIF,282,616.0
916,HLA-B51:01,5803.83,ANZ78847,DLLFDKVKLSD,916,617.0
1071,HLA-B51:01,5804.02,ANZ78847,EILSRLDALEA,1071,618.0
1279,HLA-B51:01,5804.02,ANZ78847,QEAIKVLNQSY,1279,618.0
823,HLA-B51:01,5804.05,ANZ78847,DCAAFVCGDYA,823,620.0
496,HLA-B51:01,5804.07,ANZ78847,NFCPCKSNSSL,496,621.0
428,HLA-B51:01,5804.1,ANZ78847,NYRIDTTATSC,428,622.0
855,HLA-B51:01,5804.15,ANZ78847,EVNELLDTTQL,855,623.0
885,HLA-B51:01,5804.26,ANZ78847,VNFNVDDINFS,885,624.0
383,HLA-B51:01,5804.33,ANZ78847,FTCNNIDAAKI,383,625.0
629,HLA-B51:01,5804.35,ANZ78847,CVNYDLYGISG,629,626.0
921,HLA-B51:01,5804.39,ANZ78847,KVKLSDVGFVA,921,627.0
1044,HLA-B51:01,5804.42,ANZ78847,VNANAEALNNL,1044,628.0
218,HLA-B51:01,5804.54,ANZ78847,HFYQEGGTFYA,218,629.0
495,HLA-B51:01,5804.59,ANZ78847,KNFCPCKSNSS,495,630.0
222,HLA-B51:01,5804.61,ANZ78847,EGGTFYAYFTD,222,631.0
335,HLA-B51:01,5804.71,ANZ78847,RKPDLPNCNIE,335,632.0
682,HLA-B51:01,5804.72,ANZ78847,CYSGRVSAAFH,682,633.0
30,HLA-B51:01,5804.75,ANZ78847,NNIDTGPPSIS,30,634.0
114,HLA-B51:01,5804.78,ANZ78847,KVFKDGVMYSE,114,635.0
1014,HLA-B51:01,5804.82,ANZ78847,LIANAFNNALD,1014,636.0
686,HLA-B51:01,5804.85,ANZ78847,RVSAAFHANSS,686,637.0
969,HLA-B51:01,5804.85,ANZ78847,YTLAATSASLF,969,637.0
721,HLA-B51:01,5804.93,ANZ78847,PINYFDSYLGC,721,639.0
1059,HLA-B51:01,5804.94,ANZ78847,SNRFGAISSSL,1059,640.0
886,HLA-B51:01,5804.96,ANZ78847,NFNVDDINFSS,886,641.0
586,HLA-B51:01,5804.97,ANZ78847,SADSCLQGDKC,586,642.0
1061,HLA-B51:01,5805.02,ANZ78847,RFGAISSSLQE,1061,643.0
1303,HLA-B51:01,5805.17,ANZ78847,KWPWYVWLLIC,1303,644.0
851,HLA-B51:01,5805.36,ANZ78847,AILTEVNELLD,851,645.0
1179,HLA-B51:01,5805.46,ANZ78847,RGIAPKSGYFV,1179,646.0
738,HLA-B51:01,5805.54,ANZ78847,STAISVQTCDL,738,647.0
286,HLA-B51:01,5805.55,ANZ78847,NQDGIIFNAVD,286,648.0
981,HLA-B51:01,5805.56,ANZ78847,PWTAAAGVPFY,981,649.0
363,HLA-B51:01,5805.66,ANZ78847,TFSNCNFNMSS,363,650.0
940,HLA-B51:01,5805.69,ANZ78847,AEIRDLICVQS,940,651.0
1175,HLA-B51:01,5805.78,ANZ78847,IAGDRGIAPKS,1175,652.0
730,HLA-B51:01,5805.8,ANZ78847,GCVVNAYNSTA,730,653.0
691,HLA-B51:01,5805.9,ANZ78847,FHANSSEPALL,691,654.0
1315,HLA-B51:01,5805.95,ANZ78847,AGVAMLVLLFF,1315,655.0
1228,HLA-B51:01,5805.97,ANZ78847,YVMLNTSIPNL,1228,656.0
320,HLA-B51:01,5806.01,ANZ78847,ELNGYTVQPIA,320,657.0
23,HLA-B51:01,5806.18,ANZ78847,DSRTGSLNNID,23,658.0
164,HLA-B51:01,5806.2,ANZ78847,VSVCQYNMCEY,164,659.0
3,HLA-B51:01,5806.27,ANZ78847,ILLISLPTAFA,3,660.0
370,HLA-B51:01,5806.39,ANZ78847,NMSSLMSFIQA,370,661.0
157,HLA-B51:01,5806.49,ANZ78847,KLQGLLEVSVC,157,662.0
6,HLA-B51:01,5806.55,ANZ78847,ISLPTAFAVIG,6,663.0
574,HLA-B51:01,5806.59,ANZ78847,PCTCQPQAFLG,574,664.0
358,HLA-B51:01,5806.6,ANZ78847,NWERKTFSNCN,358,665.0
820,HLA-B51:01,5806.61,ANZ78847,VTIDCAAFVCG,820,666.0
873,HLA-B51:01,5806.61,ANZ78847,NGVTLSTKLKD,873,666.0
592,HLA-B51:01,5806.62,ANZ78847,QGDKCNIFANL,592,668.0
1260,HLA-B51:01,5806.66,ANZ78847,ALDYINVTFLD,1260,669.0
40,HLA-B51:01,5806.67,ANZ78847,STATVDVTNGL,40,670.0
319,HLA-B51:01,5806.67,ANZ78847,YELNGYTVQPI,319,670.0
710,HLA-B51:01,5806.69,ANZ78847,VFNNSLTRQLQ,710,672.0
743,HLA-B51:01,5806.8,ANZ78847,VQTCDLTVGSG,743,673.0
84,HLA-B51:01,5806.81,ANZ78847,KGTDKLSTLWF,84,674.0
1193,HLA-B51:01,5806.85,ANZ78847,NTWMYTGSGYY,1193,675.0
910,HLA-B51:01,5806.86,ANZ78847,SRSAIEDLLFD,910,676.0
986,HLA-B51:01,5806.88,ANZ78847,AGVPFYLNVQY,986,677.0
1330,HLA-B51:01,5806.9,ANZ78847,TGCGTSCFKKC,1330,678.0
240,HLA-B51:01,5807.07,ANZ78847,LFNVYLGMALS,240,679.0
398,HLA-B51:01,5807.19,ANZ78847,FSSITIDKFAI,398,680.0
611,HLA-B51:01,5807.21,ANZ78847,LTCSTDLQKAN,611,681.0
631,HLA-B51:01,5807.27,ANZ78847,NYDLYGISGQG,631,682.0
278,HLA-B51:01,5807.36,ANZ78847,SRQYLLAFNQD,278,683.0
558,HLA-B51:01,5807.53,ANZ78847,EHCSGLAVKSD,558,684.0
210,HLA-B51:01,5807.64,ANZ78847,VNATYLYFHFY,210,685.0
140,HLA-B51:01,5807.7,ANZ78847,SVVVQPRTINS,140,686.0
997,HLA-B51:01,5807.74,ANZ78847,RINGLGVTMDV,997,687.0
807,HLA-B51:01,5807.79,ANZ78847,GNMEEFIQTSS,807,688.0
946,HLA-B51:01,5807.89,ANZ78847,ICVQSYKGIKV,946,689.0
37,HLA-B51:01,5807.92,ANZ78847,PSISTATVDVT,37,690.0
186,HLA-B51:01,5807.99,ANZ78847,HFKELWHMDTG,186,691.0
975,HLA-B51:01,5807.99,ANZ78847,SASLFPPWTAA,975,691.0
177,HLA-B51:01,5808.29,ANZ78847,TICHPNLGNHF,177,693.0
645,HLA-B51:01,5808.36,ANZ78847,EVNATYYNSWQ,645,694.0
1002,HLA-B51:01,5808.36,ANZ78847,GVTMDVLSQNQ,1002,694.0
622,HLA-B51:01,5808.39,ANZ78847,TDIKLGVCVNY,622,696.0
313,HLA-B51:01,5808.48,ANZ78847,APPTGVYELNG,313,697.0
1277,HLA-B51:01,5808.49,ANZ78847,RLQEAIKVLNQ,1277,698.0
1018,HLA-B51:01,5808.54,ANZ78847,AFNNALDAIQE,1018,699.0
860,HLA-B51:01,5808.59,ANZ78847,LDTTQLQVANS,860,700.0
884,HLA-B51:01,5808.64,ANZ78847,GVNFNVDDINF,884,701.0
1032,HLA-B51:01,5808.67,ANZ78847,ATNSALVKIQA,1032,702.0
1146,HLA-B51:01,5808.67,ANZ78847,QNAPYGLYFIH,1146,702.0
712,HLA-B51:01,5808.76,ANZ78847,NNSLTRQLQPI,712,704.0
947,HLA-B51:01,5808.86,ANZ78847,CVQSYKGIKVL,947,705.0
623,HLA-B51:01,5808.95,ANZ78847,DIKLGVCVNYD,623,706.0
55,HLA-B51:01,5809.01,ANZ78847,VLDRVYLNTTL,55,707.0
232,HLA-B51:01,5809.06,ANZ78847,DTGVVTKFLFN,232,708.0
603,HLA-B51:01,5809.11,ANZ78847,ILHDVNSGLTC,603,709.0
1043,HLA-B51:01,5809.11,ANZ78847,VVNANAEALNN,1043,709.0
409,HLA-B51:01,5809.26,ANZ78847,PNGRKVDLQLG,409,711.0
1331,HLA-B51:01,5809.28,ANZ78847,GCGTSCFKKCG,1331,712.0
747,HLA-B51:01,5809.46,ANZ78847,DLTVGSGYCVD,747,713.0
801,HLA-B51:01,5809.47,ANZ78847,PSDFTIGNMEE,801,714.0
798,HLA-B51:01,5809.53,ANZ78847,IQIPSDFTIGN,798,715.0
329,HLA-B51:01,5809.59,ANZ78847,IADVYRRKPDL,329,716.0
1007,HLA-B51:01,5809.62,ANZ78847,VLSQNQKLIAN,1007,717.0
1172,HLA-B51:01,5809.67,ANZ78847,GLCIAGDRGIA,1172,718.0
1115,HLA-B51:01,5809.7,ANZ78847,AQAMEKVNECV,1115,719.0
652,HLA-B51:01,5809.72,ANZ78847,NSWQNLLYDSN,652,720.0
129,HLA-B51:01,5809.77,ANZ78847,TIGSTFVNTSY,129,721.0
488,HLA-B51:01,5809.79,ANZ78847,QHCFKAPKNFC,488,722.0
1128,HLA-B51:01,5809.81,ANZ78847,QSSRINFCGNG,1128,723.0
440,HLA-B51:01,5809.9,ANZ78847,LYYNLPAANVS,440,724.0
646,HLA-B51:01,5809.9,ANZ78847,VNATYYNSWQN,646,724.0
990,HLA-B51:01,5810.02,ANZ78847,FYLNVQYRING,990,726.0
874,HLA-B51:01,5810.06,ANZ78847,GVTLSTKLKDG,874,727.0
1214,HLA-B51:01,5810.13,ANZ78847,VVMSTCAVNYT,1214,728.0
854,HLA-B51:01,5810.29,ANZ78847,TEVNELLDTTQ,854,729.0
582,HLA-B51:01,5810.33,ANZ78847,FLGWSADSCLQ,582,730.0
411,HLA-B51:01,5810.35,ANZ78847,GRKVDLQLGNL,411,731.0
837,HLA-B51:01,5810.38,ANZ78847,SQLVEYGSFCD,837,732.0
1325,HLA-B51:01,5810.38,ANZ78847,FICCCTGCGTS,1325,732.0
500,HLA-B51:01,5810.42,ANZ78847,CKSNSSLCVGS,500,734.0
397,HLA-B51:01,5810.47,ANZ78847,CFSSITIDKFA,397,735.0
595,HLA-B51:01,5810.48,ANZ78847,KCNIFANLILH,595,736.0
533,HLA-B51:01,5810.5,ANZ78847,LCNPDPITFTG,533,737.0
454,HLA-B51:01,5810.58,ANZ78847,FNPSTWNKRFG,454,738.0
19,HLA-B51:01,5810.6,ANZ78847,KCPLDSRTGSL,19,739.0
891,HLA-B51:01,5810.63,ANZ78847,DINFSSVLGCL,891,740.0
359,HLA-B51:01,5810.7,ANZ78847,WERKTFSNCNF,359,741.0
577,HLA-B51:01,5810.75,ANZ78847,CQPQAFLGWSA,577,742.0
1340,HLA-B51:01,5810.87,ANZ78847,CGGCCDDYTGY,1340,743.0
195,HLA-B51:01,5810.91,ANZ78847,TGVVSCLYKRN,195,744.0
1218,HLA-B51:01,5810.91,ANZ78847,TCAVNYTKAPY,1218,744.0
294,HLA-B51:01,5810.94,ANZ78847,AVDCMSDFMSE,294,746.0
673,HLA-B51:01,5811.03,ANZ78847,TNRTFMIRSCY,673,747.0
501,HLA-B51:01,5811.2,ANZ78847,KSNSSLCVGSG,501,748.0
1107,HLA-B51:01,5811.24,ANZ78847,STLVKFSAAQA,1107,749.0
844,HLA-B51:01,5811.26,ANZ78847,SFCDNINAILT,844,750.0
1342,HLA-B51:01,5811.34,ANZ78847,GCCDDYTGYQE,1342,751.0
1013,HLA-B51:01,5811.36,ANZ78847,KLIANAFNNAL,1013,752.0
958,HLA-B51:01,5811.37,ANZ78847,PPLLSENQISG,958,753.0
486,HLA-B51:01,5811.39,ANZ78847,YAQHCFKAPKN,486,754.0
598,HLA-B51:01,5811.49,ANZ78847,IFANLILHDVN,598,755.0
1178,HLA-B51:01,5811.55,ANZ78847,DRGIAPKSGYF,1178,756.0
690,HLA-B51:01,5811.76,ANZ78847,AFHANSSEPAL,690,757.0
825,HLA-B51:01,5811.77,ANZ78847,AAFVCGDYAAC,825,758.0
82,HLA-B51:01,5811.81,ANZ78847,ALKGTDKLSTL,82,759.0
333,HLA-B51:01,5811.83,ANZ78847,YRRKPDLPNCN,333,760.0
254,HLA-B51:01,5811.86,ANZ78847,VMPLTCISRRN,254,761.0
908,HLA-B51:01,5811.89,ANZ78847,ASSRSAIEDLL,908,762.0
149,HLA-B51:01,5811.94,ANZ78847,NSTQDGVNKLQ,149,763.0
640,HLA-B51:01,5811.99,ANZ78847,QGIFVEVNATY,640,764.0
198,HLA-B51:01,5812.01,ANZ78847,VSCLYKRNFTY,198,765.0
1119,HLA-B51:01,5812.05,ANZ78847,EKVNECVKSQS,1119,766.0
758,HLA-B51:01,5812.12,ANZ78847,YSKNRRSRRAI,758,767.0
1176,HLA-B51:01,5812.16,ANZ78847,AGDRGIAPKSG,1176,768.0
1244,HLA-B51:01,5812.16,ANZ78847,ELDQWFKNQTS,1244,768.0
509,HLA-B51:01,5812.19,ANZ78847,GSGPGKNNGIG,509,770.0
356,HLA-B51:01,5812.36,ANZ78847,PLNWERKTFSN,356,771.0
742,HLA-B51:01,5812.41,ANZ78847,SVQTCDLTVGS,742,772.0
705,HLA-B51:01,5812.6,ANZ78847,IKCNYVFNNSL,705,773.0
903,HLA-B51:01,5812.67,ANZ78847,SECSKASSRSA,903,774.0
694,HLA-B51:01,5812.74,ANZ78847,NSSEPALLFRN,694,775.0
581,HLA-B51:01,5812.86,ANZ78847,AFLGWSADSCL,581,776.0
1319,HLA-B51:01,5812.9,ANZ78847,MLVLLFFICCC,1319,777.0
1066,HLA-B51:01,5812.92,ANZ78847,SSSLQEILSRL,1066,778.0
880,HLA-B51:01,5812.98,ANZ78847,KLKDGVNFNVD,880,779.0
893,HLA-B51:01,5812.99,ANZ78847,NFSSVLGCLGS,893,780.0
303,HLA-B51:01,5813.13,ANZ78847,SEIKCKTQSIA,303,781.0
714,HLA-B51:01,5813.18,ANZ78847,SLTRQLQPINY,714,782.0
617,HLA-B51:01,5813.25,ANZ78847,LQKANTDIKLG,617,783.0
550,HLA-B51:01,5813.33,ANZ78847,SKSLVGIGEHC,550,784.0
596,HLA-B51:01,5813.34,ANZ78847,CNIFANLILHD,596,785.0
1269,HLA-B51:01,5813.4,ANZ78847,LDLQVEMNRLQ,1269,786.0
1111,HLA-B51:01,5813.41,ANZ78847,KFSAAQAMEKV,1111,787.0
414,HLA-B51:01,5813.57,ANZ78847,VDLQLGNLGYL,414,788.0
196,HLA-B51:01,5813.6,ANZ78847,GVVSCLYKRNF,196,789.0
413,HLA-B51:01,5813.61,ANZ78847,KVDLQLGNLGY,413,790.0
109,HLA-B51:01,5813.85,ANZ78847,KVKNTKVFKDG,109,791.0
744,HLA-B51:01,5813.85,ANZ78847,QTCDLTVGSGY,744,791.0
311,HLA-B51:01,5813.88,ANZ78847,SIAPPTGVYEL,311,793.0
261,HLA-B51:01,5813.89,ANZ78847,SRRNIGFTLEY,261,794.0
231,HLA-B51:01,5813.94,ANZ78847,TDTGVVTKFLF,231,795.0
176,HLA-B51:01,5814.14,ANZ78847,HTICHPNLGNH,176,796.0
607,HLA-B51:01,5814.18,ANZ78847,VNSGLTCSTDL,607,797.0
379,HLA-B51:01,5814.21,ANZ78847,QADSFTCNNID,379,798.0
1113,HLA-B51:01,5814.28,ANZ78847,SAAQAMEKVNE,1113,799.0
251,HLA-B51:01,5814.29,ANZ78847,HYYVMPLTCIS,251,800.0
1191,HLA-B51:01,5814.3,ANZ78847,VNNTWMYTGSG,1191,801.0
1120,HLA-B51:01,5814.38,ANZ78847,KVNECVKSQSS,1120,802.0
372,HLA-B51:01,5814.41,ANZ78847,SSLMSFIQADS,372,803.0
745,HLA-B51:01,5814.41,ANZ78847,TCDLTVGSGYC,745,803.0
966,HLA-B51:01,5814.48,ANZ78847,ISGYTLAATSA,966,805.0
829,HLA-B51:01,5814.56,ANZ78847,CGDYAACKSQL,829,806.0
438,HLA-B51:01,5814.59,ANZ78847,CQLYYNLPAAN,438,807.0
89,HLA-B51:01,5814.62,ANZ78847,LSTLWFKPPFL,89,808.0
492,HLA-B51:01,5814.76,ANZ78847,KAPKNFCPCKS,492,809.0
1349,HLA-B51:01,5814.82,ANZ78847,GYQELVIKTSH,1349,810.0
757,HLA-B51:01,5814.84,ANZ78847,DYSKNRRSRRA,757,811.0
18,HLA-B51:01,5814.97,ANZ78847,LKCPLDSRTGS,18,812.0
896,HLA-B51:01,5815.09,ANZ78847,SVLGCLGSECS,896,813.0
259,HLA-B51:01,5815.1,ANZ78847,CISRRNIGFTL,259,814.0
364,HLA-B51:01,5815.1,ANZ78847,FSNCNFNMSSL,364,814.0
1282,HLA-B51:01,5815.11,ANZ78847,IKVLNQSYINL,1282,816.0
793,HLA-B51:01,5815.17,ANZ78847,GGLYEIQIPSD,793,817.0
1057,HLA-B51:01,5815.17,ANZ78847,QLSNRFGAISS,1057,817.0
1167,HLA-B51:01,5815.2,ANZ78847,AKVSPGLCIAG,1167,819.0
212,HLA-B51:01,5815.27,ANZ78847,ATYLYFHFYQE,212,820.0
65,HLA-B51:01,5815.3,ANZ78847,LFLNGYYPTSG,65,821.0
718,HLA-B51:01,5815.31,ANZ78847,QLQPINYFDSY,718,822.0
571,HLA-B51:01,5815.47,ANZ78847,GGNPCTCQPQA,571,823.0
410,HLA-B51:01,5815.5,ANZ78847,NGRKVDLQLGN,410,824.0
1140,HLA-B51:01,5815.58,ANZ78847,HIISLVQNAPY,1140,825.0
836,HLA-B51:01,5815.61,ANZ78847,KSQLVEYGSFC,836,826.0
143,HLA-B51:01,5815.63,ANZ78847,VQPRTINSTQD,143,827.0
1039,HLA-B51:01,5815.66,ANZ78847,KIQAVVNANAE,1039,828.0
102,HLA-B51:01,5815.68,ANZ78847,FINGIFAKVKN,102,829.0
353,HLA-B51:01,5815.69,ANZ78847,VPSPLNWERKT,353,830.0
1134,HLA-B51:01,5815.69,ANZ78847,FCGNGNHIISL,1134,830.0
209,HLA-B51:01,5815.78,ANZ78847,DVNATYLYFHF,209,832.0
1189,HLA-B51:01,5815.84,ANZ78847,VNVNNTWMYTG,1189,833.0
163,HLA-B51:01,5815.85,ANZ78847,EVSVCQYNMCE,163,834.0
268,HLA-B51:01,5815.89,ANZ78847,TLEYWVTPLTS,268,835.0
1333,HLA-B51:01,5815.91,ANZ78847,GTSCFKKCGGC,1333,836.0
619,HLA-B51:01,5815.95,ANZ78847,KANTDIKLGVC,619,837.0
1166,HLA-B51:01,5816.03,ANZ78847,TAKVSPGLCIA,1166,838.0
473,HLA-B51:01,5816.09,ANZ78847,PQPAGVLTNHD,473,839.0
47,HLA-B51:01,5816.16,ANZ78847,TNGLGTYYVLD,47,840.0
14,HLA-B51:01,5816.19,ANZ78847,VIGDLKCPLDS,14,841.0
828,HLA-B51:01,5816.31,ANZ78847,VCGDYAACKSQ,828,842.0
77,HLA-B51:01,5816.57,ANZ78847,TYRNMALKGTD,77,843.0
1026,HLA-B51:01,5816.64,ANZ78847,IQEGFDATNSA,1026,844.0
624,HLA-B51:01,5816.65,ANZ78847,IKLGVCVNYDL,624,845.0
650,HLA-B51:01,5816.71,ANZ78847,YYNSWQNLLYD,650,846.0
43,HLA-B51:01,5816.73,ANZ78847,TVDVTNGLGTY,43,847.0
425,HLA-B51:01,5816.77,ANZ78847,QSFNYRIDTTA,425,848.0
56,HLA-B51:01,5816.81,ANZ78847,LDRVYLNTTLF,56,849.0
354,HLA-B51:01,5816.86,ANZ78847,PSPLNWERKTF,354,850.0
1222,HLA-B51:01,5816.89,ANZ78847,NYTKAPYVMLN,1222,851.0
647,HLA-B51:01,5817.15,ANZ78847,NATYYNSWQNL,647,852.0
717,HLA-B51:01,5817.17,ANZ78847,RQLQPINYFDS,717,853.0
340,HLA-B51:01,5817.23,ANZ78847,PNCNIEAWLND,340,854.0
28,HLA-B51:01,5817.26,ANZ78847,SLNNIDTGPPS,28,855.0
1130,HLA-B51:01,5817.3,ANZ78847,SRINFCGNGNH,1130,856.0
1012,HLA-B51:01,5817.57,ANZ78847,QKLIANAFNNA,1012,857.0
584,HLA-B51:01,5817.61,ANZ78847,GWSADSCLQGD,584,858.0
977,HLA-B51:01,5817.61,ANZ78847,SLFPPWTAAAG,977,858.0
644,HLA-B51:01,5817.69,ANZ78847,VEVNATYYNSW,644,860.0
463,HLA-B51:01,5817.8,ANZ78847,FGFIEDSVFKP,463,861.0
1343,HLA-B51:01,5817.82,ANZ78847,CCDDYTGYQEL,1343,862.0
88,HLA-B51:01,5817.96,ANZ78847,KLSTLWFKPPF,88,863.0
369,HLA-B51:01,5817.99,ANZ78847,FNMSSLMSFIQ,369,864.0
877,HLA-B51:01,5818.03,ANZ78847,LSTKLKDGVNF,877,865.0
1164,HLA-B51:01,5818.08,ANZ78847,YVTAKVSPGLC,1164,866.0
553,HLA-B51:01,5818.11,ANZ78847,LVGIGEHCSGL,553,867.0
542,HLA-B51:01,5818.16,ANZ78847,TGPYKCPQSKS,542,868.0
962,HLA-B51:01,5818.29,ANZ78847,SENQISGYTLA,962,869.0
751,HLA-B51:01,5818.34,ANZ78847,GSGYCVDYSKN,751,870.0
576,HLA-B51:01,5818.39,ANZ78847,TCQPQAFLGWS,576,871.0
792,HLA-B51:01,5818.43,ANZ78847,VGGLYEIQIPS,792,872.0
277,HLA-B51:01,5818.51,ANZ78847,TSRQYLLAFNQ,277,873.0
1335,HLA-B51:01,5818.51,ANZ78847,SCFKKCGGCCD,1335,873.0
786,HLA-B51:01,5818.54,ANZ78847,NDSLEPVGGLY,786,875.0
1067,HLA-B51:01,5818.56,ANZ78847,SSLQEILSRLD,1067,876.0
151,HLA-B51:01,5818.6,ANZ78847,TQDGVNKLQGL,151,877.0
1114,HLA-B51:01,5818.61,ANZ78847,AAQAMEKVNEC,1114,878.0
350,HLA-B51:01,5818.67,ANZ78847,DKSVPSPLNWE,350,879.0
432,HLA-B51:01,5818.75,ANZ78847,DTTATSCQLYY,432,880.0
505,HLA-B51:01,5818.78,ANZ78847,SLCVGSGPGKN,505,881.0
725,HLA-B51:01,5818.86,ANZ78847,FDSYLGCVVNA,725,882.0
1037,HLA-B51:01,5818.87,ANZ78847,LVKIQAVVNAN,1037,883.0
642,HLA-B51:01,5818.89,ANZ78847,IFVEVNATYYN,642,884.0
789,HLA-B51:01,5818.9,ANZ78847,LEPVGGLYEIQ,789,885.0
655,HLA-B51:01,5819.02,ANZ78847,QNLLYDSNGNL,655,886.0
899,HLA-B51:01,5819.03,ANZ78847,GCLGSECSKAS,899,887.0
1305,HLA-B51:01,5819.23,ANZ78847,PWYVWLLICLA,1305,888.0
1058,HLA-B51:01,5819.27,ANZ78847,LSNRFGAISSS,1058,889.0
1036,HLA-B51:01,5819.39,ANZ78847,ALVKIQAVVNA,1036,890.0
907,HLA-B51:01,5819.41,ANZ78847,KASSRSAIEDL,907,891.0
430,HLA-B51:01,5819.42,ANZ78847,RIDTTATSCQL,430,892.0
1252,HLA-B51:01,5819.6,ANZ78847,QTSVAPDLALD,1252,893.0
1004,HLA-B51:01,5819.61,ANZ78847,TMDVLSQNQKL,1004,894.0
688,HLA-B51:01,5819.63,ANZ78847,SAAFHANSSEP,688,895.0
249,HLA-B51:01,5819.67,ANZ78847,LSHYYVMPLTC,249,896.0
26,HLA-B51:01,5819.7,ANZ78847,TGSLNNIDTGP,26,897.0
531,HLA-B51:01,5819.73,ANZ78847,HNLCNPDPITF,531,898.0
110,HLA-B51:01,5819.77,ANZ78847,VKNTKVFKDGV,110,899.0
976,HLA-B51:01,5820.0,ANZ78847,ASLFPPWTAAA,976,900.0
332,HLA-B51:01,5820.07,ANZ78847,VYRRKPDLPNC,332,901.0
1261,HLA-B51:01,5820.13,ANZ78847,LDYINVTFLDL,1261,902.0
260,HLA-B51:01,5820.18,ANZ78847,ISRRNIGFTLE,260,903.0
1092,HLA-B51:01,5820.22,ANZ78847,RLTALNAYVSQ,1092,904.0
994,HLA-B51:01,5820.23,ANZ78847,VQYRINGLGVT,994,905.0
848,HLA-B51:01,5820.24,ANZ78847,NINAILTEVNE,848,906.0
13,HLA-B51:01,5820.31,ANZ78847,AVIGDLKCPLD,13,907.0
1278,HLA-B51:01,5820.32,ANZ78847,LQEAIKVLNQS,1278,908.0
845,HLA-B51:01,5820.34,ANZ78847,FCDNINAILTE,845,909.0
1221,HLA-B51:01,5820.35,ANZ78847,VNYTKAPYVML,1221,910.0
578,HLA-B51:01,5820.44,ANZ78847,QPQAFLGWSAD,578,911.0
934,HLA-B51:01,5820.49,ANZ78847,NNCTGGAEIRD,934,912.0
375,HLA-B51:01,5820.53,ANZ78847,MSFIQADSFTC,375,913.0
736,HLA-B51:01,5820.54,ANZ78847,YNSTAISVQTC,736,914.0
992,HLA-B51:01,5820.57,ANZ78847,LNVQYRINGLG,992,915.0
91,HLA-B51:01,5820.62,ANZ78847,TLWFKPPFLSD,91,916.0
155,HLA-B51:01,5820.63,ANZ78847,VNKLQGLLEVS,155,917.0
965,HLA-B51:01,5820.65,ANZ78847,QISGYTLAATS,965,918.0
909,HLA-B51:01,5820.72,ANZ78847,SSRSAIEDLLF,909,919.0
1332,HLA-B51:01,5820.81,ANZ78847,CGTSCFKKCGG,1332,920.0
1241,HLA-B51:01,5820.89,ANZ78847,FREELDQWFKN,1241,921.0
551,HLA-B51:01,5820.94,ANZ78847,KSLVGIGEHCS,551,922.0
1238,HLA-B51:01,5820.98,ANZ78847,LPDFREELDQW,1238,923.0
1137,HLA-B51:01,5821.0,ANZ78847,NGNHIISLVQN,1137,924.0
1291,HLA-B51:01,5821.02,ANZ78847,NLKDIGTYEYY,1291,925.0
834,HLA-B51:01,5821.04,ANZ78847,ACKSQLVEYGS,834,926.0
520,HLA-B51:01,5821.1,ANZ78847,TCPAGTNYLTC,520,927.0
481,HLA-B51:01,5821.19,ANZ78847,NHDVVYAQHCF,481,928.0
514,HLA-B51:01,5821.22,ANZ78847,KNNGIGTCPAG,514,929.0
1309,HLA-B51:01,5821.25,ANZ78847,WLLICLAGVAM,1309,930.0
677,HLA-B51:01,5821.32,ANZ78847,FMIRSCYSGRV,677,931.0
75,HLA-B51:01,5821.39,ANZ78847,GSTYRNMALKG,75,932.0
123,HLA-B51:01,5821.44,ANZ78847,SEFPAITIGST,123,933.0
527,HLA-B51:01,5821.49,ANZ78847,YLTCHNLCNPD,527,934.0
1209,HLA-B51:01,5821.5,ANZ78847,TENNVVVMSTC,1209,935.0
672,HLA-B51:01,5821.52,ANZ78847,LTNRTFMIRSC,672,936.0
60,HLA-B51:01,5821.78,ANZ78847,YLNTTLFLNGY,60,937.0
804,HLA-B51:01,5821.8,ANZ78847,FTIGNMEEFIQ,804,938.0
1125,HLA-B51:01,5821.84,ANZ78847,VKSQSSRINFC,1125,939.0
943,HLA-B51:01,5822.07,ANZ78847,RDLICVQSYKG,943,940.0
917,HLA-B51:01,5822.09,ANZ78847,LLFDKVKLSDV,917,941.0
1249,HLA-B51:01,5822.14,ANZ78847,FKNQTSVAPDL,1249,942.0
601,HLA-B51:01,5822.16,ANZ78847,NLILHDVNSGL,601,943.0
1190,HLA-B51:01,5822.22,ANZ78847,NVNNTWMYTGS,1190,944.0
813,HLA-B51:01,5822.36,ANZ78847,IQTSSPKVTID,813,945.0
679,HLA-B51:01,5822.43,ANZ78847,IRSCYSGRVSA,679,946.0
1177,HLA-B51:01,5822.44,ANZ78847,GDRGIAPKSGY,1177,947.0
616,HLA-B51:01,5822.46,ANZ78847,DLQKANTDIKL,616,948.0
1022,HLA-B51:01,5822.76,ANZ78847,ALDAIQEGFDA,1022,949.0
54,HLA-B51:01,5822.78,ANZ78847,YVLDRVYLNTT,54,950.0
1266,HLA-B51:01,5822.93,ANZ78847,VTFLDLQVEMN,1266,951.0
1083,HLA-B51:01,5823.11,ANZ78847,AQIDRLINGRL,1083,952.0
459,HLA-B51:01,5823.13,ANZ78847,WNKRFGFIEDS,459,953.0
1270,HLA-B51:01,5823.17,ANZ78847,DLQVEMNRLQE,1270,954.0
1192,HLA-B51:01,5823.24,ANZ78847,NNTWMYTGSGY,1192,955.0
671,HLA-B51:01,5823.36,ANZ78847,YLTNRTFMIRS,671,956.0
926,HLA-B51:01,5823.37,ANZ78847,DVGFVAAYNNC,926,957.0
1117,HLA-B51:01,5823.37,ANZ78847,AMEKVNECVKS,1117,957.0
950,HLA-B51:01,5823.51,ANZ78847,SYKGIKVLPPL,950,959.0
777,HLA-B51:01,5823.54,ANZ78847,FEPFTVNSVND,777,960.0
1093,HLA-B51:01,5823.56,ANZ78847,LTALNAYVSQQ,1093,961.0
1088,HLA-B51:01,5823.78,ANZ78847,LINGRLTALNA,1088,962.0
1239,HLA-B51:01,5823.78,ANZ78847,PDFREELDQWF,1239,962.0
557,HLA-B51:01,5823.8,ANZ78847,GEHCSGLAVKS,557,964.0
380,HLA-B51:01,5823.87,ANZ78847,ADSFTCNNIDA,380,965.0
1027,HLA-B51:01,5823.92,ANZ78847,QEGFDATNSAL,1027,966.0
1000,HLA-B51:01,5824.01,ANZ78847,GLGVTMDVLSQ,1000,967.0
827,HLA-B51:01,5824.07,ANZ78847,FVCGDYAACKS,827,968.0
1054,HLA-B51:01,5824.07,ANZ78847,LLQQLSNRFGA,1054,968.0
483,HLA-B51:01,5824.15,ANZ78847,DVVYAQHCFKA,483,970.0
1139,HLA-B51:01,5824.18,ANZ78847,NHIISLVQNAP,1139,971.0
241,HLA-B51:01,5824.32,ANZ78847,FNVYLGMALSH,241,972.0
190,HLA-B51:01,5824.42,ANZ78847,LWHMDTGVVSC,190,973.0
949,HLA-B51:01,5824.44,ANZ78847,QSYKGIKVLPP,949,974.0
959,HLA-B51:01,5824.47,ANZ78847,PLLSENQISGY,959,975.0
53,HLA-B51:01,5824.49,ANZ78847,YYVLDRVYLNT,53,976.0
841,HLA-B51:01,5824.49,ANZ78847,EYGSFCDNINA,841,976.0
1237,HLA-B51:01,5824.56,ANZ78847,NLPDFREELDQ,1237,978.0
906,HLA-B51:01,5824.64,ANZ78847,SKASSRSAIED,906,979.0
1124,HLA-B51:01,5824.67,ANZ78847,CVKSQSSRINF,1124,980.0
447,HLA-B51:01,5824.85,ANZ78847,ANVSVSRFNPS,447,981.0
1086,HLA-B51:01,5824.97,ANZ78847,DRLINGRLTAL,1086,982.0
342,HLA-B51:01,5824.99,ANZ78847,CNIEAWLNDKS,342,983.0
955,HLA-B51:01,5825.0,ANZ78847,KVLPPLLSENQ,955,984.0
1072,HLA-B51:01,5825.01,ANZ78847,ILSRLDALEAE,1072,985.0
1251,HLA-B51:01,5825.02,ANZ78847,NQTSVAPDLAL,1251,986.0
967,HLA-B51:01,5825.1,ANZ78847,SGYTLAATSAS,967,987.0
511,HLA-B51:01,5825.22,ANZ78847,GPGKNNGIGTC,511,988.0
61,HLA-B51:01,5825.36,ANZ78847,LNTTLFLNGYY,61,989.0
470,HLA-B51:01,5825.37,ANZ78847,VFKPQPAGVLT,470,990.0
937,HLA-B51:01,5825.49,ANZ78847,TGGAEIRDLIC,937,991.0
1068,HLA-B51:01,5825.49,ANZ78847,SLQEILSRLDA,1068,991.0
1170,HLA-B51:01,5825.51,ANZ78847,SPGLCIAGDRG,1170,993.0
806,HLA-B51:01,5825.53,ANZ78847,IGNMEEFIQTS,806,994.0
754,HLA-B51:01,5825.66,ANZ78847,YCVDYSKNRRS,754,995.0
405,HLA-B51:01,5825.79,ANZ78847,KFAIPNGRKVD,405,996.0
191,HLA-B51:01,5825.8,ANZ78847,WHMDTGVVSCL,191,997.0
373,HLA-B51:01,5825.91,ANZ78847,SLMSFIQADSF,373,998.0
81,HLA-B51:01,5826.03,ANZ78847,MALKGTDKLST,81,999.0
239,HLA-B51:01,5826.05,ANZ78847,FLFNVYLGMAL,239,1000.0
416,HLA-B51:01,5826.05,ANZ78847,LQLGNLGYLQS,416,1000.0
923,HLA-B51:01,5826.09,ANZ78847,KLSDVGFVAAY,923,1002.0
230,HLA-B51:01,5826.17,ANZ78847,FTDTGVVTKFL,230,1003.0
1038,HLA-B51:01,5826.43,ANZ78847,VKIQAVVNANA,1038,1004.0
1055,HLA-B51:01,5826.44,ANZ78847,LQQLSNRFGAI,1055,1005.0
1351,HLA-B51:01,5826.52,ANZ78847,QELVIKTSHDD,1351,1006.0
1336,HLA-B51:01,5826.6,ANZ78847,CFKKCGGCCDD,1336,1007.0
716,HLA-B51:01,5826.64,ANZ78847,TRQLQPINYFD,716,1008.0
914,HLA-B51:01,5826.64,ANZ78847,IEDLLFDKVKL,914,1008.0
66,HLA-B51:01,5826.94,ANZ78847,FLNGYYPTSGS,66,1010.0
284,HLA-B51:01,5826.98,ANZ78847,AFNQDGIIFNA,284,1011.0
737,HLA-B51:01,5827.03,ANZ78847,NSTAISVQTCD,737,1012.0
902,HLA-B51:01,5827.1,ANZ78847,GSECSKASSRS,902,1013.0
1138,HLA-B51:01,5827.15,ANZ78847,GNHIISLVQNA,1138,1014.0
262,HLA-B51:01,5827.23,ANZ78847,RRNIGFTLEYW,262,1015.0
337,HLA-B51:01,5827.29,ANZ78847,PDLPNCNIEAW,337,1016.0
181,HLA-B51:01,5827.39,ANZ78847,PNLGNHFKELW,181,1017.0
708,HLA-B51:01,5827.47,ANZ78847,NYVFNNSLTRQ,708,1018.0
1069,HLA-B51:01,5827.55,ANZ78847,LQEILSRLDAL,1069,1019.0
32,HLA-B51:01,5827.56,ANZ78847,IDTGPPSISTA,32,1020.0
237,HLA-B51:01,5827.56,ANZ78847,TKFLFNVYLGM,237,1020.0
1350,HLA-B51:01,5827.6,ANZ78847,YQELVIKTSHD,1350,1022.0
1076,HLA-B51:01,5827.83,ANZ78847,LDALEAEAQID,1076,1023.0
1234,HLA-B51:01,5827.86,ANZ78847,SIPNLPDFREE,1234,1024.0
422,HLA-B51:01,5827.87,ANZ78847,GYLQSFNYRID,422,1025.0
1242,HLA-B51:01,5828.0,ANZ78847,REELDQWFKNQ,1242,1026.0
264,HLA-B51:01,5828.08,ANZ78847,NIGFTLEYWVT,264,1027.0
1163,HLA-B51:01,5828.15,ANZ78847,KYVTAKVSPGL,1163,1028.0
817,HLA-B51:01,5828.17,ANZ78847,SPKVTIDCAAF,817,1029.0
1118,HLA-B51:01,5828.33,ANZ78847,MEKVNECVKSQ,1118,1030.0
762,HLA-B51:01,5828.43,ANZ78847,RRSRRAITTGY,762,1031.0
179,HLA-B51:01,5828.44,ANZ78847,CHPNLGNHFKE,179,1032.0
1288,HLA-B51:01,5828.53,ANZ78847,SYINLKDIGTY,1288,1033.0
128,HLA-B51:01,5828.6,ANZ78847,ITIGSTFVNTS,128,1034.0
565,HLA-B51:01,5828.65,ANZ78847,VKSDYCGGNPC,565,1035.0
1008,HLA-B51:01,5828.67,ANZ78847,LSQNQKLIANA,1008,1036.0
610,HLA-B51:01,5828.74,ANZ78847,GLTCSTDLQKA,610,1037.0
1168,HLA-B51:01,5828.84,ANZ78847,KVSPGLCIAGD,1168,1038.0
152,HLA-B51:01,5828.88,ANZ78847,QDGVNKLQGLL,152,1039.0
1040,HLA-B51:01,5828.93,ANZ78847,IQAVVNANAEA,1040,1040.0
487,HLA-B51:01,5828.95,ANZ78847,AQHCFKAPKNF,487,1041.0
1161,HLA-B51:01,5829.01,ANZ78847,PTKYVTAKVSP,1161,1042.0
519,HLA-B51:01,5829.24,ANZ78847,GTCPAGTNYLT,519,1043.0
437,HLA-B51:01,5829.37,ANZ78847,SCQLYYNLPAA,437,1044.0
297,HLA-B51:01,5829.44,ANZ78847,CMSDFMSEIKC,297,1045.0
526,HLA-B51:01,5829.51,ANZ78847,NYLTCHNLCNP,526,1046.0
713,HLA-B51:01,5829.62,ANZ78847,NSLTRQLQPIN,713,1047.0
1156,HLA-B51:01,5829.8,ANZ78847,HFSYVPTKYVT,1156,1048.0
666,HLA-B51:01,5829.97,ANZ78847,YGFRDYLTNRT,666,1049.0
471,HLA-B51:01,5830.13,ANZ78847,FKPQPAGVLTN,471,1050.0
248,HLA-B51:01,5830.19,ANZ78847,ALSHYYVMPLT,248,1051.0
1104,HLA-B51:01,5830.28,ANZ78847,LSDSTLVKFSA,1104,1052.0
1327,HLA-B51:01,5830.3,ANZ78847,CCCTGCGTSCF,1327,1053.0
11,HLA-B51:01,5830.32,ANZ78847,AFAVIGDLKCP,11,1054.0
291,HLA-B51:01,5830.42,ANZ78847,IFNAVDCMSDF,291,1055.0
427,HLA-B51:01,5830.45,ANZ78847,FNYRIDTTATS,427,1056.0
275,HLA-B51:01,5830.63,ANZ78847,PLTSRQYLLAF,275,1057.0
458,HLA-B51:01,5830.79,ANZ78847,TWNKRFGFIED,458,1058.0
821,HLA-B51:01,5830.9,ANZ78847,TIDCAAFVCGD,821,1059.0
182,HLA-B51:01,5831.06,ANZ78847,NLGNHFKELWH,182,1060.0
503,HLA-B51:01,5831.72,ANZ78847,NSSLCVGSGPG,503,1061.0
266,HLA-B51:01,5831.87,ANZ78847,GFTLEYWVTPL,266,1062.0
649,HLA-B51:01,5831.91,ANZ78847,TYYNSWQNLLY,649,1063.0
68,HLA-B51:01,5831.97,ANZ78847,NGYYPTSGSTY,68,1064.0
782,HLA-B51:01,5831.98,ANZ78847,VNSVNDSLEPV,782,1065.0
554,HLA-B51:01,5832.09,ANZ78847,VGIGEHCSGLA,554,1066.0
701,HLA-B51:01,5832.11,ANZ78847,LFRNIKCNYVF,701,1067.0
108,HLA-B51:01,5832.23,ANZ78847,AKVKNTKVFKD,108,1068.0
1142,HLA-B51:01,5832.46,ANZ78847,ISLVQNAPYGL,1142,1069.0
315,HLA-B51:01,5832.56,ANZ78847,PTGVYELNGYT,315,1070.0
1300,HLA-B51:01,5832.58,ANZ78847,YYVKWPWYVWL,1300,1071.0
534,HLA-B51:01,5832.65,ANZ78847,CNPDPITFTGP,534,1072.0
287,HLA-B51:01,5832.67,ANZ78847,QDGIIFNAVDC,287,1073.0
301,HLA-B51:01,5832.74,ANZ78847,FMSEIKCKTQS,301,1074.0
4,HLA-B51:01,5832.82,ANZ78847,LLISLPTAFAV,4,1075.0
591,HLA-B51:01,5832.95,ANZ78847,LQGDKCNIFAN,591,1076.0
1290,HLA-B51:01,5833.07,ANZ78847,INLKDIGTYEY,1290,1077.0
802,HLA-B51:01,5833.1,ANZ78847,SDFTIGNMEEF,802,1078.0
122,HLA-B51:01,5833.12,ANZ78847,YSEFPAITIGS,122,1079.0
808,HLA-B51:01,5833.14,ANZ78847,NMEEFIQTSSP,808,1080.0
381,HLA-B51:01,5833.56,ANZ78847,DSFTCNNIDAA,381,1081.0
849,HLA-B51:01,5833.62,ANZ78847,INAILTEVNEL,849,1082.0
638,HLA-B51:01,5833.79,ANZ78847,SGQGIFVEVNA,638,1083.0
169,HLA-B51:01,5833.82,ANZ78847,YNMCEYPHTIC,169,1084.0
1220,HLA-B51:01,5833.84,ANZ78847,AVNYTKAPYVM,1220,1085.0
202,HLA-B51:01,5834.24,ANZ78847,YKRNFTYDVNA,202,1086.0
171,HLA-B51:01,5834.26,ANZ78847,MCEYPHTICHP,171,1087.0
1268,HLA-B51:01,5834.39,ANZ78847,FLDLQVEMNRL,1268,1088.0
388,HLA-B51:01,5834.8,ANZ78847,IDAAKIYGMCF,388,1089.0
490,HLA-B51:01,5834.91,ANZ78847,CFKAPKNFCPC,490,1090.0
814,HLA-B51:01,5834.96,ANZ78847,QTSSPKVTIDC,814,1091.0
461,HLA-B51:01,5835.17,ANZ78847,KRFGFIEDSVF,461,1092.0
1074,HLA-B51:01,5835.46,ANZ78847,SRLDALEAEAQ,1074,1093.0
1073,HLA-B51:01,5835.56,ANZ78847,LSRLDALEAEA,1073,1094.0
1078,HLA-B51:01,5835.57,ANZ78847,ALEAEAQIDRL,1078,1095.0
1287,HLA-B51:01,5835.62,ANZ78847,QSYINLKDIGT,1287,1096.0
785,HLA-B51:01,5835.71,ANZ78847,VNDSLEPVGGL,785,1097.0
604,HLA-B51:01,5835.82,ANZ78847,LHDVNSGLTCS,604,1098.0
346,HLA-B51:01,5835.9,ANZ78847,AWLNDKSVPSP,346,1099.0
12,HLA-B51:01,5835.97,ANZ78847,FAVIGDLKCPL,12,1100.0
881,HLA-B51:01,5836.12,ANZ78847,LKDGVNFNVDD,881,1101.0
392,HLA-B51:01,5836.18,ANZ78847,KIYGMCFSSIT,392,1102.0
44,HLA-B51:01,5836.2,ANZ78847,VDVTNGLGTYY,44,1103.0
1009,HLA-B51:01,5836.27,ANZ78847,SQNQKLIANAF,1009,1104.0
602,HLA-B51:01,5836.28,ANZ78847,LILHDVNSGLT,602,1105.0
142,HLA-B51:01,5836.39,ANZ78847,VVQPRTINSTQ,142,1106.0
680,HLA-B51:01,5836.5,ANZ78847,RSCYSGRVSAA,680,1107.0
898,HLA-B51:01,5836.52,ANZ78847,LGCLGSECSKA,898,1108.0
367,HLA-B51:01,5836.64,ANZ78847,CNFNMSSLMSF,367,1109.0
634,HLA-B51:01,5836.73,ANZ78847,LYGISGQGIFV,634,1110.0
170,HLA-B51:01,5836.81,ANZ78847,NMCEYPHTICH,170,1111.0
135,HLA-B51:01,5836.85,ANZ78847,VNTSYSVVVQP,135,1112.0
922,HLA-B51:01,5836.87,ANZ78847,VKLSDVGFVAA,922,1113.0
1231,HLA-B51:01,5836.87,ANZ78847,LNTSIPNLPDF,1231,1113.0
569,HLA-B51:01,5837.05,ANZ78847,YCGGNPCTCQP,569,1115.0
1020,HLA-B51:01,5837.13,ANZ78847,NNALDAIQEGF,1020,1116.0
1230,HLA-B51:01,5837.24,ANZ78847,MLNTSIPNLPD,1230,1117.0
768,HLA-B51:01,5837.33,ANZ78847,ITTGYRFTNFE,768,1118.0
502,HLA-B51:01,5837.49,ANZ78847,SNSSLCVGSGP,502,1119.0
549,HLA-B51:01,5837.59,ANZ78847,QSKSLVGIGEH,549,1120.0
336,HLA-B51:01,5837.7,ANZ78847,KPDLPNCNIEA,336,1121.0
1236,HLA-B51:01,5837.71,ANZ78847,PNLPDFREELD,1236,1122.0
961,HLA-B51:01,5837.76,ANZ78847,LSENQISGYTL,961,1123.0
148,HLA-B51:01,5837.8,ANZ78847,INSTQDGVNKL,148,1124.0
835,HLA-B51:01,5837.86,ANZ78847,CKSQLVEYGSF,835,1125.0
706,HLA-B51:01,5838.02,ANZ78847,KCNYVFNNSLT,706,1126.0
106,HLA-B51:01,5838.15,ANZ78847,IFAKVKNTKVF,106,1127.0
794,HLA-B51:01,5838.27,ANZ78847,GLYEIQIPSDF,794,1128.0
1152,HLA-B51:01,5838.3,ANZ78847,LYFIHFSYVPT,1152,1129.0
927,HLA-B51:01,5838.4,ANZ78847,VGFVAAYNNCT,927,1130.0
991,HLA-B51:01,5838.44,ANZ78847,YLNVQYRINGL,991,1131.0
127,HLA-B51:01,5838.65,ANZ78847,AITIGSTFVNT,127,1132.0
869,HLA-B51:01,5838.87,ANZ78847,NSLMNGVTLST,869,1133.0
1188,HLA-B51:01,5838.92,ANZ78847,FVNVNNTWMYT,1188,1134.0
784,HLA-B51:01,5839.02,ANZ78847,SVNDSLEPVGG,784,1135.0
711,HLA-B51:01,5839.06,ANZ78847,FNNSLTRQLQP,711,1136.0
575,HLA-B51:01,5839.19,ANZ78847,CTCQPQAFLGW,575,1137.0
791,HLA-B51:01,5839.24,ANZ78847,PVGGLYEIQIP,791,1138.0
288,HLA-B51:01,5839.29,ANZ78847,DGIIFNAVDCM,288,1139.0
479,HLA-B51:01,5839.48,ANZ78847,LTNHDVVYAQH,479,1140.0
73,HLA-B51:01,5839.6,ANZ78847,TSGSTYRNMAL,73,1141.0
1216,HLA-B51:01,5840.08,ANZ78847,MSTCAVNYTKA,1216,1142.0
663,HLA-B51:01,5840.19,ANZ78847,GNLYGFRDYLT,663,1143.0
465,HLA-B51:01,5840.23,ANZ78847,FIEDSVFKPQP,465,1144.0
1338,HLA-B51:01,5840.25,ANZ78847,KKCGGCCDDYT,1338,1145.0
400,HLA-B51:01,5840.27,ANZ78847,SITIDKFAIPN,400,1146.0
79,HLA-B51:01,5840.3,ANZ78847,RNMALKGTDKL,79,1147.0
1284,HLA-B51:01,5840.34,ANZ78847,VLNQSYINLKD,1284,1148.0
973,HLA-B51:01,5840.57,ANZ78847,ATSASLFPPWT,973,1149.0
1084,HLA-B51:01,5840.77,ANZ78847,QIDRLINGRLT,1084,1150.0
62,HLA-B51:01,5840.8,ANZ78847,NTTLFLNGYYP,62,1151.0
83,HLA-B51:01,5840.93,ANZ78847,LKGTDKLSTLW,83,1152.0
321,HLA-B51:01,5841.13,ANZ78847,LNGYTVQPIAD,321,1153.0
7,HLA-B51:01,5841.43,ANZ78847,SLPTAFAVIGD,7,1154.0
417,HLA-B51:01,5841.6,ANZ78847,QLGNLGYLQSF,417,1155.0
824,HLA-B51:01,5841.6,ANZ78847,CAAFVCGDYAA,824,1155.0
568,HLA-B51:01,5841.92,ANZ78847,DYCGGNPCTCQ,568,1157.0
1324,HLA-B51:01,5842.09,ANZ78847,FFICCCTGCGT,1324,1158.0
42,HLA-B51:01,5842.12,ANZ78847,ATVDVTNGLGT,42,1159.0
1271,HLA-B51:01,5842.27,ANZ78847,LQVEMNRLQEA,1271,1160.0
683,HLA-B51:01,5842.39,ANZ78847,YSGRVSAAFHA,683,1161.0
570,HLA-B51:01,5842.48,ANZ78847,CGGNPCTCQPQ,570,1162.0
1210,HLA-B51:01,5842.67,ANZ78847,ENNVVVMSTCA,1210,1163.0
70,HLA-B51:01,5842.73,ANZ78847,YYPTSGSTYRN,70,1164.0
111,HLA-B51:01,5842.74,ANZ78847,KNTKVFKDGVM,111,1165.0
347,HLA-B51:01,5842.75,ANZ78847,WLNDKSVPSPL,347,1166.0
480,HLA-B51:01,5842.94,ANZ78847,TNHDVVYAQHC,480,1167.0
735,HLA-B51:01,5842.96,ANZ78847,AYNSTAISVQT,735,1168.0
1099,HLA-B51:01,5842.99,ANZ78847,YVSQQLSDSTL,1099,1169.0
1041,HLA-B51:01,5843.02,ANZ78847,QAVVNANAEAL,1041,1170.0
866,HLA-B51:01,5843.08,ANZ78847,QVANSLMNGVT,866,1171.0
530,HLA-B51:01,5843.68,ANZ78847,CHNLCNPDPIT,530,1172.0
1052,HLA-B51:01,5843.74,ANZ78847,NNLLQQLSNRF,1052,1173.0
165,HLA-B51:01,5843.76,ANZ78847,SVCQYNMCEYP,165,1174.0
1250,HLA-B51:01,5843.89,ANZ78847,KNQTSVAPDLA,1250,1175.0
971,HLA-B51:01,5844.06,ANZ78847,LAATSASLFPP,971,1176.0
1294,HLA-B51:01,5844.43,ANZ78847,DIGTYEYYVKW,1294,1177.0
681,HLA-B51:01,5844.56,ANZ78847,SCYSGRVSAAF,681,1178.0
119,HLA-B51:01,5844.66,ANZ78847,GVMYSEFPAIT,119,1179.0
1196,HLA-B51:01,5844.71,ANZ78847,MYTGSGYYYPE,1196,1180.0
371,HLA-B51:01,5844.79,ANZ78847,MSSLMSFIQAD,371,1181.0
292,HLA-B51:01,5844.86,ANZ78847,FNAVDCMSDFM,292,1182.0
478,HLA-B51:01,5844.9,ANZ78847,VLTNHDVVYAQ,478,1183.0
572,HLA-B51:01,5845.16,ANZ78847,GNPCTCQPQAF,572,1184.0
1089,HLA-B51:01,5845.17,ANZ78847,INGRLTALNAY,1089,1185.0
1106,HLA-B51:01,5845.22,ANZ78847,DSTLVKFSAAQ,1106,1186.0
532,HLA-B51:01,5845.47,ANZ78847,NLCNPDPITFT,532,1187.0
467,HLA-B51:01,5845.66,ANZ78847,EDSVFKPQPAG,467,1188.0
960,HLA-B51:01,5845.87,ANZ78847,LLSENQISGYT,960,1189.0
1105,HLA-B51:01,5845.9,ANZ78847,SDSTLVKFSAA,1105,1190.0
684,HLA-B51:01,5846.03,ANZ78847,SGRVSAAFHAN,684,1191.0
357,HLA-B51:01,5846.17,ANZ78847,LNWERKTFSNC,357,1192.0
862,HLA-B51:01,5846.17,ANZ78847,TTQLQVANSLM,862,1192.0
512,HLA-B51:01,5846.64,ANZ78847,PGKNNGIGTCP,512,1194.0
1098,HLA-B51:01,5846.69,ANZ78847,AYVSQQLSDST,1098,1195.0
729,HLA-B51:01,5847.1,ANZ78847,LGCVVNAYNST,729,1196.0
448,HLA-B51:01,5847.2,ANZ78847,NVSVSRFNPST,448,1197.0
220,HLA-B51:01,5847.47,ANZ78847,YQEGGTFYAYF,220,1198.0
1248,HLA-B51:01,5847.72,ANZ78847,WFKNQTSVAPD,1248,1199.0
24,HLA-B51:01,5847.78,ANZ78847,SRTGSLNNIDT,24,1200.0
455,HLA-B51:01,5847.96,ANZ78847,NPSTWNKRFGF,455,1201.0
765,HLA-B51:01,5848.03,ANZ78847,RRAITTGYRFT,765,1202.0
1199,HLA-B51:01,5848.07,ANZ78847,GSGYYYPEPIT,1199,1203.0
1197,HLA-B51:01,5848.22,ANZ78847,YTGSGYYYPEP,1197,1204.0
270,HLA-B51:01,5848.37,ANZ78847,EYWVTPLTSRQ,270,1205.0
521,HLA-B51:01,5848.57,ANZ78847,CPAGTNYLTCH,521,1206.0
795,HLA-B51:01,5848.76,ANZ78847,LYEIQIPSDFT,795,1207.0
223,HLA-B51:01,5848.92,ANZ78847,GGTFYAYFTDT,223,1208.0
464,HLA-B51:01,5849.01,ANZ78847,GFIEDSVFKPQ,464,1209.0
1295,HLA-B51:01,5849.13,ANZ78847,IGTYEYYVKWP,1295,1210.0
33,HLA-B51:01,5849.14,ANZ78847,DTGPPSISTAT,33,1211.0
980,HLA-B51:01,5849.18,ANZ78847,PPWTAAAGVPF,980,1212.0
172,HLA-B51:01,5849.23,ANZ78847,CEYPHTICHPN,172,1213.0
258,HLA-B51:01,5849.25,ANZ78847,TCISRRNIGFT,258,1214.0
759,HLA-B51:01,5849.38,ANZ78847,SKNRRSRRAIT,759,1215.0
612,HLA-B51:01,5849.44,ANZ78847,TCSTDLQKANT,612,1216.0
139,HLA-B51:01,5849.67,ANZ78847,YSVVVQPRTIN,139,1217.0
1151,HLA-B51:01,5849.68,ANZ78847,GLYFIHFSYVP,1151,1218.0
349,HLA-B51:01,5850.41,ANZ78847,NDKSVPSPLNW,349,1219.0
630,HLA-B51:01,5850.41,ANZ78847,VNYDLYGISGQ,630,1219.0
995,HLA-B51:01,5850.42,ANZ78847,QYRINGLGVTM,995,1221.0
1247,HLA-B51:01,5850.86,ANZ78847,QWFKNQTSVAP,1247,1222.0
538,HLA-B51:01,5850.9,ANZ78847,PITFTGPYKCP,538,1223.0
1186,HLA-B51:01,5851.03,ANZ78847,GYFVNVNNTWM,1186,1224.0
344,HLA-B51:01,5851.2,ANZ78847,IEAWLNDKSVP,344,1225.0
365,HLA-B51:01,5851.25,ANZ78847,SNCNFNMSSLM,365,1226.0
1184,HLA-B51:01,5851.3,ANZ78847,KSGYFVNVNNT,1184,1227.0
811,HLA-B51:01,5851.46,ANZ78847,EFIQTSSPKVT,811,1228.0
1173,HLA-B51:01,5851.46,ANZ78847,LCIAGDRGIAP,1173,1228.0
31,HLA-B51:01,5851.82,ANZ78847,NIDTGPPSIST,31,1230.0
771,HLA-B51:01,5851.84,ANZ78847,GYRFTNFEPFT,771,1231.0
930,HLA-B51:01,5851.89,ANZ78847,VAAYNNCTGGA,930,1232.0
1263,HLA-B51:01,5852.0,ANZ78847,YINVTFLDLQV,1263,1233.0
86,HLA-B51:01,5852.02,ANZ78847,TDKLSTLWFKP,86,1234.0
158,HLA-B51:01,5852.08,ANZ78847,LQGLLEVSVCQ,158,1235.0
605,HLA-B51:01,5852.27,ANZ78847,HDVNSGLTCST,605,1236.0
144,HLA-B51:01,5852.38,ANZ78847,QPRTINSTQDG,144,1237.0
221,HLA-B51:01,5852.85,ANZ78847,QEGGTFYAYFT,221,1238.0
141,HLA-B51:01,5852.97,ANZ78847,VVVQPRTINST,141,1239.0
183,HLA-B51:01,5853.19,ANZ78847,LGNHFKELWHM,183,1240.0
216,HLA-B51:01,5853.21,ANZ78847,YFHFYQEGGTF,216,1241.0
963,HLA-B51:01,5853.29,ANZ78847,ENQISGYTLAA,963,1242.0
799,HLA-B51:01,5853.64,ANZ78847,QIPSDFTIGNM,799,1243.0
539,HLA-B51:01,5853.66,ANZ78847,ITFTGPYKCPQ,539,1244.0
76,HLA-B51:01,5853.7,ANZ78847,STYRNMALKGT,76,1245.0
318,HLA-B51:01,5853.76,ANZ78847,VYELNGYTVQP,318,1246.0
1223,HLA-B51:01,5854.26,ANZ78847,YTKAPYVMLNT,1223,1247.0
764,HLA-B51:01,5854.31,ANZ78847,SRRAITTGYRF,764,1248.0
1320,HLA-B51:01,5854.43,ANZ78847,LVLLFFICCCT,1320,1249.0
781,HLA-B51:01,5854.7,ANZ78847,TVNSVNDSLEP,781,1250.0
257,HLA-B51:01,5854.83,ANZ78847,LTCISRRNIGF,257,1251.0
964,HLA-B51:01,5854.84,ANZ78847,NQISGYTLAAT,964,1252.0
243,HLA-B51:01,5855.05,ANZ78847,VYLGMALSHYY,243,1253.0
426,HLA-B51:01,5855.14,ANZ78847,SFNYRIDTTAT,426,1254.0
423,HLA-B51:01,5855.17,ANZ78847,YLQSFNYRIDT,423,1255.0
1154,HLA-B51:01,5855.52,ANZ78847,FIHFSYVPTKY,1154,1256.0
161,HLA-B51:01,5855.66,ANZ78847,LLEVSVCQYNM,161,1257.0
1085,HLA-B51:01,5855.66,ANZ78847,IDRLINGRLTA,1085,1257.0
67,HLA-B51:01,5855.83,ANZ78847,LNGYYPTSGST,67,1259.0
970,HLA-B51:01,5856.02,ANZ78847,TLAATSASLFP,970,1260.0
510,HLA-B51:01,5856.09,ANZ78847,SGPGKNNGIGT,510,1261.0
0,HLA-B51:01,5856.13,ANZ78847,MFLILLISLPT,0,1262.0
484,HLA-B51:01,5856.24,ANZ78847,VVYAQHCFKAP,484,1263.0
328,HLA-B51:01,5856.42,ANZ78847,PIADVYRRKPD,328,1264.0
361,HLA-B51:01,5856.43,ANZ78847,RKTFSNCNFNM,361,1265.0
115,HLA-B51:01,5856.45,ANZ78847,VFKDGVMYSEF,115,1266.0
528,HLA-B51:01,5856.53,ANZ78847,LTCHNLCNPDP,528,1267.0
167,HLA-B51:01,5856.68,ANZ78847,CQYNMCEYPHT,167,1268.0
436,HLA-B51:01,5856.94,ANZ78847,TSCQLYYNLPA,436,1269.0
208,HLA-B51:01,5857.41,ANZ78847,YDVNATYLYFH,208,1270.0
1108,HLA-B51:01,5857.69,ANZ78847,TLVKFSAAQAM,1108,1271.0
271,HLA-B51:01,5857.77,ANZ78847,YWVTPLTSRQY,271,1272.0
689,HLA-B51:01,5857.79,ANZ78847,AAFHANSSEPA,689,1273.0
374,HLA-B51:01,5858.03,ANZ78847,LMSFIQADSFT,374,1274.0
515,HLA-B51:01,5858.07,ANZ78847,NNGIGTCPAGT,515,1275.0
871,HLA-B51:01,5858.17,ANZ78847,LMNGVTLSTKL,871,1276.0
1187,HLA-B51:01,5858.8,ANZ78847,YFVNVNNTWMY,1187,1277.0
299,HLA-B51:01,5858.92,ANZ78847,SDFMSEIKCKT,299,1278.0
1208,HLA-B51:01,5859.13,ANZ78847,ITENNVVVMST,1208,1279.0
639,HLA-B51:01,5859.34,ANZ78847,GQGIFVEVNAT,639,1280.0
1217,HLA-B51:01,5859.47,ANZ78847,STCAVNYTKAP,1217,1281.0
197,HLA-B51:01,5859.64,ANZ78847,VVSCLYKRNFT,197,1282.0
564,HLA-B51:01,5859.71,ANZ78847,AVKSDYCGGNP,564,1283.0
304,HLA-B51:01,5859.78,ANZ78847,EIKCKTQSIAP,304,1284.0
217,HLA-B51:01,5859.81,ANZ78847,FHFYQEGGTFY,217,1285.0
399,HLA-B51:01,5860.19,ANZ78847,SSITIDKFAIP,399,1286.0
63,HLA-B51:01,5860.25,ANZ78847,TTLFLNGYYPT,63,1287.0
185,HLA-B51:01,5860.64,ANZ78847,NHFKELWHMDT,185,1288.0
1347,HLA-B51:01,5860.88,ANZ78847,YTGYQELVIKT,1347,1289.0
453,HLA-B51:01,5861.19,ANZ78847,RFNPSTWNKRF,453,1290.0
489,HLA-B51:01,5861.48,ANZ78847,HCFKAPKNFCP,489,1291.0
760,HLA-B51:01,5861.56,ANZ78847,KNRRSRRAITT,760,1292.0
159,HLA-B51:01,5861.84,ANZ78847,QGLLEVSVCQY,159,1293.0
651,HLA-B51:01,5862.0,ANZ78847,YNSWQNLLYDS,651,1294.0
424,HLA-B51:01,5862.08,ANZ78847,LQSFNYRIDTT,424,1295.0
816,HLA-B51:01,5862.68,ANZ78847,SSPKVTIDCAA,816,1296.0
396,HLA-B51:01,5862.87,ANZ78847,MCFSSITIDKF,396,1297.0
1265,HLA-B51:01,5862.91,ANZ78847,NVTFLDLQVEM,1265,1298.0
429,HLA-B51:01,5863.09,ANZ78847,YRIDTTATSCQ,429,1299.0
513,HLA-B51:01,5864.15,ANZ78847,GKNNGIGTCPA,513,1300.0
215,HLA-B51:01,5864.31,ANZ78847,LYFHFYQEGGT,215,1301.0
246,HLA-B51:01,5864.58,ANZ78847,GMALSHYYVMP,246,1302.0
566,HLA-B51:01,5865.4,ANZ78847,KSDYCGGNPCT,566,1303.0
1243,HLA-B51:01,5865.48,ANZ78847,EELDQWFKNQT,1243,1304.0
1015,HLA-B51:01,5865.71,ANZ78847,IANAFNNALDA,1015,1305.0
815,HLA-B51:01,5865.8,ANZ78847,TSSPKVTIDCA,815,1306.0
853,HLA-B51:01,5865.88,ANZ78847,LTEVNELLDTT,853,1307.0
87,HLA-B51:01,5866.41,ANZ78847,DKLSTLWFKPP,87,1308.0
203,HLA-B51:01,5866.87,ANZ78847,KRNFTYDVNAT,203,1309.0
117,HLA-B51:01,5866.97,ANZ78847,KDGVMYSEFPA,117,1310.0
1297,HLA-B51:01,5867.03,ANZ78847,TYEYYVKWPWY,1297,1311.0
668,HLA-B51:01,5867.18,ANZ78847,FRDYLTNRTFM,668,1312.0
805,HLA-B51:01,5867.54,ANZ78847,TIGNMEEFIQT,805,1313.0
1102,HLA-B51:01,5867.95,ANZ78847,QQLSDSTLVKF,1102,1314.0
769,HLA-B51:01,5868.5,ANZ78847,TTGYRFTNFEP,769,1315.0
446,HLA-B51:01,5868.68,ANZ78847,AANVSVSRFNP,446,1316.0
306,HLA-B51:01,5869.63,ANZ78847,KCKTQSIAPPT,306,1317.0
852,HLA-B51:01,5869.92,ANZ78847,ILTEVNELLDT,852,1318.0
1162,HLA-B51:01,5870.02,ANZ78847,TKYVTAKVSPG,1162,1319.0
449,HLA-B51:01,5870.13,ANZ78847,VSVSRFNPSTW,449,1320.0
242,HLA-B51:01,5870.3,ANZ78847,NVYLGMALSHY,242,1321.0
92,HLA-B51:01,5870.52,ANZ78847,LWFKPPFLSDF,92,1322.0
386,HLA-B51:01,5871.02,ANZ78847,NNIDAAKIYGM,386,1323.0
103,HLA-B51:01,5872.66,ANZ78847,INGIFAKVKNT,103,1324.0
16,HLA-B51:01,5873.82,ANZ78847,GDLKCPLDSRT,16,1325.0
305,HLA-B51:01,5874.44,ANZ78847,IKCKTQSIAPP,305,1326.0
1296,HLA-B51:01,5876.85,ANZ78847,GTYEYYVKWPW,1296,1327.0
466,HLA-B51:01,5877.53,ANZ78847,IEDSVFKPQPA,466,1328.0
116,HLA-B51:01,5878.16,ANZ78847,FKDGVMYSEFP,116,1329.0
2,HLA-B51:01,5879.73,ANZ78847,LILLISLPTAF,2,1330.0
919,HLA-B51:01,5880.96,ANZ78847,FDKVKLSDVGF,919,1331.0
1023,HLA-B51:01,5881.63,ANZ78847,LDAIQEGFDAT,1023,1332.0
166,HLA-B51:01,5881.88,ANZ78847,VCQYNMCEYPH,166,1333.0
972,HLA-B51:01,5882.3,ANZ78847,AATSASLFPPW,972,1334.0
535,HLA-B51:01,5883.21,ANZ78847,NPDPITFTGPY,535,1335.0
472,HLA-B51:01,5883.92,ANZ78847,KPQPAGVLTNH,472,1336.0
983,HLA-B51:01,5884.35,ANZ78847,TAAAGVPFYLN,983,1337.0
27,HLA-B51:01,5884.64,ANZ78847,GSLNNIDTGPP,27,1338.0
948,HLA-B51:01,5885.98,ANZ78847,VQSYKGIKVLP,948,1339.0
1229,HLA-B51:01,5886.04,ANZ78847,VMLNTSIPNLP,1229,1340.0
1195,HLA-B51:01,5886.29,ANZ78847,WMYTGSGYYYP,1195,1341.0
435,HLA-B51:01,5887.32,ANZ78847,ATSCQLYYNLP,435,1342.0
1201,HLA-B51:01,5888.77,ANZ78847,GYYYPEPITEN,1201,1343.0
1299,HLA-B51:01,5895.17,ANZ78847,EYYVKWPWYVW,1299,1344.0
658,HLA-B51:01,5900.12,ANZ78847,LYDSNGNLYGF,658,1345.0
219,HLA-B51:01,5901.13,ANZ78847,FYQEGGTFYAY,219,1346.0
330,HLA-B51:01,5902.33,ANZ78847,ADVYRRKPDLP,330,1347.0
229,HLA-B51:01,5918.52,ANZ78847,YFTDTGVVTKF,229,1348.0
331,HLA-B51:01,5929.03,ANZ78847,DVYRRKPDLPN,331,1349.0
1,HLA-B51:01,5948.57,ANZ78847,FLILLISLPTA,1,1350.0
1202,HLA-B51:01,6039.24,ANZ78847,YYYPEPITENN,1202,1351.0
1077,HLA-B51:01,6078.72,ANZ78847,DALEAEAQIDR,1077,1352.0
1314,HLA-B53:01,40.08,ANZ78847,LAGVAMLVLLF,1314,1.0
444,HLA-B53:01,72.19,ANZ78847,LPAANVSVSRF,444,2.0
367,HLA-B53:01,104.82,ANZ78847,CNFNMSSLMSF,367,3.0
1238,HLA-B53:01,203.74,ANZ78847,LPDFREELDQW,1238,4.0
125,HLA-B53:01,214.57,ANZ78847,FPAITIGSTFV,125,5.0
692,HLA-B53:01,248.9,ANZ78847,HANSSEPALLF,692,6.0
337,HLA-B53:01,289.87,ANZ78847,PDLPNCNIEAW,337,7.0
292,HLA-B53:01,342.77,ANZ78847,FNAVDCMSDFM,292,8.0
1147,HLA-B53:01,363.29,ANZ78847,NAPYGLYFIHF,1147,9.0
190,HLA-B53:01,431.66,ANZ78847,LWHMDTGVVSC,190,10.0
71,HLA-B53:01,566.51,ANZ78847,YPTSGSTYRNM,71,11.0
210,HLA-B53:01,627.36,ANZ78847,VNATYLYFHFY,210,12.0
1315,HLA-B53:01,805.5,ANZ78847,AGVAMLVLLFF,1315,13.0
231,HLA-B53:01,892.53,ANZ78847,TDTGVVTKFLF,231,14.0
255,HLA-B53:01,1073.82,ANZ78847,MPLTCISRRNI,255,15.0
209,HLA-B53:01,1095.3,ANZ78847,DVNATYLYFHF,209,16.0
644,HLA-B53:01,1114.4,ANZ78847,VEVNATYYNSW,644,17.0
1299,HLA-B53:01,1176.67,ANZ78847,EYYVKWPWYVW,1299,18.0
124,HLA-B53:01,1179.42,ANZ78847,EFPAITIGSTF,124,19.0
972,HLA-B53:01,1329.0,ANZ78847,AATSASLFPPW,972,20.0
988,HLA-B53:01,1391.88,ANZ78847,VPFYLNVQYRI,988,21.0
247,HLA-B53:01,1403.62,ANZ78847,MALSHYYVMPL,247,22.0
455,HLA-B53:01,1573.91,ANZ78847,NPSTWNKRFGF,455,23.0
1231,HLA-B53:01,1788.79,ANZ78847,LNTSIPNLPDF,1231,24.0
575,HLA-B53:01,1837.75,ANZ78847,CTCQPQAFLGW,575,25.0
1304,HLA-B53:01,1867.6,ANZ78847,WPWYVWLLICL,1304,26.0
1294,HLA-B53:01,1929.24,ANZ78847,DIGTYEYYVKW,1294,27.0
531,HLA-B53:01,2032.35,ANZ78847,HNLCNPDPITF,531,28.0
1303,HLA-B53:01,2074.34,ANZ78847,KWPWYVWLLIC,1303,29.0
369,HLA-B53:01,2222.77,ANZ78847,FNMSSLMSFIQ,369,30.0
249,HLA-B53:01,2225.34,ANZ78847,LSHYYVMPLTC,249,31.0
56,HLA-B53:01,2378.41,ANZ78847,LDRVYLNTTLF,56,32.0
349,HLA-B53:01,2379.9,ANZ78847,NDKSVPSPLNW,349,33.0
1062,HLA-B53:01,2503.79,ANZ78847,FGAISSSLQEI,1062,34.0
1298,HLA-B53:01,2848.81,ANZ78847,YEYYVKWPWYV,1298,35.0
649,HLA-B53:01,2863.21,ANZ78847,TYYNSWQNLLY,649,36.0
20,HLA-B53:01,3097.62,ANZ78847,CPLDSRTGSLN,20,37.0
339,HLA-B53:01,3167.75,ANZ78847,LPNCNIEAWLN,339,38.0
1327,HLA-B53:01,3273.98,ANZ78847,CCCTGCGTSCF,1327,39.0
796,HLA-B53:01,3397.42,ANZ78847,YEIQIPSDFTI,796,40.0
449,HLA-B53:01,3513.72,ANZ78847,VSVSRFNPSTW,449,41.0
1020,HLA-B53:01,3518.35,ANZ78847,NNALDAIQEGF,1020,42.0
8,HLA-B53:01,3592.07,ANZ78847,LPTAFAVIGDL,8,43.0
799,HLA-B53:01,3600.09,ANZ78847,QIPSDFTIGNM,799,44.0
817,HLA-B53:01,3617.49,ANZ78847,SPKVTIDCAAF,817,45.0
1302,HLA-B53:01,3663.39,ANZ78847,VKWPWYVWLLI,1302,46.0
691,HLA-B53:01,3670.03,ANZ78847,FHANSSEPALL,691,47.0
1052,HLA-B53:01,3739.01,ANZ78847,NNLLQQLSNRF,1052,48.0
790,HLA-B53:01,3777.78,ANZ78847,EPVGGLYEIQI,790,49.0
1204,HLA-B53:01,3877.21,ANZ78847,YPEPITENNVV,1204,50.0
1030,HLA-B53:01,3924.73,ANZ78847,FDATNSALVKI,1030,51.0
529,HLA-B53:01,3997.73,ANZ78847,TCHNLCNPDPI,529,52.0
297,HLA-B53:01,4067.26,ANZ78847,CMSDFMSEIKC,297,53.0
846,HLA-B53:01,4158.13,ANZ78847,CDNINAILTEV,846,54.0
295,HLA-B53:01,4222.22,ANZ78847,VDCMSDFMSEI,295,55.0
1259,HLA-B53:01,4234.57,ANZ78847,LALDYINVTFL,1259,56.0
207,HLA-B53:01,4245.74,ANZ78847,TYDVNATYLYF,207,57.0
668,HLA-B53:01,4316.01,ANZ78847,FRDYLTNRTFM,668,58.0
219,HLA-B53:01,4321.54,ANZ78847,FYQEGGTFYAY,219,59.0
850,HLA-B53:01,4352.7,ANZ78847,NAILTEVNELL,850,60.0
520,HLA-B53:01,4537.39,ANZ78847,TCPAGTNYLTC,520,61.0
226,HLA-B53:01,4549.21,ANZ78847,FYAYFTDTGVV,226,62.0
887,HLA-B53:01,4565.24,ANZ78847,FNVDDINFSSV,887,63.0
969,HLA-B53:01,4582.71,ANZ78847,YTLAATSASLF,969,64.0
535,HLA-B53:01,4704.64,ANZ78847,NPDPITFTGPY,535,65.0
1258,HLA-B53:01,4733.28,ANZ78847,DLALDYINVTF,1258,66.0
275,HLA-B53:01,4749.85,ANZ78847,PLTSRQYLLAF,275,67.0
731,HLA-B53:01,4923.22,ANZ78847,CVVNAYNSTAI,731,68.0
368,HLA-B53:01,5099.97,ANZ78847,NFNMSSLMSFI,368,69.0
245,HLA-B53:01,5110.07,ANZ78847,LGMALSHYYVM,245,70.0
396,HLA-B53:01,5340.07,ANZ78847,MCFSSITIDKF,396,71.0
393,HLA-B53:01,5492.47,ANZ78847,IYGMCFSSITI,393,72.0
767,HLA-B53:01,5644.97,ANZ78847,AITTGYRFTNF,767,73.0
365,HLA-B53:01,5741.24,ANZ78847,SNCNFNMSSLM,365,74.0
2,HLA-B53:01,5743.73,ANZ78847,LILLISLPTAF,2,75.0
839,HLA-B53:01,5776.37,ANZ78847,LVEYGSFCDNI,839,76.0
736,HLA-B53:01,5799.53,ANZ78847,YNSTAISVQTC,736,77.0
229,HLA-B53:01,6016.02,ANZ78847,YFTDTGVVTKF,229,78.0
521,HLA-B53:01,6031.93,ANZ78847,CPAGTNYLTCH,521,79.0
1203,HLA-B53:01,6365.01,ANZ78847,YYPEPITENNV,1203,80.0
1192,HLA-B53:01,6420.02,ANZ78847,NNTWMYTGSGY,1192,81.0
1154,HLA-B53:01,6424.55,ANZ78847,FIHFSYVPTKY,1154,82.0
1313,HLA-B53:01,6431.33,ANZ78847,CLAGVAMLVLL,1313,83.0
1206,HLA-B53:01,6437.43,ANZ78847,EPITENNVVVM,1206,84.0
1185,HLA-B53:01,6440.35,ANZ78847,SGYFVNVNNTW,1185,85.0
375,HLA-B53:01,6459.48,ANZ78847,MSFIQADSFTC,375,86.0
1235,HLA-B53:01,6537.42,ANZ78847,IPNLPDFREEL,1235,87.0
92,HLA-B53:01,6801.0,ANZ78847,LWFKPPFLSDF,92,88.0
338,HLA-B53:01,6802.9,ANZ78847,DLPNCNIEAWL,338,89.0
1256,HLA-B53:01,6825.9,ANZ78847,APDLALDYINV,1256,90.0
398,HLA-B53:01,6825.92,ANZ78847,FSSITIDKFAI,398,91.0
1344,HLA-B53:01,6989.28,ANZ78847,CDDYTGYQELV,1344,92.0
849,HLA-B53:01,7048.85,ANZ78847,INAILTEVNEL,849,93.0
181,HLA-B53:01,7049.69,ANZ78847,PNLGNHFKELW,181,94.0
206,HLA-B53:01,7081.67,ANZ78847,FTYDVNATYLY,206,95.0
364,HLA-B53:01,7183.91,ANZ78847,FSNCNFNMSSL,364,96.0
168,HLA-B53:01,7253.79,ANZ78847,QYNMCEYPHTI,168,97.0
647,HLA-B53:01,7306.11,ANZ78847,NATYYNSWQNL,647,98.0
434,HLA-B53:01,7422.5,ANZ78847,TATSCQLYYNL,434,99.0
1296,HLA-B53:01,7450.04,ANZ78847,GTYEYYVKWPW,1296,100.0
431,HLA-B53:01,7487.67,ANZ78847,IDTTATSCQLY,431,101.0
497,HLA-B53:01,7524.27,ANZ78847,FCPCKSNSSLC,497,102.0
161,HLA-B53:01,7534.1,ANZ78847,LLEVSVCQYNM,161,103.0
1148,HLA-B53:01,7539.33,ANZ78847,APYGLYFIHFS,1148,104.0
169,HLA-B53:01,7652.04,ANZ78847,YNMCEYPHTIC,169,105.0
1188,HLA-B53:01,7748.28,ANZ78847,FVNVNNTWMYT,1188,106.0
285,HLA-B53:01,7859.22,ANZ78847,FNQDGIIFNAV,285,107.0
981,HLA-B53:01,7914.18,ANZ78847,PWTAAAGVPFY,981,108.0
282,HLA-B53:01,7920.01,ANZ78847,LLAFNQDGIIF,282,109.0
1219,HLA-B53:01,7936.16,ANZ78847,CAVNYTKAPYV,1219,110.0
573,HLA-B53:01,7997.17,ANZ78847,NPCTCQPQAFL,573,111.0
1261,HLA-B53:01,8195.88,ANZ78847,LDYINVTFLDL,1261,112.0
812,HLA-B53:01,8250.03,ANZ78847,FIQTSSPKVTI,812,113.0
980,HLA-B53:01,8284.06,ANZ78847,PPWTAAAGVPF,980,114.0
1134,HLA-B53:01,8354.73,ANZ78847,FCGNGNHIISL,1134,115.0
1045,HLA-B53:01,8464.96,ANZ78847,NANAEALNNLL,1045,116.0
961,HLA-B53:01,8547.14,ANZ78847,LSENQISGYTL,961,117.0
481,HLA-B53:01,8566.78,ANZ78847,NHDVVYAQHCF,481,118.0
357,HLA-B53:01,8651.92,ANZ78847,LNWERKTFSNC,357,119.0
1079,HLA-B53:01,8880.42,ANZ78847,LEAEAQIDRLI,1079,120.0
1343,HLA-B53:01,9003.22,ANZ78847,CCDDYTGYQEL,1343,121.0
29,HLA-B53:01,9033.01,ANZ78847,LNNIDTGPPSI,29,122.0
800,HLA-B53:01,9035.05,ANZ78847,IPSDFTIGNME,800,123.0
12,HLA-B53:01,9073.74,ANZ78847,FAVIGDLKCPL,12,124.0
121,HLA-B53:01,9106.08,ANZ78847,MYSEFPAITIG,121,125.0
697,HLA-B53:01,9236.32,ANZ78847,EPALLFRNIKC,697,126.0
1135,HLA-B53:01,9307.45,ANZ78847,CGNGNHIISLV,1135,127.0
359,HLA-B53:01,9559.05,ANZ78847,WERKTFSNCNF,359,128.0
120,HLA-B53:01,9576.71,ANZ78847,VMYSEFPAITI,120,129.0
498,HLA-B53:01,9849.64,ANZ78847,CPCKSNSSLCV,498,130.0
174,HLA-B53:01,9875.71,ANZ78847,YPHTICHPNLG,174,131.0
177,HLA-B53:01,9987.58,ANZ78847,TICHPNLGNHF,177,132.0
183,HLA-B53:01,10125.9,ANZ78847,LGNHFKELWHM,183,133.0
340,HLA-B53:01,10182.79,ANZ78847,PNCNIEAWLND,340,134.0
746,HLA-B53:01,10262.13,ANZ78847,CDLTVGSGYCV,746,135.0
1265,HLA-B53:01,10296.01,ANZ78847,NVTFLDLQVEM,1265,136.0
658,HLA-B53:01,10332.98,ANZ78847,LYDSNGNLYGF,658,137.0
388,HLA-B53:01,10348.72,ANZ78847,IDAAKIYGMCF,388,138.0
695,HLA-B53:01,10484.65,ANZ78847,SSEPALLFRNI,695,139.0
241,HLA-B53:01,10537.52,ANZ78847,FNVYLGMALSH,241,140.0
283,HLA-B53:01,10654.62,ANZ78847,LAFNQDGIIFN,283,141.0
1144,HLA-B53:01,10689.32,ANZ78847,LVQNAPYGLYF,1144,142.0
180,HLA-B53:01,10707.08,ANZ78847,HPNLGNHFKEL,180,143.0
227,HLA-B53:01,10862.81,ANZ78847,YAYFTDTGVVT,227,144.0
291,HLA-B53:01,10994.74,ANZ78847,IFNAVDCMSDF,291,145.0
871,HLA-B53:01,11007.83,ANZ78847,LMNGVTLSTKL,871,146.0
1124,HLA-B53:01,11033.5,ANZ78847,CVKSQSSRINF,1124,147.0
271,HLA-B53:01,11211.33,ANZ78847,YWVTPLTSRQY,271,148.0
721,HLA-B53:01,11232.73,ANZ78847,PINYFDSYLGC,721,149.0
1213,HLA-B53:01,11272.22,ANZ78847,VVVMSTCAVNY,1213,150.0
1300,HLA-B53:01,11273.86,ANZ78847,YYVKWPWYVWL,1300,151.0
217,HLA-B53:01,11293.48,ANZ78847,FHFYQEGGTFY,217,152.0
842,HLA-B53:01,11334.38,ANZ78847,YGSFCDNINAI,842,153.0
1209,HLA-B53:01,11351.93,ANZ78847,TENNVVVMSTC,1209,154.0
366,HLA-B53:01,11415.43,ANZ78847,NCNFNMSSLMS,366,155.0
1187,HLA-B53:01,11514.01,ANZ78847,YFVNVNNTWMY,1187,156.0
378,HLA-B53:01,11549.58,ANZ78847,IQADSFTCNNI,378,157.0
957,HLA-B53:01,11783.6,ANZ78847,LPPLLSENQIS,957,158.0
1301,HLA-B53:01,11973.2,ANZ78847,YVKWPWYVWLL,1301,159.0
599,HLA-B53:01,11975.04,ANZ78847,FANLILHDVNS,599,160.0
1194,HLA-B53:01,12034.63,ANZ78847,TWMYTGSGYYY,1194,161.0
250,HLA-B53:01,12123.46,ANZ78847,SHYYVMPLTCI,250,162.0
1292,HLA-B53:01,12155.05,ANZ78847,LKDIGTYEYYV,1292,163.0
1297,HLA-B53:01,12205.32,ANZ78847,TYEYYVKWPWY,1297,164.0
909,HLA-B53:01,12205.52,ANZ78847,SSRSAIEDLLF,909,165.0
1186,HLA-B53:01,12262.34,ANZ78847,GYFVNVNNTWM,1186,166.0
547,HLA-B53:01,12277.8,ANZ78847,CPQSKSLVGIG,547,167.0
1225,HLA-B53:01,12482.44,ANZ78847,KAPYVMLNTSI,1225,168.0
803,HLA-B53:01,12522.25,ANZ78847,DFTIGNMEEFI,803,169.0
191,HLA-B53:01,12563.23,ANZ78847,WHMDTGVVSCL,191,170.0
5,HLA-B53:01,12589.2,ANZ78847,LISLPTAFAVI,5,171.0
454,HLA-B53:01,12600.94,ANZ78847,FNPSTWNKRFG,454,172.0
1318,HLA-B53:01,12697.35,ANZ78847,AMLVLLFFICC,1318,173.0
377,HLA-B53:01,12702.83,ANZ78847,FIQADSFTCNN,377,174.0
832,HLA-B53:01,12743.19,ANZ78847,YAACKSQLVEY,832,175.0
777,HLA-B53:01,12757.28,ANZ78847,FEPFTVNSVND,777,176.0
725,HLA-B53:01,12860.61,ANZ78847,FDSYLGCVVNA,725,177.0
1211,HLA-B53:01,12879.22,ANZ78847,NNVVVMSTCAV,1211,178.0
802,HLA-B53:01,12962.27,ANZ78847,SDFTIGNMEEF,802,179.0
96,HLA-B53:01,13247.23,ANZ78847,PPFLSDFINGI,96,180.0
336,HLA-B53:01,13310.4,ANZ78847,KPDLPNCNIEA,336,181.0
262,HLA-B53:01,13397.24,ANZ78847,RRNIGFTLEYW,262,182.0
216,HLA-B53:01,13651.63,ANZ78847,YFHFYQEGGTF,216,183.0
1150,HLA-B53:01,13890.28,ANZ78847,YGLYFIHFSYV,1150,184.0
293,HLA-B53:01,13900.06,ANZ78847,NAVDCMSDFMS,293,185.0
1317,HLA-B53:01,14019.7,ANZ78847,VAMLVLLFFIC,1317,186.0
1312,HLA-B53:01,14210.1,ANZ78847,ICLAGVAMLVL,1312,187.0
162,HLA-B53:01,14230.74,ANZ78847,LEVSVCQYNMC,162,188.0
979,HLA-B53:01,14313.99,ANZ78847,FPPWTAAAGVP,979,189.0
1268,HLA-B53:01,14338.54,ANZ78847,FLDLQVEMNRL,1268,190.0
1044,HLA-B53:01,14382.01,ANZ78847,VNANAEALNNL,1044,191.0
677,HLA-B53:01,14397.03,ANZ78847,FMIRSCYSGRV,677,192.0
314,HLA-B53:01,14577.75,ANZ78847,PPTGVYELNGY,314,193.0
133,HLA-B53:01,14704.62,ANZ78847,TFVNTSYSVVV,133,194.0
1311,HLA-B53:01,14730.64,ANZ78847,LICLAGVAMLV,1311,195.0
656,HLA-B53:01,14789.7,ANZ78847,NLLYDSNGNLY,656,196.0
577,HLA-B53:01,14858.06,ANZ78847,CQPQAFLGWSA,577,197.0
604,HLA-B53:01,14859.56,ANZ78847,LHDVNSGLTCS,604,198.0
242,HLA-B53:01,15049.68,ANZ78847,NVYLGMALSHY,242,199.0
888,HLA-B53:01,15069.69,ANZ78847,NVDDINFSSVL,888,200.0
733,HLA-B53:01,15073.8,ANZ78847,VNAYNSTAISV,733,201.0
890,HLA-B53:01,15116.41,ANZ78847,DDINFSSVLGC,890,202.0
643,HLA-B53:01,15215.15,ANZ78847,FVEVNATYYNS,643,203.0
651,HLA-B53:01,15283.02,ANZ78847,YNSWQNLLYDS,651,204.0
302,HLA-B53:01,15288.33,ANZ78847,MSEIKCKTQSI,302,205.0
1228,HLA-B53:01,15310.66,ANZ78847,YVMLNTSIPNL,1228,206.0
824,HLA-B53:01,15313.4,ANZ78847,CAAFVCGDYAA,824,207.0
354,HLA-B53:01,15369.03,ANZ78847,PSPLNWERKTF,354,208.0
770,HLA-B53:01,15488.51,ANZ78847,TGYRFTNFEPF,770,209.0
263,HLA-B53:01,15773.04,ANZ78847,RNIGFTLEYWV,263,210.0
220,HLA-B53:01,15775.54,ANZ78847,YQEGGTFYAYF,220,211.0
84,HLA-B53:01,15787.47,ANZ78847,KGTDKLSTLWF,84,212.0
342,HLA-B53:01,16033.36,ANZ78847,CNIEAWLNDKS,342,213.0
97,HLA-B53:01,16037.65,ANZ78847,PFLSDFINGIF,97,214.0
182,HLA-B53:01,16045.05,ANZ78847,NLGNHFKELWH,182,215.0
1306,HLA-B53:01,16132.97,ANZ78847,WYVWLLICLAG,1306,216.0
239,HLA-B53:01,16243.92,ANZ78847,FLFNVYLGMAL,239,217.0
445,HLA-B53:01,16244.89,ANZ78847,PAANVSVSRFN,445,218.0
386,HLA-B53:01,16253.53,ANZ78847,NNIDAAKIYGM,386,219.0
537,HLA-B53:01,16516.3,ANZ78847,DPITFTGPYKC,537,220.0
361,HLA-B53:01,16530.9,ANZ78847,RKTFSNCNFNM,361,221.0
1207,HLA-B53:01,16545.34,ANZ78847,PITENNVVVMS,1207,222.0
83,HLA-B53:01,16650.42,ANZ78847,LKGTDKLSTLW,83,223.0
1305,HLA-B53:01,16693.59,ANZ78847,PWYVWLLICLA,1305,224.0
782,HLA-B53:01,16710.37,ANZ78847,VNSVNDSLEPV,782,225.0
701,HLA-B53:01,16742.61,ANZ78847,LFRNIKCNYVF,701,226.0
523,HLA-B53:01,16854.49,ANZ78847,AGTNYLTCHNL,523,227.0
1220,HLA-B53:01,16942.12,ANZ78847,AVNYTKAPYVM,1220,228.0
1198,HLA-B53:01,16960.86,ANZ78847,TGSGYYYPEPI,1198,229.0
192,HLA-B53:01,16967.14,ANZ78847,HMDTGVVSCLY,192,230.0
208,HLA-B53:01,16979.22,ANZ78847,YDVNATYLYFH,208,231.0
1122,HLA-B53:01,17058.69,ANZ78847,NECVKSQSSRI,1122,232.0
596,HLA-B53:01,17128.83,ANZ78847,CNIFANLILHD,596,233.0
106,HLA-B53:01,17154.4,ANZ78847,IFAKVKNTKVF,106,234.0
267,HLA-B53:01,17219.16,ANZ78847,FTLEYWVTPLT,267,235.0
1326,HLA-B53:01,17223.24,ANZ78847,ICCCTGCGTSC,1326,236.0
580,HLA-B53:01,17282.87,ANZ78847,QAFLGWSADSC,580,237.0
983,HLA-B53:01,17428.69,ANZ78847,TAAAGVPFYLN,983,238.0
1254,HLA-B53:01,17437.92,ANZ78847,SVAPDLALDYI,1254,239.0
61,HLA-B53:01,17457.74,ANZ78847,LNTTLFLNGYY,61,240.0
44,HLA-B53:01,17489.81,ANZ78847,VDVTNGLGTYY,44,241.0
877,HLA-B53:01,17591.92,ANZ78847,LSTKLKDGVNF,877,242.0
1280,HLA-B53:01,17611.79,ANZ78847,EAIKVLNQSYI,1280,243.0
719,HLA-B53:01,17657.85,ANZ78847,LQPINYFDSYL,719,244.0
1208,HLA-B53:01,17752.0,ANZ78847,ITENNVVVMST,1208,245.0
1196,HLA-B53:01,18281.2,ANZ78847,MYTGSGYYYPE,1196,246.0
10,HLA-B53:01,18300.45,ANZ78847,TAFAVIGDLKC,10,247.0
982,HLA-B53:01,18358.56,ANZ78847,WTAAAGVPFYL,982,248.0
115,HLA-B53:01,18453.29,ANZ78847,VFKDGVMYSEF,115,249.0
1149,HLA-B53:01,18518.53,ANZ78847,PYGLYFIHFSY,1149,250.0
720,HLA-B53:01,18596.03,ANZ78847,QPINYFDSYLG,720,251.0
193,HLA-B53:01,18602.85,ANZ78847,MDTGVVSCLYK,193,252.0
1157,HLA-B53:01,18607.54,ANZ78847,FSYVPTKYVTA,1157,253.0
786,HLA-B53:01,18735.07,ANZ78847,NDSLEPVGGLY,786,254.0
919,HLA-B53:01,18825.67,ANZ78847,FDKVKLSDVGF,919,255.0
597,HLA-B53:01,18845.55,ANZ78847,NIFANLILHDV,597,256.0
1257,HLA-B53:01,18921.49,ANZ78847,PDLALDYINVT,1257,257.0
1309,HLA-B53:01,18939.16,ANZ78847,WLLICLAGVAM,1309,258.0
1227,HLA-B53:01,18958.18,ANZ78847,PYVMLNTSIPN,1227,259.0
1205,HLA-B53:01,18972.08,ANZ78847,PEPITENNVVV,1205,260.0
572,HLA-B53:01,19043.05,ANZ78847,GNPCTCQPQAF,572,261.0
774,HLA-B53:01,19047.54,ANZ78847,FTNFEPFTVNS,774,262.0
480,HLA-B53:01,19049.24,ANZ78847,TNHDVVYAQHC,480,263.0
1319,HLA-B53:01,19079.16,ANZ78847,MLVLLFFICCC,1319,264.0
984,HLA-B53:01,19112.45,ANZ78847,AAAGVPFYLNV,984,265.0
118,HLA-B53:01,19113.45,ANZ78847,DGVMYSEFPAI,118,266.0
441,HLA-B53:01,19133.47,ANZ78847,YYNLPAANVSV,441,267.0
845,HLA-B53:01,19165.92,ANZ78847,FCDNINAILTE,845,268.0
1316,HLA-B53:01,19168.27,ANZ78847,GVAMLVLLFFI,1316,269.0
22,HLA-B53:01,19222.61,ANZ78847,LDSRTGSLNNI,22,270.0
126,HLA-B53:01,19275.16,ANZ78847,PAITIGSTFVN,126,271.0
869,HLA-B53:01,19311.75,ANZ78847,NSLMNGVTLST,869,272.0
533,HLA-B53:01,19341.92,ANZ78847,LCNPDPITFTG,533,273.0
55,HLA-B53:01,19426.59,ANZ78847,VLDRVYLNTTL,55,274.0
779,HLA-B53:01,19548.66,ANZ78847,PFTVNSVNDSL,779,275.0
576,HLA-B53:01,19679.2,ANZ78847,TCQPQAFLGWS,576,276.0
1202,HLA-B53:01,19717.09,ANZ78847,YYYPEPITENN,1202,277.0
173,HLA-B53:01,19780.84,ANZ78847,EYPHTICHPNL,173,278.0
1102,HLA-B53:01,19824.77,ANZ78847,QQLSDSTLVKF,1102,279.0
312,HLA-B53:01,19861.8,ANZ78847,IAPPTGVYELN,312,280.0
230,HLA-B53:01,19888.8,ANZ78847,FTDTGVVTKFL,230,281.0
937,HLA-B53:01,19987.0,ANZ78847,TGGAEIRDLIC,937,282.0
432,HLA-B53:01,20043.35,ANZ78847,DTTATSCQLYY,432,283.0
1041,HLA-B53:01,20106.57,ANZ78847,QAVVNANAEAL,1041,284.0
1285,HLA-B53:01,20256.89,ANZ78847,LNQSYINLKDI,1285,285.0
211,HLA-B53:01,20281.01,ANZ78847,NATYLYFHFYQ,211,286.0
57,HLA-B53:01,20368.3,ANZ78847,DRVYLNTTLFL,57,287.0
179,HLA-B53:01,20377.71,ANZ78847,CHPNLGNHFKE,179,288.0
274,HLA-B53:01,20417.18,ANZ78847,TPLTSRQYLLA,274,289.0
884,HLA-B53:01,20424.15,ANZ78847,GVNFNVDDINF,884,290.0
243,HLA-B53:01,20507.66,ANZ78847,VYLGMALSHYY,243,291.0
421,HLA-B53:01,20519.14,ANZ78847,LGYLQSFNYRI,421,292.0
453,HLA-B53:01,20525.95,ANZ78847,RFNPSTWNKRF,453,293.0
134,HLA-B53:01,20628.98,ANZ78847,FVNTSYSVVVQ,134,294.0
394,HLA-B53:01,20661.11,ANZ78847,YGMCFSSITID,394,295.0
1253,HLA-B53:01,20738.06,ANZ78847,TSVAPDLALDY,1253,296.0
1345,HLA-B53:01,20740.05,ANZ78847,DDYTGYQELVI,1345,297.0
603,HLA-B53:01,20743.15,ANZ78847,ILHDVNSGLTC,603,298.0
511,HLA-B53:01,20789.06,ANZ78847,GPGKNNGIGTC,511,299.0
36,HLA-B53:01,20792.57,ANZ78847,PPSISTATVDV,36,300.0
205,HLA-B53:01,20799.21,ANZ78847,NFTYDVNATYL,205,301.0
622,HLA-B53:01,20827.16,ANZ78847,TDIKLGVCVNY,622,302.0
648,HLA-B53:01,20914.92,ANZ78847,ATYYNSWQNLL,648,303.0
525,HLA-B53:01,20927.04,ANZ78847,TNYLTCHNLCN,525,304.0
129,HLA-B53:01,20941.61,ANZ78847,TIGSTFVNTSY,129,305.0
384,HLA-B53:01,20942.04,ANZ78847,TCNNIDAAKIY,384,306.0
1255,HLA-B53:01,21007.32,ANZ78847,VAPDLALDYIN,1255,307.0
1239,HLA-B53:01,21050.64,ANZ78847,PDFREELDQWF,1239,308.0
353,HLA-B53:01,21178.64,ANZ78847,VPSPLNWERKT,353,309.0
1159,HLA-B53:01,21256.98,ANZ78847,YVPTKYVTAKV,1159,310.0
724,HLA-B53:01,21257.13,ANZ78847,YFDSYLGCVVN,724,311.0
885,HLA-B53:01,21290.17,ANZ78847,VNFNVDDINFS,885,312.0
522,HLA-B53:01,21306.02,ANZ78847,PAGTNYLTCHN,522,313.0
427,HLA-B53:01,21335.12,ANZ78847,FNYRIDTTATS,427,314.0
89,HLA-B53:01,21338.83,ANZ78847,LSTLWFKPPFL,89,315.0
1108,HLA-B53:01,21407.15,ANZ78847,TLVKFSAAQAM,1108,316.0
895,HLA-B53:01,21424.72,ANZ78847,SSVLGCLGSEC,895,317.0
646,HLA-B53:01,21450.07,ANZ78847,VNATYYNSWQN,646,318.0
1307,HLA-B53:01,21466.73,ANZ78847,YVWLLICLAGV,1307,319.0
54,HLA-B53:01,21571.12,ANZ78847,YVLDRVYLNTT,54,320.0
1016,HLA-B53:01,21639.63,ANZ78847,ANAFNNALDAI,1016,321.0
257,HLA-B53:01,21652.09,ANZ78847,LTCISRRNIGF,257,322.0
264,HLA-B53:01,21670.08,ANZ78847,NIGFTLEYWVT,264,323.0
629,HLA-B53:01,21772.27,ANZ78847,CVNYDLYGISG,629,324.0
43,HLA-B53:01,21793.49,ANZ78847,TVDVTNGLGTY,43,325.0
1340,HLA-B53:01,21869.1,ANZ78847,CGGCCDDYTGY,1340,326.0
1145,HLA-B53:01,21884.23,ANZ78847,VQNAPYGLYFI,1145,327.0
652,HLA-B53:01,21932.11,ANZ78847,NSWQNLLYDSN,652,328.0
450,HLA-B53:01,21954.49,ANZ78847,SVSRFNPSTWN,450,329.0
712,HLA-B53:01,21966.71,ANZ78847,NNSLTRQLQPI,712,330.0
288,HLA-B53:01,21991.55,ANZ78847,DGIIFNAVDCM,288,331.0
1290,HLA-B53:01,22022.06,ANZ78847,INLKDIGTYEY,1290,332.0
886,HLA-B53:01,22131.6,ANZ78847,NFNVDDINFSS,886,333.0
628,HLA-B53:01,22214.67,ANZ78847,VCVNYDLYGIS,628,334.0
95,HLA-B53:01,22267.91,ANZ78847,KPPFLSDFING,95,335.0
1193,HLA-B53:01,22331.3,ANZ78847,NTWMYTGSGYY,1193,336.0
1063,HLA-B53:01,22405.01,ANZ78847,GAISSSLQEIL,1063,337.0
524,HLA-B53:01,22484.21,ANZ78847,GTNYLTCHNLC,524,338.0
164,HLA-B53:01,22517.05,ANZ78847,VSVCQYNMCEY,164,339.0
73,HLA-B53:01,22560.6,ANZ78847,TSGSTYRNMAL,73,340.0
778,HLA-B53:01,22586.76,ANZ78847,EPFTVNSVNDS,778,341.0
363,HLA-B53:01,22587.7,ANZ78847,TFSNCNFNMSS,363,342.0
780,HLA-B53:01,22593.91,ANZ78847,FTVNSVNDSLE,780,343.0
373,HLA-B53:01,22648.3,ANZ78847,SLMSFIQADSF,373,344.0
835,HLA-B53:01,22661.91,ANZ78847,CKSQLVEYGSF,835,345.0
1212,HLA-B53:01,22667.2,ANZ78847,NVVVMSTCAVN,1212,346.0
745,HLA-B53:01,22693.82,ANZ78847,TCDLTVGSGYC,745,347.0
589,HLA-B53:01,22693.95,ANZ78847,SCLQGDKCNIF,589,348.0
88,HLA-B53:01,22696.32,ANZ78847,KLSTLWFKPPF,88,349.0
355,HLA-B53:01,22768.46,ANZ78847,SPLNWERKTFS,355,350.0
53,HLA-B53:01,22784.71,ANZ78847,YYVLDRVYLNT,53,351.0
867,HLA-B53:01,22797.63,ANZ78847,VANSLMNGVTL,867,352.0
417,HLA-B53:01,22815.42,ANZ78847,QLGNLGYLQSF,417,353.0
739,HLA-B53:01,22856.55,ANZ78847,TAISVQTCDLT,739,354.0
823,HLA-B53:01,22916.82,ANZ78847,DCAAFVCGDYA,823,355.0
370,HLA-B53:01,22918.32,ANZ78847,NMSSLMSFIQA,370,356.0
650,HLA-B53:01,22920.09,ANZ78847,YYNSWQNLLYD,650,357.0
748,HLA-B53:01,22966.54,ANZ78847,LTVGSGYCVDY,748,358.0
1005,HLA-B53:01,22985.49,ANZ78847,MDVLSQNQKLI,1005,359.0
490,HLA-B53:01,23017.15,ANZ78847,CFKAPKNFCPC,490,360.0
259,HLA-B53:01,23028.75,ANZ78847,CISRRNIGFTL,259,361.0
225,HLA-B53:01,23095.33,ANZ78847,TFYAYFTDTGV,225,362.0
581,HLA-B53:01,23138.95,ANZ78847,AFLGWSADSCL,581,363.0
428,HLA-B53:01,23155.54,ANZ78847,NYRIDTTATSC,428,364.0
607,HLA-B53:01,23162.15,ANZ78847,VNSGLTCSTDL,607,365.0
804,HLA-B53:01,23166.13,ANZ78847,FTIGNMEEFIQ,804,366.0
560,HLA-B53:01,23192.21,ANZ78847,CSGLAVKSDYC,560,367.0
122,HLA-B53:01,23261.19,ANZ78847,YSEFPAITIGS,122,368.0
634,HLA-B53:01,23289.33,ANZ78847,LYGISGQGIFV,634,369.0
862,HLA-B53:01,23324.21,ANZ78847,TTQLQVANSLM,862,370.0
1221,HLA-B53:01,23378.75,ANZ78847,VNYTKAPYVML,1221,371.0
853,HLA-B53:01,23424.83,ANZ78847,LTEVNELLDTT,853,372.0
1080,HLA-B53:01,23489.39,ANZ78847,EAEAQIDRLIN,1080,373.0
1165,HLA-B53:01,23613.09,ANZ78847,VTAKVSPGLCI,1165,374.0
857,HLA-B53:01,23665.11,ANZ78847,NELLDTTQLQV,857,375.0
690,HLA-B53:01,23670.48,ANZ78847,AFHANSSEPAL,690,376.0
0,HLA-B53:01,23679.2,ANZ78847,MFLILLISLPT,0,377.0
530,HLA-B53:01,23742.98,ANZ78847,CHNLCNPDPIT,530,378.0
93,HLA-B53:01,23758.67,ANZ78847,WFKPPFLSDFI,93,379.0
233,HLA-B53:01,23759.2,ANZ78847,TGVVTKFLFNV,233,380.0
567,HLA-B53:01,23846.35,ANZ78847,SDYCGGNPCTC,567,381.0
52,HLA-B53:01,23853.59,ANZ78847,TYYVLDRVYLN,52,382.0
187,HLA-B53:01,23862.86,ANZ78847,FKELWHMDTGV,187,383.0
986,HLA-B53:01,23888.32,ANZ78847,AGVPFYLNVQY,986,384.0
266,HLA-B53:01,23964.03,ANZ78847,GFTLEYWVTPL,266,385.0
978,HLA-B53:01,23984.95,ANZ78847,LFPPWTAAAGV,978,386.0
605,HLA-B53:01,24035.8,ANZ78847,HDVNSGLTCST,605,387.0
244,HLA-B53:01,24040.67,ANZ78847,YLGMALSHYYV,244,388.0
517,HLA-B53:01,24053.28,ANZ78847,GIGTCPAGTNY,517,389.0
1,HLA-B53:01,24057.03,ANZ78847,FLILLISLPTA,1,390.0
50,HLA-B53:01,24162.36,ANZ78847,LGTYYVLDRVY,50,391.0
406,HLA-B53:01,24185.39,ANZ78847,FAIPNGRKVDL,406,392.0
1104,HLA-B53:01,24202.93,ANZ78847,LSDSTLVKFSA,1104,393.0
936,HLA-B53:01,24203.89,ANZ78847,CTGGAEIRDLI,936,394.0
1272,HLA-B53:01,24328.21,ANZ78847,QVEMNRLQEAI,1272,395.0
636,HLA-B53:01,24385.16,ANZ78847,GISGQGIFVEV,636,396.0
1089,HLA-B53:01,24420.17,ANZ78847,INGRLTALNAY,1089,397.0
232,HLA-B53:01,24441.57,ANZ78847,DTGVVTKFLFN,232,398.0
60,HLA-B53:01,24466.82,ANZ78847,YLNTTLFLNGY,60,399.0
1222,HLA-B53:01,24481.74,ANZ78847,NYTKAPYVMLN,1222,400.0
995,HLA-B53:01,24493.6,ANZ78847,QYRINGLGVTM,995,401.0
852,HLA-B53:01,24522.7,ANZ78847,ILTEVNELLDT,852,402.0
1117,HLA-B53:01,24574.78,ANZ78847,AMEKVNECVKS,1117,403.0
45,HLA-B53:01,24622.21,ANZ78847,DVTNGLGTYYV,45,404.0
825,HLA-B53:01,24635.05,ANZ78847,AAFVCGDYAAC,825,405.0
281,HLA-B53:01,24640.43,ANZ78847,YLLAFNQDGII,281,406.0
578,HLA-B53:01,24641.38,ANZ78847,QPQAFLGWSAD,578,407.0
1160,HLA-B53:01,24644.66,ANZ78847,VPTKYVTAKVS,1160,408.0
1275,HLA-B53:01,24653.83,ANZ78847,MNRLQEAIKVL,1275,409.0
847,HLA-B53:01,24684.68,ANZ78847,DNINAILTEVN,847,410.0
1043,HLA-B53:01,24708.79,ANZ78847,VVNANAEALNN,1043,411.0
935,HLA-B53:01,24747.36,ANZ78847,NCTGGAEIRDL,935,412.0
891,HLA-B53:01,24788.21,ANZ78847,DINFSSVLGCL,891,413.0
768,HLA-B53:01,24826.07,ANZ78847,ITTGYRFTNFE,768,414.0
1236,HLA-B53:01,24834.85,ANZ78847,PNLPDFREELD,1236,415.0
313,HLA-B53:01,24850.73,ANZ78847,APPTGVYELNG,313,416.0
818,HLA-B53:01,24872.41,ANZ78847,PKVTIDCAAFV,818,417.0
358,HLA-B53:01,24911.0,ANZ78847,NWERKTFSNCN,358,418.0
1099,HLA-B53:01,24922.76,ANZ78847,YVSQQLSDSTL,1099,419.0
172,HLA-B53:01,24947.66,ANZ78847,CEYPHTICHPN,172,420.0
419,HLA-B53:01,24958.78,ANZ78847,GNLGYLQSFNY,419,421.0
1140,HLA-B53:01,24984.5,ANZ78847,HIISLVQNAPY,1140,422.0
1042,HLA-B53:01,24989.22,ANZ78847,AVVNANAEALN,1042,423.0
30,HLA-B53:01,25007.08,ANZ78847,NNIDTGPPSIS,30,424.0
1216,HLA-B53:01,25024.5,ANZ78847,MSTCAVNYTKA,1216,425.0
196,HLA-B53:01,25033.47,ANZ78847,GVVSCLYKRNF,196,426.0
348,HLA-B53:01,25080.75,ANZ78847,LNDKSVPSPLN,348,427.0
990,HLA-B53:01,25098.04,ANZ78847,FYLNVQYRING,990,428.0
1027,HLA-B53:01,25117.21,ANZ78847,QEGFDATNSAL,1027,429.0
632,HLA-B53:01,25142.66,ANZ78847,YDLYGISGQGI,632,430.0
385,HLA-B53:01,25192.84,ANZ78847,CNNIDAAKIYG,385,431.0
1019,HLA-B53:01,25211.7,ANZ78847,FNNALDAIQEG,1019,432.0
31,HLA-B53:01,25237.46,ANZ78847,NIDTGPPSIST,31,433.0
974,HLA-B53:01,25247.02,ANZ78847,TSASLFPPWTA,974,434.0
673,HLA-B53:01,25249.14,ANZ78847,TNRTFMIRSCY,673,435.0
391,HLA-B53:01,25251.77,ANZ78847,AKIYGMCFSSI,391,436.0
287,HLA-B53:01,25331.41,ANZ78847,QDGIIFNAVDC,287,437.0
237,HLA-B53:01,25359.35,ANZ78847,TKFLFNVYLGM,237,438.0
116,HLA-B53:01,25373.1,ANZ78847,FKDGVMYSEFP,116,439.0
500,HLA-B53:01,25389.43,ANZ78847,CKSNSSLCVGS,500,440.0
682,HLA-B53:01,25405.74,ANZ78847,CYSGRVSAAFH,682,441.0
999,HLA-B53:01,25421.04,ANZ78847,NGLGVTMDVLS,999,442.0
872,HLA-B53:01,25421.99,ANZ78847,MNGVTLSTKLK,872,443.0
681,HLA-B53:01,25432.01,ANZ78847,SCYSGRVSAAF,681,444.0
1190,HLA-B53:01,25462.75,ANZ78847,NVNNTWMYTGS,1190,445.0
456,HLA-B53:01,25473.28,ANZ78847,PSTWNKRFGFI,456,446.0
272,HLA-B53:01,25633.29,ANZ78847,WVTPLTSRQYL,272,447.0
1094,HLA-B53:01,25635.84,ANZ78847,TALNAYVSQQL,1094,448.0
775,HLA-B53:01,25645.32,ANZ78847,TNFEPFTVNSV,775,449.0
397,HLA-B53:01,25666.42,ANZ78847,CFSSITIDKFA,397,450.0
819,HLA-B53:01,25667.43,ANZ78847,KVTIDCAAFVC,819,451.0
627,HLA-B53:01,25685.23,ANZ78847,GVCVNYDLYGI,627,452.0
667,HLA-B53:01,25705.62,ANZ78847,GFRDYLTNRTF,667,453.0
1021,HLA-B53:01,25711.4,ANZ78847,NALDAIQEGFD,1021,454.0
904,HLA-B53:01,25739.4,ANZ78847,ECSKASSRSAI,904,455.0
1132,HLA-B53:01,25764.27,ANZ78847,INFCGNGNHII,1132,456.0
1152,HLA-B53:01,25810.04,ANZ78847,LYFIHFSYVPT,1152,457.0
309,HLA-B53:01,25848.9,ANZ78847,TQSIAPPTGVY,309,458.0
319,HLA-B53:01,25891.63,ANZ78847,YELNGYTVQPI,319,459.0
1210,HLA-B53:01,25893.33,ANZ78847,ENNVVVMSTCA,1210,460.0
1181,HLA-B53:01,25905.45,ANZ78847,IAPKSGYFVNV,1181,461.0
788,HLA-B53:01,25911.56,ANZ78847,SLEPVGGLYEI,788,462.0
1114,HLA-B53:01,25920.35,ANZ78847,AAQAMEKVNEC,1114,463.0
912,HLA-B53:01,25925.17,ANZ78847,SAIEDLLFDKV,912,464.0
251,HLA-B53:01,25949.23,ANZ78847,HYYVMPLTCIS,251,465.0
776,HLA-B53:01,25951.01,ANZ78847,NFEPFTVNSVN,776,466.0
579,HLA-B53:01,25958.88,ANZ78847,PQAFLGWSADS,579,467.0
496,HLA-B53:01,25964.64,ANZ78847,NFCPCKSNSSL,496,468.0
1218,HLA-B53:01,26066.1,ANZ78847,TCAVNYTKAPY,1218,469.0
1069,HLA-B53:01,26069.42,ANZ78847,LQEILSRLDAL,1069,470.0
1112,HLA-B53:01,26081.94,ANZ78847,FSAAQAMEKVN,1112,471.0
518,HLA-B53:01,26086.09,ANZ78847,IGTCPAGTNYL,518,472.0
343,HLA-B53:01,26087.21,ANZ78847,NIEAWLNDKSV,343,473.0
91,HLA-B53:01,26098.71,ANZ78847,TLWFKPPFLSD,91,474.0
235,HLA-B53:01,26104.68,ANZ78847,VVTKFLFNVYL,235,475.0
90,HLA-B53:01,26111.65,ANZ78847,STLWFKPPFLS,90,476.0
387,HLA-B53:01,26115.63,ANZ78847,NIDAAKIYGMC,387,477.0
1245,HLA-B53:01,26143.39,ANZ78847,LDQWFKNQTSV,1245,478.0
702,HLA-B53:01,26163.53,ANZ78847,FRNIKCNYVFN,702,479.0
1046,HLA-B53:01,26204.43,ANZ78847,ANAEALNNLLQ,1046,480.0
795,HLA-B53:01,26270.89,ANZ78847,LYEIQIPSDFT,795,481.0
474,HLA-B53:01,26336.78,ANZ78847,QPAGVLTNHDV,474,482.0
1047,HLA-B53:01,26355.02,ANZ78847,NAEALNNLLQQ,1047,483.0
764,HLA-B53:01,26392.67,ANZ78847,SRRAITTGYRF,764,484.0
70,HLA-B53:01,26396.77,ANZ78847,YYPTSGSTYRN,70,485.0
1137,HLA-B53:01,26412.6,ANZ78847,NGNHIISLVQN,1137,486.0
723,HLA-B53:01,26428.35,ANZ78847,NYFDSYLGCVV,723,487.0
127,HLA-B53:01,26434.33,ANZ78847,AITIGSTFVNT,127,488.0
772,HLA-B53:01,26436.04,ANZ78847,YRFTNFEPFTV,772,489.0
341,HLA-B53:01,26453.62,ANZ78847,NCNIEAWLNDK,341,490.0
732,HLA-B53:01,26475.67,ANZ78847,VVNAYNSTAIS,732,491.0
493,HLA-B53:01,26561.78,ANZ78847,APKNFCPCKSN,493,492.0
59,HLA-B53:01,26580.33,ANZ78847,VYLNTTLFLNG,59,493.0
534,HLA-B53:01,26594.74,ANZ78847,CNPDPITFTGP,534,494.0
926,HLA-B53:01,26603.18,ANZ78847,DVGFVAAYNNC,926,495.0
345,HLA-B53:01,26608.15,ANZ78847,EAWLNDKSVPS,345,496.0
973,HLA-B53:01,26611.62,ANZ78847,ATSASLFPPWT,973,497.0
438,HLA-B53:01,26615.84,ANZ78847,CQLYYNLPAAN,438,498.0
376,HLA-B53:01,26629.02,ANZ78847,SFIQADSFTCN,376,499.0
1264,HLA-B53:01,26739.64,ANZ78847,INVTFLDLQVE,1264,500.0
1028,HLA-B53:01,26779.84,ANZ78847,EGFDATNSALV,1028,501.0
68,HLA-B53:01,26780.02,ANZ78847,NGYYPTSGSTY,68,502.0
1066,HLA-B53:01,26880.94,ANZ78847,SSSLQEILSRL,1066,503.0
1322,HLA-B53:01,26923.7,ANZ78847,LLFFICCCTGC,1322,504.0
1103,HLA-B53:01,26996.9,ANZ78847,QLSDSTLVKFS,1103,505.0
956,HLA-B53:01,27018.7,ANZ78847,VLPPLLSENQI,956,506.0
218,HLA-B53:01,27051.25,ANZ78847,HFYQEGGTFYA,218,507.0
655,HLA-B53:01,27051.57,ANZ78847,QNLLYDSNGNL,655,508.0
296,HLA-B53:01,27073.35,ANZ78847,DCMSDFMSEIK,296,509.0
408,HLA-B53:01,27083.61,ANZ78847,IPNGRKVDLQL,408,510.0
130,HLA-B53:01,27108.39,ANZ78847,IGSTFVNTSYS,130,511.0
1320,HLA-B53:01,27148.68,ANZ78847,LVLLFFICCCT,1320,512.0
1224,HLA-B53:01,27154.01,ANZ78847,TKAPYVMLNTS,1224,513.0
37,HLA-B53:01,27158.56,ANZ78847,PSISTATVDVT,37,514.0
1156,HLA-B53:01,27199.2,ANZ78847,HFSYVPTKYVT,1156,515.0
693,HLA-B53:01,27205.9,ANZ78847,ANSSEPALLFR,693,516.0
280,HLA-B53:01,27271.52,ANZ78847,QYLLAFNQDGI,280,517.0
822,HLA-B53:01,27379.18,ANZ78847,IDCAAFVCGDY,822,518.0
1076,HLA-B53:01,27381.04,ANZ78847,LDALEAEAQID,1076,519.0
487,HLA-B53:01,27387.67,ANZ78847,AQHCFKAPKNF,487,520.0
626,HLA-B53:01,27484.89,ANZ78847,LGVCVNYDLYG,626,521.0
46,HLA-B53:01,27486.96,ANZ78847,VTNGLGTYYVL,46,522.0
844,HLA-B53:01,27514.45,ANZ78847,SFCDNINAILT,844,523.0
910,HLA-B53:01,27523.75,ANZ78847,SRSAIEDLLFD,910,524.0
374,HLA-B53:01,27559.39,ANZ78847,LMSFIQADSFT,374,525.0
1013,HLA-B53:01,27682.14,ANZ78847,KLIANAFNNAL,1013,526.0
1324,HLA-B53:01,27683.32,ANZ78847,FFICCCTGCGT,1324,527.0
1251,HLA-B53:01,27683.77,ANZ78847,NQTSVAPDLAL,1251,528.0
163,HLA-B53:01,27711.44,ANZ78847,EVSVCQYNMCE,163,529.0
347,HLA-B53:01,27737.66,ANZ78847,WLNDKSVPSPL,347,530.0
1226,HLA-B53:01,27758.25,ANZ78847,APYVMLNTSIP,1226,531.0
633,HLA-B53:01,27846.06,ANZ78847,DLYGISGQGIF,633,532.0
840,HLA-B53:01,27846.91,ANZ78847,VEYGSFCDNIN,840,533.0
1214,HLA-B53:01,27855.01,ANZ78847,VVMSTCAVNYT,1214,534.0
21,HLA-B53:01,27904.14,ANZ78847,PLDSRTGSLNN,21,535.0
316,HLA-B53:01,27904.89,ANZ78847,TGVYELNGYTV,316,536.0
268,HLA-B53:01,27940.58,ANZ78847,TLEYWVTPLTS,268,537.0
860,HLA-B53:01,27944.45,ANZ78847,LDTTQLQVANS,860,538.0
841,HLA-B53:01,27977.63,ANZ78847,EYGSFCDNINA,841,539.0
734,HLA-B53:01,28063.54,ANZ78847,NAYNSTAISVQ,734,540.0
472,HLA-B53:01,28085.22,ANZ78847,KPQPAGVLTNH,472,541.0
389,HLA-B53:01,28091.75,ANZ78847,DAAKIYGMCFS,389,542.0
737,HLA-B53:01,28108.79,ANZ78847,NSTAISVQTCD,737,543.0
81,HLA-B53:01,28142.26,ANZ78847,MALKGTDKLST,81,544.0
234,HLA-B53:01,28146.3,ANZ78847,GVVTKFLFNVY,234,545.0
321,HLA-B53:01,28174.85,ANZ78847,LNGYTVQPIAD,321,546.0
189,HLA-B53:01,28245.68,ANZ78847,ELWHMDTGVVS,189,547.0
475,HLA-B53:01,28264.17,ANZ78847,PAGVLTNHDVV,475,548.0
1096,HLA-B53:01,28287.9,ANZ78847,LNAYVSQQLSD,1096,549.0
1023,HLA-B53:01,28318.77,ANZ78847,LDAIQEGFDAT,1023,550.0
1189,HLA-B53:01,28415.96,ANZ78847,VNVNNTWMYTG,1189,551.0
471,HLA-B53:01,28417.0,ANZ78847,FKPQPAGVLTN,471,552.0
1164,HLA-B53:01,28453.26,ANZ78847,YVTAKVSPGLC,1164,553.0
619,HLA-B53:01,28473.45,ANZ78847,KANTDIKLGVC,619,554.0
379,HLA-B53:01,28480.65,ANZ78847,QADSFTCNNID,379,555.0
1279,HLA-B53:01,28494.21,ANZ78847,QEAIKVLNQSY,1279,556.0
1143,HLA-B53:01,28517.09,ANZ78847,SLVQNAPYGLY,1143,557.0
1291,HLA-B53:01,28522.29,ANZ78847,NLKDIGTYEYY,1291,558.0
722,HLA-B53:01,28547.03,ANZ78847,INYFDSYLGCV,722,559.0
311,HLA-B53:01,28620.21,ANZ78847,SIAPPTGVYEL,311,560.0
58,HLA-B53:01,28640.67,ANZ78847,RVYLNTTLFLN,58,561.0
958,HLA-B53:01,28703.6,ANZ78847,PPLLSENQISG,958,562.0
789,HLA-B53:01,28718.95,ANZ78847,LEPVGGLYEIQ,789,563.0
371,HLA-B53:01,28777.68,ANZ78847,MSSLMSFIQAD,371,564.0
924,HLA-B53:01,28803.24,ANZ78847,LSDVGFVAAYN,924,565.0
526,HLA-B53:01,28845.19,ANZ78847,NYLTCHNLCNP,526,566.0
848,HLA-B53:01,28860.57,ANZ78847,NINAILTEVNE,848,567.0
964,HLA-B53:01,28884.46,ANZ78847,NQISGYTLAAT,964,568.0
941,HLA-B53:01,28893.41,ANZ78847,EIRDLICVQSY,941,569.0
261,HLA-B53:01,28902.49,ANZ78847,SRRNIGFTLEY,261,570.0
240,HLA-B53:01,28906.03,ANZ78847,LFNVYLGMALS,240,571.0
836,HLA-B53:01,28942.1,ANZ78847,KSQLVEYGSFC,836,572.0
801,HLA-B53:01,28945.55,ANZ78847,PSDFTIGNMEE,801,573.0
1223,HLA-B53:01,28948.29,ANZ78847,YTKAPYVMLNT,1223,574.0
738,HLA-B53:01,28991.87,ANZ78847,STAISVQTCDL,738,575.0
740,HLA-B53:01,29010.08,ANZ78847,AISVQTCDLTV,740,576.0
934,HLA-B53:01,29077.73,ANZ78847,NNCTGGAEIRD,934,577.0
40,HLA-B53:01,29082.09,ANZ78847,STATVDVTNGL,40,578.0
1014,HLA-B53:01,29096.97,ANZ78847,LIANAFNNALD,1014,579.0
284,HLA-B53:01,29126.75,ANZ78847,AFNQDGIIFNA,284,580.0
970,HLA-B53:01,29132.34,ANZ78847,TLAATSASLFP,970,581.0
749,HLA-B53:01,29176.79,ANZ78847,TVGSGYCVDYS,749,582.0
925,HLA-B53:01,29184.67,ANZ78847,SDVGFVAAYNN,925,583.0
601,HLA-B53:01,29190.22,ANZ78847,NLILHDVNSGL,601,584.0
998,HLA-B53:01,29233.7,ANZ78847,INGLGVTMDVL,998,585.0
553,HLA-B53:01,29257.04,ANZ78847,LVGIGEHCSGL,553,586.0
933,HLA-B53:01,29277.95,ANZ78847,YNNCTGGAEIR,933,587.0
1230,HLA-B53:01,29331.74,ANZ78847,MLNTSIPNLPD,1230,588.0
47,HLA-B53:01,29345.06,ANZ78847,TNGLGTYYVLD,47,589.0
1088,HLA-B53:01,29352.6,ANZ78847,LINGRLTALNA,1088,590.0
276,HLA-B53:01,29389.77,ANZ78847,LTSRQYLLAFN,276,591.0
248,HLA-B53:01,29402.83,ANZ78847,ALSHYYVMPLT,248,592.0
855,HLA-B53:01,29411.24,ANZ78847,EVNELLDTTQL,855,593.0
588,HLA-B53:01,29419.02,ANZ78847,DSCLQGDKCNI,588,594.0
1133,HLA-B53:01,29443.55,ANZ78847,NFCGNGNHIIS,1133,595.0
637,HLA-B53:01,29450.76,ANZ78847,ISGQGIFVEVN,637,596.0
546,HLA-B53:01,29467.64,ANZ78847,KCPQSKSLVGI,546,597.0
1182,HLA-B53:01,29486.44,ANZ78847,APKSGYFVNVN,1182,598.0
414,HLA-B53:01,29553.55,ANZ78847,VDLQLGNLGYL,414,599.0
252,HLA-B53:01,29581.82,ANZ78847,YYVMPLTCISR,252,600.0
38,HLA-B53:01,29593.03,ANZ78847,SISTATVDVTN,38,601.0
729,HLA-B53:01,29621.28,ANZ78847,LGCVVNAYNST,729,602.0
726,HLA-B53:01,29654.53,ANZ78847,DSYLGCVVNAY,726,603.0
424,HLA-B53:01,29672.0,ANZ78847,LQSFNYRIDTT,424,604.0
642,HLA-B53:01,29678.42,ANZ78847,IFVEVNATYYN,642,605.0
156,HLA-B53:01,29724.14,ANZ78847,NKLQGLLEVSV,156,606.0
1033,HLA-B53:01,29749.94,ANZ78847,TNSALVKIQAV,1033,607.0
506,HLA-B53:01,29758.5,ANZ78847,LCVGSGPGKNN,506,608.0
889,HLA-B53:01,29783.77,ANZ78847,VDDINFSSVLG,889,609.0
664,HLA-B53:01,29878.07,ANZ78847,NLYGFRDYLTN,664,610.0
35,HLA-B53:01,29927.68,ANZ78847,GPPSISTATVD,35,611.0
1171,HLA-B53:01,29984.65,ANZ78847,PGLCIAGDRGI,1171,612.0
66,HLA-B53:01,29997.88,ANZ78847,FLNGYYPTSGS,66,613.0
865,HLA-B53:01,30005.12,ANZ78847,LQVANSLMNGV,865,614.0
669,HLA-B53:01,30005.87,ANZ78847,RDYLTNRTFMI,669,615.0
1009,HLA-B53:01,30010.76,ANZ78847,SQNQKLIANAF,1009,616.0
938,HLA-B53:01,30041.15,ANZ78847,GGAEIRDLICV,938,617.0
39,HLA-B53:01,30043.45,ANZ78847,ISTATVDVTNG,39,618.0
1263,HLA-B53:01,30082.37,ANZ78847,YINVTFLDLQV,1263,619.0
131,HLA-B53:01,30087.34,ANZ78847,GSTFVNTSYSV,131,620.0
1323,HLA-B53:01,30099.06,ANZ78847,LFFICCCTGCG,1323,621.0
1241,HLA-B53:01,30101.81,ANZ78847,FREELDQWFKN,1241,622.0
559,HLA-B53:01,30106.76,ANZ78847,HCSGLAVKSDY,559,623.0
67,HLA-B53:01,30152.53,ANZ78847,LNGYYPTSGST,67,624.0
4,HLA-B53:01,30173.2,ANZ78847,LLISLPTAFAV,4,625.0
851,HLA-B53:01,30185.96,ANZ78847,AILTEVNELLD,851,626.0
1078,HLA-B53:01,30235.01,ANZ78847,ALEAEAQIDRL,1078,627.0
785,HLA-B53:01,30259.97,ANZ78847,VNDSLEPVGGL,785,628.0
598,HLA-B53:01,30267.85,ANZ78847,IFANLILHDVN,598,629.0
856,HLA-B53:01,30279.78,ANZ78847,VNELLDTTQLQ,856,630.0
418,HLA-B53:01,30291.89,ANZ78847,LGNLGYLQSFN,418,631.0
442,HLA-B53:01,30295.65,ANZ78847,YNLPAANVSVS,442,632.0
94,HLA-B53:01,30298.57,ANZ78847,FKPPFLSDFIN,94,633.0
550,HLA-B53:01,30311.46,ANZ78847,SKSLVGIGEHC,550,634.0
221,HLA-B53:01,30325.29,ANZ78847,QEGGTFYAYFT,221,635.0
298,HLA-B53:01,30340.3,ANZ78847,MSDFMSEIKCK,298,636.0
868,HLA-B53:01,30340.71,ANZ78847,ANSLMNGVTLS,868,637.0
294,HLA-B53:01,30409.02,ANZ78847,AVDCMSDFMSE,294,638.0
1051,HLA-B53:01,30419.06,ANZ78847,LNNLLQQLSNR,1051,639.0
171,HLA-B53:01,30430.81,ANZ78847,MCEYPHTICHP,171,640.0
476,HLA-B53:01,30453.33,ANZ78847,AGVLTNHDVVY,476,641.0
1289,HLA-B53:01,30475.29,ANZ78847,YINLKDIGTYE,1289,642.0
459,HLA-B53:01,30488.39,ANZ78847,WNKRFGFIEDS,459,643.0
536,HLA-B53:01,30498.18,ANZ78847,PDPITFTGPYK,536,644.0
269,HLA-B53:01,30512.33,ANZ78847,LEYWVTPLTSR,269,645.0
1100,HLA-B53:01,30529.9,ANZ78847,VSQQLSDSTLV,1100,646.0
944,HLA-B53:01,30605.98,ANZ78847,DLICVQSYKGI,944,647.0
1015,HLA-B53:01,30643.28,ANZ78847,IANAFNNALDA,1015,648.0
32,HLA-B53:01,30719.5,ANZ78847,IDTGPPSISTA,32,649.0
932,HLA-B53:01,30722.85,ANZ78847,AYNNCTGGAEI,932,650.0
683,HLA-B53:01,30728.2,ANZ78847,YSGRVSAAFHA,683,651.0
805,HLA-B53:01,30740.48,ANZ78847,TIGNMEEFIQT,805,652.0
959,HLA-B53:01,30742.37,ANZ78847,PLLSENQISGY,959,653.0
383,HLA-B53:01,30764.77,ANZ78847,FTCNNIDAAKI,383,654.0
653,HLA-B53:01,30764.94,ANZ78847,SWQNLLYDSNG,653,655.0
1347,HLA-B53:01,30780.09,ANZ78847,YTGYQELVIKT,1347,656.0
1350,HLA-B53:01,30846.13,ANZ78847,YQELVIKTSHD,1350,657.0
797,HLA-B53:01,30854.37,ANZ78847,EIQIPSDFTIG,797,658.0
783,HLA-B53:01,30890.96,ANZ78847,NSVNDSLEPVG,783,659.0
715,HLA-B53:01,30899.01,ANZ78847,LTRQLQPINYF,715,660.0
1155,HLA-B53:01,30907.89,ANZ78847,IHFSYVPTKYV,1155,661.0
123,HLA-B53:01,30917.3,ANZ78847,SEFPAITIGST,123,662.0
923,HLA-B53:01,30930.87,ANZ78847,KLSDVGFVAAY,923,663.0
439,HLA-B53:01,30981.56,ANZ78847,QLYYNLPAANV,439,664.0
350,HLA-B53:01,31018.84,ANZ78847,DKSVPSPLNWE,350,665.0
380,HLA-B53:01,31019.84,ANZ78847,ADSFTCNNIDA,380,666.0
1249,HLA-B53:01,31028.05,ANZ78847,FKNQTSVAPDL,1249,667.0
694,HLA-B53:01,31037.56,ANZ78847,NSSEPALLFRN,694,668.0
602,HLA-B53:01,31045.03,ANZ78847,LILHDVNSGLT,602,669.0
620,HLA-B53:01,31045.81,ANZ78847,ANTDIKLGVCV,620,670.0
200,HLA-B53:01,31050.18,ANZ78847,CLYKRNFTYDV,200,671.0
640,HLA-B53:01,31052.9,ANZ78847,QGIFVEVNATY,640,672.0
814,HLA-B53:01,31068.46,ANZ78847,QTSSPKVTIDC,814,673.0
157,HLA-B53:01,31082.85,ANZ78847,KLQGLLEVSVC,157,674.0
665,HLA-B53:01,31089.94,ANZ78847,LYGFRDYLTNR,665,675.0
905,HLA-B53:01,31090.73,ANZ78847,CSKASSRSAIE,905,676.0
34,HLA-B53:01,31144.55,ANZ78847,TGPPSISTATV,34,677.0
273,HLA-B53:01,31146.67,ANZ78847,VTPLTSRQYLL,273,678.0
861,HLA-B53:01,31156.1,ANZ78847,DTTQLQVANSL,861,679.0
159,HLA-B53:01,31163.56,ANZ78847,QGLLEVSVCQY,159,680.0
1059,HLA-B53:01,31166.81,ANZ78847,SNRFGAISSSL,1059,681.0
859,HLA-B53:01,31220.88,ANZ78847,LLDTTQLQVAN,859,682.0
641,HLA-B53:01,31244.57,ANZ78847,GIFVEVNATYY,641,683.0
167,HLA-B53:01,31256.8,ANZ78847,CQYNMCEYPHT,167,684.0
139,HLA-B53:01,31261.39,ANZ78847,YSVVVQPRTIN,139,685.0
590,HLA-B53:01,31283.5,ANZ78847,CLQGDKCNIFA,590,686.0
3,HLA-B53:01,31284.5,ANZ78847,ILLISLPTAFA,3,687.0
188,HLA-B53:01,31284.87,ANZ78847,KELWHMDTGVV,188,688.0
516,HLA-B53:01,31285.65,ANZ78847,NGIGTCPAGTN,516,689.0
254,HLA-B53:01,31311.42,ANZ78847,VMPLTCISRRN,254,690.0
543,HLA-B53:01,31318.86,ANZ78847,GPYKCPQSKSL,543,691.0
586,HLA-B53:01,31342.57,ANZ78847,SADSCLQGDKC,586,692.0
65,HLA-B53:01,31343.15,ANZ78847,LFLNGYYPTSG,65,693.0
1034,HLA-B53:01,31368.86,ANZ78847,NSALVKIQAVV,1034,694.0
563,HLA-B53:01,31372.13,ANZ78847,LAVKSDYCGGN,563,695.0
907,HLA-B53:01,31377.5,ANZ78847,KASSRSAIEDL,907,696.0
286,HLA-B53:01,31396.56,ANZ78847,NQDGIIFNAVD,286,697.0
1075,HLA-B53:01,31435.91,ANZ78847,RLDALEAEAQI,1075,698.0
80,HLA-B53:01,31446.96,ANZ78847,NMALKGTDKLS,80,699.0
138,HLA-B53:01,31450.68,ANZ78847,SYSVVVQPRTI,138,700.0
185,HLA-B53:01,31457.14,ANZ78847,NHFKELWHMDT,185,701.0
1087,HLA-B53:01,31485.31,ANZ78847,RLINGRLTALN,1087,702.0
315,HLA-B53:01,31491.19,ANZ78847,PTGVYELNGYT,315,703.0
119,HLA-B53:01,31528.64,ANZ78847,GVMYSEFPAIT,119,704.0
1321,HLA-B53:01,31549.96,ANZ78847,VLLFFICCCTG,1321,705.0
170,HLA-B53:01,31552.28,ANZ78847,NMCEYPHTICH,170,706.0
766,HLA-B53:01,31577.94,ANZ78847,RAITTGYRFTN,766,707.0
461,HLA-B53:01,31596.88,ANZ78847,KRFGFIEDSVF,461,708.0
718,HLA-B53:01,31600.6,ANZ78847,QLQPINYFDSY,718,709.0
1153,HLA-B53:01,31612.93,ANZ78847,YFIHFSYVPTK,1153,710.0
128,HLA-B53:01,31637.22,ANZ78847,ITIGSTFVNTS,128,711.0
1011,HLA-B53:01,31676.03,ANZ78847,NQKLIANAFNN,1011,712.0
908,HLA-B53:01,31676.41,ANZ78847,ASSRSAIEDLL,908,713.0
49,HLA-B53:01,31766.82,ANZ78847,GLGTYYVLDRV,49,714.0
1004,HLA-B53:01,31786.39,ANZ78847,TMDVLSQNQKL,1004,715.0
794,HLA-B53:01,31811.94,ANZ78847,GLYEIQIPSDF,794,716.0
290,HLA-B53:01,31830.67,ANZ78847,IIFNAVDCMSD,290,717.0
947,HLA-B53:01,31852.59,ANZ78847,CVQSYKGIKVL,947,718.0
698,HLA-B53:01,31876.85,ANZ78847,PALLFRNIKCN,698,719.0
674,HLA-B53:01,31885.18,ANZ78847,NRTFMIRSCYS,674,720.0
894,HLA-B53:01,31893.82,ANZ78847,FSSVLGCLGSE,894,721.0
41,HLA-B53:01,31899.39,ANZ78847,TATVDVTNGLG,41,722.0
892,HLA-B53:01,31899.64,ANZ78847,INFSSVLGCLG,892,723.0
1266,HLA-B53:01,31937.95,ANZ78847,VTFLDLQVEMN,1266,724.0
893,HLA-B53:01,31952.18,ANZ78847,NFSSVLGCLGS,893,725.0
1276,HLA-B53:01,31954.23,ANZ78847,NRLQEAIKVLN,1276,726.0
111,HLA-B53:01,31967.54,ANZ78847,KNTKVFKDGVM,111,727.0
662,HLA-B53:01,31973.47,ANZ78847,NGNLYGFRDYL,662,728.0
1048,HLA-B53:01,32005.46,ANZ78847,AEALNNLLQQL,1048,729.0
1060,HLA-B53:01,32017.85,ANZ78847,NRFGAISSSLQ,1060,730.0
843,HLA-B53:01,32031.22,ANZ78847,GSFCDNINAIL,843,731.0
1113,HLA-B53:01,32064.12,ANZ78847,SAAQAMEKVNE,1113,732.0
446,HLA-B53:01,32097.03,ANZ78847,AANVSVSRFNP,446,733.0
1064,HLA-B53:01,32106.75,ANZ78847,AISSSLQEILS,1064,734.0
322,HLA-B53:01,32109.17,ANZ78847,NGYTVQPIADV,322,735.0
971,HLA-B53:01,32171.32,ANZ78847,LAATSASLFPP,971,736.0
592,HLA-B53:01,32172.07,ANZ78847,QGDKCNIFANL,592,737.0
1282,HLA-B53:01,32249.81,ANZ78847,IKVLNQSYINL,1282,738.0
917,HLA-B53:01,32250.13,ANZ78847,LLFDKVKLSDV,917,739.0
827,HLA-B53:01,32251.12,ANZ78847,FVCGDYAACKS,827,740.0
1325,HLA-B53:01,32251.2,ANZ78847,FICCCTGCGTS,1325,741.0
1310,HLA-B53:01,32275.29,ANZ78847,LLICLAGVAML,1310,742.0
85,HLA-B53:01,32304.2,ANZ78847,GTDKLSTLWFK,85,743.0
1049,HLA-B53:01,32304.84,ANZ78847,EALNNLLQQLS,1049,744.0
963,HLA-B53:01,32338.58,ANZ78847,ENQISGYTLAA,963,745.0
1308,HLA-B53:01,32340.1,ANZ78847,VWLLICLAGVA,1308,746.0
178,HLA-B53:01,32346.76,ANZ78847,ICHPNLGNHFK,178,747.0
635,HLA-B53:01,32353.6,ANZ78847,YGISGQGIFVE,635,748.0
548,HLA-B53:01,32373.89,ANZ78847,PQSKSLVGIGE,548,749.0
132,HLA-B53:01,32380.14,ANZ78847,STFVNTSYSVV,132,750.0
1026,HLA-B53:01,32381.82,ANZ78847,IQEGFDATNSA,1026,751.0
1260,HLA-B53:01,32414.03,ANZ78847,ALDYINVTFLD,1260,752.0
671,HLA-B53:01,32418.4,ANZ78847,YLTNRTFMIRS,671,753.0
98,HLA-B53:01,32422.04,ANZ78847,FLSDFINGIFA,98,754.0
583,HLA-B53:01,32422.91,ANZ78847,LGWSADSCLQG,583,755.0
270,HLA-B53:01,32431.75,ANZ78847,EYWVTPLTSRQ,270,756.0
810,HLA-B53:01,32443.14,ANZ78847,EEFIQTSSPKV,810,757.0
966,HLA-B53:01,32474.19,ANZ78847,ISGYTLAATSA,966,758.0
201,HLA-B53:01,32480.41,ANZ78847,LYKRNFTYDVN,201,759.0
854,HLA-B53:01,32482.52,ANZ78847,TEVNELLDTTQ,854,760.0
608,HLA-B53:01,32486.44,ANZ78847,NSGLTCSTDLQ,608,761.0
704,HLA-B53:01,32493.85,ANZ78847,NIKCNYVFNNS,704,762.0
148,HLA-B53:01,32497.85,ANZ78847,INSTQDGVNKL,148,763.0
829,HLA-B53:01,32511.65,ANZ78847,CGDYAACKSQL,829,764.0
1058,HLA-B53:01,32511.77,ANZ78847,LSNRFGAISSS,1058,765.0
863,HLA-B53:01,32520.0,ANZ78847,TQLQVANSLMN,863,766.0
591,HLA-B53:01,32533.33,ANZ78847,LQGDKCNIFAN,591,767.0
687,HLA-B53:01,32539.05,ANZ78847,VSAAFHANSSE,687,768.0
204,HLA-B53:01,32575.84,ANZ78847,RNFTYDVNATY,204,769.0
705,HLA-B53:01,32577.09,ANZ78847,IKCNYVFNNSL,705,770.0
1142,HLA-B53:01,32581.04,ANZ78847,ISLVQNAPYGL,1142,771.0
864,HLA-B53:01,32587.6,ANZ78847,QLQVANSLMNG,864,772.0
806,HLA-B53:01,32620.99,ANZ78847,IGNMEEFIQTS,806,773.0
1017,HLA-B53:01,32631.45,ANZ78847,NAFNNALDAIQ,1017,774.0
19,HLA-B53:01,32640.12,ANZ78847,KCPLDSRTGSL,19,775.0
866,HLA-B53:01,32648.76,ANZ78847,QVANSLMNGVT,866,776.0
64,HLA-B53:01,32711.44,ANZ78847,TLFLNGYYPTS,64,777.0
699,HLA-B53:01,32715.88,ANZ78847,ALLFRNIKCNY,699,778.0
1183,HLA-B53:01,32726.16,ANZ78847,PKSGYFVNVNN,1183,779.0
392,HLA-B53:01,32783.73,ANZ78847,KIYGMCFSSIT,392,780.0
1081,HLA-B53:01,32804.33,ANZ78847,AEAQIDRLING,1081,781.0
1001,HLA-B53:01,32809.08,ANZ78847,LGVTMDVLSQN,1001,782.0
532,HLA-B53:01,32822.01,ANZ78847,NLCNPDPITFT,532,783.0
390,HLA-B53:01,32826.92,ANZ78847,AAKIYGMCFSS,390,784.0
747,HLA-B53:01,32830.94,ANZ78847,DLTVGSGYCVD,747,785.0
659,HLA-B53:01,32897.98,ANZ78847,YDSNGNLYGFR,659,786.0
896,HLA-B53:01,32923.7,ANZ78847,SVLGCLGSECS,896,787.0
440,HLA-B53:01,32979.2,ANZ78847,LYYNLPAANVS,440,788.0
1024,HLA-B53:01,33027.94,ANZ78847,DAIQEGFDATN,1024,789.0
413,HLA-B53:01,33077.63,ANZ78847,KVDLQLGNLGY,413,790.0
494,HLA-B53:01,33080.15,ANZ78847,PKNFCPCKSNS,494,791.0
1105,HLA-B53:01,33151.68,ANZ78847,SDSTLVKFSAA,1105,792.0
1115,HLA-B53:01,33182.67,ANZ78847,AQAMEKVNECV,1115,793.0
593,HLA-B53:01,33220.35,ANZ78847,GDKCNIFANLI,593,794.0
707,HLA-B53:01,33220.54,ANZ78847,CNYVFNNSLTR,707,795.0
33,HLA-B53:01,33256.05,ANZ78847,DTGPPSISTAT,33,796.0
175,HLA-B53:01,33264.57,ANZ78847,PHTICHPNLGN,175,797.0
582,HLA-B53:01,33289.65,ANZ78847,FLGWSADSCLQ,582,798.0
870,HLA-B53:01,33326.34,ANZ78847,SLMNGVTLSTK,870,799.0
515,HLA-B53:01,33332.3,ANZ78847,NNGIGTCPAGT,515,800.0
744,HLA-B53:01,33347.22,ANZ78847,QTCDLTVGSGY,744,801.0
606,HLA-B53:01,33353.32,ANZ78847,DVNSGLTCSTD,606,802.0
165,HLA-B53:01,33364.63,ANZ78847,SVCQYNMCEYP,165,803.0
915,HLA-B53:01,33383.65,ANZ78847,EDLLFDKVKLS,915,804.0
962,HLA-B53:01,33438.84,ANZ78847,SENQISGYTLA,962,805.0
728,HLA-B53:01,33442.63,ANZ78847,YLGCVVNAYNS,728,806.0
352,HLA-B53:01,33474.15,ANZ78847,SVPSPLNWERK,352,807.0
881,HLA-B53:01,33489.09,ANZ78847,LKDGVNFNVDD,881,808.0
1097,HLA-B53:01,33515.12,ANZ78847,NAYVSQQLSDS,1097,809.0
135,HLA-B53:01,33534.12,ANZ78847,VNTSYSVVVQP,135,810.0
1065,HLA-B53:01,33536.51,ANZ78847,ISSSLQEILSR,1065,811.0
965,HLA-B53:01,33543.91,ANZ78847,QISGYTLAATS,965,812.0
486,HLA-B53:01,33549.74,ANZ78847,YAQHCFKAPKN,486,813.0
807,HLA-B53:01,33561.53,ANZ78847,GNMEEFIQTSS,807,814.0
499,HLA-B53:01,33581.04,ANZ78847,PCKSNSSLCVG,499,815.0
198,HLA-B53:01,33592.01,ANZ78847,VSCLYKRNFTY,198,816.0
6,HLA-B53:01,33610.83,ANZ78847,ISLPTAFAVIG,6,817.0
253,HLA-B53:01,33617.16,ANZ78847,YVMPLTCISRR,253,818.0
1138,HLA-B53:01,33634.08,ANZ78847,GNHIISLVQNA,1138,819.0
1123,HLA-B53:01,33653.87,ANZ78847,ECVKSQSSRIN,1123,820.0
102,HLA-B53:01,33677.3,ANZ78847,FINGIFAKVKN,102,821.0
939,HLA-B53:01,33703.2,ANZ78847,GAEIRDLICVQ,939,822.0
975,HLA-B53:01,33719.74,ANZ78847,SASLFPPWTAA,975,823.0
1274,HLA-B53:01,33740.72,ANZ78847,EMNRLQEAIKV,1274,824.0
614,HLA-B53:01,33743.36,ANZ78847,STDLQKANTDI,614,825.0
709,HLA-B53:01,33744.32,ANZ78847,YVFNNSLTRQL,709,826.0
645,HLA-B53:01,33745.31,ANZ78847,EVNATYYNSWQ,645,827.0
436,HLA-B53:01,33761.12,ANZ78847,TSCQLYYNLPA,436,828.0
1267,HLA-B53:01,33808.55,ANZ78847,TFLDLQVEMNR,1267,829.0
991,HLA-B53:01,33814.75,ANZ78847,YLNVQYRINGL,991,830.0
307,HLA-B53:01,33814.83,ANZ78847,CKTQSIAPPTG,307,831.0
107,HLA-B53:01,33823.45,ANZ78847,FAKVKNTKVFK,107,832.0
714,HLA-B53:01,33883.28,ANZ78847,SLTRQLQPINY,714,833.0
1288,HLA-B53:01,33888.76,ANZ78847,SYINLKDIGTY,1288,834.0
1191,HLA-B53:01,33890.14,ANZ78847,VNNTWMYTGSG,1191,835.0
448,HLA-B53:01,33901.4,ANZ78847,NVSVSRFNPST,448,836.0
1125,HLA-B53:01,33916.42,ANZ78847,VKSQSSRINFC,1125,837.0
706,HLA-B53:01,33918.23,ANZ78847,KCNYVFNNSLT,706,838.0
968,HLA-B53:01,33926.99,ANZ78847,GYTLAATSASL,968,839.0
940,HLA-B53:01,33950.78,ANZ78847,AEIRDLICVQS,940,840.0
184,HLA-B53:01,33998.68,ANZ78847,GNHFKELWHMD,184,841.0
873,HLA-B53:01,34021.45,ANZ78847,NGVTLSTKLKD,873,842.0
918,HLA-B53:01,34036.54,ANZ78847,LFDKVKLSDVG,918,843.0
1146,HLA-B53:01,34044.45,ANZ78847,QNAPYGLYFIH,1146,844.0
985,HLA-B53:01,34110.02,ANZ78847,AAGVPFYLNVQ,985,845.0
689,HLA-B53:01,34130.02,ANZ78847,AAFHANSSEPA,689,846.0
100,HLA-B53:01,34142.89,ANZ78847,SDFINGIFAKV,100,847.0
657,HLA-B53:01,34151.39,ANZ78847,LLYDSNGNLYG,657,848.0
1170,HLA-B53:01,34189.88,ANZ78847,SPGLCIAGDRG,1170,849.0
1269,HLA-B53:01,34195.24,ANZ78847,LDLQVEMNRLQ,1269,850.0
960,HLA-B53:01,34212.08,ANZ78847,LLSENQISGYT,960,851.0
51,HLA-B53:01,34222.42,ANZ78847,GTYYVLDRVYL,51,852.0
1067,HLA-B53:01,34229.66,ANZ78847,SSLQEILSRLD,1067,853.0
299,HLA-B53:01,34231.29,ANZ78847,SDFMSEIKCKT,299,854.0
166,HLA-B53:01,34248.45,ANZ78847,VCQYNMCEYPH,166,855.0
1040,HLA-B53:01,34265.47,ANZ78847,IQAVVNANAEA,1040,856.0
713,HLA-B53:01,34285.88,ANZ78847,NSLTRQLQPIN,713,857.0
62,HLA-B53:01,34314.1,ANZ78847,NTTLFLNGYYP,62,858.0
372,HLA-B53:01,34316.46,ANZ78847,SSLMSFIQADS,372,859.0
916,HLA-B53:01,34340.5,ANZ78847,DLLFDKVKLSD,916,860.0
48,HLA-B53:01,34341.05,ANZ78847,NGLGTYYVLDR,48,861.0
914,HLA-B53:01,34343.32,ANZ78847,IEDLLFDKVKL,914,862.0
527,HLA-B53:01,34351.86,ANZ78847,YLTCHNLCNPD,527,863.0
809,HLA-B53:01,34364.11,ANZ78847,MEEFIQTSSPK,809,864.0
816,HLA-B53:01,34367.88,ANZ78847,SSPKVTIDCAA,816,865.0
711,HLA-B53:01,34390.06,ANZ78847,FNNSLTRQLQP,711,866.0
1200,HLA-B53:01,34404.11,ANZ78847,SGYYYPEPITE,1200,867.0
1295,HLA-B53:01,34460.54,ANZ78847,IGTYEYYVKWP,1295,868.0
1070,HLA-B53:01,34466.42,ANZ78847,QEILSRLDALE,1070,869.0
638,HLA-B53:01,34468.55,ANZ78847,SGQGIFVEVNA,638,870.0
213,HLA-B53:01,34484.65,ANZ78847,TYLYFHFYQEG,213,871.0
612,HLA-B53:01,34500.51,ANZ78847,TCSTDLQKANT,612,872.0
570,HLA-B53:01,34573.63,ANZ78847,CGGNPCTCQPQ,570,873.0
773,HLA-B53:01,34607.4,ANZ78847,RFTNFEPFTVN,773,874.0
1271,HLA-B53:01,34629.46,ANZ78847,LQVEMNRLQEA,1271,875.0
23,HLA-B53:01,34634.09,ANZ78847,DSRTGSLNNID,23,876.0
1055,HLA-B53:01,34641.65,ANZ78847,LQQLSNRFGAI,1055,877.0
423,HLA-B53:01,34643.96,ANZ78847,YLQSFNYRIDT,423,878.0
594,HLA-B53:01,34716.58,ANZ78847,DKCNIFANLIL,594,879.0
1237,HLA-B53:01,34771.47,ANZ78847,NLPDFREELDQ,1237,880.0
735,HLA-B53:01,34775.96,ANZ78847,AYNSTAISVQT,735,881.0
426,HLA-B53:01,34854.43,ANZ78847,SFNYRIDTTAT,426,882.0
552,HLA-B53:01,34863.51,ANZ78847,SLVGIGEHCSG,552,883.0
429,HLA-B53:01,34900.9,ANZ78847,YRIDTTATSCQ,429,884.0
1086,HLA-B53:01,34907.68,ANZ78847,DRLINGRLTAL,1086,885.0
477,HLA-B53:01,34916.63,ANZ78847,GVLTNHDVVYA,477,886.0
686,HLA-B53:01,34958.42,ANZ78847,RVSAAFHANSS,686,887.0
460,HLA-B53:01,34978.93,ANZ78847,NKRFGFIEDSV,460,888.0
837,HLA-B53:01,35031.71,ANZ78847,SQLVEYGSFCD,837,889.0
621,HLA-B53:01,35086.89,ANZ78847,NTDIKLGVCVN,621,890.0
616,HLA-B53:01,35088.65,ANZ78847,DLQKANTDIKL,616,891.0
927,HLA-B53:01,35123.85,ANZ78847,VGFVAAYNNCT,927,892.0
741,HLA-B53:01,35125.39,ANZ78847,ISVQTCDLTVG,741,893.0
258,HLA-B53:01,35132.07,ANZ78847,TCISRRNIGFT,258,894.0
1348,HLA-B53:01,35152.84,ANZ78847,TGYQELVIKTS,1348,895.0
117,HLA-B53:01,35160.2,ANZ78847,KDGVMYSEFPA,117,896.0
1232,HLA-B53:01,35180.91,ANZ78847,NTSIPNLPDFR,1232,897.0
425,HLA-B53:01,35181.26,ANZ78847,QSFNYRIDTTA,425,898.0
447,HLA-B53:01,35184.48,ANZ78847,ANVSVSRFNPS,447,899.0
463,HLA-B53:01,35191.87,ANZ78847,FGFIEDSVFKP,463,900.0
473,HLA-B53:01,35203.0,ANZ78847,PQPAGVLTNHD,473,901.0
140,HLA-B53:01,35217.88,ANZ78847,SVVVQPRTINS,140,902.0
186,HLA-B53:01,35235.06,ANZ78847,HFKELWHMDTG,186,903.0
1342,HLA-B53:01,35245.71,ANZ78847,GCCDDYTGYQE,1342,904.0
519,HLA-B53:01,35252.56,ANZ78847,GTCPAGTNYLT,519,905.0
1053,HLA-B53:01,35274.86,ANZ78847,NLLQQLSNRFG,1053,906.0
989,HLA-B53:01,35281.31,ANZ78847,PFYLNVQYRIN,989,907.0
1139,HLA-B53:01,35315.47,ANZ78847,NHIISLVQNAP,1139,908.0
416,HLA-B53:01,35317.92,ANZ78847,LQLGNLGYLQS,416,909.0
212,HLA-B53:01,35322.34,ANZ78847,ATYLYFHFYQE,212,910.0
1116,HLA-B53:01,35326.63,ANZ78847,QAMEKVNECVK,1116,911.0
1025,HLA-B53:01,35327.64,ANZ78847,AIQEGFDATNS,1025,912.0
72,HLA-B53:01,35402.27,ANZ78847,PTSGSTYRNMA,72,913.0
815,HLA-B53:01,35440.62,ANZ78847,TSSPKVTIDCA,815,914.0
458,HLA-B53:01,35446.17,ANZ78847,TWNKRFGFIED,458,915.0
433,HLA-B53:01,35472.02,ANZ78847,TTATSCQLYYN,433,916.0
223,HLA-B53:01,35500.59,ANZ78847,GGTFYAYFTDT,223,917.0
329,HLA-B53:01,35508.92,ANZ78847,IADVYRRKPDL,329,918.0
661,HLA-B53:01,35533.7,ANZ78847,SNGNLYGFRDY,661,919.0
906,HLA-B53:01,35555.85,ANZ78847,SKASSRSAIED,906,920.0
787,HLA-B53:01,35573.25,ANZ78847,DSLEPVGGLYE,787,921.0
1090,HLA-B53:01,35580.12,ANZ78847,NGRLTALNAYV,1090,922.0
1035,HLA-B53:01,35597.2,ANZ78847,SALVKIQAVVN,1035,923.0
946,HLA-B53:01,35640.48,ANZ78847,ICVQSYKGIKV,946,924.0
808,HLA-B53:01,35649.52,ANZ78847,NMEEFIQTSSP,808,925.0
362,HLA-B53:01,35657.97,ANZ78847,KTFSNCNFNMS,362,926.0
356,HLA-B53:01,35662.65,ANZ78847,PLNWERKTFSN,356,927.0
528,HLA-B53:01,35664.98,ANZ78847,LTCHNLCNPDP,528,928.0
792,HLA-B53:01,35665.19,ANZ78847,VGGLYEIQIPS,792,929.0
1346,HLA-B53:01,35670.34,ANZ78847,DYTGYQELVIK,1346,930.0
1195,HLA-B53:01,35671.35,ANZ78847,WMYTGSGYYYP,1195,931.0
1229,HLA-B53:01,35678.34,ANZ78847,VMLNTSIPNLP,1229,932.0
323,HLA-B53:01,35691.39,ANZ78847,GYTVQPIADVY,323,933.0
929,HLA-B53:01,35745.7,ANZ78847,FVAAYNNCTGG,929,934.0
24,HLA-B53:01,35754.48,ANZ78847,SRTGSLNNIDT,24,935.0
360,HLA-B53:01,35771.69,ANZ78847,ERKTFSNCNFN,360,936.0
1072,HLA-B53:01,35772.72,ANZ78847,ILSRLDALEAE,1072,937.0
672,HLA-B53:01,35786.22,ANZ78847,LTNRTFMIRSC,672,938.0
587,HLA-B53:01,35808.74,ANZ78847,ADSCLQGDKCN,587,939.0
1071,HLA-B53:01,35810.48,ANZ78847,EILSRLDALEA,1071,940.0
430,HLA-B53:01,35814.12,ANZ78847,RIDTTATSCQL,430,941.0
465,HLA-B53:01,35821.06,ANZ78847,FIEDSVFKPQP,465,942.0
992,HLA-B53:01,35821.19,ANZ78847,LNVQYRINGLG,992,943.0
771,HLA-B53:01,35844.98,ANZ78847,GYRFTNFEPFT,771,944.0
820,HLA-B53:01,35849.23,ANZ78847,VTIDCAAFVCG,820,945.0
700,HLA-B53:01,35879.96,ANZ78847,LLFRNIKCNYV,700,946.0
613,HLA-B53:01,35884.19,ANZ78847,CSTDLQKANTD,613,947.0
730,HLA-B53:01,35892.72,ANZ78847,GCVVNAYNSTA,730,948.0
492,HLA-B53:01,35996.52,ANZ78847,KAPKNFCPCKS,492,949.0
246,HLA-B53:01,36009.69,ANZ78847,GMALSHYYVMP,246,950.0
696,HLA-B53:01,36010.37,ANZ78847,SEPALLFRNIK,696,951.0
113,HLA-B53:01,36042.6,ANZ78847,TKVFKDGVMYS,113,952.0
1173,HLA-B53:01,36053.28,ANZ78847,LCIAGDRGIAP,1173,953.0
1175,HLA-B53:01,36054.4,ANZ78847,IAGDRGIAPKS,1175,954.0
1244,HLA-B53:01,36073.37,ANZ78847,ELDQWFKNQTS,1244,955.0
214,HLA-B53:01,36086.13,ANZ78847,YLYFHFYQEGG,214,956.0
1008,HLA-B53:01,36104.05,ANZ78847,LSQNQKLIANA,1008,957.0
158,HLA-B53:01,36111.12,ANZ78847,LQGLLEVSVCQ,158,958.0
639,HLA-B53:01,36131.87,ANZ78847,GQGIFVEVNAT,639,959.0
781,HLA-B53:01,36138.18,ANZ78847,TVNSVNDSLEP,781,960.0
160,HLA-B53:01,36142.34,ANZ78847,GLLEVSVCQYN,160,961.0
1010,HLA-B53:01,36143.01,ANZ78847,QNQKLIANAFN,1010,962.0
1068,HLA-B53:01,36164.07,ANZ78847,SLQEILSRLDA,1068,963.0
320,HLA-B53:01,36173.95,ANZ78847,ELNGYTVQPIA,320,964.0
99,HLA-B53:01,36183.44,ANZ78847,LSDFINGIFAK,99,965.0
858,HLA-B53:01,36205.01,ANZ78847,ELLDTTQLQVA,858,966.0
1278,HLA-B53:01,36253.62,ANZ78847,LQEAIKVLNQS,1278,967.0
395,HLA-B53:01,36280.28,ANZ78847,GMCFSSITIDK,395,968.0
1166,HLA-B53:01,36294.61,ANZ78847,TAKVSPGLCIA,1166,969.0
565,HLA-B53:01,36299.58,ANZ78847,VKSDYCGGNPC,565,970.0
1131,HLA-B53:01,36306.18,ANZ78847,RINFCGNGNHI,1131,971.0
479,HLA-B53:01,36313.08,ANZ78847,LTNHDVVYAQH,479,972.0
798,HLA-B53:01,36314.37,ANZ78847,IQIPSDFTIGN,798,973.0
703,HLA-B53:01,36338.31,ANZ78847,RNIKCNYVFNN,703,974.0
1293,HLA-B53:01,36365.29,ANZ78847,KDIGTYEYYVK,1293,975.0
277,HLA-B53:01,36379.34,ANZ78847,TSRQYLLAFNQ,277,976.0
791,HLA-B53:01,36390.9,ANZ78847,PVGGLYEIQIP,791,977.0
136,HLA-B53:01,36406.28,ANZ78847,NTSYSVVVQPR,136,978.0
1328,HLA-B53:01,36427.16,ANZ78847,CCTGCGTSCFK,1328,979.0
600,HLA-B53:01,36428.09,ANZ78847,ANLILHDVNSG,600,980.0
1118,HLA-B53:01,36430.06,ANZ78847,MEKVNECVKSQ,1118,981.0
595,HLA-B53:01,36444.89,ANZ78847,KCNIFANLILH,595,982.0
1351,HLA-B53:01,36451.08,ANZ78847,QELVIKTSHDD,1351,983.0
1184,HLA-B53:01,36467.44,ANZ78847,KSGYFVNVNNT,1184,984.0
584,HLA-B53:01,36471.14,ANZ78847,GWSADSCLQGD,584,985.0
478,HLA-B53:01,36477.09,ANZ78847,VLTNHDVVYAQ,478,986.0
1180,HLA-B53:01,36479.98,ANZ78847,GIAPKSGYFVN,1180,987.0
194,HLA-B53:01,36480.59,ANZ78847,DTGVVSCLYKR,194,988.0
879,HLA-B53:01,36483.57,ANZ78847,TKLKDGVNFNV,879,989.0
900,HLA-B53:01,36497.95,ANZ78847,CLGSECSKASS,900,990.0
898,HLA-B53:01,36502.24,ANZ78847,LGCLGSECSKA,898,991.0
346,HLA-B53:01,36515.99,ANZ78847,AWLNDKSVPSP,346,992.0
624,HLA-B53:01,36516.02,ANZ78847,IKLGVCVNYDL,624,993.0
310,HLA-B53:01,36525.36,ANZ78847,QSIAPPTGVYE,310,994.0
663,HLA-B53:01,36558.99,ANZ78847,GNLYGFRDYLT,663,995.0
574,HLA-B53:01,36585.4,ANZ78847,PCTCQPQAFLG,574,996.0
381,HLA-B53:01,36604.06,ANZ78847,DSFTCNNIDAA,381,997.0
708,HLA-B53:01,36606.51,ANZ78847,NYVFNNSLTRQ,708,998.0
1136,HLA-B53:01,36634.9,ANZ78847,GNGNHIISLVQ,1136,999.0
437,HLA-B53:01,36685.39,ANZ78847,SCQLYYNLPAA,437,1000.0
400,HLA-B53:01,36694.85,ANZ78847,SITIDKFAIPN,400,1001.0
754,HLA-B53:01,36707.85,ANZ78847,YCVDYSKNRRS,754,1002.0
415,HLA-B53:01,36753.43,ANZ78847,DLQLGNLGYLQ,415,1003.0
838,HLA-B53:01,36763.45,ANZ78847,QLVEYGSFCDN,838,1004.0
18,HLA-B53:01,36769.61,ANZ78847,LKCPLDSRTGS,18,1005.0
443,HLA-B53:01,36783.72,ANZ78847,NLPAANVSVSR,443,1006.0
987,HLA-B53:01,36786.0,ANZ78847,GVPFYLNVQYR,987,1007.0
1286,HLA-B53:01,36787.89,ANZ78847,NQSYINLKDIG,1286,1008.0
457,HLA-B53:01,36789.29,ANZ78847,STWNKRFGFIE,457,1009.0
1036,HLA-B53:01,36791.39,ANZ78847,ALVKIQAVVNA,1036,1010.0
482,HLA-B53:01,36811.81,ANZ78847,HDVVYAQHCFK,482,1011.0
222,HLA-B53:01,36859.71,ANZ78847,EGGTFYAYFTD,222,1012.0
1037,HLA-B53:01,36891.99,ANZ78847,LVKIQAVVNAN,1037,1013.0
831,HLA-B53:01,36900.97,ANZ78847,DYAACKSQLVE,831,1014.0
1111,HLA-B53:01,36913.16,ANZ78847,KFSAAQAMEKV,1111,1015.0
1233,HLA-B53:01,36926.66,ANZ78847,TSIPNLPDFRE,1233,1016.0
256,HLA-B53:01,36934.57,ANZ78847,PLTCISRRNIG,256,1017.0
625,HLA-B53:01,36938.44,ANZ78847,KLGVCVNYDLY,625,1018.0
1022,HLA-B53:01,36952.91,ANZ78847,ALDAIQEGFDA,1022,1019.0
483,HLA-B53:01,36963.29,ANZ78847,DVVYAQHCFKA,483,1020.0
289,HLA-B53:01,36965.58,ANZ78847,GIIFNAVDCMS,289,1021.0
1061,HLA-B53:01,36970.82,ANZ78847,RFGAISSSLQE,1061,1022.0
1234,HLA-B53:01,37000.66,ANZ78847,SIPNLPDFREE,1234,1023.0
555,HLA-B53:01,37006.13,ANZ78847,GIGEHCSGLAV,555,1024.0
199,HLA-B53:01,37044.56,ANZ78847,SCLYKRNFTYD,199,1025.0
351,HLA-B53:01,37068.23,ANZ78847,KSVPSPLNWER,351,1026.0
401,HLA-B53:01,37084.49,ANZ78847,ITIDKFAIPNG,401,1027.0
1330,HLA-B53:01,37104.58,ANZ78847,TGCGTSCFKKC,1330,1028.0
930,HLA-B53:01,37105.44,ANZ78847,VAAYNNCTGGA,930,1029.0
1018,HLA-B53:01,37109.64,ANZ78847,AFNNALDAIQE,1018,1030.0
215,HLA-B53:01,37110.44,ANZ78847,LYFHFYQEGGT,215,1031.0
551,HLA-B53:01,37114.9,ANZ78847,KSLVGIGEHCS,551,1032.0
114,HLA-B53:01,37133.94,ANZ78847,KVFKDGVMYSE,114,1033.0
660,HLA-B53:01,37139.37,ANZ78847,DSNGNLYGFRD,660,1034.0
63,HLA-B53:01,37155.15,ANZ78847,TTLFLNGYYPT,63,1035.0
670,HLA-B53:01,37165.0,ANZ78847,DYLTNRTFMIR,670,1036.0
1073,HLA-B53:01,37175.53,ANZ78847,LSRLDALEAEA,1073,1037.0
112,HLA-B53:01,37181.07,ANZ78847,NTKVFKDGVMY,112,1038.0
1057,HLA-B53:01,37181.26,ANZ78847,QLSNRFGAISS,1057,1039.0
1056,HLA-B53:01,37191.9,ANZ78847,QQLSNRFGAIS,1056,1040.0
1109,HLA-B53:01,37218.2,ANZ78847,LVKFSAAQAME,1109,1041.0
544,HLA-B53:01,37218.46,ANZ78847,PYKCPQSKSLV,544,1042.0
452,HLA-B53:01,37266.82,ANZ78847,SRFNPSTWNKR,452,1043.0
1199,HLA-B53:01,37324.72,ANZ78847,GSGYYYPEPIT,1199,1044.0
1201,HLA-B53:01,37327.0,ANZ78847,GYYYPEPITEN,1201,1045.0
931,HLA-B53:01,37327.69,ANZ78847,AAYNNCTGGAE,931,1046.0
996,HLA-B53:01,37337.07,ANZ78847,YRINGLGVTMD,996,1047.0
503,HLA-B53:01,37385.24,ANZ78847,NSSLCVGSGPG,503,1048.0
155,HLA-B53:01,37392.67,ANZ78847,VNKLQGLLEVS,155,1049.0
301,HLA-B53:01,37399.21,ANZ78847,FMSEIKCKTQS,301,1050.0
688,HLA-B53:01,37414.02,ANZ78847,SAAFHANSSEP,688,1051.0
1039,HLA-B53:01,37457.05,ANZ78847,KIQAVVNANAE,1039,1052.0
666,HLA-B53:01,37472.51,ANZ78847,YGFRDYLTNRT,666,1053.0
883,HLA-B53:01,37480.25,ANZ78847,DGVNFNVDDIN,883,1054.0
834,HLA-B53:01,37492.63,ANZ78847,ACKSQLVEYGS,834,1055.0
742,HLA-B53:01,37492.83,ANZ78847,SVQTCDLTVGS,742,1056.0
1007,HLA-B53:01,37498.5,ANZ78847,VLSQNQKLIAN,1007,1057.0
1002,HLA-B53:01,37501.56,ANZ78847,GVTMDVLSQNQ,1002,1058.0
997,HLA-B53:01,37505.92,ANZ78847,RINGLGVTMDV,997,1059.0
538,HLA-B53:01,37506.21,ANZ78847,PITFTGPYKCP,538,1060.0
260,HLA-B53:01,37507.73,ANZ78847,ISRRNIGFTLE,260,1061.0
1178,HLA-B53:01,37525.39,ANZ78847,DRGIAPKSGYF,1178,1062.0
327,HLA-B53:01,37531.77,ANZ78847,QPIADVYRRKP,327,1063.0
882,HLA-B53:01,37556.11,ANZ78847,KDGVNFNVDDI,882,1064.0
654,HLA-B53:01,37564.6,ANZ78847,WQNLLYDSNGN,654,1065.0
1006,HLA-B53:01,37575.24,ANZ78847,DVLSQNQKLIA,1006,1066.0
144,HLA-B53:01,37576.24,ANZ78847,QPRTINSTQDG,144,1067.0
451,HLA-B53:01,37605.43,ANZ78847,VSRFNPSTWNK,451,1068.0
676,HLA-B53:01,37606.26,ANZ78847,TFMIRSCYSGR,676,1069.0
1141,HLA-B53:01,37618.25,ANZ78847,IISLVQNAPYG,1141,1070.0
1262,HLA-B53:01,37629.88,ANZ78847,DYINVTFLDLQ,1262,1071.0
420,HLA-B53:01,37642.68,ANZ78847,NLGYLQSFNYR,420,1072.0
928,HLA-B53:01,37643.15,ANZ78847,GFVAAYNNCTG,928,1073.0
685,HLA-B53:01,37644.04,ANZ78847,GRVSAAFHANS,685,1074.0
727,HLA-B53:01,37665.53,ANZ78847,SYLGCVVNAYN,727,1075.0
568,HLA-B53:01,37684.58,ANZ78847,DYCGGNPCTCQ,568,1076.0
878,HLA-B53:01,37685.61,ANZ78847,STKLKDGVNFN,878,1077.0
9,HLA-B53:01,37706.41,ANZ78847,PTAFAVIGDLK,9,1078.0
1246,HLA-B53:01,37723.51,ANZ78847,DQWFKNQTSVA,1246,1079.0
82,HLA-B53:01,37739.16,ANZ78847,ALKGTDKLSTL,82,1080.0
1012,HLA-B53:01,37742.83,ANZ78847,QKLIANAFNNA,1012,1081.0
585,HLA-B53:01,37747.8,ANZ78847,WSADSCLQGDK,585,1082.0
1248,HLA-B53:01,37755.63,ANZ78847,WFKNQTSVAPD,1248,1083.0
833,HLA-B53:01,37811.77,ANZ78847,AACKSQLVEYG,833,1084.0
569,HLA-B53:01,37843.57,ANZ78847,YCGGNPCTCQP,569,1085.0
1273,HLA-B53:01,37844.08,ANZ78847,VEMNRLQEAIK,1273,1086.0
545,HLA-B53:01,37863.24,ANZ78847,YKCPQSKSLVG,545,1087.0
1106,HLA-B53:01,37866.82,ANZ78847,DSTLVKFSAAQ,1106,1088.0
28,HLA-B53:01,37878.02,ANZ78847,SLNNIDTGPPS,28,1089.0
344,HLA-B53:01,37878.68,ANZ78847,IEAWLNDKSVP,344,1090.0
335,HLA-B53:01,37909.3,ANZ78847,RKPDLPNCNIE,335,1091.0
1281,HLA-B53:01,37934.87,ANZ78847,AIKVLNQSYIN,1281,1092.0
1247,HLA-B53:01,37974.68,ANZ78847,QWFKNQTSVAP,1247,1093.0
1349,HLA-B53:01,37976.89,ANZ78847,GYQELVIKTSH,1349,1094.0
1252,HLA-B53:01,37984.9,ANZ78847,QTSVAPDLALD,1252,1095.0
1077,HLA-B53:01,38003.64,ANZ78847,DALEAEAQIDR,1077,1096.0
1179,HLA-B53:01,38008.2,ANZ78847,RGIAPKSGYFV,1179,1097.0
224,HLA-B53:01,38020.03,ANZ78847,GTFYAYFTDTG,224,1098.0
1083,HLA-B53:01,38045.2,ANZ78847,AQIDRLINGRL,1083,1099.0
993,HLA-B53:01,38045.96,ANZ78847,NVQYRINGLGV,993,1100.0
197,HLA-B53:01,38070.28,ANZ78847,VVSCLYKRNFT,197,1101.0
507,HLA-B53:01,38083.4,ANZ78847,CVGSGPGKNNG,507,1102.0
1215,HLA-B53:01,38107.47,ANZ78847,VMSTCAVNYTK,1215,1103.0
1169,HLA-B53:01,38107.78,ANZ78847,VSPGLCIAGDR,1169,1104.0
1121,HLA-B53:01,38151.82,ANZ78847,VNECVKSQSSR,1121,1105.0
911,HLA-B53:01,38182.05,ANZ78847,RSAIEDLLFDK,911,1106.0
1082,HLA-B53:01,38182.9,ANZ78847,EAQIDRLINGR,1082,1107.0
630,HLA-B53:01,38184.35,ANZ78847,VNYDLYGISGQ,630,1108.0
462,HLA-B53:01,38191.52,ANZ78847,RFGFIEDSVFK,462,1109.0
950,HLA-B53:01,38193.2,ANZ78847,SYKGIKVLPPL,950,1110.0
813,HLA-B53:01,38198.21,ANZ78847,IQTSSPKVTID,813,1111.0
716,HLA-B53:01,38223.71,ANZ78847,TRQLQPINYFD,716,1112.0
145,HLA-B53:01,38264.8,ANZ78847,PRTINSTQDGV,145,1113.0
618,HLA-B53:01,38290.41,ANZ78847,QKANTDIKLGV,618,1114.0
976,HLA-B53:01,38309.19,ANZ78847,ASLFPPWTAAA,976,1115.0
902,HLA-B53:01,38314.3,ANZ78847,GSECSKASSRS,902,1116.0
300,HLA-B53:01,38324.24,ANZ78847,DFMSEIKCKTQ,300,1117.0
488,HLA-B53:01,38326.17,ANZ78847,QHCFKAPKNFC,488,1118.0
951,HLA-B53:01,38346.64,ANZ78847,YKGIKVLPPLL,951,1119.0
1240,HLA-B53:01,38372.12,ANZ78847,DFREELDQWFK,1240,1120.0
14,HLA-B53:01,38372.67,ANZ78847,VIGDLKCPLDS,14,1121.0
1197,HLA-B53:01,38376.85,ANZ78847,YTGSGYYYPEP,1197,1122.0
750,HLA-B53:01,38381.54,ANZ78847,VGSGYCVDYSK,750,1123.0
755,HLA-B53:01,38413.09,ANZ78847,CVDYSKNRRSR,755,1124.0
325,HLA-B53:01,38417.39,ANZ78847,TVQPIADVYRR,325,1125.0
954,HLA-B53:01,38429.73,ANZ78847,IKVLPPLLSEN,954,1126.0
1167,HLA-B53:01,38444.71,ANZ78847,AKVSPGLCIAG,1167,1127.0
1284,HLA-B53:01,38454.37,ANZ78847,VLNQSYINLKD,1284,1128.0
967,HLA-B53:01,38494.78,ANZ78847,SGYTLAATSAS,967,1129.0
1243,HLA-B53:01,38509.92,ANZ78847,EELDQWFKNQT,1243,1130.0
1287,HLA-B53:01,38514.47,ANZ78847,QSYINLKDIGT,1287,1131.0
631,HLA-B53:01,38545.47,ANZ78847,NYDLYGISGQG,631,1132.0
11,HLA-B53:01,38550.03,ANZ78847,AFAVIGDLKCP,11,1133.0
611,HLA-B53:01,38590.07,ANZ78847,LTCSTDLQKAN,611,1134.0
901,HLA-B53:01,38592.87,ANZ78847,LGSECSKASSR,901,1135.0
1031,HLA-B53:01,38642.7,ANZ78847,DATNSALVKIQ,1031,1136.0
717,HLA-B53:01,38659.94,ANZ78847,RQLQPINYFDS,717,1137.0
265,HLA-B53:01,38663.42,ANZ78847,IGFTLEYWVTP,265,1138.0
922,HLA-B53:01,38665.45,ANZ78847,VKLSDVGFVAA,922,1139.0
278,HLA-B53:01,38692.81,ANZ78847,SRQYLLAFNQD,278,1140.0
7,HLA-B53:01,38728.57,ANZ78847,SLPTAFAVIGD,7,1141.0
784,HLA-B53:01,38748.64,ANZ78847,SVNDSLEPVGG,784,1142.0
684,HLA-B53:01,38768.8,ANZ78847,SGRVSAAFHAN,684,1143.0
238,HLA-B53:01,38804.33,ANZ78847,KFLFNVYLGMA,238,1144.0
977,HLA-B53:01,38807.24,ANZ78847,SLFPPWTAAAG,977,1145.0
228,HLA-B53:01,38808.26,ANZ78847,AYFTDTGVVTK,228,1146.0
793,HLA-B53:01,38822.11,ANZ78847,GGLYEIQIPSD,793,1147.0
202,HLA-B53:01,38831.5,ANZ78847,YKRNFTYDVNA,202,1148.0
821,HLA-B53:01,38842.55,ANZ78847,TIDCAAFVCGD,821,1149.0
399,HLA-B53:01,38858.53,ANZ78847,SSITIDKFAIP,399,1150.0
103,HLA-B53:01,38878.8,ANZ78847,INGIFAKVKNT,103,1151.0
79,HLA-B53:01,38885.27,ANZ78847,RNMALKGTDKL,79,1152.0
751,HLA-B53:01,38942.73,ANZ78847,GSGYCVDYSKN,751,1153.0
42,HLA-B53:01,38973.74,ANZ78847,ATVDVTNGLGT,42,1154.0
903,HLA-B53:01,38986.27,ANZ78847,SECSKASSRSA,903,1155.0
752,HLA-B53:01,38999.13,ANZ78847,SGYCVDYSKNR,752,1156.0
1163,HLA-B53:01,39019.78,ANZ78847,KYVTAKVSPGL,1163,1157.0
675,HLA-B53:01,39026.85,ANZ78847,RTFMIRSCYSG,675,1158.0
502,HLA-B53:01,39028.38,ANZ78847,SNSSLCVGSGP,502,1159.0
1336,HLA-B53:01,39046.85,ANZ78847,CFKKCGGCCDD,1336,1160.0
1074,HLA-B53:01,39047.24,ANZ78847,SRLDALEAEAQ,1074,1161.0
710,HLA-B53:01,39066.96,ANZ78847,VFNNSLTRQLQ,710,1162.0
334,HLA-B53:01,39073.48,ANZ78847,RRKPDLPNCNI,334,1163.0
561,HLA-B53:01,39076.14,ANZ78847,SGLAVKSDYCG,561,1164.0
1242,HLA-B53:01,39111.77,ANZ78847,REELDQWFKNQ,1242,1165.0
324,HLA-B53:01,39132.23,ANZ78847,YTVQPIADVYR,324,1166.0
464,HLA-B53:01,39151.28,ANZ78847,GFIEDSVFKPQ,464,1167.0
303,HLA-B53:01,39156.87,ANZ78847,SEIKCKTQSIA,303,1168.0
1270,HLA-B53:01,39158.37,ANZ78847,DLQVEMNRLQE,1270,1169.0
1101,HLA-B53:01,39159.64,ANZ78847,SQQLSDSTLVK,1101,1170.0
554,HLA-B53:01,39170.61,ANZ78847,VGIGEHCSGLA,554,1171.0
137,HLA-B53:01,39196.14,ANZ78847,TSYSVVVQPRT,137,1172.0
308,HLA-B53:01,39204.1,ANZ78847,KTQSIAPPTGV,308,1173.0
491,HLA-B53:01,39208.63,ANZ78847,FKAPKNFCPCK,491,1174.0
510,HLA-B53:01,39237.73,ANZ78847,SGPGKNNGIGT,510,1175.0
558,HLA-B53:01,39246.89,ANZ78847,EHCSGLAVKSD,558,1176.0
1158,HLA-B53:01,39260.08,ANZ78847,SYVPTKYVTAK,1158,1177.0
1098,HLA-B53:01,39288.74,ANZ78847,AYVSQQLSDST,1098,1178.0
945,HLA-B53:01,39300.45,ANZ78847,LICVQSYKGIK,945,1179.0
74,HLA-B53:01,39330.7,ANZ78847,SGSTYRNMALK,74,1180.0
13,HLA-B53:01,39336.83,ANZ78847,AVIGDLKCPLD,13,1181.0
615,HLA-B53:01,39352.67,ANZ78847,TDLQKANTDIK,615,1182.0
1174,HLA-B53:01,39378.79,ANZ78847,CIAGDRGIAPK,1174,1183.0
422,HLA-B53:01,39468.72,ANZ78847,GYLQSFNYRID,422,1184.0
332,HLA-B53:01,39471.26,ANZ78847,VYRRKPDLPNC,332,1185.0
176,HLA-B53:01,39474.07,ANZ78847,HTICHPNLGNH,176,1186.0
955,HLA-B53:01,39493.55,ANZ78847,KVLPPLLSENQ,955,1187.0
1172,HLA-B53:01,39502.41,ANZ78847,GLCIAGDRGIA,1172,1188.0
765,HLA-B53:01,39512.66,ANZ78847,RRAITTGYRFT,765,1189.0
1050,HLA-B53:01,39512.71,ANZ78847,ALNNLLQQLSN,1050,1190.0
899,HLA-B53:01,39539.68,ANZ78847,GCLGSECSKAS,899,1191.0
1054,HLA-B53:01,39554.13,ANZ78847,LLQQLSNRFGA,1054,1192.0
152,HLA-B53:01,39560.74,ANZ78847,QDGVNKLQGLL,152,1193.0
17,HLA-B53:01,39567.16,ANZ78847,DLKCPLDSRTG,17,1194.0
195,HLA-B53:01,39577.85,ANZ78847,TGVVSCLYKRN,195,1195.0
539,HLA-B53:01,39604.61,ANZ78847,ITFTGPYKCPQ,539,1196.0
556,HLA-B53:01,39620.54,ANZ78847,IGEHCSGLAVK,556,1197.0
466,HLA-B53:01,39627.92,ANZ78847,IEDSVFKPQPA,466,1198.0
1091,HLA-B53:01,39632.24,ANZ78847,GRLTALNAYVS,1091,1199.0
1334,HLA-B53:01,39652.95,ANZ78847,TSCFKKCGGCC,1334,1200.0
1128,HLA-B53:01,39668.51,ANZ78847,QSSRINFCGNG,1128,1201.0
943,HLA-B53:01,39682.08,ANZ78847,RDLICVQSYKG,943,1202.0
435,HLA-B53:01,39695.79,ANZ78847,ATSCQLYYNLP,435,1203.0
1119,HLA-B53:01,39701.26,ANZ78847,EKVNECVKSQS,1119,1204.0
26,HLA-B53:01,39741.39,ANZ78847,TGSLNNIDTGP,26,1205.0
467,HLA-B53:01,39769.29,ANZ78847,EDSVFKPQPAG,467,1206.0
153,HLA-B53:01,39773.75,ANZ78847,DGVNKLQGLLE,153,1207.0
1093,HLA-B53:01,39806.78,ANZ78847,LTALNAYVSQQ,1093,1208.0
1029,HLA-B53:01,39847.84,ANZ78847,GFDATNSALVK,1029,1209.0
86,HLA-B53:01,39849.72,ANZ78847,TDKLSTLWFKP,86,1210.0
1162,HLA-B53:01,39869.56,ANZ78847,TKYVTAKVSPG,1162,1211.0
69,HLA-B53:01,39875.89,ANZ78847,GYYPTSGSTYR,69,1212.0
1168,HLA-B53:01,39877.05,ANZ78847,KVSPGLCIAGD,1168,1213.0
1277,HLA-B53:01,39879.23,ANZ78847,RLQEAIKVLNQ,1277,1214.0
1095,HLA-B53:01,39901.02,ANZ78847,ALNAYVSQQLS,1095,1215.0
557,HLA-B53:01,39940.85,ANZ78847,GEHCSGLAVKS,557,1216.0
880,HLA-B53:01,39952.97,ANZ78847,KLKDGVNFNVD,880,1217.0
512,HLA-B53:01,39963.78,ANZ78847,PGKNNGIGTCP,512,1218.0
1038,HLA-B53:01,39966.56,ANZ78847,VKIQAVVNANA,1038,1219.0
1129,HLA-B53:01,39971.62,ANZ78847,SSRINFCGNGN,1129,1220.0
830,HLA-B53:01,39979.33,ANZ78847,GDYAACKSQLV,830,1221.0
826,HLA-B53:01,39993.54,ANZ78847,AFVCGDYAACK,826,1222.0
811,HLA-B53:01,39994.3,ANZ78847,EFIQTSSPKVT,811,1223.0
758,HLA-B53:01,40002.89,ANZ78847,YSKNRRSRRAI,758,1224.0
508,HLA-B53:01,40023.78,ANZ78847,VGSGPGKNNGI,508,1225.0
876,HLA-B53:01,40024.87,ANZ78847,TLSTKLKDGVN,876,1226.0
1151,HLA-B53:01,40030.4,ANZ78847,GLYFIHFSYVP,1151,1227.0
609,HLA-B53:01,40036.43,ANZ78847,SGLTCSTDLQK,609,1228.0
913,HLA-B53:01,40042.15,ANZ78847,AIEDLLFDKVK,913,1229.0
495,HLA-B53:01,40049.29,ANZ78847,KNFCPCKSNSS,495,1230.0
1161,HLA-B53:01,40066.5,ANZ78847,PTKYVTAKVSP,1161,1231.0
743,HLA-B53:01,40102.03,ANZ78847,VQTCDLTVGSG,743,1232.0
1337,HLA-B53:01,40120.59,ANZ78847,FKKCGGCCDDY,1337,1233.0
142,HLA-B53:01,40135.21,ANZ78847,VVQPRTINSTQ,142,1234.0
149,HLA-B53:01,40162.43,ANZ78847,NSTQDGVNKLQ,149,1235.0
154,HLA-B53:01,40165.1,ANZ78847,GVNKLQGLLEV,154,1236.0
25,HLA-B53:01,40178.81,ANZ78847,RTGSLNNIDTG,25,1237.0
1127,HLA-B53:01,40191.61,ANZ78847,SQSSRINFCGN,1127,1238.0
1107,HLA-B53:01,40243.28,ANZ78847,STLVKFSAAQA,1107,1239.0
236,HLA-B53:01,40316.17,ANZ78847,VTKFLFNVYLG,236,1240.0
617,HLA-B53:01,40334.47,ANZ78847,LQKANTDIKLG,617,1241.0
953,HLA-B53:01,40354.04,ANZ78847,GIKVLPPLLSE,953,1242.0
1000,HLA-B53:01,40368.64,ANZ78847,GLGVTMDVLSQ,1000,1243.0
1032,HLA-B53:01,40387.9,ANZ78847,ATNSALVKIQA,1032,1244.0
15,HLA-B53:01,40406.9,ANZ78847,IGDLKCPLDSR,15,1245.0
920,HLA-B53:01,40418.38,ANZ78847,DKVKLSDVGFV,920,1246.0
1130,HLA-B53:01,40423.95,ANZ78847,SRINFCGNGNH,1130,1247.0
105,HLA-B53:01,40435.31,ANZ78847,GIFAKVKNTKV,105,1248.0
1283,HLA-B53:01,40451.74,ANZ78847,KVLNQSYINLK,1283,1249.0
489,HLA-B53:01,40471.45,ANZ78847,HCFKAPKNFCP,489,1250.0
623,HLA-B53:01,40491.04,ANZ78847,DIKLGVCVNYD,623,1251.0
514,HLA-B53:01,40505.93,ANZ78847,KNNGIGTCPAG,514,1252.0
1092,HLA-B53:01,40508.82,ANZ78847,RLTALNAYVSQ,1092,1253.0
769,HLA-B53:01,40519.11,ANZ78847,TTGYRFTNFEP,769,1254.0
505,HLA-B53:01,40520.93,ANZ78847,SLCVGSGPGKN,505,1255.0
1335,HLA-B53:01,40553.95,ANZ78847,SCFKKCGGCCD,1335,1256.0
549,HLA-B53:01,40608.19,ANZ78847,QSKSLVGIGEH,549,1257.0
151,HLA-B53:01,40619.6,ANZ78847,TQDGVNKLQGL,151,1258.0
317,HLA-B53:01,40631.04,ANZ78847,GVYELNGYTVQ,317,1259.0
16,HLA-B53:01,40680.2,ANZ78847,GDLKCPLDSRT,16,1260.0
146,HLA-B53:01,40681.77,ANZ78847,RTINSTQDGVN,146,1261.0
331,HLA-B53:01,40703.85,ANZ78847,DVYRRKPDLPN,331,1262.0
469,HLA-B53:01,40763.38,ANZ78847,SVFKPQPAGVL,469,1263.0
566,HLA-B53:01,40775.13,ANZ78847,KSDYCGGNPCT,566,1264.0
1085,HLA-B53:01,40780.89,ANZ78847,IDRLINGRLTA,1085,1265.0
333,HLA-B53:01,40793.21,ANZ78847,YRRKPDLPNCN,333,1266.0
1332,HLA-B53:01,40814.05,ANZ78847,CGTSCFKKCGG,1332,1267.0
828,HLA-B53:01,40819.35,ANZ78847,VCGDYAACKSQ,828,1268.0
542,HLA-B53:01,40820.22,ANZ78847,TGPYKCPQSKS,542,1269.0
994,HLA-B53:01,40849.61,ANZ78847,VQYRINGLGVT,994,1270.0
540,HLA-B53:01,40854.89,ANZ78847,TFTGPYKCPQS,540,1271.0
141,HLA-B53:01,40866.88,ANZ78847,VVVQPRTINST,141,1272.0
897,HLA-B53:01,40875.66,ANZ78847,VLGCLGSECSK,897,1273.0
279,HLA-B53:01,40877.5,ANZ78847,RQYLLAFNQDG,279,1274.0
756,HLA-B53:01,40885.44,ANZ78847,VDYSKNRRSRR,756,1275.0
306,HLA-B53:01,40888.86,ANZ78847,KCKTQSIAPPT,306,1276.0
875,HLA-B53:01,40892.39,ANZ78847,VTLSTKLKDGV,875,1277.0
411,HLA-B53:01,40928.24,ANZ78847,GRKVDLQLGNL,411,1278.0
77,HLA-B53:01,40940.07,ANZ78847,TYRNMALKGTD,77,1279.0
762,HLA-B53:01,41014.0,ANZ78847,RRSRRAITTGY,762,1280.0
921,HLA-B53:01,41060.54,ANZ78847,KVKLSDVGFVA,921,1281.0
1329,HLA-B53:01,41074.37,ANZ78847,CTGCGTSCFKK,1329,1282.0
1084,HLA-B53:01,41127.87,ANZ78847,QIDRLINGRLT,1084,1283.0
147,HLA-B53:01,41150.22,ANZ78847,TINSTQDGVNK,147,1284.0
952,HLA-B53:01,41155.31,ANZ78847,KGIKVLPPLLS,952,1285.0
470,HLA-B53:01,41171.75,ANZ78847,VFKPQPAGVLT,470,1286.0
75,HLA-B53:01,41188.75,ANZ78847,GSTYRNMALKG,75,1287.0
949,HLA-B53:01,41215.62,ANZ78847,QSYKGIKVLPP,949,1288.0
328,HLA-B53:01,41239.97,ANZ78847,PIADVYRRKPD,328,1289.0
409,HLA-B53:01,41251.66,ANZ78847,PNGRKVDLQLG,409,1290.0
753,HLA-B53:01,41270.96,ANZ78847,GYCVDYSKNRR,753,1291.0
678,HLA-B53:01,41276.78,ANZ78847,MIRSCYSGRVS,678,1292.0
1339,HLA-B53:01,41277.29,ANZ78847,KCGGCCDDYTG,1339,1293.0
610,HLA-B53:01,41279.44,ANZ78847,GLTCSTDLQKA,610,1294.0
326,HLA-B53:01,41309.94,ANZ78847,VQPIADVYRRK,326,1295.0
1331,HLA-B53:01,41313.7,ANZ78847,GCGTSCFKKCG,1331,1296.0
410,HLA-B53:01,41339.61,ANZ78847,NGRKVDLQLGN,410,1297.0
1250,HLA-B53:01,41356.61,ANZ78847,KNQTSVAPDLA,1250,1298.0
101,HLA-B53:01,41404.76,ANZ78847,DFINGIFAKVK,101,1299.0
1120,HLA-B53:01,41412.01,ANZ78847,KVNECVKSQSS,1120,1300.0
318,HLA-B53:01,41437.5,ANZ78847,VYELNGYTVQP,318,1301.0
203,HLA-B53:01,41500.26,ANZ78847,KRNFTYDVNAT,203,1302.0
407,HLA-B53:01,41534.92,ANZ78847,AIPNGRKVDLQ,407,1303.0
1176,HLA-B53:01,41539.43,ANZ78847,AGDRGIAPKSG,1176,1304.0
304,HLA-B53:01,41543.23,ANZ78847,EIKCKTQSIAP,304,1305.0
484,HLA-B53:01,41558.45,ANZ78847,VVYAQHCFKAP,484,1306.0
412,HLA-B53:01,41568.56,ANZ78847,RKVDLQLGNLG,412,1307.0
468,HLA-B53:01,41577.33,ANZ78847,DSVFKPQPAGV,468,1308.0
1177,HLA-B53:01,41620.85,ANZ78847,GDRGIAPKSGY,1177,1309.0
509,HLA-B53:01,41630.14,ANZ78847,GSGPGKNNGIG,509,1310.0
513,HLA-B53:01,41637.41,ANZ78847,GKNNGIGTCPA,513,1311.0
874,HLA-B53:01,41644.77,ANZ78847,GVTLSTKLKDG,874,1312.0
402,HLA-B53:01,41687.39,ANZ78847,TIDKFAIPNGR,402,1313.0
1341,HLA-B53:01,41711.44,ANZ78847,GGCCDDYTGYQ,1341,1314.0
1126,HLA-B53:01,41724.27,ANZ78847,KSQSSRINFCG,1126,1315.0
1217,HLA-B53:01,41772.5,ANZ78847,STCAVNYTKAP,1217,1316.0
948,HLA-B53:01,41822.01,ANZ78847,VQSYKGIKVLP,948,1317.0
27,HLA-B53:01,41823.95,ANZ78847,GSLNNIDTGPP,27,1318.0
942,HLA-B53:01,41838.31,ANZ78847,IRDLICVQSYK,942,1319.0
501,HLA-B53:01,41922.83,ANZ78847,KSNSSLCVGSG,501,1320.0
143,HLA-B53:01,41945.61,ANZ78847,VQPRTINSTQD,143,1321.0
757,HLA-B53:01,41952.24,ANZ78847,DYSKNRRSRRA,757,1322.0
76,HLA-B53:01,41973.79,ANZ78847,STYRNMALKGT,76,1323.0
679,HLA-B53:01,41982.43,ANZ78847,IRSCYSGRVSA,679,1324.0
110,HLA-B53:01,42047.5,ANZ78847,VKNTKVFKDGV,110,1325.0
761,HLA-B53:01,42088.45,ANZ78847,NRRSRRAITTG,761,1326.0
150,HLA-B53:01,42096.08,ANZ78847,STQDGVNKLQG,150,1327.0
562,HLA-B53:01,42147.25,ANZ78847,GLAVKSDYCGG,562,1328.0
1333,HLA-B53:01,42201.41,ANZ78847,GTSCFKKCGGC,1333,1329.0
485,HLA-B53:01,42214.64,ANZ78847,VYAQHCFKAPK,485,1330.0
382,HLA-B53:01,42257.88,ANZ78847,SFTCNNIDAAK,382,1331.0
564,HLA-B53:01,42322.05,ANZ78847,AVKSDYCGGNP,564,1332.0
1003,HLA-B53:01,42388.07,ANZ78847,VTMDVLSQNQK,1003,1333.0
78,HLA-B53:01,42418.01,ANZ78847,YRNMALKGTDK,78,1334.0
1338,HLA-B53:01,42418.82,ANZ78847,KKCGGCCDDYT,1338,1335.0
541,HLA-B53:01,42452.82,ANZ78847,FTGPYKCPQSK,541,1336.0
104,HLA-B53:01,42471.15,ANZ78847,NGIFAKVKNTK,104,1337.0
1110,HLA-B53:01,42556.25,ANZ78847,VKFSAAQAMEK,1110,1338.0
571,HLA-B53:01,42576.75,ANZ78847,GGNPCTCQPQA,571,1339.0
330,HLA-B53:01,42614.73,ANZ78847,ADVYRRKPDLP,330,1340.0
108,HLA-B53:01,42655.86,ANZ78847,AKVKNTKVFKD,108,1341.0
504,HLA-B53:01,42667.46,ANZ78847,SSLCVGSGPGK,504,1342.0
87,HLA-B53:01,42669.54,ANZ78847,DKLSTLWFKPP,87,1343.0
680,HLA-B53:01,42763.7,ANZ78847,RSCYSGRVSAA,680,1344.0
763,HLA-B53:01,42840.63,ANZ78847,RSRRAITTGYR,763,1345.0
760,HLA-B53:01,42934.5,ANZ78847,KNRRSRRAITT,760,1346.0
305,HLA-B53:01,42939.46,ANZ78847,IKCKTQSIAPP,305,1347.0
405,HLA-B53:01,43016.34,ANZ78847,KFAIPNGRKVD,405,1348.0
759,HLA-B53:01,43053.26,ANZ78847,SKNRRSRRAIT,759,1349.0
403,HLA-B53:01,43123.02,ANZ78847,IDKFAIPNGRK,403,1350.0
109,HLA-B53:01,43300.21,ANZ78847,KVKNTKVFKDG,109,1351.0
404,HLA-B53:01,43451.85,ANZ78847,DKFAIPNGRKV,404,1352.0
247,HLA-B08:01,23.86,ANZ78847,MALSHYYVMPL,247,1.0
1086,HLA-B08:01,56.77,ANZ78847,DRLINGRLTAL,1086,2.0
1055,HLA-B08:01,70.58,ANZ78847,LQQLSNRFGAI,1055,3.0
73,HLA-B08:01,99.42,ANZ78847,TSGSTYRNMAL,73,4.0
275,HLA-B08:01,129.46,ANZ78847,PLTSRQYLLAF,275,5.0
700,HLA-B08:01,129.54,ANZ78847,LLFRNIKCNYV,700,6.0
302,HLA-B08:01,141.55,ANZ78847,MSEIKCKTQSI,302,7.0
259,HLA-B08:01,149.21,ANZ78847,CISRRNIGFTL,259,8.0
245,HLA-B08:01,158.7,ANZ78847,LGMALSHYYVM,245,9.0
817,HLA-B08:01,162.38,ANZ78847,SPKVTIDCAAF,817,10.0
1105,HLA-B08:01,207.77,ANZ78847,SDSTLVKFSAA,1105,11.0
712,HLA-B08:01,236.88,ANZ78847,NNSLTRQLQPI,712,12.0
180,HLA-B08:01,246.89,ANZ78847,HPNLGNHFKEL,180,13.0
82,HLA-B08:01,279.47,ANZ78847,ALKGTDKLSTL,82,14.0
200,HLA-B08:01,301.28,ANZ78847,CLYKRNFTYDV,200,15.0
111,HLA-B08:01,345.29,ANZ78847,KNTKVFKDGVM,111,16.0
239,HLA-B08:01,435.85,ANZ78847,FLFNVYLGMAL,239,17.0
991,HLA-B08:01,487.25,ANZ78847,YLNVQYRINGL,991,18.0
677,HLA-B08:01,522.22,ANZ78847,FMIRSCYSGRV,677,19.0
391,HLA-B08:01,523.28,ANZ78847,AKIYGMCFSSI,391,20.0
950,HLA-B08:01,538.18,ANZ78847,SYKGIKVLPPL,950,21.0
758,HLA-B08:01,558.74,ANZ78847,YSKNRRSRRAI,758,22.0
1150,HLA-B08:01,587.58,ANZ78847,YGLYFIHFSYV,1150,23.0
1034,HLA-B08:01,643.79,ANZ78847,NSALVKIQAVV,1034,24.0
680,HLA-B08:01,646.05,ANZ78847,RSCYSGRVSAA,680,25.0
2,HLA-B08:01,654.78,ANZ78847,LILLISLPTAF,2,26.0
496,HLA-B08:01,669.49,ANZ78847,NFCPCKSNSSL,496,27.0
1211,HLA-B08:01,676.17,ANZ78847,NNVVVMSTCAV,1211,28.0
681,HLA-B08:01,939.99,ANZ78847,SCYSGRVSAAF,681,29.0
81,HLA-B08:01,960.42,ANZ78847,MALKGTDKLST,81,30.0
256,HLA-B08:01,1021.7,ANZ78847,PLTCISRRNIG,256,31.0
364,HLA-B08:01,1055.3,ANZ78847,FSNCNFNMSSL,364,32.0
0,HLA-B08:01,1118.16,ANZ78847,MFLILLISLPT,0,33.0
1069,HLA-B08:01,1133.6,ANZ78847,LQEILSRLDAL,1069,34.0
904,HLA-B08:01,1157.9,ANZ78847,ECSKASSRSAI,904,35.0
949,HLA-B08:01,1159.37,ANZ78847,QSYKGIKVLPP,949,36.0
701,HLA-B08:01,1209.5,ANZ78847,LFRNIKCNYVF,701,37.0
436,HLA-B08:01,1311.08,ANZ78847,TSCQLYYNLPA,436,38.0
456,HLA-B08:01,1350.46,ANZ78847,PSTWNKRFGFI,456,39.0
917,HLA-B08:01,1385.67,ANZ78847,LLFDKVKLSDV,917,40.0
57,HLA-B08:01,1406.17,ANZ78847,DRVYLNTTLFL,57,41.0
12,HLA-B08:01,1461.82,ANZ78847,FAVIGDLKCPL,12,42.0
905,HLA-B08:01,1543.05,ANZ78847,CSKASSRSAIE,905,43.0
675,HLA-B08:01,1555.54,ANZ78847,RTFMIRSCYSG,675,44.0
869,HLA-B08:01,1598.9,ANZ78847,NSLMNGVTLST,869,45.0
367,HLA-B08:01,1667.2,ANZ78847,CNFNMSSLMSF,367,46.0
347,HLA-B08:01,1880.84,ANZ78847,WLNDKSVPSPL,347,47.0
1301,HLA-B08:01,1977.81,ANZ78847,YVKWPWYVWLL,1301,48.0
365,HLA-B08:01,1982.6,ANZ78847,SNCNFNMSSLM,365,49.0
1281,HLA-B08:01,2096.35,ANZ78847,AIKVLNQSYIN,1281,50.0
951,HLA-B08:01,2147.55,ANZ78847,YKGIKVLPPLL,951,51.0
1009,HLA-B08:01,2162.66,ANZ78847,SQNQKLIANAF,1009,52.0
1134,HLA-B08:01,2171.99,ANZ78847,FCGNGNHIISL,1134,53.0
406,HLA-B08:01,2240.94,ANZ78847,FAIPNGRKVDL,406,54.0
757,HLA-B08:01,2267.01,ANZ78847,DYSKNRRSRRA,757,55.0
1157,HLA-B08:01,2328.64,ANZ78847,FSYVPTKYVTA,1157,56.0
1268,HLA-B08:01,2377.66,ANZ78847,FLDLQVEMNRL,1268,57.0
1033,HLA-B08:01,2407.72,ANZ78847,TNSALVKIQAV,1033,58.0
963,HLA-B08:01,2414.69,ANZ78847,ENQISGYTLAA,963,59.0
106,HLA-B08:01,2524.11,ANZ78847,IFAKVKNTKVF,106,60.0
759,HLA-B08:01,2525.03,ANZ78847,SKNRRSRRAIT,759,61.0
1059,HLA-B08:01,2579.01,ANZ78847,SNRFGAISSSL,1059,62.0
398,HLA-B08:01,2707.32,ANZ78847,FSSITIDKFAI,398,63.0
408,HLA-B08:01,2745.95,ANZ78847,IPNGRKVDLQL,408,64.0
498,HLA-B08:01,2796.73,ANZ78847,CPCKSNSSLCV,498,65.0
674,HLA-B08:01,2989.41,ANZ78847,NRTFMIRSCYS,674,66.0
1094,HLA-B08:01,3059.8,ANZ78847,TALNAYVSQQL,1094,67.0
273,HLA-B08:01,3074.7,ANZ78847,VTPLTSRQYLL,273,68.0
594,HLA-B08:01,3110.55,ANZ78847,DKCNIFANLIL,594,69.0
770,HLA-B08:01,3151.12,ANZ78847,TGYRFTNFEPF,770,70.0
1275,HLA-B08:01,3191.72,ANZ78847,MNRLQEAIKVL,1275,71.0
1088,HLA-B08:01,3231.43,ANZ78847,LINGRLTALNA,1088,72.0
490,HLA-B08:01,3498.2,ANZ78847,CFKAPKNFCPC,490,73.0
285,HLA-B08:01,3508.34,ANZ78847,FNQDGIIFNAV,285,74.0
662,HLA-B08:01,3557.81,ANZ78847,NGNLYGFRDYL,662,75.0
760,HLA-B08:01,3705.1,ANZ78847,KNRRSRRAITT,760,76.0
669,HLA-B08:01,3728.39,ANZ78847,RDYLTNRTFMI,669,77.0
1013,HLA-B08:01,3735.75,ANZ78847,KLIANAFNNAL,1013,78.0
19,HLA-B08:01,3736.24,ANZ78847,KCPLDSRTGSL,19,79.0
887,HLA-B08:01,3784.39,ANZ78847,FNVDDINFSSV,887,80.0
1,HLA-B08:01,3787.23,ANZ78847,FLILLISLPTA,1,81.0
89,HLA-B08:01,3845.51,ANZ78847,LSTLWFKPPFL,89,82.0
255,HLA-B08:01,4058.58,ANZ78847,MPLTCISRRNI,255,83.0
373,HLA-B08:01,4070.31,ANZ78847,SLMSFIQADSF,373,84.0
668,HLA-B08:01,4083.01,ANZ78847,FRDYLTNRTFM,668,85.0
457,HLA-B08:01,4083.27,ANZ78847,STWNKRFGFIE,457,86.0
1285,HLA-B08:01,4193.9,ANZ78847,LNQSYINLKDI,1285,87.0
767,HLA-B08:01,4231.59,ANZ78847,AITTGYRFTNF,767,88.0
370,HLA-B08:01,4335.92,ANZ78847,NMSSLMSFIQA,370,89.0
244,HLA-B08:01,4451.56,ANZ78847,YLGMALSHYYV,244,90.0
719,HLA-B08:01,4556.0,ANZ78847,LQPINYFDSYL,719,91.0
87,HLA-B08:01,4684.18,ANZ78847,DKLSTLWFKPP,87,92.0
705,HLA-B08:01,4801.7,ANZ78847,IKCNYVFNNSL,705,93.0
711,HLA-B08:01,4821.06,ANZ78847,FNNSLTRQLQP,711,94.0
555,HLA-B08:01,4874.79,ANZ78847,GIGEHCSGLAV,555,95.0
1107,HLA-B08:01,4917.18,ANZ78847,STLVKFSAAQA,1107,96.0
561,HLA-B08:01,4925.68,ANZ78847,SGLAVKSDYCG,561,97.0
947,HLA-B08:01,5003.55,ANZ78847,CVQSYKGIKVL,947,98.0
1280,HLA-B08:01,5035.35,ANZ78847,EAIKVLNQSYI,1280,99.0
233,HLA-B08:01,5172.22,ANZ78847,TGVVTKFLFNV,233,100.0
1099,HLA-B08:01,5185.26,ANZ78847,YVSQQLSDSTL,1099,101.0
257,HLA-B08:01,5312.49,ANZ78847,LTCISRRNIGF,257,102.0
274,HLA-B08:01,5317.58,ANZ78847,TPLTSRQYLLA,274,103.0
968,HLA-B08:01,5354.4,ANZ78847,GYTLAATSASL,968,104.0
1245,HLA-B08:01,5411.19,ANZ78847,LDQWFKNQTSV,1245,105.0
964,HLA-B08:01,5461.72,ANZ78847,NQISGYTLAAT,964,106.0
4,HLA-B08:01,5490.22,ANZ78847,LLISLPTAFAV,4,107.0
1108,HLA-B08:01,5552.69,ANZ78847,TLVKFSAAQAM,1108,108.0
386,HLA-B08:01,5652.15,ANZ78847,NNIDAAKIYGM,386,109.0
1053,HLA-B08:01,5685.03,ANZ78847,NLLQQLSNRFG,1053,110.0
237,HLA-B08:01,5851.1,ANZ78847,TKFLFNVYLGM,237,111.0
306,HLA-B08:01,5883.67,ANZ78847,KCKTQSIAPPT,306,112.0
390,HLA-B08:01,6070.58,ANZ78847,AAKIYGMCFSS,390,113.0
303,HLA-B08:01,6121.71,ANZ78847,SEIKCKTQSIA,303,114.0
489,HLA-B08:01,6143.62,ANZ78847,HCFKAPKNFCP,489,115.0
1220,HLA-B08:01,6188.9,ANZ78847,AVNYTKAPYVM,1220,116.0
1071,HLA-B08:01,6205.01,ANZ78847,EILSRLDALEA,1071,117.0
1320,HLA-B08:01,6252.13,ANZ78847,LVLLFFICCCT,1320,118.0
1249,HLA-B08:01,6279.53,ANZ78847,FKNQTSVAPDL,1249,119.0
156,HLA-B08:01,6384.41,ANZ78847,NKLQGLLEVSV,156,120.0
1271,HLA-B08:01,6389.16,ANZ78847,LQVEMNRLQEA,1271,121.0
1263,HLA-B08:01,6437.03,ANZ78847,YINVTFLDLQV,1263,122.0
495,HLA-B08:01,6444.04,ANZ78847,KNFCPCKSNSS,495,123.0
1309,HLA-B08:01,6446.35,ANZ78847,WLLICLAGVAM,1309,124.0
212,HLA-B08:01,6540.85,ANZ78847,ATYLYFHFYQE,212,125.0
368,HLA-B08:01,6585.38,ANZ78847,NFNMSSLMSFI,368,126.0
938,HLA-B08:01,6661.46,ANZ78847,GGAEIRDLICV,938,127.0
304,HLA-B08:01,6661.76,ANZ78847,EIKCKTQSIAP,304,128.0
447,HLA-B08:01,6950.48,ANZ78847,ANVSVSRFNPS,447,129.0
597,HLA-B08:01,6959.89,ANZ78847,NIFANLILHDV,597,130.0
683,HLA-B08:01,7113.23,ANZ78847,YSGRVSAAFHA,683,131.0
545,HLA-B08:01,7192.75,ANZ78847,YKCPQSKSLVG,545,132.0
1106,HLA-B08:01,7305.77,ANZ78847,DSTLVKFSAAQ,1106,133.0
305,HLA-B08:01,7370.18,ANZ78847,IKCKTQSIAPP,305,134.0
1068,HLA-B08:01,7462.02,ANZ78847,SLQEILSRLDA,1068,135.0
55,HLA-B08:01,7525.23,ANZ78847,VLDRVYLNTTL,55,136.0
1251,HLA-B08:01,7720.5,ANZ78847,NQTSVAPDLAL,1251,137.0
417,HLA-B08:01,7865.89,ANZ78847,QLGNLGYLQSF,417,138.0
3,HLA-B08:01,8038.72,ANZ78847,ILLISLPTAFA,3,139.0
272,HLA-B08:01,8278.96,ANZ78847,WVTPLTSRQYL,272,140.0
300,HLA-B08:01,8322.98,ANZ78847,DFMSEIKCKTQ,300,141.0
154,HLA-B08:01,8327.35,ANZ78847,GVNKLQGLLEV,154,142.0
1181,HLA-B08:01,8373.0,ANZ78847,IAPKSGYFVNV,1181,143.0
1115,HLA-B08:01,8383.0,ANZ78847,AQAMEKVNECV,1115,144.0
709,HLA-B08:01,8485.81,ANZ78847,YVFNNSLTRQL,709,145.0
1151,HLA-B08:01,8737.62,ANZ78847,GLYFIHFSYVP,1151,146.0
345,HLA-B08:01,8809.39,ANZ78847,EAWLNDKSVPS,345,147.0
1312,HLA-B08:01,8812.4,ANZ78847,ICLAGVAMLVL,1312,148.0
369,HLA-B08:01,8995.63,ANZ78847,FNMSSLMSFIQ,369,149.0
722,HLA-B08:01,9032.32,ANZ78847,INYFDSYLGCV,722,150.0
1246,HLA-B08:01,9057.14,ANZ78847,DQWFKNQTSVA,1246,151.0
969,HLA-B08:01,9378.22,ANZ78847,YTLAATSASLF,969,152.0
601,HLA-B08:01,9430.74,ANZ78847,NLILHDVNSGL,601,153.0
1147,HLA-B08:01,9437.98,ANZ78847,NAPYGLYFIHF,1147,154.0
301,HLA-B08:01,9495.44,ANZ78847,FMSEIKCKTQS,301,155.0
355,HLA-B08:01,9512.95,ANZ78847,SPLNWERKTFS,355,156.0
1219,HLA-B08:01,9618.64,ANZ78847,CAVNYTKAPYV,1219,157.0
1054,HLA-B08:01,9790.02,ANZ78847,LLQQLSNRFGA,1054,158.0
235,HLA-B08:01,9820.34,ANZ78847,VVTKFLFNVYL,235,159.0
589,HLA-B08:01,9960.94,ANZ78847,SCLQGDKCNIF,589,160.0
831,HLA-B08:01,10012.5,ANZ78847,DYAACKSQLVE,831,161.0
544,HLA-B08:01,10134.76,ANZ78847,PYKCPQSKSLV,544,162.0
1159,HLA-B08:01,10224.76,ANZ78847,YVPTKYVTAKV,1159,163.0
678,HLA-B08:01,10309.68,ANZ78847,MIRSCYSGRVS,678,164.0
448,HLA-B08:01,10340.97,ANZ78847,NVSVSRFNPST,448,165.0
1272,HLA-B08:01,10448.3,ANZ78847,QVEMNRLQEAI,1272,166.0
1316,HLA-B08:01,10477.9,ANZ78847,GVAMLVLLFFI,1316,167.0
1070,HLA-B08:01,10520.61,ANZ78847,QEILSRLDALE,1070,168.0
733,HLA-B08:01,10578.97,ANZ78847,VNAYNSTAISV,733,169.0
437,HLA-B08:01,10639.28,ANZ78847,SCQLYYNLPAA,437,170.0
155,HLA-B08:01,10652.37,ANZ78847,VNKLQGLLEVS,155,171.0
1056,HLA-B08:01,10699.67,ANZ78847,QQLSNRFGAIS,1056,172.0
624,HLA-B08:01,10709.34,ANZ78847,IKLGVCVNYDL,624,173.0
51,HLA-B08:01,10713.93,ANZ78847,GTYYVLDRVYL,51,174.0
871,HLA-B08:01,10799.08,ANZ78847,LMNGVTLSTKL,871,175.0
1310,HLA-B08:01,10825.29,ANZ78847,LLICLAGVAML,1310,176.0
88,HLA-B08:01,10826.48,ANZ78847,KLSTLWFKPPF,88,177.0
311,HLA-B08:01,10866.18,ANZ78847,SIAPPTGVYEL,311,178.0
761,HLA-B08:01,10887.2,ANZ78847,NRRSRRAITTG,761,179.0
731,HLA-B08:01,10921.76,ANZ78847,CVVNAYNSTAI,731,180.0
356,HLA-B08:01,10923.9,ANZ78847,PLNWERKTFSN,356,181.0
921,HLA-B08:01,10949.73,ANZ78847,KVKLSDVGFVA,921,182.0
920,HLA-B08:01,10963.53,ANZ78847,DKVKLSDVGFV,920,183.0
1308,HLA-B08:01,10998.06,ANZ78847,VWLLICLAGVA,1308,184.0
618,HLA-B08:01,11060.65,ANZ78847,QKANTDIKLGV,618,185.0
331,HLA-B08:01,11092.56,ANZ78847,DVYRRKPDLPN,331,186.0
1041,HLA-B08:01,11125.44,ANZ78847,QAVVNANAEAL,1041,187.0
922,HLA-B08:01,11159.81,ANZ78847,VKLSDVGFVAA,922,188.0
1148,HLA-B08:01,11169.05,ANZ78847,APYGLYFIHFS,1148,189.0
109,HLA-B08:01,11210.7,ANZ78847,KVKNTKVFKDG,109,190.0
1313,HLA-B08:01,11351.38,ANZ78847,CLAGVAMLVLL,1313,191.0
1057,HLA-B08:01,11423.55,ANZ78847,QLSNRFGAISS,1057,192.0
829,HLA-B08:01,11474.76,ANZ78847,CGDYAACKSQL,829,193.0
5,HLA-B08:01,11477.26,ANZ78847,LISLPTAFAVI,5,194.0
133,HLA-B08:01,11504.78,ANZ78847,TFVNTSYSVVV,133,195.0
105,HLA-B08:01,11515.65,ANZ78847,GIFAKVKNTKV,105,196.0
183,HLA-B08:01,11554.4,ANZ78847,LGNHFKELWHM,183,197.0
425,HLA-B08:01,11567.34,ANZ78847,QSFNYRIDTTA,425,198.0
1090,HLA-B08:01,11591.07,ANZ78847,NGRLTALNAYV,1090,199.0
1226,HLA-B08:01,11622.97,ANZ78847,APYVMLNTSIP,1226,200.0
849,HLA-B08:01,11689.84,ANZ78847,INAILTEVNEL,849,201.0
1066,HLA-B08:01,11751.59,ANZ78847,SSSLQEILSRL,1066,202.0
916,HLA-B08:01,11759.37,ANZ78847,DLLFDKVKLSD,916,203.0
919,HLA-B08:01,11836.37,ANZ78847,FDKVKLSDVGF,919,204.0
952,HLA-B08:01,11837.34,ANZ78847,KGIKVLPPLLS,952,205.0
1307,HLA-B08:01,11841.84,ANZ78847,YVWLLICLAGV,1307,206.0
153,HLA-B08:01,11846.1,ANZ78847,DGVNKLQGLLE,153,207.0
1228,HLA-B08:01,11849.19,ANZ78847,YVMLNTSIPNL,1228,208.0
260,HLA-B08:01,11858.89,ANZ78847,ISRRNIGFTLE,260,209.0
1259,HLA-B08:01,11859.78,ANZ78847,LALDYINVTFL,1259,210.0
214,HLA-B08:01,11877.42,ANZ78847,YLYFHFYQEGG,214,211.0
543,HLA-B08:01,11904.98,ANZ78847,GPYKCPQSKSL,543,212.0
697,HLA-B08:01,11983.3,ANZ78847,EPALLFRNIKC,697,213.0
861,HLA-B08:01,11991.34,ANZ78847,DTTQLQVANSL,861,214.0
1282,HLA-B08:01,12057.08,ANZ78847,IKVLNQSYINL,1282,215.0
1104,HLA-B08:01,12132.37,ANZ78847,LSDSTLVKFSA,1104,216.0
647,HLA-B08:01,12153.17,ANZ78847,NATYYNSWQNL,647,217.0
276,HLA-B08:01,12182.15,ANZ78847,LTSRQYLLAFN,276,218.0
1182,HLA-B08:01,12226.86,ANZ78847,APKSGYFVNVN,1182,219.0
1120,HLA-B08:01,12258.1,ANZ78847,KVNECVKSQSS,1120,220.0
953,HLA-B08:01,12267.97,ANZ78847,GIKVLPPLLSE,953,221.0
1048,HLA-B08:01,12296.21,ANZ78847,AEALNNLLQQL,1048,222.0
329,HLA-B08:01,12311.58,ANZ78847,IADVYRRKPDL,329,223.0
553,HLA-B08:01,12361.41,ANZ78847,LVGIGEHCSGL,553,224.0
131,HLA-B08:01,12364.2,ANZ78847,GSTFVNTSYSV,131,225.0
1247,HLA-B08:01,12376.66,ANZ78847,QWFKNQTSVAP,1247,226.0
36,HLA-B08:01,12383.25,ANZ78847,PPSISTATVDV,36,227.0
393,HLA-B08:01,12455.99,ANZ78847,IYGMCFSSITI,393,228.0
1035,HLA-B08:01,12566.42,ANZ78847,SALVKIQAVVN,1035,229.0
455,HLA-B08:01,12603.91,ANZ78847,NPSTWNKRFGF,455,230.0
698,HLA-B08:01,12625.35,ANZ78847,PALLFRNIKCN,698,231.0
1334,HLA-B08:01,12632.29,ANZ78847,TSCFKKCGGCC,1334,232.0
399,HLA-B08:01,12750.53,ANZ78847,SSITIDKFAIP,399,233.0
1052,HLA-B08:01,12775.18,ANZ78847,NNLLQQLSNRF,1052,234.0
426,HLA-B08:01,12896.74,ANZ78847,SFNYRIDTTAT,426,235.0
1235,HLA-B08:01,12963.45,ANZ78847,IPNLPDFREEL,1235,236.0
1210,HLA-B08:01,12998.52,ANZ78847,ENNVVVMSTCA,1210,237.0
888,HLA-B08:01,13007.46,ANZ78847,NVDDINFSSVL,888,238.0
1045,HLA-B08:01,13022.32,ANZ78847,NANAEALNNLL,1045,239.0
993,HLA-B08:01,13050.06,ANZ78847,NVQYRINGLGV,993,240.0
152,HLA-B08:01,13071.05,ANZ78847,QDGVNKLQGLL,152,241.0
876,HLA-B08:01,13085.61,ANZ78847,TLSTKLKDGVN,876,242.0
161,HLA-B08:01,13125.47,ANZ78847,LLEVSVCQYNM,161,243.0
620,HLA-B08:01,13125.95,ANZ78847,ANTDIKLGVCV,620,244.0
663,HLA-B08:01,13127.38,ANZ78847,GNLYGFRDYLT,663,245.0
1015,HLA-B08:01,13129.11,ANZ78847,IANAFNNALDA,1015,246.0
1012,HLA-B08:01,13277.11,ANZ78847,QKLIANAFNNA,1012,247.0
421,HLA-B08:01,13312.47,ANZ78847,LGYLQSFNYRI,421,248.0
1274,HLA-B08:01,13336.79,ANZ78847,EMNRLQEAIKV,1274,249.0
1135,HLA-B08:01,13425.02,ANZ78847,CGNGNHIISLV,1135,250.0
1152,HLA-B08:01,13564.35,ANZ78847,LYFIHFSYVPT,1152,251.0
63,HLA-B08:01,13620.44,ANZ78847,TTLFLNGYYPT,63,252.0
704,HLA-B08:01,13674.29,ANZ78847,NIKCNYVFNNS,704,253.0
672,HLA-B08:01,13713.7,ANZ78847,LTNRTFMIRSC,672,254.0
830,HLA-B08:01,13727.15,ANZ78847,GDYAACKSQLV,830,255.0
56,HLA-B08:01,13729.68,ANZ78847,LDRVYLNTTLF,56,256.0
389,HLA-B08:01,13733.32,ANZ78847,DAAKIYGMCFS,389,257.0
891,HLA-B08:01,13745.83,ANZ78847,DINFSSVLGCL,891,258.0
1319,HLA-B08:01,13840.23,ANZ78847,MLVLLFFICCC,1319,259.0
1156,HLA-B08:01,13873.25,ANZ78847,HFSYVPTKYVT,1156,260.0
900,HLA-B08:01,13876.91,ANZ78847,CLGSECSKASS,900,261.0
1304,HLA-B08:01,13881.16,ANZ78847,WPWYVWLLICL,1304,262.0
679,HLA-B08:01,14035.95,ANZ78847,IRSCYSGRVSA,679,263.0
213,HLA-B08:01,14043.78,ANZ78847,TYLYFHFYQEG,213,264.0
266,HLA-B08:01,14082.28,ANZ78847,GFTLEYWVTPL,266,265.0
1008,HLA-B08:01,14087.73,ANZ78847,LSQNQKLIANA,1008,266.0
475,HLA-B08:01,14183.64,ANZ78847,PAGVLTNHDVV,475,267.0
769,HLA-B08:01,14196.66,ANZ78847,TTGYRFTNFEP,769,268.0
961,HLA-B08:01,14246.66,ANZ78847,LSENQISGYTL,961,269.0
264,HLA-B08:01,14337.92,ANZ78847,NIGFTLEYWVT,264,270.0
319,HLA-B08:01,14391.04,ANZ78847,YELNGYTVQPI,319,271.0
1261,HLA-B08:01,14434.52,ANZ78847,LDYINVTFLDL,1261,272.0
363,HLA-B08:01,14470.02,ANZ78847,TFSNCNFNMSS,363,273.0
371,HLA-B08:01,14562.57,ANZ78847,MSSLMSFIQAD,371,274.0
1331,HLA-B08:01,14579.86,ANZ78847,GCGTSCFKKCG,1331,275.0
281,HLA-B08:01,14596.66,ANZ78847,YLLAFNQDGII,281,276.0
132,HLA-B08:01,14604.68,ANZ78847,STFVNTSYSVV,132,277.0
1049,HLA-B08:01,14606.53,ANZ78847,EALNNLLQQLS,1049,278.0
248,HLA-B08:01,14636.31,ANZ78847,ALSHYYVMPLT,248,279.0
775,HLA-B08:01,14723.68,ANZ78847,TNFEPFTVNSV,775,280.0
372,HLA-B08:01,14725.24,ANZ78847,SSLMSFIQADS,372,281.0
211,HLA-B08:01,14767.16,ANZ78847,NATYLYFHFYQ,211,282.0
1162,HLA-B08:01,14775.61,ANZ78847,TKYVTAKVSPG,1162,283.0
1212,HLA-B08:01,14801.6,ANZ78847,NVVVMSTCAVN,1212,284.0
915,HLA-B08:01,14855.96,ANZ78847,EDLLFDKVKLS,915,285.0
71,HLA-B08:01,14860.14,ANZ78847,YPTSGSTYRNM,71,286.0
702,HLA-B08:01,14865.41,ANZ78847,FRNIKCNYVFN,702,287.0
226,HLA-B08:01,14885.08,ANZ78847,FYAYFTDTGVV,226,288.0
990,HLA-B08:01,14944.51,ANZ78847,FYLNVQYRING,990,289.0
1196,HLA-B08:01,15004.69,ANZ78847,MYTGSGYYYPE,1196,290.0
424,HLA-B08:01,15046.74,ANZ78847,LQSFNYRIDTT,424,291.0
466,HLA-B08:01,15048.28,ANZ78847,IEDSVFKPQPA,466,292.0
655,HLA-B08:01,15048.35,ANZ78847,QNLLYDSNGNL,655,293.0
1160,HLA-B08:01,15091.96,ANZ78847,VPTKYVTAKVS,1160,294.0
723,HLA-B08:01,15092.78,ANZ78847,NYFDSYLGCVV,723,295.0
1085,HLA-B08:01,15144.33,ANZ78847,IDRLINGRLTA,1085,296.0
768,HLA-B08:01,15198.18,ANZ78847,ITTGYRFTNFE,768,297.0
103,HLA-B08:01,15228.33,ANZ78847,INGIFAKVKNT,103,298.0
114,HLA-B08:01,15391.4,ANZ78847,KVFKDGVMYSE,114,299.0
720,HLA-B08:01,15410.89,ANZ78847,QPINYFDSYLG,720,300.0
54,HLA-B08:01,15438.39,ANZ78847,YVLDRVYLNTT,54,301.0
1006,HLA-B08:01,15480.72,ANZ78847,DVLSQNQKLIA,1006,302.0
185,HLA-B08:01,15490.75,ANZ78847,NHFKELWHMDT,185,303.0
410,HLA-B08:01,15593.92,ANZ78847,NGRKVDLQLGN,410,304.0
388,HLA-B08:01,15654.2,ANZ78847,IDAAKIYGMCF,388,305.0
592,HLA-B08:01,15729.86,ANZ78847,QGDKCNIFANL,592,306.0
91,HLA-B08:01,15767.59,ANZ78847,TLWFKPPFLSD,91,307.0
1087,HLA-B08:01,15796.39,ANZ78847,RLINGRLTALN,1087,308.0
816,HLA-B08:01,15800.58,ANZ78847,SSPKVTIDCAA,816,309.0
1125,HLA-B08:01,15851.69,ANZ78847,VKSQSSRINFC,1125,310.0
857,HLA-B08:01,15870.52,ANZ78847,NELLDTTQLQV,857,311.0
982,HLA-B08:01,15883.05,ANZ78847,WTAAAGVPFYL,982,312.0
850,HLA-B08:01,15889.65,ANZ78847,NAILTEVNELL,850,313.0
877,HLA-B08:01,15896.39,ANZ78847,LSTKLKDGVNF,877,314.0
918,HLA-B08:01,15928.87,ANZ78847,LFDKVKLSDVG,918,315.0
434,HLA-B08:01,15933.37,ANZ78847,TATSCQLYYNL,434,316.0
1050,HLA-B08:01,15961.59,ANZ78847,ALNNLLQQLSN,1050,317.0
1136,HLA-B08:01,15987.85,ANZ78847,GNGNHIISLVQ,1136,318.0
65,HLA-B08:01,16064.15,ANZ78847,LFLNGYYPTSG,65,319.0
409,HLA-B08:01,16198.61,ANZ78847,PNGRKVDLQLG,409,320.0
357,HLA-B08:01,16214.48,ANZ78847,LNWERKTFSNC,357,321.0
79,HLA-B08:01,16234.94,ANZ78847,RNMALKGTDKL,79,322.0
118,HLA-B08:01,16267.68,ANZ78847,DGVMYSEFPAI,118,323.0
232,HLA-B08:01,16359.2,ANZ78847,DTGVVTKFLFN,232,324.0
151,HLA-B08:01,16381.01,ANZ78847,TQDGVNKLQGL,151,325.0
988,HLA-B08:01,16582.95,ANZ78847,VPFYLNVQYRI,988,326.0
1206,HLA-B08:01,16584.89,ANZ78847,EPITENNVVVM,1206,327.0
423,HLA-B08:01,16611.51,ANZ78847,YLQSFNYRIDT,423,328.0
1204,HLA-B08:01,16652.85,ANZ78847,YPEPITENNVV,1204,329.0
552,HLA-B08:01,16656.54,ANZ78847,SLVGIGEHCSG,552,330.0
1315,HLA-B08:01,16670.38,ANZ78847,AGVAMLVLLFF,1315,331.0
573,HLA-B08:01,16701.93,ANZ78847,NPCTCQPQAFL,573,332.0
427,HLA-B08:01,16747.58,ANZ78847,FNYRIDTTATS,427,333.0
1179,HLA-B08:01,16762.48,ANZ78847,RGIAPKSGYFV,1179,334.0
684,HLA-B08:01,16801.31,ANZ78847,SGRVSAAFHAN,684,335.0
1314,HLA-B08:01,16816.98,ANZ78847,LAGVAMLVLLF,1314,336.0
1037,HLA-B08:01,16822.78,ANZ78847,LVKIQAVVNAN,1037,337.0
782,HLA-B08:01,16857.89,ANZ78847,VNSVNDSLEPV,782,338.0
1123,HLA-B08:01,16981.52,ANZ78847,ECVKSQSSRIN,1123,339.0
894,HLA-B08:01,17064.29,ANZ78847,FSSVLGCLGSE,894,340.0
812,HLA-B08:01,17132.03,ANZ78847,FIQTSSPKVTI,812,341.0
499,HLA-B08:01,17198.06,ANZ78847,PCKSNSSLCVG,499,342.0
1318,HLA-B08:01,17203.52,ANZ78847,AMLVLLFFICC,1318,343.0
110,HLA-B08:01,17238.68,ANZ78847,VKNTKVFKDGV,110,344.0
1137,HLA-B08:01,17373.74,ANZ78847,NGNHIISLVQN,1137,345.0
442,HLA-B08:01,17428.29,ANZ78847,YNLPAANVSVS,442,346.0
617,HLA-B08:01,17469.79,ANZ78847,LQKANTDIKLG,617,347.0
139,HLA-B08:01,17559.41,ANZ78847,YSVVVQPRTIN,139,348.0
879,HLA-B08:01,17668.47,ANZ78847,TKLKDGVNFNV,879,349.0
1126,HLA-B08:01,17694.93,ANZ78847,KSQSSRINFCG,1126,350.0
430,HLA-B08:01,17718.06,ANZ78847,RIDTTATSCQL,430,351.0
1007,HLA-B08:01,17753.91,ANZ78847,VLSQNQKLIAN,1007,352.0
191,HLA-B08:01,17772.01,ANZ78847,WHMDTGVVSCL,191,353.0
1198,HLA-B08:01,17841.71,ANZ78847,TGSGYYYPEPI,1198,354.0
338,HLA-B08:01,17851.26,ANZ78847,DLPNCNIEAWL,338,355.0
808,HLA-B08:01,17860.4,ANZ78847,NMEEFIQTSSP,808,356.0
361,HLA-B08:01,17866.96,ANZ78847,RKTFSNCNFNM,361,357.0
1289,HLA-B08:01,17970.4,ANZ78847,YINLKDIGTYE,1289,358.0
1188,HLA-B08:01,17998.52,ANZ78847,FVNVNNTWMYT,1188,359.0
1225,HLA-B08:01,18057.11,ANZ78847,KAPYVMLNTSI,1225,360.0
90,HLA-B08:01,18061.79,ANZ78847,STLWFKPPFLS,90,361.0
546,HLA-B08:01,18137.6,ANZ78847,KCPQSKSLVGI,546,362.0
1278,HLA-B08:01,18198.31,ANZ78847,LQEAIKVLNQS,1278,363.0
328,HLA-B08:01,18225.07,ANZ78847,PIADVYRRKPD,328,364.0
366,HLA-B08:01,18236.96,ANZ78847,NCNFNMSSLMS,366,365.0
236,HLA-B08:01,18265.34,ANZ78847,VTKFLFNVYLG,236,366.0
867,HLA-B08:01,18322.38,ANZ78847,VANSLMNGVTL,867,367.0
870,HLA-B08:01,18449.2,ANZ78847,SLMNGVTLSTK,870,368.0
107,HLA-B08:01,18484.24,ANZ78847,FAKVKNTKVFK,107,369.0
525,HLA-B08:01,18500.26,ANZ78847,TNYLTCHNLCN,525,370.0
254,HLA-B08:01,18507.72,ANZ78847,VMPLTCISRRN,254,371.0
616,HLA-B08:01,18528.5,ANZ78847,DLQKANTDIKL,616,372.0
713,HLA-B08:01,18595.88,ANZ78847,NSLTRQLQPIN,713,373.0
80,HLA-B08:01,18606.01,ANZ78847,NMALKGTDKLS,80,374.0
454,HLA-B08:01,18617.86,ANZ78847,FNPSTWNKRFG,454,375.0
1124,HLA-B08:01,18622.19,ANZ78847,CVKSQSSRINF,1124,376.0
174,HLA-B08:01,18643.95,ANZ78847,YPHTICHPNLG,174,377.0
392,HLA-B08:01,18668.17,ANZ78847,KIYGMCFSSIT,392,378.0
197,HLA-B08:01,18693.37,ANZ78847,VVSCLYKRNFT,197,379.0
1010,HLA-B08:01,18727.28,ANZ78847,QNQKLIANAFN,1010,380.0
1264,HLA-B08:01,18727.58,ANZ78847,INVTFLDLQVE,1264,381.0
64,HLA-B08:01,18775.92,ANZ78847,TLFLNGYYPTS,64,382.0
1060,HLA-B08:01,18819.7,ANZ78847,NRFGAISSSLQ,1060,383.0
46,HLA-B08:01,18825.74,ANZ78847,VTNGLGTYYVL,46,384.0
1114,HLA-B08:01,18836.92,ANZ78847,AAQAMEKVNEC,1114,385.0
497,HLA-B08:01,18900.19,ANZ78847,FCPCKSNSSLC,497,386.0
187,HLA-B08:01,18988.18,ANZ78847,FKELWHMDTGV,187,387.0
258,HLA-B08:01,19050.1,ANZ78847,TCISRRNIGFT,258,388.0
125,HLA-B08:01,19076.38,ANZ78847,FPAITIGSTFV,125,389.0
1016,HLA-B08:01,19096.57,ANZ78847,ANAFNNALDAI,1016,390.0
469,HLA-B08:01,19148.6,ANZ78847,SVFKPQPAGVL,469,391.0
547,HLA-B08:01,19163.75,ANZ78847,CPQSKSLVGIG,547,392.0
878,HLA-B08:01,19273.72,ANZ78847,STKLKDGVNFN,878,393.0
907,HLA-B08:01,19295.28,ANZ78847,KASSRSAIEDL,907,394.0
1004,HLA-B08:01,19315.48,ANZ78847,TMDVLSQNQKL,1004,395.0
282,HLA-B08:01,19323.79,ANZ78847,LLAFNQDGIIF,282,396.0
246,HLA-B08:01,19327.51,ANZ78847,GMALSHYYVMP,246,397.0
875,HLA-B08:01,19335.44,ANZ78847,VTLSTKLKDGV,875,398.0
1063,HLA-B08:01,19368.3,ANZ78847,GAISSSLQEIL,1063,399.0
322,HLA-B08:01,19384.11,ANZ78847,NGYTVQPIADV,322,400.0
225,HLA-B08:01,19394.01,ANZ78847,TFYAYFTDTGV,225,401.0
1165,HLA-B08:01,19400.41,ANZ78847,VTAKVSPGLCI,1165,402.0
493,HLA-B08:01,19422.25,ANZ78847,APKNFCPCKSN,493,403.0
1005,HLA-B08:01,19462.24,ANZ78847,MDVLSQNQKLI,1005,404.0
664,HLA-B08:01,19480.81,ANZ78847,NLYGFRDYLTN,664,405.0
600,HLA-B08:01,19499.52,ANZ78847,ANLILHDVNSG,600,406.0
1321,HLA-B08:01,19546.58,ANZ78847,VLLFFICCCTG,1321,407.0
1223,HLA-B08:01,19574.84,ANZ78847,YTKAPYVMLNT,1223,408.0
944,HLA-B08:01,19668.34,ANZ78847,DLICVQSYKGI,944,409.0
1036,HLA-B08:01,19672.71,ANZ78847,ALVKIQAVVNA,1036,410.0
865,HLA-B08:01,19700.5,ANZ78847,LQVANSLMNGV,865,411.0
1166,HLA-B08:01,19747.01,ANZ78847,TAKVSPGLCIA,1166,412.0
995,HLA-B08:01,19823.39,ANZ78847,QYRINGLGVTM,995,413.0
277,HLA-B08:01,19843.8,ANZ78847,TSRQYLLAFNQ,277,414.0
978,HLA-B08:01,19862.01,ANZ78847,LFPPWTAAAGV,978,415.0
862,HLA-B08:01,19892.26,ANZ78847,TTQLQVANSLM,862,416.0
858,HLA-B08:01,19899.95,ANZ78847,ELLDTTQLQVA,858,417.0
989,HLA-B08:01,19919.94,ANZ78847,PFYLNVQYRIN,989,418.0
1317,HLA-B08:01,20022.63,ANZ78847,VAMLVLLFFIC,1317,419.0
411,HLA-B08:01,20028.38,ANZ78847,GRKVDLQLGNL,411,420.0
824,HLA-B08:01,20034.89,ANZ78847,CAAFVCGDYAA,824,421.0
607,HLA-B08:01,20166.48,ANZ78847,VNSGLTCSTDL,607,422.0
1234,HLA-B08:01,20216.97,ANZ78847,SIPNLPDFREE,1234,423.0
238,HLA-B08:01,20272.1,ANZ78847,KFLFNVYLGMA,238,424.0
966,HLA-B08:01,20281.3,ANZ78847,ISGYTLAATSA,966,425.0
1258,HLA-B08:01,20332.6,ANZ78847,DLALDYINVTF,1258,426.0
1163,HLA-B08:01,20334.94,ANZ78847,KYVTAKVSPGL,1163,427.0
52,HLA-B08:01,20418.85,ANZ78847,TYYVLDRVYLN,52,428.0
1311,HLA-B08:01,20453.04,ANZ78847,LICLAGVAMLV,1311,429.0
227,HLA-B08:01,20517.6,ANZ78847,YAYFTDTGVVT,227,430.0
20,HLA-B08:01,20582.08,ANZ78847,CPLDSRTGSLN,20,431.0
1244,HLA-B08:01,20624.66,ANZ78847,ELDQWFKNQTS,1244,432.0
49,HLA-B08:01,20632.63,ANZ78847,GLGTYYVLDRV,49,433.0
619,HLA-B08:01,20785.24,ANZ78847,KANTDIKLGVC,619,434.0
1227,HLA-B08:01,20791.17,ANZ78847,PYVMLNTSIPN,1227,435.0
1073,HLA-B08:01,20792.58,ANZ78847,LSRLDALEAEA,1073,436.0
1062,HLA-B08:01,20801.58,ANZ78847,FGAISSSLQEI,1062,437.0
444,HLA-B08:01,20826.79,ANZ78847,LPAANVSVSRF,444,438.0
209,HLA-B08:01,20828.08,ANZ78847,DVNATYLYFHF,209,439.0
984,HLA-B08:01,20868.15,ANZ78847,AAAGVPFYLNV,984,440.0
1027,HLA-B08:01,20929.38,ANZ78847,QEGFDATNSAL,1027,441.0
1097,HLA-B08:01,20942.5,ANZ78847,NAYVSQQLSDS,1097,442.0
671,HLA-B08:01,20983.11,ANZ78847,YLTNRTFMIRS,671,443.0
1109,HLA-B08:01,20985.38,ANZ78847,LVKFSAAQAME,1109,444.0
1248,HLA-B08:01,21015.96,ANZ78847,WFKNQTSVAPD,1248,445.0
438,HLA-B08:01,21123.53,ANZ78847,CQLYYNLPAAN,438,446.0
441,HLA-B08:01,21130.48,ANZ78847,YYNLPAANVSV,441,447.0
1345,HLA-B08:01,21137.57,ANZ78847,DDYTGYQELVI,1345,448.0
119,HLA-B08:01,21200.54,ANZ78847,GVMYSEFPAIT,119,449.0
1122,HLA-B08:01,21251.31,ANZ78847,NECVKSQSSRI,1122,450.0
799,HLA-B08:01,21285.38,ANZ78847,QIPSDFTIGNM,799,451.0
621,HLA-B08:01,21289.41,ANZ78847,NTDIKLGVCVN,621,452.0
1058,HLA-B08:01,21374.46,ANZ78847,LSNRFGAISSS,1058,453.0
138,HLA-B08:01,21376.04,ANZ78847,SYSVVVQPRTI,138,454.0
728,HLA-B08:01,21407.72,ANZ78847,YLGCVVNAYNS,728,455.0
34,HLA-B08:01,21409.14,ANZ78847,TGPPSISTATV,34,456.0
807,HLA-B08:01,21519.55,ANZ78847,GNMEEFIQTSS,807,457.0
706,HLA-B08:01,21547.31,ANZ78847,KCNYVFNNSLT,706,458.0
169,HLA-B08:01,21551.91,ANZ78847,YNMCEYPHTIC,169,459.0
526,HLA-B08:01,21608.13,ANZ78847,NYLTCHNLCNP,526,460.0
1265,HLA-B08:01,21614.05,ANZ78847,NVTFLDLQVEM,1265,461.0
738,HLA-B08:01,21704.53,ANZ78847,STAISVQTCDL,738,462.0
695,HLA-B08:01,21786.47,ANZ78847,SSEPALLFRNI,695,463.0
1017,HLA-B08:01,21839.26,ANZ78847,NAFNNALDAIQ,1017,464.0
998,HLA-B08:01,21885.9,ANZ78847,INGLGVTMDVL,998,465.0
1142,HLA-B08:01,21918.1,ANZ78847,ISLVQNAPYGL,1142,466.0
703,HLA-B08:01,21973.67,ANZ78847,RNIKCNYVFNN,703,467.0
343,HLA-B08:01,22001.78,ANZ78847,NIEAWLNDKSV,343,468.0
53,HLA-B08:01,22026.5,ANZ78847,YYVLDRVYLNT,53,469.0
84,HLA-B08:01,22060.82,ANZ78847,KGTDKLSTLWF,84,470.0
186,HLA-B08:01,22073.63,ANZ78847,HFKELWHMDTG,186,471.0
439,HLA-B08:01,22084.36,ANZ78847,QLYYNLPAANV,439,472.0
1116,HLA-B08:01,22101.49,ANZ78847,QAMEKVNECVK,1116,473.0
141,HLA-B08:01,22119.03,ANZ78847,VVVQPRTINST,141,474.0
1119,HLA-B08:01,22128.93,ANZ78847,EKVNECVKSQS,1119,475.0
992,HLA-B08:01,22140.89,ANZ78847,LNVQYRINGLG,992,476.0
76,HLA-B08:01,22154.27,ANZ78847,STYRNMALKGT,76,477.0
474,HLA-B08:01,22162.4,ANZ78847,QPAGVLTNHDV,474,478.0
484,HLA-B08:01,22215.44,ANZ78847,VVYAQHCFKAP,484,479.0
593,HLA-B08:01,22307.68,ANZ78847,GDKCNIFANLI,593,480.0
134,HLA-B08:01,22324.49,ANZ78847,FVNTSYSVVVQ,134,481.0
1100,HLA-B08:01,22336.57,ANZ78847,VSQQLSDSTLV,1100,482.0
1332,HLA-B08:01,22389.47,ANZ78847,CGTSCFKKCGG,1332,483.0
1205,HLA-B08:01,22412.99,ANZ78847,PEPITENNVVV,1205,484.0
400,HLA-B08:01,22417.25,ANZ78847,SITIDKFAIPN,400,485.0
740,HLA-B08:01,22423.37,ANZ78847,AISVQTCDLTV,740,486.0
1221,HLA-B08:01,22428.54,ANZ78847,VNYTKAPYVML,1221,487.0
686,HLA-B08:01,22439.53,ANZ78847,RVSAAFHANSS,686,488.0
937,HLA-B08:01,22448.52,ANZ78847,TGGAEIRDLIC,937,489.0
62,HLA-B08:01,22457.4,ANZ78847,NTTLFLNGYYP,62,490.0
1011,HLA-B08:01,22457.65,ANZ78847,NQKLIANAFNN,1011,491.0
1044,HLA-B08:01,22476.99,ANZ78847,VNANAEALNNL,1044,492.0
1333,HLA-B08:01,22496.82,ANZ78847,GTSCFKKCGGC,1333,493.0
866,HLA-B08:01,22514.88,ANZ78847,QVANSLMNGVT,866,494.0
976,HLA-B08:01,22527.34,ANZ78847,ASLFPPWTAAA,976,495.0
199,HLA-B08:01,22584.91,ANZ78847,SCLYKRNFTYD,199,496.0
72,HLA-B08:01,22585.92,ANZ78847,PTSGSTYRNMA,72,497.0
971,HLA-B08:01,22619.86,ANZ78847,LAATSASLFPP,971,498.0
691,HLA-B08:01,22649.25,ANZ78847,FHANSSEPALL,691,499.0
523,HLA-B08:01,22714.65,ANZ78847,AGTNYLTCHNL,523,500.0
591,HLA-B08:01,22782.64,ANZ78847,LQGDKCNIFAN,591,501.0
1286,HLA-B08:01,22793.27,ANZ78847,NQSYINLKDIG,1286,502.0
806,HLA-B08:01,22798.33,ANZ78847,IGNMEEFIQTS,806,503.0
446,HLA-B08:01,22802.87,ANZ78847,AANVSVSRFNP,446,504.0
1072,HLA-B08:01,22811.77,ANZ78847,ILSRLDALEAE,1072,505.0
1350,HLA-B08:01,22813.58,ANZ78847,YQELVIKTSHD,1350,506.0
855,HLA-B08:01,22842.5,ANZ78847,EVNELLDTTQL,855,507.0
975,HLA-B08:01,22877.26,ANZ78847,SASLFPPWTAA,975,508.0
648,HLA-B08:01,22922.17,ANZ78847,ATYYNSWQNLL,648,509.0
1040,HLA-B08:01,22972.71,ANZ78847,IQAVVNANAEA,1040,510.0
171,HLA-B08:01,22983.27,ANZ78847,MCEYPHTICHP,171,511.0
230,HLA-B08:01,22992.96,ANZ78847,FTDTGVVTKFL,230,512.0
460,HLA-B08:01,22996.93,ANZ78847,NKRFGFIEDSV,460,513.0
292,HLA-B08:01,23042.25,ANZ78847,FNAVDCMSDFM,292,514.0
864,HLA-B08:01,23068.42,ANZ78847,QLQVANSLMNG,864,515.0
581,HLA-B08:01,23101.54,ANZ78847,AFLGWSADSCL,581,516.0
263,HLA-B08:01,23112.45,ANZ78847,RNIGFTLEYWV,263,517.0
173,HLA-B08:01,23131.48,ANZ78847,EYPHTICHPNL,173,518.0
1118,HLA-B08:01,23139.81,ANZ78847,MEKVNECVKSQ,1118,519.0
21,HLA-B08:01,23140.25,ANZ78847,PLDSRTGSLNN,21,520.0
168,HLA-B08:01,23168.34,ANZ78847,QYNMCEYPHTI,168,521.0
1270,HLA-B08:01,23265.14,ANZ78847,DLQVEMNRLQE,1270,522.0
1089,HLA-B08:01,23330.42,ANZ78847,INGRLTALNAY,1089,523.0
231,HLA-B08:01,23347.83,ANZ78847,TDTGVVTKFLF,231,524.0
1095,HLA-B08:01,23348.96,ANZ78847,ALNAYVSQQLS,1095,525.0
814,HLA-B08:01,23356.33,ANZ78847,QTSSPKVTIDC,814,526.0
1302,HLA-B08:01,23366.84,ANZ78847,VKWPWYVWLLI,1302,527.0
1092,HLA-B08:01,23383.29,ANZ78847,RLTALNAYVSQ,1092,528.0
92,HLA-B08:01,23388.85,ANZ78847,LWFKPPFLSDF,92,529.0
1322,HLA-B08:01,23404.71,ANZ78847,LLFFICCCTGC,1322,530.0
1276,HLA-B08:01,23429.69,ANZ78847,NRLQEAIKVLN,1276,531.0
1298,HLA-B08:01,23445.67,ANZ78847,YEYYVKWPWYV,1298,532.0
965,HLA-B08:01,23452.39,ANZ78847,QISGYTLAATS,965,533.0
980,HLA-B08:01,23458.53,ANZ78847,PPWTAAAGVPF,980,534.0
253,HLA-B08:01,23503.49,ANZ78847,YVMPLTCISRR,253,535.0
1300,HLA-B08:01,23511.32,ANZ78847,YYVKWPWYVWL,1300,536.0
842,HLA-B08:01,23524.22,ANZ78847,YGSFCDNINAI,842,537.0
487,HLA-B08:01,23541.34,ANZ78847,AQHCFKAPKNF,487,538.0
1180,HLA-B08:01,23551.07,ANZ78847,GIAPKSGYFVN,1180,539.0
320,HLA-B08:01,23564.03,ANZ78847,ELNGYTVQPIA,320,540.0
602,HLA-B08:01,23675.04,ANZ78847,LILHDVNSGLT,602,541.0
835,HLA-B08:01,23684.65,ANZ78847,CKSQLVEYGSF,835,542.0
67,HLA-B08:01,23691.51,ANZ78847,LNGYYPTSGST,67,543.0
1080,HLA-B08:01,23751.18,ANZ78847,EAEAQIDRLIN,1080,544.0
1091,HLA-B08:01,23837.38,ANZ78847,GRLTALNAYVS,1091,545.0
74,HLA-B08:01,23838.36,ANZ78847,SGSTYRNMALK,74,546.0
205,HLA-B08:01,23847.05,ANZ78847,NFTYDVNATYL,205,547.0
17,HLA-B08:01,23847.51,ANZ78847,DLKCPLDSRTG,17,548.0
598,HLA-B08:01,23890.79,ANZ78847,IFANLILHDVN,598,549.0
985,HLA-B08:01,23942.96,ANZ78847,AAGVPFYLNVQ,985,550.0
687,HLA-B08:01,23969.54,ANZ78847,VSAAFHANSSE,687,551.0
967,HLA-B08:01,23984.44,ANZ78847,SGYTLAATSAS,967,552.0
590,HLA-B08:01,24066.23,ANZ78847,CLQGDKCNIFA,590,553.0
251,HLA-B08:01,24114.01,ANZ78847,HYYVMPLTCIS,251,554.0
97,HLA-B08:01,24144.29,ANZ78847,PFLSDFINGIF,97,555.0
690,HLA-B08:01,24224.68,ANZ78847,AFHANSSEPAL,690,556.0
428,HLA-B08:01,24235.0,ANZ78847,NYRIDTTATSC,428,557.0
906,HLA-B08:01,24244.68,ANZ78847,SKASSRSAIED,906,558.0
577,HLA-B08:01,24249.18,ANZ78847,CQPQAFLGWSA,577,559.0
468,HLA-B08:01,24271.39,ANZ78847,DSVFKPQPAGV,468,560.0
158,HLA-B08:01,24347.52,ANZ78847,LQGLLEVSVCQ,158,561.0
734,HLA-B08:01,24396.1,ANZ78847,NAYNSTAISVQ,734,562.0
960,HLA-B08:01,24479.46,ANZ78847,LLSENQISGYT,960,563.0
163,HLA-B08:01,24503.57,ANZ78847,EVSVCQYNMCE,163,564.0
29,HLA-B08:01,24615.51,ANZ78847,LNNIDTGPPSI,29,565.0
295,HLA-B08:01,24631.61,ANZ78847,VDCMSDFMSEI,295,566.0
635,HLA-B08:01,24683.49,ANZ78847,YGISGQGIFVE,635,567.0
903,HLA-B08:01,24688.08,ANZ78847,SECSKASSRSA,903,568.0
848,HLA-B08:01,24694.64,ANZ78847,NINAILTEVNE,848,569.0
846,HLA-B08:01,24765.99,ANZ78847,CDNINAILTEV,846,570.0
692,HLA-B08:01,24777.06,ANZ78847,HANSSEPALLF,692,571.0
859,HLA-B08:01,24817.09,ANZ78847,LLDTTQLQVAN,859,572.0
98,HLA-B08:01,24837.5,ANZ78847,FLSDFINGIFA,98,573.0
267,HLA-B08:01,24848.92,ANZ78847,FTLEYWVTPLT,267,574.0
486,HLA-B08:01,24865.59,ANZ78847,YAQHCFKAPKN,486,575.0
909,HLA-B08:01,24866.17,ANZ78847,SSRSAIEDLLF,909,576.0
974,HLA-B08:01,24887.13,ANZ78847,TSASLFPPWTA,974,577.0
195,HLA-B08:01,24894.41,ANZ78847,TGVVSCLYKRN,195,578.0
374,HLA-B08:01,24907.13,ANZ78847,LMSFIQADSFT,374,579.0
422,HLA-B08:01,24917.05,ANZ78847,GYLQSFNYRID,422,580.0
599,HLA-B08:01,24921.12,ANZ78847,FANLILHDVNS,599,581.0
1306,HLA-B08:01,24938.67,ANZ78847,WYVWLLICLAG,1306,582.0
746,HLA-B08:01,24961.16,ANZ78847,CDLTVGSGYCV,746,583.0
852,HLA-B08:01,24996.16,ANZ78847,ILTEVNELLDT,852,584.0
412,HLA-B08:01,25000.18,ANZ78847,RKVDLQLGNLG,412,585.0
477,HLA-B08:01,25016.67,ANZ78847,GVLTNHDVVYA,477,586.0
977,HLA-B08:01,25027.21,ANZ78847,SLFPPWTAAAG,977,587.0
250,HLA-B08:01,25048.48,ANZ78847,SHYYVMPLTCI,250,588.0
957,HLA-B08:01,25141.99,ANZ78847,LPPLLSENQIS,957,589.0
1217,HLA-B08:01,25157.98,ANZ78847,STCAVNYTKAP,1217,590.0
1093,HLA-B08:01,25161.12,ANZ78847,LTALNAYVSQQ,1093,591.0
299,HLA-B08:01,25179.43,ANZ78847,SDFMSEIKCKT,299,592.0
1138,HLA-B08:01,25193.59,ANZ78847,GNHIISLVQNA,1138,593.0
997,HLA-B08:01,25207.43,ANZ78847,RINGLGVTMDV,997,594.0
843,HLA-B08:01,25209.7,ANZ78847,GSFCDNINAIL,843,595.0
721,HLA-B08:01,25212.99,ANZ78847,PINYFDSYLGC,721,596.0
772,HLA-B08:01,25289.72,ANZ78847,YRFTNFEPFTV,772,597.0
1324,HLA-B08:01,25327.33,ANZ78847,FFICCCTGCGT,1324,598.0
766,HLA-B08:01,25349.23,ANZ78847,RAITTGYRFTN,766,599.0
788,HLA-B08:01,25391.5,ANZ78847,SLEPVGGLYEI,788,600.0
834,HLA-B08:01,25416.05,ANZ78847,ACKSQLVEYGS,834,601.0
994,HLA-B08:01,25450.9,ANZ78847,VQYRINGLGVT,994,602.0
562,HLA-B08:01,25453.01,ANZ78847,GLAVKSDYCGG,562,603.0
8,HLA-B08:01,25474.82,ANZ78847,LPTAFAVIGDL,8,604.0
633,HLA-B08:01,25489.04,ANZ78847,DLYGISGQGIF,633,605.0
1277,HLA-B08:01,25546.54,ANZ78847,RLQEAIKVLNQ,1277,606.0
102,HLA-B08:01,25546.77,ANZ78847,FINGIFAKVKN,102,607.0
670,HLA-B08:01,25568.6,ANZ78847,DYLTNRTFMIR,670,608.0
689,HLA-B08:01,25608.12,ANZ78847,AAFHANSSEPA,689,609.0
1292,HLA-B08:01,25610.75,ANZ78847,LKDIGTYEYYV,1292,610.0
688,HLA-B08:01,25693.07,ANZ78847,SAAFHANSSEP,688,611.0
872,HLA-B08:01,25694.97,ANZ78847,MNGVTLSTKLK,872,612.0
1038,HLA-B08:01,25712.68,ANZ78847,VKIQAVVNANA,1038,613.0
358,HLA-B08:01,25760.48,ANZ78847,NWERKTFSNCN,358,614.0
240,HLA-B08:01,25794.98,ANZ78847,LFNVYLGMALS,240,615.0
394,HLA-B08:01,25853.22,ANZ78847,YGMCFSSITID,394,616.0
1195,HLA-B08:01,25967.01,ANZ78847,WMYTGSGYYYP,1195,617.0
1067,HLA-B08:01,25972.83,ANZ78847,SSLQEILSRLD,1067,618.0
513,HLA-B08:01,26023.82,ANZ78847,GKNNGIGTCPA,513,619.0
779,HLA-B08:01,26097.96,ANZ78847,PFTVNSVNDSL,779,620.0
445,HLA-B08:01,26128.36,ANZ78847,PAANVSVSRFN,445,621.0
203,HLA-B08:01,26166.32,ANZ78847,KRNFTYDVNAT,203,622.0
560,HLA-B08:01,26217.13,ANZ78847,CSGLAVKSDYC,560,623.0
120,HLA-B08:01,26246.3,ANZ78847,VMYSEFPAITI,120,624.0
636,HLA-B08:01,26266.03,ANZ78847,GISGQGIFVEV,636,625.0
518,HLA-B08:01,26272.32,ANZ78847,IGTCPAGTNYL,518,626.0
478,HLA-B08:01,26276.82,ANZ78847,VLTNHDVVYAQ,478,627.0
418,HLA-B08:01,26302.9,ANZ78847,LGNLGYLQSFN,418,628.0
847,HLA-B08:01,26425.46,ANZ78847,DNINAILTEVN,847,629.0
104,HLA-B08:01,26458.88,ANZ78847,NGIFAKVKNTK,104,630.0
874,HLA-B08:01,26461.33,ANZ78847,GVTLSTKLKDG,874,631.0
1039,HLA-B08:01,26461.64,ANZ78847,KIQAVVNANAE,1039,632.0
1078,HLA-B08:01,26485.31,ANZ78847,ALEAEAQIDRL,1078,633.0
797,HLA-B08:01,26507.6,ANZ78847,EIQIPSDFTIG,797,634.0
40,HLA-B08:01,26508.56,ANZ78847,STATVDVTNGL,40,635.0
70,HLA-B08:01,26514.96,ANZ78847,YYPTSGSTYRN,70,636.0
939,HLA-B08:01,26516.93,ANZ78847,GAEIRDLICVQ,939,637.0
914,HLA-B08:01,26528.96,ANZ78847,IEDLLFDKVKL,914,638.0
308,HLA-B08:01,26536.18,ANZ78847,KTQSIAPPTGV,308,639.0
429,HLA-B08:01,26542.7,ANZ78847,YRIDTTATSCQ,429,640.0
899,HLA-B08:01,26552.82,ANZ78847,GCLGSECSKAS,899,641.0
223,HLA-B08:01,26555.12,ANZ78847,GGTFYAYFTDT,223,642.0
500,HLA-B08:01,26564.73,ANZ78847,CKSNSSLCVGS,500,643.0
1096,HLA-B08:01,26697.49,ANZ78847,LNAYVSQQLSD,1096,644.0
458,HLA-B08:01,26702.02,ANZ78847,TWNKRFGFIED,458,645.0
140,HLA-B08:01,26709.02,ANZ78847,SVVVQPRTINS,140,646.0
813,HLA-B08:01,26718.77,ANZ78847,IQTSSPKVTID,813,647.0
461,HLA-B08:01,26785.94,ANZ78847,KRFGFIEDSVF,461,648.0
651,HLA-B08:01,26790.97,ANZ78847,YNSWQNLLYDS,651,649.0
936,HLA-B08:01,26826.93,ANZ78847,CTGGAEIRDLI,936,650.0
100,HLA-B08:01,26832.83,ANZ78847,SDFINGIFAKV,100,651.0
1224,HLA-B08:01,26834.8,ANZ78847,TKAPYVMLNTS,1224,652.0
188,HLA-B08:01,26868.19,ANZ78847,KELWHMDTGVV,188,653.0
522,HLA-B08:01,26878.39,ANZ78847,PAGTNYLTCHN,522,654.0
945,HLA-B08:01,26890.64,ANZ78847,LICVQSYKGIK,945,655.0
278,HLA-B08:01,26907.73,ANZ78847,SRQYLLAFNQD,278,656.0
1216,HLA-B08:01,26933.84,ANZ78847,MSTCAVNYTKA,1216,657.0
908,HLA-B08:01,27010.56,ANZ78847,ASSRSAIEDLL,908,658.0
1230,HLA-B08:01,27012.16,ANZ78847,MLNTSIPNLPD,1230,659.0
935,HLA-B08:01,27022.7,ANZ78847,NCTGGAEIRDL,935,660.0
1178,HLA-B08:01,27026.9,ANZ78847,DRGIAPKSGYF,1178,661.0
288,HLA-B08:01,27052.27,ANZ78847,DGIIFNAVDCM,288,662.0
1103,HLA-B08:01,27063.81,ANZ78847,QLSDSTLVKFS,1103,663.0
958,HLA-B08:01,27121.58,ANZ78847,PPLLSENQISG,958,664.0
66,HLA-B08:01,27156.78,ANZ78847,FLNGYYPTSGS,66,665.0
810,HLA-B08:01,27175.72,ANZ78847,EEFIQTSSPKV,810,666.0
117,HLA-B08:01,27183.75,ANZ78847,KDGVMYSEFPA,117,667.0
1203,HLA-B08:01,27193.27,ANZ78847,YYPEPITENNV,1203,668.0
572,HLA-B08:01,27194.01,ANZ78847,GNPCTCQPQAF,572,669.0
811,HLA-B08:01,27227.49,ANZ78847,EFIQTSSPKVT,811,670.0
1158,HLA-B08:01,27233.3,ANZ78847,SYVPTKYVTAK,1158,671.0
1189,HLA-B08:01,27253.89,ANZ78847,VNVNNTWMYTG,1189,672.0
22,HLA-B08:01,27260.41,ANZ78847,LDSRTGSLNNI,22,673.0
1132,HLA-B08:01,27290.9,ANZ78847,INFCGNGNHII,1132,674.0
732,HLA-B08:01,27300.91,ANZ78847,VVNAYNSTAIS,732,675.0
1323,HLA-B08:01,27325.02,ANZ78847,LFFICCCTGCG,1323,676.0
93,HLA-B08:01,27334.85,ANZ78847,WFKPPFLSDFI,93,677.0
880,HLA-B08:01,27357.54,ANZ78847,KLKDGVNFNVD,880,678.0
1127,HLA-B08:01,27357.86,ANZ78847,SQSSRINFCGN,1127,679.0
639,HLA-B08:01,27373.62,ANZ78847,GQGIFVEVNAT,639,680.0
1047,HLA-B08:01,27392.68,ANZ78847,NAEALNNLLQQ,1047,681.0
611,HLA-B08:01,27409.23,ANZ78847,LTCSTDLQKAN,611,682.0
1028,HLA-B08:01,27422.86,ANZ78847,EGFDATNSALV,1028,683.0
414,HLA-B08:01,27442.3,ANZ78847,VDLQLGNLGYL,414,684.0
335,HLA-B08:01,27462.93,ANZ78847,RKPDLPNCNIE,335,685.0
527,HLA-B08:01,27463.75,ANZ78847,YLTCHNLCNPD,527,686.0
637,HLA-B08:01,27477.69,ANZ78847,ISGQGIFVEVN,637,687.0
780,HLA-B08:01,27478.56,ANZ78847,FTVNSVNDSLE,780,688.0
632,HLA-B08:01,27489.04,ANZ78847,YDLYGISGQGI,632,689.0
776,HLA-B08:01,27554.71,ANZ78847,NFEPFTVNSVN,776,690.0
729,HLA-B08:01,27608.53,ANZ78847,LGCVVNAYNST,729,691.0
387,HLA-B08:01,27670.08,ANZ78847,NIDAAKIYGMC,387,692.0
666,HLA-B08:01,27709.8,ANZ78847,YGFRDYLTNRT,666,693.0
1222,HLA-B08:01,27738.0,ANZ78847,NYTKAPYVMLN,1222,694.0
221,HLA-B08:01,27742.4,ANZ78847,QEGGTFYAYFT,221,695.0
794,HLA-B08:01,27765.79,ANZ78847,GLYEIQIPSDF,794,696.0
815,HLA-B08:01,27783.72,ANZ78847,TSSPKVTIDCA,815,697.0
241,HLA-B08:01,27798.49,ANZ78847,FNVYLGMALSH,241,698.0
181,HLA-B08:01,27800.78,ANZ78847,PNLGNHFKELW,181,699.0
1351,HLA-B08:01,27802.05,ANZ78847,QELVIKTSHDD,1351,700.0
459,HLA-B08:01,27887.96,ANZ78847,WNKRFGFIEDS,459,701.0
201,HLA-B08:01,27927.07,ANZ78847,LYKRNFTYDVN,201,702.0
710,HLA-B08:01,27944.3,ANZ78847,VFNNSLTRQLQ,710,703.0
901,HLA-B08:01,27969.21,ANZ78847,LGSECSKASSR,901,704.0
1032,HLA-B08:01,27988.67,ANZ78847,ATNSALVKIQA,1032,705.0
1214,HLA-B08:01,28065.57,ANZ78847,VVMSTCAVNYT,1214,706.0
643,HLA-B08:01,28068.86,ANZ78847,FVEVNATYYNS,643,707.0
1296,HLA-B08:01,28070.2,ANZ78847,GTYEYYVKWPW,1296,708.0
764,HLA-B08:01,28073.82,ANZ78847,SRRAITTGYRF,764,709.0
1287,HLA-B08:01,28077.49,ANZ78847,QSYINLKDIGT,1287,710.0
116,HLA-B08:01,28083.42,ANZ78847,FKDGVMYSEFP,116,711.0
415,HLA-B08:01,28128.5,ANZ78847,DLQLGNLGYLQ,415,712.0
157,HLA-B08:01,28137.88,ANZ78847,KLQGLLEVSVC,157,713.0
614,HLA-B08:01,28168.82,ANZ78847,STDLQKANTDI,614,714.0
416,HLA-B08:01,28170.42,ANZ78847,LQLGNLGYLQS,416,715.0
1061,HLA-B08:01,28176.85,ANZ78847,RFGAISSSLQE,1061,716.0
1129,HLA-B08:01,28219.89,ANZ78847,SSRINFCGNGN,1129,717.0
845,HLA-B08:01,28232.18,ANZ78847,FCDNINAILTE,845,718.0
1257,HLA-B08:01,28235.61,ANZ78847,PDLALDYINVT,1257,719.0
1305,HLA-B08:01,28243.54,ANZ78847,PWYVWLLICLA,1305,720.0
216,HLA-B08:01,28246.61,ANZ78847,YFHFYQEGGTF,216,721.0
60,HLA-B08:01,28280.7,ANZ78847,YLNTTLFLNGY,60,722.0
443,HLA-B08:01,28288.6,ANZ78847,NLPAANVSVSR,443,723.0
14,HLA-B08:01,28305.95,ANZ78847,VIGDLKCPLDS,14,724.0
1051,HLA-B08:01,28339.92,ANZ78847,LNNLLQQLSNR,1051,725.0
948,HLA-B08:01,28342.34,ANZ78847,VQSYKGIKVLP,948,726.0
58,HLA-B08:01,28343.43,ANZ78847,RVYLNTTLFLN,58,727.0
198,HLA-B08:01,28360.72,ANZ78847,VSCLYKRNFTY,198,728.0
1250,HLA-B08:01,28365.47,ANZ78847,KNQTSVAPDLA,1250,729.0
1079,HLA-B08:01,28369.52,ANZ78847,LEAEAQIDRLI,1079,730.0
1172,HLA-B08:01,28372.33,ANZ78847,GLCIAGDRGIA,1172,731.0
1233,HLA-B08:01,28373.71,ANZ78847,TSIPNLPDFRE,1233,732.0
113,HLA-B08:01,28400.26,ANZ78847,TKVFKDGVMYS,113,733.0
979,HLA-B08:01,28454.31,ANZ78847,FPPWTAAAGVP,979,734.0
1155,HLA-B08:01,28473.86,ANZ78847,IHFSYVPTKYV,1155,735.0
1303,HLA-B08:01,28479.51,ANZ78847,KWPWYVWLLIC,1303,736.0
1146,HLA-B08:01,28502.53,ANZ78847,QNAPYGLYFIH,1146,737.0
6,HLA-B08:01,28541.7,ANZ78847,ISLPTAFAVIG,6,738.0
588,HLA-B08:01,28546.08,ANZ78847,DSCLQGDKCNI,588,739.0
346,HLA-B08:01,28555.88,ANZ78847,AWLNDKSVPSP,346,740.0
1031,HLA-B08:01,28670.91,ANZ78847,DATNSALVKIQ,1031,741.0
33,HLA-B08:01,28678.19,ANZ78847,DTGPPSISTAT,33,742.0
18,HLA-B08:01,28681.14,ANZ78847,LKCPLDSRTGS,18,743.0
407,HLA-B08:01,28681.3,ANZ78847,AIPNGRKVDLQ,407,744.0
596,HLA-B08:01,28684.17,ANZ78847,CNIFANLILHD,596,745.0
280,HLA-B08:01,28713.57,ANZ78847,QYLLAFNQDGI,280,746.0
249,HLA-B08:01,28719.27,ANZ78847,LSHYYVMPLTC,249,747.0
294,HLA-B08:01,28724.74,ANZ78847,AVDCMSDFMSE,294,748.0
515,HLA-B08:01,28730.44,ANZ78847,NNGIGTCPAGT,515,749.0
962,HLA-B08:01,28731.06,ANZ78847,SENQISGYTLA,962,750.0
754,HLA-B08:01,28743.16,ANZ78847,YCVDYSKNRRS,754,751.0
736,HLA-B08:01,28750.55,ANZ78847,YNSTAISVQTC,736,752.0
360,HLA-B08:01,28777.86,ANZ78847,ERKTFSNCNFN,360,753.0
470,HLA-B08:01,28789.18,ANZ78847,VFKPQPAGVLT,470,754.0
126,HLA-B08:01,28796.91,ANZ78847,PAITIGSTFVN,126,755.0
927,HLA-B08:01,28867.38,ANZ78847,VGFVAAYNNCT,927,756.0
1112,HLA-B08:01,28876.72,ANZ78847,FSAAQAMEKVN,1112,757.0
1183,HLA-B08:01,28982.73,ANZ78847,PKSGYFVNVNN,1183,758.0
983,HLA-B08:01,29012.9,ANZ78847,TAAAGVPFYLN,983,759.0
333,HLA-B08:01,29041.71,ANZ78847,YRRKPDLPNCN,333,760.0
37,HLA-B08:01,29044.98,ANZ78847,PSISTATVDVT,37,761.0
121,HLA-B08:01,29077.12,ANZ78847,MYSEFPAITIG,121,762.0
868,HLA-B08:01,29089.13,ANZ78847,ANSLMNGVTLS,868,763.0
196,HLA-B08:01,29094.05,ANZ78847,GVVSCLYKRNF,196,764.0
1102,HLA-B08:01,29097.34,ANZ78847,QQLSDSTLVKF,1102,765.0
75,HLA-B08:01,29121.93,ANZ78847,GSTYRNMALKG,75,766.0
1186,HLA-B08:01,29136.1,ANZ78847,GYFVNVNNTWM,1186,767.0
762,HLA-B08:01,29158.97,ANZ78847,RRSRRAITTGY,762,768.0
1299,HLA-B08:01,29171.83,ANZ78847,EYYVKWPWYVW,1299,769.0
1133,HLA-B08:01,29175.09,ANZ78847,NFCGNGNHIIS,1133,770.0
1199,HLA-B08:01,29178.15,ANZ78847,GSGYYYPEPIT,1199,771.0
946,HLA-B08:01,29181.38,ANZ78847,ICVQSYKGIKV,946,772.0
83,HLA-B08:01,29206.51,ANZ78847,LKGTDKLSTLW,83,773.0
202,HLA-B08:01,29214.14,ANZ78847,YKRNFTYDVNA,202,774.0
832,HLA-B08:01,29215.0,ANZ78847,YAACKSQLVEY,832,775.0
724,HLA-B08:01,29238.95,ANZ78847,YFDSYLGCVVN,724,776.0
1173,HLA-B08:01,29265.18,ANZ78847,LCIAGDRGIAP,1173,777.0
1243,HLA-B08:01,29307.0,ANZ78847,EELDQWFKNQT,1243,778.0
483,HLA-B08:01,29330.43,ANZ78847,DVVYAQHCFKA,483,779.0
24,HLA-B08:01,29340.99,ANZ78847,SRTGSLNNIDT,24,780.0
339,HLA-B08:01,29344.9,ANZ78847,LPNCNIEAWLN,339,781.0
220,HLA-B08:01,29405.64,ANZ78847,YQEGGTFYAYF,220,782.0
554,HLA-B08:01,29408.29,ANZ78847,VGIGEHCSGLA,554,783.0
765,HLA-B08:01,29423.61,ANZ78847,RRAITTGYRFT,765,784.0
1335,HLA-B08:01,29473.45,ANZ78847,SCFKKCGGCCD,1335,785.0
405,HLA-B08:01,29480.77,ANZ78847,KFAIPNGRKVD,405,786.0
548,HLA-B08:01,29504.56,ANZ78847,PQSKSLVGIGE,548,787.0
1001,HLA-B08:01,29522.85,ANZ78847,LGVTMDVLSQN,1001,788.0
954,HLA-B08:01,29525.03,ANZ78847,IKVLPPLLSEN,954,789.0
348,HLA-B08:01,29539.09,ANZ78847,LNDKSVPSPLN,348,790.0
1145,HLA-B08:01,29557.68,ANZ78847,VQNAPYGLYFI,1145,791.0
1200,HLA-B08:01,29628.19,ANZ78847,SGYYYPEPITE,1200,792.0
1117,HLA-B08:01,29630.79,ANZ78847,AMEKVNECVKS,1117,793.0
101,HLA-B08:01,29679.56,ANZ78847,DFINGIFAKVK,101,794.0
23,HLA-B08:01,29695.64,ANZ78847,DSRTGSLNNID,23,795.0
344,HLA-B08:01,29721.86,ANZ78847,IEAWLNDKSVP,344,796.0
682,HLA-B08:01,29754.3,ANZ78847,CYSGRVSAAFH,682,797.0
837,HLA-B08:01,29764.4,ANZ78847,SQLVEYGSFCD,837,798.0
1269,HLA-B08:01,29773.11,ANZ78847,LDLQVEMNRLQ,1269,799.0
646,HLA-B08:01,29783.93,ANZ78847,VNATYYNSWQN,646,800.0
268,HLA-B08:01,29785.13,ANZ78847,TLEYWVTPLTS,268,801.0
488,HLA-B08:01,29786.07,ANZ78847,QHCFKAPKNFC,488,802.0
890,HLA-B08:01,29787.76,ANZ78847,DDINFSSVLGC,890,803.0
78,HLA-B08:01,29810.91,ANZ78847,YRNMALKGTDK,78,804.0
595,HLA-B08:01,29833.12,ANZ78847,KCNIFANLILH,595,805.0
77,HLA-B08:01,29835.53,ANZ78847,TYRNMALKGTD,77,806.0
94,HLA-B08:01,29842.68,ANZ78847,FKPPFLSDFIN,94,807.0
970,HLA-B08:01,29843.17,ANZ78847,TLAATSASLFP,970,808.0
1344,HLA-B08:01,29856.88,ANZ78847,CDDYTGYQELV,1344,809.0
1348,HLA-B08:01,29878.36,ANZ78847,TGYQELVIKTS,1348,810.0
895,HLA-B08:01,29903.75,ANZ78847,SSVLGCLGSEC,895,811.0
730,HLA-B08:01,29918.77,ANZ78847,GCVVNAYNSTA,730,812.0
521,HLA-B08:01,29937.4,ANZ78847,CPAGTNYLTCH,521,813.0
503,HLA-B08:01,29948.46,ANZ78847,NSSLCVGSGPG,503,814.0
1101,HLA-B08:01,29956.45,ANZ78847,SQQLSDSTLVK,1101,815.0
189,HLA-B08:01,29976.16,ANZ78847,ELWHMDTGVVS,189,816.0
773,HLA-B08:01,30025.97,ANZ78847,RFTNFEPFTVN,773,817.0
160,HLA-B08:01,30078.75,ANZ78847,GLLEVSVCQYN,160,818.0
145,HLA-B08:01,30086.7,ANZ78847,PRTINSTQDGV,145,819.0
893,HLA-B08:01,30088.62,ANZ78847,NFSSVLGCLGS,893,820.0
699,HLA-B08:01,30099.67,ANZ78847,ALLFRNIKCNY,699,821.0
708,HLA-B08:01,30109.38,ANZ78847,NYVFNNSLTRQ,708,822.0
1075,HLA-B08:01,30119.63,ANZ78847,RLDALEAEAQI,1075,823.0
818,HLA-B08:01,30140.38,ANZ78847,PKVTIDCAAFV,818,824.0
96,HLA-B08:01,30141.55,ANZ78847,PPFLSDFINGI,96,825.0
838,HLA-B08:01,30141.79,ANZ78847,QLVEYGSFCDN,838,826.0
676,HLA-B08:01,30143.54,ANZ78847,TFMIRSCYSGR,676,827.0
287,HLA-B08:01,30158.8,ANZ78847,QDGIIFNAVDC,287,828.0
785,HLA-B08:01,30180.86,ANZ78847,VNDSLEPVGGL,785,829.0
170,HLA-B08:01,30198.52,ANZ78847,NMCEYPHTICH,170,830.0
148,HLA-B08:01,30257.76,ANZ78847,INSTQDGVNKL,148,831.0
307,HLA-B08:01,30289.59,ANZ78847,CKTQSIAPPTG,307,832.0
1161,HLA-B08:01,30290.33,ANZ78847,PTKYVTAKVSP,1161,833.0
833,HLA-B08:01,30301.58,ANZ78847,AACKSQLVEYG,833,834.0
582,HLA-B08:01,30308.23,ANZ78847,FLGWSADSCLQ,582,835.0
234,HLA-B08:01,30335.19,ANZ78847,GVVTKFLFNVY,234,836.0
1030,HLA-B08:01,30345.97,ANZ78847,FDATNSALVKI,1030,837.0
179,HLA-B08:01,30347.52,ANZ78847,CHPNLGNHFKE,179,838.0
505,HLA-B08:01,30383.62,ANZ78847,SLCVGSGPGKN,505,839.0
898,HLA-B08:01,30403.29,ANZ78847,LGCLGSECSKA,898,840.0
450,HLA-B08:01,30459.65,ANZ78847,SVSRFNPSTWN,450,841.0
1231,HLA-B08:01,30476.75,ANZ78847,LNTSIPNLPDF,1231,842.0
144,HLA-B08:01,30483.94,ANZ78847,QPRTINSTQDG,144,843.0
215,HLA-B08:01,30484.61,ANZ78847,LYFHFYQEGGT,215,844.0
1131,HLA-B08:01,30505.45,ANZ78847,RINFCGNGNHI,1131,845.0
652,HLA-B08:01,30524.42,ANZ78847,NSWQNLLYDSN,652,846.0
715,HLA-B08:01,30531.11,ANZ78847,LTRQLQPINYF,715,847.0
716,HLA-B08:01,30545.01,ANZ78847,TRQLQPINYFD,716,848.0
1128,HLA-B08:01,30557.27,ANZ78847,QSSRINFCGNG,1128,849.0
540,HLA-B08:01,30560.26,ANZ78847,TFTGPYKCPQS,540,850.0
1208,HLA-B08:01,30564.35,ANZ78847,ITENNVVVMST,1208,851.0
1343,HLA-B08:01,30580.68,ANZ78847,CCDDYTGYQEL,1343,852.0
86,HLA-B08:01,30592.83,ANZ78847,TDKLSTLWFKP,86,853.0
115,HLA-B08:01,30598.08,ANZ78847,VFKDGVMYSEF,115,854.0
124,HLA-B08:01,30604.03,ANZ78847,EFPAITIGSTF,124,855.0
1113,HLA-B08:01,30630.77,ANZ78847,SAAQAMEKVNE,1113,856.0
494,HLA-B08:01,30700.54,ANZ78847,PKNFCPCKSNS,494,857.0
634,HLA-B08:01,30705.31,ANZ78847,LYGISGQGIFV,634,858.0
1014,HLA-B08:01,30717.72,ANZ78847,LIANAFNNALD,1014,859.0
902,HLA-B08:01,30743.92,ANZ78847,GSECSKASSRS,902,860.0
1191,HLA-B08:01,30750.16,ANZ78847,VNNTWMYTGSG,1191,861.0
667,HLA-B08:01,30759.47,ANZ78847,GFRDYLTNRTF,667,862.0
1279,HLA-B08:01,30764.4,ANZ78847,QEAIKVLNQSY,1279,863.0
1164,HLA-B08:01,30781.23,ANZ78847,YVTAKVSPGLC,1164,864.0
626,HLA-B08:01,30809.54,ANZ78847,LGVCVNYDLYG,626,865.0
717,HLA-B08:01,30814.92,ANZ78847,RQLQPINYFDS,717,866.0
550,HLA-B08:01,30858.75,ANZ78847,SKSLVGIGEHC,550,867.0
623,HLA-B08:01,30878.89,ANZ78847,DIKLGVCVNYD,623,868.0
182,HLA-B08:01,30909.32,ANZ78847,NLGNHFKELWH,182,869.0
298,HLA-B08:01,30924.21,ANZ78847,MSDFMSEIKCK,298,870.0
481,HLA-B08:01,30927.17,ANZ78847,NHDVVYAQHCF,481,871.0
694,HLA-B08:01,30954.81,ANZ78847,NSSEPALLFRN,694,872.0
825,HLA-B08:01,30963.53,ANZ78847,AAFVCGDYAAC,825,873.0
354,HLA-B08:01,30970.8,ANZ78847,PSPLNWERKTF,354,874.0
1284,HLA-B08:01,30980.01,ANZ78847,VLNQSYINLKD,1284,875.0
529,HLA-B08:01,30983.14,ANZ78847,TCHNLCNPDPI,529,876.0
330,HLA-B08:01,30992.14,ANZ78847,ADVYRRKPDLP,330,877.0
316,HLA-B08:01,30994.64,ANZ78847,TGVYELNGYTV,316,878.0
190,HLA-B08:01,31002.1,ANZ78847,LWHMDTGVVSC,190,879.0
279,HLA-B08:01,31002.1,ANZ78847,RQYLLAFNQDG,279,879.0
440,HLA-B08:01,31018.31,ANZ78847,LYYNLPAANVS,440,881.0
296,HLA-B08:01,31035.59,ANZ78847,DCMSDFMSEIK,296,882.0
627,HLA-B08:01,31035.63,ANZ78847,GVCVNYDLYGI,627,883.0
956,HLA-B08:01,31047.55,ANZ78847,VLPPLLSENQI,956,884.0
383,HLA-B08:01,31048.25,ANZ78847,FTCNNIDAAKI,383,885.0
59,HLA-B08:01,31065.88,ANZ78847,VYLNTTLFLNG,59,886.0
931,HLA-B08:01,31067.25,ANZ78847,AAYNNCTGGAE,931,887.0
1026,HLA-B08:01,31067.41,ANZ78847,IQEGFDATNSA,1026,888.0
1083,HLA-B08:01,31071.63,ANZ78847,AQIDRLINGRL,1083,889.0
1184,HLA-B08:01,31076.65,ANZ78847,KSGYFVNVNNT,1184,890.0
359,HLA-B08:01,31082.75,ANZ78847,WERKTFSNCNF,359,891.0
1295,HLA-B08:01,31107.71,ANZ78847,IGTYEYYVKWP,1295,892.0
1171,HLA-B08:01,31124.62,ANZ78847,PGLCIAGDRGI,1171,893.0
1000,HLA-B08:01,31125.06,ANZ78847,GLGVTMDVLSQ,1000,894.0
31,HLA-B08:01,31181.0,ANZ78847,NIDTGPPSIST,31,895.0
556,HLA-B08:01,31185.89,ANZ78847,IGEHCSGLAVK,556,896.0
492,HLA-B08:01,31203.02,ANZ78847,KAPKNFCPCKS,492,897.0
941,HLA-B08:01,31204.48,ANZ78847,EIRDLICVQSY,941,898.0
673,HLA-B08:01,31214.88,ANZ78847,TNRTFMIRSCY,673,899.0
108,HLA-B08:01,31220.79,ANZ78847,AKVKNTKVFKD,108,900.0
873,HLA-B08:01,31272.33,ANZ78847,NGVTLSTKLKD,873,901.0
653,HLA-B08:01,31292.69,ANZ78847,SWQNLLYDSNG,653,902.0
896,HLA-B08:01,31327.32,ANZ78847,SVLGCLGSECS,896,903.0
943,HLA-B08:01,31354.04,ANZ78847,RDLICVQSYKG,943,904.0
1046,HLA-B08:01,31356.67,ANZ78847,ANAEALNNLLQ,1046,905.0
1139,HLA-B08:01,31365.65,ANZ78847,NHIISLVQNAP,1139,906.0
741,HLA-B08:01,31375.66,ANZ78847,ISVQTCDLTVG,741,907.0
28,HLA-B08:01,31375.95,ANZ78847,SLNNIDTGPPS,28,908.0
928,HLA-B08:01,31380.63,ANZ78847,GFVAAYNNCTG,928,909.0
792,HLA-B08:01,31406.88,ANZ78847,VGGLYEIQIPS,792,910.0
30,HLA-B08:01,31430.51,ANZ78847,NNIDTGPPSIS,30,911.0
1346,HLA-B08:01,31465.65,ANZ78847,DYTGYQELVIK,1346,912.0
892,HLA-B08:01,31482.21,ANZ78847,INFSSVLGCLG,892,913.0
467,HLA-B08:01,31517.87,ANZ78847,EDSVFKPQPAG,467,914.0
863,HLA-B08:01,31536.67,ANZ78847,TQLQVANSLMN,863,915.0
790,HLA-B08:01,31556.47,ANZ78847,EPVGGLYEIQI,790,916.0
1330,HLA-B08:01,31571.45,ANZ78847,TGCGTSCFKKC,1330,917.0
50,HLA-B08:01,31611.02,ANZ78847,LGTYYVLDRVY,50,918.0
286,HLA-B08:01,31655.69,ANZ78847,NQDGIIFNAVD,286,919.0
385,HLA-B08:01,31657.33,ANZ78847,CNNIDAAKIYG,385,920.0
420,HLA-B08:01,31663.35,ANZ78847,NLGYLQSFNYR,420,921.0
127,HLA-B08:01,31739.92,ANZ78847,AITIGSTFVNT,127,922.0
638,HLA-B08:01,31741.7,ANZ78847,SGQGIFVEVNA,638,923.0
933,HLA-B08:01,31748.52,ANZ78847,YNNCTGGAEIR,933,924.0
735,HLA-B08:01,31758.08,ANZ78847,AYNSTAISVQT,735,925.0
654,HLA-B08:01,31767.08,ANZ78847,WQNLLYDSNGN,654,926.0
167,HLA-B08:01,31780.39,ANZ78847,CQYNMCEYPHT,167,927.0
261,HLA-B08:01,31782.25,ANZ78847,SRRNIGFTLEY,261,928.0
1190,HLA-B08:01,31784.39,ANZ78847,NVNNTWMYTGS,1190,929.0
112,HLA-B08:01,31806.19,ANZ78847,NTKVFKDGVMY,112,930.0
135,HLA-B08:01,31806.19,ANZ78847,VNTSYSVVVQP,135,930.0
1176,HLA-B08:01,31831.43,ANZ78847,AGDRGIAPKSG,1176,932.0
142,HLA-B08:01,31851.32,ANZ78847,VVQPRTINSTQ,142,933.0
725,HLA-B08:01,31856.15,ANZ78847,FDSYLGCVVNA,725,934.0
1254,HLA-B08:01,31871.25,ANZ78847,SVAPDLALDYI,1254,935.0
685,HLA-B08:01,31877.24,ANZ78847,GRVSAAFHANS,685,936.0
471,HLA-B08:01,31881.97,ANZ78847,FKPQPAGVLTN,471,937.0
739,HLA-B08:01,31882.87,ANZ78847,TAISVQTCDLT,739,938.0
563,HLA-B08:01,31884.68,ANZ78847,LAVKSDYCGGN,563,939.0
1262,HLA-B08:01,31931.63,ANZ78847,DYINVTFLDLQ,1262,940.0
629,HLA-B08:01,31937.99,ANZ78847,CVNYDLYGISG,629,941.0
508,HLA-B08:01,31956.28,ANZ78847,VGSGPGKNNGI,508,942.0
805,HLA-B08:01,31989.95,ANZ78847,TIGNMEEFIQT,805,943.0
252,HLA-B08:01,31995.16,ANZ78847,YYVMPLTCISR,252,944.0
1260,HLA-B08:01,31997.5,ANZ78847,ALDYINVTFLD,1260,945.0
578,HLA-B08:01,32104.85,ANZ78847,QPQAFLGWSAD,578,946.0
783,HLA-B08:01,32106.56,ANZ78847,NSVNDSLEPVG,783,947.0
1293,HLA-B08:01,32108.63,ANZ78847,KDIGTYEYYVK,1293,948.0
310,HLA-B08:01,32117.44,ANZ78847,QSIAPPTGVYE,310,949.0
756,HLA-B08:01,32117.62,ANZ78847,VDYSKNRRSRR,756,950.0
800,HLA-B08:01,32153.78,ANZ78847,IPSDFTIGNME,800,951.0
929,HLA-B08:01,32169.71,ANZ78847,FVAAYNNCTGG,929,952.0
1144,HLA-B08:01,32188.99,ANZ78847,LVQNAPYGLYF,1144,953.0
1255,HLA-B08:01,32212.71,ANZ78847,VAPDLALDYIN,1255,954.0
551,HLA-B08:01,32217.7,ANZ78847,KSLVGIGEHCS,551,955.0
35,HLA-B08:01,32247.03,ANZ78847,GPPSISTATVD,35,956.0
463,HLA-B08:01,32272.1,ANZ78847,FGFIEDSVFKP,463,957.0
1239,HLA-B08:01,32327.46,ANZ78847,PDFREELDQWF,1239,958.0
1236,HLA-B08:01,32337.8,ANZ78847,PNLPDFREELD,1236,959.0
1325,HLA-B08:01,32381.38,ANZ78847,FICCCTGCGTS,1325,960.0
48,HLA-B08:01,32402.01,ANZ78847,NGLGTYYVLDR,48,961.0
332,HLA-B08:01,32423.1,ANZ78847,VYRRKPDLPNC,332,962.0
47,HLA-B08:01,32443.45,ANZ78847,TNGLGTYYVLD,47,963.0
658,HLA-B08:01,32459.36,ANZ78847,LYDSNGNLYGF,658,964.0
376,HLA-B08:01,32462.72,ANZ78847,SFIQADSFTCN,376,965.0
377,HLA-B08:01,32497.52,ANZ78847,FIQADSFTCNN,377,966.0
608,HLA-B08:01,32503.78,ANZ78847,NSGLTCSTDLQ,608,967.0
85,HLA-B08:01,32512.73,ANZ78847,GTDKLSTLWFK,85,968.0
737,HLA-B08:01,32532.89,ANZ78847,NSTAISVQTCD,737,969.0
930,HLA-B08:01,32590.16,ANZ78847,VAAYNNCTGGA,930,970.0
1098,HLA-B08:01,32604.63,ANZ78847,AYVSQQLSDST,1098,971.0
912,HLA-B08:01,32608.53,ANZ78847,SAIEDLLFDKV,912,972.0
184,HLA-B08:01,32611.28,ANZ78847,GNHFKELWHMD,184,973.0
27,HLA-B08:01,32614.55,ANZ78847,GSLNNIDTGPP,27,974.0
579,HLA-B08:01,32626.35,ANZ78847,PQAFLGWSADS,579,975.0
539,HLA-B08:01,32634.85,ANZ78847,ITFTGPYKCPQ,539,976.0
558,HLA-B08:01,32639.42,ANZ78847,EHCSGLAVKSD,558,977.0
222,HLA-B08:01,32647.81,ANZ78847,EGGTFYAYFTD,222,978.0
796,HLA-B08:01,32648.49,ANZ78847,YEIQIPSDFTI,796,979.0
999,HLA-B08:01,32657.93,ANZ78847,NGLGVTMDVLS,999,980.0
696,HLA-B08:01,32671.03,ANZ78847,SEPALLFRNIK,696,981.0
531,HLA-B08:01,32673.74,ANZ78847,HNLCNPDPITF,531,982.0
1349,HLA-B08:01,32678.27,ANZ78847,GYQELVIKTSH,1349,983.0
889,HLA-B08:01,32679.77,ANZ78847,VDDINFSSVLG,889,984.0
123,HLA-B08:01,32680.71,ANZ78847,SEFPAITIGST,123,985.0
541,HLA-B08:01,32716.18,ANZ78847,FTGPYKCPQSK,541,986.0
844,HLA-B08:01,32726.08,ANZ78847,SFCDNINAILT,844,987.0
1042,HLA-B08:01,32730.5,ANZ78847,AVVNANAEALN,1042,988.0
384,HLA-B08:01,32732.31,ANZ78847,TCNNIDAAKIY,384,989.0
771,HLA-B08:01,32743.53,ANZ78847,GYRFTNFEPFT,771,990.0
542,HLA-B08:01,32809.35,ANZ78847,TGPYKCPQSKS,542,991.0
136,HLA-B08:01,32809.63,ANZ78847,NTSYSVVVQPR,136,992.0
1215,HLA-B08:01,32828.99,ANZ78847,VMSTCAVNYTK,1215,993.0
449,HLA-B08:01,32834.89,ANZ78847,VSVSRFNPSTW,449,994.0
645,HLA-B08:01,32854.19,ANZ78847,EVNATYYNSWQ,645,995.0
1074,HLA-B08:01,32854.97,ANZ78847,SRLDALEAEAQ,1074,996.0
1064,HLA-B08:01,32876.47,ANZ78847,AISSSLQEILS,1064,997.0
11,HLA-B08:01,32929.25,ANZ78847,AFAVIGDLKCP,11,998.0
1018,HLA-B08:01,32960.56,ANZ78847,AFNNALDAIQE,1018,999.0
886,HLA-B08:01,32965.88,ANZ78847,NFNVDDINFSS,886,1000.0
38,HLA-B08:01,32980.78,ANZ78847,SISTATVDVTN,38,1001.0
519,HLA-B08:01,32992.1,ANZ78847,GTCPAGTNYLT,519,1002.0
537,HLA-B08:01,33001.97,ANZ78847,DPITFTGPYKC,537,1003.0
137,HLA-B08:01,33005.4,ANZ78847,TSYSVVVQPRT,137,1004.0
1347,HLA-B08:01,33006.67,ANZ78847,YTGYQELVIKT,1347,1005.0
524,HLA-B08:01,33018.59,ANZ78847,GTNYLTCHNLC,524,1006.0
1153,HLA-B08:01,33076.37,ANZ78847,YFIHFSYVPTK,1153,1007.0
501,HLA-B08:01,33102.01,ANZ78847,KSNSSLCVGSG,501,1008.0
1170,HLA-B08:01,33106.14,ANZ78847,SPGLCIAGDRG,1170,1009.0
727,HLA-B08:01,33113.99,ANZ78847,SYLGCVVNAYN,727,1010.0
122,HLA-B08:01,33122.27,ANZ78847,YSEFPAITIGS,122,1011.0
1240,HLA-B08:01,33126.77,ANZ78847,DFREELDQWFK,1240,1012.0
146,HLA-B08:01,33132.44,ANZ78847,RTINSTQDGVN,146,1013.0
823,HLA-B08:01,33133.7,ANZ78847,DCAAFVCGDYA,823,1014.0
224,HLA-B08:01,33145.44,ANZ78847,GTFYAYFTDTG,224,1015.0
1256,HLA-B08:01,33147.21,ANZ78847,APDLALDYINV,1256,1016.0
1229,HLA-B08:01,33151.88,ANZ78847,VMLNTSIPNLP,1229,1017.0
1084,HLA-B08:01,33160.07,ANZ78847,QIDRLINGRLT,1084,1018.0
742,HLA-B08:01,33191.76,ANZ78847,SVQTCDLTVGS,742,1019.0
1241,HLA-B08:01,33197.27,ANZ78847,FREELDQWFKN,1241,1020.0
1283,HLA-B08:01,33201.78,ANZ78847,KVLNQSYINLK,1283,1021.0
605,HLA-B08:01,33226.78,ANZ78847,HDVNSGLTCST,605,1022.0
172,HLA-B08:01,33263.04,ANZ78847,CEYPHTICHPN,172,1023.0
530,HLA-B08:01,33307.32,ANZ78847,CHNLCNPDPIT,530,1024.0
378,HLA-B08:01,33322.14,ANZ78847,IQADSFTCNNI,378,1025.0
45,HLA-B08:01,33336.71,ANZ78847,DVTNGLGTYYV,45,1026.0
1020,HLA-B08:01,33354.86,ANZ78847,NNALDAIQEGF,1020,1027.0
763,HLA-B08:01,33355.03,ANZ78847,RSRRAITTGYR,763,1028.0
520,HLA-B08:01,33360.07,ANZ78847,TCPAGTNYLTC,520,1029.0
707,HLA-B08:01,33375.84,ANZ78847,CNYVFNNSLTR,707,1030.0
836,HLA-B08:01,33391.64,ANZ78847,KSQLVEYGSFC,836,1031.0
375,HLA-B08:01,33396.55,ANZ78847,MSFIQADSFTC,375,1032.0
1019,HLA-B08:01,33404.73,ANZ78847,FNNALDAIQEG,1019,1033.0
1185,HLA-B08:01,33443.98,ANZ78847,SGYFVNVNNTW,1185,1034.0
514,HLA-B08:01,33447.16,ANZ78847,KNNGIGTCPAG,514,1035.0
1197,HLA-B08:01,33457.21,ANZ78847,YTGSGYYYPEP,1197,1036.0
1336,HLA-B08:01,33471.37,ANZ78847,CFKKCGGCCDD,1336,1037.0
791,HLA-B08:01,33506.22,ANZ78847,PVGGLYEIQIP,791,1038.0
882,HLA-B08:01,33516.46,ANZ78847,KDGVNFNVDDI,882,1039.0
656,HLA-B08:01,33539.82,ANZ78847,NLLYDSNGNLY,656,1040.0
580,HLA-B08:01,33554.24,ANZ78847,QAFLGWSADSC,580,1041.0
973,HLA-B08:01,33563.57,ANZ78847,ATSASLFPPWT,973,1042.0
1023,HLA-B08:01,33573.49,ANZ78847,LDAIQEGFDAT,1023,1043.0
570,HLA-B08:01,33585.59,ANZ78847,CGGNPCTCQPQ,570,1044.0
650,HLA-B08:01,33588.12,ANZ78847,YYNSWQNLLYD,650,1045.0
774,HLA-B08:01,33603.43,ANZ78847,FTNFEPFTVNS,774,1046.0
1209,HLA-B08:01,33607.97,ANZ78847,TENNVVVMSTC,1209,1047.0
1024,HLA-B08:01,33620.71,ANZ78847,DAIQEGFDATN,1024,1048.0
1342,HLA-B08:01,33644.03,ANZ78847,GCCDDYTGYQE,1342,1049.0
312,HLA-B08:01,33648.84,ANZ78847,IAPPTGVYELN,312,1050.0
787,HLA-B08:01,33649.81,ANZ78847,DSLEPVGGLYE,787,1051.0
657,HLA-B08:01,33657.82,ANZ78847,LLYDSNGNLYG,657,1052.0
159,HLA-B08:01,33670.12,ANZ78847,QGLLEVSVCQY,159,1053.0
604,HLA-B08:01,33676.53,ANZ78847,LHDVNSGLTCS,604,1054.0
192,HLA-B08:01,33688.42,ANZ78847,HMDTGVVSCLY,192,1055.0
565,HLA-B08:01,33716.31,ANZ78847,VKSDYCGGNPC,565,1056.0
1273,HLA-B08:01,33722.31,ANZ78847,VEMNRLQEAIK,1273,1057.0
1121,HLA-B08:01,33723.06,ANZ78847,VNECVKSQSSR,1121,1058.0
940,HLA-B08:01,33730.54,ANZ78847,AEIRDLICVQS,940,1059.0
502,HLA-B08:01,33749.85,ANZ78847,SNSSLCVGSGP,502,1060.0
603,HLA-B08:01,33755.33,ANZ78847,ILHDVNSGLTC,603,1061.0
1167,HLA-B08:01,33759.67,ANZ78847,AKVSPGLCIAG,1167,1062.0
404,HLA-B08:01,33796.35,ANZ78847,DKFAIPNGRKV,404,1063.0
913,HLA-B08:01,33797.39,ANZ78847,AIEDLLFDKVK,913,1064.0
381,HLA-B08:01,33815.64,ANZ78847,DSFTCNNIDAA,381,1065.0
464,HLA-B08:01,33818.7,ANZ78847,GFIEDSVFKPQ,464,1066.0
165,HLA-B08:01,33828.33,ANZ78847,SVCQYNMCEYP,165,1067.0
334,HLA-B08:01,33837.31,ANZ78847,RRKPDLPNCNI,334,1068.0
1149,HLA-B08:01,33853.76,ANZ78847,PYGLYFIHFSY,1149,1069.0
932,HLA-B08:01,33860.14,ANZ78847,AYNNCTGGAEI,932,1070.0
1174,HLA-B08:01,33864.75,ANZ78847,CIAGDRGIAPK,1174,1071.0
853,HLA-B08:01,33868.2,ANZ78847,LTEVNELLDTT,853,1072.0
315,HLA-B08:01,33875.1,ANZ78847,PTGVYELNGYT,315,1073.0
851,HLA-B08:01,33882.99,ANZ78847,AILTEVNELLD,851,1074.0
511,HLA-B08:01,33895.31,ANZ78847,GPGKNNGIGTC,511,1075.0
628,HLA-B08:01,33896.59,ANZ78847,VCVNYDLYGIS,628,1076.0
13,HLA-B08:01,33905.82,ANZ78847,AVIGDLKCPLD,13,1077.0
242,HLA-B08:01,33907.89,ANZ78847,NVYLGMALSHY,242,1078.0
453,HLA-B08:01,33934.96,ANZ78847,RFNPSTWNKRF,453,1079.0
897,HLA-B08:01,33963.97,ANZ78847,VLGCLGSECSK,897,1080.0
491,HLA-B08:01,33968.74,ANZ78847,FKAPKNFCPCK,491,1081.0
809,HLA-B08:01,34056.65,ANZ78847,MEEFIQTSSPK,809,1082.0
130,HLA-B08:01,34057.46,ANZ78847,IGSTFVNTSYS,130,1083.0
336,HLA-B08:01,34065.46,ANZ78847,KPDLPNCNIEA,336,1084.0
747,HLA-B08:01,34066.86,ANZ78847,DLTVGSGYCVD,747,1085.0
612,HLA-B08:01,34068.33,ANZ78847,TCSTDLQKANT,612,1086.0
95,HLA-B08:01,34072.06,ANZ78847,KPPFLSDFING,95,1087.0
150,HLA-B08:01,34074.32,ANZ78847,STQDGVNKLQG,150,1088.0
218,HLA-B08:01,34080.63,ANZ78847,HFYQEGGTFYA,218,1089.0
397,HLA-B08:01,34094.98,ANZ78847,CFSSITIDKFA,397,1090.0
755,HLA-B08:01,34106.75,ANZ78847,CVDYSKNRRSR,755,1091.0
516,HLA-B08:01,34131.08,ANZ78847,NGIGTCPAGTN,516,1092.0
177,HLA-B08:01,34135.12,ANZ78847,TICHPNLGNHF,177,1093.0
1327,HLA-B08:01,34164.67,ANZ78847,CCCTGCGTSCF,1327,1094.0
476,HLA-B08:01,34164.97,ANZ78847,AGVLTNHDVVY,476,1095.0
297,HLA-B08:01,34202.17,ANZ78847,CMSDFMSEIKC,297,1096.0
828,HLA-B08:01,34205.02,ANZ78847,VCGDYAACKSQ,828,1097.0
564,HLA-B08:01,34207.1,ANZ78847,AVKSDYCGGNP,564,1098.0
396,HLA-B08:01,34209.16,ANZ78847,MCFSSITIDKF,396,1099.0
1154,HLA-B08:01,34223.54,ANZ78847,FIHFSYVPTKY,1154,1100.0
801,HLA-B08:01,34232.26,ANZ78847,PSDFTIGNMEE,801,1101.0
480,HLA-B08:01,34240.68,ANZ78847,TNHDVVYAQHC,480,1102.0
262,HLA-B08:01,34258.7,ANZ78847,RRNIGFTLEYW,262,1103.0
910,HLA-B08:01,34261.96,ANZ78847,SRSAIEDLLFD,910,1104.0
549,HLA-B08:01,34268.42,ANZ78847,QSKSLVGIGEH,549,1105.0
509,HLA-B08:01,34299.79,ANZ78847,GSGPGKNNGIG,509,1106.0
583,HLA-B08:01,34309.51,ANZ78847,LGWSADSCLQG,583,1107.0
265,HLA-B08:01,34351.25,ANZ78847,IGFTLEYWVTP,265,1108.0
839,HLA-B08:01,34352.32,ANZ78847,LVEYGSFCDNI,839,1109.0
321,HLA-B08:01,34375.86,ANZ78847,LNGYTVQPIAD,321,1110.0
660,HLA-B08:01,34377.75,ANZ78847,DSNGNLYGFRD,660,1111.0
827,HLA-B08:01,34388.46,ANZ78847,FVCGDYAACKS,827,1112.0
778,HLA-B08:01,34390.72,ANZ78847,EPFTVNSVNDS,778,1113.0
1081,HLA-B08:01,34393.37,ANZ78847,AEAQIDRLING,1081,1114.0
972,HLA-B08:01,34400.89,ANZ78847,AATSASLFPPW,972,1115.0
270,HLA-B08:01,34405.86,ANZ78847,EYWVTPLTSRQ,270,1116.0
317,HLA-B08:01,34446.16,ANZ78847,GVYELNGYTVQ,317,1117.0
1218,HLA-B08:01,34459.0,ANZ78847,TCAVNYTKAPY,1218,1118.0
571,HLA-B08:01,34461.22,ANZ78847,GGNPCTCQPQA,571,1119.0
465,HLA-B08:01,34466.71,ANZ78847,FIEDSVFKPQP,465,1120.0
207,HLA-B08:01,34468.77,ANZ78847,TYDVNATYLYF,207,1121.0
793,HLA-B08:01,34493.83,ANZ78847,GGLYEIQIPSD,793,1122.0
1029,HLA-B08:01,34523.99,ANZ78847,GFDATNSALVK,1029,1123.0
510,HLA-B08:01,34526.13,ANZ78847,SGPGKNNGIGT,510,1124.0
1237,HLA-B08:01,34544.29,ANZ78847,NLPDFREELDQ,1237,1125.0
512,HLA-B08:01,34546.41,ANZ78847,PGKNNGIGTCP,512,1126.0
350,HLA-B08:01,34570.04,ANZ78847,DKSVPSPLNWE,350,1127.0
143,HLA-B08:01,34581.2,ANZ78847,VQPRTINSTQD,143,1128.0
1326,HLA-B08:01,34593.66,ANZ78847,ICCCTGCGTSC,1326,1129.0
15,HLA-B08:01,34607.61,ANZ78847,IGDLKCPLDSR,15,1130.0
789,HLA-B08:01,34633.65,ANZ78847,LEPVGGLYEIQ,789,1131.0
751,HLA-B08:01,34634.59,ANZ78847,GSGYCVDYSKN,751,1132.0
532,HLA-B08:01,34651.71,ANZ78847,NLCNPDPITFT,532,1133.0
506,HLA-B08:01,34658.55,ANZ78847,LCVGSGPGKNN,506,1134.0
16,HLA-B08:01,34660.55,ANZ78847,GDLKCPLDSRT,16,1135.0
661,HLA-B08:01,34662.09,ANZ78847,SNGNLYGFRDY,661,1136.0
1111,HLA-B08:01,34663.08,ANZ78847,KFSAAQAMEKV,1111,1137.0
631,HLA-B08:01,34682.75,ANZ78847,NYDLYGISGQG,631,1138.0
229,HLA-B08:01,34682.87,ANZ78847,YFTDTGVVTKF,229,1139.0
569,HLA-B08:01,34699.01,ANZ78847,YCGGNPCTCQP,569,1140.0
1238,HLA-B08:01,34700.01,ANZ78847,LPDFREELDQW,1238,1141.0
32,HLA-B08:01,34702.57,ANZ78847,IDTGPPSISTA,32,1142.0
534,HLA-B08:01,34709.43,ANZ78847,CNPDPITFTGP,534,1143.0
208,HLA-B08:01,34726.9,ANZ78847,YDVNATYLYFH,208,1144.0
557,HLA-B08:01,34798.56,ANZ78847,GEHCSGLAVKS,557,1145.0
219,HLA-B08:01,34805.13,ANZ78847,FYQEGGTFYAY,219,1146.0
507,HLA-B08:01,34806.37,ANZ78847,CVGSGPGKNNG,507,1147.0
1141,HLA-B08:01,34820.78,ANZ78847,IISLVQNAPYG,1141,1148.0
1022,HLA-B08:01,34833.08,ANZ78847,ALDAIQEGFDA,1022,1149.0
883,HLA-B08:01,34853.63,ANZ78847,DGVNFNVDDIN,883,1150.0
309,HLA-B08:01,34854.14,ANZ78847,TQSIAPPTGVY,309,1151.0
996,HLA-B08:01,34860.99,ANZ78847,YRINGLGVTMD,996,1152.0
528,HLA-B08:01,34872.54,ANZ78847,LTCHNLCNPDP,528,1153.0
433,HLA-B08:01,34887.23,ANZ78847,TTATSCQLYYN,433,1154.0
175,HLA-B08:01,34926.67,ANZ78847,PHTICHPNLGN,175,1155.0
313,HLA-B08:01,34967.31,ANZ78847,APPTGVYELNG,313,1156.0
210,HLA-B08:01,34997.85,ANZ78847,VNATYLYFHFY,210,1157.0
1294,HLA-B08:01,35015.53,ANZ78847,DIGTYEYYVKW,1294,1158.0
1076,HLA-B08:01,35025.31,ANZ78847,LDALEAEAQID,1076,1159.0
1175,HLA-B08:01,35038.1,ANZ78847,IAGDRGIAPKS,1175,1160.0
587,HLA-B08:01,35041.25,ANZ78847,ADSCLQGDKCN,587,1161.0
615,HLA-B08:01,35057.13,ANZ78847,TDLQKANTDIK,615,1162.0
798,HLA-B08:01,35058.53,ANZ78847,IQIPSDFTIGN,798,1163.0
149,HLA-B08:01,35139.55,ANZ78847,NSTQDGVNKLQ,149,1164.0
574,HLA-B08:01,35147.51,ANZ78847,PCTCQPQAFLG,574,1165.0
781,HLA-B08:01,35153.55,ANZ78847,TVNSVNDSLEP,781,1166.0
860,HLA-B08:01,35163.06,ANZ78847,LDTTQLQVANS,860,1167.0
1290,HLA-B08:01,35175.59,ANZ78847,INLKDIGTYEY,1290,1168.0
819,HLA-B08:01,35180.27,ANZ78847,KVTIDCAAFVC,819,1169.0
856,HLA-B08:01,35182.58,ANZ78847,VNELLDTTQLQ,856,1170.0
318,HLA-B08:01,35184.39,ANZ78847,VYELNGYTVQP,318,1171.0
1192,HLA-B08:01,35192.51,ANZ78847,NNTWMYTGSGY,1192,1172.0
1043,HLA-B08:01,35215.31,ANZ78847,VVNANAEALNN,1043,1173.0
271,HLA-B08:01,35249.45,ANZ78847,YWVTPLTSRQY,271,1174.0
128,HLA-B08:01,35257.33,ANZ78847,ITIGSTFVNTS,128,1175.0
194,HLA-B08:01,35273.1,ANZ78847,DTGVVSCLYKR,194,1176.0
576,HLA-B08:01,35292.76,ANZ78847,TCQPQAFLGWS,576,1177.0
926,HLA-B08:01,35322.48,ANZ78847,DVGFVAAYNNC,926,1178.0
326,HLA-B08:01,35373.18,ANZ78847,VQPIADVYRRK,326,1179.0
1025,HLA-B08:01,35378.54,ANZ78847,AIQEGFDATNS,1025,1180.0
1140,HLA-B08:01,35404.87,ANZ78847,HIISLVQNAPY,1140,1181.0
924,HLA-B08:01,35408.87,ANZ78847,LSDVGFVAAYN,924,1182.0
435,HLA-B08:01,35413.26,ANZ78847,ATSCQLYYNLP,435,1183.0
665,HLA-B08:01,35420.0,ANZ78847,LYGFRDYLTNR,665,1184.0
291,HLA-B08:01,35466.3,ANZ78847,IFNAVDCMSDF,291,1185.0
642,HLA-B08:01,35496.68,ANZ78847,IFVEVNATYYN,642,1186.0
10,HLA-B08:01,35513.36,ANZ78847,TAFAVIGDLKC,10,1187.0
1252,HLA-B08:01,35527.93,ANZ78847,QTSVAPDLALD,1252,1188.0
609,HLA-B08:01,35533.71,ANZ78847,SGLTCSTDLQK,609,1189.0
325,HLA-B08:01,35546.87,ANZ78847,TVQPIADVYRR,325,1190.0
987,HLA-B08:01,35577.37,ANZ78847,GVPFYLNVQYR,987,1191.0
1143,HLA-B08:01,35594.24,ANZ78847,SLVQNAPYGLY,1143,1192.0
42,HLA-B08:01,35617.84,ANZ78847,ATVDVTNGLGT,42,1193.0
1065,HLA-B08:01,35619.44,ANZ78847,ISSSLQEILSR,1065,1194.0
1207,HLA-B08:01,35659.55,ANZ78847,PITENNVVVMS,1207,1195.0
379,HLA-B08:01,35681.99,ANZ78847,QADSFTCNNID,379,1196.0
533,HLA-B08:01,35685.04,ANZ78847,LCNPDPITFTG,533,1197.0
718,HLA-B08:01,35688.21,ANZ78847,QLQPINYFDSY,718,1198.0
166,HLA-B08:01,35731.78,ANZ78847,VCQYNMCEYPH,166,1199.0
283,HLA-B08:01,35758.05,ANZ78847,LAFNQDGIIFN,283,1200.0
327,HLA-B08:01,35771.84,ANZ78847,QPIADVYRRKP,327,1201.0
1242,HLA-B08:01,35791.42,ANZ78847,REELDQWFKNQ,1242,1202.0
749,HLA-B08:01,35792.46,ANZ78847,TVGSGYCVDYS,749,1203.0
726,HLA-B08:01,35796.45,ANZ78847,DSYLGCVVNAY,726,1204.0
380,HLA-B08:01,35804.67,ANZ78847,ADSFTCNNIDA,380,1205.0
613,HLA-B08:01,35819.73,ANZ78847,CSTDLQKANTD,613,1206.0
193,HLA-B08:01,35837.01,ANZ78847,MDTGVVSCLYK,193,1207.0
934,HLA-B08:01,35859.06,ANZ78847,NNCTGGAEIRD,934,1208.0
353,HLA-B08:01,35879.06,ANZ78847,VPSPLNWERKT,353,1209.0
1338,HLA-B08:01,35904.8,ANZ78847,KKCGGCCDDYT,1338,1210.0
1213,HLA-B08:01,35906.4,ANZ78847,VVVMSTCAVNY,1213,1211.0
622,HLA-B08:01,35935.43,ANZ78847,TDIKLGVCVNY,622,1212.0
693,HLA-B08:01,35975.49,ANZ78847,ANSSEPALLFR,693,1213.0
795,HLA-B08:01,35983.69,ANZ78847,LYEIQIPSDFT,795,1214.0
479,HLA-B08:01,35996.1,ANZ78847,LTNHDVVYAQH,479,1215.0
1082,HLA-B08:01,36005.56,ANZ78847,EAQIDRLINGR,1082,1216.0
923,HLA-B08:01,36007.48,ANZ78847,KLSDVGFVAAY,923,1217.0
204,HLA-B08:01,36009.1,ANZ78847,RNFTYDVNATY,204,1218.0
649,HLA-B08:01,36011.39,ANZ78847,TYYNSWQNLLY,649,1219.0
25,HLA-B08:01,36030.01,ANZ78847,RTGSLNNIDTG,25,1220.0
659,HLA-B08:01,36099.35,ANZ78847,YDSNGNLYGFR,659,1221.0
362,HLA-B08:01,36107.36,ANZ78847,KTFSNCNFNMS,362,1222.0
610,HLA-B08:01,36118.41,ANZ78847,GLTCSTDLQKA,610,1223.0
26,HLA-B08:01,36125.63,ANZ78847,TGSLNNIDTGP,26,1224.0
820,HLA-B08:01,36126.18,ANZ78847,VTIDCAAFVCG,820,1225.0
804,HLA-B08:01,36148.71,ANZ78847,FTIGNMEEFIQ,804,1226.0
269,HLA-B08:01,36150.58,ANZ78847,LEYWVTPLTSR,269,1227.0
1337,HLA-B08:01,36181.47,ANZ78847,FKKCGGCCDDY,1337,1228.0
538,HLA-B08:01,36235.62,ANZ78847,PITFTGPYKCP,538,1229.0
473,HLA-B08:01,36244.52,ANZ78847,PQPAGVLTNHD,473,1230.0
290,HLA-B08:01,36257.8,ANZ78847,IIFNAVDCMSD,290,1231.0
752,HLA-B08:01,36268.4,ANZ78847,SGYCVDYSKNR,752,1232.0
566,HLA-B08:01,36272.82,ANZ78847,KSDYCGGNPCT,566,1233.0
568,HLA-B08:01,36279.8,ANZ78847,DYCGGNPCTCQ,568,1234.0
784,HLA-B08:01,36296.4,ANZ78847,SVNDSLEPVGG,784,1235.0
7,HLA-B08:01,36306.4,ANZ78847,SLPTAFAVIGD,7,1236.0
840,HLA-B08:01,36314.42,ANZ78847,VEYGSFCDNIN,840,1237.0
881,HLA-B08:01,36322.2,ANZ78847,LKDGVNFNVDD,881,1238.0
959,HLA-B08:01,36343.15,ANZ78847,PLLSENQISGY,959,1239.0
39,HLA-B08:01,36364.53,ANZ78847,ISTATVDVTNG,39,1240.0
535,HLA-B08:01,36399.17,ANZ78847,NPDPITFTGPY,535,1241.0
1077,HLA-B08:01,36403.78,ANZ78847,DALEAEAQIDR,1077,1242.0
606,HLA-B08:01,36405.84,ANZ78847,DVNSGLTCSTD,606,1243.0
504,HLA-B08:01,36406.33,ANZ78847,SSLCVGSGPGK,504,1244.0
162,HLA-B08:01,36428.11,ANZ78847,LEVSVCQYNMC,162,1245.0
323,HLA-B08:01,36452.06,ANZ78847,GYTVQPIADVY,323,1246.0
9,HLA-B08:01,36492.91,ANZ78847,PTAFAVIGDLK,9,1247.0
714,HLA-B08:01,36507.64,ANZ78847,SLTRQLQPINY,714,1248.0
625,HLA-B08:01,36533.5,ANZ78847,KLGVCVNYDLY,625,1249.0
841,HLA-B08:01,36544.37,ANZ78847,EYGSFCDNINA,841,1250.0
401,HLA-B08:01,36555.36,ANZ78847,ITIDKFAIPNG,401,1251.0
1266,HLA-B08:01,36569.73,ANZ78847,VTFLDLQVEMN,1266,1252.0
1201,HLA-B08:01,36570.36,ANZ78847,GYYYPEPITEN,1201,1253.0
485,HLA-B08:01,36584.01,ANZ78847,VYAQHCFKAPK,485,1254.0
986,HLA-B08:01,36592.84,ANZ78847,AGVPFYLNVQY,986,1255.0
777,HLA-B08:01,36601.43,ANZ78847,FEPFTVNSVND,777,1256.0
925,HLA-B08:01,36626.11,ANZ78847,SDVGFVAAYNN,925,1257.0
395,HLA-B08:01,36649.18,ANZ78847,GMCFSSITIDK,395,1258.0
586,HLA-B08:01,36695.45,ANZ78847,SADSCLQGDKC,586,1259.0
1169,HLA-B08:01,36703.78,ANZ78847,VSPGLCIAGDR,1169,1260.0
206,HLA-B08:01,36705.28,ANZ78847,FTYDVNATYLY,206,1261.0
743,HLA-B08:01,36715.33,ANZ78847,VQTCDLTVGSG,743,1262.0
342,HLA-B08:01,36717.57,ANZ78847,CNIEAWLNDKS,342,1263.0
1288,HLA-B08:01,36729.21,ANZ78847,SYINLKDIGTY,1288,1264.0
821,HLA-B08:01,36746.81,ANZ78847,TIDCAAFVCGD,821,1265.0
41,HLA-B08:01,36770.37,ANZ78847,TATVDVTNGLG,41,1266.0
402,HLA-B08:01,36785.31,ANZ78847,TIDKFAIPNGR,402,1267.0
884,HLA-B08:01,36807.21,ANZ78847,GVNFNVDDINF,884,1268.0
243,HLA-B08:01,36808.58,ANZ78847,VYLGMALSHYY,243,1269.0
403,HLA-B08:01,36820.65,ANZ78847,IDKFAIPNGRK,403,1270.0
340,HLA-B08:01,36839.96,ANZ78847,PNCNIEAWLND,340,1271.0
1130,HLA-B08:01,36878.0,ANZ78847,SRINFCGNGNH,1130,1272.0
1202,HLA-B08:01,36888.6,ANZ78847,YYYPEPITENN,1202,1273.0
559,HLA-B08:01,36908.18,ANZ78847,HCSGLAVKSDY,559,1274.0
61,HLA-B08:01,36909.04,ANZ78847,LNTTLFLNGYY,61,1275.0
753,HLA-B08:01,36928.71,ANZ78847,GYCVDYSKNRR,753,1276.0
1291,HLA-B08:01,36940.09,ANZ78847,NLKDIGTYEYY,1291,1277.0
640,HLA-B08:01,36964.46,ANZ78847,QGIFVEVNATY,640,1278.0
352,HLA-B08:01,36987.92,ANZ78847,SVPSPLNWERK,352,1279.0
284,HLA-B08:01,37017.62,ANZ78847,AFNQDGIIFNA,284,1280.0
745,HLA-B08:01,37028.52,ANZ78847,TCDLTVGSGYC,745,1281.0
911,HLA-B08:01,37093.8,ANZ78847,RSAIEDLLFDK,911,1282.0
324,HLA-B08:01,37170.44,ANZ78847,YTVQPIADVYR,324,1283.0
289,HLA-B08:01,37185.92,ANZ78847,GIIFNAVDCMS,289,1284.0
452,HLA-B08:01,37195.35,ANZ78847,SRFNPSTWNKR,452,1285.0
431,HLA-B08:01,37199.99,ANZ78847,IDTTATSCQLY,431,1286.0
178,HLA-B08:01,37225.38,ANZ78847,ICHPNLGNHFK,178,1287.0
129,HLA-B08:01,37230.6,ANZ78847,TIGSTFVNTSY,129,1288.0
382,HLA-B08:01,37272.93,ANZ78847,SFTCNNIDAAK,382,1289.0
584,HLA-B08:01,37321.33,ANZ78847,GWSADSCLQGD,584,1290.0
1168,HLA-B08:01,37326.89,ANZ78847,KVSPGLCIAGD,1168,1291.0
1232,HLA-B08:01,37336.57,ANZ78847,NTSIPNLPDFR,1232,1292.0
575,HLA-B08:01,37339.44,ANZ78847,CTCQPQAFLGW,575,1293.0
341,HLA-B08:01,37367.74,ANZ78847,NCNIEAWLNDK,341,1294.0
803,HLA-B08:01,37379.73,ANZ78847,DFTIGNMEEFI,803,1295.0
750,HLA-B08:01,37451.84,ANZ78847,VGSGYCVDYSK,750,1296.0
585,HLA-B08:01,37467.48,ANZ78847,WSADSCLQGDK,585,1297.0
802,HLA-B08:01,37484.12,ANZ78847,SDFTIGNMEEF,802,1298.0
1177,HLA-B08:01,37493.82,ANZ78847,GDRGIAPKSGY,1177,1299.0
786,HLA-B08:01,37502.79,ANZ78847,NDSLEPVGGLY,786,1300.0
885,HLA-B08:01,37538.29,ANZ78847,VNFNVDDINFS,885,1301.0
748,HLA-B08:01,37549.87,ANZ78847,LTVGSGYCVDY,748,1302.0
1339,HLA-B08:01,37550.78,ANZ78847,KCGGCCDDYTG,1339,1303.0
981,HLA-B08:01,37561.41,ANZ78847,PWTAAAGVPFY,981,1304.0
955,HLA-B08:01,37587.38,ANZ78847,KVLPPLLSENQ,955,1305.0
419,HLA-B08:01,37605.55,ANZ78847,GNLGYLQSFNY,419,1306.0
1253,HLA-B08:01,37612.96,ANZ78847,TSVAPDLALDY,1253,1307.0
567,HLA-B08:01,37617.32,ANZ78847,SDYCGGNPCTC,567,1308.0
351,HLA-B08:01,37625.35,ANZ78847,KSVPSPLNWER,351,1309.0
293,HLA-B08:01,37643.9,ANZ78847,NAVDCMSDFMS,293,1310.0
1110,HLA-B08:01,37650.21,ANZ78847,VKFSAAQAMEK,1110,1311.0
1267,HLA-B08:01,37677.7,ANZ78847,TFLDLQVEMNR,1267,1312.0
462,HLA-B08:01,37684.08,ANZ78847,RFGFIEDSVFK,462,1313.0
630,HLA-B08:01,37691.73,ANZ78847,VNYDLYGISGQ,630,1314.0
349,HLA-B08:01,37694.34,ANZ78847,NDKSVPSPLNW,349,1315.0
472,HLA-B08:01,37760.01,ANZ78847,KPQPAGVLTNH,472,1316.0
69,HLA-B08:01,37766.1,ANZ78847,GYYPTSGSTYR,69,1317.0
1329,HLA-B08:01,37780.32,ANZ78847,CTGCGTSCFKK,1329,1318.0
536,HLA-B08:01,37803.83,ANZ78847,PDPITFTGPYK,536,1319.0
854,HLA-B08:01,37814.06,ANZ78847,TEVNELLDTTQ,854,1320.0
1021,HLA-B08:01,37817.81,ANZ78847,NALDAIQEGFD,1021,1321.0
164,HLA-B08:01,37825.94,ANZ78847,VSVCQYNMCEY,164,1322.0
1187,HLA-B08:01,37832.21,ANZ78847,YFVNVNNTWMY,1187,1323.0
1194,HLA-B08:01,37840.25,ANZ78847,TWMYTGSGYYY,1194,1324.0
337,HLA-B08:01,37891.1,ANZ78847,PDLPNCNIEAW,337,1325.0
68,HLA-B08:01,37897.1,ANZ78847,NGYYPTSGSTY,68,1326.0
314,HLA-B08:01,37897.26,ANZ78847,PPTGVYELNGY,314,1327.0
176,HLA-B08:01,37901.94,ANZ78847,HTICHPNLGNH,176,1328.0
1002,HLA-B08:01,37931.67,ANZ78847,GVTMDVLSQNQ,1002,1329.0
942,HLA-B08:01,37959.25,ANZ78847,IRDLICVQSYK,942,1330.0
1297,HLA-B08:01,37969.25,ANZ78847,TYEYYVKWPWY,1297,1331.0
1003,HLA-B08:01,37981.14,ANZ78847,VTMDVLSQNQK,1003,1332.0
644,HLA-B08:01,38014.34,ANZ78847,VEVNATYYNSW,644,1333.0
228,HLA-B08:01,38021.18,ANZ78847,AYFTDTGVVTK,228,1334.0
826,HLA-B08:01,38043.77,ANZ78847,AFVCGDYAACK,826,1335.0
822,HLA-B08:01,38189.45,ANZ78847,IDCAAFVCGDY,822,1336.0
99,HLA-B08:01,38253.24,ANZ78847,LSDFINGIFAK,99,1337.0
482,HLA-B08:01,38272.67,ANZ78847,HDVVYAQHCFK,482,1338.0
451,HLA-B08:01,38309.48,ANZ78847,VSRFNPSTWNK,451,1339.0
1328,HLA-B08:01,38396.69,ANZ78847,CCTGCGTSCFK,1328,1340.0
744,HLA-B08:01,38405.35,ANZ78847,QTCDLTVGSGY,744,1341.0
641,HLA-B08:01,38556.03,ANZ78847,GIFVEVNATYY,641,1342.0
517,HLA-B08:01,38579.27,ANZ78847,GIGTCPAGTNY,517,1343.0
1193,HLA-B08:01,38627.12,ANZ78847,NTWMYTGSGYY,1193,1344.0
413,HLA-B08:01,38634.64,ANZ78847,KVDLQLGNLGY,413,1345.0
147,HLA-B08:01,38638.75,ANZ78847,TINSTQDGVNK,147,1346.0
432,HLA-B08:01,38656.02,ANZ78847,DTTATSCQLYY,432,1347.0
43,HLA-B08:01,38857.49,ANZ78847,TVDVTNGLGTY,43,1348.0
1340,HLA-B08:01,38865.0,ANZ78847,CGGCCDDYTGY,1340,1349.0
1341,HLA-B08:01,39078.79,ANZ78847,GGCCDDYTGYQ,1341,1350.0
217,HLA-B08:01,39378.48,ANZ78847,FHFYQEGGTFY,217,1351.0
44,HLA-B08:01,39576.35,ANZ78847,VDVTNGLGTYY,44,1352.0
156,HLA-DRB101:01,20.56,ANZ78847,NKLQGLLEVSV,156,1.0
244,HLA-DRB101:01,27.53,ANZ78847,YLGMALSHYYV,244,2.0
982,HLA-DRB101:01,27.59,ANZ78847,WTAAAGVPFYL,982,3.0
280,HLA-DRB101:01,29.63,ANZ78847,QYLLAFNQDGI,280,4.0
245,HLA-DRB101:01,58.12,ANZ78847,LGMALSHYYVM,245,5.0
953,HLA-DRB101:01,62.85,ANZ78847,GIKVLPPLLSE,953,6.0
650,HLA-DRB101:01,63.46,ANZ78847,YYNSWQNLLYD,650,7.0
1225,HLA-DRB101:01,77.79,ANZ78847,KAPYVMLNTSI,1225,8.0
951,HLA-DRB101:01,96.31,ANZ78847,YKGIKVLPPLL,951,9.0
812,HLA-DRB101:01,99.46,ANZ78847,FIQTSSPKVTI,812,10.0
811,HLA-DRB101:01,99.71,ANZ78847,EFIQTSSPKVT,811,11.0
1139,HLA-DRB101:01,105.25,ANZ78847,NHIISLVQNAP,1139,12.0
251,HLA-DRB101:01,113.38,ANZ78847,HYYVMPLTCIS,251,13.0
988,HLA-DRB101:01,123.83,ANZ78847,VPFYLNVQYRI,988,14.0
391,HLA-DRB101:01,130.53,ANZ78847,AKIYGMCFSSI,391,15.0
950,HLA-DRB101:01,143.03,ANZ78847,SYKGIKVLPPL,950,16.0
416,HLA-DRB101:01,151.35,ANZ78847,LQLGNLGYLQS,416,17.0
544,HLA-DRB101:01,153.64,ANZ78847,PYKCPQSKSLV,544,18.0
1309,HLA-DRB101:01,157.53,ANZ78847,WLLICLAGVAM,1309,19.0
735,HLA-DRB101:01,162.09,ANZ78847,AYNSTAISVQT,735,20.0
281,HLA-DRB101:01,163.14,ANZ78847,YLLAFNQDGII,281,21.0
252,HLA-DRB101:01,164.41,ANZ78847,YYVMPLTCISR,252,22.0
219,HLA-DRB101:01,172.29,ANZ78847,FYQEGGTFYAY,219,23.0
1222,HLA-DRB101:01,186.89,ANZ78847,NYTKAPYVMLN,1222,24.0
273,HLA-DRB101:01,191.76,ANZ78847,VTPLTSRQYLL,273,25.0
995,HLA-DRB101:01,239.72,ANZ78847,QYRINGLGVTM,995,26.0
243,HLA-DRB101:01,240.65,ANZ78847,VYLGMALSHYY,243,27.0
952,HLA-DRB101:01,242.04,ANZ78847,KGIKVLPPLLS,952,28.0
682,HLA-DRB101:01,247.02,ANZ78847,CYSGRVSAAFH,682,29.0
709,HLA-DRB101:01,251.48,ANZ78847,YVFNNSLTRQL,709,30.0
683,HLA-DRB101:01,252.36,ANZ78847,YSGRVSAAFHA,683,31.0
981,HLA-DRB101:01,258.75,ANZ78847,PWTAAAGVPFY,981,32.0
0,HLA-DRB101:01,280.11,ANZ78847,MFLILLISLPT,0,33.0
319,HLA-DRB101:01,294.25,ANZ78847,YELNGYTVQPI,319,34.0
968,HLA-DRB101:01,294.72,ANZ78847,GYTLAATSASL,968,35.0
1211,HLA-DRB101:01,305.27,ANZ78847,NNVVVMSTCAV,1211,36.0
969,HLA-DRB101:01,305.29,ANZ78847,YTLAATSASLF,969,37.0
274,HLA-DRB101:01,314.07,ANZ78847,TPLTSRQYLLA,274,38.0
949,HLA-DRB101:01,327.84,ANZ78847,QSYKGIKVLPP,949,39.0
1108,HLA-DRB101:01,336.29,ANZ78847,TLVKFSAAQAM,1108,40.0
367,HLA-DRB101:01,341.52,ANZ78847,CNFNMSSLMSF,367,41.0
1214,HLA-DRB101:01,343.39,ANZ78847,VVMSTCAVNYT,1214,42.0
1345,HLA-DRB101:01,352.18,ANZ78847,DDYTGYQELVI,1345,43.0
127,HLA-DRB101:01,367.29,ANZ78847,AITIGSTFVNT,127,44.0
632,HLA-DRB101:01,369.02,ANZ78847,YDLYGISGQGI,632,45.0
1162,HLA-DRB101:01,371.94,ANZ78847,TKYVTAKVSPG,1162,46.0
1226,HLA-DRB101:01,381.8,ANZ78847,APYVMLNTSIP,1226,47.0
320,HLA-DRB101:01,392.39,ANZ78847,ELNGYTVQPIA,320,48.0
76,HLA-DRB101:01,416.81,ANZ78847,STYRNMALKGT,76,49.0
53,HLA-DRB101:01,423.38,ANZ78847,YYVLDRVYLNT,53,50.0
46,HLA-DRB101:01,424.01,ANZ78847,VTNGLGTYYVL,46,51.0
989,HLA-DRB101:01,425.36,ANZ78847,PFYLNVQYRIN,989,52.0
392,HLA-DRB101:01,428.12,ANZ78847,KIYGMCFSSIT,392,53.0
597,HLA-DRB101:01,438.11,ANZ78847,NIFANLILHDV,597,54.0
723,HLA-DRB101:01,439.05,ANZ78847,NYFDSYLGCVV,723,55.0
264,HLA-DRB101:01,449.18,ANZ78847,NIGFTLEYWVT,264,56.0
680,HLA-DRB101:01,453.65,ANZ78847,RSCYSGRVSAA,680,57.0
830,HLA-DRB101:01,453.78,ANZ78847,GDYAACKSQLV,830,58.0
470,HLA-DRB101:01,456.84,ANZ78847,VFKPQPAGVLT,470,59.0
441,HLA-DRB101:01,468.58,ANZ78847,YYNLPAANVSV,441,60.0
1298,HLA-DRB101:01,475.76,ANZ78847,YEYYVKWPWYV,1298,61.0
340,HLA-DRB101:01,476.7,ANZ78847,PNCNIEAWLND,340,62.0
994,HLA-DRB101:01,478.37,ANZ78847,VQYRINGLGVT,994,63.0
278,HLA-DRB101:01,500.56,ANZ78847,SRQYLLAFNQD,278,64.0
1221,HLA-DRB101:01,504.09,ANZ78847,VNYTKAPYVML,1221,65.0
227,HLA-DRB101:01,506.54,ANZ78847,YAYFTDTGVVT,227,66.0
321,HLA-DRB101:01,515.73,ANZ78847,LNGYTVQPIAD,321,67.0
134,HLA-DRB101:01,534.77,ANZ78847,FVNTSYSVVVQ,134,68.0
804,HLA-DRB101:01,545.4,ANZ78847,FTIGNMEEFIQ,804,69.0
635,HLA-DRB101:01,593.38,ANZ78847,YGISGQGIFVE,635,70.0
1223,HLA-DRB101:01,593.56,ANZ78847,YTKAPYVMLNT,1223,71.0
596,HLA-DRB101:01,595.77,ANZ78847,CNIFANLILHD,596,72.0
158,HLA-DRB101:01,596.93,ANZ78847,LQGLLEVSVCQ,158,73.0
671,HLA-DRB101:01,600.82,ANZ78847,YLTNRTFMIRS,671,74.0
691,HLA-DRB101:01,604.32,ANZ78847,FHANSSEPALL,691,75.0
237,HLA-DRB101:01,604.96,ANZ78847,TKFLFNVYLGM,237,76.0
483,HLA-DRB101:01,605.22,ANZ78847,DVVYAQHCFKA,483,77.0
599,HLA-DRB101:01,614.58,ANZ78847,FANLILHDVNS,599,78.0
1287,HLA-DRB101:01,615.46,ANZ78847,QSYINLKDIGT,1287,79.0
1313,HLA-DRB101:01,622.43,ANZ78847,CLAGVAMLVLL,1313,80.0
1138,HLA-DRB101:01,625.66,ANZ78847,GNHIISLVQNA,1138,81.0
439,HLA-DRB101:01,637.53,ANZ78847,QLYYNLPAANV,439,82.0
1188,HLA-DRB101:01,638.3,ANZ78847,FVNVNNTWMYT,1188,83.0
993,HLA-DRB101:01,647.68,ANZ78847,NVQYRINGLGV,993,84.0
1156,HLA-DRB101:01,649.51,ANZ78847,HFSYVPTKYVT,1156,85.0
51,HLA-DRB101:01,662.98,ANZ78847,GTYYVLDRVYL,51,86.0
37,HLA-DRB101:01,663.06,ANZ78847,PSISTATVDVT,37,87.0
471,HLA-DRB101:01,676.46,ANZ78847,FKPQPAGVLTN,471,88.0
967,HLA-DRB101:01,687.34,ANZ78847,SGYTLAATSAS,967,89.0
103,HLA-DRB101:01,692.42,ANZ78847,INGIFAKVKNT,103,90.0
921,HLA-DRB101:01,694.94,ANZ78847,KVKLSDVGFVA,921,91.0
1312,HLA-DRB101:01,702.96,ANZ78847,ICLAGVAMLVL,1312,92.0
1090,HLA-DRB101:01,713.08,ANZ78847,NGRLTALNAYV,1090,93.0
1063,HLA-DRB101:01,713.45,ANZ78847,GAISSSLQEIL,1063,94.0
1263,HLA-DRB101:01,723.42,ANZ78847,YINVTFLDLQV,1263,95.0
255,HLA-DRB101:01,724.75,ANZ78847,MPLTCISRRNI,255,96.0
1220,HLA-DRB101:01,734.27,ANZ78847,AVNYTKAPYVM,1220,97.0
818,HLA-DRB101:01,739.9,ANZ78847,PKVTIDCAAFV,818,98.0
339,HLA-DRB101:01,748.56,ANZ78847,LPNCNIEAWLN,339,99.0
1161,HLA-DRB101:01,754.62,ANZ78847,PTKYVTAKVSP,1161,100.0
700,HLA-DRB101:01,755.17,ANZ78847,LLFRNIKCNYV,700,101.0
253,HLA-DRB101:01,759.32,ANZ78847,YVMPLTCISRR,253,102.0
1171,HLA-DRB101:01,759.34,ANZ78847,PGLCIAGDRGI,1171,103.0
1265,HLA-DRB101:01,765.94,ANZ78847,NVTFLDLQVEM,1265,104.0
692,HLA-DRB101:01,769.56,ANZ78847,HANSSEPALLF,692,105.0
1109,HLA-DRB101:01,781.57,ANZ78847,LVKFSAAQAME,1109,106.0
230,HLA-DRB101:01,794.09,ANZ78847,FTDTGVVTKFL,230,107.0
1310,HLA-DRB101:01,816.75,ANZ78847,LLICLAGVAML,1310,108.0
649,HLA-DRB101:01,817.31,ANZ78847,TYYNSWQNLLY,649,109.0
250,HLA-DRB101:01,828.26,ANZ78847,SHYYVMPLTCI,250,110.0
1,HLA-DRB101:01,851.95,ANZ78847,FLILLISLPTA,1,111.0
1166,HLA-DRB101:01,867.6,ANZ78847,TAKVSPGLCIA,1166,112.0
279,HLA-DRB101:01,885.38,ANZ78847,RQYLLAFNQDG,279,113.0
710,HLA-DRB101:01,898.33,ANZ78847,VFNNSLTRQLQ,710,114.0
819,HLA-DRB101:01,907.41,ANZ78847,KVTIDCAAFVC,819,115.0
725,HLA-DRB101:01,910.15,ANZ78847,FDSYLGCVVNA,725,116.0
1150,HLA-DRB101:01,929.7,ANZ78847,YGLYFIHFSYV,1150,117.0
488,HLA-DRB101:01,934.72,ANZ78847,QHCFKAPKNFC,488,118.0
1311,HLA-DRB101:01,941.24,ANZ78847,LICLAGVAMLV,1311,119.0
239,HLA-DRB101:01,946.69,ANZ78847,FLFNVYLGMAL,239,120.0
343,HLA-DRB101:01,958.42,ANZ78847,NIEAWLNDKSV,343,121.0
525,HLA-DRB101:01,968.72,ANZ78847,TNYLTCHNLCN,525,122.0
866,HLA-DRB101:01,979.05,ANZ78847,QVANSLMNGVT,866,123.0
1275,HLA-DRB101:01,995.87,ANZ78847,MNRLQEAIKVL,1275,124.0
1092,HLA-DRB101:01,1004.69,ANZ78847,RLTALNAYVSQ,1092,125.0
1152,HLA-DRB101:01,1021.78,ANZ78847,LYFIHFSYVPT,1152,126.0
996,HLA-DRB101:01,1026.19,ANZ78847,YRINGLGVTMD,996,127.0
679,HLA-DRB101:01,1029.29,ANZ78847,IRSCYSGRVSA,679,128.0
1149,HLA-DRB101:01,1036.6,ANZ78847,PYGLYFIHFSY,1149,129.0
578,HLA-DRB101:01,1045.09,ANZ78847,QPQAFLGWSAD,578,130.0
990,HLA-DRB101:01,1046.43,ANZ78847,FYLNVQYRING,990,131.0
1102,HLA-DRB101:01,1062.1,ANZ78847,QQLSDSTLVKF,1102,132.0
1069,HLA-DRB101:01,1071.17,ANZ78847,LQEILSRLDAL,1069,133.0
369,HLA-DRB101:01,1071.37,ANZ78847,FNMSSLMSFIQ,369,134.0
218,HLA-DRB101:01,1076.92,ANZ78847,HFYQEGGTFYA,218,135.0
948,HLA-DRB101:01,1079.86,ANZ78847,VQSYKGIKVLP,948,136.0
52,HLA-DRB101:01,1080.11,ANZ78847,TYYVLDRVYLN,52,137.0
397,HLA-DRB101:01,1082.47,ANZ78847,CFSSITIDKFA,397,138.0
133,HLA-DRB101:01,1084.51,ANZ78847,TFVNTSYSVVV,133,139.0
398,HLA-DRB101:01,1100.34,ANZ78847,FSSITIDKFAI,398,140.0
263,HLA-DRB101:01,1106.41,ANZ78847,RNIGFTLEYWV,263,141.0
734,HLA-DRB101:01,1120.13,ANZ78847,NAYNSTAISVQ,734,142.0
7,HLA-DRB101:01,1131.64,ANZ78847,SLPTAFAVIGD,7,143.0
50,HLA-DRB101:01,1134.89,ANZ78847,LGTYYVLDRVY,50,144.0
365,HLA-DRB101:01,1137.29,ANZ78847,SNCNFNMSSLM,365,145.0
229,HLA-DRB101:01,1138.18,ANZ78847,YFTDTGVVTKF,229,146.0
490,HLA-DRB101:01,1152.55,ANZ78847,CFKAPKNFCPC,490,147.0
790,HLA-DRB101:01,1153.55,ANZ78847,EPVGGLYEIQI,790,148.0
1347,HLA-DRB101:01,1154.38,ANZ78847,YTGYQELVIKT,1347,149.0
1038,HLA-DRB101:01,1160.41,ANZ78847,VKIQAVVNANA,1038,150.0
322,HLA-DRB101:01,1162.75,ANZ78847,NGYTVQPIADV,322,151.0
970,HLA-DRB101:01,1170.49,ANZ78847,TLAATSASLFP,970,152.0
634,HLA-DRB101:01,1180.54,ANZ78847,LYGISGQGIFV,634,153.0
366,HLA-DRB101:01,1182.64,ANZ78847,NCNFNMSSLMS,366,154.0
922,HLA-DRB101:01,1183.84,ANZ78847,VKLSDVGFVAA,922,155.0
1091,HLA-DRB101:01,1185.45,ANZ78847,GRLTALNAYVS,1091,156.0
2,HLA-DRB101:01,1188.11,ANZ78847,LILLISLPTAF,2,157.0
872,HLA-DRB101:01,1188.24,ANZ78847,MNGVTLSTKLK,872,158.0
577,HLA-DRB101:01,1191.5,ANZ78847,CQPQAFLGWSA,577,159.0
269,HLA-DRB101:01,1191.79,ANZ78847,LEYWVTPLTSR,269,160.0
187,HLA-DRB101:01,1191.91,ANZ78847,FKELWHMDTGV,187,161.0
57,HLA-DRB101:01,1201.09,ANZ78847,DRVYLNTTLFL,57,162.0
545,HLA-DRB101:01,1204.7,ANZ78847,YKCPQSKSLVG,545,163.0
1268,HLA-DRB101:01,1206.42,ANZ78847,FLDLQVEMNRL,1268,164.0
803,HLA-DRB101:01,1219.52,ANZ78847,DFTIGNMEEFI,803,165.0
368,HLA-DRB101:01,1221.87,ANZ78847,NFNMSSLMSFI,368,166.0
137,HLA-DRB101:01,1224.23,ANZ78847,TSYSVVVQPRT,137,167.0
81,HLA-DRB101:01,1227.58,ANZ78847,MALKGTDKLST,81,168.0
1064,HLA-DRB101:01,1233.53,ANZ78847,AISSSLQEILS,1064,169.0
371,HLA-DRB101:01,1237.86,ANZ78847,MSSLMSFIQAD,371,170.0
894,HLA-DRB101:01,1256.45,ANZ78847,FSSVLGCLGSE,894,171.0
1030,HLA-DRB101:01,1266.68,ANZ78847,FDATNSALVKI,1030,172.0
1111,HLA-DRB101:01,1269.05,ANZ78847,KFSAAQAMEKV,1111,173.0
77,HLA-DRB101:01,1279.62,ANZ78847,TYRNMALKGTD,77,174.0
998,HLA-DRB101:01,1296.37,ANZ78847,INGLGVTMDVL,998,175.0
1005,HLA-DRB101:01,1298.53,ANZ78847,MDVLSQNQKLI,1005,176.0
869,HLA-DRB101:01,1298.65,ANZ78847,NSLMNGVTLST,869,177.0
241,HLA-DRB101:01,1302.6,ANZ78847,FNVYLGMALSH,241,178.0
386,HLA-DRB101:01,1313.17,ANZ78847,NNIDAAKIYGM,386,179.0
771,HLA-DRB101:01,1328.43,ANZ78847,GYRFTNFEPFT,771,180.0
71,HLA-DRB101:01,1332.96,ANZ78847,YPTSGSTYRNM,71,181.0
385,HLA-DRB101:01,1342.16,ANZ78847,CNNIDAAKIYG,385,182.0
1062,HLA-DRB101:01,1342.26,ANZ78847,FGAISSSLQEI,1062,183.0
973,HLA-DRB101:01,1343.48,ANZ78847,ATSASLFPPWT,973,184.0
132,HLA-DRB101:01,1357.66,ANZ78847,STFVNTSYSVV,132,185.0
873,HLA-DRB101:01,1362.48,ANZ78847,NGVTLSTKLKD,873,186.0
3,HLA-DRB101:01,1380.71,ANZ78847,ILLISLPTAFA,3,187.0
1157,HLA-DRB101:01,1388.15,ANZ78847,FSYVPTKYVTA,1157,188.0
897,HLA-DRB101:01,1393.81,ANZ78847,VLGCLGSECSK,897,189.0
772,HLA-DRB101:01,1399.31,ANZ78847,YRFTNFEPFTV,772,190.0
272,HLA-DRB101:01,1406.62,ANZ78847,WVTPLTSRQYL,272,191.0
267,HLA-DRB101:01,1414.45,ANZ78847,FTLEYWVTPLT,267,192.0
47,HLA-DRB101:01,1414.91,ANZ78847,TNGLGTYYVLD,47,193.0
1344,HLA-DRB101:01,1415.43,ANZ78847,CDDYTGYQELV,1344,194.0
573,HLA-DRB101:01,1422.8,ANZ78847,NPCTCQPQAFL,573,195.0
1103,HLA-DRB101:01,1422.95,ANZ78847,QLSDSTLVKFS,1103,196.0
690,HLA-DRB101:01,1426.24,ANZ78847,AFHANSSEPAL,690,197.0
1227,HLA-DRB101:01,1433.47,ANZ78847,PYVMLNTSIPN,1227,198.0
1306,HLA-DRB101:01,1436.65,ANZ78847,WYVWLLICLAG,1306,199.0
1148,HLA-DRB101:01,1446.4,ANZ78847,APYGLYFIHFS,1148,200.0
893,HLA-DRB101:01,1451.63,ANZ78847,NFSSVLGCLGS,893,201.0
115,HLA-DRB101:01,1454.9,ANZ78847,VFKDGVMYSEF,115,202.0
1098,HLA-DRB101:01,1465.49,ANZ78847,AYVSQQLSDST,1098,203.0
677,HLA-DRB101:01,1468.4,ANZ78847,FMIRSCYSGRV,677,204.0
374,HLA-DRB101:01,1468.49,ANZ78847,LMSFIQADSFT,374,205.0
867,HLA-DRB101:01,1475.99,ANZ78847,VANSLMNGVTL,867,206.0
259,HLA-DRB101:01,1480.04,ANZ78847,CISRRNIGFTL,259,207.0
498,HLA-DRB101:01,1480.62,ANZ78847,CPCKSNSSLCV,498,208.0
1228,HLA-DRB101:01,1484.37,ANZ78847,YVMLNTSIPNL,1228,209.0
138,HLA-DRB101:01,1485.47,ANZ78847,SYSVVVQPRTI,138,210.0
595,HLA-DRB101:01,1496.81,ANZ78847,KCNIFANLILH,595,211.0
1061,HLA-DRB101:01,1501.41,ANZ78847,RFGAISSSLQE,1061,212.0
802,HLA-DRB101:01,1505.36,ANZ78847,SDFTIGNMEEF,802,213.0
1060,HLA-DRB101:01,1506.03,ANZ78847,NRFGAISSSLQ,1060,214.0
157,HLA-DRB101:01,1511.49,ANZ78847,KLQGLLEVSVC,157,215.0
58,HLA-DRB101:01,1514.06,ANZ78847,RVYLNTTLFLN,58,216.0
594,HLA-DRB101:01,1532.82,ANZ78847,DKCNIFANLIL,594,217.0
106,HLA-DRB101:01,1541.13,ANZ78847,IFAKVKNTKVF,106,218.0
154,HLA-DRB101:01,1549.37,ANZ78847,GVNKLQGLLEV,154,219.0
623,HLA-DRB101:01,1556.68,ANZ78847,DIKLGVCVNYD,623,220.0
183,HLA-DRB101:01,1569.13,ANZ78847,LGNHFKELWHM,183,221.0
681,HLA-DRB101:01,1576.22,ANZ78847,SCYSGRVSAAF,681,222.0
1104,HLA-DRB101:01,1577.76,ANZ78847,LSDSTLVKFSA,1104,223.0
1213,HLA-DRB101:01,1584.09,ANZ78847,VVVMSTCAVNY,1213,224.0
1186,HLA-DRB101:01,1584.75,ANZ78847,GYFVNVNNTWM,1186,225.0
593,HLA-DRB101:01,1589.34,ANZ78847,GDKCNIFANLI,593,226.0
285,HLA-DRB101:01,1605.17,ANZ78847,FNQDGIIFNAV,285,227.0
944,HLA-DRB101:01,1608.34,ANZ78847,DLICVQSYKGI,944,228.0
85,HLA-DRB101:01,1611.93,ANZ78847,GTDKLSTLWFK,85,229.0
242,HLA-DRB101:01,1624.21,ANZ78847,NVYLGMALSHY,242,230.0
415,HLA-DRB101:01,1625.04,ANZ78847,DLQLGNLGYLQ,415,231.0
417,HLA-DRB101:01,1627.56,ANZ78847,QLGNLGYLQSF,417,232.0
678,HLA-DRB101:01,1641.29,ANZ78847,MIRSCYSGRVS,678,233.0
1016,HLA-DRB101:01,1643.88,ANZ78847,ANAFNNALDAI,1016,234.0
648,HLA-DRB101:01,1645.39,ANZ78847,ATYYNSWQNLL,648,235.0
726,HLA-DRB101:01,1657.23,ANZ78847,DSYLGCVVNAY,726,236.0
114,HLA-DRB101:01,1659.08,ANZ78847,KVFKDGVMYSE,114,237.0
1029,HLA-DRB101:01,1662.03,ANZ78847,GFDATNSALVK,1029,238.0
1271,HLA-DRB101:01,1664.52,ANZ78847,LQVEMNRLQEA,1271,239.0
874,HLA-DRB101:01,1686.76,ANZ78847,GVTLSTKLKDG,874,240.0
647,HLA-DRB101:01,1698.42,ANZ78847,NATYYNSWQNL,647,241.0
393,HLA-DRB101:01,1706.67,ANZ78847,IYGMCFSSITI,393,242.0
829,HLA-DRB101:01,1723.68,ANZ78847,CGDYAACKSQL,829,243.0
865,HLA-DRB101:01,1732.62,ANZ78847,LQVANSLMNGV,865,244.0
670,HLA-DRB101:01,1736.43,ANZ78847,DYLTNRTFMIR,670,245.0
1215,HLA-DRB101:01,1741.48,ANZ78847,VMSTCAVNYTK,1215,246.0
1305,HLA-DRB101:01,1797.63,ANZ78847,PWYVWLLICLA,1305,247.0
1012,HLA-DRB101:01,1824.31,ANZ78847,QKLIANAFNNA,1012,248.0
1167,HLA-DRB101:01,1824.36,ANZ78847,AKVSPGLCIAG,1167,249.0
817,HLA-DRB101:01,1827.72,ANZ78847,SPKVTIDCAAF,817,250.0
858,HLA-DRB101:01,1843.2,ANZ78847,ELLDTTQLQVA,858,251.0
668,HLA-DRB101:01,1858.51,ANZ78847,FRDYLTNRTFM,668,252.0
275,HLA-DRB101:01,1875.37,ANZ78847,PLTSRQYLLAF,275,253.0
980,HLA-DRB101:01,1882.65,ANZ78847,PPWTAAAGVPF,980,254.0
323,HLA-DRB101:01,1895.79,ANZ78847,GYTVQPIADVY,323,255.0
1133,HLA-DRB101:01,1905.47,ANZ78847,NFCGNGNHIIS,1133,256.0
1031,HLA-DRB101:01,1905.68,ANZ78847,DATNSALVKIQ,1031,257.0
59,HLA-DRB101:01,1906.2,ANZ78847,VYLNTTLFLNG,59,258.0
669,HLA-DRB101:01,1906.7,ANZ78847,RDYLTNRTFMI,669,259.0
546,HLA-DRB101:01,1912.76,ANZ78847,KCPQSKSLVGI,546,260.0
8,HLA-DRB101:01,1916.61,ANZ78847,LPTAFAVIGDL,8,261.0
1096,HLA-DRB101:01,1917.75,ANZ78847,LNAYVSQQLSD,1096,262.0
1071,HLA-DRB101:01,1918.75,ANZ78847,EILSRLDALEA,1071,263.0
927,HLA-DRB101:01,1935.09,ANZ78847,VGFVAAYNNCT,927,264.0
361,HLA-DRB101:01,1948.66,ANZ78847,RKTFSNCNFNM,361,265.0
12,HLA-DRB101:01,1950.86,ANZ78847,FAVIGDLKCPL,12,266.0
1276,HLA-DRB101:01,1951.84,ANZ78847,NRLQEAIKVLN,1276,267.0
558,HLA-DRB101:01,1957.74,ANZ78847,EHCSGLAVKSD,558,268.0
228,HLA-DRB101:01,1959.87,ANZ78847,AYFTDTGVVTK,228,269.0
1299,HLA-DRB101:01,1963.94,ANZ78847,EYYVKWPWYVW,1299,270.0
1212,HLA-DRB101:01,1964.41,ANZ78847,NVVVMSTCAVN,1212,271.0
765,HLA-DRB101:01,1966.78,ANZ78847,RRAITTGYRFT,765,272.0
1264,HLA-DRB101:01,1967.48,ANZ78847,INVTFLDLQVE,1264,273.0
983,HLA-DRB101:01,1969.79,ANZ78847,TAAAGVPFYLN,983,274.0
1346,HLA-DRB101:01,1989.76,ANZ78847,DYTGYQELVIK,1346,275.0
555,HLA-DRB101:01,2009.78,ANZ78847,GIGEHCSGLAV,555,276.0
220,HLA-DRB101:01,2030.49,ANZ78847,YQEGGTFYAYF,220,277.0
1107,HLA-DRB101:01,2044.77,ANZ78847,STLVKFSAAQA,1107,278.0
1068,HLA-DRB101:01,2044.88,ANZ78847,SLQEILSRLDA,1068,279.0
1247,HLA-DRB101:01,2048.05,ANZ78847,QWFKNQTSVAP,1247,280.0
196,HLA-DRB101:01,2052.4,ANZ78847,GVVSCLYKRNF,196,281.0
908,HLA-DRB101:01,2054.45,ANZ78847,ASSRSAIEDLL,908,282.0
851,HLA-DRB101:01,2059.11,ANZ78847,AILTEVNELLD,851,283.0
185,HLA-DRB101:01,2062.08,ANZ78847,NHFKELWHMDT,185,284.0
736,HLA-DRB101:01,2068.21,ANZ78847,YNSTAISVQTC,736,285.0
957,HLA-DRB101:01,2071.14,ANZ78847,LPPLLSENQIS,957,286.0
892,HLA-DRB101:01,2074.33,ANZ78847,INFSSVLGCLG,892,287.0
5,HLA-DRB101:01,2074.34,ANZ78847,LISLPTAFAVI,5,288.0
871,HLA-DRB101:01,2075.99,ANZ78847,LMNGVTLSTKL,871,289.0
813,HLA-DRB101:01,2080.11,ANZ78847,IQTSSPKVTID,813,290.0
324,HLA-DRB101:01,2086.81,ANZ78847,YTVQPIADVYR,324,291.0
390,HLA-DRB101:01,2090.04,ANZ78847,AAKIYGMCFSS,390,292.0
552,HLA-DRB101:01,2090.91,ANZ78847,SLVGIGEHCSG,552,293.0
1250,HLA-DRB101:01,2105.52,ANZ78847,KNQTSVAPDLA,1250,294.0
421,HLA-DRB101:01,2120.75,ANZ78847,LGYLQSFNYRI,421,295.0
238,HLA-DRB101:01,2124.03,ANZ78847,KFLFNVYLGMA,238,296.0
141,HLA-DRB101:01,2136.62,ANZ78847,VVVQPRTINST,141,297.0
246,HLA-DRB101:01,2137.16,ANZ78847,GMALSHYYVMP,246,298.0
712,HLA-DRB101:01,2137.38,ANZ78847,NNSLTRQLQPI,712,299.0
442,HLA-DRB101:01,2144.02,ANZ78847,YNLPAANVSVS,442,300.0
1163,HLA-DRB101:01,2163.01,ANZ78847,KYVTAKVSPGL,1163,301.0
1261,HLA-DRB101:01,2164.24,ANZ78847,LDYINVTFLDL,1261,302.0
202,HLA-DRB101:01,2179.06,ANZ78847,YKRNFTYDVNA,202,303.0
1093,HLA-DRB101:01,2185.71,ANZ78847,LTALNAYVSQQ,1093,304.0
303,HLA-DRB101:01,2186.72,ANZ78847,SEIKCKTQSIA,303,305.0
940,HLA-DRB101:01,2187.33,ANZ78847,AEIRDLICVQS,940,306.0
1172,HLA-DRB101:01,2201.19,ANZ78847,GLCIAGDRGIA,1172,307.0
1307,HLA-DRB101:01,2209.52,ANZ78847,YVWLLICLAGV,1307,308.0
1000,HLA-DRB101:01,2212.28,ANZ78847,GLGVTMDVLSQ,1000,309.0
1055,HLA-DRB101:01,2233.67,ANZ78847,LQQLSNRFGAI,1055,310.0
1350,HLA-DRB101:01,2249.28,ANZ78847,YQELVIKTSHD,1350,311.0
1032,HLA-DRB101:01,2250.78,ANZ78847,ATNSALVKIQA,1032,312.0
1132,HLA-DRB101:01,2269.41,ANZ78847,INFCGNGNHII,1132,313.0
1088,HLA-DRB101:01,2269.74,ANZ78847,LINGRLTALNA,1088,314.0
1006,HLA-DRB101:01,2288.73,ANZ78847,DVLSQNQKLIA,1006,315.0
672,HLA-DRB101:01,2296.61,ANZ78847,LTNRTFMIRSC,672,316.0
126,HLA-DRB101:01,2298.52,ANZ78847,PAITIGSTFVN,126,317.0
4,HLA-DRB101:01,2300.66,ANZ78847,LLISLPTAFAV,4,318.0
394,HLA-DRB101:01,2305.56,ANZ78847,YGMCFSSITID,394,319.0
128,HLA-DRB101:01,2324.15,ANZ78847,ITIGSTFVNTS,128,320.0
1278,HLA-DRB101:01,2326.6,ANZ78847,LQEAIKVLNQS,1278,321.0
499,HLA-DRB101:01,2350.78,ANZ78847,PCKSNSSLCVG,499,322.0
125,HLA-DRB101:01,2361.18,ANZ78847,FPAITIGSTFV,125,323.0
318,HLA-DRB101:01,2382.92,ANZ78847,VYELNGYTVQP,318,324.0
1251,HLA-DRB101:01,2389.89,ANZ78847,NQTSVAPDLAL,1251,325.0
966,HLA-DRB101:01,2391.22,ANZ78847,ISGYTLAATSA,966,326.0
1269,HLA-DRB101:01,2391.29,ANZ78847,LDLQVEMNRLQ,1269,327.0
1187,HLA-DRB101:01,2395.22,ANZ78847,YFVNVNNTWMY,1187,328.0
733,HLA-DRB101:01,2400.54,ANZ78847,VNAYNSTAISV,733,329.0
1286,HLA-DRB101:01,2401.88,ANZ78847,NQSYINLKDIG,1286,330.0
260,HLA-DRB101:01,2401.97,ANZ78847,ISRRNIGFTLE,260,331.0
850,HLA-DRB101:01,2406.89,ANZ78847,NAILTEVNELL,850,332.0
1033,HLA-DRB101:01,2409.41,ANZ78847,TNSALVKIQAV,1033,333.0
270,HLA-DRB101:01,2410.77,ANZ78847,EYWVTPLTSRQ,270,334.0
746,HLA-DRB101:01,2413.86,ANZ78847,CDLTVGSGYCV,746,335.0
780,HLA-DRB101:01,2418.8,ANZ78847,FTVNSVNDSLE,780,336.0
639,HLA-DRB101:01,2420.93,ANZ78847,GQGIFVEVNAT,639,337.0
956,HLA-DRB101:01,2430.85,ANZ78847,VLPPLLSENQI,956,338.0
1125,HLA-DRB101:01,2434.29,ANZ78847,VKSQSSRINFC,1125,339.0
161,HLA-DRB101:01,2438.25,ANZ78847,LLEVSVCQYNM,161,340.0
999,HLA-DRB101:01,2440.95,ANZ78847,NGLGVTMDVLS,999,341.0
1059,HLA-DRB101:01,2452.93,ANZ78847,SNRFGAISSSL,1059,342.0
271,HLA-DRB101:01,2455.86,ANZ78847,YWVTPLTSRQY,271,343.0
370,HLA-DRB101:01,2459.33,ANZ78847,NMSSLMSFIQA,370,344.0
236,HLA-DRB101:01,2462.87,ANZ78847,VTKFLFNVYLG,236,345.0
947,HLA-DRB101:01,2485.78,ANZ78847,CVQSYKGIKVL,947,346.0
1089,HLA-DRB101:01,2490.83,ANZ78847,INGRLTALNAY,1089,347.0
1314,HLA-DRB101:01,2499.18,ANZ78847,LAGVAMLVLLF,1314,348.0
1349,HLA-DRB101:01,2535.8,ANZ78847,GYQELVIKTSH,1349,349.0
284,HLA-DRB101:01,2539.14,ANZ78847,AFNQDGIIFNA,284,350.0
317,HLA-DRB101:01,2567.88,ANZ78847,GVYELNGYTVQ,317,351.0
96,HLA-DRB101:01,2571.18,ANZ78847,PPFLSDFINGI,96,352.0
579,HLA-DRB101:01,2577.13,ANZ78847,PQAFLGWSADS,579,353.0
49,HLA-DRB101:01,2578.71,ANZ78847,GLGTYYVLDRV,49,354.0
831,HLA-DRB101:01,2582.6,ANZ78847,DYAACKSQLVE,831,355.0
964,HLA-DRB101:01,2594.2,ANZ78847,NQISGYTLAAT,964,356.0
633,HLA-DRB101:01,2598.36,ANZ78847,DLYGISGQGIF,633,357.0
1260,HLA-DRB101:01,2611.54,ANZ78847,ALDYINVTFLD,1260,358.0
174,HLA-DRB101:01,2617.71,ANZ78847,YPHTICHPNLG,174,359.0
1036,HLA-DRB101:01,2624.88,ANZ78847,ALVKIQAVVNA,1036,360.0
963,HLA-DRB101:01,2643.63,ANZ78847,ENQISGYTLAA,963,361.0
1285,HLA-DRB101:01,2646.24,ANZ78847,LNQSYINLKDI,1285,362.0
405,HLA-DRB101:01,2661.09,ANZ78847,KFAIPNGRKVD,405,363.0
206,HLA-DRB101:01,2667.33,ANZ78847,FTYDVNATYLY,206,364.0
1300,HLA-DRB101:01,2673.29,ANZ78847,YYVKWPWYVWL,1300,365.0
701,HLA-DRB101:01,2680.23,ANZ78847,LFRNIKCNYVF,701,366.0
305,HLA-DRB101:01,2681.91,ANZ78847,IKCKTQSIAPP,305,367.0
971,HLA-DRB101:01,2698.85,ANZ78847,LAATSASLFPP,971,368.0
1095,HLA-DRB101:01,2699.24,ANZ78847,ALNAYVSQQLS,1095,369.0
598,HLA-DRB101:01,2712.97,ANZ78847,IFANLILHDVN,598,370.0
482,HLA-DRB101:01,2730.45,ANZ78847,HDVVYAQHCFK,482,371.0
1277,HLA-DRB101:01,2738.55,ANZ78847,RLQEAIKVLNQ,1277,372.0
770,HLA-DRB101:01,2749.71,ANZ78847,TGYRFTNFEPF,770,373.0
821,HLA-DRB101:01,2772.93,ANZ78847,TIDCAAFVCGD,821,374.0
1066,HLA-DRB101:01,2775.08,ANZ78847,SSSLQEILSRL,1066,375.0
842,HLA-DRB101:01,2783.43,ANZ78847,YGSFCDNINAI,842,376.0
875,HLA-DRB101:01,2808.68,ANZ78847,VTLSTKLKDGV,875,377.0
1070,HLA-DRB101:01,2832.04,ANZ78847,QEILSRLDALE,1070,378.0
824,HLA-DRB101:01,2833.57,ANZ78847,CAAFVCGDYAA,824,379.0
685,HLA-DRB101:01,2837.72,ANZ78847,GRVSAAFHANS,685,380.0
38,HLA-DRB101:01,2860.08,ANZ78847,SISTATVDVTN,38,381.0
689,HLA-DRB101:01,2862.3,ANZ78847,AAFHANSSEPA,689,382.0
487,HLA-DRB101:01,2862.74,ANZ78847,AQHCFKAPKNF,487,383.0
1110,HLA-DRB101:01,2865.67,ANZ78847,VKFSAAQAMEK,1110,384.0
928,HLA-DRB101:01,2866.72,ANZ78847,GFVAAYNNCTG,928,385.0
261,HLA-DRB101:01,2898.62,ANZ78847,SRRNIGFTLEY,261,386.0
543,HLA-DRB101:01,2905.48,ANZ78847,GPYKCPQSKSL,543,387.0
1049,HLA-DRB101:01,2911.94,ANZ78847,EALNNLLQQLS,1049,388.0
857,HLA-DRB101:01,2915.18,ANZ78847,NELLDTTQLQV,857,389.0
740,HLA-DRB101:01,2916.25,ANZ78847,AISVQTCDLTV,740,390.0
722,HLA-DRB101:01,2919.12,ANZ78847,INYFDSYLGCV,722,391.0
207,HLA-DRB101:01,2924.9,ANZ78847,TYDVNATYLYF,207,392.0
167,HLA-DRB101:01,2934.43,ANZ78847,CQYNMCEYPHT,167,393.0
63,HLA-DRB101:01,2951.62,ANZ78847,TTLFLNGYYPT,63,394.0
582,HLA-DRB101:01,2954.22,ANZ78847,FLGWSADSCLQ,582,395.0
905,HLA-DRB101:01,2957.66,ANZ78847,CSKASSRSAIE,905,396.0
1282,HLA-DRB101:01,2961.56,ANZ78847,IKVLNQSYINL,1282,397.0
1315,HLA-DRB101:01,2997.39,ANZ78847,AGVAMLVLLFF,1315,398.0
155,HLA-DRB101:01,3019.54,ANZ78847,VNKLQGLLEVS,155,399.0
288,HLA-DRB101:01,3038.44,ANZ78847,DGIIFNAVDCM,288,400.0
1165,HLA-DRB101:01,3069.25,ANZ78847,VTAKVSPGLCI,1165,401.0
173,HLA-DRB101:01,3072.64,ANZ78847,EYPHTICHPNL,173,402.0
208,HLA-DRB101:01,3088.1,ANZ78847,YDVNATYLYFH,208,403.0
795,HLA-DRB101:01,3089.55,ANZ78847,LYEIQIPSDFT,795,404.0
306,HLA-DRB101:01,3097.69,ANZ78847,KCKTQSIAPPT,306,405.0
972,HLA-DRB101:01,3101.22,ANZ78847,AATSASLFPPW,972,406.0
1054,HLA-DRB101:01,3101.32,ANZ78847,LLQQLSNRFGA,1054,407.0
36,HLA-DRB101:01,3117.91,ANZ78847,PPSISTATVDV,36,408.0
408,HLA-DRB101:01,3123.83,ANZ78847,IPNGRKVDLQL,408,409.0
233,HLA-DRB101:01,3124.65,ANZ78847,TGVVTKFLFNV,233,410.0
1280,HLA-DRB101:01,3133.64,ANZ78847,EAIKVLNQSYI,1280,411.0
460,HLA-DRB101:01,3137.05,ANZ78847,NKRFGFIEDSV,460,412.0
627,HLA-DRB101:01,3142.21,ANZ78847,GVCVNYDLYGI,627,413.0
1348,HLA-DRB101:01,3147.36,ANZ78847,TGYQELVIKTS,1348,414.0
101,HLA-DRB101:01,3150.53,ANZ78847,DFINGIFAKVK,101,415.0
1140,HLA-DRB101:01,3170.92,ANZ78847,HIISLVQNAPY,1140,416.0
131,HLA-DRB101:01,3178.89,ANZ78847,GSTFVNTSYSV,131,417.0
1270,HLA-DRB101:01,3214.3,ANZ78847,DLQVEMNRLQE,1270,418.0
556,HLA-DRB101:01,3217.47,ANZ78847,IGEHCSGLAVK,556,419.0
355,HLA-DRB101:01,3229.48,ANZ78847,SPLNWERKTFS,355,420.0
290,HLA-DRB101:01,3233.61,ANZ78847,IIFNAVDCMSD,290,421.0
1328,HLA-DRB101:01,3252.97,ANZ78847,CCTGCGTSCFK,1328,422.0
1272,HLA-DRB101:01,3254.55,ANZ78847,QVEMNRLQEAI,1272,423.0
302,HLA-DRB101:01,3259.22,ANZ78847,MSEIKCKTQSI,302,424.0
396,HLA-DRB101:01,3270.21,ANZ78847,MCFSSITIDKF,396,425.0
849,HLA-DRB101:01,3277.21,ANZ78847,INAILTEVNEL,849,426.0
904,HLA-DRB101:01,3284.45,ANZ78847,ECSKASSRSAI,904,427.0
1181,HLA-DRB101:01,3301.79,ANZ78847,IAPKSGYFVNV,1181,428.0
226,HLA-DRB101:01,3305.71,ANZ78847,FYAYFTDTGVV,226,429.0
1324,HLA-DRB101:01,3305.84,ANZ78847,FFICCCTGCGT,1324,430.0
839,HLA-DRB101:01,3309.74,ANZ78847,LVEYGSFCDNI,839,431.0
1004,HLA-DRB101:01,3317.75,ANZ78847,TMDVLSQNQKL,1004,432.0
1155,HLA-DRB101:01,3340.56,ANZ78847,IHFSYVPTKYV,1155,433.0
464,HLA-DRB101:01,3344.31,ANZ78847,GFIEDSVFKPQ,464,434.0
1086,HLA-DRB101:01,3356.65,ANZ78847,DRLINGRLTAL,1086,435.0
350,HLA-DRB101:01,3361.38,ANZ78847,DKSVPSPLNWE,350,436.0
941,HLA-DRB101:01,3363.88,ANZ78847,EIRDLICVQSY,941,437.0
193,HLA-DRB101:01,3376.09,ANZ78847,MDTGVVSCLYK,193,438.0
453,HLA-DRB101:01,3378.02,ANZ78847,RFNPSTWNKRF,453,439.0
477,HLA-DRB101:01,3379.08,ANZ78847,GVLTNHDVVYA,477,440.0
764,HLA-DRB101:01,3390.18,ANZ78847,SRRAITTGYRF,764,441.0
898,HLA-DRB101:01,3397.14,ANZ78847,LGCLGSECSKA,898,442.0
631,HLA-DRB101:01,3406.2,ANZ78847,NYDLYGISGQG,631,443.0
935,HLA-DRB101:01,3448.88,ANZ78847,NCTGGAEIRDL,935,444.0
168,HLA-DRB101:01,3449.26,ANZ78847,QYNMCEYPHTI,168,445.0
258,HLA-DRB101:01,3461.3,ANZ78847,TCISRRNIGFT,258,446.0
1189,HLA-DRB101:01,3487.27,ANZ78847,VNVNNTWMYTG,1189,447.0
796,HLA-DRB101:01,3488.07,ANZ78847,YEIQIPSDFTI,796,448.0
1002,HLA-DRB101:01,3496.33,ANZ78847,GVTMDVLSQNQ,1002,449.0
919,HLA-DRB101:01,3517.51,ANZ78847,FDKVKLSDVGF,919,450.0
375,HLA-DRB101:01,3517.96,ANZ78847,MSFIQADSFTC,375,451.0
870,HLA-DRB101:01,3519.93,ANZ78847,SLMNGVTLSTK,870,452.0
539,HLA-DRB101:01,3532.13,ANZ78847,ITFTGPYKCPQ,539,453.0
484,HLA-DRB101:01,3541.91,ANZ78847,VVYAQHCFKAP,484,454.0
1087,HLA-DRB101:01,3554.51,ANZ78847,RLINGRLTALN,1087,455.0
1196,HLA-DRB101:01,3559.05,ANZ78847,MYTGSGYYYPE,1196,456.0
862,HLA-DRB101:01,3570.54,ANZ78847,TTQLQVANSLM,862,457.0
624,HLA-DRB101:01,3573.89,ANZ78847,IKLGVCVNYDL,624,458.0
194,HLA-DRB101:01,3585.19,ANZ78847,DTGVVSCLYKR,194,459.0
820,HLA-DRB101:01,3594.09,ANZ78847,VTIDCAAFVCG,820,460.0
1262,HLA-DRB101:01,3629.65,ANZ78847,DYINVTFLDLQ,1262,461.0
1292,HLA-DRB101:01,3630.58,ANZ78847,LKDIGTYEYYV,1292,462.0
848,HLA-DRB101:01,3630.76,ANZ78847,NINAILTEVNE,848,463.0
481,HLA-DRB101:01,3634.27,ANZ78847,NHDVVYAQHCF,481,464.0
135,HLA-DRB101:01,3676.15,ANZ78847,VNTSYSVVVQP,135,465.0
45,HLA-DRB101:01,3676.43,ANZ78847,DVTNGLGTYYV,45,466.0
414,HLA-DRB101:01,3703.11,ANZ78847,VDLQLGNLGYL,414,467.0
1124,HLA-DRB101:01,3706.56,ANZ78847,CVKSQSSRINF,1124,468.0
1137,HLA-DRB101:01,3728.32,ANZ78847,NGNHIISLVQN,1137,469.0
1144,HLA-DRB101:01,3738.07,ANZ78847,LVQNAPYGLYF,1144,470.0
349,HLA-DRB101:01,3752.9,ANZ78847,NDKSVPSPLNW,349,471.0
739,HLA-DRB101:01,3770.03,ANZ78847,TAISVQTCDLT,739,472.0
841,HLA-DRB101:01,3796.26,ANZ78847,EYGSFCDNINA,841,473.0
431,HLA-DRB101:01,3802.78,ANZ78847,IDTTATSCQLY,431,474.0
907,HLA-DRB101:01,3812.3,ANZ78847,KASSRSAIEDL,907,475.0
107,HLA-DRB101:01,3845.21,ANZ78847,FAKVKNTKVFK,107,476.0
909,HLA-DRB101:01,3851.03,ANZ78847,SSRSAIEDLLF,909,477.0
707,HLA-DRB101:01,3862.93,ANZ78847,CNYVFNNSLTR,707,478.0
657,HLA-DRB101:01,3895.73,ANZ78847,LLYDSNGNLYG,657,479.0
9,HLA-DRB101:01,3899.42,ANZ78847,PTAFAVIGDLK,9,480.0
879,HLA-DRB101:01,3908.85,ANZ78847,TKLKDGVNFNV,879,481.0
1084,HLA-DRB101:01,3923.58,ANZ78847,QIDRLINGRLT,1084,482.0
1316,HLA-DRB101:01,3954.16,ANZ78847,GVAMLVLLFFI,1316,483.0
88,HLA-DRB101:01,3969.83,ANZ78847,KLSTLWFKPPF,88,484.0
651,HLA-DRB101:01,4004.72,ANZ78847,YNSWQNLLYDS,651,485.0
1179,HLA-DRB101:01,4012.7,ANZ78847,RGIAPKSGYFV,1179,486.0
1230,HLA-DRB101:01,4016.85,ANZ78847,MLNTSIPNLPD,1230,487.0
384,HLA-DRB101:01,4019.99,ANZ78847,TCNNIDAAKIY,384,488.0
1145,HLA-DRB101:01,4030.85,ANZ78847,VQNAPYGLYFI,1145,489.0
1043,HLA-DRB101:01,4036.67,ANZ78847,VVNANAEALNN,1043,490.0
515,HLA-DRB101:01,4040.5,ANZ78847,NNGIGTCPAGT,515,491.0
788,HLA-DRB101:01,4079.44,ANZ78847,SLEPVGGLYEI,788,492.0
136,HLA-DRB101:01,4105.61,ANZ78847,NTSYSVVVQPR,136,493.0
454,HLA-DRB101:01,4108.78,ANZ78847,FNPSTWNKRFG,454,494.0
766,HLA-DRB101:01,4113.79,ANZ78847,RAITTGYRFTN,766,495.0
381,HLA-DRB101:01,4123.57,ANZ78847,DSFTCNNIDAA,381,496.0
1246,HLA-DRB101:01,4140.12,ANZ78847,DQWFKNQTSVA,1246,497.0
22,HLA-DRB101:01,4154.27,ANZ78847,LDSRTGSLNNI,22,498.0
1229,HLA-DRB101:01,4161.96,ANZ78847,VMLNTSIPNLP,1229,499.0
974,HLA-DRB101:01,4184.3,ANZ78847,TSASLFPPWTA,974,500.0
430,HLA-DRB101:01,4191.56,ANZ78847,RIDTTATSCQL,430,501.0
162,HLA-DRB101:01,4191.59,ANZ78847,LEVSVCQYNMC,162,502.0
900,HLA-DRB101:01,4193.5,ANZ78847,CLGSECSKASS,900,503.0
1101,HLA-DRB101:01,4195.63,ANZ78847,SQQLSDSTLVK,1101,504.0
987,HLA-DRB101:01,4203.05,ANZ78847,GVPFYLNVQYR,987,505.0
600,HLA-DRB101:01,4208.65,ANZ78847,ANLILHDVNSG,600,506.0
10,HLA-DRB101:01,4214.43,ANZ78847,TAFAVIGDLKC,10,507.0
139,HLA-DRB101:01,4219.64,ANZ78847,YSVVVQPRTIN,139,508.0
1164,HLA-DRB101:01,4221.95,ANZ78847,YVTAKVSPGLC,1164,509.0
920,HLA-DRB101:01,4230.38,ANZ78847,DKVKLSDVGFV,920,510.0
1079,HLA-DRB101:01,4241.76,ANZ78847,LEAEAQIDRLI,1079,511.0
406,HLA-DRB101:01,4248.77,ANZ78847,FAIPNGRKVDL,406,512.0
476,HLA-DRB101:01,4297.7,ANZ78847,AGVLTNHDVVY,476,513.0
618,HLA-DRB101:01,4300.22,ANZ78847,QKANTDIKLGV,618,514.0
48,HLA-DRB101:01,4320.4,ANZ78847,NGLGTYYVLDR,48,515.0
102,HLA-DRB101:01,4328.14,ANZ78847,FINGIFAKVKN,102,516.0
825,HLA-DRB101:01,4337.99,ANZ78847,AAFVCGDYAAC,825,517.0
301,HLA-DRB101:01,4348.67,ANZ78847,FMSEIKCKTQS,301,518.0
1097,HLA-DRB101:01,4354.34,ANZ78847,NAYVSQQLSDS,1097,519.0
316,HLA-DRB101:01,4355.1,ANZ78847,TGVYELNGYTV,316,520.0
551,HLA-DRB101:01,4382.18,ANZ78847,KSLVGIGEHCS,551,521.0
1042,HLA-DRB101:01,4385.87,ANZ78847,AVVNANAEALN,1042,522.0
304,HLA-DRB101:01,4400.14,ANZ78847,EIKCKTQSIAP,304,523.0
997,HLA-DRB101:01,4401.84,ANZ78847,RINGLGVTMDV,997,524.0
617,HLA-DRB101:01,4414.95,ANZ78847,LQKANTDIKLG,617,525.0
899,HLA-DRB101:01,4418.05,ANZ78847,GCLGSECSKAS,899,526.0
266,HLA-DRB101:01,4426.2,ANZ78847,GFTLEYWVTPL,266,527.0
864,HLA-DRB101:01,4435.44,ANZ78847,QLQVANSLMNG,864,528.0
501,HLA-DRB101:01,4453.68,ANZ78847,KSNSSLCVGSG,501,529.0
805,HLA-DRB101:01,4459.78,ANZ78847,TIGNMEEFIQT,805,530.0
383,HLA-DRB101:01,4469.46,ANZ78847,FTCNNIDAAKI,383,531.0
104,HLA-DRB101:01,4483.04,ANZ78847,NGIFAKVKNTK,104,532.0
119,HLA-DRB101:01,4507.56,ANZ78847,GVMYSEFPAIT,119,533.0
1056,HLA-DRB101:01,4509.63,ANZ78847,QQLSNRFGAIS,1056,534.0
1028,HLA-DRB101:01,4514.72,ANZ78847,EGFDATNSALV,1028,535.0
1135,HLA-DRB101:01,4523.49,ANZ78847,CGNGNHIISLV,1135,536.0
429,HLA-DRB101:01,4526.29,ANZ78847,YRIDTTATSCQ,429,537.0
256,HLA-DRB101:01,4538.58,ANZ78847,PLTCISRRNIG,256,538.0
810,HLA-DRB101:01,4559.09,ANZ78847,EEFIQTSSPKV,810,539.0
145,HLA-DRB101:01,4590.03,ANZ78847,PRTINSTQDGV,145,540.0
868,HLA-DRB101:01,4590.97,ANZ78847,ANSLMNGVTLS,868,541.0
124,HLA-DRB101:01,4671.19,ANZ78847,EFPAITIGSTF,124,542.0
404,HLA-DRB101:01,4679.49,ANZ78847,DKFAIPNGRKV,404,543.0
186,HLA-DRB101:01,4683.98,ANZ78847,HFKELWHMDTG,186,544.0
1037,HLA-DRB101:01,4693.39,ANZ78847,LVKIQAVVNAN,1037,545.0
1308,HLA-DRB101:01,4713.83,ANZ78847,VWLLICLAGVA,1308,546.0
1001,HLA-DRB101:01,4724.43,ANZ78847,LGVTMDVLSQN,1001,547.0
936,HLA-DRB101:01,4731.64,ANZ78847,CTGGAEIRDLI,936,548.0
118,HLA-DRB101:01,4749.61,ANZ78847,DGVMYSEFPAI,118,549.0
1136,HLA-DRB101:01,4759.93,ANZ78847,GNGNHIISLVQ,1136,550.0
489,HLA-DRB101:01,4760.68,ANZ78847,HCFKAPKNFCP,489,551.0
1301,HLA-DRB101:01,4762.66,ANZ78847,YVKWPWYVWLL,1301,552.0
588,HLA-DRB101:01,4774.89,ANZ78847,DSCLQGDKCNI,588,553.0
923,HLA-DRB101:01,4782.77,ANZ78847,KLSDVGFVAAY,923,554.0
108,HLA-DRB101:01,4798.81,ANZ78847,AKVKNTKVFKD,108,555.0
636,HLA-DRB101:01,4805.79,ANZ78847,GISGQGIFVEV,636,556.0
554,HLA-DRB101:01,4830.2,ANZ78847,VGIGEHCSGLA,554,557.0
300,HLA-DRB101:01,4875.35,ANZ78847,DFMSEIKCKTQ,300,558.0
64,HLA-DRB101:01,4881.23,ANZ78847,TLFLNGYYPTS,64,559.0
123,HLA-DRB101:01,4883.87,ANZ78847,SEFPAITIGST,123,560.0
80,HLA-DRB101:01,4889.83,ANZ78847,NMALKGTDKLS,80,561.0
380,HLA-DRB101:01,4892.8,ANZ78847,ADSFTCNNIDA,380,562.0
762,HLA-DRB101:01,4907.76,ANZ78847,RRSRRAITTGY,762,563.0
880,HLA-DRB101:01,4921.44,ANZ78847,KLKDGVNFNVD,880,564.0
610,HLA-DRB101:01,4938.92,ANZ78847,GLTCSTDLQKA,610,565.0
1017,HLA-DRB101:01,4964.69,ANZ78847,NAFNNALDAIQ,1017,566.0
1058,HLA-DRB101:01,4966.84,ANZ78847,LSNRFGAISSS,1058,567.0
98,HLA-DRB101:01,4968.41,ANZ78847,FLSDFINGIFA,98,568.0
1252,HLA-DRB101:01,4975.96,ANZ78847,QTSVAPDLALD,1252,569.0
758,HLA-DRB101:01,4983.27,ANZ78847,YSKNRRSRRAI,758,570.0
933,HLA-DRB101:01,4984.24,ANZ78847,YNNCTGGAEIR,933,571.0
1013,HLA-DRB101:01,4990.8,ANZ78847,KLIANAFNNAL,1013,572.0
332,HLA-DRB101:01,4998.43,ANZ78847,VYRRKPDLPNC,332,573.0
557,HLA-DRB101:01,5005.74,ANZ78847,GEHCSGLAVKS,557,574.0
1011,HLA-DRB101:01,5012.9,ANZ78847,NQKLIANAFNN,1011,575.0
852,HLA-DRB101:01,5065.46,ANZ78847,ILTEVNELLDT,852,576.0
1332,HLA-DRB101:01,5066.45,ANZ78847,CGTSCFKKCGG,1332,577.0
289,HLA-DRB101:01,5076.49,ANZ78847,GIIFNAVDCMS,289,578.0
231,HLA-DRB101:01,5095.66,ANZ78847,TDTGVVTKFLF,231,579.0
609,HLA-DRB101:01,5099.74,ANZ78847,SGLTCSTDLQK,609,580.0
1248,HLA-DRB101:01,5100.88,ANZ78847,WFKNQTSVAPD,1248,581.0
743,HLA-DRB101:01,5102.16,ANZ78847,VQTCDLTVGSG,743,582.0
1020,HLA-DRB101:01,5121.86,ANZ78847,NNALDAIQEGF,1020,583.0
75,HLA-DRB101:01,5132.23,ANZ78847,GSTYRNMALKG,75,584.0
816,HLA-DRB101:01,5137.0,ANZ78847,SSPKVTIDCAA,816,585.0
93,HLA-DRB101:01,5164.24,ANZ78847,WFKPPFLSDFI,93,586.0
500,HLA-DRB101:01,5169.89,ANZ78847,CKSNSSLCVGS,500,587.0
828,HLA-DRB101:01,5176.11,ANZ78847,VCGDYAACKSQ,828,588.0
958,HLA-DRB101:01,5177.33,ANZ78847,PPLLSENQISG,958,589.0
540,HLA-DRB101:01,5188.26,ANZ78847,TFTGPYKCPQS,540,590.0
1253,HLA-DRB101:01,5190.57,ANZ78847,TSVAPDLALDY,1253,591.0
979,HLA-DRB101:01,5226.23,ANZ78847,FPPWTAAAGVP,979,592.0
1057,HLA-DRB101:01,5234.11,ANZ78847,QLSNRFGAISS,1057,593.0
622,HLA-DRB101:01,5238.12,ANZ78847,TDIKLGVCVNY,622,594.0
338,HLA-DRB101:01,5240.92,ANZ78847,DLPNCNIEAWL,338,595.0
423,HLA-DRB101:01,5260.42,ANZ78847,YLQSFNYRIDT,423,596.0
724,HLA-DRB101:01,5261.5,ANZ78847,YFDSYLGCVVN,724,597.0
986,HLA-DRB101:01,5272.32,ANZ78847,AGVPFYLNVQY,986,598.0
1329,HLA-DRB101:01,5298.95,ANZ78847,CTGCGTSCFKK,1329,599.0
475,HLA-DRB101:01,5304.1,ANZ78847,PAGVLTNHDVV,475,600.0
129,HLA-DRB101:01,5308.62,ANZ78847,TIGSTFVNTSY,129,601.0
738,HLA-DRB101:01,5330.2,ANZ78847,STAISVQTCDL,738,602.0
1176,HLA-DRB101:01,5361.31,ANZ78847,AGDRGIAPKSG,1176,603.0
116,HLA-DRB101:01,5392.78,ANZ78847,FKDGVMYSEFP,116,604.0
1067,HLA-DRB101:01,5418.96,ANZ78847,SSLQEILSRLD,1067,605.0
282,HLA-DRB101:01,5438.21,ANZ78847,LLAFNQDGIIF,282,606.0
526,HLA-DRB101:01,5460.63,ANZ78847,NYLTCHNLCNP,526,607.0
1302,HLA-DRB101:01,5473.1,ANZ78847,VKWPWYVWLLI,1302,608.0
292,HLA-DRB101:01,5484.87,ANZ78847,FNAVDCMSDFM,292,609.0
478,HLA-DRB101:01,5509.43,ANZ78847,VLTNHDVVYAQ,478,610.0
684,HLA-DRB101:01,5513.66,ANZ78847,SGRVSAAFHAN,684,611.0
747,HLA-DRB101:01,5522.03,ANZ78847,DLTVGSGYCVD,747,612.0
711,HLA-DRB101:01,5530.95,ANZ78847,FNNSLTRQLQP,711,613.0
1160,HLA-DRB101:01,5533.89,ANZ78847,VPTKYVTAKVS,1160,614.0
240,HLA-DRB101:01,5537.68,ANZ78847,LFNVYLGMALS,240,615.0
265,HLA-DRB101:01,5543.84,ANZ78847,IGFTLEYWVTP,265,616.0
444,HLA-DRB101:01,5554.54,ANZ78847,LPAANVSVSRF,444,617.0
523,HLA-DRB101:01,5560.64,ANZ78847,AGTNYLTCHNL,523,618.0
354,HLA-DRB101:01,5570.79,ANZ78847,PSPLNWERKTF,354,619.0
1052,HLA-DRB101:01,5583.3,ANZ78847,NNLLQQLSNRF,1052,620.0
658,HLA-DRB101:01,5601.84,ANZ78847,LYDSNGNLYGF,658,621.0
1022,HLA-DRB101:01,5602.65,ANZ78847,ALDAIQEGFDA,1022,622.0
378,HLA-DRB101:01,5609.13,ANZ78847,IQADSFTCNNI,378,623.0
448,HLA-DRB101:01,5617.03,ANZ78847,NVSVSRFNPST,448,624.0
929,HLA-DRB101:01,5626.99,ANZ78847,FVAAYNNCTGG,929,625.0
984,HLA-DRB101:01,5636.01,ANZ78847,AAAGVPFYLNV,984,626.0
547,HLA-DRB101:01,5647.91,ANZ78847,CPQSKSLVGIG,547,627.0
1075,HLA-DRB101:01,5655.89,ANZ78847,RLDALEAEAQI,1075,628.0
268,HLA-DRB101:01,5659.47,ANZ78847,TLEYWVTPLTS,268,629.0
195,HLA-DRB101:01,5660.7,ANZ78847,TGVVSCLYKRN,195,630.0
844,HLA-DRB101:01,5669.75,ANZ78847,SFCDNINAILT,844,631.0
906,HLA-DRB101:01,5711.93,ANZ78847,SKASSRSAIED,906,632.0
1118,HLA-DRB101:01,5722.04,ANZ78847,MEKVNECVKSQ,1118,633.0
1039,HLA-DRB101:01,5734.22,ANZ78847,KIQAVVNANAE,1039,634.0
422,HLA-DRB101:01,5757.65,ANZ78847,GYLQSFNYRID,422,635.0
706,HLA-DRB101:01,5769.49,ANZ78847,KCNYVFNNSLT,706,636.0
203,HLA-DRB101:01,5781.85,ANZ78847,KRNFTYDVNAT,203,637.0
1041,HLA-DRB101:01,5784.09,ANZ78847,QAVVNANAEAL,1041,638.0
215,HLA-DRB101:01,5817.82,ANZ78847,LYFHFYQEGGT,215,639.0
262,HLA-DRB101:01,5819.72,ANZ78847,RRNIGFTLEYW,262,640.0
1168,HLA-DRB101:01,5830.42,ANZ78847,KVSPGLCIAGD,1168,641.0
461,HLA-DRB101:01,5837.82,ANZ78847,KRFGFIEDSVF,461,642.0
580,HLA-DRB101:01,5848.8,ANZ78847,QAFLGWSADSC,580,643.0
728,HLA-DRB101:01,5864.38,ANZ78847,YLGCVVNAYNS,728,644.0
1034,HLA-DRB101:01,5872.64,ANZ78847,NSALVKIQAVV,1034,645.0
60,HLA-DRB101:01,5873.01,ANZ78847,YLNTTLFLNGY,60,646.0
1203,HLA-DRB101:01,5888.51,ANZ78847,YYPEPITENNV,1203,647.0
946,HLA-DRB101:01,5898.48,ANZ78847,ICVQSYKGIKV,946,648.0
741,HLA-DRB101:01,5916.73,ANZ78847,ISVQTCDLTVG,741,649.0
100,HLA-DRB101:01,5920.85,ANZ78847,SDFINGIFAKV,100,650.0
708,HLA-DRB101:01,5924.89,ANZ78847,NYVFNNSLTRQ,708,651.0
676,HLA-DRB101:01,5933.81,ANZ78847,TFMIRSCYSGR,676,652.0
474,HLA-DRB101:01,5946.59,ANZ78847,QPAGVLTNHDV,474,653.0
748,HLA-DRB101:01,5968.1,ANZ78847,LTVGSGYCVDY,748,654.0
1094,HLA-DRB101:01,5979.22,ANZ78847,TALNAYVSQQL,1094,655.0
6,HLA-DRB101:01,5980.51,ANZ78847,ISLPTAFAVIG,6,656.0
1147,HLA-DRB101:01,6014.27,ANZ78847,NAPYGLYFIHF,1147,657.0
225,HLA-DRB101:01,6029.38,ANZ78847,TFYAYFTDTGV,225,658.0
254,HLA-DRB101:01,6042.53,ANZ78847,VMPLTCISRRN,254,659.0
146,HLA-DRB101:01,6051.62,ANZ78847,RTINSTQDGVN,146,660.0
1018,HLA-DRB101:01,6062.57,ANZ78847,AFNNALDAIQE,1018,661.0
524,HLA-DRB101:01,6074.58,ANZ78847,GTNYLTCHNLC,524,662.0
1254,HLA-DRB101:01,6085.75,ANZ78847,SVAPDLALDYI,1254,663.0
1072,HLA-DRB101:01,6085.89,ANZ78847,ILSRLDALEAE,1072,664.0
518,HLA-DRB101:01,6093.22,ANZ78847,IGTCPAGTNYL,518,665.0
277,HLA-DRB101:01,6116.73,ANZ78847,TSRQYLLAFNQ,277,666.0
620,HLA-DRB101:01,6129.48,ANZ78847,ANTDIKLGVCV,620,667.0
1112,HLA-DRB101:01,6138.78,ANZ78847,FSAAQAMEKVN,1112,668.0
117,HLA-DRB101:01,6166.55,ANZ78847,KDGVMYSEFPA,117,669.0
351,HLA-DRB101:01,6167.47,ANZ78847,KSVPSPLNWER,351,670.0
1131,HLA-DRB101:01,6177.25,ANZ78847,RINFCGNGNHI,1131,671.0
184,HLA-DRB101:01,6180.08,ANZ78847,GNHFKELWHMD,184,672.0
702,HLA-DRB101:01,6188.57,ANZ78847,FRNIKCNYVFN,702,673.0
83,HLA-DRB101:01,6204.46,ANZ78847,LKGTDKLSTLW,83,674.0
452,HLA-DRB101:01,6256.65,ANZ78847,SRFNPSTWNKR,452,675.0
362,HLA-DRB101:01,6259.26,ANZ78847,KTFSNCNFNMS,362,676.0
782,HLA-DRB101:01,6272.05,ANZ78847,VNSVNDSLEPV,782,677.0
212,HLA-DRB101:01,6295.45,ANZ78847,ATYLYFHFYQE,212,678.0
1274,HLA-DRB101:01,6311.46,ANZ78847,EMNRLQEAIKV,1274,679.0
373,HLA-DRB101:01,6376.49,ANZ78847,SLMSFIQADSF,373,680.0
937,HLA-DRB101:01,6427.96,ANZ78847,TGGAEIRDLIC,937,681.0
473,HLA-DRB101:01,6443.73,ANZ78847,PQPAGVLTNHD,473,682.0
69,HLA-DRB101:01,6450.07,ANZ78847,GYYPTSGSTYR,69,683.0
148,HLA-DRB101:01,6462.34,ANZ78847,INSTQDGVNKL,148,684.0
553,HLA-DRB101:01,6481.26,ANZ78847,LVGIGEHCSGL,553,685.0
693,HLA-DRB101:01,6530.14,ANZ78847,ANSSEPALLFR,693,686.0
39,HLA-DRB101:01,6549.08,ANZ78847,ISTATVDVTNG,39,687.0
1151,HLA-DRB101:01,6550.53,ANZ78847,GLYFIHFSYVP,1151,688.0
1178,HLA-DRB101:01,6550.6,ANZ78847,DRGIAPKSGYF,1178,689.0
56,HLA-DRB101:01,6591.61,ANZ78847,LDRVYLNTTLF,56,690.0
1134,HLA-DRB101:01,6594.48,ANZ78847,FCGNGNHIISL,1134,691.0
978,HLA-DRB101:01,6605.76,ANZ78847,LFPPWTAAAGV,978,692.0
456,HLA-DRB101:01,6641.61,ANZ78847,PSTWNKRFGFI,456,693.0
675,HLA-DRB101:01,6643.67,ANZ78847,RTFMIRSCYSG,675,694.0
1326,HLA-DRB101:01,6646.52,ANZ78847,ICCCTGCGTSC,1326,695.0
976,HLA-DRB101:01,6657.61,ANZ78847,ASLFPPWTAAA,976,696.0
192,HLA-DRB101:01,6686.63,ANZ78847,HMDTGVVSCLY,192,697.0
1100,HLA-DRB101:01,6693.86,ANZ78847,VSQQLSDSTLV,1100,698.0
789,HLA-DRB101:01,6707.92,ANZ78847,LEPVGGLYEIQ,789,699.0
731,HLA-DRB101:01,6715.9,ANZ78847,CVVNAYNSTAI,731,700.0
667,HLA-DRB101:01,6736.73,ANZ78847,GFRDYLTNRTF,667,701.0
625,HLA-DRB101:01,6743.82,ANZ78847,KLGVCVNYDLY,625,702.0
891,HLA-DRB101:01,6752.43,ANZ78847,DINFSSVLGCL,891,703.0
235,HLA-DRB101:01,6755.63,ANZ78847,VVTKFLFNVYL,235,704.0
91,HLA-DRB101:01,6781.6,ANZ78847,TLWFKPPFLSD,91,705.0
210,HLA-DRB101:01,6783.16,ANZ78847,VNATYLYFHFY,210,706.0
159,HLA-DRB101:01,6792.16,ANZ78847,QGLLEVSVCQY,159,707.0
699,HLA-DRB101:01,6812.3,ANZ78847,ALLFRNIKCNY,699,708.0
257,HLA-DRB101:01,6865.9,ANZ78847,LTCISRRNIGF,257,709.0
663,HLA-DRB101:01,6870.57,ANZ78847,GNLYGFRDYLT,663,710.0
191,HLA-DRB101:01,6882.41,ANZ78847,WHMDTGVVSCL,191,711.0
1065,HLA-DRB101:01,6884.77,ANZ78847,ISSSLQEILSR,1065,712.0
353,HLA-DRB101:01,6887.59,ANZ78847,VPSPLNWERKT,353,713.0
846,HLA-DRB101:01,6911.22,ANZ78847,CDNINAILTEV,846,714.0
715,HLA-DRB101:01,6946.46,ANZ78847,LTRQLQPINYF,715,715.0
767,HLA-DRB101:01,6992.79,ANZ78847,AITTGYRFTNF,767,716.0
1078,HLA-DRB101:01,6993.56,ANZ78847,ALEAEAQIDRL,1078,717.0
217,HLA-DRB101:01,7005.44,ANZ78847,FHFYQEGGTFY,217,718.0
465,HLA-DRB101:01,7005.97,ANZ78847,FIEDSVFKPQP,465,719.0
1184,HLA-DRB101:01,7018.84,ANZ78847,KSGYFVNVNNT,1184,720.0
1239,HLA-DRB101:01,7047.67,ANZ78847,PDFREELDQWF,1239,721.0
307,HLA-DRB101:01,7052.22,ANZ78847,CKTQSIAPPTG,307,722.0
463,HLA-DRB101:01,7100.69,ANZ78847,FGFIEDSVFKP,463,723.0
845,HLA-DRB101:01,7104.74,ANZ78847,FCDNINAILTE,845,724.0
576,HLA-DRB101:01,7118.98,ANZ78847,TCQPQAFLGWS,576,725.0
1159,HLA-DRB101:01,7121.78,ANZ78847,YVPTKYVTAKV,1159,726.0
814,HLA-DRB101:01,7150.11,ANZ78847,QTSSPKVTIDC,814,727.0
1206,HLA-DRB101:01,7170.59,ANZ78847,EPITENNVVVM,1206,728.0
566,HLA-DRB101:01,7174.8,ANZ78847,KSDYCGGNPCT,566,729.0
1185,HLA-DRB101:01,7195.67,ANZ78847,SGYFVNVNNTW,1185,730.0
82,HLA-DRB101:01,7196.22,ANZ78847,ALKGTDKLSTL,82,731.0
1048,HLA-DRB101:01,7215.52,ANZ78847,AEALNNLLQQL,1048,732.0
910,HLA-DRB101:01,7219.52,ANZ78847,SRSAIEDLLFD,910,733.0
455,HLA-DRB101:01,7236.92,ANZ78847,NPSTWNKRFGF,455,734.0
514,HLA-DRB101:01,7253.88,ANZ78847,KNNGIGTCPAG,514,735.0
105,HLA-DRB101:01,7262.96,ANZ78847,GIFAKVKNTKV,105,736.0
930,HLA-DRB101:01,7277.38,ANZ78847,VAAYNNCTGGA,930,737.0
629,HLA-DRB101:01,7293.3,ANZ78847,CVNYDLYGISG,629,738.0
1122,HLA-DRB101:01,7299.8,ANZ78847,NECVKSQSSRI,1122,739.0
914,HLA-DRB101:01,7316.55,ANZ78847,IEDLLFDKVKL,914,740.0
572,HLA-DRB101:01,7379.72,ANZ78847,GNPCTCQPQAF,572,741.0
70,HLA-DRB101:01,7404.87,ANZ78847,YYPTSGSTYRN,70,742.0
342,HLA-DRB101:01,7405.17,ANZ78847,CNIEAWLNDKS,342,743.0
209,HLA-DRB101:01,7411.09,ANZ78847,DVNATYLYFHF,209,744.0
200,HLA-DRB101:01,7446.13,ANZ78847,CLYKRNFTYDV,200,745.0
901,HLA-DRB101:01,7463.13,ANZ78847,LGSECSKASSR,901,746.0
1116,HLA-DRB101:01,7493.76,ANZ78847,QAMEKVNECVK,1116,747.0
759,HLA-DRB101:01,7529.7,ANZ78847,SKNRRSRRAIT,759,748.0
1173,HLA-DRB101:01,7538.99,ANZ78847,LCIAGDRGIAP,1173,749.0
797,HLA-DRB101:01,7543.79,ANZ78847,EIQIPSDFTIG,797,750.0
939,HLA-DRB101:01,7620.54,ANZ78847,GAEIRDLICVQ,939,751.0
310,HLA-DRB101:01,7622.93,ANZ78847,QSIAPPTGVYE,310,752.0
97,HLA-DRB101:01,7623.61,ANZ78847,PFLSDFINGIF,97,753.0
1327,HLA-DRB101:01,7650.81,ANZ78847,CCCTGCGTSCF,1327,754.0
1053,HLA-DRB101:01,7698.93,ANZ78847,NLLQQLSNRFG,1053,755.0
247,HLA-DRB101:01,7702.72,ANZ78847,MALSHYYVMPL,247,756.0
1044,HLA-DRB101:01,7712.07,ANZ78847,VNANAEALNNL,1044,757.0
519,HLA-DRB101:01,7737.05,ANZ78847,GTCPAGTNYLT,519,758.0
84,HLA-DRB101:01,7740.91,ANZ78847,KGTDKLSTLWF,84,759.0
1015,HLA-DRB101:01,7761.68,ANZ78847,IANAFNNALDA,1015,760.0
152,HLA-DRB101:01,7806.97,ANZ78847,QDGVNKLQGLL,152,761.0
1331,HLA-DRB101:01,7828.46,ANZ78847,GCGTSCFKKCG,1331,762.0
959,HLA-DRB101:01,7878.73,ANZ78847,PLLSENQISGY,959,763.0
1076,HLA-DRB101:01,7892.47,ANZ78847,LDALEAEAQID,1076,764.0
1121,HLA-DRB101:01,7904.2,ANZ78847,VNECVKSQSSR,1121,765.0
695,HLA-DRB101:01,7946.97,ANZ78847,SSEPALLFRNI,695,766.0
775,HLA-DRB101:01,7951.65,ANZ78847,TNFEPFTVNSV,775,767.0
308,HLA-DRB101:01,7960.59,ANZ78847,KTQSIAPPTGV,308,768.0
638,HLA-DRB101:01,7962.89,ANZ78847,SGQGIFVEVNA,638,769.0
494,HLA-DRB101:01,7985.49,ANZ78847,PKNFCPCKSNS,494,770.0
943,HLA-DRB101:01,8016.4,ANZ78847,RDLICVQSYKG,943,771.0
605,HLA-DRB101:01,8017.14,ANZ78847,HDVNSGLTCST,605,772.0
548,HLA-DRB101:01,8035.47,ANZ78847,PQSKSLVGIGE,548,773.0
791,HLA-DRB101:01,8041.03,ANZ78847,PVGGLYEIQIP,791,774.0
171,HLA-DRB101:01,8085.67,ANZ78847,MCEYPHTICHP,171,775.0
727,HLA-DRB101:01,8089.8,ANZ78847,SYLGCVVNAYN,727,776.0
1123,HLA-DRB101:01,8090.53,ANZ78847,ECVKSQSSRIN,1123,777.0
1083,HLA-DRB101:01,8092.56,ANZ78847,AQIDRLINGRL,1083,778.0
1115,HLA-DRB101:01,8111.78,ANZ78847,AQAMEKVNECV,1115,779.0
1267,HLA-DRB101:01,8149.11,ANZ78847,TFLDLQVEMNR,1267,780.0
172,HLA-DRB101:01,8181.87,ANZ78847,CEYPHTICHPN,172,781.0
574,HLA-DRB101:01,8236.32,ANZ78847,PCTCQPQAFLG,574,782.0
590,HLA-DRB101:01,8285.33,ANZ78847,CLQGDKCNIFA,590,783.0
665,HLA-DRB101:01,8290.55,ANZ78847,LYGFRDYLTNR,665,784.0
768,HLA-DRB101:01,8300.33,ANZ78847,ITTGYRFTNFE,768,785.0
1105,HLA-DRB101:01,8303.77,ANZ78847,SDSTLVKFSAA,1105,786.0
859,HLA-DRB101:01,8305.25,ANZ78847,LLDTTQLQVAN,859,787.0
607,HLA-DRB101:01,8314.09,ANZ78847,VNSGLTCSTDL,607,788.0
1240,HLA-DRB101:01,8315.9,ANZ78847,DFREELDQWFK,1240,789.0
90,HLA-DRB101:01,8333.54,ANZ78847,STLWFKPPFLS,90,790.0
527,HLA-DRB101:01,8341.6,ANZ78847,YLTCHNLCNPD,527,791.0
882,HLA-DRB101:01,8365.27,ANZ78847,KDGVNFNVDDI,882,792.0
608,HLA-DRB101:01,8386.9,ANZ78847,NSGLTCSTDLQ,608,793.0
742,HLA-DRB101:01,8389.94,ANZ78847,SVQTCDLTVGS,742,794.0
325,HLA-DRB101:01,8421.35,ANZ78847,TVQPIADVYRR,325,795.0
662,HLA-DRB101:01,8462.75,ANZ78847,NGNLYGFRDYL,662,796.0
188,HLA-DRB101:01,8479.51,ANZ78847,KELWHMDTGVV,188,797.0
437,HLA-DRB101:01,8523.71,ANZ78847,SCQLYYNLPAA,437,798.0
674,HLA-DRB101:01,8523.73,ANZ78847,NRTFMIRSCYS,674,799.0
815,HLA-DRB101:01,8536.3,ANZ78847,TSSPKVTIDCA,815,800.0
180,HLA-DRB101:01,8586.45,ANZ78847,HPNLGNHFKEL,180,801.0
1190,HLA-DRB101:01,8601.52,ANZ78847,NVNNTWMYTGS,1190,802.0
110,HLA-DRB101:01,8627.45,ANZ78847,VKNTKVFKDGV,110,803.0
581,HLA-DRB101:01,8642.21,ANZ78847,AFLGWSADSCL,581,804.0
153,HLA-DRB101:01,8672.58,ANZ78847,DGVNKLQGLLE,153,805.0
1322,HLA-DRB101:01,8710.69,ANZ78847,LLFFICCCTGC,1322,806.0
1204,HLA-DRB101:01,8752.85,ANZ78847,YPEPITENNVV,1204,807.0
440,HLA-DRB101:01,8763.39,ANZ78847,LYYNLPAANVS,440,808.0
962,HLA-DRB101:01,8770.26,ANZ78847,SENQISGYTLA,962,809.0
1081,HLA-DRB101:01,8777.42,ANZ78847,AEAQIDRLING,1081,810.0
863,HLA-DRB101:01,8791.24,ANZ78847,TQLQVANSLMN,863,811.0
975,HLA-DRB101:01,8793.74,ANZ78847,SASLFPPWTAA,975,812.0
291,HLA-DRB101:01,8807.92,ANZ78847,IFNAVDCMSDF,291,813.0
843,HLA-DRB101:01,8848.75,ANZ78847,GSFCDNINAIL,843,814.0
832,HLA-DRB101:01,8850.06,ANZ78847,YAACKSQLVEY,832,815.0
344,HLA-DRB101:01,8867.64,ANZ78847,IEAWLNDKSVP,344,816.0
42,HLA-DRB101:01,8870.35,ANZ78847,ATVDVTNGLGT,42,817.0
628,HLA-DRB101:01,8874.68,ANZ78847,VCVNYDLYGIS,628,818.0
140,HLA-DRB101:01,8893.37,ANZ78847,SVVVQPRTINS,140,819.0
372,HLA-DRB101:01,8897.48,ANZ78847,SSLMSFIQADS,372,820.0
352,HLA-DRB101:01,8899.33,ANZ78847,SVPSPLNWERK,352,821.0
1202,HLA-DRB101:01,8901.39,ANZ78847,YYYPEPITENN,1202,822.0
1120,HLA-DRB101:01,8910.78,ANZ78847,KVNECVKSQSS,1120,823.0
1177,HLA-DRB101:01,9013.38,ANZ78847,GDRGIAPKSGY,1177,824.0
885,HLA-DRB101:01,9019.34,ANZ78847,VNFNVDDINFS,885,825.0
181,HLA-DRB101:01,9022.09,ANZ78847,PNLGNHFKELW,181,826.0
112,HLA-DRB101:01,9027.08,ANZ78847,NTKVFKDGVMY,112,827.0
1014,HLA-DRB101:01,9030.81,ANZ78847,LIANAFNNALD,1014,828.0
54,HLA-DRB101:01,9044.24,ANZ78847,YVLDRVYLNTT,54,829.0
912,HLA-DRB101:01,9044.62,ANZ78847,SAIEDLLFDKV,912,830.0
1040,HLA-DRB101:01,9089.36,ANZ78847,IQAVVNANAEA,1040,831.0
113,HLA-DRB101:01,9120.93,ANZ78847,TKVFKDGVMYS,113,832.0
309,HLA-DRB101:01,9122.62,ANZ78847,TQSIAPPTGVY,309,833.0
293,HLA-DRB101:01,9141.93,ANZ78847,NAVDCMSDFMS,293,834.0
616,HLA-DRB101:01,9155.32,ANZ78847,DLQKANTDIKL,616,835.0
1143,HLA-DRB101:01,9175.89,ANZ78847,SLVQNAPYGLY,1143,836.0
621,HLA-DRB101:01,9191.01,ANZ78847,NTDIKLGVCVN,621,837.0
938,HLA-DRB101:01,9250.93,ANZ78847,GGAEIRDLICV,938,838.0
1216,HLA-DRB101:01,9255.13,ANZ78847,MSTCAVNYTKA,1216,839.0
311,HLA-DRB101:01,9277.12,ANZ78847,SIAPPTGVYEL,311,840.0
298,HLA-DRB101:01,9293.9,ANZ78847,MSDFMSEIKCK,298,841.0
432,HLA-DRB101:01,9305.25,ANZ78847,DTTATSCQLYY,432,842.0
166,HLA-DRB101:01,9316.63,ANZ78847,VCQYNMCEYPH,166,843.0
1023,HLA-DRB101:01,9322.72,ANZ78847,LDAIQEGFDAT,1023,844.0
889,HLA-DRB101:01,9329.42,ANZ78847,VDDINFSSVLG,889,845.0
299,HLA-DRB101:01,9334.33,ANZ78847,SDFMSEIKCKT,299,846.0
122,HLA-DRB101:01,9368.69,ANZ78847,YSEFPAITIGS,122,847.0
419,HLA-DRB101:01,9387.15,ANZ78847,GNLGYLQSFNY,419,848.0
659,HLA-DRB101:01,9412.04,ANZ78847,YDSNGNLYGFR,659,849.0
283,HLA-DRB101:01,9413.82,ANZ78847,LAFNQDGIIFN,283,850.0
1231,HLA-DRB101:01,9422.11,ANZ78847,LNTSIPNLPDF,1231,851.0
190,HLA-DRB101:01,9425.42,ANZ78847,LWHMDTGVVSC,190,852.0
111,HLA-DRB101:01,9433.54,ANZ78847,KNTKVFKDGVM,111,853.0
1205,HLA-DRB101:01,9439.27,ANZ78847,PEPITENNVVV,1205,854.0
1019,HLA-DRB101:01,9454.69,ANZ78847,FNNALDAIQEG,1019,855.0
916,HLA-DRB101:01,9459.38,ANZ78847,DLLFDKVKLSD,916,856.0
1099,HLA-DRB101:01,9479.48,ANZ78847,YVSQQLSDSTL,1099,857.0
1085,HLA-DRB101:01,9550.55,ANZ78847,IDRLINGRLTA,1085,858.0
341,HLA-DRB101:01,9555.7,ANZ78847,NCNIEAWLNDK,341,859.0
443,HLA-DRB101:01,9578.81,ANZ78847,NLPAANVSVSR,443,860.0
1279,HLA-DRB101:01,9602.18,ANZ78847,QEAIKVLNQSY,1279,861.0
221,HLA-DRB101:01,9605.0,ANZ78847,QEGGTFYAYFT,221,862.0
1009,HLA-DRB101:01,9622.39,ANZ78847,SQNQKLIANAF,1009,863.0
926,HLA-DRB101:01,9631.65,ANZ78847,DVGFVAAYNNC,926,864.0
1323,HLA-DRB101:01,9735.85,ANZ78847,LFFICCCTGCG,1323,865.0
520,HLA-DRB101:01,9740.15,ANZ78847,TCPAGTNYLTC,520,866.0
856,HLA-DRB101:01,9753.29,ANZ78847,VNELLDTTQLQ,856,867.0
1219,HLA-DRB101:01,9753.99,ANZ78847,CAVNYTKAPYV,1219,868.0
729,HLA-DRB101:01,9814.41,ANZ78847,LGCVVNAYNST,729,869.0
387,HLA-DRB101:01,9823.2,ANZ78847,NIDAAKIYGMC,387,870.0
737,HLA-DRB101:01,9850.58,ANZ78847,NSTAISVQTCD,737,871.0
575,HLA-DRB101:01,9858.46,ANZ78847,CTCQPQAFLGW,575,872.0
359,HLA-DRB101:01,9875.33,ANZ78847,WERKTFSNCNF,359,873.0
503,HLA-DRB101:01,9920.32,ANZ78847,NSSLCVGSGPG,503,874.0
1082,HLA-DRB101:01,9963.28,ANZ78847,EAQIDRLINGR,1082,875.0
120,HLA-DRB101:01,9989.18,ANZ78847,VMYSEFPAITI,120,876.0
794,HLA-DRB101:01,10036.58,ANZ78847,GLYEIQIPSDF,794,877.0
1325,HLA-DRB101:01,10046.56,ANZ78847,FICCCTGCGTS,1325,878.0
73,HLA-DRB101:01,10049.99,ANZ78847,TSGSTYRNMAL,73,879.0
469,HLA-DRB101:01,10053.87,ANZ78847,SVFKPQPAGVL,469,880.0
763,HLA-DRB101:01,10064.54,ANZ78847,RSRRAITTGYR,763,881.0
143,HLA-DRB101:01,10067.39,ANZ78847,VQPRTINSTQD,143,882.0
932,HLA-DRB101:01,10112.77,ANZ78847,AYNNCTGGAEI,932,883.0
109,HLA-DRB101:01,10130.65,ANZ78847,KVKNTKVFKDG,109,884.0
626,HLA-DRB101:01,10149.27,ANZ78847,LGVCVNYDLYG,626,885.0
779,HLA-DRB101:01,10162.63,ANZ78847,PFTVNSVNDSL,779,886.0
462,HLA-DRB101:01,10171.58,ANZ78847,RFGFIEDSVFK,462,887.0
92,HLA-DRB101:01,10196.25,ANZ78847,LWFKPPFLSDF,92,888.0
466,HLA-DRB101:01,10196.59,ANZ78847,IEDSVFKPQPA,466,889.0
877,HLA-DRB101:01,10235.51,ANZ78847,LSTKLKDGVNF,877,890.0
1051,HLA-DRB101:01,10246.45,ANZ78847,LNNLLQQLSNR,1051,891.0
1208,HLA-DRB101:01,10257.5,ANZ78847,ITENNVVVMST,1208,892.0
896,HLA-DRB101:01,10275.38,ANZ78847,SVLGCLGSECS,896,893.0
426,HLA-DRB101:01,10307.71,ANZ78847,SFNYRIDTTAT,426,894.0
31,HLA-DRB101:01,10308.33,ANZ78847,NIDTGPPSIST,31,895.0
491,HLA-DRB101:01,10310.91,ANZ78847,FKAPKNFCPCK,491,896.0
294,HLA-DRB101:01,10314.13,ANZ78847,AVDCMSDFMSE,294,897.0
1245,HLA-DRB101:01,10316.36,ANZ78847,LDQWFKNQTSV,1245,898.0
1281,HLA-DRB101:01,10363.52,ANZ78847,AIKVLNQSYIN,1281,899.0
1126,HLA-DRB101:01,10379.89,ANZ78847,KSQSSRINFCG,1126,900.0
201,HLA-DRB101:01,10400.84,ANZ78847,LYKRNFTYDVN,201,901.0
1330,HLA-DRB101:01,10422.44,ANZ78847,TGCGTSCFKKC,1330,902.0
777,HLA-DRB101:01,10443.65,ANZ78847,FEPFTVNSVND,777,903.0
1238,HLA-DRB101:01,10453.6,ANZ78847,LPDFREELDQW,1238,904.0
823,HLA-DRB101:01,10458.64,ANZ78847,DCAAFVCGDYA,823,905.0
420,HLA-DRB101:01,10466.34,ANZ78847,NLGYLQSFNYR,420,906.0
205,HLA-DRB101:01,10485.78,ANZ78847,NFTYDVNATYL,205,907.0
222,HLA-DRB101:01,10493.79,ANZ78847,EGGTFYAYFTD,222,908.0
1297,HLA-DRB101:01,10505.29,ANZ78847,TYEYYVKWPWY,1297,909.0
847,HLA-DRB101:01,10513.69,ANZ78847,DNINAILTEVN,847,910.0
506,HLA-DRB101:01,10555.4,ANZ78847,LCVGSGPGKNN,506,911.0
1180,HLA-DRB101:01,10590.57,ANZ78847,GIAPKSGYFVN,1180,912.0
213,HLA-DRB101:01,10618.58,ANZ78847,TYLYFHFYQEG,213,913.0
13,HLA-DRB101:01,10629.39,ANZ78847,AVIGDLKCPLD,13,914.0
79,HLA-DRB101:01,10648.59,ANZ78847,RNMALKGTDKL,79,915.0
589,HLA-DRB101:01,10666.73,ANZ78847,SCLQGDKCNIF,589,916.0
407,HLA-DRB101:01,10677.16,ANZ78847,AIPNGRKVDLQ,407,917.0
147,HLA-DRB101:01,10678.09,ANZ78847,TINSTQDGVNK,147,918.0
1317,HLA-DRB101:01,10690.83,ANZ78847,VAMLVLLFFIC,1317,919.0
507,HLA-DRB101:01,10694.56,ANZ78847,CVGSGPGKNNG,507,920.0
142,HLA-DRB101:01,10695.59,ANZ78847,VVQPRTINSTQ,142,921.0
451,HLA-DRB101:01,10708.92,ANZ78847,VSRFNPSTWNK,451,922.0
1243,HLA-DRB101:01,10722.44,ANZ78847,EELDQWFKNQT,1243,923.0
189,HLA-DRB101:01,10740.52,ANZ78847,ELWHMDTGVVS,189,924.0
1259,HLA-DRB101:01,10795.99,ANZ78847,LALDYINVTFL,1259,925.0
364,HLA-DRB101:01,10799.27,ANZ78847,FSNCNFNMSSL,364,926.0
744,HLA-DRB101:01,10801.21,ANZ78847,QTCDLTVGSGY,744,927.0
713,HLA-DRB101:01,10853.17,ANZ78847,NSLTRQLQPIN,713,928.0
915,HLA-DRB101:01,10857.67,ANZ78847,EDLLFDKVKLS,915,929.0
1073,HLA-DRB101:01,10858.51,ANZ78847,LSRLDALEAEA,1073,930.0
1003,HLA-DRB101:01,10859.62,ANZ78847,VTMDVLSQNQK,1003,931.0
11,HLA-DRB101:01,10930.82,ANZ78847,AFAVIGDLKCP,11,932.0
211,HLA-DRB101:01,10951.57,ANZ78847,NATYLYFHFYQ,211,933.0
584,HLA-DRB101:01,10970.17,ANZ78847,GWSADSCLQGD,584,934.0
630,HLA-DRB101:01,10984.06,ANZ78847,VNYDLYGISGQ,630,935.0
495,HLA-DRB101:01,11064.62,ANZ78847,KNFCPCKSNSS,495,936.0
447,HLA-DRB101:01,11086.13,ANZ78847,ANVSVSRFNPS,447,937.0
356,HLA-DRB101:01,11090.36,ANZ78847,PLNWERKTFSN,356,938.0
232,HLA-DRB101:01,11109.95,ANZ78847,DTGVVTKFLFN,232,939.0
530,HLA-DRB101:01,11111.19,ANZ78847,CHNLCNPDPIT,530,940.0
884,HLA-DRB101:01,11138.13,ANZ78847,GVNFNVDDINF,884,941.0
89,HLA-DRB101:01,11159.46,ANZ78847,LSTLWFKPPFL,89,942.0
1249,HLA-DRB101:01,11174.9,ANZ78847,FKNQTSVAPDL,1249,943.0
399,HLA-DRB101:01,11189.74,ANZ78847,SSITIDKFAIP,399,944.0
640,HLA-DRB101:01,11194.51,ANZ78847,QGIFVEVNATY,640,945.0
313,HLA-DRB101:01,11211.72,ANZ78847,APPTGVYELNG,313,946.0
934,HLA-DRB101:01,11217.66,ANZ78847,NNCTGGAEIRD,934,947.0
497,HLA-DRB101:01,11222.06,ANZ78847,FCPCKSNSSLC,497,948.0
1128,HLA-DRB101:01,11242.21,ANZ78847,QSSRINFCGNG,1128,949.0
646,HLA-DRB101:01,11260.64,ANZ78847,VNATYYNSWQN,646,950.0
774,HLA-DRB101:01,11270.42,ANZ78847,FTNFEPFTVNS,774,951.0
434,HLA-DRB101:01,11297.35,ANZ78847,TATSCQLYYNL,434,952.0
428,HLA-DRB101:01,11297.88,ANZ78847,NYRIDTTATSC,428,953.0
992,HLA-DRB101:01,11301.38,ANZ78847,LNVQYRINGLG,992,954.0
333,HLA-DRB101:01,11323.5,ANZ78847,YRRKPDLPNCN,333,955.0
965,HLA-DRB101:01,11331.45,ANZ78847,QISGYTLAATS,965,956.0
955,HLA-DRB101:01,11359.91,ANZ78847,KVLPPLLSENQ,955,957.0
1304,HLA-DRB101:01,11404.54,ANZ78847,WPWYVWLLICL,1304,958.0
833,HLA-DRB101:01,11412.84,ANZ78847,AACKSQLVEYG,833,959.0
799,HLA-DRB101:01,11418.92,ANZ78847,QIPSDFTIGNM,799,960.0
357,HLA-DRB101:01,11444.83,ANZ78847,LNWERKTFSNC,357,961.0
1021,HLA-DRB101:01,11496.82,ANZ78847,NALDAIQEGFD,1021,962.0
1117,HLA-DRB101:01,11523.4,ANZ78847,AMEKVNECVKS,1117,963.0
1119,HLA-DRB101:01,11537.61,ANZ78847,EKVNECVKSQS,1119,964.0
562,HLA-DRB101:01,11540.03,ANZ78847,GLAVKSDYCGG,562,965.0
1296,HLA-DRB101:01,11574.89,ANZ78847,GTYEYYVKWPW,1296,966.0
560,HLA-DRB101:01,11595.37,ANZ78847,CSGLAVKSDYC,560,967.0
643,HLA-DRB101:01,11608.63,ANZ78847,FVEVNATYYNS,643,968.0
887,HLA-DRB101:01,11620.41,ANZ78847,FNVDDINFSSV,887,969.0
559,HLA-DRB101:01,11646.22,ANZ78847,HCSGLAVKSDY,559,970.0
151,HLA-DRB101:01,11668.68,ANZ78847,TQDGVNKLQGL,151,971.0
645,HLA-DRB101:01,11672.22,ANZ78847,EVNATYYNSWQ,645,972.0
1170,HLA-DRB101:01,11674.08,ANZ78847,SPGLCIAGDRG,1170,973.0
1141,HLA-DRB101:01,11692.78,ANZ78847,IISLVQNAPYG,1141,974.0
532,HLA-DRB101:01,11713.8,ANZ78847,NLCNPDPITFT,532,975.0
917,HLA-DRB101:01,11718.47,ANZ78847,LLFDKVKLSDV,917,976.0
379,HLA-DRB101:01,11748.77,ANZ78847,QADSFTCNNID,379,977.0
223,HLA-DRB101:01,11753.16,ANZ78847,GGTFYAYFTDT,223,978.0
87,HLA-DRB101:01,11754.37,ANZ78847,DKLSTLWFKPP,87,979.0
960,HLA-DRB101:01,11794.49,ANZ78847,LLSENQISGYT,960,980.0
886,HLA-DRB101:01,11813.99,ANZ78847,NFNVDDINFSS,886,981.0
1191,HLA-DRB101:01,11819.21,ANZ78847,VNNTWMYTGSG,1191,982.0
714,HLA-DRB101:01,11824.96,ANZ78847,SLTRQLQPINY,714,983.0
446,HLA-DRB101:01,11841.08,ANZ78847,AANVSVSRFNP,446,984.0
479,HLA-DRB101:01,11845.33,ANZ78847,LTNHDVVYAQH,479,985.0
249,HLA-DRB101:01,11870.16,ANZ78847,LSHYYVMPLTC,249,986.0
769,HLA-DRB101:01,11874.44,ANZ78847,TTGYRFTNFEP,769,987.0
985,HLA-DRB101:01,11972.08,ANZ78847,AAGVPFYLNVQ,985,988.0
295,HLA-DRB101:01,11975.92,ANZ78847,VDCMSDFMSEI,295,989.0
458,HLA-DRB101:01,11978.55,ANZ78847,TWNKRFGFIED,458,990.0
179,HLA-DRB101:01,12036.3,ANZ78847,CHPNLGNHFKE,179,991.0
389,HLA-DRB101:01,12043.4,ANZ78847,DAAKIYGMCFS,389,992.0
21,HLA-DRB101:01,12050.42,ANZ78847,PLDSRTGSLNN,21,993.0
326,HLA-DRB101:01,12058.67,ANZ78847,VQPIADVYRRK,326,994.0
234,HLA-DRB101:01,12088.93,ANZ78847,GVVTKFLFNVY,234,995.0
86,HLA-DRB101:01,12128.08,ANZ78847,TDKLSTLWFKP,86,996.0
94,HLA-DRB101:01,12155.05,ANZ78847,FKPPFLSDFIN,94,997.0
583,HLA-DRB101:01,12167.98,ANZ78847,LGWSADSCLQG,583,998.0
1045,HLA-DRB101:01,12173.05,ANZ78847,NANAEALNNLL,1045,999.0
457,HLA-DRB101:01,12192.31,ANZ78847,STWNKRFGFIE,457,1000.0
836,HLA-DRB101:01,12193.7,ANZ78847,KSQLVEYGSFC,836,1001.0
1080,HLA-DRB101:01,12303.71,ANZ78847,EAEAQIDRLIN,1080,1002.0
1303,HLA-DRB101:01,12349.85,ANZ78847,KWPWYVWLLIC,1303,1003.0
718,HLA-DRB101:01,12375.48,ANZ78847,QLQPINYFDSY,718,1004.0
835,HLA-DRB101:01,12408.32,ANZ78847,CKSQLVEYGSF,835,1005.0
67,HLA-DRB101:01,12423.08,ANZ78847,LNGYYPTSGST,67,1006.0
459,HLA-DRB101:01,12446.73,ANZ78847,WNKRFGFIEDS,459,1007.0
606,HLA-DRB101:01,12454.22,ANZ78847,DVNSGLTCSTD,606,1008.0
449,HLA-DRB101:01,12466.33,ANZ78847,VSVSRFNPSTW,449,1009.0
531,HLA-DRB101:01,12497.68,ANZ78847,HNLCNPDPITF,531,1010.0
806,HLA-DRB101:01,12509.43,ANZ78847,IGNMEEFIQTS,806,1011.0
413,HLA-DRB101:01,12528.68,ANZ78847,KVDLQLGNLGY,413,1012.0
732,HLA-DRB101:01,12531.22,ANZ78847,VVNAYNSTAIS,732,1013.0
673,HLA-DRB101:01,12645.85,ANZ78847,TNRTFMIRSCY,673,1014.0
918,HLA-DRB101:01,12646.24,ANZ78847,LFDKVKLSDVG,918,1015.0
35,HLA-DRB101:01,12724.43,ANZ78847,GPPSISTATVD,35,1016.0
425,HLA-DRB101:01,12748.89,ANZ78847,QSFNYRIDTTA,425,1017.0
314,HLA-DRB101:01,12785.9,ANZ78847,PPTGVYELNGY,314,1018.0
1010,HLA-DRB101:01,12792.69,ANZ78847,QNQKLIANAFN,1010,1019.0
1293,HLA-DRB101:01,12804.55,ANZ78847,KDIGTYEYYVK,1293,1020.0
41,HLA-DRB101:01,12819.71,ANZ78847,TATVDVTNGLG,41,1021.0
169,HLA-DRB101:01,12834.97,ANZ78847,YNMCEYPHTIC,169,1022.0
1288,HLA-DRB101:01,12853.69,ANZ78847,SYINLKDIGTY,1288,1023.0
834,HLA-DRB101:01,12897.03,ANZ78847,ACKSQLVEYGS,834,1024.0
30,HLA-DRB101:01,12909.53,ANZ78847,NNIDTGPPSIS,30,1025.0
568,HLA-DRB101:01,12917.45,ANZ78847,DYCGGNPCTCQ,568,1026.0
840,HLA-DRB101:01,12930.01,ANZ78847,VEYGSFCDNIN,840,1027.0
954,HLA-DRB101:01,12941.57,ANZ78847,IKVLPPLLSEN,954,1028.0
903,HLA-DRB101:01,12945.53,ANZ78847,SECSKASSRSA,903,1029.0
720,HLA-DRB101:01,12953.59,ANZ78847,QPINYFDSYLG,720,1030.0
538,HLA-DRB101:01,12966.36,ANZ78847,PITFTGPYKCP,538,1031.0
1142,HLA-DRB101:01,12991.7,ANZ78847,ISLVQNAPYGL,1142,1032.0
801,HLA-DRB101:01,13000.62,ANZ78847,PSDFTIGNMEE,801,1033.0
78,HLA-DRB101:01,13028.61,ANZ78847,YRNMALKGTDK,78,1034.0
1050,HLA-DRB101:01,13034.18,ANZ78847,ALNNLLQQLSN,1050,1035.0
698,HLA-DRB101:01,13078.0,ANZ78847,PALLFRNIKCN,698,1036.0
216,HLA-DRB101:01,13112.51,ANZ78847,YFHFYQEGGTF,216,1037.0
409,HLA-DRB101:01,13132.19,ANZ78847,PNGRKVDLQLG,409,1038.0
1210,HLA-DRB101:01,13157.32,ANZ78847,ENNVVVMSTCA,1210,1039.0
160,HLA-DRB101:01,13165.23,ANZ78847,GLLEVSVCQYN,160,1040.0
43,HLA-DRB101:01,13167.05,ANZ78847,TVDVTNGLGTY,43,1041.0
248,HLA-DRB101:01,13257.37,ANZ78847,ALSHYYVMPLT,248,1042.0
1026,HLA-DRB101:01,13319.17,ANZ78847,IQEGFDATNSA,1026,1043.0
902,HLA-DRB101:01,13320.88,ANZ78847,GSECSKASSRS,902,1044.0
337,HLA-DRB101:01,13401.94,ANZ78847,PDLPNCNIEAW,337,1045.0
72,HLA-DRB101:01,13411.99,ANZ78847,PTSGSTYRNMA,72,1046.0
664,HLA-DRB101:01,13457.67,ANZ78847,NLYGFRDYLTN,664,1047.0
656,HLA-DRB101:01,13527.22,ANZ78847,NLLYDSNGNLY,656,1048.0
822,HLA-DRB101:01,13532.58,ANZ78847,IDCAAFVCGDY,822,1049.0
855,HLA-DRB101:01,13547.78,ANZ78847,EVNELLDTTQL,855,1050.0
1127,HLA-DRB101:01,13561.46,ANZ78847,SQSSRINFCGN,1127,1051.0
480,HLA-DRB101:01,13583.43,ANZ78847,TNHDVVYAQHC,480,1052.0
787,HLA-DRB101:01,13589.23,ANZ78847,DSLEPVGGLYE,787,1053.0
121,HLA-DRB101:01,13630.08,ANZ78847,MYSEFPAITIG,121,1054.0
144,HLA-DRB101:01,13678.19,ANZ78847,QPRTINSTQDG,144,1055.0
1197,HLA-DRB101:01,13698.2,ANZ78847,YTGSGYYYPEP,1197,1056.0
793,HLA-DRB101:01,13705.96,ANZ78847,GGLYEIQIPSD,793,1057.0
445,HLA-DRB101:01,13741.73,ANZ78847,PAANVSVSRFN,445,1058.0
330,HLA-DRB101:01,13757.45,ANZ78847,ADVYRRKPDLP,330,1059.0
44,HLA-DRB101:01,13779.95,ANZ78847,VDVTNGLGTYY,44,1060.0
214,HLA-DRB101:01,13796.83,ANZ78847,YLYFHFYQEGG,214,1061.0
719,HLA-DRB101:01,13846.12,ANZ78847,LQPINYFDSYL,719,1062.0
436,HLA-DRB101:01,13960.49,ANZ78847,TSCQLYYNLPA,436,1063.0
798,HLA-DRB101:01,13985.0,ANZ78847,IQIPSDFTIGN,798,1064.0
592,HLA-DRB101:01,14021.03,ANZ78847,QGDKCNIFANL,592,1065.0
721,HLA-DRB101:01,14054.37,ANZ78847,PINYFDSYLGC,721,1066.0
297,HLA-DRB101:01,14062.77,ANZ78847,CMSDFMSEIKC,297,1067.0
977,HLA-DRB101:01,14068.59,ANZ78847,SLFPPWTAAAG,977,1068.0
1207,HLA-DRB101:01,14081.37,ANZ78847,PITENNVVVMS,1207,1069.0
913,HLA-DRB101:01,14116.8,ANZ78847,AIEDLLFDKVK,913,1070.0
388,HLA-DRB101:01,14132.48,ANZ78847,IDAAKIYGMCF,388,1071.0
61,HLA-DRB101:01,14273.51,ANZ78847,LNTTLFLNGYY,61,1072.0
312,HLA-DRB101:01,14321.68,ANZ78847,IAPPTGVYELN,312,1073.0
666,HLA-DRB101:01,14358.79,ANZ78847,YGFRDYLTNRT,666,1074.0
418,HLA-DRB101:01,14421.36,ANZ78847,LGNLGYLQSFN,418,1075.0
529,HLA-DRB101:01,14473.43,ANZ78847,TCHNLCNPDPI,529,1076.0
1106,HLA-DRB101:01,14510.27,ANZ78847,DSTLVKFSAAQ,1106,1077.0
65,HLA-DRB101:01,14517.64,ANZ78847,LFLNGYYPTSG,65,1078.0
961,HLA-DRB101:01,14526.56,ANZ78847,LSENQISGYTL,961,1079.0
604,HLA-DRB101:01,14557.35,ANZ78847,LHDVNSGLTCS,604,1080.0
68,HLA-DRB101:01,14596.36,ANZ78847,NGYYPTSGSTY,68,1081.0
150,HLA-DRB101:01,14647.11,ANZ78847,STQDGVNKLQG,150,1082.0
1224,HLA-DRB101:01,14672.81,ANZ78847,TKAPYVMLNTS,1224,1083.0
602,HLA-DRB101:01,14702.84,ANZ78847,LILHDVNSGLT,602,1084.0
783,HLA-DRB101:01,14735.86,ANZ78847,NSVNDSLEPVG,783,1085.0
204,HLA-DRB101:01,14778.98,ANZ78847,RNFTYDVNATY,204,1086.0
749,HLA-DRB101:01,14789.72,ANZ78847,TVGSGYCVDYS,749,1087.0
336,HLA-DRB101:01,14800.39,ANZ78847,KPDLPNCNIEA,336,1088.0
1266,HLA-DRB101:01,14819.71,ANZ78847,VTFLDLQVEMN,1266,1089.0
472,HLA-DRB101:01,14849.64,ANZ78847,KPQPAGVLTNH,472,1090.0
20,HLA-DRB101:01,14856.94,ANZ78847,CPLDSRTGSLN,20,1091.0
360,HLA-DRB101:01,15047.38,ANZ78847,ERKTFSNCNFN,360,1092.0
395,HLA-DRB101:01,15048.41,ANZ78847,GMCFSSITIDK,395,1093.0
513,HLA-DRB101:01,15056.99,ANZ78847,GKNNGIGTCPA,513,1094.0
694,HLA-DRB101:01,15135.27,ANZ78847,NSSEPALLFRN,694,1095.0
424,HLA-DRB101:01,15176.48,ANZ78847,LQSFNYRIDTT,424,1096.0
517,HLA-DRB101:01,15209.29,ANZ78847,GIGTCPAGTNY,517,1097.0
1027,HLA-DRB101:01,15263.09,ANZ78847,QEGFDATNSAL,1027,1098.0
837,HLA-DRB101:01,15307.0,ANZ78847,SQLVEYGSFCD,837,1099.0
1114,HLA-DRB101:01,15322.3,ANZ78847,AAQAMEKVNEC,1114,1100.0
95,HLA-DRB101:01,15359.64,ANZ78847,KPPFLSDFING,95,1101.0
792,HLA-DRB101:01,15384.95,ANZ78847,VGGLYEIQIPS,792,1102.0
1169,HLA-DRB101:01,15421.75,ANZ78847,VSPGLCIAGDR,1169,1103.0
412,HLA-DRB101:01,15470.62,ANZ78847,RKVDLQLGNLG,412,1104.0
550,HLA-DRB101:01,15494.53,ANZ78847,SKSLVGIGEHC,550,1105.0
1321,HLA-DRB101:01,15499.43,ANZ78847,VLLFFICCCTG,1321,1106.0
860,HLA-DRB101:01,15533.0,ANZ78847,LDTTQLQVANS,860,1107.0
1235,HLA-DRB101:01,15732.4,ANZ78847,IPNLPDFREEL,1235,1108.0
800,HLA-DRB101:01,15779.95,ANZ78847,IPSDFTIGNME,800,1109.0
688,HLA-DRB101:01,15857.45,ANZ78847,SAAFHANSSEP,688,1110.0
881,HLA-DRB101:01,15898.85,ANZ78847,LKDGVNFNVDD,881,1111.0
561,HLA-DRB101:01,15923.65,ANZ78847,SGLAVKSDYCG,561,1112.0
363,HLA-DRB101:01,15951.75,ANZ78847,TFSNCNFNMSS,363,1113.0
411,HLA-DRB101:01,15952.56,ANZ78847,GRKVDLQLGNL,411,1114.0
40,HLA-DRB101:01,15959.75,ANZ78847,STATVDVTNGL,40,1115.0
296,HLA-DRB101:01,15963.24,ANZ78847,DCMSDFMSEIK,296,1116.0
1153,HLA-DRB101:01,15984.55,ANZ78847,YFIHFSYVPTK,1153,1117.0
752,HLA-DRB101:01,16060.74,ANZ78847,SGYCVDYSKNR,752,1118.0
1335,HLA-DRB101:01,16068.79,ANZ78847,SCFKKCGGCCD,1335,1119.0
786,HLA-DRB101:01,16117.94,ANZ78847,NDSLEPVGGLY,786,1120.0
331,HLA-DRB101:01,16156.21,ANZ78847,DVYRRKPDLPN,331,1121.0
567,HLA-DRB101:01,16221.04,ANZ78847,SDYCGGNPCTC,567,1122.0
1291,HLA-DRB101:01,16237.05,ANZ78847,NLKDIGTYEYY,1291,1123.0
175,HLA-DRB101:01,16273.38,ANZ78847,PHTICHPNLGN,175,1124.0
224,HLA-DRB101:01,16286.96,ANZ78847,GTFYAYFTDTG,224,1125.0
717,HLA-DRB101:01,16291.29,ANZ78847,RQLQPINYFDS,717,1126.0
15,HLA-DRB101:01,16363.91,ANZ78847,IGDLKCPLDSR,15,1127.0
334,HLA-DRB101:01,16370.28,ANZ78847,RRKPDLPNCNI,334,1128.0
502,HLA-DRB101:01,16393.85,ANZ78847,SNSSLCVGSGP,502,1129.0
571,HLA-DRB101:01,16443.69,ANZ78847,GGNPCTCQPQA,571,1130.0
745,HLA-DRB101:01,16512.54,ANZ78847,TCDLTVGSGYC,745,1131.0
1008,HLA-DRB101:01,16514.1,ANZ78847,LSQNQKLIANA,1008,1132.0
1343,HLA-DRB101:01,16578.2,ANZ78847,CCDDYTGYQEL,1343,1133.0
853,HLA-DRB101:01,16614.19,ANZ78847,LTEVNELLDTT,853,1134.0
1256,HLA-DRB101:01,16643.4,ANZ78847,APDLALDYINV,1256,1135.0
1351,HLA-DRB101:01,16656.66,ANZ78847,QELVIKTSHDD,1351,1136.0
34,HLA-DRB101:01,16691.48,ANZ78847,TGPPSISTATV,34,1137.0
327,HLA-DRB101:01,16711.15,ANZ78847,QPIADVYRRKP,327,1138.0
1217,HLA-DRB101:01,16732.13,ANZ78847,STCAVNYTKAP,1217,1139.0
1146,HLA-DRB101:01,16757.87,ANZ78847,QNAPYGLYFIH,1146,1140.0
315,HLA-DRB101:01,16778.6,ANZ78847,PTGVYELNGYT,315,1141.0
784,HLA-DRB101:01,16801.78,ANZ78847,SVNDSLEPVGG,784,1142.0
197,HLA-DRB101:01,16826.3,ANZ78847,VVSCLYKRNFT,197,1143.0
637,HLA-DRB101:01,16840.06,ANZ78847,ISGQGIFVEVN,637,1144.0
286,HLA-DRB101:01,16871.7,ANZ78847,NQDGIIFNAVD,286,1145.0
493,HLA-DRB101:01,16879.2,ANZ78847,APKNFCPCKSN,493,1146.0
377,HLA-DRB101:01,16931.02,ANZ78847,FIQADSFTCNN,377,1147.0
755,HLA-DRB101:01,17051.06,ANZ78847,CVDYSKNRRSR,755,1148.0
402,HLA-DRB101:01,17064.12,ANZ78847,TIDKFAIPNGR,402,1149.0
1154,HLA-DRB101:01,17106.47,ANZ78847,FIHFSYVPTKY,1154,1150.0
730,HLA-DRB101:01,17138.47,ANZ78847,GCVVNAYNSTA,730,1151.0
508,HLA-DRB101:01,17158.1,ANZ78847,VGSGPGKNNGI,508,1152.0
549,HLA-DRB101:01,17174.82,ANZ78847,QSKSLVGIGEH,549,1153.0
164,HLA-DRB101:01,17265.13,ANZ78847,VSVCQYNMCEY,164,1154.0
888,HLA-DRB101:01,17266.16,ANZ78847,NVDDINFSSVL,888,1155.0
1241,HLA-DRB101:01,17271.86,ANZ78847,FREELDQWFKN,1241,1156.0
149,HLA-DRB101:01,17305.94,ANZ78847,NSTQDGVNKLQ,149,1157.0
644,HLA-DRB101:01,17443.79,ANZ78847,VEVNATYYNSW,644,1158.0
182,HLA-DRB101:01,17457.66,ANZ78847,NLGNHFKELWH,182,1159.0
890,HLA-DRB101:01,17479.13,ANZ78847,DDINFSSVLGC,890,1160.0
1340,HLA-DRB101:01,17493.48,ANZ78847,CGGCCDDYTGY,1340,1161.0
537,HLA-DRB101:01,17507.41,ANZ78847,DPITFTGPYKC,537,1162.0
433,HLA-DRB101:01,17514.4,ANZ78847,TTATSCQLYYN,433,1163.0
1284,HLA-DRB101:01,17533.8,ANZ78847,VLNQSYINLKD,1284,1164.0
23,HLA-DRB101:01,17538.85,ANZ78847,DSRTGSLNNID,23,1165.0
641,HLA-DRB101:01,17581.82,ANZ78847,GIFVEVNATYY,641,1166.0
1077,HLA-DRB101:01,17642.55,ANZ78847,DALEAEAQIDR,1077,1167.0
177,HLA-DRB101:01,17656.86,ANZ78847,TICHPNLGNHF,177,1168.0
1113,HLA-DRB101:01,17664.22,ANZ78847,SAAQAMEKVNE,1113,1169.0
773,HLA-DRB101:01,17668.59,ANZ78847,RFTNFEPFTVN,773,1170.0
776,HLA-DRB101:01,17737.8,ANZ78847,NFEPFTVNSVN,776,1171.0
942,HLA-DRB101:01,17753.02,ANZ78847,IRDLICVQSYK,942,1172.0
1198,HLA-DRB101:01,17786.22,ANZ78847,TGSGYYYPEPI,1198,1173.0
876,HLA-DRB101:01,17955.2,ANZ78847,TLSTKLKDGVN,876,1174.0
1255,HLA-DRB101:01,18102.45,ANZ78847,VAPDLALDYIN,1255,1175.0
438,HLA-DRB101:01,18157.92,ANZ78847,CQLYYNLPAAN,438,1176.0
614,HLA-DRB101:01,18310.84,ANZ78847,STDLQKANTDI,614,1177.0
1273,HLA-DRB101:01,18340.4,ANZ78847,VEMNRLQEAIK,1273,1178.0
785,HLA-DRB101:01,18363.55,ANZ78847,VNDSLEPVGGL,785,1179.0
435,HLA-DRB101:01,18381.24,ANZ78847,ATSCQLYYNLP,435,1180.0
29,HLA-DRB101:01,18417.12,ANZ78847,LNNIDTGPPSI,29,1181.0
697,HLA-DRB101:01,18491.72,ANZ78847,EPALLFRNIKC,697,1182.0
1158,HLA-DRB101:01,18525.35,ANZ78847,SYVPTKYVTAK,1158,1183.0
348,HLA-DRB101:01,18622.45,ANZ78847,LNDKSVPSPLN,348,1184.0
401,HLA-DRB101:01,18652.06,ANZ78847,ITIDKFAIPNG,401,1185.0
427,HLA-DRB101:01,18662.09,ANZ78847,FNYRIDTTATS,427,1186.0
911,HLA-DRB101:01,18721.38,ANZ78847,RSAIEDLLFDK,911,1187.0
468,HLA-DRB101:01,18759.91,ANZ78847,DSVFKPQPAGV,468,1188.0
199,HLA-DRB101:01,18772.98,ANZ78847,SCLYKRNFTYD,199,1189.0
1175,HLA-DRB101:01,18789.19,ANZ78847,IAGDRGIAPKS,1175,1190.0
24,HLA-DRB101:01,18806.6,ANZ78847,SRTGSLNNIDT,24,1191.0
778,HLA-DRB101:01,18831.21,ANZ78847,EPFTVNSVNDS,778,1192.0
18,HLA-DRB101:01,18845.61,ANZ78847,LKCPLDSRTGS,18,1193.0
1192,HLA-DRB101:01,18864.6,ANZ78847,NNTWMYTGSGY,1192,1194.0
496,HLA-DRB101:01,18878.05,ANZ78847,NFCPCKSNSSL,496,1195.0
878,HLA-DRB101:01,19005.19,ANZ78847,STKLKDGVNFN,878,1196.0
611,HLA-DRB101:01,19094.3,ANZ78847,LTCSTDLQKAN,611,1197.0
165,HLA-DRB101:01,19197.17,ANZ78847,SVCQYNMCEYP,165,1198.0
716,HLA-DRB101:01,19312.05,ANZ78847,TRQLQPINYFD,716,1199.0
99,HLA-DRB101:01,19340.93,ANZ78847,LSDFINGIFAK,99,1200.0
642,HLA-DRB101:01,19467.09,ANZ78847,IFVEVNATYYN,642,1201.0
1339,HLA-DRB101:01,19516.8,ANZ78847,KCGGCCDDYTG,1339,1202.0
14,HLA-DRB101:01,19519.79,ANZ78847,VIGDLKCPLDS,14,1203.0
1295,HLA-DRB101:01,19643.84,ANZ78847,IGTYEYYVKWP,1295,1204.0
376,HLA-DRB101:01,19680.26,ANZ78847,SFIQADSFTCN,376,1205.0
601,HLA-DRB101:01,19708.79,ANZ78847,NLILHDVNSGL,601,1206.0
1233,HLA-DRB101:01,19726.51,ANZ78847,TSIPNLPDFRE,1233,1207.0
1337,HLA-DRB101:01,19787.29,ANZ78847,FKKCGGCCDDY,1337,1208.0
62,HLA-DRB101:01,19843.0,ANZ78847,NTTLFLNGYYP,62,1209.0
991,HLA-DRB101:01,19852.73,ANZ78847,YLNVQYRINGL,991,1210.0
1201,HLA-DRB101:01,19854.35,ANZ78847,GYYYPEPITEN,1201,1211.0
1035,HLA-DRB101:01,19855.69,ANZ78847,SALVKIQAVVN,1035,1212.0
1234,HLA-DRB101:01,19880.53,ANZ78847,SIPNLPDFREE,1234,1213.0
1289,HLA-DRB101:01,19917.62,ANZ78847,YINLKDIGTYE,1289,1214.0
163,HLA-DRB101:01,19940.12,ANZ78847,EVSVCQYNMCE,163,1215.0
170,HLA-DRB101:01,19977.84,ANZ78847,NMCEYPHTICH,170,1216.0
17,HLA-DRB101:01,20013.74,ANZ78847,DLKCPLDSRTG,17,1217.0
33,HLA-DRB101:01,20096.32,ANZ78847,DTGPPSISTAT,33,1218.0
1199,HLA-DRB101:01,20133.25,ANZ78847,GSGYYYPEPIT,1199,1219.0
1294,HLA-DRB101:01,20153.34,ANZ78847,DIGTYEYYVKW,1294,1220.0
533,HLA-DRB101:01,20235.18,ANZ78847,LCNPDPITFTG,533,1221.0
1318,HLA-DRB101:01,20250.03,ANZ78847,AMLVLLFFICC,1318,1222.0
827,HLA-DRB101:01,20292.45,ANZ78847,FVCGDYAACKS,827,1223.0
1257,HLA-DRB101:01,20300.43,ANZ78847,PDLALDYINVT,1257,1224.0
760,HLA-DRB101:01,20333.43,ANZ78847,KNRRSRRAITT,760,1225.0
619,HLA-DRB101:01,20376.27,ANZ78847,KANTDIKLGVC,619,1226.0
55,HLA-DRB101:01,20400.66,ANZ78847,VLDRVYLNTTL,55,1227.0
704,HLA-DRB101:01,20424.79,ANZ78847,NIKCNYVFNNS,704,1228.0
603,HLA-DRB101:01,20435.28,ANZ78847,ILHDVNSGLTC,603,1229.0
750,HLA-DRB101:01,20474.95,ANZ78847,VGSGYCVDYSK,750,1230.0
895,HLA-DRB101:01,20496.92,ANZ78847,SSVLGCLGSEC,895,1231.0
653,HLA-DRB101:01,20525.91,ANZ78847,SWQNLLYDSNG,653,1232.0
16,HLA-DRB101:01,20586.91,ANZ78847,GDLKCPLDSRT,16,1233.0
328,HLA-DRB101:01,20612.64,ANZ78847,PIADVYRRKPD,328,1234.0
347,HLA-DRB101:01,20701.41,ANZ78847,WLNDKSVPSPL,347,1235.0
505,HLA-DRB101:01,20772.36,ANZ78847,SLCVGSGPGKN,505,1236.0
1194,HLA-DRB101:01,20814.26,ANZ78847,TWMYTGSGYYY,1194,1237.0
757,HLA-DRB101:01,20862.76,ANZ78847,DYSKNRRSRRA,757,1238.0
1242,HLA-DRB101:01,20885.95,ANZ78847,REELDQWFKNQ,1242,1239.0
198,HLA-DRB101:01,20887.31,ANZ78847,VSCLYKRNFTY,198,1240.0
686,HLA-DRB101:01,20894.27,ANZ78847,RVSAAFHANSS,686,1241.0
781,HLA-DRB101:01,20979.89,ANZ78847,TVNSVNDSLEP,781,1242.0
1338,HLA-DRB101:01,21122.39,ANZ78847,KKCGGCCDDYT,1338,1243.0
808,HLA-DRB101:01,21139.18,ANZ78847,NMEEFIQTSSP,808,1244.0
535,HLA-DRB101:01,21162.1,ANZ78847,NPDPITFTGPY,535,1245.0
1320,HLA-DRB101:01,21190.62,ANZ78847,LVLLFFICCCT,1320,1246.0
1182,HLA-DRB101:01,21204.02,ANZ78847,APKSGYFVNVN,1182,1247.0
931,HLA-DRB101:01,21212.32,ANZ78847,AAYNNCTGGAE,931,1248.0
178,HLA-DRB101:01,21237.45,ANZ78847,ICHPNLGNHFK,178,1249.0
1283,HLA-DRB101:01,21401.37,ANZ78847,KVLNQSYINLK,1283,1250.0
1232,HLA-DRB101:01,21439.29,ANZ78847,NTSIPNLPDFR,1232,1251.0
661,HLA-DRB101:01,21495.86,ANZ78847,SNGNLYGFRDY,661,1252.0
1342,HLA-DRB101:01,21564.1,ANZ78847,GCCDDYTGYQE,1342,1253.0
534,HLA-DRB101:01,21591.87,ANZ78847,CNPDPITFTGP,534,1254.0
826,HLA-DRB101:01,21636.67,ANZ78847,AFVCGDYAACK,826,1255.0
807,HLA-DRB101:01,21694.14,ANZ78847,GNMEEFIQTSS,807,1256.0
861,HLA-DRB101:01,21725.72,ANZ78847,DTTQLQVANSL,861,1257.0
612,HLA-DRB101:01,21794.42,ANZ78847,TCSTDLQKANT,612,1258.0
753,HLA-DRB101:01,21801.37,ANZ78847,GYCVDYSKNRR,753,1259.0
761,HLA-DRB101:01,21811.64,ANZ78847,NRRSRRAITTG,761,1260.0
450,HLA-DRB101:01,21881.21,ANZ78847,SVSRFNPSTWN,450,1261.0
587,HLA-DRB101:01,21994.59,ANZ78847,ADSCLQGDKCN,587,1262.0
403,HLA-DRB101:01,22023.26,ANZ78847,IDKFAIPNGRK,403,1263.0
1333,HLA-DRB101:01,22073.83,ANZ78847,GTSCFKKCGGC,1333,1264.0
1025,HLA-DRB101:01,22085.56,ANZ78847,AIQEGFDATNS,1025,1265.0
1236,HLA-DRB101:01,22093.49,ANZ78847,PNLPDFREELD,1236,1266.0
1336,HLA-DRB101:01,22137.91,ANZ78847,CFKKCGGCCDD,1336,1267.0
410,HLA-DRB101:01,22138.19,ANZ78847,NGRKVDLQLGN,410,1268.0
1129,HLA-DRB101:01,22149.12,ANZ78847,SSRINFCGNGN,1129,1269.0
1074,HLA-DRB101:01,22248.04,ANZ78847,SRLDALEAEAQ,1074,1270.0
516,HLA-DRB101:01,22250.68,ANZ78847,NGIGTCPAGTN,516,1271.0
276,HLA-DRB101:01,22255.66,ANZ78847,LTSRQYLLAFN,276,1272.0
542,HLA-DRB101:01,22314.31,ANZ78847,TGPYKCPQSKS,542,1273.0
130,HLA-DRB101:01,22332.58,ANZ78847,IGSTFVNTSYS,130,1274.0
1258,HLA-DRB101:01,22378.48,ANZ78847,DLALDYINVTF,1258,1275.0
838,HLA-DRB101:01,22381.33,ANZ78847,QLVEYGSFCDN,838,1276.0
32,HLA-DRB101:01,22538.62,ANZ78847,IDTGPPSISTA,32,1277.0
1244,HLA-DRB101:01,22664.12,ANZ78847,ELDQWFKNQTS,1244,1278.0
74,HLA-DRB101:01,22746.02,ANZ78847,SGSTYRNMALK,74,1279.0
883,HLA-DRB101:01,22817.42,ANZ78847,DGVNFNVDDIN,883,1280.0
754,HLA-DRB101:01,22889.24,ANZ78847,YCVDYSKNRRS,754,1281.0
504,HLA-DRB101:01,22919.82,ANZ78847,SSLCVGSGPGK,504,1282.0
467,HLA-DRB101:01,23159.92,ANZ78847,EDSVFKPQPAG,467,1283.0
1200,HLA-DRB101:01,23204.04,ANZ78847,SGYYYPEPITE,1200,1284.0
1218,HLA-DRB101:01,23398.87,ANZ78847,TCAVNYTKAPY,1218,1285.0
1237,HLA-DRB101:01,23400.05,ANZ78847,NLPDFREELDQ,1237,1286.0
1319,HLA-DRB101:01,23581.4,ANZ78847,MLVLLFFICCC,1319,1287.0
1174,HLA-DRB101:01,23623.95,ANZ78847,CIAGDRGIAPK,1174,1288.0
703,HLA-DRB101:01,23683.6,ANZ78847,RNIKCNYVFNN,703,1289.0
569,HLA-DRB101:01,23713.63,ANZ78847,YCGGNPCTCQP,569,1290.0
287,HLA-DRB101:01,24017.88,ANZ78847,QDGIIFNAVDC,287,1291.0
585,HLA-DRB101:01,24250.06,ANZ78847,WSADSCLQGDK,585,1292.0
528,HLA-DRB101:01,24534.66,ANZ78847,LTCHNLCNPDP,528,1293.0
655,HLA-DRB101:01,24591.41,ANZ78847,QNLLYDSNGNL,655,1294.0
586,HLA-DRB101:01,24998.94,ANZ78847,SADSCLQGDKC,586,1295.0
945,HLA-DRB101:01,25053.54,ANZ78847,LICVQSYKGIK,945,1296.0
652,HLA-DRB101:01,25088.22,ANZ78847,NSWQNLLYDSN,652,1297.0
756,HLA-DRB101:01,25117.33,ANZ78847,VDYSKNRRSRR,756,1298.0
19,HLA-DRB101:01,25125.96,ANZ78847,KCPLDSRTGSL,19,1299.0
1290,HLA-DRB101:01,25621.4,ANZ78847,INLKDIGTYEY,1290,1300.0
26,HLA-DRB101:01,25677.05,ANZ78847,TGSLNNIDTGP,26,1301.0
660,HLA-DRB101:01,25764.61,ANZ78847,DSNGNLYGFRD,660,1302.0
925,HLA-DRB101:01,25783.75,ANZ78847,SDVGFVAAYNN,925,1303.0
1195,HLA-DRB101:01,25905.35,ANZ78847,WMYTGSGYYYP,1195,1304.0
565,HLA-DRB101:01,25931.09,ANZ78847,VKSDYCGGNPC,565,1305.0
563,HLA-DRB101:01,25955.2,ANZ78847,LAVKSDYCGGN,563,1306.0
25,HLA-DRB101:01,26057.6,ANZ78847,RTGSLNNIDTG,25,1307.0
654,HLA-DRB101:01,26139.43,ANZ78847,WQNLLYDSNGN,654,1308.0
492,HLA-DRB101:01,26222.77,ANZ78847,KAPKNFCPCKS,492,1309.0
485,HLA-DRB101:01,26238.58,ANZ78847,VYAQHCFKAPK,485,1310.0
329,HLA-DRB101:01,26474.02,ANZ78847,IADVYRRKPDL,329,1311.0
522,HLA-DRB101:01,26489.95,ANZ78847,PAGTNYLTCHN,522,1312.0
66,HLA-DRB101:01,26557.29,ANZ78847,FLNGYYPTSGS,66,1313.0
1209,HLA-DRB101:01,26593.44,ANZ78847,TENNVVVMSTC,1209,1314.0
615,HLA-DRB101:01,27024.96,ANZ78847,TDLQKANTDIK,615,1315.0
1183,HLA-DRB101:01,27056.2,ANZ78847,PKSGYFVNVNN,1183,1316.0
358,HLA-DRB101:01,27192.71,ANZ78847,NWERKTFSNCN,358,1317.0
1007,HLA-DRB101:01,27211.15,ANZ78847,VLSQNQKLIAN,1007,1318.0
1193,HLA-DRB101:01,27287.85,ANZ78847,NTWMYTGSGYY,1193,1319.0
486,HLA-DRB101:01,27298.44,ANZ78847,YAQHCFKAPKN,486,1320.0
591,HLA-DRB101:01,27412.34,ANZ78847,LQGDKCNIFAN,591,1321.0
1341,HLA-DRB101:01,27665.05,ANZ78847,GGCCDDYTGYQ,1341,1322.0
346,HLA-DRB101:01,27888.31,ANZ78847,AWLNDKSVPSP,346,1323.0
345,HLA-DRB101:01,28016.41,ANZ78847,EAWLNDKSVPS,345,1324.0
696,HLA-DRB101:01,28099.94,ANZ78847,SEPALLFRNIK,696,1325.0
382,HLA-DRB101:01,28219.6,ANZ78847,SFTCNNIDAAK,382,1326.0
521,HLA-DRB101:01,28308.2,ANZ78847,CPAGTNYLTCH,521,1327.0
1047,HLA-DRB101:01,28349.18,ANZ78847,NAEALNNLLQQ,1047,1328.0
854,HLA-DRB101:01,28492.05,ANZ78847,TEVNELLDTTQ,854,1329.0
705,HLA-DRB101:01,28540.29,ANZ78847,IKCNYVFNNSL,705,1330.0
510,HLA-DRB101:01,29050.29,ANZ78847,SGPGKNNGIGT,510,1331.0
335,HLA-DRB101:01,29119.67,ANZ78847,RKPDLPNCNIE,335,1332.0
1130,HLA-DRB101:01,29149.21,ANZ78847,SRINFCGNGNH,1130,1333.0
1046,HLA-DRB101:01,29166.79,ANZ78847,ANAEALNNLLQ,1046,1334.0
1024,HLA-DRB101:01,29730.55,ANZ78847,DAIQEGFDATN,1024,1335.0
687,HLA-DRB101:01,29765.51,ANZ78847,VSAAFHANSSE,687,1336.0
564,HLA-DRB101:01,30135.82,ANZ78847,AVKSDYCGGNP,564,1337.0
512,HLA-DRB101:01,30160.98,ANZ78847,PGKNNGIGTCP,512,1338.0
570,HLA-DRB101:01,30423.53,ANZ78847,CGGNPCTCQPQ,570,1339.0
536,HLA-DRB101:01,30752.9,ANZ78847,PDPITFTGPYK,536,1340.0
541,HLA-DRB101:01,31529.15,ANZ78847,FTGPYKCPQSK,541,1341.0
27,HLA-DRB101:01,31636.85,ANZ78847,GSLNNIDTGPP,27,1342.0
751,HLA-DRB101:01,31703.72,ANZ78847,GSGYCVDYSKN,751,1343.0
809,HLA-DRB101:01,31739.9,ANZ78847,MEEFIQTSSPK,809,1344.0
176,HLA-DRB101:01,31774.26,ANZ78847,HTICHPNLGNH,176,1345.0
924,HLA-DRB101:01,32180.9,ANZ78847,LSDVGFVAAYN,924,1346.0
1334,HLA-DRB101:01,32188.99,ANZ78847,TSCFKKCGGCC,1334,1347.0
400,HLA-DRB101:01,32679.02,ANZ78847,SITIDKFAIPN,400,1348.0
613,HLA-DRB101:01,32934.03,ANZ78847,CSTDLQKANTD,613,1349.0
28,HLA-DRB101:01,35852.94,ANZ78847,SLNNIDTGPPS,28,1350.0
511,HLA-DRB101:01,36693.39,ANZ78847,GPGKNNGIGTC,511,1351.0
509,HLA-DRB101:01,36817.45,ANZ78847,GSGPGKNNGIG,509,1352.0
247,HLA-DRB115:01,19.92,ANZ78847,MALSHYYVMPL,247,1.0
244,HLA-DRB115:01,25.29,ANZ78847,YLGMALSHYYV,244,2.0
245,HLA-DRB115:01,28.17,ANZ78847,LGMALSHYYVM,245,3.0
677,HLA-DRB115:01,34.51,ANZ78847,FMIRSCYSGRV,677,4.0
196,HLA-DRB115:01,56.52,ANZ78847,GVVSCLYKRNF,196,5.0
700,HLA-DRB115:01,65.63,ANZ78847,LLFRNIKCNYV,700,6.0
281,HLA-DRB115:01,70.55,ANZ78847,YLLAFNQDGII,281,7.0
1149,HLA-DRB115:01,77.31,ANZ78847,PYGLYFIHFSY,1149,8.0
421,HLA-DRB115:01,95.79,ANZ78847,LGYLQSFNYRI,421,9.0
1150,HLA-DRB115:01,101.29,ANZ78847,YGLYFIHFSYV,1150,10.0
89,HLA-DRB115:01,108.25,ANZ78847,LSTLWFKPPFL,89,11.0
48,HLA-DRB115:01,122.37,ANZ78847,NGLGTYYVLDR,48,12.0
676,HLA-DRB115:01,135.83,ANZ78847,TFMIRSCYSGR,676,13.0
2,HLA-DRB115:01,161.32,ANZ78847,LILLISLPTAF,2,14.0
280,HLA-DRB115:01,177.44,ANZ78847,QYLLAFNQDGI,280,15.0
273,HLA-DRB115:01,211.3,ANZ78847,VTPLTSRQYLL,273,16.0
88,HLA-DRB115:01,212.01,ANZ78847,KLSTLWFKPPF,88,17.0
233,HLA-DRB115:01,227.29,ANZ78847,TGVVTKFLFNV,233,18.0
988,HLA-DRB115:01,237.82,ANZ78847,VPFYLNVQYRI,988,19.0
1298,HLA-DRB115:01,244.55,ANZ78847,YEYYVKWPWYV,1298,20.0
195,HLA-DRB115:01,246.75,ANZ78847,TGVVSCLYKRN,195,21.0
46,HLA-DRB115:01,249.08,ANZ78847,VTNGLGTYYVL,46,22.0
1292,HLA-DRB115:01,253.95,ANZ78847,LKDIGTYEYYV,1292,23.0
928,HLA-DRB115:01,266.54,ANZ78847,GFVAAYNNCTG,928,24.0
414,HLA-DRB115:01,269.03,ANZ78847,VDLQLGNLGYL,414,25.0
1152,HLA-DRB115:01,288.1,ANZ78847,LYFIHFSYVPT,1152,26.0
1282,HLA-DRB115:01,319.5,ANZ78847,IKVLNQSYINL,1282,27.0
675,HLA-DRB115:01,321.48,ANZ78847,RTFMIRSCYSG,675,28.0
47,HLA-DRB115:01,335.82,ANZ78847,TNGLGTYYVLD,47,29.0
264,HLA-DRB115:01,337.52,ANZ78847,NIGFTLEYWVT,264,30.0
1220,HLA-DRB115:01,338.25,ANZ78847,AVNYTKAPYVM,1220,31.0
1153,HLA-DRB115:01,340.25,ANZ78847,YFIHFSYVPTK,1153,32.0
58,HLA-DRB115:01,344.65,ANZ78847,RVYLNTTLFLN,58,33.0
243,HLA-DRB115:01,353.08,ANZ78847,VYLGMALSHYY,243,34.0
683,HLA-DRB115:01,355.63,ANZ78847,YSGRVSAAFHA,683,35.0
669,HLA-DRB115:01,358.13,ANZ78847,RDYLTNRTFMI,669,36.0
391,HLA-DRB115:01,364.68,ANZ78847,AKIYGMCFSSI,391,37.0
1214,HLA-DRB115:01,374.14,ANZ78847,VVMSTCAVNYT,1214,38.0
208,HLA-DRB115:01,376.4,ANZ78847,YDVNATYLYFH,208,39.0
682,HLA-DRB115:01,378.68,ANZ78847,CYSGRVSAAFH,682,40.0
278,HLA-DRB115:01,389.1,ANZ78847,SRQYLLAFNQD,278,41.0
953,HLA-DRB115:01,411.81,ANZ78847,GIKVLPPLLSE,953,42.0
237,HLA-DRB115:01,419.1,ANZ78847,TKFLFNVYLGM,237,43.0
701,HLA-DRB115:01,424.9,ANZ78847,LFRNIKCNYVF,701,44.0
3,HLA-DRB115:01,428.13,ANZ78847,ILLISLPTAFA,3,45.0
1309,HLA-DRB115:01,439.13,ANZ78847,WLLICLAGVAM,1309,46.0
1155,HLA-DRB115:01,450.22,ANZ78847,IHFSYVPTKYV,1155,47.0
274,HLA-DRB115:01,451.01,ANZ78847,TPLTSRQYLLA,274,48.0
419,HLA-DRB115:01,453.18,ANZ78847,GNLGYLQSFNY,419,49.0
420,HLA-DRB115:01,454.13,ANZ78847,NLGYLQSFNYR,420,50.0
255,HLA-DRB115:01,457.49,ANZ78847,MPLTCISRRNI,255,51.0
662,HLA-DRB115:01,470.53,ANZ78847,NGNLYGFRDYL,662,52.0
132,HLA-DRB115:01,479.83,ANZ78847,STFVNTSYSVV,132,53.0
670,HLA-DRB115:01,491.37,ANZ78847,DYLTNRTFMIR,670,54.0
993,HLA-DRB115:01,498.49,ANZ78847,NVQYRINGLGV,993,55.0
417,HLA-DRB115:01,500.12,ANZ78847,QLGNLGYLQSF,417,56.0
1154,HLA-DRB115:01,505.87,ANZ78847,FIHFSYVPTKY,1154,57.0
197,HLA-DRB115:01,516.92,ANZ78847,VVSCLYKRNFT,197,58.0
266,HLA-DRB115:01,526.09,ANZ78847,GFTLEYWVTPL,266,59.0
263,HLA-DRB115:01,540.1,ANZ78847,RNIGFTLEYWV,263,60.0
371,HLA-DRB115:01,559.35,ANZ78847,MSSLMSFIQAD,371,61.0
665,HLA-DRB115:01,562.44,ANZ78847,LYGFRDYLTNR,665,62.0
678,HLA-DRB115:01,573.65,ANZ78847,MIRSCYSGRVS,678,63.0
232,HLA-DRB115:01,577.31,ANZ78847,DTGVVTKFLFN,232,64.0
422,HLA-DRB115:01,582.21,ANZ78847,GYLQSFNYRID,422,65.0
989,HLA-DRB115:01,584.73,ANZ78847,PFYLNVQYRIN,989,66.0
416,HLA-DRB115:01,585.84,ANZ78847,LQLGNLGYLQS,416,67.0
418,HLA-DRB115:01,601.03,ANZ78847,LGNLGYLQSFN,418,68.0
819,HLA-DRB115:01,609.68,ANZ78847,KVTIDCAAFVC,819,69.0
161,HLA-DRB115:01,613.69,ANZ78847,LLEVSVCQYNM,161,70.0
488,HLA-DRB115:01,616.36,ANZ78847,QHCFKAPKNFC,488,71.0
946,HLA-DRB115:01,643.69,ANZ78847,ICVQSYKGIKV,946,72.0
1139,HLA-DRB115:01,648.13,ANZ78847,NHIISLVQNAP,1139,73.0
133,HLA-DRB115:01,662.53,ANZ78847,TFVNTSYSVVV,133,74.0
1137,HLA-DRB115:01,666.84,ANZ78847,NGNHIISLVQN,1137,75.0
644,HLA-DRB115:01,667.46,ANZ78847,VEVNATYYNSW,644,76.0
1140,HLA-DRB115:01,677.48,ANZ78847,HIISLVQNAPY,1140,77.0
1148,HLA-DRB115:01,707.13,ANZ78847,APYGLYFIHFS,1148,78.0
393,HLA-DRB115:01,709.89,ANZ78847,IYGMCFSSITI,393,79.0
275,HLA-DRB115:01,719.21,ANZ78847,PLTSRQYLLAF,275,80.0
53,HLA-DRB115:01,719.96,ANZ78847,YYVLDRVYLNT,53,81.0
102,HLA-DRB115:01,724.86,ANZ78847,FINGIFAKVKN,102,82.0
210,HLA-DRB115:01,736.14,ANZ78847,VNATYLYFHFY,210,83.0
766,HLA-DRB115:01,748.04,ANZ78847,RAITTGYRFTN,766,84.0
1222,HLA-DRB115:01,749.11,ANZ78847,NYTKAPYVMLN,1222,85.0
90,HLA-DRB115:01,751.11,ANZ78847,STLWFKPPFLS,90,86.0
423,HLA-DRB115:01,762.78,ANZ78847,YLQSFNYRIDT,423,87.0
790,HLA-DRB115:01,769.19,ANZ78847,EPVGGLYEIQI,790,88.0
49,HLA-DRB115:01,777.77,ANZ78847,GLGTYYVLDRV,49,89.0
246,HLA-DRB115:01,809.46,ANZ78847,GMALSHYYVMP,246,90.0
1087,HLA-DRB115:01,810.03,ANZ78847,RLINGRLTALN,1087,91.0
699,HLA-DRB115:01,822.19,ANZ78847,ALLFRNIKCNY,699,92.0
199,HLA-DRB115:01,827.26,ANZ78847,SCLYKRNFTYD,199,93.0
236,HLA-DRB115:01,846.02,ANZ78847,VTKFLFNVYLG,236,94.0
477,HLA-DRB115:01,887.1,ANZ78847,GVLTNHDVVYA,477,95.0
623,HLA-DRB115:01,906.18,ANZ78847,DIKLGVCVNYD,623,96.0
944,HLA-DRB115:01,906.53,ANZ78847,DLICVQSYKGI,944,97.0
1212,HLA-DRB115:01,917.44,ANZ78847,NVVVMSTCAVN,1212,98.0
1225,HLA-DRB115:01,920.63,ANZ78847,KAPYVMLNTSI,1225,99.0
663,HLA-DRB115:01,924.37,ANZ78847,GNLYGFRDYLT,663,100.0
1125,HLA-DRB115:01,949.52,ANZ78847,VKSQSSRINFC,1125,101.0
1299,HLA-DRB115:01,962.96,ANZ78847,EYYVKWPWYVW,1299,102.0
894,HLA-DRB115:01,972.2,ANZ78847,FSSVLGCLGSE,894,103.0
59,HLA-DRB115:01,981.4,ANZ78847,VYLNTTLFLNG,59,104.0
671,HLA-DRB115:01,1003.28,ANZ78847,YLTNRTFMIRS,671,105.0
664,HLA-DRB115:01,1006.55,ANZ78847,NLYGFRDYLTN,664,106.0
277,HLA-DRB115:01,1012.88,ANZ78847,TSRQYLLAFNQ,277,107.0
52,HLA-DRB115:01,1017.18,ANZ78847,TYYVLDRVYLN,52,108.0
134,HLA-DRB115:01,1025.47,ANZ78847,FVNTSYSVVVQ,134,109.0
1151,HLA-DRB115:01,1032.44,ANZ78847,GLYFIHFSYVP,1151,110.0
1263,HLA-DRB115:01,1062.31,ANZ78847,YINVTFLDLQV,1263,111.0
596,HLA-DRB115:01,1066.96,ANZ78847,CNIFANLILHD,596,112.0
254,HLA-DRB115:01,1091.16,ANZ78847,VMPLTCISRRN,254,113.0
449,HLA-DRB115:01,1100.22,ANZ78847,VSVSRFNPSTW,449,114.0
434,HLA-DRB115:01,1101.3,ANZ78847,TATSCQLYYNL,434,115.0
374,HLA-DRB115:01,1102.78,ANZ78847,LMSFIQADSFT,374,116.0
257,HLA-DRB115:01,1104.51,ANZ78847,LTCISRRNIGF,257,117.0
1001,HLA-DRB115:01,1108.79,ANZ78847,LGVTMDVLSQN,1001,118.0
1300,HLA-DRB115:01,1114.65,ANZ78847,YYVKWPWYVWL,1300,119.0
115,HLA-DRB115:01,1133.77,ANZ78847,VFKDGVMYSEF,115,120.0
415,HLA-DRB115:01,1138.69,ANZ78847,DLQLGNLGYLQ,415,121.0
127,HLA-DRB115:01,1157.37,ANZ78847,AITIGSTFVNT,127,122.0
198,HLA-DRB115:01,1158.62,ANZ78847,VSCLYKRNFTY,198,123.0
1221,HLA-DRB115:01,1180.01,ANZ78847,VNYTKAPYVML,1221,124.0
265,HLA-DRB115:01,1193.36,ANZ78847,IGFTLEYWVTP,265,125.0
1227,HLA-DRB115:01,1194.18,ANZ78847,PYVMLNTSIPN,1227,126.0
767,HLA-DRB115:01,1196.19,ANZ78847,AITTGYRFTNF,767,127.0
947,HLA-DRB115:01,1201.04,ANZ78847,CVQSYKGIKVL,947,128.0
131,HLA-DRB115:01,1219.49,ANZ78847,GSTFVNTSYSV,131,129.0
646,HLA-DRB115:01,1225.13,ANZ78847,VNATYYNSWQN,646,130.0
1293,HLA-DRB115:01,1245.11,ANZ78847,KDIGTYEYYVK,1293,131.0
1143,HLA-DRB115:01,1248.05,ANZ78847,SLVQNAPYGLY,1143,132.0
634,HLA-DRB115:01,1249.77,ANZ78847,LYGISGQGIFV,634,133.0
727,HLA-DRB115:01,1262.44,ANZ78847,SYLGCVVNAYN,727,134.0
650,HLA-DRB115:01,1274.64,ANZ78847,YYNSWQNLLYD,650,135.0
367,HLA-DRB115:01,1276.0,ANZ78847,CNFNMSSLMSF,367,136.0
201,HLA-DRB115:01,1292.35,ANZ78847,LYKRNFTYDVN,201,137.0
0,HLA-DRB115:01,1294.13,ANZ78847,MFLILLISLPT,0,138.0
594,HLA-DRB115:01,1311.82,ANZ78847,DKCNIFANLIL,594,139.0
483,HLA-DRB115:01,1324.69,ANZ78847,DVVYAQHCFKA,483,140.0
194,HLA-DRB115:01,1328.58,ANZ78847,DTGVVSCLYKR,194,141.0
209,HLA-DRB115:01,1346.28,ANZ78847,DVNATYLYFHF,209,142.0
398,HLA-DRB115:01,1351.14,ANZ78847,FSSITIDKFAI,398,143.0
75,HLA-DRB115:01,1376.37,ANZ78847,GSTYRNMALKG,75,144.0
96,HLA-DRB115:01,1381.64,ANZ78847,PPFLSDFINGI,96,145.0
303,HLA-DRB115:01,1389.95,ANZ78847,SEIKCKTQSIA,303,146.0
248,HLA-DRB115:01,1394.39,ANZ78847,ALSHYYVMPLT,248,147.0
320,HLA-DRB115:01,1410.47,ANZ78847,ELNGYTVQPIA,320,148.0
259,HLA-DRB115:01,1444.0,ANZ78847,CISRRNIGFTL,259,149.0
929,HLA-DRB115:01,1491.43,ANZ78847,FVAAYNNCTGG,929,150.0
126,HLA-DRB115:01,1501.79,ANZ78847,PAITIGSTFVN,126,151.0
1156,HLA-DRB115:01,1512.24,ANZ78847,HFSYVPTKYVT,1156,152.0
85,HLA-DRB115:01,1526.83,ANZ78847,GTDKLSTLWFK,85,153.0
1,HLA-DRB115:01,1541.99,ANZ78847,FLILLISLPTA,1,154.0
106,HLA-DRB115:01,1551.12,ANZ78847,IFAKVKNTKVF,106,155.0
987,HLA-DRB115:01,1562.19,ANZ78847,GVPFYLNVQYR,987,156.0
968,HLA-DRB115:01,1578.48,ANZ78847,GYTLAATSASL,968,157.0
118,HLA-DRB115:01,1579.52,ANZ78847,DGVMYSEFPAI,118,158.0
231,HLA-DRB115:01,1580.57,ANZ78847,TDTGVVTKFLF,231,159.0
117,HLA-DRB115:01,1625.51,ANZ78847,KDGVMYSEFPA,117,160.0
992,HLA-DRB115:01,1636.75,ANZ78847,LNVQYRINGLG,992,161.0
1147,HLA-DRB115:01,1650.95,ANZ78847,NAPYGLYFIHF,1147,162.0
261,HLA-DRB115:01,1654.18,ANZ78847,SRRNIGFTLEY,261,163.0
279,HLA-DRB115:01,1663.23,ANZ78847,RQYLLAFNQDG,279,164.0
921,HLA-DRB115:01,1669.65,ANZ78847,KVKLSDVGFVA,921,165.0
97,HLA-DRB115:01,1686.22,ANZ78847,PFLSDFINGIF,97,166.0
340,HLA-DRB115:01,1693.59,ANZ78847,PNCNIEAWLND,340,167.0
276,HLA-DRB115:01,1695.87,ANZ78847,LTSRQYLLAFN,276,168.0
436,HLA-DRB115:01,1704.98,ANZ78847,TSCQLYYNLPA,436,169.0
234,HLA-DRB115:01,1706.66,ANZ78847,GVVTKFLFNVY,234,170.0
239,HLA-DRB115:01,1719.4,ANZ78847,FLFNVYLGMAL,239,171.0
212,HLA-DRB115:01,1743.84,ANZ78847,ATYLYFHFYQE,212,172.0
656,HLA-DRB115:01,1749.88,ANZ78847,NLLYDSNGNLY,656,173.0
98,HLA-DRB115:01,1750.06,ANZ78847,FLSDFINGIFA,98,174.0
1345,HLA-DRB115:01,1754.45,ANZ78847,DDYTGYQELVI,1345,175.0
1310,HLA-DRB115:01,1775.26,ANZ78847,LLICLAGVAML,1310,176.0
600,HLA-DRB115:01,1779.95,ANZ78847,ANLILHDVNSG,600,177.0
695,HLA-DRB115:01,1782.36,ANZ78847,SSEPALLFRNI,695,178.0
1138,HLA-DRB115:01,1800.19,ANZ78847,GNHIISLVQNA,1138,179.0
1211,HLA-DRB115:01,1823.95,ANZ78847,NNVVVMSTCAV,1211,180.0
272,HLA-DRB115:01,1828.83,ANZ78847,WVTPLTSRQYL,272,181.0
945,HLA-DRB115:01,1843.49,ANZ78847,LICVQSYKGIK,945,182.0
235,HLA-DRB115:01,1861.34,ANZ78847,VVTKFLFNVYL,235,183.0
1144,HLA-DRB115:01,1862.81,ANZ78847,LVQNAPYGLYF,1144,184.0
1104,HLA-DRB115:01,1865.22,ANZ78847,LSDSTLVKFSA,1104,185.0
230,HLA-DRB115:01,1900.04,ANZ78847,FTDTGVVTKFL,230,186.0
61,HLA-DRB115:01,1902.73,ANZ78847,LNTTLFLNGYY,61,187.0
339,HLA-DRB115:01,1925.24,ANZ78847,LPNCNIEAWLN,339,188.0
162,HLA-DRB115:01,1938.85,ANZ78847,LEVSVCQYNMC,162,189.0
262,HLA-DRB115:01,1939.04,ANZ78847,RRNIGFTLEYW,262,190.0
1066,HLA-DRB115:01,1952.73,ANZ78847,SSSLQEILSRL,1066,191.0
1284,HLA-DRB115:01,1958.38,ANZ78847,VLNQSYINLKD,1284,192.0
1283,HLA-DRB115:01,1961.16,ANZ78847,KVLNQSYINLK,1283,193.0
258,HLA-DRB115:01,1963.17,ANZ78847,TCISRRNIGFT,258,194.0
4,HLA-DRB115:01,1968.06,ANZ78847,LLISLPTAFAV,4,195.0
994,HLA-DRB115:01,1977.31,ANZ78847,VQYRINGLGVT,994,196.0
925,HLA-DRB115:01,1984.59,ANZ78847,SDVGFVAAYNN,925,197.0
222,HLA-DRB115:01,1985.23,ANZ78847,EGGTFYAYFTD,222,198.0
1092,HLA-DRB115:01,2005.64,ANZ78847,RLTALNAYVSQ,1092,199.0
302,HLA-DRB115:01,2013.51,ANZ78847,MSEIKCKTQSI,302,200.0
1264,HLA-DRB115:01,2018.24,ANZ78847,INVTFLDLQVE,1264,201.0
200,HLA-DRB115:01,2048.02,ANZ78847,CLYKRNFTYDV,200,202.0
458,HLA-DRB115:01,2065.96,ANZ78847,TWNKRFGFIED,458,203.0
817,HLA-DRB115:01,2071.09,ANZ78847,SPKVTIDCAAF,817,204.0
202,HLA-DRB115:01,2076.78,ANZ78847,YKRNFTYDVNA,202,205.0
768,HLA-DRB115:01,2094.66,ANZ78847,ITTGYRFTNFE,768,206.0
969,HLA-DRB115:01,2099.51,ANZ78847,YTLAATSASLF,969,207.0
702,HLA-DRB115:01,2118.53,ANZ78847,FRNIKCNYVFN,702,208.0
103,HLA-DRB115:01,2118.88,ANZ78847,INGIFAKVKNT,103,209.0
1275,HLA-DRB115:01,2129.02,ANZ78847,MNRLQEAIKVL,1275,210.0
624,HLA-DRB115:01,2145.51,ANZ78847,IKLGVCVNYDL,624,211.0
1219,HLA-DRB115:01,2147.49,ANZ78847,CAVNYTKAPYV,1219,212.0
681,HLA-DRB115:01,2151.05,ANZ78847,SCYSGRVSAAF,681,213.0
811,HLA-DRB115:01,2159.29,ANZ78847,EFIQTSSPKVT,811,214.0
758,HLA-DRB115:01,2166.16,ANZ78847,YSKNRRSRRAI,758,215.0
941,HLA-DRB115:01,2185.67,ANZ78847,EIRDLICVQSY,941,216.0
267,HLA-DRB115:01,2195.72,ANZ78847,FTLEYWVTPLT,267,217.0
183,HLA-DRB115:01,2207.21,ANZ78847,LGNHFKELWHM,183,218.0
818,HLA-DRB115:01,2217.39,ANZ78847,PKVTIDCAAFV,818,219.0
1013,HLA-DRB115:01,2218.3,ANZ78847,KLIANAFNNAL,1013,220.0
1260,HLA-DRB115:01,2254.73,ANZ78847,ALDYINVTFLD,1260,221.0
476,HLA-DRB115:01,2260.69,ANZ78847,AGVLTNHDVVY,476,222.0
657,HLA-DRB115:01,2276.81,ANZ78847,LLYDSNGNLYG,657,223.0
373,HLA-DRB115:01,2282.26,ANZ78847,SLMSFIQADSF,373,224.0
714,HLA-DRB115:01,2311.15,ANZ78847,SLTRQLQPINY,714,225.0
1093,HLA-DRB115:01,2315.0,ANZ78847,LTALNAYVSQQ,1093,226.0
724,HLA-DRB115:01,2327.25,ANZ78847,YFDSYLGCVVN,724,227.0
375,HLA-DRB115:01,2334.89,ANZ78847,MSFIQADSFTC,375,228.0
927,HLA-DRB115:01,2357.98,ANZ78847,VGFVAAYNNCT,927,229.0
923,HLA-DRB115:01,2360.46,ANZ78847,KLSDVGFVAAY,923,230.0
552,HLA-DRB115:01,2369.6,ANZ78847,SLVGIGEHCSG,552,231.0
635,HLA-DRB115:01,2402.84,ANZ78847,YGISGQGIFVE,635,232.0
63,HLA-DRB115:01,2408.66,ANZ78847,TTLFLNGYYPT,63,233.0
627,HLA-DRB115:01,2412.95,ANZ78847,GVCVNYDLYGI,627,234.0
390,HLA-DRB115:01,2430.34,ANZ78847,AAKIYGMCFSS,390,235.0
1090,HLA-DRB115:01,2464.0,ANZ78847,NGRLTALNAYV,1090,236.0
791,HLA-DRB115:01,2470.34,ANZ78847,PVGGLYEIQIP,791,237.0
282,HLA-DRB115:01,2486.04,ANZ78847,LLAFNQDGIIF,282,238.0
1188,HLA-DRB115:01,2490.61,ANZ78847,FVNVNNTWMYT,1188,239.0
174,HLA-DRB115:01,2496.72,ANZ78847,YPHTICHPNLG,174,240.0
160,HLA-DRB115:01,2520.41,ANZ78847,GLLEVSVCQYN,160,241.0
269,HLA-DRB115:01,2524.91,ANZ78847,LEYWVTPLTSR,269,242.0
319,HLA-DRB115:01,2526.35,ANZ78847,YELNGYTVQPI,319,243.0
60,HLA-DRB115:01,2533.18,ANZ78847,YLNTTLFLNGY,60,244.0
1315,HLA-DRB115:01,2533.29,ANZ78847,AGVAMLVLLFF,1315,245.0
217,HLA-DRB115:01,2545.86,ANZ78847,FHFYQEGGTFY,217,246.0
1055,HLA-DRB115:01,2549.25,ANZ78847,LQQLSNRFGAI,1055,247.0
633,HLA-DRB115:01,2568.38,ANZ78847,DLYGISGQGIF,633,248.0
1312,HLA-DRB115:01,2573.65,ANZ78847,ICLAGVAMLVL,1312,249.0
207,HLA-DRB115:01,2582.1,ANZ78847,TYDVNATYLYF,207,250.0
156,HLA-DRB115:01,2598.59,ANZ78847,NKLQGLLEVSV,156,251.0
457,HLA-DRB115:01,2611.53,ANZ78847,STWNKRFGFIE,457,252.0
684,HLA-DRB115:01,2613.07,ANZ78847,SGRVSAAFHAN,684,253.0
1059,HLA-DRB115:01,2613.27,ANZ78847,SNRFGAISSSL,1059,254.0
108,HLA-DRB115:01,2615.19,ANZ78847,AKVKNTKVFKD,108,255.0
114,HLA-DRB115:01,2622.7,ANZ78847,KVFKDGVMYSE,114,256.0
555,HLA-DRB115:01,2670.13,ANZ78847,GIGEHCSGLAV,555,257.0
65,HLA-DRB115:01,2677.81,ANZ78847,LFLNGYYPTSG,65,258.0
1294,HLA-DRB115:01,2686.64,ANZ78847,DIGTYEYYVKW,1294,259.0
1316,HLA-DRB115:01,2714.25,ANZ78847,GVAMLVLLFFI,1316,260.0
64,HLA-DRB115:01,2730.36,ANZ78847,TLFLNGYYPTS,64,261.0
1180,HLA-DRB115:01,2746.77,ANZ78847,GIAPKSGYFVN,1180,262.0
397,HLA-DRB115:01,2754.04,ANZ78847,CFSSITIDKFA,397,263.0
370,HLA-DRB115:01,2757.78,ANZ78847,NMSSLMSFIQA,370,264.0
456,HLA-DRB115:01,2778.91,ANZ78847,PSTWNKRFGFI,456,265.0
1277,HLA-DRB115:01,2782.16,ANZ78847,RLQEAIKVLNQ,1277,266.0
396,HLA-DRB115:01,2803.23,ANZ78847,MCFSSITIDKF,396,267.0
1108,HLA-DRB115:01,2804.31,ANZ78847,TLVKFSAAQAM,1108,268.0
91,HLA-DRB115:01,2818.85,ANZ78847,TLWFKPPFLSD,91,269.0
1307,HLA-DRB115:01,2821.99,ANZ78847,YVWLLICLAGV,1307,270.0
764,HLA-DRB115:01,2830.09,ANZ78847,SRRAITTGYRF,764,271.0
679,HLA-DRB115:01,2833.21,ANZ78847,IRSCYSGRVSA,679,272.0
392,HLA-DRB115:01,2854.72,ANZ78847,KIYGMCFSSIT,392,273.0
990,HLA-DRB115:01,2864.91,ANZ78847,FYLNVQYRING,990,274.0
343,HLA-DRB115:01,2871.83,ANZ78847,NIEAWLNDKSV,343,275.0
321,HLA-DRB115:01,2873.33,ANZ78847,LNGYTVQPIAD,321,276.0
1011,HLA-DRB115:01,2924.78,ANZ78847,NQKLIANAFNN,1011,277.0
1223,HLA-DRB115:01,2926.79,ANZ78847,YTKAPYVMLNT,1223,278.0
771,HLA-DRB115:01,2933.84,ANZ78847,GYRFTNFEPFT,771,279.0
1035,HLA-DRB115:01,2944.94,ANZ78847,SALVKIQAVVN,1035,280.0
5,HLA-DRB115:01,2951.91,ANZ78847,LISLPTAFAVI,5,281.0
593,HLA-DRB115:01,2978.93,ANZ78847,GDKCNIFANLI,593,282.0
1127,HLA-DRB115:01,2980.29,ANZ78847,SQSSRINFCGN,1127,283.0
1313,HLA-DRB115:01,2986.21,ANZ78847,CLAGVAMLVLL,1313,284.0
1291,HLA-DRB115:01,2990.86,ANZ78847,NLKDIGTYEYY,1291,285.0
788,HLA-DRB115:01,3006.19,ANZ78847,SLEPVGGLYEI,788,286.0
355,HLA-DRB115:01,3008.63,ANZ78847,SPLNWERKTFS,355,287.0
1179,HLA-DRB115:01,3041.78,ANZ78847,RGIAPKSGYFV,1179,288.0
1037,HLA-DRB115:01,3053.47,ANZ78847,LVKIQAVVNAN,1037,289.0
394,HLA-DRB115:01,3058.1,ANZ78847,YGMCFSSITID,394,290.0
1060,HLA-DRB115:01,3090.85,ANZ78847,NRFGAISSSLQ,1060,291.0
914,HLA-DRB115:01,3099.59,ANZ78847,IEDLLFDKVKL,914,292.0
461,HLA-DRB115:01,3115.38,ANZ78847,KRFGFIEDSVF,461,293.0
260,HLA-DRB115:01,3119.58,ANZ78847,ISRRNIGFTLE,260,294.0
763,HLA-DRB115:01,3127.81,ANZ78847,RSRRAITTGYR,763,295.0
698,HLA-DRB115:01,3133.12,ANZ78847,PALLFRNIKCN,698,296.0
943,HLA-DRB115:01,3143.18,ANZ78847,RDLICVQSYKG,943,297.0
1301,HLA-DRB115:01,3159.08,ANZ78847,YVKWPWYVWLL,1301,298.0
250,HLA-DRB115:01,3168.96,ANZ78847,SHYYVMPLTCI,250,299.0
578,HLA-DRB115:01,3185.95,ANZ78847,QPQAFLGWSAD,578,300.0
1145,HLA-DRB115:01,3199.41,ANZ78847,VQNAPYGLYFI,1145,301.0
821,HLA-DRB115:01,3216.56,ANZ78847,TIDCAAFVCGD,821,302.0
1346,HLA-DRB115:01,3217.17,ANZ78847,DYTGYQELVIK,1346,303.0
892,HLA-DRB115:01,3246.56,ANZ78847,INFSSVLGCLG,892,304.0
637,HLA-DRB115:01,3255.48,ANZ78847,ISGQGIFVEVN,637,305.0
1280,HLA-DRB115:01,3262.88,ANZ78847,EAIKVLNQSYI,1280,306.0
1032,HLA-DRB115:01,3290.29,ANZ78847,ATNSALVKIQA,1032,307.0
726,HLA-DRB115:01,3290.3,ANZ78847,DSYLGCVVNAY,726,308.0
954,HLA-DRB115:01,3302.12,ANZ78847,IKVLPPLLSEN,954,309.0
839,HLA-DRB115:01,3324.45,ANZ78847,LVEYGSFCDNI,839,310.0
238,HLA-DRB115:01,3340.81,ANZ78847,KFLFNVYLGMA,238,311.0
812,HLA-DRB115:01,3348.67,ANZ78847,FIQTSSPKVTI,812,312.0
354,HLA-DRB115:01,3349.48,ANZ78847,PSPLNWERKTF,354,313.0
128,HLA-DRB115:01,3349.91,ANZ78847,ITIGSTFVNTS,128,314.0
715,HLA-DRB115:01,3361.9,ANZ78847,LTRQLQPINYF,715,315.0
1213,HLA-DRB115:01,3367.11,ANZ78847,VVVMSTCAVNY,1213,316.0
668,HLA-DRB115:01,3374.32,ANZ78847,FRDYLTNRTFM,668,317.0
1281,HLA-DRB115:01,3402.56,ANZ78847,AIKVLNQSYIN,1281,318.0
1012,HLA-DRB115:01,3408.32,ANZ78847,QKLIANAFNNA,1012,319.0
220,HLA-DRB115:01,3416.02,ANZ78847,YQEGGTFYAYF,220,320.0
1314,HLA-DRB115:01,3441.34,ANZ78847,LAGVAMLVLLF,1314,321.0
365,HLA-DRB115:01,3460.23,ANZ78847,SNCNFNMSSLM,365,322.0
1171,HLA-DRB115:01,3470.73,ANZ78847,PGLCIAGDRGI,1171,323.0
100,HLA-DRB115:01,3487.18,ANZ78847,SDFINGIFAKV,100,324.0
242,HLA-DRB115:01,3487.2,ANZ78847,NVYLGMALSHY,242,325.0
1063,HLA-DRB115:01,3493.63,ANZ78847,GAISSSLQEIL,1063,326.0
101,HLA-DRB115:01,3499.5,ANZ78847,DFINGIFAKVK,101,327.0
867,HLA-DRB115:01,3507.67,ANZ78847,VANSLMNGVTL,867,328.0
119,HLA-DRB115:01,3511.9,ANZ78847,GVMYSEFPAIT,119,329.0
720,HLA-DRB115:01,3528.73,ANZ78847,QPINYFDSYLG,720,330.0
50,HLA-DRB115:01,3532.58,ANZ78847,LGTYYVLDRVY,50,331.0
369,HLA-DRB115:01,3533.04,ANZ78847,FNMSSLMSFIQ,369,332.0
158,HLA-DRB115:01,3533.57,ANZ78847,LQGLLEVSVCQ,158,333.0
1189,HLA-DRB115:01,3565.68,ANZ78847,VNVNNTWMYTG,1189,334.0
830,HLA-DRB115:01,3575.01,ANZ78847,GDYAACKSQLV,830,335.0
1071,HLA-DRB115:01,3579.62,ANZ78847,EILSRLDALEA,1071,336.0
487,HLA-DRB115:01,3611.13,ANZ78847,AQHCFKAPKNF,487,337.0
1181,HLA-DRB115:01,3638.8,ANZ78847,IAPKSGYFVNV,1181,338.0
836,HLA-DRB115:01,3641.82,ANZ78847,KSQLVEYGSFC,836,339.0
922,HLA-DRB115:01,3647.94,ANZ78847,VKLSDVGFVAA,922,340.0
951,HLA-DRB115:01,3648.73,ANZ78847,YKGIKVLPPLL,951,341.0
713,HLA-DRB115:01,3653.13,ANZ78847,NSLTRQLQPIN,713,342.0
54,HLA-DRB115:01,3655.7,ANZ78847,YVLDRVYLNTT,54,343.0
991,HLA-DRB115:01,3664.16,ANZ78847,YLNVQYRINGL,991,344.0
1178,HLA-DRB115:01,3666.82,ANZ78847,DRGIAPKSGYF,1178,345.0
1103,HLA-DRB115:01,3695.97,ANZ78847,QLSDSTLVKFS,1103,346.0
948,HLA-DRB115:01,3703.94,ANZ78847,VQSYKGIKVLP,948,347.0
874,HLA-DRB115:01,3712.26,ANZ78847,GVTLSTKLKDG,874,348.0
318,HLA-DRB115:01,3727.6,ANZ78847,VYELNGYTVQP,318,349.0
1052,HLA-DRB115:01,3731.19,ANZ78847,NNLLQQLSNRF,1052,350.0
1005,HLA-DRB115:01,3759.49,ANZ78847,MDVLSQNQKLI,1005,351.0
595,HLA-DRB115:01,3759.5,ANZ78847,KCNIFANLILH,595,352.0
1091,HLA-DRB115:01,3759.55,ANZ78847,GRLTALNAYVS,1091,353.0
57,HLA-DRB115:01,3771.75,ANZ78847,DRVYLNTTLFL,57,354.0
554,HLA-DRB115:01,3781.44,ANZ78847,VGIGEHCSGLA,554,355.0
916,HLA-DRB115:01,3785.16,ANZ78847,DLLFDKVKLSD,916,356.0
219,HLA-DRB115:01,3806.56,ANZ78847,FYQEGGTFYAY,219,357.0
356,HLA-DRB115:01,3808.68,ANZ78847,PLNWERKTFSN,356,358.0
982,HLA-DRB115:01,3834.79,ANZ78847,WTAAAGVPFYL,982,359.0
1007,HLA-DRB115:01,3842.79,ANZ78847,VLSQNQKLIAN,1007,360.0
216,HLA-DRB115:01,3857.71,ANZ78847,YFHFYQEGGTF,216,361.0
952,HLA-DRB115:01,3900.09,ANZ78847,KGIKVLPPLLS,952,362.0
113,HLA-DRB115:01,3957.29,ANZ78847,TKVFKDGVMYS,113,363.0
1088,HLA-DRB115:01,3974.85,ANZ78847,LINGRLTALNA,1088,364.0
1142,HLA-DRB115:01,3976.92,ANZ78847,ISLVQNAPYGL,1142,365.0
253,HLA-DRB115:01,3980.76,ANZ78847,YVMPLTCISRR,253,366.0
1069,HLA-DRB115:01,3985.92,ANZ78847,LQEILSRLDAL,1069,367.0
1089,HLA-DRB115:01,4018.65,ANZ78847,INGRLTALNAY,1089,368.0
1172,HLA-DRB115:01,4020.04,ANZ78847,GLCIAGDRGIA,1172,369.0
1123,HLA-DRB115:01,4026.34,ANZ78847,ECVKSQSSRIN,1123,370.0
962,HLA-DRB115:01,4027.44,ANZ78847,SENQISGYTLA,962,371.0
802,HLA-DRB115:01,4058.05,ANZ78847,SDFTIGNMEEF,802,372.0
920,HLA-DRB115:01,4095.27,ANZ78847,DKVKLSDVGFV,920,373.0
963,HLA-DRB115:01,4109.9,ANZ78847,ENQISGYTLAA,963,374.0
1126,HLA-DRB115:01,4123.33,ANZ78847,KSQSSRINFCG,1126,375.0
1061,HLA-DRB115:01,4131.24,ANZ78847,RFGAISSSLQE,1061,376.0
645,HLA-DRB115:01,4135.79,ANZ78847,EVNATYYNSWQ,645,377.0
737,HLA-DRB115:01,4136.82,ANZ78847,NSTAISVQTCD,737,378.0
1086,HLA-DRB115:01,4141.12,ANZ78847,DRLINGRLTAL,1086,379.0
1068,HLA-DRB115:01,4143.27,ANZ78847,SLQEILSRLDA,1068,380.0
1285,HLA-DRB115:01,4160.01,ANZ78847,LNQSYINLKDI,1285,381.0
1278,HLA-DRB115:01,4172.98,ANZ78847,LQEAIKVLNQS,1278,382.0
482,HLA-DRB115:01,4177.39,ANZ78847,HDVVYAQHCFK,482,383.0
227,HLA-DRB115:01,4192.6,ANZ78847,YAYFTDTGVVT,227,384.0
1067,HLA-DRB115:01,4224.45,ANZ78847,SSLQEILSRLD,1067,385.0
1164,HLA-DRB115:01,4232.15,ANZ78847,YVTAKVSPGLC,1164,386.0
837,HLA-DRB115:01,4254.94,ANZ78847,SQLVEYGSFCD,837,387.0
765,HLA-DRB115:01,4291.03,ANZ78847,RRAITTGYRFT,765,388.0
256,HLA-DRB115:01,4312.58,ANZ78847,PLTCISRRNIG,256,389.0
193,HLA-DRB115:01,4325.38,ANZ78847,MDTGVVSCLYK,193,390.0
1105,HLA-DRB115:01,4339.82,ANZ78847,SDSTLVKFSAA,1105,391.0
1186,HLA-DRB115:01,4340.59,ANZ78847,GYFVNVNNTWM,1186,392.0
139,HLA-DRB115:01,4355.75,ANZ78847,YSVVVQPRTIN,139,393.0
1276,HLA-DRB115:01,4392.19,ANZ78847,NRLQEAIKVLN,1276,394.0
940,HLA-DRB115:01,4457.95,ANZ78847,AEIRDLICVQS,940,395.0
707,HLA-DRB115:01,4459.17,ANZ78847,CNYVFNNSLTR,707,396.0
1109,HLA-DRB115:01,4467.09,ANZ78847,LVKFSAAQAME,1109,397.0
484,HLA-DRB115:01,4472.75,ANZ78847,VVYAQHCFKAP,484,398.0
924,HLA-DRB115:01,4476.22,ANZ78847,LSDVGFVAAYN,924,399.0
719,HLA-DRB115:01,4497.77,ANZ78847,LQPINYFDSYL,719,400.0
1259,HLA-DRB115:01,4504.82,ANZ78847,LALDYINVTFL,1259,401.0
1000,HLA-DRB115:01,4505.66,ANZ78847,GLGVTMDVLSQ,1000,402.0
125,HLA-DRB115:01,4513.22,ANZ78847,FPAITIGSTFV,125,403.0
51,HLA-DRB115:01,4515.86,ANZ78847,GTYYVLDRVYL,51,404.0
598,HLA-DRB115:01,4535.09,ANZ78847,IFANLILHDVN,598,405.0
905,HLA-DRB115:01,4539.9,ANZ78847,CSKASSRSAIE,905,406.0
986,HLA-DRB115:01,4563.42,ANZ78847,AGVPFYLNVQY,986,407.0
1124,HLA-DRB115:01,4568.73,ANZ78847,CVKSQSSRINF,1124,408.0
8,HLA-DRB115:01,4583.72,ANZ78847,LPTAFAVIGDL,8,409.0
1258,HLA-DRB115:01,4586.62,ANZ78847,DLALDYINVTF,1258,410.0
7,HLA-DRB115:01,4597.83,ANZ78847,SLPTAFAVIGD,7,411.0
317,HLA-DRB115:01,4613.7,ANZ78847,GVYELNGYTVQ,317,412.0
368,HLA-DRB115:01,4620.86,ANZ78847,NFNMSSLMSFI,368,413.0
661,HLA-DRB115:01,4623.29,ANZ78847,SNGNLYGFRDY,661,414.0
1297,HLA-DRB115:01,4637.71,ANZ78847,TYEYYVKWPWY,1297,415.0
163,HLA-DRB115:01,4644.61,ANZ78847,EVSVCQYNMCE,163,416.0
835,HLA-DRB115:01,4650.64,ANZ78847,CKSQLVEYGSF,835,417.0
70,HLA-DRB115:01,4657.2,ANZ78847,YYPTSGSTYRN,70,418.0
995,HLA-DRB115:01,4684.83,ANZ78847,QYRINGLGVTM,995,419.0
1002,HLA-DRB115:01,4715.73,ANZ78847,GVTMDVLSQNQ,1002,420.0
877,HLA-DRB115:01,4726.91,ANZ78847,LSTKLKDGVNF,877,421.0
1107,HLA-DRB115:01,4737.61,ANZ78847,STLVKFSAAQA,1107,422.0
910,HLA-DRB115:01,4750.66,ANZ78847,SRSAIEDLLFD,910,423.0
1096,HLA-DRB115:01,4792.62,ANZ78847,LNAYVSQQLSD,1096,424.0
1146,HLA-DRB115:01,4806.91,ANZ78847,QNAPYGLYFIH,1146,425.0
241,HLA-DRB115:01,4834.13,ANZ78847,FNVYLGMALSH,241,426.0
1347,HLA-DRB115:01,4835.0,ANZ78847,YTGYQELVIKT,1347,427.0
1064,HLA-DRB115:01,4859.23,ANZ78847,AISSSLQEILS,1064,428.0
770,HLA-DRB115:01,4870.04,ANZ78847,TGYRFTNFEPF,770,429.0
1245,HLA-DRB115:01,4879.42,ANZ78847,LDQWFKNQTSV,1245,430.0
556,HLA-DRB115:01,4883.78,ANZ78847,IGEHCSGLAVK,556,431.0
1268,HLA-DRB115:01,4897.94,ANZ78847,FLDLQVEMNRL,1268,432.0
1185,HLA-DRB115:01,4904.44,ANZ78847,SGYFVNVNNTW,1185,433.0
1296,HLA-DRB115:01,4921.8,ANZ78847,GTYEYYVKWPW,1296,434.0
1261,HLA-DRB115:01,4944.26,ANZ78847,LDYINVTFLDL,1261,435.0
211,HLA-DRB115:01,4992.88,ANZ78847,NATYLYFHFYQ,211,436.0
1182,HLA-DRB115:01,5003.21,ANZ78847,APKSGYFVNVN,1182,437.0
546,HLA-DRB115:01,5024.24,ANZ78847,KCPQSKSLVGI,546,438.0
1215,HLA-DRB115:01,5030.38,ANZ78847,VMSTCAVNYTK,1215,439.0
651,HLA-DRB115:01,5033.02,ANZ78847,YNSWQNLLYDS,651,440.0
251,HLA-DRB115:01,5046.06,ANZ78847,HYYVMPLTCIS,251,441.0
1194,HLA-DRB115:01,5073.13,ANZ78847,TWMYTGSGYYY,1194,442.0
789,HLA-DRB115:01,5129.56,ANZ78847,LEPVGGLYEIQ,789,443.0
453,HLA-DRB115:01,5144.44,ANZ78847,RFNPSTWNKRF,453,444.0
104,HLA-DRB115:01,5183.38,ANZ78847,NGIFAKVKNTK,104,445.0
866,HLA-DRB115:01,5206.33,ANZ78847,QVANSLMNGVT,866,446.0
1006,HLA-DRB115:01,5226.27,ANZ78847,DVLSQNQKLIA,1006,447.0
703,HLA-DRB115:01,5237.04,ANZ78847,RNIKCNYVFNN,703,448.0
840,HLA-DRB115:01,5237.63,ANZ78847,VEYGSFCDNIN,840,449.0
746,HLA-DRB115:01,5245.83,ANZ78847,CDLTVGSGYCV,746,450.0
649,HLA-DRB115:01,5268.28,ANZ78847,TYYNSWQNLLY,649,451.0
454,HLA-DRB115:01,5284.78,ANZ78847,FNPSTWNKRFG,454,452.0
1306,HLA-DRB115:01,5298.79,ANZ78847,WYVWLLICLAG,1306,453.0
762,HLA-DRB115:01,5302.02,ANZ78847,RRSRRAITTGY,762,454.0
716,HLA-DRB115:01,5314.96,ANZ78847,TRQLQPINYFD,716,455.0
229,HLA-DRB115:01,5347.38,ANZ78847,YFTDTGVVTKF,229,456.0
455,HLA-DRB115:01,5375.7,ANZ78847,NPSTWNKRFGF,455,457.0
1308,HLA-DRB115:01,5385.58,ANZ78847,VWLLICLAGVA,1308,458.0
1075,HLA-DRB115:01,5397.41,ANZ78847,RLDALEAEAQI,1075,459.0
725,HLA-DRB115:01,5406.53,ANZ78847,FDSYLGCVVNA,725,460.0
478,HLA-DRB115:01,5412.59,ANZ78847,VLTNHDVVYAQ,478,461.0
138,HLA-DRB115:01,5443.85,ANZ78847,SYSVVVQPRTI,138,462.0
218,HLA-DRB115:01,5447.72,ANZ78847,HFYQEGGTFYA,218,463.0
184,HLA-DRB115:01,5451.54,ANZ78847,GNHFKELWHMD,184,464.0
1118,HLA-DRB115:01,5483.41,ANZ78847,MEKVNECVKSQ,1118,465.0
105,HLA-DRB115:01,5492.65,ANZ78847,GIFAKVKNTKV,105,466.0
1053,HLA-DRB115:01,5501.63,ANZ78847,NLLQQLSNRFG,1053,467.0
1163,HLA-DRB115:01,5506.08,ANZ78847,KYVTAKVSPGL,1163,468.0
915,HLA-DRB115:01,5542.64,ANZ78847,EDLLFDKVKLS,915,469.0
659,HLA-DRB115:01,5551.17,ANZ78847,YDSNGNLYGFR,659,470.0
1166,HLA-DRB115:01,5564.75,ANZ78847,TAKVSPGLCIA,1166,471.0
842,HLA-DRB115:01,5571.01,ANZ78847,YGSFCDNINAI,842,472.0
680,HLA-DRB115:01,5578.67,ANZ78847,RSCYSGRVSAA,680,473.0
816,HLA-DRB115:01,5596.58,ANZ78847,SSPKVTIDCAA,816,474.0
1228,HLA-DRB115:01,5677.47,ANZ78847,YVMLNTSIPNL,1228,475.0
831,HLA-DRB115:01,5704.1,ANZ78847,DYAACKSQLVE,831,476.0
1033,HLA-DRB115:01,5724.18,ANZ78847,TNSALVKIQAV,1033,477.0
731,HLA-DRB115:01,5729.9,ANZ78847,CVVNAYNSTAI,731,478.0
544,HLA-DRB115:01,5739.49,ANZ78847,PYKCPQSKSLV,544,479.0
740,HLA-DRB115:01,5739.83,ANZ78847,AISVQTCDLTV,740,480.0
252,HLA-DRB115:01,5757.65,ANZ78847,YYVMPLTCISR,252,481.0
481,HLA-DRB115:01,5758.62,ANZ78847,NHDVVYAQHCF,481,482.0
99,HLA-DRB115:01,5785.55,ANZ78847,LSDFINGIFAK,99,483.0
1050,HLA-DRB115:01,5795.27,ANZ78847,ALNNLLQQLSN,1050,484.0
116,HLA-DRB115:01,5810.17,ANZ78847,FKDGVMYSEFP,116,485.0
1062,HLA-DRB115:01,5810.67,ANZ78847,FGAISSSLQEI,1062,486.0
1072,HLA-DRB115:01,5815.62,ANZ78847,ILSRLDALEAE,1072,487.0
1030,HLA-DRB115:01,5830.13,ANZ78847,FDATNSALVKI,1030,488.0
1010,HLA-DRB115:01,5831.28,ANZ78847,QNQKLIANAFN,1010,489.0
642,HLA-DRB115:01,5871.7,ANZ78847,IFVEVNATYYN,642,490.0
361,HLA-DRB115:01,5897.87,ANZ78847,RKTFSNCNFNM,361,491.0
111,HLA-DRB115:01,5900.44,ANZ78847,KNTKVFKDGVM,111,492.0
112,HLA-DRB115:01,5922.6,ANZ78847,NTKVFKDGVMY,112,493.0
658,HLA-DRB115:01,5930.34,ANZ78847,LYDSNGNLYGF,658,494.0
1302,HLA-DRB115:01,5930.66,ANZ78847,VKWPWYVWLLI,1302,495.0
1226,HLA-DRB115:01,5933.37,ANZ78847,APYVMLNTSIP,1226,496.0
1350,HLA-DRB115:01,5937.21,ANZ78847,YQELVIKTSHD,1350,497.0
45,HLA-DRB115:01,6005.81,ANZ78847,DVTNGLGTYYV,45,498.0
433,HLA-DRB115:01,6032.94,ANZ78847,TTATSCQLYYN,433,499.0
786,HLA-DRB115:01,6041.09,ANZ78847,NDSLEPVGGLY,786,500.0
1132,HLA-DRB115:01,6048.51,ANZ78847,INFCGNGNHII,1132,501.0
573,HLA-DRB115:01,6065.4,ANZ78847,NPCTCQPQAFL,573,502.0
1082,HLA-DRB115:01,6065.95,ANZ78847,EAQIDRLINGR,1082,503.0
1157,HLA-DRB115:01,6100.42,ANZ78847,FSYVPTKYVTA,1157,504.0
599,HLA-DRB115:01,6122.39,ANZ78847,FANLILHDVNS,599,505.0
190,HLA-DRB115:01,6143.76,ANZ78847,LWHMDTGVVSC,190,506.0
667,HLA-DRB115:01,6144.94,ANZ78847,GFRDYLTNRTF,667,507.0
175,HLA-DRB115:01,6151.33,ANZ78847,PHTICHPNLGN,175,508.0
525,HLA-DRB115:01,6158.02,ANZ78847,TNYLTCHNLCN,525,509.0
1183,HLA-DRB115:01,6161.3,ANZ78847,PKSGYFVNVNN,1183,510.0
323,HLA-DRB115:01,6182.6,ANZ78847,GYTVQPIADVY,323,511.0
795,HLA-DRB115:01,6199.59,ANZ78847,LYEIQIPSDFT,795,512.0
709,HLA-DRB115:01,6225.97,ANZ78847,YVFNNSLTRQL,709,513.0
469,HLA-DRB115:01,6294.54,ANZ78847,SVFKPQPAGVL,469,514.0
1141,HLA-DRB115:01,6318.08,ANZ78847,IISLVQNAPYG,1141,515.0
463,HLA-DRB115:01,6343.3,ANZ78847,FGFIEDSVFKP,463,516.0
875,HLA-DRB115:01,6352.56,ANZ78847,VTLSTKLKDGV,875,517.0
1162,HLA-DRB115:01,6368.25,ANZ78847,TKYVTAKVSPG,1162,518.0
1128,HLA-DRB115:01,6371.01,ANZ78847,QSSRINFCGNG,1128,519.0
154,HLA-DRB115:01,6391.79,ANZ78847,GVNKLQGLLEV,154,520.0
124,HLA-DRB115:01,6392.88,ANZ78847,EFPAITIGSTF,124,521.0
109,HLA-DRB115:01,6404.31,ANZ78847,KVKNTKVFKDG,109,522.0
876,HLA-DRB115:01,6435.37,ANZ78847,TLSTKLKDGVN,876,523.0
213,HLA-DRB115:01,6440.01,ANZ78847,TYLYFHFYQEG,213,524.0
107,HLA-DRB115:01,6454.0,ANZ78847,FAKVKNTKVFK,107,525.0
157,HLA-DRB115:01,6454.48,ANZ78847,KLQGLLEVSVC,157,526.0
450,HLA-DRB115:01,6469.65,ANZ78847,SVSRFNPSTWN,450,527.0
214,HLA-DRB115:01,6511.21,ANZ78847,YLYFHFYQEGG,214,528.0
803,HLA-DRB115:01,6527.27,ANZ78847,DFTIGNMEEFI,803,529.0
386,HLA-DRB115:01,6532.59,ANZ78847,NNIDAAKIYGM,386,530.0
388,HLA-DRB115:01,6542.35,ANZ78847,IDAAKIYGMCF,388,531.0
1168,HLA-DRB115:01,6549.85,ANZ78847,KVSPGLCIAGD,1168,532.0
76,HLA-DRB115:01,6579.56,ANZ78847,STYRNMALKGT,76,533.0
1269,HLA-DRB115:01,6634.31,ANZ78847,LDLQVEMNRLQ,1269,534.0
959,HLA-DRB115:01,6635.61,ANZ78847,PLLSENQISGY,959,535.0
1083,HLA-DRB115:01,6677.0,ANZ78847,AQIDRLINGRL,1083,536.0
824,HLA-DRB115:01,6680.54,ANZ78847,CAAFVCGDYAA,824,537.0
625,HLA-DRB115:01,6682.75,ANZ78847,KLGVCVNYDLY,625,538.0
873,HLA-DRB115:01,6692.7,ANZ78847,NGVTLSTKLKD,873,539.0
985,HLA-DRB115:01,6705.77,ANZ78847,AAGVPFYLNVQ,985,540.0
815,HLA-DRB115:01,6760.01,ANZ78847,TSSPKVTIDCA,815,541.0
983,HLA-DRB115:01,6771.33,ANZ78847,TAAAGVPFYLN,983,542.0
1014,HLA-DRB115:01,6786.45,ANZ78847,LIANAFNNALD,1014,543.0
1054,HLA-DRB115:01,6800.02,ANZ78847,LLQQLSNRFGA,1054,544.0
1106,HLA-DRB115:01,6804.93,ANZ78847,DSTLVKFSAAQ,1106,545.0
86,HLA-DRB115:01,6806.74,ANZ78847,TDKLSTLWFKP,86,546.0
1070,HLA-DRB115:01,6811.04,ANZ78847,QEILSRLDALE,1070,547.0
1058,HLA-DRB115:01,6819.54,ANZ78847,LSNRFGAISSS,1058,548.0
1095,HLA-DRB115:01,6851.97,ANZ78847,ALNAYVSQQLS,1095,549.0
723,HLA-DRB115:01,6866.12,ANZ78847,NYFDSYLGCVV,723,550.0
313,HLA-DRB115:01,6869.32,ANZ78847,APPTGVYELNG,313,551.0
135,HLA-DRB115:01,6900.32,ANZ78847,VNTSYSVVVQP,135,552.0
722,HLA-DRB115:01,6901.17,ANZ78847,INYFDSYLGCV,722,553.0
597,HLA-DRB115:01,6932.79,ANZ78847,NIFANLILHDV,597,554.0
638,HLA-DRB115:01,6945.23,ANZ78847,SGQGIFVEVNA,638,555.0
1036,HLA-DRB115:01,6961.53,ANZ78847,ALVKIQAVVNA,1036,556.0
1229,HLA-DRB115:01,6977.3,ANZ78847,VMLNTSIPNLP,1229,557.0
301,HLA-DRB115:01,6999.18,ANZ78847,FMSEIKCKTQS,301,558.0
919,HLA-DRB115:01,7030.3,ANZ78847,FDKVKLSDVGF,919,559.0
728,HLA-DRB115:01,7036.49,ANZ78847,YLGCVVNAYNS,728,560.0
1056,HLA-DRB115:01,7039.57,ANZ78847,QQLSNRFGAIS,1056,561.0
372,HLA-DRB115:01,7040.68,ANZ78847,SSLMSFIQADS,372,562.0
283,HLA-DRB115:01,7058.35,ANZ78847,LAFNQDGIIFN,283,563.0
437,HLA-DRB115:01,7109.63,ANZ78847,SCQLYYNLPAA,437,564.0
527,HLA-DRB115:01,7133.89,ANZ78847,YLTCHNLCNPD,527,565.0
841,HLA-DRB115:01,7145.6,ANZ78847,EYGSFCDNINA,841,566.0
385,HLA-DRB115:01,7155.81,ANZ78847,CNNIDAAKIYG,385,567.0
904,HLA-DRB115:01,7185.16,ANZ78847,ECSKASSRSAI,904,568.0
12,HLA-DRB115:01,7205.0,ANZ78847,FAVIGDLKCPL,12,569.0
957,HLA-DRB115:01,7257.48,ANZ78847,LPPLLSENQIS,957,570.0
473,HLA-DRB115:01,7260.07,ANZ78847,PQPAGVLTNHD,473,571.0
621,HLA-DRB115:01,7276.53,ANZ78847,NTDIKLGVCVN,621,572.0
1161,HLA-DRB115:01,7326.22,ANZ78847,PTKYVTAKVSP,1161,573.0
378,HLA-DRB115:01,7328.36,ANZ78847,IQADSFTCNNI,378,574.0
878,HLA-DRB115:01,7367.81,ANZ78847,STKLKDGVNFN,878,575.0
558,HLA-DRB115:01,7374.68,ANZ78847,EHCSGLAVKSD,558,576.0
601,HLA-DRB115:01,7375.53,ANZ78847,NLILHDVNSGL,601,577.0
950,HLA-DRB115:01,7387.23,ANZ78847,SYKGIKVLPPL,950,578.0
706,HLA-DRB115:01,7396.73,ANZ78847,KCNYVFNNSLT,706,579.0
1057,HLA-DRB115:01,7397.82,ANZ78847,QLSNRFGAISS,1057,580.0
172,HLA-DRB115:01,7403.34,ANZ78847,CEYPHTICHPN,172,581.0
735,HLA-DRB115:01,7415.27,ANZ78847,AYNSTAISVQT,735,582.0
501,HLA-DRB115:01,7422.75,ANZ78847,KSNSSLCVGSG,501,583.0
470,HLA-DRB115:01,7430.53,ANZ78847,VFKPQPAGVLT,470,584.0
164,HLA-DRB115:01,7440.98,ANZ78847,VSVCQYNMCEY,164,585.0
810,HLA-DRB115:01,7441.93,ANZ78847,EEFIQTSSPKV,810,586.0
271,HLA-DRB115:01,7449.21,ANZ78847,YWVTPLTSRQY,271,587.0
206,HLA-DRB115:01,7453.73,ANZ78847,FTYDVNATYLY,206,588.0
62,HLA-DRB115:01,7471.32,ANZ78847,NTTLFLNGYYP,62,589.0
769,HLA-DRB115:01,7529.34,ANZ78847,TTGYRFTNFEP,769,590.0
479,HLA-DRB115:01,7531.09,ANZ78847,LTNHDVVYAQH,479,591.0
545,HLA-DRB115:01,7555.32,ANZ78847,YKCPQSKSLVG,545,592.0
906,HLA-DRB115:01,7558.41,ANZ78847,SKASSRSAIED,906,593.0
490,HLA-DRB115:01,7561.17,ANZ78847,CFKAPKNFCPC,490,594.0
577,HLA-DRB115:01,7565.24,ANZ78847,CQPQAFLGWSA,577,595.0
23,HLA-DRB115:01,7568.33,ANZ78847,DSRTGSLNNID,23,596.0
338,HLA-DRB115:01,7577.84,ANZ78847,DLPNCNIEAWL,338,597.0
1022,HLA-DRB115:01,7578.09,ANZ78847,ALDAIQEGFDA,1022,598.0
956,HLA-DRB115:01,7581.07,ANZ78847,VLPPLLSENQI,956,599.0
1034,HLA-DRB115:01,7598.04,ANZ78847,NSALVKIQAVV,1034,600.0
1218,HLA-DRB115:01,7618.92,ANZ78847,TCAVNYTKAPY,1218,601.0
94,HLA-DRB115:01,7633.17,ANZ78847,FKPPFLSDFIN,94,602.0
448,HLA-DRB115:01,7646.78,ANZ78847,NVSVSRFNPST,448,603.0
1265,HLA-DRB115:01,7675.51,ANZ78847,NVTFLDLQVEM,1265,604.0
56,HLA-DRB115:01,7716.21,ANZ78847,LDRVYLNTTLF,56,605.0
626,HLA-DRB115:01,7751.01,ANZ78847,LGVCVNYDLYG,626,606.0
399,HLA-DRB115:01,7763.18,ANZ78847,SSITIDKFAIP,399,607.0
822,HLA-DRB115:01,7785.39,ANZ78847,IDCAAFVCGDY,822,608.0
1129,HLA-DRB115:01,7786.69,ANZ78847,SSRINFCGNGN,1129,609.0
1102,HLA-DRB115:01,7794.48,ANZ78847,QQLSDSTLVKF,1102,610.0
1311,HLA-DRB115:01,7799.37,ANZ78847,LICLAGVAMLV,1311,611.0
389,HLA-DRB115:01,7803.23,ANZ78847,DAAKIYGMCFS,389,612.0
505,HLA-DRB115:01,7807.43,ANZ78847,SLCVGSGPGKN,505,613.0
359,HLA-DRB115:01,7839.8,ANZ78847,WERKTFSNCNF,359,614.0
631,HLA-DRB115:01,7856.48,ANZ78847,NYDLYGISGQG,631,615.0
1254,HLA-DRB115:01,7862.87,ANZ78847,SVAPDLALDYI,1254,616.0
787,HLA-DRB115:01,7884.56,ANZ78847,DSLEPVGGLYE,787,617.0
292,HLA-DRB115:01,7884.8,ANZ78847,FNAVDCMSDFM,292,618.0
712,HLA-DRB115:01,7895.24,ANZ78847,NNSLTRQLQPI,712,619.0
1085,HLA-DRB115:01,7913.51,ANZ78847,IDRLINGRLTA,1085,620.0
551,HLA-DRB115:01,7932.45,ANZ78847,KSLVGIGEHCS,551,621.0
933,HLA-DRB115:01,7945.56,ANZ78847,YNNCTGGAEIR,933,622.0
1038,HLA-DRB115:01,7990.5,ANZ78847,VKIQAVVNANA,1038,623.0
1304,HLA-DRB115:01,7996.58,ANZ78847,WPWYVWLLICL,1304,624.0
376,HLA-DRB115:01,7998.58,ANZ78847,SFIQADSFTCN,376,625.0
636,HLA-DRB115:01,8007.17,ANZ78847,GISGQGIFVEV,636,626.0
838,HLA-DRB115:01,8074.6,ANZ78847,QLVEYGSFCDN,838,627.0
939,HLA-DRB115:01,8081.8,ANZ78847,GAEIRDLICVQ,939,628.0
1131,HLA-DRB115:01,8088.06,ANZ78847,RINFCGNGNHI,1131,629.0
639,HLA-DRB115:01,8088.45,ANZ78847,GQGIFVEVNAT,639,630.0
13,HLA-DRB115:01,8092.91,ANZ78847,AVIGDLKCPLD,13,631.0
288,HLA-DRB115:01,8112.16,ANZ78847,DGIIFNAVDCM,288,632.0
360,HLA-DRB115:01,8124.74,ANZ78847,ERKTFSNCNFN,360,633.0
284,HLA-DRB115:01,8140.1,ANZ78847,AFNQDGIIFNA,284,634.0
159,HLA-DRB115:01,8163.8,ANZ78847,QGLLEVSVCQY,159,635.0
629,HLA-DRB115:01,8178.63,ANZ78847,CVNYDLYGISG,629,636.0
1289,HLA-DRB115:01,8189.85,ANZ78847,YINLKDIGTYE,1289,637.0
384,HLA-DRB115:01,8213.9,ANZ78847,TCNNIDAAKIY,384,638.0
95,HLA-DRB115:01,8234.6,ANZ78847,KPPFLSDFING,95,639.0
1065,HLA-DRB115:01,8235.71,ANZ78847,ISSSLQEILSR,1065,640.0
1295,HLA-DRB115:01,8257.22,ANZ78847,IGTYEYYVKWP,1295,641.0
173,HLA-DRB115:01,8265.52,ANZ78847,EYPHTICHPNL,173,642.0
869,HLA-DRB115:01,8291.68,ANZ78847,NSLMNGVTLST,869,643.0
504,HLA-DRB115:01,8292.84,ANZ78847,SSLCVGSGPGK,504,644.0
1243,HLA-DRB115:01,8311.11,ANZ78847,EELDQWFKNQT,1243,645.0
881,HLA-DRB115:01,8315.43,ANZ78847,LKDGVNFNVDD,881,646.0
1159,HLA-DRB115:01,8347.49,ANZ78847,YVPTKYVTAKV,1159,647.0
805,HLA-DRB115:01,8391.07,ANZ78847,TIGNMEEFIQT,805,648.0
880,HLA-DRB115:01,8425.76,ANZ78847,KLKDGVNFNVD,880,649.0
1351,HLA-DRB115:01,8430.01,ANZ78847,QELVIKTSHDD,1351,650.0
674,HLA-DRB115:01,8464.76,ANZ78847,NRTFMIRSCYS,674,651.0
447,HLA-DRB115:01,8465.48,ANZ78847,ANVSVSRFNPS,447,652.0
602,HLA-DRB115:01,8506.09,ANZ78847,LILHDVNSGLT,602,653.0
851,HLA-DRB115:01,8506.56,ANZ78847,AILTEVNELLD,851,654.0
672,HLA-DRB115:01,8509.05,ANZ78847,LTNRTFMIRSC,672,655.0
1262,HLA-DRB115:01,8509.92,ANZ78847,DYINVTFLDLQ,1262,656.0
575,HLA-DRB115:01,8510.0,ANZ78847,CTCQPQAFLGW,575,657.0
553,HLA-DRB115:01,8526.17,ANZ78847,LVGIGEHCSGL,553,658.0
1271,HLA-DRB115:01,8562.81,ANZ78847,LQVEMNRLQEA,1271,659.0
380,HLA-DRB115:01,8567.73,ANZ78847,ADSFTCNNIDA,380,660.0
503,HLA-DRB115:01,8583.47,ANZ78847,NSSLCVGSGPG,503,661.0
547,HLA-DRB115:01,8601.95,ANZ78847,CPQSKSLVGIG,547,662.0
1158,HLA-DRB115:01,8620.42,ANZ78847,SYVPTKYVTAK,1158,663.0
1009,HLA-DRB115:01,8625.73,ANZ78847,SQNQKLIANAF,1009,664.0
120,HLA-DRB115:01,8636.88,ANZ78847,VMYSEFPAITI,120,665.0
9,HLA-DRB115:01,8648.48,ANZ78847,PTAFAVIGDLK,9,666.0
6,HLA-DRB115:01,8671.09,ANZ78847,ISLPTAFAVIG,6,667.0
961,HLA-DRB115:01,8679.42,ANZ78847,LSENQISGYTL,961,668.0
796,HLA-DRB115:01,8683.78,ANZ78847,YEIQIPSDFTI,796,669.0
1121,HLA-DRB115:01,8692.92,ANZ78847,VNECVKSQSSR,1121,670.0
226,HLA-DRB115:01,8720.41,ANZ78847,FYAYFTDTGVV,226,671.0
801,HLA-DRB115:01,8720.81,ANZ78847,PSDFTIGNMEE,801,672.0
1094,HLA-DRB115:01,8721.04,ANZ78847,TALNAYVSQQL,1094,673.0
1049,HLA-DRB115:01,8737.86,ANZ78847,EALNNLLQQLS,1049,674.0
1196,HLA-DRB115:01,8753.14,ANZ78847,MYTGSGYYYPE,1196,675.0
1244,HLA-DRB115:01,8755.5,ANZ78847,ELDQWFKNQTS,1244,676.0
889,HLA-DRB115:01,8772.35,ANZ78847,VDDINFSSVLG,889,677.0
773,HLA-DRB115:01,8794.08,ANZ78847,RFTNFEPFTVN,773,678.0
984,HLA-DRB115:01,8811.0,ANZ78847,AAAGVPFYLNV,984,679.0
475,HLA-DRB115:01,8852.04,ANZ78847,PAGVLTNHDVV,475,680.0
499,HLA-DRB115:01,8860.6,ANZ78847,PCKSNSSLCVG,499,681.0
309,HLA-DRB115:01,8863.98,ANZ78847,TQSIAPPTGVY,309,682.0
654,HLA-DRB115:01,8876.44,ANZ78847,WQNLLYDSNGN,654,683.0
1191,HLA-DRB115:01,8883.72,ANZ78847,VNNTWMYTGSG,1191,684.0
1305,HLA-DRB115:01,8885.89,ANZ78847,PWYVWLLICLA,1305,685.0
581,HLA-DRB115:01,8898.0,ANZ78847,AFLGWSADSCL,581,686.0
560,HLA-DRB115:01,8898.06,ANZ78847,CSGLAVKSDYC,560,687.0
73,HLA-DRB115:01,8898.14,ANZ78847,TSGSTYRNMAL,73,688.0
632,HLA-DRB115:01,8911.59,ANZ78847,YDLYGISGQGI,632,689.0
221,HLA-DRB115:01,8942.45,ANZ78847,QEGGTFYAYFT,221,690.0
435,HLA-DRB115:01,8968.66,ANZ78847,ATSCQLYYNLP,435,691.0
270,HLA-DRB115:01,8972.26,ANZ78847,EYWVTPLTSRQ,270,692.0
129,HLA-DRB115:01,8985.04,ANZ78847,TIGSTFVNTSY,129,693.0
708,HLA-DRB115:01,8985.97,ANZ78847,NYVFNNSLTRQ,708,694.0
652,HLA-DRB115:01,9007.11,ANZ78847,NSWQNLLYDSN,652,695.0
87,HLA-DRB115:01,9012.44,ANZ78847,DKLSTLWFKPP,87,696.0
800,HLA-DRB115:01,9021.43,ANZ78847,IPSDFTIGNME,800,697.0
1076,HLA-DRB115:01,9061.07,ANZ78847,LDALEAEAQID,1076,698.0
999,HLA-DRB115:01,9062.84,ANZ78847,NGLGVTMDVLS,999,699.0
653,HLA-DRB115:01,9068.03,ANZ78847,SWQNLLYDSNG,653,700.0
814,HLA-DRB115:01,9078.7,ANZ78847,QTSSPKVTIDC,814,701.0
1122,HLA-DRB115:01,9099.98,ANZ78847,NECVKSQSSRI,1122,702.0
901,HLA-DRB115:01,9106.27,ANZ78847,LGSECSKASSR,901,703.0
1344,HLA-DRB115:01,9107.02,ANZ78847,CDDYTGYQELV,1344,704.0
314,HLA-DRB115:01,9119.35,ANZ78847,PPTGVYELNGY,314,705.0
1031,HLA-DRB115:01,9124.96,ANZ78847,DATNSALVKIQ,1031,706.0
471,HLA-DRB115:01,9127.66,ANZ78847,FKPQPAGVLTN,471,707.0
300,HLA-DRB115:01,9129.07,ANZ78847,DFMSEIKCKTQ,300,708.0
897,HLA-DRB115:01,9138.59,ANZ78847,VLGCLGSECSK,897,709.0
882,HLA-DRB115:01,9144.45,ANZ78847,KDGVNFNVDDI,882,710.0
582,HLA-DRB115:01,9148.16,ANZ78847,FLGWSADSCLQ,582,711.0
998,HLA-DRB115:01,9154.35,ANZ78847,INGLGVTMDVL,998,712.0
753,HLA-DRB115:01,9185.04,ANZ78847,GYCVDYSKNRR,753,713.0
899,HLA-DRB115:01,9200.32,ANZ78847,GCLGSECSKAS,899,714.0
74,HLA-DRB115:01,9207.27,ANZ78847,SGSTYRNMALK,74,715.0
486,HLA-DRB115:01,9209.85,ANZ78847,YAQHCFKAPKN,486,716.0
81,HLA-DRB115:01,9224.66,ANZ78847,MALKGTDKLST,81,717.0
1286,HLA-DRB115:01,9229.79,ANZ78847,NQSYINLKDIG,1286,718.0
970,HLA-DRB115:01,9285.13,ANZ78847,TLAATSASLFP,970,719.0
1241,HLA-DRB115:01,9288.47,ANZ78847,FREELDQWFKN,1241,720.0
413,HLA-DRB115:01,9312.57,ANZ78847,KVDLQLGNLGY,413,721.0
981,HLA-DRB115:01,9330.81,ANZ78847,PWTAAAGVPFY,981,722.0
958,HLA-DRB115:01,9349.78,ANZ78847,PPLLSENQISG,958,723.0
865,HLA-DRB115:01,9383.35,ANZ78847,LQVANSLMNGV,865,724.0
1084,HLA-DRB115:01,9422.85,ANZ78847,QIDRLINGRLT,1084,725.0
752,HLA-DRB115:01,9423.57,ANZ78847,SGYCVDYSKNR,752,726.0
871,HLA-DRB115:01,9453.25,ANZ78847,LMNGVTLSTKL,871,727.0
825,HLA-DRB115:01,9461.52,ANZ78847,AAFVCGDYAAC,825,728.0
188,HLA-DRB115:01,9485.82,ANZ78847,KELWHMDTGVV,188,729.0
377,HLA-DRB115:01,9493.72,ANZ78847,FIQADSFTCNN,377,730.0
1079,HLA-DRB115:01,9560.5,ANZ78847,LEAEAQIDRLI,1079,731.0
710,HLA-DRB115:01,9570.57,ANZ78847,VFNNSLTRQLQ,710,732.0
77,HLA-DRB115:01,9604.82,ANZ78847,TYRNMALKGTD,77,733.0
823,HLA-DRB115:01,9622.96,ANZ78847,DCAAFVCGDYA,823,734.0
182,HLA-DRB115:01,9624.12,ANZ78847,NLGNHFKELWH,182,735.0
748,HLA-DRB115:01,9647.66,ANZ78847,LTVGSGYCVDY,748,736.0
1206,HLA-DRB115:01,9663.18,ANZ78847,EPITENNVVVM,1206,737.0
973,HLA-DRB115:01,9668.96,ANZ78847,ATSASLFPPWT,973,738.0
640,HLA-DRB115:01,9686.95,ANZ78847,QGIFVEVNATY,640,739.0
628,HLA-DRB115:01,9736.95,ANZ78847,VCVNYDLYGIS,628,740.0
180,HLA-DRB115:01,9740.16,ANZ78847,HPNLGNHFKEL,180,741.0
832,HLA-DRB115:01,9740.22,ANZ78847,YAACKSQLVEY,832,742.0
459,HLA-DRB115:01,9778.73,ANZ78847,WNKRFGFIEDS,459,743.0
295,HLA-DRB115:01,9803.74,ANZ78847,VDCMSDFMSEI,295,744.0
441,HLA-DRB115:01,9810.46,ANZ78847,YYNLPAANVSV,441,745.0
736,HLA-DRB115:01,9813.32,ANZ78847,YNSTAISVQTC,736,746.0
464,HLA-DRB115:01,9821.4,ANZ78847,GFIEDSVFKPQ,464,747.0
268,HLA-DRB115:01,9827.53,ANZ78847,TLEYWVTPLTS,268,748.0
155,HLA-DRB115:01,9831.23,ANZ78847,VNKLQGLLEVS,155,749.0
1287,HLA-DRB115:01,9833.08,ANZ78847,QSYINLKDIGT,1287,750.0
804,HLA-DRB115:01,9870.51,ANZ78847,FTIGNMEEFIQ,804,751.0
891,HLA-DRB115:01,9885.53,ANZ78847,DINFSSVLGCL,891,752.0
22,HLA-DRB115:01,9923.41,ANZ78847,LDSRTGSLNNI,22,753.0
974,HLA-DRB115:01,9924.44,ANZ78847,TSASLFPPWTA,974,754.0
850,HLA-DRB115:01,9939.74,ANZ78847,NAILTEVNELL,850,755.0
913,HLA-DRB115:01,9948.51,ANZ78847,AIEDLLFDKVK,913,756.0
730,HLA-DRB115:01,9978.77,ANZ78847,GCVVNAYNSTA,730,757.0
1167,HLA-DRB115:01,9983.81,ANZ78847,AKVSPGLCIAG,1167,758.0
181,HLA-DRB115:01,9987.98,ANZ78847,PNLGNHFKELW,181,759.0
734,HLA-DRB115:01,9995.74,ANZ78847,NAYNSTAISVQ,734,760.0
1202,HLA-DRB115:01,10022.07,ANZ78847,YYYPEPITENN,1202,761.0
223,HLA-DRB115:01,10025.71,ANZ78847,GGTFYAYFTDT,223,762.0
1193,HLA-DRB115:01,10069.61,ANZ78847,NTWMYTGSGYY,1193,763.0
37,HLA-DRB115:01,10112.74,ANZ78847,PSISTATVDVT,37,764.0
717,HLA-DRB115:01,10115.55,ANZ78847,RQLQPINYFDS,717,765.0
576,HLA-DRB115:01,10125.73,ANZ78847,TCQPQAFLGWS,576,766.0
1270,HLA-DRB115:01,10174.02,ANZ78847,DLQVEMNRLQE,1270,767.0
240,HLA-DRB115:01,10198.98,ANZ78847,LFNVYLGMALS,240,768.0
523,HLA-DRB115:01,10220.38,ANZ78847,AGTNYLTCHNL,523,769.0
189,HLA-DRB115:01,10229.5,ANZ78847,ELWHMDTGVVS,189,770.0
462,HLA-DRB115:01,10263.94,ANZ78847,RFGFIEDSVFK,462,771.0
1008,HLA-DRB115:01,10272.23,ANZ78847,LSQNQKLIANA,1008,772.0
1080,HLA-DRB115:01,10278.05,ANZ78847,EAEAQIDRLIN,1080,773.0
1048,HLA-DRB115:01,10286.47,ANZ78847,AEALNNLLQQL,1048,774.0
358,HLA-DRB115:01,10297.23,ANZ78847,NWERKTFSNCN,358,775.0
718,HLA-DRB115:01,10300.2,ANZ78847,QLQPINYFDSY,718,776.0
643,HLA-DRB115:01,10300.62,ANZ78847,FVEVNATYYNS,643,777.0
1081,HLA-DRB115:01,10322.1,ANZ78847,AEAQIDRLING,1081,778.0
1246,HLA-DRB115:01,10334.76,ANZ78847,DQWFKNQTSVA,1246,779.0
506,HLA-DRB115:01,10340.28,ANZ78847,LCVGSGPGKNN,506,780.0
146,HLA-DRB115:01,10343.63,ANZ78847,RTINSTQDGVN,146,781.0
68,HLA-DRB115:01,10344.36,ANZ78847,NGYYPTSGSTY,68,782.0
312,HLA-DRB115:01,10353.6,ANZ78847,IAPPTGVYELN,312,783.0
412,HLA-DRB115:01,10404.76,ANZ78847,RKVDLQLGNLG,412,784.0
187,HLA-DRB115:01,10409.19,ANZ78847,FKELWHMDTGV,187,785.0
1021,HLA-DRB115:01,10448.08,ANZ78847,NALDAIQEGFD,1021,786.0
739,HLA-DRB115:01,10464.95,ANZ78847,TAISVQTCDLT,739,787.0
20,HLA-DRB115:01,10474.01,ANZ78847,CPLDSRTGSLN,20,788.0
1255,HLA-DRB115:01,10476.28,ANZ78847,VAPDLALDYIN,1255,789.0
364,HLA-DRB115:01,10505.81,ANZ78847,FSNCNFNMSSL,364,790.0
828,HLA-DRB115:01,10540.03,ANZ78847,VCGDYAACKSQ,828,791.0
1272,HLA-DRB115:01,10563.25,ANZ78847,QVEMNRLQEAI,1272,792.0
316,HLA-DRB115:01,10565.72,ANZ78847,TGVYELNGYTV,316,793.0
793,HLA-DRB115:01,10582.59,ANZ78847,GGLYEIQIPSD,793,794.0
559,HLA-DRB115:01,10595.45,ANZ78847,HCSGLAVKSDY,559,795.0
893,HLA-DRB115:01,10641.38,ANZ78847,NFSSVLGCLGS,893,796.0
557,HLA-DRB115:01,10663.52,ANZ78847,GEHCSGLAVKS,557,797.0
942,HLA-DRB115:01,10671.67,ANZ78847,IRDLICVQSYK,942,798.0
136,HLA-DRB115:01,10690.67,ANZ78847,NTSYSVVVQPR,136,799.0
548,HLA-DRB115:01,10691.83,ANZ78847,PQSKSLVGIGE,548,800.0
900,HLA-DRB115:01,10699.04,ANZ78847,CLGSECSKASS,900,801.0
1004,HLA-DRB115:01,10709.81,ANZ78847,TMDVLSQNQKL,1004,802.0
747,HLA-DRB115:01,10722.16,ANZ78847,DLTVGSGYCVD,747,803.0
622,HLA-DRB115:01,10730.76,ANZ78847,TDIKLGVCVNY,622,804.0
868,HLA-DRB115:01,10734.64,ANZ78847,ANSLMNGVTLS,868,805.0
689,HLA-DRB115:01,10755.0,ANZ78847,AAFHANSSEPA,689,806.0
71,HLA-DRB115:01,10757.03,ANZ78847,YPTSGSTYRNM,71,807.0
21,HLA-DRB115:01,10789.24,ANZ78847,PLDSRTGSLNN,21,808.0
324,HLA-DRB115:01,10790.42,ANZ78847,YTVQPIADVYR,324,809.0
460,HLA-DRB115:01,10822.41,ANZ78847,NKRFGFIEDSV,460,810.0
168,HLA-DRB115:01,10825.7,ANZ78847,QYNMCEYPHTI,168,811.0
852,HLA-DRB115:01,10830.31,ANZ78847,ILTEVNELLDT,852,812.0
298,HLA-DRB115:01,10841.56,ANZ78847,MSDFMSEIKCK,298,813.0
395,HLA-DRB115:01,10865.33,ANZ78847,GMCFSSITIDK,395,814.0
143,HLA-DRB115:01,10892.12,ANZ78847,VQPRTINSTQD,143,815.0
1190,HLA-DRB115:01,10903.94,ANZ78847,NVNNTWMYTGS,1190,816.0
1136,HLA-DRB115:01,10953.59,ANZ78847,GNGNHIISLVQ,1136,817.0
1288,HLA-DRB115:01,10971.86,ANZ78847,SYINLKDIGTY,1288,818.0
304,HLA-DRB115:01,11029.1,ANZ78847,EIKCKTQSIAP,304,819.0
294,HLA-DRB115:01,11064.02,ANZ78847,AVDCMSDFMSE,294,820.0
579,HLA-DRB115:01,11104.02,ANZ78847,PQAFLGWSADS,579,821.0
357,HLA-DRB115:01,11110.0,ANZ78847,LNWERKTFSNC,357,822.0
1165,HLA-DRB115:01,11160.47,ANZ78847,VTAKVSPGLCI,1165,823.0
1177,HLA-DRB115:01,11217.27,ANZ78847,GDRGIAPKSGY,1177,824.0
696,HLA-DRB115:01,11385.9,ANZ78847,SEPALLFRNIK,696,825.0
516,HLA-DRB115:01,11451.35,ANZ78847,NGIGTCPAGTN,516,826.0
366,HLA-DRB115:01,11459.27,ANZ78847,NCNFNMSSLMS,366,827.0
972,HLA-DRB115:01,11487.17,ANZ78847,AATSASLFPPW,972,828.0
344,HLA-DRB115:01,11491.6,ANZ78847,IEAWLNDKSVP,344,829.0
69,HLA-DRB115:01,11510.68,ANZ78847,GYYPTSGSTYR,69,830.0
311,HLA-DRB115:01,11600.36,ANZ78847,SIAPPTGVYEL,311,831.0
960,HLA-DRB115:01,11637.13,ANZ78847,LLSENQISGYT,960,832.0
1240,HLA-DRB115:01,11637.22,ANZ78847,DFREELDQWFK,1240,833.0
562,HLA-DRB115:01,11644.61,ANZ78847,GLAVKSDYCGG,562,834.0
979,HLA-DRB115:01,11668.28,ANZ78847,FPPWTAAAGVP,979,835.0
648,HLA-DRB115:01,11672.02,ANZ78847,ATYYNSWQNLL,648,836.0
310,HLA-DRB115:01,11681.07,ANZ78847,QSIAPPTGVYE,310,837.0
538,HLA-DRB115:01,11717.24,ANZ78847,PITFTGPYKCP,538,838.0
879,HLA-DRB115:01,11726.22,ANZ78847,TKLKDGVNFNV,879,839.0
72,HLA-DRB115:01,11759.47,ANZ78847,PTSGSTYRNMA,72,840.0
820,HLA-DRB115:01,11773.75,ANZ78847,VTIDCAAFVCG,820,841.0
445,HLA-DRB115:01,11778.74,ANZ78847,PAANVSVSRFN,445,842.0
884,HLA-DRB115:01,11783.96,ANZ78847,GVNFNVDDINF,884,843.0
485,HLA-DRB115:01,11824.6,ANZ78847,VYAQHCFKAPK,485,844.0
660,HLA-DRB115:01,11831.11,ANZ78847,DSNGNLYGFRD,660,845.0
829,HLA-DRB115:01,11873.09,ANZ78847,CGDYAACKSQL,829,846.0
609,HLA-DRB115:01,11880.59,ANZ78847,SGLTCSTDLQK,609,847.0
92,HLA-DRB115:01,11886.65,ANZ78847,LWFKPPFLSDF,92,848.0
141,HLA-DRB115:01,11888.92,ANZ78847,VVVQPRTINST,141,849.0
169,HLA-DRB115:01,11926.44,ANZ78847,YNMCEYPHTIC,169,850.0
1187,HLA-DRB115:01,11949.5,ANZ78847,YFVNVNNTWMY,1187,851.0
429,HLA-DRB115:01,11976.72,ANZ78847,YRIDTTATSCQ,429,852.0
84,HLA-DRB115:01,12013.67,ANZ78847,KGTDKLSTLWF,84,853.0
137,HLA-DRB115:01,12029.23,ANZ78847,TSYSVVVQPRT,137,854.0
326,HLA-DRB115:01,12029.57,ANZ78847,VQPIADVYRRK,326,855.0
996,HLA-DRB115:01,12037.17,ANZ78847,YRINGLGVTMD,996,856.0
937,HLA-DRB115:01,12060.99,ANZ78847,TGGAEIRDLIC,937,857.0
691,HLA-DRB115:01,12071.24,ANZ78847,FHANSSEPALL,691,858.0
949,HLA-DRB115:01,12075.18,ANZ78847,QSYKGIKVLPP,949,859.0
741,HLA-DRB115:01,12075.69,ANZ78847,ISVQTCDLTVG,741,860.0
405,HLA-DRB115:01,12123.18,ANZ78847,KFAIPNGRKVD,405,861.0
438,HLA-DRB115:01,12123.55,ANZ78847,CQLYYNLPAAN,438,862.0
549,HLA-DRB115:01,12133.52,ANZ78847,QSKSLVGIGEH,549,863.0
379,HLA-DRB115:01,12185.82,ANZ78847,QADSFTCNNID,379,864.0
1029,HLA-DRB115:01,12218.31,ANZ78847,GFDATNSALVK,1029,865.0
872,HLA-DRB115:01,12243.1,ANZ78847,MNGVTLSTKLK,872,866.0
425,HLA-DRB115:01,12321.44,ANZ78847,QSFNYRIDTTA,425,867.0
352,HLA-DRB115:01,12375.55,ANZ78847,SVPSPLNWERK,352,868.0
493,HLA-DRB115:01,12378.74,ANZ78847,APKNFCPCKSN,493,869.0
55,HLA-DRB115:01,12383.67,ANZ78847,VLDRVYLNTTL,55,870.0
299,HLA-DRB115:01,12462.66,ANZ78847,SDFMSEIKCKT,299,871.0
926,HLA-DRB115:01,12479.71,ANZ78847,DVGFVAAYNNC,926,872.0
93,HLA-DRB115:01,12481.93,ANZ78847,WFKPPFLSDFI,93,873.0
908,HLA-DRB115:01,12484.5,ANZ78847,ASSRSAIEDLL,908,874.0
446,HLA-DRB115:01,12488.51,ANZ78847,AANVSVSRFNP,446,875.0
647,HLA-DRB115:01,12521.58,ANZ78847,NATYYNSWQNL,647,876.0
798,HLA-DRB115:01,12551.33,ANZ78847,IQIPSDFTIGN,798,877.0
776,HLA-DRB115:01,12585.67,ANZ78847,NFEPFTVNSVN,776,878.0
907,HLA-DRB115:01,12587.28,ANZ78847,KASSRSAIEDL,907,879.0
687,HLA-DRB115:01,12598.99,ANZ78847,VSAAFHANSSE,687,880.0
1201,HLA-DRB115:01,12609.08,ANZ78847,GYYYPEPITEN,1201,881.0
1216,HLA-DRB115:01,12618.91,ANZ78847,MSTCAVNYTKA,1216,882.0
563,HLA-DRB115:01,12626.56,ANZ78847,LAVKSDYCGGN,563,883.0
1020,HLA-DRB115:01,12745.84,ANZ78847,NNALDAIQEGF,1020,884.0
896,HLA-DRB115:01,12759.74,ANZ78847,SVLGCLGSECS,896,885.0
976,HLA-DRB115:01,12799.98,ANZ78847,ASLFPPWTAAA,976,886.0
351,HLA-DRB115:01,12809.35,ANZ78847,KSVPSPLNWER,351,887.0
1279,HLA-DRB115:01,12815.67,ANZ78847,QEAIKVLNQSY,1279,888.0
975,HLA-DRB115:01,12820.08,ANZ78847,SASLFPPWTAA,975,889.0
883,HLA-DRB115:01,12851.48,ANZ78847,DGVNFNVDDIN,883,890.0
574,HLA-DRB115:01,12852.54,ANZ78847,PCTCQPQAFLG,574,891.0
849,HLA-DRB115:01,12872.77,ANZ78847,INAILTEVNEL,849,892.0
332,HLA-DRB115:01,12884.05,ANZ78847,VYRRKPDLPNC,332,893.0
561,HLA-DRB115:01,12890.94,ANZ78847,SGLAVKSDYCG,561,894.0
192,HLA-DRB115:01,12908.64,ANZ78847,HMDTGVVSCLY,192,895.0
1119,HLA-DRB115:01,12930.63,ANZ78847,EKVNECVKSQS,1119,896.0
1257,HLA-DRB115:01,12935.39,ANZ78847,PDLALDYINVT,1257,897.0
966,HLA-DRB115:01,12942.41,ANZ78847,ISGYTLAATSA,966,898.0
466,HLA-DRB115:01,12947.64,ANZ78847,IEDSVFKPQPA,466,899.0
641,HLA-DRB115:01,12949.57,ANZ78847,GIFVEVNATYY,641,900.0
772,HLA-DRB115:01,13013.28,ANZ78847,YRFTNFEPFTV,772,901.0
799,HLA-DRB115:01,13062.04,ANZ78847,QIPSDFTIGNM,799,902.0
410,HLA-DRB115:01,13080.98,ANZ78847,NGRKVDLQLGN,410,903.0
685,HLA-DRB115:01,13112.24,ANZ78847,GRVSAAFHANS,685,904.0
535,HLA-DRB115:01,13125.8,ANZ78847,NPDPITFTGPY,535,905.0
451,HLA-DRB115:01,13127.11,ANZ78847,VSRFNPSTWNK,451,906.0
1317,HLA-DRB115:01,13168.79,ANZ78847,VAMLVLLFFIC,1317,907.0
539,HLA-DRB115:01,13178.21,ANZ78847,ITFTGPYKCPQ,539,908.0
1133,HLA-DRB115:01,13184.8,ANZ78847,NFCGNGNHIIS,1133,909.0
1051,HLA-DRB115:01,13196.95,ANZ78847,LNNLLQQLSNR,1051,910.0
465,HLA-DRB115:01,13209.71,ANZ78847,FIEDSVFKPQP,465,911.0
694,HLA-DRB115:01,13228.41,ANZ78847,NSSEPALLFRN,694,912.0
655,HLA-DRB115:01,13271.48,ANZ78847,QNLLYDSNGNL,655,913.0
185,HLA-DRB115:01,13288.64,ANZ78847,NHFKELWHMDT,185,914.0
140,HLA-DRB115:01,13342.3,ANZ78847,SVVVQPRTINS,140,915.0
381,HLA-DRB115:01,13355.86,ANZ78847,DSFTCNNIDAA,381,916.0
489,HLA-DRB115:01,13406.35,ANZ78847,HCFKAPKNFCP,489,917.0
424,HLA-DRB115:01,13408.82,ANZ78847,LQSFNYRIDTT,424,918.0
537,HLA-DRB115:01,13420.94,ANZ78847,DPITFTGPYKC,537,919.0
296,HLA-DRB115:01,13427.71,ANZ78847,DCMSDFMSEIK,296,920.0
291,HLA-DRB115:01,13474.19,ANZ78847,IFNAVDCMSDF,291,921.0
864,HLA-DRB115:01,13475.11,ANZ78847,QLQVANSLMNG,864,922.0
1023,HLA-DRB115:01,13478.21,ANZ78847,LDAIQEGFDAT,1023,923.0
353,HLA-DRB115:01,13484.05,ANZ78847,VPSPLNWERKT,353,924.0
580,HLA-DRB115:01,13499.67,ANZ78847,QAFLGWSADSC,580,925.0
153,HLA-DRB115:01,13510.3,ANZ78847,DGVNKLQGLLE,153,926.0
498,HLA-DRB115:01,13517.24,ANZ78847,CPCKSNSSLCV,498,927.0
859,HLA-DRB115:01,13526.06,ANZ78847,LLDTTQLQVAN,859,928.0
400,HLA-DRB115:01,13583.74,ANZ78847,SITIDKFAIPN,400,929.0
898,HLA-DRB115:01,13584.58,ANZ78847,LGCLGSECSKA,898,930.0
1210,HLA-DRB115:01,13613.25,ANZ78847,ENNVVVMSTCA,1210,931.0
152,HLA-DRB115:01,13648.98,ANZ78847,QDGVNKLQGLL,152,932.0
452,HLA-DRB115:01,13686.03,ANZ78847,SRFNPSTWNKR,452,933.0
792,HLA-DRB115:01,13750.1,ANZ78847,VGGLYEIQIPS,792,934.0
1348,HLA-DRB115:01,13754.06,ANZ78847,TGYQELVIKTS,1348,935.0
848,HLA-DRB115:01,13823.34,ANZ78847,NINAILTEVNE,848,936.0
432,HLA-DRB115:01,13835.2,ANZ78847,DTTATSCQLYY,432,937.0
179,HLA-DRB115:01,13849.8,ANZ78847,CHPNLGNHFKE,179,938.0
1160,HLA-DRB115:01,13851.17,ANZ78847,VPTKYVTAKVS,1160,939.0
1256,HLA-DRB115:01,13851.72,ANZ78847,APDLALDYINV,1256,940.0
755,HLA-DRB115:01,13926.81,ANZ78847,CVDYSKNRRSR,755,941.0
858,HLA-DRB115:01,13935.67,ANZ78847,ELLDTTQLQVA,858,942.0
334,HLA-DRB115:01,13936.57,ANZ78847,RRKPDLPNCNI,334,943.0
444,HLA-DRB115:01,13950.92,ANZ78847,LPAANVSVSRF,444,944.0
341,HLA-DRB115:01,13979.91,ANZ78847,NCNIEAWLNDK,341,945.0
673,HLA-DRB115:01,13987.15,ANZ78847,TNRTFMIRSCY,673,946.0
224,HLA-DRB115:01,14023.21,ANZ78847,GTFYAYFTDTG,224,947.0
930,HLA-DRB115:01,14054.32,ANZ78847,VAAYNNCTGGA,930,948.0
514,HLA-DRB115:01,14100.52,ANZ78847,KNNGIGTCPAG,514,949.0
711,HLA-DRB115:01,14128.9,ANZ78847,FNNSLTRQLQP,711,950.0
738,HLA-DRB115:01,14155.72,ANZ78847,STAISVQTCDL,738,951.0
690,HLA-DRB115:01,14184.7,ANZ78847,AFHANSSEPAL,690,952.0
1042,HLA-DRB115:01,14184.7,ANZ78847,AVVNANAEALN,1042,952.0
697,HLA-DRB115:01,14221.96,ANZ78847,EPALLFRNIKC,697,954.0
1116,HLA-DRB115:01,14230.94,ANZ78847,QAMEKVNECVK,1116,955.0
733,HLA-DRB115:01,14240.21,ANZ78847,VNAYNSTAISV,733,956.0
590,HLA-DRB115:01,14246.34,ANZ78847,CLQGDKCNIFA,590,957.0
1205,HLA-DRB115:01,14270.54,ANZ78847,PEPITENNVVV,1205,958.0
870,HLA-DRB115:01,14283.85,ANZ78847,SLMNGVTLSTK,870,959.0
518,HLA-DRB115:01,14284.81,ANZ78847,IGTCPAGTNYL,518,960.0
611,HLA-DRB115:01,14361.47,ANZ78847,LTCSTDLQKAN,611,961.0
584,HLA-DRB115:01,14392.11,ANZ78847,GWSADSCLQGD,584,962.0
38,HLA-DRB115:01,14405.43,ANZ78847,SISTATVDVTN,38,963.0
1098,HLA-DRB115:01,14405.87,ANZ78847,AYVSQQLSDST,1098,964.0
1230,HLA-DRB115:01,14459.25,ANZ78847,MLNTSIPNLPD,1230,965.0
967,HLA-DRB115:01,14487.7,ANZ78847,SGYTLAATSAS,967,966.0
431,HLA-DRB115:01,14561.19,ANZ78847,IDTTATSCQLY,431,967.0
249,HLA-DRB115:01,14612.22,ANZ78847,LSHYYVMPLTC,249,968.0
531,HLA-DRB115:01,14618.17,ANZ78847,HNLCNPDPITF,531,969.0
406,HLA-DRB115:01,14653.53,ANZ78847,FAIPNGRKVDL,406,970.0
467,HLA-DRB115:01,14663.86,ANZ78847,EDSVFKPQPAG,467,971.0
543,HLA-DRB115:01,14675.86,ANZ78847,GPYKCPQSKSL,543,972.0
1290,HLA-DRB115:01,14698.32,ANZ78847,INLKDIGTYEY,1290,973.0
191,HLA-DRB115:01,14726.04,ANZ78847,WHMDTGVVSCL,191,974.0
290,HLA-DRB115:01,14726.52,ANZ78847,IIFNAVDCMSD,290,975.0
936,HLA-DRB115:01,14755.3,ANZ78847,CTGGAEIRDLI,936,976.0
350,HLA-DRB115:01,14778.28,ANZ78847,DKSVPSPLNWE,350,977.0
325,HLA-DRB115:01,14783.44,ANZ78847,TVQPIADVYRR,325,978.0
349,HLA-DRB115:01,14844.95,ANZ78847,NDKSVPSPLNW,349,979.0
442,HLA-DRB115:01,14900.47,ANZ78847,YNLPAANVSVS,442,980.0
1247,HLA-DRB115:01,14906.58,ANZ78847,QWFKNQTSVAP,1247,981.0
1239,HLA-DRB115:01,14931.11,ANZ78847,PDFREELDQWF,1239,982.0
794,HLA-DRB115:01,14932.7,ANZ78847,GLYEIQIPSDF,794,983.0
1323,HLA-DRB115:01,14942.4,ANZ78847,LFFICCCTGCG,1323,984.0
171,HLA-DRB115:01,14949.34,ANZ78847,MCEYPHTICHP,171,985.0
177,HLA-DRB115:01,14982.94,ANZ78847,TICHPNLGNHF,177,986.0
186,HLA-DRB115:01,15115.67,ANZ78847,HFKELWHMDTG,186,987.0
402,HLA-DRB115:01,15122.0,ANZ78847,TIDKFAIPNGR,402,988.0
1242,HLA-DRB115:01,15134.96,ANZ78847,REELDQWFKNQ,1242,989.0
833,HLA-DRB115:01,15148.85,ANZ78847,AACKSQLVEYG,833,990.0
507,HLA-DRB115:01,15214.32,ANZ78847,CVGSGPGKNNG,507,991.0
566,HLA-DRB115:01,15226.39,ANZ78847,KSDYCGGNPCT,566,992.0
1024,HLA-DRB115:01,15228.06,ANZ78847,DAIQEGFDATN,1024,993.0
1274,HLA-DRB115:01,15316.2,ANZ78847,EMNRLQEAIKV,1274,994.0
977,HLA-DRB115:01,15318.57,ANZ78847,SLFPPWTAAAG,977,995.0
500,HLA-DRB115:01,15336.71,ANZ78847,CKSNSSLCVGS,500,996.0
1097,HLA-DRB115:01,15359.49,ANZ78847,NAYVSQQLSDS,1097,997.0
1332,HLA-DRB115:01,15372.85,ANZ78847,CGTSCFKKCGG,1332,998.0
387,HLA-DRB115:01,15391.94,ANZ78847,NIDAAKIYGMC,387,999.0
408,HLA-DRB115:01,15404.32,ANZ78847,IPNGRKVDLQL,408,1000.0
166,HLA-DRB115:01,15420.55,ANZ78847,VCQYNMCEYPH,166,1001.0
297,HLA-DRB115:01,15450.69,ANZ78847,CMSDFMSEIKC,297,1002.0
666,HLA-DRB115:01,15540.92,ANZ78847,YGFRDYLTNRT,666,1003.0
401,HLA-DRB115:01,15619.0,ANZ78847,ITIDKFAIPNG,401,1004.0
603,HLA-DRB115:01,15645.19,ANZ78847,ILHDVNSGLTC,603,1005.0
777,HLA-DRB115:01,15692.83,ANZ78847,FEPFTVNSVND,777,1006.0
965,HLA-DRB115:01,15753.78,ANZ78847,QISGYTLAATS,965,1007.0
1112,HLA-DRB115:01,15806.86,ANZ78847,FSAAQAMEKVN,1112,1008.0
142,HLA-DRB115:01,15831.05,ANZ78847,VVQPRTINSTQ,142,1009.0
1329,HLA-DRB115:01,15916.86,ANZ78847,CTGCGTSCFKK,1329,1010.0
912,HLA-DRB115:01,16005.55,ANZ78847,SAIEDLLFDKV,912,1011.0
1078,HLA-DRB115:01,16024.94,ANZ78847,ALEAEAQIDRL,1078,1012.0
1253,HLA-DRB115:01,16036.59,ANZ78847,TSVAPDLALDY,1253,1013.0
806,HLA-DRB115:01,16051.92,ANZ78847,IGNMEEFIQTS,806,1014.0
1169,HLA-DRB115:01,16084.95,ANZ78847,VSPGLCIAGDR,1169,1015.0
834,HLA-DRB115:01,16118.04,ANZ78847,ACKSQLVEYGS,834,1016.0
1176,HLA-DRB115:01,16118.78,ANZ78847,AGDRGIAPKSG,1176,1017.0
83,HLA-DRB115:01,16129.33,ANZ78847,LKGTDKLSTLW,83,1018.0
917,HLA-DRB115:01,16140.79,ANZ78847,LLFDKVKLSDV,917,1019.0
167,HLA-DRB115:01,16194.38,ANZ78847,CQYNMCEYPHT,167,1020.0
1195,HLA-DRB115:01,16204.6,ANZ78847,WMYTGSGYYYP,1195,1021.0
744,HLA-DRB115:01,16209.49,ANZ78847,QTCDLTVGSGY,744,1022.0
630,HLA-DRB115:01,16217.69,ANZ78847,VNYDLYGISGQ,630,1023.0
745,HLA-DRB115:01,16249.5,ANZ78847,TCDLTVGSGYC,745,1024.0
589,HLA-DRB115:01,16269.14,ANZ78847,SCLQGDKCNIF,589,1025.0
536,HLA-DRB115:01,16291.8,ANZ78847,PDPITFTGPYK,536,1026.0
44,HLA-DRB115:01,16376.7,ANZ78847,VDVTNGLGTYY,44,1027.0
903,HLA-DRB115:01,16376.75,ANZ78847,SECSKASSRSA,903,1028.0
754,HLA-DRB115:01,16447.67,ANZ78847,YCVDYSKNRRS,754,1029.0
348,HLA-DRB115:01,16487.85,ANZ78847,LNDKSVPSPLN,348,1030.0
439,HLA-DRB115:01,16501.47,ANZ78847,QLYYNLPAANV,439,1031.0
780,HLA-DRB115:01,16523.81,ANZ78847,FTVNSVNDSLE,780,1032.0
1204,HLA-DRB115:01,16571.34,ANZ78847,YPEPITENNVV,1204,1033.0
862,HLA-DRB115:01,16609.8,ANZ78847,TTQLQVANSLM,862,1034.0
614,HLA-DRB115:01,16617.01,ANZ78847,STDLQKANTDI,614,1035.0
934,HLA-DRB115:01,16657.18,ANZ78847,NNCTGGAEIRD,934,1036.0
524,HLA-DRB115:01,16668.42,ANZ78847,GTNYLTCHNLC,524,1037.0
902,HLA-DRB115:01,16679.09,ANZ78847,GSECSKASSRS,902,1038.0
692,HLA-DRB115:01,16700.03,ANZ78847,HANSSEPALLF,692,1039.0
964,HLA-DRB115:01,16729.57,ANZ78847,NQISGYTLAAT,964,1040.0
572,HLA-DRB115:01,16737.88,ANZ78847,GNPCTCQPQAF,572,1041.0
43,HLA-DRB115:01,16782.19,ANZ78847,TVDVTNGLGTY,43,1042.0
971,HLA-DRB115:01,16802.81,ANZ78847,LAATSASLFPP,971,1043.0
1273,HLA-DRB115:01,16823.04,ANZ78847,VEMNRLQEAIK,1273,1044.0
591,HLA-DRB115:01,16878.45,ANZ78847,LQGDKCNIFAN,591,1045.0
909,HLA-DRB115:01,16936.91,ANZ78847,SSRSAIEDLLF,909,1046.0
286,HLA-DRB115:01,16949.75,ANZ78847,NQDGIIFNAVD,286,1047.0
732,HLA-DRB115:01,16977.2,ANZ78847,VVNAYNSTAIS,732,1048.0
847,HLA-DRB115:01,17003.36,ANZ78847,DNINAILTEVN,847,1049.0
215,HLA-DRB115:01,17017.77,ANZ78847,LYFHFYQEGGT,215,1050.0
588,HLA-DRB115:01,17034.19,ANZ78847,DSCLQGDKCNI,588,1051.0
540,HLA-DRB115:01,17077.43,ANZ78847,TFTGPYKCPQS,540,1052.0
568,HLA-DRB115:01,17099.77,ANZ78847,DYCGGNPCTCQ,568,1053.0
1120,HLA-DRB115:01,17172.49,ANZ78847,KVNECVKSQSS,1120,1054.0
749,HLA-DRB115:01,17173.38,ANZ78847,TVGSGYCVDYS,749,1055.0
895,HLA-DRB115:01,17203.27,ANZ78847,SSVLGCLGSEC,895,1056.0
617,HLA-DRB115:01,17223.06,ANZ78847,LQKANTDIKLG,617,1057.0
10,HLA-DRB115:01,17243.89,ANZ78847,TAFAVIGDLKC,10,1058.0
110,HLA-DRB115:01,17318.89,ANZ78847,VKNTKVFKDGV,110,1059.0
721,HLA-DRB115:01,17371.16,ANZ78847,PINYFDSYLGC,721,1060.0
729,HLA-DRB115:01,17489.37,ANZ78847,LGCVVNAYNST,729,1061.0
1028,HLA-DRB115:01,17553.5,ANZ78847,EGFDATNSALV,1028,1062.0
515,HLA-DRB115:01,17561.51,ANZ78847,NNGIGTCPAGT,515,1063.0
205,HLA-DRB115:01,17567.61,ANZ78847,NFTYDVNATYL,205,1064.0
857,HLA-DRB115:01,17592.5,ANZ78847,NELLDTTQLQV,857,1065.0
522,HLA-DRB115:01,17646.54,ANZ78847,PAGTNYLTCHN,522,1066.0
1015,HLA-DRB115:01,17661.79,ANZ78847,IANAFNNALDA,1015,1067.0
785,HLA-DRB115:01,17695.21,ANZ78847,VNDSLEPVGGL,785,1068.0
759,HLA-DRB115:01,17750.04,ANZ78847,SKNRRSRRAIT,759,1069.0
285,HLA-DRB115:01,17759.29,ANZ78847,FNQDGIIFNAV,285,1070.0
15,HLA-DRB115:01,17769.42,ANZ78847,IGDLKCPLDSR,15,1071.0
362,HLA-DRB115:01,17785.99,ANZ78847,KTFSNCNFNMS,362,1072.0
331,HLA-DRB115:01,17855.08,ANZ78847,DVYRRKPDLPN,331,1073.0
980,HLA-DRB115:01,18000.96,ANZ78847,PPWTAAAGVPF,980,1074.0
797,HLA-DRB115:01,18077.81,ANZ78847,EIQIPSDFTIG,797,1075.0
225,HLA-DRB115:01,18122.19,ANZ78847,TFYAYFTDTGV,225,1076.0
1342,HLA-DRB115:01,18169.65,ANZ78847,GCCDDYTGYQE,1342,1077.0
1117,HLA-DRB115:01,18196.01,ANZ78847,AMEKVNECVKS,1117,1078.0
293,HLA-DRB115:01,18246.14,ANZ78847,NAVDCMSDFMS,293,1079.0
315,HLA-DRB115:01,18457.68,ANZ78847,PTGVYELNGYT,315,1080.0
583,HLA-DRB115:01,18468.18,ANZ78847,LGWSADSCLQG,583,1081.0
592,HLA-DRB115:01,18589.87,ANZ78847,QGDKCNIFANL,592,1082.0
1330,HLA-DRB115:01,18607.86,ANZ78847,TGCGTSCFKKC,1330,1083.0
1184,HLA-DRB115:01,18614.28,ANZ78847,KSGYFVNVNNT,1184,1084.0
613,HLA-DRB115:01,18622.86,ANZ78847,CSTDLQKANTD,613,1085.0
520,HLA-DRB115:01,18655.66,ANZ78847,TCPAGTNYLTC,520,1086.0
337,HLA-DRB115:01,18691.38,ANZ78847,PDLPNCNIEAW,337,1087.0
409,HLA-DRB115:01,18693.92,ANZ78847,PNGRKVDLQLG,409,1088.0
170,HLA-DRB115:01,18696.33,ANZ78847,NMCEYPHTICH,170,1089.0
1043,HLA-DRB115:01,18835.33,ANZ78847,VVNANAEALNN,1043,1090.0
41,HLA-DRB115:01,18885.48,ANZ78847,TATVDVTNGLG,41,1091.0
342,HLA-DRB115:01,18970.66,ANZ78847,CNIEAWLNDKS,342,1092.0
610,HLA-DRB115:01,19055.14,ANZ78847,GLTCSTDLQKA,610,1093.0
178,HLA-DRB115:01,19079.49,ANZ78847,ICHPNLGNHFK,178,1094.0
333,HLA-DRB115:01,19108.38,ANZ78847,YRRKPDLPNCN,333,1095.0
82,HLA-DRB115:01,19164.51,ANZ78847,ALKGTDKLSTL,82,1096.0
567,HLA-DRB115:01,19211.2,ANZ78847,SDYCGGNPCTC,567,1097.0
1207,HLA-DRB115:01,19262.85,ANZ78847,PITENNVVVMS,1207,1098.0
938,HLA-DRB115:01,19266.19,ANZ78847,GGAEIRDLICV,938,1099.0
550,HLA-DRB115:01,19272.21,ANZ78847,SKSLVGIGEHC,550,1100.0
121,HLA-DRB115:01,19317.87,ANZ78847,MYSEFPAITIG,121,1101.0
1248,HLA-DRB115:01,19351.01,ANZ78847,WFKNQTSVAPD,1248,1102.0
497,HLA-DRB115:01,19376.62,ANZ78847,FCPCKSNSSLC,497,1103.0
404,HLA-DRB115:01,19475.56,ANZ78847,DKFAIPNGRKV,404,1104.0
890,HLA-DRB115:01,19499.35,ANZ78847,DDINFSSVLGC,890,1105.0
813,HLA-DRB115:01,19565.36,ANZ78847,IQTSSPKVTID,813,1106.0
328,HLA-DRB115:01,19583.43,ANZ78847,PIADVYRRKPD,328,1107.0
604,HLA-DRB115:01,19596.07,ANZ78847,LHDVNSGLTCS,604,1108.0
228,HLA-DRB115:01,19626.22,ANZ78847,AYFTDTGVVTK,228,1109.0
863,HLA-DRB115:01,19745.25,ANZ78847,TQLQVANSLMN,863,1110.0
1324,HLA-DRB115:01,19767.57,ANZ78847,FFICCCTGCGT,1324,1111.0
1170,HLA-DRB115:01,19823.9,ANZ78847,SPGLCIAGDRG,1170,1112.0
1134,HLA-DRB115:01,19965.98,ANZ78847,FCGNGNHIISL,1134,1113.0
1016,HLA-DRB115:01,19968.05,ANZ78847,ANAFNNALDAI,1016,1114.0
519,HLA-DRB115:01,19994.33,ANZ78847,GTCPAGTNYLT,519,1115.0
606,HLA-DRB115:01,20015.68,ANZ78847,DVNSGLTCSTD,606,1116.0
407,HLA-DRB115:01,20046.35,ANZ78847,AIPNGRKVDLQ,407,1117.0
743,HLA-DRB115:01,20077.35,ANZ78847,VQTCDLTVGSG,743,1118.0
1303,HLA-DRB115:01,20077.92,ANZ78847,KWPWYVWLLIC,1303,1119.0
911,HLA-DRB115:01,20102.79,ANZ78847,RSAIEDLLFDK,911,1120.0
474,HLA-DRB115:01,20109.72,ANZ78847,QPAGVLTNHDV,474,1121.0
151,HLA-DRB115:01,20109.95,ANZ78847,TQDGVNKLQGL,151,1122.0
885,HLA-DRB115:01,20112.48,ANZ78847,VNFNVDDINFS,885,1123.0
978,HLA-DRB115:01,20175.37,ANZ78847,LFPPWTAAAGV,978,1124.0
336,HLA-DRB115:01,20198.1,ANZ78847,KPDLPNCNIEA,336,1125.0
1114,HLA-DRB115:01,20216.72,ANZ78847,AAQAMEKVNEC,1114,1126.0
751,HLA-DRB115:01,20238.96,ANZ78847,GSGYCVDYSKN,751,1127.0
24,HLA-DRB115:01,20248.05,ANZ78847,SRTGSLNNIDT,24,1128.0
688,HLA-DRB115:01,20248.4,ANZ78847,SAAFHANSSEP,688,1129.0
955,HLA-DRB115:01,20256.6,ANZ78847,KVLPPLLSENQ,955,1130.0
843,HLA-DRB115:01,20295.08,ANZ78847,GSFCDNINAIL,843,1131.0
1074,HLA-DRB115:01,20340.19,ANZ78847,SRLDALEAEAQ,1074,1132.0
14,HLA-DRB115:01,20405.79,ANZ78847,VIGDLKCPLDS,14,1133.0
122,HLA-DRB115:01,20416.97,ANZ78847,YSEFPAITIGS,122,1134.0
888,HLA-DRB115:01,20432.68,ANZ78847,NVDDINFSSVL,888,1135.0
1101,HLA-DRB115:01,20470.42,ANZ78847,SQQLSDSTLVK,1101,1136.0
1197,HLA-DRB115:01,20540.79,ANZ78847,YTGSGYYYPEP,1197,1137.0
80,HLA-DRB115:01,20564.59,ANZ78847,NMALKGTDKLS,80,1138.0
1238,HLA-DRB115:01,20634.0,ANZ78847,LPDFREELDQW,1238,1139.0
1077,HLA-DRB115:01,20708.3,ANZ78847,DALEAEAQIDR,1077,1140.0
1003,HLA-DRB115:01,20711.8,ANZ78847,VTMDVLSQNQK,1003,1141.0
1110,HLA-DRB115:01,20811.99,ANZ78847,VKFSAAQAMEK,1110,1142.0
440,HLA-DRB115:01,20835.13,ANZ78847,LYYNLPAANVS,440,1143.0
1200,HLA-DRB115:01,21025.52,ANZ78847,SGYYYPEPITE,1200,1144.0
517,HLA-DRB115:01,21039.52,ANZ78847,GIGTCPAGTNY,517,1145.0
1231,HLA-DRB115:01,21157.25,ANZ78847,LNTSIPNLPDF,1231,1146.0
774,HLA-DRB115:01,21199.62,ANZ78847,FTNFEPFTVNS,774,1147.0
1192,HLA-DRB115:01,21199.75,ANZ78847,NNTWMYTGSGY,1192,1148.0
430,HLA-DRB115:01,21288.48,ANZ78847,RIDTTATSCQL,430,1149.0
144,HLA-DRB115:01,21322.88,ANZ78847,QPRTINSTQDG,144,1150.0
616,HLA-DRB115:01,21398.46,ANZ78847,DLQKANTDIKL,616,1151.0
1328,HLA-DRB115:01,21430.26,ANZ78847,CCTGCGTSCFK,1328,1152.0
742,HLA-DRB115:01,21489.57,ANZ78847,SVQTCDLTVGS,742,1153.0
844,HLA-DRB115:01,21489.6,ANZ78847,SFCDNINAILT,844,1154.0
480,HLA-DRB115:01,21494.07,ANZ78847,TNHDVVYAQHC,480,1155.0
1331,HLA-DRB115:01,21537.69,ANZ78847,GCGTSCFKKCG,1331,1156.0
330,HLA-DRB115:01,21651.94,ANZ78847,ADVYRRKPDLP,330,1157.0
1217,HLA-DRB115:01,21657.59,ANZ78847,STCAVNYTKAP,1217,1158.0
1198,HLA-DRB115:01,21659.9,ANZ78847,TGSGYYYPEPI,1198,1159.0
11,HLA-DRB115:01,21693.36,ANZ78847,AFAVIGDLKCP,11,1160.0
1349,HLA-DRB115:01,21766.52,ANZ78847,GYQELVIKTSH,1349,1161.0
845,HLA-DRB115:01,21815.92,ANZ78847,FCDNINAILTE,845,1162.0
176,HLA-DRB115:01,21830.55,ANZ78847,HTICHPNLGNH,176,1163.0
1266,HLA-DRB115:01,21835.54,ANZ78847,VTFLDLQVEMN,1266,1164.0
1321,HLA-DRB115:01,21846.89,ANZ78847,VLLFFICCCTG,1321,1165.0
1073,HLA-DRB115:01,21853.15,ANZ78847,LSRLDALEAEA,1073,1166.0
856,HLA-DRB115:01,21866.93,ANZ78847,VNELLDTTQLQ,856,1167.0
148,HLA-DRB115:01,21890.09,ANZ78847,INSTQDGVNKL,148,1168.0
607,HLA-DRB115:01,21923.12,ANZ78847,VNSGLTCSTDL,607,1169.0
494,HLA-DRB115:01,21927.62,ANZ78847,PKNFCPCKSNS,494,1170.0
757,HLA-DRB115:01,21962.19,ANZ78847,DYSKNRRSRRA,757,1171.0
750,HLA-DRB115:01,21995.91,ANZ78847,VGSGYCVDYSK,750,1172.0
1208,HLA-DRB115:01,22053.3,ANZ78847,ITENNVVVMST,1208,1173.0
327,HLA-DRB115:01,22115.13,ANZ78847,QPIADVYRRKP,327,1174.0
204,HLA-DRB115:01,22133.67,ANZ78847,RNFTYDVNATY,204,1175.0
305,HLA-DRB115:01,22191.87,ANZ78847,IKCKTQSIAPP,305,1176.0
1111,HLA-DRB115:01,22266.55,ANZ78847,KFSAAQAMEKV,1111,1177.0
1041,HLA-DRB115:01,22367.28,ANZ78847,QAVVNANAEAL,1041,1178.0
931,HLA-DRB115:01,22380.75,ANZ78847,AAYNNCTGGAE,931,1179.0
383,HLA-DRB115:01,22424.0,ANZ78847,FTCNNIDAAKI,383,1180.0
587,HLA-DRB115:01,22465.07,ANZ78847,ADSCLQGDKCN,587,1181.0
203,HLA-DRB115:01,22465.15,ANZ78847,KRNFTYDVNAT,203,1182.0
1343,HLA-DRB115:01,22501.28,ANZ78847,CCDDYTGYQEL,1343,1183.0
130,HLA-DRB115:01,22511.54,ANZ78847,IGSTFVNTSYS,130,1184.0
289,HLA-DRB115:01,22516.58,ANZ78847,GIIFNAVDCMS,289,1185.0
1341,HLA-DRB115:01,22544.67,ANZ78847,GGCCDDYTGYQ,1341,1186.0
150,HLA-DRB115:01,22602.95,ANZ78847,STQDGVNKLQG,150,1187.0
1173,HLA-DRB115:01,22603.28,ANZ78847,LCIAGDRGIAP,1173,1188.0
165,HLA-DRB115:01,22604.03,ANZ78847,SVCQYNMCEYP,165,1189.0
1130,HLA-DRB115:01,22634.13,ANZ78847,SRINFCGNGNH,1130,1190.0
608,HLA-DRB115:01,22647.59,ANZ78847,NSGLTCSTDLQ,608,1191.0
532,HLA-DRB115:01,22660.42,ANZ78847,NLCNPDPITFT,532,1192.0
491,HLA-DRB115:01,22761.36,ANZ78847,FKAPKNFCPCK,491,1193.0
145,HLA-DRB115:01,22774.49,ANZ78847,PRTINSTQDGV,145,1194.0
496,HLA-DRB115:01,22782.82,ANZ78847,NFCPCKSNSSL,496,1195.0
1252,HLA-DRB115:01,23004.12,ANZ78847,QTSVAPDLALD,1252,1196.0
322,HLA-DRB115:01,23040.37,ANZ78847,NGYTVQPIADV,322,1197.0
1322,HLA-DRB115:01,23042.47,ANZ78847,LLFFICCCTGC,1322,1198.0
693,HLA-DRB115:01,23085.33,ANZ78847,ANSSEPALLFR,693,1199.0
530,HLA-DRB115:01,23357.75,ANZ78847,CHNLCNPDPIT,530,1200.0
411,HLA-DRB115:01,23415.91,ANZ78847,GRKVDLQLGNL,411,1201.0
761,HLA-DRB115:01,23500.49,ANZ78847,NRRSRRAITTG,761,1202.0
1039,HLA-DRB115:01,23501.01,ANZ78847,KIQAVVNANAE,1039,1203.0
335,HLA-DRB115:01,23506.08,ANZ78847,RKPDLPNCNIE,335,1204.0
756,HLA-DRB115:01,23537.86,ANZ78847,VDYSKNRRSRR,756,1205.0
782,HLA-DRB115:01,23544.62,ANZ78847,VNSVNDSLEPV,782,1206.0
585,HLA-DRB115:01,23594.45,ANZ78847,WSADSCLQGDK,585,1207.0
704,HLA-DRB115:01,23631.17,ANZ78847,NIKCNYVFNNS,704,1208.0
1135,HLA-DRB115:01,23826.57,ANZ78847,CGNGNHIISLV,1135,1209.0
1018,HLA-DRB115:01,23850.73,ANZ78847,AFNNALDAIQE,1018,1210.0
36,HLA-DRB115:01,23901.95,ANZ78847,PPSISTATVDV,36,1211.0
1115,HLA-DRB115:01,23944.5,ANZ78847,AQAMEKVNECV,1115,1212.0
468,HLA-DRB115:01,23958.54,ANZ78847,DSVFKPQPAGV,468,1213.0
1318,HLA-DRB115:01,23980.28,ANZ78847,AMLVLLFFICC,1318,1214.0
918,HLA-DRB115:01,24032.17,ANZ78847,LFDKVKLSDVG,918,1215.0
526,HLA-DRB115:01,24091.47,ANZ78847,NYLTCHNLCNP,526,1216.0
620,HLA-DRB115:01,24122.06,ANZ78847,ANTDIKLGVCV,620,1217.0
1326,HLA-DRB115:01,24138.86,ANZ78847,ICCCTGCGTSC,1326,1218.0
426,HLA-DRB115:01,24151.54,ANZ78847,SFNYRIDTTAT,426,1219.0
508,HLA-DRB115:01,24153.59,ANZ78847,VGSGPGKNNGI,508,1220.0
827,HLA-DRB115:01,24238.78,ANZ78847,FVCGDYAACKS,827,1221.0
329,HLA-DRB115:01,24280.84,ANZ78847,IADVYRRKPDL,329,1222.0
808,HLA-DRB115:01,24291.65,ANZ78847,NMEEFIQTSSP,808,1223.0
1236,HLA-DRB115:01,24334.32,ANZ78847,PNLPDFREELD,1236,1224.0
403,HLA-DRB115:01,24336.79,ANZ78847,IDKFAIPNGRK,403,1225.0
1047,HLA-DRB115:01,24367.94,ANZ78847,NAEALNNLLQQ,1047,1226.0
846,HLA-DRB115:01,24377.76,ANZ78847,CDNINAILTEV,846,1227.0
19,HLA-DRB115:01,24419.32,ANZ78847,KCPLDSRTGSL,19,1228.0
778,HLA-DRB115:01,24444.06,ANZ78847,EPFTVNSVNDS,778,1229.0
1340,HLA-DRB115:01,24467.13,ANZ78847,CGGCCDDYTGY,1340,1230.0
1237,HLA-DRB115:01,24541.42,ANZ78847,NLPDFREELDQ,1237,1231.0
932,HLA-DRB115:01,24617.77,ANZ78847,AYNNCTGGAEI,932,1232.0
30,HLA-DRB115:01,24636.47,ANZ78847,NNIDTGPPSIS,30,1233.0
997,HLA-DRB115:01,24687.4,ANZ78847,RINGLGVTMDV,997,1234.0
363,HLA-DRB115:01,24697.49,ANZ78847,TFSNCNFNMSS,363,1235.0
705,HLA-DRB115:01,24774.95,ANZ78847,IKCNYVFNNSL,705,1236.0
686,HLA-DRB115:01,24838.71,ANZ78847,RVSAAFHANSS,686,1237.0
147,HLA-DRB115:01,24854.39,ANZ78847,TINSTQDGVNK,147,1238.0
472,HLA-DRB115:01,24882.05,ANZ78847,KPQPAGVLTNH,472,1239.0
1199,HLA-DRB115:01,24895.73,ANZ78847,GSGYYYPEPIT,1199,1240.0
42,HLA-DRB115:01,24904.91,ANZ78847,ATVDVTNGLGT,42,1241.0
826,HLA-DRB115:01,24973.46,ANZ78847,AFVCGDYAACK,826,1242.0
1325,HLA-DRB115:01,24983.34,ANZ78847,FICCCTGCGTS,1325,1243.0
1100,HLA-DRB115:01,24998.29,ANZ78847,VSQQLSDSTLV,1100,1244.0
428,HLA-DRB115:01,25146.17,ANZ78847,NYRIDTTATSC,428,1245.0
534,HLA-DRB115:01,25397.73,ANZ78847,CNPDPITFTGP,534,1246.0
35,HLA-DRB115:01,25484.08,ANZ78847,GPPSISTATVD,35,1247.0
935,HLA-DRB115:01,25513.37,ANZ78847,NCTGGAEIRDL,935,1248.0
783,HLA-DRB115:01,25662.63,ANZ78847,NSVNDSLEPVG,783,1249.0
605,HLA-DRB115:01,25713.86,ANZ78847,HDVNSGLTCST,605,1250.0
1026,HLA-DRB115:01,25714.53,ANZ78847,IQEGFDATNSA,1026,1251.0
521,HLA-DRB115:01,25733.56,ANZ78847,CPAGTNYLTCH,521,1252.0
809,HLA-DRB115:01,25767.6,ANZ78847,MEEFIQTSSPK,809,1253.0
565,HLA-DRB115:01,25847.46,ANZ78847,VKSDYCGGNPC,565,1254.0
615,HLA-DRB115:01,25925.29,ANZ78847,TDLQKANTDIK,615,1255.0
1040,HLA-DRB115:01,26049.44,ANZ78847,IQAVVNANAEA,1040,1256.0
123,HLA-DRB115:01,26252.75,ANZ78847,SEFPAITIGST,123,1257.0
443,HLA-DRB115:01,26406.46,ANZ78847,NLPAANVSVSR,443,1258.0
1335,HLA-DRB115:01,26497.61,ANZ78847,SCFKKCGGCCD,1335,1259.0
347,HLA-DRB115:01,26534.89,ANZ78847,WLNDKSVPSPL,347,1260.0
1320,HLA-DRB115:01,26560.67,ANZ78847,LVLLFFICCCT,1320,1261.0
855,HLA-DRB115:01,26570.39,ANZ78847,EVNELLDTTQL,855,1262.0
571,HLA-DRB115:01,26579.82,ANZ78847,GGNPCTCQPQA,571,1263.0
1174,HLA-DRB115:01,26589.91,ANZ78847,CIAGDRGIAPK,1174,1264.0
1251,HLA-DRB115:01,26612.18,ANZ78847,NQTSVAPDLAL,1251,1265.0
513,HLA-DRB115:01,26645.73,ANZ78847,GKNNGIGTCPA,513,1266.0
570,HLA-DRB115:01,26713.69,ANZ78847,CGGNPCTCQPQ,570,1267.0
29,HLA-DRB115:01,26755.84,ANZ78847,LNNIDTGPPSI,29,1268.0
502,HLA-DRB115:01,26839.32,ANZ78847,SNSSLCVGSGP,502,1269.0
860,HLA-DRB115:01,26939.46,ANZ78847,LDTTQLQVANS,860,1270.0
541,HLA-DRB115:01,26990.92,ANZ78847,FTGPYKCPQSK,541,1271.0
533,HLA-DRB115:01,27143.76,ANZ78847,LCNPDPITFTG,533,1272.0
1019,HLA-DRB115:01,27210.13,ANZ78847,FNNALDAIQEG,1019,1273.0
612,HLA-DRB115:01,27468.33,ANZ78847,TCSTDLQKANT,612,1274.0
1267,HLA-DRB115:01,27562.16,ANZ78847,TFLDLQVEMNR,1267,1275.0
1017,HLA-DRB115:01,27612.01,ANZ78847,NAFNNALDAIQ,1017,1276.0
509,HLA-DRB115:01,27613.23,ANZ78847,GSGPGKNNGIG,509,1277.0
345,HLA-DRB115:01,27628.97,ANZ78847,EAWLNDKSVPS,345,1278.0
1099,HLA-DRB115:01,27648.28,ANZ78847,YVSQQLSDSTL,1099,1279.0
1233,HLA-DRB115:01,27717.33,ANZ78847,TSIPNLPDFRE,1233,1280.0
495,HLA-DRB115:01,27721.11,ANZ78847,KNFCPCKSNSS,495,1281.0
1203,HLA-DRB115:01,27982.21,ANZ78847,YYPEPITENNV,1203,1282.0
586,HLA-DRB115:01,28094.85,ANZ78847,SADSCLQGDKC,586,1283.0
853,HLA-DRB115:01,28149.54,ANZ78847,LTEVNELLDTT,853,1284.0
67,HLA-DRB115:01,28196.1,ANZ78847,LNGYYPTSGST,67,1285.0
79,HLA-DRB115:01,28207.87,ANZ78847,RNMALKGTDKL,79,1286.0
1336,HLA-DRB115:01,28247.28,ANZ78847,CFKKCGGCCDD,1336,1287.0
529,HLA-DRB115:01,28331.96,ANZ78847,TCHNLCNPDPI,529,1288.0
1235,HLA-DRB115:01,28334.51,ANZ78847,IPNLPDFREEL,1235,1289.0
775,HLA-DRB115:01,28399.03,ANZ78847,TNFEPFTVNSV,775,1290.0
779,HLA-DRB115:01,28399.32,ANZ78847,PFTVNSVNDSL,779,1291.0
66,HLA-DRB115:01,28414.82,ANZ78847,FLNGYYPTSGS,66,1292.0
39,HLA-DRB115:01,28524.78,ANZ78847,ISTATVDVTNG,39,1293.0
887,HLA-DRB115:01,28528.26,ANZ78847,FNVDDINFSSV,887,1294.0
784,HLA-DRB115:01,28745.46,ANZ78847,SVNDSLEPVGG,784,1295.0
1333,HLA-DRB115:01,28983.44,ANZ78847,GTSCFKKCGGC,1333,1296.0
886,HLA-DRB115:01,29166.97,ANZ78847,NFNVDDINFSS,886,1297.0
1327,HLA-DRB115:01,29185.29,ANZ78847,CCCTGCGTSCF,1327,1298.0
1027,HLA-DRB115:01,29236.48,ANZ78847,QEGFDATNSAL,1027,1299.0
1113,HLA-DRB115:01,29328.9,ANZ78847,SAAQAMEKVNE,1113,1300.0
1209,HLA-DRB115:01,29364.39,ANZ78847,TENNVVVMSTC,1209,1301.0
760,HLA-DRB115:01,29453.64,ANZ78847,KNRRSRRAITT,760,1302.0
1224,HLA-DRB115:01,29478.86,ANZ78847,TKAPYVMLNTS,1224,1303.0
1250,HLA-DRB115:01,29486.01,ANZ78847,KNQTSVAPDLA,1250,1304.0
1337,HLA-DRB115:01,29633.54,ANZ78847,FKKCGGCCDDY,1337,1305.0
1175,HLA-DRB115:01,29636.88,ANZ78847,IAGDRGIAPKS,1175,1306.0
510,HLA-DRB115:01,29699.25,ANZ78847,SGPGKNNGIGT,510,1307.0
1338,HLA-DRB115:01,29750.65,ANZ78847,KKCGGCCDDYT,1338,1308.0
427,HLA-DRB115:01,29879.43,ANZ78847,FNYRIDTTATS,427,1309.0
1044,HLA-DRB115:01,29881.28,ANZ78847,VNANAEALNNL,1044,1310.0
861,HLA-DRB115:01,29931.24,ANZ78847,DTTQLQVANSL,861,1311.0
25,HLA-DRB115:01,30148.12,ANZ78847,RTGSLNNIDTG,25,1312.0
149,HLA-DRB115:01,30177.95,ANZ78847,NSTQDGVNKLQ,149,1313.0
492,HLA-DRB115:01,30552.9,ANZ78847,KAPKNFCPCKS,492,1314.0
308,HLA-DRB115:01,30707.14,ANZ78847,KTQSIAPPTGV,308,1315.0
1234,HLA-DRB115:01,30756.19,ANZ78847,SIPNLPDFREE,1234,1316.0
307,HLA-DRB115:01,30779.76,ANZ78847,CKTQSIAPPTG,307,1317.0
1045,HLA-DRB115:01,31126.56,ANZ78847,NANAEALNNLL,1045,1318.0
17,HLA-DRB115:01,31134.97,ANZ78847,DLKCPLDSRTG,17,1319.0
569,HLA-DRB115:01,31262.88,ANZ78847,YCGGNPCTCQP,569,1320.0
1249,HLA-DRB115:01,31333.98,ANZ78847,FKNQTSVAPDL,1249,1321.0
1319,HLA-DRB115:01,31533.1,ANZ78847,MLVLLFFICCC,1319,1322.0
1339,HLA-DRB115:01,31662.17,ANZ78847,KCGGCCDDYTG,1339,1323.0
1046,HLA-DRB115:01,31728.98,ANZ78847,ANAEALNNLLQ,1046,1324.0
807,HLA-DRB115:01,32030.27,ANZ78847,GNMEEFIQTSS,807,1325.0
346,HLA-DRB115:01,32176.34,ANZ78847,AWLNDKSVPSP,346,1326.0
1334,HLA-DRB115:01,32218.7,ANZ78847,TSCFKKCGGCC,1334,1327.0
618,HLA-DRB115:01,32277.3,ANZ78847,QKANTDIKLGV,618,1328.0
854,HLA-DRB115:01,32312.55,ANZ78847,TEVNELLDTTQ,854,1329.0
542,HLA-DRB115:01,32524.3,ANZ78847,TGPYKCPQSKS,542,1330.0
781,HLA-DRB115:01,32525.98,ANZ78847,TVNSVNDSLEP,781,1331.0
1232,HLA-DRB115:01,32586.72,ANZ78847,NTSIPNLPDFR,1232,1332.0
40,HLA-DRB115:01,32597.88,ANZ78847,STATVDVTNGL,40,1333.0
1025,HLA-DRB115:01,32744.36,ANZ78847,AIQEGFDATNS,1025,1334.0
26,HLA-DRB115:01,32831.12,ANZ78847,TGSLNNIDTGP,26,1335.0
512,HLA-DRB115:01,33226.24,ANZ78847,PGKNNGIGTCP,512,1336.0
287,HLA-DRB115:01,33236.85,ANZ78847,QDGIIFNAVDC,287,1337.0
16,HLA-DRB115:01,33423.1,ANZ78847,GDLKCPLDSRT,16,1338.0
31,HLA-DRB115:01,33684.39,ANZ78847,NIDTGPPSIST,31,1339.0
18,HLA-DRB115:01,33918.02,ANZ78847,LKCPLDSRTGS,18,1340.0
564,HLA-DRB115:01,34967.74,ANZ78847,AVKSDYCGGNP,564,1341.0
619,HLA-DRB115:01,34979.21,ANZ78847,KANTDIKLGVC,619,1342.0
511,HLA-DRB115:01,35762.59,ANZ78847,GPGKNNGIGTC,511,1343.0
27,HLA-DRB115:01,36065.74,ANZ78847,GSLNNIDTGPP,27,1344.0
32,HLA-DRB115:01,36180.91,ANZ78847,IDTGPPSISTA,32,1345.0
528,HLA-DRB115:01,37063.44,ANZ78847,LTCHNLCNPDP,528,1346.0
306,HLA-DRB115:01,37132.4,ANZ78847,KCKTQSIAPPT,306,1347.0
78,HLA-DRB115:01,37394.33,ANZ78847,YRNMALKGTDK,78,1348.0
28,HLA-DRB115:01,37767.0,ANZ78847,SLNNIDTGPPS,28,1349.0
382,HLA-DRB115:01,38158.61,ANZ78847,SFTCNNIDAAK,382,1350.0
33,HLA-DRB115:01,38527.58,ANZ78847,DTGPPSISTAT,33,1351.0
34,HLA-DRB115:01,39766.07,ANZ78847,TGPPSISTATV,34,1352.0
53,HLA-DRB103:01,45.91,ANZ78847,YYVLDRVYLNT,53,1.0
52,HLA-DRB103:01,54.93,ANZ78847,TYYVLDRVYLN,52,2.0
819,HLA-DRB103:01,149.44,ANZ78847,KVTIDCAAFVC,819,3.0
477,HLA-DRB103:01,259.22,ANZ78847,GVLTNHDVVYA,477,4.0
397,HLA-DRB103:01,299.79,ANZ78847,CFSSITIDKFA,397,5.0
294,HLA-DRB103:01,331.32,ANZ78847,AVDCMSDFMSE,294,6.0
375,HLA-DRB103:01,345.88,ANZ78847,MSFIQADSFTC,375,7.0
999,HLA-DRB103:01,357.43,ANZ78847,NGLGVTMDVLS,999,8.0
1264,HLA-DRB103:01,378.58,ANZ78847,INVTFLDLQVE,1264,9.0
374,HLA-DRB103:01,406.87,ANZ78847,LMSFIQADSFT,374,10.0
398,HLA-DRB103:01,412.94,ANZ78847,FSSITIDKFAI,398,11.0
921,HLA-DRB103:01,419.29,ANZ78847,KVKLSDVGFVA,921,12.0
464,HLA-DRB103:01,499.47,ANZ78847,GFIEDSVFKPQ,464,13.0
114,HLA-DRB103:01,507.89,ANZ78847,KVFKDGVMYSE,114,14.0
12,HLA-DRB103:01,511.19,ANZ78847,FAVIGDLKCPL,12,15.0
1287,HLA-DRB103:01,546.01,ANZ78847,QSYINLKDIGT,1287,16.0
1289,HLA-DRB103:01,600.18,ANZ78847,YINLKDIGTYE,1289,17.0
600,HLA-DRB103:01,600.28,ANZ78847,ANLILHDVNSG,600,18.0
884,HLA-DRB103:01,601.26,ANZ78847,GVNFNVDDINF,884,19.0
54,HLA-DRB103:01,612.16,ANZ78847,YVLDRVYLNTT,54,20.0
1214,HLA-DRB103:01,628.47,ANZ78847,VVMSTCAVNYT,1214,21.0
885,HLA-DRB103:01,735.51,ANZ78847,VNFNVDDINFS,885,22.0
1288,HLA-DRB103:01,765.5,ANZ78847,SYINLKDIGTY,1288,23.0
51,HLA-DRB103:01,775.06,ANZ78847,GTYYVLDRVYL,51,24.0
1001,HLA-DRB103:01,837.52,ANZ78847,LGVTMDVLSQN,1001,25.0
720,HLA-DRB103:01,867.58,ANZ78847,QPINYFDSYLG,720,26.0
465,HLA-DRB103:01,871.89,ANZ78847,FIEDSVFKPQP,465,27.0
657,HLA-DRB103:01,873.55,ANZ78847,LLYDSNGNLYG,657,28.0
376,HLA-DRB103:01,948.77,ANZ78847,SFIQADSFTCN,376,29.0
914,HLA-DRB103:01,957.12,ANZ78847,IEDLLFDKVKL,914,30.0
112,HLA-DRB103:01,995.77,ANZ78847,NTKVFKDGVMY,112,31.0
113,HLA-DRB103:01,1039.34,ANZ78847,TKVFKDGVMYS,113,32.0
1071,HLA-DRB103:01,1042.54,ANZ78847,EILSRLDALEA,1071,33.0
344,HLA-DRB103:01,1070.01,ANZ78847,IEAWLNDKSVP,344,34.0
1070,HLA-DRB103:01,1093.66,ANZ78847,QEILSRLDALE,1070,35.0
290,HLA-DRB103:01,1184.93,ANZ78847,IIFNAVDCMSD,290,36.0
293,HLA-DRB103:01,1243.28,ANZ78847,NAVDCMSDFMS,293,37.0
1000,HLA-DRB103:01,1269.19,ANZ78847,GLGVTMDVLSQ,1000,38.0
1263,HLA-DRB103:01,1327.01,ANZ78847,YINVTFLDLQV,1263,39.0
463,HLA-DRB103:01,1329.34,ANZ78847,FGFIEDSVFKP,463,40.0
394,HLA-DRB103:01,1332.94,ANZ78847,YGMCFSSITID,394,41.0
721,HLA-DRB103:01,1467.51,ANZ78847,PINYFDSYLGC,721,42.0
886,HLA-DRB103:01,1475.43,ANZ78847,NFNVDDINFSS,886,43.0
919,HLA-DRB103:01,1528.85,ANZ78847,FDKVKLSDVGF,919,44.0
602,HLA-DRB103:01,1559.15,ANZ78847,LILHDVNSGLT,602,45.0
385,HLA-DRB103:01,1593.2,ANZ78847,CNNIDAAKIYG,385,46.0
325,HLA-DRB103:01,1629.28,ANZ78847,TVQPIADVYRR,325,47.0
326,HLA-DRB103:01,1761.48,ANZ78847,VQPIADVYRRK,326,48.0
50,HLA-DRB103:01,1774.99,ANZ78847,LGTYYVLDRVY,50,49.0
13,HLA-DRB103:01,1781.75,ANZ78847,AVIGDLKCPLD,13,50.0
1087,HLA-DRB103:01,1827.85,ANZ78847,RLINGRLTALN,1087,51.0
599,HLA-DRB103:01,1832.6,ANZ78847,FANLILHDVNS,599,52.0
1072,HLA-DRB103:01,1840.48,ANZ78847,ILSRLDALEAE,1072,53.0
916,HLA-DRB103:01,1881.21,ANZ78847,DLLFDKVKLSD,916,54.0
343,HLA-DRB103:01,1905.44,ANZ78847,NIEAWLNDKSV,343,55.0
461,HLA-DRB103:01,1919.51,ANZ78847,KRFGFIEDSVF,461,56.0
426,HLA-DRB103:01,1964.8,ANZ78847,SFNYRIDTTAT,426,57.0
1228,HLA-DRB103:01,1995.99,ANZ78847,YVMLNTSIPNL,1228,58.0
922,HLA-DRB103:01,2069.62,ANZ78847,VKLSDVGFVAA,922,59.0
650,HLA-DRB103:01,2127.11,ANZ78847,YYNSWQNLLYD,650,60.0
396,HLA-DRB103:01,2149.83,ANZ78847,MCFSSITIDKF,396,61.0
920,HLA-DRB103:01,2154.78,ANZ78847,DKVKLSDVGFV,920,62.0
1265,HLA-DRB103:01,2155.27,ANZ78847,NVTFLDLQVEM,1265,63.0
598,HLA-DRB103:01,2237.47,ANZ78847,IFANLILHDVN,598,64.0
910,HLA-DRB103:01,2301.15,ANZ78847,SRSAIEDLLFD,910,65.0
478,HLA-DRB103:01,2314.39,ANZ78847,VLTNHDVVYAQ,478,66.0
818,HLA-DRB103:01,2412.71,ANZ78847,PKVTIDCAAFV,818,67.0
14,HLA-DRB103:01,2517.56,ANZ78847,VIGDLKCPLDS,14,68.0
1260,HLA-DRB103:01,2547.74,ANZ78847,ALDYINVTFLD,1260,69.0
875,HLA-DRB103:01,2569.05,ANZ78847,VTLSTKLKDGV,875,70.0
1103,HLA-DRB103:01,2606.62,ANZ78847,QLSDSTLVKFS,1103,71.0
3,HLA-DRB103:01,2624.57,ANZ78847,ILLISLPTAFA,3,72.0
2,HLA-DRB103:01,2637.43,ANZ78847,LILLISLPTAF,2,73.0
740,HLA-DRB103:01,2637.6,ANZ78847,AISVQTCDLTV,740,74.0
324,HLA-DRB103:01,2691.21,ANZ78847,YTVQPIADVYR,324,75.0
127,HLA-DRB103:01,2713.12,ANZ78847,AITIGSTFVNT,127,76.0
741,HLA-DRB103:01,2716.59,ANZ78847,ISVQTCDLTVG,741,77.0
458,HLA-DRB103:01,2729.58,ANZ78847,TWNKRFGFIED,458,78.0
817,HLA-DRB103:01,2760.29,ANZ78847,SPKVTIDCAAF,817,79.0
626,HLA-DRB103:01,2815.33,ANZ78847,LGVCVNYDLYG,626,80.0
366,HLA-DRB103:01,2831.04,ANZ78847,NCNFNMSSLMS,366,81.0
202,HLA-DRB103:01,2877.27,ANZ78847,YKRNFTYDVNA,202,82.0
377,HLA-DRB103:01,2891.71,ANZ78847,FIQADSFTCNN,377,83.0
291,HLA-DRB103:01,2927.3,ANZ78847,IFNAVDCMSDF,291,84.0
672,HLA-DRB103:01,2974.87,ANZ78847,LTNRTFMIRSC,672,85.0
227,HLA-DRB103:01,2985.59,ANZ78847,YAYFTDTGVVT,227,86.0
940,HLA-DRB103:01,2997.91,ANZ78847,AEIRDLICVQS,940,87.0
215,HLA-DRB103:01,3040.62,ANZ78847,LYFHFYQEGGT,215,88.0
887,HLA-DRB103:01,3101.86,ANZ78847,FNVDDINFSSV,887,89.0
998,HLA-DRB103:01,3124.63,ANZ78847,INGLGVTMDVL,998,90.0
811,HLA-DRB103:01,3128.87,ANZ78847,EFIQTSSPKVT,811,91.0
851,HLA-DRB103:01,3156.24,ANZ78847,AILTEVNELLD,851,92.0
81,HLA-DRB103:01,3186.23,ANZ78847,MALKGTDKLST,81,93.0
669,HLA-DRB103:01,3228.66,ANZ78847,RDYLTNRTFMI,669,94.0
280,HLA-DRB103:01,3244.66,ANZ78847,QYLLAFNQDGI,280,95.0
857,HLA-DRB103:01,3246.3,ANZ78847,NELLDTTQLQV,857,96.0
1340,HLA-DRB103:01,3292.04,ANZ78847,CGGCCDDYTGY,1340,97.0
1084,HLA-DRB103:01,3315.81,ANZ78847,QIDRLINGRLT,1084,98.0
254,HLA-DRB103:01,3326.94,ANZ78847,VMPLTCISRRN,254,99.0
281,HLA-DRB103:01,3389.25,ANZ78847,YLLAFNQDGII,281,100.0
1202,HLA-DRB103:01,3425.41,ANZ78847,YYYPEPITENN,1202,101.0
988,HLA-DRB103:01,3483.9,ANZ78847,VPFYLNVQYRI,988,102.0
700,HLA-DRB103:01,3489.45,ANZ78847,LLFRNIKCNYV,700,103.0
814,HLA-DRB103:01,3494.95,ANZ78847,QTSSPKVTIDC,814,104.0
289,HLA-DRB103:01,3495.45,ANZ78847,GIIFNAVDCMS,289,105.0
912,HLA-DRB103:01,3543.48,ANZ78847,SAIEDLLFDKV,912,106.0
601,HLA-DRB103:01,3547.77,ANZ78847,NLILHDVNSGL,601,107.0
1031,HLA-DRB103:01,3569.08,ANZ78847,DATNSALVKIQ,1031,108.0
915,HLA-DRB103:01,3585.02,ANZ78847,EDLLFDKVKLS,915,109.0
373,HLA-DRB103:01,3603.13,ANZ78847,SLMSFIQADSF,373,110.0
1082,HLA-DRB103:01,3653.67,ANZ78847,EAQIDRLINGR,1082,111.0
384,HLA-DRB103:01,3659.0,ANZ78847,TCNNIDAAKIY,384,112.0
798,HLA-DRB103:01,3680.9,ANZ78847,IQIPSDFTIGN,798,113.0
245,HLA-DRB103:01,3682.68,ANZ78847,LGMALSHYYVM,245,114.0
1136,HLA-DRB103:01,3716.55,ANZ78847,GNGNHIISLVQ,1136,115.0
797,HLA-DRB103:01,3764.21,ANZ78847,EIQIPSDFTIG,797,116.0
722,HLA-DRB103:01,3764.26,ANZ78847,INYFDSYLGCV,722,117.0
913,HLA-DRB103:01,3766.42,ANZ78847,AIEDLLFDKVK,913,118.0
115,HLA-DRB103:01,3782.69,ANZ78847,VFKDGVMYSEF,115,119.0
632,HLA-DRB103:01,3813.58,ANZ78847,YDLYGISGQGI,632,120.0
596,HLA-DRB103:01,3851.63,ANZ78847,CNIFANLILHD,596,121.0
206,HLA-DRB103:01,3852.33,ANZ78847,FTYDVNATYLY,206,122.0
939,HLA-DRB103:01,3863.35,ANZ78847,GAEIRDLICVQ,939,123.0
1172,HLA-DRB103:01,3884.92,ANZ78847,GLCIAGDRGIA,1172,124.0
989,HLA-DRB103:01,3892.13,ANZ78847,PFYLNVQYRIN,989,125.0
58,HLA-DRB103:01,3896.43,ANZ78847,RVYLNTTLFLN,58,126.0
753,HLA-DRB103:01,3947.55,ANZ78847,GYCVDYSKNRR,753,127.0
953,HLA-DRB103:01,3974.81,ANZ78847,GIKVLPPLLSE,953,128.0
258,HLA-DRB103:01,3989.33,ANZ78847,TCISRRNIGFT,258,129.0
18,HLA-DRB103:01,4046.26,ANZ78847,LKCPLDSRTGS,18,130.0
1032,HLA-DRB103:01,4096.31,ANZ78847,ATNSALVKIQA,1032,131.0
872,HLA-DRB103:01,4117.21,ANZ78847,MNGVTLSTKLK,872,132.0
1102,HLA-DRB103:01,4162.52,ANZ78847,QQLSDSTLVKF,1102,133.0
664,HLA-DRB103:01,4176.9,ANZ78847,NLYGFRDYLTN,664,134.0
26,HLA-DRB103:01,4178.77,ANZ78847,TGSLNNIDTGP,26,135.0
663,HLA-DRB103:01,4204.78,ANZ78847,GNLYGFRDYLT,663,136.0
739,HLA-DRB103:01,4224.95,ANZ78847,TAISVQTCDLT,739,137.0
282,HLA-DRB103:01,4292.28,ANZ78847,LLAFNQDGIIF,282,138.0
345,HLA-DRB103:01,4341.43,ANZ78847,EAWLNDKSVPS,345,139.0
126,HLA-DRB103:01,4342.08,ANZ78847,PAITIGSTFVN,126,140.0
735,HLA-DRB103:01,4374.67,ANZ78847,AYNSTAISVQT,735,141.0
244,HLA-DRB103:01,4378.85,ANZ78847,YLGMALSHYYV,244,142.0
37,HLA-DRB103:01,4430.72,ANZ78847,PSISTATVDVT,37,143.0
917,HLA-DRB103:01,4449.35,ANZ78847,LLFDKVKLSDV,917,144.0
321,HLA-DRB103:01,4486.36,ANZ78847,LNGYTVQPIAD,321,145.0
678,HLA-DRB103:01,4510.94,ANZ78847,MIRSCYSGRVS,678,146.0
1282,HLA-DRB103:01,4524.72,ANZ78847,IKVLNQSYINL,1282,147.0
653,HLA-DRB103:01,4564.02,ANZ78847,SWQNLLYDSNG,653,148.0
882,HLA-DRB103:01,4607.7,ANZ78847,KDGVNFNVDDI,882,149.0
1033,HLA-DRB103:01,4637.35,ANZ78847,TNSALVKIQAV,1033,150.0
948,HLA-DRB103:01,4680.73,ANZ78847,VQSYKGIKVLP,948,151.0
1188,HLA-DRB103:01,4699.27,ANZ78847,FVNVNNTWMYT,1188,152.0
96,HLA-DRB103:01,4706.28,ANZ78847,PPFLSDFINGI,96,153.0
889,HLA-DRB103:01,4715.76,ANZ78847,VDDINFSSVLG,889,154.0
1005,HLA-DRB103:01,4723.46,ANZ78847,MDVLSQNQKLI,1005,155.0
462,HLA-DRB103:01,4733.62,ANZ78847,RFGFIEDSVFK,462,156.0
582,HLA-DRB103:01,4740.22,ANZ78847,FLGWSADSCLQ,582,157.0
825,HLA-DRB103:01,4764.64,ANZ78847,AAFVCGDYAAC,825,158.0
15,HLA-DRB103:01,4782.65,ANZ78847,IGDLKCPLDSR,15,159.0
135,HLA-DRB103:01,4804.93,ANZ78847,VNTSYSVVVQP,135,160.0
134,HLA-DRB103:01,4829.96,ANZ78847,FVNTSYSVVVQ,134,161.0
1018,HLA-DRB103:01,4867.97,ANZ78847,AFNNALDAIQE,1018,162.0
782,HLA-DRB103:01,4869.52,ANZ78847,VNSVNDSLEPV,782,163.0
597,HLA-DRB103:01,4881.61,ANZ78847,NIFANLILHDV,597,164.0
873,HLA-DRB103:01,4907.49,ANZ78847,NGVTLSTKLKD,873,165.0
422,HLA-DRB103:01,5006.08,ANZ78847,GYLQSFNYRID,422,166.0
1286,HLA-DRB103:01,5024.03,ANZ78847,NQSYINLKDIG,1286,167.0
795,HLA-DRB103:01,5026.8,ANZ78847,LYEIQIPSDFT,795,168.0
1100,HLA-DRB103:01,5046.55,ANZ78847,VSQQLSDSTLV,1100,169.0
610,HLA-DRB103:01,5056.81,ANZ78847,GLTCSTDLQKA,610,170.0
1266,HLA-DRB103:01,5060.78,ANZ78847,VTFLDLQVEMN,1266,171.0
1171,HLA-DRB103:01,5090.09,ANZ78847,PGLCIAGDRGI,1171,172.0
627,HLA-DRB103:01,5150.69,ANZ78847,GVCVNYDLYGI,627,173.0
187,HLA-DRB103:01,5232.41,ANZ78847,FKELWHMDTGV,187,174.0
821,HLA-DRB103:01,5241.26,ANZ78847,TIDCAAFVCGD,821,175.0
91,HLA-DRB103:01,5267.74,ANZ78847,TLWFKPPFLSD,91,176.0
476,HLA-DRB103:01,5277.26,ANZ78847,AGVLTNHDVVY,476,177.0
383,HLA-DRB103:01,5386.53,ANZ78847,FTCNNIDAAKI,383,178.0
48,HLA-DRB103:01,5467.79,ANZ78847,NGLGTYYVLDR,48,179.0
253,HLA-DRB103:01,5478.49,ANZ78847,YVMPLTCISRR,253,180.0
38,HLA-DRB103:01,5518.61,ANZ78847,SISTATVDVTN,38,181.0
246,HLA-DRB103:01,5541.17,ANZ78847,GMALSHYYVMP,246,182.0
295,HLA-DRB103:01,5561.3,ANZ78847,VDCMSDFMSEI,295,183.0
1109,HLA-DRB103:01,5565.03,ANZ78847,LVKFSAAQAME,1109,184.0
278,HLA-DRB103:01,5568.14,ANZ78847,SRQYLLAFNQD,278,185.0
628,HLA-DRB103:01,5659.49,ANZ78847,VCVNYDLYGIS,628,186.0
1006,HLA-DRB103:01,5688.64,ANZ78847,DVLSQNQKLIA,1006,187.0
752,HLA-DRB103:01,5697.65,ANZ78847,SGYCVDYSKNR,752,188.0
883,HLA-DRB103:01,5704.62,ANZ78847,DGVNFNVDDIN,883,189.0
226,HLA-DRB103:01,5735.87,ANZ78847,FYAYFTDTGVV,226,190.0
399,HLA-DRB103:01,5742.25,ANZ78847,SSITIDKFAIP,399,191.0
1275,HLA-DRB103:01,5762.35,ANZ78847,MNRLQEAIKVL,1275,192.0
581,HLA-DRB103:01,5778.73,ANZ78847,AFLGWSADSCL,581,193.0
1121,HLA-DRB103:01,5813.13,ANZ78847,VNECVKSQSSR,1121,194.0
297,HLA-DRB103:01,5851.11,ANZ78847,CMSDFMSEIKC,297,195.0
1067,HLA-DRB103:01,5865.21,ANZ78847,SSLQEILSRLD,1067,196.0
257,HLA-DRB103:01,5902.46,ANZ78847,LTCISRRNIGF,257,197.0
1101,HLA-DRB103:01,6035.91,ANZ78847,SQQLSDSTLVK,1101,198.0
47,HLA-DRB103:01,6092.2,ANZ78847,TNGLGTYYVLD,47,199.0
283,HLA-DRB103:01,6102.83,ANZ78847,LAFNQDGIIFN,283,200.0
941,HLA-DRB103:01,6123.4,ANZ78847,EIRDLICVQSY,941,201.0
1064,HLA-DRB103:01,6123.95,ANZ78847,AISSSLQEILS,1064,202.0
1229,HLA-DRB103:01,6158.77,ANZ78847,VMLNTSIPNLP,1229,203.0
1213,HLA-DRB103:01,6165.98,ANZ78847,VVVMSTCAVNY,1213,204.0
844,HLA-DRB103:01,6178.69,ANZ78847,SFCDNINAILT,844,205.0
1002,HLA-DRB103:01,6194.65,ANZ78847,GVTMDVLSQNQ,1002,206.0
1139,HLA-DRB103:01,6202.01,ANZ78847,NHIISLVQNAP,1139,207.0
909,HLA-DRB103:01,6209.44,ANZ78847,SSRSAIEDLLF,909,208.0
128,HLA-DRB103:01,6217.15,ANZ78847,ITIGSTFVNTS,128,209.0
665,HLA-DRB103:01,6241.65,ANZ78847,LYGFRDYLTNR,665,210.0
1155,HLA-DRB103:01,6305.05,ANZ78847,IHFSYVPTKYV,1155,211.0
952,HLA-DRB103:01,6319.55,ANZ78847,KGIKVLPPLLS,952,212.0
816,HLA-DRB103:01,6344.03,ANZ78847,SSPKVTIDCAA,816,213.0
841,HLA-DRB103:01,6368.52,ANZ78847,EYGSFCDNINA,841,214.0
1034,HLA-DRB103:01,6377.67,ANZ78847,NSALVKIQAVV,1034,215.0
203,HLA-DRB103:01,6384.8,ANZ78847,KRNFTYDVNAT,203,216.0
617,HLA-DRB103:01,6442.83,ANZ78847,LQKANTDIKLG,617,217.0
85,HLA-DRB103:01,6486.9,ANZ78847,GTDKLSTLWFK,85,218.0
162,HLA-DRB103:01,6496.97,ANZ78847,LEVSVCQYNMC,162,219.0
371,HLA-DRB103:01,6497.37,ANZ78847,MSSLMSFIQAD,371,220.0
994,HLA-DRB103:01,6528.93,ANZ78847,VQYRINGLGVT,994,221.0
874,HLA-DRB103:01,6542.89,ANZ78847,GVTLSTKLKDG,874,222.0
319,HLA-DRB103:01,6603.67,ANZ78847,YELNGYTVQPI,319,223.0
7,HLA-DRB103:01,6605.56,ANZ78847,SLPTAFAVIGD,7,224.0
372,HLA-DRB103:01,6606.44,ANZ78847,SSLMSFIQADS,372,225.0
820,HLA-DRB103:01,6648.37,ANZ78847,VTIDCAAFVCG,820,226.0
858,HLA-DRB103:01,6727.73,ANZ78847,ELLDTTQLQVA,858,227.0
1339,HLA-DRB103:01,6810.28,ANZ78847,KCGGCCDDYTG,1339,228.0
656,HLA-DRB103:01,6810.34,ANZ78847,NLLYDSNGNLY,656,229.0
1104,HLA-DRB103:01,6812.82,ANZ78847,LSDSTLVKFSA,1104,230.0
1268,HLA-DRB103:01,6876.22,ANZ78847,FLDLQVEMNRL,1268,231.0
425,HLA-DRB103:01,6897.72,ANZ78847,QSFNYRIDTTA,425,232.0
106,HLA-DRB103:01,6930.66,ANZ78847,IFAKVKNTKVF,106,233.0
992,HLA-DRB103:01,6960.28,ANZ78847,LNVQYRINGLG,992,234.0
780,HLA-DRB103:01,6991.56,ANZ78847,FTVNSVNDSLE,780,235.0
781,HLA-DRB103:01,6996.34,ANZ78847,TVNSVNDSLEP,781,236.0
987,HLA-DRB103:01,7053.29,ANZ78847,GVPFYLNVQYR,987,237.0
1152,HLA-DRB103:01,7055.61,ANZ78847,LYFIHFSYVPT,1152,238.0
402,HLA-DRB103:01,7067.1,ANZ78847,TIDKFAIPNGR,402,239.0
1069,HLA-DRB103:01,7077.36,ANZ78847,LQEILSRLDAL,1069,240.0
459,HLA-DRB103:01,7102.88,ANZ78847,WNKRFGFIEDS,459,241.0
98,HLA-DRB103:01,7118.24,ANZ78847,FLSDFINGIFA,98,242.0
4,HLA-DRB103:01,7118.98,ANZ78847,LLISLPTAFAV,4,243.0
1262,HLA-DRB103:01,7142.89,ANZ78847,DYINVTFLDLQ,1262,244.0
1125,HLA-DRB103:01,7158.11,ANZ78847,VKSQSSRINFC,1125,245.0
943,HLA-DRB103:01,7172.81,ANZ78847,RDLICVQSYKG,943,246.0
219,HLA-DRB103:01,7182.58,ANZ78847,FYQEGGTFYAY,219,247.0
1208,HLA-DRB103:01,7184.66,ANZ78847,ITENNVVVMST,1208,248.0
631,HLA-DRB103:01,7191.61,ANZ78847,NYDLYGISGQG,631,249.0
252,HLA-DRB103:01,7215.8,ANZ78847,YYVMPLTCISR,252,250.0
367,HLA-DRB103:01,7227.32,ANZ78847,CNFNMSSLMSF,367,251.0
951,HLA-DRB103:01,7241.85,ANZ78847,YKGIKVLPPLL,951,252.0
5,HLA-DRB103:01,7256.01,ANZ78847,LISLPTAFAVI,5,253.0
654,HLA-DRB103:01,7271.38,ANZ78847,WQNLLYDSNGN,654,254.0
386,HLA-DRB103:01,7293.26,ANZ78847,NNIDAAKIYGM,386,255.0
97,HLA-DRB103:01,7303.98,ANZ78847,PFLSDFINGIF,97,256.0
959,HLA-DRB103:01,7313.91,ANZ78847,PLLSENQISGY,959,257.0
146,HLA-DRB103:01,7333.25,ANZ78847,RTINSTQDGVN,146,258.0
790,HLA-DRB103:01,7384.82,ANZ78847,EPVGGLYEIQI,790,259.0
1079,HLA-DRB103:01,7405.54,ANZ78847,LEAEAQIDRLI,1079,260.0
304,HLA-DRB103:01,7426.52,ANZ78847,EIKCKTQSIAP,304,261.0
1056,HLA-DRB103:01,7437.76,ANZ78847,QQLSNRFGAIS,1056,262.0
609,HLA-DRB103:01,7448.06,ANZ78847,SGLTCSTDLQK,609,263.0
1141,HLA-DRB103:01,7454.94,ANZ78847,IISLVQNAPYG,1141,264.0
734,HLA-DRB103:01,7469.63,ANZ78847,NAYNSTAISVQ,734,265.0
918,HLA-DRB103:01,7479.89,ANZ78847,LFDKVKLSDVG,918,266.0
1057,HLA-DRB103:01,7497.93,ANZ78847,QLSNRFGAISS,1057,267.0
255,HLA-DRB103:01,7522.62,ANZ78847,MPLTCISRRNI,255,268.0
328,HLA-DRB103:01,7548.53,ANZ78847,PIADVYRRKPD,328,269.0
812,HLA-DRB103:01,7566.18,ANZ78847,FIQTSSPKVTI,812,270.0
842,HLA-DRB103:01,7570.17,ANZ78847,YGSFCDNINAI,842,271.0
580,HLA-DRB103:01,7574.99,ANZ78847,QAFLGWSADSC,580,272.0
229,HLA-DRB103:01,7577.33,ANZ78847,YFTDTGVVTKF,229,273.0
340,HLA-DRB103:01,7580.01,ANZ78847,PNCNIEAWLND,340,274.0
1137,HLA-DRB103:01,7615.96,ANZ78847,NGNHIISLVQN,1137,275.0
196,HLA-DRB103:01,7649.97,ANZ78847,GVVSCLYKRNF,196,276.0
49,HLA-DRB103:01,7652.24,ANZ78847,GLGTYYVLDRV,49,277.0
460,HLA-DRB103:01,7675.01,ANZ78847,NKRFGFIEDSV,460,278.0
259,HLA-DRB103:01,7675.3,ANZ78847,CISRRNIGFTL,259,279.0
410,HLA-DRB103:01,7698.34,ANZ78847,NGRKVDLQLGN,410,280.0
1221,HLA-DRB103:01,7706.3,ANZ78847,VNYTKAPYVML,1221,281.0
288,HLA-DRB103:01,7722.71,ANZ78847,DGIIFNAVDCM,288,282.0
1019,HLA-DRB103:01,7726.09,ANZ78847,FNNALDAIQEG,1019,283.0
1241,HLA-DRB103:01,7755.64,ANZ78847,FREELDQWFKN,1241,284.0
256,HLA-DRB103:01,7764.45,ANZ78847,PLTCISRRNIG,256,285.0
707,HLA-DRB103:01,7766.48,ANZ78847,CNYVFNNSLTR,707,286.0
27,HLA-DRB103:01,7780.68,ANZ78847,GSLNNIDTGPP,27,287.0
327,HLA-DRB103:01,7823.52,ANZ78847,QPIADVYRRKP,327,288.0
1168,HLA-DRB103:01,7826.46,ANZ78847,KVSPGLCIAGD,1168,289.0
305,HLA-DRB103:01,7847.54,ANZ78847,IKCKTQSIAPP,305,290.0
670,HLA-DRB103:01,7902.26,ANZ78847,DYLTNRTFMIR,670,291.0
804,HLA-DRB103:01,7911.51,ANZ78847,FTIGNMEEFIQ,804,292.0
676,HLA-DRB103:01,7957.36,ANZ78847,TFMIRSCYSGR,676,293.0
1096,HLA-DRB103:01,7968.45,ANZ78847,LNAYVSQQLSD,1096,294.0
1225,HLA-DRB103:01,8025.46,ANZ78847,KAPYVMLNTSI,1225,295.0
908,HLA-DRB103:01,8047.46,ANZ78847,ASSRSAIEDLL,908,296.0
1098,HLA-DRB103:01,8112.01,ANZ78847,AYVSQQLSDST,1098,297.0
111,HLA-DRB103:01,8116.82,ANZ78847,KNTKVFKDGVM,111,298.0
1174,HLA-DRB103:01,8209.82,ANZ78847,CIAGDRGIAPK,1174,299.0
119,HLA-DRB103:01,8210.1,ANZ78847,GVMYSEFPAIT,119,300.0
1248,HLA-DRB103:01,8233.28,ANZ78847,WFKNQTSVAPD,1248,301.0
108,HLA-DRB103:01,8292.44,ANZ78847,AKVKNTKVFKD,108,302.0
194,HLA-DRB103:01,8303.77,ANZ78847,DTGVVSCLYKR,194,303.0
997,HLA-DRB103:01,8374.02,ANZ78847,RINGLGVTMDV,997,304.0
189,HLA-DRB103:01,8460.0,ANZ78847,ELWHMDTGVVS,189,305.0
1189,HLA-DRB103:01,8482.41,ANZ78847,VNVNNTWMYTG,1189,306.0
267,HLA-DRB103:01,8485.2,ANZ78847,FTLEYWVTPLT,267,307.0
856,HLA-DRB103:01,8527.77,ANZ78847,VNELLDTTQLQ,856,308.0
1054,HLA-DRB103:01,8569.21,ANZ78847,LLQQLSNRFGA,1054,309.0
199,HLA-DRB103:01,8581.32,ANZ78847,SCLYKRNFTYD,199,310.0
395,HLA-DRB103:01,8601.18,ANZ78847,GMCFSSITIDK,395,311.0
563,HLA-DRB103:01,8618.3,ANZ78847,LAVKSDYCGGN,563,312.0
1085,HLA-DRB103:01,8620.97,ANZ78847,IDRLINGRLTA,1085,313.0
625,HLA-DRB103:01,8650.22,ANZ78847,KLGVCVNYDLY,625,314.0
1215,HLA-DRB103:01,8741.21,ANZ78847,VMSTCAVNYTK,1215,315.0
659,HLA-DRB103:01,8751.96,ANZ78847,YDSNGNLYGFR,659,316.0
122,HLA-DRB103:01,8753.58,ANZ78847,YSEFPAITIGS,122,317.0
1240,HLA-DRB103:01,8776.79,ANZ78847,DFREELDQWFK,1240,318.0
77,HLA-DRB103:01,8806.79,ANZ78847,TYRNMALKGTD,77,319.0
1061,HLA-DRB103:01,8826.79,ANZ78847,RFGAISSSLQE,1061,320.0
387,HLA-DRB103:01,8879.47,ANZ78847,NIDAAKIYGMC,387,321.0
584,HLA-DRB103:01,8897.35,ANZ78847,GWSADSCLQGD,584,322.0
947,HLA-DRB103:01,8963.96,ANZ78847,CVQSYKGIKVL,947,323.0
76,HLA-DRB103:01,8965.85,ANZ78847,STYRNMALKGT,76,324.0
1341,HLA-DRB103:01,8993.8,ANZ78847,GGCCDDYTGYQ,1341,325.0
365,HLA-DRB103:01,9001.34,ANZ78847,SNCNFNMSSLM,365,326.0
937,HLA-DRB103:01,9005.25,ANZ78847,TGGAEIRDLIC,937,327.0
1310,HLA-DRB103:01,9010.01,ANZ78847,LLICLAGVAML,1310,328.0
145,HLA-DRB103:01,9061.39,ANZ78847,PRTINSTQDGV,145,329.0
675,HLA-DRB103:01,9064.56,ANZ78847,RTFMIRSCYSG,675,330.0
1207,HLA-DRB103:01,9071.97,ANZ78847,PITENNVVVMS,1207,331.0
269,HLA-DRB103:01,9075.59,ANZ78847,LEYWVTPLTSR,269,332.0
1255,HLA-DRB103:01,9092.87,ANZ78847,VAPDLALDYIN,1255,333.0
86,HLA-DRB103:01,9116.25,ANZ78847,TDKLSTLWFKP,86,334.0
1261,HLA-DRB103:01,9158.63,ANZ78847,LDYINVTFLDL,1261,335.0
671,HLA-DRB103:01,9164.33,ANZ78847,YLTNRTFMIRS,671,336.0
488,HLA-DRB103:01,9164.7,ANZ78847,QHCFKAPKNFC,488,337.0
190,HLA-DRB103:01,9172.83,ANZ78847,LWHMDTGVVSC,190,338.0
94,HLA-DRB103:01,9216.58,ANZ78847,FKPPFLSDFIN,94,339.0
236,HLA-DRB103:01,9264.52,ANZ78847,VTKFLFNVYLG,236,340.0
230,HLA-DRB103:01,9291.68,ANZ78847,FTDTGVVTKFL,230,341.0
949,HLA-DRB103:01,9311.87,ANZ78847,QSYKGIKVLPP,949,342.0
303,HLA-DRB103:01,9312.26,ANZ78847,SEIKCKTQSIA,303,343.0
623,HLA-DRB103:01,9317.54,ANZ78847,DIKLGVCVNYD,623,344.0
80,HLA-DRB103:01,9318.13,ANZ78847,NMALKGTDKLS,80,345.0
161,HLA-DRB103:01,9347.67,ANZ78847,LLEVSVCQYNM,161,346.0
1161,HLA-DRB103:01,9364.54,ANZ78847,PTKYVTAKVSP,1161,347.0
881,HLA-DRB103:01,9387.2,ANZ78847,LKDGVNFNVDD,881,348.0
89,HLA-DRB103:01,9460.4,ANZ78847,LSTLWFKPPFL,89,349.0
103,HLA-DRB103:01,9470.54,ANZ78847,INGIFAKVKNT,103,350.0
1068,HLA-DRB103:01,9480.0,ANZ78847,SLQEILSRLDA,1068,351.0
724,HLA-DRB103:01,9489.65,ANZ78847,YFDSYLGCVVN,724,352.0
225,HLA-DRB103:01,9512.04,ANZ78847,TFYAYFTDTGV,225,353.0
17,HLA-DRB103:01,9526.62,ANZ78847,DLKCPLDSRTG,17,354.0
772,HLA-DRB103:01,9528.87,ANZ78847,YRFTNFEPFTV,772,355.0
679,HLA-DRB103:01,9538.61,ANZ78847,IRSCYSGRVSA,679,356.0
742,HLA-DRB103:01,9543.25,ANZ78847,SVQTCDLTVGS,742,357.0
186,HLA-DRB103:01,9571.55,ANZ78847,HFKELWHMDTG,186,358.0
201,HLA-DRB103:01,9597.41,ANZ78847,LYKRNFTYDVN,201,359.0
1088,HLA-DRB103:01,9639.39,ANZ78847,LINGRLTALNA,1088,360.0
1201,HLA-DRB103:01,9665.16,ANZ78847,GYYYPEPITEN,1201,361.0
222,HLA-DRB103:01,9665.57,ANZ78847,EGGTFYAYFTD,222,362.0
1212,HLA-DRB103:01,9678.94,ANZ78847,NVVVMSTCAVN,1212,363.0
11,HLA-DRB103:01,9738.45,ANZ78847,AFAVIGDLKCP,11,364.0
611,HLA-DRB103:01,9771.89,ANZ78847,LTCSTDLQKAN,611,365.0
990,HLA-DRB103:01,9795.15,ANZ78847,FYLNVQYRING,990,366.0
237,HLA-DRB103:01,9798.2,ANZ78847,TKFLFNVYLGM,237,367.0
393,HLA-DRB103:01,9809.2,ANZ78847,IYGMCFSSITI,393,368.0
110,HLA-DRB103:01,9934.8,ANZ78847,VKNTKVFKDGV,110,369.0
156,HLA-DRB103:01,9952.89,ANZ78847,NKLQGLLEVSV,156,370.0
296,HLA-DRB103:01,9968.92,ANZ78847,DCMSDFMSEIK,296,371.0
698,HLA-DRB103:01,9984.05,ANZ78847,PALLFRNIKCN,698,372.0
718,HLA-DRB103:01,9996.67,ANZ78847,QLQPINYFDSY,718,373.0
466,HLA-DRB103:01,10030.74,ANZ78847,IEDSVFKPQPA,466,374.0
19,HLA-DRB103:01,10056.37,ANZ78847,KCPLDSRTGSL,19,375.0
699,HLA-DRB103:01,10060.9,ANZ78847,ALLFRNIKCNY,699,376.0
75,HLA-DRB103:01,10090.83,ANZ78847,GSTYRNMALKG,75,377.0
10,HLA-DRB103:01,10101.04,ANZ78847,TAFAVIGDLKC,10,378.0
946,HLA-DRB103:01,10124.7,ANZ78847,ICVQSYKGIKV,946,379.0
1003,HLA-DRB103:01,10164.47,ANZ78847,VTMDVLSQNQK,1003,380.0
9,HLA-DRB103:01,10167.7,ANZ78847,PTAFAVIGDLK,9,381.0
733,HLA-DRB103:01,10175.25,ANZ78847,VNAYNSTAISV,733,382.0
960,HLA-DRB103:01,10177.71,ANZ78847,LLSENQISGYT,960,383.0
323,HLA-DRB103:01,10195.28,ANZ78847,GYTVQPIADVY,323,384.0
195,HLA-DRB103:01,10207.26,ANZ78847,TGVVSCLYKRN,195,385.0
826,HLA-DRB103:01,10213.57,ANZ78847,AFVCGDYAACK,826,386.0
59,HLA-DRB103:01,10247.25,ANZ78847,VYLNTTLFLNG,59,387.0
93,HLA-DRB103:01,10253.18,ANZ78847,WFKPPFLSDFI,93,388.0
333,HLA-DRB103:01,10326.42,ANZ78847,YRRKPDLPNCN,333,389.0
1080,HLA-DRB103:01,10350.36,ANZ78847,EAEAQIDRLIN,1080,390.0
298,HLA-DRB103:01,10356.57,ANZ78847,MSDFMSEIKCK,298,391.0
693,HLA-DRB103:01,10357.4,ANZ78847,ANSSEPALLFR,693,392.0
755,HLA-DRB103:01,10362.96,ANZ78847,CVDYSKNRRSR,755,393.0
318,HLA-DRB103:01,10363.0,ANZ78847,VYELNGYTVQP,318,394.0
1118,HLA-DRB103:01,10392.32,ANZ78847,MEKVNECVKSQ,1118,395.0
1124,HLA-DRB103:01,10434.59,ANZ78847,CVKSQSSRINF,1124,396.0
813,HLA-DRB103:01,10451.89,ANZ78847,IQTSSPKVTID,813,397.0
200,HLA-DRB103:01,10505.19,ANZ78847,CLYKRNFTYDV,200,398.0
423,HLA-DRB103:01,10552.01,ANZ78847,YLQSFNYRIDT,423,399.0
1063,HLA-DRB103:01,10557.87,ANZ78847,GAISSSLQEIL,1063,400.0
197,HLA-DRB103:01,10563.19,ANZ78847,VVSCLYKRNFT,197,401.0
852,HLA-DRB103:01,10575.19,ANZ78847,ILTEVNELLDT,852,402.0
1140,HLA-DRB103:01,10619.06,ANZ78847,HIISLVQNAPY,1140,403.0
475,HLA-DRB103:01,10623.03,ANZ78847,PAGVLTNHDVV,475,404.0
20,HLA-DRB103:01,10623.23,ANZ78847,CPLDSRTGSLN,20,405.0
691,HLA-DRB103:01,10628.9,ANZ78847,FHANSSEPALL,691,406.0
1173,HLA-DRB103:01,10629.95,ANZ78847,LCIAGDRGIAP,1173,407.0
754,HLA-DRB103:01,10640.64,ANZ78847,YCVDYSKNRRS,754,408.0
1254,HLA-DRB103:01,10652.23,ANZ78847,SVAPDLALDYI,1254,409.0
391,HLA-DRB103:01,10687.56,ANZ78847,AKIYGMCFSSI,391,410.0
273,HLA-DRB103:01,10733.66,ANZ78847,VTPLTSRQYLL,273,411.0
36,HLA-DRB103:01,10741.31,ANZ78847,PPSISTATVDV,36,412.0
1086,HLA-DRB103:01,10756.39,ANZ78847,DRLINGRLTAL,1086,413.0
982,HLA-DRB103:01,10795.87,ANZ78847,WTAAAGVPFYL,982,414.0
264,HLA-DRB103:01,10803.91,ANZ78847,NIGFTLEYWVT,264,415.0
677,HLA-DRB103:01,10824.68,ANZ78847,FMIRSCYSGRV,677,416.0
400,HLA-DRB103:01,10849.62,ANZ78847,SITIDKFAIPN,400,417.0
218,HLA-DRB103:01,10858.91,ANZ78847,HFYQEGGTFYA,218,418.0
1142,HLA-DRB103:01,10864.77,ANZ78847,ISLVQNAPYGL,1142,419.0
651,HLA-DRB103:01,10958.33,ANZ78847,YNSWQNLLYDS,651,420.0
618,HLA-DRB103:01,11007.52,ANZ78847,QKANTDIKLGV,618,421.0
331,HLA-DRB103:01,11019.17,ANZ78847,DVYRRKPDLPN,331,422.0
274,HLA-DRB103:01,11027.45,ANZ78847,TPLTSRQYLLA,274,423.0
680,HLA-DRB103:01,11034.52,ANZ78847,RSCYSGRVSAA,680,424.0
796,HLA-DRB103:01,11035.82,ANZ78847,YEIQIPSDFTI,796,425.0
701,HLA-DRB103:01,11041.47,ANZ78847,LFRNIKCNYVF,701,426.0
848,HLA-DRB103:01,11042.39,ANZ78847,NINAILTEVNE,848,427.0
299,HLA-DRB103:01,11052.22,ANZ78847,SDFMSEIKCKT,299,428.0
102,HLA-DRB103:01,11065.47,ANZ78847,FINGIFAKVKN,102,429.0
621,HLA-DRB103:01,11106.02,ANZ78847,NTDIKLGVCVN,621,430.0
1303,HLA-DRB103:01,11135.19,ANZ78847,KWPWYVWLLIC,1303,431.0
736,HLA-DRB103:01,11168.24,ANZ78847,YNSTAISVQTC,736,432.0
16,HLA-DRB103:01,11184.52,ANZ78847,GDLKCPLDSRT,16,433.0
302,HLA-DRB103:01,11250.59,ANZ78847,MSEIKCKTQSI,302,434.0
702,HLA-DRB103:01,11318.52,ANZ78847,FRNIKCNYVFN,702,435.0
214,HLA-DRB103:01,11364.42,ANZ78847,YLYFHFYQEGG,214,436.0
1095,HLA-DRB103:01,11379.44,ANZ78847,ALNAYVSQQLS,1095,437.0
300,HLA-DRB103:01,11381.27,ANZ78847,DFMSEIKCKTQ,300,438.0
1123,HLA-DRB103:01,11383.14,ANZ78847,ECVKSQSSRIN,1123,439.0
1020,HLA-DRB103:01,11413.75,ANZ78847,NNALDAIQEGF,1020,440.0
996,HLA-DRB103:01,11417.67,ANZ78847,YRINGLGVTMD,996,441.0
890,HLA-DRB103:01,11420.41,ANZ78847,DDINFSSVLGC,890,442.0
1239,HLA-DRB103:01,11459.93,ANZ78847,PDFREELDQWF,1239,443.0
330,HLA-DRB103:01,11484.91,ANZ78847,ADVYRRKPDLP,330,444.0
793,HLA-DRB103:01,11510.4,ANZ78847,GGLYEIQIPSD,793,445.0
1345,HLA-DRB103:01,11512.23,ANZ78847,DDYTGYQELVI,1345,446.0
428,HLA-DRB103:01,11520.08,ANZ78847,NYRIDTTATSC,428,447.0
421,HLA-DRB103:01,11520.26,ANZ78847,LGYLQSFNYRI,421,448.0
660,HLA-DRB103:01,11567.08,ANZ78847,DSNGNLYGFRD,660,449.0
133,HLA-DRB103:01,11567.33,ANZ78847,TFVNTSYSVVV,133,450.0
500,HLA-DRB103:01,11571.66,ANZ78847,CKSNSSLCVGS,500,451.0
95,HLA-DRB103:01,11603.46,ANZ78847,KPPFLSDFING,95,452.0
1290,HLA-DRB103:01,11615.35,ANZ78847,INLKDIGTYEY,1290,453.0
382,HLA-DRB103:01,11654.6,ANZ78847,SFTCNNIDAAK,382,454.0
635,HLA-DRB103:01,11731.63,ANZ78847,YGISGQGIFVE,635,455.0
292,HLA-DRB103:01,11736.12,ANZ78847,FNAVDCMSDFM,292,456.0
877,HLA-DRB103:01,11757.49,ANZ78847,LSTKLKDGVNF,877,457.0
1162,HLA-DRB103:01,11758.69,ANZ78847,TKYVTAKVSPG,1162,458.0
406,HLA-DRB103:01,11771.91,ANZ78847,FAIPNGRKVDL,406,459.0
243,HLA-DRB103:01,11794.52,ANZ78847,VYLGMALSHYY,243,460.0
101,HLA-DRB103:01,11848.73,ANZ78847,DFINGIFAKVK,101,461.0
1206,HLA-DRB103:01,11901.29,ANZ78847,EPITENNVVVM,1206,462.0
499,HLA-DRB103:01,11920.26,ANZ78847,PCKSNSSLCVG,499,463.0
107,HLA-DRB103:01,11930.16,ANZ78847,FAKVKNTKVFK,107,464.0
483,HLA-DRB103:01,11938.78,ANZ78847,DVVYAQHCFKA,483,465.0
1154,HLA-DRB103:01,11963.49,ANZ78847,FIHFSYVPTKY,1154,466.0
346,HLA-DRB103:01,11970.41,ANZ78847,AWLNDKSVPSP,346,467.0
1021,HLA-DRB103:01,11990.97,ANZ78847,NALDAIQEGFD,1021,468.0
1065,HLA-DRB103:01,12062.75,ANZ78847,ISSSLQEILSR,1065,469.0
1252,HLA-DRB103:01,12082.84,ANZ78847,QTSVAPDLALD,1252,470.0
1309,HLA-DRB103:01,12111.36,ANZ78847,WLLICLAGVAM,1309,471.0
100,HLA-DRB103:01,12118.9,ANZ78847,SDFINGIFAKV,100,472.0
408,HLA-DRB103:01,12124.38,ANZ78847,IPNGRKVDLQL,408,473.0
824,HLA-DRB103:01,12227.4,ANZ78847,CAAFVCGDYAA,824,474.0
907,HLA-DRB103:01,12246.71,ANZ78847,KASSRSAIEDL,907,475.0
233,HLA-DRB103:01,12249.84,ANZ78847,TGVVTKFLFNV,233,476.0
944,HLA-DRB103:01,12280.16,ANZ78847,DLICVQSYKGI,944,477.0
1014,HLA-DRB103:01,12281.13,ANZ78847,LIANAFNNALD,1014,478.0
1150,HLA-DRB103:01,12310.19,ANZ78847,YGLYFIHFSYV,1150,479.0
160,HLA-DRB103:01,12341.05,ANZ78847,GLLEVSVCQYN,160,480.0
738,HLA-DRB103:01,12365.11,ANZ78847,STAISVQTCDL,738,481.0
1338,HLA-DRB103:01,12410.84,ANZ78847,KKCGGCCDDYT,1338,482.0
188,HLA-DRB103:01,12433.59,ANZ78847,KELWHMDTGVV,188,483.0
1160,HLA-DRB103:01,12436.37,ANZ78847,VPTKYVTAKVS,1160,484.0
401,HLA-DRB103:01,12445.67,ANZ78847,ITIDKFAIPNG,401,485.0
1078,HLA-DRB103:01,12445.75,ANZ78847,ALEAEAQIDRL,1078,486.0
866,HLA-DRB103:01,12465.77,ANZ78847,QVANSLMNGVT,866,487.0
429,HLA-DRB103:01,12470.41,ANZ78847,YRIDTTATSCQ,429,488.0
595,HLA-DRB103:01,12494.95,ANZ78847,KCNIFANLILH,595,489.0
803,HLA-DRB103:01,12515.78,ANZ78847,DFTIGNMEEFI,803,490.0
132,HLA-DRB103:01,12515.81,ANZ78847,STFVNTSYSVV,132,491.0
1211,HLA-DRB103:01,12534.57,ANZ78847,NNVVVMSTCAV,1211,492.0
381,HLA-DRB103:01,12580.81,ANZ78847,DSFTCNNIDAA,381,493.0
413,HLA-DRB103:01,12614.6,ANZ78847,KVDLQLGNLGY,413,494.0
416,HLA-DRB103:01,12644.84,ANZ78847,LQLGNLGYLQS,416,495.0
867,HLA-DRB103:01,12652.74,ANZ78847,VANSLMNGVTL,867,496.0
1151,HLA-DRB103:01,12723.9,ANZ78847,GLYFIHFSYVP,1151,497.0
1347,HLA-DRB103:01,12743.44,ANZ78847,YTGYQELVIKT,1347,498.0
284,HLA-DRB103:01,12782.02,ANZ78847,AFNQDGIIFNA,284,499.0
1060,HLA-DRB103:01,12810.49,ANZ78847,NRFGAISSSLQ,1060,500.0
405,HLA-DRB103:01,12900.03,ANZ78847,KFAIPNGRKVD,405,501.0
342,HLA-DRB103:01,12905.36,ANZ78847,CNIEAWLNDKS,342,502.0
697,HLA-DRB103:01,12915.32,ANZ78847,EPALLFRNIKC,697,503.0
347,HLA-DRB103:01,12930.95,ANZ78847,WLNDKSVPSPL,347,504.0
392,HLA-DRB103:01,12990.4,ANZ78847,KIYGMCFSSIT,392,505.0
845,HLA-DRB103:01,12994.73,ANZ78847,FCDNINAILTE,845,506.0
810,HLA-DRB103:01,13000.94,ANZ78847,EEFIQTSSPKV,810,507.0
332,HLA-DRB103:01,13035.5,ANZ78847,VYRRKPDLPNC,332,508.0
588,HLA-DRB103:01,13135.61,ANZ78847,DSCLQGDKCNI,588,509.0
1122,HLA-DRB103:01,13146.15,ANZ78847,NECVKSQSSRI,1122,510.0
850,HLA-DRB103:01,13146.93,ANZ78847,NAILTEVNELL,850,511.0
1285,HLA-DRB103:01,13156.85,ANZ78847,LNQSYINLKDI,1285,512.0
634,HLA-DRB103:01,13199.6,ANZ78847,LYGISGQGIFV,634,513.0
791,HLA-DRB103:01,13222.6,ANZ78847,PVGGLYEIQIP,791,514.0
1332,HLA-DRB103:01,13289.81,ANZ78847,CGTSCFKKCGG,1332,515.0
544,HLA-DRB103:01,13299.77,ANZ78847,PYKCPQSKSLV,544,516.0
849,HLA-DRB103:01,13301.41,ANZ78847,INAILTEVNEL,849,517.0
880,HLA-DRB103:01,13319.75,ANZ78847,KLKDGVNFNVD,880,518.0
8,HLA-DRB103:01,13334.46,ANZ78847,LPTAFAVIGDL,8,519.0
546,HLA-DRB103:01,13359.95,ANZ78847,KCPQSKSLVGI,546,520.0
1283,HLA-DRB103:01,13412.89,ANZ78847,KVLNQSYINLK,1283,521.0
1258,HLA-DRB103:01,13439.46,ANZ78847,DLALDYINVTF,1258,522.0
1346,HLA-DRB103:01,13500.78,ANZ78847,DYTGYQELVIK,1346,523.0
619,HLA-DRB103:01,13515.29,ANZ78847,KANTDIKLGVC,619,524.0
938,HLA-DRB103:01,13525.34,ANZ78847,GGAEIRDLICV,938,525.0
905,HLA-DRB103:01,13526.47,ANZ78847,CSKASSRSAIE,905,526.0
322,HLA-DRB103:01,13527.48,ANZ78847,NGYTVQPIADV,322,527.0
1,HLA-DRB103:01,13531.88,ANZ78847,FLILLISLPTA,1,528.0
870,HLA-DRB103:01,13573.58,ANZ78847,SLMNGVTLSTK,870,529.0
272,HLA-DRB103:01,13589.06,ANZ78847,WVTPLTSRQYL,272,530.0
950,HLA-DRB103:01,13606.42,ANZ78847,SYKGIKVLPPL,950,531.0
815,HLA-DRB103:01,13611.04,ANZ78847,TSSPKVTIDCA,815,532.0
901,HLA-DRB103:01,13613.68,ANZ78847,LGSECSKASSR,901,533.0
859,HLA-DRB103:01,13625.35,ANZ78847,LLDTTQLQVAN,859,534.0
1062,HLA-DRB103:01,13656.3,ANZ78847,FGAISSSLQEI,1062,535.0
1049,HLA-DRB103:01,13687.98,ANZ78847,EALNNLLQQLS,1049,536.0
25,HLA-DRB103:01,13732.44,ANZ78847,RTGSLNNIDTG,25,537.0
457,HLA-DRB103:01,13748.32,ANZ78847,STWNKRFGFIE,457,538.0
945,HLA-DRB103:01,13749.25,ANZ78847,LICVQSYKGIK,945,539.0
275,HLA-DRB103:01,13751.15,ANZ78847,PLTSRQYLLAF,275,540.0
87,HLA-DRB103:01,13751.86,ANZ78847,DKLSTLWFKPP,87,541.0
484,HLA-DRB103:01,13763.39,ANZ78847,VVYAQHCFKAP,484,542.0
1233,HLA-DRB103:01,13804.58,ANZ78847,TSIPNLPDFRE,1233,543.0
590,HLA-DRB103:01,13835.76,ANZ78847,CLQGDKCNIFA,590,544.0
1274,HLA-DRB103:01,13837.77,ANZ78847,EMNRLQEAIKV,1274,545.0
608,HLA-DRB103:01,13897.76,ANZ78847,NSGLTCSTDLQ,608,546.0
1281,HLA-DRB103:01,13926.41,ANZ78847,AIKVLNQSYIN,1281,547.0
629,HLA-DRB103:01,14022.04,ANZ78847,CVNYDLYGISG,629,548.0
534,HLA-DRB103:01,14053.48,ANZ78847,CNPDPITFTGP,534,549.0
320,HLA-DRB103:01,14055.32,ANZ78847,ELNGYTVQPIA,320,550.0
1227,HLA-DRB103:01,14064.85,ANZ78847,PYVMLNTSIPN,1227,551.0
213,HLA-DRB103:01,14093.83,ANZ78847,TYLYFHFYQEG,213,552.0
329,HLA-DRB103:01,14148.09,ANZ78847,IADVYRRKPDL,329,553.0
766,HLA-DRB103:01,14156.61,ANZ78847,RAITTGYRFTN,766,554.0
1220,HLA-DRB103:01,14162.54,ANZ78847,AVNYTKAPYVM,1220,555.0
1305,HLA-DRB103:01,14189.25,ANZ78847,PWYVWLLICLA,1305,556.0
339,HLA-DRB103:01,14213.23,ANZ78847,LPNCNIEAWLN,339,557.0
1055,HLA-DRB103:01,14214.21,ANZ78847,LQQLSNRFGAI,1055,558.0
771,HLA-DRB103:01,14242.34,ANZ78847,GYRFTNFEPFT,771,559.0
716,HLA-DRB103:01,14245.94,ANZ78847,TRQLQPINYFD,716,560.0
251,HLA-DRB103:01,14246.76,ANZ78847,HYYVMPLTCIS,251,561.0
524,HLA-DRB103:01,14249.65,ANZ78847,GTNYLTCHNLC,524,562.0
1284,HLA-DRB103:01,14257.15,ANZ78847,VLNQSYINLKD,1284,563.0
706,HLA-DRB103:01,14333.14,ANZ78847,KCNYVFNNSLT,706,564.0
82,HLA-DRB103:01,14334.47,ANZ78847,ALKGTDKLSTL,82,565.0
1030,HLA-DRB103:01,14374.86,ANZ78847,FDATNSALVKI,1030,566.0
805,HLA-DRB103:01,14377.94,ANZ78847,TIGNMEEFIQT,805,567.0
1035,HLA-DRB103:01,14394.11,ANZ78847,SALVKIQAVVN,1035,568.0
779,HLA-DRB103:01,14400.14,ANZ78847,PFTVNSVNDSL,779,569.0
839,HLA-DRB103:01,14400.33,ANZ78847,LVEYGSFCDNI,839,570.0
1029,HLA-DRB103:01,14406.86,ANZ78847,GFDATNSALVK,1029,571.0
125,HLA-DRB103:01,14414.52,ANZ78847,FPAITIGSTFV,125,572.0
424,HLA-DRB103:01,14417.44,ANZ78847,LQSFNYRIDTT,424,573.0
1120,HLA-DRB103:01,14421.49,ANZ78847,KVNECVKSQSS,1120,574.0
1166,HLA-DRB103:01,14448.0,ANZ78847,TAKVSPGLCIA,1166,575.0
639,HLA-DRB103:01,14497.68,ANZ78847,GQGIFVEVNAT,639,576.0
90,HLA-DRB103:01,14532.19,ANZ78847,STLWFKPPFLS,90,577.0
562,HLA-DRB103:01,14533.16,ANZ78847,GLAVKSDYCGG,562,578.0
157,HLA-DRB103:01,14640.51,ANZ78847,KLQGLLEVSVC,157,579.0
923,HLA-DRB103:01,14652.35,ANZ78847,KLSDVGFVAAY,923,580.0
1058,HLA-DRB103:01,14659.73,ANZ78847,LSNRFGAISSS,1058,581.0
301,HLA-DRB103:01,14687.18,ANZ78847,FMSEIKCKTQS,301,582.0
231,HLA-DRB103:01,14698.9,ANZ78847,TDTGVVTKFLF,231,583.0
260,HLA-DRB103:01,14705.81,ANZ78847,ISRRNIGFTLE,260,584.0
141,HLA-DRB103:01,14724.17,ANZ78847,VVVQPRTINST,141,585.0
843,HLA-DRB103:01,14761.52,ANZ78847,GSFCDNINAIL,843,586.0
427,HLA-DRB103:01,14771.6,ANZ78847,FNYRIDTTATS,427,587.0
871,HLA-DRB103:01,14790.76,ANZ78847,LMNGVTLSTKL,871,588.0
1119,HLA-DRB103:01,14806.21,ANZ78847,EKVNECVKSQS,1119,589.0
560,HLA-DRB103:01,14854.09,ANZ78847,CSGLAVKSDYC,560,590.0
1280,HLA-DRB103:01,14959.7,ANZ78847,EAIKVLNQSYI,1280,591.0
455,HLA-DRB103:01,14960.46,ANZ78847,NPSTWNKRFGF,455,592.0
1036,HLA-DRB103:01,14971.97,ANZ78847,ALVKIQAVVNA,1036,593.0
624,HLA-DRB103:01,14981.94,ANZ78847,IKLGVCVNYDL,624,594.0
1270,HLA-DRB103:01,14996.77,ANZ78847,DLQVEMNRLQE,1270,595.0
579,HLA-DRB103:01,15022.3,ANZ78847,PQAFLGWSADS,579,596.0
88,HLA-DRB103:01,15043.17,ANZ78847,KLSTLWFKPPF,88,597.0
983,HLA-DRB103:01,15049.17,ANZ78847,TAAAGVPFYLN,983,598.0
1163,HLA-DRB103:01,15064.74,ANZ78847,KYVTAKVSPGL,1163,599.0
969,HLA-DRB103:01,15078.05,ANZ78847,YTLAATSASLF,969,600.0
1311,HLA-DRB103:01,15090.57,ANZ78847,LICLAGVAMLV,1311,601.0
39,HLA-DRB103:01,15145.91,ANZ78847,ISTATVDVTNG,39,602.0
958,HLA-DRB103:01,15148.78,ANZ78847,PPLLSENQISG,958,603.0
279,HLA-DRB103:01,15180.02,ANZ78847,RQYLLAFNQDG,279,604.0
1312,HLA-DRB103:01,15215.41,ANZ78847,ICLAGVAMLVL,1312,605.0
228,HLA-DRB103:01,15217.35,ANZ78847,AYFTDTGVVTK,228,606.0
56,HLA-DRB103:01,15300.54,ANZ78847,LDRVYLNTTLF,56,607.0
479,HLA-DRB103:01,15308.16,ANZ78847,LTNHDVVYAQH,479,608.0
636,HLA-DRB103:01,15371.16,ANZ78847,GISGQGIFVEV,636,609.0
1278,HLA-DRB103:01,15458.29,ANZ78847,LQEAIKVLNQS,1278,610.0
936,HLA-DRB103:01,15532.46,ANZ78847,CTGGAEIRDLI,936,611.0
420,HLA-DRB103:01,15535.54,ANZ78847,NLGYLQSFNYR,420,612.0
846,HLA-DRB103:01,15543.12,ANZ78847,CDNINAILTEV,846,613.0
1292,HLA-DRB103:01,15551.5,ANZ78847,LKDIGTYEYYV,1292,614.0
1267,HLA-DRB103:01,15566.15,ANZ78847,TFLDLQVEMNR,1267,615.0
530,HLA-DRB103:01,15574.55,ANZ78847,CHNLCNPDPIT,530,616.0
710,HLA-DRB103:01,15578.76,ANZ78847,VFNNSLTRQLQ,710,617.0
911,HLA-DRB103:01,15583.46,ANZ78847,RSAIEDLLFDK,911,618.0
1271,HLA-DRB103:01,15599.86,ANZ78847,LQVEMNRLQEA,1271,619.0
652,HLA-DRB103:01,15604.67,ANZ78847,NSWQNLLYDSN,652,620.0
1209,HLA-DRB103:01,15642.66,ANZ78847,TENNVVVMSTC,1209,621.0
21,HLA-DRB103:01,15651.73,ANZ78847,PLDSRTGSLNN,21,622.0
876,HLA-DRB103:01,15662.88,ANZ78847,TLSTKLKDGVN,876,623.0
1273,HLA-DRB103:01,15665.52,ANZ78847,VEMNRLQEAIK,1273,624.0
888,HLA-DRB103:01,15670.83,ANZ78847,NVDDINFSSVL,888,625.0
1187,HLA-DRB103:01,15680.94,ANZ78847,YFVNVNNTWMY,1187,626.0
603,HLA-DRB103:01,15690.58,ANZ78847,ILHDVNSGLTC,603,627.0
355,HLA-DRB103:01,15709.01,ANZ78847,SPLNWERKTFS,355,628.0
1298,HLA-DRB103:01,15712.01,ANZ78847,YEYYVKWPWYV,1298,629.0
855,HLA-DRB103:01,15770.72,ANZ78847,EVNELLDTTQL,855,630.0
1013,HLA-DRB103:01,15787.58,ANZ78847,KLIANAFNNAL,1013,631.0
1127,HLA-DRB103:01,15904.49,ANZ78847,SQSSRINFCGN,1127,632.0
865,HLA-DRB103:01,15910.2,ANZ78847,LQVANSLMNGV,865,633.0
368,HLA-DRB103:01,15911.99,ANZ78847,NFNMSSLMSFI,368,634.0
1302,HLA-DRB103:01,15941.9,ANZ78847,VKWPWYVWLLI,1302,635.0
1138,HLA-DRB103:01,15993.11,ANZ78847,GNHIISLVQNA,1138,636.0
1156,HLA-DRB103:01,16001.56,ANZ78847,HFSYVPTKYVT,1156,637.0
1108,HLA-DRB103:01,16011.52,ANZ78847,TLVKFSAAQAM,1108,638.0
1234,HLA-DRB103:01,16031.21,ANZ78847,SIPNLPDFREE,1234,639.0
709,HLA-DRB103:01,16087.44,ANZ78847,YVFNNSLTRQL,709,640.0
1190,HLA-DRB103:01,16151.87,ANZ78847,NVNNTWMYTGS,1190,641.0
191,HLA-DRB103:01,16166.05,ANZ78847,WHMDTGVVSCL,191,642.0
993,HLA-DRB103:01,16174.77,ANZ78847,NVQYRINGLGV,993,643.0
773,HLA-DRB103:01,16189.42,ANZ78847,RFTNFEPFTVN,773,644.0
769,HLA-DRB103:01,16210.81,ANZ78847,TTGYRFTNFEP,769,645.0
362,HLA-DRB103:01,16216.96,ANZ78847,KTFSNCNFNMS,362,646.0
287,HLA-DRB103:01,16229.61,ANZ78847,QDGIIFNAVDC,287,647.0
41,HLA-DRB103:01,16249.86,ANZ78847,TATVDVTNGLG,41,648.0
1149,HLA-DRB103:01,16256.97,ANZ78847,PYGLYFIHFSY,1149,649.0
1059,HLA-DRB103:01,16269.28,ANZ78847,SNRFGAISSSL,1059,650.0
1083,HLA-DRB103:01,16286.27,ANZ78847,AQIDRLINGRL,1083,651.0
1342,HLA-DRB103:01,16312.18,ANZ78847,GCCDDYTGYQE,1342,652.0
583,HLA-DRB103:01,16375.41,ANZ78847,LGWSADSCLQG,583,653.0
143,HLA-DRB103:01,16388.23,ANZ78847,VQPRTINSTQD,143,654.0
649,HLA-DRB103:01,16406.51,ANZ78847,TYYNSWQNLLY,649,655.0
954,HLA-DRB103:01,16460.75,ANZ78847,IKVLPPLLSEN,954,656.0
743,HLA-DRB103:01,16472.62,ANZ78847,VQTCDLTVGSG,743,657.0
1256,HLA-DRB103:01,16473.1,ANZ78847,APDLALDYINV,1256,658.0
69,HLA-DRB103:01,16505.84,ANZ78847,GYYPTSGSTYR,69,659.0
869,HLA-DRB103:01,16518.08,ANZ78847,NSLMNGVTLST,869,660.0
1197,HLA-DRB103:01,16545.04,ANZ78847,YTGSGYYYPEP,1197,661.0
1291,HLA-DRB103:01,16578.65,ANZ78847,NLKDIGTYEYY,1291,662.0
981,HLA-DRB103:01,16600.49,ANZ78847,PWTAAAGVPFY,981,663.0
118,HLA-DRB103:01,16607.19,ANZ78847,DGVMYSEFPAI,118,664.0
1322,HLA-DRB103:01,16620.76,ANZ78847,LLFFICCCTGC,1322,665.0
261,HLA-DRB103:01,16648.88,ANZ78847,SRRNIGFTLEY,261,666.0
1169,HLA-DRB103:01,16657.56,ANZ78847,VSPGLCIAGDR,1169,667.0
70,HLA-DRB103:01,16666.14,ANZ78847,YYPTSGSTYRN,70,668.0
802,HLA-DRB103:01,16684.39,ANZ78847,SDFTIGNMEEF,802,669.0
968,HLA-DRB103:01,16689.92,ANZ78847,GYTLAATSASL,968,670.0
204,HLA-DRB103:01,16716.48,ANZ78847,RNFTYDVNATY,204,671.0
207,HLA-DRB103:01,16774.81,ANZ78847,TYDVNATYLYF,207,672.0
1117,HLA-DRB103:01,16775.0,ANZ78847,AMEKVNECVKS,1117,673.0
105,HLA-DRB103:01,16796.84,ANZ78847,GIFAKVKNTKV,105,674.0
1076,HLA-DRB103:01,16799.06,ANZ78847,LDALEAEAQID,1076,675.0
117,HLA-DRB103:01,16800.09,ANZ78847,KDGVMYSEFPA,117,676.0
109,HLA-DRB103:01,16810.86,ANZ78847,KVKNTKVFKDG,109,677.0
794,HLA-DRB103:01,16828.18,ANZ78847,GLYEIQIPSDF,794,678.0
689,HLA-DRB103:01,16843.44,ANZ78847,AAFHANSSEPA,689,679.0
1081,HLA-DRB103:01,16852.88,ANZ78847,AEAQIDRLING,1081,680.0
1105,HLA-DRB103:01,16854.29,ANZ78847,SDSTLVKFSAA,1105,681.0
1276,HLA-DRB103:01,16858.28,ANZ78847,NRLQEAIKVLN,1276,682.0
633,HLA-DRB103:01,16862.91,ANZ78847,DLYGISGQGIF,633,683.0
777,HLA-DRB103:01,16900.37,ANZ78847,FEPFTVNSVND,777,684.0
690,HLA-DRB103:01,16900.91,ANZ78847,AFHANSSEPAL,690,685.0
1350,HLA-DRB103:01,16934.2,ANZ78847,YQELVIKTSHD,1350,686.0
840,HLA-DRB103:01,16949.19,ANZ78847,VEYGSFCDNIN,840,687.0
1348,HLA-DRB103:01,16952.64,ANZ78847,TGYQELVIKTS,1348,688.0
232,HLA-DRB103:01,16963.13,ANZ78847,DTGVVTKFLFN,232,689.0
175,HLA-DRB103:01,16987.42,ANZ78847,PHTICHPNLGN,175,690.0
1253,HLA-DRB103:01,16998.51,ANZ78847,TSVAPDLALDY,1253,691.0
184,HLA-DRB103:01,17006.98,ANZ78847,GNHFKELWHMD,184,692.0
1269,HLA-DRB103:01,17017.19,ANZ78847,LDLQVEMNRLQ,1269,693.0
1077,HLA-DRB103:01,17027.79,ANZ78847,DALEAEAQIDR,1077,694.0
827,HLA-DRB103:01,17049.56,ANZ78847,FVCGDYAACKS,827,695.0
1170,HLA-DRB103:01,17063.35,ANZ78847,SPGLCIAGDRG,1170,696.0
378,HLA-DRB103:01,17076.85,ANZ78847,IQADSFTCNNI,378,697.0
121,HLA-DRB103:01,17086.46,ANZ78847,MYSEFPAITIG,121,698.0
238,HLA-DRB103:01,17092.64,ANZ78847,KFLFNVYLGMA,238,699.0
64,HLA-DRB103:01,17140.49,ANZ78847,TLFLNGYYPTS,64,700.0
1092,HLA-DRB103:01,17143.39,ANZ78847,RLTALNAYVSQ,1092,701.0
266,HLA-DRB103:01,17177.9,ANZ78847,GFTLEYWVTPL,266,702.0
456,HLA-DRB103:01,17190.63,ANZ78847,PSTWNKRFGFI,456,703.0
1230,HLA-DRB103:01,17194.8,ANZ78847,MLNTSIPNLPD,1230,704.0
711,HLA-DRB103:01,17267.11,ANZ78847,FNNSLTRQLQP,711,705.0
667,HLA-DRB103:01,17276.32,ANZ78847,GFRDYLTNRTF,667,706.0
1222,HLA-DRB103:01,17300.13,ANZ78847,NYTKAPYVMLN,1222,707.0
957,HLA-DRB103:01,17314.08,ANZ78847,LPPLLSENQIS,957,708.0
445,HLA-DRB103:01,17316.0,ANZ78847,PAANVSVSRFN,445,709.0
120,HLA-DRB103:01,17346.98,ANZ78847,VMYSEFPAITI,120,710.0
1257,HLA-DRB103:01,17347.21,ANZ78847,PDLALDYINVT,1257,711.0
658,HLA-DRB103:01,17370.14,ANZ78847,LYDSNGNLYGF,658,712.0
1129,HLA-DRB103:01,17379.63,ANZ78847,SSRINFCGNGN,1129,713.0
1247,HLA-DRB103:01,17424.54,ANZ78847,QWFKNQTSVAP,1247,714.0
42,HLA-DRB103:01,17426.77,ANZ78847,ATVDVTNGLGT,42,715.0
1164,HLA-DRB103:01,17427.09,ANZ78847,YVTAKVSPGLC,1164,716.0
737,HLA-DRB103:01,17456.1,ANZ78847,NSTAISVQTCD,737,717.0
806,HLA-DRB103:01,17458.65,ANZ78847,IGNMEEFIQTS,806,718.0
1111,HLA-DRB103:01,17498.41,ANZ78847,KFSAAQAMEKV,1111,719.0
642,HLA-DRB103:01,17572.1,ANZ78847,IFVEVNATYYN,642,720.0
900,HLA-DRB103:01,17582.09,ANZ78847,CLGSECSKASS,900,721.0
453,HLA-DRB103:01,17615.07,ANZ78847,RFNPSTWNKRF,453,722.0
83,HLA-DRB103:01,17617.55,ANZ78847,LKGTDKLSTLW,83,723.0
668,HLA-DRB103:01,17662.73,ANZ78847,FRDYLTNRTFM,668,724.0
1203,HLA-DRB103:01,17671.53,ANZ78847,YYPEPITENNV,1203,725.0
578,HLA-DRB103:01,17676.67,ANZ78847,QPQAFLGWSAD,578,726.0
1004,HLA-DRB103:01,17732.71,ANZ78847,TMDVLSQNQKL,1004,727.0
1097,HLA-DRB103:01,17747.47,ANZ78847,NAYVSQQLSDS,1097,728.0
942,HLA-DRB103:01,17767.59,ANZ78847,IRDLICVQSYK,942,729.0
404,HLA-DRB103:01,17790.23,ANZ78847,DKFAIPNGRKV,404,730.0
765,HLA-DRB103:01,17803.15,ANZ78847,RRAITTGYRFT,765,731.0
1175,HLA-DRB103:01,17808.36,ANZ78847,IAGDRGIAPKS,1175,732.0
198,HLA-DRB103:01,17843.31,ANZ78847,VSCLYKRNFTY,198,733.0
622,HLA-DRB103:01,17872.19,ANZ78847,TDIKLGVCVNY,622,734.0
1143,HLA-DRB103:01,17876.88,ANZ78847,SLVQNAPYGLY,1143,735.0
641,HLA-DRB103:01,17916.67,ANZ78847,GIFVEVNATYY,641,736.0
879,HLA-DRB103:01,17936.53,ANZ78847,TKLKDGVNFNV,879,737.0
719,HLA-DRB103:01,17945.72,ANZ78847,LQPINYFDSYL,719,738.0
589,HLA-DRB103:01,17978.26,ANZ78847,SCLQGDKCNIF,589,739.0
878,HLA-DRB103:01,18012.39,ANZ78847,STKLKDGVNFN,878,740.0
1238,HLA-DRB103:01,18027.73,ANZ78847,LPDFREELDQW,1238,741.0
616,HLA-DRB103:01,18065.95,ANZ78847,DLQKANTDIKL,616,742.0
155,HLA-DRB103:01,18068.48,ANZ78847,VNKLQGLLEVS,155,743.0
717,HLA-DRB103:01,18145.01,ANZ78847,RQLQPINYFDS,717,744.0
185,HLA-DRB103:01,18147.98,ANZ78847,NHFKELWHMDT,185,745.0
637,HLA-DRB103:01,18154.77,ANZ78847,ISGQGIFVEVN,637,746.0
792,HLA-DRB103:01,18183.61,ANZ78847,VGGLYEIQIPS,792,747.0
354,HLA-DRB103:01,18221.9,ANZ78847,PSPLNWERKTF,354,748.0
63,HLA-DRB103:01,18234.97,ANZ78847,TTLFLNGYYPT,63,749.0
1157,HLA-DRB103:01,18241.92,ANZ78847,FSYVPTKYVTA,1157,750.0
1296,HLA-DRB103:01,18243.39,ANZ78847,GTYEYYVKWPW,1296,751.0
906,HLA-DRB103:01,18280.16,ANZ78847,SKASSRSAIED,906,752.0
490,HLA-DRB103:01,18339.58,ANZ78847,CFKAPKNFCPC,490,753.0
235,HLA-DRB103:01,18370.21,ANZ78847,VVTKFLFNVYL,235,754.0
1007,HLA-DRB103:01,18475.46,ANZ78847,VLSQNQKLIAN,1007,755.0
970,HLA-DRB103:01,18475.64,ANZ78847,TLAATSASLFP,970,756.0
447,HLA-DRB103:01,18479.05,ANZ78847,ANVSVSRFNPS,447,757.0
224,HLA-DRB103:01,18482.67,ANZ78847,GTFYAYFTDTG,224,758.0
247,HLA-DRB103:01,18504.84,ANZ78847,MALSHYYVMPL,247,759.0
725,HLA-DRB103:01,18517.07,ANZ78847,FDSYLGCVVNA,725,760.0
847,HLA-DRB103:01,18539.55,ANZ78847,DNINAILTEVN,847,761.0
1159,HLA-DRB103:01,18570.9,ANZ78847,YVPTKYVTAKV,1159,762.0
1133,HLA-DRB103:01,18572.79,ANZ78847,NFCGNGNHIIS,1133,763.0
1091,HLA-DRB103:01,18593.39,ANZ78847,GRLTALNAYVS,1091,764.0
561,HLA-DRB103:01,18595.22,ANZ78847,SGLAVKSDYCG,561,765.0
174,HLA-DRB103:01,18621.66,ANZ78847,YPHTICHPNLG,174,766.0
414,HLA-DRB103:01,18631.53,ANZ78847,VDLQLGNLGYL,414,767.0
655,HLA-DRB103:01,18677.53,ANZ78847,QNLLYDSNGNL,655,768.0
32,HLA-DRB103:01,18683.19,ANZ78847,IDTGPPSISTA,32,769.0
116,HLA-DRB103:01,18699.76,ANZ78847,FKDGVMYSEFP,116,770.0
891,HLA-DRB103:01,18709.93,ANZ78847,DINFSSVLGCL,891,771.0
744,HLA-DRB103:01,18737.7,ANZ78847,QTCDLTVGSGY,744,772.0
454,HLA-DRB103:01,18741.82,ANZ78847,FNPSTWNKRFG,454,773.0
369,HLA-DRB103:01,18797.13,ANZ78847,FNMSSLMSFIQ,369,774.0
593,HLA-DRB103:01,18807.37,ANZ78847,GDKCNIFANLI,593,775.0
286,HLA-DRB103:01,18817.74,ANZ78847,NQDGIIFNAVD,286,776.0
431,HLA-DRB103:01,18859.9,ANZ78847,IDTTATSCQLY,431,777.0
666,HLA-DRB103:01,18912.91,ANZ78847,YGFRDYLTNRT,666,778.0
831,HLA-DRB103:01,19002.42,ANZ78847,DYAACKSQLVE,831,779.0
531,HLA-DRB103:01,19002.75,ANZ78847,HNLCNPDPITF,531,780.0
1116,HLA-DRB103:01,19012.18,ANZ78847,QAMEKVNECVK,1116,781.0
1219,HLA-DRB103:01,19015.7,ANZ78847,CAVNYTKAPYV,1219,782.0
271,HLA-DRB103:01,19020.32,ANZ78847,YWVTPLTSRQY,271,783.0
527,HLA-DRB103:01,19021.11,ANZ78847,YLTCHNLCNPD,527,784.0
674,HLA-DRB103:01,19027.07,ANZ78847,NRTFMIRSCYS,674,785.0
1259,HLA-DRB103:01,19037.16,ANZ78847,LALDYINVTFL,1259,786.0
789,HLA-DRB103:01,19049.46,ANZ78847,LEPVGGLYEIQ,789,787.0
1148,HLA-DRB103:01,19096.39,ANZ78847,APYGLYFIHFS,1148,788.0
193,HLA-DRB103:01,19111.57,ANZ78847,MDTGVVSCLYK,193,789.0
482,HLA-DRB103:01,19168.49,ANZ78847,HDVVYAQHCFK,482,790.0
169,HLA-DRB103:01,19176.39,ANZ78847,YNMCEYPHTIC,169,791.0
723,HLA-DRB103:01,19191.91,ANZ78847,NYFDSYLGCVV,723,792.0
1243,HLA-DRB103:01,19204.33,ANZ78847,EELDQWFKNQT,1243,793.0
587,HLA-DRB103:01,19212.47,ANZ78847,ADSCLQGDKCN,587,794.0
138,HLA-DRB103:01,19222.21,ANZ78847,SYSVVVQPRTI,138,795.0
1205,HLA-DRB103:01,19233.48,ANZ78847,PEPITENNVVV,1205,796.0
409,HLA-DRB103:01,19266.87,ANZ78847,PNGRKVDLQLG,409,797.0
380,HLA-DRB103:01,19296.05,ANZ78847,ADSFTCNNIDA,380,798.0
403,HLA-DRB103:01,19309.65,ANZ78847,IDKFAIPNGRK,403,799.0
448,HLA-DRB103:01,19314.21,ANZ78847,NVSVSRFNPST,448,800.0
1012,HLA-DRB103:01,19322.98,ANZ78847,QKLIANAFNNA,1012,801.0
166,HLA-DRB103:01,19325.65,ANZ78847,VCQYNMCEYPH,166,802.0
1330,HLA-DRB103:01,19361.53,ANZ78847,TGCGTSCFKKC,1330,803.0
446,HLA-DRB103:01,19364.12,ANZ78847,AANVSVSRFNP,446,804.0
834,HLA-DRB103:01,19368.04,ANZ78847,ACKSQLVEYGS,834,805.0
57,HLA-DRB103:01,19392.31,ANZ78847,DRVYLNTTLFL,57,806.0
1196,HLA-DRB103:01,19405.35,ANZ78847,MYTGSGYYYPE,1196,807.0
144,HLA-DRB103:01,19410.41,ANZ78847,QPRTINSTQDG,144,808.0
836,HLA-DRB103:01,19522.8,ANZ78847,KSQLVEYGSFC,836,809.0
172,HLA-DRB103:01,19532.27,ANZ78847,CEYPHTICHPN,172,810.0
0,HLA-DRB103:01,19663.16,ANZ78847,MFLILLISLPT,0,811.0
1315,HLA-DRB103:01,19664.02,ANZ78847,AGVAMLVLLFF,1315,812.0
971,HLA-DRB103:01,19665.19,ANZ78847,LAATSASLFPP,971,813.0
868,HLA-DRB103:01,19711.77,ANZ78847,ANSLMNGVTLS,868,814.0
995,HLA-DRB103:01,19722.24,ANZ78847,QYRINGLGVTM,995,815.0
1272,HLA-DRB103:01,19733.8,ANZ78847,QVEMNRLQEAI,1272,816.0
1199,HLA-DRB103:01,19804.86,ANZ78847,GSGYYYPEPIT,1199,817.0
148,HLA-DRB103:01,19828.88,ANZ78847,INSTQDGVNKL,148,818.0
444,HLA-DRB103:01,19856.35,ANZ78847,LPAANVSVSRF,444,819.0
770,HLA-DRB103:01,19862.51,ANZ78847,TGYRFTNFEPF,770,820.0
1146,HLA-DRB103:01,19878.61,ANZ78847,QNAPYGLYFIH,1146,821.0
123,HLA-DRB103:01,19885.48,ANZ78847,SEFPAITIGST,123,822.0
1242,HLA-DRB103:01,19924.92,ANZ78847,REELDQWFKNQ,1242,823.0
205,HLA-DRB103:01,19949.7,ANZ78847,NFTYDVNATYL,205,824.0
92,HLA-DRB103:01,19952.43,ANZ78847,LWFKPPFLSDF,92,825.0
415,HLA-DRB103:01,19956.63,ANZ78847,DLQLGNLGYLQ,415,826.0
1053,HLA-DRB103:01,19965.48,ANZ78847,NLLQQLSNRFG,1053,827.0
532,HLA-DRB103:01,20005.92,ANZ78847,NLCNPDPITFT,532,828.0
540,HLA-DRB103:01,20007.91,ANZ78847,TFTGPYKCPQS,540,829.0
694,HLA-DRB103:01,20017.83,ANZ78847,NSSEPALLFRN,694,830.0
469,HLA-DRB103:01,20062.68,ANZ78847,SVFKPQPAGVL,469,831.0
1066,HLA-DRB103:01,20087.24,ANZ78847,SSSLQEILSRL,1066,832.0
715,HLA-DRB103:01,20101.84,ANZ78847,LTRQLQPINYF,715,833.0
1251,HLA-DRB103:01,20105.93,ANZ78847,NQTSVAPDLAL,1251,834.0
662,HLA-DRB103:01,20129.37,ANZ78847,NGNLYGFRDYL,662,835.0
208,HLA-DRB103:01,20146.43,ANZ78847,YDVNATYLYFH,208,836.0
1099,HLA-DRB103:01,20155.79,ANZ78847,YVSQQLSDSTL,1099,837.0
99,HLA-DRB103:01,20169.86,ANZ78847,LSDFINGIFAK,99,838.0
147,HLA-DRB103:01,20171.12,ANZ78847,TINSTQDGVNK,147,839.0
732,HLA-DRB103:01,20212.54,ANZ78847,VVNAYNSTAIS,732,840.0
334,HLA-DRB103:01,20224.84,ANZ78847,RRKPDLPNCNI,334,841.0
265,HLA-DRB103:01,20233.75,ANZ78847,IGFTLEYWVTP,265,842.0
79,HLA-DRB103:01,20279.12,ANZ78847,RNMALKGTDKL,79,843.0
285,HLA-DRB103:01,20292.29,ANZ78847,FNQDGIIFNAV,285,844.0
853,HLA-DRB103:01,20298.39,ANZ78847,LTEVNELLDTT,853,845.0
248,HLA-DRB103:01,20302.83,ANZ78847,ALSHYYVMPLT,248,846.0
768,HLA-DRB103:01,20311.35,ANZ78847,ITTGYRFTNFE,768,847.0
1246,HLA-DRB103:01,20357.65,ANZ78847,DQWFKNQTSVA,1246,848.0
212,HLA-DRB103:01,20387.97,ANZ78847,ATYLYFHFYQE,212,849.0
361,HLA-DRB103:01,20411.8,ANZ78847,RKTFSNCNFNM,361,850.0
823,HLA-DRB103:01,20438.61,ANZ78847,DCAAFVCGDYA,823,851.0
1106,HLA-DRB103:01,20460.56,ANZ78847,DSTLVKFSAAQ,1106,852.0
1075,HLA-DRB103:01,20474.56,ANZ78847,RLDALEAEAQI,1075,853.0
240,HLA-DRB103:01,20523.82,ANZ78847,LFNVYLGMALS,240,854.0
604,HLA-DRB103:01,20601.07,ANZ78847,LHDVNSGLTCS,604,855.0
801,HLA-DRB103:01,20637.94,ANZ78847,PSDFTIGNMEE,801,856.0
131,HLA-DRB103:01,20692.51,ANZ78847,GSTFVNTSYSV,131,857.0
783,HLA-DRB103:01,20694.91,ANZ78847,NSVNDSLEPVG,783,858.0
747,HLA-DRB103:01,20712.35,ANZ78847,DLTVGSGYCVD,747,859.0
558,HLA-DRB103:01,20716.93,ANZ78847,EHCSGLAVKSD,558,860.0
1023,HLA-DRB103:01,20721.82,ANZ78847,LDAIQEGFDAT,1023,861.0
1181,HLA-DRB103:01,20766.52,ANZ78847,IAPKSGYFVNV,1181,862.0
902,HLA-DRB103:01,20869.24,ANZ78847,GSECSKASSRS,902,863.0
1050,HLA-DRB103:01,20870.02,ANZ78847,ALNNLLQQLSN,1050,864.0
84,HLA-DRB103:01,20922.62,ANZ78847,KGTDKLSTLWF,84,865.0
862,HLA-DRB103:01,20930.58,ANZ78847,TTQLQVANSLM,862,866.0
594,HLA-DRB103:01,20932.51,ANZ78847,DKCNIFANLIL,594,867.0
497,HLA-DRB103:01,20949.98,ANZ78847,FCPCKSNSSLC,497,868.0
140,HLA-DRB103:01,20977.83,ANZ78847,SVVVQPRTINS,140,869.0
363,HLA-DRB103:01,21069.28,ANZ78847,TFSNCNFNMSS,363,870.0
1145,HLA-DRB103:01,21091.28,ANZ78847,VQNAPYGLYFI,1145,871.0
249,HLA-DRB103:01,21099.56,ANZ78847,LSHYYVMPLTC,249,872.0
1144,HLA-DRB103:01,21113.75,ANZ78847,LVQNAPYGLYF,1144,873.0
808,HLA-DRB103:01,21116.82,ANZ78847,NMEEFIQTSSP,808,874.0
643,HLA-DRB103:01,21131.89,ANZ78847,FVEVNATYYNS,643,875.0
1299,HLA-DRB103:01,21141.36,ANZ78847,EYYVKWPWYVW,1299,876.0
1093,HLA-DRB103:01,21142.64,ANZ78847,LTALNAYVSQQ,1093,877.0
309,HLA-DRB103:01,21166.52,ANZ78847,TQSIAPPTGVY,309,878.0
864,HLA-DRB103:01,21192.73,ANZ78847,QLQVANSLMNG,864,879.0
903,HLA-DRB103:01,21211.18,ANZ78847,SECSKASSRSA,903,880.0
223,HLA-DRB103:01,21224.12,ANZ78847,GGTFYAYFTDT,223,881.0
310,HLA-DRB103:01,21242.1,ANZ78847,QSIAPPTGVYE,310,882.0
159,HLA-DRB103:01,21252.03,ANZ78847,QGLLEVSVCQY,159,883.0
407,HLA-DRB103:01,21275.29,ANZ78847,AIPNGRKVDLQ,407,884.0
828,HLA-DRB103:01,21280.89,ANZ78847,VCGDYAACKSQ,828,885.0
1180,HLA-DRB103:01,21289.87,ANZ78847,GIAPKSGYFVN,1180,886.0
863,HLA-DRB103:01,21324.99,ANZ78847,TQLQVANSLMN,863,887.0
607,HLA-DRB103:01,21326.16,ANZ78847,VNSGLTCSTDL,607,888.0
65,HLA-DRB103:01,21340.68,ANZ78847,LFLNGYYPTSG,65,889.0
1022,HLA-DRB103:01,21355.64,ANZ78847,ALDAIQEGFDA,1022,890.0
935,HLA-DRB103:01,21390.4,ANZ78847,NCTGGAEIRDL,935,891.0
22,HLA-DRB103:01,21410.38,ANZ78847,LDSRTGSLNNI,22,892.0
904,HLA-DRB103:01,21431.94,ANZ78847,ECSKASSRSAI,904,893.0
1110,HLA-DRB103:01,21452.35,ANZ78847,VKFSAAQAMEK,1110,894.0
800,HLA-DRB103:01,21491.61,ANZ78847,IPSDFTIGNME,800,895.0
620,HLA-DRB103:01,21530.44,ANZ78847,ANTDIKLGVCV,620,896.0
1351,HLA-DRB103:01,21572.82,ANZ78847,QELVIKTSHDD,1351,897.0
1017,HLA-DRB103:01,21579.76,ANZ78847,NAFNNALDAIQ,1017,898.0
1236,HLA-DRB103:01,21595.42,ANZ78847,PNLPDFREELD,1236,899.0
1226,HLA-DRB103:01,21636.73,ANZ78847,APYVMLNTSIP,1226,900.0
1107,HLA-DRB103:01,21695.25,ANZ78847,STLVKFSAAQA,1107,901.0
1223,HLA-DRB103:01,21719.99,ANZ78847,YTKAPYVMLNT,1223,902.0
390,HLA-DRB103:01,21739.53,ANZ78847,AAKIYGMCFSS,390,903.0
822,HLA-DRB103:01,21752.91,ANZ78847,IDCAAFVCGDY,822,904.0
529,HLA-DRB103:01,21753.45,ANZ78847,TCHNLCNPDPI,529,905.0
681,HLA-DRB103:01,21760.9,ANZ78847,SCYSGRVSAAF,681,906.0
1037,HLA-DRB103:01,21784.51,ANZ78847,LVKIQAVVNAN,1037,907.0
807,HLA-DRB103:01,21795.74,ANZ78847,GNMEEFIQTSS,807,908.0
638,HLA-DRB103:01,21816.45,ANZ78847,SGQGIFVEVNA,638,909.0
682,HLA-DRB103:01,21843.32,ANZ78847,CYSGRVSAAFH,682,910.0
1038,HLA-DRB103:01,21865.33,ANZ78847,VKIQAVVNANA,1038,911.0
525,HLA-DRB103:01,21884.01,ANZ78847,TNYLTCHNLCN,525,912.0
545,HLA-DRB103:01,21926.17,ANZ78847,YKCPQSKSLVG,545,913.0
317,HLA-DRB103:01,21934.44,ANZ78847,GVYELNGYTVQ,317,914.0
46,HLA-DRB103:01,22001.83,ANZ78847,VTNGLGTYYVL,46,915.0
785,HLA-DRB103:01,22023.33,ANZ78847,VNDSLEPVGGL,785,916.0
1165,HLA-DRB103:01,22041.49,ANZ78847,VTAKVSPGLCI,1165,917.0
449,HLA-DRB103:01,22060.56,ANZ78847,VSVSRFNPSTW,449,918.0
1316,HLA-DRB103:01,22094.35,ANZ78847,GVAMLVLLFFI,1316,919.0
1135,HLA-DRB103:01,22135.07,ANZ78847,CGNGNHIISLV,1135,920.0
263,HLA-DRB103:01,22147.46,ANZ78847,RNIGFTLEYWV,263,921.0
573,HLA-DRB103:01,22159.85,ANZ78847,NPCTCQPQAFL,573,922.0
748,HLA-DRB103:01,22173.16,ANZ78847,LTVGSGYCVDY,748,923.0
154,HLA-DRB103:01,22210.9,ANZ78847,GVNKLQGLLEV,154,924.0
471,HLA-DRB103:01,22237.46,ANZ78847,FKPQPAGVLTN,471,925.0
136,HLA-DRB103:01,22259.96,ANZ78847,NTSYSVVVQPR,136,926.0
30,HLA-DRB103:01,22289.76,ANZ78847,NNIDTGPPSIS,30,927.0
1217,HLA-DRB103:01,22298.03,ANZ78847,STCAVNYTKAP,1217,928.0
370,HLA-DRB103:01,22341.14,ANZ78847,NMSSLMSFIQA,370,929.0
965,HLA-DRB103:01,22347.24,ANZ78847,QISGYTLAATS,965,930.0
74,HLA-DRB103:01,22349.14,ANZ78847,SGSTYRNMALK,74,931.0
356,HLA-DRB103:01,22383.8,ANZ78847,PLNWERKTFSN,356,932.0
389,HLA-DRB103:01,22435.88,ANZ78847,DAAKIYGMCFS,389,933.0
498,HLA-DRB103:01,22438.55,ANZ78847,CPCKSNSSLCV,498,934.0
1277,HLA-DRB103:01,22440.07,ANZ78847,RLQEAIKVLNQ,1277,935.0
268,HLA-DRB103:01,22443.94,ANZ78847,TLEYWVTPLTS,268,936.0
501,HLA-DRB103:01,22451.49,ANZ78847,KSNSSLCVGSG,501,937.0
360,HLA-DRB103:01,22485.28,ANZ78847,ERKTFSNCNFN,360,938.0
648,HLA-DRB103:01,22546.58,ANZ78847,ATYYNSWQNLL,648,939.0
1306,HLA-DRB103:01,22565.28,ANZ78847,WYVWLLICLAG,1306,940.0
306,HLA-DRB103:01,22567.44,ANZ78847,KCKTQSIAPPT,306,941.0
892,HLA-DRB103:01,22583.02,ANZ78847,INFSSVLGCLG,892,942.0
528,HLA-DRB103:01,22610.0,ANZ78847,LTCHNLCNPDP,528,943.0
379,HLA-DRB103:01,22619.7,ANZ78847,QADSFTCNNID,379,944.0
1026,HLA-DRB103:01,22631.74,ANZ78847,IQEGFDATNSA,1026,945.0
1250,HLA-DRB103:01,22644.12,ANZ78847,KNQTSVAPDLA,1250,946.0
1324,HLA-DRB103:01,22660.24,ANZ78847,FFICCCTGCGT,1324,947.0
703,HLA-DRB103:01,22670.86,ANZ78847,RNIKCNYVFNN,703,948.0
412,HLA-DRB103:01,22684.52,ANZ78847,RKVDLQLGNLG,412,949.0
1153,HLA-DRB103:01,22700.5,ANZ78847,YFIHFSYVPTK,1153,950.0
1204,HLA-DRB103:01,22706.21,ANZ78847,YPEPITENNVV,1204,951.0
307,HLA-DRB103:01,22734.75,ANZ78847,CKTQSIAPPTG,307,952.0
799,HLA-DRB103:01,22737.96,ANZ78847,QIPSDFTIGNM,799,953.0
433,HLA-DRB103:01,22755.96,ANZ78847,TTATSCQLYYN,433,954.0
933,HLA-DRB103:01,22776.54,ANZ78847,YNNCTGGAEIR,933,955.0
548,HLA-DRB103:01,22857.37,ANZ78847,PQSKSLVGIGE,548,956.0
553,HLA-DRB103:01,22912.61,ANZ78847,LVGIGEHCSGL,553,957.0
192,HLA-DRB103:01,22945.12,ANZ78847,HMDTGVVSCLY,192,958.0
764,HLA-DRB103:01,22996.89,ANZ78847,SRRAITTGYRF,764,959.0
1321,HLA-DRB103:01,23014.29,ANZ78847,VLLFFICCCTG,1321,960.0
606,HLA-DRB103:01,23064.77,ANZ78847,DVNSGLTCSTD,606,961.0
1314,HLA-DRB103:01,23121.55,ANZ78847,LAGVAMLVLLF,1314,962.0
934,HLA-DRB103:01,23158.0,ANZ78847,NNCTGGAEIRD,934,963.0
139,HLA-DRB103:01,23175.37,ANZ78847,YSVVVQPRTIN,139,964.0
1200,HLA-DRB103:01,23200.58,ANZ78847,SGYYYPEPITE,1200,965.0
964,HLA-DRB103:01,23220.38,ANZ78847,NQISGYTLAAT,964,966.0
338,HLA-DRB103:01,23288.07,ANZ78847,DLPNCNIEAWL,338,967.0
762,HLA-DRB103:01,23329.8,ANZ78847,RRSRRAITTGY,762,968.0
351,HLA-DRB103:01,23344.55,ANZ78847,KSVPSPLNWER,351,969.0
1051,HLA-DRB103:01,23350.14,ANZ78847,LNNLLQQLSNR,1051,970.0
956,HLA-DRB103:01,23398.53,ANZ78847,VLPPLLSENQI,956,971.0
557,HLA-DRB103:01,23402.97,ANZ78847,GEHCSGLAVKS,557,972.0
359,HLA-DRB103:01,23465.64,ANZ78847,WERKTFSNCNF,359,973.0
417,HLA-DRB103:01,23477.98,ANZ78847,QLGNLGYLQSF,417,974.0
1112,HLA-DRB103:01,23511.39,ANZ78847,FSAAQAMEKVN,1112,975.0
388,HLA-DRB103:01,23521.96,ANZ78847,IDAAKIYGMCF,388,976.0
1235,HLA-DRB103:01,23536.7,ANZ78847,IPNLPDFREEL,1235,977.0
640,HLA-DRB103:01,23557.89,ANZ78847,QGIFVEVNATY,640,978.0
470,HLA-DRB103:01,23584.09,ANZ78847,VFKPQPAGVLT,470,979.0
24,HLA-DRB103:01,23587.32,ANZ78847,SRTGSLNNIDT,24,980.0
756,HLA-DRB103:01,23597.77,ANZ78847,VDYSKNRRSRR,756,981.0
1307,HLA-DRB103:01,23606.58,ANZ78847,YVWLLICLAGV,1307,982.0
763,HLA-DRB103:01,23633.22,ANZ78847,RSRRAITTGYR,763,983.0
217,HLA-DRB103:01,23642.96,ANZ78847,FHFYQEGGTFY,217,984.0
1073,HLA-DRB103:01,23650.47,ANZ78847,LSRLDALEAEA,1073,985.0
963,HLA-DRB103:01,23657.89,ANZ78847,ENQISGYTLAA,963,986.0
837,HLA-DRB103:01,23706.9,ANZ78847,SQLVEYGSFCD,837,987.0
980,HLA-DRB103:01,23721.5,ANZ78847,PPWTAAAGVPF,980,988.0
962,HLA-DRB103:01,23767.79,ANZ78847,SENQISGYTLA,962,989.0
316,HLA-DRB103:01,23799.38,ANZ78847,TGVYELNGYTV,316,990.0
487,HLA-DRB103:01,23811.48,ANZ78847,AQHCFKAPKNF,487,991.0
1245,HLA-DRB103:01,23849.88,ANZ78847,LDQWFKNQTSV,1245,992.0
927,HLA-DRB103:01,23877.48,ANZ78847,VGFVAAYNNCT,927,993.0
173,HLA-DRB103:01,23960.28,ANZ78847,EYPHTICHPNL,173,994.0
897,HLA-DRB103:01,23986.01,ANZ78847,VLGCLGSECSK,897,995.0
1249,HLA-DRB103:01,23990.77,ANZ78847,FKNQTSVAPDL,1249,996.0
276,HLA-DRB103:01,24001.88,ANZ78847,LTSRQYLLAFN,276,997.0
767,HLA-DRB103:01,24005.8,ANZ78847,AITTGYRFTNF,767,998.0
336,HLA-DRB103:01,24045.24,ANZ78847,KPDLPNCNIEA,336,999.0
1015,HLA-DRB103:01,24074.99,ANZ78847,IANAFNNALDA,1015,1000.0
1191,HLA-DRB103:01,24076.84,ANZ78847,VNNTWMYTGSG,1191,1001.0
308,HLA-DRB103:01,24114.86,ANZ78847,KTQSIAPPTGV,308,1002.0
1344,HLA-DRB103:01,24129.84,ANZ78847,CDDYTGYQELV,1344,1003.0
183,HLA-DRB103:01,24133.9,ANZ78847,LGNHFKELWHM,183,1004.0
137,HLA-DRB103:01,24160.32,ANZ78847,TSYSVVVQPRT,137,1005.0
124,HLA-DRB103:01,24163.69,ANZ78847,EFPAITIGSTF,124,1006.0
239,HLA-DRB103:01,24212.96,ANZ78847,FLFNVYLGMAL,239,1007.0
552,HLA-DRB103:01,24222.66,ANZ78847,SLVGIGEHCSG,552,1008.0
337,HLA-DRB103:01,24252.77,ANZ78847,PDLPNCNIEAW,337,1009.0
1331,HLA-DRB103:01,24303.54,ANZ78847,GCGTSCFKKCG,1331,1010.0
986,HLA-DRB103:01,24321.31,ANZ78847,AGVPFYLNVQY,986,1011.0
1297,HLA-DRB103:01,24368.94,ANZ78847,TYEYYVKWPWY,1297,1012.0
1279,HLA-DRB103:01,24392.55,ANZ78847,QEAIKVLNQSY,1279,1013.0
893,HLA-DRB103:01,24420.59,ANZ78847,NFSSVLGCLGS,893,1014.0
440,HLA-DRB103:01,24522.19,ANZ78847,LYYNLPAANVS,440,1015.0
543,HLA-DRB103:01,24527.13,ANZ78847,GPYKCPQSKSL,543,1016.0
586,HLA-DRB103:01,24537.11,ANZ78847,SADSCLQGDKC,586,1017.0
44,HLA-DRB103:01,24556.86,ANZ78847,VDVTNGLGTYY,44,1018.0
1178,HLA-DRB103:01,24594.68,ANZ78847,DRGIAPKSGYF,1178,1019.0
1337,HLA-DRB103:01,24594.96,ANZ78847,FKKCGGCCDDY,1337,1020.0
967,HLA-DRB103:01,24597.16,ANZ78847,SGYTLAATSAS,967,1021.0
503,HLA-DRB103:01,24611.29,ANZ78847,NSSLCVGSGPG,503,1022.0
181,HLA-DRB103:01,24624.37,ANZ78847,PNLGNHFKELW,181,1023.0
751,HLA-DRB103:01,24636.85,ANZ78847,GSGYCVDYSKN,751,1024.0
1016,HLA-DRB103:01,24653.49,ANZ78847,ANAFNNALDAI,1016,1025.0
357,HLA-DRB103:01,24664.52,ANZ78847,LNWERKTFSNC,357,1026.0
60,HLA-DRB103:01,24669.37,ANZ78847,YLNTTLFLNGY,60,1027.0
250,HLA-DRB103:01,24672.33,ANZ78847,SHYYVMPLTCI,250,1028.0
163,HLA-DRB103:01,24697.76,ANZ78847,EVSVCQYNMCE,163,1029.0
234,HLA-DRB103:01,24704.29,ANZ78847,GVVTKFLFNVY,234,1030.0
335,HLA-DRB103:01,24718.07,ANZ78847,RKPDLPNCNIE,335,1031.0
788,HLA-DRB103:01,24735.97,ANZ78847,SLEPVGGLYEI,788,1032.0
1094,HLA-DRB103:01,24752.58,ANZ78847,TALNAYVSQQL,1094,1033.0
411,HLA-DRB103:01,24762.67,ANZ78847,GRKVDLQLGNL,411,1034.0
418,HLA-DRB103:01,24783.86,ANZ78847,LGNLGYLQSFN,418,1035.0
315,HLA-DRB103:01,24852.71,ANZ78847,PTGVYELNGYT,315,1036.0
23,HLA-DRB103:01,24859.68,ANZ78847,DSRTGSLNNID,23,1037.0
1198,HLA-DRB103:01,24866.95,ANZ78847,TGSGYYYPEPI,1198,1038.0
661,HLA-DRB103:01,24869.88,ANZ78847,SNGNLYGFRDY,661,1039.0
984,HLA-DRB103:01,24877.42,ANZ78847,AAAGVPFYLNV,984,1040.0
1186,HLA-DRB103:01,24926.74,ANZ78847,GYFVNVNNTWM,1186,1041.0
158,HLA-DRB103:01,24980.91,ANZ78847,LQGLLEVSVCQ,158,1042.0
129,HLA-DRB103:01,25022.05,ANZ78847,TIGSTFVNTSY,129,1043.0
311,HLA-DRB103:01,25051.83,ANZ78847,SIAPPTGVYEL,311,1044.0
1128,HLA-DRB103:01,25077.44,ANZ78847,QSSRINFCGNG,1128,1045.0
778,HLA-DRB103:01,25089.43,ANZ78847,EPFTVNSVNDS,778,1046.0
542,HLA-DRB103:01,25094.36,ANZ78847,TGPYKCPQSKS,542,1047.0
644,HLA-DRB103:01,25117.14,ANZ78847,VEVNATYYNSW,644,1048.0
43,HLA-DRB103:01,25183.33,ANZ78847,TVDVTNGLGTY,43,1049.0
348,HLA-DRB103:01,25202.41,ANZ78847,LNDKSVPSPLN,348,1050.0
481,HLA-DRB103:01,25231.73,ANZ78847,NHDVVYAQHCF,481,1051.0
1244,HLA-DRB103:01,25234.06,ANZ78847,ELDQWFKNQTS,1244,1052.0
809,HLA-DRB103:01,25257.81,ANZ78847,MEEFIQTSSPK,809,1053.0
774,HLA-DRB103:01,25277.47,ANZ78847,FTNFEPFTVNS,774,1054.0
45,HLA-DRB103:01,25381.9,ANZ78847,DVTNGLGTYYV,45,1055.0
1232,HLA-DRB103:01,25382.48,ANZ78847,NTSIPNLPDFR,1232,1056.0
164,HLA-DRB103:01,25415.4,ANZ78847,VSVCQYNMCEY,164,1057.0
1304,HLA-DRB103:01,25436.8,ANZ78847,WPWYVWLLICL,1304,1058.0
171,HLA-DRB103:01,25454.35,ANZ78847,MCEYPHTICHP,171,1059.0
759,HLA-DRB103:01,25462.39,ANZ78847,SKNRRSRRAIT,759,1060.0
776,HLA-DRB103:01,25465.19,ANZ78847,NFEPFTVNSVN,776,1061.0
832,HLA-DRB103:01,25478.88,ANZ78847,YAACKSQLVEY,832,1062.0
1011,HLA-DRB103:01,25510.6,ANZ78847,NQKLIANAFNN,1011,1063.0
758,HLA-DRB103:01,25523.36,ANZ78847,YSKNRRSRRAI,758,1064.0
729,HLA-DRB103:01,25624.43,ANZ78847,LGCVVNAYNST,729,1065.0
29,HLA-DRB103:01,25661.9,ANZ78847,LNNIDTGPPSI,29,1066.0
899,HLA-DRB103:01,25663.36,ANZ78847,GCLGSECSKAS,899,1067.0
419,HLA-DRB103:01,25715.16,ANZ78847,GNLGYLQSFNY,419,1068.0
854,HLA-DRB103:01,25752.7,ANZ78847,TEVNELLDTTQ,854,1069.0
630,HLA-DRB103:01,25798.05,ANZ78847,VNYDLYGISGQ,630,1070.0
526,HLA-DRB103:01,25806.07,ANZ78847,NYLTCHNLCNP,526,1071.0
829,HLA-DRB103:01,25848.33,ANZ78847,CGDYAACKSQL,829,1072.0
695,HLA-DRB103:01,25860.35,ANZ78847,SSEPALLFRNI,695,1073.0
1349,HLA-DRB103:01,25863.96,ANZ78847,GYQELVIKTSH,1349,1074.0
749,HLA-DRB103:01,25894.02,ANZ78847,TVGSGYCVDYS,749,1075.0
787,HLA-DRB103:01,25906.88,ANZ78847,DSLEPVGGLYE,787,1076.0
1048,HLA-DRB103:01,25934.58,ANZ78847,AEALNNLLQQL,1048,1077.0
104,HLA-DRB103:01,25938.9,ANZ78847,NGIFAKVKNTK,104,1078.0
1052,HLA-DRB103:01,26019.14,ANZ78847,NNLLQQLSNRF,1052,1079.0
1313,HLA-DRB103:01,26023.9,ANZ78847,CLAGVAMLVLL,1313,1080.0
1179,HLA-DRB103:01,26038.71,ANZ78847,RGIAPKSGYFV,1179,1081.0
493,HLA-DRB103:01,26047.88,ANZ78847,APKNFCPCKSN,493,1082.0
692,HLA-DRB103:01,26053.69,ANZ78847,HANSSEPALLF,692,1083.0
746,HLA-DRB103:01,26072.19,ANZ78847,CDLTVGSGYCV,746,1084.0
894,HLA-DRB103:01,26172.6,ANZ78847,FSSVLGCLGSE,894,1085.0
537,HLA-DRB103:01,26269.12,ANZ78847,DPITFTGPYKC,537,1086.0
341,HLA-DRB103:01,26311.42,ANZ78847,NCNIEAWLNDK,341,1087.0
153,HLA-DRB103:01,26359.72,ANZ78847,DGVNKLQGLLE,153,1088.0
452,HLA-DRB103:01,26370.78,ANZ78847,SRFNPSTWNKR,452,1089.0
1343,HLA-DRB103:01,26385.66,ANZ78847,CCDDYTGYQEL,1343,1090.0
1126,HLA-DRB103:01,26477.63,ANZ78847,KSQSSRINFCG,1126,1091.0
1195,HLA-DRB103:01,26509.85,ANZ78847,WMYTGSGYYYP,1195,1092.0
210,HLA-DRB103:01,26523.28,ANZ78847,VNATYLYFHFY,210,1093.0
929,HLA-DRB103:01,26588.28,ANZ78847,FVAAYNNCTGG,929,1094.0
713,HLA-DRB103:01,26655.79,ANZ78847,NSLTRQLQPIN,713,1095.0
435,HLA-DRB103:01,26732.44,ANZ78847,ATSCQLYYNLP,435,1096.0
467,HLA-DRB103:01,26735.95,ANZ78847,EDSVFKPQPAG,467,1097.0
1132,HLA-DRB103:01,26845.7,ANZ78847,INFCGNGNHII,1132,1098.0
712,HLA-DRB103:01,26855.47,ANZ78847,NNSLTRQLQPI,712,1099.0
898,HLA-DRB103:01,26918.13,ANZ78847,LGCLGSECSKA,898,1100.0
1336,HLA-DRB103:01,26919.01,ANZ78847,CFKKCGGCCDD,1336,1101.0
179,HLA-DRB103:01,27038.13,ANZ78847,CHPNLGNHFKE,179,1102.0
673,HLA-DRB103:01,27038.37,ANZ78847,TNRTFMIRSCY,673,1103.0
930,HLA-DRB103:01,27056.49,ANZ78847,VAAYNNCTGGA,930,1104.0
441,HLA-DRB103:01,27062.33,ANZ78847,YYNLPAANVSV,441,1105.0
167,HLA-DRB103:01,27109.61,ANZ78847,CQYNMCEYPHT,167,1106.0
1301,HLA-DRB103:01,27129.35,ANZ78847,YVKWPWYVWLL,1301,1107.0
612,HLA-DRB103:01,27150.51,ANZ78847,TCSTDLQKANT,612,1108.0
1115,HLA-DRB103:01,27161.19,ANZ78847,AQAMEKVNECV,1115,1109.0
437,HLA-DRB103:01,27170.55,ANZ78847,SCQLYYNLPAA,437,1110.0
1218,HLA-DRB103:01,27199.61,ANZ78847,TCAVNYTKAPY,1218,1111.0
1194,HLA-DRB103:01,27206.92,ANZ78847,TWMYTGSGYYY,1194,1112.0
1182,HLA-DRB103:01,27227.8,ANZ78847,APKSGYFVNVN,1182,1113.0
67,HLA-DRB103:01,27254.47,ANZ78847,LNGYYPTSGST,67,1114.0
35,HLA-DRB103:01,27267.72,ANZ78847,GPPSISTATVD,35,1115.0
520,HLA-DRB103:01,27389.59,ANZ78847,TCPAGTNYLTC,520,1116.0
985,HLA-DRB103:01,27391.65,ANZ78847,AAGVPFYLNVQ,985,1117.0
1295,HLA-DRB103:01,27413.19,ANZ78847,IGTYEYYVKWP,1295,1118.0
833,HLA-DRB103:01,27426.0,ANZ78847,AACKSQLVEYG,833,1119.0
685,HLA-DRB103:01,27449.06,ANZ78847,GRVSAAFHANS,685,1120.0
745,HLA-DRB103:01,27497.27,ANZ78847,TCDLTVGSGYC,745,1121.0
430,HLA-DRB103:01,27500.47,ANZ78847,RIDTTATSCQL,430,1122.0
726,HLA-DRB103:01,27524.29,ANZ78847,DSYLGCVVNAY,726,1123.0
838,HLA-DRB103:01,27573.63,ANZ78847,QLVEYGSFCDN,838,1124.0
731,HLA-DRB103:01,27576.81,ANZ78847,CVVNAYNSTAI,731,1125.0
1216,HLA-DRB103:01,27583.08,ANZ78847,MSTCAVNYTKA,1216,1126.0
974,HLA-DRB103:01,27586.9,ANZ78847,TSASLFPPWTA,974,1127.0
1184,HLA-DRB103:01,27590.4,ANZ78847,KSGYFVNVNNT,1184,1128.0
220,HLA-DRB103:01,27616.29,ANZ78847,YQEGGTFYAYF,220,1129.0
615,HLA-DRB103:01,27643.56,ANZ78847,TDLQKANTDIK,615,1130.0
1176,HLA-DRB103:01,27704.93,ANZ78847,AGDRGIAPKSG,1176,1131.0
468,HLA-DRB103:01,27768.05,ANZ78847,DSVFKPQPAGV,468,1132.0
539,HLA-DRB103:01,27773.12,ANZ78847,ITFTGPYKCPQ,539,1133.0
165,HLA-DRB103:01,27789.39,ANZ78847,SVCQYNMCEYP,165,1134.0
364,HLA-DRB103:01,27791.49,ANZ78847,FSNCNFNMSSL,364,1135.0
62,HLA-DRB103:01,27816.91,ANZ78847,NTTLFLNGYYP,62,1136.0
564,HLA-DRB103:01,27849.88,ANZ78847,AVKSDYCGGNP,564,1137.0
1134,HLA-DRB103:01,27883.98,ANZ78847,FCGNGNHIISL,1134,1138.0
1008,HLA-DRB103:01,27896.5,ANZ78847,LSQNQKLIANA,1008,1139.0
262,HLA-DRB103:01,27916.14,ANZ78847,RRNIGFTLEYW,262,1140.0
1320,HLA-DRB103:01,27917.54,ANZ78847,LVLLFFICCCT,1320,1141.0
1294,HLA-DRB103:01,27995.92,ANZ78847,DIGTYEYYVKW,1294,1142.0
538,HLA-DRB103:01,27996.58,ANZ78847,PITFTGPYKCP,538,1143.0
489,HLA-DRB103:01,28023.9,ANZ78847,HCFKAPKNFCP,489,1144.0
966,HLA-DRB103:01,28058.24,ANZ78847,ISGYTLAATSA,966,1145.0
350,HLA-DRB103:01,28091.17,ANZ78847,DKSVPSPLNWE,350,1146.0
486,HLA-DRB103:01,28093.49,ANZ78847,YAQHCFKAPKN,486,1147.0
442,HLA-DRB103:01,28101.17,ANZ78847,YNLPAANVSVS,442,1148.0
551,HLA-DRB103:01,28108.47,ANZ78847,KSLVGIGEHCS,551,1149.0
750,HLA-DRB103:01,28118.19,ANZ78847,VGSGYCVDYSK,750,1150.0
687,HLA-DRB103:01,28220.94,ANZ78847,VSAAFHANSSE,687,1151.0
830,HLA-DRB103:01,28240.92,ANZ78847,GDYAACKSQLV,830,1152.0
991,HLA-DRB103:01,28253.28,ANZ78847,YLNVQYRINGL,991,1153.0
688,HLA-DRB103:01,28262.61,ANZ78847,SAAFHANSSEP,688,1154.0
1028,HLA-DRB103:01,28274.53,ANZ78847,EGFDATNSALV,1028,1155.0
928,HLA-DRB103:01,28288.05,ANZ78847,GFVAAYNNCTG,928,1156.0
480,HLA-DRB103:01,28303.52,ANZ78847,TNHDVVYAQHC,480,1157.0
40,HLA-DRB103:01,28344.59,ANZ78847,STATVDVTNGL,40,1158.0
556,HLA-DRB103:01,28347.5,ANZ78847,IGEHCSGLAVK,556,1159.0
314,HLA-DRB103:01,28364.76,ANZ78847,PPTGVYELNGY,314,1160.0
714,HLA-DRB103:01,28375.75,ANZ78847,SLTRQLQPINY,714,1161.0
860,HLA-DRB103:01,28404.45,ANZ78847,LDTTQLQVANS,860,1162.0
1025,HLA-DRB103:01,28434.69,ANZ78847,AIQEGFDATNS,1025,1163.0
432,HLA-DRB103:01,28456.45,ANZ78847,DTTATSCQLYY,432,1164.0
1210,HLA-DRB103:01,28514.24,ANZ78847,ENNVVVMSTCA,1210,1165.0
151,HLA-DRB103:01,28593.78,ANZ78847,TQDGVNKLQGL,151,1166.0
523,HLA-DRB103:01,28595.67,ANZ78847,AGTNYLTCHNL,523,1167.0
451,HLA-DRB103:01,28613.93,ANZ78847,VSRFNPSTWNK,451,1168.0
1308,HLA-DRB103:01,28662.89,ANZ78847,VWLLICLAGVA,1308,1169.0
211,HLA-DRB103:01,28693.14,ANZ78847,NATYLYFHFYQ,211,1170.0
353,HLA-DRB103:01,28700.4,ANZ78847,VPSPLNWERKT,353,1171.0
1325,HLA-DRB103:01,28726.6,ANZ78847,FICCCTGCGTS,1325,1172.0
926,HLA-DRB103:01,28739.13,ANZ78847,DVGFVAAYNNC,926,1173.0
1323,HLA-DRB103:01,28812.46,ANZ78847,LFFICCCTGCG,1323,1174.0
591,HLA-DRB103:01,28884.12,ANZ78847,LQGDKCNIFAN,591,1175.0
443,HLA-DRB103:01,28964.55,ANZ78847,NLPAANVSVSR,443,1176.0
1224,HLA-DRB103:01,28980.45,ANZ78847,TKAPYVMLNTS,1224,1177.0
1183,HLA-DRB103:01,28995.23,ANZ78847,PKSGYFVNVNN,1183,1178.0
505,HLA-DRB103:01,29053.49,ANZ78847,SLCVGSGPGKN,505,1179.0
209,HLA-DRB103:01,29067.83,ANZ78847,DVNATYLYFHF,209,1180.0
1293,HLA-DRB103:01,29114.94,ANZ78847,KDIGTYEYYVK,1293,1181.0
1167,HLA-DRB103:01,29123.72,ANZ78847,AKVSPGLCIAG,1167,1182.0
312,HLA-DRB103:01,29133.0,ANZ78847,IAPPTGVYELN,312,1183.0
1042,HLA-DRB103:01,29139.29,ANZ78847,AVVNANAEALN,1042,1184.0
277,HLA-DRB103:01,29142.0,ANZ78847,TSRQYLLAFNQ,277,1185.0
436,HLA-DRB103:01,29163.23,ANZ78847,TSCQLYYNLPA,436,1186.0
683,HLA-DRB103:01,29171.05,ANZ78847,YSGRVSAAFHA,683,1187.0
1089,HLA-DRB103:01,29221.24,ANZ78847,INGRLTALNAY,1089,1188.0
1147,HLA-DRB103:01,29242.01,ANZ78847,NAPYGLYFIHF,1147,1189.0
1300,HLA-DRB103:01,29262.67,ANZ78847,YYVKWPWYVWL,1300,1190.0
1090,HLA-DRB103:01,29274.27,ANZ78847,NGRLTALNAYV,1090,1191.0
605,HLA-DRB103:01,29285.24,ANZ78847,HDVNSGLTCST,605,1192.0
313,HLA-DRB103:01,29294.86,ANZ78847,APPTGVYELNG,313,1193.0
647,HLA-DRB103:01,29306.13,ANZ78847,NATYYNSWQNL,647,1194.0
533,HLA-DRB103:01,29314.45,ANZ78847,LCNPDPITFTG,533,1195.0
784,HLA-DRB103:01,29322.61,ANZ78847,SVNDSLEPVGG,784,1196.0
1333,HLA-DRB103:01,29364.26,ANZ78847,GTSCFKKCGGC,1333,1197.0
61,HLA-DRB103:01,29401.29,ANZ78847,LNTTLFLNGYY,61,1198.0
577,HLA-DRB103:01,29464.14,ANZ78847,CQPQAFLGWSA,577,1199.0
574,HLA-DRB103:01,29475.98,ANZ78847,PCTCQPQAFLG,574,1200.0
502,HLA-DRB103:01,29482.97,ANZ78847,SNSSLCVGSGP,502,1201.0
708,HLA-DRB103:01,29638.52,ANZ78847,NYVFNNSLTRQ,708,1202.0
786,HLA-DRB103:01,29717.6,ANZ78847,NDSLEPVGGLY,786,1203.0
485,HLA-DRB103:01,29814.94,ANZ78847,VYAQHCFKAPK,485,1204.0
142,HLA-DRB103:01,29826.74,ANZ78847,VVQPRTINSTQ,142,1205.0
1114,HLA-DRB103:01,29934.11,ANZ78847,AAQAMEKVNEC,1114,1206.0
494,HLA-DRB103:01,29992.84,ANZ78847,PKNFCPCKSNS,494,1207.0
575,HLA-DRB103:01,30003.62,ANZ78847,CTCQPQAFLGW,575,1208.0
242,HLA-DRB103:01,30014.66,ANZ78847,NVYLGMALSHY,242,1209.0
1231,HLA-DRB103:01,30038.43,ANZ78847,LNTSIPNLPDF,1231,1210.0
1010,HLA-DRB103:01,30044.56,ANZ78847,QNQKLIANAFN,1010,1211.0
518,HLA-DRB103:01,30085.16,ANZ78847,IGTCPAGTNYL,518,1212.0
439,HLA-DRB103:01,30089.91,ANZ78847,QLYYNLPAANV,439,1213.0
686,HLA-DRB103:01,30191.41,ANZ78847,RVSAAFHANSS,686,1214.0
221,HLA-DRB103:01,30252.28,ANZ78847,QEGGTFYAYFT,221,1215.0
1328,HLA-DRB103:01,30253.76,ANZ78847,CCTGCGTSCFK,1328,1216.0
1131,HLA-DRB103:01,30256.28,ANZ78847,RINFCGNGNHI,1131,1217.0
71,HLA-DRB103:01,30275.22,ANZ78847,YPTSGSTYRNM,71,1218.0
474,HLA-DRB103:01,30282.16,ANZ78847,QPAGVLTNHDV,474,1219.0
66,HLA-DRB103:01,30355.72,ANZ78847,FLNGYYPTSGS,66,1220.0
270,HLA-DRB103:01,30402.04,ANZ78847,EYWVTPLTSRQ,270,1221.0
704,HLA-DRB103:01,30457.17,ANZ78847,NIKCNYVFNNS,704,1222.0
168,HLA-DRB103:01,30457.95,ANZ78847,QYNMCEYPHTI,168,1223.0
775,HLA-DRB103:01,30465.2,ANZ78847,TNFEPFTVNSV,775,1224.0
566,HLA-DRB103:01,30499.18,ANZ78847,KSDYCGGNPCT,566,1225.0
28,HLA-DRB103:01,30530.01,ANZ78847,SLNNIDTGPPS,28,1226.0
978,HLA-DRB103:01,30641.34,ANZ78847,LFPPWTAAAGV,978,1227.0
547,HLA-DRB103:01,30722.87,ANZ78847,CPQSKSLVGIG,547,1228.0
73,HLA-DRB103:01,30753.85,ANZ78847,TSGSTYRNMAL,73,1229.0
730,HLA-DRB103:01,30783.04,ANZ78847,GCVVNAYNSTA,730,1230.0
559,HLA-DRB103:01,30785.39,ANZ78847,HCSGLAVKSDY,559,1231.0
152,HLA-DRB103:01,30853.71,ANZ78847,QDGVNKLQGLL,152,1232.0
1177,HLA-DRB103:01,30865.9,ANZ78847,GDRGIAPKSGY,1177,1233.0
835,HLA-DRB103:01,30880.13,ANZ78847,CKSQLVEYGSF,835,1234.0
646,HLA-DRB103:01,30926.12,ANZ78847,VNATYYNSWQN,646,1235.0
349,HLA-DRB103:01,30929.0,ANZ78847,NDKSVPSPLNW,349,1236.0
216,HLA-DRB103:01,30949.15,ANZ78847,YFHFYQEGGTF,216,1237.0
182,HLA-DRB103:01,30953.42,ANZ78847,NLGNHFKELWH,182,1238.0
180,HLA-DRB103:01,30992.25,ANZ78847,HPNLGNHFKEL,180,1239.0
728,HLA-DRB103:01,31004.52,ANZ78847,YLGCVVNAYNS,728,1240.0
55,HLA-DRB103:01,31084.49,ANZ78847,VLDRVYLNTTL,55,1241.0
514,HLA-DRB103:01,31108.2,ANZ78847,KNNGIGTCPAG,514,1242.0
506,HLA-DRB103:01,31119.37,ANZ78847,LCVGSGPGKNN,506,1243.0
1043,HLA-DRB103:01,31182.18,ANZ78847,VVNANAEALNN,1043,1244.0
492,HLA-DRB103:01,31199.92,ANZ78847,KAPKNFCPCKS,492,1245.0
170,HLA-DRB103:01,31209.33,ANZ78847,NMCEYPHTICH,170,1246.0
1009,HLA-DRB103:01,31246.31,ANZ78847,SQNQKLIANAF,1009,1247.0
515,HLA-DRB103:01,31483.81,ANZ78847,NNGIGTCPAGT,515,1248.0
6,HLA-DRB103:01,31537.39,ANZ78847,ISLPTAFAVIG,6,1249.0
78,HLA-DRB103:01,31547.74,ANZ78847,YRNMALKGTDK,78,1250.0
973,HLA-DRB103:01,31589.6,ANZ78847,ATSASLFPPWT,973,1251.0
975,HLA-DRB103:01,31590.56,ANZ78847,SASLFPPWTAA,975,1252.0
896,HLA-DRB103:01,31619.58,ANZ78847,SVLGCLGSECS,896,1253.0
554,HLA-DRB103:01,31657.93,ANZ78847,VGIGEHCSGLA,554,1254.0
495,HLA-DRB103:01,31675.33,ANZ78847,KNFCPCKSNSS,495,1255.0
450,HLA-DRB103:01,31772.96,ANZ78847,SVSRFNPSTWN,450,1256.0
473,HLA-DRB103:01,31831.46,ANZ78847,PQPAGVLTNHD,473,1257.0
1237,HLA-DRB103:01,31946.45,ANZ78847,NLPDFREELDQ,1237,1258.0
696,HLA-DRB103:01,31983.79,ANZ78847,SEPALLFRNIK,696,1259.0
572,HLA-DRB103:01,32034.46,ANZ78847,GNPCTCQPQAF,572,1260.0
727,HLA-DRB103:01,32036.22,ANZ78847,SYLGCVVNAYN,727,1261.0
541,HLA-DRB103:01,32071.78,ANZ78847,FTGPYKCPQSK,541,1262.0
613,HLA-DRB103:01,32075.19,ANZ78847,CSTDLQKANTD,613,1263.0
358,HLA-DRB103:01,32095.59,ANZ78847,NWERKTFSNCN,358,1264.0
961,HLA-DRB103:01,32140.47,ANZ78847,LSENQISGYTL,961,1265.0
510,HLA-DRB103:01,32148.38,ANZ78847,SGPGKNNGIGT,510,1266.0
150,HLA-DRB103:01,32162.18,ANZ78847,STQDGVNKLQG,150,1267.0
550,HLA-DRB103:01,32166.05,ANZ78847,SKSLVGIGEHC,550,1268.0
33,HLA-DRB103:01,32230.05,ANZ78847,DTGPPSISTAT,33,1269.0
1329,HLA-DRB103:01,32275.58,ANZ78847,CTGCGTSCFKK,1329,1270.0
565,HLA-DRB103:01,32324.54,ANZ78847,VKSDYCGGNPC,565,1271.0
434,HLA-DRB103:01,32365.33,ANZ78847,TATSCQLYYNL,434,1272.0
31,HLA-DRB103:01,32439.17,ANZ78847,NIDTGPPSIST,31,1273.0
1024,HLA-DRB103:01,32626.79,ANZ78847,DAIQEGFDATN,1024,1274.0
1327,HLA-DRB103:01,32676.49,ANZ78847,CCCTGCGTSCF,1327,1275.0
496,HLA-DRB103:01,32690.65,ANZ78847,NFCPCKSNSSL,496,1276.0
72,HLA-DRB103:01,32695.37,ANZ78847,PTSGSTYRNMA,72,1277.0
645,HLA-DRB103:01,32702.28,ANZ78847,EVNATYYNSWQ,645,1278.0
241,HLA-DRB103:01,32740.94,ANZ78847,FNVYLGMALSH,241,1279.0
491,HLA-DRB103:01,32766.54,ANZ78847,FKAPKNFCPCK,491,1280.0
972,HLA-DRB103:01,32832.24,ANZ78847,AATSASLFPPW,972,1281.0
1041,HLA-DRB103:01,32875.34,ANZ78847,QAVVNANAEAL,1041,1282.0
705,HLA-DRB103:01,32956.11,ANZ78847,IKCNYVFNNSL,705,1283.0
130,HLA-DRB103:01,33044.79,ANZ78847,IGSTFVNTSYS,130,1284.0
1040,HLA-DRB103:01,33062.98,ANZ78847,IQAVVNANAEA,1040,1285.0
568,HLA-DRB103:01,33111.53,ANZ78847,DYCGGNPCTCQ,568,1286.0
761,HLA-DRB103:01,33112.28,ANZ78847,NRRSRRAITTG,761,1287.0
614,HLA-DRB103:01,33131.87,ANZ78847,STDLQKANTDI,614,1288.0
976,HLA-DRB103:01,33149.11,ANZ78847,ASLFPPWTAAA,976,1289.0
178,HLA-DRB103:01,33168.49,ANZ78847,ICHPNLGNHFK,178,1290.0
1047,HLA-DRB103:01,33274.5,ANZ78847,NAEALNNLLQQ,1047,1291.0
352,HLA-DRB103:01,33308.58,ANZ78847,SVPSPLNWERK,352,1292.0
438,HLA-DRB103:01,33308.93,ANZ78847,CQLYYNLPAAN,438,1293.0
68,HLA-DRB103:01,33344.4,ANZ78847,NGYYPTSGSTY,68,1294.0
1185,HLA-DRB103:01,33353.58,ANZ78847,SGYFVNVNNTW,1185,1295.0
549,HLA-DRB103:01,33420.68,ANZ78847,QSKSLVGIGEH,549,1296.0
1335,HLA-DRB103:01,33540.95,ANZ78847,SCFKKCGGCCD,1335,1297.0
895,HLA-DRB103:01,33631.89,ANZ78847,SSVLGCLGSEC,895,1298.0
34,HLA-DRB103:01,33823.92,ANZ78847,TGPPSISTATV,34,1299.0
576,HLA-DRB103:01,33896.23,ANZ78847,TCQPQAFLGWS,576,1300.0
1039,HLA-DRB103:01,33957.32,ANZ78847,KIQAVVNANAE,1039,1301.0
861,HLA-DRB103:01,33986.71,ANZ78847,DTTQLQVANSL,861,1302.0
585,HLA-DRB103:01,34011.42,ANZ78847,WSADSCLQGDK,585,1303.0
757,HLA-DRB103:01,34103.46,ANZ78847,DYSKNRRSRRA,757,1304.0
1044,HLA-DRB103:01,34151.42,ANZ78847,VNANAEALNNL,1044,1305.0
519,HLA-DRB103:01,34165.73,ANZ78847,GTCPAGTNYLT,519,1306.0
569,HLA-DRB103:01,34182.1,ANZ78847,YCGGNPCTCQP,569,1307.0
684,HLA-DRB103:01,34190.25,ANZ78847,SGRVSAAFHAN,684,1308.0
1319,HLA-DRB103:01,34282.84,ANZ78847,MLVLLFFICCC,1319,1309.0
1193,HLA-DRB103:01,34302.89,ANZ78847,NTWMYTGSGYY,1193,1310.0
932,HLA-DRB103:01,34624.42,ANZ78847,AYNNCTGGAEI,932,1311.0
536,HLA-DRB103:01,34647.69,ANZ78847,PDPITFTGPYK,536,1312.0
979,HLA-DRB103:01,34664.93,ANZ78847,FPPWTAAAGVP,979,1313.0
1027,HLA-DRB103:01,34734.9,ANZ78847,QEGFDATNSAL,1027,1314.0
924,HLA-DRB103:01,34859.18,ANZ78847,LSDVGFVAAYN,924,1315.0
522,HLA-DRB103:01,34875.47,ANZ78847,PAGTNYLTCHN,522,1316.0
513,HLA-DRB103:01,34946.78,ANZ78847,GKNNGIGTCPA,513,1317.0
955,HLA-DRB103:01,35051.13,ANZ78847,KVLPPLLSENQ,955,1318.0
592,HLA-DRB103:01,35097.11,ANZ78847,QGDKCNIFANL,592,1319.0
1046,HLA-DRB103:01,35103.74,ANZ78847,ANAEALNNLLQ,1046,1320.0
504,HLA-DRB103:01,35119.17,ANZ78847,SSLCVGSGPGK,504,1321.0
149,HLA-DRB103:01,35288.32,ANZ78847,NSTQDGVNKLQ,149,1322.0
1317,HLA-DRB103:01,35320.05,ANZ78847,VAMLVLLFFIC,1317,1323.0
760,HLA-DRB103:01,35472.84,ANZ78847,KNRRSRRAITT,760,1324.0
1074,HLA-DRB103:01,35951.93,ANZ78847,SRLDALEAEAQ,1074,1325.0
1158,HLA-DRB103:01,35976.93,ANZ78847,SYVPTKYVTAK,1158,1326.0
977,HLA-DRB103:01,36001.26,ANZ78847,SLFPPWTAAAG,977,1327.0
571,HLA-DRB103:01,36140.47,ANZ78847,GGNPCTCQPQA,571,1328.0
1318,HLA-DRB103:01,36170.25,ANZ78847,AMLVLLFFICC,1318,1329.0
512,HLA-DRB103:01,36241.31,ANZ78847,PGKNNGIGTCP,512,1330.0
535,HLA-DRB103:01,36362.6,ANZ78847,NPDPITFTGPY,535,1331.0
555,HLA-DRB103:01,36444.78,ANZ78847,GIGEHCSGLAV,555,1332.0
472,HLA-DRB103:01,36446.29,ANZ78847,KPQPAGVLTNH,472,1333.0
1326,HLA-DRB103:01,36500.5,ANZ78847,ICCCTGCGTSC,1326,1334.0
1130,HLA-DRB103:01,36848.27,ANZ78847,SRINFCGNGNH,1130,1335.0
1192,HLA-DRB103:01,36848.28,ANZ78847,NNTWMYTGSGY,1192,1336.0
1113,HLA-DRB103:01,36977.74,ANZ78847,SAAQAMEKVNE,1113,1337.0
567,HLA-DRB103:01,37006.21,ANZ78847,SDYCGGNPCTC,567,1338.0
925,HLA-DRB103:01,37055.88,ANZ78847,SDVGFVAAYNN,925,1339.0
1334,HLA-DRB103:01,37091.25,ANZ78847,TSCFKKCGGCC,1334,1340.0
511,HLA-DRB103:01,37179.6,ANZ78847,GPGKNNGIGTC,511,1341.0
931,HLA-DRB103:01,37484.31,ANZ78847,AAYNNCTGGAE,931,1342.0
570,HLA-DRB103:01,37673.36,ANZ78847,CGGNPCTCQPQ,570,1343.0
508,HLA-DRB103:01,37777.15,ANZ78847,VGSGPGKNNGI,508,1344.0
516,HLA-DRB103:01,37777.95,ANZ78847,NGIGTCPAGTN,516,1345.0
1045,HLA-DRB103:01,37922.01,ANZ78847,NANAEALNNLL,1045,1346.0
176,HLA-DRB103:01,38903.69,ANZ78847,HTICHPNLGNH,176,1347.0
517,HLA-DRB103:01,39713.65,ANZ78847,GIGTCPAGTNY,517,1348.0
177,HLA-DRB103:01,39957.63,ANZ78847,TICHPNLGNHF,177,1349.0
521,HLA-DRB103:01,40737.0,ANZ78847,CPAGTNYLTCH,521,1350.0
509,HLA-DRB103:01,41022.85,ANZ78847,GSGPGKNNGIG,509,1351.0
507,HLA-DRB103:01,41172.39,ANZ78847,CVGSGPGKNNG,507,1352.0
1225,HLA-DRB104:01,55.34,ANZ78847,KAPYVMLNTSI,1225,1.0
1228,HLA-DRB104:01,87.82,ANZ78847,YVMLNTSIPNL,1228,2.0
1139,HLA-DRB104:01,114.04,ANZ78847,NHIISLVQNAP,1139,3.0
967,HLA-DRB104:01,114.94,ANZ78847,SGYTLAATSAS,967,4.0
1188,HLA-DRB104:01,122.4,ANZ78847,FVNVNNTWMYT,1188,5.0
951,HLA-DRB104:01,125.94,ANZ78847,YKGIKVLPPLL,951,6.0
969,HLA-DRB104:01,147.82,ANZ78847,YTLAATSASLF,969,7.0
244,HLA-DRB104:01,148.55,ANZ78847,YLGMALSHYYV,244,8.0
416,HLA-DRB104:01,154.56,ANZ78847,LQLGNLGYLQS,416,9.0
1060,HLA-DRB104:01,155.32,ANZ78847,NRFGAISSSLQ,1060,10.0
280,HLA-DRB104:01,162.59,ANZ78847,QYLLAFNQDGI,280,11.0
1058,HLA-DRB104:01,183.4,ANZ78847,LSNRFGAISSS,1058,12.0
968,HLA-DRB104:01,183.41,ANZ78847,GYTLAATSASL,968,13.0
680,HLA-DRB104:01,184.03,ANZ78847,RSCYSGRVSAA,680,14.0
950,HLA-DRB104:01,203.38,ANZ78847,SYKGIKVLPPL,950,15.0
982,HLA-DRB104:01,210.39,ANZ78847,WTAAAGVPFYL,982,16.0
677,HLA-DRB104:01,213.94,ANZ78847,FMIRSCYSGRV,677,17.0
369,HLA-DRB104:01,216.14,ANZ78847,FNMSSLMSFIQ,369,18.0
1061,HLA-DRB104:01,234.75,ANZ78847,RFGAISSSLQE,1061,19.0
1185,HLA-DRB104:01,246.78,ANZ78847,SGYFVNVNNTW,1185,20.0
366,HLA-DRB104:01,265.96,ANZ78847,NCNFNMSSLMS,366,21.0
319,HLA-DRB104:01,269.24,ANZ78847,YELNGYTVQPI,319,22.0
1248,HLA-DRB104:01,277.58,ANZ78847,WFKNQTSVAPD,1248,23.0
1186,HLA-DRB104:01,277.59,ANZ78847,GYFVNVNNTWM,1186,24.0
367,HLA-DRB104:01,289.51,ANZ78847,CNFNMSSLMSF,367,25.0
1,HLA-DRB104:01,293.82,ANZ78847,FLILLISLPTA,1,26.0
1227,HLA-DRB104:01,305.35,ANZ78847,PYVMLNTSIPN,1227,27.0
427,HLA-DRB104:01,312.15,ANZ78847,FNYRIDTTATS,427,28.0
365,HLA-DRB104:01,321.15,ANZ78847,SNCNFNMSSLM,365,29.0
245,HLA-DRB104:01,341.35,ANZ78847,LGMALSHYYVM,245,30.0
281,HLA-DRB104:01,343.66,ANZ78847,YLLAFNQDGII,281,31.0
1247,HLA-DRB104:01,344.43,ANZ78847,QWFKNQTSVAP,1247,32.0
251,HLA-DRB104:01,374.7,ANZ78847,HYYVMPLTCIS,251,33.0
1214,HLA-DRB104:01,376.94,ANZ78847,VVMSTCAVNYT,1214,34.0
735,HLA-DRB104:01,382.57,ANZ78847,AYNSTAISVQT,735,35.0
812,HLA-DRB104:01,392.62,ANZ78847,FIQTSSPKVTI,812,36.0
1109,HLA-DRB104:01,394.01,ANZ78847,LVKFSAAQAME,1109,37.0
156,HLA-DRB104:01,396.66,ANZ78847,NKLQGLLEVSV,156,38.0
871,HLA-DRB104:01,397.05,ANZ78847,LMNGVTLSTKL,871,39.0
2,HLA-DRB104:01,397.88,ANZ78847,LILLISLPTAF,2,40.0
1093,HLA-DRB104:01,402.45,ANZ78847,LTALNAYVSQQ,1093,41.0
690,HLA-DRB104:01,403.02,ANZ78847,AFHANSSEPAL,690,42.0
1187,HLA-DRB104:01,404.25,ANZ78847,YFVNVNNTWMY,1187,43.0
600,HLA-DRB104:01,408.89,ANZ78847,ANLILHDVNSG,600,44.0
676,HLA-DRB104:01,408.98,ANZ78847,TFMIRSCYSGR,676,45.0
114,HLA-DRB104:01,410.4,ANZ78847,KVFKDGVMYSE,114,46.0
361,HLA-DRB104:01,411.08,ANZ78847,RKTFSNCNFNM,361,47.0
219,HLA-DRB104:01,414.29,ANZ78847,FYQEGGTFYAY,219,48.0
464,HLA-DRB104:01,415.18,ANZ78847,GFIEDSVFKPQ,464,49.0
190,HLA-DRB104:01,420.46,ANZ78847,LWHMDTGVVSC,190,50.0
243,HLA-DRB104:01,428.65,ANZ78847,VYLGMALSHYY,243,51.0
53,HLA-DRB104:01,431.58,ANZ78847,YYVLDRVYLNT,53,52.0
189,HLA-DRB104:01,435.97,ANZ78847,ELWHMDTGVVS,189,53.0
709,HLA-DRB104:01,441.26,ANZ78847,YVFNNSLTRQL,709,54.0
1108,HLA-DRB104:01,459.16,ANZ78847,TLVKFSAAQAM,1108,55.0
134,HLA-DRB104:01,460.71,ANZ78847,FVNTSYSVVVQ,134,56.0
643,HLA-DRB104:01,460.78,ANZ78847,FVEVNATYYNS,643,57.0
681,HLA-DRB104:01,466.16,ANZ78847,SCYSGRVSAAF,681,58.0
675,HLA-DRB104:01,468.7,ANZ78847,RTFMIRSCYSG,675,59.0
682,HLA-DRB104:01,472.63,ANZ78847,CYSGRVSAAFH,682,60.0
0,HLA-DRB104:01,472.69,ANZ78847,MFLILLISLPT,0,61.0
203,HLA-DRB104:01,474.55,ANZ78847,KRNFTYDVNAT,203,62.0
1059,HLA-DRB104:01,476.57,ANZ78847,SNRFGAISSSL,1059,63.0
240,HLA-DRB104:01,486.25,ANZ78847,LFNVYLGMALS,240,64.0
1348,HLA-DRB104:01,488.27,ANZ78847,TGYQELVIKTS,1348,65.0
370,HLA-DRB104:01,488.69,ANZ78847,NMSSLMSFIQA,370,66.0
734,HLA-DRB104:01,489.86,ANZ78847,NAYNSTAISVQ,734,67.0
1224,HLA-DRB104:01,503.13,ANZ78847,TKAPYVMLNTS,1224,68.0
870,HLA-DRB104:01,516.82,ANZ78847,SLMNGVTLSTK,870,69.0
965,HLA-DRB104:01,517.37,ANZ78847,QISGYTLAATS,965,70.0
268,HLA-DRB104:01,520.07,ANZ78847,TLEYWVTPLTS,268,71.0
426,HLA-DRB104:01,529.45,ANZ78847,SFNYRIDTTAT,426,72.0
59,HLA-DRB104:01,531.87,ANZ78847,VYLNTTLFLNG,59,73.0
229,HLA-DRB104:01,538.0,ANZ78847,YFTDTGVVTKF,229,74.0
691,HLA-DRB104:01,541.2,ANZ78847,FHANSSEPALL,691,75.0
374,HLA-DRB104:01,544.03,ANZ78847,LMSFIQADSFT,374,76.0
320,HLA-DRB104:01,545.16,ANZ78847,ELNGYTVQPIA,320,77.0
3,HLA-DRB104:01,546.45,ANZ78847,ILLISLPTAFA,3,78.0
578,HLA-DRB104:01,546.84,ANZ78847,QPQAFLGWSAD,578,79.0
966,HLA-DRB104:01,560.46,ANZ78847,ISGYTLAATSA,966,80.0
1091,HLA-DRB104:01,561.94,ANZ78847,GRLTALNAYVS,1091,81.0
398,HLA-DRB104:01,564.66,ANZ78847,FSSITIDKFAI,398,82.0
131,HLA-DRB104:01,564.72,ANZ78847,GSTFVNTSYSV,131,83.0
990,HLA-DRB104:01,572.55,ANZ78847,FYLNVQYRING,990,84.0
375,HLA-DRB104:01,578.35,ANZ78847,MSFIQADSFTC,375,85.0
810,HLA-DRB104:01,587.62,ANZ78847,EEFIQTSSPKV,810,86.0
227,HLA-DRB104:01,590.28,ANZ78847,YAYFTDTGVVT,227,87.0
674,HLA-DRB104:01,599.35,ANZ78847,NRTFMIRSCYS,674,88.0
1002,HLA-DRB104:01,608.03,ANZ78847,GVTMDVLSQNQ,1002,89.0
128,HLA-DRB104:01,609.99,ANZ78847,ITIGSTFVNTS,128,90.0
393,HLA-DRB104:01,616.62,ANZ78847,IYGMCFSSITI,393,91.0
928,HLA-DRB104:01,621.09,ANZ78847,GFVAAYNNCTG,928,92.0
228,HLA-DRB104:01,621.8,ANZ78847,AYFTDTGVVTK,228,93.0
1153,HLA-DRB104:01,621.89,ANZ78847,YFIHFSYVPTK,1153,94.0
671,HLA-DRB104:01,625.58,ANZ78847,YLTNRTFMIRS,671,95.0
377,HLA-DRB104:01,628.49,ANZ78847,FIQADSFTCNN,377,96.0
1152,HLA-DRB104:01,633.4,ANZ78847,LYFIHFSYVPT,1152,97.0
96,HLA-DRB104:01,642.07,ANZ78847,PPFLSDFINGI,96,98.0
1001,HLA-DRB104:01,642.71,ANZ78847,LGVTMDVLSQN,1001,99.0
106,HLA-DRB104:01,646.24,ANZ78847,IFAKVKNTKVF,106,100.0
999,HLA-DRB104:01,651.73,ANZ78847,NGLGVTMDVLS,999,101.0
707,HLA-DRB104:01,663.79,ANZ78847,CNYVFNNSLTR,707,102.0
115,HLA-DRB104:01,668.23,ANZ78847,VFKDGVMYSEF,115,103.0
462,HLA-DRB104:01,669.35,ANZ78847,RFGFIEDSVFK,462,104.0
259,HLA-DRB104:01,675.33,ANZ78847,CISRRNIGFTL,259,105.0
981,HLA-DRB104:01,676.47,ANZ78847,PWTAAAGVPFY,981,106.0
318,HLA-DRB104:01,687.95,ANZ78847,VYELNGYTVQP,318,107.0
1087,HLA-DRB104:01,702.79,ANZ78847,RLINGRLTALN,1087,108.0
949,HLA-DRB104:01,716.81,ANZ78847,QSYKGIKVLPP,949,109.0
1092,HLA-DRB104:01,736.98,ANZ78847,RLTALNAYVSQ,1092,110.0
775,HLA-DRB104:01,740.52,ANZ78847,TNFEPFTVNSV,775,111.0
718,HLA-DRB104:01,741.99,ANZ78847,QLQPINYFDSY,718,112.0
639,HLA-DRB104:01,742.52,ANZ78847,GQGIFVEVNAT,639,113.0
1287,HLA-DRB104:01,744.68,ANZ78847,QSYINLKDIGT,1287,114.0
267,HLA-DRB104:01,745.71,ANZ78847,FTLEYWVTPLT,267,115.0
689,HLA-DRB104:01,763.78,ANZ78847,AAFHANSSEPA,689,116.0
321,HLA-DRB104:01,772.15,ANZ78847,LNGYTVQPIAD,321,117.0
478,HLA-DRB104:01,784.17,ANZ78847,VLTNHDVVYAQ,478,118.0
132,HLA-DRB104:01,789.47,ANZ78847,STFVNTSYSVV,132,119.0
733,HLA-DRB104:01,794.97,ANZ78847,VNAYNSTAISV,733,120.0
1095,HLA-DRB104:01,799.35,ANZ78847,ALNAYVSQQLS,1095,121.0
811,HLA-DRB104:01,803.54,ANZ78847,EFIQTSSPKVT,811,122.0
130,HLA-DRB104:01,805.93,ANZ78847,IGSTFVNTSYS,130,123.0
183,HLA-DRB104:01,812.22,ANZ78847,LGNHFKELWHM,183,124.0
397,HLA-DRB104:01,812.97,ANZ78847,CFSSITIDKFA,397,125.0
269,HLA-DRB104:01,822.38,ANZ78847,LEYWVTPLTSR,269,126.0
723,HLA-DRB104:01,827.53,ANZ78847,NYFDSYLGCVV,723,127.0
1057,HLA-DRB104:01,830.02,ANZ78847,QLSNRFGAISS,1057,128.0
1138,HLA-DRB104:01,850.89,ANZ78847,GNHIISLVQNA,1138,129.0
391,HLA-DRB104:01,852.47,ANZ78847,AKIYGMCFSSI,391,130.0
842,HLA-DRB104:01,862.83,ANZ78847,YGSFCDNINAI,842,131.0
124,HLA-DRB104:01,865.69,ANZ78847,EFPAITIGSTF,124,132.0
922,HLA-DRB104:01,868.63,ANZ78847,VKLSDVGFVAA,922,133.0
1062,HLA-DRB104:01,875.42,ANZ78847,FGAISSSLQEI,1062,134.0
650,HLA-DRB104:01,882.78,ANZ78847,YYNSWQNLLYD,650,135.0
237,HLA-DRB104:01,891.35,ANZ78847,TKFLFNVYLGM,237,136.0
253,HLA-DRB104:01,924.6,ANZ78847,YVMPLTCISRR,253,137.0
841,HLA-DRB104:01,925.48,ANZ78847,EYGSFCDNINA,841,138.0
12,HLA-DRB104:01,928.87,ANZ78847,FAVIGDLKCPL,12,139.0
187,HLA-DRB104:01,932.51,ANZ78847,FKELWHMDTGV,187,140.0
1164,HLA-DRB104:01,939.95,ANZ78847,YVTAKVSPGLC,1164,141.0
429,HLA-DRB104:01,948.01,ANZ78847,YRIDTTATSCQ,429,142.0
679,HLA-DRB104:01,948.41,ANZ78847,IRSCYSGRVSA,679,143.0
970,HLA-DRB104:01,954.87,ANZ78847,TLAATSASLFP,970,144.0
1000,HLA-DRB104:01,957.68,ANZ78847,GLGVTMDVLSQ,1000,145.0
1315,HLA-DRB104:01,962.05,ANZ78847,AGVAMLVLLFF,1315,146.0
809,HLA-DRB104:01,964.34,ANZ78847,MEEFIQTSSPK,809,147.0
1162,HLA-DRB104:01,972.24,ANZ78847,TKYVTAKVSPG,1162,148.0
264,HLA-DRB104:01,972.75,ANZ78847,NIGFTLEYWVT,264,149.0
599,HLA-DRB104:01,989.73,ANZ78847,FANLILHDVNS,599,150.0
252,HLA-DRB104:01,993.23,ANZ78847,YYVMPLTCISR,252,151.0
869,HLA-DRB104:01,995.27,ANZ78847,NSLMNGVTLST,869,152.0
317,HLA-DRB104:01,995.42,ANZ78847,GVYELNGYTVQ,317,153.0
668,HLA-DRB104:01,997.28,ANZ78847,FRDYLTNRTFM,668,154.0
127,HLA-DRB104:01,1001.2,ANZ78847,AITIGSTFVNT,127,155.0
780,HLA-DRB104:01,1004.07,ANZ78847,FTVNSVNDSLE,780,156.0
272,HLA-DRB104:01,1028.57,ANZ78847,WVTPLTSRQYL,272,157.0
872,HLA-DRB104:01,1030.87,ANZ78847,MNGVTLSTKLK,872,158.0
118,HLA-DRB104:01,1034.39,ANZ78847,DGVMYSEFPAI,118,159.0
1263,HLA-DRB104:01,1040.14,ANZ78847,YINVTFLDLQV,1263,160.0
54,HLA-DRB104:01,1042.34,ANZ78847,YVLDRVYLNTT,54,161.0
266,HLA-DRB104:01,1045.22,ANZ78847,GFTLEYWVTPL,266,162.0
1211,HLA-DRB104:01,1048.77,ANZ78847,NNVVVMSTCAV,1211,163.0
119,HLA-DRB104:01,1051.18,ANZ78847,GVMYSEFPAIT,119,164.0
1246,HLA-DRB104:01,1051.58,ANZ78847,DQWFKNQTSVA,1246,165.0
137,HLA-DRB104:01,1052.61,ANZ78847,TSYSVVVQPRT,137,166.0
1107,HLA-DRB104:01,1059.6,ANZ78847,STLVKFSAAQA,1107,167.0
5,HLA-DRB104:01,1062.74,ANZ78847,LISLPTAFAVI,5,168.0
1346,HLA-DRB104:01,1084.97,ANZ78847,DYTGYQELVIK,1346,169.0
790,HLA-DRB104:01,1085.81,ANZ78847,EPVGGLYEIQI,790,170.0
597,HLA-DRB104:01,1092.67,ANZ78847,NIFANLILHDV,597,171.0
76,HLA-DRB104:01,1101.87,ANZ78847,STYRNMALKGT,76,172.0
279,HLA-DRB104:01,1106.55,ANZ78847,RQYLLAFNQDG,279,173.0
58,HLA-DRB104:01,1108.23,ANZ78847,RVYLNTTLFLN,58,174.0
964,HLA-DRB104:01,1110.81,ANZ78847,NQISGYTLAAT,964,175.0
202,HLA-DRB104:01,1112.15,ANZ78847,YKRNFTYDVNA,202,176.0
362,HLA-DRB104:01,1127.65,ANZ78847,KTFSNCNFNMS,362,177.0
774,HLA-DRB104:01,1134.52,ANZ78847,FTNFEPFTVNS,774,178.0
133,HLA-DRB104:01,1140.56,ANZ78847,TFVNTSYSVVV,133,179.0
1280,HLA-DRB104:01,1145.75,ANZ78847,EAIKVLNQSYI,1280,180.0
371,HLA-DRB104:01,1147.08,ANZ78847,MSSLMSFIQAD,371,181.0
1286,HLA-DRB104:01,1151.16,ANZ78847,NQSYINLKDIG,1286,182.0
1156,HLA-DRB104:01,1158.93,ANZ78847,HFSYVPTKYVT,1156,183.0
129,HLA-DRB104:01,1170.16,ANZ78847,TIGSTFVNTSY,129,184.0
940,HLA-DRB104:01,1171.67,ANZ78847,AEIRDLICVQS,940,185.0
963,HLA-DRB104:01,1172.42,ANZ78847,ENQISGYTLAA,963,186.0
1038,HLA-DRB104:01,1189.57,ANZ78847,VKIQAVVNANA,1038,187.0
52,HLA-DRB104:01,1191.31,ANZ78847,TYYVLDRVYLN,52,188.0
700,HLA-DRB104:01,1200.11,ANZ78847,LLFRNIKCNYV,700,189.0
305,HLA-DRB104:01,1207.69,ANZ78847,IKCKTQSIAPP,305,190.0
1140,HLA-DRB104:01,1210.39,ANZ78847,HIISLVQNAPY,1140,191.0
390,HLA-DRB104:01,1216.49,ANZ78847,AAKIYGMCFSS,390,192.0
670,HLA-DRB104:01,1219.5,ANZ78847,DYLTNRTFMIR,670,193.0
595,HLA-DRB104:01,1220.66,ANZ78847,KCNIFANLILH,595,194.0
1111,HLA-DRB104:01,1220.83,ANZ78847,KFSAAQAMEKV,1111,195.0
428,HLA-DRB104:01,1237.45,ANZ78847,NYRIDTTATSC,428,196.0
460,HLA-DRB104:01,1241.24,ANZ78847,NKRFGFIEDSV,460,197.0
298,HLA-DRB104:01,1247.64,ANZ78847,MSDFMSEIKCK,298,198.0
122,HLA-DRB104:01,1254.04,ANZ78847,YSEFPAITIGS,122,199.0
392,HLA-DRB104:01,1255.74,ANZ78847,KIYGMCFSSIT,392,200.0
218,HLA-DRB104:01,1264.66,ANZ78847,HFYQEGGTFYA,218,201.0
642,HLA-DRB104:01,1272.78,ANZ78847,IFVEVNATYYN,642,202.0
204,HLA-DRB104:01,1276.18,ANZ78847,RNFTYDVNATY,204,203.0
598,HLA-DRB104:01,1278.07,ANZ78847,IFANLILHDVN,598,204.0
1049,HLA-DRB104:01,1278.97,ANZ78847,EALNNLLQQLS,1049,205.0
1157,HLA-DRB104:01,1283.37,ANZ78847,FSYVPTKYVTA,1157,206.0
960,HLA-DRB104:01,1308.54,ANZ78847,LLSENQISGYT,960,207.0
206,HLA-DRB104:01,1308.86,ANZ78847,FTYDVNATYLY,206,208.0
777,HLA-DRB104:01,1310.91,ANZ78847,FEPFTVNSVND,777,209.0
1163,HLA-DRB104:01,1312.95,ANZ78847,KYVTAKVSPGL,1163,210.0
381,HLA-DRB104:01,1316.4,ANZ78847,DSFTCNNIDAA,381,211.0
665,HLA-DRB104:01,1326.19,ANZ78847,LYGFRDYLTNR,665,212.0
1309,HLA-DRB104:01,1334.18,ANZ78847,WLLICLAGVAM,1309,213.0
1226,HLA-DRB104:01,1334.73,ANZ78847,APYVMLNTSIP,1226,214.0
1099,HLA-DRB104:01,1340.84,ANZ78847,YVSQQLSDSTL,1099,215.0
1055,HLA-DRB104:01,1348.04,ANZ78847,LQQLSNRFGAI,1055,216.0
135,HLA-DRB104:01,1354.94,ANZ78847,VNTSYSVVVQP,135,217.0
120,HLA-DRB104:01,1355.08,ANZ78847,VMYSEFPAITI,120,218.0
1039,HLA-DRB104:01,1367.28,ANZ78847,KIQAVVNANAE,1039,219.0
923,HLA-DRB104:01,1398.81,ANZ78847,KLSDVGFVAAY,923,220.0
904,HLA-DRB104:01,1400.48,ANZ78847,ECSKASSRSAI,904,221.0
258,HLA-DRB104:01,1405.57,ANZ78847,TCISRRNIGFT,258,222.0
596,HLA-DRB104:01,1410.56,ANZ78847,CNIFANLILHD,596,223.0
246,HLA-DRB104:01,1418.29,ANZ78847,GMALSHYYVMP,246,224.0
461,HLA-DRB104:01,1427.38,ANZ78847,KRFGFIEDSVF,461,225.0
463,HLA-DRB104:01,1429.28,ANZ78847,FGFIEDSVFKP,463,226.0
205,HLA-DRB104:01,1430.67,ANZ78847,NFTYDVNATYL,205,227.0
669,HLA-DRB104:01,1436.04,ANZ78847,RDYLTNRTFMI,669,228.0
1104,HLA-DRB104:01,1444.41,ANZ78847,LSDSTLVKFSA,1104,229.0
274,HLA-DRB104:01,1467.35,ANZ78847,TPLTSRQYLLA,274,230.0
1350,HLA-DRB104:01,1469.27,ANZ78847,YQELVIKTSHD,1350,231.0
239,HLA-DRB104:01,1470.05,ANZ78847,FLFNVYLGMAL,239,232.0
683,HLA-DRB104:01,1474.08,ANZ78847,YSGRVSAAFHA,683,233.0
273,HLA-DRB104:01,1480.62,ANZ78847,VTPLTSRQYLL,273,234.0
867,HLA-DRB104:01,1492.17,ANZ78847,VANSLMNGVTL,867,235.0
819,HLA-DRB104:01,1495.93,ANZ78847,KVTIDCAAFVC,819,236.0
921,HLA-DRB104:01,1503.15,ANZ78847,KVKLSDVGFVA,921,237.0
278,HLA-DRB104:01,1507.13,ANZ78847,SRQYLLAFNQD,278,238.0
60,HLA-DRB104:01,1509.96,ANZ78847,YLNTTLFLNGY,60,239.0
316,HLA-DRB104:01,1524.83,ANZ78847,TGVYELNGYTV,316,240.0
191,HLA-DRB104:01,1528.77,ANZ78847,WHMDTGVVSCL,191,241.0
1215,HLA-DRB104:01,1535.43,ANZ78847,VMSTCAVNYTK,1215,242.0
525,HLA-DRB104:01,1535.52,ANZ78847,TNYLTCHNLCN,525,243.0
123,HLA-DRB104:01,1544.64,ANZ78847,SEFPAITIGST,123,244.0
1310,HLA-DRB104:01,1565.66,ANZ78847,LLICLAGVAML,1310,245.0
995,HLA-DRB104:01,1566.29,ANZ78847,QYRINGLGVTM,995,246.0
224,HLA-DRB104:01,1566.45,ANZ78847,GTFYAYFTDTG,224,247.0
736,HLA-DRB104:01,1571.33,ANZ78847,YNSTAISVQTC,736,248.0
225,HLA-DRB104:01,1576.32,ANZ78847,TFYAYFTDTGV,225,249.0
959,HLA-DRB104:01,1586.12,ANZ78847,PLLSENQISGY,959,250.0
1102,HLA-DRB104:01,1586.41,ANZ78847,QQLSDSTLVKF,1102,251.0
1063,HLA-DRB104:01,1608.1,ANZ78847,GAISSSLQEIL,1063,252.0
632,HLA-DRB104:01,1609.16,ANZ78847,YDLYGISGQGI,632,253.0
1150,HLA-DRB104:01,1621.89,ANZ78847,YGLYFIHFSYV,1150,254.0
260,HLA-DRB104:01,1627.23,ANZ78847,ISRRNIGFTLE,260,255.0
104,HLA-DRB104:01,1638.22,ANZ78847,NGIFAKVKNTK,104,256.0
378,HLA-DRB104:01,1638.33,ANZ78847,IQADSFTCNNI,378,257.0
75,HLA-DRB104:01,1644.75,ANZ78847,GSTYRNMALKG,75,258.0
980,HLA-DRB104:01,1647.54,ANZ78847,PPWTAAAGVPF,980,259.0
376,HLA-DRB104:01,1648.8,ANZ78847,SFIQADSFTCN,376,260.0
651,HLA-DRB104:01,1649.0,ANZ78847,YNSWQNLLYDS,651,261.0
1249,HLA-DRB104:01,1652.68,ANZ78847,FKNQTSVAPDL,1249,262.0
645,HLA-DRB104:01,1659.14,ANZ78847,EVNATYYNSWQ,645,263.0
255,HLA-DRB104:01,1661.2,ANZ78847,MPLTCISRRNI,255,264.0
105,HLA-DRB104:01,1662.13,ANZ78847,GIFAKVKNTKV,105,265.0
63,HLA-DRB104:01,1663.05,ANZ78847,TTLFLNGYYPT,63,266.0
1003,HLA-DRB104:01,1667.03,ANZ78847,VTMDVLSQNQK,1003,267.0
226,HLA-DRB104:01,1671.12,ANZ78847,FYAYFTDTGVV,226,268.0
544,HLA-DRB104:01,1680.73,ANZ78847,PYKCPQSKSLV,544,269.0
953,HLA-DRB104:01,1685.31,ANZ78847,GIKVLPPLLSE,953,270.0
98,HLA-DRB104:01,1695.65,ANZ78847,FLSDFINGIFA,98,271.0
241,HLA-DRB104:01,1700.96,ANZ78847,FNVYLGMALSH,241,272.0
793,HLA-DRB104:01,1708.3,ANZ78847,GGLYEIQIPSD,793,273.0
678,HLA-DRB104:01,1734.95,ANZ78847,MIRSCYSGRVS,678,274.0
887,HLA-DRB104:01,1737.08,ANZ78847,FNVDDINFSSV,887,275.0
1110,HLA-DRB104:01,1743.72,ANZ78847,VKFSAAQAMEK,1110,276.0
465,HLA-DRB104:01,1745.63,ANZ78847,FIEDSVFKPQP,465,277.0
804,HLA-DRB104:01,1752.51,ANZ78847,FTIGNMEEFIQ,804,278.0
868,HLA-DRB104:01,1753.6,ANZ78847,ANSLMNGVTLS,868,279.0
779,HLA-DRB104:01,1760.05,ANZ78847,PFTVNSVNDSL,779,280.0
646,HLA-DRB104:01,1763.07,ANZ78847,VNATYYNSWQN,646,281.0
1098,HLA-DRB104:01,1766.07,ANZ78847,AYVSQQLSDST,1098,282.0
1212,HLA-DRB104:01,1766.15,ANZ78847,NVVVMSTCAVN,1212,283.0
425,HLA-DRB104:01,1772.13,ANZ78847,QSFNYRIDTTA,425,284.0
941,HLA-DRB104:01,1775.5,ANZ78847,EIRDLICVQSY,941,285.0
271,HLA-DRB104:01,1788.58,ANZ78847,YWVTPLTSRQY,271,286.0
1184,HLA-DRB104:01,1790.21,ANZ78847,KSGYFVNVNNT,1184,287.0
988,HLA-DRB104:01,1797.89,ANZ78847,VPFYLNVQYRI,988,288.0
1064,HLA-DRB104:01,1798.99,ANZ78847,AISSSLQEILS,1064,289.0
78,HLA-DRB104:01,1808.9,ANZ78847,YRNMALKGTDK,78,290.0
238,HLA-DRB104:01,1810.09,ANZ78847,KFLFNVYLGMA,238,291.0
1149,HLA-DRB104:01,1813.95,ANZ78847,PYGLYFIHFSY,1149,292.0
905,HLA-DRB104:01,1839.13,ANZ78847,CSKASSRSAIE,905,293.0
77,HLA-DRB104:01,1862.59,ANZ78847,TYRNMALKGTD,77,294.0
766,HLA-DRB104:01,1870.26,ANZ78847,RAITTGYRFTN,766,295.0
722,HLA-DRB104:01,1903.52,ANZ78847,INYFDSYLGCV,722,296.0
948,HLA-DRB104:01,1904.92,ANZ78847,VQSYKGIKVLP,948,297.0
862,HLA-DRB104:01,1905.85,ANZ78847,TTQLQVANSLM,862,298.0
1265,HLA-DRB104:01,1912.54,ANZ78847,NVTFLDLQVEM,1265,299.0
97,HLA-DRB104:01,1925.89,ANZ78847,PFLSDFINGIF,97,300.0
304,HLA-DRB104:01,1934.88,ANZ78847,EIKCKTQSIAP,304,301.0
138,HLA-DRB104:01,1935.69,ANZ78847,SYSVVVQPRTI,138,302.0
113,HLA-DRB104:01,1936.62,ANZ78847,TKVFKDGVMYS,113,303.0
1349,HLA-DRB104:01,1954.52,ANZ78847,GYQELVIKTSH,1349,304.0
490,HLA-DRB104:01,1959.82,ANZ78847,CFKAPKNFCPC,490,305.0
421,HLA-DRB104:01,1964.96,ANZ78847,LGYLQSFNYRI,421,306.0
1210,HLA-DRB104:01,1966.49,ANZ78847,ENNVVVMSTCA,1210,307.0
1123,HLA-DRB104:01,1982.12,ANZ78847,ECVKSQSSRIN,1123,308.0
732,HLA-DRB104:01,1990.96,ANZ78847,VVNAYNSTAIS,732,309.0
952,HLA-DRB104:01,1996.88,ANZ78847,KGIKVLPPLLS,952,310.0
601,HLA-DRB104:01,2000.31,ANZ78847,NLILHDVNSGL,601,311.0
415,HLA-DRB104:01,2007.83,ANZ78847,DLQLGNLGYLQ,415,312.0
161,HLA-DRB104:01,2018.54,ANZ78847,LLEVSVCQYNM,161,313.0
807,HLA-DRB104:01,2022.64,ANZ78847,GNMEEFIQTSS,807,314.0
64,HLA-DRB104:01,2041.71,ANZ78847,TLFLNGYYPTS,64,315.0
396,HLA-DRB104:01,2060.76,ANZ78847,MCFSSITIDKF,396,316.0
1121,HLA-DRB104:01,2062.59,ANZ78847,VNECVKSQSSR,1121,317.0
631,HLA-DRB104:01,2072.76,ANZ78847,NYDLYGISGQG,631,318.0
477,HLA-DRB104:01,2075.45,ANZ78847,GVLTNHDVVYA,477,319.0
65,HLA-DRB104:01,2090.54,ANZ78847,LFLNGYYPTSG,65,320.0
222,HLA-DRB104:01,2092.53,ANZ78847,EGGTFYAYFTD,222,321.0
744,HLA-DRB104:01,2099.45,ANZ78847,QTCDLTVGSGY,744,322.0
236,HLA-DRB104:01,2106.21,ANZ78847,VTKFLFNVYLG,236,323.0
136,HLA-DRB104:01,2110.16,ANZ78847,NTSYSVVVQPR,136,324.0
802,HLA-DRB104:01,2121.79,ANZ78847,SDFTIGNMEEF,802,325.0
4,HLA-DRB104:01,2125.87,ANZ78847,LLISLPTAFAV,4,326.0
355,HLA-DRB104:01,2135.75,ANZ78847,SPLNWERKTFS,355,327.0
323,HLA-DRB104:01,2139.21,ANZ78847,GYTVQPIADVY,323,328.0
1070,HLA-DRB104:01,2139.46,ANZ78847,QEILSRLDALE,1070,329.0
155,HLA-DRB104:01,2150.88,ANZ78847,VNKLQGLLEVS,155,330.0
927,HLA-DRB104:01,2164.38,ANZ78847,VGFVAAYNNCT,927,331.0
776,HLA-DRB104:01,2173.97,ANZ78847,NFEPFTVNSVN,776,332.0
792,HLA-DRB104:01,2174.6,ANZ78847,VGGLYEIQIPS,792,333.0
628,HLA-DRB104:01,2175.47,ANZ78847,VCVNYDLYGIS,628,334.0
1282,HLA-DRB104:01,2192.32,ANZ78847,IKVLNQSYINL,1282,335.0
8,HLA-DRB104:01,2192.37,ANZ78847,LPTAFAVIGDL,8,336.0
306,HLA-DRB104:01,2193.82,ANZ78847,KCKTQSIAPPT,306,337.0
1160,HLA-DRB104:01,2196.63,ANZ78847,VPTKYVTAKVS,1160,338.0
247,HLA-DRB104:01,2201.55,ANZ78847,MALSHYYVMPL,247,339.0
1347,HLA-DRB104:01,2206.02,ANZ78847,YTGYQELVIKT,1347,340.0
10,HLA-DRB104:01,2207.53,ANZ78847,TAFAVIGDLKC,10,341.0
69,HLA-DRB104:01,2213.34,ANZ78847,GYYPTSGSTYR,69,342.0
879,HLA-DRB104:01,2215.92,ANZ78847,TKLKDGVNFNV,879,343.0
1082,HLA-DRB104:01,2218.99,ANZ78847,EAQIDRLINGR,1082,344.0
1221,HLA-DRB104:01,2220.0,ANZ78847,VNYTKAPYVML,1221,345.0
47,HLA-DRB104:01,2224.71,ANZ78847,TNGLGTYYVLD,47,346.0
215,HLA-DRB104:01,2233.05,ANZ78847,LYFHFYQEGGT,215,347.0
577,HLA-DRB104:01,2233.09,ANZ78847,CQPQAFLGWSA,577,348.0
452,HLA-DRB104:01,2245.27,ANZ78847,SRFNPSTWNKR,452,349.0
498,HLA-DRB104:01,2249.03,ANZ78847,CPCKSNSSLCV,498,350.0
121,HLA-DRB104:01,2251.42,ANZ78847,MYSEFPAITIG,121,351.0
1223,HLA-DRB104:01,2256.77,ANZ78847,YTKAPYVMLNT,1223,352.0
582,HLA-DRB104:01,2283.06,ANZ78847,FLGWSADSCLQ,582,353.0
1056,HLA-DRB104:01,2297.16,ANZ78847,QQLSNRFGAIS,1056,354.0
1312,HLA-DRB104:01,2306.03,ANZ78847,ICLAGVAMLVL,1312,355.0
706,HLA-DRB104:01,2328.94,ANZ78847,KCNYVFNNSLT,706,356.0
629,HLA-DRB104:01,2341.09,ANZ78847,CVNYDLYGISG,629,357.0
315,HLA-DRB104:01,2349.43,ANZ78847,PTGVYELNGYT,315,358.0
51,HLA-DRB104:01,2351.68,ANZ78847,GTYYVLDRVYL,51,359.0
394,HLA-DRB104:01,2357.6,ANZ78847,YGMCFSSITID,394,360.0
404,HLA-DRB104:01,2369.66,ANZ78847,DKFAIPNGRKV,404,361.0
1148,HLA-DRB104:01,2373.12,ANZ78847,APYGLYFIHFS,1148,362.0
728,HLA-DRB104:01,2383.87,ANZ78847,YLGCVVNAYNS,728,363.0
1264,HLA-DRB104:01,2405.85,ANZ78847,INVTFLDLQVE,1264,364.0
483,HLA-DRB104:01,2415.65,ANZ78847,DVVYAQHCFKA,483,365.0
1086,HLA-DRB104:01,2418.55,ANZ78847,DRLINGRLTAL,1086,366.0
993,HLA-DRB104:01,2423.46,ANZ78847,NVQYRINGLGV,993,367.0
1136,HLA-DRB104:01,2444.7,ANZ78847,GNGNHIISLVQ,1136,368.0
48,HLA-DRB104:01,2454.34,ANZ78847,NGLGTYYVLDR,48,369.0
68,HLA-DRB104:01,2455.53,ANZ78847,NGYYPTSGSTY,68,370.0
1066,HLA-DRB104:01,2467.21,ANZ78847,SSSLQEILSRL,1066,371.0
37,HLA-DRB104:01,2469.38,ANZ78847,PSISTATVDVT,37,372.0
714,HLA-DRB104:01,2475.55,ANZ78847,SLTRQLQPINY,714,373.0
9,HLA-DRB104:01,2476.85,ANZ78847,PTAFAVIGDLK,9,374.0
85,HLA-DRB104:01,2477.56,ANZ78847,GTDKLSTLWFK,85,375.0
725,HLA-DRB104:01,2482.25,ANZ78847,FDSYLGCVVNA,725,376.0
657,HLA-DRB104:01,2483.6,ANZ78847,LLYDSNGNLYG,657,377.0
962,HLA-DRB104:01,2490.42,ANZ78847,SENQISGYTLA,962,378.0
825,HLA-DRB104:01,2493.24,ANZ78847,AAFVCGDYAAC,825,379.0
248,HLA-DRB104:01,2531.78,ANZ78847,ALSHYYVMPLT,248,380.0
292,HLA-DRB104:01,2534.6,ANZ78847,FNAVDCMSDFM,292,381.0
1096,HLA-DRB104:01,2540.34,ANZ78847,LNAYVSQQLSD,1096,382.0
1069,HLA-DRB104:01,2547.23,ANZ78847,LQEILSRLDAL,1069,383.0
1029,HLA-DRB104:01,2558.5,ANZ78847,GFDATNSALVK,1029,384.0
470,HLA-DRB104:01,2564.32,ANZ78847,VFKPQPAGVLT,470,385.0
839,HLA-DRB104:01,2567.78,ANZ78847,LVEYGSFCDNI,839,386.0
1262,HLA-DRB104:01,2576.65,ANZ78847,DYINVTFLDLQ,1262,387.0
765,HLA-DRB104:01,2578.27,ANZ78847,RRAITTGYRFT,765,388.0
989,HLA-DRB104:01,2581.49,ANZ78847,PFYLNVQYRIN,989,389.0
373,HLA-DRB104:01,2594.77,ANZ78847,SLMSFIQADSF,373,390.0
449,HLA-DRB104:01,2610.16,ANZ78847,VSVSRFNPSTW,449,391.0
103,HLA-DRB104:01,2617.64,ANZ78847,INGIFAKVKNT,103,392.0
1012,HLA-DRB104:01,2619.05,ANZ78847,QKLIANAFNNA,1012,393.0
1213,HLA-DRB104:01,2622.26,ANZ78847,VVVMSTCAVNY,1213,394.0
1032,HLA-DRB104:01,2626.45,ANZ78847,ATNSALVKIQA,1032,395.0
471,HLA-DRB104:01,2632.45,ANZ78847,FKPQPAGVLTN,471,396.0
1124,HLA-DRB104:01,2642.47,ANZ78847,CVKSQSSRINF,1124,397.0
368,HLA-DRB104:01,2645.4,ANZ78847,NFNMSSLMSFI,368,398.0
296,HLA-DRB104:01,2647.21,ANZ78847,DCMSDFMSEIK,296,399.0
929,HLA-DRB104:01,2647.61,ANZ78847,FVAAYNNCTGG,929,400.0
710,HLA-DRB104:01,2648.88,ANZ78847,VFNNSLTRQLQ,710,401.0
1311,HLA-DRB104:01,2671.88,ANZ78847,LICLAGVAMLV,1311,402.0
859,HLA-DRB104:01,2676.89,ANZ78847,LLDTTQLQVAN,859,403.0
303,HLA-DRB104:01,2681.29,ANZ78847,SEIKCKTQSIA,303,404.0
380,HLA-DRB104:01,2685.43,ANZ78847,ADSFTCNNIDA,380,405.0
1071,HLA-DRB104:01,2693.56,ANZ78847,EILSRLDALEA,1071,406.0
857,HLA-DRB104:01,2714.37,ANZ78847,NELLDTTQLQV,857,407.0
634,HLA-DRB104:01,2718.09,ANZ78847,LYGISGQGIFV,634,408.0
79,HLA-DRB104:01,2730.84,ANZ78847,RNMALKGTDKL,79,409.0
1151,HLA-DRB104:01,2734.98,ANZ78847,GLYFIHFSYVP,1151,410.0
7,HLA-DRB104:01,2749.86,ANZ78847,SLPTAFAVIGD,7,411.0
858,HLA-DRB104:01,2751.58,ANZ78847,ELLDTTQLQVA,858,412.0
1302,HLA-DRB104:01,2757.82,ANZ78847,VKWPWYVWLLI,1302,413.0
623,HLA-DRB104:01,2764.88,ANZ78847,DIKLGVCVNYD,623,414.0
157,HLA-DRB104:01,2766.26,ANZ78847,KLQGLLEVSVC,157,415.0
314,HLA-DRB104:01,2768.5,ANZ78847,PPTGVYELNGY,314,416.0
1137,HLA-DRB104:01,2777.96,ANZ78847,NGNHIISLVQN,1137,417.0
633,HLA-DRB104:01,2781.59,ANZ78847,DLYGISGQGIF,633,418.0
364,HLA-DRB104:01,2794.07,ANZ78847,FSNCNFNMSSL,364,419.0
748,HLA-DRB104:01,2806.54,ANZ78847,LTVGSGYCVDY,748,420.0
672,HLA-DRB104:01,2809.23,ANZ78847,LTNRTFMIRSC,672,421.0
885,HLA-DRB104:01,2810.18,ANZ78847,VNFNVDDINFS,885,422.0
731,HLA-DRB104:01,2836.96,ANZ78847,CVVNAYNSTAI,731,423.0
1278,HLA-DRB104:01,2840.79,ANZ78847,LQEAIKVLNQS,1278,424.0
640,HLA-DRB104:01,2844.75,ANZ78847,QGIFVEVNATY,640,425.0
886,HLA-DRB104:01,2849.02,ANZ78847,NFNVDDINFSS,886,426.0
284,HLA-DRB104:01,2854.89,ANZ78847,AFNQDGIIFNA,284,427.0
824,HLA-DRB104:01,2859.71,ANZ78847,CAAFVCGDYAA,824,428.0
580,HLA-DRB104:01,2865.52,ANZ78847,QAFLGWSADSC,580,429.0
444,HLA-DRB104:01,2887.17,ANZ78847,LPAANVSVSRF,444,430.0
795,HLA-DRB104:01,2894.71,ANZ78847,LYEIQIPSDFT,795,431.0
158,HLA-DRB104:01,2900.91,ANZ78847,LQGLLEVSVCQ,158,432.0
22,HLA-DRB104:01,2901.38,ANZ78847,LDSRTGSLNNI,22,433.0
347,HLA-DRB104:01,2909.96,ANZ78847,WLNDKSVPSPL,347,434.0
322,HLA-DRB104:01,2910.24,ANZ78847,NGYTVQPIADV,322,435.0
897,HLA-DRB104:01,2919.89,ANZ78847,VLGCLGSECSK,897,436.0
1191,HLA-DRB104:01,2927.06,ANZ78847,VNNTWMYTGSG,1191,437.0
817,HLA-DRB104:01,2932.04,ANZ78847,SPKVTIDCAAF,817,438.0
417,HLA-DRB104:01,2942.03,ANZ78847,QLGNLGYLQSF,417,439.0
83,HLA-DRB104:01,2945.31,ANZ78847,LKGTDKLSTLW,83,440.0
701,HLA-DRB104:01,2951.91,ANZ78847,LFRNIKCNYVF,701,441.0
998,HLA-DRB104:01,2967.29,ANZ78847,INGLGVTMDVL,998,442.0
576,HLA-DRB104:01,2971.08,ANZ78847,TCQPQAFLGWS,576,443.0
193,HLA-DRB104:01,2974.79,ANZ78847,MDTGVVSCLYK,193,444.0
57,HLA-DRB104:01,2980.18,ANZ78847,DRVYLNTTLFL,57,445.0
277,HLA-DRB104:01,2994.77,ANZ78847,TSRQYLLAFNQ,277,446.0
125,HLA-DRB104:01,3000.4,ANZ78847,FPAITIGSTFV,125,447.0
1097,HLA-DRB104:01,3007.87,ANZ78847,NAYVSQQLSDS,1097,448.0
627,HLA-DRB104:01,3022.31,ANZ78847,GVCVNYDLYGI,627,449.0
624,HLA-DRB104:01,3030.69,ANZ78847,IKLGVCVNYDL,624,450.0
860,HLA-DRB104:01,3034.08,ANZ78847,LDTTQLQVANS,860,451.0
1036,HLA-DRB104:01,3054.04,ANZ78847,ALVKIQAVVNA,1036,452.0
526,HLA-DRB104:01,3066.99,ANZ78847,NYLTCHNLCNP,526,453.0
1288,HLA-DRB104:01,3071.68,ANZ78847,SYINLKDIGTY,1288,454.0
893,HLA-DRB104:01,3080.3,ANZ78847,NFSSVLGCLGS,893,455.0
1253,HLA-DRB104:01,3082.18,ANZ78847,TSVAPDLALDY,1253,456.0
349,HLA-DRB104:01,3089.38,ANZ78847,NDKSVPSPLNW,349,457.0
250,HLA-DRB104:01,3091.85,ANZ78847,SHYYVMPLTCI,250,458.0
1031,HLA-DRB104:01,3095.23,ANZ78847,DATNSALVKIQ,1031,459.0
630,HLA-DRB104:01,3099.39,ANZ78847,VNYDLYGISGQ,630,460.0
1268,HLA-DRB104:01,3120.8,ANZ78847,FLDLQVEMNRL,1268,461.0
1105,HLA-DRB104:01,3135.71,ANZ78847,SDSTLVKFSAA,1105,462.0
726,HLA-DRB104:01,3145.36,ANZ78847,DSYLGCVVNAY,726,463.0
1220,HLA-DRB104:01,3182.97,ANZ78847,AVNYTKAPYVM,1220,464.0
451,HLA-DRB104:01,3191.29,ANZ78847,VSRFNPSTWNK,451,465.0
979,HLA-DRB104:01,3201.72,ANZ78847,FPPWTAAAGVP,979,466.0
840,HLA-DRB104:01,3203.32,ANZ78847,VEYGSFCDNIN,840,467.0
1251,HLA-DRB104:01,3218.34,ANZ78847,NQTSVAPDLAL,1251,468.0
111,HLA-DRB104:01,3223.52,ANZ78847,KNTKVFKDGVM,111,469.0
300,HLA-DRB104:01,3231.03,ANZ78847,DFMSEIKCKTQ,300,470.0
865,HLA-DRB104:01,3231.22,ANZ78847,LQVANSLMNGV,865,471.0
357,HLA-DRB104:01,3235.63,ANZ78847,LNWERKTFSNC,357,472.0
772,HLA-DRB104:01,3256.14,ANZ78847,YRFTNFEPFTV,772,473.0
214,HLA-DRB104:01,3262.93,ANZ78847,YLYFHFYQEGG,214,474.0
1208,HLA-DRB104:01,3272.33,ANZ78847,ITENNVVVMST,1208,475.0
107,HLA-DRB104:01,3290.11,ANZ78847,FAKVKNTKVFK,107,476.0
1037,HLA-DRB104:01,3292.86,ANZ78847,LVKIQAVVNAN,1037,477.0
1013,HLA-DRB104:01,3332.33,ANZ78847,KLIANAFNNAL,1013,478.0
579,HLA-DRB104:01,3341.39,ANZ78847,PQAFLGWSADS,579,479.0
423,HLA-DRB104:01,3349.33,ANZ78847,YLQSFNYRIDT,423,480.0
71,HLA-DRB104:01,3351.91,ANZ78847,YPTSGSTYRNM,71,481.0
1298,HLA-DRB104:01,3380.83,ANZ78847,YEYYVKWPWYV,1298,482.0
1306,HLA-DRB104:01,3382.23,ANZ78847,WYVWLLICLAG,1306,483.0
1196,HLA-DRB104:01,3389.58,ANZ78847,MYTGSGYYYPE,1196,484.0
1229,HLA-DRB104:01,3396.62,ANZ78847,VMLNTSIPNLP,1229,485.0
1088,HLA-DRB104:01,3397.51,ANZ78847,LINGRLTALNA,1088,486.0
724,HLA-DRB104:01,3424.11,ANZ78847,YFDSYLGCVVN,724,487.0
773,HLA-DRB104:01,3438.5,ANZ78847,RFTNFEPFTVN,773,488.0
687,HLA-DRB104:01,3451.11,ANZ78847,VSAAFHANSSE,687,489.0
880,HLA-DRB104:01,3451.43,ANZ78847,KLKDGVNFNVD,880,490.0
1308,HLA-DRB104:01,3455.56,ANZ78847,VWLLICLAGVA,1308,491.0
996,HLA-DRB104:01,3457.1,ANZ78847,YRINGLGVTMD,996,492.0
46,HLA-DRB104:01,3457.18,ANZ78847,VTNGLGTYYVL,46,493.0
1230,HLA-DRB104:01,3457.81,ANZ78847,MLNTSIPNLPD,1230,494.0
484,HLA-DRB104:01,3460.31,ANZ78847,VVYAQHCFKAP,484,495.0
1101,HLA-DRB104:01,3472.16,ANZ78847,SQQLSDSTLVK,1101,496.0
830,HLA-DRB104:01,3474.38,ANZ78847,GDYAACKSQLV,830,497.0
666,HLA-DRB104:01,3476.15,ANZ78847,YGFRDYLTNRT,666,498.0
971,HLA-DRB104:01,3484.75,ANZ78847,LAATSASLFPP,971,499.0
644,HLA-DRB104:01,3486.01,ANZ78847,VEVNATYYNSW,644,500.0
453,HLA-DRB104:01,3487.91,ANZ78847,RFNPSTWNKRF,453,501.0
1004,HLA-DRB104:01,3488.24,ANZ78847,TMDVLSQNQKL,1004,502.0
1106,HLA-DRB104:01,3494.68,ANZ78847,DSTLVKFSAAQ,1106,503.0
309,HLA-DRB104:01,3500.01,ANZ78847,TQSIAPPTGVY,309,504.0
1279,HLA-DRB104:01,3504.5,ANZ78847,QEAIKVLNQSY,1279,505.0
1068,HLA-DRB104:01,3507.12,ANZ78847,SLQEILSRLDA,1068,506.0
1299,HLA-DRB104:01,3508.44,ANZ78847,EYYVKWPWYVW,1299,507.0
363,HLA-DRB104:01,3510.22,ANZ78847,TFSNCNFNMSS,363,508.0
647,HLA-DRB104:01,3521.2,ANZ78847,NATYYNSWQNL,647,509.0
442,HLA-DRB104:01,3521.74,ANZ78847,YNLPAANVSVS,442,510.0
1192,HLA-DRB104:01,3529.88,ANZ78847,NNTWMYTGSGY,1192,511.0
356,HLA-DRB104:01,3538.26,ANZ78847,PLNWERKTFSN,356,512.0
343,HLA-DRB104:01,3541.11,ANZ78847,NIEAWLNDKSV,343,513.0
664,HLA-DRB104:01,3541.98,ANZ78847,NLYGFRDYLTN,664,514.0
799,HLA-DRB104:01,3566.26,ANZ78847,QIPSDFTIGNM,799,515.0
762,HLA-DRB104:01,3574.5,ANZ78847,RRSRRAITTGY,762,516.0
188,HLA-DRB104:01,3582.51,ANZ78847,KELWHMDTGVV,188,517.0
230,HLA-DRB104:01,3582.59,ANZ78847,FTDTGVVTKFL,230,518.0
216,HLA-DRB104:01,3589.87,ANZ78847,YFHFYQEGGTF,216,519.0
344,HLA-DRB104:01,3602.04,ANZ78847,IEAWLNDKSVP,344,520.0
803,HLA-DRB104:01,3602.06,ANZ78847,DFTIGNMEEFI,803,521.0
399,HLA-DRB104:01,3630.39,ANZ78847,SSITIDKFAIP,399,522.0
257,HLA-DRB104:01,3636.61,ANZ78847,LTCISRRNIGF,257,523.0
116,HLA-DRB104:01,3646.11,ANZ78847,FKDGVMYSEFP,116,524.0
1141,HLA-DRB104:01,3665.89,ANZ78847,IISLVQNAPYG,1141,525.0
947,HLA-DRB104:01,3668.54,ANZ78847,CVQSYKGIKVL,947,526.0
771,HLA-DRB104:01,3671.42,ANZ78847,GYRFTNFEPFT,771,527.0
749,HLA-DRB104:01,3672.94,ANZ78847,TVGSGYCVDYS,749,528.0
270,HLA-DRB104:01,3673.25,ANZ78847,EYWVTPLTSRQ,270,529.0
36,HLA-DRB104:01,3680.81,ANZ78847,PPSISTATVDV,36,530.0
545,HLA-DRB104:01,3689.15,ANZ78847,YKCPQSKSLVG,545,531.0
794,HLA-DRB104:01,3690.19,ANZ78847,GLYEIQIPSDF,794,532.0
875,HLA-DRB104:01,3695.73,ANZ78847,VTLSTKLKDGV,875,533.0
946,HLA-DRB104:01,3696.88,ANZ78847,ICVQSYKGIKV,946,534.0
242,HLA-DRB104:01,3701.51,ANZ78847,NVYLGMALSHY,242,535.0
892,HLA-DRB104:01,3708.3,ANZ78847,INFSSVLGCLG,892,536.0
1016,HLA-DRB104:01,3722.36,ANZ78847,ANAFNNALDAI,1016,537.0
593,HLA-DRB104:01,3728.04,ANZ78847,GDKCNIFANLI,593,538.0
1125,HLA-DRB104:01,3740.06,ANZ78847,VKSQSSRINFC,1125,539.0
101,HLA-DRB104:01,3764.84,ANZ78847,DFINGIFAKVK,101,540.0
1122,HLA-DRB104:01,3779.34,ANZ78847,NECVKSQSSRI,1122,541.0
233,HLA-DRB104:01,3789.36,ANZ78847,TGVVTKFLFNV,233,542.0
973,HLA-DRB104:01,3791.0,ANZ78847,ATSASLFPPWT,973,543.0
1018,HLA-DRB104:01,3825.32,ANZ78847,AFNNALDAIQE,1018,544.0
458,HLA-DRB104:01,3830.08,ANZ78847,TWNKRFGFIED,458,545.0
1316,HLA-DRB104:01,3833.77,ANZ78847,GVAMLVLLFFI,1316,546.0
796,HLA-DRB104:01,3834.72,ANZ78847,YEIQIPSDFTI,796,547.0
482,HLA-DRB104:01,3834.94,ANZ78847,HDVVYAQHCFK,482,548.0
110,HLA-DRB104:01,3841.55,ANZ78847,VKNTKVFKDGV,110,549.0
746,HLA-DRB104:01,3888.05,ANZ78847,CDLTVGSGYCV,746,550.0
160,HLA-DRB104:01,3891.83,ANZ78847,GLLEVSVCQYN,160,551.0
95,HLA-DRB104:01,3898.2,ANZ78847,KPPFLSDFING,95,552.0
797,HLA-DRB104:01,3902.52,ANZ78847,EIQIPSDFTIG,797,553.0
385,HLA-DRB104:01,3914.97,ANZ78847,CNNIDAAKIYG,385,554.0
560,HLA-DRB104:01,3918.57,ANZ78847,CSGLAVKSDYC,560,555.0
985,HLA-DRB104:01,3920.56,ANZ78847,AAGVPFYLNVQ,985,556.0
994,HLA-DRB104:01,3939.52,ANZ78847,VQYRINGLGVT,994,557.0
441,HLA-DRB104:01,3944.81,ANZ78847,YYNLPAANVSV,441,558.0
38,HLA-DRB104:01,3956.15,ANZ78847,SISTATVDVTN,38,559.0
663,HLA-DRB104:01,3957.94,ANZ78847,GNLYGFRDYLT,663,560.0
220,HLA-DRB104:01,3961.78,ANZ78847,YQEGGTFYAYF,220,561.0
282,HLA-DRB104:01,3963.35,ANZ78847,LLAFNQDGIIF,282,562.0
764,HLA-DRB104:01,3965.79,ANZ78847,SRRAITTGYRF,764,563.0
1314,HLA-DRB104:01,3965.81,ANZ78847,LAGVAMLVLLF,1314,564.0
126,HLA-DRB104:01,3965.96,ANZ78847,PAITIGSTFVN,126,565.0
738,HLA-DRB104:01,3966.48,ANZ78847,STAISVQTCDL,738,566.0
1103,HLA-DRB104:01,3985.53,ANZ78847,QLSDSTLVKFS,1103,567.0
74,HLA-DRB104:01,3990.92,ANZ78847,SGSTYRNMALK,74,568.0
667,HLA-DRB104:01,4003.13,ANZ78847,GFRDYLTNRTF,667,569.0
117,HLA-DRB104:01,4010.58,ANZ78847,KDGVMYSEFPA,117,570.0
527,HLA-DRB104:01,4011.39,ANZ78847,YLTCHNLCNPD,527,571.0
414,HLA-DRB104:01,4011.61,ANZ78847,VDLQLGNLGYL,414,572.0
457,HLA-DRB104:01,4023.32,ANZ78847,STWNKRFGFIE,457,573.0
500,HLA-DRB104:01,4035.47,ANZ78847,CKSNSSLCVGS,500,574.0
454,HLA-DRB104:01,4038.11,ANZ78847,FNPSTWNKRFG,454,575.0
1285,HLA-DRB104:01,4039.54,ANZ78847,LNQSYINLKDI,1285,576.0
1054,HLA-DRB104:01,4052.56,ANZ78847,LLQQLSNRFGA,1054,577.0
648,HLA-DRB104:01,4052.83,ANZ78847,ATYYNSWQNLL,648,578.0
395,HLA-DRB104:01,4056.52,ANZ78847,GMCFSSITIDK,395,579.0
249,HLA-DRB104:01,4059.7,ANZ78847,LSHYYVMPLTC,249,580.0
638,HLA-DRB104:01,4068.22,ANZ78847,SGQGIFVEVNA,638,581.0
186,HLA-DRB104:01,4080.41,ANZ78847,HFKELWHMDTG,186,582.0
850,HLA-DRB104:01,4087.83,ANZ78847,NAILTEVNELL,850,583.0
265,HLA-DRB104:01,4088.36,ANZ78847,IGFTLEYWVTP,265,584.0
301,HLA-DRB104:01,4106.02,ANZ78847,FMSEIKCKTQS,301,585.0
546,HLA-DRB104:01,4137.39,ANZ78847,KCPQSKSLVGI,546,586.0
288,HLA-DRB104:01,4142.74,ANZ78847,DGIIFNAVDCM,288,587.0
816,HLA-DRB104:01,4161.2,ANZ78847,SSPKVTIDCAA,816,588.0
1189,HLA-DRB104:01,4185.05,ANZ78847,VNVNNTWMYTG,1189,589.0
1155,HLA-DRB104:01,4192.27,ANZ78847,IHFSYVPTKYV,1155,590.0
1028,HLA-DRB104:01,4223.45,ANZ78847,EGFDATNSALV,1028,591.0
649,HLA-DRB104:01,4226.36,ANZ78847,TYYNSWQNLLY,649,592.0
873,HLA-DRB104:01,4238.86,ANZ78847,NGVTLSTKLKD,873,593.0
50,HLA-DRB104:01,4242.47,ANZ78847,LGTYYVLDRVY,50,594.0
939,HLA-DRB104:01,4248.94,ANZ78847,GAEIRDLICVQ,939,595.0
223,HLA-DRB104:01,4256.25,ANZ78847,GGTFYAYFTDT,223,596.0
1345,HLA-DRB104:01,4256.35,ANZ78847,DDYTGYQELVI,1345,597.0
1209,HLA-DRB104:01,4259.57,ANZ78847,TENNVVVMSTC,1209,598.0
1120,HLA-DRB104:01,4293.64,ANZ78847,KVNECVKSQSS,1120,599.0
1030,HLA-DRB104:01,4298.72,ANZ78847,FDATNSALVKI,1030,600.0
422,HLA-DRB104:01,4312.95,ANZ78847,GYLQSFNYRID,422,601.0
1305,HLA-DRB104:01,4322.24,ANZ78847,PWYVWLLICLA,1305,602.0
1017,HLA-DRB104:01,4337.71,ANZ78847,NAFNNALDAIQ,1017,603.0
602,HLA-DRB104:01,4342.26,ANZ78847,LILHDVNSGLT,602,604.0
1301,HLA-DRB104:01,4359.24,ANZ78847,YVKWPWYVWLL,1301,605.0
476,HLA-DRB104:01,4370.64,ANZ78847,AGVLTNHDVVY,476,606.0
708,HLA-DRB104:01,4373.0,ANZ78847,NYVFNNSLTRQ,708,607.0
763,HLA-DRB104:01,4418.25,ANZ78847,RSRRAITTGYR,763,608.0
168,HLA-DRB104:01,4438.73,ANZ78847,QYNMCEYPHTI,168,609.0
455,HLA-DRB104:01,4451.58,ANZ78847,NPSTWNKRFGF,455,610.0
162,HLA-DRB104:01,4458.47,ANZ78847,LEVSVCQYNMC,162,611.0
1161,HLA-DRB104:01,4458.5,ANZ78847,PTKYVTAKVSP,1161,612.0
1090,HLA-DRB104:01,4464.5,ANZ78847,NGRLTALNAYV,1090,613.0
788,HLA-DRB104:01,4474.79,ANZ78847,SLEPVGGLYEI,788,614.0
1026,HLA-DRB104:01,4485.39,ANZ78847,IQEGFDATNSA,1026,615.0
908,HLA-DRB104:01,4488.3,ANZ78847,ASSRSAIEDLL,908,616.0
625,HLA-DRB104:01,4497.41,ANZ78847,KLGVCVNYDLY,625,617.0
712,HLA-DRB104:01,4506.84,ANZ78847,NNSLTRQLQPI,712,618.0
456,HLA-DRB104:01,4517.39,ANZ78847,PSTWNKRFGFI,456,619.0
1207,HLA-DRB104:01,4537.28,ANZ78847,PITENNVVVMS,1207,620.0
1094,HLA-DRB104:01,4546.56,ANZ78847,TALNAYVSQQL,1094,621.0
1089,HLA-DRB104:01,4551.04,ANZ78847,INGRLTALNAY,1089,622.0
479,HLA-DRB104:01,4564.06,ANZ78847,LTNHDVVYAQH,479,623.0
100,HLA-DRB104:01,4568.33,ANZ78847,SDFINGIFAKV,100,624.0
1166,HLA-DRB104:01,4577.99,ANZ78847,TAKVSPGLCIA,1166,625.0
1172,HLA-DRB104:01,4604.4,ANZ78847,GLCIAGDRGIA,1172,626.0
745,HLA-DRB104:01,4609.03,ANZ78847,TCDLTVGSGYC,745,627.0
894,HLA-DRB104:01,4610.3,ANZ78847,FSSVLGCLGSE,894,628.0
767,HLA-DRB104:01,4644.25,ANZ78847,AITTGYRFTNF,767,629.0
791,HLA-DRB104:01,4647.76,ANZ78847,PVGGLYEIQIP,791,630.0
557,HLA-DRB104:01,4648.21,ANZ78847,GEHCSGLAVKS,557,631.0
1053,HLA-DRB104:01,4654.54,ANZ78847,NLLQQLSNRFG,1053,632.0
851,HLA-DRB104:01,4665.16,ANZ78847,AILTEVNELLD,851,633.0
1112,HLA-DRB104:01,4670.63,ANZ78847,FSAAQAMEKVN,1112,634.0
185,HLA-DRB104:01,4671.69,ANZ78847,NHFKELWHMDT,185,635.0
1245,HLA-DRB104:01,4676.44,ANZ78847,LDQWFKNQTSV,1245,636.0
212,HLA-DRB104:01,4679.42,ANZ78847,ATYLYFHFYQE,212,637.0
254,HLA-DRB104:01,4710.65,ANZ78847,VMPLTCISRRN,254,638.0
1240,HLA-DRB104:01,4738.48,ANZ78847,DFREELDQWFK,1240,639.0
801,HLA-DRB104:01,4760.11,ANZ78847,PSDFTIGNMEE,801,640.0
184,HLA-DRB104:01,4777.78,ANZ78847,GNHFKELWHMD,184,641.0
61,HLA-DRB104:01,4779.22,ANZ78847,LNTTLFLNGYY,61,642.0
987,HLA-DRB104:01,4785.14,ANZ78847,GVPFYLNVQYR,987,643.0
581,HLA-DRB104:01,4799.05,ANZ78847,AFLGWSADSCL,581,644.0
702,HLA-DRB104:01,4823.64,ANZ78847,FRNIKCNYVFN,702,645.0
159,HLA-DRB104:01,4830.4,ANZ78847,QGLLEVSVCQY,159,646.0
406,HLA-DRB104:01,4830.67,ANZ78847,FAIPNGRKVDL,406,647.0
139,HLA-DRB104:01,4833.9,ANZ78847,YSVVVQPRTIN,139,648.0
808,HLA-DRB104:01,4841.41,ANZ78847,NMEEFIQTSSP,808,649.0
778,HLA-DRB104:01,4853.68,ANZ78847,EPFTVNSVNDS,778,650.0
383,HLA-DRB104:01,4857.47,ANZ78847,FTCNNIDAAKI,383,651.0
459,HLA-DRB104:01,4863.52,ANZ78847,WNKRFGFIEDS,459,652.0
217,HLA-DRB104:01,4867.35,ANZ78847,FHFYQEGGTFY,217,653.0
1033,HLA-DRB104:01,4877.62,ANZ78847,TNSALVKIQAV,1033,654.0
583,HLA-DRB104:01,4881.85,ANZ78847,LGWSADSCLQG,583,655.0
866,HLA-DRB104:01,4884.51,ANZ78847,QVANSLMNGVT,866,656.0
800,HLA-DRB104:01,4909.3,ANZ78847,IPSDFTIGNME,800,657.0
141,HLA-DRB104:01,4941.12,ANZ78847,VVVQPRTINST,141,658.0
594,HLA-DRB104:01,4979.92,ANZ78847,DKCNIFANLIL,594,659.0
302,HLA-DRB104:01,4982.09,ANZ78847,MSEIKCKTQSI,302,660.0
261,HLA-DRB104:01,5000.53,ANZ78847,SRRNIGFTLEY,261,661.0
73,HLA-DRB104:01,5002.7,ANZ78847,TSGSTYRNMAL,73,662.0
339,HLA-DRB104:01,5010.82,ANZ78847,LPNCNIEAWLN,339,663.0
439,HLA-DRB104:01,5012.52,ANZ78847,QLYYNLPAANV,439,664.0
1216,HLA-DRB104:01,5015.29,ANZ78847,MSTCAVNYTKA,1216,665.0
1154,HLA-DRB104:01,5023.07,ANZ78847,FIHFSYVPTKY,1154,666.0
1165,HLA-DRB104:01,5028.35,ANZ78847,VTAKVSPGLCI,1165,667.0
102,HLA-DRB104:01,5029.93,ANZ78847,FINGIFAKVKN,102,668.0
770,HLA-DRB104:01,5032.73,ANZ78847,TGYRFTNFEPF,770,669.0
1293,HLA-DRB104:01,5042.22,ANZ78847,KDIGTYEYYVK,1293,670.0
469,HLA-DRB104:01,5050.03,ANZ78847,SVFKPQPAGVL,469,671.0
1222,HLA-DRB104:01,5056.08,ANZ78847,NYTKAPYVMLN,1222,672.0
972,HLA-DRB104:01,5083.14,ANZ78847,AATSASLFPPW,972,673.0
466,HLA-DRB104:01,5114.87,ANZ78847,IEDSVFKPQPA,466,674.0
324,HLA-DRB104:01,5136.46,ANZ78847,YTVQPIADVYR,324,675.0
221,HLA-DRB104:01,5139.38,ANZ78847,QEGGTFYAYFT,221,676.0
1257,HLA-DRB104:01,5153.66,ANZ78847,PDLALDYINVT,1257,677.0
942,HLA-DRB104:01,5172.91,ANZ78847,IRDLICVQSYK,942,678.0
1143,HLA-DRB104:01,5174.63,ANZ78847,SLVQNAPYGLY,1143,679.0
359,HLA-DRB104:01,5189.4,ANZ78847,WERKTFSNCNF,359,680.0
944,HLA-DRB104:01,5217.32,ANZ78847,DLICVQSYKGI,944,681.0
961,HLA-DRB104:01,5219.29,ANZ78847,LSENQISGYTL,961,682.0
1300,HLA-DRB104:01,5223.23,ANZ78847,YYVKWPWYVWL,1300,683.0
495,HLA-DRB104:01,5237.18,ANZ78847,KNFCPCKSNSS,495,684.0
6,HLA-DRB104:01,5237.96,ANZ78847,ISLPTAFAVIG,6,685.0
727,HLA-DRB104:01,5245.16,ANZ78847,SYLGCVVNAYN,727,686.0
659,HLA-DRB104:01,5245.74,ANZ78847,YDSNGNLYGFR,659,687.0
836,HLA-DRB104:01,5247.89,ANZ78847,KSQLVEYGSFC,836,688.0
514,HLA-DRB104:01,5248.17,ANZ78847,KNNGIGTCPAG,514,689.0
1190,HLA-DRB104:01,5270.9,ANZ78847,NVNNTWMYTGS,1190,690.0
437,HLA-DRB104:01,5287.99,ANZ78847,SCQLYYNLPAA,437,691.0
1159,HLA-DRB104:01,5296.4,ANZ78847,YVPTKYVTAKV,1159,692.0
372,HLA-DRB104:01,5325.77,ANZ78847,SSLMSFIQADS,372,693.0
488,HLA-DRB104:01,5343.82,ANZ78847,QHCFKAPKNFC,488,694.0
499,HLA-DRB104:01,5350.63,ANZ78847,PCKSNSSLCVG,499,695.0
310,HLA-DRB104:01,5385.22,ANZ78847,QSIAPPTGVYE,310,696.0
1072,HLA-DRB104:01,5398.23,ANZ78847,ILSRLDALEAE,1072,697.0
450,HLA-DRB104:01,5421.34,ANZ78847,SVSRFNPSTWN,450,698.0
641,HLA-DRB104:01,5429.15,ANZ78847,GIFVEVNATYY,641,699.0
1179,HLA-DRB104:01,5454.99,ANZ78847,RGIAPKSGYFV,1179,700.0
1351,HLA-DRB104:01,5456.68,ANZ78847,QELVIKTSHDD,1351,701.0
1005,HLA-DRB104:01,5462.49,ANZ78847,MDVLSQNQKLI,1005,702.0
1027,HLA-DRB104:01,5462.98,ANZ78847,QEGFDATNSAL,1027,703.0
823,HLA-DRB104:01,5472.99,ANZ78847,DCAAFVCGDYA,823,704.0
289,HLA-DRB104:01,5478.04,ANZ78847,GIIFNAVDCMS,289,705.0
806,HLA-DRB104:01,5484.38,ANZ78847,IGNMEEFIQTS,806,706.0
87,HLA-DRB104:01,5501.91,ANZ78847,DKLSTLWFKPP,87,707.0
1145,HLA-DRB104:01,5508.8,ANZ78847,VQNAPYGLYFI,1145,708.0
556,HLA-DRB104:01,5511.13,ANZ78847,IGEHCSGLAVK,556,709.0
818,HLA-DRB104:01,5512.4,ANZ78847,PKVTIDCAAFV,818,710.0
40,HLA-DRB104:01,5530.93,ANZ78847,STATVDVTNGL,40,711.0
992,HLA-DRB104:01,5542.8,ANZ78847,LNVQYRINGLG,992,712.0
360,HLA-DRB104:01,5545.29,ANZ78847,ERKTFSNCNFN,360,713.0
1289,HLA-DRB104:01,5547.12,ANZ78847,YINLKDIGTYE,1289,714.0
346,HLA-DRB104:01,5557.87,ANZ78847,AWLNDKSVPSP,346,715.0
307,HLA-DRB104:01,5562.48,ANZ78847,CKTQSIAPPTG,307,716.0
340,HLA-DRB104:01,5573.99,ANZ78847,PNCNIEAWLND,340,717.0
445,HLA-DRB104:01,5578.54,ANZ78847,PAANVSVSRFN,445,718.0
43,HLA-DRB104:01,5600.52,ANZ78847,TVDVTNGLGTY,43,719.0
379,HLA-DRB104:01,5601.88,ANZ78847,QADSFTCNNID,379,720.0
815,HLA-DRB104:01,5626.88,ANZ78847,TSSPKVTIDCA,815,721.0
926,HLA-DRB104:01,5634.03,ANZ78847,DVGFVAAYNNC,926,722.0
1281,HLA-DRB104:01,5643.5,ANZ78847,AIKVLNQSYIN,1281,723.0
789,HLA-DRB104:01,5652.66,ANZ78847,LEPVGGLYEIQ,789,724.0
553,HLA-DRB104:01,5664.35,ANZ78847,LVGIGEHCSGL,553,725.0
1100,HLA-DRB104:01,5666.28,ANZ78847,VSQQLSDSTLV,1100,726.0
411,HLA-DRB104:01,5669.29,ANZ78847,GRKVDLQLGNL,411,727.0
729,HLA-DRB104:01,5673.48,ANZ78847,LGCVVNAYNST,729,728.0
768,HLA-DRB104:01,5679.72,ANZ78847,ITTGYRFTNFE,768,729.0
431,HLA-DRB104:01,5689.0,ANZ78847,IDTTATSCQLY,431,730.0
70,HLA-DRB104:01,5693.69,ANZ78847,YYPTSGSTYRN,70,731.0
333,HLA-DRB104:01,5704.55,ANZ78847,YRRKPDLPNCN,333,732.0
1131,HLA-DRB104:01,5712.46,ANZ78847,RINFCGNGNHI,1131,733.0
49,HLA-DRB104:01,5720.32,ANZ78847,GLGTYYVLDRV,49,734.0
1193,HLA-DRB104:01,5721.38,ANZ78847,NTWMYTGSGYY,1193,735.0
1171,HLA-DRB104:01,5734.83,ANZ78847,PGLCIAGDRGI,1171,736.0
213,HLA-DRB104:01,5756.17,ANZ78847,TYLYFHFYQEG,213,737.0
1260,HLA-DRB104:01,5777.41,ANZ78847,ALDYINVTFLD,1260,738.0
658,HLA-DRB104:01,5808.21,ANZ78847,LYDSNGNLYGF,658,739.0
401,HLA-DRB104:01,5834.7,ANZ78847,ITIDKFAIPNG,401,740.0
1297,HLA-DRB104:01,5878.34,ANZ78847,TYEYYVKWPWY,1297,741.0
610,HLA-DRB104:01,5893.85,ANZ78847,GLTCSTDLQKA,610,742.0
447,HLA-DRB104:01,5900.76,ANZ78847,ANVSVSRFNPS,447,743.0
1292,HLA-DRB104:01,5906.37,ANZ78847,LKDIGTYEYYV,1292,744.0
864,HLA-DRB104:01,5909.28,ANZ78847,QLQVANSLMNG,864,745.0
82,HLA-DRB104:01,5911.97,ANZ78847,ALKGTDKLSTL,82,746.0
1256,HLA-DRB104:01,5913.15,ANZ78847,APDLALDYINV,1256,747.0
1250,HLA-DRB104:01,5915.72,ANZ78847,KNQTSVAPDLA,1250,748.0
1261,HLA-DRB104:01,5935.53,ANZ78847,LDYINVTFLDL,1261,749.0
720,HLA-DRB104:01,5939.67,ANZ78847,QPINYFDSYLG,720,750.0
173,HLA-DRB104:01,5962.93,ANZ78847,EYPHTICHPNL,173,751.0
448,HLA-DRB104:01,5975.02,ANZ78847,NVSVSRFNPST,448,752.0
877,HLA-DRB104:01,5976.52,ANZ78847,LSTKLKDGVNF,877,753.0
635,HLA-DRB104:01,5983.74,ANZ78847,YGISGQGIFVE,635,754.0
1275,HLA-DRB104:01,6029.81,ANZ78847,MNRLQEAIKVL,1275,755.0
919,HLA-DRB104:01,6079.41,ANZ78847,FDKVKLSDVGF,919,756.0
1194,HLA-DRB104:01,6086.74,ANZ78847,TWMYTGSGYYY,1194,757.0
11,HLA-DRB104:01,6130.75,ANZ78847,AFAVIGDLKCP,11,758.0
917,HLA-DRB104:01,6154.75,ANZ78847,LLFDKVKLSDV,917,759.0
45,HLA-DRB104:01,6176.56,ANZ78847,DVTNGLGTYYV,45,760.0
386,HLA-DRB104:01,6182.44,ANZ78847,NNIDAAKIYGM,386,761.0
446,HLA-DRB104:01,6200.98,ANZ78847,AANVSVSRFNP,446,762.0
849,HLA-DRB104:01,6203.63,ANZ78847,INAILTEVNEL,849,763.0
739,HLA-DRB104:01,6225.13,ANZ78847,TAISVQTCDLT,739,764.0
609,HLA-DRB104:01,6271.17,ANZ78847,SGLTCSTDLQK,609,765.0
1006,HLA-DRB104:01,6297.57,ANZ78847,DVLSQNQKLIA,1006,766.0
997,HLA-DRB104:01,6301.66,ANZ78847,RINGLGVTMDV,997,767.0
430,HLA-DRB104:01,6301.93,ANZ78847,RIDTTATSCQL,430,768.0
211,HLA-DRB104:01,6308.23,ANZ78847,NATYLYFHFYQ,211,769.0
345,HLA-DRB104:01,6316.71,ANZ78847,EAWLNDKSVPS,345,770.0
1283,HLA-DRB104:01,6317.88,ANZ78847,KVLNQSYINLK,1283,771.0
874,HLA-DRB104:01,6319.82,ANZ78847,GVTLSTKLKDG,874,772.0
192,HLA-DRB104:01,6323.15,ANZ78847,HMDTGVVSCLY,192,773.0
1023,HLA-DRB104:01,6323.69,ANZ78847,LDAIQEGFDAT,1023,774.0
826,HLA-DRB104:01,6345.97,ANZ78847,AFVCGDYAACK,826,775.0
716,HLA-DRB104:01,6377.91,ANZ78847,TRQLQPINYFD,716,776.0
1254,HLA-DRB104:01,6395.12,ANZ78847,SVAPDLALDYI,1254,777.0
889,HLA-DRB104:01,6422.04,ANZ78847,VDDINFSSVLG,889,778.0
1295,HLA-DRB104:01,6438.79,ANZ78847,IGTYEYYVKWP,1295,779.0
342,HLA-DRB104:01,6447.23,ANZ78847,CNIEAWLNDKS,342,780.0
758,HLA-DRB104:01,6456.8,ANZ78847,YSKNRRSRRAI,758,781.0
575,HLA-DRB104:01,6458.07,ANZ78847,CTCQPQAFLGW,575,782.0
769,HLA-DRB104:01,6463.65,ANZ78847,TTGYRFTNFEP,769,783.0
978,HLA-DRB104:01,6469.11,ANZ78847,LFPPWTAAAGV,978,784.0
882,HLA-DRB104:01,6482.32,ANZ78847,KDGVNFNVDDI,882,785.0
262,HLA-DRB104:01,6494.66,ANZ78847,RRNIGFTLEYW,262,786.0
358,HLA-DRB104:01,6502.63,ANZ78847,NWERKTFSNCN,358,787.0
695,HLA-DRB104:01,6516.07,ANZ78847,SSEPALLFRNI,695,788.0
798,HLA-DRB104:01,6517.94,ANZ78847,IQIPSDFTIGN,798,789.0
787,HLA-DRB104:01,6519.27,ANZ78847,DSLEPVGGLYE,787,790.0
805,HLA-DRB104:01,6522.72,ANZ78847,TIGNMEEFIQT,805,791.0
194,HLA-DRB104:01,6565.8,ANZ78847,DTGVVSCLYKR,194,792.0
1081,HLA-DRB104:01,6583.29,ANZ78847,AEAQIDRLING,1081,793.0
497,HLA-DRB104:01,6593.67,ANZ78847,FCPCKSNSSLC,497,794.0
1181,HLA-DRB104:01,6622.03,ANZ78847,IAPKSGYFVNV,1181,795.0
974,HLA-DRB104:01,6628.58,ANZ78847,TSASLFPPWTA,974,796.0
44,HLA-DRB104:01,6629.68,ANZ78847,VDVTNGLGTYY,44,797.0
72,HLA-DRB104:01,6673.74,ANZ78847,PTSGSTYRNMA,72,798.0
473,HLA-DRB104:01,6695.94,ANZ78847,PQPAGVLTNHD,473,799.0
299,HLA-DRB104:01,6711.1,ANZ78847,SDFMSEIKCKT,299,800.0
1296,HLA-DRB104:01,6717.39,ANZ78847,GTYEYYVKWPW,1296,801.0
844,HLA-DRB104:01,6724.44,ANZ78847,SFCDNINAILT,844,802.0
861,HLA-DRB104:01,6731.14,ANZ78847,DTTQLQVANSL,861,803.0
291,HLA-DRB104:01,6741.74,ANZ78847,IFNAVDCMSDF,291,804.0
332,HLA-DRB104:01,6744.81,ANZ78847,VYRRKPDLPNC,332,805.0
752,HLA-DRB104:01,6752.98,ANZ78847,SGYCVDYSKNR,752,806.0
831,HLA-DRB104:01,6766.14,ANZ78847,DYAACKSQLVE,831,807.0
424,HLA-DRB104:01,6773.85,ANZ78847,LQSFNYRIDTT,424,808.0
685,HLA-DRB104:01,6778.21,ANZ78847,GRVSAAFHANS,685,809.0
413,HLA-DRB104:01,6785.73,ANZ78847,KVDLQLGNLGY,413,810.0
1277,HLA-DRB104:01,6793.22,ANZ78847,RLQEAIKVLNQ,1277,811.0
740,HLA-DRB104:01,6826.84,ANZ78847,AISVQTCDLTV,740,812.0
55,HLA-DRB104:01,6840.14,ANZ78847,VLDRVYLNTTL,55,813.0
539,HLA-DRB104:01,6844.74,ANZ78847,ITFTGPYKCPQ,539,814.0
389,HLA-DRB104:01,6852.37,ANZ78847,DAAKIYGMCFS,389,815.0
146,HLA-DRB104:01,6866.88,ANZ78847,RTINSTQDGVN,146,816.0
1116,HLA-DRB104:01,6875.8,ANZ78847,QAMEKVNECVK,1116,817.0
1178,HLA-DRB104:01,6878.48,ANZ78847,DRGIAPKSGYF,1178,818.0
148,HLA-DRB104:01,6921.8,ANZ78847,INSTQDGVNKL,148,819.0
717,HLA-DRB104:01,6945.8,ANZ78847,RQLQPINYFDS,717,820.0
899,HLA-DRB104:01,6946.72,ANZ78847,GCLGSECSKAS,899,821.0
673,HLA-DRB104:01,6981.35,ANZ78847,TNRTFMIRSCY,673,822.0
1158,HLA-DRB104:01,6993.92,ANZ78847,SYVPTKYVTAK,1158,823.0
884,HLA-DRB104:01,7000.72,ANZ78847,GVNFNVDDINF,884,824.0
715,HLA-DRB104:01,7006.87,ANZ78847,LTRQLQPINYF,715,825.0
1022,HLA-DRB104:01,7008.16,ANZ78847,ALDAIQEGFDA,1022,826.0
290,HLA-DRB104:01,7010.76,ANZ78847,IIFNAVDCMSD,290,827.0
943,HLA-DRB104:01,7045.47,ANZ78847,RDLICVQSYKG,943,828.0
475,HLA-DRB104:01,7048.0,ANZ78847,PAGVLTNHDVV,475,829.0
474,HLA-DRB104:01,7048.74,ANZ78847,QPAGVLTNHDV,474,830.0
56,HLA-DRB104:01,7052.99,ANZ78847,LDRVYLNTTLF,56,831.0
1307,HLA-DRB104:01,7073.47,ANZ78847,YVWLLICLAGV,1307,832.0
656,HLA-DRB104:01,7106.31,ANZ78847,NLLYDSNGNLY,656,833.0
283,HLA-DRB104:01,7108.71,ANZ78847,LAFNQDGIIFN,283,834.0
328,HLA-DRB104:01,7147.05,ANZ78847,PIADVYRRKPD,328,835.0
558,HLA-DRB104:01,7169.23,ANZ78847,EHCSGLAVKSD,558,836.0
1324,HLA-DRB104:01,7172.38,ANZ78847,FFICCCTGCGT,1324,837.0
208,HLA-DRB104:01,7181.59,ANZ78847,YDVNATYLYFH,208,838.0
341,HLA-DRB104:01,7206.33,ANZ78847,NCNIEAWLNDK,341,839.0
1142,HLA-DRB104:01,7232.2,ANZ78847,ISLVQNAPYGL,1142,840.0
86,HLA-DRB104:01,7236.86,ANZ78847,TDKLSTLWFKP,86,841.0
711,HLA-DRB104:01,7241.3,ANZ78847,FNNSLTRQLQP,711,842.0
622,HLA-DRB104:01,7254.61,ANZ78847,TDIKLGVCVNY,622,843.0
1303,HLA-DRB104:01,7265.61,ANZ78847,KWPWYVWLLIC,1303,844.0
1340,HLA-DRB104:01,7283.4,ANZ78847,CGGCCDDYTGY,1340,845.0
636,HLA-DRB104:01,7291.86,ANZ78847,GISGQGIFVEV,636,846.0
611,HLA-DRB104:01,7299.84,ANZ78847,LTCSTDLQKAN,611,847.0
24,HLA-DRB104:01,7307.6,ANZ78847,SRTGSLNNIDT,24,848.0
1076,HLA-DRB104:01,7405.23,ANZ78847,LDALEAEAQID,1076,849.0
23,HLA-DRB104:01,7416.83,ANZ78847,DSRTGSLNNID,23,850.0
311,HLA-DRB104:01,7424.44,ANZ78847,SIAPPTGVYEL,311,851.0
308,HLA-DRB104:01,7427.95,ANZ78847,KTQSIAPPTGV,308,852.0
743,HLA-DRB104:01,7430.63,ANZ78847,VQTCDLTVGSG,743,853.0
554,HLA-DRB104:01,7436.83,ANZ78847,VGIGEHCSGLA,554,854.0
876,HLA-DRB104:01,7444.93,ANZ78847,TLSTKLKDGVN,876,855.0
956,HLA-DRB104:01,7456.93,ANZ78847,VLPPLLSENQI,956,856.0
232,HLA-DRB104:01,7462.39,ANZ78847,DTGVVTKFLFN,232,857.0
552,HLA-DRB104:01,7466.83,ANZ78847,SLVGIGEHCSG,552,858.0
201,HLA-DRB104:01,7472.3,ANZ78847,LYKRNFTYDVN,201,859.0
67,HLA-DRB104:01,7477.56,ANZ78847,LNGYYPTSGST,67,860.0
285,HLA-DRB104:01,7486.0,ANZ78847,FNQDGIIFNAV,285,861.0
207,HLA-DRB104:01,7489.57,ANZ78847,TYDVNATYLYF,207,862.0
337,HLA-DRB104:01,7493.66,ANZ78847,PDLPNCNIEAW,337,863.0
976,HLA-DRB104:01,7525.62,ANZ78847,ASLFPPWTAAA,976,864.0
688,HLA-DRB104:01,7531.76,ANZ78847,SAAFHANSSEP,688,865.0
331,HLA-DRB104:01,7553.87,ANZ78847,DVYRRKPDLPN,331,866.0
626,HLA-DRB104:01,7562.29,ANZ78847,LGVCVNYDLYG,626,867.0
1040,HLA-DRB104:01,7596.01,ANZ78847,IQAVVNANAEA,1040,868.0
986,HLA-DRB104:01,7601.54,ANZ78847,AGVPFYLNVQY,986,869.0
1266,HLA-DRB104:01,7621.29,ANZ78847,VTFLDLQVEMN,1266,870.0
584,HLA-DRB104:01,7622.06,ANZ78847,GWSADSCLQGD,584,871.0
1252,HLA-DRB104:01,7657.11,ANZ78847,QTSVAPDLALD,1252,872.0
551,HLA-DRB104:01,7689.17,ANZ78847,KSLVGIGEHCS,551,873.0
420,HLA-DRB104:01,7703.97,ANZ78847,NLGYLQSFNYR,420,874.0
535,HLA-DRB104:01,7724.58,ANZ78847,NPDPITFTGPY,535,875.0
1067,HLA-DRB104:01,7751.49,ANZ78847,SSLQEILSRLD,1067,876.0
34,HLA-DRB104:01,7766.83,ANZ78847,TGPPSISTATV,34,877.0
166,HLA-DRB104:01,7774.6,ANZ78847,VCQYNMCEYPH,166,878.0
1051,HLA-DRB104:01,7793.03,ANZ78847,LNNLLQQLSNR,1051,879.0
402,HLA-DRB104:01,7796.61,ANZ78847,TIDKFAIPNGR,402,880.0
496,HLA-DRB104:01,7799.93,ANZ78847,NFCPCKSNSSL,496,881.0
559,HLA-DRB104:01,7810.86,ANZ78847,HCSGLAVKSDY,559,882.0
1014,HLA-DRB104:01,7826.37,ANZ78847,LIANAFNNALD,1014,883.0
730,HLA-DRB104:01,7852.33,ANZ78847,GCVVNAYNSTA,730,884.0
907,HLA-DRB104:01,7865.84,ANZ78847,KASSRSAIEDL,907,885.0
519,HLA-DRB104:01,7866.71,ANZ78847,GTCPAGTNYLT,519,886.0
1079,HLA-DRB104:01,7892.37,ANZ78847,LEAEAQIDRLI,1079,887.0
653,HLA-DRB104:01,7937.3,ANZ78847,SWQNLLYDSNG,653,888.0
1313,HLA-DRB104:01,7941.09,ANZ78847,CLAGVAMLVLL,1313,889.0
235,HLA-DRB104:01,7944.74,ANZ78847,VVTKFLFNVYL,235,890.0
937,HLA-DRB104:01,7945.13,ANZ78847,TGGAEIRDLIC,937,891.0
829,HLA-DRB104:01,7948.26,ANZ78847,CGDYAACKSQL,829,892.0
814,HLA-DRB104:01,7970.51,ANZ78847,QTSSPKVTIDC,814,893.0
543,HLA-DRB104:01,7990.76,ANZ78847,GPYKCPQSKSL,543,894.0
1132,HLA-DRB104:01,7994.55,ANZ78847,INFCGNGNHII,1132,895.0
520,HLA-DRB104:01,7998.14,ANZ78847,TCPAGTNYLTC,520,896.0
313,HLA-DRB104:01,8012.04,ANZ78847,APPTGVYELNG,313,897.0
856,HLA-DRB104:01,8013.07,ANZ78847,VNELLDTTQLQ,856,898.0
1206,HLA-DRB104:01,8056.56,ANZ78847,EPITENNVVVM,1206,899.0
1231,HLA-DRB104:01,8087.32,ANZ78847,LNTSIPNLPDF,1231,900.0
275,HLA-DRB104:01,8107.05,ANZ78847,PLTSRQYLLAF,275,901.0
35,HLA-DRB104:01,8108.41,ANZ78847,GPPSISTATVD,35,902.0
1218,HLA-DRB104:01,8112.43,ANZ78847,TCAVNYTKAPY,1218,903.0
145,HLA-DRB104:01,8126.07,ANZ78847,PRTINSTQDGV,145,904.0
721,HLA-DRB104:01,8126.79,ANZ78847,PINYFDSYLGC,721,905.0
786,HLA-DRB104:01,8148.98,ANZ78847,NDSLEPVGGLY,786,906.0
1144,HLA-DRB104:01,8156.34,ANZ78847,LVQNAPYGLYF,1144,907.0
263,HLA-DRB104:01,8193.11,ANZ78847,RNIGFTLEYWV,263,908.0
88,HLA-DRB104:01,8194.07,ANZ78847,KLSTLWFKPPF,88,909.0
1042,HLA-DRB104:01,8210.03,ANZ78847,AVVNANAEALN,1042,910.0
835,HLA-DRB104:01,8216.85,ANZ78847,CKSQLVEYGSF,835,911.0
524,HLA-DRB104:01,8241.96,ANZ78847,GTNYLTCHNLC,524,912.0
1052,HLA-DRB104:01,8245.54,ANZ78847,NNLLQQLSNRF,1052,913.0
154,HLA-DRB104:01,8247.6,ANZ78847,GVNKLQGLLEV,154,914.0
436,HLA-DRB104:01,8254.68,ANZ78847,TSCQLYYNLPA,436,915.0
1203,HLA-DRB104:01,8261.83,ANZ78847,YYPEPITENNV,1203,916.0
1065,HLA-DRB104:01,8272.51,ANZ78847,ISSSLQEILSR,1065,917.0
62,HLA-DRB104:01,8277.47,ANZ78847,NTTLFLNGYYP,62,918.0
93,HLA-DRB104:01,8278.28,ANZ78847,WFKPPFLSDFI,93,919.0
382,HLA-DRB104:01,8302.67,ANZ78847,SFTCNNIDAAK,382,920.0
200,HLA-DRB104:01,8308.86,ANZ78847,CLYKRNFTYDV,200,921.0
1080,HLA-DRB104:01,8310.93,ANZ78847,EAEAQIDRLIN,1080,922.0
140,HLA-DRB104:01,8313.32,ANZ78847,SVVVQPRTINS,140,923.0
172,HLA-DRB104:01,8334.38,ANZ78847,CEYPHTICHPN,172,924.0
195,HLA-DRB104:01,8336.65,ANZ78847,TGVVSCLYKRN,195,925.0
547,HLA-DRB104:01,8347.68,ANZ78847,CPQSKSLVGIG,547,926.0
256,HLA-DRB104:01,8374.63,ANZ78847,PLTCISRRNIG,256,927.0
1083,HLA-DRB104:01,8381.69,ANZ78847,AQIDRLINGRL,1083,928.0
957,HLA-DRB104:01,8382.79,ANZ78847,LPPLLSENQIS,957,929.0
405,HLA-DRB104:01,8407.37,ANZ78847,KFAIPNGRKVD,405,930.0
845,HLA-DRB104:01,8438.29,ANZ78847,FCDNINAILTE,845,931.0
848,HLA-DRB104:01,8440.06,ANZ78847,NINAILTEVNE,848,932.0
750,HLA-DRB104:01,8444.27,ANZ78847,VGSGYCVDYSK,750,933.0
109,HLA-DRB104:01,8450.79,ANZ78847,KVKNTKVFKDG,109,934.0
29,HLA-DRB104:01,8460.48,ANZ78847,LNNIDTGPPSI,29,935.0
412,HLA-DRB104:01,8474.2,ANZ78847,RKVDLQLGNLG,412,936.0
197,HLA-DRB104:01,8506.97,ANZ78847,VVSCLYKRNFT,197,937.0
384,HLA-DRB104:01,8510.91,ANZ78847,TCNNIDAAKIY,384,938.0
174,HLA-DRB104:01,8522.83,ANZ78847,YPHTICHPNLG,174,939.0
163,HLA-DRB104:01,8536.95,ANZ78847,EVSVCQYNMCE,163,940.0
142,HLA-DRB104:01,8552.98,ANZ78847,VVQPRTINSTQ,142,941.0
1217,HLA-DRB104:01,8584.43,ANZ78847,STCAVNYTKAP,1217,942.0
686,HLA-DRB104:01,8595.21,ANZ78847,RVSAAFHANSS,686,943.0
661,HLA-DRB104:01,8619.0,ANZ78847,SNGNLYGFRDY,661,944.0
920,HLA-DRB104:01,8627.51,ANZ78847,DKVKLSDVGFV,920,945.0
169,HLA-DRB104:01,8647.45,ANZ78847,YNMCEYPHTIC,169,946.0
80,HLA-DRB104:01,8650.29,ANZ78847,NMALKGTDKLS,80,947.0
843,HLA-DRB104:01,8660.52,ANZ78847,GSFCDNINAIL,843,948.0
167,HLA-DRB104:01,8671.43,ANZ78847,CQYNMCEYPHT,167,949.0
1272,HLA-DRB104:01,8740.08,ANZ78847,QVEMNRLQEAI,1272,950.0
66,HLA-DRB104:01,8741.48,ANZ78847,FLNGYYPTSGS,66,951.0
555,HLA-DRB104:01,8747.48,ANZ78847,GIGEHCSGLAV,555,952.0
1241,HLA-DRB104:01,8749.77,ANZ78847,FREELDQWFKN,1241,953.0
518,HLA-DRB104:01,8751.88,ANZ78847,IGTCPAGTNYL,518,954.0
607,HLA-DRB104:01,8765.57,ANZ78847,VNSGLTCSTDL,607,955.0
41,HLA-DRB104:01,8773.56,ANZ78847,TATVDVTNGLG,41,956.0
621,HLA-DRB104:01,8782.75,ANZ78847,NTDIKLGVCVN,621,957.0
936,HLA-DRB104:01,8787.08,ANZ78847,CTGGAEIRDLI,936,958.0
1243,HLA-DRB104:01,8787.31,ANZ78847,EELDQWFKNQT,1243,959.0
231,HLA-DRB104:01,8818.6,ANZ78847,TDTGVVTKFLF,231,960.0
354,HLA-DRB104:01,8849.93,ANZ78847,PSPLNWERKTF,354,961.0
698,HLA-DRB104:01,8878.02,ANZ78847,PALLFRNIKCN,698,962.0
353,HLA-DRB104:01,8890.96,ANZ78847,VPSPLNWERKT,353,963.0
566,HLA-DRB104:01,8898.42,ANZ78847,KSDYCGGNPCT,566,964.0
84,HLA-DRB104:01,8950.36,ANZ78847,KGTDKLSTLWF,84,965.0
983,HLA-DRB104:01,8981.88,ANZ78847,TAAAGVPFYLN,983,966.0
958,HLA-DRB104:01,9007.97,ANZ78847,PPLLSENQISG,958,967.0
143,HLA-DRB104:01,9013.32,ANZ78847,VQPRTINSTQD,143,968.0
548,HLA-DRB104:01,9028.63,ANZ78847,PQSKSLVGIGE,548,969.0
834,HLA-DRB104:01,9033.54,ANZ78847,ACKSQLVEYGS,834,970.0
713,HLA-DRB104:01,9085.85,ANZ78847,NSLTRQLQPIN,713,971.0
1050,HLA-DRB104:01,9089.08,ANZ78847,ALNNLLQQLSN,1050,972.0
443,HLA-DRB104:01,9102.07,ANZ78847,NLPAANVSVSR,443,973.0
1198,HLA-DRB104:01,9171.08,ANZ78847,TGSGYYYPEPI,1198,974.0
403,HLA-DRB104:01,9177.02,ANZ78847,IDKFAIPNGRK,403,975.0
1146,HLA-DRB104:01,9185.53,ANZ78847,QNAPYGLYFIH,1146,976.0
900,HLA-DRB104:01,9193.55,ANZ78847,CLGSECSKASS,900,977.0
984,HLA-DRB104:01,9193.64,ANZ78847,AAAGVPFYLNV,984,978.0
39,HLA-DRB104:01,9195.94,ANZ78847,ISTATVDVTNG,39,979.0
1202,HLA-DRB104:01,9202.79,ANZ78847,YYYPEPITENN,1202,980.0
933,HLA-DRB104:01,9236.71,ANZ78847,YNNCTGGAEIR,933,981.0
652,HLA-DRB104:01,9251.37,ANZ78847,NSWQNLLYDSN,652,982.0
614,HLA-DRB104:01,9252.31,ANZ78847,STDLQKANTDI,614,983.0
1273,HLA-DRB104:01,9283.29,ANZ78847,VEMNRLQEAIK,1273,984.0
1118,HLA-DRB104:01,9296.21,ANZ78847,MEKVNECVKSQ,1118,985.0
863,HLA-DRB104:01,9299.23,ANZ78847,TQLQVANSLMN,863,986.0
1085,HLA-DRB104:01,9326.41,ANZ78847,IDRLINGRLTA,1085,987.0
1015,HLA-DRB104:01,9329.05,ANZ78847,IANAFNNALDA,1015,988.0
81,HLA-DRB104:01,9336.1,ANZ78847,MALKGTDKLST,81,989.0
325,HLA-DRB104:01,9343.8,ANZ78847,TVQPIADVYRR,325,990.0
294,HLA-DRB104:01,9364.57,ANZ78847,AVDCMSDFMSE,294,991.0
112,HLA-DRB104:01,9369.9,ANZ78847,NTKVFKDGVMY,112,992.0
489,HLA-DRB104:01,9374.64,ANZ78847,HCFKAPKNFCP,489,993.0
1177,HLA-DRB104:01,9405.69,ANZ78847,GDRGIAPKSGY,1177,994.0
410,HLA-DRB104:01,9447.51,ANZ78847,NGRKVDLQLGN,410,995.0
910,HLA-DRB104:01,9470.11,ANZ78847,SRSAIEDLLFD,910,996.0
1147,HLA-DRB104:01,9507.79,ANZ78847,NAPYGLYFIHF,1147,997.0
99,HLA-DRB104:01,9538.26,ANZ78847,LSDFINGIFAK,99,998.0
737,HLA-DRB104:01,9587.65,ANZ78847,NSTAISVQTCD,737,999.0
918,HLA-DRB104:01,9627.35,ANZ78847,LFDKVKLSDVG,918,1000.0
1021,HLA-DRB104:01,9639.46,ANZ78847,NALDAIQEGFD,1021,1001.0
297,HLA-DRB104:01,9642.8,ANZ78847,CMSDFMSEIKC,297,1002.0
1276,HLA-DRB104:01,9660.03,ANZ78847,NRLQEAIKVLN,1276,1003.0
898,HLA-DRB104:01,9692.13,ANZ78847,LGCLGSECSKA,898,1004.0
916,HLA-DRB104:01,9748.56,ANZ78847,DLLFDKVKLSD,916,1005.0
540,HLA-DRB104:01,9757.17,ANZ78847,TFTGPYKCPQS,540,1006.0
1204,HLA-DRB104:01,9760.88,ANZ78847,YPEPITENNVV,1204,1007.0
924,HLA-DRB104:01,9783.6,ANZ78847,LSDVGFVAAYN,924,1008.0
852,HLA-DRB104:01,9805.98,ANZ78847,ILTEVNELLDT,852,1009.0
1133,HLA-DRB104:01,9817.6,ANZ78847,NFCGNGNHIIS,1133,1010.0
21,HLA-DRB104:01,9826.06,ANZ78847,PLDSRTGSLNN,21,1011.0
515,HLA-DRB104:01,9835.97,ANZ78847,NNGIGTCPAGT,515,1012.0
338,HLA-DRB104:01,9845.64,ANZ78847,DLPNCNIEAWL,338,1013.0
1195,HLA-DRB104:01,9873.12,ANZ78847,WMYTGSGYYYP,1195,1014.0
1267,HLA-DRB104:01,9920.39,ANZ78847,TFLDLQVEMNR,1267,1015.0
878,HLA-DRB104:01,9937.09,ANZ78847,STKLKDGVNFN,878,1016.0
1128,HLA-DRB104:01,9949.95,ANZ78847,QSSRINFCGNG,1128,1017.0
1084,HLA-DRB104:01,9989.05,ANZ78847,QIDRLINGRLT,1084,1018.0
915,HLA-DRB104:01,9991.0,ANZ78847,EDLLFDKVKLS,915,1019.0
618,HLA-DRB104:01,9992.42,ANZ78847,QKANTDIKLGV,618,1020.0
881,HLA-DRB104:01,10003.77,ANZ78847,LKDGVNFNVDD,881,1021.0
742,HLA-DRB104:01,10010.86,ANZ78847,SVQTCDLTVGS,742,1022.0
991,HLA-DRB104:01,10018.73,ANZ78847,YLNVQYRINGL,991,1023.0
903,HLA-DRB104:01,10049.46,ANZ78847,SECSKASSRSA,903,1024.0
975,HLA-DRB104:01,10049.92,ANZ78847,SASLFPPWTAA,975,1025.0
350,HLA-DRB104:01,10057.55,ANZ78847,DKSVPSPLNWE,350,1026.0
1197,HLA-DRB104:01,10078.3,ANZ78847,YTGSGYYYPEP,1197,1027.0
108,HLA-DRB104:01,10122.54,ANZ78847,AKVKNTKVFKD,108,1028.0
408,HLA-DRB104:01,10131.58,ANZ78847,IPNGRKVDLQL,408,1029.0
604,HLA-DRB104:01,10149.72,ANZ78847,LHDVNSGLTCS,604,1030.0
1041,HLA-DRB104:01,10168.55,ANZ78847,QAVVNANAEAL,1041,1031.0
1043,HLA-DRB104:01,10196.36,ANZ78847,VVNANAEALNN,1043,1032.0
1200,HLA-DRB104:01,10247.17,ANZ78847,SGYYYPEPITE,1200,1033.0
1048,HLA-DRB104:01,10270.27,ANZ78847,AEALNNLLQQL,1048,1034.0
573,HLA-DRB104:01,10270.44,ANZ78847,NPCTCQPQAFL,573,1035.0
703,HLA-DRB104:01,10307.91,ANZ78847,RNIKCNYVFNN,703,1036.0
537,HLA-DRB104:01,10320.92,ANZ78847,DPITFTGPYKC,537,1037.0
1077,HLA-DRB104:01,10335.06,ANZ78847,DALEAEAQIDR,1077,1038.0
491,HLA-DRB104:01,10401.8,ANZ78847,FKAPKNFCPCK,491,1039.0
699,HLA-DRB104:01,10438.83,ANZ78847,ALLFRNIKCNY,699,1040.0
348,HLA-DRB104:01,10476.03,ANZ78847,LNDKSVPSPLN,348,1041.0
418,HLA-DRB104:01,10477.7,ANZ78847,LGNLGYLQSFN,418,1042.0
1270,HLA-DRB104:01,10478.79,ANZ78847,DLQVEMNRLQE,1270,1043.0
1259,HLA-DRB104:01,10562.76,ANZ78847,LALDYINVTFL,1259,1044.0
1127,HLA-DRB104:01,10600.31,ANZ78847,SQSSRINFCGN,1127,1045.0
1323,HLA-DRB104:01,10601.55,ANZ78847,LFFICCCTGCG,1323,1046.0
1119,HLA-DRB104:01,10604.22,ANZ78847,EKVNECVKSQS,1119,1047.0
1269,HLA-DRB104:01,10633.65,ANZ78847,LDLQVEMNRLQ,1269,1048.0
1332,HLA-DRB104:01,10666.69,ANZ78847,CGTSCFKKCGG,1332,1049.0
1244,HLA-DRB104:01,10716.21,ANZ78847,ELDQWFKNQTS,1244,1050.0
1344,HLA-DRB104:01,10800.4,ANZ78847,CDDYTGYQELV,1344,1051.0
822,HLA-DRB104:01,10802.03,ANZ78847,IDCAAFVCGDY,822,1052.0
171,HLA-DRB104:01,10807.27,ANZ78847,MCEYPHTICHP,171,1053.0
704,HLA-DRB104:01,10902.73,ANZ78847,NIKCNYVFNNS,704,1054.0
612,HLA-DRB104:01,10908.62,ANZ78847,TCSTDLQKANT,612,1055.0
92,HLA-DRB104:01,10937.82,ANZ78847,LWFKPPFLSDF,92,1056.0
925,HLA-DRB104:01,10940.61,ANZ78847,SDVGFVAAYNN,925,1057.0
913,HLA-DRB104:01,10955.54,ANZ78847,AIEDLLFDKVK,913,1058.0
891,HLA-DRB104:01,11005.11,ANZ78847,DINFSSVLGCL,891,1059.0
91,HLA-DRB104:01,11018.5,ANZ78847,TLWFKPPFLSD,91,1060.0
440,HLA-DRB104:01,11035.03,ANZ78847,LYYNLPAANVS,440,1061.0
1271,HLA-DRB104:01,11075.51,ANZ78847,LQVEMNRLQEA,1271,1062.0
1322,HLA-DRB104:01,11093.56,ANZ78847,LLFFICCCTGC,1322,1063.0
1075,HLA-DRB104:01,11107.94,ANZ78847,RLDALEAEAQI,1075,1064.0
1180,HLA-DRB104:01,11113.47,ANZ78847,GIAPKSGYFVN,1180,1065.0
1019,HLA-DRB104:01,11134.68,ANZ78847,FNNALDAIQEG,1019,1066.0
1034,HLA-DRB104:01,11135.72,ANZ78847,NSALVKIQAVV,1034,1067.0
828,HLA-DRB104:01,11155.23,ANZ78847,VCGDYAACKSQ,828,1068.0
813,HLA-DRB104:01,11185.78,ANZ78847,IQTSSPKVTID,813,1069.0
147,HLA-DRB104:01,11207.46,ANZ78847,TINSTQDGVNK,147,1070.0
196,HLA-DRB104:01,11216.16,ANZ78847,GVVSCLYKRNF,196,1071.0
1255,HLA-DRB104:01,11232.41,ANZ78847,VAPDLALDYIN,1255,1072.0
719,HLA-DRB104:01,11235.31,ANZ78847,LQPINYFDSYL,719,1073.0
1238,HLA-DRB104:01,11242.88,ANZ78847,LPDFREELDQW,1238,1074.0
1117,HLA-DRB104:01,11297.25,ANZ78847,AMEKVNECVKS,1117,1075.0
42,HLA-DRB104:01,11307.31,ANZ78847,ATVDVTNGLGT,42,1076.0
888,HLA-DRB104:01,11308.99,ANZ78847,NVDDINFSSVL,888,1077.0
523,HLA-DRB104:01,11352.91,ANZ78847,AGTNYLTCHNL,523,1078.0
883,HLA-DRB104:01,11358.56,ANZ78847,DGVNFNVDDIN,883,1079.0
847,HLA-DRB104:01,11377.99,ANZ78847,DNINAILTEVN,847,1080.0
616,HLA-DRB104:01,11395.07,ANZ78847,DLQKANTDIKL,616,1081.0
89,HLA-DRB104:01,11399.88,ANZ78847,LSTLWFKPPFL,89,1082.0
33,HLA-DRB104:01,11419.12,ANZ78847,DTGPPSISTAT,33,1083.0
1321,HLA-DRB104:01,11445.44,ANZ78847,VLLFFICCCTG,1321,1084.0
1035,HLA-DRB104:01,11449.0,ANZ78847,SALVKIQAVVN,1035,1085.0
1078,HLA-DRB104:01,11452.94,ANZ78847,ALEAEAQIDRL,1078,1086.0
400,HLA-DRB104:01,11483.3,ANZ78847,SITIDKFAIPN,400,1087.0
838,HLA-DRB104:01,11605.86,ANZ78847,QLVEYGSFCDN,838,1088.0
198,HLA-DRB104:01,11693.56,ANZ78847,VSCLYKRNFTY,198,1089.0
234,HLA-DRB104:01,11751.46,ANZ78847,GVVTKFLFNVY,234,1090.0
538,HLA-DRB104:01,11773.41,ANZ78847,PITFTGPYKCP,538,1091.0
855,HLA-DRB104:01,11810.14,ANZ78847,EVNELLDTTQL,855,1092.0
821,HLA-DRB104:01,11891.18,ANZ78847,TIDCAAFVCGD,821,1093.0
468,HLA-DRB104:01,11938.72,ANZ78847,DSVFKPQPAGV,468,1094.0
741,HLA-DRB104:01,11952.93,ANZ78847,ISVQTCDLTVG,741,1095.0
753,HLA-DRB104:01,11959.11,ANZ78847,GYCVDYSKNRR,753,1096.0
94,HLA-DRB104:01,11970.44,ANZ78847,FKPPFLSDFIN,94,1097.0
1219,HLA-DRB104:01,11985.44,ANZ78847,CAVNYTKAPYV,1219,1098.0
617,HLA-DRB104:01,11990.21,ANZ78847,LQKANTDIKLG,617,1099.0
1239,HLA-DRB104:01,12010.58,ANZ78847,PDFREELDQWF,1239,1100.0
588,HLA-DRB104:01,12044.21,ANZ78847,DSCLQGDKCNI,588,1101.0
909,HLA-DRB104:01,12070.69,ANZ78847,SSRSAIEDLLF,909,1102.0
432,HLA-DRB104:01,12122.33,ANZ78847,DTTATSCQLYY,432,1103.0
494,HLA-DRB104:01,12154.84,ANZ78847,PKNFCPCKSNS,494,1104.0
181,HLA-DRB104:01,12160.78,ANZ78847,PNLGNHFKELW,181,1105.0
782,HLA-DRB104:01,12185.57,ANZ78847,VNSVNDSLEPV,782,1106.0
914,HLA-DRB104:01,12189.56,ANZ78847,IEDLLFDKVKL,914,1107.0
26,HLA-DRB104:01,12270.42,ANZ78847,TGSLNNIDTGP,26,1108.0
326,HLA-DRB104:01,12326.59,ANZ78847,VQPIADVYRRK,326,1109.0
605,HLA-DRB104:01,12392.81,ANZ78847,HDVNSGLTCST,605,1110.0
295,HLA-DRB104:01,12407.17,ANZ78847,VDCMSDFMSEI,295,1111.0
911,HLA-DRB104:01,12554.47,ANZ78847,RSAIEDLLFDK,911,1112.0
199,HLA-DRB104:01,12571.65,ANZ78847,SCLYKRNFTYD,199,1113.0
837,HLA-DRB104:01,12645.18,ANZ78847,SQLVEYGSFCD,837,1114.0
209,HLA-DRB104:01,12654.35,ANZ78847,DVNATYLYFHF,209,1115.0
935,HLA-DRB104:01,12681.53,ANZ78847,NCTGGAEIRDL,935,1116.0
1284,HLA-DRB104:01,12764.1,ANZ78847,VLNQSYINLKD,1284,1117.0
846,HLA-DRB104:01,12812.18,ANZ78847,CDNINAILTEV,846,1118.0
662,HLA-DRB104:01,12844.95,ANZ78847,NGNLYGFRDYL,662,1119.0
276,HLA-DRB104:01,12891.69,ANZ78847,LTSRQYLLAFN,276,1120.0
419,HLA-DRB104:01,12901.64,ANZ78847,GNLGYLQSFNY,419,1121.0
433,HLA-DRB104:01,12920.05,ANZ78847,TTATSCQLYYN,433,1122.0
1008,HLA-DRB104:01,12954.26,ANZ78847,LSQNQKLIANA,1008,1123.0
1274,HLA-DRB104:01,12955.05,ANZ78847,EMNRLQEAIKV,1274,1124.0
330,HLA-DRB104:01,12965.41,ANZ78847,ADVYRRKPDLP,330,1125.0
637,HLA-DRB104:01,12971.19,ANZ78847,ISGQGIFVEVN,637,1126.0
890,HLA-DRB104:01,12975.85,ANZ78847,DDINFSSVLGC,890,1127.0
827,HLA-DRB104:01,12984.34,ANZ78847,FVCGDYAACKS,827,1128.0
820,HLA-DRB104:01,12998.6,ANZ78847,VTIDCAAFVCG,820,1129.0
1173,HLA-DRB104:01,13061.94,ANZ78847,LCIAGDRGIAP,1173,1130.0
853,HLA-DRB104:01,13139.43,ANZ78847,LTEVNELLDTT,853,1131.0
351,HLA-DRB104:01,13193.21,ANZ78847,KSVPSPLNWER,351,1132.0
1201,HLA-DRB104:01,13229.9,ANZ78847,GYYYPEPITEN,1201,1133.0
210,HLA-DRB104:01,13231.94,ANZ78847,VNATYLYFHFY,210,1134.0
1258,HLA-DRB104:01,13301.5,ANZ78847,DLALDYINVTF,1258,1135.0
1242,HLA-DRB104:01,13390.0,ANZ78847,REELDQWFKNQ,1242,1136.0
352,HLA-DRB104:01,13432.56,ANZ78847,SVPSPLNWERK,352,1137.0
481,HLA-DRB104:01,13476.69,ANZ78847,NHDVVYAQHCF,481,1138.0
615,HLA-DRB104:01,13500.22,ANZ78847,TDLQKANTDIK,615,1139.0
1294,HLA-DRB104:01,13502.57,ANZ78847,DIGTYEYYVKW,1294,1140.0
938,HLA-DRB104:01,13568.91,ANZ78847,GGAEIRDLICV,938,1141.0
480,HLA-DRB104:01,13595.87,ANZ78847,TNHDVVYAQHC,480,1142.0
1328,HLA-DRB104:01,13597.64,ANZ78847,CCTGCGTSCFK,1328,1143.0
1304,HLA-DRB104:01,13617.62,ANZ78847,WPWYVWLLICL,1304,1144.0
697,HLA-DRB104:01,13687.87,ANZ78847,EPALLFRNIKC,697,1145.0
1115,HLA-DRB104:01,13689.84,ANZ78847,AQAMEKVNECV,1115,1146.0
606,HLA-DRB104:01,13729.4,ANZ78847,DVNSGLTCSTD,606,1147.0
654,HLA-DRB104:01,13740.94,ANZ78847,WQNLLYDSNGN,654,1148.0
1205,HLA-DRB104:01,13743.71,ANZ78847,PEPITENNVVV,1205,1149.0
901,HLA-DRB104:01,13761.62,ANZ78847,LGSECSKASSR,901,1150.0
508,HLA-DRB104:01,13825.48,ANZ78847,VGSGPGKNNGI,508,1151.0
293,HLA-DRB104:01,13841.57,ANZ78847,NAVDCMSDFMS,293,1152.0
90,HLA-DRB104:01,13860.69,ANZ78847,STLWFKPPFLS,90,1153.0
608,HLA-DRB104:01,13905.25,ANZ78847,NSGLTCSTDLQ,608,1154.0
562,HLA-DRB104:01,14008.77,ANZ78847,GLAVKSDYCGG,562,1155.0
902,HLA-DRB104:01,14032.75,ANZ78847,GSECSKASSRS,902,1156.0
747,HLA-DRB104:01,14101.83,ANZ78847,DLTVGSGYCVD,747,1157.0
1024,HLA-DRB104:01,14113.83,ANZ78847,DAIQEGFDATN,1024,1158.0
153,HLA-DRB104:01,14152.98,ANZ78847,DGVNKLQGLLE,153,1159.0
590,HLA-DRB104:01,14187.89,ANZ78847,CLQGDKCNIFA,590,1160.0
854,HLA-DRB104:01,14251.93,ANZ78847,TEVNELLDTTQ,854,1161.0
1011,HLA-DRB104:01,14304.18,ANZ78847,NQKLIANAFNN,1011,1162.0
977,HLA-DRB104:01,14377.3,ANZ78847,SLFPPWTAAAG,977,1163.0
660,HLA-DRB104:01,14384.01,ANZ78847,DSNGNLYGFRD,660,1164.0
1025,HLA-DRB104:01,14406.8,ANZ78847,AIQEGFDATNS,1025,1165.0
785,HLA-DRB104:01,14504.8,ANZ78847,VNDSLEPVGGL,785,1166.0
692,HLA-DRB104:01,14553.0,ANZ78847,HANSSEPALLF,692,1167.0
1183,HLA-DRB104:01,14568.04,ANZ78847,PKSGYFVNVNN,1183,1168.0
30,HLA-DRB104:01,14593.53,ANZ78847,NNIDTGPPSIS,30,1169.0
1020,HLA-DRB104:01,14599.98,ANZ78847,NNALDAIQEGF,1020,1170.0
31,HLA-DRB104:01,14602.84,ANZ78847,NIDTGPPSIST,31,1171.0
906,HLA-DRB104:01,14605.84,ANZ78847,SKASSRSAIED,906,1172.0
1320,HLA-DRB104:01,14743.23,ANZ78847,LVLLFFICCCT,1320,1173.0
182,HLA-DRB104:01,14745.36,ANZ78847,NLGNHFKELWH,182,1174.0
833,HLA-DRB104:01,14757.42,ANZ78847,AACKSQLVEYG,833,1175.0
684,HLA-DRB104:01,14779.32,ANZ78847,SGRVSAAFHAN,684,1176.0
1291,HLA-DRB104:01,14891.82,ANZ78847,NLKDIGTYEYY,1291,1177.0
536,HLA-DRB104:01,14932.22,ANZ78847,PDPITFTGPYK,536,1178.0
759,HLA-DRB104:01,14944.24,ANZ78847,SKNRRSRRAIT,759,1179.0
930,HLA-DRB104:01,14950.4,ANZ78847,VAAYNNCTGGA,930,1180.0
755,HLA-DRB104:01,15016.48,ANZ78847,CVDYSKNRRSR,755,1181.0
312,HLA-DRB104:01,15042.58,ANZ78847,IAPPTGVYELN,312,1182.0
561,HLA-DRB104:01,15062.86,ANZ78847,SGLAVKSDYCG,561,1183.0
945,HLA-DRB104:01,15064.55,ANZ78847,LICVQSYKGIK,945,1184.0
25,HLA-DRB104:01,15116.28,ANZ78847,RTGSLNNIDTG,25,1185.0
761,HLA-DRB104:01,15130.42,ANZ78847,NRRSRRAITTG,761,1186.0
1182,HLA-DRB104:01,15152.89,ANZ78847,APKSGYFVNVN,1182,1187.0
1341,HLA-DRB104:01,15156.55,ANZ78847,GGCCDDYTGYQ,1341,1188.0
387,HLA-DRB104:01,15159.98,ANZ78847,NIDAAKIYGMC,387,1189.0
1329,HLA-DRB104:01,15196.58,ANZ78847,CTGCGTSCFKK,1329,1190.0
1134,HLA-DRB104:01,15206.42,ANZ78847,FCGNGNHIISL,1134,1191.0
149,HLA-DRB104:01,15244.36,ANZ78847,NSTQDGVNKLQ,149,1192.0
435,HLA-DRB104:01,15325.71,ANZ78847,ATSCQLYYNLP,435,1193.0
832,HLA-DRB104:01,15331.19,ANZ78847,YAACKSQLVEY,832,1194.0
620,HLA-DRB104:01,15360.04,ANZ78847,ANTDIKLGVCV,620,1195.0
1047,HLA-DRB104:01,15405.73,ANZ78847,NAEALNNLLQQ,1047,1196.0
144,HLA-DRB104:01,15441.62,ANZ78847,QPRTINSTQDG,144,1197.0
603,HLA-DRB104:01,15478.21,ANZ78847,ILHDVNSGLTC,603,1198.0
327,HLA-DRB104:01,15542.31,ANZ78847,QPIADVYRRKP,327,1199.0
589,HLA-DRB104:01,15563.48,ANZ78847,SCLQGDKCNIF,589,1200.0
1073,HLA-DRB104:01,15564.01,ANZ78847,LSRLDALEAEA,1073,1201.0
329,HLA-DRB104:01,15657.85,ANZ78847,IADVYRRKPDL,329,1202.0
467,HLA-DRB104:01,15665.53,ANZ78847,EDSVFKPQPAG,467,1203.0
32,HLA-DRB104:01,15677.97,ANZ78847,IDTGPPSISTA,32,1204.0
501,HLA-DRB104:01,15703.69,ANZ78847,KSNSSLCVGSG,501,1205.0
286,HLA-DRB104:01,15735.25,ANZ78847,NQDGIIFNAVD,286,1206.0
487,HLA-DRB104:01,15753.31,ANZ78847,AQHCFKAPKNF,487,1207.0
1009,HLA-DRB104:01,15800.24,ANZ78847,SQNQKLIANAF,1009,1208.0
434,HLA-DRB104:01,15800.33,ANZ78847,TATSCQLYYNL,434,1209.0
896,HLA-DRB104:01,15890.33,ANZ78847,SVLGCLGSECS,896,1210.0
705,HLA-DRB104:01,15891.41,ANZ78847,IKCNYVFNNSL,705,1211.0
912,HLA-DRB104:01,15964.53,ANZ78847,SAIEDLLFDKV,912,1212.0
336,HLA-DRB104:01,16265.87,ANZ78847,KPDLPNCNIEA,336,1213.0
550,HLA-DRB104:01,16294.67,ANZ78847,SKSLVGIGEHC,550,1214.0
613,HLA-DRB104:01,16350.62,ANZ78847,CSTDLQKANTD,613,1215.0
1010,HLA-DRB104:01,16399.72,ANZ78847,QNQKLIANAFN,1010,1216.0
542,HLA-DRB104:01,16441.53,ANZ78847,TGPYKCPQSKS,542,1217.0
1129,HLA-DRB104:01,16521.01,ANZ78847,SSRINFCGNGN,1129,1218.0
751,HLA-DRB104:01,16557.3,ANZ78847,GSGYCVDYSKN,751,1219.0
1199,HLA-DRB104:01,16596.2,ANZ78847,GSGYYYPEPIT,1199,1220.0
178,HLA-DRB104:01,16651.28,ANZ78847,ICHPNLGNHFK,178,1221.0
20,HLA-DRB104:01,16783.54,ANZ78847,CPLDSRTGSLN,20,1222.0
388,HLA-DRB104:01,16785.78,ANZ78847,IDAAKIYGMCF,388,1223.0
13,HLA-DRB104:01,16798.47,ANZ78847,AVIGDLKCPLD,13,1224.0
534,HLA-DRB104:01,16853.46,ANZ78847,CNPDPITFTGP,534,1225.0
407,HLA-DRB104:01,16859.52,ANZ78847,AIPNGRKVDLQ,407,1226.0
1126,HLA-DRB104:01,16960.85,ANZ78847,KSQSSRINFCG,1126,1227.0
409,HLA-DRB104:01,17023.11,ANZ78847,PNGRKVDLQLG,409,1228.0
565,HLA-DRB104:01,17069.5,ANZ78847,VKSDYCGGNPC,565,1229.0
152,HLA-DRB104:01,17173.02,ANZ78847,QDGVNKLQGLL,152,1230.0
170,HLA-DRB104:01,17261.22,ANZ78847,NMCEYPHTICH,170,1231.0
180,HLA-DRB104:01,17385.97,ANZ78847,HPNLGNHFKEL,180,1232.0
1233,HLA-DRB104:01,17536.1,ANZ78847,TSIPNLPDFRE,1233,1233.0
954,HLA-DRB104:01,17600.88,ANZ78847,IKVLPPLLSEN,954,1234.0
177,HLA-DRB104:01,17603.72,ANZ78847,TICHPNLGNHF,177,1235.0
179,HLA-DRB104:01,17705.03,ANZ78847,CHPNLGNHFKE,179,1236.0
438,HLA-DRB104:01,17717.4,ANZ78847,CQLYYNLPAAN,438,1237.0
532,HLA-DRB104:01,17727.42,ANZ78847,NLCNPDPITFT,532,1238.0
151,HLA-DRB104:01,17923.53,ANZ78847,TQDGVNKLQGL,151,1239.0
1114,HLA-DRB104:01,18099.57,ANZ78847,AAQAMEKVNEC,1114,1240.0
528,HLA-DRB104:01,18281.51,ANZ78847,LTCHNLCNPDP,528,1241.0
931,HLA-DRB104:01,18343.85,ANZ78847,AAYNNCTGGAE,931,1242.0
1130,HLA-DRB104:01,18451.79,ANZ78847,SRINFCGNGNH,1130,1243.0
1290,HLA-DRB104:01,18515.18,ANZ78847,INLKDIGTYEY,1290,1244.0
1331,HLA-DRB104:01,18528.73,ANZ78847,GCGTSCFKKCG,1331,1245.0
165,HLA-DRB104:01,18547.38,ANZ78847,SVCQYNMCEYP,165,1246.0
619,HLA-DRB104:01,18649.55,ANZ78847,KANTDIKLGVC,619,1247.0
485,HLA-DRB104:01,18712.3,ANZ78847,VYAQHCFKAPK,485,1248.0
585,HLA-DRB104:01,18724.37,ANZ78847,WSADSCLQGDK,585,1249.0
287,HLA-DRB104:01,18747.98,ANZ78847,QDGIIFNAVDC,287,1250.0
334,HLA-DRB104:01,18816.6,ANZ78847,RRKPDLPNCNI,334,1251.0
572,HLA-DRB104:01,18829.76,ANZ78847,GNPCTCQPQAF,572,1252.0
655,HLA-DRB104:01,18920.33,ANZ78847,QNLLYDSNGNL,655,1253.0
955,HLA-DRB104:01,19087.78,ANZ78847,KVLPPLLSENQ,955,1254.0
1044,HLA-DRB104:01,19186.12,ANZ78847,VNANAEALNNL,1044,1255.0
164,HLA-DRB104:01,19212.4,ANZ78847,VSVCQYNMCEY,164,1256.0
175,HLA-DRB104:01,19231.75,ANZ78847,PHTICHPNLGN,175,1257.0
693,HLA-DRB104:01,19253.71,ANZ78847,ANSSEPALLFR,693,1258.0
1167,HLA-DRB104:01,19292.0,ANZ78847,AKVSPGLCIAG,1167,1259.0
549,HLA-DRB104:01,19338.15,ANZ78847,QSKSLVGIGEH,549,1260.0
1327,HLA-DRB104:01,19375.32,ANZ78847,CCCTGCGTSCF,1327,1261.0
1169,HLA-DRB104:01,19436.54,ANZ78847,VSPGLCIAGDR,1169,1262.0
493,HLA-DRB104:01,19567.67,ANZ78847,APKNFCPCKSN,493,1263.0
1168,HLA-DRB104:01,19590.65,ANZ78847,KVSPGLCIAGD,1168,1264.0
1232,HLA-DRB104:01,19766.9,ANZ78847,NTSIPNLPDFR,1232,1265.0
592,HLA-DRB104:01,19800.94,ANZ78847,QGDKCNIFANL,592,1266.0
335,HLA-DRB104:01,19816.71,ANZ78847,RKPDLPNCNIE,335,1267.0
522,HLA-DRB104:01,19823.84,ANZ78847,PAGTNYLTCHN,522,1268.0
1007,HLA-DRB104:01,19880.43,ANZ78847,VLSQNQKLIAN,1007,1269.0
541,HLA-DRB104:01,19899.14,ANZ78847,FTGPYKCPQSK,541,1270.0
1113,HLA-DRB104:01,19900.14,ANZ78847,SAAQAMEKVNE,1113,1271.0
517,HLA-DRB104:01,19902.7,ANZ78847,GIGTCPAGTNY,517,1272.0
781,HLA-DRB104:01,19908.86,ANZ78847,TVNSVNDSLEP,781,1273.0
1317,HLA-DRB104:01,19962.75,ANZ78847,VAMLVLLFFIC,1317,1274.0
505,HLA-DRB104:01,20121.47,ANZ78847,SLCVGSGPGKN,505,1275.0
1326,HLA-DRB104:01,20308.85,ANZ78847,ICCCTGCGTSC,1326,1276.0
932,HLA-DRB104:01,20398.35,ANZ78847,AYNNCTGGAEI,932,1277.0
1170,HLA-DRB104:01,20431.85,ANZ78847,SPGLCIAGDRG,1170,1278.0
27,HLA-DRB104:01,20534.14,ANZ78847,GSLNNIDTGPP,27,1279.0
19,HLA-DRB104:01,20566.19,ANZ78847,KCPLDSRTGSL,19,1280.0
934,HLA-DRB104:01,20700.42,ANZ78847,NNCTGGAEIRD,934,1281.0
1342,HLA-DRB104:01,20750.89,ANZ78847,GCCDDYTGYQE,1342,1282.0
529,HLA-DRB104:01,20768.35,ANZ78847,TCHNLCNPDPI,529,1283.0
1334,HLA-DRB104:01,20987.22,ANZ78847,TSCFKKCGGCC,1334,1284.0
563,HLA-DRB104:01,20992.55,ANZ78847,LAVKSDYCGGN,563,1285.0
1338,HLA-DRB104:01,21128.02,ANZ78847,KKCGGCCDDYT,1338,1286.0
574,HLA-DRB104:01,21278.4,ANZ78847,PCTCQPQAFLG,574,1287.0
694,HLA-DRB104:01,21318.15,ANZ78847,NSSEPALLFRN,694,1288.0
571,HLA-DRB104:01,21889.6,ANZ78847,GGNPCTCQPQA,571,1289.0
1045,HLA-DRB104:01,22034.89,ANZ78847,NANAEALNNLL,1045,1290.0
895,HLA-DRB104:01,22097.82,ANZ78847,SSVLGCLGSEC,895,1291.0
1319,HLA-DRB104:01,22203.69,ANZ78847,MLVLLFFICCC,1319,1292.0
1046,HLA-DRB104:01,22265.54,ANZ78847,ANAEALNNLLQ,1046,1293.0
1074,HLA-DRB104:01,22375.02,ANZ78847,SRLDALEAEAQ,1074,1294.0
503,HLA-DRB104:01,22392.52,ANZ78847,NSSLCVGSGPG,503,1295.0
28,HLA-DRB104:01,22457.29,ANZ78847,SLNNIDTGPPS,28,1296.0
567,HLA-DRB104:01,22488.53,ANZ78847,SDYCGGNPCTC,567,1297.0
1343,HLA-DRB104:01,22590.05,ANZ78847,CCDDYTGYQEL,1343,1298.0
696,HLA-DRB104:01,22622.22,ANZ78847,SEPALLFRNIK,696,1299.0
783,HLA-DRB104:01,22719.36,ANZ78847,NSVNDSLEPVG,783,1300.0
530,HLA-DRB104:01,22892.05,ANZ78847,CHNLCNPDPIT,530,1301.0
1175,HLA-DRB104:01,22999.19,ANZ78847,IAGDRGIAPKS,1175,1302.0
486,HLA-DRB104:01,23007.4,ANZ78847,YAQHCFKAPKN,486,1303.0
510,HLA-DRB104:01,23123.61,ANZ78847,SGPGKNNGIGT,510,1304.0
587,HLA-DRB104:01,23157.6,ANZ78847,ADSCLQGDKCN,587,1305.0
533,HLA-DRB104:01,23225.58,ANZ78847,LCNPDPITFTG,533,1306.0
1337,HLA-DRB104:01,23232.06,ANZ78847,FKKCGGCCDDY,1337,1307.0
150,HLA-DRB104:01,23311.79,ANZ78847,STQDGVNKLQG,150,1308.0
1236,HLA-DRB104:01,23344.04,ANZ78847,PNLPDFREELD,1236,1309.0
1318,HLA-DRB104:01,23368.6,ANZ78847,AMLVLLFFICC,1318,1310.0
472,HLA-DRB104:01,23477.78,ANZ78847,KPQPAGVLTNH,472,1311.0
502,HLA-DRB104:01,23534.77,ANZ78847,SNSSLCVGSGP,502,1312.0
1333,HLA-DRB104:01,23709.25,ANZ78847,GTSCFKKCGGC,1333,1313.0
1176,HLA-DRB104:01,23711.95,ANZ78847,AGDRGIAPKSG,1176,1314.0
1135,HLA-DRB104:01,23982.38,ANZ78847,CGNGNHIISLV,1135,1315.0
568,HLA-DRB104:01,24031.58,ANZ78847,DYCGGNPCTCQ,568,1316.0
1339,HLA-DRB104:01,24135.84,ANZ78847,KCGGCCDDYTG,1339,1317.0
513,HLA-DRB104:01,24545.59,ANZ78847,GKNNGIGTCPA,513,1318.0
1235,HLA-DRB104:01,24733.27,ANZ78847,IPNLPDFREEL,1235,1319.0
1234,HLA-DRB104:01,24947.93,ANZ78847,SIPNLPDFREE,1234,1320.0
1174,HLA-DRB104:01,25031.18,ANZ78847,CIAGDRGIAPK,1174,1321.0
14,HLA-DRB104:01,25045.82,ANZ78847,VIGDLKCPLDS,14,1322.0
760,HLA-DRB104:01,25083.53,ANZ78847,KNRRSRRAITT,760,1323.0
15,HLA-DRB104:01,25391.8,ANZ78847,IGDLKCPLDSR,15,1324.0
1335,HLA-DRB104:01,25455.29,ANZ78847,SCFKKCGGCCD,1335,1325.0
784,HLA-DRB104:01,25516.12,ANZ78847,SVNDSLEPVGG,784,1326.0
1237,HLA-DRB104:01,25546.42,ANZ78847,NLPDFREELDQ,1237,1327.0
754,HLA-DRB104:01,25667.92,ANZ78847,YCVDYSKNRRS,754,1328.0
564,HLA-DRB104:01,25730.22,ANZ78847,AVKSDYCGGNP,564,1329.0
18,HLA-DRB104:01,25740.63,ANZ78847,LKCPLDSRTGS,18,1330.0
1330,HLA-DRB104:01,25806.85,ANZ78847,TGCGTSCFKKC,1330,1331.0
16,HLA-DRB104:01,25902.61,ANZ78847,GDLKCPLDSRT,16,1332.0
521,HLA-DRB104:01,25958.31,ANZ78847,CPAGTNYLTCH,521,1333.0
17,HLA-DRB104:01,26136.9,ANZ78847,DLKCPLDSRTG,17,1334.0
531,HLA-DRB104:01,26259.01,ANZ78847,HNLCNPDPITF,531,1335.0
756,HLA-DRB104:01,26312.94,ANZ78847,VDYSKNRRSRR,756,1336.0
1325,HLA-DRB104:01,26481.38,ANZ78847,FICCCTGCGTS,1325,1337.0
504,HLA-DRB104:01,26490.1,ANZ78847,SSLCVGSGPGK,504,1338.0
516,HLA-DRB104:01,26970.63,ANZ78847,NGIGTCPAGTN,516,1339.0
492,HLA-DRB104:01,27400.18,ANZ78847,KAPKNFCPCKS,492,1340.0
569,HLA-DRB104:01,27790.17,ANZ78847,YCGGNPCTCQP,569,1341.0
506,HLA-DRB104:01,28228.8,ANZ78847,LCVGSGPGKNN,506,1342.0
1336,HLA-DRB104:01,28317.57,ANZ78847,CFKKCGGCCDD,1336,1343.0
586,HLA-DRB104:01,28839.24,ANZ78847,SADSCLQGDKC,586,1344.0
176,HLA-DRB104:01,29373.84,ANZ78847,HTICHPNLGNH,176,1345.0
591,HLA-DRB104:01,29436.75,ANZ78847,LQGDKCNIFAN,591,1346.0
757,HLA-DRB104:01,29869.69,ANZ78847,DYSKNRRSRRA,757,1347.0
511,HLA-DRB104:01,33014.82,ANZ78847,GPGKNNGIGTC,511,1348.0
512,HLA-DRB104:01,33023.47,ANZ78847,PGKNNGIGTCP,512,1349.0
570,HLA-DRB104:01,33590.34,ANZ78847,CGGNPCTCQPQ,570,1350.0
509,HLA-DRB104:01,33929.69,ANZ78847,GSGPGKNNGIG,509,1351.0
507,HLA-DRB104:01,36512.75,ANZ78847,CVGSGPGKNNG,507,1352.0
280,HLA-DRB104:04,42.76,ANZ78847,QYLLAFNQDGI,280,1.0
244,HLA-DRB104:04,68.46,ANZ78847,YLGMALSHYYV,244,2.0
597,HLA-DRB104:04,114.42,ANZ78847,NIFANLILHDV,597,3.0
1140,HLA-DRB104:04,125.01,ANZ78847,HIISLVQNAPY,1140,4.0
811,HLA-DRB104:04,152.79,ANZ78847,EFIQTSSPKVT,811,5.0
269,HLA-DRB104:04,161.86,ANZ78847,LEYWVTPLTSR,269,6.0
1139,HLA-DRB104:04,176.53,ANZ78847,NHIISLVQNAP,1139,7.0
1138,HLA-DRB104:04,176.69,ANZ78847,GNHIISLVQNA,1138,8.0
596,HLA-DRB104:04,186.97,ANZ78847,CNIFANLILHD,596,9.0
343,HLA-DRB104:04,205.06,ANZ78847,NIEAWLNDKSV,343,10.0
1012,HLA-DRB104:04,209.53,ANZ78847,QKLIANAFNNA,1012,11.0
650,HLA-DRB104:04,242.35,ANZ78847,YYNSWQNLLYD,650,12.0
683,HLA-DRB104:04,267.43,ANZ78847,YSGRVSAAFHA,683,13.0
391,HLA-DRB104:04,269.95,ANZ78847,AKIYGMCFSSI,391,14.0
1149,HLA-DRB104:04,293.52,ANZ78847,PYGLYFIHFSY,1149,15.0
953,HLA-DRB104:04,319.33,ANZ78847,GIKVLPPLLSE,953,16.0
1263,HLA-DRB104:04,329.83,ANZ78847,YINVTFLDLQV,1263,17.0
320,HLA-DRB104:04,345.83,ANZ78847,ELNGYTVQPIA,320,18.0
677,HLA-DRB104:04,369.76,ANZ78847,FMIRSCYSGRV,677,19.0
393,HLA-DRB104:04,373.67,ANZ78847,IYGMCFSSITI,393,20.0
1088,HLA-DRB104:04,434.79,ANZ78847,LINGRLTALNA,1088,21.0
830,HLA-DRB104:04,465.88,ANZ78847,GDYAACKSQLV,830,22.0
988,HLA-DRB104:04,491.71,ANZ78847,VPFYLNVQYRI,988,23.0
872,HLA-DRB104:04,511.26,ANZ78847,MNGVTLSTKLK,872,24.0
245,HLA-DRB104:04,514.54,ANZ78847,LGMALSHYYVM,245,25.0
3,HLA-DRB104:04,544.18,ANZ78847,ILLISLPTAFA,3,26.0
593,HLA-DRB104:04,553.74,ANZ78847,GDKCNIFANLI,593,27.0
278,HLA-DRB104:04,554.34,ANZ78847,SRQYLLAFNQD,278,28.0
1214,HLA-DRB104:04,567.06,ANZ78847,VVMSTCAVNYT,1214,29.0
1285,HLA-DRB104:04,571.94,ANZ78847,LNQSYINLKDI,1285,30.0
1089,HLA-DRB104:04,589.96,ANZ78847,INGRLTALNAY,1089,31.0
127,HLA-DRB104:04,599.77,ANZ78847,AITIGSTFVNT,127,32.0
288,HLA-DRB104:04,704.82,ANZ78847,DGIIFNAVDCM,288,33.0
268,HLA-DRB104:04,716.47,ANZ78847,TLEYWVTPLTS,268,34.0
319,HLA-DRB104:04,717.95,ANZ78847,YELNGYTVQPI,319,35.0
156,HLA-DRB104:04,719.63,ANZ78847,NKLQGLLEVSV,156,36.0
1215,HLA-DRB104:04,752.14,ANZ78847,VMSTCAVNYTK,1215,37.0
298,HLA-DRB104:04,780.86,ANZ78847,MSDFMSEIKCK,298,38.0
1346,HLA-DRB104:04,789.51,ANZ78847,DYTGYQELVIK,1346,39.0
394,HLA-DRB104:04,796.1,ANZ78847,YGMCFSSITID,394,40.0
101,HLA-DRB104:04,802.66,ANZ78847,DFINGIFAKVK,101,41.0
281,HLA-DRB104:04,818.35,ANZ78847,YLLAFNQDGII,281,42.0
255,HLA-DRB104:04,825.38,ANZ78847,MPLTCISRRNI,255,43.0
632,HLA-DRB104:04,833.05,ANZ78847,YDLYGISGQGI,632,44.0
897,HLA-DRB104:04,865.49,ANZ78847,VLGCLGSECSK,897,45.0
1275,HLA-DRB104:04,880.37,ANZ78847,MNRLQEAIKVL,1275,46.0
969,HLA-DRB104:04,904.88,ANZ78847,YTLAATSASLF,969,47.0
103,HLA-DRB104:04,909.15,ANZ78847,INGIFAKVKNT,103,48.0
1228,HLA-DRB104:04,940.83,ANZ78847,YVMLNTSIPNL,1228,49.0
1225,HLA-DRB104:04,958.67,ANZ78847,KAPYVMLNTSI,1225,50.0
1038,HLA-DRB104:04,977.8,ANZ78847,VKIQAVVNANA,1038,51.0
370,HLA-DRB104:04,980.26,ANZ78847,NMSSLMSFIQA,370,52.0
1265,HLA-DRB104:04,983.77,ANZ78847,NVTFLDLQVEM,1265,53.0
243,HLA-DRB104:04,1026.65,ANZ78847,VYLGMALSHYY,243,54.0
367,HLA-DRB104:04,1044.31,ANZ78847,CNFNMSSLMSF,367,55.0
1274,HLA-DRB104:04,1065.81,ANZ78847,EMNRLQEAIKV,1274,56.0
498,HLA-DRB104:04,1080.6,ANZ78847,CPCKSNSSLCV,498,57.0
952,HLA-DRB104:04,1092.71,ANZ78847,KGIKVLPPLLS,952,58.0
1014,HLA-DRB104:04,1116.61,ANZ78847,LIANAFNNALD,1014,59.0
161,HLA-DRB104:04,1135.83,ANZ78847,LLEVSVCQYNM,161,60.0
117,HLA-DRB104:04,1144.4,ANZ78847,KDGVMYSEFPA,117,61.0
266,HLA-DRB104:04,1152.79,ANZ78847,GFTLEYWVTPL,266,62.0
722,HLA-DRB104:04,1160.64,ANZ78847,INYFDSYLGCV,722,63.0
296,HLA-DRB104:04,1169.64,ANZ78847,DCMSDFMSEIK,296,64.0
1062,HLA-DRB104:04,1177.02,ANZ78847,FGAISSSLQEI,1062,65.0
252,HLA-DRB104:04,1199.35,ANZ78847,YYVMPLTCISR,252,66.0
678,HLA-DRB104:04,1199.51,ANZ78847,MIRSCYSGRVS,678,67.0
242,HLA-DRB104:04,1207.75,ANZ78847,NVYLGMALSHY,242,68.0
462,HLA-DRB104:04,1232.04,ANZ78847,RFGFIEDSVFK,462,69.0
267,HLA-DRB104:04,1240.95,ANZ78847,FTLEYWVTPLT,267,70.0
1029,HLA-DRB104:04,1260.76,ANZ78847,GFDATNSALVK,1029,71.0
1213,HLA-DRB104:04,1267.85,ANZ78847,VVVMSTCAVNY,1213,72.0
196,HLA-DRB104:04,1315.1,ANZ78847,GVVSCLYKRNF,196,73.0
951,HLA-DRB104:04,1332.64,ANZ78847,YKGIKVLPPLL,951,74.0
22,HLA-DRB104:04,1351.44,ANZ78847,LDSRTGSLNNI,22,75.0
1312,HLA-DRB104:04,1385.71,ANZ78847,ICLAGVAMLVL,1312,76.0
1111,HLA-DRB104:04,1387.54,ANZ78847,KFSAAQAMEKV,1111,77.0
1262,HLA-DRB104:04,1416.09,ANZ78847,DYINVTFLDLQ,1262,78.0
1061,HLA-DRB104:04,1417.1,ANZ78847,RFGAISSSLQE,1061,79.0
946,HLA-DRB104:04,1432.47,ANZ78847,ICVQSYKGIKV,946,80.0
1096,HLA-DRB104:04,1457.25,ANZ78847,LNAYVSQQLSD,1096,81.0
1013,HLA-DRB104:04,1465.57,ANZ78847,KLIANAFNNAL,1013,82.0
968,HLA-DRB104:04,1468.76,ANZ78847,GYTLAATSASL,968,83.0
378,HLA-DRB104:04,1488.26,ANZ78847,IQADSFTCNNI,378,84.0
118,HLA-DRB104:04,1492.7,ANZ78847,DGVMYSEFPAI,118,85.0
810,HLA-DRB104:04,1493.02,ANZ78847,EEFIQTSSPKV,810,86.0
865,HLA-DRB104:04,1508.06,ANZ78847,LQVANSLMNGV,865,87.0
1069,HLA-DRB104:04,1510.39,ANZ78847,LQEILSRLDAL,1069,88.0
234,HLA-DRB104:04,1526.6,ANZ78847,GVVTKFLFNVY,234,89.0
162,HLA-DRB104:04,1542.21,ANZ78847,LEVSVCQYNMC,162,90.0
993,HLA-DRB104:04,1570.91,ANZ78847,NVQYRINGLGV,993,91.0
271,HLA-DRB104:04,1602.7,ANZ78847,YWVTPLTSRQY,271,92.0
85,HLA-DRB104:04,1607.2,ANZ78847,GTDKLSTLWFK,85,93.0
1090,HLA-DRB104:04,1609.94,ANZ78847,NGRLTALNAYV,1090,94.0
1264,HLA-DRB104:04,1611.83,ANZ78847,INVTFLDLQVE,1264,95.0
725,HLA-DRB104:04,1615.0,ANZ78847,FDSYLGCVVNA,725,96.0
1121,HLA-DRB104:04,1619.81,ANZ78847,VNECVKSQSSR,1121,97.0
1261,HLA-DRB104:04,1628.68,ANZ78847,LDYINVTFLDL,1261,98.0
437,HLA-DRB104:04,1630.25,ANZ78847,SCQLYYNLPAA,437,99.0
1063,HLA-DRB104:04,1665.09,ANZ78847,GAISSSLQEIL,1063,100.0
230,HLA-DRB104:04,1672.18,ANZ78847,FTDTGVVTKFL,230,101.0
129,HLA-DRB104:04,1691.48,ANZ78847,TIGSTFVNTSY,129,102.0
839,HLA-DRB104:04,1703.06,ANZ78847,LVEYGSFCDNI,839,103.0
544,HLA-DRB104:04,1713.46,ANZ78847,PYKCPQSKSLV,544,104.0
733,HLA-DRB104:04,1723.76,ANZ78847,VNAYNSTAISV,733,105.0
253,HLA-DRB104:04,1725.5,ANZ78847,YVMPLTCISRR,253,106.0
1188,HLA-DRB104:04,1734.22,ANZ78847,FVNVNNTWMYT,1188,107.0
1095,HLA-DRB104:04,1740.37,ANZ78847,ALNAYVSQQLS,1095,108.0
707,HLA-DRB104:04,1775.06,ANZ78847,CNYVFNNSLTR,707,109.0
340,HLA-DRB104:04,1779.42,ANZ78847,PNCNIEAWLND,340,110.0
37,HLA-DRB104:04,1788.94,ANZ78847,PSISTATVDVT,37,111.0
1131,HLA-DRB104:04,1793.5,ANZ78847,RINFCGNGNHI,1131,112.0
709,HLA-DRB104:04,1818.6,ANZ78847,YVFNNSLTRQL,709,113.0
482,HLA-DRB104:04,1831.1,ANZ78847,HDVVYAQHCFK,482,114.0
1109,HLA-DRB104:04,1837.2,ANZ78847,LVKFSAAQAME,1109,115.0
374,HLA-DRB104:04,1840.72,ANZ78847,LMSFIQADSFT,374,116.0
1060,HLA-DRB104:04,1847.74,ANZ78847,NRFGAISSSLQ,1060,117.0
982,HLA-DRB104:04,1850.01,ANZ78847,WTAAAGVPFYL,982,118.0
128,HLA-DRB104:04,1859.11,ANZ78847,ITIGSTFVNTS,128,119.0
365,HLA-DRB104:04,1870.05,ANZ78847,SNCNFNMSSLM,365,120.0
385,HLA-DRB104:04,1875.04,ANZ78847,CNNIDAAKIYG,385,121.0
273,HLA-DRB104:04,1888.73,ANZ78847,VTPLTSRQYLL,273,122.0
421,HLA-DRB104:04,1933.72,ANZ78847,LGYLQSFNYRI,421,123.0
1171,HLA-DRB104:04,1935.5,ANZ78847,PGLCIAGDRGI,1171,124.0
366,HLA-DRB104:04,1951.71,ANZ78847,NCNFNMSSLMS,366,125.0
169,HLA-DRB104:04,1970.1,ANZ78847,YNMCEYPHTIC,169,126.0
371,HLA-DRB104:04,1974.97,ANZ78847,MSSLMSFIQAD,371,127.0
670,HLA-DRB104:04,1987.72,ANZ78847,DYLTNRTFMIR,670,128.0
1311,HLA-DRB104:04,2000.71,ANZ78847,LICLAGVAMLV,1311,129.0
279,HLA-DRB104:04,2007.2,ANZ78847,RQYLLAFNQDG,279,130.0
598,HLA-DRB104:04,2031.66,ANZ78847,IFANLILHDVN,598,131.0
857,HLA-DRB104:04,2063.2,ANZ78847,NELLDTTQLQV,857,132.0
259,HLA-DRB104:04,2068.13,ANZ78847,CISRRNIGFTL,259,133.0
928,HLA-DRB104:04,2083.92,ANZ78847,GFVAAYNNCTG,928,134.0
483,HLA-DRB104:04,2095.21,ANZ78847,DVVYAQHCFKA,483,135.0
609,HLA-DRB104:04,2096.27,ANZ78847,SGLTCSTDLQK,609,136.0
303,HLA-DRB104:04,2105.5,ANZ78847,SEIKCKTQSIA,303,137.0
1148,HLA-DRB104:04,2114.03,ANZ78847,APYGLYFIHFS,1148,138.0
1071,HLA-DRB104:04,2125.47,ANZ78847,EILSRLDALEA,1071,139.0
945,HLA-DRB104:04,2125.62,ANZ78847,LICVQSYKGIK,945,140.0
119,HLA-DRB104:04,2147.86,ANZ78847,GVMYSEFPAIT,119,141.0
1150,HLA-DRB104:04,2149.02,ANZ78847,YGLYFIHFSYV,1150,142.0
321,HLA-DRB104:04,2160.76,ANZ78847,LNGYTVQPIAD,321,143.0
1193,HLA-DRB104:04,2166.09,ANZ78847,NTWMYTGSGYY,1193,144.0
819,HLA-DRB104:04,2180.6,ANZ78847,KVTIDCAAFVC,819,145.0
941,HLA-DRB104:04,2207.63,ANZ78847,EIRDLICVQSY,941,146.0
5,HLA-DRB104:04,2218.85,ANZ78847,LISLPTAFAVI,5,147.0
1162,HLA-DRB104:04,2225.59,ANZ78847,TKYVTAKVSPG,1162,148.0
649,HLA-DRB104:04,2240.5,ANZ78847,TYYNSWQNLLY,649,149.0
1016,HLA-DRB104:04,2251.4,ANZ78847,ANAFNNALDAI,1016,150.0
396,HLA-DRB104:04,2253.48,ANZ78847,MCFSSITIDKF,396,151.0
297,HLA-DRB104:04,2263.09,ANZ78847,CMSDFMSEIKC,297,152.0
735,HLA-DRB104:04,2264.64,ANZ78847,AYNSTAISVQT,735,153.0
723,HLA-DRB104:04,2271.75,ANZ78847,NYFDSYLGCVV,723,154.0
416,HLA-DRB104:04,2302.98,ANZ78847,LQLGNLGYLQS,416,155.0
1282,HLA-DRB104:04,2315.11,ANZ78847,IKVLNQSYINL,1282,156.0
419,HLA-DRB104:04,2323.55,ANZ78847,GNLGYLQSFNY,419,157.0
1345,HLA-DRB104:04,2349.01,ANZ78847,DDYTGYQELVI,1345,158.0
1108,HLA-DRB104:04,2359.79,ANZ78847,TLVKFSAAQAM,1108,159.0
726,HLA-DRB104:04,2368.25,ANZ78847,DSYLGCVVNAY,726,160.0
1260,HLA-DRB104:04,2373.32,ANZ78847,ALDYINVTFLD,1260,161.0
998,HLA-DRB104:04,2377.92,ANZ78847,INGLGVTMDVL,998,162.0
238,HLA-DRB104:04,2416.71,ANZ78847,KFLFNVYLGMA,238,163.0
995,HLA-DRB104:04,2427.86,ANZ78847,QYRINGLGVTM,995,164.0
1302,HLA-DRB104:04,2462.52,ANZ78847,VKWPWYVWLLI,1302,165.0
1163,HLA-DRB104:04,2465.11,ANZ78847,KYVTAKVSPGL,1163,166.0
246,HLA-DRB104:04,2474.6,ANZ78847,GMALSHYYVMP,246,167.0
1211,HLA-DRB104:04,2480.58,ANZ78847,NNVVVMSTCAV,1211,168.0
227,HLA-DRB104:04,2492.93,ANZ78847,YAYFTDTGVVT,227,169.0
96,HLA-DRB104:04,2506.24,ANZ78847,PPFLSDFINGI,96,170.0
1273,HLA-DRB104:04,2516.41,ANZ78847,VEMNRLQEAIK,1273,171.0
623,HLA-DRB104:04,2521.18,ANZ78847,DIKLGVCVNYD,623,172.0
624,HLA-DRB104:04,2524.56,ANZ78847,IKLGVCVNYDL,624,173.0
1344,HLA-DRB104:04,2531.24,ANZ78847,CDDYTGYQELV,1344,174.0
1141,HLA-DRB104:04,2563.46,ANZ78847,IISLVQNAPYG,1141,175.0
669,HLA-DRB104:04,2567.45,ANZ78847,RDYLTNRTFMI,669,176.0
1347,HLA-DRB104:04,2594.01,ANZ78847,YTGYQELVIKT,1347,177.0
812,HLA-DRB104:04,2601.57,ANZ78847,FIQTSSPKVTI,812,178.0
635,HLA-DRB104:04,2610.51,ANZ78847,YGISGQGIFVE,635,179.0
1005,HLA-DRB104:04,2622.2,ANZ78847,MDVLSQNQKLI,1005,180.0
734,HLA-DRB104:04,2633.77,ANZ78847,NAYNSTAISVQ,734,181.0
852,HLA-DRB104:04,2634.04,ANZ78847,ILTEVNELLDT,852,182.0
712,HLA-DRB104:04,2650.67,ANZ78847,NNSLTRQLQPI,712,183.0
989,HLA-DRB104:04,2666.76,ANZ78847,PFYLNVQYRIN,989,184.0
1079,HLA-DRB104:04,2684.52,ANZ78847,LEAEAQIDRLI,1079,185.0
1123,HLA-DRB104:04,2693.01,ANZ78847,ECVKSQSSRIN,1123,186.0
158,HLA-DRB104:04,2694.36,ANZ78847,LQGLLEVSVCQ,158,187.0
1280,HLA-DRB104:04,2703.92,ANZ78847,EAIKVLNQSYI,1280,188.0
986,HLA-DRB104:04,2711.21,ANZ78847,AGVPFYLNVQY,986,189.0
323,HLA-DRB104:04,2728.71,ANZ78847,GYTVQPIADVY,323,190.0
1316,HLA-DRB104:04,2730.29,ANZ78847,GVAMLVLLFFI,1316,191.0
417,HLA-DRB104:04,2739.17,ANZ78847,QLGNLGYLQSF,417,192.0
1155,HLA-DRB104:04,2768.92,ANZ78847,IHFSYVPTKYV,1155,193.0
525,HLA-DRB104:04,2781.77,ANZ78847,TNYLTCHNLCN,525,194.0
1286,HLA-DRB104:04,2784.69,ANZ78847,NQSYINLKDIG,1286,195.0
891,HLA-DRB104:04,2798.26,ANZ78847,DINFSSVLGCL,891,196.0
183,HLA-DRB104:04,2800.74,ANZ78847,LGNHFKELWHM,183,197.0
779,HLA-DRB104:04,2801.68,ANZ78847,PFTVNSVNDSL,779,198.0
104,HLA-DRB104:04,2804.35,ANZ78847,NGIFAKVKNTK,104,199.0
88,HLA-DRB104:04,2809.48,ANZ78847,KLSTLWFKPPF,88,200.0
132,HLA-DRB104:04,2817.74,ANZ78847,STFVNTSYSVV,132,201.0
944,HLA-DRB104:04,2823.47,ANZ78847,DLICVQSYKGI,944,202.0
228,HLA-DRB104:04,2835.78,ANZ78847,AYFTDTGVVTK,228,203.0
1092,HLA-DRB104:04,2838.77,ANZ78847,RLTALNAYVSQ,1092,204.0
2,HLA-DRB104:04,2851.91,ANZ78847,LILLISLPTAF,2,205.0
422,HLA-DRB104:04,2880.44,ANZ78847,GYLQSFNYRID,422,206.0
676,HLA-DRB104:04,2891.19,ANZ78847,TFMIRSCYSGR,676,207.0
981,HLA-DRB104:04,2938.64,ANZ78847,PWTAAAGVPFY,981,208.0
481,HLA-DRB104:04,2959.64,ANZ78847,NHDVVYAQHCF,481,209.0
963,HLA-DRB104:04,2967.19,ANZ78847,ENQISGYTLAA,963,210.0
237,HLA-DRB104:04,2989.07,ANZ78847,TKFLFNVYLGM,237,211.0
555,HLA-DRB104:04,3013.41,ANZ78847,GIGEHCSGLAV,555,212.0
933,HLA-DRB104:04,3020.11,ANZ78847,YNNCTGGAEIR,933,213.0
270,HLA-DRB104:04,3027.5,ANZ78847,EYWVTPLTSRQ,270,214.0
796,HLA-DRB104:04,3027.62,ANZ78847,YEIQIPSDFTI,796,215.0
556,HLA-DRB104:04,3036.67,ANZ78847,IGEHCSGLAVK,556,216.0
1049,HLA-DRB104:04,3045.72,ANZ78847,EALNNLLQQLS,1049,217.0
1185,HLA-DRB104:04,3051.04,ANZ78847,SGYFVNVNNTW,1185,218.0
159,HLA-DRB104:04,3053.09,ANZ78847,QGLLEVSVCQY,159,219.0
83,HLA-DRB104:04,3070.64,ANZ78847,LKGTDKLSTLW,83,220.0
1194,HLA-DRB104:04,3078.81,ANZ78847,TWMYTGSGYYY,1194,221.0
622,HLA-DRB104:04,3087.15,ANZ78847,TDIKLGVCVNY,622,222.0
1179,HLA-DRB104:04,3088.6,ANZ78847,RGIAPKSGYFV,1179,223.0
187,HLA-DRB104:04,3115.34,ANZ78847,FKELWHMDTGV,187,224.0
395,HLA-DRB104:04,3149.76,ANZ78847,GMCFSSITIDK,395,225.0
12,HLA-DRB104:04,3150.75,ANZ78847,FAVIGDLKCPL,12,226.0
133,HLA-DRB104:04,3151.45,ANZ78847,TFVNTSYSVVV,133,227.0
679,HLA-DRB104:04,3158.5,ANZ78847,IRSCYSGRVSA,679,228.0
1070,HLA-DRB104:04,3173.17,ANZ78847,QEILSRLDALE,1070,229.0
375,HLA-DRB104:04,3188.24,ANZ78847,MSFIQADSFTC,375,230.0
901,HLA-DRB104:04,3195.84,ANZ78847,LGSECSKASSR,901,231.0
905,HLA-DRB104:04,3229.87,ANZ78847,CSKASSRSAIE,905,232.0
1313,HLA-DRB104:04,3232.12,ANZ78847,CLAGVAMLVLL,1313,233.0
4,HLA-DRB104:04,3267.57,ANZ78847,LLISLPTAFAV,4,234.0
745,HLA-DRB104:04,3279.45,ANZ78847,TCDLTVGSGYC,745,235.0
1078,HLA-DRB104:04,3284.31,ANZ78847,ALEAEAQIDRL,1078,236.0
272,HLA-DRB104:04,3284.53,ANZ78847,WVTPLTSRQYL,272,237.0
1000,HLA-DRB104:04,3310.53,ANZ78847,GLGVTMDVLSQ,1000,238.0
851,HLA-DRB104:04,3371.25,ANZ78847,AILTEVNELLD,851,239.0
46,HLA-DRB104:04,3381.32,ANZ78847,VTNGLGTYYVL,46,240.0
1172,HLA-DRB104:04,3394.68,ANZ78847,GLCIAGDRGIA,1172,241.0
1187,HLA-DRB104:04,3415.52,ANZ78847,YFVNVNNTWMY,1187,242.0
1350,HLA-DRB104:04,3466.88,ANZ78847,YQELVIKTSHD,1350,243.0
848,HLA-DRB104:04,3471.18,ANZ78847,NINAILTEVNE,848,244.0
398,HLA-DRB104:04,3478.5,ANZ78847,FSSITIDKFAI,398,245.0
1059,HLA-DRB104:04,3507.94,ANZ78847,SNRFGAISSSL,1059,246.0
397,HLA-DRB104:04,3523.13,ANZ78847,CFSSITIDKFA,397,247.0
970,HLA-DRB104:04,3531.58,ANZ78847,TLAATSASLFP,970,248.0
170,HLA-DRB104:04,3570.73,ANZ78847,NMCEYPHTICH,170,249.0
713,HLA-DRB104:04,3572.14,ANZ78847,NSLTRQLQPIN,713,250.0
1178,HLA-DRB104:04,3584.45,ANZ78847,DRGIAPKSGYF,1178,251.0
873,HLA-DRB104:04,3586.63,ANZ78847,NGVTLSTKLKD,873,252.0
866,HLA-DRB104:04,3595.27,ANZ78847,QVANSLMNGVT,866,253.0
1015,HLA-DRB104:04,3595.93,ANZ78847,IANAFNNALDA,1015,254.0
996,HLA-DRB104:04,3618.55,ANZ78847,YRINGLGVTMD,996,255.0
780,HLA-DRB104:04,3651.52,ANZ78847,FTVNSVNDSLE,780,256.0
125,HLA-DRB104:04,3656.34,ANZ78847,FPAITIGSTFV,125,257.0
274,HLA-DRB104:04,3683.9,ANZ78847,TPLTSRQYLLA,274,258.0
1098,HLA-DRB104:04,3685.12,ANZ78847,AYVSQQLSDST,1098,259.0
841,HLA-DRB104:04,3688.16,ANZ78847,EYGSFCDNINA,841,260.0
193,HLA-DRB104:04,3691.99,ANZ78847,MDTGVVSCLYK,193,261.0
892,HLA-DRB104:04,3694.67,ANZ78847,INFSSVLGCLG,892,262.0
994,HLA-DRB104:04,3703.71,ANZ78847,VQYRINGLGVT,994,263.0
870,HLA-DRB104:04,3708.08,ANZ78847,SLMNGVTLSTK,870,264.0
1229,HLA-DRB104:04,3758.74,ANZ78847,VMLNTSIPNLP,1229,265.0
803,HLA-DRB104:04,3767.15,ANZ78847,DFTIGNMEEFI,803,266.0
1004,HLA-DRB104:04,3786.89,ANZ78847,TMDVLSQNQKL,1004,267.0
275,HLA-DRB104:04,3787.97,ANZ78847,PLTSRQYLLAF,275,268.0
1227,HLA-DRB104:04,3810.51,ANZ78847,PYVMLNTSIPN,1227,269.0
369,HLA-DRB104:04,3813.04,ANZ78847,FNMSSLMSFIQ,369,270.0
831,HLA-DRB104:04,3815.31,ANZ78847,DYAACKSQLVE,831,271.0
1287,HLA-DRB104:04,3823.0,ANZ78847,QSYINLKDIGT,1287,272.0
107,HLA-DRB104:04,3868.46,ANZ78847,FAKVKNTKVFK,107,273.0
431,HLA-DRB104:04,3886.39,ANZ78847,IDTTATSCQLY,431,274.0
100,HLA-DRB104:04,3910.19,ANZ78847,SDFINGIFAKV,100,275.0
1,HLA-DRB104:04,3929.39,ANZ78847,FLILLISLPTA,1,276.0
251,HLA-DRB104:04,3932.43,ANZ78847,HYYVMPLTCIS,251,277.0
264,HLA-DRB104:04,3976.42,ANZ78847,NIGFTLEYWVT,264,278.0
869,HLA-DRB104:04,3978.66,ANZ78847,NSLMNGVTLST,869,279.0
257,HLA-DRB104:04,3981.06,ANZ78847,LTCISRRNIGF,257,280.0
842,HLA-DRB104:04,3984.7,ANZ78847,YGSFCDNINAI,842,281.0
120,HLA-DRB104:04,3998.32,ANZ78847,VMYSEFPAITI,120,282.0
342,HLA-DRB104:04,4018.29,ANZ78847,CNIEAWLNDKS,342,283.0
384,HLA-DRB104:04,4019.75,ANZ78847,TCNNIDAAKIY,384,284.0
392,HLA-DRB104:04,4033.53,ANZ78847,KIYGMCFSSIT,392,285.0
475,HLA-DRB104:04,4050.64,ANZ78847,PAGVLTNHDVV,475,286.0
898,HLA-DRB104:04,4054.49,ANZ78847,LGCLGSECSKA,898,287.0
771,HLA-DRB104:04,4067.34,ANZ78847,GYRFTNFEPFT,771,288.0
168,HLA-DRB104:04,4077.32,ANZ78847,QYNMCEYPHTI,168,289.0
1091,HLA-DRB104:04,4078.71,ANZ78847,GRLTALNAYVS,1091,290.0
124,HLA-DRB104:04,4093.5,ANZ78847,EFPAITIGSTF,124,291.0
912,HLA-DRB104:04,4108.01,ANZ78847,SAIEDLLFDKV,912,292.0
523,HLA-DRB104:04,4112.47,ANZ78847,AGTNYLTCHNL,523,293.0
174,HLA-DRB104:04,4120.37,ANZ78847,YPHTICHPNLG,174,294.0
387,HLA-DRB104:04,4138.54,ANZ78847,NIDAAKIYGMC,387,295.0
106,HLA-DRB104:04,4144.07,ANZ78847,IFAKVKNTKVF,106,296.0
1002,HLA-DRB104:04,4146.71,ANZ78847,GVTMDVLSQNQ,1002,297.0
849,HLA-DRB104:04,4154.77,ANZ78847,INAILTEVNEL,849,298.0
829,HLA-DRB104:04,4165.98,ANZ78847,CGDYAACKSQL,829,299.0
772,HLA-DRB104:04,4168.85,ANZ78847,YRFTNFEPFTV,772,300.0
1030,HLA-DRB104:04,4173.65,ANZ78847,FDATNSALVKI,1030,301.0
768,HLA-DRB104:04,4179.71,ANZ78847,ITTGYRFTNFE,768,302.0
368,HLA-DRB104:04,4191.51,ANZ78847,NFNMSSLMSFI,368,303.0
882,HLA-DRB104:04,4195.73,ANZ78847,KDGVNFNVDDI,882,304.0
429,HLA-DRB104:04,4204.4,ANZ78847,YRIDTTATSCQ,429,305.0
871,HLA-DRB104:04,4211.39,ANZ78847,LMNGVTLSTKL,871,306.0
380,HLA-DRB104:04,4219.87,ANZ78847,ADSFTCNNIDA,380,307.0
1271,HLA-DRB104:04,4244.2,ANZ78847,LQVEMNRLQEA,1271,308.0
1328,HLA-DRB104:04,4295.5,ANZ78847,CCTGCGTSCFK,1328,309.0
322,HLA-DRB104:04,4348.95,ANZ78847,NGYTVQPIADV,322,310.0
1032,HLA-DRB104:04,4364.45,ANZ78847,ATNSALVKIQA,1032,311.0
1314,HLA-DRB104:04,4366.04,ANZ78847,LAGVAMLVLLF,1314,312.0
682,HLA-DRB104:04,4372.67,ANZ78847,CYSGRVSAAFH,682,313.0
1269,HLA-DRB104:04,4382.1,ANZ78847,LDLQVEMNRLQ,1269,314.0
236,HLA-DRB104:04,4403.63,ANZ78847,VTKFLFNVYLG,236,315.0
441,HLA-DRB104:04,4413.95,ANZ78847,YYNLPAANVSV,441,316.0
956,HLA-DRB104:04,4414.61,ANZ78847,VLPPLLSENQI,956,317.0
1132,HLA-DRB104:04,4415.31,ANZ78847,INFCGNGNHII,1132,318.0
874,HLA-DRB104:04,4416.42,ANZ78847,GVTLSTKLKDG,874,319.0
1068,HLA-DRB104:04,4425.84,ANZ78847,SLQEILSRLDA,1068,320.0
1110,HLA-DRB104:04,4431.33,ANZ78847,VKFSAAQAMEK,1110,321.0
43,HLA-DRB104:04,4445.09,ANZ78847,TVDVTNGLGTY,43,322.0
862,HLA-DRB104:04,4446.25,ANZ78847,TTQLQVANSLM,862,323.0
746,HLA-DRB104:04,4448.8,ANZ78847,CDLTVGSGYCV,746,324.0
50,HLA-DRB104:04,4450.91,ANZ78847,LGTYYVLDRVY,50,325.0
1154,HLA-DRB104:04,4460.72,ANZ78847,FIHFSYVPTKY,1154,326.0
724,HLA-DRB104:04,4466.68,ANZ78847,YFDSYLGCVVN,724,327.0
289,HLA-DRB104:04,4470.02,ANZ78847,GIIFNAVDCMS,289,328.0
1326,HLA-DRB104:04,4480.46,ANZ78847,ICCCTGCGTSC,1326,329.0
1192,HLA-DRB104:04,4495.27,ANZ78847,NNTWMYTGSGY,1192,330.0
258,HLA-DRB104:04,4511.31,ANZ78847,TCISRRNIGFT,258,331.0
1240,HLA-DRB104:04,4516.26,ANZ78847,DFREELDQWFK,1240,332.0
383,HLA-DRB104:04,4530.84,ANZ78847,FTCNNIDAAKI,383,333.0
850,HLA-DRB104:04,4535.12,ANZ78847,NAILTEVNELL,850,334.0
1097,HLA-DRB104:04,4570.95,ANZ78847,NAYVSQQLSDS,1097,335.0
233,HLA-DRB104:04,4572.02,ANZ78847,TGVVTKFLFNV,233,336.0
177,HLA-DRB104:04,4583.12,ANZ78847,TICHPNLGNHF,177,337.0
415,HLA-DRB104:04,4583.6,ANZ78847,DLQLGNLGYLQ,415,338.0
610,HLA-DRB104:04,4591.83,ANZ78847,GLTCSTDLQKA,610,339.0
667,HLA-DRB104:04,4596.75,ANZ78847,GFRDYLTNRTF,667,340.0
414,HLA-DRB104:04,4597.65,ANZ78847,VDLQLGNLGYL,414,341.0
131,HLA-DRB104:04,4608.87,ANZ78847,GSTFVNTSYSV,131,342.0
804,HLA-DRB104:04,4632.73,ANZ78847,FTIGNMEEFIQ,804,343.0
1003,HLA-DRB104:04,4665.65,ANZ78847,VTMDVLSQNQK,1003,344.0
526,HLA-DRB104:04,4669.26,ANZ78847,NYLTCHNLCNP,526,345.0
404,HLA-DRB104:04,4692.05,ANZ78847,DKFAIPNGRKV,404,346.0
341,HLA-DRB104:04,4698.73,ANZ78847,NCNIEAWLNDK,341,347.0
250,HLA-DRB104:04,4706.61,ANZ78847,SHYYVMPLTCI,250,348.0
858,HLA-DRB104:04,4727.02,ANZ78847,ELLDTTQLQVA,858,349.0
967,HLA-DRB104:04,4738.08,ANZ78847,SGYTLAATSAS,967,350.0
517,HLA-DRB104:04,4745.76,ANZ78847,GIGTCPAGTNY,517,351.0
691,HLA-DRB104:04,4755.78,ANZ78847,FHANSSEPALL,691,352.0
922,HLA-DRB104:04,4756.94,ANZ78847,VKLSDVGFVAA,922,353.0
240,HLA-DRB104:04,4758.62,ANZ78847,LFNVYLGMALS,240,354.0
794,HLA-DRB104:04,4767.72,ANZ78847,GLYEIQIPSDF,794,355.0
767,HLA-DRB104:04,4781.19,ANZ78847,AITTGYRFTNF,767,356.0
1153,HLA-DRB104:04,4786.15,ANZ78847,YFIHFSYVPTK,1153,357.0
775,HLA-DRB104:04,4806.55,ANZ78847,TNFEPFTVNSV,775,358.0
145,HLA-DRB104:04,4811.81,ANZ78847,PRTINSTQDGV,145,359.0
1156,HLA-DRB104:04,4842.78,ANZ78847,HFSYVPTKYVT,1156,360.0
940,HLA-DRB104:04,4842.94,ANZ78847,AEIRDLICVQS,940,361.0
1043,HLA-DRB104:04,4856.14,ANZ78847,VVNANAEALNN,1043,362.0
795,HLA-DRB104:04,4863.33,ANZ78847,LYEIQIPSDFT,795,363.0
1230,HLA-DRB104:04,4879.71,ANZ78847,MLNTSIPNLPD,1230,364.0
53,HLA-DRB104:04,4902.59,ANZ78847,YYVLDRVYLNT,53,365.0
640,HLA-DRB104:04,4912.97,ANZ78847,QGIFVEVNATY,640,366.0
154,HLA-DRB104:04,4924.07,ANZ78847,GVNKLQGLLEV,154,367.0
957,HLA-DRB104:04,4929.73,ANZ78847,LPPLLSENQIS,957,368.0
818,HLA-DRB104:04,4931.51,ANZ78847,PKVTIDCAAFV,818,369.0
782,HLA-DRB104:04,4955.58,ANZ78847,VNSVNDSLEPV,782,370.0
430,HLA-DRB104:04,4956.97,ANZ78847,RIDTTATSCQL,430,371.0
889,HLA-DRB104:04,4965.28,ANZ78847,VDDINFSSVLG,889,372.0
790,HLA-DRB104:04,4988.11,ANZ78847,EPVGGLYEIQI,790,373.0
184,HLA-DRB104:04,5000.2,ANZ78847,GNHFKELWHMD,184,374.0
68,HLA-DRB104:04,5004.88,ANZ78847,NGYYPTSGSTY,68,375.0
1093,HLA-DRB104:04,5016.38,ANZ78847,LTALNAYVSQQ,1093,376.0
134,HLA-DRB104:04,5018.58,ANZ78847,FVNTSYSVVVQ,134,377.0
98,HLA-DRB104:04,5031.27,ANZ78847,FLSDFINGIFA,98,378.0
634,HLA-DRB104:04,5041.01,ANZ78847,LYGISGQGIFV,634,379.0
552,HLA-DRB104:04,5047.06,ANZ78847,SLVGIGEHCSG,552,380.0
934,HLA-DRB104:04,5051.65,ANZ78847,NNCTGGAEIRD,934,381.0
921,HLA-DRB104:04,5074.12,ANZ78847,KVKLSDVGFVA,921,382.0
139,HLA-DRB104:04,5097.8,ANZ78847,YSVVVQPRTIN,139,383.0
138,HLA-DRB104:04,5103.05,ANZ78847,SYSVVVQPRTI,138,384.0
490,HLA-DRB104:04,5158.49,ANZ78847,CFKAPKNFCPC,490,385.0
1080,HLA-DRB104:04,5173.65,ANZ78847,EAEAQIDRLIN,1080,386.0
21,HLA-DRB104:04,5173.82,ANZ78847,PLDSRTGSLNN,21,387.0
349,HLA-DRB104:04,5184.08,ANZ78847,NDKSVPSPLNW,349,388.0
254,HLA-DRB104:04,5197.93,ANZ78847,VMPLTCISRRN,254,389.0
488,HLA-DRB104:04,5200.52,ANZ78847,QHCFKAPKNFC,488,390.0
1147,HLA-DRB104:04,5206.46,ANZ78847,NAPYGLYFIHF,1147,391.0
146,HLA-DRB104:04,5208.27,ANZ78847,RTINSTQDGVN,146,392.0
1006,HLA-DRB104:04,5210.65,ANZ78847,DVLSQNQKLIA,1006,393.0
126,HLA-DRB104:04,5222.73,ANZ78847,PAITIGSTFVN,126,394.0
936,HLA-DRB104:04,5257.29,ANZ78847,CTGGAEIRDLI,936,395.0
1045,HLA-DRB104:04,5266.59,ANZ78847,NANAEALNNLL,1045,396.0
680,HLA-DRB104:04,5309.45,ANZ78847,RSCYSGRVSAA,680,397.0
1086,HLA-DRB104:04,5324.29,ANZ78847,DRLINGRLTAL,1086,398.0
1028,HLA-DRB104:04,5369.38,ANZ78847,EGFDATNSALV,1028,399.0
582,HLA-DRB104:04,5384.74,ANZ78847,FLGWSADSCLQ,582,400.0
157,HLA-DRB104:04,5392.3,ANZ78847,KLQGLLEVSVC,157,401.0
444,HLA-DRB104:04,5394.22,ANZ78847,LPAANVSVSRF,444,402.0
999,HLA-DRB104:04,5416.21,ANZ78847,NGLGVTMDVLS,999,403.0
990,HLA-DRB104:04,5422.21,ANZ78847,FYLNVQYRING,990,404.0
344,HLA-DRB104:04,5424.74,ANZ78847,IEAWLNDKSVP,344,405.0
381,HLA-DRB104:04,5458.04,ANZ78847,DSFTCNNIDAA,381,406.0
464,HLA-DRB104:04,5458.91,ANZ78847,GFIEDSVFKPQ,464,407.0
171,HLA-DRB104:04,5472.07,ANZ78847,MCEYPHTICHP,171,408.0
1299,HLA-DRB104:04,5498.17,ANZ78847,EYYVKWPWYVW,1299,409.0
971,HLA-DRB104:04,5500.72,ANZ78847,LAATSASLFPP,971,410.0
1044,HLA-DRB104:04,5511.75,ANZ78847,VNANAEALNNL,1044,411.0
93,HLA-DRB104:04,5534.63,ANZ78847,WFKPPFLSDFI,93,412.0
178,HLA-DRB104:04,5541.18,ANZ78847,ICHPNLGNHFK,178,413.0
777,HLA-DRB104:04,5554.1,ANZ78847,FEPFTVNSVND,777,414.0
317,HLA-DRB104:04,5562.68,ANZ78847,GVYELNGYTVQ,317,415.0
554,HLA-DRB104:04,5573.91,ANZ78847,VGIGEHCSGLA,554,416.0
1329,HLA-DRB104:04,5594.42,ANZ78847,CTGCGTSCFKK,1329,417.0
474,HLA-DRB104:04,5595.2,ANZ78847,QPAGVLTNHDV,474,418.0
300,HLA-DRB104:04,5602.95,ANZ78847,DFMSEIKCKTQ,300,419.0
1268,HLA-DRB104:04,5608.25,ANZ78847,FLDLQVEMNRL,1268,420.0
1186,HLA-DRB104:04,5611.2,ANZ78847,GYFVNVNNTWM,1186,421.0
900,HLA-DRB104:04,5614.2,ANZ78847,CLGSECSKASS,900,422.0
805,HLA-DRB104:04,5658.28,ANZ78847,TIGNMEEFIQT,805,423.0
1272,HLA-DRB104:04,5659.6,ANZ78847,QVEMNRLQEAI,1272,424.0
362,HLA-DRB104:04,5666.22,ANZ78847,KTFSNCNFNMS,362,425.0
181,HLA-DRB104:04,5667.12,ANZ78847,PNLGNHFKELW,181,426.0
1180,HLA-DRB104:04,5678.79,ANZ78847,GIAPKSGYFVN,1180,427.0
499,HLA-DRB104:04,5697.95,ANZ78847,PCKSNSSLCVG,499,428.0
309,HLA-DRB104:04,5716.63,ANZ78847,TQSIAPPTGVY,309,429.0
1238,HLA-DRB104:04,5719.4,ANZ78847,LPDFREELDQW,1238,430.0
1122,HLA-DRB104:04,5743.38,ANZ78847,NECVKSQSSRI,1122,431.0
705,HLA-DRB104:04,5744.79,ANZ78847,IKCNYVFNNSL,705,432.0
465,HLA-DRB104:04,5756.31,ANZ78847,FIEDSVFKPQP,465,433.0
442,HLA-DRB104:04,5770.07,ANZ78847,YNLPAANVSVS,442,434.0
802,HLA-DRB104:04,5827.55,ANZ78847,SDFTIGNMEEF,802,435.0
599,HLA-DRB104:04,5830.88,ANZ78847,FANLILHDVNS,599,436.0
594,HLA-DRB104:04,5853.99,ANZ78847,DKCNIFANLIL,594,437.0
436,HLA-DRB104:04,5856.91,ANZ78847,TSCQLYYNLPA,436,438.0
744,HLA-DRB104:04,5896.83,ANZ78847,QTCDLTVGSGY,744,439.0
710,HLA-DRB104:04,5908.71,ANZ78847,VFNNSLTRQLQ,710,440.0
1031,HLA-DRB104:04,5919.55,ANZ78847,DATNSALVKIQ,1031,441.0
731,HLA-DRB104:04,5925.1,ANZ78847,CVVNAYNSTAI,731,442.0
983,HLA-DRB104:04,5935.85,ANZ78847,TAAAGVPFYLN,983,443.0
1166,HLA-DRB104:04,5943.5,ANZ78847,TAKVSPGLCIA,1166,444.0
966,HLA-DRB104:04,5945.79,ANZ78847,ISGYTLAATSA,966,445.0
361,HLA-DRB104:04,5964.26,ANZ78847,RKTFSNCNFNM,361,446.0
57,HLA-DRB104:04,5966.0,ANZ78847,DRVYLNTTLFL,57,447.0
453,HLA-DRB104:04,6007.35,ANZ78847,RFNPSTWNKRF,453,448.0
937,HLA-DRB104:04,6009.06,ANZ78847,TGGAEIRDLIC,937,449.0
1055,HLA-DRB104:04,6009.23,ANZ78847,LQQLSNRFGAI,1055,450.0
954,HLA-DRB104:04,6038.25,ANZ78847,IKVLPPLLSEN,954,451.0
1164,HLA-DRB104:04,6040.11,ANZ78847,YVTAKVSPGLC,1164,452.0
194,HLA-DRB104:04,6043.06,ANZ78847,DTGVVSCLYKR,194,453.0
202,HLA-DRB104:04,6051.17,ANZ78847,YKRNFTYDVNA,202,454.0
1103,HLA-DRB104:04,6065.75,ANZ78847,QLSDSTLVKFS,1103,455.0
904,HLA-DRB104:04,6083.34,ANZ78847,ECSKASSRSAI,904,456.0
206,HLA-DRB104:04,6095.4,ANZ78847,FTYDVNATYLY,206,457.0
302,HLA-DRB104:04,6106.24,ANZ78847,MSEIKCKTQSI,302,458.0
185,HLA-DRB104:04,6109.54,ANZ78847,NHFKELWHMDT,185,459.0
1125,HLA-DRB104:04,6122.74,ANZ78847,VKSQSSRINFC,1125,460.0
1315,HLA-DRB104:04,6128.44,ANZ78847,AGVAMLVLLFF,1315,461.0
1064,HLA-DRB104:04,6135.14,ANZ78847,AISSSLQEILS,1064,462.0
704,HLA-DRB104:04,6140.7,ANZ78847,NIKCNYVFNNS,704,463.0
1052,HLA-DRB104:04,6146.57,ANZ78847,NNLLQQLSNRF,1052,464.0
923,HLA-DRB104:04,6159.25,ANZ78847,KLSDVGFVAAY,923,465.0
899,HLA-DRB104:04,6213.44,ANZ78847,GCLGSECSKAS,899,466.0
405,HLA-DRB104:04,6229.68,ANZ78847,KFAIPNGRKVD,405,467.0
1270,HLA-DRB104:04,6230.12,ANZ78847,DLQVEMNRLQE,1270,468.0
339,HLA-DRB104:04,6253.97,ANZ78847,LPNCNIEAWLN,339,469.0
61,HLA-DRB104:04,6255.06,ANZ78847,LNTTLFLNGYY,61,470.0
914,HLA-DRB104:04,6259.46,ANZ78847,IEDLLFDKVKL,914,471.0
864,HLA-DRB104:04,6274.37,ANZ78847,QLQVANSLMNG,864,472.0
1253,HLA-DRB104:04,6288.28,ANZ78847,TSVAPDLALDY,1253,473.0
987,HLA-DRB104:04,6300.06,ANZ78847,GVPFYLNVQYR,987,474.0
1254,HLA-DRB104:04,6306.62,ANZ78847,SVAPDLALDYI,1254,475.0
1101,HLA-DRB104:04,6348.86,ANZ78847,SQQLSDSTLVK,1101,476.0
231,HLA-DRB104:04,6349.77,ANZ78847,TDTGVVTKFLF,231,477.0
657,HLA-DRB104:04,6350.68,ANZ78847,LLYDSNGNLYG,657,478.0
443,HLA-DRB104:04,6355.05,ANZ78847,NLPAANVSVSR,443,479.0
1051,HLA-DRB104:04,6360.71,ANZ78847,LNNLLQQLSNR,1051,480.0
226,HLA-DRB104:04,6370.98,ANZ78847,FYAYFTDTGVV,226,481.0
551,HLA-DRB104:04,6376.8,ANZ78847,KSLVGIGEHCS,551,482.0
770,HLA-DRB104:04,6392.99,ANZ78847,TGYRFTNFEPF,770,483.0
557,HLA-DRB104:04,6401.38,ANZ78847,GEHCSGLAVKS,557,484.0
820,HLA-DRB104:04,6411.28,ANZ78847,VTIDCAAFVCG,820,485.0
1259,HLA-DRB104:04,6418.18,ANZ78847,LALDYINVTFL,1259,486.0
1036,HLA-DRB104:04,6418.93,ANZ78847,ALVKIQAVVNA,1036,487.0
1196,HLA-DRB104:04,6426.63,ANZ78847,MYTGSGYYYPE,1196,488.0
301,HLA-DRB104:04,6436.6,ANZ78847,FMSEIKCKTQS,301,489.0
524,HLA-DRB104:04,6480.06,ANZ78847,GTNYLTCHNLC,524,490.0
373,HLA-DRB104:04,6509.8,ANZ78847,SLMSFIQADSF,373,491.0
706,HLA-DRB104:04,6521.29,ANZ78847,KCNYVFNNSLT,706,492.0
81,HLA-DRB104:04,6572.69,ANZ78847,MALKGTDKLST,81,493.0
56,HLA-DRB104:04,6607.42,ANZ78847,LDRVYLNTTLF,56,494.0
942,HLA-DRB104:04,6619.4,ANZ78847,IRDLICVQSYK,942,495.0
44,HLA-DRB104:04,6654.28,ANZ78847,VDVTNGLGTYY,44,496.0
935,HLA-DRB104:04,6671.03,ANZ78847,NCTGGAEIRDL,935,497.0
7,HLA-DRB104:04,6693.36,ANZ78847,SLPTAFAVIGD,7,498.0
913,HLA-DRB104:04,6697.66,ANZ78847,AIEDLLFDKVK,913,499.0
879,HLA-DRB104:04,6709.27,ANZ78847,TKLKDGVNFNV,879,500.0
740,HLA-DRB104:04,6732.1,ANZ78847,AISVQTCDLTV,740,501.0
1250,HLA-DRB104:04,6738.49,ANZ78847,KNQTSVAPDLA,1250,502.0
627,HLA-DRB104:04,6752.08,ANZ78847,GVCVNYDLYGI,627,503.0
553,HLA-DRB104:04,6754.74,ANZ78847,LVGIGEHCSGL,553,504.0
471,HLA-DRB104:04,6770.93,ANZ78847,FKPQPAGVLTN,471,505.0
908,HLA-DRB104:04,6782.68,ANZ78847,ASSRSAIEDLL,908,506.0
263,HLA-DRB104:04,6787.11,ANZ78847,RNIGFTLEYWV,263,507.0
867,HLA-DRB104:04,6828.29,ANZ78847,VANSLMNGVTL,867,508.0
992,HLA-DRB104:04,6836.06,ANZ78847,LNVQYRINGLG,992,509.0
49,HLA-DRB104:04,6837.39,ANZ78847,GLGTYYVLDRV,49,510.0
546,HLA-DRB104:04,6850.11,ANZ78847,KCPQSKSLVGI,546,511.0
927,HLA-DRB104:04,6866.44,ANZ78847,VGFVAAYNNCT,927,512.0
714,HLA-DRB104:04,6867.95,ANZ78847,SLTRQLQPINY,714,513.0
102,HLA-DRB104:04,6876.97,ANZ78847,FINGIFAKVKN,102,514.0
506,HLA-DRB104:04,6884.22,ANZ78847,LCVGSGPGKNN,506,515.0
304,HLA-DRB104:04,6909.85,ANZ78847,EIKCKTQSIAP,304,516.0
1039,HLA-DRB104:04,6914.15,ANZ78847,KIQAVVNANAE,1039,517.0
476,HLA-DRB104:04,6922.03,ANZ78847,AGVLTNHDVVY,476,518.0
256,HLA-DRB104:04,6937.27,ANZ78847,PLTCISRRNIG,256,519.0
9,HLA-DRB104:04,6948.32,ANZ78847,PTAFAVIGDLK,9,520.0
51,HLA-DRB104:04,6971.11,ANZ78847,GTYYVLDRVYL,51,521.0
1083,HLA-DRB104:04,6983.33,ANZ78847,AQIDRLINGRL,1083,522.0
60,HLA-DRB104:04,6987.7,ANZ78847,YLNTTLFLNGY,60,523.0
639,HLA-DRB104:04,6993.2,ANZ78847,GQGIFVEVNAT,639,524.0
950,HLA-DRB104:04,6996.05,ANZ78847,SYKGIKVLPPL,950,525.0
739,HLA-DRB104:04,6996.87,ANZ78847,TAISVQTCDLT,739,526.0
1072,HLA-DRB104:04,6999.3,ANZ78847,ILSRLDALEAE,1072,527.0
337,HLA-DRB104:04,7013.38,ANZ78847,PDLPNCNIEAW,337,528.0
1161,HLA-DRB104:04,7015.33,ANZ78847,PTKYVTAKVSP,1161,529.0
1231,HLA-DRB104:04,7075.47,ANZ78847,LNTSIPNLPDF,1231,530.0
1011,HLA-DRB104:04,7079.24,ANZ78847,NQKLIANAFNN,1011,531.0
595,HLA-DRB104:04,7085.64,ANZ78847,KCNIFANLILH,595,532.0
711,HLA-DRB104:04,7097.67,ANZ78847,FNNSLTRQLQP,711,533.0
997,HLA-DRB104:04,7101.25,ANZ78847,RINGLGVTMDV,997,534.0
1281,HLA-DRB104:04,7118.36,ANZ78847,AIKVLNQSYIN,1281,535.0
379,HLA-DRB104:04,7210.41,ANZ78847,QADSFTCNNID,379,536.0
99,HLA-DRB104:04,7318.86,ANZ78847,LSDFINGIFAK,99,537.0
82,HLA-DRB104:04,7333.78,ANZ78847,ALKGTDKLSTL,82,538.0
290,HLA-DRB104:04,7354.33,ANZ78847,IIFNAVDCMSD,290,539.0
310,HLA-DRB104:04,7364.54,ANZ78847,QSIAPPTGVYE,310,540.0
938,HLA-DRB104:04,7367.41,ANZ78847,GGAEIRDLICV,938,541.0
460,HLA-DRB104:04,7370.61,ANZ78847,NKRFGFIEDSV,460,542.0
505,HLA-DRB104:04,7371.05,ANZ78847,SLCVGSGPGKN,505,543.0
229,HLA-DRB104:04,7382.37,ANZ78847,YFTDTGVVTKF,229,544.0
445,HLA-DRB104:04,7385.11,ANZ78847,PAANVSVSRFN,445,545.0
684,HLA-DRB104:04,7385.22,ANZ78847,SGRVSAAFHAN,684,546.0
690,HLA-DRB104:04,7393.26,ANZ78847,AFHANSSEPAL,690,547.0
700,HLA-DRB104:04,7406.59,ANZ78847,LLFRNIKCNYV,700,548.0
1104,HLA-DRB104:04,7419.76,ANZ78847,LSDSTLVKFSA,1104,549.0
155,HLA-DRB104:04,7462.2,ANZ78847,VNKLQGLLEVS,155,550.0
318,HLA-DRB104:04,7483.98,ANZ78847,VYELNGYTVQP,318,551.0
625,HLA-DRB104:04,7484.68,ANZ78847,KLGVCVNYDLY,625,552.0
448,HLA-DRB104:04,7499.05,ANZ78847,NVSVSRFNPST,448,553.0
1157,HLA-DRB104:04,7528.46,ANZ78847,FSYVPTKYVTA,1157,554.0
668,HLA-DRB104:04,7562.78,ANZ78847,FRDYLTNRTFM,668,555.0
1251,HLA-DRB104:04,7575.23,ANZ78847,NQTSVAPDLAL,1251,556.0
647,HLA-DRB104:04,7620.02,ANZ78847,NATYYNSWQNL,647,557.0
23,HLA-DRB104:04,7625.66,ANZ78847,DSRTGSLNNID,23,558.0
728,HLA-DRB104:04,7640.28,ANZ78847,YLGCVVNAYNS,728,559.0
6,HLA-DRB104:04,7649.38,ANZ78847,ISLPTAFAVIG,6,560.0
1017,HLA-DRB104:04,7655.17,ANZ78847,NAFNNALDAIQ,1017,561.0
958,HLA-DRB104:04,7672.47,ANZ78847,PPLLSENQISG,958,562.0
461,HLA-DRB104:04,7709.75,ANZ78847,KRFGFIEDSVF,461,563.0
1278,HLA-DRB104:04,7712.85,ANZ78847,LQEAIKVLNQS,1278,564.0
147,HLA-DRB104:04,7718.11,ANZ78847,TINSTQDGVNK,147,565.0
1246,HLA-DRB104:04,7722.0,ANZ78847,DQWFKNQTSVA,1246,566.0
8,HLA-DRB104:04,7729.58,ANZ78847,LPTAFAVIGDL,8,567.0
47,HLA-DRB104:04,7748.61,ANZ78847,TNGLGTYYVLD,47,568.0
186,HLA-DRB104:04,7756.53,ANZ78847,HFKELWHMDTG,186,569.0
406,HLA-DRB104:04,7779.08,ANZ78847,FAIPNGRKVDL,406,570.0
943,HLA-DRB104:04,7790.87,ANZ78847,RDLICVQSYKG,943,571.0
470,HLA-DRB104:04,7791.06,ANZ78847,VFKPQPAGVLT,470,572.0
116,HLA-DRB104:04,7791.35,ANZ78847,FKDGVMYSEFP,116,573.0
452,HLA-DRB104:04,7793.23,ANZ78847,SRFNPSTWNKR,452,574.0
13,HLA-DRB104:04,7813.98,ANZ78847,AVIGDLKCPLD,13,575.0
809,HLA-DRB104:04,7852.3,ANZ78847,MEEFIQTSSPK,809,576.0
148,HLA-DRB104:04,7875.71,ANZ78847,INSTQDGVNKL,148,577.0
480,HLA-DRB104:04,7878.91,ANZ78847,TNHDVVYAQHC,480,578.0
265,HLA-DRB104:04,7892.47,ANZ78847,IGFTLEYWVTP,265,579.0
71,HLA-DRB104:04,7911.39,ANZ78847,YPTSGSTYRNM,71,580.0
390,HLA-DRB104:04,7915.18,ANZ78847,AAKIYGMCFSS,390,581.0
604,HLA-DRB104:04,7921.62,ANZ78847,LHDVNSGLTCS,604,582.0
232,HLA-DRB104:04,7923.9,ANZ78847,DTGVVTKFLFN,232,583.0
888,HLA-DRB104:04,7940.37,ANZ78847,NVDDINFSSVL,888,584.0
748,HLA-DRB104:04,7944.15,ANZ78847,LTVGSGYCVDY,748,585.0
894,HLA-DRB104:04,7954.25,ANZ78847,FSSVLGCLGSE,894,586.0
537,HLA-DRB104:04,7960.42,ANZ78847,DPITFTGPYKC,537,587.0
14,HLA-DRB104:04,7965.07,ANZ78847,VIGDLKCPLDS,14,588.0
573,HLA-DRB104:04,7983.76,ANZ78847,NPCTCQPQAFL,573,589.0
887,HLA-DRB104:04,8013.98,ANZ78847,FNVDDINFSSV,887,590.0
292,HLA-DRB104:04,8040.33,ANZ78847,FNAVDCMSDFM,292,591.0
316,HLA-DRB104:04,8058.95,ANZ78847,TGVYELNGYTV,316,592.0
671,HLA-DRB104:04,8061.49,ANZ78847,YLTNRTFMIRS,671,593.0
1297,HLA-DRB104:04,8073.9,ANZ78847,TYEYYVKWPWY,1297,594.0
856,HLA-DRB104:04,8075.58,ANZ78847,VNELLDTTQLQ,856,595.0
179,HLA-DRB104:04,8099.15,ANZ78847,CHPNLGNHFKE,179,596.0
449,HLA-DRB104:04,8120.92,ANZ78847,VSVSRFNPSTW,449,597.0
1077,HLA-DRB104:04,8122.94,ANZ78847,DALEAEAQIDR,1077,598.0
408,HLA-DRB104:04,8137.58,ANZ78847,IPNGRKVDLQL,408,599.0
350,HLA-DRB104:04,8152.77,ANZ78847,DKSVPSPLNWE,350,600.0
939,HLA-DRB104:04,8164.4,ANZ78847,GAEIRDLICVQ,939,601.0
907,HLA-DRB104:04,8177.99,ANZ78847,KASSRSAIEDL,907,602.0
1298,HLA-DRB104:04,8178.38,ANZ78847,YEYYVKWPWYV,1298,603.0
0,HLA-DRB104:04,8192.95,ANZ78847,MFLILLISLPT,0,604.0
797,HLA-DRB104:04,8230.16,ANZ78847,EIQIPSDFTIG,797,605.0
262,HLA-DRB104:04,8240.37,ANZ78847,RRNIGFTLEYW,262,606.0
1124,HLA-DRB104:04,8242.89,ANZ78847,CVKSQSSRINF,1124,607.0
420,HLA-DRB104:04,8272.46,ANZ78847,NLGYLQSFNYR,420,608.0
964,HLA-DRB104:04,8278.7,ANZ78847,NQISGYTLAAT,964,609.0
377,HLA-DRB104:04,8294.39,ANZ78847,FIQADSFTCNN,377,610.0
1048,HLA-DRB104:04,8326.25,ANZ78847,AEALNNLLQQL,1048,611.0
173,HLA-DRB104:04,8364.02,ANZ78847,EYPHTICHPNL,173,612.0
736,HLA-DRB104:04,8403.54,ANZ78847,YNSTAISVQTC,736,613.0
920,HLA-DRB104:04,8411.1,ANZ78847,DKVKLSDVGFV,920,614.0
1102,HLA-DRB104:04,8453.8,ANZ78847,QQLSDSTLVKF,1102,615.0
45,HLA-DRB104:04,8468.33,ANZ78847,DVTNGLGTYYV,45,616.0
1309,HLA-DRB104:04,8476.27,ANZ78847,WLLICLAGVAM,1309,617.0
111,HLA-DRB104:04,8506.17,ANZ78847,KNTKVFKDGVM,111,618.0
58,HLA-DRB104:04,8506.99,ANZ78847,RVYLNTTLFLN,58,619.0
758,HLA-DRB104:04,8525.96,ANZ78847,YSKNRRSRRAI,758,620.0
1018,HLA-DRB104:04,8558.86,ANZ78847,AFNNALDAIQE,1018,621.0
494,HLA-DRB104:04,8569.65,ANZ78847,PKNFCPCKSNS,494,622.0
828,HLA-DRB104:04,8584.68,ANZ78847,VCGDYAACKSQ,828,623.0
487,HLA-DRB104:04,8621.68,ANZ78847,AQHCFKAPKNF,487,624.0
454,HLA-DRB104:04,8664.31,ANZ78847,FNPSTWNKRFG,454,625.0
463,HLA-DRB104:04,8665.4,ANZ78847,FGFIEDSVFKP,463,626.0
1310,HLA-DRB104:04,8669.4,ANZ78847,LLICLAGVAML,1310,627.0
580,HLA-DRB104:04,8688.63,ANZ78847,QAFLGWSADSC,580,628.0
1151,HLA-DRB104:04,8699.02,ANZ78847,GLYFIHFSYVP,1151,629.0
826,HLA-DRB104:04,8701.52,ANZ78847,AFVCGDYAACK,826,630.0
359,HLA-DRB104:04,8711.67,ANZ78847,WERKTFSNCNF,359,631.0
141,HLA-DRB104:04,8716.84,ANZ78847,VVVQPRTINST,141,632.0
497,HLA-DRB104:04,8730.49,ANZ78847,FCPCKSNSSLC,497,633.0
152,HLA-DRB104:04,8730.88,ANZ78847,QDGVNKLQGLL,152,634.0
69,HLA-DRB104:04,8732.12,ANZ78847,GYYPTSGSTYR,69,635.0
1020,HLA-DRB104:04,8735.39,ANZ78847,NNALDAIQEGF,1020,636.0
413,HLA-DRB104:04,8739.76,ANZ78847,KVDLQLGNLGY,413,637.0
477,HLA-DRB104:04,8760.32,ANZ78847,GVLTNHDVVYA,477,638.0
836,HLA-DRB104:04,8762.72,ANZ78847,KSQLVEYGSFC,836,639.0
1216,HLA-DRB104:04,8771.96,ANZ78847,MSTCAVNYTKA,1216,640.0
59,HLA-DRB104:04,8799.48,ANZ78847,VYLNTTLFLNG,59,641.0
689,HLA-DRB104:04,8823.15,ANZ78847,AAFHANSSEPA,689,642.0
1276,HLA-DRB104:04,8833.91,ANZ78847,NRLQEAIKVLN,1276,643.0
962,HLA-DRB104:04,8871.41,ANZ78847,SENQISGYTLA,962,644.0
1120,HLA-DRB104:04,8876.15,ANZ78847,KVNECVKSQSS,1120,645.0
192,HLA-DRB104:04,8903.19,ANZ78847,HMDTGVVSCLY,192,646.0
1022,HLA-DRB104:04,8911.32,ANZ78847,ALDAIQEGFDA,1022,647.0
776,HLA-DRB104:04,8928.31,ANZ78847,NFEPFTVNSVN,776,648.0
840,HLA-DRB104:04,8945.51,ANZ78847,VEYGSFCDNIN,840,649.0
97,HLA-DRB104:04,8949.18,ANZ78847,PFLSDFINGIF,97,650.0
1133,HLA-DRB104:04,8965.12,ANZ78847,NFCGNGNHIIS,1133,651.0
15,HLA-DRB104:04,8997.16,ANZ78847,IGDLKCPLDSR,15,652.0
1075,HLA-DRB104:04,9033.13,ANZ78847,RLDALEAEAQI,1075,653.0
896,HLA-DRB104:04,9061.27,ANZ78847,SVLGCLGSECS,896,654.0
291,HLA-DRB104:04,9067.67,ANZ78847,IFNAVDCMSDF,291,655.0
451,HLA-DRB104:04,9072.28,ANZ78847,VSRFNPSTWNK,451,656.0
235,HLA-DRB104:04,9078.88,ANZ78847,VVTKFLFNVYL,235,657.0
160,HLA-DRB104:04,9078.99,ANZ78847,GLLEVSVCQYN,160,658.0
401,HLA-DRB104:04,9098.34,ANZ78847,ITIDKFAIPNG,401,659.0
947,HLA-DRB104:04,9123.32,ANZ78847,CVQSYKGIKVL,947,660.0
893,HLA-DRB104:04,9127.63,ANZ78847,NFSSVLGCLGS,893,661.0
514,HLA-DRB104:04,9137.64,ANZ78847,KNNGIGTCPAG,514,662.0
817,HLA-DRB104:04,9153.37,ANZ78847,SPKVTIDCAAF,817,663.0
1305,HLA-DRB104:04,9256.24,ANZ78847,PWYVWLLICLA,1305,664.0
910,HLA-DRB104:04,9268.08,ANZ78847,SRSAIEDLLFD,910,665.0
911,HLA-DRB104:04,9295.23,ANZ78847,RSAIEDLLFDK,911,666.0
418,HLA-DRB104:04,9296.52,ANZ78847,LGNLGYLQSFN,418,667.0
906,HLA-DRB104:04,9318.65,ANZ78847,SKASSRSAIED,906,668.0
1076,HLA-DRB104:04,9320.45,ANZ78847,LDALEAEAQID,1076,669.0
210,HLA-DRB104:04,9324.58,ANZ78847,VNATYLYFHFY,210,670.0
1255,HLA-DRB104:04,9352.94,ANZ78847,VAPDLALDYIN,1255,671.0
929,HLA-DRB104:04,9356.08,ANZ78847,FVAAYNNCTGG,929,672.0
1221,HLA-DRB104:04,9358.07,ANZ78847,VNYTKAPYVML,1221,673.0
135,HLA-DRB104:04,9358.19,ANZ78847,VNTSYSVVVQP,135,674.0
209,HLA-DRB104:04,9377.3,ANZ78847,DVNATYLYFHF,209,675.0
855,HLA-DRB104:04,9381.2,ANZ78847,EVNELLDTTQL,855,676.0
1087,HLA-DRB104:04,9383.35,ANZ78847,RLINGRLTALN,1087,677.0
558,HLA-DRB104:04,9416.32,ANZ78847,EHCSGLAVKSD,558,678.0
1160,HLA-DRB104:04,9445.2,ANZ78847,VPTKYVTAKVS,1160,679.0
708,HLA-DRB104:04,9457.34,ANZ78847,NYVFNNSLTRQ,708,680.0
1094,HLA-DRB104:04,9470.09,ANZ78847,TALNAYVSQQL,1094,681.0
115,HLA-DRB104:04,9499.79,ANZ78847,VFKDGVMYSEF,115,682.0
1177,HLA-DRB104:04,9500.99,ANZ78847,GDRGIAPKSGY,1177,683.0
1324,HLA-DRB104:04,9502.37,ANZ78847,FFICCCTGCGT,1324,684.0
1019,HLA-DRB104:04,9504.54,ANZ78847,FNNALDAIQEG,1019,685.0
766,HLA-DRB104:04,9515.94,ANZ78847,RAITTGYRFTN,766,686.0
403,HLA-DRB104:04,9523.99,ANZ78847,IDKFAIPNGRK,403,687.0
225,HLA-DRB104:04,9583.79,ANZ78847,TFYAYFTDTGV,225,688.0
324,HLA-DRB104:04,9608.04,ANZ78847,YTVQPIADVYR,324,689.0
1239,HLA-DRB104:04,9632.01,ANZ78847,PDFREELDQWF,1239,690.0
641,HLA-DRB104:04,9637.74,ANZ78847,GIFVEVNATYY,641,691.0
191,HLA-DRB104:04,9640.42,ANZ78847,WHMDTGVVSCL,191,692.0
1267,HLA-DRB104:04,9645.83,ANZ78847,TFLDLQVEMNR,1267,693.0
846,HLA-DRB104:04,9647.43,ANZ78847,CDNINAILTEV,846,694.0
439,HLA-DRB104:04,9656.36,ANZ78847,QLYYNLPAANV,439,695.0
695,HLA-DRB104:04,9671.97,ANZ78847,SSEPALLFRNI,695,696.0
813,HLA-DRB104:04,9674.44,ANZ78847,IQTSSPKVTID,813,697.0
247,HLA-DRB104:04,9688.29,ANZ78847,MALSHYYVMPL,247,698.0
1118,HLA-DRB104:04,9709.78,ANZ78847,MEKVNECVKSQ,1118,699.0
747,HLA-DRB104:04,9710.08,ANZ78847,DLTVGSGYCVD,747,700.0
545,HLA-DRB104:04,9731.24,ANZ78847,YKCPQSKSLVG,545,701.0
36,HLA-DRB104:04,9751.63,ANZ78847,PPSISTATVDV,36,702.0
1009,HLA-DRB104:04,9758.81,ANZ78847,SQNQKLIANAF,1009,703.0
1107,HLA-DRB104:04,9759.45,ANZ78847,STLVKFSAAQA,1107,704.0
1137,HLA-DRB104:04,9787.18,ANZ78847,NGNHIISLVQN,1137,705.0
608,HLA-DRB104:04,9803.6,ANZ78847,NSGLTCSTDLQ,608,706.0
764,HLA-DRB104:04,9814.14,ANZ78847,SRRAITTGYRF,764,707.0
20,HLA-DRB104:04,9823.3,ANZ78847,CPLDSRTGSLN,20,708.0
491,HLA-DRB104:04,9823.71,ANZ78847,FKAPKNFCPCK,491,709.0
701,HLA-DRB104:04,9833.44,ANZ78847,LFRNIKCNYVF,701,710.0
217,HLA-DRB104:04,9853.38,ANZ78847,FHFYQEGGTFY,217,711.0
87,HLA-DRB104:04,9888.58,ANZ78847,DKLSTLWFKPP,87,712.0
588,HLA-DRB104:04,9894.17,ANZ78847,DSCLQGDKCNI,588,713.0
1173,HLA-DRB104:04,9897.94,ANZ78847,LCIAGDRGIAP,1173,714.0
1116,HLA-DRB104:04,9919.64,ANZ78847,QAMEKVNECVK,1116,715.0
822,HLA-DRB104:04,9924.29,ANZ78847,IDCAAFVCGDY,822,716.0
793,HLA-DRB104:04,9974.16,ANZ78847,GGLYEIQIPSD,793,717.0
386,HLA-DRB104:04,9990.06,ANZ78847,NNIDAAKIYGM,386,718.0
529,HLA-DRB104:04,9995.1,ANZ78847,TCHNLCNPDPI,529,719.0
1165,HLA-DRB104:04,9998.87,ANZ78847,VTAKVSPGLCI,1165,720.0
1284,HLA-DRB104:04,10015.05,ANZ78847,VLNQSYINLKD,1284,721.0
1241,HLA-DRB104:04,10036.85,ANZ78847,FREELDQWFKN,1241,722.0
603,HLA-DRB104:04,10038.0,ANZ78847,ILHDVNSGLTC,603,723.0
121,HLA-DRB104:04,10040.08,ANZ78847,MYSEFPAITIG,121,724.0
1220,HLA-DRB104:04,10046.28,ANZ78847,AVNYTKAPYVM,1220,725.0
675,HLA-DRB104:04,10051.78,ANZ78847,RTFMIRSCYSG,675,726.0
1327,HLA-DRB104:04,10063.9,ANZ78847,CCCTGCGTSCF,1327,727.0
348,HLA-DRB104:04,10072.57,ANZ78847,LNDKSVPSPLN,348,728.0
218,HLA-DRB104:04,10088.21,ANZ78847,HFYQEGGTFYA,218,729.0
1283,HLA-DRB104:04,10096.84,ANZ78847,KVLNQSYINLK,1283,730.0
738,HLA-DRB104:04,10106.5,ANZ78847,STAISVQTCDL,738,731.0
518,HLA-DRB104:04,10107.45,ANZ78847,IGTCPAGTNYL,518,732.0
195,HLA-DRB104:04,10125.3,ANZ78847,TGVVSCLYKRN,195,733.0
89,HLA-DRB104:04,10130.93,ANZ78847,LSTLWFKPPFL,89,734.0
885,HLA-DRB104:04,10190.21,ANZ78847,VNFNVDDINFS,885,735.0
1056,HLA-DRB104:04,10204.58,ANZ78847,QQLSNRFGAIS,1056,736.0
190,HLA-DRB104:04,10218.51,ANZ78847,LWHMDTGVVSC,190,737.0
189,HLA-DRB104:04,10286.7,ANZ78847,ELWHMDTGVVS,189,738.0
76,HLA-DRB104:04,10292.04,ANZ78847,STYRNMALKGT,76,739.0
774,HLA-DRB104:04,10329.8,ANZ78847,FTNFEPFTVNS,774,740.0
55,HLA-DRB104:04,10353.29,ANZ78847,VLDRVYLNTTL,55,741.0
204,HLA-DRB104:04,10363.3,ANZ78847,RNFTYDVNATY,204,742.0
1219,HLA-DRB104:04,10380.13,ANZ78847,CAVNYTKAPYV,1219,743.0
446,HLA-DRB104:04,10385.09,ANZ78847,AANVSVSRFNP,446,744.0
86,HLA-DRB104:04,10412.52,ANZ78847,TDKLSTLWFKP,86,745.0
1040,HLA-DRB104:04,10414.05,ANZ78847,IQAVVNANAEA,1040,746.0
399,HLA-DRB104:04,10416.67,ANZ78847,SSITIDKFAIP,399,747.0
919,HLA-DRB104:04,10422.38,ANZ78847,FDKVKLSDVGF,919,748.0
616,HLA-DRB104:04,10423.66,ANZ78847,DLQKANTDIKL,616,749.0
500,HLA-DRB104:04,10428.03,ANZ78847,CKSNSSLCVGS,500,750.0
1145,HLA-DRB104:04,10449.78,ANZ78847,VQNAPYGLYFI,1145,751.0
685,HLA-DRB104:04,10499.38,ANZ78847,GRVSAAFHANS,685,752.0
10,HLA-DRB104:04,10512.81,ANZ78847,TAFAVIGDLKC,10,753.0
239,HLA-DRB104:04,10534.82,ANZ78847,FLFNVYLGMAL,239,754.0
845,HLA-DRB104:04,10594.03,ANZ78847,FCDNINAILTE,845,755.0
77,HLA-DRB104:04,10604.17,ANZ78847,TYRNMALKGTD,77,756.0
581,HLA-DRB104:04,10631.39,ANZ78847,AFLGWSADSCL,581,757.0
880,HLA-DRB104:04,10658.99,ANZ78847,KLKDGVNFNVD,880,758.0
1218,HLA-DRB104:04,10688.58,ANZ78847,TCAVNYTKAPY,1218,759.0
75,HLA-DRB104:04,10689.5,ANZ78847,GSTYRNMALKG,75,760.0
1348,HLA-DRB104:04,10705.25,ANZ78847,TGYQELVIKTS,1348,761.0
1001,HLA-DRB104:04,10719.56,ANZ78847,LGVTMDVLSQN,1001,762.0
1210,HLA-DRB104:04,10751.65,ANZ78847,ENNVVVMSTCA,1210,763.0
473,HLA-DRB104:04,10763.85,ANZ78847,PQPAGVLTNHD,473,764.0
1144,HLA-DRB104:04,10772.18,ANZ78847,LVQNAPYGLYF,1144,765.0
786,HLA-DRB104:04,10777.05,ANZ78847,NDSLEPVGGLY,786,766.0
617,HLA-DRB104:04,10793.17,ANZ78847,LQKANTDIKLG,617,767.0
824,HLA-DRB104:04,10869.57,ANZ78847,CAAFVCGDYAA,824,768.0
980,HLA-DRB104:04,10871.78,ANZ78847,PPWTAAAGVPF,980,769.0
884,HLA-DRB104:04,10877.02,ANZ78847,GVNFNVDDINF,884,770.0
531,HLA-DRB104:04,10880.58,ANZ78847,HNLCNPDPITF,531,771.0
219,HLA-DRB104:04,10885.85,ANZ78847,FYQEGGTFYAY,219,772.0
1204,HLA-DRB104:04,10909.88,ANZ78847,YPEPITENNVV,1204,773.0
153,HLA-DRB104:04,10929.17,ANZ78847,DGVNKLQGLLE,153,774.0
621,HLA-DRB104:04,10929.74,ANZ78847,NTDIKLGVCVN,621,775.0
955,HLA-DRB104:04,10936.8,ANZ78847,KVLPPLLSENQ,955,776.0
926,HLA-DRB104:04,10968.38,ANZ78847,DVGFVAAYNNC,926,777.0
959,HLA-DRB104:04,11045.09,ANZ78847,PLLSENQISGY,959,778.0
456,HLA-DRB104:04,11067.21,ANZ78847,PSTWNKRFGFI,456,779.0
351,HLA-DRB104:04,11077.56,ANZ78847,KSVPSPLNWER,351,780.0
644,HLA-DRB104:04,11080.49,ANZ78847,VEVNATYYNSW,644,781.0
1277,HLA-DRB104:04,11099.89,ANZ78847,RLQEAIKVLNQ,1277,782.0
643,HLA-DRB104:04,11103.63,ANZ78847,FVEVNATYYNS,643,783.0
466,HLA-DRB104:04,11106.32,ANZ78847,IEDSVFKPQPA,466,784.0
299,HLA-DRB104:04,11117.44,ANZ78847,SDFMSEIKCKT,299,785.0
1279,HLA-DRB104:04,11130.93,ANZ78847,QEAIKVLNQSY,1279,786.0
932,HLA-DRB104:04,11189.74,ANZ78847,AYNNCTGGAEI,932,787.0
648,HLA-DRB104:04,11194.33,ANZ78847,ATYYNSWQNLL,648,788.0
1143,HLA-DRB104:04,11228.71,ANZ78847,SLVQNAPYGLY,1143,789.0
1206,HLA-DRB104:04,11341.49,ANZ78847,EPITENNVVVM,1206,790.0
1042,HLA-DRB104:04,11344.42,ANZ78847,AVVNANAEALN,1042,791.0
732,HLA-DRB104:04,11375.57,ANZ78847,VVNAYNSTAIS,732,792.0
607,HLA-DRB104:04,11376.13,ANZ78847,VNSGLTCSTDL,607,793.0
965,HLA-DRB104:04,11383.11,ANZ78847,QISGYTLAATS,965,794.0
821,HLA-DRB104:04,11401.23,ANZ78847,TIDCAAFVCGD,821,795.0
489,HLA-DRB104:04,11417.92,ANZ78847,HCFKAPKNFCP,489,796.0
1054,HLA-DRB104:04,11421.31,ANZ78847,LLQQLSNRFGA,1054,797.0
656,HLA-DRB104:04,11490.48,ANZ78847,NLLYDSNGNLY,656,798.0
651,HLA-DRB104:04,11515.2,ANZ78847,YNSWQNLLYDS,651,799.0
1058,HLA-DRB104:04,11557.65,ANZ78847,LSNRFGAISSS,1058,800.0
1212,HLA-DRB104:04,11562.31,ANZ78847,NVVVMSTCAVN,1212,801.0
633,HLA-DRB104:04,11583.64,ANZ78847,DLYGISGQGIF,633,802.0
1010,HLA-DRB104:04,11585.71,ANZ78847,QNQKLIANAFN,1010,803.0
628,HLA-DRB104:04,11592.12,ANZ78847,VCVNYDLYGIS,628,804.0
909,HLA-DRB104:04,11631.43,ANZ78847,SSRSAIEDLLF,909,805.0
172,HLA-DRB104:04,11674.57,ANZ78847,CEYPHTICHPN,172,806.0
1082,HLA-DRB104:04,11714.23,ANZ78847,EAQIDRLINGR,1082,807.0
1065,HLA-DRB104:04,11729.82,ANZ78847,ISSSLQEILSR,1065,808.0
123,HLA-DRB104:04,11758.75,ANZ78847,SEFPAITIGST,123,809.0
765,HLA-DRB104:04,11764.9,ANZ78847,RRAITTGYRFT,765,810.0
979,HLA-DRB104:04,11775.84,ANZ78847,FPPWTAAAGVP,979,811.0
789,HLA-DRB104:04,11779.6,ANZ78847,LEPVGGLYEIQ,789,812.0
30,HLA-DRB104:04,11829.74,ANZ78847,NNIDTGPPSIS,30,813.0
788,HLA-DRB104:04,11844.39,ANZ78847,SLEPVGGLYEI,788,814.0
681,HLA-DRB104:04,11863.5,ANZ78847,SCYSGRVSAAF,681,815.0
105,HLA-DRB104:04,11918.07,ANZ78847,GIFAKVKNTKV,105,816.0
11,HLA-DRB104:04,11997.96,ANZ78847,AFAVIGDLKCP,11,817.0
1203,HLA-DRB104:04,12004.16,ANZ78847,YYPEPITENNV,1203,818.0
1066,HLA-DRB104:04,12008.75,ANZ78847,SSSLQEILSRL,1066,819.0
590,HLA-DRB104:04,12016.51,ANZ78847,CLQGDKCNIFA,590,820.0
208,HLA-DRB104:04,12023.59,ANZ78847,YDVNATYLYFH,208,821.0
112,HLA-DRB104:04,12025.48,ANZ78847,NTKVFKDGVMY,112,822.0
1037,HLA-DRB104:04,12043.07,ANZ78847,LVKIQAVVNAN,1037,823.0
311,HLA-DRB104:04,12057.59,ANZ78847,SIAPPTGVYEL,311,824.0
539,HLA-DRB104:04,12059.14,ANZ78847,ITFTGPYKCPQ,539,825.0
308,HLA-DRB104:04,12071.06,ANZ78847,KTQSIAPPTGV,308,826.0
1136,HLA-DRB104:04,12086.96,ANZ78847,GNGNHIISLVQ,1136,827.0
823,HLA-DRB104:04,12130.19,ANZ78847,DCAAFVCGDYA,823,828.0
363,HLA-DRB104:04,12137.68,ANZ78847,TFSNCNFNMSS,363,829.0
730,HLA-DRB104:04,12160.39,ANZ78847,GCVVNAYNSTA,730,830.0
205,HLA-DRB104:04,12201.36,ANZ78847,NFTYDVNATYL,205,831.0
715,HLA-DRB104:04,12208.14,ANZ78847,LTRQLQPINYF,715,832.0
277,HLA-DRB104:04,12236.55,ANZ78847,TSRQYLLAFNQ,277,833.0
305,HLA-DRB104:04,12236.89,ANZ78847,IKCKTQSIAPP,305,834.0
890,HLA-DRB104:04,12242.06,ANZ78847,DDINFSSVLGC,890,835.0
530,HLA-DRB104:04,12245.16,ANZ78847,CHNLCNPDPIT,530,836.0
1152,HLA-DRB104:04,12256.31,ANZ78847,LYFIHFSYVPT,1152,837.0
283,HLA-DRB104:04,12274.29,ANZ78847,LAFNQDGIIFN,283,838.0
1033,HLA-DRB104:04,12299.8,ANZ78847,TNSALVKIQAV,1033,839.0
438,HLA-DRB104:04,12304.66,ANZ78847,CQLYYNLPAAN,438,840.0
38,HLA-DRB104:04,12311.85,ANZ78847,SISTATVDVTN,38,841.0
357,HLA-DRB104:04,12313.44,ANZ78847,LNWERKTFSNC,357,842.0
108,HLA-DRB104:04,12332.6,ANZ78847,AKVKNTKVFKD,108,843.0
1112,HLA-DRB104:04,12345.42,ANZ78847,FSAAQAMEKVN,1112,844.0
94,HLA-DRB104:04,12352.55,ANZ78847,FKPPFLSDFIN,94,845.0
1053,HLA-DRB104:04,12362.29,ANZ78847,NLLQQLSNRFG,1053,846.0
364,HLA-DRB104:04,12415.02,ANZ78847,FSNCNFNMSSL,364,847.0
978,HLA-DRB104:04,12415.99,ANZ78847,LFPPWTAAAGV,978,848.0
814,HLA-DRB104:04,12427.07,ANZ78847,QTSSPKVTIDC,814,849.0
1247,HLA-DRB104:04,12430.73,ANZ78847,QWFKNQTSVAP,1247,850.0
334,HLA-DRB104:04,12466.68,ANZ78847,RRKPDLPNCNI,334,851.0
354,HLA-DRB104:04,12476.76,ANZ78847,PSPLNWERKTF,354,852.0
114,HLA-DRB104:04,12529.82,ANZ78847,KVFKDGVMYSE,114,853.0
853,HLA-DRB104:04,12543.05,ANZ78847,LTEVNELLDTT,853,854.0
1252,HLA-DRB104:04,12545.62,ANZ78847,QTSVAPDLALD,1252,855.0
1292,HLA-DRB104:04,12552.16,ANZ78847,LKDIGTYEYYV,1292,856.0
692,HLA-DRB104:04,12589.07,ANZ78847,HANSSEPALLF,692,857.0
515,HLA-DRB104:04,12598.09,ANZ78847,NNGIGTCPAGT,515,858.0
136,HLA-DRB104:04,12613.18,ANZ78847,NTSYSVVVQPR,136,859.0
778,HLA-DRB104:04,12628.13,ANZ78847,EPFTVNSVNDS,778,860.0
791,HLA-DRB104:04,12663.67,ANZ78847,PVGGLYEIQIP,791,861.0
527,HLA-DRB104:04,12688.49,ANZ78847,YLTCHNLCNPD,527,862.0
631,HLA-DRB104:04,12705.84,ANZ78847,NYDLYGISGQG,631,863.0
1067,HLA-DRB104:04,12740.64,ANZ78847,SSLQEILSRLD,1067,864.0
282,HLA-DRB104:04,12754.2,ANZ78847,LLAFNQDGIIF,282,865.0
338,HLA-DRB104:04,12760.46,ANZ78847,DLPNCNIEAWL,338,866.0
847,HLA-DRB104:04,12783.19,ANZ78847,DNINAILTEVN,847,867.0
457,HLA-DRB104:04,12801.99,ANZ78847,STWNKRFGFIE,457,868.0
868,HLA-DRB104:04,12854.77,ANZ78847,ANSLMNGVTLS,868,869.0
825,HLA-DRB104:04,12896.08,ANZ78847,AAFVCGDYAAC,825,870.0
1296,HLA-DRB104:04,12913.81,ANZ78847,GTYEYYVKWPW,1296,871.0
960,HLA-DRB104:04,12913.96,ANZ78847,LLSENQISGYT,960,872.0
52,HLA-DRB104:04,12917.64,ANZ78847,TYYVLDRVYLN,52,873.0
536,HLA-DRB104:04,12927.59,ANZ78847,PDPITFTGPYK,536,874.0
1057,HLA-DRB104:04,12937.74,ANZ78847,QLSNRFGAISS,1057,875.0
188,HLA-DRB104:04,12947.38,ANZ78847,KELWHMDTGVV,188,876.0
752,HLA-DRB104:04,13022.0,ANZ78847,SGYCVDYSKNR,752,877.0
638,HLA-DRB104:04,13027.31,ANZ78847,SGQGIFVEVNA,638,878.0
1351,HLA-DRB104:04,13033.04,ANZ78847,QELVIKTSHDD,1351,879.0
875,HLA-DRB104:04,13064.46,ANZ78847,VTLSTKLKDGV,875,880.0
1293,HLA-DRB104:04,13071.5,ANZ78847,KDIGTYEYYVK,1293,881.0
261,HLA-DRB104:04,13125.5,ANZ78847,SRRNIGFTLEY,261,882.0
1081,HLA-DRB104:04,13148.8,ANZ78847,AEAQIDRLING,1081,883.0
1027,HLA-DRB104:04,13170.17,ANZ78847,QEGFDATNSAL,1027,884.0
167,HLA-DRB104:04,13206.91,ANZ78847,CQYNMCEYPHT,167,885.0
140,HLA-DRB104:04,13257.89,ANZ78847,SVVVQPRTINS,140,886.0
702,HLA-DRB104:04,13264.83,ANZ78847,FRNIKCNYVFN,702,887.0
741,HLA-DRB104:04,13284.16,ANZ78847,ISVQTCDLTVG,741,888.0
575,HLA-DRB104:04,13290.63,ANZ78847,CTCQPQAFLGW,575,889.0
484,HLA-DRB104:04,13317.88,ANZ78847,VVYAQHCFKAP,484,890.0
79,HLA-DRB104:04,13343.18,ANZ78847,RNMALKGTDKL,79,891.0
440,HLA-DRB104:04,13357.28,ANZ78847,LYYNLPAANVS,440,892.0
447,HLA-DRB104:04,13362.99,ANZ78847,ANVSVSRFNPS,447,893.0
577,HLA-DRB104:04,13394.61,ANZ78847,CQPQAFLGWSA,577,894.0
620,HLA-DRB104:04,13426.88,ANZ78847,ANTDIKLGVCV,620,895.0
495,HLA-DRB104:04,13437.3,ANZ78847,KNFCPCKSNSS,495,896.0
665,HLA-DRB104:04,13462.97,ANZ78847,LYGFRDYLTNR,665,897.0
516,HLA-DRB104:04,13465.04,ANZ78847,NGIGTCPAGTN,516,898.0
1258,HLA-DRB104:04,13503.35,ANZ78847,DLALDYINVTF,1258,899.0
455,HLA-DRB104:04,13527.95,ANZ78847,NPSTWNKRFGF,455,900.0
806,HLA-DRB104:04,13541.76,ANZ78847,IGNMEEFIQTS,806,901.0
1085,HLA-DRB104:04,13651.49,ANZ78847,IDRLINGRLTA,1085,902.0
503,HLA-DRB104:04,13676.72,ANZ78847,NSSLCVGSGPG,503,903.0
773,HLA-DRB104:04,13678.17,ANZ78847,RFTNFEPFTVN,773,904.0
428,HLA-DRB104:04,13681.64,ANZ78847,NYRIDTTATSC,428,905.0
260,HLA-DRB104:04,13695.24,ANZ78847,ISRRNIGFTLE,260,906.0
307,HLA-DRB104:04,13728.64,ANZ78847,CKTQSIAPPTG,307,907.0
629,HLA-DRB104:04,13783.09,ANZ78847,CVNYDLYGISG,629,908.0
1323,HLA-DRB104:04,13783.86,ANZ78847,LFFICCCTGCG,1323,909.0
1233,HLA-DRB104:04,13784.68,ANZ78847,TSIPNLPDFRE,1233,910.0
1146,HLA-DRB104:04,13809.59,ANZ78847,QNAPYGLYFIH,1146,911.0
615,HLA-DRB104:04,13838.19,ANZ78847,TDLQKANTDIK,615,912.0
1337,HLA-DRB104:04,13849.85,ANZ78847,FKKCGGCCDDY,1337,913.0
662,HLA-DRB104:04,13877.75,ANZ78847,NGNLYGFRDYL,662,914.0
1207,HLA-DRB104:04,13903.33,ANZ78847,PITENNVVVMS,1207,915.0
411,HLA-DRB104:04,13928.65,ANZ78847,GRKVDLQLGNL,411,916.0
70,HLA-DRB104:04,13968.23,ANZ78847,YYPTSGSTYRN,70,917.0
389,HLA-DRB104:04,14080.08,ANZ78847,DAAKIYGMCFS,389,918.0
1226,HLA-DRB104:04,14114.49,ANZ78847,APYVMLNTSIP,1226,919.0
80,HLA-DRB104:04,14122.02,ANZ78847,NMALKGTDKLS,80,920.0
762,HLA-DRB104:04,14132.16,ANZ78847,RRSRRAITTGY,762,921.0
501,HLA-DRB104:04,14135.72,ANZ78847,KSNSSLCVGSG,501,922.0
1119,HLA-DRB104:04,14154.5,ANZ78847,EKVNECVKSQS,1119,923.0
336,HLA-DRB104:04,14170.91,ANZ78847,KPDLPNCNIEA,336,924.0
783,HLA-DRB104:04,14187.41,ANZ78847,NSVNDSLEPVG,783,925.0
469,HLA-DRB104:04,14213.59,ANZ78847,SVFKPQPAGVL,469,926.0
215,HLA-DRB104:04,14214.78,ANZ78847,LYFHFYQEGGT,215,927.0
207,HLA-DRB104:04,14237.58,ANZ78847,TYDVNATYLYF,207,928.0
636,HLA-DRB104:04,14250.58,ANZ78847,GISGQGIFVEV,636,929.0
832,HLA-DRB104:04,14255.44,ANZ78847,YAACKSQLVEY,832,930.0
600,HLA-DRB104:04,14261.15,ANZ78847,ANLILHDVNSG,600,931.0
1189,HLA-DRB104:04,14264.94,ANZ78847,VNVNNTWMYTG,1189,932.0
1317,HLA-DRB104:04,14267.98,ANZ78847,VAMLVLLFFIC,1317,933.0
614,HLA-DRB104:04,14296.02,ANZ78847,STDLQKANTDI,614,934.0
787,HLA-DRB104:04,14353.55,ANZ78847,DSLEPVGGLYE,787,935.0
1266,HLA-DRB104:04,14374.98,ANZ78847,VTFLDLQVEMN,1266,936.0
1294,HLA-DRB104:04,14389.8,ANZ78847,DIGTYEYYVKW,1294,937.0
64,HLA-DRB104:04,14392.56,ANZ78847,TLFLNGYYPTS,64,938.0
538,HLA-DRB104:04,14433.62,ANZ78847,PITFTGPYKCP,538,939.0
863,HLA-DRB104:04,14503.26,ANZ78847,TQLQVANSLMN,863,940.0
1205,HLA-DRB104:04,14611.94,ANZ78847,PEPITENNVVV,1205,941.0
513,HLA-DRB104:04,14652.06,ANZ78847,GKNNGIGTCPA,513,942.0
694,HLA-DRB104:04,14664.18,ANZ78847,NSSEPALLFRN,694,943.0
1142,HLA-DRB104:04,14680.78,ANZ78847,ISLVQNAPYGL,1142,944.0
1181,HLA-DRB104:04,14711.23,ANZ78847,IAPKSGYFVNV,1181,945.0
673,HLA-DRB104:04,14720.12,ANZ78847,TNRTFMIRSCY,673,946.0
902,HLA-DRB104:04,14759.86,ANZ78847,GSECSKASSRS,902,947.0
547,HLA-DRB104:04,14763.59,ANZ78847,CPQSKSLVGIG,547,948.0
769,HLA-DRB104:04,14802.52,ANZ78847,TTGYRFTNFEP,769,949.0
180,HLA-DRB104:04,14811.77,ANZ78847,HPNLGNHFKEL,180,950.0
961,HLA-DRB104:04,14833.6,ANZ78847,LSENQISGYTL,961,951.0
602,HLA-DRB104:04,14835.9,ANZ78847,LILHDVNSGLT,602,952.0
719,HLA-DRB104:04,14838.23,ANZ78847,LQPINYFDSYL,719,953.0
645,HLA-DRB104:04,14850.89,ANZ78847,EVNATYYNSWQ,645,954.0
579,HLA-DRB104:04,14893.48,ANZ78847,PQAFLGWSADS,579,955.0
948,HLA-DRB104:04,14911.01,ANZ78847,VQSYKGIKVLP,948,956.0
360,HLA-DRB104:04,14912.58,ANZ78847,ERKTFSNCNFN,360,957.0
504,HLA-DRB104:04,14916.93,ANZ78847,SSLCVGSGPGK,504,958.0
1325,HLA-DRB104:04,14949.46,ANZ78847,FICCCTGCGTS,1325,959.0
1330,HLA-DRB104:04,14951.04,ANZ78847,TGCGTSCFKKC,1330,960.0
143,HLA-DRB104:04,14984.67,ANZ78847,VQPRTINSTQD,143,961.0
973,HLA-DRB104:04,15043.06,ANZ78847,ATSASLFPPWT,973,962.0
883,HLA-DRB104:04,15103.39,ANZ78847,DGVNFNVDDIN,883,963.0
930,HLA-DRB104:04,15116.54,ANZ78847,VAAYNNCTGGA,930,964.0
589,HLA-DRB104:04,15127.16,ANZ78847,SCLQGDKCNIF,589,965.0
333,HLA-DRB104:04,15129.37,ANZ78847,YRRKPDLPNCN,333,966.0
48,HLA-DRB104:04,15138.16,ANZ78847,NGLGTYYVLDR,48,967.0
1021,HLA-DRB104:04,15139.28,ANZ78847,NALDAIQEGFD,1021,968.0
1306,HLA-DRB104:04,15156.2,ANZ78847,WYVWLLICLAG,1306,969.0
425,HLA-DRB104:04,15156.59,ANZ78847,QSFNYRIDTTA,425,970.0
626,HLA-DRB104:04,15203.09,ANZ78847,LGVCVNYDLYG,626,971.0
838,HLA-DRB104:04,15218.16,ANZ78847,QLVEYGSFCDN,838,972.0
878,HLA-DRB104:04,15231.26,ANZ78847,STKLKDGVNFN,878,973.0
1026,HLA-DRB104:04,15250.58,ANZ78847,IQEGFDATNSA,1026,974.0
220,HLA-DRB104:04,15308.3,ANZ78847,YQEGGTFYAYF,220,975.0
592,HLA-DRB104:04,15323.82,ANZ78847,QGDKCNIFANL,592,976.0
95,HLA-DRB104:04,15350.42,ANZ78847,KPPFLSDFING,95,977.0
1084,HLA-DRB104:04,15384.02,ANZ78847,QIDRLINGRLT,1084,978.0
1041,HLA-DRB104:04,15430.4,ANZ78847,QAVVNANAEAL,1041,979.0
835,HLA-DRB104:04,15435.33,ANZ78847,CKSQLVEYGSF,835,980.0
520,HLA-DRB104:04,15444.54,ANZ78847,TCPAGTNYLTC,520,981.0
672,HLA-DRB104:04,15455.07,ANZ78847,LTNRTFMIRSC,672,982.0
844,HLA-DRB104:04,15455.39,ANZ78847,SFCDNINAILT,844,983.0
295,HLA-DRB104:04,15457.12,ANZ78847,VDCMSDFMSEI,295,984.0
1245,HLA-DRB104:04,15476.57,ANZ78847,LDQWFKNQTSV,1245,985.0
753,HLA-DRB104:04,15495.81,ANZ78847,GYCVDYSKNRR,753,986.0
827,HLA-DRB104:04,15506.64,ANZ78847,FVCGDYAACKS,827,987.0
84,HLA-DRB104:04,15516.97,ANZ78847,KGTDKLSTLWF,84,988.0
358,HLA-DRB104:04,15536.49,ANZ78847,NWERKTFSNCN,358,989.0
974,HLA-DRB104:04,15544.45,ANZ78847,TSASLFPPWTA,974,990.0
578,HLA-DRB104:04,15560.58,ANZ78847,QPQAFLGWSAD,578,991.0
559,HLA-DRB104:04,15597.46,ANZ78847,HCSGLAVKSDY,559,992.0
312,HLA-DRB104:04,15606.09,ANZ78847,IAPPTGVYELN,312,993.0
42,HLA-DRB104:04,15665.92,ANZ78847,ATVDVTNGLGT,42,994.0
1307,HLA-DRB104:04,15691.19,ANZ78847,YVWLLICLAGV,1307,995.0
175,HLA-DRB104:04,15697.25,ANZ78847,PHTICHPNLGN,175,996.0
1301,HLA-DRB104:04,15730.83,ANZ78847,YVKWPWYVWLL,1301,997.0
718,HLA-DRB104:04,15737.28,ANZ78847,QLQPINYFDSY,718,998.0
1117,HLA-DRB104:04,15764.77,ANZ78847,AMEKVNECVKS,1117,999.0
886,HLA-DRB104:04,15810.54,ANZ78847,NFNVDDINFSS,886,1000.0
543,HLA-DRB104:04,15852.04,ANZ78847,GPYKCPQSKSL,543,1001.0
496,HLA-DRB104:04,15876.22,ANZ78847,NFCPCKSNSSL,496,1002.0
605,HLA-DRB104:04,15961.39,ANZ78847,HDVNSGLTCST,605,1003.0
837,HLA-DRB104:04,15989.05,ANZ78847,SQLVEYGSFCD,837,1004.0
729,HLA-DRB104:04,16048.57,ANZ78847,LGCVVNAYNST,729,1005.0
646,HLA-DRB104:04,16086.04,ANZ78847,VNATYYNSWQN,646,1006.0
355,HLA-DRB104:04,16098.03,ANZ78847,SPLNWERKTFS,355,1007.0
1208,HLA-DRB104:04,16164.98,ANZ78847,ITENNVVVMST,1208,1008.0
567,HLA-DRB104:04,16193.91,ANZ78847,SDYCGGNPCTC,567,1009.0
241,HLA-DRB104:04,16212.58,ANZ78847,FNVYLGMALSH,241,1010.0
144,HLA-DRB104:04,16257.7,ANZ78847,QPRTINSTQDG,144,1011.0
24,HLA-DRB104:04,16257.71,ANZ78847,SRTGSLNNIDT,24,1012.0
407,HLA-DRB104:04,16295.65,ANZ78847,AIPNGRKVDLQ,407,1013.0
293,HLA-DRB104:04,16344.61,ANZ78847,NAVDCMSDFMS,293,1014.0
332,HLA-DRB104:04,16365.66,ANZ78847,VYRRKPDLPNC,332,1015.0
409,HLA-DRB104:04,16407.53,ANZ78847,PNGRKVDLQLG,409,1016.0
284,HLA-DRB104:04,16432.74,ANZ78847,AFNQDGIIFNA,284,1017.0
658,HLA-DRB104:04,16495.63,ANZ78847,LYDSNGNLYGF,658,1018.0
423,HLA-DRB104:04,16511.56,ANZ78847,YLQSFNYRIDT,423,1019.0
1184,HLA-DRB104:04,16511.77,ANZ78847,KSGYFVNVNNT,1184,1020.0
182,HLA-DRB104:04,16521.07,ANZ78847,NLGNHFKELWH,182,1021.0
54,HLA-DRB104:04,16592.7,ANZ78847,YVLDRVYLNTT,54,1022.0
566,HLA-DRB104:04,16655.84,ANZ78847,KSDYCGGNPCT,566,1023.0
432,HLA-DRB104:04,16669.88,ANZ78847,DTTATSCQLYY,432,1024.0
584,HLA-DRB104:04,16681.82,ANZ78847,GWSADSCLQGD,584,1025.0
314,HLA-DRB104:04,16700.17,ANZ78847,PPTGVYELNGY,314,1026.0
109,HLA-DRB104:04,16756.52,ANZ78847,KVKNTKVFKDG,109,1027.0
216,HLA-DRB104:04,16816.19,ANZ78847,YFHFYQEGGTF,216,1028.0
799,HLA-DRB104:04,16932.26,ANZ78847,QIPSDFTIGNM,799,1029.0
535,HLA-DRB104:04,16967.5,ANZ78847,NPDPITFTGPY,535,1030.0
276,HLA-DRB104:04,17042.02,ANZ78847,LTSRQYLLAFN,276,1031.0
693,HLA-DRB104:04,17043.01,ANZ78847,ANSSEPALLFR,693,1032.0
31,HLA-DRB104:04,17055.12,ANZ78847,NIDTGPPSIST,31,1033.0
67,HLA-DRB104:04,17121.59,ANZ78847,LNGYYPTSGST,67,1034.0
1134,HLA-DRB104:04,17209.13,ANZ78847,FCGNGNHIISL,1134,1035.0
800,HLA-DRB104:04,17243.81,ANZ78847,IPSDFTIGNME,800,1036.0
1300,HLA-DRB104:04,17279.44,ANZ78847,YYVKWPWYVWL,1300,1037.0
1222,HLA-DRB104:04,17317.89,ANZ78847,NYTKAPYVMLN,1222,1038.0
798,HLA-DRB104:04,17342.59,ANZ78847,IQIPSDFTIGN,798,1039.0
376,HLA-DRB104:04,17344.99,ANZ78847,SFIQADSFTCN,376,1040.0
721,HLA-DRB104:04,17425.47,ANZ78847,PINYFDSYLGC,721,1041.0
287,HLA-DRB104:04,17436.26,ANZ78847,QDGIIFNAVDC,287,1042.0
1248,HLA-DRB104:04,17569.48,ANZ78847,WFKNQTSVAPD,1248,1043.0
1232,HLA-DRB104:04,17569.6,ANZ78847,NTSIPNLPDFR,1232,1044.0
843,HLA-DRB104:04,17582.38,ANZ78847,GSFCDNINAIL,843,1045.0
743,HLA-DRB104:04,17602.16,ANZ78847,VQTCDLTVGSG,743,1046.0
699,HLA-DRB104:04,17658.96,ANZ78847,ALLFRNIKCNY,699,1047.0
583,HLA-DRB104:04,17680.37,ANZ78847,LGWSADSCLQG,583,1048.0
1023,HLA-DRB104:04,17715.02,ANZ78847,LDAIQEGFDAT,1023,1049.0
949,HLA-DRB104:04,17726.46,ANZ78847,QSYKGIKVLPP,949,1050.0
1288,HLA-DRB104:04,17732.14,ANZ78847,SYINLKDIGTY,1288,1051.0
759,HLA-DRB104:04,17754.79,ANZ78847,SKNRRSRRAIT,759,1052.0
458,HLA-DRB104:04,17852.56,ANZ78847,TWNKRFGFIED,458,1053.0
285,HLA-DRB104:04,17877.35,ANZ78847,FNQDGIIFNAV,285,1054.0
214,HLA-DRB104:04,17893.38,ANZ78847,YLYFHFYQEGG,214,1055.0
1322,HLA-DRB104:04,17980.74,ANZ78847,LLFFICCCTGC,1322,1056.0
294,HLA-DRB104:04,17990.0,ANZ78847,AVDCMSDFMSE,294,1057.0
1249,HLA-DRB104:04,18014.48,ANZ78847,FKNQTSVAPDL,1249,1058.0
985,HLA-DRB104:04,18044.51,ANZ78847,AAGVPFYLNVQ,985,1059.0
1200,HLA-DRB104:04,18052.46,ANZ78847,SGYYYPEPITE,1200,1060.0
859,HLA-DRB104:04,18065.96,ANZ78847,LLDTTQLQVAN,859,1061.0
1198,HLA-DRB104:04,18125.17,ANZ78847,TGSGYYYPEPI,1198,1062.0
249,HLA-DRB104:04,18147.28,ANZ78847,LSHYYVMPLTC,249,1063.0
571,HLA-DRB104:04,18159.49,ANZ78847,GGNPCTCQPQA,571,1064.0
587,HLA-DRB104:04,18168.06,ANZ78847,ADSCLQGDKCN,587,1065.0
755,HLA-DRB104:04,18189.51,ANZ78847,CVDYSKNRRSR,755,1066.0
286,HLA-DRB104:04,18195.87,ANZ78847,NQDGIIFNAVD,286,1067.0
1046,HLA-DRB104:04,18242.86,ANZ78847,ANAEALNNLLQ,1046,1068.0
203,HLA-DRB104:04,18283.91,ANZ78847,KRNFTYDVNAT,203,1069.0
1191,HLA-DRB104:04,18306.62,ANZ78847,VNNTWMYTGSG,1191,1070.0
1335,HLA-DRB104:04,18333.51,ANZ78847,SCFKKCGGCCD,1335,1071.0
1099,HLA-DRB104:04,18341.7,ANZ78847,YVSQQLSDSTL,1099,1072.0
991,HLA-DRB104:04,18366.5,ANZ78847,YLNVQYRINGL,991,1073.0
434,HLA-DRB104:04,18373.12,ANZ78847,TATSCQLYYNL,434,1074.0
1159,HLA-DRB104:04,18416.08,ANZ78847,YVPTKYVTAKV,1159,1075.0
576,HLA-DRB104:04,18432.57,ANZ78847,TCQPQAFLGWS,576,1076.0
1176,HLA-DRB104:04,18456.54,ANZ78847,AGDRGIAPKSG,1176,1077.0
1340,HLA-DRB104:04,18481.51,ANZ78847,CGGCCDDYTGY,1340,1078.0
1289,HLA-DRB104:04,18487.5,ANZ78847,YINLKDIGTYE,1289,1079.0
1115,HLA-DRB104:04,18492.94,ANZ78847,AQAMEKVNECV,1115,1080.0
223,HLA-DRB104:04,18540.78,ANZ78847,GGTFYAYFTDT,223,1081.0
74,HLA-DRB104:04,18660.95,ANZ78847,SGSTYRNMALK,74,1082.0
763,HLA-DRB104:04,18666.58,ANZ78847,RSRRAITTGYR,763,1083.0
618,HLA-DRB104:04,18679.0,ANZ78847,QKANTDIKLGV,618,1084.0
39,HLA-DRB104:04,18682.36,ANZ78847,ISTATVDVTNG,39,1085.0
1034,HLA-DRB104:04,18708.88,ANZ78847,NSALVKIQAVV,1034,1086.0
972,HLA-DRB104:04,18709.24,ANZ78847,AATSASLFPPW,972,1087.0
402,HLA-DRB104:04,18719.21,ANZ78847,TIDKFAIPNGR,402,1088.0
412,HLA-DRB104:04,18731.4,ANZ78847,RKVDLQLGNLG,412,1089.0
326,HLA-DRB104:04,18753.3,ANZ78847,VQPIADVYRRK,326,1090.0
1047,HLA-DRB104:04,18761.74,ANZ78847,NAEALNNLLQQ,1047,1091.0
560,HLA-DRB104:04,18764.68,ANZ78847,CSGLAVKSDYC,560,1092.0
519,HLA-DRB104:04,18810.86,ANZ78847,GTCPAGTNYLT,519,1093.0
1303,HLA-DRB104:04,18812.42,ANZ78847,KWPWYVWLLIC,1303,1094.0
737,HLA-DRB104:04,18890.38,ANZ78847,NSTAISVQTCD,737,1095.0
572,HLA-DRB104:04,18901.72,ANZ78847,GNPCTCQPQAF,572,1096.0
1100,HLA-DRB104:04,18928.78,ANZ78847,VSQQLSDSTLV,1100,1097.0
611,HLA-DRB104:04,18961.2,ANZ78847,LTCSTDLQKAN,611,1098.0
785,HLA-DRB104:04,18974.82,ANZ78847,VNDSLEPVGGL,785,1099.0
565,HLA-DRB104:04,19025.99,ANZ78847,VKSDYCGGNPC,565,1100.0
540,HLA-DRB104:04,19096.81,ANZ78847,TFTGPYKCPQS,540,1101.0
568,HLA-DRB104:04,19104.68,ANZ78847,DYCGGNPCTCQ,568,1102.0
915,HLA-DRB104:04,19126.13,ANZ78847,EDLLFDKVKLS,915,1103.0
703,HLA-DRB104:04,19211.67,ANZ78847,RNIKCNYVFNN,703,1104.0
574,HLA-DRB104:04,19218.56,ANZ78847,PCTCQPQAFLG,574,1105.0
137,HLA-DRB104:04,19227.74,ANZ78847,TSYSVVVQPRT,137,1106.0
29,HLA-DRB104:04,19333.56,ANZ78847,LNNIDTGPPSI,29,1107.0
1308,HLA-DRB104:04,19464.23,ANZ78847,VWLLICLAGVA,1308,1108.0
211,HLA-DRB104:04,19469.27,ANZ78847,NATYLYFHFYQ,211,1109.0
976,HLA-DRB104:04,19494.17,ANZ78847,ASLFPPWTAAA,976,1110.0
642,HLA-DRB104:04,19544.57,ANZ78847,IFVEVNATYYN,642,1111.0
1167,HLA-DRB104:04,19549.97,ANZ78847,AKVSPGLCIAG,1167,1112.0
601,HLA-DRB104:04,19571.12,ANZ78847,NLILHDVNSGL,601,1113.0
792,HLA-DRB104:04,19582.65,ANZ78847,VGGLYEIQIPS,792,1114.0
808,HLA-DRB104:04,19619.91,ANZ78847,NMEEFIQTSSP,808,1115.0
1343,HLA-DRB104:04,19636.95,ANZ78847,CCDDYTGYQEL,1343,1116.0
122,HLA-DRB104:04,19720.32,ANZ78847,YSEFPAITIGS,122,1117.0
151,HLA-DRB104:04,19745.19,ANZ78847,TQDGVNKLQGL,151,1118.0
833,HLA-DRB104:04,19812.46,ANZ78847,AACKSQLVEYG,833,1119.0
1291,HLA-DRB104:04,19824.23,ANZ78847,NLKDIGTYEYY,1291,1120.0
591,HLA-DRB104:04,20108.35,ANZ78847,LQGDKCNIFAN,591,1121.0
32,HLA-DRB104:04,20124.63,ANZ78847,IDTGPPSISTA,32,1122.0
213,HLA-DRB104:04,20151.87,ANZ78847,TYLYFHFYQEG,213,1123.0
410,HLA-DRB104:04,20186.55,ANZ78847,NGRKVDLQLGN,410,1124.0
816,HLA-DRB104:04,20211.11,ANZ78847,SSPKVTIDCAA,816,1125.0
861,HLA-DRB104:04,20235.58,ANZ78847,DTTQLQVANSL,861,1126.0
1175,HLA-DRB104:04,20239.83,ANZ78847,IAGDRGIAPKS,1175,1127.0
142,HLA-DRB104:04,20264.87,ANZ78847,VVQPRTINSTQ,142,1128.0
149,HLA-DRB104:04,20354.75,ANZ78847,NSTQDGVNKLQ,149,1129.0
918,HLA-DRB104:04,20382.3,ANZ78847,LFDKVKLSDVG,918,1130.0
41,HLA-DRB104:04,20402.35,ANZ78847,TATVDVTNGLG,41,1131.0
1331,HLA-DRB104:04,20447.4,ANZ78847,GCGTSCFKKCG,1331,1132.0
720,HLA-DRB104:04,20482.77,ANZ78847,QPINYFDSYLG,720,1133.0
1256,HLA-DRB104:04,20497.29,ANZ78847,APDLALDYINV,1256,1134.0
659,HLA-DRB104:04,20524.96,ANZ78847,YDSNGNLYGFR,659,1135.0
630,HLA-DRB104:04,20566.57,ANZ78847,VNYDLYGISGQ,630,1136.0
40,HLA-DRB104:04,20582.5,ANZ78847,STATVDVTNGL,40,1137.0
212,HLA-DRB104:04,20590.62,ANZ78847,ATYLYFHFYQE,212,1138.0
33,HLA-DRB104:04,20628.22,ANZ78847,DTGPPSISTAT,33,1139.0
388,HLA-DRB104:04,20631.45,ANZ78847,IDAAKIYGMCF,388,1140.0
92,HLA-DRB104:04,20634.19,ANZ78847,LWFKPPFLSDF,92,1141.0
222,HLA-DRB104:04,20657.51,ANZ78847,EGGTFYAYFTD,222,1142.0
1174,HLA-DRB104:04,20746.64,ANZ78847,CIAGDRGIAPK,1174,1143.0
201,HLA-DRB104:04,20795.52,ANZ78847,LYKRNFTYDVN,201,1144.0
335,HLA-DRB104:04,20813.87,ANZ78847,RKPDLPNCNIE,335,1145.0
586,HLA-DRB104:04,20834.81,ANZ78847,SADSCLQGDKC,586,1146.0
90,HLA-DRB104:04,20866.91,ANZ78847,STLWFKPPFLS,90,1147.0
877,HLA-DRB104:04,20913.69,ANZ78847,LSTKLKDGVNF,877,1148.0
356,HLA-DRB104:04,20922.97,ANZ78847,PLNWERKTFSN,356,1149.0
801,HLA-DRB104:04,20952.47,ANZ78847,PSDFTIGNMEE,801,1150.0
522,HLA-DRB104:04,20956.77,ANZ78847,PAGTNYLTCHN,522,1151.0
1224,HLA-DRB104:04,20974.01,ANZ78847,TKAPYVMLNTS,1224,1152.0
532,HLA-DRB104:04,20981.2,ANZ78847,NLCNPDPITFT,532,1153.0
91,HLA-DRB104:04,20983.65,ANZ78847,TLWFKPPFLSD,91,1154.0
352,HLA-DRB104:04,21004.47,ANZ78847,SVPSPLNWERK,352,1155.0
347,HLA-DRB104:04,21009.63,ANZ78847,WLNDKSVPSPL,347,1156.0
1349,HLA-DRB104:04,21011.06,ANZ78847,GYQELVIKTSH,1349,1157.0
1336,HLA-DRB104:04,21015.95,ANZ78847,CFKKCGGCCDD,1336,1158.0
1199,HLA-DRB104:04,21072.01,ANZ78847,GSGYYYPEPIT,1199,1159.0
248,HLA-DRB104:04,21113.64,ANZ78847,ALSHYYVMPLT,248,1160.0
916,HLA-DRB104:04,21115.12,ANZ78847,DLLFDKVKLSD,916,1161.0
72,HLA-DRB104:04,21195.3,ANZ78847,PTSGSTYRNMA,72,1162.0
917,HLA-DRB104:04,21233.05,ANZ78847,LLFDKVKLSDV,917,1163.0
478,HLA-DRB104:04,21234.74,ANZ78847,VLTNHDVVYAQ,478,1164.0
542,HLA-DRB104:04,21249.89,ANZ78847,TGPYKCPQSKS,542,1165.0
1170,HLA-DRB104:04,21263.49,ANZ78847,SPGLCIAGDRG,1170,1166.0
166,HLA-DRB104:04,21269.63,ANZ78847,VCQYNMCEYPH,166,1167.0
548,HLA-DRB104:04,21292.66,ANZ78847,PQSKSLVGIGE,548,1168.0
1135,HLA-DRB104:04,21342.0,ANZ78847,CGNGNHIISLV,1135,1169.0
330,HLA-DRB104:04,21361.56,ANZ78847,ADVYRRKPDLP,330,1170.0
781,HLA-DRB104:04,21405.45,ANZ78847,TVNSVNDSLEP,781,1171.0
200,HLA-DRB104:04,21458.05,ANZ78847,CLYKRNFTYDV,200,1172.0
435,HLA-DRB104:04,21521.99,ANZ78847,ATSCQLYYNLP,435,1173.0
606,HLA-DRB104:04,21522.59,ANZ78847,DVNSGLTCSTD,606,1174.0
585,HLA-DRB104:04,21605.48,ANZ78847,WSADSCLQGDK,585,1175.0
1126,HLA-DRB104:04,21617.68,ANZ78847,KSQSSRINFCG,1126,1176.0
727,HLA-DRB104:04,21653.61,ANZ78847,SYLGCVVNAYN,727,1177.0
197,HLA-DRB104:04,21711.56,ANZ78847,VVSCLYKRNFT,197,1178.0
674,HLA-DRB104:04,21724.43,ANZ78847,NRTFMIRSCYS,674,1179.0
224,HLA-DRB104:04,21837.52,ANZ78847,GTFYAYFTDTG,224,1180.0
1202,HLA-DRB104:04,21848.79,ANZ78847,YYYPEPITENN,1202,1181.0
550,HLA-DRB104:04,21860.87,ANZ78847,SKSLVGIGEHC,550,1182.0
65,HLA-DRB104:04,21882.14,ANZ78847,LFLNGYYPTSG,65,1183.0
164,HLA-DRB104:04,21894.76,ANZ78847,VSVCQYNMCEY,164,1184.0
1237,HLA-DRB104:04,21902.01,ANZ78847,NLPDFREELDQ,1237,1185.0
1050,HLA-DRB104:04,21913.55,ANZ78847,ALNNLLQQLSN,1050,1186.0
426,HLA-DRB104:04,21968.19,ANZ78847,SFNYRIDTTAT,426,1187.0
742,HLA-DRB104:04,22003.94,ANZ78847,SVQTCDLTVGS,742,1188.0
716,HLA-DRB104:04,22061.59,ANZ78847,TRQLQPINYFD,716,1189.0
784,HLA-DRB104:04,22071.25,ANZ78847,SVNDSLEPVGG,784,1190.0
1341,HLA-DRB104:04,22073.11,ANZ78847,GGCCDDYTGYQ,1341,1191.0
1257,HLA-DRB104:04,22087.29,ANZ78847,PDLALDYINVT,1257,1192.0
110,HLA-DRB104:04,22129.21,ANZ78847,VKNTKVFKDGV,110,1193.0
176,HLA-DRB104:04,22165.0,ANZ78847,HTICHPNLGNH,176,1194.0
541,HLA-DRB104:04,22211.62,ANZ78847,FTGPYKCPQSK,541,1195.0
493,HLA-DRB104:04,22237.64,ANZ78847,APKNFCPCKSN,493,1196.0
881,HLA-DRB104:04,22309.47,ANZ78847,LKDGVNFNVDD,881,1197.0
468,HLA-DRB104:04,22345.27,ANZ78847,DSVFKPQPAGV,468,1198.0
1105,HLA-DRB104:04,22366.33,ANZ78847,SDSTLVKFSAA,1105,1199.0
113,HLA-DRB104:04,22377.05,ANZ78847,TKVFKDGVMYS,113,1200.0
1073,HLA-DRB104:04,22394.9,ANZ78847,LSRLDALEAEA,1073,1201.0
666,HLA-DRB104:04,22441.15,ANZ78847,YGFRDYLTNRT,666,1202.0
854,HLA-DRB104:04,22456.28,ANZ78847,TEVNELLDTTQ,854,1203.0
1195,HLA-DRB104:04,22618.62,ANZ78847,WMYTGSGYYYP,1195,1204.0
661,HLA-DRB104:04,22651.54,ANZ78847,SNGNLYGFRDY,661,1205.0
655,HLA-DRB104:04,22660.46,ANZ78847,QNLLYDSNGNL,655,1206.0
663,HLA-DRB104:04,22733.5,ANZ78847,GNLYGFRDYLT,663,1207.0
1304,HLA-DRB104:04,22748.18,ANZ78847,WPWYVWLLICL,1304,1208.0
198,HLA-DRB104:04,22779.39,ANZ78847,VSCLYKRNFTY,198,1209.0
78,HLA-DRB104:04,22827.53,ANZ78847,YRNMALKGTDK,78,1210.0
1168,HLA-DRB104:04,22865.5,ANZ78847,KVSPGLCIAGD,1168,1211.0
306,HLA-DRB104:04,22929.46,ANZ78847,KCKTQSIAPPT,306,1212.0
315,HLA-DRB104:04,23031.49,ANZ78847,PTGVYELNGYT,315,1213.0
1223,HLA-DRB104:04,23111.09,ANZ78847,YTKAPYVMLNT,1223,1214.0
16,HLA-DRB104:04,23169.69,ANZ78847,GDLKCPLDSRT,16,1215.0
479,HLA-DRB104:04,23174.74,ANZ78847,LTNHDVVYAQH,479,1216.0
163,HLA-DRB104:04,23181.11,ANZ78847,EVSVCQYNMCE,163,1217.0
834,HLA-DRB104:04,23181.79,ANZ78847,ACKSQLVEYGS,834,1218.0
73,HLA-DRB104:04,23186.93,ANZ78847,TSGSTYRNMAL,73,1219.0
130,HLA-DRB104:04,23298.65,ANZ78847,IGSTFVNTSYS,130,1220.0
807,HLA-DRB104:04,23322.61,ANZ78847,GNMEEFIQTSS,807,1221.0
508,HLA-DRB104:04,23326.09,ANZ78847,VGSGPGKNNGI,508,1222.0
472,HLA-DRB104:04,23355.66,ANZ78847,KPQPAGVLTNH,472,1223.0
486,HLA-DRB104:04,23393.52,ANZ78847,YAQHCFKAPKN,486,1224.0
1217,HLA-DRB104:04,23404.96,ANZ78847,STCAVNYTKAP,1217,1225.0
975,HLA-DRB104:04,23487.75,ANZ78847,SASLFPPWTAA,975,1226.0
1318,HLA-DRB104:04,23490.07,ANZ78847,AMLVLLFFICC,1318,1227.0
754,HLA-DRB104:04,23493.13,ANZ78847,YCVDYSKNRRS,754,1228.0
876,HLA-DRB104:04,23496.08,ANZ78847,TLSTKLKDGVN,876,1229.0
1236,HLA-DRB104:04,23524.36,ANZ78847,PNLPDFREELD,1236,1230.0
1243,HLA-DRB104:04,23581.02,ANZ78847,EELDQWFKNQT,1243,1231.0
697,HLA-DRB104:04,23636.4,ANZ78847,EPALLFRNIKC,697,1232.0
1234,HLA-DRB104:04,23668.1,ANZ78847,SIPNLPDFREE,1234,1233.0
433,HLA-DRB104:04,23721.43,ANZ78847,TTATSCQLYYN,433,1234.0
903,HLA-DRB104:04,23771.07,ANZ78847,SECSKASSRSA,903,1235.0
221,HLA-DRB104:04,23805.68,ANZ78847,QEGGTFYAYFT,221,1236.0
17,HLA-DRB104:04,23834.92,ANZ78847,DLKCPLDSRTG,17,1237.0
325,HLA-DRB104:04,23858.63,ANZ78847,TVQPIADVYRR,325,1238.0
1235,HLA-DRB104:04,23859.12,ANZ78847,IPNLPDFREEL,1235,1239.0
427,HLA-DRB104:04,23889.03,ANZ78847,FNYRIDTTATS,427,1240.0
984,HLA-DRB104:04,23930.26,ANZ78847,AAAGVPFYLNV,984,1241.0
1338,HLA-DRB104:04,23969.93,ANZ78847,KKCGGCCDDYT,1338,1242.0
696,HLA-DRB104:04,24024.18,ANZ78847,SEPALLFRNIK,696,1243.0
63,HLA-DRB104:04,24037.48,ANZ78847,TTLFLNGYYPT,63,1244.0
1130,HLA-DRB104:04,24088.52,ANZ78847,SRINFCGNGNH,1130,1245.0
1106,HLA-DRB104:04,24109.93,ANZ78847,DSTLVKFSAAQ,1106,1246.0
459,HLA-DRB104:04,24310.36,ANZ78847,WNKRFGFIEDS,459,1247.0
750,HLA-DRB104:04,24310.37,ANZ78847,VGSGYCVDYSK,750,1248.0
815,HLA-DRB104:04,24324.13,ANZ78847,TSSPKVTIDCA,815,1249.0
1342,HLA-DRB104:04,24466.26,ANZ78847,GCCDDYTGYQE,1342,1250.0
382,HLA-DRB104:04,24662.4,ANZ78847,SFTCNNIDAAK,382,1251.0
1190,HLA-DRB104:04,24763.42,ANZ78847,NVNNTWMYTGS,1190,1252.0
1242,HLA-DRB104:04,24798.07,ANZ78847,REELDQWFKNQ,1242,1253.0
664,HLA-DRB104:04,24884.27,ANZ78847,NLYGFRDYLTN,664,1254.0
1295,HLA-DRB104:04,24908.99,ANZ78847,IGTYEYYVKWP,1295,1255.0
688,HLA-DRB104:04,24971.18,ANZ78847,SAAFHANSSEP,688,1256.0
1321,HLA-DRB104:04,25006.31,ANZ78847,VLLFFICCCTG,1321,1257.0
400,HLA-DRB104:04,25050.97,ANZ78847,SITIDKFAIPN,400,1258.0
1128,HLA-DRB104:04,25136.86,ANZ78847,QSSRINFCGNG,1128,1259.0
931,HLA-DRB104:04,25180.56,ANZ78847,AAYNNCTGGAE,931,1260.0
1319,HLA-DRB104:04,25206.37,ANZ78847,MLVLLFFICCC,1319,1261.0
1201,HLA-DRB104:04,25211.73,ANZ78847,GYYYPEPITEN,1201,1262.0
1209,HLA-DRB104:04,25309.9,ANZ78847,TENNVVVMSTC,1209,1263.0
698,HLA-DRB104:04,25376.74,ANZ78847,PALLFRNIKCN,698,1264.0
1129,HLA-DRB104:04,25474.02,ANZ78847,SSRINFCGNGN,1129,1265.0
450,HLA-DRB104:04,25481.89,ANZ78847,SVSRFNPSTWN,450,1266.0
19,HLA-DRB104:04,25580.95,ANZ78847,KCPLDSRTGSL,19,1267.0
502,HLA-DRB104:04,25789.16,ANZ78847,SNSSLCVGSGP,502,1268.0
653,HLA-DRB104:04,25801.53,ANZ78847,SWQNLLYDSNG,653,1269.0
165,HLA-DRB104:04,25905.07,ANZ78847,SVCQYNMCEYP,165,1270.0
1290,HLA-DRB104:04,25917.61,ANZ78847,INLKDIGTYEY,1290,1271.0
35,HLA-DRB104:04,25933.97,ANZ78847,GPPSISTATVD,35,1272.0
528,HLA-DRB104:04,25938.75,ANZ78847,LTCHNLCNPDP,528,1273.0
1332,HLA-DRB104:04,26001.7,ANZ78847,CGTSCFKKCGG,1332,1274.0
313,HLA-DRB104:04,26047.34,ANZ78847,APPTGVYELNG,313,1275.0
372,HLA-DRB104:04,26082.61,ANZ78847,SSLMSFIQADS,372,1276.0
150,HLA-DRB104:04,26396.72,ANZ78847,STQDGVNKLQG,150,1277.0
977,HLA-DRB104:04,26490.6,ANZ78847,SLFPPWTAAAG,977,1278.0
331,HLA-DRB104:04,26585.61,ANZ78847,DVYRRKPDLPN,331,1279.0
860,HLA-DRB104:04,26611.11,ANZ78847,LDTTQLQVANS,860,1280.0
353,HLA-DRB104:04,26620.74,ANZ78847,VPSPLNWERKT,353,1281.0
1158,HLA-DRB104:04,26719.63,ANZ78847,SYVPTKYVTAK,1158,1282.0
563,HLA-DRB104:04,26812.58,ANZ78847,LAVKSDYCGGN,563,1283.0
424,HLA-DRB104:04,26942.36,ANZ78847,LQSFNYRIDTT,424,1284.0
562,HLA-DRB104:04,27013.93,ANZ78847,GLAVKSDYCGG,562,1285.0
1035,HLA-DRB104:04,27193.01,ANZ78847,SALVKIQAVVN,1035,1286.0
637,HLA-DRB104:04,27275.67,ANZ78847,ISGQGIFVEVN,637,1287.0
1197,HLA-DRB104:04,27281.24,ANZ78847,YTGSGYYYPEP,1197,1288.0
619,HLA-DRB104:04,27283.05,ANZ78847,KANTDIKLGVC,619,1289.0
925,HLA-DRB104:04,27595.64,ANZ78847,SDVGFVAAYNN,925,1290.0
612,HLA-DRB104:04,27612.49,ANZ78847,TCSTDLQKANT,612,1291.0
749,HLA-DRB104:04,27634.88,ANZ78847,TVGSGYCVDYS,749,1292.0
717,HLA-DRB104:04,27719.75,ANZ78847,RQLQPINYFDS,717,1293.0
654,HLA-DRB104:04,28155.1,ANZ78847,WQNLLYDSNGN,654,1294.0
345,HLA-DRB104:04,28195.92,ANZ78847,EAWLNDKSVPS,345,1295.0
757,HLA-DRB104:04,28311.96,ANZ78847,DYSKNRRSRRA,757,1296.0
1008,HLA-DRB104:04,28368.75,ANZ78847,LSQNQKLIANA,1008,1297.0
1127,HLA-DRB104:04,28430.88,ANZ78847,SQSSRINFCGN,1127,1298.0
1339,HLA-DRB104:04,28512.13,ANZ78847,KCGGCCDDYTG,1339,1299.0
1024,HLA-DRB104:04,28634.6,ANZ78847,DAIQEGFDATN,1024,1300.0
1074,HLA-DRB104:04,28723.32,ANZ78847,SRLDALEAEAQ,1074,1301.0
569,HLA-DRB104:04,28818.54,ANZ78847,YCGGNPCTCQP,569,1302.0
199,HLA-DRB104:04,28860.2,ANZ78847,SCLYKRNFTYD,199,1303.0
467,HLA-DRB104:04,28893.95,ANZ78847,EDSVFKPQPAG,467,1304.0
25,HLA-DRB104:04,28898.36,ANZ78847,RTGSLNNIDTG,25,1305.0
329,HLA-DRB104:04,28931.42,ANZ78847,IADVYRRKPDL,329,1306.0
1244,HLA-DRB104:04,29037.39,ANZ78847,ELDQWFKNQTS,1244,1307.0
1169,HLA-DRB104:04,29043.61,ANZ78847,VSPGLCIAGDR,1169,1308.0
533,HLA-DRB104:04,29337.67,ANZ78847,LCNPDPITFTG,533,1309.0
26,HLA-DRB104:04,29459.59,ANZ78847,TGSLNNIDTGP,26,1310.0
346,HLA-DRB104:04,29505.69,ANZ78847,AWLNDKSVPSP,346,1311.0
492,HLA-DRB104:04,29722.56,ANZ78847,KAPKNFCPCKS,492,1312.0
34,HLA-DRB104:04,29732.37,ANZ78847,TGPPSISTATV,34,1313.0
561,HLA-DRB104:04,29759.77,ANZ78847,SGLAVKSDYCG,561,1314.0
564,HLA-DRB104:04,29893.7,ANZ78847,AVKSDYCGGNP,564,1315.0
660,HLA-DRB104:04,30037.38,ANZ78847,DSNGNLYGFRD,660,1316.0
760,HLA-DRB104:04,30054.09,ANZ78847,KNRRSRRAITT,760,1317.0
66,HLA-DRB104:04,30114.85,ANZ78847,FLNGYYPTSGS,66,1318.0
895,HLA-DRB104:04,30149.63,ANZ78847,SSVLGCLGSEC,895,1319.0
327,HLA-DRB104:04,30204.56,ANZ78847,QPIADVYRRKP,327,1320.0
761,HLA-DRB104:04,30256.89,ANZ78847,NRRSRRAITTG,761,1321.0
485,HLA-DRB104:04,30308.97,ANZ78847,VYAQHCFKAPK,485,1322.0
756,HLA-DRB104:04,30416.64,ANZ78847,VDYSKNRRSRR,756,1323.0
521,HLA-DRB104:04,30445.96,ANZ78847,CPAGTNYLTCH,521,1324.0
62,HLA-DRB104:04,30454.87,ANZ78847,NTTLFLNGYYP,62,1325.0
534,HLA-DRB104:04,31176.51,ANZ78847,CNPDPITFTGP,534,1326.0
18,HLA-DRB104:04,31570.78,ANZ78847,LKCPLDSRTGS,18,1327.0
510,HLA-DRB104:04,31808.8,ANZ78847,SGPGKNNGIGT,510,1328.0
1334,HLA-DRB104:04,31877.2,ANZ78847,TSCFKKCGGCC,1334,1329.0
1007,HLA-DRB104:04,32089.1,ANZ78847,VLSQNQKLIAN,1007,1330.0
1025,HLA-DRB104:04,32202.09,ANZ78847,AIQEGFDATNS,1025,1331.0
751,HLA-DRB104:04,32274.48,ANZ78847,GSGYCVDYSKN,751,1332.0
549,HLA-DRB104:04,32308.97,ANZ78847,QSKSLVGIGEH,549,1333.0
687,HLA-DRB104:04,32819.82,ANZ78847,VSAAFHANSSE,687,1334.0
1182,HLA-DRB104:04,33095.87,ANZ78847,APKSGYFVNVN,1182,1335.0
28,HLA-DRB104:04,33260.37,ANZ78847,SLNNIDTGPPS,28,1336.0
328,HLA-DRB104:04,33305.38,ANZ78847,PIADVYRRKPD,328,1337.0
1114,HLA-DRB104:04,33617.19,ANZ78847,AAQAMEKVNEC,1114,1338.0
652,HLA-DRB104:04,33721.09,ANZ78847,NSWQNLLYDSN,652,1339.0
1183,HLA-DRB104:04,34150.45,ANZ78847,PKSGYFVNVNN,1183,1340.0
27,HLA-DRB104:04,34699.61,ANZ78847,GSLNNIDTGPP,27,1341.0
686,HLA-DRB104:04,34845.69,ANZ78847,RVSAAFHANSS,686,1342.0
570,HLA-DRB104:04,35165.97,ANZ78847,CGGNPCTCQPQ,570,1343.0
1113,HLA-DRB104:04,35539.04,ANZ78847,SAAQAMEKVNE,1113,1344.0
613,HLA-DRB104:04,35666.06,ANZ78847,CSTDLQKANTD,613,1345.0
512,HLA-DRB104:04,35724.74,ANZ78847,PGKNNGIGTCP,512,1346.0
1320,HLA-DRB104:04,36251.52,ANZ78847,LVLLFFICCCT,1320,1347.0
1333,HLA-DRB104:04,36253.83,ANZ78847,GTSCFKKCGGC,1333,1348.0
924,HLA-DRB104:04,36309.98,ANZ78847,LSDVGFVAAYN,924,1349.0
509,HLA-DRB104:04,37128.03,ANZ78847,GSGPGKNNGIG,509,1350.0
507,HLA-DRB104:04,37466.53,ANZ78847,CVGSGPGKNNG,507,1351.0
511,HLA-DRB104:04,37640.33,ANZ78847,GPGKNNGIGTC,511,1352.0
811,HLA-DRB107:01,37.29,ANZ78847,EFIQTSSPKVT,811,1.0
1156,HLA-DRB107:01,43.0,ANZ78847,HFSYVPTKYVT,1156,2.0
951,HLA-DRB107:01,51.88,ANZ78847,YKGIKVLPPLL,951,3.0
700,HLA-DRB107:01,59.06,ANZ78847,LLFRNIKCNYV,700,4.0
735,HLA-DRB107:01,71.71,ANZ78847,AYNSTAISVQT,735,5.0
969,HLA-DRB107:01,80.13,ANZ78847,YTLAATSASLF,969,6.0
255,HLA-DRB107:01,86.06,ANZ78847,MPLTCISRRNI,255,7.0
1155,HLA-DRB107:01,88.47,ANZ78847,IHFSYVPTKYV,1155,8.0
1221,HLA-DRB107:01,91.49,ANZ78847,VNYTKAPYVML,1221,9.0
272,HLA-DRB107:01,93.58,ANZ78847,WVTPLTSRQYL,272,10.0
244,HLA-DRB107:01,93.98,ANZ78847,YLGMALSHYYV,244,11.0
544,HLA-DRB107:01,105.95,ANZ78847,PYKCPQSKSLV,544,12.0
134,HLA-DRB107:01,107.24,ANZ78847,FVNTSYSVVVQ,134,13.0
988,HLA-DRB107:01,157.93,ANZ78847,VPFYLNVQYRI,988,14.0
131,HLA-DRB107:01,171.91,ANZ78847,GSTFVNTSYSV,131,15.0
273,HLA-DRB107:01,190.92,ANZ78847,VTPLTSRQYLL,273,16.0
302,HLA-DRB107:01,194.69,ANZ78847,MSEIKCKTQSI,302,17.0
1214,HLA-DRB107:01,211.34,ANZ78847,VVMSTCAVNYT,1214,18.0
812,HLA-DRB107:01,219.13,ANZ78847,FIQTSSPKVTI,812,19.0
319,HLA-DRB107:01,221.84,ANZ78847,YELNGYTVQPI,319,20.0
682,HLA-DRB107:01,228.31,ANZ78847,CYSGRVSAAFH,682,21.0
819,HLA-DRB107:01,242.52,ANZ78847,KVTIDCAAFVC,819,22.0
133,HLA-DRB107:01,243.29,ANZ78847,TFVNTSYSVVV,133,23.0
683,HLA-DRB107:01,245.77,ANZ78847,YSGRVSAAFHA,683,24.0
1220,HLA-DRB107:01,246.06,ANZ78847,AVNYTKAPYVM,1220,25.0
488,HLA-DRB107:01,250.74,ANZ78847,QHCFKAPKNFC,488,26.0
968,HLA-DRB107:01,274.39,ANZ78847,GYTLAATSASL,968,27.0
950,HLA-DRB107:01,277.7,ANZ78847,SYKGIKVLPPL,950,28.0
320,HLA-DRB107:01,282.41,ANZ78847,ELNGYTVQPIA,320,29.0
398,HLA-DRB107:01,285.22,ANZ78847,FSSITIDKFAI,398,30.0
37,HLA-DRB107:01,289.83,ANZ78847,PSISTATVDVT,37,31.0
303,HLA-DRB107:01,293.85,ANZ78847,SEIKCKTQSIA,303,32.0
677,HLA-DRB107:01,294.07,ANZ78847,FMIRSCYSGRV,677,33.0
595,HLA-DRB107:01,296.6,ANZ78847,KCNIFANLILH,595,34.0
132,HLA-DRB107:01,320.82,ANZ78847,STFVNTSYSVV,132,35.0
247,HLA-DRB107:01,333.13,ANZ78847,MALSHYYVMPL,247,36.0
1125,HLA-DRB107:01,345.89,ANZ78847,VKSQSSRINFC,1125,37.0
1219,HLA-DRB107:01,358.62,ANZ78847,CAVNYTKAPYV,1219,38.0
734,HLA-DRB107:01,360.1,ANZ78847,NAYNSTAISVQ,734,39.0
905,HLA-DRB107:01,370.87,ANZ78847,CSKASSRSAIE,905,40.0
1139,HLA-DRB107:01,377.81,ANZ78847,NHIISLVQNAP,1139,41.0
1061,HLA-DRB107:01,380.01,ANZ78847,RFGAISSSLQE,1061,42.0
1069,HLA-DRB107:01,383.92,ANZ78847,LQEILSRLDAL,1069,43.0
397,HLA-DRB107:01,393.27,ANZ78847,CFSSITIDKFA,397,44.0
125,HLA-DRB107:01,426.18,ANZ78847,FPAITIGSTFV,125,45.0
1138,HLA-DRB107:01,445.45,ANZ78847,GNHIISLVQNA,1138,46.0
1312,HLA-DRB107:01,451.57,ANZ78847,ICLAGVAMLVL,1312,47.0
701,HLA-DRB107:01,452.79,ANZ78847,LFRNIKCNYVF,701,48.0
3,HLA-DRB107:01,489.95,ANZ78847,ILLISLPTAFA,3,49.0
1152,HLA-DRB107:01,507.8,ANZ78847,LYFIHFSYVPT,1152,50.0
1211,HLA-DRB107:01,520.17,ANZ78847,NNVVVMSTCAV,1211,51.0
1062,HLA-DRB107:01,535.37,ANZ78847,FGAISSSLQEI,1062,52.0
242,HLA-DRB107:01,543.35,ANZ78847,NVYLGMALSHY,242,53.0
321,HLA-DRB107:01,566.84,ANZ78847,LNGYTVQPIAD,321,54.0
243,HLA-DRB107:01,568.31,ANZ78847,VYLGMALSHYY,243,55.0
674,HLA-DRB107:01,573.14,ANZ78847,NRTFMIRSCYS,674,56.0
904,HLA-DRB107:01,589.48,ANZ78847,ECSKASSRSAI,904,57.0
906,HLA-DRB107:01,600.61,ANZ78847,SKASSRSAIED,906,58.0
982,HLA-DRB107:01,607.22,ANZ78847,WTAAAGVPFYL,982,59.0
106,HLA-DRB107:01,614.35,ANZ78847,IFAKVKNTKVF,106,60.0
702,HLA-DRB107:01,619.48,ANZ78847,FRNIKCNYVFN,702,61.0
280,HLA-DRB107:01,625.39,ANZ78847,QYLLAFNQDGI,280,62.0
818,HLA-DRB107:01,641.78,ANZ78847,PKVTIDCAAFV,818,63.0
1225,HLA-DRB107:01,646.46,ANZ78847,KAPYVMLNTSI,1225,64.0
464,HLA-DRB107:01,646.63,ANZ78847,GFIEDSVFKPQ,464,65.0
970,HLA-DRB107:01,675.6,ANZ78847,TLAATSASLFP,970,66.0
1280,HLA-DRB107:01,676.03,ANZ78847,EAIKVLNQSYI,1280,67.0
1122,HLA-DRB107:01,681.02,ANZ78847,NECVKSQSSRI,1122,68.0
1028,HLA-DRB107:01,681.81,ANZ78847,EGFDATNSALV,1028,69.0
1140,HLA-DRB107:01,691.82,ANZ78847,HIISLVQNAPY,1140,70.0
524,HLA-DRB107:01,705.79,ANZ78847,GTNYLTCHNLC,524,71.0
245,HLA-DRB107:01,733.77,ANZ78847,LGMALSHYYVM,245,72.0
1350,HLA-DRB107:01,738.49,ANZ78847,YQELVIKTSHD,1350,73.0
736,HLA-DRB107:01,773.42,ANZ78847,YNSTAISVQTC,736,74.0
1030,HLA-DRB107:01,775.72,ANZ78847,FDATNSALVKI,1030,75.0
5,HLA-DRB107:01,776.37,ANZ78847,LISLPTAFAVI,5,76.0
135,HLA-DRB107:01,777.56,ANZ78847,VNTSYSVVVQP,135,77.0
971,HLA-DRB107:01,796.61,ANZ78847,LAATSASLFPP,971,78.0
1016,HLA-DRB107:01,804.95,ANZ78847,ANAFNNALDAI,1016,79.0
733,HLA-DRB107:01,812.14,ANZ78847,VNAYNSTAISV,733,80.0
691,HLA-DRB107:01,818.52,ANZ78847,FHANSSEPALL,691,81.0
989,HLA-DRB107:01,824.77,ANZ78847,PFYLNVQYRIN,989,82.0
525,HLA-DRB107:01,841.18,ANZ78847,TNYLTCHNLCN,525,83.0
546,HLA-DRB107:01,847.33,ANZ78847,KCPQSKSLVGI,546,84.0
765,HLA-DRB107:01,848.76,ANZ78847,RRAITTGYRFT,765,85.0
1090,HLA-DRB107:01,863.51,ANZ78847,NGRLTALNAYV,1090,86.0
137,HLA-DRB107:01,864.06,ANZ78847,TSYSVVVQPRT,137,87.0
7,HLA-DRB107:01,895.98,ANZ78847,SLPTAFAVIGD,7,88.0
1109,HLA-DRB107:01,902.15,ANZ78847,LVKFSAAQAME,1109,89.0
813,HLA-DRB107:01,913.34,ANZ78847,IQTSSPKVTID,813,90.0
671,HLA-DRB107:01,919.19,ANZ78847,YLTNRTFMIRS,671,91.0
1055,HLA-DRB107:01,920.91,ANZ78847,LQQLSNRFGAI,1055,92.0
1157,HLA-DRB107:01,932.5,ANZ78847,FSYVPTKYVTA,1157,93.0
1309,HLA-DRB107:01,940.72,ANZ78847,WLLICLAGVAM,1309,94.0
1029,HLA-DRB107:01,956.42,ANZ78847,GFDATNSALVK,1029,95.0
1060,HLA-DRB107:01,969.65,ANZ78847,NRFGAISSSLQ,1060,96.0
1215,HLA-DRB107:01,976.64,ANZ78847,VMSTCAVNYTK,1215,97.0
378,HLA-DRB107:01,985.85,ANZ78847,IQADSFTCNNI,378,98.0
948,HLA-DRB107:01,990.19,ANZ78847,VQSYKGIKVLP,948,99.0
1171,HLA-DRB107:01,1002.72,ANZ78847,PGLCIAGDRGI,1171,100.0
202,HLA-DRB107:01,1012.45,ANZ78847,YKRNFTYDVNA,202,101.0
281,HLA-DRB107:01,1030.91,ANZ78847,YLLAFNQDGII,281,102.0
593,HLA-DRB107:01,1038.09,ANZ78847,GDKCNIFANLI,593,103.0
980,HLA-DRB107:01,1040.02,ANZ78847,PPWTAAAGVPF,980,104.0
271,HLA-DRB107:01,1042.06,ANZ78847,YWVTPLTSRQY,271,105.0
1179,HLA-DRB107:01,1054.4,ANZ78847,RGIAPKSGYFV,1179,106.0
490,HLA-DRB107:01,1058.33,ANZ78847,CFKAPKNFCPC,490,107.0
921,HLA-DRB107:01,1060.02,ANZ78847,KVKLSDVGFVA,921,108.0
594,HLA-DRB107:01,1070.68,ANZ78847,DKCNIFANLIL,594,109.0
254,HLA-DRB107:01,1081.19,ANZ78847,VMPLTCISRRN,254,110.0
205,HLA-DRB107:01,1086.61,ANZ78847,NFTYDVNATYL,205,111.0
369,HLA-DRB107:01,1090.89,ANZ78847,FNMSSLMSFIQ,369,112.0
669,HLA-DRB107:01,1092.2,ANZ78847,RDYLTNRTFMI,669,113.0
498,HLA-DRB107:01,1111.99,ANZ78847,CPCKSNSSLCV,498,114.0
58,HLA-DRB107:01,1116.89,ANZ78847,RVYLNTTLFLN,58,115.0
0,HLA-DRB107:01,1121.99,ANZ78847,MFLILLISLPT,0,116.0
71,HLA-DRB107:01,1133.21,ANZ78847,YPTSGSTYRNM,71,117.0
596,HLA-DRB107:01,1134.05,ANZ78847,CNIFANLILHD,596,118.0
817,HLA-DRB107:01,1152.59,ANZ78847,SPKVTIDCAAF,817,119.0
1063,HLA-DRB107:01,1170.68,ANZ78847,GAISSSLQEIL,1063,120.0
396,HLA-DRB107:01,1181.84,ANZ78847,MCFSSITIDKF,396,121.0
1166,HLA-DRB107:01,1186.1,ANZ78847,TAKVSPGLCIA,1166,122.0
465,HLA-DRB107:01,1188.12,ANZ78847,FIEDSVFKPQP,465,123.0
555,HLA-DRB107:01,1200.86,ANZ78847,GIGEHCSGLAV,555,124.0
1250,HLA-DRB107:01,1212.84,ANZ78847,KNQTSVAPDLA,1250,125.0
241,HLA-DRB107:01,1213.2,ANZ78847,FNVYLGMALSH,241,126.0
127,HLA-DRB107:01,1233.18,ANZ78847,AITIGSTFVNT,127,127.0
375,HLA-DRB107:01,1256.33,ANZ78847,MSFIQADSFTC,375,128.0
1107,HLA-DRB107:01,1257.87,ANZ78847,STLVKFSAAQA,1107,129.0
138,HLA-DRB107:01,1259.54,ANZ78847,SYSVVVQPRTI,138,130.0
963,HLA-DRB107:01,1260.81,ANZ78847,ENQISGYTLAA,963,131.0
229,HLA-DRB107:01,1268.2,ANZ78847,YFTDTGVVTKF,229,132.0
810,HLA-DRB107:01,1273.88,ANZ78847,EEFIQTSSPKV,810,133.0
679,HLA-DRB107:01,1278.46,ANZ78847,IRSCYSGRVSA,679,134.0
304,HLA-DRB107:01,1279.26,ANZ78847,EIKCKTQSIAP,304,135.0
966,HLA-DRB107:01,1290.61,ANZ78847,ISGYTLAATSA,966,136.0
36,HLA-DRB107:01,1297.14,ANZ78847,PPSISTATVDV,36,137.0
639,HLA-DRB107:01,1303.56,ANZ78847,GQGIFVEVNAT,639,138.0
251,HLA-DRB107:01,1325.76,ANZ78847,HYYVMPLTCIS,251,139.0
371,HLA-DRB107:01,1330.21,ANZ78847,MSSLMSFIQAD,371,140.0
1298,HLA-DRB107:01,1338.93,ANZ78847,YEYYVKWPWYV,1298,141.0
391,HLA-DRB107:01,1351.19,ANZ78847,AKIYGMCFSSI,391,142.0
394,HLA-DRB107:01,1354.65,ANZ78847,YGMCFSSITID,394,143.0
374,HLA-DRB107:01,1369.96,ANZ78847,LMSFIQADSFT,374,144.0
766,HLA-DRB107:01,1390.97,ANZ78847,RAITTGYRFTN,766,145.0
1165,HLA-DRB107:01,1393.67,ANZ78847,VTAKVSPGLCI,1165,146.0
1059,HLA-DRB107:01,1416.75,ANZ78847,SNRFGAISSSL,1059,147.0
635,HLA-DRB107:01,1417.51,ANZ78847,YGISGQGIFVE,635,148.0
1068,HLA-DRB107:01,1418.89,ANZ78847,SLQEILSRLDA,1068,149.0
1104,HLA-DRB107:01,1419.41,ANZ78847,LSDSTLVKFSA,1104,150.0
446,HLA-DRB107:01,1437.04,ANZ78847,AANVSVSRFNP,446,151.0
872,HLA-DRB107:01,1438.01,ANZ78847,MNGVTLSTKLK,872,152.0
816,HLA-DRB107:01,1441.54,ANZ78847,SSPKVTIDCAA,816,153.0
259,HLA-DRB107:01,1444.31,ANZ78847,CISRRNIGFTL,259,154.0
1108,HLA-DRB107:01,1459.47,ANZ78847,TLVKFSAAQAM,1108,155.0
1310,HLA-DRB107:01,1483.6,ANZ78847,LLICLAGVAML,1310,156.0
709,HLA-DRB107:01,1508.29,ANZ78847,YVFNNSLTRQL,709,157.0
267,HLA-DRB107:01,1517.27,ANZ78847,FTLEYWVTPLT,267,158.0
1,HLA-DRB107:01,1522.16,ANZ78847,FLILLISLPTA,1,159.0
892,HLA-DRB107:01,1537.66,ANZ78847,INFSSVLGCLG,892,160.0
981,HLA-DRB107:01,1549.11,ANZ78847,PWTAAAGVPFY,981,161.0
8,HLA-DRB107:01,1577.61,ANZ78847,LPTAFAVIGDL,8,162.0
430,HLA-DRB107:01,1586.69,ANZ78847,RIDTTATSCQL,430,163.0
690,HLA-DRB107:01,1589.42,ANZ78847,AFHANSSEPAL,690,164.0
893,HLA-DRB107:01,1594.48,ANZ78847,NFSSVLGCLGS,893,165.0
1102,HLA-DRB107:01,1594.49,ANZ78847,QQLSDSTLVKF,1102,166.0
2,HLA-DRB107:01,1596.99,ANZ78847,LILLISLPTAF,2,167.0
1228,HLA-DRB107:01,1605.45,ANZ78847,YVMLNTSIPNL,1228,168.0
126,HLA-DRB107:01,1608.18,ANZ78847,PAITIGSTFVN,126,169.0
1124,HLA-DRB107:01,1613.62,ANZ78847,CVKSQSSRINF,1124,170.0
264,HLA-DRB107:01,1628.62,ANZ78847,NIGFTLEYWVT,264,171.0
1292,HLA-DRB107:01,1631.09,ANZ78847,LKDIGTYEYYV,1292,172.0
463,HLA-DRB107:01,1643.58,ANZ78847,FGFIEDSVFKP,463,173.0
650,HLA-DRB107:01,1648.4,ANZ78847,YYNSWQNLLYD,650,174.0
871,HLA-DRB107:01,1649.14,ANZ78847,LMNGVTLSTKL,871,175.0
949,HLA-DRB107:01,1666.82,ANZ78847,QSYKGIKVLPP,949,176.0
368,HLA-DRB107:01,1683.5,ANZ78847,NFNMSSLMSFI,368,177.0
250,HLA-DRB107:01,1694.34,ANZ78847,SHYYVMPLTCI,250,178.0
305,HLA-DRB107:01,1716.53,ANZ78847,IKCKTQSIAPP,305,179.0
1213,HLA-DRB107:01,1725.62,ANZ78847,VVVMSTCAVNY,1213,180.0
1248,HLA-DRB107:01,1726.42,ANZ78847,WFKNQTSVAPD,1248,181.0
1285,HLA-DRB107:01,1731.4,ANZ78847,LNQSYINLKDI,1285,182.0
849,HLA-DRB107:01,1734.15,ANZ78847,INAILTEVNEL,849,183.0
922,HLA-DRB107:01,1769.32,ANZ78847,VKLSDVGFVAA,922,184.0
22,HLA-DRB107:01,1791.47,ANZ78847,LDSRTGSLNNI,22,185.0
1261,HLA-DRB107:01,1806.46,ANZ78847,LDYINVTFLDL,1261,186.0
675,HLA-DRB107:01,1809.73,ANZ78847,RTFMIRSCYSG,675,187.0
689,HLA-DRB107:01,1829.05,ANZ78847,AAFHANSSEPA,689,188.0
680,HLA-DRB107:01,1831.89,ANZ78847,RSCYSGRVSAA,680,189.0
230,HLA-DRB107:01,1834.11,ANZ78847,FTDTGVVTKFL,230,190.0
814,HLA-DRB107:01,1864.75,ANZ78847,QTSSPKVTIDC,814,191.0
1260,HLA-DRB107:01,1878.29,ANZ78847,ALDYINVTFLD,1260,192.0
129,HLA-DRB107:01,1891.92,ANZ78847,TIGSTFVNTSY,129,193.0
1032,HLA-DRB107:01,1897.86,ANZ78847,ATNSALVKIQA,1032,194.0
482,HLA-DRB107:01,1937.42,ANZ78847,HDVVYAQHCFK,482,195.0
219,HLA-DRB107:01,1940.07,ANZ78847,FYQEGGTFYAY,219,196.0
470,HLA-DRB107:01,1944.21,ANZ78847,VFKPQPAGVLT,470,197.0
124,HLA-DRB107:01,1951.95,ANZ78847,EFPAITIGSTF,124,198.0
123,HLA-DRB107:01,1963.23,ANZ78847,SEFPAITIGST,123,199.0
712,HLA-DRB107:01,2014.4,ANZ78847,NNSLTRQLQPI,712,200.0
815,HLA-DRB107:01,2025.25,ANZ78847,TSSPKVTIDCA,815,201.0
366,HLA-DRB107:01,2050.43,ANZ78847,NCNFNMSSLMS,366,202.0
1056,HLA-DRB107:01,2073.29,ANZ78847,QQLSNRFGAIS,1056,203.0
940,HLA-DRB107:01,2087.56,ANZ78847,AEIRDLICVQS,940,204.0
456,HLA-DRB107:01,2090.64,ANZ78847,PSTWNKRFGFI,456,205.0
953,HLA-DRB107:01,2105.1,ANZ78847,GIKVLPPLLSE,953,206.0
57,HLA-DRB107:01,2127.88,ANZ78847,DRVYLNTTLFL,57,207.0
367,HLA-DRB107:01,2151.08,ANZ78847,CNFNMSSLMSF,367,208.0
1123,HLA-DRB107:01,2152.03,ANZ78847,ECVKSQSSRIN,1123,209.0
239,HLA-DRB107:01,2158.13,ANZ78847,FLFNVYLGMAL,239,210.0
1299,HLA-DRB107:01,2158.2,ANZ78847,EYYVKWPWYVW,1299,211.0
1275,HLA-DRB107:01,2163.95,ANZ78847,MNRLQEAIKVL,1275,212.0
850,HLA-DRB107:01,2169.99,ANZ78847,NAILTEVNELL,850,213.0
967,HLA-DRB107:01,2193.33,ANZ78847,SGYTLAATSAS,967,214.0
218,HLA-DRB107:01,2196.66,ANZ78847,HFYQEGGTFYA,218,215.0
483,HLA-DRB107:01,2197.3,ANZ78847,DVVYAQHCFKA,483,216.0
274,HLA-DRB107:01,2217.53,ANZ78847,TPLTSRQYLLA,274,217.0
1311,HLA-DRB107:01,2230.44,ANZ78847,LICLAGVAMLV,1311,218.0
578,HLA-DRB107:01,2233.66,ANZ78847,QPQAFLGWSAD,578,219.0
173,HLA-DRB107:01,2236.8,ANZ78847,EYPHTICHPNL,173,220.0
1076,HLA-DRB107:01,2236.9,ANZ78847,LDALEAEAQID,1076,221.0
253,HLA-DRB107:01,2253.35,ANZ78847,YVMPLTCISRR,253,222.0
678,HLA-DRB107:01,2261.07,ANZ78847,MIRSCYSGRVS,678,223.0
515,HLA-DRB107:01,2265.78,ANZ78847,NNGIGTCPAGT,515,224.0
947,HLA-DRB107:01,2268.53,ANZ78847,CVQSYKGIKVL,947,225.0
941,HLA-DRB107:01,2271.39,ANZ78847,EIRDLICVQSY,941,226.0
323,HLA-DRB107:01,2292.04,ANZ78847,GYTVQPIADVY,323,227.0
545,HLA-DRB107:01,2295.84,ANZ78847,YKCPQSKSLVG,545,228.0
136,HLA-DRB107:01,2303.19,ANZ78847,NTSYSVVVQPR,136,229.0
607,HLA-DRB107:01,2303.75,ANZ78847,VNSGLTCSTDL,607,230.0
1178,HLA-DRB107:01,2328.25,ANZ78847,DRGIAPKSGYF,1178,231.0
723,HLA-DRB107:01,2332.33,ANZ78847,NYFDSYLGCVV,723,232.0
206,HLA-DRB107:01,2340.63,ANZ78847,FTYDVNATYLY,206,233.0
830,HLA-DRB107:01,2350.23,ANZ78847,GDYAACKSQLV,830,234.0
764,HLA-DRB107:01,2391.49,ANZ78847,SRRAITTGYRF,764,235.0
667,HLA-DRB107:01,2406.79,ANZ78847,GFRDYLTNRTF,667,236.0
1137,HLA-DRB107:01,2412.61,ANZ78847,NGNHIISLVQN,1137,237.0
1345,HLA-DRB107:01,2434.23,ANZ78847,DDYTGYQELVI,1345,238.0
891,HLA-DRB107:01,2437.32,ANZ78847,DINFSSVLGCL,891,239.0
383,HLA-DRB107:01,2448.92,ANZ78847,FTCNNIDAAKI,383,240.0
208,HLA-DRB107:01,2468.9,ANZ78847,YDVNATYLYFH,208,241.0
278,HLA-DRB107:01,2482.08,ANZ78847,SRQYLLAFNQD,278,242.0
1247,HLA-DRB107:01,2497.73,ANZ78847,QWFKNQTSVAP,1247,243.0
1249,HLA-DRB107:01,2515.49,ANZ78847,FKNQTSVAPDL,1249,244.0
4,HLA-DRB107:01,2523.71,ANZ78847,LLISLPTAFAV,4,245.0
746,HLA-DRB107:01,2528.08,ANZ78847,CDLTVGSGYCV,746,246.0
681,HLA-DRB107:01,2547.15,ANZ78847,SCYSGRVSAAF,681,247.0
894,HLA-DRB107:01,2558.56,ANZ78847,FSSVLGCLGSE,894,248.0
923,HLA-DRB107:01,2571.91,ANZ78847,KLSDVGFVAAY,923,249.0
487,HLA-DRB107:01,2579.7,ANZ78847,AQHCFKAPKNF,487,250.0
1212,HLA-DRB107:01,2591.01,ANZ78847,NVVVMSTCAVN,1212,251.0
873,HLA-DRB107:01,2597.12,ANZ78847,NGVTLSTKLKD,873,252.0
1012,HLA-DRB107:01,2601.93,ANZ78847,QKLIANAFNNA,1012,253.0
1086,HLA-DRB107:01,2621.78,ANZ78847,DRLINGRLTAL,1086,254.0
301,HLA-DRB107:01,2625.41,ANZ78847,FMSEIKCKTQS,301,255.0
821,HLA-DRB107:01,2631.5,ANZ78847,TIDCAAFVCGD,821,256.0
453,HLA-DRB107:01,2637.5,ANZ78847,RFNPSTWNKRF,453,257.0
445,HLA-DRB107:01,2641.11,ANZ78847,PAANVSVSRFN,445,258.0
1287,HLA-DRB107:01,2672.09,ANZ78847,QSYINLKDIGT,1287,259.0
1272,HLA-DRB107:01,2679.16,ANZ78847,QVEMNRLQEAI,1272,260.0
1110,HLA-DRB107:01,2694.05,ANZ78847,VKFSAAQAMEK,1110,261.0
196,HLA-DRB107:01,2696.12,ANZ78847,GVVSCLYKRNF,196,262.0
393,HLA-DRB107:01,2697.02,ANZ78847,IYGMCFSSITI,393,263.0
1150,HLA-DRB107:01,2712.52,ANZ78847,YGLYFIHFSYV,1150,264.0
676,HLA-DRB107:01,2718.17,ANZ78847,TFMIRSCYSGR,676,265.0
115,HLA-DRB107:01,2721.65,ANZ78847,VFKDGVMYSEF,115,266.0
489,HLA-DRB107:01,2733.94,ANZ78847,HCFKAPKNFCP,489,267.0
790,HLA-DRB107:01,2745.53,ANZ78847,EPVGGLYEIQI,790,268.0
288,HLA-DRB107:01,2747.53,ANZ78847,DGIIFNAVDCM,288,269.0
802,HLA-DRB107:01,2761.15,ANZ78847,SDFTIGNMEEF,802,270.0
462,HLA-DRB107:01,2772.77,ANZ78847,RFGFIEDSVFK,462,271.0
252,HLA-DRB107:01,2794.36,ANZ78847,YYVMPLTCISR,252,272.0
932,HLA-DRB107:01,2815.25,ANZ78847,AYNNCTGGAEI,932,273.0
340,HLA-DRB107:01,2869.15,ANZ78847,PNCNIEAWLND,340,274.0
875,HLA-DRB107:01,2874.25,ANZ78847,VTLSTKLKDGV,875,275.0
695,HLA-DRB107:01,2887.66,ANZ78847,SSEPALLFRNI,695,276.0
444,HLA-DRB107:01,2910.78,ANZ78847,LPAANVSVSRF,444,277.0
523,HLA-DRB107:01,2918.18,ANZ78847,AGTNYLTCHNL,523,278.0
448,HLA-DRB107:01,2923.54,ANZ78847,NVSVSRFNPST,448,279.0
6,HLA-DRB107:01,2933.47,ANZ78847,ISLPTAFAVIG,6,280.0
38,HLA-DRB107:01,2940.43,ANZ78847,SISTATVDVTN,38,281.0
290,HLA-DRB107:01,2956.45,ANZ78847,IIFNAVDCMSD,290,282.0
1227,HLA-DRB107:01,2957.34,ANZ78847,PYVMLNTSIPN,1227,283.0
171,HLA-DRB107:01,2957.4,ANZ78847,MCEYPHTICHP,171,284.0
46,HLA-DRB107:01,2964.01,ANZ78847,VTNGLGTYYVL,46,285.0
1057,HLA-DRB107:01,2964.91,ANZ78847,QLSNRFGAISS,1057,286.0
334,HLA-DRB107:01,2981.58,ANZ78847,RRKPDLPNCNI,334,287.0
1246,HLA-DRB107:01,2984.84,ANZ78847,DQWFKNQTSVA,1246,288.0
85,HLA-DRB107:01,2990.99,ANZ78847,GTDKLSTLWFK,85,289.0
632,HLA-DRB107:01,2992.34,ANZ78847,YDLYGISGQGI,632,290.0
479,HLA-DRB107:01,2999.97,ANZ78847,LTNHDVVYAQH,479,291.0
98,HLA-DRB107:01,3014.68,ANZ78847,FLSDFINGIFA,98,292.0
1038,HLA-DRB107:01,3028.51,ANZ78847,VKIQAVVNANA,1038,293.0
548,HLA-DRB107:01,3033.17,ANZ78847,PQSKSLVGIGE,548,294.0
385,HLA-DRB107:01,3035.45,ANZ78847,CNNIDAAKIYG,385,295.0
993,HLA-DRB107:01,3057.64,ANZ78847,NVQYRINGLGV,993,296.0
867,HLA-DRB107:01,3064.81,ANZ78847,VANSLMNGVTL,867,297.0
258,HLA-DRB107:01,3075.55,ANZ78847,TCISRRNIGFT,258,298.0
421,HLA-DRB107:01,3134.65,ANZ78847,LGYLQSFNYRI,421,299.0
1075,HLA-DRB107:01,3145.39,ANZ78847,RLDALEAEAQI,1075,300.0
1011,HLA-DRB107:01,3145.85,ANZ78847,NQKLIANAFNN,1011,301.0
775,HLA-DRB107:01,3147.72,ANZ78847,TNFEPFTVNSV,775,302.0
803,HLA-DRB107:01,3166.07,ANZ78847,DFTIGNMEEFI,803,303.0
194,HLA-DRB107:01,3168.76,ANZ78847,DTGVVSCLYKR,194,304.0
103,HLA-DRB107:01,3168.88,ANZ78847,INGIFAKVKNT,103,305.0
1111,HLA-DRB107:01,3207.73,ANZ78847,KFSAAQAMEKV,1111,306.0
699,HLA-DRB107:01,3218.18,ANZ78847,ALLFRNIKCNY,699,307.0
161,HLA-DRB107:01,3236.69,ANZ78847,LLEVSVCQYNM,161,308.0
919,HLA-DRB107:01,3246.23,ANZ78847,FDKVKLSDVGF,919,309.0
447,HLA-DRB107:01,3250.01,ANZ78847,ANVSVSRFNPS,447,310.0
560,HLA-DRB107:01,3253.46,ANZ78847,CSGLAVKSDYC,560,311.0
1349,HLA-DRB107:01,3285.34,ANZ78847,GYQELVIKTSH,1349,312.0
795,HLA-DRB107:01,3293.71,ANZ78847,LYEIQIPSDFT,795,313.0
933,HLA-DRB107:01,3298.57,ANZ78847,YNNCTGGAEIR,933,314.0
1031,HLA-DRB107:01,3320.4,ANZ78847,DATNSALVKIQ,1031,315.0
1302,HLA-DRB107:01,3329.9,ANZ78847,VKWPWYVWLLI,1302,316.0
105,HLA-DRB107:01,3351.82,ANZ78847,GIFAKVKNTKV,105,317.0
141,HLA-DRB107:01,3355.08,ANZ78847,VVVQPRTINST,141,318.0
116,HLA-DRB107:01,3363.69,ANZ78847,FKDGVMYSEFP,116,319.0
597,HLA-DRB107:01,3368.19,ANZ78847,NIFANLILHDV,597,320.0
731,HLA-DRB107:01,3411.51,ANZ78847,CVVNAYNSTAI,731,321.0
9,HLA-DRB107:01,3450.31,ANZ78847,PTAFAVIGDLK,9,322.0
577,HLA-DRB107:01,3453.33,ANZ78847,CQPQAFLGWSA,577,323.0
145,HLA-DRB107:01,3510.09,ANZ78847,PRTINSTQDGV,145,324.0
384,HLA-DRB107:01,3521.54,ANZ78847,TCNNIDAAKIY,384,325.0
1161,HLA-DRB107:01,3541.69,ANZ78847,PTKYVTAKVSP,1161,326.0
1083,HLA-DRB107:01,3573.1,ANZ78847,AQIDRLINGRL,1083,327.0
644,HLA-DRB107:01,3582.85,ANZ78847,VEVNATYYNSW,644,328.0
88,HLA-DRB107:01,3600.05,ANZ78847,KLSTLWFKPPF,88,329.0
101,HLA-DRB107:01,3624.8,ANZ78847,DFINGIFAKVK,101,330.0
964,HLA-DRB107:01,3647.99,ANZ78847,NQISGYTLAAT,964,331.0
804,HLA-DRB107:01,3651.28,ANZ78847,FTIGNMEEFIQ,804,332.0
737,HLA-DRB107:01,3651.4,ANZ78847,NSTAISVQTCD,737,333.0
1164,HLA-DRB107:01,3689.71,ANZ78847,YVTAKVSPGLC,1164,334.0
839,HLA-DRB107:01,3714.99,ANZ78847,LVEYGSFCDNI,839,335.0
96,HLA-DRB107:01,3732.27,ANZ78847,PPFLSDFINGI,96,336.0
1268,HLA-DRB107:01,3736.83,ANZ78847,FLDLQVEMNRL,1268,337.0
1196,HLA-DRB107:01,3736.98,ANZ78847,MYTGSGYYYPE,1196,338.0
1308,HLA-DRB107:01,3737.07,ANZ78847,VWLLICLAGVA,1308,339.0
1222,HLA-DRB107:01,3738.09,ANZ78847,NYTKAPYVMLN,1222,340.0
623,HLA-DRB107:01,3741.97,ANZ78847,DIKLGVCVNYD,623,341.0
944,HLA-DRB107:01,3751.78,ANZ78847,DLICVQSYKGI,944,342.0
1163,HLA-DRB107:01,3778.69,ANZ78847,KYVTAKVSPGL,1163,343.0
263,HLA-DRB107:01,3781.86,ANZ78847,RNIGFTLEYWV,263,344.0
192,HLA-DRB107:01,3807.2,ANZ78847,HMDTGVVSCLY,192,345.0
869,HLA-DRB107:01,3810.48,ANZ78847,NSLMNGVTLST,869,346.0
796,HLA-DRB107:01,3816.99,ANZ78847,YEIQIPSDFTI,796,347.0
359,HLA-DRB107:01,3818.03,ANZ78847,WERKTFSNCNF,359,348.0
1014,HLA-DRB107:01,3823.01,ANZ78847,LIANAFNNALD,1014,349.0
481,HLA-DRB107:01,3826.43,ANZ78847,NHDVVYAQHCF,481,350.0
266,HLA-DRB107:01,3830.98,ANZ78847,GFTLEYWVTPL,266,351.0
672,HLA-DRB107:01,3832.04,ANZ78847,LTNRTFMIRSC,672,352.0
499,HLA-DRB107:01,3852.18,ANZ78847,PCKSNSSLCVG,499,353.0
647,HLA-DRB107:01,3862.57,ANZ78847,NATYYNSWQNL,647,354.0
609,HLA-DRB107:01,3864.42,ANZ78847,SGLTCSTDLQK,609,355.0
771,HLA-DRB107:01,3893.92,ANZ78847,GYRFTNFEPFT,771,356.0
738,HLA-DRB107:01,3894.71,ANZ78847,STAISVQTCDL,738,357.0
1159,HLA-DRB107:01,3966.08,ANZ78847,YVPTKYVTAKV,1159,358.0
549,HLA-DRB107:01,4028.91,ANZ78847,QSKSLVGIGEH,549,359.0
599,HLA-DRB107:01,4030.07,ANZ78847,FANLILHDVNS,599,360.0
739,HLA-DRB107:01,4037.2,ANZ78847,TAISVQTCDLT,739,361.0
942,HLA-DRB107:01,4039.68,ANZ78847,IRDLICVQSYK,942,362.0
920,HLA-DRB107:01,4046.53,ANZ78847,DKVKLSDVGFV,920,363.0
204,HLA-DRB107:01,4048.46,ANZ78847,RNFTYDVNATY,204,364.0
642,HLA-DRB107:01,4056.39,ANZ78847,IFVEVNATYYN,642,365.0
641,HLA-DRB107:01,4057.63,ANZ78847,GIFVEVNATYY,641,366.0
1121,HLA-DRB107:01,4059.64,ANZ78847,VNECVKSQSSR,1121,367.0
1005,HLA-DRB107:01,4085.22,ANZ78847,MDVLSQNQKLI,1005,368.0
269,HLA-DRB107:01,4095.6,ANZ78847,LEYWVTPLTSR,269,369.0
339,HLA-DRB107:01,4098.88,ANZ78847,LPNCNIEAWLN,339,370.0
191,HLA-DRB107:01,4099.4,ANZ78847,WHMDTGVVSCL,191,371.0
379,HLA-DRB107:01,4101.89,ANZ78847,QADSFTCNNID,379,372.0
1313,HLA-DRB107:01,4129.5,ANZ78847,CLAGVAMLVLL,1313,373.0
429,HLA-DRB107:01,4175.06,ANZ78847,YRIDTTATSCQ,429,374.0
668,HLA-DRB107:01,4176.97,ANZ78847,FRDYLTNRTFM,668,375.0
1324,HLA-DRB107:01,4185.31,ANZ78847,FFICCCTGCGT,1324,376.0
114,HLA-DRB107:01,4222.3,ANZ78847,KVFKDGVMYSE,114,377.0
1039,HLA-DRB107:01,4244.64,ANZ78847,KIQAVVNANAE,1039,378.0
1216,HLA-DRB107:01,4276.44,ANZ78847,MSTCAVNYTKA,1216,379.0
543,HLA-DRB107:01,4283.72,ANZ78847,GPYKCPQSKSL,543,380.0
76,HLA-DRB107:01,4285.56,ANZ78847,STYRNMALKGT,76,381.0
900,HLA-DRB107:01,4304.23,ANZ78847,CLGSECSKASS,900,382.0
370,HLA-DRB107:01,4326.35,ANZ78847,NMSSLMSFIQA,370,383.0
497,HLA-DRB107:01,4336.76,ANZ78847,FCPCKSNSSLC,497,384.0
514,HLA-DRB107:01,4340.65,ANZ78847,KNNGIGTCPAG,514,385.0
907,HLA-DRB107:01,4349.81,ANZ78847,KASSRSAIEDL,907,386.0
1172,HLA-DRB107:01,4394.44,ANZ78847,GLCIAGDRGIA,1172,387.0
1229,HLA-DRB107:01,4405.56,ANZ78847,VMLNTSIPNLP,1229,388.0
1077,HLA-DRB107:01,4407.96,ANZ78847,DALEAEAQIDR,1077,389.0
1149,HLA-DRB107:01,4428.79,ANZ78847,PYGLYFIHFSY,1149,390.0
338,HLA-DRB107:01,4450.62,ANZ78847,DLPNCNIEAWL,338,391.0
547,HLA-DRB107:01,4463.06,ANZ78847,CPQSKSLVGIG,547,392.0
634,HLA-DRB107:01,4474.32,ANZ78847,LYGISGQGIFV,634,393.0
298,HLA-DRB107:01,4475.78,ANZ78847,MSDFMSEIKCK,298,394.0
404,HLA-DRB107:01,4479.92,ANZ78847,DKFAIPNGRKV,404,395.0
203,HLA-DRB107:01,4492.05,ANZ78847,KRNFTYDVNAT,203,396.0
540,HLA-DRB107:01,4497.94,ANZ78847,TFTGPYKCPQS,540,397.0
1120,HLA-DRB107:01,4522.27,ANZ78847,KVNECVKSQSS,1120,398.0
461,HLA-DRB107:01,4566.83,ANZ78847,KRFGFIEDSVF,461,399.0
1162,HLA-DRB107:01,4568.53,ANZ78847,TKYVTAKVSPG,1162,400.0
107,HLA-DRB107:01,4568.67,ANZ78847,FAKVKNTKVFK,107,401.0
10,HLA-DRB107:01,4571.98,ANZ78847,TAFAVIGDLKC,10,402.0
573,HLA-DRB107:01,4581.42,ANZ78847,NPCTCQPQAFL,573,403.0
1279,HLA-DRB107:01,4588.89,ANZ78847,QEAIKVLNQSY,1279,404.0
343,HLA-DRB107:01,4598.8,ANZ78847,NIEAWLNDKSV,343,405.0
1091,HLA-DRB107:01,4610.3,ANZ78847,GRLTALNAYVS,1091,406.0
431,HLA-DRB107:01,4633.13,ANZ78847,IDTTATSCQLY,431,407.0
1160,HLA-DRB107:01,4636.91,ANZ78847,VPTKYVTAKVS,1160,408.0
289,HLA-DRB107:01,4646.54,ANZ78847,GIIFNAVDCMS,289,409.0
732,HLA-DRB107:01,4679.35,ANZ78847,VVNAYNSTAIS,732,410.0
620,HLA-DRB107:01,4721.29,ANZ78847,ANTDIKLGVCV,620,411.0
866,HLA-DRB107:01,4724.37,ANZ78847,QVANSLMNGVT,866,412.0
1103,HLA-DRB107:01,4731.6,ANZ78847,QLSDSTLVKFS,1103,413.0
60,HLA-DRB107:01,4752.49,ANZ78847,YLNTTLFLNGY,60,414.0
139,HLA-DRB107:01,4756.91,ANZ78847,YSVVVQPRTIN,139,415.0
1291,HLA-DRB107:01,4778.05,ANZ78847,NLKDIGTYEYY,1291,416.0
598,HLA-DRB107:01,4807.21,ANZ78847,IFANLILHDVN,598,417.0
380,HLA-DRB107:01,4811.41,ANZ78847,ADSFTCNNIDA,380,418.0
1194,HLA-DRB107:01,4856.04,ANZ78847,TWMYTGSGYYY,1194,419.0
1328,HLA-DRB107:01,4877.76,ANZ78847,CCTGCGTSCFK,1328,420.0
390,HLA-DRB107:01,4883.09,ANZ78847,AAKIYGMCFSS,390,421.0
246,HLA-DRB107:01,4900.51,ANZ78847,GMALSHYYVMP,246,422.0
1151,HLA-DRB107:01,4901.23,ANZ78847,GLYFIHFSYVP,1151,423.0
831,HLA-DRB107:01,4917.41,ANZ78847,DYAACKSQLVE,831,424.0
86,HLA-DRB107:01,4943.43,ANZ78847,TDKLSTLWFKP,86,425.0
257,HLA-DRB107:01,4961.27,ANZ78847,LTCISRRNIGF,257,426.0
952,HLA-DRB107:01,4962.69,ANZ78847,KGIKVLPPLLS,952,427.0
484,HLA-DRB107:01,4963.85,ANZ78847,VVYAQHCFKAP,484,428.0
159,HLA-DRB107:01,4965.68,ANZ78847,QGLLEVSVCQY,159,429.0
556,HLA-DRB107:01,4979.48,ANZ78847,IGEHCSGLAVK,556,430.0
1010,HLA-DRB107:01,4993.71,ANZ78847,QNQKLIANAFN,1010,431.0
1210,HLA-DRB107:01,5007.14,ANZ78847,ENNVVVMSTCA,1210,432.0
318,HLA-DRB107:01,5029.88,ANZ78847,VYELNGYTVQP,318,433.0
927,HLA-DRB107:01,5041.73,ANZ78847,VGFVAAYNNCT,927,434.0
1006,HLA-DRB107:01,5046.33,ANZ78847,DVLSQNQKLIA,1006,435.0
962,HLA-DRB107:01,5101.54,ANZ78847,SENQISGYTLA,962,436.0
770,HLA-DRB107:01,5109.55,ANZ78847,TGYRFTNFEPF,770,437.0
788,HLA-DRB107:01,5125.97,ANZ78847,SLEPVGGLYEI,788,438.0
322,HLA-DRB107:01,5129.78,ANZ78847,NGYTVQPIADV,322,439.0
166,HLA-DRB107:01,5133.01,ANZ78847,VCQYNMCEYPH,166,440.0
422,HLA-DRB107:01,5141.99,ANZ78847,GYLQSFNYRID,422,441.0
238,HLA-DRB107:01,5142.85,ANZ78847,KFLFNVYLGMA,238,442.0
1230,HLA-DRB107:01,5163.71,ANZ78847,MLNTSIPNLPD,1230,443.0
45,HLA-DRB107:01,5196.6,ANZ78847,DVTNGLGTYYV,45,444.0
998,HLA-DRB107:01,5203.44,ANZ78847,INGLGVTMDVL,998,445.0
193,HLA-DRB107:01,5249.81,ANZ78847,MDTGVVSCLYK,193,446.0
1286,HLA-DRB107:01,5260.98,ANZ78847,NQSYINLKDIG,1286,447.0
1131,HLA-DRB107:01,5278.31,ANZ78847,RINFCGNGNHI,1131,448.0
73,HLA-DRB107:01,5279.03,ANZ78847,TSGSTYRNMAL,73,449.0
170,HLA-DRB107:01,5309.42,ANZ78847,NMCEYPHTICH,170,450.0
299,HLA-DRB107:01,5339.29,ANZ78847,SDFMSEIKCKT,299,451.0
780,HLA-DRB107:01,5352.2,ANZ78847,FTVNSVNDSLE,780,452.0
261,HLA-DRB107:01,5378.57,ANZ78847,SRRNIGFTLEY,261,453.0
256,HLA-DRB107:01,5393.59,ANZ78847,PLTCISRRNIG,256,454.0
673,HLA-DRB107:01,5417.5,ANZ78847,TNRTFMIRSCY,673,455.0
466,HLA-DRB107:01,5417.8,ANZ78847,IEDSVFKPQPA,466,456.0
475,HLA-DRB107:01,5429.76,ANZ78847,PAGVLTNHDVV,475,457.0
1013,HLA-DRB107:01,5431.59,ANZ78847,KLIANAFNNAL,1013,458.0
740,HLA-DRB107:01,5439.02,ANZ78847,AISVQTCDLTV,740,459.0
87,HLA-DRB107:01,5498.49,ANZ78847,DKLSTLWFKPP,87,460.0
777,HLA-DRB107:01,5510.14,ANZ78847,FEPFTVNSVND,777,461.0
50,HLA-DRB107:01,5515.29,ANZ78847,LGTYYVLDRVY,50,462.0
823,HLA-DRB107:01,5541.66,ANZ78847,DCAAFVCGDYA,823,463.0
610,HLA-DRB107:01,5559.57,ANZ78847,GLTCSTDLQKA,610,464.0
1193,HLA-DRB107:01,5564.84,ANZ78847,NTWMYTGSGYY,1193,465.0
237,HLA-DRB107:01,5590.49,ANZ78847,TKFLFNVYLGM,237,466.0
455,HLA-DRB107:01,5591.42,ANZ78847,NPSTWNKRFGF,455,467.0
1307,HLA-DRB107:01,5605.5,ANZ78847,YVWLLICLAGV,1307,468.0
554,HLA-DRB107:01,5613.07,ANZ78847,VGIGEHCSGLA,554,469.0
1251,HLA-DRB107:01,5617.91,ANZ78847,NQTSVAPDLAL,1251,470.0
268,HLA-DRB107:01,5657.02,ANZ78847,TLEYWVTPLTS,268,471.0
162,HLA-DRB107:01,5687.51,ANZ78847,LEVSVCQYNMC,162,472.0
1036,HLA-DRB107:01,5692.03,ANZ78847,ALVKIQAVVNA,1036,473.0
220,HLA-DRB107:01,5699.47,ANZ78847,YQEGGTFYAYF,220,474.0
779,HLA-DRB107:01,5741.42,ANZ78847,PFTVNSVNDSL,779,475.0
624,HLA-DRB107:01,5745.51,ANZ78847,IKLGVCVNYDL,624,476.0
306,HLA-DRB107:01,5748.37,ANZ78847,KCKTQSIAPPT,306,477.0
582,HLA-DRB107:01,5753.85,ANZ78847,FLGWSADSCLQ,582,478.0
588,HLA-DRB107:01,5765.38,ANZ78847,DSCLQGDKCNI,588,479.0
185,HLA-DRB107:01,5788.2,ANZ78847,NHFKELWHMDT,185,480.0
767,HLA-DRB107:01,5811.62,ANZ78847,AITTGYRFTNF,767,481.0
805,HLA-DRB107:01,5818.8,ANZ78847,TIGNMEEFIQT,805,482.0
670,HLA-DRB107:01,5846.49,ANZ78847,DYLTNRTFMIR,670,483.0
184,HLA-DRB107:01,5858.29,ANZ78847,GNHFKELWHMD,184,484.0
994,HLA-DRB107:01,5891.45,ANZ78847,VQYRINGLGVT,994,485.0
1095,HLA-DRB107:01,5892.49,ANZ78847,ALNAYVSQQLS,1095,486.0
1092,HLA-DRB107:01,5910.9,ANZ78847,RLTALNAYVSQ,1092,487.0
1087,HLA-DRB107:01,5911.02,ANZ78847,RLINGRLTALN,1087,488.0
1278,HLA-DRB107:01,5911.63,ANZ78847,LQEAIKVLNQS,1278,489.0
1305,HLA-DRB107:01,5948.93,ANZ78847,PWYVWLLICLA,1305,490.0
640,HLA-DRB107:01,5954.2,ANZ78847,QGIFVEVNATY,640,491.0
262,HLA-DRB107:01,6006.3,ANZ78847,RRNIGFTLEYW,262,492.0
1154,HLA-DRB107:01,6010.72,ANZ78847,FIHFSYVPTKY,1154,493.0
956,HLA-DRB107:01,6040.4,ANZ78847,VLPPLLSENQI,956,494.0
972,HLA-DRB107:01,6050.82,ANZ78847,AATSASLFPPW,972,495.0
49,HLA-DRB107:01,6088.55,ANZ78847,GLGTYYVLDRV,49,496.0
934,HLA-DRB107:01,6093.62,ANZ78847,NNCTGGAEIRD,934,497.0
558,HLA-DRB107:01,6131.97,ANZ78847,EHCSGLAVKSD,558,498.0
300,HLA-DRB107:01,6152.42,ANZ78847,DFMSEIKCKTQ,300,499.0
1281,HLA-DRB107:01,6189.6,ANZ78847,AIKVLNQSYIN,1281,500.0
1301,HLA-DRB107:01,6202.43,ANZ78847,YVKWPWYVWLL,1301,501.0
711,HLA-DRB107:01,6213.02,ANZ78847,FNNSLTRQLQP,711,502.0
1098,HLA-DRB107:01,6223.53,ANZ78847,AYVSQQLSDST,1098,503.0
347,HLA-DRB107:01,6232.95,ANZ78847,WLNDKSVPSPL,347,504.0
270,HLA-DRB107:01,6240.3,ANZ78847,EYWVTPLTSRQ,270,505.0
990,HLA-DRB107:01,6319.03,ANZ78847,FYLNVQYRING,990,506.0
332,HLA-DRB107:01,6338.1,ANZ78847,VYRRKPDLPNC,332,507.0
1188,HLA-DRB107:01,6356.74,ANZ78847,FVNVNNTWMYT,1188,508.0
857,HLA-DRB107:01,6379.51,ANZ78847,NELLDTTQLQV,857,509.0
1089,HLA-DRB107:01,6385.36,ANZ78847,INGRLTALNAY,1089,510.0
1088,HLA-DRB107:01,6396.02,ANZ78847,LINGRLTALNA,1088,511.0
405,HLA-DRB107:01,6398.37,ANZ78847,KFAIPNGRKVD,405,512.0
725,HLA-DRB107:01,6409.01,ANZ78847,FDSYLGCVVNA,725,513.0
1027,HLA-DRB107:01,6477.86,ANZ78847,QEGFDATNSAL,1027,514.0
236,HLA-DRB107:01,6539.49,ANZ78847,VTKFLFNVYLG,236,515.0
174,HLA-DRB107:01,6539.82,ANZ78847,YPHTICHPNLG,174,516.0
1132,HLA-DRB107:01,6539.93,ANZ78847,INFCGNGNHII,1132,517.0
42,HLA-DRB107:01,6629.27,ANZ78847,ATVDVTNGLGT,42,518.0
820,HLA-DRB107:01,6650.16,ANZ78847,VTIDCAAFVCG,820,519.0
882,HLA-DRB107:01,6695.41,ANZ78847,KDGVNFNVDDI,882,520.0
1141,HLA-DRB107:01,6711.51,ANZ78847,IISLVQNAPYG,1141,521.0
477,HLA-DRB107:01,6719.1,ANZ78847,GVLTNHDVVYA,477,522.0
1009,HLA-DRB107:01,6721.96,ANZ78847,SQNQKLIANAF,1009,523.0
473,HLA-DRB107:01,6746.0,ANZ78847,PQPAGVLTNHD,473,524.0
297,HLA-DRB107:01,6752.49,ANZ78847,CMSDFMSEIKC,297,525.0
649,HLA-DRB107:01,6756.98,ANZ78847,TYYNSWQNLLY,649,526.0
621,HLA-DRB107:01,6768.65,ANZ78847,NTDIKLGVCVN,621,527.0
231,HLA-DRB107:01,6785.6,ANZ78847,TDTGVVTKFLF,231,528.0
500,HLA-DRB107:01,6792.46,ANZ78847,CKSNSSLCVGS,500,529.0
692,HLA-DRB107:01,6823.67,ANZ78847,HANSSEPALLF,692,530.0
538,HLA-DRB107:01,6828.57,ANZ78847,PITFTGPYKCP,538,531.0
100,HLA-DRB107:01,6878.95,ANZ78847,SDFINGIFAKV,100,532.0
726,HLA-DRB107:01,6911.68,ANZ78847,DSYLGCVVNAY,726,533.0
454,HLA-DRB107:01,6917.28,ANZ78847,FNPSTWNKRFG,454,534.0
800,HLA-DRB107:01,6935.78,ANZ78847,IPSDFTIGNME,800,535.0
627,HLA-DRB107:01,6935.93,ANZ78847,GVCVNYDLYGI,627,536.0
1204,HLA-DRB107:01,6950.33,ANZ78847,YPEPITENNVV,1204,537.0
987,HLA-DRB107:01,6951.46,ANZ78847,GVPFYLNVQYR,987,538.0
275,HLA-DRB107:01,6952.35,ANZ78847,PLTSRQYLLAF,275,539.0
1184,HLA-DRB107:01,6969.04,ANZ78847,KSGYFVNVNNT,1184,540.0
172,HLA-DRB107:01,6987.47,ANZ78847,CEYPHTICHPN,172,541.0
1186,HLA-DRB107:01,6994.85,ANZ78847,GYFVNVNNTWM,1186,542.0
195,HLA-DRB107:01,7001.32,ANZ78847,TGVVSCLYKRN,195,543.0
227,HLA-DRB107:01,7011.32,ANZ78847,YAYFTDTGVVT,227,544.0
386,HLA-DRB107:01,7053.66,ANZ78847,NNIDAAKIYGM,386,545.0
899,HLA-DRB107:01,7063.07,ANZ78847,GCLGSECSKAS,899,546.0
1015,HLA-DRB107:01,7070.23,ANZ78847,IANAFNNALDA,1015,547.0
646,HLA-DRB107:01,7073.96,ANZ78847,VNATYYNSWQN,646,548.0
710,HLA-DRB107:01,7087.52,ANZ78847,VFNNSLTRQLQ,710,549.0
917,HLA-DRB107:01,7087.88,ANZ78847,LLFDKVKLSDV,917,550.0
1070,HLA-DRB107:01,7104.64,ANZ78847,QEILSRLDALE,1070,551.0
108,HLA-DRB107:01,7128.58,ANZ78847,AKVKNTKVFKD,108,552.0
1058,HLA-DRB107:01,7137.35,ANZ78847,LSNRFGAISSS,1058,553.0
638,HLA-DRB107:01,7174.17,ANZ78847,SGQGIFVEVNA,638,554.0
1096,HLA-DRB107:01,7206.64,ANZ78847,LNAYVSQQLSD,1096,555.0
557,HLA-DRB107:01,7212.36,ANZ78847,GEHCSGLAVKS,557,556.0
128,HLA-DRB107:01,7236.92,ANZ78847,ITIGSTFVNTS,128,557.0
551,HLA-DRB107:01,7250.12,ANZ78847,KSLVGIGEHCS,551,558.0
1252,HLA-DRB107:01,7256.22,ANZ78847,QTSVAPDLALD,1252,559.0
758,HLA-DRB107:01,7272.94,ANZ78847,YSKNRRSRRAI,758,560.0
248,HLA-DRB107:01,7307.06,ANZ78847,ALSHYYVMPLT,248,561.0
995,HLA-DRB107:01,7312.08,ANZ78847,QYRINGLGVTM,995,562.0
851,HLA-DRB107:01,7329.12,ANZ78847,AILTEVNELLD,851,563.0
365,HLA-DRB107:01,7353.46,ANZ78847,SNCNFNMSSLM,365,564.0
744,HLA-DRB107:01,7364.66,ANZ78847,QTCDLTVGSGY,744,565.0
889,HLA-DRB107:01,7417.42,ANZ78847,VDDINFSSVLG,889,566.0
361,HLA-DRB107:01,7420.11,ANZ78847,RKTFSNCNFNM,361,567.0
1218,HLA-DRB107:01,7431.91,ANZ78847,TCAVNYTKAPY,1218,568.0
61,HLA-DRB107:01,7460.43,ANZ78847,LNTTLFLNGYY,61,569.0
643,HLA-DRB107:01,7461.93,ANZ78847,FVEVNATYYNS,643,570.0
56,HLA-DRB107:01,7483.96,ANZ78847,LDRVYLNTTLF,56,571.0
284,HLA-DRB107:01,7487.64,ANZ78847,AFNQDGIIFNA,284,572.0
1187,HLA-DRB107:01,7490.15,ANZ78847,YFVNVNNTWMY,1187,573.0
344,HLA-DRB107:01,7493.82,ANZ78847,IEAWLNDKSVP,344,574.0
858,HLA-DRB107:01,7498.29,ANZ78847,ELLDTTQLQVA,858,575.0
829,HLA-DRB107:01,7499.64,ANZ78847,CGDYAACKSQL,829,576.0
84,HLA-DRB107:01,7515.96,ANZ78847,KGTDKLSTLWF,84,577.0
187,HLA-DRB107:01,7552.65,ANZ78847,FKELWHMDTGV,187,578.0
836,HLA-DRB107:01,7553.09,ANZ78847,KSQLVEYGSFC,836,579.0
539,HLA-DRB107:01,7579.63,ANZ78847,ITFTGPYKCPQ,539,580.0
79,HLA-DRB107:01,7581.75,ANZ78847,RNMALKGTDKL,79,581.0
1351,HLA-DRB107:01,7584.69,ANZ78847,QELVIKTSHDD,1351,582.0
537,HLA-DRB107:01,7584.82,ANZ78847,DPITFTGPYKC,537,583.0
43,HLA-DRB107:01,7602.76,ANZ78847,TVDVTNGLGTY,43,584.0
1067,HLA-DRB107:01,7654.58,ANZ78847,SSLQEILSRLD,1067,585.0
1033,HLA-DRB107:01,7657.52,ANZ78847,TNSALVKIQAV,1033,586.0
1145,HLA-DRB107:01,7676.16,ANZ78847,VQNAPYGLYFI,1145,587.0
846,HLA-DRB107:01,7701.6,ANZ78847,CDNINAILTEV,846,588.0
207,HLA-DRB107:01,7704.23,ANZ78847,TYDVNATYLYF,207,589.0
527,HLA-DRB107:01,7717.76,ANZ78847,YLTCHNLCNPD,527,590.0
1254,HLA-DRB107:01,7732.25,ANZ78847,SVAPDLALDYI,1254,591.0
59,HLA-DRB107:01,7768.42,ANZ78847,VYLNTTLFLNG,59,592.0
51,HLA-DRB107:01,7778.07,ANZ78847,GTYYVLDRVYL,51,593.0
622,HLA-DRB107:01,7817.44,ANZ78847,TDIKLGVCVNY,622,594.0
160,HLA-DRB107:01,7820.45,ANZ78847,GLLEVSVCQYN,160,595.0
1022,HLA-DRB107:01,7848.7,ANZ78847,ALDAIQEGFDA,1022,596.0
1041,HLA-DRB107:01,7861.43,ANZ78847,QAVVNANAEAL,1041,597.0
449,HLA-DRB107:01,7863.85,ANZ78847,VSVSRFNPSTW,449,598.0
724,HLA-DRB107:01,7870.07,ANZ78847,YFDSYLGCVVN,724,599.0
870,HLA-DRB107:01,7916.16,ANZ78847,SLMNGVTLSTK,870,600.0
930,HLA-DRB107:01,7917.32,ANZ78847,VAAYNNCTGGA,930,601.0
937,HLA-DRB107:01,7938.05,ANZ78847,TGGAEIRDLIC,937,602.0
1084,HLA-DRB107:01,7957.25,ANZ78847,QIDRLINGRLT,1084,603.0
848,HLA-DRB107:01,7962.51,ANZ78847,NINAILTEVNE,848,604.0
706,HLA-DRB107:01,7992.42,ANZ78847,KCNYVFNNSLT,706,605.0
77,HLA-DRB107:01,8044.04,ANZ78847,TYRNMALKGTD,77,606.0
1205,HLA-DRB107:01,8115.51,ANZ78847,PEPITENNVVV,1205,607.0
1093,HLA-DRB107:01,8124.85,ANZ78847,LTALNAYVSQQ,1093,608.0
762,HLA-DRB107:01,8133.87,ANZ78847,RRSRRAITTGY,762,609.0
1127,HLA-DRB107:01,8140.9,ANZ78847,SQSSRINFCGN,1127,610.0
747,HLA-DRB107:01,8142.02,ANZ78847,DLTVGSGYCVD,747,611.0
235,HLA-DRB107:01,8173.7,ANZ78847,VVTKFLFNVYL,235,612.0
1079,HLA-DRB107:01,8178.7,ANZ78847,LEAEAQIDRLI,1079,613.0
1100,HLA-DRB107:01,8192.85,ANZ78847,VSQQLSDSTLV,1100,614.0
143,HLA-DRB107:01,8209.12,ANZ78847,VQPRTINSTQD,143,615.0
722,HLA-DRB107:01,8243.5,ANZ78847,INYFDSYLGCV,722,616.0
260,HLA-DRB107:01,8269.65,ANZ78847,ISRRNIGFTLE,260,617.0
350,HLA-DRB107:01,8283.57,ANZ78847,DKSVPSPLNWE,350,618.0
102,HLA-DRB107:01,8296.14,ANZ78847,FINGIFAKVKN,102,619.0
908,HLA-DRB107:01,8319.22,ANZ78847,ASSRSAIEDLL,908,620.0
122,HLA-DRB107:01,8321.21,ANZ78847,YSEFPAITIGS,122,621.0
973,HLA-DRB107:01,8333.11,ANZ78847,ATSASLFPPWT,973,622.0
416,HLA-DRB107:01,8345.28,ANZ78847,LQLGNLGYLQS,416,623.0
373,HLA-DRB107:01,8345.63,ANZ78847,SLMSFIQADSF,373,624.0
600,HLA-DRB107:01,8347.36,ANZ78847,ANLILHDVNSG,600,625.0
946,HLA-DRB107:01,8388.56,ANZ78847,ICVQSYKGIKV,946,626.0
604,HLA-DRB107:01,8404.14,ANZ78847,LHDVNSGLTCS,604,627.0
130,HLA-DRB107:01,8405.51,ANZ78847,IGSTFVNTSYS,130,628.0
910,HLA-DRB107:01,8520.43,ANZ78847,SRSAIEDLLFD,910,629.0
898,HLA-DRB107:01,8524.76,ANZ78847,LGCLGSECSKA,898,630.0
1017,HLA-DRB107:01,8536.85,ANZ78847,NAFNNALDAIQ,1017,631.0
1018,HLA-DRB107:01,8543.09,ANZ78847,AFNNALDAIQE,1018,632.0
1335,HLA-DRB107:01,8562.5,ANZ78847,SCFKKCGGCCD,1335,633.0
874,HLA-DRB107:01,8580.95,ANZ78847,GVTLSTKLKDG,874,634.0
1066,HLA-DRB107:01,8607.29,ANZ78847,SSSLQEILSRL,1066,635.0
1253,HLA-DRB107:01,8620.61,ANZ78847,TSVAPDLALDY,1253,636.0
1181,HLA-DRB107:01,8623.25,ANZ78847,IAPKSGYFVNV,1181,637.0
324,HLA-DRB107:01,8642.79,ANZ78847,YTVQPIADVYR,324,638.0
182,HLA-DRB107:01,8659.62,ANZ78847,NLGNHFKELWH,182,639.0
614,HLA-DRB107:01,8675.77,ANZ78847,STDLQKANTDI,614,640.0
606,HLA-DRB107:01,8682.54,ANZ78847,DVNSGLTCSTD,606,641.0
1185,HLA-DRB107:01,8685.99,ANZ78847,SGYFVNVNNTW,1185,642.0
395,HLA-DRB107:01,8690.86,ANZ78847,GMCFSSITIDK,395,643.0
999,HLA-DRB107:01,8707.47,ANZ78847,NGLGVTMDVLS,999,644.0
526,HLA-DRB107:01,8721.83,ANZ78847,NYLTCHNLCNP,526,645.0
1303,HLA-DRB107:01,8721.88,ANZ78847,KWPWYVWLLIC,1303,646.0
1314,HLA-DRB107:01,8722.58,ANZ78847,LAGVAMLVLLF,1314,647.0
903,HLA-DRB107:01,8722.65,ANZ78847,SECSKASSRSA,903,648.0
986,HLA-DRB107:01,8723.33,ANZ78847,AGVPFYLNVQY,986,649.0
1001,HLA-DRB107:01,8764.41,ANZ78847,LGVTMDVLSQN,1001,650.0
68,HLA-DRB107:01,8788.81,ANZ78847,NGYYPTSGSTY,68,651.0
291,HLA-DRB107:01,8798.06,ANZ78847,IFNAVDCMSDF,291,652.0
608,HLA-DRB107:01,8805.6,ANZ78847,NSGLTCSTDLQ,608,653.0
183,HLA-DRB107:01,8831.12,ANZ78847,LGNHFKELWHM,183,654.0
381,HLA-DRB107:01,8879.16,ANZ78847,DSFTCNNIDAA,381,655.0
865,HLA-DRB107:01,8969.69,ANZ78847,LQVANSLMNGV,865,656.0
808,HLA-DRB107:01,8977.32,ANZ78847,NMEEFIQTSSP,808,657.0
1195,HLA-DRB107:01,9008.91,ANZ78847,WMYTGSGYYYP,1195,658.0
605,HLA-DRB107:01,9022.23,ANZ78847,HDVNSGLTCST,605,659.0
824,HLA-DRB107:01,9027.12,ANZ78847,CAAFVCGDYAA,824,660.0
295,HLA-DRB107:01,9051.19,ANZ78847,VDCMSDFMSEI,295,661.0
1190,HLA-DRB107:01,9057.15,ANZ78847,NVNNTWMYTGS,1190,662.0
776,HLA-DRB107:01,9067.49,ANZ78847,NFEPFTVNSVN,776,663.0
1101,HLA-DRB107:01,9070.99,ANZ78847,SQQLSDSTLVK,1101,664.0
832,HLA-DRB107:01,9093.66,ANZ78847,YAACKSQLVEY,832,665.0
23,HLA-DRB107:01,9099.98,ANZ78847,DSRTGSLNNID,23,666.0
156,HLA-DRB107:01,9104.2,ANZ78847,NKLQGLLEVSV,156,667.0
1034,HLA-DRB107:01,9114.7,ANZ78847,NSALVKIQAVV,1034,668.0
399,HLA-DRB107:01,9122.02,ANZ78847,SSITIDKFAIP,399,669.0
89,HLA-DRB107:01,9127.25,ANZ78847,LSTLWFKPPFL,89,670.0
197,HLA-DRB107:01,9127.53,ANZ78847,VVSCLYKRNFT,197,671.0
146,HLA-DRB107:01,9132.22,ANZ78847,RTINSTQDGVN,146,672.0
794,HLA-DRB107:01,9133.08,ANZ78847,GLYEIQIPSDF,794,673.0
72,HLA-DRB107:01,9276.04,ANZ78847,PTSGSTYRNMA,72,674.0
21,HLA-DRB107:01,9290.19,ANZ78847,PLDSRTGSLNN,21,675.0
1226,HLA-DRB107:01,9292.09,ANZ78847,APYVMLNTSIP,1226,676.0
240,HLA-DRB107:01,9297.25,ANZ78847,LFNVYLGMALS,240,677.0
1316,HLA-DRB107:01,9336.96,ANZ78847,GVAMLVLLFFI,1316,678.0
1133,HLA-DRB107:01,9367.53,ANZ78847,NFCGNGNHIIS,1133,679.0
47,HLA-DRB107:01,9382.3,ANZ78847,TNGLGTYYVLD,47,680.0
602,HLA-DRB107:01,9406.42,ANZ78847,LILHDVNSGLT,602,681.0
648,HLA-DRB107:01,9407.34,ANZ78847,ATYYNSWQNLL,648,682.0
513,HLA-DRB107:01,9423.29,ANZ78847,GKNNGIGTCPA,513,683.0
154,HLA-DRB107:01,9430.77,ANZ78847,GVNKLQGLLEV,154,684.0
1064,HLA-DRB107:01,9447.8,ANZ78847,AISSSLQEILS,1064,685.0
1042,HLA-DRB107:01,9457.47,ANZ78847,AVVNANAEALN,1042,686.0
1052,HLA-DRB107:01,9461.86,ANZ78847,NNLLQQLSNRF,1052,687.0
1263,HLA-DRB107:01,9509.6,ANZ78847,YINVTFLDLQV,1263,688.0
703,HLA-DRB107:01,9524.16,ANZ78847,RNIKCNYVFNN,703,689.0
801,HLA-DRB107:01,9538.77,ANZ78847,PSDFTIGNMEE,801,690.0
39,HLA-DRB107:01,9546.55,ANZ78847,ISTATVDVTNG,39,691.0
480,HLA-DRB107:01,9558.91,ANZ78847,TNHDVVYAQHC,480,692.0
93,HLA-DRB107:01,9587.01,ANZ78847,WFKPPFLSDFI,93,693.0
698,HLA-DRB107:01,9593.32,ANZ78847,PALLFRNIKCN,698,694.0
1105,HLA-DRB107:01,9598.26,ANZ78847,SDSTLVKFSAA,1105,695.0
474,HLA-DRB107:01,9601.52,ANZ78847,QPAGVLTNHDV,474,696.0
491,HLA-DRB107:01,9661.79,ANZ78847,FKAPKNFCPCK,491,697.0
1348,HLA-DRB107:01,9664.94,ANZ78847,TGYQELVIKTS,1348,698.0
1315,HLA-DRB107:01,9712.63,ANZ78847,AGVAMLVLLFF,1315,699.0
97,HLA-DRB107:01,9713.15,ANZ78847,PFLSDFINGIF,97,700.0
1327,HLA-DRB107:01,9806.0,ANZ78847,CCCTGCGTSCF,1327,701.0
745,HLA-DRB107:01,9837.69,ANZ78847,TCDLTVGSGYC,745,702.0
1223,HLA-DRB107:01,9889.73,ANZ78847,YTKAPYVMLNT,1223,703.0
11,HLA-DRB107:01,9909.85,ANZ78847,AFAVIGDLKCP,11,704.0
793,HLA-DRB107:01,9916.86,ANZ78847,GGLYEIQIPSD,793,705.0
389,HLA-DRB107:01,9929.53,ANZ78847,DAAKIYGMCFS,389,706.0
476,HLA-DRB107:01,9941.18,ANZ78847,AGVLTNHDVVY,476,707.0
360,HLA-DRB107:01,9957.42,ANZ78847,ERKTFSNCNFN,360,708.0
1082,HLA-DRB107:01,9981.81,ANZ78847,EAQIDRLINGR,1082,709.0
633,HLA-DRB107:01,10004.47,ANZ78847,DLYGISGQGIF,633,710.0
83,HLA-DRB107:01,10013.14,ANZ78847,LKGTDKLSTLW,83,711.0
1300,HLA-DRB107:01,10015.38,ANZ78847,YYVKWPWYVWL,1300,712.0
349,HLA-DRB107:01,10023.64,ANZ78847,NDKSVPSPLNW,349,713.0
1180,HLA-DRB107:01,10027.66,ANZ78847,GIAPKSGYFVN,1180,714.0
158,HLA-DRB107:01,10036.7,ANZ78847,LQGLLEVSVCQ,158,715.0
1004,HLA-DRB107:01,10050.81,ANZ78847,TMDVLSQNQKL,1004,716.0
460,HLA-DRB107:01,10052.15,ANZ78847,NKRFGFIEDSV,460,717.0
1002,HLA-DRB107:01,10057.48,ANZ78847,GVTMDVLSQNQ,1002,718.0
1136,HLA-DRB107:01,10115.24,ANZ78847,GNGNHIISLVQ,1136,719.0
310,HLA-DRB107:01,10127.47,ANZ78847,QSIAPPTGVYE,310,720.0
828,HLA-DRB107:01,10127.87,ANZ78847,VCGDYAACKSQ,828,721.0
1265,HLA-DRB107:01,10149.86,ANZ78847,NVTFLDLQVEM,1265,722.0
902,HLA-DRB107:01,10151.19,ANZ78847,GSECSKASSRS,902,723.0
928,HLA-DRB107:01,10179.66,ANZ78847,GFVAAYNNCTG,928,724.0
1054,HLA-DRB107:01,10240.08,ANZ78847,LLQQLSNRFGA,1054,725.0
44,HLA-DRB107:01,10249.65,ANZ78847,VDVTNGLGTYY,44,726.0
423,HLA-DRB107:01,10274.15,ANZ78847,YLQSFNYRIDT,423,727.0
1080,HLA-DRB107:01,10283.4,ANZ78847,EAEAQIDRLIN,1080,728.0
81,HLA-DRB107:01,10289.29,ANZ78847,MALKGTDKLST,81,729.0
336,HLA-DRB107:01,10302.6,ANZ78847,KPDLPNCNIEA,336,730.0
890,HLA-DRB107:01,10335.81,ANZ78847,DDINFSSVLGC,890,731.0
957,HLA-DRB107:01,10376.61,ANZ78847,LPPLLSENQIS,957,732.0
1296,HLA-DRB107:01,10415.57,ANZ78847,GTYEYYVKWPW,1296,733.0
355,HLA-DRB107:01,10436.8,ANZ78847,SPLNWERKTFS,355,734.0
748,HLA-DRB107:01,10439.38,ANZ78847,LTVGSGYCVDY,748,735.0
584,HLA-DRB107:01,10446.07,ANZ78847,GWSADSCLQGD,584,736.0
743,HLA-DRB107:01,10446.98,ANZ78847,VQTCDLTVGSG,743,737.0
1003,HLA-DRB107:01,10457.59,ANZ78847,VTMDVLSQNQK,1003,738.0
164,HLA-DRB107:01,10516.84,ANZ78847,VSVCQYNMCEY,164,739.0
12,HLA-DRB107:01,10527.94,ANZ78847,FAVIGDLKCPL,12,740.0
845,HLA-DRB107:01,10554.93,ANZ78847,FCDNINAILTE,845,741.0
118,HLA-DRB107:01,10564.04,ANZ78847,DGVMYSEFPAI,118,742.0
979,HLA-DRB107:01,10574.52,ANZ78847,FPPWTAAAGVP,979,743.0
392,HLA-DRB107:01,10618.38,ANZ78847,KIYGMCFSSIT,392,744.0
768,HLA-DRB107:01,10639.85,ANZ78847,ITTGYRFTNFE,768,745.0
112,HLA-DRB107:01,10643.03,ANZ78847,NTKVFKDGVMY,112,746.0
494,HLA-DRB107:01,10647.19,ANZ78847,PKNFCPCKSNS,494,747.0
772,HLA-DRB107:01,10647.69,ANZ78847,YRFTNFEPFTV,772,748.0
30,HLA-DRB107:01,10680.98,ANZ78847,NNIDTGPPSIS,30,749.0
99,HLA-DRB107:01,10711.08,ANZ78847,LSDFINGIFAK,99,750.0
715,HLA-DRB107:01,10715.18,ANZ78847,LTRQLQPINYF,715,751.0
1146,HLA-DRB107:01,10741.85,ANZ78847,QNAPYGLYFIH,1146,752.0
471,HLA-DRB107:01,10786.74,ANZ78847,FKPQPAGVLTN,471,753.0
428,HLA-DRB107:01,10841.28,ANZ78847,NYRIDTTATSC,428,754.0
354,HLA-DRB107:01,10854.69,ANZ78847,PSPLNWERKTF,354,755.0
1304,HLA-DRB107:01,10861.18,ANZ78847,WPWYVWLLICL,1304,756.0
716,HLA-DRB107:01,10888.7,ANZ78847,TRQLQPINYFD,716,757.0
822,HLA-DRB107:01,10903.45,ANZ78847,IDCAAFVCGDY,822,758.0
713,HLA-DRB107:01,10908.17,ANZ78847,NSLTRQLQPIN,713,759.0
120,HLA-DRB107:01,10920.69,ANZ78847,VMYSEFPAITI,120,760.0
1192,HLA-DRB107:01,10921.14,ANZ78847,NNTWMYTGSGY,1192,761.0
70,HLA-DRB107:01,10958.03,ANZ78847,YYPTSGSTYRN,70,762.0
1329,HLA-DRB107:01,10989.33,ANZ78847,CTGCGTSCFKK,1329,763.0
897,HLA-DRB107:01,10998.59,ANZ78847,VLGCLGSECSK,897,764.0
1282,HLA-DRB107:01,11028.15,ANZ78847,IKVLNQSYINL,1282,765.0
965,HLA-DRB107:01,11054.8,ANZ78847,QISGYTLAATS,965,766.0
837,HLA-DRB107:01,11064.85,ANZ78847,SQLVEYGSFCD,837,767.0
1071,HLA-DRB107:01,11139.96,ANZ78847,EILSRLDALEA,1071,768.0
1306,HLA-DRB107:01,11166.16,ANZ78847,WYVWLLICLAG,1306,769.0
1297,HLA-DRB107:01,11192.61,ANZ78847,TYEYYVKWPWY,1297,770.0
901,HLA-DRB107:01,11205.44,ANZ78847,LGSECSKASSR,901,771.0
1347,HLA-DRB107:01,11224.16,ANZ78847,YTGYQELVIKT,1347,772.0
233,HLA-DRB107:01,11226.49,ANZ78847,TGVVTKFLFNV,233,773.0
441,HLA-DRB107:01,11275.28,ANZ78847,YYNLPAANVSV,441,774.0
727,HLA-DRB107:01,11305.8,ANZ78847,SYLGCVVNAYN,727,775.0
117,HLA-DRB107:01,11324.99,ANZ78847,KDGVMYSEFPA,117,776.0
1094,HLA-DRB107:01,11343.69,ANZ78847,TALNAYVSQQL,1094,777.0
868,HLA-DRB107:01,11344.88,ANZ78847,ANSLMNGVTLS,868,778.0
1144,HLA-DRB107:01,11365.39,ANZ78847,LVQNAPYGLYF,1144,779.0
1259,HLA-DRB107:01,11377.58,ANZ78847,LALDYINVTFL,1259,780.0
697,HLA-DRB107:01,11390.88,ANZ78847,EPALLFRNIKC,697,781.0
707,HLA-DRB107:01,11397.95,ANZ78847,CNYVFNNSLTR,707,782.0
188,HLA-DRB107:01,11407.41,ANZ78847,KELWHMDTGVV,188,783.0
414,HLA-DRB107:01,11414.6,ANZ78847,VDLQLGNLGYL,414,784.0
782,HLA-DRB107:01,11422.71,ANZ78847,VNSVNDSLEPV,782,785.0
457,HLA-DRB107:01,11429.46,ANZ78847,STWNKRFGFIE,457,786.0
1000,HLA-DRB107:01,11471.14,ANZ78847,GLGVTMDVLSQ,1000,787.0
1317,HLA-DRB107:01,11513.36,ANZ78847,VAMLVLLFFIC,1317,788.0
1336,HLA-DRB107:01,11536.33,ANZ78847,CFKKCGGCCDD,1336,789.0
936,HLA-DRB107:01,11545.56,ANZ78847,CTGGAEIRDLI,936,790.0
651,HLA-DRB107:01,11550.49,ANZ78847,YNSWQNLLYDS,651,791.0
104,HLA-DRB107:01,11583.21,ANZ78847,NGIFAKVKNTK,104,792.0
842,HLA-DRB107:01,11615.28,ANZ78847,YGSFCDNINAI,842,793.0
1023,HLA-DRB107:01,11623.89,ANZ78847,LDAIQEGFDAT,1023,794.0
645,HLA-DRB107:01,11643.58,ANZ78847,EVNATYYNSWQ,645,795.0
452,HLA-DRB107:01,11667.22,ANZ78847,SRFNPSTWNKR,452,796.0
918,HLA-DRB107:01,11668.63,ANZ78847,LFDKVKLSDVG,918,797.0
862,HLA-DRB107:01,11670.41,ANZ78847,TTQLQVANSLM,862,798.0
419,HLA-DRB107:01,11686.58,ANZ78847,GNLGYLQSFNY,419,799.0
232,HLA-DRB107:01,11712.0,ANZ78847,DTGVVTKFLFN,232,800.0
357,HLA-DRB107:01,11725.54,ANZ78847,LNWERKTFSNC,357,801.0
559,HLA-DRB107:01,11730.87,ANZ78847,HCSGLAVKSDY,559,802.0
1325,HLA-DRB107:01,11754.35,ANZ78847,FICCCTGCGTS,1325,803.0
353,HLA-DRB107:01,11759.1,ANZ78847,VPSPLNWERKT,353,804.0
1037,HLA-DRB107:01,11769.06,ANZ78847,LVKIQAVVNAN,1037,805.0
1085,HLA-DRB107:01,11773.64,ANZ78847,IDRLINGRLTA,1085,806.0
119,HLA-DRB107:01,11844.85,ANZ78847,GVMYSEFPAIT,119,807.0
265,HLA-DRB107:01,11850.58,ANZ78847,IGFTLEYWVTP,265,808.0
1143,HLA-DRB107:01,11967.08,ANZ78847,SLVQNAPYGLY,1143,809.0
685,HLA-DRB107:01,11979.57,ANZ78847,GRVSAAFHANS,685,810.0
53,HLA-DRB107:01,11987.05,ANZ78847,YYVLDRVYLNT,53,811.0
763,HLA-DRB107:01,12004.74,ANZ78847,RSRRAITTGYR,763,812.0
377,HLA-DRB107:01,12046.95,ANZ78847,FIQADSFTCNN,377,813.0
1168,HLA-DRB107:01,12078.35,ANZ78847,KVSPGLCIAGD,1168,814.0
1295,HLA-DRB107:01,12114.6,ANZ78847,IGTYEYYVKWP,1295,815.0
1148,HLA-DRB107:01,12152.23,ANZ78847,APYGLYFIHFS,1148,816.0
35,HLA-DRB107:01,12199.36,ANZ78847,GPPSISTATVD,35,817.0
282,HLA-DRB107:01,12238.96,ANZ78847,LLAFNQDGIIF,282,818.0
209,HLA-DRB107:01,12246.04,ANZ78847,DVNATYLYFHF,209,819.0
797,HLA-DRB107:01,12351.29,ANZ78847,EIQIPSDFTIG,797,820.0
1021,HLA-DRB107:01,12364.59,ANZ78847,NALDAIQEGFD,1021,821.0
351,HLA-DRB107:01,12369.25,ANZ78847,KSVPSPLNWER,351,822.0
844,HLA-DRB107:01,12394.74,ANZ78847,SFCDNINAILT,844,823.0
348,HLA-DRB107:01,12406.71,ANZ78847,LNDKSVPSPLN,348,824.0
222,HLA-DRB107:01,12428.08,ANZ78847,EGGTFYAYFTD,222,825.0
1040,HLA-DRB107:01,12449.11,ANZ78847,IQAVVNANAEA,1040,826.0
426,HLA-DRB107:01,12450.16,ANZ78847,SFNYRIDTTAT,426,827.0
94,HLA-DRB107:01,12458.65,ANZ78847,FKPPFLSDFIN,94,828.0
996,HLA-DRB107:01,12461.82,ANZ78847,YRINGLGVTMD,996,829.0
292,HLA-DRB107:01,12486.52,ANZ78847,FNAVDCMSDFM,292,830.0
157,HLA-DRB107:01,12493.47,ANZ78847,KLQGLLEVSVC,157,831.0
309,HLA-DRB107:01,12499.31,ANZ78847,TQSIAPPTGVY,309,832.0
283,HLA-DRB107:01,12512.11,ANZ78847,LAFNQDGIIFN,283,833.0
41,HLA-DRB107:01,12512.55,ANZ78847,TATVDVTNGLG,41,834.0
825,HLA-DRB107:01,12525.62,ANZ78847,AAFVCGDYAAC,825,835.0
684,HLA-DRB107:01,12597.14,ANZ78847,SGRVSAAFHAN,684,836.0
80,HLA-DRB107:01,12604.56,ANZ78847,NMALKGTDKLS,80,837.0
29,HLA-DRB107:01,12674.72,ANZ78847,LNNIDTGPPSI,29,838.0
847,HLA-DRB107:01,12728.05,ANZ78847,DNINAILTEVN,847,839.0
406,HLA-DRB107:01,12753.29,ANZ78847,FAIPNGRKVDL,406,840.0
1323,HLA-DRB107:01,12821.87,ANZ78847,LFFICCCTGCG,1323,841.0
1274,HLA-DRB107:01,12855.25,ANZ78847,EMNRLQEAIKV,1274,842.0
13,HLA-DRB107:01,12867.7,ANZ78847,AVIGDLKCPLD,13,843.0
317,HLA-DRB107:01,12872.87,ANZ78847,GVYELNGYTVQ,317,844.0
787,HLA-DRB107:01,12881.01,ANZ78847,DSLEPVGGLYE,787,845.0
535,HLA-DRB107:01,12889.69,ANZ78847,NPDPITFTGPY,535,846.0
1346,HLA-DRB107:01,12941.69,ANZ78847,DYTGYQELVIK,1346,847.0
983,HLA-DRB107:01,12943.19,ANZ78847,TAAAGVPFYLN,983,848.0
1142,HLA-DRB107:01,12963.07,ANZ78847,ISLVQNAPYGL,1142,849.0
769,HLA-DRB107:01,12988.63,ANZ78847,TTGYRFTNFEP,769,850.0
110,HLA-DRB107:01,12988.93,ANZ78847,VKNTKVFKDGV,110,851.0
656,HLA-DRB107:01,13039.99,ANZ78847,NLLYDSNGNLY,656,852.0
1262,HLA-DRB107:01,13088.23,ANZ78847,DYINVTFLDLQ,1262,853.0
1020,HLA-DRB107:01,13094.56,ANZ78847,NNALDAIQEGF,1020,854.0
935,HLA-DRB107:01,13184.33,ANZ78847,NCTGGAEIRDL,935,855.0
688,HLA-DRB107:01,13186.87,ANZ78847,SAAFHANSSEP,688,856.0
20,HLA-DRB107:01,13196.22,ANZ78847,CPLDSRTGSLN,20,857.0
916,HLA-DRB107:01,13210.69,ANZ78847,DLLFDKVKLSD,916,858.0
742,HLA-DRB107:01,13303.87,ANZ78847,SVQTCDLTVGS,742,859.0
1271,HLA-DRB107:01,13351.75,ANZ78847,LQVEMNRLQEA,1271,860.0
1128,HLA-DRB107:01,13432.41,ANZ78847,QSSRINFCGNG,1128,861.0
728,HLA-DRB107:01,13457.05,ANZ78847,YLGCVVNAYNS,728,862.0
581,HLA-DRB107:01,13479.57,ANZ78847,AFLGWSADSCL,581,863.0
1167,HLA-DRB107:01,13492.79,ANZ78847,AKVSPGLCIAG,1167,864.0
249,HLA-DRB107:01,13527.04,ANZ78847,LSHYYVMPLTC,249,865.0
841,HLA-DRB107:01,13542.54,ANZ78847,EYGSFCDNINA,841,866.0
879,HLA-DRB107:01,13582.66,ANZ78847,TKLKDGVNFNV,879,867.0
372,HLA-DRB107:01,13592.58,ANZ78847,SSLMSFIQADS,372,868.0
1081,HLA-DRB107:01,13597.48,ANZ78847,AEAQIDRLING,1081,869.0
1119,HLA-DRB107:01,13615.91,ANZ78847,EKVNECVKSQS,1119,870.0
518,HLA-DRB107:01,13628.75,ANZ78847,IGTCPAGTNYL,518,871.0
631,HLA-DRB107:01,13641.08,ANZ78847,NYDLYGISGQG,631,872.0
943,HLA-DRB107:01,13653.11,ANZ78847,RDLICVQSYKG,943,873.0
729,HLA-DRB107:01,13674.49,ANZ78847,LGCVVNAYNST,729,874.0
493,HLA-DRB107:01,13681.43,ANZ78847,APKNFCPCKSN,493,875.0
1153,HLA-DRB107:01,13697.42,ANZ78847,YFIHFSYVPTK,1153,876.0
1026,HLA-DRB107:01,13702.0,ANZ78847,IQEGFDATNSA,1026,877.0
325,HLA-DRB107:01,13704.69,ANZ78847,TVQPIADVYRR,325,878.0
1106,HLA-DRB107:01,13711.01,ANZ78847,DSTLVKFSAAQ,1106,879.0
121,HLA-DRB107:01,13737.49,ANZ78847,MYSEFPAITIG,121,880.0
992,HLA-DRB107:01,13740.97,ANZ78847,LNVQYRINGLG,992,881.0
316,HLA-DRB107:01,13746.81,ANZ78847,TGVYELNGYTV,316,882.0
694,HLA-DRB107:01,13790.89,ANZ78847,NSSEPALLFRN,694,883.0
896,HLA-DRB107:01,13808.68,ANZ78847,SVLGCLGSECS,896,884.0
364,HLA-DRB107:01,13815.31,ANZ78847,FSNCNFNMSSL,364,885.0
1206,HLA-DRB107:01,13829.95,ANZ78847,EPITENNVVVM,1206,886.0
1115,HLA-DRB107:01,13847.42,ANZ78847,AQAMEKVNECV,1115,887.0
387,HLA-DRB107:01,13879.88,ANZ78847,NIDAAKIYGMC,387,888.0
1116,HLA-DRB107:01,13928.5,ANZ78847,QAMEKVNECVK,1116,889.0
926,HLA-DRB107:01,13953.33,ANZ78847,DVGFVAAYNNC,926,890.0
852,HLA-DRB107:01,13970.96,ANZ78847,ILTEVNELLDT,852,891.0
63,HLA-DRB107:01,14056.76,ANZ78847,TTLFLNGYYPT,63,892.0
327,HLA-DRB107:01,14064.24,ANZ78847,QPIADVYRRKP,327,893.0
337,HLA-DRB107:01,14064.51,ANZ78847,PDLPNCNIEAW,337,894.0
552,HLA-DRB107:01,14090.62,ANZ78847,SLVGIGEHCSG,552,895.0
529,HLA-DRB107:01,14091.96,ANZ78847,TCHNLCNPDPI,529,896.0
140,HLA-DRB107:01,14103.54,ANZ78847,SVVVQPRTINS,140,897.0
658,HLA-DRB107:01,14129.98,ANZ78847,LYDSNGNLYGF,658,898.0
228,HLA-DRB107:01,14151.49,ANZ78847,AYFTDTGVVTK,228,899.0
1112,HLA-DRB107:01,14154.77,ANZ78847,FSAAQAMEKVN,1112,900.0
1239,HLA-DRB107:01,14181.63,ANZ78847,PDFREELDQWF,1239,901.0
931,HLA-DRB107:01,14186.41,ANZ78847,AAYNNCTGGAE,931,902.0
1197,HLA-DRB107:01,14187.82,ANZ78847,YTGSGYYYPEP,1197,903.0
315,HLA-DRB107:01,14190.07,ANZ78847,PTGVYELNGYT,315,904.0
1231,HLA-DRB107:01,14252.79,ANZ78847,LNTSIPNLPDF,1231,905.0
1217,HLA-DRB107:01,14320.89,ANZ78847,STCAVNYTKAP,1217,906.0
1208,HLA-DRB107:01,14375.52,ANZ78847,ITENNVVVMST,1208,907.0
1189,HLA-DRB107:01,14395.87,ANZ78847,VNVNNTWMYTG,1189,908.0
884,HLA-DRB107:01,14397.6,ANZ78847,GVNFNVDDINF,884,909.0
662,HLA-DRB107:01,14422.03,ANZ78847,NGNLYGFRDYL,662,910.0
285,HLA-DRB107:01,14439.94,ANZ78847,FNQDGIIFNAV,285,911.0
333,HLA-DRB107:01,14443.21,ANZ78847,YRRKPDLPNCN,333,912.0
1126,HLA-DRB107:01,14468.53,ANZ78847,KSQSSRINFCG,1126,913.0
478,HLA-DRB107:01,14525.01,ANZ78847,VLTNHDVVYAQ,478,914.0
362,HLA-DRB107:01,14551.45,ANZ78847,KTFSNCNFNMS,362,915.0
388,HLA-DRB107:01,14558.96,ANZ78847,IDAAKIYGMCF,388,916.0
826,HLA-DRB107:01,14605.68,ANZ78847,AFVCGDYAACK,826,917.0
165,HLA-DRB107:01,14621.86,ANZ78847,SVCQYNMCEYP,165,918.0
432,HLA-DRB107:01,14637.96,ANZ78847,DTTATSCQLYY,432,919.0
657,HLA-DRB107:01,14647.82,ANZ78847,LLYDSNGNLYG,657,920.0
234,HLA-DRB107:01,14662.87,ANZ78847,GVVTKFLFNVY,234,921.0
976,HLA-DRB107:01,14686.98,ANZ78847,ASLFPPWTAAA,976,922.0
929,HLA-DRB107:01,14737.91,ANZ78847,FVAAYNNCTGG,929,923.0
636,HLA-DRB107:01,14746.2,ANZ78847,GISGQGIFVEV,636,924.0
210,HLA-DRB107:01,14777.65,ANZ78847,VNATYLYFHFY,210,925.0
326,HLA-DRB107:01,14784.67,ANZ78847,VQPIADVYRRK,326,926.0
503,HLA-DRB107:01,14809.98,ANZ78847,NSSLCVGSGPG,503,927.0
1289,HLA-DRB107:01,14831.46,ANZ78847,YINLKDIGTYE,1289,928.0
791,HLA-DRB107:01,14833.77,ANZ78847,PVGGLYEIQIP,791,929.0
1043,HLA-DRB107:01,14844.43,ANZ78847,VVNANAEALNN,1043,930.0
718,HLA-DRB107:01,14863.88,ANZ78847,QLQPINYFDSY,718,931.0
167,HLA-DRB107:01,14864.77,ANZ78847,CQYNMCEYPHT,167,932.0
827,HLA-DRB107:01,14880.29,ANZ78847,FVCGDYAACKS,827,933.0
1240,HLA-DRB107:01,14921.45,ANZ78847,DFREELDQWFK,1240,934.0
572,HLA-DRB107:01,14989.99,ANZ78847,GNPCTCQPQAF,572,935.0
939,HLA-DRB107:01,15007.91,ANZ78847,GAEIRDLICVQ,939,936.0
550,HLA-DRB107:01,15028.38,ANZ78847,SKSLVGIGEHC,550,937.0
458,HLA-DRB107:01,15042.6,ANZ78847,TWNKRFGFIED,458,938.0
960,HLA-DRB107:01,15099.13,ANZ78847,LLSENQISGYT,960,939.0
628,HLA-DRB107:01,15104.36,ANZ78847,VCVNYDLYGIS,628,940.0
997,HLA-DRB107:01,15107.62,ANZ78847,RINGLGVTMDV,997,941.0
1053,HLA-DRB107:01,15148.68,ANZ78847,NLLQQLSNRFG,1053,942.0
496,HLA-DRB107:01,15149.45,ANZ78847,NFCPCKSNSSL,496,943.0
717,HLA-DRB107:01,15161.79,ANZ78847,RQLQPINYFDS,717,944.0
877,HLA-DRB107:01,15163.55,ANZ78847,LSTKLKDGVNF,877,945.0
198,HLA-DRB107:01,15175.14,ANZ78847,VSCLYKRNFTY,198,946.0
580,HLA-DRB107:01,15202.97,ANZ78847,QAFLGWSADSC,580,947.0
469,HLA-DRB107:01,15206.79,ANZ78847,SVFKPQPAGVL,469,948.0
75,HLA-DRB107:01,15216.12,ANZ78847,GSTYRNMALKG,75,949.0
31,HLA-DRB107:01,15217.7,ANZ78847,NIDTGPPSIST,31,950.0
413,HLA-DRB107:01,15226.69,ANZ78847,KVDLQLGNLGY,413,951.0
217,HLA-DRB107:01,15228.99,ANZ78847,FHFYQEGGTFY,217,952.0
163,HLA-DRB107:01,15336.62,ANZ78847,EVSVCQYNMCE,163,953.0
501,HLA-DRB107:01,15388.34,ANZ78847,KSNSSLCVGSG,501,954.0
1322,HLA-DRB107:01,15405.48,ANZ78847,LLFFICCCTGC,1322,955.0
888,HLA-DRB107:01,15452.43,ANZ78847,NVDDINFSSVL,888,956.0
69,HLA-DRB107:01,15518.25,ANZ78847,GYYPTSGSTYR,69,957.0
835,HLA-DRB107:01,15565.65,ANZ78847,CKSQLVEYGSF,835,958.0
358,HLA-DRB107:01,15598.56,ANZ78847,NWERKTFSNCN,358,959.0
1097,HLA-DRB107:01,15658.39,ANZ78847,NAYVSQQLSDS,1097,960.0
619,HLA-DRB107:01,15694.94,ANZ78847,KANTDIKLGVC,619,961.0
279,HLA-DRB107:01,15729.25,ANZ78847,RQYLLAFNQDG,279,962.0
616,HLA-DRB107:01,15746.37,ANZ78847,DLQKANTDIKL,616,963.0
296,HLA-DRB107:01,15871.61,ANZ78847,DCMSDFMSEIK,296,964.0
451,HLA-DRB107:01,15906.57,ANZ78847,VSRFNPSTWNK,451,965.0
376,HLA-DRB107:01,15952.27,ANZ78847,SFIQADSFTCN,376,966.0
1276,HLA-DRB107:01,15970.57,ANZ78847,NRLQEAIKVLN,1276,967.0
611,HLA-DRB107:01,15984.65,ANZ78847,LTCSTDLQKAN,611,968.0
911,HLA-DRB107:01,16030.05,ANZ78847,RSAIEDLLFDK,911,969.0
833,HLA-DRB107:01,16042.46,ANZ78847,AACKSQLVEYG,833,970.0
1337,HLA-DRB107:01,16060.04,ANZ78847,FKKCGGCCDDY,1337,971.0
601,HLA-DRB107:01,16064.32,ANZ78847,NLILHDVNSGL,601,972.0
1198,HLA-DRB107:01,16082.33,ANZ78847,TGSGYYYPEPI,1198,973.0
62,HLA-DRB107:01,16143.91,ANZ78847,NTTLFLNGYYP,62,974.0
286,HLA-DRB107:01,16192.37,ANZ78847,NQDGIIFNAVD,286,975.0
420,HLA-DRB107:01,16225.02,ANZ78847,NLGYLQSFNYR,420,976.0
277,HLA-DRB107:01,16261.36,ANZ78847,TSRQYLLAFNQ,277,977.0
1191,HLA-DRB107:01,16280.83,ANZ78847,VNNTWMYTGSG,1191,978.0
1264,HLA-DRB107:01,16310.97,ANZ78847,INVTFLDLQVE,1264,979.0
401,HLA-DRB107:01,16318.73,ANZ78847,ITIDKFAIPNG,401,980.0
1177,HLA-DRB107:01,16397.55,ANZ78847,GDRGIAPKSGY,1177,981.0
799,HLA-DRB107:01,16408.1,ANZ78847,QIPSDFTIGNM,799,982.0
880,HLA-DRB107:01,16437.4,ANZ78847,KLKDGVNFNVD,880,983.0
1170,HLA-DRB107:01,16453.67,ANZ78847,SPGLCIAGDRG,1170,984.0
612,HLA-DRB107:01,16465.21,ANZ78847,TCSTDLQKANT,612,985.0
152,HLA-DRB107:01,16504.07,ANZ78847,QDGVNKLQGLL,152,986.0
352,HLA-DRB107:01,16601.17,ANZ78847,SVPSPLNWERK,352,987.0
618,HLA-DRB107:01,16641.17,ANZ78847,QKANTDIKLGV,618,988.0
883,HLA-DRB107:01,16660.56,ANZ78847,DGVNFNVDDIN,883,989.0
1243,HLA-DRB107:01,16667.54,ANZ78847,EELDQWFKNQT,1243,990.0
287,HLA-DRB107:01,16681.21,ANZ78847,QDGIIFNAVDC,287,991.0
561,HLA-DRB107:01,16685.95,ANZ78847,SGLAVKSDYCG,561,992.0
425,HLA-DRB107:01,16698.58,ANZ78847,QSFNYRIDTTA,425,993.0
566,HLA-DRB107:01,16714.74,ANZ78847,KSDYCGGNPCT,566,994.0
789,HLA-DRB107:01,16839.62,ANZ78847,LEPVGGLYEIQ,789,995.0
335,HLA-DRB107:01,16878.24,ANZ78847,RKPDLPNCNIE,335,996.0
415,HLA-DRB107:01,16949.36,ANZ78847,DLQLGNLGYLQ,415,997.0
617,HLA-DRB107:01,17007.86,ANZ78847,LQKANTDIKLG,617,998.0
400,HLA-DRB107:01,17080.54,ANZ78847,SITIDKFAIPN,400,999.0
749,HLA-DRB107:01,17083.42,ANZ78847,TVGSGYCVDYS,749,1000.0
417,HLA-DRB107:01,17088.51,ANZ78847,QLGNLGYLQSF,417,1001.0
200,HLA-DRB107:01,17097.99,ANZ78847,CLYKRNFTYDV,200,1002.0
48,HLA-DRB107:01,17135.78,ANZ78847,NGLGTYYVLDR,48,1003.0
1176,HLA-DRB107:01,17146.6,ANZ78847,AGDRGIAPKSG,1176,1004.0
1290,HLA-DRB107:01,17188.27,ANZ78847,INLKDIGTYEY,1290,1005.0
34,HLA-DRB107:01,17240.9,ANZ78847,TGPPSISTATV,34,1006.0
1008,HLA-DRB107:01,17269.78,ANZ78847,LSQNQKLIANA,1008,1007.0
583,HLA-DRB107:01,17317.24,ANZ78847,LGWSADSCLQG,583,1008.0
330,HLA-DRB107:01,17343.85,ANZ78847,ADVYRRKPDLP,330,1009.0
562,HLA-DRB107:01,17367.31,ANZ78847,GLAVKSDYCGG,562,1010.0
781,HLA-DRB107:01,17387.18,ANZ78847,TVNSVNDSLEP,781,1011.0
1273,HLA-DRB107:01,17397.71,ANZ78847,VEMNRLQEAIK,1273,1012.0
603,HLA-DRB107:01,17411.54,ANZ78847,ILHDVNSGLTC,603,1013.0
1255,HLA-DRB107:01,17440.13,ANZ78847,VAPDLALDYIN,1255,1014.0
226,HLA-DRB107:01,17463.95,ANZ78847,FYAYFTDTGVV,226,1015.0
1224,HLA-DRB107:01,17484.24,ANZ78847,TKAPYVMLNTS,1224,1016.0
659,HLA-DRB107:01,17515.5,ANZ78847,YDSNGNLYGFR,659,1017.0
834,HLA-DRB107:01,17536.28,ANZ78847,ACKSQLVEYGS,834,1018.0
859,HLA-DRB107:01,17568.45,ANZ78847,LLDTTQLQVAN,859,1019.0
1158,HLA-DRB107:01,17580.78,ANZ78847,SYVPTKYVTAK,1158,1020.0
719,HLA-DRB107:01,17606.47,ANZ78847,LQPINYFDSYL,719,1021.0
190,HLA-DRB107:01,17617.06,ANZ78847,LWHMDTGVVSC,190,1022.0
579,HLA-DRB107:01,17636.15,ANZ78847,PQAFLGWSADS,579,1023.0
293,HLA-DRB107:01,17653.25,ANZ78847,NAVDCMSDFMS,293,1024.0
111,HLA-DRB107:01,17709.85,ANZ78847,KNTKVFKDGVM,111,1025.0
1277,HLA-DRB107:01,17717.39,ANZ78847,RLQEAIKVLNQ,1277,1026.0
864,HLA-DRB107:01,17727.52,ANZ78847,QLQVANSLMNG,864,1027.0
938,HLA-DRB107:01,17748.73,ANZ78847,GGAEIRDLICV,938,1028.0
52,HLA-DRB107:01,17763.62,ANZ78847,TYYVLDRVYLN,52,1029.0
67,HLA-DRB107:01,17768.04,ANZ78847,LNGYYPTSGST,67,1030.0
363,HLA-DRB107:01,17797.92,ANZ78847,TFSNCNFNMSS,363,1031.0
314,HLA-DRB107:01,17880.39,ANZ78847,PPTGVYELNGY,314,1032.0
978,HLA-DRB107:01,17918.57,ANZ78847,LFPPWTAAAGV,978,1033.0
153,HLA-DRB107:01,17937.93,ANZ78847,DGVNKLQGLLE,153,1034.0
342,HLA-DRB107:01,18014.37,ANZ78847,CNIEAWLNDKS,342,1035.0
442,HLA-DRB107:01,18024.88,ANZ78847,YNLPAANVSVS,442,1036.0
33,HLA-DRB107:01,18132.64,ANZ78847,DTGPPSISTAT,33,1037.0
687,HLA-DRB107:01,18188.61,ANZ78847,VSAAFHANSSE,687,1038.0
155,HLA-DRB107:01,18221.65,ANZ78847,VNKLQGLLEVS,155,1039.0
221,HLA-DRB107:01,18237.3,ANZ78847,QEGGTFYAYFT,221,1040.0
311,HLA-DRB107:01,18239.45,ANZ78847,SIAPPTGVYEL,311,1041.0
809,HLA-DRB107:01,18306.82,ANZ78847,MEEFIQTSSPK,809,1042.0
144,HLA-DRB107:01,18381.76,ANZ78847,QPRTINSTQDG,144,1043.0
924,HLA-DRB107:01,18469.85,ANZ78847,LSDVGFVAAYN,924,1044.0
495,HLA-DRB107:01,18488.03,ANZ78847,KNFCPCKSNSS,495,1045.0
356,HLA-DRB107:01,18498.32,ANZ78847,PLNWERKTFSN,356,1046.0
472,HLA-DRB107:01,18601.75,ANZ78847,KPQPAGVLTNH,472,1047.0
1049,HLA-DRB107:01,18628.54,ANZ78847,EALNNLLQQLS,1049,1048.0
24,HLA-DRB107:01,18697.96,ANZ78847,SRTGSLNNIDT,24,1049.0
915,HLA-DRB107:01,18765.6,ANZ78847,EDLLFDKVKLS,915,1050.0
574,HLA-DRB107:01,18766.38,ANZ78847,PCTCQPQAFLG,574,1051.0
1078,HLA-DRB107:01,18768.7,ANZ78847,ALEAEAQIDRL,1078,1052.0
840,HLA-DRB107:01,18797.72,ANZ78847,VEYGSFCDNIN,840,1053.0
741,HLA-DRB107:01,18846.25,ANZ78847,ISVQTCDLTVG,741,1054.0
113,HLA-DRB107:01,18884.99,ANZ78847,TKVFKDGVMYS,113,1055.0
592,HLA-DRB107:01,18887.46,ANZ78847,QGDKCNIFANL,592,1056.0
450,HLA-DRB107:01,18917.56,ANZ78847,SVSRFNPSTWN,450,1057.0
308,HLA-DRB107:01,18919.78,ANZ78847,KTQSIAPPTGV,308,1058.0
961,HLA-DRB107:01,18960.12,ANZ78847,LSENQISGYTL,961,1059.0
346,HLA-DRB107:01,18986.6,ANZ78847,AWLNDKSVPSP,346,1060.0
530,HLA-DRB107:01,18989.98,ANZ78847,CHNLCNPDPIT,530,1061.0
974,HLA-DRB107:01,18993.57,ANZ78847,TSASLFPPWTA,974,1062.0
1169,HLA-DRB107:01,19041.42,ANZ78847,VSPGLCIAGDR,1169,1063.0
704,HLA-DRB107:01,19052.02,ANZ78847,NIKCNYVFNNS,704,1064.0
522,HLA-DRB107:01,19096.71,ANZ78847,PAGTNYLTCHN,522,1065.0
516,HLA-DRB107:01,19118.97,ANZ78847,NGIGTCPAGTN,516,1066.0
307,HLA-DRB107:01,19123.63,ANZ78847,CKTQSIAPPTG,307,1067.0
294,HLA-DRB107:01,19182.51,ANZ78847,AVDCMSDFMSE,294,1068.0
142,HLA-DRB107:01,19185.22,ANZ78847,VVQPRTINSTQ,142,1069.0
630,HLA-DRB107:01,19197.46,ANZ78847,VNYDLYGISGQ,630,1070.0
708,HLA-DRB107:01,19198.17,ANZ78847,NYVFNNSLTRQ,708,1071.0
459,HLA-DRB107:01,19210.99,ANZ78847,WNKRFGFIEDS,459,1072.0
433,HLA-DRB107:01,19277.76,ANZ78847,TTATSCQLYYN,433,1073.0
1326,HLA-DRB107:01,19311.75,ANZ78847,ICCCTGCGTSC,1326,1074.0
223,HLA-DRB107:01,19327.75,ANZ78847,GGTFYAYFTDT,223,1075.0
856,HLA-DRB107:01,19348.24,ANZ78847,VNELLDTTQLQ,856,1076.0
909,HLA-DRB107:01,19358.63,ANZ78847,SSRSAIEDLLF,909,1077.0
74,HLA-DRB107:01,19446.03,ANZ78847,SGSTYRNMALK,74,1078.0
502,HLA-DRB107:01,19497.77,ANZ78847,SNSSLCVGSGP,502,1079.0
536,HLA-DRB107:01,19548.24,ANZ78847,PDPITFTGPYK,536,1080.0
786,HLA-DRB107:01,19582.72,ANZ78847,NDSLEPVGGLY,786,1081.0
792,HLA-DRB107:01,19633.07,ANZ78847,VGGLYEIQIPS,792,1082.0
843,HLA-DRB107:01,19692.33,ANZ78847,GSFCDNINAIL,843,1083.0
714,HLA-DRB107:01,19696.17,ANZ78847,SLTRQLQPINY,714,1084.0
328,HLA-DRB107:01,19696.98,ANZ78847,PIADVYRRKPD,328,1085.0
1203,HLA-DRB107:01,19767.51,ANZ78847,YYPEPITENNV,1203,1086.0
1173,HLA-DRB107:01,19784.57,ANZ78847,LCIAGDRGIAP,1173,1087.0
885,HLA-DRB107:01,19887.9,ANZ78847,VNFNVDDINFS,885,1088.0
186,HLA-DRB107:01,19950.31,ANZ78847,HFKELWHMDTG,186,1089.0
341,HLA-DRB107:01,20016.83,ANZ78847,NCNIEAWLNDK,341,1090.0
860,HLA-DRB107:01,20062.14,ANZ78847,LDTTQLQVANS,860,1091.0
1207,HLA-DRB107:01,20080.01,ANZ78847,PITENNVVVMS,1207,1092.0
508,HLA-DRB107:01,20095.64,ANZ78847,VGSGPGKNNGI,508,1093.0
759,HLA-DRB107:01,20105.8,ANZ78847,SKNRRSRRAIT,759,1094.0
434,HLA-DRB107:01,20152.15,ANZ78847,TATSCQLYYNL,434,1095.0
109,HLA-DRB107:01,20155.4,ANZ78847,KVKNTKVFKDG,109,1096.0
853,HLA-DRB107:01,20214.84,ANZ78847,LTEVNELLDTT,853,1097.0
959,HLA-DRB107:01,20221.92,ANZ78847,PLLSENQISGY,959,1098.0
1269,HLA-DRB107:01,20225.13,ANZ78847,LDLQVEMNRLQ,1269,1099.0
914,HLA-DRB107:01,20240.66,ANZ78847,IEDLLFDKVKL,914,1100.0
276,HLA-DRB107:01,20304.83,ANZ78847,LTSRQYLLAFN,276,1101.0
147,HLA-DRB107:01,20341.47,ANZ78847,TINSTQDGVNK,147,1102.0
798,HLA-DRB107:01,20372.93,ANZ78847,IQIPSDFTIGN,798,1103.0
625,HLA-DRB107:01,20417.35,ANZ78847,KLGVCVNYDLY,625,1104.0
1019,HLA-DRB107:01,20446.48,ANZ78847,FNNALDAIQEG,1019,1105.0
576,HLA-DRB107:01,20534.63,ANZ78847,TCQPQAFLGWS,576,1106.0
881,HLA-DRB107:01,20603.75,ANZ78847,LKDGVNFNVDD,881,1107.0
1288,HLA-DRB107:01,20609.52,ANZ78847,SYINLKDIGTY,1288,1108.0
148,HLA-DRB107:01,20613.4,ANZ78847,INSTQDGVNKL,148,1109.0
1114,HLA-DRB107:01,20620.1,ANZ78847,AAQAMEKVNEC,1114,1110.0
1073,HLA-DRB107:01,20626.85,ANZ78847,LSRLDALEAEA,1073,1111.0
1256,HLA-DRB107:01,20697.58,ANZ78847,APDLALDYINV,1256,1112.0
439,HLA-DRB107:01,20754.93,ANZ78847,QLYYNLPAANV,439,1113.0
778,HLA-DRB107:01,20797.97,ANZ78847,EPFTVNSVNDS,778,1114.0
925,HLA-DRB107:01,20815.92,ANZ78847,SDVGFVAAYNN,925,1115.0
807,HLA-DRB107:01,20846.68,ANZ78847,GNMEEFIQTSS,807,1116.0
861,HLA-DRB107:01,21018.38,ANZ78847,DTTQLQVANSL,861,1117.0
730,HLA-DRB107:01,21029.03,ANZ78847,GCVVNAYNSTA,730,1118.0
1135,HLA-DRB107:01,21135.66,ANZ78847,CGNGNHIISLV,1135,1119.0
436,HLA-DRB107:01,21137.17,ANZ78847,TSCQLYYNLPA,436,1120.0
863,HLA-DRB107:01,21154.17,ANZ78847,TQLQVANSLMN,863,1121.0
1199,HLA-DRB107:01,21292.02,ANZ78847,GSGYYYPEPIT,1199,1122.0
806,HLA-DRB107:01,21366.36,ANZ78847,IGNMEEFIQTS,806,1123.0
1294,HLA-DRB107:01,21469.35,ANZ78847,DIGTYEYYVKW,1294,1124.0
693,HLA-DRB107:01,21487.74,ANZ78847,ANSSEPALLFR,693,1125.0
1209,HLA-DRB107:01,21508.96,ANZ78847,TENNVVVMSTC,1209,1126.0
15,HLA-DRB107:01,21521.52,ANZ78847,IGDLKCPLDSR,15,1127.0
855,HLA-DRB107:01,21560.24,ANZ78847,EVNELLDTTQL,855,1128.0
175,HLA-DRB107:01,21668.25,ANZ78847,PHTICHPNLGN,175,1129.0
1284,HLA-DRB107:01,21694.27,ANZ78847,VLNQSYINLKD,1284,1130.0
1099,HLA-DRB107:01,21702.59,ANZ78847,YVSQQLSDSTL,1099,1131.0
991,HLA-DRB107:01,21756.52,ANZ78847,YLNVQYRINGL,991,1132.0
201,HLA-DRB107:01,21787.75,ANZ78847,LYKRNFTYDVN,201,1133.0
1344,HLA-DRB107:01,21795.7,ANZ78847,CDDYTGYQELV,1344,1134.0
168,HLA-DRB107:01,21844.5,ANZ78847,QYNMCEYPHTI,168,1135.0
189,HLA-DRB107:01,21859.12,ANZ78847,ELWHMDTGVVS,189,1136.0
177,HLA-DRB107:01,21880.57,ANZ78847,TICHPNLGNHF,177,1137.0
424,HLA-DRB107:01,21996.02,ANZ78847,LQSFNYRIDTT,424,1138.0
40,HLA-DRB107:01,22046.32,ANZ78847,STATVDVTNGL,40,1139.0
408,HLA-DRB107:01,22115.62,ANZ78847,IPNGRKVDLQL,408,1140.0
553,HLA-DRB107:01,22160.32,ANZ78847,LVGIGEHCSGL,553,1141.0
721,HLA-DRB107:01,22228.06,ANZ78847,PINYFDSYLGC,721,1142.0
666,HLA-DRB107:01,22243.77,ANZ78847,YGFRDYLTNRT,666,1143.0
179,HLA-DRB107:01,22324.5,ANZ78847,CHPNLGNHFKE,179,1144.0
774,HLA-DRB107:01,22441.73,ANZ78847,FTNFEPFTVNS,774,1145.0
575,HLA-DRB107:01,22464.35,ANZ78847,CTCQPQAFLGW,575,1146.0
1118,HLA-DRB107:01,22506.89,ANZ78847,MEKVNECVKSQ,1118,1147.0
686,HLA-DRB107:01,22512.46,ANZ78847,RVSAAFHANSS,686,1148.0
64,HLA-DRB107:01,22516.1,ANZ78847,TLFLNGYYPTS,64,1149.0
720,HLA-DRB107:01,22525.83,ANZ78847,QPINYFDSYLG,720,1150.0
1117,HLA-DRB107:01,22711.67,ANZ78847,AMEKVNECVKS,1117,1151.0
975,HLA-DRB107:01,22732.83,ANZ78847,SASLFPPWTAA,975,1152.0
1065,HLA-DRB107:01,22820.61,ANZ78847,ISSSLQEILSR,1065,1153.0
402,HLA-DRB107:01,22831.9,ANZ78847,TIDKFAIPNGR,402,1154.0
887,HLA-DRB107:01,22837.5,ANZ78847,FNVDDINFSSV,887,1155.0
181,HLA-DRB107:01,22896.83,ANZ78847,PNLGNHFKELW,181,1156.0
705,HLA-DRB107:01,22965.35,ANZ78847,IKCNYVFNNSL,705,1157.0
586,HLA-DRB107:01,22979.76,ANZ78847,SADSCLQGDKC,586,1158.0
492,HLA-DRB107:01,23011.59,ANZ78847,KAPKNFCPCKS,492,1159.0
54,HLA-DRB107:01,23167.22,ANZ78847,YVLDRVYLNTT,54,1160.0
91,HLA-DRB107:01,23239.06,ANZ78847,TLWFKPPFLSD,91,1161.0
912,HLA-DRB107:01,23248.92,ANZ78847,SAIEDLLFDKV,912,1162.0
1257,HLA-DRB107:01,23423.3,ANZ78847,PDLALDYINVT,1257,1163.0
169,HLA-DRB107:01,23459.23,ANZ78847,YNMCEYPHTIC,169,1164.0
517,HLA-DRB107:01,23461.25,ANZ78847,GIGTCPAGTNY,517,1165.0
95,HLA-DRB107:01,23523.68,ANZ78847,KPPFLSDFING,95,1166.0
886,HLA-DRB107:01,23595.75,ANZ78847,NFNVDDINFSS,886,1167.0
82,HLA-DRB107:01,23694.39,ANZ78847,ALKGTDKLSTL,82,1168.0
838,HLA-DRB107:01,23698.87,ANZ78847,QLVEYGSFCDN,838,1169.0
14,HLA-DRB107:01,23749.75,ANZ78847,VIGDLKCPLDS,14,1170.0
585,HLA-DRB107:01,23757.53,ANZ78847,WSADSCLQGDK,585,1171.0
521,HLA-DRB107:01,23764.44,ANZ78847,CPAGTNYLTCH,521,1172.0
1147,HLA-DRB107:01,23789.06,ANZ78847,NAPYGLYFIHF,1147,1173.0
1072,HLA-DRB107:01,23800.49,ANZ78847,ILSRLDALEAE,1072,1174.0
587,HLA-DRB107:01,23822.45,ANZ78847,ADSCLQGDKCN,587,1175.0
1321,HLA-DRB107:01,23837.28,ANZ78847,VLLFFICCCTG,1321,1176.0
485,HLA-DRB107:01,23872.02,ANZ78847,VYAQHCFKAPK,485,1177.0
1258,HLA-DRB107:01,23905.18,ANZ78847,DLALDYINVTF,1258,1178.0
613,HLA-DRB107:01,23952.07,ANZ78847,CSTDLQKANTD,613,1179.0
913,HLA-DRB107:01,23964.36,ANZ78847,AIEDLLFDKVK,913,1180.0
1318,HLA-DRB107:01,23969.63,ANZ78847,AMLVLLFFICC,1318,1181.0
1245,HLA-DRB107:01,24003.51,ANZ78847,LDQWFKNQTSV,1245,1182.0
512,HLA-DRB107:01,24120.13,ANZ78847,PGKNNGIGTCP,512,1183.0
519,HLA-DRB107:01,24170.87,ANZ78847,GTCPAGTNYLT,519,1184.0
151,HLA-DRB107:01,24233.13,ANZ78847,TQDGVNKLQGL,151,1185.0
876,HLA-DRB107:01,24521.58,ANZ78847,TLSTKLKDGVN,876,1186.0
954,HLA-DRB107:01,24554.61,ANZ78847,IKVLPPLLSEN,954,1187.0
418,HLA-DRB107:01,24614.23,ANZ78847,LGNLGYLQSFN,418,1188.0
78,HLA-DRB107:01,24635.76,ANZ78847,YRNMALKGTDK,78,1189.0
977,HLA-DRB107:01,24638.09,ANZ78847,SLFPPWTAAAG,977,1190.0
90,HLA-DRB107:01,24653.47,ANZ78847,STLWFKPPFLS,90,1191.0
629,HLA-DRB107:01,24761.3,ANZ78847,CVNYDLYGISG,629,1192.0
199,HLA-DRB107:01,24762.65,ANZ78847,SCLYKRNFTYD,199,1193.0
1241,HLA-DRB107:01,24888.63,ANZ78847,FREELDQWFKN,1241,1194.0
615,HLA-DRB107:01,24905.1,ANZ78847,TDLQKANTDIK,615,1195.0
412,HLA-DRB107:01,25000.34,ANZ78847,RKVDLQLGNLG,412,1196.0
895,HLA-DRB107:01,25045.77,ANZ78847,SSVLGCLGSEC,895,1197.0
520,HLA-DRB107:01,25096.38,ANZ78847,TCPAGTNYLTC,520,1198.0
443,HLA-DRB107:01,25154.5,ANZ78847,NLPAANVSVSR,443,1199.0
331,HLA-DRB107:01,25247.18,ANZ78847,DVYRRKPDLPN,331,1200.0
565,HLA-DRB107:01,25345.6,ANZ78847,VKSDYCGGNPC,565,1201.0
878,HLA-DRB107:01,25363.22,ANZ78847,STKLKDGVNFN,878,1202.0
1035,HLA-DRB107:01,25435.4,ANZ78847,SALVKIQAVVN,1035,1203.0
528,HLA-DRB107:01,25470.52,ANZ78847,LTCHNLCNPDP,528,1204.0
180,HLA-DRB107:01,25571.11,ANZ78847,HPNLGNHFKEL,180,1205.0
27,HLA-DRB107:01,25574.8,ANZ78847,GSLNNIDTGPP,27,1206.0
626,HLA-DRB107:01,25593.93,ANZ78847,LGVCVNYDLYG,626,1207.0
1129,HLA-DRB107:01,25781.59,ANZ78847,SSRINFCGNGN,1129,1208.0
32,HLA-DRB107:01,25795.59,ANZ78847,IDTGPPSISTA,32,1209.0
773,HLA-DRB107:01,25893.66,ANZ78847,RFTNFEPFTVN,773,1210.0
437,HLA-DRB107:01,25936.57,ANZ78847,SCQLYYNLPAA,437,1211.0
1134,HLA-DRB107:01,26029.12,ANZ78847,FCGNGNHIISL,1134,1212.0
26,HLA-DRB107:01,26196.0,ANZ78847,TGSLNNIDTGP,26,1213.0
312,HLA-DRB107:01,26296.38,ANZ78847,IAPPTGVYELN,312,1214.0
1332,HLA-DRB107:01,26316.5,ANZ78847,CGTSCFKKCGG,1332,1215.0
1283,HLA-DRB107:01,26504.14,ANZ78847,KVLNQSYINLK,1283,1216.0
467,HLA-DRB107:01,26577.34,ANZ78847,EDSVFKPQPAG,467,1217.0
785,HLA-DRB107:01,26628.52,ANZ78847,VNDSLEPVGGL,785,1218.0
655,HLA-DRB107:01,26628.78,ANZ78847,QNLLYDSNGNL,655,1219.0
1293,HLA-DRB107:01,26712.25,ANZ78847,KDIGTYEYYVK,1293,1220.0
1270,HLA-DRB107:01,26715.49,ANZ78847,DLQVEMNRLQE,1270,1221.0
531,HLA-DRB107:01,26737.42,ANZ78847,HNLCNPDPITF,531,1222.0
1174,HLA-DRB107:01,26817.27,ANZ78847,CIAGDRGIAPK,1174,1223.0
92,HLA-DRB107:01,26842.19,ANZ78847,LWFKPPFLSDF,92,1224.0
661,HLA-DRB107:01,26881.56,ANZ78847,SNGNLYGFRDY,661,1225.0
427,HLA-DRB107:01,26928.74,ANZ78847,FNYRIDTTATS,427,1226.0
1338,HLA-DRB107:01,26938.69,ANZ78847,KKCGGCCDDYT,1338,1227.0
1235,HLA-DRB107:01,27039.92,ANZ78847,IPNLPDFREEL,1235,1228.0
753,HLA-DRB107:01,27043.26,ANZ78847,GYCVDYSKNRR,753,1229.0
958,HLA-DRB107:01,27097.96,ANZ78847,PPLLSENQISG,958,1230.0
589,HLA-DRB107:01,27119.86,ANZ78847,SCLQGDKCNIF,589,1231.0
569,HLA-DRB107:01,27127.01,ANZ78847,YCGGNPCTCQP,569,1232.0
55,HLA-DRB107:01,27166.52,ANZ78847,VLDRVYLNTTL,55,1233.0
1343,HLA-DRB107:01,27166.79,ANZ78847,CCDDYTGYQEL,1343,1234.0
435,HLA-DRB107:01,27208.75,ANZ78847,ATSCQLYYNLP,435,1235.0
382,HLA-DRB107:01,27212.62,ANZ78847,SFTCNNIDAAK,382,1236.0
1007,HLA-DRB107:01,27270.53,ANZ78847,VLSQNQKLIAN,1007,1237.0
178,HLA-DRB107:01,27285.6,ANZ78847,ICHPNLGNHFK,178,1238.0
563,HLA-DRB107:01,27310.55,ANZ78847,LAVKSDYCGGN,563,1239.0
534,HLA-DRB107:01,27382.95,ANZ78847,CNPDPITFTGP,534,1240.0
1340,HLA-DRB107:01,27406.19,ANZ78847,CGGCCDDYTGY,1340,1241.0
1236,HLA-DRB107:01,27410.69,ANZ78847,PNLPDFREELD,1236,1242.0
1238,HLA-DRB107:01,27677.26,ANZ78847,LPDFREELDQW,1238,1243.0
590,HLA-DRB107:01,27703.82,ANZ78847,CLQGDKCNIFA,590,1244.0
783,HLA-DRB107:01,27886.14,ANZ78847,NSVNDSLEPVG,783,1245.0
1130,HLA-DRB107:01,27886.9,ANZ78847,SRINFCGNGNH,1130,1246.0
212,HLA-DRB107:01,27960.61,ANZ78847,ATYLYFHFYQE,212,1247.0
1233,HLA-DRB107:01,27973.02,ANZ78847,TSIPNLPDFRE,1233,1248.0
16,HLA-DRB107:01,27998.38,ANZ78847,GDLKCPLDSRT,16,1249.0
225,HLA-DRB107:01,28040.19,ANZ78847,TFYAYFTDTGV,225,1250.0
567,HLA-DRB107:01,28045.87,ANZ78847,SDYCGGNPCTC,567,1251.0
211,HLA-DRB107:01,28099.9,ANZ78847,NATYLYFHFYQ,211,1252.0
1319,HLA-DRB107:01,28148.14,ANZ78847,MLVLLFFICCC,1319,1253.0
411,HLA-DRB107:01,28343.22,ANZ78847,GRKVDLQLGNL,411,1254.0
1330,HLA-DRB107:01,28354.94,ANZ78847,TGCGTSCFKKC,1330,1255.0
224,HLA-DRB107:01,28374.32,ANZ78847,GTFYAYFTDTG,224,1256.0
755,HLA-DRB107:01,28481.42,ANZ78847,CVDYSKNRRSR,755,1257.0
568,HLA-DRB107:01,28528.49,ANZ78847,DYCGGNPCTCQ,568,1258.0
150,HLA-DRB107:01,28568.41,ANZ78847,STQDGVNKLQG,150,1259.0
1183,HLA-DRB107:01,28676.06,ANZ78847,PKSGYFVNVNN,1183,1260.0
985,HLA-DRB107:01,28725.21,ANZ78847,AAGVPFYLNVQ,985,1261.0
542,HLA-DRB107:01,28732.92,ANZ78847,TGPYKCPQSKS,542,1262.0
1234,HLA-DRB107:01,28797.1,ANZ78847,SIPNLPDFREE,1234,1263.0
1320,HLA-DRB107:01,28800.42,ANZ78847,LVLLFFICCCT,1320,1264.0
1048,HLA-DRB107:01,28913.63,ANZ78847,AEALNNLLQQL,1048,1265.0
19,HLA-DRB107:01,29119.21,ANZ78847,KCPLDSRTGSL,19,1266.0
1266,HLA-DRB107:01,29158.08,ANZ78847,VTFLDLQVEMN,1266,1267.0
532,HLA-DRB107:01,29226.14,ANZ78847,NLCNPDPITFT,532,1268.0
506,HLA-DRB107:01,29251.26,ANZ78847,LCVGSGPGKNN,506,1269.0
696,HLA-DRB107:01,29258.98,ANZ78847,SEPALLFRNIK,696,1270.0
984,HLA-DRB107:01,29270.21,ANZ78847,AAAGVPFYLNV,984,1271.0
329,HLA-DRB107:01,29410.13,ANZ78847,IADVYRRKPDL,329,1272.0
1182,HLA-DRB107:01,29491.73,ANZ78847,APKSGYFVNVN,1182,1273.0
752,HLA-DRB107:01,29503.7,ANZ78847,SGYCVDYSKNR,752,1274.0
1242,HLA-DRB107:01,29527.72,ANZ78847,REELDQWFKNQ,1242,1275.0
1267,HLA-DRB107:01,29547.61,ANZ78847,TFLDLQVEMNR,1267,1276.0
1232,HLA-DRB107:01,29697.61,ANZ78847,NTSIPNLPDFR,1232,1277.0
750,HLA-DRB107:01,29728.85,ANZ78847,VGSGYCVDYSK,750,1278.0
505,HLA-DRB107:01,29733.6,ANZ78847,SLCVGSGPGKN,505,1279.0
313,HLA-DRB107:01,29783.69,ANZ78847,APPTGVYELNG,313,1280.0
571,HLA-DRB107:01,29816.86,ANZ78847,GGNPCTCQPQA,571,1281.0
510,HLA-DRB107:01,29898.49,ANZ78847,SGPGKNNGIGT,510,1282.0
654,HLA-DRB107:01,29916.16,ANZ78847,WQNLLYDSNGN,654,1283.0
1113,HLA-DRB107:01,29926.73,ANZ78847,SAAQAMEKVNE,1113,1284.0
761,HLA-DRB107:01,29944.27,ANZ78847,NRRSRRAITTG,761,1285.0
507,HLA-DRB107:01,29954.4,ANZ78847,CVGSGPGKNNG,507,1286.0
407,HLA-DRB107:01,29955.75,ANZ78847,AIPNGRKVDLQ,407,1287.0
409,HLA-DRB107:01,30015.85,ANZ78847,PNGRKVDLQLG,409,1288.0
1044,HLA-DRB107:01,30265.65,ANZ78847,VNANAEALNNL,1044,1289.0
760,HLA-DRB107:01,30274.08,ANZ78847,KNRRSRRAITT,760,1290.0
403,HLA-DRB107:01,30274.21,ANZ78847,IDKFAIPNGRK,403,1291.0
1334,HLA-DRB107:01,30289.98,ANZ78847,TSCFKKCGGCC,1334,1292.0
637,HLA-DRB107:01,30393.28,ANZ78847,ISGQGIFVEVN,637,1293.0
410,HLA-DRB107:01,30438.95,ANZ78847,NGRKVDLQLGN,410,1294.0
176,HLA-DRB107:01,30456.13,ANZ78847,HTICHPNLGNH,176,1295.0
1244,HLA-DRB107:01,30481.27,ANZ78847,ELDQWFKNQTS,1244,1296.0
1342,HLA-DRB107:01,30533.7,ANZ78847,GCCDDYTGYQE,1342,1297.0
955,HLA-DRB107:01,30534.27,ANZ78847,KVLPPLLSENQ,955,1298.0
784,HLA-DRB107:01,30627.32,ANZ78847,SVNDSLEPVGG,784,1299.0
665,HLA-DRB107:01,30774.1,ANZ78847,LYGFRDYLTNR,665,1300.0
486,HLA-DRB107:01,30870.37,ANZ78847,YAQHCFKAPKN,486,1301.0
440,HLA-DRB107:01,30893.51,ANZ78847,LYYNLPAANVS,440,1302.0
1175,HLA-DRB107:01,30945.59,ANZ78847,IAGDRGIAPKS,1175,1303.0
17,HLA-DRB107:01,30950.14,ANZ78847,DLKCPLDSRTG,17,1304.0
564,HLA-DRB107:01,31118.74,ANZ78847,AVKSDYCGGNP,564,1305.0
65,HLA-DRB107:01,31151.93,ANZ78847,LFLNGYYPTSG,65,1306.0
1331,HLA-DRB107:01,31184.41,ANZ78847,GCGTSCFKKCG,1331,1307.0
1024,HLA-DRB107:01,31216.01,ANZ78847,DAIQEGFDATN,1024,1308.0
18,HLA-DRB107:01,31307.05,ANZ78847,LKCPLDSRTGS,18,1309.0
1051,HLA-DRB107:01,31318.0,ANZ78847,LNNLLQQLSNR,1051,1310.0
660,HLA-DRB107:01,31465.55,ANZ78847,DSNGNLYGFRD,660,1311.0
663,HLA-DRB107:01,31646.48,ANZ78847,GNLYGFRDYLT,663,1312.0
754,HLA-DRB107:01,31734.56,ANZ78847,YCVDYSKNRRS,754,1313.0
653,HLA-DRB107:01,31779.55,ANZ78847,SWQNLLYDSNG,653,1314.0
652,HLA-DRB107:01,31953.35,ANZ78847,NSWQNLLYDSN,652,1315.0
945,HLA-DRB107:01,32041.89,ANZ78847,LICVQSYKGIK,945,1316.0
1074,HLA-DRB107:01,32068.73,ANZ78847,SRLDALEAEAQ,1074,1317.0
468,HLA-DRB107:01,32217.52,ANZ78847,DSVFKPQPAGV,468,1318.0
541,HLA-DRB107:01,32279.78,ANZ78847,FTGPYKCPQSK,541,1319.0
216,HLA-DRB107:01,32286.84,ANZ78847,YFHFYQEGGTF,216,1320.0
1333,HLA-DRB107:01,32370.02,ANZ78847,GTSCFKKCGGC,1333,1321.0
1050,HLA-DRB107:01,32424.68,ANZ78847,ALNNLLQQLSN,1050,1322.0
149,HLA-DRB107:01,32793.51,ANZ78847,NSTQDGVNKLQ,149,1323.0
215,HLA-DRB107:01,32866.47,ANZ78847,LYFHFYQEGGT,215,1324.0
25,HLA-DRB107:01,33019.99,ANZ78847,RTGSLNNIDTG,25,1325.0
345,HLA-DRB107:01,33206.28,ANZ78847,EAWLNDKSVPS,345,1326.0
504,HLA-DRB107:01,33263.26,ANZ78847,SSLCVGSGPGK,504,1327.0
591,HLA-DRB107:01,33727.55,ANZ78847,LQGDKCNIFAN,591,1328.0
854,HLA-DRB107:01,34326.4,ANZ78847,TEVNELLDTTQ,854,1329.0
1045,HLA-DRB107:01,34498.18,ANZ78847,NANAEALNNLL,1045,1330.0
1339,HLA-DRB107:01,34598.52,ANZ78847,KCGGCCDDYTG,1339,1331.0
1025,HLA-DRB107:01,34715.26,ANZ78847,AIQEGFDATNS,1025,1332.0
757,HLA-DRB107:01,34992.29,ANZ78847,DYSKNRRSRRA,757,1333.0
1341,HLA-DRB107:01,35331.27,ANZ78847,GGCCDDYTGYQ,1341,1334.0
756,HLA-DRB107:01,35664.71,ANZ78847,VDYSKNRRSRR,756,1335.0
1202,HLA-DRB107:01,35912.58,ANZ78847,YYYPEPITENN,1202,1336.0
28,HLA-DRB107:01,36010.43,ANZ78847,SLNNIDTGPPS,28,1337.0
438,HLA-DRB107:01,36065.19,ANZ78847,CQLYYNLPAAN,438,1338.0
533,HLA-DRB107:01,36449.12,ANZ78847,LCNPDPITFTG,533,1339.0
1200,HLA-DRB107:01,36742.67,ANZ78847,SGYYYPEPITE,1200,1340.0
664,HLA-DRB107:01,37114.52,ANZ78847,NLYGFRDYLTN,664,1341.0
751,HLA-DRB107:01,37157.03,ANZ78847,GSGYCVDYSKN,751,1342.0
1237,HLA-DRB107:01,37319.52,ANZ78847,NLPDFREELDQ,1237,1343.0
1201,HLA-DRB107:01,37379.61,ANZ78847,GYYYPEPITEN,1201,1344.0
213,HLA-DRB107:01,37812.88,ANZ78847,TYLYFHFYQEG,213,1345.0
570,HLA-DRB107:01,38007.19,ANZ78847,CGGNPCTCQPQ,570,1346.0
511,HLA-DRB107:01,38188.2,ANZ78847,GPGKNNGIGTC,511,1347.0
1047,HLA-DRB107:01,38609.62,ANZ78847,NAEALNNLLQQ,1047,1348.0
509,HLA-DRB107:01,38662.02,ANZ78847,GSGPGKNNGIG,509,1349.0
66,HLA-DRB107:01,38799.35,ANZ78847,FLNGYYPTSGS,66,1350.0
1046,HLA-DRB107:01,40061.67,ANZ78847,ANAEALNNLLQ,1046,1351.0
214,HLA-DRB107:01,40219.56,ANZ78847,YLYFHFYQEGG,214,1352.0
280,HLA-DRB108:01,559.72,ANZ78847,QYLLAFNQDGI,280,1.0
244,HLA-DRB108:01,757.28,ANZ78847,YLGMALSHYYV,244,2.0
245,HLA-DRB108:01,771.79,ANZ78847,LGMALSHYYVM,245,3.0
273,HLA-DRB108:01,1076.11,ANZ78847,VTPLTSRQYLL,273,4.0
281,HLA-DRB108:01,1155.73,ANZ78847,YLLAFNQDGII,281,5.0
982,HLA-DRB108:01,1182.77,ANZ78847,WTAAAGVPFYL,982,6.0
988,HLA-DRB108:01,1451.05,ANZ78847,VPFYLNVQYRI,988,7.0
650,HLA-DRB108:01,1543.93,ANZ78847,YYNSWQNLLYD,650,8.0
790,HLA-DRB108:01,1569.11,ANZ78847,EPVGGLYEIQI,790,9.0
819,HLA-DRB108:01,1704.81,ANZ78847,KVTIDCAAFVC,819,10.0
255,HLA-DRB108:01,1787.31,ANZ78847,MPLTCISRRNI,255,11.0
50,HLA-DRB108:01,1791.81,ANZ78847,LGTYYVLDRVY,50,12.0
940,HLA-DRB108:01,1856.44,ANZ78847,AEIRDLICVQS,940,13.0
252,HLA-DRB108:01,1859.42,ANZ78847,YYVMPLTCISR,252,14.0
156,HLA-DRB108:01,1887.87,ANZ78847,NKLQGLLEVSV,156,15.0
274,HLA-DRB108:01,1914.97,ANZ78847,TPLTSRQYLLA,274,16.0
1066,HLA-DRB108:01,1926.06,ANZ78847,SSSLQEILSRL,1066,17.0
1171,HLA-DRB108:01,1984.27,ANZ78847,PGLCIAGDRGI,1171,18.0
941,HLA-DRB108:01,1985.26,ANZ78847,EIRDLICVQSY,941,19.0
908,HLA-DRB108:01,2016.49,ANZ78847,ASSRSAIEDLL,908,20.0
53,HLA-DRB108:01,2220.13,ANZ78847,YYVLDRVYLNT,53,21.0
340,HLA-DRB108:01,2239.43,ANZ78847,PNCNIEAWLND,340,22.0
944,HLA-DRB108:01,2280.28,ANZ78847,DLICVQSYKGI,944,23.0
682,HLA-DRB108:01,2337.57,ANZ78847,CYSGRVSAAFH,682,24.0
1069,HLA-DRB108:01,2454.09,ANZ78847,LQEILSRLDAL,1069,25.0
1104,HLA-DRB108:01,2455.47,ANZ78847,LSDSTLVKFSA,1104,26.0
391,HLA-DRB108:01,2475.36,ANZ78847,AKIYGMCFSSI,391,27.0
37,HLA-DRB108:01,2496.93,ANZ78847,PSISTATVDVT,37,28.0
821,HLA-DRB108:01,2509.49,ANZ78847,TIDCAAFVCGD,821,29.0
1063,HLA-DRB108:01,2517.13,ANZ78847,GAISSSLQEIL,1063,30.0
243,HLA-DRB108:01,2518.88,ANZ78847,VYLGMALSHYY,243,31.0
219,HLA-DRB108:01,2568.24,ANZ78847,FYQEGGTFYAY,219,32.0
818,HLA-DRB108:01,2570.72,ANZ78847,PKVTIDCAAFV,818,33.0
817,HLA-DRB108:01,2591.28,ANZ78847,SPKVTIDCAAF,817,34.0
183,HLA-DRB108:01,2591.97,ANZ78847,LGNHFKELWHM,183,35.0
483,HLA-DRB108:01,2593.51,ANZ78847,DVVYAQHCFKA,483,36.0
951,HLA-DRB108:01,2613.15,ANZ78847,YKGIKVLPPLL,951,37.0
683,HLA-DRB108:01,2634.55,ANZ78847,YSGRVSAAFHA,683,38.0
1275,HLA-DRB108:01,2635.42,ANZ78847,MNRLQEAIKVL,1275,39.0
597,HLA-DRB108:01,2650.86,ANZ78847,NIFANLILHDV,597,40.0
1345,HLA-DRB108:01,2696.7,ANZ78847,DDYTGYQELVI,1345,41.0
950,HLA-DRB108:01,2726.21,ANZ78847,SYKGIKVLPPL,950,42.0
1214,HLA-DRB108:01,2744.91,ANZ78847,VVMSTCAVNYT,1214,43.0
398,HLA-DRB108:01,2752.97,ANZ78847,FSSITIDKFAI,398,44.0
261,HLA-DRB108:01,2756.55,ANZ78847,SRRNIGFTLEY,261,45.0
51,HLA-DRB108:01,2764.24,ANZ78847,GTYYVLDRVYL,51,46.0
1064,HLA-DRB108:01,2768.07,ANZ78847,AISSSLQEILS,1064,47.0
1265,HLA-DRB108:01,2770.38,ANZ78847,NVTFLDLQVEM,1265,48.0
1079,HLA-DRB108:01,2820.55,ANZ78847,LEAEAQIDRLI,1079,49.0
259,HLA-DRB108:01,2831.04,ANZ78847,CISRRNIGFTL,259,50.0
981,HLA-DRB108:01,2840.53,ANZ78847,PWTAAAGVPFY,981,51.0
1125,HLA-DRB108:01,2885.36,ANZ78847,VKSQSSRINFC,1125,52.0
1068,HLA-DRB108:01,2901.24,ANZ78847,SLQEILSRLDA,1068,53.0
85,HLA-DRB108:01,2906.27,ANZ78847,GTDKLSTLWFK,85,54.0
709,HLA-DRB108:01,2941.43,ANZ78847,YVFNNSLTRQL,709,55.0
253,HLA-DRB108:01,2962.54,ANZ78847,YVMPLTCISRR,253,56.0
671,HLA-DRB108:01,2989.66,ANZ78847,YLTNRTFMIRS,671,57.0
339,HLA-DRB108:01,3017.53,ANZ78847,LPNCNIEAWLN,339,58.0
251,HLA-DRB108:01,3035.05,ANZ78847,HYYVMPLTCIS,251,59.0
921,HLA-DRB108:01,3042.06,ANZ78847,KVKLSDVGFVA,921,60.0
127,HLA-DRB108:01,3054.86,ANZ78847,AITIGSTFVNT,127,61.0
692,HLA-DRB108:01,3058.7,ANZ78847,HANSSEPALLF,692,62.0
52,HLA-DRB108:01,3069.82,ANZ78847,TYYVLDRVYLN,52,63.0
230,HLA-DRB108:01,3070.82,ANZ78847,FTDTGVVTKFL,230,64.0
397,HLA-DRB108:01,3071.4,ANZ78847,CFSSITIDKFA,397,65.0
319,HLA-DRB108:01,3073.03,ANZ78847,YELNGYTVQPI,319,66.0
851,HLA-DRB108:01,3117.27,ANZ78847,AILTEVNELLD,851,67.0
1139,HLA-DRB108:01,3125.45,ANZ78847,NHIISLVQNAP,1139,68.0
1103,HLA-DRB108:01,3131.38,ANZ78847,QLSDSTLVKFS,1103,69.0
1309,HLA-DRB108:01,3137.18,ANZ78847,WLLICLAGVAM,1309,70.0
907,HLA-DRB108:01,3161.86,ANZ78847,KASSRSAIEDL,907,71.0
1102,HLA-DRB108:01,3182.35,ANZ78847,QQLSDSTLVKF,1102,72.0
1215,HLA-DRB108:01,3183.49,ANZ78847,VMSTCAVNYTK,1215,73.0
488,HLA-DRB108:01,3192.25,ANZ78847,QHCFKAPKNFC,488,74.0
812,HLA-DRB108:01,3197.35,ANZ78847,FIQTSSPKVTI,812,75.0
1225,HLA-DRB108:01,3239.33,ANZ78847,KAPYVMLNTSI,1225,76.0
973,HLA-DRB108:01,3260.88,ANZ78847,ATSASLFPPWT,973,77.0
1108,HLA-DRB108:01,3262.5,ANZ78847,TLVKFSAAQAM,1108,78.0
544,HLA-DRB108:01,3270.41,ANZ78847,PYKCPQSKSLV,544,79.0
264,HLA-DRB108:01,3288.06,ANZ78847,NIGFTLEYWVT,264,80.0
735,HLA-DRB108:01,3338.34,ANZ78847,AYNSTAISVQT,735,81.0
38,HLA-DRB108:01,3344.67,ANZ78847,SISTATVDVTN,38,82.0
46,HLA-DRB108:01,3350.31,ANZ78847,VTNGLGTYYVL,46,83.0
909,HLA-DRB108:01,3369.27,ANZ78847,SSRSAIEDLLF,909,84.0
700,HLA-DRB108:01,3388.7,ANZ78847,LLFRNIKCNYV,700,85.0
875,HLA-DRB108:01,3418.77,ANZ78847,VTLSTKLKDGV,875,86.0
969,HLA-DRB108:01,3441.99,ANZ78847,YTLAATSASLF,969,87.0
490,HLA-DRB108:01,3449.05,ANZ78847,CFKAPKNFCPC,490,88.0
910,HLA-DRB108:01,3455.68,ANZ78847,SRSAIEDLLFD,910,89.0
355,HLA-DRB108:01,3470.0,ANZ78847,SPLNWERKTFS,355,90.0
1071,HLA-DRB108:01,3509.89,ANZ78847,EILSRLDALEA,1071,91.0
1287,HLA-DRB108:01,3518.06,ANZ78847,QSYINLKDIGT,1287,92.0
263,HLA-DRB108:01,3519.33,ANZ78847,RNIGFTLEYWV,263,93.0
830,HLA-DRB108:01,3546.59,ANZ78847,GDYAACKSQLV,830,94.0
1312,HLA-DRB108:01,3580.57,ANZ78847,ICLAGVAMLVL,1312,95.0
371,HLA-DRB108:01,3628.46,ANZ78847,MSSLMSFIQAD,371,96.0
937,HLA-DRB108:01,3632.14,ANZ78847,TGGAEIRDLIC,937,97.0
678,HLA-DRB108:01,3633.83,ANZ78847,MIRSCYSGRVS,678,98.0
1030,HLA-DRB108:01,3663.22,ANZ78847,FDATNSALVKI,1030,99.0
1263,HLA-DRB108:01,3665.08,ANZ78847,YINVTFLDLQV,1263,100.0
873,HLA-DRB108:01,3680.02,ANZ78847,NGVTLSTKLKD,873,101.0
953,HLA-DRB108:01,3686.4,ANZ78847,GIKVLPPLLSE,953,102.0
573,HLA-DRB108:01,3704.86,ANZ78847,NPCTCQPQAFL,573,103.0
320,HLA-DRB108:01,3730.7,ANZ78847,ELNGYTVQPIA,320,104.0
723,HLA-DRB108:01,3732.55,ANZ78847,NYFDSYLGCVV,723,105.0
712,HLA-DRB108:01,3754.58,ANZ78847,NNSLTRQLQPI,712,106.0
408,HLA-DRB108:01,3769.32,ANZ78847,IPNGRKVDLQL,408,107.0
7,HLA-DRB108:01,3780.17,ANZ78847,SLPTAFAVIGD,7,108.0
1310,HLA-DRB108:01,3814.15,ANZ78847,LLICLAGVAML,1310,109.0
1005,HLA-DRB108:01,3815.4,ANZ78847,MDVLSQNQKLI,1005,110.0
632,HLA-DRB108:01,3816.26,ANZ78847,YDLYGISGQGI,632,111.0
546,HLA-DRB108:01,3820.79,ANZ78847,KCPQSKSLVGI,546,112.0
811,HLA-DRB108:01,3822.06,ANZ78847,EFIQTSSPKVT,811,113.0
196,HLA-DRB108:01,3826.52,ANZ78847,GVVSCLYKRNF,196,114.0
323,HLA-DRB108:01,3834.81,ANZ78847,GYTVQPIADVY,323,115.0
1313,HLA-DRB108:01,3869.11,ANZ78847,CLAGVAMLVLL,1313,116.0
49,HLA-DRB108:01,3876.51,ANZ78847,GLGTYYVLDRV,49,117.0
1213,HLA-DRB108:01,3876.91,ANZ78847,VVVMSTCAVNY,1213,118.0
983,HLA-DRB108:01,3878.26,ANZ78847,TAAAGVPFYLN,983,119.0
278,HLA-DRB108:01,3880.63,ANZ78847,SRQYLLAFNQD,278,120.0
106,HLA-DRB108:01,3883.84,ANZ78847,IFAKVKNTKVF,106,121.0
677,HLA-DRB108:01,3894.26,ANZ78847,FMIRSCYSGRV,677,122.0
874,HLA-DRB108:01,3910.95,ANZ78847,GVTLSTKLKDG,874,123.0
367,HLA-DRB108:01,3911.62,ANZ78847,CNFNMSSLMSF,367,124.0
272,HLA-DRB108:01,3922.56,ANZ78847,WVTPLTSRQYL,272,125.0
162,HLA-DRB108:01,3933.0,ANZ78847,LEVSVCQYNMC,162,126.0
788,HLA-DRB108:01,3935.99,ANZ78847,SLEPVGGLYEI,788,127.0
303,HLA-DRB108:01,3943.06,ANZ78847,SEIKCKTQSIA,303,128.0
679,HLA-DRB108:01,3949.33,ANZ78847,IRSCYSGRVSA,679,129.0
1149,HLA-DRB108:01,3961.0,ANZ78847,PYGLYFIHFSY,1149,130.0
302,HLA-DRB108:01,3966.19,ANZ78847,MSEIKCKTQSI,302,131.0
839,HLA-DRB108:01,3981.37,ANZ78847,LVEYGSFCDNI,839,132.0
260,HLA-DRB108:01,3992.61,ANZ78847,ISRRNIGFTLE,260,133.0
525,HLA-DRB108:01,4004.4,ANZ78847,TNYLTCHNLCN,525,134.0
1220,HLA-DRB108:01,4035.65,ANZ78847,AVNYTKAPYVM,1220,135.0
275,HLA-DRB108:01,4038.22,ANZ78847,PLTSRQYLLAF,275,136.0
1253,HLA-DRB108:01,4040.19,ANZ78847,TSVAPDLALDY,1253,137.0
802,HLA-DRB108:01,4060.87,ANZ78847,SDFTIGNMEEF,802,138.0
351,HLA-DRB108:01,4063.19,ANZ78847,KSVPSPLNWER,351,139.0
762,HLA-DRB108:01,4064.23,ANZ78847,RRSRRAITTGY,762,140.0
596,HLA-DRB108:01,4094.81,ANZ78847,CNIFANLILHD,596,141.0
138,HLA-DRB108:01,4100.62,ANZ78847,SYSVVVQPRTI,138,142.0
850,HLA-DRB108:01,4106.2,ANZ78847,NAILTEVNELL,850,143.0
1211,HLA-DRB108:01,4134.92,ANZ78847,NNVVVMSTCAV,1211,144.0
1006,HLA-DRB108:01,4153.01,ANZ78847,DVLSQNQKLIA,1006,145.0
194,HLA-DRB108:01,4175.99,ANZ78847,DTGVVSCLYKR,194,146.0
1078,HLA-DRB108:01,4176.14,ANZ78847,ALEAEAQIDRL,1078,147.0
57,HLA-DRB108:01,4181.57,ANZ78847,DRVYLNTTLFL,57,148.0
1156,HLA-DRB108:01,4195.03,ANZ78847,HFSYVPTKYVT,1156,149.0
672,HLA-DRB108:01,4201.9,ANZ78847,LTNRTFMIRSC,672,150.0
161,HLA-DRB108:01,4207.57,ANZ78847,LLEVSVCQYNM,161,151.0
1090,HLA-DRB108:01,4207.92,ANZ78847,NGRLTALNAYV,1090,152.0
599,HLA-DRB108:01,4270.75,ANZ78847,FANLILHDVNS,599,153.0
386,HLA-DRB108:01,4323.64,ANZ78847,NNIDAAKIYGM,386,154.0
1091,HLA-DRB108:01,4341.76,ANZ78847,GRLTALNAYVS,1091,155.0
668,HLA-DRB108:01,4343.39,ANZ78847,FRDYLTNRTFM,668,156.0
1070,HLA-DRB108:01,4355.9,ANZ78847,QEILSRLDALE,1070,157.0
695,HLA-DRB108:01,4356.85,ANZ78847,SSEPALLFRNI,695,158.0
1221,HLA-DRB108:01,4357.52,ANZ78847,VNYTKAPYVML,1221,159.0
1172,HLA-DRB108:01,4363.12,ANZ78847,GLCIAGDRGIA,1172,160.0
256,HLA-DRB108:01,4375.69,ANZ78847,PLTCISRRNIG,256,161.0
872,HLA-DRB108:01,4386.63,ANZ78847,MNGVTLSTKLK,872,162.0
5,HLA-DRB108:01,4387.23,ANZ78847,LISLPTAFAVI,5,163.0
803,HLA-DRB108:01,4389.08,ANZ78847,DFTIGNMEEFI,803,164.0
134,HLA-DRB108:01,4389.59,ANZ78847,FVNTSYSVVVQ,134,165.0
332,HLA-DRB108:01,4398.35,ANZ78847,VYRRKPDLPNC,332,166.0
804,HLA-DRB108:01,4401.81,ANZ78847,FTIGNMEEFIQ,804,167.0
1092,HLA-DRB108:01,4410.32,ANZ78847,RLTALNAYVSQ,1092,168.0
1150,HLA-DRB108:01,4411.29,ANZ78847,YGLYFIHFSYV,1150,169.0
669,HLA-DRB108:01,4415.65,ANZ78847,RDYLTNRTFMI,669,170.0
936,HLA-DRB108:01,4433.97,ANZ78847,CTGGAEIRDLI,936,171.0
935,HLA-DRB108:01,4449.04,ANZ78847,NCTGGAEIRDL,935,172.0
765,HLA-DRB108:01,4450.73,ANZ78847,RRAITTGYRFT,765,173.0
1166,HLA-DRB108:01,4494.86,ANZ78847,TAKVSPGLCIA,1166,174.0
670,HLA-DRB108:01,4496.68,ANZ78847,DYLTNRTFMIR,670,175.0
852,HLA-DRB108:01,4499.95,ANZ78847,ILTEVNELLDT,852,176.0
1032,HLA-DRB108:01,4507.87,ANZ78847,ATNSALVKIQA,1032,177.0
1272,HLA-DRB108:01,4510.04,ANZ78847,QVEMNRLQEAI,1272,178.0
627,HLA-DRB108:01,4517.27,ANZ78847,GVCVNYDLYGI,627,179.0
8,HLA-DRB108:01,4519.34,ANZ78847,LPTAFAVIGDL,8,180.0
1033,HLA-DRB108:01,4541.62,ANZ78847,TNSALVKIQAV,1033,181.0
691,HLA-DRB108:01,4559.89,ANZ78847,FHANSSEPALL,691,182.0
972,HLA-DRB108:01,4564.72,ANZ78847,AATSASLFPPW,972,183.0
76,HLA-DRB108:01,4568.66,ANZ78847,STYRNMALKGT,76,184.0
476,HLA-DRB108:01,4576.45,ANZ78847,AGVLTNHDVVY,476,185.0
1086,HLA-DRB108:01,4580.98,ANZ78847,DRLINGRLTAL,1086,186.0
0,HLA-DRB108:01,4584.34,ANZ78847,MFLILLISLPT,0,187.0
970,HLA-DRB108:01,4592.86,ANZ78847,TLAATSASLFP,970,188.0
998,HLA-DRB108:01,4598.78,ANZ78847,INGLGVTMDVL,998,189.0
680,HLA-DRB108:01,4601.96,ANZ78847,RSCYSGRVSAA,680,190.0
2,HLA-DRB108:01,4642.61,ANZ78847,LILLISLPTAF,2,191.0
396,HLA-DRB108:01,4687.06,ANZ78847,MCFSSITIDKF,396,192.0
1254,HLA-DRB108:01,4693.26,ANZ78847,SVAPDLALDYI,1254,193.0
1098,HLA-DRB108:01,4694.92,ANZ78847,AYVSQQLSDST,1098,194.0
137,HLA-DRB108:01,4696.83,ANZ78847,TSYSVVVQPRT,137,195.0
1278,HLA-DRB108:01,4698.32,ANZ78847,LQEAIKVLNQS,1278,196.0
849,HLA-DRB108:01,4762.68,ANZ78847,INAILTEVNEL,849,197.0
1065,HLA-DRB108:01,4768.16,ANZ78847,ISSSLQEILSR,1065,198.0
47,HLA-DRB108:01,4771.17,ANZ78847,TNGLGTYYVLD,47,199.0
995,HLA-DRB108:01,4773.23,ANZ78847,QYRINGLGVTM,995,200.0
1062,HLA-DRB108:01,4773.82,ANZ78847,FGAISSSLQEI,1062,201.0
904,HLA-DRB108:01,4776.68,ANZ78847,ECSKASSRSAI,904,202.0
1280,HLA-DRB108:01,4789.97,ANZ78847,EAIKVLNQSYI,1280,203.0
173,HLA-DRB108:01,4846.33,ANZ78847,EYPHTICHPNL,173,204.0
649,HLA-DRB108:01,4869.63,ANZ78847,TYYNSWQNLLY,649,205.0
1285,HLA-DRB108:01,4870.49,ANZ78847,LNQSYINLKDI,1285,206.0
1075,HLA-DRB108:01,4870.82,ANZ78847,RLDALEAEAQI,1075,207.0
58,HLA-DRB108:01,4874.38,ANZ78847,RVYLNTTLFLN,58,208.0
324,HLA-DRB108:01,4881.71,ANZ78847,YTVQPIADVYR,324,209.0
250,HLA-DRB108:01,4882.63,ANZ78847,SHYYVMPLTCI,250,210.0
1268,HLA-DRB108:01,4937.11,ANZ78847,FLDLQVEMNRL,1268,211.0
736,HLA-DRB108:01,4937.18,ANZ78847,YNSTAISVQTC,736,212.0
1093,HLA-DRB108:01,4938.53,ANZ78847,LTALNAYVSQQ,1093,213.0
141,HLA-DRB108:01,4949.88,ANZ78847,VVVQPRTINST,141,214.0
343,HLA-DRB108:01,4963.73,ANZ78847,NIEAWLNDKSV,343,215.0
922,HLA-DRB108:01,4964.32,ANZ78847,VKLSDVGFVAA,922,216.0
1067,HLA-DRB108:01,4966.73,ANZ78847,SSLQEILSRLD,1067,217.0
949,HLA-DRB108:01,4981.15,ANZ78847,QSYKGIKVLPP,949,218.0
1271,HLA-DRB108:01,4994.9,ANZ78847,LQVEMNRLQEA,1271,219.0
368,HLA-DRB108:01,5000.26,ANZ78847,NFNMSSLMSFI,368,220.0
481,HLA-DRB108:01,5018.54,ANZ78847,NHDVVYAQHCF,481,221.0
1298,HLA-DRB108:01,5019.36,ANZ78847,YEYYVKWPWYV,1298,222.0
354,HLA-DRB108:01,5026.79,ANZ78847,PSPLNWERKTF,354,223.0
1326,HLA-DRB108:01,5029.56,ANZ78847,ICCCTGCGTSC,1326,224.0
588,HLA-DRB108:01,5038.46,ANZ78847,DSCLQGDKCNI,588,225.0
258,HLA-DRB108:01,5043.27,ANZ78847,TCISRRNIGFT,258,226.0
115,HLA-DRB108:01,5055.69,ANZ78847,VFKDGVMYSEF,115,227.0
820,HLA-DRB108:01,5068.79,ANZ78847,VTIDCAAFVCG,820,228.0
321,HLA-DRB108:01,5071.08,ANZ78847,LNGYTVQPIAD,321,229.0
1332,HLA-DRB108:01,5072.58,ANZ78847,CGTSCFKKCGG,1332,230.0
36,HLA-DRB108:01,5085.77,ANZ78847,PPSISTATVDV,36,231.0
477,HLA-DRB108:01,5097.03,ANZ78847,GVLTNHDVVYA,477,232.0
352,HLA-DRB108:01,5098.98,ANZ78847,SVPSPLNWERK,352,233.0
635,HLA-DRB108:01,5104.03,ANZ78847,YGISGQGIFVE,635,234.0
208,HLA-DRB108:01,5114.77,ANZ78847,YDVNATYLYFH,208,235.0
989,HLA-DRB108:01,5129.87,ANZ78847,PFYLNVQYRIN,989,236.0
814,HLA-DRB108:01,5146.26,ANZ78847,QTSSPKVTIDC,814,237.0
227,HLA-DRB108:01,5149.92,ANZ78847,YAYFTDTGVVT,227,238.0
842,HLA-DRB108:01,5159.1,ANZ78847,YGSFCDNINAI,842,239.0
968,HLA-DRB108:01,5173.42,ANZ78847,GYTLAATSASL,968,240.0
81,HLA-DRB108:01,5181.6,ANZ78847,MALKGTDKLST,81,241.0
816,HLA-DRB108:01,5186.78,ANZ78847,SSPKVTIDCAA,816,242.0
738,HLA-DRB108:01,5195.88,ANZ78847,STAISVQTCDL,738,243.0
374,HLA-DRB108:01,5228.34,ANZ78847,LMSFIQADSFT,374,244.0
246,HLA-DRB108:01,5241.85,ANZ78847,GMALSHYYVMP,246,245.0
1264,HLA-DRB108:01,5249.06,ANZ78847,INVTFLDLQVE,1264,246.0
701,HLA-DRB108:01,5258.65,ANZ78847,LFRNIKCNYVF,701,247.0
1055,HLA-DRB108:01,5259.23,ANZ78847,LQQLSNRFGAI,1055,248.0
829,HLA-DRB108:01,5285.71,ANZ78847,CGDYAACKSQL,829,249.0
108,HLA-DRB108:01,5286.07,ANZ78847,AKVKNTKVFKD,108,250.0
202,HLA-DRB108:01,5293.6,ANZ78847,YKRNFTYDVNA,202,251.0
385,HLA-DRB108:01,5296.41,ANZ78847,CNNIDAAKIYG,385,252.0
882,HLA-DRB108:01,5300.48,ANZ78847,KDGVNFNVDDI,882,253.0
770,HLA-DRB108:01,5306.13,ANZ78847,TGYRFTNFEPF,770,254.0
210,HLA-DRB108:01,5311.39,ANZ78847,VNATYLYFHFY,210,255.0
10,HLA-DRB108:01,5321.73,ANZ78847,TAFAVIGDLKC,10,256.0
484,HLA-DRB108:01,5345.75,ANZ78847,VVYAQHCFKAP,484,257.0
1148,HLA-DRB108:01,5353.75,ANZ78847,APYGLYFIHFS,1148,258.0
740,HLA-DRB108:01,5364.42,ANZ78847,AISVQTCDLTV,740,259.0
229,HLA-DRB108:01,5365.27,ANZ78847,YFTDTGVVTKF,229,260.0
269,HLA-DRB108:01,5368.06,ANZ78847,LEYWVTPLTSR,269,261.0
421,HLA-DRB108:01,5373.92,ANZ78847,LGYLQSFNYRI,421,262.0
1080,HLA-DRB108:01,5376.07,ANZ78847,EAEAQIDRLIN,1080,263.0
871,HLA-DRB108:01,5377.43,ANZ78847,LMNGVTLSTKL,871,264.0
766,HLA-DRB108:01,5416.41,ANZ78847,RAITTGYRFTN,766,265.0
1347,HLA-DRB108:01,5422.38,ANZ78847,YTGYQELVIKT,1347,266.0
906,HLA-DRB108:01,5431.41,ANZ78847,SKASSRSAIED,906,267.0
858,HLA-DRB108:01,5435.16,ANZ78847,ELLDTTQLQVA,858,268.0
1016,HLA-DRB108:01,5446.57,ANZ78847,ANAFNNALDAI,1016,269.0
126,HLA-DRB108:01,5453.24,ANZ78847,PAITIGSTFVN,126,270.0
353,HLA-DRB108:01,5456.92,ANZ78847,VPSPLNWERKT,353,271.0
22,HLA-DRB108:01,5471.33,ANZ78847,LDSRTGSLNNI,22,272.0
1004,HLA-DRB108:01,5474.54,ANZ78847,TMDVLSQNQKL,1004,273.0
1031,HLA-DRB108:01,5504.09,ANZ78847,DATNSALVKIQ,1031,274.0
841,HLA-DRB108:01,5516.97,ANZ78847,EYGSFCDNINA,841,275.0
905,HLA-DRB108:01,5529.91,ANZ78847,CSKASSRSAIE,905,276.0
350,HLA-DRB108:01,5530.84,ANZ78847,DKSVPSPLNWE,350,277.0
96,HLA-DRB108:01,5554.33,ANZ78847,PPFLSDFINGI,96,278.0
88,HLA-DRB108:01,5556.49,ANZ78847,KLSTLWFKPPF,88,279.0
168,HLA-DRB108:01,5567.3,ANZ78847,QYNMCEYPHTI,168,280.0
1276,HLA-DRB108:01,5568.58,ANZ78847,NRLQEAIKVLN,1276,281.0
1350,HLA-DRB108:01,5579.2,ANZ78847,YQELVIKTSHD,1350,282.0
1111,HLA-DRB108:01,5595.25,ANZ78847,KFSAAQAMEKV,1111,283.0
453,HLA-DRB108:01,5602.61,ANZ78847,RFNPSTWNKRF,453,284.0
361,HLA-DRB108:01,5624.48,ANZ78847,RKTFSNCNFNM,361,285.0
897,HLA-DRB108:01,5626.97,ANZ78847,VLGCLGSECSK,897,286.0
1228,HLA-DRB108:01,5631.16,ANZ78847,YVMLNTSIPNL,1228,287.0
552,HLA-DRB108:01,5648.65,ANZ78847,SLVGIGEHCSG,552,288.0
1222,HLA-DRB108:01,5652.43,ANZ78847,NYTKAPYVMLN,1222,289.0
726,HLA-DRB108:01,5660.89,ANZ78847,DSYLGCVVNAY,726,290.0
128,HLA-DRB108:01,5662.0,ANZ78847,ITIGSTFVNTS,128,291.0
558,HLA-DRB108:01,5667.03,ANZ78847,EHCSGLAVKSD,558,292.0
237,HLA-DRB108:01,5678.67,ANZ78847,TKFLFNVYLGM,237,293.0
1101,HLA-DRB108:01,5686.88,ANZ78847,SQQLSDSTLVK,1101,294.0
71,HLA-DRB108:01,5695.72,ANZ78847,YPTSGSTYRNM,71,295.0
48,HLA-DRB108:01,5702.91,ANZ78847,NGLGTYYVLDR,48,296.0
384,HLA-DRB108:01,5707.48,ANZ78847,TCNNIDAAKIY,384,297.0
132,HLA-DRB108:01,5708.5,ANZ78847,STFVNTSYSVV,132,298.0
593,HLA-DRB108:01,5710.18,ANZ78847,GDKCNIFANLI,593,299.0
598,HLA-DRB108:01,5712.11,ANZ78847,IFANLILHDVN,598,300.0
923,HLA-DRB108:01,5713.32,ANZ78847,KLSDVGFVAAY,923,301.0
381,HLA-DRB108:01,5716.93,ANZ78847,DSFTCNNIDAA,381,302.0
764,HLA-DRB108:01,5717.32,ANZ78847,SRRAITTGYRF,764,303.0
380,HLA-DRB108:01,5721.94,ANZ78847,ADSFTCNNIDA,380,304.0
392,HLA-DRB108:01,5731.59,ANZ78847,KIYGMCFSSIT,392,305.0
1328,HLA-DRB108:01,5742.55,ANZ78847,CCTGCGTSCFK,1328,306.0
487,HLA-DRB108:01,5748.96,ANZ78847,AQHCFKAPKNF,487,307.0
383,HLA-DRB108:01,5755.99,ANZ78847,FTCNNIDAAKI,383,308.0
639,HLA-DRB108:01,5760.37,ANZ78847,GQGIFVEVNAT,639,309.0
145,HLA-DRB108:01,5764.76,ANZ78847,PRTINSTQDGV,145,310.0
185,HLA-DRB108:01,5767.62,ANZ78847,NHFKELWHMDT,185,311.0
1261,HLA-DRB108:01,5771.52,ANZ78847,LDYINVTFLDL,1261,312.0
681,HLA-DRB108:01,5782.78,ANZ78847,SCYSGRVSAAF,681,313.0
133,HLA-DRB108:01,5783.57,ANZ78847,TFVNTSYSVVV,133,314.0
146,HLA-DRB108:01,5795.31,ANZ78847,RTINSTQDGVN,146,315.0
974,HLA-DRB108:01,5802.34,ANZ78847,TSASLFPPWTA,974,316.0
1311,HLA-DRB108:01,5805.68,ANZ78847,LICLAGVAMLV,1311,317.0
1145,HLA-DRB108:01,5819.58,ANZ78847,VQNAPYGLYFI,1145,318.0
831,HLA-DRB108:01,5827.12,ANZ78847,DYAACKSQLVE,831,319.0
187,HLA-DRB108:01,5827.26,ANZ78847,FKELWHMDTGV,187,320.0
257,HLA-DRB108:01,5846.03,ANZ78847,LTCISRRNIGF,257,321.0
1138,HLA-DRB108:01,5847.31,ANZ78847,GNHIISLVQNA,1138,322.0
334,HLA-DRB108:01,5848.42,ANZ78847,RRKPDLPNCNI,334,323.0
349,HLA-DRB108:01,5855.61,ANZ78847,NDKSVPSPLNW,349,324.0
393,HLA-DRB108:01,5881.6,ANZ78847,IYGMCFSSITI,393,325.0
129,HLA-DRB108:01,5907.17,ANZ78847,TIGSTFVNTSY,129,326.0
405,HLA-DRB108:01,5907.65,ANZ78847,KFAIPNGRKVD,405,327.0
195,HLA-DRB108:01,5920.11,ANZ78847,TGVVSCLYKRN,195,328.0
77,HLA-DRB108:01,5927.44,ANZ78847,TYRNMALKGTD,77,329.0
254,HLA-DRB108:01,5932.68,ANZ78847,VMPLTCISRRN,254,330.0
815,HLA-DRB108:01,5935.43,ANZ78847,TSSPKVTIDCA,815,331.0
431,HLA-DRB108:01,5944.29,ANZ78847,IDTTATSCQLY,431,332.0
710,HLA-DRB108:01,5945.91,ANZ78847,VFNNSLTRQLQ,710,333.0
233,HLA-DRB108:01,5946.99,ANZ78847,TGVVTKFLFNV,233,334.0
758,HLA-DRB108:01,5947.54,ANZ78847,YSKNRRSRRAI,758,335.0
456,HLA-DRB108:01,5953.57,ANZ78847,PSTWNKRFGFI,456,336.0
1087,HLA-DRB108:01,5953.83,ANZ78847,RLINGRLTALN,1087,337.0
1251,HLA-DRB108:01,5959.19,ANZ78847,NQTSVAPDLAL,1251,338.0
279,HLA-DRB108:01,5966.9,ANZ78847,RQYLLAFNQDG,279,339.0
103,HLA-DRB108:01,5968.94,ANZ78847,INGIFAKVKNT,103,340.0
158,HLA-DRB108:01,5972.59,ANZ78847,LQGLLEVSVCQ,158,341.0
369,HLA-DRB108:01,5979.78,ANZ78847,FNMSSLMSFIQ,369,342.0
1243,HLA-DRB108:01,5983.02,ANZ78847,EELDQWFKNQT,1243,343.0
338,HLA-DRB108:01,5984.01,ANZ78847,DLPNCNIEAWL,338,344.0
39,HLA-DRB108:01,5993.89,ANZ78847,ISTATVDVTNG,39,345.0
1205,HLA-DRB108:01,6011.89,ANZ78847,PEPITENNVVV,1205,346.0
311,HLA-DRB108:01,6038.68,ANZ78847,SIAPPTGVYEL,311,347.0
952,HLA-DRB108:01,6041.41,ANZ78847,KGIKVLPPLLS,952,348.0
1089,HLA-DRB108:01,6049.35,ANZ78847,INGRLTALNAY,1089,349.0
824,HLA-DRB108:01,6053.65,ANZ78847,CAAFVCGDYAA,824,350.0
482,HLA-DRB108:01,6059.22,ANZ78847,HDVVYAQHCFK,482,351.0
135,HLA-DRB108:01,6062.59,ANZ78847,VNTSYSVVVQP,135,352.0
520,HLA-DRB108:01,6062.86,ANZ78847,TCPAGTNYLTC,520,353.0
1022,HLA-DRB108:01,6074.02,ANZ78847,ALDAIQEGFDA,1022,354.0
772,HLA-DRB108:01,6112.64,ANZ78847,YRFTNFEPFTV,772,355.0
1324,HLA-DRB108:01,6116.29,ANZ78847,FFICCCTGCGT,1324,356.0
430,HLA-DRB108:01,6116.98,ANZ78847,RIDTTATSCQL,430,357.0
1292,HLA-DRB108:01,6126.97,ANZ78847,LKDIGTYEYYV,1292,358.0
475,HLA-DRB108:01,6134.91,ANZ78847,PAGVLTNHDVV,475,359.0
365,HLA-DRB108:01,6148.78,ANZ78847,SNCNFNMSSLM,365,360.0
1124,HLA-DRB108:01,6156.15,ANZ78847,CVKSQSSRINF,1124,361.0
394,HLA-DRB108:01,6159.71,ANZ78847,YGMCFSSITID,394,362.0
193,HLA-DRB108:01,6168.08,ANZ78847,MDTGVVSCLYK,193,363.0
623,HLA-DRB108:01,6172.68,ANZ78847,DIKLGVCVNYD,623,364.0
919,HLA-DRB108:01,6185.14,ANZ78847,FDKVKLSDVGF,919,365.0
739,HLA-DRB108:01,6201.01,ANZ78847,TAISVQTCDLT,739,366.0
1157,HLA-DRB108:01,6215.05,ANZ78847,FSYVPTKYVTA,1157,367.0
693,HLA-DRB108:01,6215.87,ANZ78847,ANSSEPALLFR,693,368.0
416,HLA-DRB108:01,6219.47,ANZ78847,LQLGNLGYLQS,416,369.0
1132,HLA-DRB108:01,6227.4,ANZ78847,INFCGNGNHII,1132,370.0
1020,HLA-DRB108:01,6231.95,ANZ78847,NNALDAIQEGF,1020,371.0
322,HLA-DRB108:01,6237.17,ANZ78847,NGYTVQPIADV,322,372.0
12,HLA-DRB108:01,6238.67,ANZ78847,FAVIGDLKCPL,12,373.0
825,HLA-DRB108:01,6241.45,ANZ78847,AAFVCGDYAAC,825,374.0
609,HLA-DRB108:01,6260.26,ANZ78847,SGLTCSTDLQK,609,375.0
1105,HLA-DRB108:01,6266.55,ANZ78847,SDSTLVKFSAA,1105,376.0
1187,HLA-DRB108:01,6292.37,ANZ78847,YFVNVNNTWMY,1187,377.0
947,HLA-DRB108:01,6299.65,ANZ78847,CVQSYKGIKVL,947,378.0
1081,HLA-DRB108:01,6304.49,ANZ78847,AEAQIDRLING,1081,379.0
83,HLA-DRB108:01,6329.9,ANZ78847,LKGTDKLSTLW,83,380.0
1206,HLA-DRB108:01,6330.95,ANZ78847,EPITENNVVVM,1206,381.0
271,HLA-DRB108:01,6331.37,ANZ78847,YWVTPLTSRQY,271,382.0
498,HLA-DRB108:01,6332.42,ANZ78847,CPCKSNSSLCV,498,383.0
1277,HLA-DRB108:01,6340.54,ANZ78847,RLQEAIKVLNQ,1277,384.0
939,HLA-DRB108:01,6343.7,ANZ78847,GAEIRDLICVQ,939,385.0
454,HLA-DRB108:01,6344.16,ANZ78847,FNPSTWNKRFG,454,386.0
473,HLA-DRB108:01,6345.09,ANZ78847,PQPAGVLTNHD,473,387.0
1226,HLA-DRB108:01,6348.54,ANZ78847,APYVMLNTSIP,1226,388.0
378,HLA-DRB108:01,6352.29,ANZ78847,IQADSFTCNNI,378,389.0
1152,HLA-DRB108:01,6359.99,ANZ78847,LYFIHFSYVPT,1152,390.0
288,HLA-DRB108:01,6372.67,ANZ78847,DGIIFNAVDCM,288,391.0
805,HLA-DRB108:01,6385.54,ANZ78847,TIGNMEEFIQT,805,392.0
1252,HLA-DRB108:01,6389.89,ANZ78847,QTSVAPDLALD,1252,393.0
148,HLA-DRB108:01,6400.36,ANZ78847,INSTQDGVNKL,148,394.0
796,HLA-DRB108:01,6403.38,ANZ78847,YEIQIPSDFTI,796,395.0
578,HLA-DRB108:01,6405.11,ANZ78847,QPQAFLGWSAD,578,396.0
594,HLA-DRB108:01,6409.2,ANZ78847,DKCNIFANLIL,594,397.0
262,HLA-DRB108:01,6413.03,ANZ78847,RRNIGFTLEYW,262,398.0
912,HLA-DRB108:01,6419.86,ANZ78847,SAIEDLLFDKV,912,399.0
157,HLA-DRB108:01,6427.4,ANZ78847,KLQGLLEVSVC,157,400.0
399,HLA-DRB108:01,6427.53,ANZ78847,SSITIDKFAIP,399,401.0
1203,HLA-DRB108:01,6428.08,ANZ78847,YYPEPITENNV,1203,402.0
3,HLA-DRB108:01,6432.68,ANZ78847,ILLISLPTAFA,3,403.0
444,HLA-DRB108:01,6452.75,ANZ78847,LPAANVSVSRF,444,404.0
857,HLA-DRB108:01,6461.61,ANZ78847,NELLDTTQLQV,857,405.0
357,HLA-DRB108:01,6462.74,ANZ78847,LNWERKTFSNC,357,406.0
206,HLA-DRB108:01,6473.18,ANZ78847,FTYDVNATYLY,206,407.0
470,HLA-DRB108:01,6474.69,ANZ78847,VFKPQPAGVLT,470,408.0
771,HLA-DRB108:01,6477.18,ANZ78847,GYRFTNFEPFT,771,409.0
478,HLA-DRB108:01,6479.77,ANZ78847,VLTNHDVVYAQ,478,410.0
1,HLA-DRB108:01,6488.27,ANZ78847,FLILLISLPTA,1,411.0
375,HLA-DRB108:01,6497.01,ANZ78847,MSFIQADSFTC,375,412.0
1299,HLA-DRB108:01,6503.52,ANZ78847,EYYVKWPWYVW,1299,413.0
948,HLA-DRB108:01,6514.11,ANZ78847,VQSYKGIKVLP,948,414.0
325,HLA-DRB108:01,6523.64,ANZ78847,TVQPIADVYRR,325,415.0
1122,HLA-DRB108:01,6574.01,ANZ78847,NECVKSQSSRI,1122,416.0
174,HLA-DRB108:01,6578.98,ANZ78847,YPHTICHPNLG,174,417.0
634,HLA-DRB108:01,6581.14,ANZ78847,LYGISGQGIFV,634,418.0
499,HLA-DRB108:01,6582.66,ANZ78847,PCKSNSSLCVG,499,419.0
1082,HLA-DRB108:01,6598.53,ANZ78847,EAQIDRLINGR,1082,420.0
373,HLA-DRB108:01,6607.12,ANZ78847,SLMSFIQADSF,373,421.0
1344,HLA-DRB108:01,6615.6,ANZ78847,CDDYTGYQELV,1344,422.0
406,HLA-DRB108:01,6645.76,ANZ78847,FAIPNGRKVDL,406,423.0
1305,HLA-DRB108:01,6664.74,ANZ78847,PWYVWLLICLA,1305,424.0
292,HLA-DRB108:01,6695.37,ANZ78847,FNAVDCMSDFM,292,425.0
1109,HLA-DRB108:01,6699.57,ANZ78847,LVKFSAAQAME,1109,426.0
610,HLA-DRB108:01,6705.4,ANZ78847,GLTCSTDLQKA,610,427.0
625,HLA-DRB108:01,6708.41,ANZ78847,KLGVCVNYDLY,625,428.0
971,HLA-DRB108:01,6718.12,ANZ78847,LAATSASLFPP,971,429.0
1188,HLA-DRB108:01,6723.4,ANZ78847,FVNVNNTWMYT,1188,430.0
1043,HLA-DRB108:01,6739.39,ANZ78847,VVNANAEALNN,1043,431.0
1260,HLA-DRB108:01,6741.96,ANZ78847,ALDYINVTFLD,1260,432.0
1314,HLA-DRB108:01,6747.41,ANZ78847,LAGVAMLVLLF,1314,433.0
980,HLA-DRB108:01,6756.3,ANZ78847,PPWTAAAGVPF,980,434.0
231,HLA-DRB108:01,6773.3,ANZ78847,TDTGVVTKFLF,231,435.0
813,HLA-DRB108:01,6774.13,ANZ78847,IQTSSPKVTID,813,436.0
123,HLA-DRB108:01,6794.75,ANZ78847,SEFPAITIGST,123,437.0
304,HLA-DRB108:01,6801.38,ANZ78847,EIKCKTQSIAP,304,438.0
956,HLA-DRB108:01,6804.95,ANZ78847,VLPPLLSENQI,956,439.0
318,HLA-DRB108:01,6813.84,ANZ78847,VYELNGYTVQP,318,440.0
417,HLA-DRB108:01,6815.42,ANZ78847,QLGNLGYLQSF,417,441.0
452,HLA-DRB108:01,6817.07,ANZ78847,SRFNPSTWNKR,452,442.0
1076,HLA-DRB108:01,6827.67,ANZ78847,LDALEAEAQID,1076,443.0
124,HLA-DRB108:01,6831.04,ANZ78847,EFPAITIGSTF,124,444.0
618,HLA-DRB108:01,6833.62,ANZ78847,QKANTDIKLGV,618,445.0
1223,HLA-DRB108:01,6848.73,ANZ78847,YTKAPYVMLNT,1223,446.0
474,HLA-DRB108:01,6865.36,ANZ78847,QPAGVLTNHDV,474,447.0
461,HLA-DRB108:01,6870.66,ANZ78847,KRFGFIEDSVF,461,448.0
167,HLA-DRB108:01,6874.51,ANZ78847,CQYNMCEYPHT,167,449.0
920,HLA-DRB108:01,6886.48,ANZ78847,DKVKLSDVGFV,920,450.0
1044,HLA-DRB108:01,6887.31,ANZ78847,VNANAEALNNL,1044,451.0
651,HLA-DRB108:01,6889.63,ANZ78847,YNSWQNLLYDS,651,452.0
1279,HLA-DRB108:01,6900.22,ANZ78847,QEAIKVLNQSY,1279,453.0
1121,HLA-DRB108:01,6915.46,ANZ78847,VNECVKSQSSR,1121,454.0
154,HLA-DRB108:01,6936.82,ANZ78847,GVNKLQGLLEV,154,455.0
242,HLA-DRB108:01,6937.99,ANZ78847,NVYLGMALSHY,242,456.0
959,HLA-DRB108:01,6940.27,ANZ78847,PLLSENQISGY,959,457.0
207,HLA-DRB108:01,6953.07,ANZ78847,TYDVNATYLYF,207,458.0
1041,HLA-DRB108:01,6959.75,ANZ78847,QAVVNANAEAL,1041,459.0
218,HLA-DRB108:01,6976.64,ANZ78847,HFYQEGGTFYA,218,460.0
617,HLA-DRB108:01,6988.17,ANZ78847,LQKANTDIKLG,617,461.0
1212,HLA-DRB108:01,6990.43,ANZ78847,NVVVMSTCAVN,1212,462.0
690,HLA-DRB108:01,6996.31,ANZ78847,AFHANSSEPAL,690,463.0
748,HLA-DRB108:01,7006.18,ANZ78847,LTVGSGYCVDY,748,464.0
1116,HLA-DRB108:01,7010.15,ANZ78847,QAMEKVNECVK,1116,465.0
943,HLA-DRB108:01,7011.44,ANZ78847,RDLICVQSYKG,943,466.0
1204,HLA-DRB108:01,7011.59,ANZ78847,YPEPITENNVV,1204,467.0
1083,HLA-DRB108:01,7028.68,ANZ78847,AQIDRLINGRL,1083,468.0
822,HLA-DRB108:01,7030.44,ANZ78847,IDCAAFVCGDY,822,469.0
725,HLA-DRB108:01,7031.22,ANZ78847,FDSYLGCVVNA,725,470.0
795,HLA-DRB108:01,7033.46,ANZ78847,LYEIQIPSDFT,795,471.0
665,HLA-DRB108:01,7038.22,ANZ78847,LYGFRDYLTNR,665,472.0
139,HLA-DRB108:01,7040.1,ANZ78847,YSVVVQPRTIN,139,473.0
1329,HLA-DRB108:01,7051.24,ANZ78847,CTGCGTSCFKK,1329,474.0
877,HLA-DRB108:01,7051.44,ANZ78847,LSTKLKDGVNF,877,475.0
867,HLA-DRB108:01,7062.18,ANZ78847,VANSLMNGVTL,867,476.0
999,HLA-DRB108:01,7075.66,ANZ78847,NGLGVTMDVLS,999,477.0
938,HLA-DRB108:01,7111.14,ANZ78847,GGAEIRDLICV,938,478.0
282,HLA-DRB108:01,7112.35,ANZ78847,LLAFNQDGIIF,282,479.0
1307,HLA-DRB108:01,7121.32,ANZ78847,YVWLLICLAGV,1307,480.0
714,HLA-DRB108:01,7128.9,ANZ78847,SLTRQLQPINY,714,481.0
1162,HLA-DRB108:01,7133.84,ANZ78847,TKYVTAKVSPG,1162,482.0
731,HLA-DRB108:01,7148.65,ANZ78847,CVVNAYNSTAI,731,483.0
540,HLA-DRB108:01,7155.29,ANZ78847,TFTGPYKCPQS,540,484.0
107,HLA-DRB108:01,7155.59,ANZ78847,FAKVKNTKVFK,107,485.0
1315,HLA-DRB108:01,7157.01,ANZ78847,AGVAMLVLLFF,1315,486.0
125,HLA-DRB108:01,7171.22,ANZ78847,FPAITIGSTFV,125,487.0
171,HLA-DRB108:01,7171.65,ANZ78847,MCEYPHTICHP,171,488.0
9,HLA-DRB108:01,7183.39,ANZ78847,PTAFAVIGDLK,9,489.0
1029,HLA-DRB108:01,7191.18,ANZ78847,GFDATNSALVK,1029,490.0
894,HLA-DRB108:01,7195.3,ANZ78847,FSSVLGCLGSE,894,491.0
220,HLA-DRB108:01,7227.96,ANZ78847,YQEGGTFYAYF,220,492.0
1165,HLA-DRB108:01,7234.92,ANZ78847,VTAKVSPGLCI,1165,493.0
370,HLA-DRB108:01,7242.93,ANZ78847,NMSSLMSFIQA,370,494.0
1072,HLA-DRB108:01,7252.72,ANZ78847,ILSRLDALEAE,1072,495.0
1131,HLA-DRB108:01,7264.46,ANZ78847,RINFCGNGNHI,1131,496.0
209,HLA-DRB108:01,7277.31,ANZ78847,DVNATYLYFHF,209,497.0
993,HLA-DRB108:01,7282.73,ANZ78847,NVQYRINGLGV,993,498.0
791,HLA-DRB108:01,7284.66,ANZ78847,PVGGLYEIQIP,791,499.0
1061,HLA-DRB108:01,7295.46,ANZ78847,RFGAISSSLQE,1061,500.0
524,HLA-DRB108:01,7303.18,ANZ78847,GTNYLTCHNLC,524,501.0
836,HLA-DRB108:01,7327.51,ANZ78847,KSQLVEYGSFC,836,502.0
93,HLA-DRB108:01,7335.27,ANZ78847,WFKPPFLSDFI,93,503.0
309,HLA-DRB108:01,7354.95,ANZ78847,TQSIAPPTGVY,309,504.0
763,HLA-DRB108:01,7366.72,ANZ78847,RSRRAITTGYR,763,505.0
1282,HLA-DRB108:01,7367.48,ANZ78847,IKVLNQSYINL,1282,506.0
1316,HLA-DRB108:01,7384.07,ANZ78847,GVAMLVLLFFI,1316,507.0
734,HLA-DRB108:01,7395.03,ANZ78847,NAYNSTAISVQ,734,508.0
914,HLA-DRB108:01,7395.14,ANZ78847,IEDLLFDKVKL,914,509.0
1331,HLA-DRB108:01,7402.7,ANZ78847,GCGTSCFKKCG,1331,510.0
1107,HLA-DRB108:01,7406.49,ANZ78847,STLVKFSAAQA,1107,511.0
136,HLA-DRB108:01,7406.51,ANZ78847,NTSYSVVVQPR,136,512.0
1096,HLA-DRB108:01,7408.69,ANZ78847,LNAYVSQQLSD,1096,513.0
1167,HLA-DRB108:01,7424.3,ANZ78847,AKVSPGLCIAG,1167,514.0
1161,HLA-DRB108:01,7428.59,ANZ78847,PTKYVTAKVSP,1161,515.0
1216,HLA-DRB108:01,7431.19,ANZ78847,MSTCAVNYTKA,1216,516.0
455,HLA-DRB108:01,7441.0,ANZ78847,NPSTWNKRFGF,455,517.0
1181,HLA-DRB108:01,7441.51,ANZ78847,IAPKSGYFVNV,1181,518.0
110,HLA-DRB108:01,7450.99,ANZ78847,VKNTKVFKDGV,110,519.0
1179,HLA-DRB108:01,7453.35,ANZ78847,RGIAPKSGYFV,1179,520.0
60,HLA-DRB108:01,7454.68,ANZ78847,YLNTTLFLNGY,60,521.0
866,HLA-DRB108:01,7456.25,ANZ78847,QVANSLMNGVT,866,522.0
1001,HLA-DRB108:01,7456.99,ANZ78847,LGVTMDVLSQN,1001,523.0
624,HLA-DRB108:01,7465.46,ANZ78847,IKLGVCVNYDL,624,524.0
722,HLA-DRB108:01,7508.73,ANZ78847,INYFDSYLGCV,722,525.0
1034,HLA-DRB108:01,7526.33,ANZ78847,NSALVKIQAVV,1034,526.0
545,HLA-DRB108:01,7534.7,ANZ78847,YKCPQSKSLVG,545,527.0
1054,HLA-DRB108:01,7534.75,ANZ78847,LLQQLSNRFGA,1054,528.0
994,HLA-DRB108:01,7536.11,ANZ78847,VQYRINGLGVT,994,529.0
284,HLA-DRB108:01,7543.21,ANZ78847,AFNQDGIIFNA,284,530.0
1084,HLA-DRB108:01,7557.18,ANZ78847,QIDRLINGRLT,1084,531.0
1133,HLA-DRB108:01,7582.39,ANZ78847,NFCGNGNHIIS,1133,532.0
676,HLA-DRB108:01,7593.27,ANZ78847,TFMIRSCYSGR,676,533.0
555,HLA-DRB108:01,7598.62,ANZ78847,GIGEHCSGLAV,555,534.0
1250,HLA-DRB108:01,7601.2,ANZ78847,KNQTSVAPDLA,1250,535.0
59,HLA-DRB108:01,7607.37,ANZ78847,VYLNTTLFLNG,59,536.0
4,HLA-DRB108:01,7624.11,ANZ78847,LLISLPTAFAV,4,537.0
577,HLA-DRB108:01,7632.24,ANZ78847,CQPQAFLGWSA,577,538.0
746,HLA-DRB108:01,7635.95,ANZ78847,CDLTVGSGYCV,746,539.0
1286,HLA-DRB108:01,7642.54,ANZ78847,NQSYINLKDIG,1286,540.0
636,HLA-DRB108:01,7651.73,ANZ78847,GISGQGIFVEV,636,541.0
1330,HLA-DRB108:01,7673.4,ANZ78847,TGCGTSCFKKC,1330,542.0
140,HLA-DRB108:01,7716.01,ANZ78847,SVVVQPRTINS,140,543.0
84,HLA-DRB108:01,7734.2,ANZ78847,KGTDKLSTLWF,84,544.0
1115,HLA-DRB108:01,7740.69,ANZ78847,AQAMEKVNECV,1115,545.0
869,HLA-DRB108:01,7766.93,ANZ78847,NSLMNGVTLST,869,546.0
780,HLA-DRB108:01,7771.95,ANZ78847,FTVNSVNDSLE,780,547.0
1140,HLA-DRB108:01,7772.05,ANZ78847,HIISLVQNAPY,1140,548.0
1186,HLA-DRB108:01,7782.66,ANZ78847,GYFVNVNNTWM,1186,549.0
314,HLA-DRB108:01,7783.23,ANZ78847,PPTGVYELNGY,314,550.0
1346,HLA-DRB108:01,7787.38,ANZ78847,DYTGYQELVIK,1346,551.0
523,HLA-DRB108:01,7799.98,ANZ78847,AGTNYLTCHNL,523,552.0
423,HLA-DRB108:01,7800.21,ANZ78847,YLQSFNYRIDT,423,553.0
118,HLA-DRB108:01,7825.91,ANZ78847,DGVMYSEFPAI,118,554.0
1168,HLA-DRB108:01,7827.18,ANZ78847,KVSPGLCIAGD,1168,555.0
1202,HLA-DRB108:01,7861.17,ANZ78847,YYYPEPITENN,1202,556.0
471,HLA-DRB108:01,7865.84,ANZ78847,FKPQPAGVLTN,471,557.0
181,HLA-DRB108:01,7867.1,ANZ78847,PNLGNHFKELW,181,558.0
212,HLA-DRB108:01,7885.36,ANZ78847,ATYLYFHFYQE,212,559.0
984,HLA-DRB108:01,7889.02,ANZ78847,AAAGVPFYLNV,984,560.0
996,HLA-DRB108:01,7890.94,ANZ78847,YRINGLGVTMD,996,561.0
648,HLA-DRB108:01,7923.62,ANZ78847,ATYYNSWQNLL,648,562.0
1038,HLA-DRB108:01,7928.84,ANZ78847,VKIQAVVNANA,1038,563.0
54,HLA-DRB108:01,7949.8,ANZ78847,YVLDRVYLNTT,54,564.0
782,HLA-DRB108:01,7953.9,ANZ78847,VNSVNDSLEPV,782,565.0
527,HLA-DRB108:01,7954.86,ANZ78847,YLTCHNLCNPD,527,566.0
1000,HLA-DRB108:01,7955.75,ANZ78847,GLGVTMDVLSQ,1000,567.0
990,HLA-DRB108:01,7961.4,ANZ78847,FYLNVQYRING,990,568.0
82,HLA-DRB108:01,7971.75,ANZ78847,ALKGTDKLSTL,82,569.0
290,HLA-DRB108:01,7974.51,ANZ78847,IIFNAVDCMSD,290,570.0
172,HLA-DRB108:01,7976.97,ANZ78847,CEYPHTICHPN,172,571.0
556,HLA-DRB108:01,7985.52,ANZ78847,IGEHCSGLAVK,556,572.0
879,HLA-DRB108:01,7988.89,ANZ78847,TKLKDGVNFNV,879,573.0
957,HLA-DRB108:01,8000.05,ANZ78847,LPPLLSENQIS,957,574.0
685,HLA-DRB108:01,8002.77,ANZ78847,GRVSAAFHANS,685,575.0
301,HLA-DRB108:01,8011.68,ANZ78847,FMSEIKCKTQS,301,576.0
870,HLA-DRB108:01,8014.63,ANZ78847,SLMNGVTLSTK,870,577.0
1088,HLA-DRB108:01,8039.33,ANZ78847,LINGRLTALNA,1088,578.0
518,HLA-DRB108:01,8057.81,ANZ78847,IGTCPAGTNYL,518,579.0
767,HLA-DRB108:01,8074.17,ANZ78847,AITTGYRFTNF,767,580.0
737,HLA-DRB108:01,8076.78,ANZ78847,NSTAISVQTCD,737,581.0
1239,HLA-DRB108:01,8093.49,ANZ78847,PDFREELDQWF,1239,582.0
590,HLA-DRB108:01,8095.19,ANZ78847,CLQGDKCNIFA,590,583.0
1094,HLA-DRB108:01,8099.14,ANZ78847,TALNAYVSQQL,1094,584.0
1238,HLA-DRB108:01,8102.77,ANZ78847,LPDFREELDQW,1238,585.0
226,HLA-DRB108:01,8146.75,ANZ78847,FYAYFTDTGVV,226,586.0
741,HLA-DRB108:01,8162.83,ANZ78847,ISVQTCDLTVG,741,587.0
647,HLA-DRB108:01,8195.45,ANZ78847,NATYYNSWQNL,647,588.0
595,HLA-DRB108:01,8198.16,ANZ78847,KCNIFANLILH,595,589.0
622,HLA-DRB108:01,8234.57,ANZ78847,TDIKLGVCVNY,622,590.0
270,HLA-DRB108:01,8235.76,ANZ78847,EYWVTPLTSRQ,270,591.0
1012,HLA-DRB108:01,8253.08,ANZ78847,QKLIANAFNNA,1012,592.0
356,HLA-DRB108:01,8261.71,ANZ78847,PLNWERKTFSN,356,593.0
203,HLA-DRB108:01,8279.47,ANZ78847,KRNFTYDVNAT,203,594.0
865,HLA-DRB108:01,8280.94,ANZ78847,LQVANSLMNGV,865,595.0
114,HLA-DRB108:01,8285.37,ANZ78847,KVFKDGVMYSE,114,596.0
848,HLA-DRB108:01,8306.52,ANZ78847,NINAILTEVNE,848,597.0
1118,HLA-DRB108:01,8307.5,ANZ78847,MEKVNECVKSQ,1118,598.0
434,HLA-DRB108:01,8312.63,ANZ78847,TATSCQLYYNL,434,599.0
699,HLA-DRB108:01,8319.4,ANZ78847,ALLFRNIKCNY,699,600.0
1173,HLA-DRB108:01,8327.23,ANZ78847,LCIAGDRGIAP,1173,601.0
460,HLA-DRB108:01,8336.17,ANZ78847,NKRFGFIEDSV,460,602.0
184,HLA-DRB108:01,8338.59,ANZ78847,GNHFKELWHMD,184,603.0
911,HLA-DRB108:01,8346.32,ANZ78847,RSAIEDLLFDK,911,604.0
633,HLA-DRB108:01,8357.86,ANZ78847,DLYGISGQGIF,633,605.0
986,HLA-DRB108:01,8363.35,ANZ78847,AGVPFYLNVQY,986,606.0
616,HLA-DRB108:01,8374.78,ANZ78847,DLQKANTDIKL,616,607.0
543,HLA-DRB108:01,8377.51,ANZ78847,GPYKCPQSKSL,543,608.0
789,HLA-DRB108:01,8378.37,ANZ78847,LEPVGGLYEIQ,789,609.0
1270,HLA-DRB108:01,8392.58,ANZ78847,DLQVEMNRLQE,1270,610.0
465,HLA-DRB108:01,8393.93,ANZ78847,FIEDSVFKPQP,465,611.0
526,HLA-DRB108:01,8394.68,ANZ78847,NYLTCHNLCNP,526,612.0
1155,HLA-DRB108:01,8401.84,ANZ78847,IHFSYVPTKYV,1155,613.0
1042,HLA-DRB108:01,8408.78,ANZ78847,AVVNANAEALN,1042,614.0
892,HLA-DRB108:01,8409.91,ANZ78847,INFSSVLGCLG,892,615.0
479,HLA-DRB108:01,8412.96,ANZ78847,LTNHDVVYAQH,479,616.0
715,HLA-DRB108:01,8421.99,ANZ78847,LTRQLQPINYF,715,617.0
898,HLA-DRB108:01,8429.91,ANZ78847,LGCLGSECSKA,898,618.0
285,HLA-DRB108:01,8456.93,ANZ78847,FNQDGIIFNAV,285,619.0
893,HLA-DRB108:01,8471.48,ANZ78847,NFSSVLGCLGS,893,620.0
1147,HLA-DRB108:01,8475.31,ANZ78847,NAPYGLYFIHF,1147,621.0
1052,HLA-DRB108:01,8475.36,ANZ78847,NNLLQQLSNRF,1052,622.0
1023,HLA-DRB108:01,8481.68,ANZ78847,LDAIQEGFDAT,1023,623.0
862,HLA-DRB108:01,8482.07,ANZ78847,TTQLQVANSLM,862,624.0
1119,HLA-DRB108:01,8484.48,ANZ78847,EKVNECVKSQS,1119,625.0
390,HLA-DRB108:01,8487.03,ANZ78847,AAKIYGMCFSS,390,626.0
372,HLA-DRB108:01,8493.16,ANZ78847,SSLMSFIQADS,372,627.0
180,HLA-DRB108:01,8508.28,ANZ78847,HPNLGNHFKEL,180,628.0
1274,HLA-DRB108:01,8533.59,ANZ78847,EMNRLQEAIKV,1274,629.0
109,HLA-DRB108:01,8540.36,ANZ78847,KVKNTKVFKDG,109,630.0
1144,HLA-DRB108:01,8565.66,ANZ78847,LVQNAPYGLYF,1144,631.0
1269,HLA-DRB108:01,8571.15,ANZ78847,LDLQVEMNRLQ,1269,632.0
1100,HLA-DRB108:01,8572.85,ANZ78847,VSQQLSDSTLV,1100,633.0
551,HLA-DRB108:01,8574.29,ANZ78847,KSLVGIGEHCS,551,634.0
1120,HLA-DRB108:01,8576.67,ANZ78847,KVNECVKSQSS,1120,635.0
80,HLA-DRB108:01,8579.97,ANZ78847,NMALKGTDKLS,80,636.0
1013,HLA-DRB108:01,8600.37,ANZ78847,KLIANAFNNAL,1013,637.0
718,HLA-DRB108:01,8609.78,ANZ78847,QLQPINYFDSY,718,638.0
832,HLA-DRB108:01,8620.67,ANZ78847,YAACKSQLVEY,832,639.0
501,HLA-DRB108:01,8644.16,ANZ78847,KSNSSLCVGSG,501,640.0
56,HLA-DRB108:01,8659.54,ANZ78847,LDRVYLNTTLF,56,641.0
1348,HLA-DRB108:01,8669.36,ANZ78847,TGYQELVIKTS,1348,642.0
1262,HLA-DRB108:01,8671.01,ANZ78847,DYINVTFLDLQ,1262,643.0
930,HLA-DRB108:01,8675.73,ANZ78847,VAAYNNCTGGA,930,644.0
1048,HLA-DRB108:01,8692.67,ANZ78847,AEALNNLLQQL,1048,645.0
267,HLA-DRB108:01,8699.32,ANZ78847,FTLEYWVTPLT,267,646.0
743,HLA-DRB108:01,8700.08,ANZ78847,VQTCDLTVGSG,743,647.0
1002,HLA-DRB108:01,8718.25,ANZ78847,GVTMDVLSQNQ,1002,648.0
232,HLA-DRB108:01,8718.9,ANZ78847,DTGVVTKFLFN,232,649.0
159,HLA-DRB108:01,8725.81,ANZ78847,QGLLEVSVCQY,159,650.0
192,HLA-DRB108:01,8730.27,ANZ78847,HMDTGVVSCLY,192,651.0
1196,HLA-DRB108:01,8733.39,ANZ78847,MYTGSGYYYPE,1196,652.0
1126,HLA-DRB108:01,8738.13,ANZ78847,KSQSSRINFCG,1126,653.0
607,HLA-DRB108:01,8748.85,ANZ78847,VNSGLTCSTDL,607,654.0
169,HLA-DRB108:01,8749.57,ANZ78847,YNMCEYPHTIC,169,655.0
500,HLA-DRB108:01,8754.77,ANZ78847,CKSNSSLCVGS,500,656.0
429,HLA-DRB108:01,8758.23,ANZ78847,YRIDTTATSCQ,429,657.0
694,HLA-DRB108:01,8759.21,ANZ78847,NSSEPALLFRN,694,658.0
336,HLA-DRB108:01,8763.55,ANZ78847,KPDLPNCNIEA,336,659.0
853,HLA-DRB108:01,8774.68,ANZ78847,LTEVNELLDTT,853,660.0
553,HLA-DRB108:01,8775.47,ANZ78847,LVGIGEHCSGL,553,661.0
572,HLA-DRB108:01,8795.41,ANZ78847,GNPCTCQPQAF,572,662.0
733,HLA-DRB108:01,8866.41,ANZ78847,VNAYNSTAISV,733,663.0
464,HLA-DRB108:01,8884.79,ANZ78847,GFIEDSVFKPQ,464,664.0
1306,HLA-DRB108:01,8886.96,ANZ78847,WYVWLLICLAG,1306,665.0
900,HLA-DRB108:01,8887.83,ANZ78847,CLGSECSKASS,900,666.0
387,HLA-DRB108:01,8900.02,ANZ78847,NIDAAKIYGMC,387,667.0
79,HLA-DRB108:01,8901.0,ANZ78847,RNMALKGTDKL,79,668.0
967,HLA-DRB108:01,8901.55,ANZ78847,SGYTLAATSAS,967,669.0
344,HLA-DRB108:01,8910.8,ANZ78847,IEAWLNDKSVP,344,670.0
480,HLA-DRB108:01,8943.54,ANZ78847,TNHDVVYAQHC,480,671.0
628,HLA-DRB108:01,8945.81,ANZ78847,VCVNYDLYGIS,628,672.0
441,HLA-DRB108:01,8948.89,ANZ78847,YYNLPAANVSV,441,673.0
310,HLA-DRB108:01,8957.32,ANZ78847,QSIAPPTGVYE,310,674.0
143,HLA-DRB108:01,8967.36,ANZ78847,VQPRTINSTQD,143,675.0
1097,HLA-DRB108:01,8970.54,ANZ78847,NAYVSQQLSDS,1097,676.0
659,HLA-DRB108:01,9006.74,ANZ78847,YDSNGNLYGFR,659,677.0
466,HLA-DRB108:01,9006.76,ANZ78847,IEDSVFKPQPA,466,678.0
131,HLA-DRB108:01,9011.0,ANZ78847,GSTFVNTSYSV,131,679.0
554,HLA-DRB108:01,9011.83,ANZ78847,VGIGEHCSGLA,554,680.0
744,HLA-DRB108:01,9023.56,ANZ78847,QTCDLTVGSGY,744,681.0
742,HLA-DRB108:01,9026.13,ANZ78847,SVQTCDLTVGS,742,682.0
1036,HLA-DRB108:01,9032.07,ANZ78847,ALVKIQAVVNA,1036,683.0
880,HLA-DRB108:01,9032.7,ANZ78847,KLKDGVNFNVD,880,684.0
300,HLA-DRB108:01,9050.59,ANZ78847,DFMSEIKCKTQ,300,685.0
1151,HLA-DRB108:01,9066.77,ANZ78847,GLYFIHFSYVP,1151,686.0
463,HLA-DRB108:01,9076.7,ANZ78847,FGFIEDSVFKP,463,687.0
933,HLA-DRB108:01,9081.15,ANZ78847,YNNCTGGAEIR,933,688.0
215,HLA-DRB108:01,9082.21,ANZ78847,LYFHFYQEGGT,215,689.0
1231,HLA-DRB108:01,9089.27,ANZ78847,LNTSIPNLPDF,1231,690.0
684,HLA-DRB108:01,9089.78,ANZ78847,SGRVSAAFHAN,684,691.0
638,HLA-DRB108:01,9098.95,ANZ78847,SGQGIFVEVNA,638,692.0
1178,HLA-DRB108:01,9099.42,ANZ78847,DRGIAPKSGYF,1178,693.0
111,HLA-DRB108:01,9100.59,ANZ78847,KNTKVFKDGVM,111,694.0
1056,HLA-DRB108:01,9101.36,ANZ78847,QQLSNRFGAIS,1056,695.0
489,HLA-DRB108:01,9103.55,ANZ78847,HCFKAPKNFCP,489,696.0
768,HLA-DRB108:01,9108.72,ANZ78847,ITTGYRFTNFE,768,697.0
86,HLA-DRB108:01,9126.32,ANZ78847,TDKLSTLWFKP,86,698.0
759,HLA-DRB108:01,9145.89,ANZ78847,SKNRRSRRAIT,759,699.0
404,HLA-DRB108:01,9158.91,ANZ78847,DKFAIPNGRKV,404,700.0
713,HLA-DRB108:01,9172.26,ANZ78847,NSLTRQLQPIN,713,701.0
823,HLA-DRB108:01,9174.61,ANZ78847,DCAAFVCGDYA,823,702.0
580,HLA-DRB108:01,9181.09,ANZ78847,QAFLGWSADSC,580,703.0
1049,HLA-DRB108:01,9184.7,ANZ78847,EALNNLLQQLS,1049,704.0
658,HLA-DRB108:01,9185.24,ANZ78847,LYDSNGNLYGF,658,705.0
326,HLA-DRB108:01,9186.13,ANZ78847,VQPIADVYRRK,326,706.0
333,HLA-DRB108:01,9187.48,ANZ78847,YRRKPDLPNCN,333,707.0
1163,HLA-DRB108:01,9195.74,ANZ78847,KYVTAKVSPGL,1163,708.0
1240,HLA-DRB108:01,9206.63,ANZ78847,DFREELDQWFK,1240,709.0
222,HLA-DRB108:01,9222.05,ANZ78847,EGGTFYAYFTD,222,710.0
305,HLA-DRB108:01,9237.83,ANZ78847,IKCKTQSIAPP,305,711.0
228,HLA-DRB108:01,9237.99,ANZ78847,AYFTDTGVVTK,228,712.0
200,HLA-DRB108:01,9255.37,ANZ78847,CLYKRNFTYDV,200,713.0
225,HLA-DRB108:01,9261.93,ANZ78847,TFYAYFTDTGV,225,714.0
120,HLA-DRB108:01,9262.15,ANZ78847,VMYSEFPAITI,120,715.0
620,HLA-DRB108:01,9262.77,ANZ78847,ANTDIKLGVCV,620,716.0
266,HLA-DRB108:01,9263.31,ANZ78847,GFTLEYWVTPL,266,717.0
1164,HLA-DRB108:01,9276.8,ANZ78847,YVTAKVSPGLC,1164,718.0
846,HLA-DRB108:01,9285.11,ANZ78847,CDNINAILTEV,846,719.0
432,HLA-DRB108:01,9292.91,ANZ78847,DTTATSCQLYY,432,720.0
667,HLA-DRB108:01,9293.53,ANZ78847,GFRDYLTNRTF,667,721.0
997,HLA-DRB108:01,9295.46,ANZ78847,RINGLGVTMDV,997,722.0
1112,HLA-DRB108:01,9301.65,ANZ78847,FSAAQAMEKVN,1112,723.0
1325,HLA-DRB108:01,9307.02,ANZ78847,FICCCTGCGTS,1325,724.0
560,HLA-DRB108:01,9313.49,ANZ78847,CSGLAVKSDYC,560,725.0
247,HLA-DRB108:01,9317.03,ANZ78847,MALSHYYVMPL,247,726.0
1073,HLA-DRB108:01,9317.55,ANZ78847,LSRLDALEAEA,1073,727.0
1322,HLA-DRB108:01,9349.5,ANZ78847,LLFFICCCTGC,1322,728.0
448,HLA-DRB108:01,9402.21,ANZ78847,NVSVSRFNPST,448,729.0
916,HLA-DRB108:01,9405.84,ANZ78847,DLLFDKVKLSD,916,730.0
342,HLA-DRB108:01,9413.35,ANZ78847,CNIEAWLNDKS,342,731.0
1256,HLA-DRB108:01,9416.15,ANZ78847,APDLALDYINV,1256,732.0
600,HLA-DRB108:01,9421.92,ANZ78847,ANLILHDVNSG,600,733.0
828,HLA-DRB108:01,9440.36,ANZ78847,VCGDYAACKSQ,828,734.0
946,HLA-DRB108:01,9454.73,ANZ78847,ICVQSYKGIKV,946,735.0
702,HLA-DRB108:01,9472.98,ANZ78847,FRNIKCNYVFN,702,736.0
640,HLA-DRB108:01,9473.43,ANZ78847,QGIFVEVNATY,640,737.0
236,HLA-DRB108:01,9473.63,ANZ78847,VTKFLFNVYLG,236,738.0
45,HLA-DRB108:01,9475.12,ANZ78847,DVTNGLGTYYV,45,739.0
747,HLA-DRB108:01,9487.23,ANZ78847,DLTVGSGYCVD,747,740.0
711,HLA-DRB108:01,9526.83,ANZ78847,FNNSLTRQLQP,711,741.0
589,HLA-DRB108:01,9536.95,ANZ78847,SCLQGDKCNIF,589,742.0
1143,HLA-DRB108:01,9537.42,ANZ78847,SLVQNAPYGLY,1143,743.0
976,HLA-DRB108:01,9540.47,ANZ78847,ASLFPPWTAAA,976,744.0
1230,HLA-DRB108:01,9547.47,ANZ78847,MLNTSIPNLPD,1230,745.0
458,HLA-DRB108:01,9547.81,ANZ78847,TWNKRFGFIED,458,746.0
1077,HLA-DRB108:01,9555.43,ANZ78847,DALEAEAQIDR,1077,747.0
1327,HLA-DRB108:01,9626.36,ANZ78847,CCCTGCGTSCF,1327,748.0
457,HLA-DRB108:01,9680.63,ANZ78847,STWNKRFGFIE,457,749.0
277,HLA-DRB108:01,9684.6,ANZ78847,TSRQYLLAFNQ,277,750.0
101,HLA-DRB108:01,9685.9,ANZ78847,DFINGIFAKVK,101,751.0
579,HLA-DRB108:01,9686.68,ANZ78847,PQAFLGWSADS,579,752.0
98,HLA-DRB108:01,9701.86,ANZ78847,FLSDFINGIFA,98,753.0
327,HLA-DRB108:01,9712.87,ANZ78847,QPIADVYRRKP,327,754.0
1045,HLA-DRB108:01,9722.71,ANZ78847,NANAEALNNLL,1045,755.0
337,HLA-DRB108:01,9724.07,ANZ78847,PDLPNCNIEAW,337,756.0
116,HLA-DRB108:01,9729.46,ANZ78847,FKDGVMYSEFP,116,757.0
1127,HLA-DRB108:01,9733.09,ANZ78847,SQSSRINFCGN,1127,758.0
112,HLA-DRB108:01,9737.35,ANZ78847,NTKVFKDGVMY,112,759.0
1095,HLA-DRB108:01,9752.37,ANZ78847,ALNAYVSQQLS,1095,760.0
885,HLA-DRB108:01,9773.61,ANZ78847,VNFNVDDINFS,885,761.0
927,HLA-DRB108:01,9783.16,ANZ78847,VGFVAAYNNCT,927,762.0
901,HLA-DRB108:01,9793.48,ANZ78847,LGSECSKASSR,901,763.0
359,HLA-DRB108:01,9802.02,ANZ78847,WERKTFSNCNF,359,764.0
958,HLA-DRB108:01,9808.61,ANZ78847,PPLLSENQISG,958,765.0
929,HLA-DRB108:01,9817.74,ANZ78847,FVAAYNNCTGG,929,766.0
1021,HLA-DRB108:01,9820.27,ANZ78847,NALDAIQEGFD,1021,767.0
1110,HLA-DRB108:01,9822.88,ANZ78847,VKFSAAQAMEK,1110,768.0
663,HLA-DRB108:01,9840.24,ANZ78847,GNLYGFRDYLT,663,769.0
265,HLA-DRB108:01,9862.6,ANZ78847,IGFTLEYWVTP,265,770.0
312,HLA-DRB108:01,9887.36,ANZ78847,IAPPTGVYELN,312,771.0
584,HLA-DRB108:01,9895.29,ANZ78847,GWSADSCLQGD,584,772.0
221,HLA-DRB108:01,9897.41,ANZ78847,QEGGTFYAYFT,221,773.0
414,HLA-DRB108:01,9906.69,ANZ78847,VDLQLGNLGYL,414,774.0
1123,HLA-DRB108:01,9909.17,ANZ78847,ECVKSQSSRIN,1123,775.0
211,HLA-DRB108:01,9919.53,ANZ78847,NATYLYFHFYQ,211,776.0
614,HLA-DRB108:01,9937.83,ANZ78847,STDLQKANTDI,614,777.0
657,HLA-DRB108:01,9945.74,ANZ78847,LLYDSNGNLYG,657,778.0
241,HLA-DRB108:01,9945.96,ANZ78847,FNVYLGMALSH,241,779.0
810,HLA-DRB108:01,9952.44,ANZ78847,EEFIQTSSPKV,810,780.0
291,HLA-DRB108:01,9955.86,ANZ78847,IFNAVDCMSDF,291,781.0
87,HLA-DRB108:01,9977.52,ANZ78847,DKLSTLWFKPP,87,782.0
1255,HLA-DRB108:01,9982.0,ANZ78847,VAPDLALDYIN,1255,783.0
1217,HLA-DRB108:01,9990.4,ANZ78847,STCAVNYTKAP,1217,784.0
582,HLA-DRB108:01,10003.34,ANZ78847,FLGWSADSCLQ,582,785.0
975,HLA-DRB108:01,10015.26,ANZ78847,SASLFPPWTAA,975,786.0
234,HLA-DRB108:01,10028.65,ANZ78847,GVVTKFLFNVY,234,787.0
451,HLA-DRB108:01,10052.02,ANZ78847,VSRFNPSTWNK,451,788.0
576,HLA-DRB108:01,10055.19,ANZ78847,TCQPQAFLGWS,576,789.0
328,HLA-DRB108:01,10056.44,ANZ78847,PIADVYRRKPD,328,790.0
797,HLA-DRB108:01,10072.57,ANZ78847,EIQIPSDFTIG,797,791.0
313,HLA-DRB108:01,10087.94,ANZ78847,APPTGVYELNG,313,792.0
235,HLA-DRB108:01,10092.13,ANZ78847,VVTKFLFNVYL,235,793.0
608,HLA-DRB108:01,10093.07,ANZ78847,NSGLTCSTDLQ,608,794.0
626,HLA-DRB108:01,10095.26,ANZ78847,LGVCVNYDLYG,626,795.0
1028,HLA-DRB108:01,10096.17,ANZ78847,EGFDATNSALV,1028,796.0
786,HLA-DRB108:01,10109.74,ANZ78847,NDSLEPVGGLY,786,797.0
1317,HLA-DRB108:01,10119.96,ANZ78847,VAMLVLLFFIC,1317,798.0
117,HLA-DRB108:01,10120.04,ANZ78847,KDGVMYSEFPA,117,799.0
876,HLA-DRB108:01,10135.21,ANZ78847,TLSTKLKDGVN,876,800.0
147,HLA-DRB108:01,10140.27,ANZ78847,TINSTQDGVNK,147,801.0
662,HLA-DRB108:01,10141.93,ANZ78847,NGNLYGFRDYL,662,802.0
119,HLA-DRB108:01,10143.11,ANZ78847,GVMYSEFPAIT,119,803.0
987,HLA-DRB108:01,10150.92,ANZ78847,GVPFYLNVQYR,987,804.0
1137,HLA-DRB108:01,10173.52,ANZ78847,NGNHIISLVQN,1137,805.0
442,HLA-DRB108:01,10176.64,ANZ78847,YNLPAANVSVS,442,806.0
884,HLA-DRB108:01,10182.89,ANZ78847,GVNFNVDDINF,884,807.0
729,HLA-DRB108:01,10193.48,ANZ78847,LGCVVNAYNST,729,808.0
1189,HLA-DRB108:01,10212.94,ANZ78847,VNVNNTWMYTG,1189,809.0
188,HLA-DRB108:01,10228.16,ANZ78847,KELWHMDTGVV,188,810.0
1117,HLA-DRB108:01,10232.05,ANZ78847,AMEKVNECVKS,1117,811.0
1229,HLA-DRB108:01,10233.71,ANZ78847,VMLNTSIPNLP,1229,812.0
1135,HLA-DRB108:01,10234.42,ANZ78847,CGNGNHIISLV,1135,813.0
1136,HLA-DRB108:01,10236.14,ANZ78847,GNGNHIISLVQ,1136,814.0
1242,HLA-DRB108:01,10248.72,ANZ78847,REELDQWFKNQ,1242,815.0
1235,HLA-DRB108:01,10259.64,ANZ78847,IPNLPDFREEL,1235,816.0
1349,HLA-DRB108:01,10264.87,ANZ78847,GYQELVIKTSH,1349,817.0
316,HLA-DRB108:01,10282.68,ANZ78847,TGVYELNGYTV,316,818.0
89,HLA-DRB108:01,10287.61,ANZ78847,LSTLWFKPPFL,89,819.0
728,HLA-DRB108:01,10290.58,ANZ78847,YLGCVVNAYNS,728,820.0
152,HLA-DRB108:01,10365.46,ANZ78847,QDGVNKLQGLL,152,821.0
1177,HLA-DRB108:01,10375.05,ANZ78847,GDRGIAPKSGY,1177,822.0
960,HLA-DRB108:01,10375.68,ANZ78847,LLSENQISGYT,960,823.0
1099,HLA-DRB108:01,10390.5,ANZ78847,YVSQQLSDSTL,1099,824.0
964,HLA-DRB108:01,10399.0,ANZ78847,NQISGYTLAAT,964,825.0
1302,HLA-DRB108:01,10400.87,ANZ78847,VKWPWYVWLLI,1302,826.0
519,HLA-DRB108:01,10411.35,ANZ78847,GTCPAGTNYLT,519,827.0
834,HLA-DRB108:01,10443.33,ANZ78847,ACKSQLVEYGS,834,828.0
1288,HLA-DRB108:01,10491.46,ANZ78847,SYINLKDIGTY,1288,829.0
557,HLA-DRB108:01,10492.08,ANZ78847,GEHCSGLAVKS,557,830.0
1159,HLA-DRB108:01,10493.77,ANZ78847,YVPTKYVTAKV,1159,831.0
531,HLA-DRB108:01,10494.23,ANZ78847,HNLCNPDPITF,531,832.0
13,HLA-DRB108:01,10507.37,ANZ78847,AVIGDLKCPLD,13,833.0
295,HLA-DRB108:01,10526.15,ANZ78847,VDCMSDFMSEI,295,834.0
787,HLA-DRB108:01,10533.31,ANZ78847,DSLEPVGGLYE,787,835.0
186,HLA-DRB108:01,10534.08,ANZ78847,HFKELWHMDTG,186,836.0
1300,HLA-DRB108:01,10545.98,ANZ78847,YYVKWPWYVWL,1300,837.0
197,HLA-DRB108:01,10554.39,ANZ78847,VVSCLYKRNFT,197,838.0
1114,HLA-DRB108:01,10556.35,ANZ78847,AAQAMEKVNEC,1114,839.0
917,HLA-DRB108:01,10558.68,ANZ78847,LLFDKVKLSDV,917,840.0
963,HLA-DRB108:01,10566.73,ANZ78847,ENQISGYTLAA,963,841.0
1247,HLA-DRB108:01,10568.45,ANZ78847,QWFKNQTSVAP,1247,842.0
575,HLA-DRB108:01,10572.75,ANZ78847,CTCQPQAFLGW,575,843.0
835,HLA-DRB108:01,10589.27,ANZ78847,CKSQLVEYGSF,835,844.0
562,HLA-DRB108:01,10591.06,ANZ78847,GLAVKSDYCGG,562,845.0
366,HLA-DRB108:01,10602.47,ANZ78847,NCNFNMSSLMS,366,846.0
1160,HLA-DRB108:01,10631.77,ANZ78847,VPTKYVTAKVS,1160,847.0
97,HLA-DRB108:01,10638.72,ANZ78847,PFLSDFINGIF,97,848.0
469,HLA-DRB108:01,10639.77,ANZ78847,SVFKPQPAGVL,469,849.0
175,HLA-DRB108:01,10641.09,ANZ78847,PHTICHPNLGN,175,850.0
91,HLA-DRB108:01,10643.66,ANZ78847,TLWFKPPFLSD,91,851.0
435,HLA-DRB108:01,10657.15,ANZ78847,ATSCQLYYNLP,435,852.0
978,HLA-DRB108:01,10659.12,ANZ78847,LFPPWTAAAGV,978,853.0
1340,HLA-DRB108:01,10665.04,ANZ78847,CGGCCDDYTGY,1340,854.0
928,HLA-DRB108:01,10679.73,ANZ78847,GFVAAYNNCTG,928,855.0
1293,HLA-DRB108:01,10680.47,ANZ78847,KDIGTYEYYVK,1293,856.0
855,HLA-DRB108:01,10681.77,ANZ78847,EVNELLDTTQL,855,857.0
306,HLA-DRB108:01,10683.83,ANZ78847,KCKTQSIAPPT,306,858.0
428,HLA-DRB108:01,10691.68,ANZ78847,NYRIDTTATSC,428,859.0
462,HLA-DRB108:01,10694.42,ANZ78847,RFGFIEDSVFK,462,860.0
899,HLA-DRB108:01,10711.01,ANZ78847,GCLGSECSKAS,899,861.0
422,HLA-DRB108:01,10713.72,ANZ78847,GYLQSFNYRID,422,862.0
529,HLA-DRB108:01,10715.22,ANZ78847,TCHNLCNPDPI,529,863.0
833,HLA-DRB108:01,10718.54,ANZ78847,AACKSQLVEYG,833,864.0
1308,HLA-DRB108:01,10739.25,ANZ78847,VWLLICLAGVA,1308,865.0
1018,HLA-DRB108:01,10756.08,ANZ78847,AFNNALDAIQE,1018,866.0
445,HLA-DRB108:01,10768.3,ANZ78847,PAANVSVSRFN,445,867.0
100,HLA-DRB108:01,10771.86,ANZ78847,SDFINGIFAKV,100,868.0
104,HLA-DRB108:01,10778.95,ANZ78847,NGIFAKVKNTK,104,869.0
675,HLA-DRB108:01,10788.48,ANZ78847,RTFMIRSCYSG,675,870.0
1085,HLA-DRB108:01,10791.65,ANZ78847,IDRLINGRLTA,1085,871.0
1304,HLA-DRB108:01,10791.65,ANZ78847,WPWYVWLLICL,1304,871.0
223,HLA-DRB108:01,10801.23,ANZ78847,GGTFYAYFTDT,223,873.0
191,HLA-DRB108:01,10804.42,ANZ78847,WHMDTGVVSCL,191,874.0
1134,HLA-DRB108:01,10811.13,ANZ78847,FCGNGNHIISL,1134,875.0
151,HLA-DRB108:01,10815.24,ANZ78847,TQDGVNKLQGL,151,876.0
122,HLA-DRB108:01,10820.35,ANZ78847,YSEFPAITIGS,122,877.0
213,HLA-DRB108:01,10828.44,ANZ78847,TYLYFHFYQEG,213,878.0
530,HLA-DRB108:01,10838.05,ANZ78847,CHNLCNPDPIT,530,879.0
379,HLA-DRB108:01,10850.49,ANZ78847,QADSFTCNNID,379,880.0
942,HLA-DRB108:01,10850.61,ANZ78847,IRDLICVQSYK,942,881.0
92,HLA-DRB108:01,10855.46,ANZ78847,LWFKPPFLSDF,92,882.0
35,HLA-DRB108:01,10860.09,ANZ78847,GPPSISTATVD,35,883.0
298,HLA-DRB108:01,10880.81,ANZ78847,MSDFMSEIKCK,298,884.0
239,HLA-DRB108:01,10884.87,ANZ78847,FLFNVYLGMAL,239,885.0
1351,HLA-DRB108:01,10892.48,ANZ78847,QELVIKTSHDD,1351,886.0
436,HLA-DRB108:01,10906.29,ANZ78847,TSCQLYYNLPA,436,887.0
1039,HLA-DRB108:01,10967.15,ANZ78847,KIQAVVNANAE,1039,888.0
90,HLA-DRB108:01,10989.7,ANZ78847,STLWFKPPFLS,90,889.0
283,HLA-DRB108:01,11023.19,ANZ78847,LAFNQDGIIFN,283,890.0
449,HLA-DRB108:01,11035.27,ANZ78847,VSVSRFNPSTW,449,891.0
308,HLA-DRB108:01,11038.47,ANZ78847,KTQSIAPPTGV,308,892.0
1259,HLA-DRB108:01,11048.1,ANZ78847,LALDYINVTFL,1259,893.0
317,HLA-DRB108:01,11053.34,ANZ78847,GVYELNGYTVQ,317,894.0
843,HLA-DRB108:01,11070.95,ANZ78847,GSFCDNINAIL,843,895.0
40,HLA-DRB108:01,11073.45,ANZ78847,STATVDVTNGL,40,896.0
299,HLA-DRB108:01,11079.69,ANZ78847,SDFMSEIKCKT,299,897.0
913,HLA-DRB108:01,11082.5,ANZ78847,AIEDLLFDKVK,913,898.0
550,HLA-DRB108:01,11102.12,ANZ78847,SKSLVGIGEHC,550,899.0
63,HLA-DRB108:01,11107.96,ANZ78847,TTLFLNGYYPT,63,900.0
539,HLA-DRB108:01,11116.53,ANZ78847,ITFTGPYKCPQ,539,901.0
1009,HLA-DRB108:01,11117.06,ANZ78847,SQNQKLIANAF,1009,902.0
799,HLA-DRB108:01,11125.12,ANZ78847,QIPSDFTIGNM,799,903.0
1227,HLA-DRB108:01,11129.56,ANZ78847,PYVMLNTSIPN,1227,904.0
415,HLA-DRB108:01,11149.81,ANZ78847,DLQLGNLGYLQ,415,905.0
777,HLA-DRB108:01,11173.57,ANZ78847,FEPFTVNSVND,777,906.0
1241,HLA-DRB108:01,11176.62,ANZ78847,FREELDQWFKN,1241,907.0
673,HLA-DRB108:01,11199.29,ANZ78847,TNRTFMIRSCY,673,908.0
1246,HLA-DRB108:01,11199.8,ANZ78847,DQWFKNQTSVA,1246,909.0
559,HLA-DRB108:01,11223.38,ANZ78847,HCSGLAVKSDY,559,910.0
190,HLA-DRB108:01,11225.01,ANZ78847,LWHMDTGVVSC,190,911.0
1297,HLA-DRB108:01,11227.09,ANZ78847,TYEYYVKWPWY,1297,912.0
515,HLA-DRB108:01,11232.1,ANZ78847,NNGIGTCPAGT,515,913.0
881,HLA-DRB108:01,11233.93,ANZ78847,LKDGVNFNVDD,881,914.0
102,HLA-DRB108:01,11250.25,ANZ78847,FINGIFAKVKN,102,915.0
979,HLA-DRB108:01,11250.31,ANZ78847,FPPWTAAAGVP,979,916.0
201,HLA-DRB108:01,11261.12,ANZ78847,LYKRNFTYDVN,201,917.0
341,HLA-DRB108:01,11264.03,ANZ78847,NCNIEAWLNDK,341,918.0
1197,HLA-DRB108:01,11269.47,ANZ78847,YTGSGYYYPEP,1197,919.0
891,HLA-DRB108:01,11273.74,ANZ78847,DINFSSVLGCL,891,920.0
439,HLA-DRB108:01,11288.66,ANZ78847,QLYYNLPAANV,439,921.0
1128,HLA-DRB108:01,11315.39,ANZ78847,QSSRINFCGNG,1128,922.0
724,HLA-DRB108:01,11322.77,ANZ78847,YFDSYLGCVVN,724,923.0
1303,HLA-DRB108:01,11327.41,ANZ78847,KWPWYVWLLIC,1303,924.0
217,HLA-DRB108:01,11336.69,ANZ78847,FHFYQEGGTFY,217,925.0
166,HLA-DRB108:01,11336.99,ANZ78847,VCQYNMCEYPH,166,926.0
915,HLA-DRB108:01,11353.08,ANZ78847,EDLLFDKVKLS,915,927.0
105,HLA-DRB108:01,11357.13,ANZ78847,GIFAKVKNTKV,105,928.0
794,HLA-DRB108:01,11367.88,ANZ78847,GLYEIQIPSDF,794,929.0
1040,HLA-DRB108:01,11396.59,ANZ78847,IQAVVNANAEA,1040,930.0
293,HLA-DRB108:01,11425.7,ANZ78847,NAVDCMSDFMS,293,931.0
407,HLA-DRB108:01,11442.22,ANZ78847,AIPNGRKVDLQ,407,932.0
769,HLA-DRB108:01,11449.88,ANZ78847,TTGYRFTNFEP,769,933.0
532,HLA-DRB108:01,11455.65,ANZ78847,NLCNPDPITFT,532,934.0
1180,HLA-DRB108:01,11466.95,ANZ78847,GIAPKSGYFVN,1180,935.0
204,HLA-DRB108:01,11488.67,ANZ78847,RNFTYDVNATY,204,936.0
155,HLA-DRB108:01,11492.57,ANZ78847,VNKLQGLLEVS,155,937.0
840,HLA-DRB108:01,11504.59,ANZ78847,VEYGSFCDNIN,840,938.0
859,HLA-DRB108:01,11510.82,ANZ78847,LLDTTQLQVAN,859,939.0
837,HLA-DRB108:01,11528.59,ANZ78847,SQLVEYGSFCD,837,940.0
775,HLA-DRB108:01,11530.52,ANZ78847,TNFEPFTVNSV,775,941.0
388,HLA-DRB108:01,11536.04,ANZ78847,IDAAKIYGMCF,388,942.0
73,HLA-DRB108:01,11544.19,ANZ78847,TSGSTYRNMAL,73,943.0
294,HLA-DRB108:01,11584.59,ANZ78847,AVDCMSDFMSE,294,944.0
719,HLA-DRB108:01,11587.35,ANZ78847,LQPINYFDSYL,719,945.0
144,HLA-DRB108:01,11625.28,ANZ78847,QPRTINSTQDG,144,946.0
674,HLA-DRB108:01,11627.87,ANZ78847,NRTFMIRSCYS,674,947.0
1015,HLA-DRB108:01,11641.12,ANZ78847,IANAFNNALDA,1015,948.0
6,HLA-DRB108:01,11651.51,ANZ78847,ISLPTAFAVIG,6,949.0
198,HLA-DRB108:01,11653.65,ANZ78847,VSCLYKRNFTY,198,950.0
494,HLA-DRB108:01,11673.04,ANZ78847,PKNFCPCKSNS,494,951.0
289,HLA-DRB108:01,11679.36,ANZ78847,GIIFNAVDCMS,289,952.0
1301,HLA-DRB108:01,11694.7,ANZ78847,YVKWPWYVWLL,1301,953.0
1059,HLA-DRB108:01,11697.04,ANZ78847,SNRFGAISSSL,1059,954.0
1323,HLA-DRB108:01,11722.05,ANZ78847,LFFICCCTGCG,1323,955.0
142,HLA-DRB108:01,11737.02,ANZ78847,VVQPRTINSTQ,142,956.0
548,HLA-DRB108:01,11763.28,ANZ78847,PQSKSLVGIGE,548,957.0
433,HLA-DRB108:01,11808.83,ANZ78847,TTATSCQLYYN,433,958.0
446,HLA-DRB108:01,11859.45,ANZ78847,AANVSVSRFNP,446,959.0
961,HLA-DRB108:01,11862.17,ANZ78847,LSENQISGYTL,961,960.0
689,HLA-DRB108:01,11871.88,ANZ78847,AAFHANSSEPA,689,961.0
75,HLA-DRB108:01,11888.82,ANZ78847,GSTYRNMALKG,75,962.0
69,HLA-DRB108:01,11913.61,ANZ78847,GYYPTSGSTYR,69,963.0
497,HLA-DRB108:01,11928.93,ANZ78847,FCPCKSNSSLC,497,964.0
707,HLA-DRB108:01,11942.08,ANZ78847,CNYVFNNSLTR,707,965.0
1142,HLA-DRB108:01,11976.09,ANZ78847,ISLVQNAPYGL,1142,966.0
962,HLA-DRB108:01,11988.67,ANZ78847,SENQISGYTLA,962,967.0
856,HLA-DRB108:01,11990.55,ANZ78847,VNELLDTTQLQ,856,968.0
806,HLA-DRB108:01,11999.31,ANZ78847,IGNMEEFIQTS,806,969.0
932,HLA-DRB108:01,12025.67,ANZ78847,AYNNCTGGAEI,932,970.0
1207,HLA-DRB108:01,12043.53,ANZ78847,PITENNVVVMS,1207,971.0
189,HLA-DRB108:01,12052.76,ANZ78847,ELWHMDTGVVS,189,972.0
574,HLA-DRB108:01,12057.66,ANZ78847,PCTCQPQAFLG,574,973.0
1060,HLA-DRB108:01,12072.25,ANZ78847,NRFGAISSSLQ,1060,974.0
1057,HLA-DRB108:01,12087.82,ANZ78847,QLSNRFGAISS,1057,975.0
611,HLA-DRB108:01,12095.09,ANZ78847,LTCSTDLQKAN,611,976.0
447,HLA-DRB108:01,12098.98,ANZ78847,ANVSVSRFNPS,447,977.0
934,HLA-DRB108:01,12121.53,ANZ78847,NNCTGGAEIRD,934,978.0
697,HLA-DRB108:01,12124.13,ANZ78847,EPALLFRNIKC,697,979.0
1170,HLA-DRB108:01,12126.79,ANZ78847,SPGLCIAGDRG,1170,980.0
1198,HLA-DRB108:01,12139.62,ANZ78847,TGSGYYYPEPI,1198,981.0
1017,HLA-DRB108:01,12152.2,ANZ78847,NAFNNALDAIQ,1017,982.0
426,HLA-DRB108:01,12162.86,ANZ78847,SFNYRIDTTAT,426,983.0
43,HLA-DRB108:01,12162.98,ANZ78847,TVDVTNGLGTY,43,984.0
1257,HLA-DRB108:01,12167.76,ANZ78847,PDLALDYINVT,1257,985.0
42,HLA-DRB108:01,12190.75,ANZ78847,ATVDVTNGLGT,42,986.0
745,HLA-DRB108:01,12220.08,ANZ78847,TCDLTVGSGYC,745,987.0
717,HLA-DRB108:01,12233.98,ANZ78847,RQLQPINYFDS,717,988.0
752,HLA-DRB108:01,12244.61,ANZ78847,SGYCVDYSKNR,752,989.0
164,HLA-DRB108:01,12258.22,ANZ78847,VSVCQYNMCEY,164,990.0
1014,HLA-DRB108:01,12270.19,ANZ78847,LIANAFNNALD,1014,991.0
785,HLA-DRB108:01,12284.85,ANZ78847,VNDSLEPVGGL,785,992.0
621,HLA-DRB108:01,12297.09,ANZ78847,NTDIKLGVCVN,621,993.0
755,HLA-DRB108:01,12305.07,ANZ78847,CVDYSKNRRSR,755,994.0
1281,HLA-DRB108:01,12322.47,ANZ78847,AIKVLNQSYIN,1281,995.0
268,HLA-DRB108:01,12358.64,ANZ78847,TLEYWVTPLTS,268,996.0
721,HLA-DRB108:01,12379.88,ANZ78847,PINYFDSYLGC,721,997.0
33,HLA-DRB108:01,12383.44,ANZ78847,DTGPPSISTAT,33,998.0
491,HLA-DRB108:01,12395.58,ANZ78847,FKAPKNFCPCK,491,999.0
179,HLA-DRB108:01,12409.47,ANZ78847,CHPNLGNHFKE,179,1000.0
612,HLA-DRB108:01,12415.09,ANZ78847,TCSTDLQKANT,612,1001.0
844,HLA-DRB108:01,12431.78,ANZ78847,SFCDNINAILT,844,1002.0
1037,HLA-DRB108:01,12432.2,ANZ78847,LVKIQAVVNAN,1037,1003.0
1219,HLA-DRB108:01,12438.2,ANZ78847,CAVNYTKAPYV,1219,1004.0
24,HLA-DRB108:01,12442.44,ANZ78847,SRTGSLNNIDT,24,1005.0
1267,HLA-DRB108:01,12455.3,ANZ78847,TFLDLQVEMNR,1267,1006.0
903,HLA-DRB108:01,12503.67,ANZ78847,SECSKASSRSA,903,1007.0
420,HLA-DRB108:01,12534.29,ANZ78847,NLGYLQSFNYR,420,1008.0
1106,HLA-DRB108:01,12542.43,ANZ78847,DSTLVKFSAAQ,1106,1009.0
297,HLA-DRB108:01,12553.12,ANZ78847,CMSDFMSEIKC,297,1010.0
1169,HLA-DRB108:01,12557.26,ANZ78847,VSPGLCIAGDR,1169,1011.0
605,HLA-DRB108:01,12569.13,ANZ78847,HDVNSGLTCST,605,1012.0
561,HLA-DRB108:01,12587.36,ANZ78847,SGLAVKSDYCG,561,1013.0
637,HLA-DRB108:01,12596.0,ANZ78847,ISGQGIFVEVN,637,1014.0
583,HLA-DRB108:01,12603.44,ANZ78847,LGWSADSCLQG,583,1015.0
926,HLA-DRB108:01,12603.83,ANZ78847,DVGFVAAYNNC,926,1016.0
698,HLA-DRB108:01,12607.14,ANZ78847,PALLFRNIKCN,698,1017.0
459,HLA-DRB108:01,12612.88,ANZ78847,WNKRFGFIEDS,459,1018.0
1053,HLA-DRB108:01,12614.25,ANZ78847,NLLQQLSNRFG,1053,1019.0
419,HLA-DRB108:01,12632.06,ANZ78847,GNLGYLQSFNY,419,1020.0
11,HLA-DRB108:01,12661.04,ANZ78847,AFAVIGDLKCP,11,1021.0
547,HLA-DRB108:01,12687.81,ANZ78847,CPQSKSLVGIG,547,1022.0
1190,HLA-DRB108:01,12691.99,ANZ78847,NVNNTWMYTGS,1190,1023.0
749,HLA-DRB108:01,12735.34,ANZ78847,TVGSGYCVDYS,749,1024.0
847,HLA-DRB108:01,12736.48,ANZ78847,DNINAILTEVN,847,1025.0
503,HLA-DRB108:01,12775.07,ANZ78847,NSSLCVGSGPG,503,1026.0
23,HLA-DRB108:01,12775.61,ANZ78847,DSRTGSLNNID,23,1027.0
362,HLA-DRB108:01,12783.64,ANZ78847,KTFSNCNFNMS,362,1028.0
845,HLA-DRB108:01,12787.26,ANZ78847,FCDNINAILTE,845,1029.0
443,HLA-DRB108:01,12799.69,ANZ78847,NLPAANVSVSR,443,1030.0
1003,HLA-DRB108:01,12801.34,ANZ78847,VTMDVLSQNQK,1003,1031.0
1208,HLA-DRB108:01,12814.59,ANZ78847,ITENNVVVMST,1208,1032.0
631,HLA-DRB108:01,12864.11,ANZ78847,NYDLYGISGQG,631,1033.0
1184,HLA-DRB108:01,12870.23,ANZ78847,KSGYFVNVNNT,1184,1034.0
1176,HLA-DRB108:01,12871.4,ANZ78847,AGDRGIAPKSG,1176,1035.0
34,HLA-DRB108:01,12923.95,ANZ78847,TGPPSISTATV,34,1036.0
1019,HLA-DRB108:01,12948.79,ANZ78847,FNNALDAIQEG,1019,1037.0
783,HLA-DRB108:01,12956.38,ANZ78847,NSVNDSLEPVG,783,1038.0
150,HLA-DRB108:01,12959.62,ANZ78847,STQDGVNKLQG,150,1039.0
716,HLA-DRB108:01,12974.52,ANZ78847,TRQLQPINYFD,716,1040.0
1008,HLA-DRB108:01,12984.32,ANZ78847,LSQNQKLIANA,1008,1041.0
330,HLA-DRB108:01,12999.38,ANZ78847,ADVYRRKPDLP,330,1042.0
798,HLA-DRB108:01,13011.03,ANZ78847,IQIPSDFTIGN,798,1043.0
177,HLA-DRB108:01,13029.31,ANZ78847,TICHPNLGNHF,177,1044.0
1026,HLA-DRB108:01,13049.73,ANZ78847,IQEGFDATNSA,1026,1045.0
966,HLA-DRB108:01,13086.41,ANZ78847,ISGYTLAATSA,966,1046.0
205,HLA-DRB108:01,13111.48,ANZ78847,NFTYDVNATYL,205,1047.0
238,HLA-DRB108:01,13119.98,ANZ78847,KFLFNVYLGMA,238,1048.0
15,HLA-DRB108:01,13169.99,ANZ78847,IGDLKCPLDSR,15,1049.0
666,HLA-DRB108:01,13170.53,ANZ78847,YGFRDYLTNRT,666,1050.0
656,HLA-DRB108:01,13199.73,ANZ78847,NLLYDSNGNLY,656,1051.0
566,HLA-DRB108:01,13220.24,ANZ78847,KSDYCGGNPCT,566,1052.0
389,HLA-DRB108:01,13221.73,ANZ78847,DAAKIYGMCFS,389,1053.0
409,HLA-DRB108:01,13226.74,ANZ78847,PNGRKVDLQLG,409,1054.0
1296,HLA-DRB108:01,13286.63,ANZ78847,GTYEYYVKWPW,1296,1055.0
61,HLA-DRB108:01,13306.97,ANZ78847,LNTTLFLNGYY,61,1056.0
160,HLA-DRB108:01,13317.37,ANZ78847,GLLEVSVCQYN,160,1057.0
643,HLA-DRB108:01,13318.02,ANZ78847,FVEVNATYYNS,643,1058.0
395,HLA-DRB108:01,13339.24,ANZ78847,GMCFSSITIDK,395,1059.0
868,HLA-DRB108:01,13339.54,ANZ78847,ANSLMNGVTLS,868,1060.0
629,HLA-DRB108:01,13339.68,ANZ78847,CVNYDLYGISG,629,1061.0
331,HLA-DRB108:01,13345.56,ANZ78847,DVYRRKPDLPN,331,1062.0
779,HLA-DRB108:01,13389.37,ANZ78847,PFTVNSVNDSL,779,1063.0
985,HLA-DRB108:01,13389.84,ANZ78847,AAGVPFYLNVQ,985,1064.0
517,HLA-DRB108:01,13407.82,ANZ78847,GIGTCPAGTNY,517,1065.0
1146,HLA-DRB108:01,13411.28,ANZ78847,QNAPYGLYFIH,1146,1066.0
864,HLA-DRB108:01,13415.5,ANZ78847,QLQVANSLMNG,864,1067.0
774,HLA-DRB108:01,13433.22,ANZ78847,FTNFEPFTVNS,774,1068.0
1339,HLA-DRB108:01,13449.67,ANZ78847,KCGGCCDDYTG,1339,1069.0
170,HLA-DRB108:01,13455.8,ANZ78847,NMCEYPHTICH,170,1070.0
1333,HLA-DRB108:01,13455.84,ANZ78847,GTSCFKKCGGC,1333,1071.0
425,HLA-DRB108:01,13462.16,ANZ78847,QSFNYRIDTTA,425,1072.0
1236,HLA-DRB108:01,13472.59,ANZ78847,PNLPDFREELD,1236,1073.0
784,HLA-DRB108:01,13481.19,ANZ78847,SVNDSLEPVGG,784,1074.0
708,HLA-DRB108:01,13491.99,ANZ78847,NYVFNNSLTRQ,708,1075.0
1233,HLA-DRB108:01,13541.61,ANZ78847,TSIPNLPDFRE,1233,1076.0
918,HLA-DRB108:01,13549.15,ANZ78847,LFDKVKLSDVG,918,1077.0
472,HLA-DRB108:01,13554.52,ANZ78847,KPQPAGVLTNH,472,1078.0
886,HLA-DRB108:01,13556.22,ANZ78847,NFNVDDINFSS,886,1079.0
153,HLA-DRB108:01,13591.72,ANZ78847,DGVNKLQGLLE,153,1080.0
113,HLA-DRB108:01,13614.94,ANZ78847,TKVFKDGVMYS,113,1081.0
182,HLA-DRB108:01,13647.63,ANZ78847,NLGNHFKELWH,182,1082.0
902,HLA-DRB108:01,13653.54,ANZ78847,GSECSKASSRS,902,1083.0
21,HLA-DRB108:01,13668.55,ANZ78847,PLDSRTGSLNN,21,1084.0
778,HLA-DRB108:01,13671.53,ANZ78847,EPFTVNSVNDS,778,1085.0
792,HLA-DRB108:01,13676.46,ANZ78847,VGGLYEIQIPS,792,1086.0
661,HLA-DRB108:01,13743.09,ANZ78847,SNGNLYGFRDY,661,1087.0
506,HLA-DRB108:01,13755.39,ANZ78847,LCVGSGPGKNN,506,1088.0
732,HLA-DRB108:01,13775.81,ANZ78847,VVNAYNSTAIS,732,1089.0
424,HLA-DRB108:01,13778.25,ANZ78847,LQSFNYRIDTT,424,1090.0
1234,HLA-DRB108:01,13795.79,ANZ78847,SIPNLPDFREE,1234,1091.0
645,HLA-DRB108:01,13809.37,ANZ78847,EVNATYYNSWQ,645,1092.0
1291,HLA-DRB108:01,13815.93,ANZ78847,NLKDIGTYEYY,1291,1093.0
592,HLA-DRB108:01,13827.32,ANZ78847,QGDKCNIFANL,592,1094.0
55,HLA-DRB108:01,13880.01,ANZ78847,VLDRVYLNTTL,55,1095.0
1295,HLA-DRB108:01,13900.02,ANZ78847,IGTYEYYVKWP,1295,1096.0
727,HLA-DRB108:01,13908.85,ANZ78847,SYLGCVVNAYN,727,1097.0
760,HLA-DRB108:01,13913.75,ANZ78847,KNRRSRRAITT,760,1098.0
1294,HLA-DRB108:01,13916.96,ANZ78847,DIGTYEYYVKW,1294,1099.0
413,HLA-DRB108:01,13919.61,ANZ78847,KVDLQLGNLGY,413,1100.0
720,HLA-DRB108:01,13920.51,ANZ78847,QPINYFDSYLG,720,1101.0
630,HLA-DRB108:01,13936.17,ANZ78847,VNYDLYGISGQ,630,1102.0
64,HLA-DRB108:01,13953.37,ANZ78847,TLFLNGYYPTS,64,1103.0
581,HLA-DRB108:01,13973.47,ANZ78847,AFLGWSADSCL,581,1104.0
18,HLA-DRB108:01,13985.47,ANZ78847,LKCPLDSRTGS,18,1105.0
606,HLA-DRB108:01,14003.89,ANZ78847,DVNSGLTCSTD,606,1106.0
41,HLA-DRB108:01,14017.39,ANZ78847,TATVDVTNGLG,41,1107.0
360,HLA-DRB108:01,14029.63,ANZ78847,ERKTFSNCNFN,360,1108.0
70,HLA-DRB108:01,14039.27,ANZ78847,YYPTSGSTYRN,70,1109.0
1141,HLA-DRB108:01,14050.37,ANZ78847,IISLVQNAPYG,1141,1110.0
646,HLA-DRB108:01,14101.58,ANZ78847,VNATYYNSWQN,646,1111.0
534,HLA-DRB108:01,14127.13,ANZ78847,CNPDPITFTGP,534,1112.0
163,HLA-DRB108:01,14153.79,ANZ78847,EVSVCQYNMCE,163,1113.0
1129,HLA-DRB108:01,14174.31,ANZ78847,SSRINFCGNGN,1129,1114.0
437,HLA-DRB108:01,14196.92,ANZ78847,SCQLYYNLPAA,437,1115.0
754,HLA-DRB108:01,14207.31,ANZ78847,YCVDYSKNRRS,754,1116.0
1027,HLA-DRB108:01,14219.04,ANZ78847,QEGFDATNSAL,1027,1117.0
1011,HLA-DRB108:01,14236.41,ANZ78847,NQKLIANAFNN,1011,1118.0
1158,HLA-DRB108:01,14258.5,ANZ78847,SYVPTKYVTAK,1158,1119.0
664,HLA-DRB108:01,14260.48,ANZ78847,NLYGFRDYLTN,664,1120.0
495,HLA-DRB108:01,14270.92,ANZ78847,KNFCPCKSNSS,495,1121.0
537,HLA-DRB108:01,14293.61,ANZ78847,DPITFTGPYKC,537,1122.0
1232,HLA-DRB108:01,14315.8,ANZ78847,NTSIPNLPDFR,1232,1123.0
1343,HLA-DRB108:01,14346.07,ANZ78847,CCDDYTGYQEL,1343,1124.0
753,HLA-DRB108:01,14357.35,ANZ78847,GYCVDYSKNRR,753,1125.0
20,HLA-DRB108:01,14387.89,ANZ78847,CPLDSRTGSLN,20,1126.0
1249,HLA-DRB108:01,14395.27,ANZ78847,FKNQTSVAPDL,1249,1127.0
773,HLA-DRB108:01,14397.31,ANZ78847,RFTNFEPFTVN,773,1128.0
307,HLA-DRB108:01,14436.52,ANZ78847,CKTQSIAPPTG,307,1129.0
508,HLA-DRB108:01,14453.29,ANZ78847,VGSGPGKNNGI,508,1130.0
78,HLA-DRB108:01,14473.14,ANZ78847,YRNMALKGTDK,78,1131.0
801,HLA-DRB108:01,14514.8,ANZ78847,PSDFTIGNMEE,801,1132.0
224,HLA-DRB108:01,14517.37,ANZ78847,GTFYAYFTDTG,224,1133.0
535,HLA-DRB108:01,14527.27,ANZ78847,NPDPITFTGPY,535,1134.0
199,HLA-DRB108:01,14546.19,ANZ78847,SCLYKRNFTYD,199,1135.0
1113,HLA-DRB108:01,14614.21,ANZ78847,SAAQAMEKVNE,1113,1136.0
955,HLA-DRB108:01,14614.85,ANZ78847,KVLPPLLSENQ,955,1137.0
44,HLA-DRB108:01,14655.63,ANZ78847,VDVTNGLGTYY,44,1138.0
567,HLA-DRB108:01,14656.21,ANZ78847,SDYCGGNPCTC,567,1139.0
896,HLA-DRB108:01,14671.79,ANZ78847,SVLGCLGSECS,896,1140.0
1321,HLA-DRB108:01,14684.53,ANZ78847,VLLFFICCCTG,1321,1141.0
761,HLA-DRB108:01,14690.2,ANZ78847,NRRSRRAITTG,761,1142.0
1318,HLA-DRB108:01,14731.63,ANZ78847,AMLVLLFFICC,1318,1143.0
502,HLA-DRB108:01,14772.32,ANZ78847,SNSSLCVGSGP,502,1144.0
1192,HLA-DRB108:01,14776.76,ANZ78847,NNTWMYTGSGY,1192,1145.0
72,HLA-DRB108:01,14798.21,ANZ78847,PTSGSTYRNMA,72,1146.0
549,HLA-DRB108:01,14808.99,ANZ78847,QSKSLVGIGEH,549,1147.0
878,HLA-DRB108:01,14809.74,ANZ78847,STKLKDGVNFN,878,1148.0
94,HLA-DRB108:01,14824.7,ANZ78847,FKPPFLSDFIN,94,1149.0
1248,HLA-DRB108:01,14849.16,ANZ78847,WFKNQTSVAPD,1248,1150.0
619,HLA-DRB108:01,14886.31,ANZ78847,KANTDIKLGVC,619,1151.0
1284,HLA-DRB108:01,14889.4,ANZ78847,VLNQSYINLKD,1284,1152.0
214,HLA-DRB108:01,14908.84,ANZ78847,YLYFHFYQEGG,214,1153.0
641,HLA-DRB108:01,14909.62,ANZ78847,GIFVEVNATYY,641,1154.0
216,HLA-DRB108:01,14941.52,ANZ78847,YFHFYQEGGTF,216,1155.0
67,HLA-DRB108:01,14970.2,ANZ78847,LNGYYPTSGST,67,1156.0
644,HLA-DRB108:01,15060.62,ANZ78847,VEVNATYYNSW,644,1157.0
1035,HLA-DRB108:01,15097.86,ANZ78847,SALVKIQAVVN,1035,1158.0
1058,HLA-DRB108:01,15105.27,ANZ78847,LSNRFGAISSS,1058,1159.0
533,HLA-DRB108:01,15109.71,ANZ78847,LCNPDPITFTG,533,1160.0
149,HLA-DRB108:01,15123.6,ANZ78847,NSTQDGVNKLQ,149,1161.0
68,HLA-DRB108:01,15161.57,ANZ78847,NGYYPTSGSTY,68,1162.0
887,HLA-DRB108:01,15199.95,ANZ78847,FNVDDINFSSV,887,1163.0
863,HLA-DRB108:01,15210.45,ANZ78847,TQLQVANSLMN,863,1164.0
793,HLA-DRB108:01,15226.52,ANZ78847,GGLYEIQIPSD,793,1165.0
514,HLA-DRB108:01,15303.55,ANZ78847,KNNGIGTCPAG,514,1166.0
1218,HLA-DRB108:01,15303.73,ANZ78847,TCAVNYTKAPY,1218,1167.0
1338,HLA-DRB108:01,15318.09,ANZ78847,KKCGGCCDDYT,1338,1168.0
411,HLA-DRB108:01,15330.85,ANZ78847,GRKVDLQLGNL,411,1169.0
586,HLA-DRB108:01,15358.98,ANZ78847,SADSCLQGDKC,586,1170.0
249,HLA-DRB108:01,15375.53,ANZ78847,LSHYYVMPLTC,249,1171.0
706,HLA-DRB108:01,15393.06,ANZ78847,KCNYVFNNSLT,706,1172.0
315,HLA-DRB108:01,15409.52,ANZ78847,PTGVYELNGYT,315,1173.0
248,HLA-DRB108:01,15474.28,ANZ78847,ALSHYYVMPLT,248,1174.0
602,HLA-DRB108:01,15475.61,ANZ78847,LILHDVNSGLT,602,1175.0
14,HLA-DRB108:01,15475.84,ANZ78847,VIGDLKCPLDS,14,1176.0
889,HLA-DRB108:01,15496.05,ANZ78847,VDDINFSSVLG,889,1177.0
1154,HLA-DRB108:01,15505.29,ANZ78847,FIHFSYVPTKY,1154,1178.0
954,HLA-DRB108:01,15525.33,ANZ78847,IKVLPPLLSEN,954,1179.0
1245,HLA-DRB108:01,15531.14,ANZ78847,LDQWFKNQTSV,1245,1180.0
1342,HLA-DRB108:01,15566.07,ANZ78847,GCCDDYTGYQE,1342,1181.0
276,HLA-DRB108:01,15582.14,ANZ78847,LTSRQYLLAFN,276,1182.0
1237,HLA-DRB108:01,15584.67,ANZ78847,NLPDFREELDQ,1237,1183.0
121,HLA-DRB108:01,15590.35,ANZ78847,MYSEFPAITIG,121,1184.0
1185,HLA-DRB108:01,15600.6,ANZ78847,SGYFVNVNNTW,1185,1185.0
507,HLA-DRB108:01,15703.14,ANZ78847,CVGSGPGKNNG,507,1186.0
493,HLA-DRB108:01,15706.35,ANZ78847,APKNFCPCKSN,493,1187.0
31,HLA-DRB108:01,15811.71,ANZ78847,NIDTGPPSIST,31,1188.0
686,HLA-DRB108:01,15826.26,ANZ78847,RVSAAFHANSS,686,1189.0
860,HLA-DRB108:01,15857.69,ANZ78847,LDTTQLQVANS,860,1190.0
571,HLA-DRB108:01,15892.69,ANZ78847,GGNPCTCQPQA,571,1191.0
895,HLA-DRB108:01,15933.24,ANZ78847,SSVLGCLGSEC,895,1192.0
1273,HLA-DRB108:01,15938.57,ANZ78847,VEMNRLQEAIK,1273,1193.0
296,HLA-DRB108:01,15958.88,ANZ78847,DCMSDFMSEIK,296,1194.0
95,HLA-DRB108:01,15986.16,ANZ78847,KPPFLSDFING,95,1195.0
1010,HLA-DRB108:01,15993.58,ANZ78847,QNQKLIANAFN,1010,1196.0
890,HLA-DRB108:01,15993.75,ANZ78847,DDINFSSVLGC,890,1197.0
165,HLA-DRB108:01,16055.25,ANZ78847,SVCQYNMCEYP,165,1198.0
1335,HLA-DRB108:01,16055.34,ANZ78847,SCFKKCGGCCD,1335,1199.0
286,HLA-DRB108:01,16069.96,ANZ78847,NQDGIIFNAVD,286,1200.0
450,HLA-DRB108:01,16075.8,ANZ78847,SVSRFNPSTWN,450,1201.0
364,HLA-DRB108:01,16082.65,ANZ78847,FSNCNFNMSSL,364,1202.0
800,HLA-DRB108:01,16088.93,ANZ78847,IPSDFTIGNME,800,1203.0
604,HLA-DRB108:01,16089.51,ANZ78847,LHDVNSGLTCS,604,1204.0
1210,HLA-DRB108:01,16097.2,ANZ78847,ENNVVVMSTCA,1210,1205.0
838,HLA-DRB108:01,16110.35,ANZ78847,QLVEYGSFCDN,838,1206.0
1051,HLA-DRB108:01,16110.75,ANZ78847,LNNLLQQLSNR,1051,1207.0
1337,HLA-DRB108:01,16115.18,ANZ78847,FKKCGGCCDDY,1337,1208.0
587,HLA-DRB108:01,16119.03,ANZ78847,ADSCLQGDKCN,587,1209.0
1191,HLA-DRB108:01,16157.6,ANZ78847,VNNTWMYTGSG,1191,1210.0
1258,HLA-DRB108:01,16170.97,ANZ78847,DLALDYINVTF,1258,1211.0
1074,HLA-DRB108:01,16199.27,ANZ78847,SRLDALEAEAQ,1074,1212.0
585,HLA-DRB108:01,16200.58,ANZ78847,WSADSCLQGDK,585,1213.0
377,HLA-DRB108:01,16215.98,ANZ78847,FIQADSFTCNN,377,1214.0
1182,HLA-DRB108:01,16227.96,ANZ78847,APKSGYFVNVN,1182,1215.0
883,HLA-DRB108:01,16249.84,ANZ78847,DGVNFNVDDIN,883,1216.0
1266,HLA-DRB108:01,16278.73,ANZ78847,VTFLDLQVEMN,1266,1217.0
538,HLA-DRB108:01,16291.07,ANZ78847,PITFTGPYKCP,538,1218.0
1319,HLA-DRB108:01,16301.09,ANZ78847,MLVLLFFICCC,1319,1219.0
287,HLA-DRB108:01,16308.68,ANZ78847,QDGIIFNAVDC,287,1220.0
1199,HLA-DRB108:01,16335.71,ANZ78847,GSGYYYPEPIT,1199,1221.0
16,HLA-DRB108:01,16415.68,ANZ78847,GDLKCPLDSRT,16,1222.0
563,HLA-DRB108:01,16425.03,ANZ78847,LAVKSDYCGGN,563,1223.0
757,HLA-DRB108:01,16429.14,ANZ78847,DYSKNRRSRRA,757,1224.0
528,HLA-DRB108:01,16438.71,ANZ78847,LTCHNLCNPDP,528,1225.0
1025,HLA-DRB108:01,16461.14,ANZ78847,AIQEGFDATNS,1025,1226.0
750,HLA-DRB108:01,16468.18,ANZ78847,VGSGYCVDYSK,750,1227.0
642,HLA-DRB108:01,16519.82,ANZ78847,IFVEVNATYYN,642,1228.0
888,HLA-DRB108:01,16537.14,ANZ78847,NVDDINFSSVL,888,1229.0
601,HLA-DRB108:01,16547.76,ANZ78847,NLILHDVNSGL,601,1230.0
1201,HLA-DRB108:01,16569.12,ANZ78847,GYYYPEPITEN,1201,1231.0
1320,HLA-DRB108:01,16632.63,ANZ78847,LVLLFFICCCT,1320,1232.0
468,HLA-DRB108:01,16647.52,ANZ78847,DSVFKPQPAGV,468,1233.0
781,HLA-DRB108:01,16686.62,ANZ78847,TVNSVNDSLEP,781,1234.0
401,HLA-DRB108:01,16703.26,ANZ78847,ITIDKFAIPNG,401,1235.0
653,HLA-DRB108:01,16706.17,ANZ78847,SWQNLLYDSNG,653,1236.0
1289,HLA-DRB108:01,16718.76,ANZ78847,YINLKDIGTYE,1289,1237.0
992,HLA-DRB108:01,16720.35,ANZ78847,LNVQYRINGLG,992,1238.0
418,HLA-DRB108:01,16730.89,ANZ78847,LGNLGYLQSFN,418,1239.0
827,HLA-DRB108:01,16732.84,ANZ78847,FVCGDYAACKS,827,1240.0
17,HLA-DRB108:01,16737.32,ANZ78847,DLKCPLDSRTG,17,1241.0
807,HLA-DRB108:01,16758.25,ANZ78847,GNMEEFIQTSS,807,1242.0
965,HLA-DRB108:01,16762.0,ANZ78847,QISGYTLAATS,965,1243.0
603,HLA-DRB108:01,16781.01,ANZ78847,ILHDVNSGLTC,603,1244.0
402,HLA-DRB108:01,16786.91,ANZ78847,TIDKFAIPNGR,402,1245.0
240,HLA-DRB108:01,16800.11,ANZ78847,LFNVYLGMALS,240,1246.0
440,HLA-DRB108:01,17044.33,ANZ78847,LYYNLPAANVS,440,1247.0
178,HLA-DRB108:01,17097.69,ANZ78847,ICHPNLGNHFK,178,1248.0
410,HLA-DRB108:01,17101.29,ANZ78847,NGRKVDLQLGN,410,1249.0
30,HLA-DRB108:01,17111.75,ANZ78847,NNIDTGPPSIS,30,1250.0
730,HLA-DRB108:01,17147.32,ANZ78847,GCVVNAYNSTA,730,1251.0
505,HLA-DRB108:01,17286.34,ANZ78847,SLCVGSGPGKN,505,1252.0
1200,HLA-DRB108:01,17317.5,ANZ78847,SGYYYPEPITE,1200,1253.0
1007,HLA-DRB108:01,17430.9,ANZ78847,VLSQNQKLIAN,1007,1254.0
1175,HLA-DRB108:01,17469.39,ANZ78847,IAGDRGIAPKS,1175,1255.0
376,HLA-DRB108:01,17491.3,ANZ78847,SFIQADSFTCN,376,1256.0
945,HLA-DRB108:01,17496.96,ANZ78847,LICVQSYKGIK,945,1257.0
32,HLA-DRB108:01,17527.42,ANZ78847,IDTGPPSISTA,32,1258.0
991,HLA-DRB108:01,17528.51,ANZ78847,YLNVQYRINGL,991,1259.0
329,HLA-DRB108:01,17556.85,ANZ78847,IADVYRRKPDL,329,1260.0
854,HLA-DRB108:01,17598.04,ANZ78847,TEVNELLDTTQ,854,1261.0
756,HLA-DRB108:01,17604.29,ANZ78847,VDYSKNRRSRR,756,1262.0
496,HLA-DRB108:01,17607.29,ANZ78847,NFCPCKSNSSL,496,1263.0
1290,HLA-DRB108:01,17615.26,ANZ78847,INLKDIGTYEY,1290,1264.0
1194,HLA-DRB108:01,17624.89,ANZ78847,TWMYTGSGYYY,1194,1265.0
568,HLA-DRB108:01,17673.36,ANZ78847,DYCGGNPCTCQ,568,1266.0
660,HLA-DRB108:01,17690.12,ANZ78847,DSNGNLYGFRD,660,1267.0
1224,HLA-DRB108:01,17718.53,ANZ78847,TKAPYVMLNTS,1224,1268.0
977,HLA-DRB108:01,17857.88,ANZ78847,SLFPPWTAAAG,977,1269.0
776,HLA-DRB108:01,17919.66,ANZ78847,NFEPFTVNSVN,776,1270.0
1283,HLA-DRB108:01,17928.37,ANZ78847,KVLNQSYINLK,1283,1271.0
1244,HLA-DRB108:01,17964.7,ANZ78847,ELDQWFKNQTS,1244,1272.0
504,HLA-DRB108:01,17984.87,ANZ78847,SSLCVGSGPGK,504,1273.0
19,HLA-DRB108:01,18059.51,ANZ78847,KCPLDSRTGSL,19,1274.0
363,HLA-DRB108:01,18072.76,ANZ78847,TFSNCNFNMSS,363,1275.0
65,HLA-DRB108:01,18132.1,ANZ78847,LFLNGYYPTSG,65,1276.0
25,HLA-DRB108:01,18137.83,ANZ78847,RTGSLNNIDTG,25,1277.0
130,HLA-DRB108:01,18178.63,ANZ78847,IGSTFVNTSYS,130,1278.0
427,HLA-DRB108:01,18200.42,ANZ78847,FNYRIDTTATS,427,1279.0
522,HLA-DRB108:01,18204.86,ANZ78847,PAGTNYLTCHN,522,1280.0
29,HLA-DRB108:01,18208.07,ANZ78847,LNNIDTGPPSI,29,1281.0
703,HLA-DRB108:01,18325.8,ANZ78847,RNIKCNYVFNN,703,1282.0
335,HLA-DRB108:01,18348.71,ANZ78847,RKPDLPNCNIE,335,1283.0
652,HLA-DRB108:01,18385.18,ANZ78847,NSWQNLLYDSN,652,1284.0
1336,HLA-DRB108:01,18465.02,ANZ78847,CFKKCGGCCDD,1336,1285.0
808,HLA-DRB108:01,18486.5,ANZ78847,NMEEFIQTSSP,808,1286.0
358,HLA-DRB108:01,18531.53,ANZ78847,NWERKTFSNCN,358,1287.0
26,HLA-DRB108:01,18557.23,ANZ78847,TGSLNNIDTGP,26,1288.0
412,HLA-DRB108:01,18559.36,ANZ78847,RKVDLQLGNLG,412,1289.0
467,HLA-DRB108:01,18581.81,ANZ78847,EDSVFKPQPAG,467,1290.0
348,HLA-DRB108:01,18624.65,ANZ78847,LNDKSVPSPLN,348,1291.0
1050,HLA-DRB108:01,18726.08,ANZ78847,ALNNLLQQLSN,1050,1292.0
521,HLA-DRB108:01,18727.3,ANZ78847,CPAGTNYLTCH,521,1293.0
176,HLA-DRB108:01,18731.46,ANZ78847,HTICHPNLGNH,176,1294.0
345,HLA-DRB108:01,18774.89,ANZ78847,EAWLNDKSVPS,345,1295.0
826,HLA-DRB108:01,18829.9,ANZ78847,AFVCGDYAACK,826,1296.0
696,HLA-DRB108:01,18859.97,ANZ78847,SEPALLFRNIK,696,1297.0
931,HLA-DRB108:01,18907.26,ANZ78847,AAYNNCTGGAE,931,1298.0
542,HLA-DRB108:01,18941.24,ANZ78847,TGPYKCPQSKS,542,1299.0
1209,HLA-DRB108:01,18985.17,ANZ78847,TENNVVVMSTC,1209,1300.0
99,HLA-DRB108:01,19033.23,ANZ78847,LSDFINGIFAK,99,1301.0
1174,HLA-DRB108:01,19041.32,ANZ78847,CIAGDRGIAPK,1174,1302.0
1153,HLA-DRB108:01,19097.51,ANZ78847,YFIHFSYVPTK,1153,1303.0
861,HLA-DRB108:01,19113.67,ANZ78847,DTTQLQVANSL,861,1304.0
688,HLA-DRB108:01,19132.15,ANZ78847,SAAFHANSSEP,688,1305.0
569,HLA-DRB108:01,19160.17,ANZ78847,YCGGNPCTCQP,569,1306.0
513,HLA-DRB108:01,19165.11,ANZ78847,GKNNGIGTCPA,513,1307.0
492,HLA-DRB108:01,19197.23,ANZ78847,KAPKNFCPCKS,492,1308.0
565,HLA-DRB108:01,19319.76,ANZ78847,VKSDYCGGNPC,565,1309.0
654,HLA-DRB108:01,19401.77,ANZ78847,WQNLLYDSNGN,654,1310.0
62,HLA-DRB108:01,19418.09,ANZ78847,NTTLFLNGYYP,62,1311.0
1183,HLA-DRB108:01,19567.14,ANZ78847,PKSGYFVNVNN,1183,1312.0
704,HLA-DRB108:01,19582.3,ANZ78847,NIKCNYVFNNS,704,1313.0
1130,HLA-DRB108:01,19603.74,ANZ78847,SRINFCGNGNH,1130,1314.0
615,HLA-DRB108:01,19642.4,ANZ78847,TDLQKANTDIK,615,1315.0
516,HLA-DRB108:01,19769.83,ANZ78847,NGIGTCPAGTN,516,1316.0
485,HLA-DRB108:01,19771.94,ANZ78847,VYAQHCFKAPK,485,1317.0
74,HLA-DRB108:01,19851.65,ANZ78847,SGSTYRNMALK,74,1318.0
347,HLA-DRB108:01,19953.29,ANZ78847,WLNDKSVPSPL,347,1319.0
400,HLA-DRB108:01,20058.53,ANZ78847,SITIDKFAIPN,400,1320.0
655,HLA-DRB108:01,20169.0,ANZ78847,QNLLYDSNGNL,655,1321.0
1193,HLA-DRB108:01,20263.74,ANZ78847,NTWMYTGSGYY,1193,1322.0
1341,HLA-DRB108:01,20308.18,ANZ78847,GGCCDDYTGYQ,1341,1323.0
613,HLA-DRB108:01,20416.47,ANZ78847,CSTDLQKANTD,613,1324.0
1024,HLA-DRB108:01,20442.46,ANZ78847,DAIQEGFDATN,1024,1325.0
486,HLA-DRB108:01,20515.96,ANZ78847,YAQHCFKAPKN,486,1326.0
591,HLA-DRB108:01,20554.36,ANZ78847,LQGDKCNIFAN,591,1327.0
1047,HLA-DRB108:01,21102.99,ANZ78847,NAEALNNLLQQ,1047,1328.0
382,HLA-DRB108:01,21579.9,ANZ78847,SFTCNNIDAAK,382,1329.0
403,HLA-DRB108:01,21711.5,ANZ78847,IDKFAIPNGRK,403,1330.0
66,HLA-DRB108:01,21818.38,ANZ78847,FLNGYYPTSGS,66,1331.0
1046,HLA-DRB108:01,22018.71,ANZ78847,ANAEALNNLLQ,1046,1332.0
564,HLA-DRB108:01,22063.79,ANZ78847,AVKSDYCGGNP,564,1333.0
1195,HLA-DRB108:01,22166.12,ANZ78847,WMYTGSGYYYP,1195,1334.0
925,HLA-DRB108:01,22231.32,ANZ78847,SDVGFVAAYNN,925,1335.0
346,HLA-DRB108:01,22251.74,ANZ78847,AWLNDKSVPSP,346,1336.0
510,HLA-DRB108:01,22281.15,ANZ78847,SGPGKNNGIGT,510,1337.0
1334,HLA-DRB108:01,22660.88,ANZ78847,TSCFKKCGGCC,1334,1338.0
438,HLA-DRB108:01,22901.96,ANZ78847,CQLYYNLPAAN,438,1339.0
687,HLA-DRB108:01,22904.57,ANZ78847,VSAAFHANSSE,687,1340.0
751,HLA-DRB108:01,23075.26,ANZ78847,GSGYCVDYSKN,751,1341.0
924,HLA-DRB108:01,23247.97,ANZ78847,LSDVGFVAAYN,924,1342.0
536,HLA-DRB108:01,23381.05,ANZ78847,PDPITFTGPYK,536,1343.0
570,HLA-DRB108:01,23449.92,ANZ78847,CGGNPCTCQPQ,570,1344.0
541,HLA-DRB108:01,23731.09,ANZ78847,FTGPYKCPQSK,541,1345.0
27,HLA-DRB108:01,24236.61,ANZ78847,GSLNNIDTGPP,27,1346.0
705,HLA-DRB108:01,24454.5,ANZ78847,IKCNYVFNNSL,705,1347.0
512,HLA-DRB108:01,24916.2,ANZ78847,PGKNNGIGTCP,512,1348.0
809,HLA-DRB108:01,25653.56,ANZ78847,MEEFIQTSSPK,809,1349.0
28,HLA-DRB108:01,26859.31,ANZ78847,SLNNIDTGPPS,28,1350.0
511,HLA-DRB108:01,27249.23,ANZ78847,GPGKNNGIGTC,511,1351.0
509,HLA-DRB108:01,28379.59,ANZ78847,GSGPGKNNGIG,509,1352.0
255,HLA-DRB111:01,54.14,ANZ78847,MPLTCISRRNI,255,1.0
371,HLA-DRB111:01,133.36,ANZ78847,MSSLMSFIQAD,371,2.0
244,HLA-DRB111:01,140.59,ANZ78847,YLGMALSHYYV,244,3.0
671,HLA-DRB111:01,145.49,ANZ78847,YLTNRTFMIRS,671,4.0
272,HLA-DRB111:01,204.49,ANZ78847,WVTPLTSRQYL,272,5.0
301,HLA-DRB111:01,215.47,ANZ78847,FMSEIKCKTQS,301,6.0
1061,HLA-DRB111:01,248.19,ANZ78847,RFGAISSSLQE,1061,7.0
76,HLA-DRB111:01,285.59,ANZ78847,STYRNMALKGT,76,8.0
758,HLA-DRB111:01,300.49,ANZ78847,YSKNRRSRRAI,758,9.0
273,HLA-DRB111:01,306.36,ANZ78847,VTPLTSRQYLL,273,10.0
0,HLA-DRB111:01,316.09,ANZ78847,MFLILLISLPT,0,11.0
253,HLA-DRB111:01,335.1,ANZ78847,YVMPLTCISRR,253,12.0
355,HLA-DRB111:01,442.59,ANZ78847,SPLNWERKTFS,355,13.0
674,HLA-DRB111:01,517.83,ANZ78847,NRTFMIRSCYS,674,14.0
243,HLA-DRB111:01,522.94,ANZ78847,VYLGMALSHYY,243,15.0
1211,HLA-DRB111:01,533.14,ANZ78847,NNVVVMSTCAV,1211,16.0
1055,HLA-DRB111:01,548.3,ANZ78847,LQQLSNRFGAI,1055,17.0
811,HLA-DRB111:01,562.42,ANZ78847,EFIQTSSPKVT,811,18.0
1069,HLA-DRB111:01,571.07,ANZ78847,LQEILSRLDAL,1069,19.0
676,HLA-DRB111:01,572.82,ANZ78847,TFMIRSCYSGR,676,20.0
710,HLA-DRB111:01,617.95,ANZ78847,VFNNSLTRQLQ,710,21.0
254,HLA-DRB111:01,635.41,ANZ78847,VMPLTCISRRN,254,22.0
1066,HLA-DRB111:01,679.66,ANZ78847,SSSLQEILSRL,1066,23.0
278,HLA-DRB111:01,735.56,ANZ78847,SRQYLLAFNQD,278,24.0
261,HLA-DRB111:01,749.45,ANZ78847,SRRNIGFTLEY,261,25.0
367,HLA-DRB111:01,753.61,ANZ78847,CNFNMSSLMSF,367,26.0
271,HLA-DRB111:01,768.78,ANZ78847,YWVTPLTSRQY,271,27.0
1054,HLA-DRB111:01,781.58,ANZ78847,LLQQLSNRFGA,1054,28.0
1348,HLA-DRB111:01,833.26,ANZ78847,TGYQELVIKTS,1348,29.0
245,HLA-DRB111:01,843.94,ANZ78847,LGMALSHYYVM,245,30.0
237,HLA-DRB111:01,854.74,ANZ78847,TKFLFNVYLGM,237,31.0
77,HLA-DRB111:01,863.85,ANZ78847,TYRNMALKGTD,77,32.0
366,HLA-DRB111:01,864.57,ANZ78847,NCNFNMSSLMS,366,33.0
673,HLA-DRB111:01,870.9,ANZ78847,TNRTFMIRSCY,673,34.0
1139,HLA-DRB111:01,914.24,ANZ78847,NHIISLVQNAP,1139,35.0
260,HLA-DRB111:01,938.16,ANZ78847,ISRRNIGFTLE,260,36.0
988,HLA-DRB111:01,994.49,ANZ78847,VPFYLNVQYRI,988,37.0
183,HLA-DRB111:01,999.94,ANZ78847,LGNHFKELWHM,183,38.0
1189,HLA-DRB111:01,1055.1,ANZ78847,VNVNNTWMYTG,1189,39.0
670,HLA-DRB111:01,1096.08,ANZ78847,DYLTNRTFMIR,670,40.0
259,HLA-DRB111:01,1107.49,ANZ78847,CISRRNIGFTL,259,41.0
578,HLA-DRB111:01,1138.25,ANZ78847,QPQAFLGWSAD,578,42.0
1068,HLA-DRB111:01,1143.14,ANZ78847,SLQEILSRLDA,1068,43.0
75,HLA-DRB111:01,1149.48,ANZ78847,GSTYRNMALKG,75,44.0
677,HLA-DRB111:01,1211.65,ANZ78847,FMIRSCYSGRV,677,45.0
812,HLA-DRB111:01,1217.75,ANZ78847,FIQTSSPKVTI,812,46.0
679,HLA-DRB111:01,1289.23,ANZ78847,IRSCYSGRVSA,679,47.0
755,HLA-DRB111:01,1294.73,ANZ78847,CVDYSKNRRSR,755,48.0
678,HLA-DRB111:01,1296.99,ANZ78847,MIRSCYSGRVS,678,49.0
680,HLA-DRB111:01,1330.91,ANZ78847,RSCYSGRVSAA,680,50.0
258,HLA-DRB111:01,1333.63,ANZ78847,TCISRRNIGFT,258,51.0
1,HLA-DRB111:01,1434.55,ANZ78847,FLILLISLPTA,1,52.0
106,HLA-DRB111:01,1440.74,ANZ78847,IFAKVKNTKVF,106,53.0
1000,HLA-DRB111:01,1492.12,ANZ78847,GLGVTMDVLSQ,1000,54.0
953,HLA-DRB111:01,1503.2,ANZ78847,GIKVLPPLLSE,953,55.0
453,HLA-DRB111:01,1511.5,ANZ78847,RFNPSTWNKRF,453,56.0
1070,HLA-DRB111:01,1511.9,ANZ78847,QEILSRLDALE,1070,57.0
455,HLA-DRB111:01,1546.45,ANZ78847,NPSTWNKRFGF,455,58.0
1298,HLA-DRB111:01,1558.99,ANZ78847,YEYYVKWPWYV,1298,59.0
257,HLA-DRB111:01,1566.62,ANZ78847,LTCISRRNIGF,257,60.0
300,HLA-DRB111:01,1567.59,ANZ78847,DFMSEIKCKTQ,300,61.0
1309,HLA-DRB111:01,1573.39,ANZ78847,WLLICLAGVAM,1309,62.0
48,HLA-DRB111:01,1589.04,ANZ78847,NGLGTYYVLDR,48,63.0
894,HLA-DRB111:01,1606.31,ANZ78847,FSSVLGCLGSE,894,64.0
1125,HLA-DRB111:01,1609.56,ANZ78847,VKSQSSRINFC,1125,65.0
735,HLA-DRB111:01,1626.57,ANZ78847,AYNSTAISVQT,735,66.0
457,HLA-DRB111:01,1635.37,ANZ78847,STWNKRFGFIE,457,67.0
252,HLA-DRB111:01,1716.0,ANZ78847,YYVMPLTCISR,252,68.0
682,HLA-DRB111:01,1726.97,ANZ78847,CYSGRVSAAFH,682,69.0
950,HLA-DRB111:01,1729.1,ANZ78847,SYKGIKVLPPL,950,70.0
1062,HLA-DRB111:01,1735.9,ANZ78847,FGAISSSLQEI,1062,71.0
964,HLA-DRB111:01,1736.57,ANZ78847,NQISGYTLAAT,964,72.0
454,HLA-DRB111:01,1768.84,ANZ78847,FNPSTWNKRFG,454,73.0
242,HLA-DRB111:01,1797.83,ANZ78847,NVYLGMALSHY,242,74.0
675,HLA-DRB111:01,1833.99,ANZ78847,RTFMIRSCYSG,675,75.0
50,HLA-DRB111:01,1895.52,ANZ78847,LGTYYVLDRVY,50,76.0
269,HLA-DRB111:01,1922.6,ANZ78847,LEYWVTPLTSR,269,77.0
790,HLA-DRB111:01,1947.66,ANZ78847,EPVGGLYEIQI,790,78.0
904,HLA-DRB111:01,1957.89,ANZ78847,ECSKASSRSAI,904,79.0
1086,HLA-DRB111:01,1997.81,ANZ78847,DRLINGRLTAL,1086,80.0
1248,HLA-DRB111:01,2003.73,ANZ78847,WFKNQTSVAPD,1248,81.0
398,HLA-DRB111:01,2005.89,ANZ78847,FSSITIDKFAI,398,82.0
256,HLA-DRB111:01,2013.28,ANZ78847,PLTCISRRNIG,256,83.0
806,HLA-DRB111:01,2039.44,ANZ78847,IGNMEEFIQTS,806,84.0
765,HLA-DRB111:01,2063.97,ANZ78847,RRAITTGYRFT,765,85.0
949,HLA-DRB111:01,2094.11,ANZ78847,QSYKGIKVLPP,949,86.0
279,HLA-DRB111:01,2105.45,ANZ78847,RQYLLAFNQDG,279,87.0
672,HLA-DRB111:01,2115.73,ANZ78847,LTNRTFMIRSC,672,88.0
302,HLA-DRB111:01,2134.56,ANZ78847,MSEIKCKTQSI,302,89.0
1033,HLA-DRB111:01,2136.08,ANZ78847,TNSALVKIQAV,1033,90.0
597,HLA-DRB111:01,2169.47,ANZ78847,NIFANLILHDV,597,91.0
194,HLA-DRB111:01,2172.85,ANZ78847,DTGVVSCLYKR,194,92.0
963,HLA-DRB111:01,2189.58,ANZ78847,ENQISGYTLAA,963,93.0
397,HLA-DRB111:01,2216.18,ANZ78847,CFSSITIDKFA,397,94.0
1063,HLA-DRB111:01,2230.86,ANZ78847,GAISSSLQEIL,1063,95.0
1191,HLA-DRB111:01,2238.68,ANZ78847,VNNTWMYTGSG,1191,96.0
49,HLA-DRB111:01,2242.17,ANZ78847,GLGTYYVLDRV,49,97.0
274,HLA-DRB111:01,2259.43,ANZ78847,TPLTSRQYLLA,274,98.0
365,HLA-DRB111:01,2292.25,ANZ78847,SNCNFNMSSLM,365,99.0
874,HLA-DRB111:01,2319.35,ANZ78847,GVTLSTKLKDG,874,100.0
354,HLA-DRB111:01,2319.89,ANZ78847,PSPLNWERKTF,354,101.0
186,HLA-DRB111:01,2322.87,ANZ78847,HFKELWHMDTG,186,102.0
185,HLA-DRB111:01,2326.2,ANZ78847,NHFKELWHMDT,185,103.0
456,HLA-DRB111:01,2334.94,ANZ78847,PSTWNKRFGFI,456,104.0
1136,HLA-DRB111:01,2340.92,ANZ78847,GNGNHIISLVQ,1136,105.0
700,HLA-DRB111:01,2349.82,ANZ78847,LLFRNIKCNYV,700,106.0
1263,HLA-DRB111:01,2351.18,ANZ78847,YINVTFLDLQV,1263,107.0
1271,HLA-DRB111:01,2373.31,ANZ78847,LQVEMNRLQEA,1271,108.0
1056,HLA-DRB111:01,2384.86,ANZ78847,QQLSNRFGAIS,1056,109.0
416,HLA-DRB111:01,2396.19,ANZ78847,LQLGNLGYLQS,416,110.0
59,HLA-DRB111:01,2451.97,ANZ78847,VYLNTTLFLNG,59,111.0
681,HLA-DRB111:01,2458.82,ANZ78847,SCYSGRVSAAF,681,112.0
1306,HLA-DRB111:01,2458.99,ANZ78847,WYVWLLICLAG,1306,113.0
1287,HLA-DRB111:01,2487.06,ANZ78847,QSYINLKDIGT,1287,114.0
1265,HLA-DRB111:01,2489.11,ANZ78847,NVTFLDLQVEM,1265,115.0
239,HLA-DRB111:01,2493.17,ANZ78847,FLFNVYLGMAL,239,116.0
552,HLA-DRB111:01,2530.29,ANZ78847,SLVGIGEHCSG,552,117.0
764,HLA-DRB111:01,2534.92,ANZ78847,SRRAITTGYRF,764,118.0
422,HLA-DRB111:01,2536.54,ANZ78847,GYLQSFNYRID,422,119.0
270,HLA-DRB111:01,2568.92,ANZ78847,EYWVTPLTSRQ,270,120.0
391,HLA-DRB111:01,2600.73,ANZ78847,AKIYGMCFSSI,391,121.0
277,HLA-DRB111:01,2607.93,ANZ78847,TSRQYLLAFNQ,277,122.0
941,HLA-DRB111:01,2653.55,ANZ78847,EIRDLICVQSY,941,123.0
421,HLA-DRB111:01,2654.91,ANZ78847,LGYLQSFNYRI,421,124.0
669,HLA-DRB111:01,2776.5,ANZ78847,RDYLTNRTFMI,669,125.0
137,HLA-DRB111:01,2819.19,ANZ78847,TSYSVVVQPRT,137,126.0
187,HLA-DRB111:01,2830.61,ANZ78847,FKELWHMDTGV,187,127.0
464,HLA-DRB111:01,2844.25,ANZ78847,GFIEDSVFKPQ,464,128.0
1278,HLA-DRB111:01,2856.19,ANZ78847,LQEAIKVLNQS,1278,129.0
1067,HLA-DRB111:01,2896.17,ANZ78847,SSLQEILSRLD,1067,130.0
1264,HLA-DRB111:01,2901.35,ANZ78847,INVTFLDLQVE,1264,131.0
632,HLA-DRB111:01,2903.72,ANZ78847,YDLYGISGQGI,632,132.0
761,HLA-DRB111:01,2924.15,ANZ78847,NRRSRRAITTG,761,133.0
135,HLA-DRB111:01,2929.3,ANZ78847,VNTSYSVVVQP,135,134.0
458,HLA-DRB111:01,2941.16,ANZ78847,TWNKRFGFIED,458,135.0
1082,HLA-DRB111:01,2949.19,ANZ78847,EAQIDRLINGR,1082,136.0
548,HLA-DRB111:01,2981.28,ANZ78847,PQSKSLVGIGE,548,137.0
1108,HLA-DRB111:01,2985.21,ANZ78847,TLVKFSAAQAM,1108,138.0
1270,HLA-DRB111:01,2991.58,ANZ78847,DLQVEMNRLQE,1270,139.0
968,HLA-DRB111:01,3098.2,ANZ78847,GYTLAATSASL,968,140.0
639,HLA-DRB111:01,3101.94,ANZ78847,GQGIFVEVNAT,639,141.0
156,HLA-DRB111:01,3110.76,ANZ78847,NKLQGLLEVSV,156,142.0
356,HLA-DRB111:01,3118.89,ANZ78847,PLNWERKTFSN,356,143.0
709,HLA-DRB111:01,3136.14,ANZ78847,YVFNNSLTRQL,709,144.0
969,HLA-DRB111:01,3147.5,ANZ78847,YTLAATSASLF,969,145.0
238,HLA-DRB111:01,3157.42,ANZ78847,KFLFNVYLGMA,238,146.0
683,HLA-DRB111:01,3158.11,ANZ78847,YSGRVSAAFHA,683,147.0
280,HLA-DRB111:01,3169.79,ANZ78847,QYLLAFNQDGI,280,148.0
1304,HLA-DRB111:01,3227.89,ANZ78847,WPWYVWLLICL,1304,149.0
668,HLA-DRB111:01,3230.0,ANZ78847,FRDYLTNRTFM,668,150.0
1272,HLA-DRB111:01,3234.27,ANZ78847,QVEMNRLQEAI,1272,151.0
869,HLA-DRB111:01,3276.36,ANZ78847,NSLMNGVTLST,869,152.0
940,HLA-DRB111:01,3297.13,ANZ78847,AEIRDLICVQS,940,153.0
85,HLA-DRB111:01,3336.82,ANZ78847,GTDKLSTLWFK,85,154.0
989,HLA-DRB111:01,3343.56,ANZ78847,PFYLNVQYRIN,989,155.0
711,HLA-DRB111:01,3352.26,ANZ78847,FNNSLTRQLQP,711,156.0
369,HLA-DRB111:01,3356.89,ANZ78847,FNMSSLMSFIQ,369,157.0
990,HLA-DRB111:01,3378.46,ANZ78847,FYLNVQYRING,990,158.0
1247,HLA-DRB111:01,3401.57,ANZ78847,QWFKNQTSVAP,1247,159.0
1190,HLA-DRB111:01,3435.89,ANZ78847,NVNNTWMYTGS,1190,160.0
161,HLA-DRB111:01,3478.57,ANZ78847,LLEVSVCQYNM,161,161.0
584,HLA-DRB111:01,3496.08,ANZ78847,GWSADSCLQGD,584,162.0
372,HLA-DRB111:01,3537.97,ANZ78847,SSLMSFIQADS,372,163.0
51,HLA-DRB111:01,3547.19,ANZ78847,GTYYVLDRVYL,51,164.0
1032,HLA-DRB111:01,3569.76,ANZ78847,ATNSALVKIQA,1032,165.0
762,HLA-DRB111:01,3606.53,ANZ78847,RRSRRAITTGY,762,166.0
766,HLA-DRB111:01,3639.9,ANZ78847,RAITTGYRFTN,766,167.0
1162,HLA-DRB111:01,3673.03,ANZ78847,TKYVTAKVSPG,1162,168.0
1285,HLA-DRB111:01,3802.06,ANZ78847,LNQSYINLKDI,1285,169.0
1347,HLA-DRB111:01,3804.04,ANZ78847,YTGYQELVIKT,1347,170.0
756,HLA-DRB111:01,3822.86,ANZ78847,VDYSKNRRSRR,756,171.0
264,HLA-DRB111:01,3854.97,ANZ78847,NIGFTLEYWVT,264,172.0
81,HLA-DRB111:01,3862.14,ANZ78847,MALKGTDKLST,81,173.0
262,HLA-DRB111:01,3870.31,ANZ78847,RRNIGFTLEYW,262,174.0
1087,HLA-DRB111:01,3880.75,ANZ78847,RLINGRLTALN,1087,175.0
353,HLA-DRB111:01,3909.19,ANZ78847,VPSPLNWERKT,353,176.0
1138,HLA-DRB111:01,3918.6,ANZ78847,GNHIISLVQNA,1138,177.0
134,HLA-DRB111:01,3973.02,ANZ78847,FVNTSYSVVVQ,134,178.0
321,HLA-DRB111:01,4003.18,ANZ78847,LNGYTVQPIAD,321,179.0
907,HLA-DRB111:01,4030.05,ANZ78847,KASSRSAIEDL,907,180.0
1225,HLA-DRB111:01,4055.95,ANZ78847,KAPYVMLNTSI,1225,181.0
636,HLA-DRB111:01,4083.44,ANZ78847,GISGQGIFVEV,636,182.0
114,HLA-DRB111:01,4083.6,ANZ78847,KVFKDGVMYSE,114,183.0
423,HLA-DRB111:01,4118.96,ANZ78847,YLQSFNYRIDT,423,184.0
1302,HLA-DRB111:01,4120.91,ANZ78847,VKWPWYVWLLI,1302,185.0
707,HLA-DRB111:01,4135.32,ANZ78847,CNYVFNNSLTR,707,186.0
1279,HLA-DRB111:01,4154.74,ANZ78847,QEAIKVLNQSY,1279,187.0
304,HLA-DRB111:01,4215.32,ANZ78847,EIKCKTQSIAP,304,188.0
892,HLA-DRB111:01,4238.22,ANZ78847,INFSSVLGCLG,892,189.0
357,HLA-DRB111:01,4248.09,ANZ78847,LNWERKTFSNC,357,190.0
943,HLA-DRB111:01,4255.72,ANZ78847,RDLICVQSYKG,943,191.0
905,HLA-DRB111:01,4263.53,ANZ78847,CSKASSRSAIE,905,192.0
635,HLA-DRB111:01,4299.59,ANZ78847,YGISGQGIFVE,635,193.0
444,HLA-DRB111:01,4332.03,ANZ78847,LPAANVSVSRF,444,194.0
263,HLA-DRB111:01,4352.04,ANZ78847,RNIGFTLEYWV,263,195.0
396,HLA-DRB111:01,4368.02,ANZ78847,MCFSSITIDKF,396,196.0
298,HLA-DRB111:01,4385.52,ANZ78847,MSDFMSEIKCK,298,197.0
393,HLA-DRB111:01,4477.82,ANZ78847,IYGMCFSSITI,393,198.0
60,HLA-DRB111:01,4483.23,ANZ78847,YLNTTLFLNGY,60,199.0
1060,HLA-DRB111:01,4486.76,ANZ78847,NRFGAISSSLQ,1060,200.0
249,HLA-DRB111:01,4506.13,ANZ78847,LSHYYVMPLTC,249,201.0
734,HLA-DRB111:01,4533.86,ANZ78847,NAYNSTAISVQ,734,202.0
1307,HLA-DRB111:01,4535.3,ANZ78847,YVWLLICLAGV,1307,203.0
579,HLA-DRB111:01,4540.13,ANZ78847,PQAFLGWSADS,579,204.0
1196,HLA-DRB111:01,4548.66,ANZ78847,MYTGSGYYYPE,1196,205.0
22,HLA-DRB111:01,4583.64,ANZ78847,LDSRTGSLNNI,22,206.0
631,HLA-DRB111:01,4601.4,ANZ78847,NYDLYGISGQG,631,207.0
1350,HLA-DRB111:01,4673.2,ANZ78847,YQELVIKTSHD,1350,208.0
115,HLA-DRB111:01,4676.91,ANZ78847,VFKDGVMYSEF,115,209.0
105,HLA-DRB111:01,4677.21,ANZ78847,GIFAKVKNTKV,105,210.0
340,HLA-DRB111:01,4701.68,ANZ78847,PNCNIEAWLND,340,211.0
558,HLA-DRB111:01,4739.3,ANZ78847,EHCSGLAVKSD,558,212.0
1071,HLA-DRB111:01,4756.15,ANZ78847,EILSRLDALEA,1071,213.0
908,HLA-DRB111:01,4780.34,ANZ78847,ASSRSAIEDLL,908,214.0
1121,HLA-DRB111:01,4796.72,ANZ78847,VNECVKSQSSR,1121,215.0
268,HLA-DRB111:01,4803.34,ANZ78847,TLEYWVTPLTS,268,216.0
303,HLA-DRB111:01,4805.88,ANZ78847,SEIKCKTQSIA,303,217.0
1001,HLA-DRB111:01,4883.94,ANZ78847,LGVTMDVLSQN,1001,218.0
136,HLA-DRB111:01,4888.96,ANZ78847,NTSYSVVVQPR,136,219.0
939,HLA-DRB111:01,4889.85,ANZ78847,GAEIRDLICVQ,939,220.0
4,HLA-DRB111:01,4910.52,ANZ78847,LLISLPTAFAV,4,221.0
901,HLA-DRB111:01,4913.59,ANZ78847,LGSECSKASSR,901,222.0
408,HLA-DRB111:01,4957.77,ANZ78847,IPNGRKVDLQL,408,223.0
866,HLA-DRB111:01,5016.8,ANZ78847,QVANSLMNGVT,866,224.0
1155,HLA-DRB111:01,5024.33,ANZ78847,IHFSYVPTKYV,1155,225.0
1123,HLA-DRB111:01,5027.02,ANZ78847,ECVKSQSSRIN,1123,226.0
7,HLA-DRB111:01,5112.18,ANZ78847,SLPTAFAVIGD,7,227.0
1085,HLA-DRB111:01,5129.33,ANZ78847,IDRLINGRLTA,1085,228.0
902,HLA-DRB111:01,5133.78,ANZ78847,GSECSKASSRS,902,229.0
53,HLA-DRB111:01,5181.67,ANZ78847,YYVLDRVYLNT,53,230.0
987,HLA-DRB111:01,5187.38,ANZ78847,GVPFYLNVQYR,987,231.0
951,HLA-DRB111:01,5211.58,ANZ78847,YKGIKVLPPLL,951,232.0
982,HLA-DRB111:01,5232.36,ANZ78847,WTAAAGVPFYL,982,233.0
1002,HLA-DRB111:01,5241.93,ANZ78847,GVTMDVLSQNQ,1002,234.0
1156,HLA-DRB111:01,5263.23,ANZ78847,HFSYVPTKYVT,1156,235.0
343,HLA-DRB111:01,5288.63,ANZ78847,NIEAWLNDKSV,343,236.0
452,HLA-DRB111:01,5289.36,ANZ78847,SRFNPSTWNKR,452,237.0
1053,HLA-DRB111:01,5299.69,ANZ78847,NLLQQLSNRFG,1053,238.0
981,HLA-DRB111:01,5326.42,ANZ78847,PWTAAAGVPFY,981,239.0
138,HLA-DRB111:01,5327.37,ANZ78847,SYSVVVQPRTI,138,240.0
132,HLA-DRB111:01,5329.96,ANZ78847,STFVNTSYSVV,132,241.0
459,HLA-DRB111:01,5331.55,ANZ78847,WNKRFGFIEDS,459,242.0
1124,HLA-DRB111:01,5332.27,ANZ78847,CVKSQSSRINF,1124,243.0
1092,HLA-DRB111:01,5340.33,ANZ78847,RLTALNAYVSQ,1092,244.0
596,HLA-DRB111:01,5344.95,ANZ78847,CNIFANLILHD,596,245.0
1230,HLA-DRB111:01,5346.46,ANZ78847,MLNTSIPNLPD,1230,246.0
319,HLA-DRB111:01,5438.0,ANZ78847,YELNGYTVQPI,319,247.0
545,HLA-DRB111:01,5448.93,ANZ78847,YKCPQSKSLVG,545,248.0
1137,HLA-DRB111:01,5466.7,ANZ78847,NGNHIISLVQN,1137,249.0
47,HLA-DRB111:01,5466.71,ANZ78847,TNGLGTYYVLD,47,250.0
299,HLA-DRB111:01,5495.65,ANZ78847,SDFMSEIKCKT,299,251.0
318,HLA-DRB111:01,5498.57,ANZ78847,VYELNGYTVQP,318,252.0
712,HLA-DRB111:01,5563.12,ANZ78847,NNSLTRQLQPI,712,253.0
236,HLA-DRB111:01,5642.02,ANZ78847,VTKFLFNVYLG,236,254.0
557,HLA-DRB111:01,5647.73,ANZ78847,GEHCSGLAVKS,557,255.0
370,HLA-DRB111:01,5651.24,ANZ78847,NMSSLMSFIQA,370,256.0
409,HLA-DRB111:01,5664.9,ANZ78847,PNGRKVDLQLG,409,257.0
1057,HLA-DRB111:01,5729.95,ANZ78847,QLSNRFGAISS,1057,258.0
251,HLA-DRB111:01,5750.01,ANZ78847,HYYVMPLTCIS,251,259.0
873,HLA-DRB111:01,5754.16,ANZ78847,NGVTLSTKLKD,873,260.0
2,HLA-DRB111:01,5776.48,ANZ78847,LILLISLPTAF,2,261.0
368,HLA-DRB111:01,5797.63,ANZ78847,NFNMSSLMSFI,368,262.0
1186,HLA-DRB111:01,5835.32,ANZ78847,GYFVNVNNTWM,1186,263.0
870,HLA-DRB111:01,5838.16,ANZ78847,SLMNGVTLSTK,870,264.0
1081,HLA-DRB111:01,5922.83,ANZ78847,AEAQIDRLING,1081,265.0
417,HLA-DRB111:01,5948.48,ANZ78847,QLGNLGYLQSF,417,266.0
1269,HLA-DRB111:01,5952.14,ANZ78847,LDLQVEMNRLQ,1269,267.0
1168,HLA-DRB111:01,5967.96,ANZ78847,KVSPGLCIAGD,1168,268.0
1268,HLA-DRB111:01,6008.44,ANZ78847,FLDLQVEMNRL,1268,269.0
375,HLA-DRB111:01,6009.17,ANZ78847,MSFIQADSFTC,375,270.0
1262,HLA-DRB111:01,6032.7,ANZ78847,DYINVTFLDLQ,1262,271.0
544,HLA-DRB111:01,6047.19,ANZ78847,PYKCPQSKSLV,544,272.0
1064,HLA-DRB111:01,6084.06,ANZ78847,AISSSLQEILS,1064,273.0
78,HLA-DRB111:01,6089.81,ANZ78847,YRNMALKGTDK,78,274.0
1171,HLA-DRB111:01,6189.4,ANZ78847,PGLCIAGDRGI,1171,275.0
25,HLA-DRB111:01,6194.67,ANZ78847,RTGSLNNIDTG,25,276.0
1303,HLA-DRB111:01,6201.52,ANZ78847,KWPWYVWLLIC,1303,277.0
1277,HLA-DRB111:01,6209.83,ANZ78847,RLQEAIKVLNQ,1277,278.0
150,HLA-DRB111:01,6226.58,ANZ78847,STQDGVNKLQG,150,279.0
1065,HLA-DRB111:01,6247.99,ANZ78847,ISSSLQEILSR,1065,280.0
651,HLA-DRB111:01,6249.24,ANZ78847,YNSWQNLLYDS,651,281.0
1104,HLA-DRB111:01,6255.12,ANZ78847,LSDSTLVKFSA,1104,282.0
690,HLA-DRB111:01,6295.98,ANZ78847,AFHANSSEPAL,690,283.0
196,HLA-DRB111:01,6350.98,ANZ78847,GVVSCLYKRNF,196,284.0
805,HLA-DRB111:01,6360.43,ANZ78847,TIGNMEEFIQT,805,285.0
5,HLA-DRB111:01,6360.95,ANZ78847,LISLPTAFAVI,5,286.0
275,HLA-DRB111:01,6362.55,ANZ78847,PLTSRQYLLAF,275,287.0
127,HLA-DRB111:01,6363.58,ANZ78847,AITIGSTFVNT,127,288.0
772,HLA-DRB111:01,6364.88,ANZ78847,YRFTNFEPFTV,772,289.0
944,HLA-DRB111:01,6461.74,ANZ78847,DLICVQSYKGI,944,290.0
763,HLA-DRB111:01,6465.05,ANZ78847,RSRRAITTGYR,763,291.0
995,HLA-DRB111:01,6476.73,ANZ78847,QYRINGLGVTM,995,292.0
1093,HLA-DRB111:01,6534.8,ANZ78847,LTALNAYVSQQ,1093,293.0
212,HLA-DRB111:01,6537.27,ANZ78847,ATYLYFHFYQE,212,294.0
100,HLA-DRB111:01,6541.49,ANZ78847,SDFINGIFAKV,100,295.0
164,HLA-DRB111:01,6541.99,ANZ78847,VSVCQYNMCEY,164,296.0
1105,HLA-DRB111:01,6585.47,ANZ78847,SDSTLVKFSAA,1105,297.0
810,HLA-DRB111:01,6611.88,ANZ78847,EEFIQTSSPKV,810,298.0
667,HLA-DRB111:01,6621.91,ANZ78847,GFRDYLTNRTF,667,299.0
159,HLA-DRB111:01,6673.82,ANZ78847,QGLLEVSVCQY,159,300.0
24,HLA-DRB111:01,6691.86,ANZ78847,SRTGSLNNIDT,24,301.0
297,HLA-DRB111:01,6693.17,ANZ78847,CMSDFMSEIKC,297,302.0
143,HLA-DRB111:01,6698.99,ANZ78847,VQPRTINSTQD,143,303.0
184,HLA-DRB111:01,6702.69,ANZ78847,GNHFKELWHMD,184,304.0
1305,HLA-DRB111:01,6771.4,ANZ78847,PWYVWLLICLA,1305,305.0
986,HLA-DRB111:01,6778.75,ANZ78847,AGVPFYLNVQY,986,306.0
759,HLA-DRB111:01,6806.08,ANZ78847,SKNRRSRRAIT,759,307.0
1253,HLA-DRB111:01,6808.67,ANZ78847,TSVAPDLALDY,1253,308.0
3,HLA-DRB111:01,6815.17,ANZ78847,ILLISLPTAFA,3,309.0
580,HLA-DRB111:01,6818.26,ANZ78847,QAFLGWSADSC,580,310.0
1106,HLA-DRB111:01,6819.99,ANZ78847,DSTLVKFSAAQ,1106,311.0
499,HLA-DRB111:01,6827.09,ANZ78847,PCKSNSSLCVG,499,312.0
1349,HLA-DRB111:01,6834.72,ANZ78847,GYQELVIKTSH,1349,313.0
1096,HLA-DRB111:01,6866.04,ANZ78847,LNAYVSQQLSD,1096,314.0
893,HLA-DRB111:01,6895.38,ANZ78847,NFSSVLGCLGS,893,315.0
128,HLA-DRB111:01,6919.62,ANZ78847,ITIGSTFVNTS,128,316.0
748,HLA-DRB111:01,6920.69,ANZ78847,LTVGSGYCVDY,748,317.0
1084,HLA-DRB111:01,6975.98,ANZ78847,QIDRLINGRLT,1084,318.0
994,HLA-DRB111:01,6976.77,ANZ78847,VQYRINGLGVT,994,319.0
1224,HLA-DRB111:01,6980.7,ANZ78847,TKAPYVMLNTS,1224,320.0
446,HLA-DRB111:01,6985.8,ANZ78847,AANVSVSRFNP,446,321.0
1107,HLA-DRB111:01,7029.36,ANZ78847,STLVKFSAAQA,1107,322.0
514,HLA-DRB111:01,7063.19,ANZ78847,KNNGIGTCPAG,514,323.0
1157,HLA-DRB111:01,7105.17,ANZ78847,FSYVPTKYVTA,1157,324.0
962,HLA-DRB111:01,7116.22,ANZ78847,SENQISGYTLA,962,325.0
897,HLA-DRB111:01,7177.08,ANZ78847,VLGCLGSECSK,897,326.0
1286,HLA-DRB111:01,7221.18,ANZ78847,NQSYINLKDIG,1286,327.0
497,HLA-DRB111:01,7244.29,ANZ78847,FCPCKSNSSLC,497,328.0
922,HLA-DRB111:01,7277.05,ANZ78847,VKLSDVGFVAA,922,329.0
583,HLA-DRB111:01,7314.93,ANZ78847,LGWSADSCLQG,583,330.0
623,HLA-DRB111:01,7335.43,ANZ78847,DIKLGVCVNYD,623,331.0
501,HLA-DRB111:01,7336.96,ANZ78847,KSNSSLCVGSG,501,332.0
1176,HLA-DRB111:01,7341.78,ANZ78847,AGDRGIAPKSG,1176,333.0
701,HLA-DRB111:01,7362.03,ANZ78847,LFRNIKCNYVF,701,334.0
650,HLA-DRB111:01,7380.8,ANZ78847,YYNSWQNLLYD,650,335.0
900,HLA-DRB111:01,7401.31,ANZ78847,CLGSECSKASS,900,336.0
166,HLA-DRB111:01,7406.0,ANZ78847,VCQYNMCEYPH,166,337.0
1120,HLA-DRB111:01,7430.78,ANZ78847,KVNECVKSQSS,1120,338.0
867,HLA-DRB111:01,7434.97,ANZ78847,VANSLMNGVTL,867,339.0
420,HLA-DRB111:01,7453.68,ANZ78847,NLGYLQSFNYR,420,340.0
875,HLA-DRB111:01,7469.56,ANZ78847,VTLSTKLKDGV,875,341.0
498,HLA-DRB111:01,7470.01,ANZ78847,CPCKSNSSLCV,498,342.0
465,HLA-DRB111:01,7470.34,ANZ78847,FIEDSVFKPQP,465,343.0
999,HLA-DRB111:01,7471.37,ANZ78847,NGLGVTMDVLS,999,344.0
154,HLA-DRB111:01,7504.23,ANZ78847,GVNKLQGLLEV,154,345.0
342,HLA-DRB111:01,7572.72,ANZ78847,CNIEAWLNDKS,342,346.0
555,HLA-DRB111:01,7585.09,ANZ78847,GIGEHCSGLAV,555,347.0
317,HLA-DRB111:01,7607.7,ANZ78847,GVYELNGYTVQ,317,348.0
1351,HLA-DRB111:01,7622.97,ANZ78847,QELVIKTSHDD,1351,349.0
967,HLA-DRB111:01,7640.72,ANZ78847,SGYTLAATSAS,967,350.0
195,HLA-DRB111:01,7646.97,ANZ78847,TGVVSCLYKRN,195,351.0
1161,HLA-DRB111:01,7718.65,ANZ78847,PTKYVTAKVSP,1161,352.0
1313,HLA-DRB111:01,7726.58,ANZ78847,CLAGVAMLVLL,1313,353.0
320,HLA-DRB111:01,7730.9,ANZ78847,ELNGYTVQPIA,320,354.0
1172,HLA-DRB111:01,7743.83,ANZ78847,GLCIAGDRGIA,1172,355.0
906,HLA-DRB111:01,7750.43,ANZ78847,SKASSRSAIED,906,356.0
1212,HLA-DRB111:01,7754.6,ANZ78847,NVVVMSTCAVN,1212,357.0
305,HLA-DRB111:01,7767.71,ANZ78847,IKCKTQSIAPP,305,358.0
131,HLA-DRB111:01,7806.51,ANZ78847,GSTFVNTSYSV,131,359.0
229,HLA-DRB111:01,7857.19,ANZ78847,YFTDTGVVTKF,229,360.0
406,HLA-DRB111:01,7918.17,ANZ78847,FAIPNGRKVDL,406,361.0
546,HLA-DRB111:01,7942.33,ANZ78847,KCPQSKSLVGI,546,362.0
923,HLA-DRB111:01,7943.87,ANZ78847,KLSDVGFVAAY,923,363.0
1119,HLA-DRB111:01,7951.97,ANZ78847,EKVNECVKSQS,1119,364.0
577,HLA-DRB111:01,7955.86,ANZ78847,CQPQAFLGWSA,577,365.0
267,HLA-DRB111:01,7963.36,ANZ78847,FTLEYWVTPLT,267,366.0
1223,HLA-DRB111:01,7987.26,ANZ78847,YTKAPYVMLNT,1223,367.0
1220,HLA-DRB111:01,7988.35,ANZ78847,AVNYTKAPYVM,1220,368.0
1197,HLA-DRB111:01,7994.86,ANZ78847,YTGSGYYYPEP,1197,369.0
392,HLA-DRB111:01,8014.71,ANZ78847,KIYGMCFSSIT,392,370.0
952,HLA-DRB111:01,8029.9,ANZ78847,KGIKVLPPLLS,952,371.0
948,HLA-DRB111:01,8056.21,ANZ78847,VQSYKGIKVLP,948,372.0
777,HLA-DRB111:01,8059.77,ANZ78847,FEPFTVNSVND,777,373.0
830,HLA-DRB111:01,8071.07,ANZ78847,GDYAACKSQLV,830,374.0
864,HLA-DRB111:01,8076.2,ANZ78847,QLQVANSLMNG,864,375.0
1083,HLA-DRB111:01,8087.1,ANZ78847,AQIDRLINGRL,1083,376.0
1031,HLA-DRB111:01,8110.92,ANZ78847,DATNSALVKIQ,1031,377.0
1208,HLA-DRB111:01,8157.08,ANZ78847,ITENNVVVMST,1208,378.0
903,HLA-DRB111:01,8166.38,ANZ78847,SECSKASSRSA,903,379.0
1235,HLA-DRB111:01,8170.02,ANZ78847,IPNLPDFREEL,1235,380.0
1323,HLA-DRB111:01,8184.87,ANZ78847,LFFICCCTGCG,1323,381.0
394,HLA-DRB111:01,8204.04,ANZ78847,YGMCFSSITID,394,382.0
1126,HLA-DRB111:01,8215.36,ANZ78847,KSQSSRINFCG,1126,383.0
980,HLA-DRB111:01,8216.42,ANZ78847,PPWTAAAGVPF,980,384.0
921,HLA-DRB111:01,8232.86,ANZ78847,KVKLSDVGFVA,921,385.0
162,HLA-DRB111:01,8275.67,ANZ78847,LEVSVCQYNMC,162,386.0
219,HLA-DRB111:01,8315.42,ANZ78847,FYQEGGTFYAY,219,387.0
145,HLA-DRB111:01,8317.75,ANZ78847,PRTINSTQDGV,145,388.0
1006,HLA-DRB111:01,8337.75,ANZ78847,DVLSQNQKLIA,1006,389.0
361,HLA-DRB111:01,8354.34,ANZ78847,RKTFSNCNFNM,361,390.0
37,HLA-DRB111:01,8361.86,ANZ78847,PSISTATVDVT,37,391.0
415,HLA-DRB111:01,8435.22,ANZ78847,DLQLGNLGYLQ,415,392.0
1275,HLA-DRB111:01,8455.4,ANZ78847,MNRLQEAIKVL,1275,393.0
716,HLA-DRB111:01,8486.1,ANZ78847,TRQLQPINYFD,716,394.0
109,HLA-DRB111:01,8554.97,ANZ78847,KVKNTKVFKDG,109,395.0
323,HLA-DRB111:01,8559.27,ANZ78847,GYTVQPIADVY,323,396.0
374,HLA-DRB111:01,8598.97,ANZ78847,LMSFIQADSFT,374,397.0
21,HLA-DRB111:01,8605.47,ANZ78847,PLDSRTGSLNN,21,398.0
802,HLA-DRB111:01,8625.86,ANZ78847,SDFTIGNMEEF,802,399.0
250,HLA-DRB111:01,8650.52,ANZ78847,SHYYVMPLTCI,250,400.0
1321,HLA-DRB111:01,8780.77,ANZ78847,VLLFFICCCTG,1321,401.0
1034,HLA-DRB111:01,8802.78,ANZ78847,NSALVKIQAVV,1034,402.0
1249,HLA-DRB111:01,8803.15,ANZ78847,FKNQTSVAPDL,1249,403.0
928,HLA-DRB111:01,8804.07,ANZ78847,GFVAAYNNCTG,928,404.0
197,HLA-DRB111:01,8834.8,ANZ78847,VVSCLYKRNFT,197,405.0
193,HLA-DRB111:01,8870.73,ANZ78847,MDTGVVSCLYK,193,406.0
265,HLA-DRB111:01,8896.8,ANZ78847,IGFTLEYWVTP,265,407.0
407,HLA-DRB111:01,8900.87,ANZ78847,AIPNGRKVDLQ,407,408.0
1111,HLA-DRB111:01,8901.49,ANZ78847,KFSAAQAMEKV,1111,409.0
447,HLA-DRB111:01,8903.4,ANZ78847,ANVSVSRFNPS,447,410.0
1149,HLA-DRB111:01,8957.06,ANZ78847,PYGLYFIHFSY,1149,411.0
1210,HLA-DRB111:01,8965.29,ANZ78847,ENNVVVMSTCA,1210,412.0
959,HLA-DRB111:01,8979.08,ANZ78847,PLLSENQISGY,959,413.0
141,HLA-DRB111:01,8990.99,ANZ78847,VVVQPRTINST,141,414.0
560,HLA-DRB111:01,9002.61,ANZ78847,CSGLAVKSDYC,560,415.0
344,HLA-DRB111:01,9012.32,ANZ78847,IEAWLNDKSVP,344,416.0
500,HLA-DRB111:01,9016.8,ANZ78847,CKSNSSLCVGS,500,417.0
445,HLA-DRB111:01,9035.25,ANZ78847,PAANVSVSRFN,445,418.0
103,HLA-DRB111:01,9058.36,ANZ78847,INGIFAKVKNT,103,419.0
1312,HLA-DRB111:01,9100.41,ANZ78847,ICLAGVAMLVL,1312,420.0
124,HLA-DRB111:01,9119.56,ANZ78847,EFPAITIGSTF,124,421.0
760,HLA-DRB111:01,9123.92,ANZ78847,KNRRSRRAITT,760,422.0
483,HLA-DRB111:01,9123.95,ANZ78847,DVVYAQHCFKA,483,423.0
559,HLA-DRB111:01,9135.66,ANZ78847,HCSGLAVKSDY,559,424.0
230,HLA-DRB111:01,9172.41,ANZ78847,FTDTGVVTKFL,230,425.0
726,HLA-DRB111:01,9178.73,ANZ78847,DSYLGCVVNAY,726,426.0
1243,HLA-DRB111:01,9203.52,ANZ78847,EELDQWFKNQT,1243,427.0
218,HLA-DRB111:01,9206.14,ANZ78847,HFYQEGGTFYA,218,428.0
1118,HLA-DRB111:01,9217.64,ANZ78847,MEKVNECVKSQ,1118,429.0
1122,HLA-DRB111:01,9250.53,ANZ78847,NECVKSQSSRI,1122,430.0
789,HLA-DRB111:01,9277.36,ANZ78847,LEPVGGLYEIQ,789,431.0
240,HLA-DRB111:01,9280.62,ANZ78847,LFNVYLGMALS,240,432.0
1163,HLA-DRB111:01,9307.13,ANZ78847,KYVTAKVSPGL,1163,433.0
181,HLA-DRB111:01,9308.35,ANZ78847,PNLGNHFKELW,181,434.0
882,HLA-DRB111:01,9313.8,ANZ78847,KDGVNFNVDDI,882,435.0
1169,HLA-DRB111:01,9331.84,ANZ78847,VSPGLCIAGDR,1169,436.0
107,HLA-DRB111:01,9337.2,ANZ78847,FAKVKNTKVFK,107,437.0
661,HLA-DRB111:01,9427.37,ANZ78847,SNGNLYGFRDY,661,438.0
1274,HLA-DRB111:01,9459.3,ANZ78847,EMNRLQEAIKV,1274,439.0
916,HLA-DRB111:01,9505.44,ANZ78847,DLLFDKVKLSD,916,440.0
769,HLA-DRB111:01,9549.04,ANZ78847,TTGYRFTNFEP,769,441.0
144,HLA-DRB111:01,9563.32,ANZ78847,QPRTINSTQDG,144,442.0
691,HLA-DRB111:01,9568.39,ANZ78847,FHANSSEPALL,691,443.0
395,HLA-DRB111:01,9576.96,ANZ78847,GMCFSSITIDK,395,444.0
745,HLA-DRB111:01,9579.59,ANZ78847,TCDLTVGSGYC,745,445.0
645,HLA-DRB111:01,9586.82,ANZ78847,EVNATYYNSWQ,645,446.0
473,HLA-DRB111:01,9595.97,ANZ78847,PQPAGVLTNHD,473,447.0
1089,HLA-DRB111:01,9612.09,ANZ78847,INGRLTALNAY,1089,448.0
390,HLA-DRB111:01,9693.04,ANZ78847,AAKIYGMCFSS,390,449.0
213,HLA-DRB111:01,9694.35,ANZ78847,TYLYFHFYQEG,213,450.0
778,HLA-DRB111:01,9699.73,ANZ78847,EPFTVNSVNDS,778,451.0
547,HLA-DRB111:01,9706.89,ANZ78847,CPQSKSLVGIG,547,452.0
699,HLA-DRB111:01,9797.67,ANZ78847,ALLFRNIKCNY,699,453.0
993,HLA-DRB111:01,9839.9,ANZ78847,NVQYRINGLGV,993,454.0
1179,HLA-DRB111:01,9860.87,ANZ78847,RGIAPKSGYFV,1179,455.0
1167,HLA-DRB111:01,9902.45,ANZ78847,AKVSPGLCIAG,1167,456.0
1038,HLA-DRB111:01,9907.92,ANZ78847,VKIQAVVNANA,1038,457.0
1280,HLA-DRB111:01,9937.82,ANZ78847,EAIKVLNQSYI,1280,458.0
1016,HLA-DRB111:01,9954.41,ANZ78847,ANAFNNALDAI,1016,459.0
1166,HLA-DRB111:01,9964.36,ANZ78847,TAKVSPGLCIA,1166,460.0
133,HLA-DRB111:01,9990.45,ANZ78847,TFVNTSYSVVV,133,461.0
1039,HLA-DRB111:01,9991.9,ANZ78847,KIQAVVNANAE,1039,462.0
8,HLA-DRB111:01,10005.44,ANZ78847,LPTAFAVIGDL,8,463.0
845,HLA-DRB111:01,10008.4,ANZ78847,FCDNINAILTE,845,464.0
937,HLA-DRB111:01,10008.5,ANZ78847,TGGAEIRDLIC,937,465.0
1098,HLA-DRB111:01,10017.96,ANZ78847,AYVSQQLSDST,1098,466.0
70,HLA-DRB111:01,10029.39,ANZ78847,YYPTSGSTYRN,70,467.0
10,HLA-DRB111:01,10067.73,ANZ78847,TAFAVIGDLKC,10,468.0
484,HLA-DRB111:01,10163.07,ANZ78847,VVYAQHCFKAP,484,469.0
736,HLA-DRB111:01,10170.85,ANZ78847,YNSTAISVQTC,736,470.0
23,HLA-DRB111:01,10173.12,ANZ78847,DSRTGSLNNID,23,471.0
689,HLA-DRB111:01,10181.38,ANZ78847,AAFHANSSEPA,689,472.0
1088,HLA-DRB111:01,10204.66,ANZ78847,LINGRLTALNA,1088,473.0
1109,HLA-DRB111:01,10275.92,ANZ78847,LVKFSAAQAME,1109,474.0
1150,HLA-DRB111:01,10302.01,ANZ78847,YGLYFIHFSYV,1150,475.0
54,HLA-DRB111:01,10338.88,ANZ78847,YVLDRVYLNTT,54,476.0
1103,HLA-DRB111:01,10403.66,ANZ78847,QLSDSTLVKFS,1103,477.0
248,HLA-DRB111:01,10420.03,ANZ78847,ALSHYYVMPLT,248,478.0
1170,HLA-DRB111:01,10423.83,ANZ78847,SPGLCIAGDRG,1170,479.0
609,HLA-DRB111:01,10482.62,ANZ78847,SGLTCSTDLQK,609,480.0
322,HLA-DRB111:01,10495.8,ANZ78847,NGYTVQPIADV,322,481.0
659,HLA-DRB111:01,10496.73,ANZ78847,YDSNGNLYGFR,659,482.0
865,HLA-DRB111:01,10531.67,ANZ78847,LQVANSLMNGV,865,483.0
241,HLA-DRB111:01,10567.66,ANZ78847,FNVYLGMALSH,241,484.0
807,HLA-DRB111:01,10670.92,ANZ78847,GNMEEFIQTSS,807,485.0
381,HLA-DRB111:01,10709.42,ANZ78847,DSFTCNNIDAA,381,486.0
108,HLA-DRB111:01,10734.35,ANZ78847,AKVKNTKVFKD,108,487.0
1214,HLA-DRB111:01,10741.78,ANZ78847,VVMSTCAVNYT,1214,488.0
1188,HLA-DRB111:01,10801.0,ANZ78847,FVNVNNTWMYT,1188,489.0
946,HLA-DRB111:01,10896.18,ANZ78847,ICVQSYKGIKV,946,490.0
246,HLA-DRB111:01,10899.12,ANZ78847,GMALSHYYVMP,246,491.0
58,HLA-DRB111:01,10906.77,ANZ78847,RVYLNTTLFLN,58,492.0
351,HLA-DRB111:01,10967.35,ANZ78847,KSVPSPLNWER,351,493.0
488,HLA-DRB111:01,10991.98,ANZ78847,QHCFKAPKNFC,488,494.0
1284,HLA-DRB111:01,11000.35,ANZ78847,VLNQSYINLKD,1284,495.0
899,HLA-DRB111:01,11063.15,ANZ78847,GCLGSECSKAS,899,496.0
405,HLA-DRB111:01,11098.03,ANZ78847,KFAIPNGRKVD,405,497.0
997,HLA-DRB111:01,11153.73,ANZ78847,RINGLGVTMDV,997,498.0
831,HLA-DRB111:01,11155.31,ANZ78847,DYAACKSQLVE,831,499.0
490,HLA-DRB111:01,11161.41,ANZ78847,CFKAPKNFCPC,490,500.0
167,HLA-DRB111:01,11168.44,ANZ78847,CQYNMCEYPHT,167,501.0
846,HLA-DRB111:01,11183.9,ANZ78847,CDNINAILTEV,846,502.0
872,HLA-DRB111:01,11190.97,ANZ78847,MNGVTLSTKLK,872,503.0
1215,HLA-DRB111:01,11191.39,ANZ78847,VMSTCAVNYTK,1215,504.0
284,HLA-DRB111:01,11203.28,ANZ78847,AFNQDGIIFNA,284,505.0
290,HLA-DRB111:01,11223.26,ANZ78847,IIFNAVDCMSD,290,506.0
1288,HLA-DRB111:01,11247.25,ANZ78847,SYINLKDIGTY,1288,507.0
1005,HLA-DRB111:01,11255.9,ANZ78847,MDVLSQNQKLI,1005,508.0
65,HLA-DRB111:01,11257.06,ANZ78847,LFLNGYYPTSG,65,509.0
362,HLA-DRB111:01,11270.65,ANZ78847,KTFSNCNFNMS,362,510.0
556,HLA-DRB111:01,11276.36,ANZ78847,IGEHCSGLAVK,556,511.0
795,HLA-DRB111:01,11304.18,ANZ78847,LYEIQIPSDFT,795,512.0
957,HLA-DRB111:01,11320.51,ANZ78847,LPPLLSENQIS,957,513.0
385,HLA-DRB111:01,11321.07,ANZ78847,CNNIDAAKIYG,385,514.0
101,HLA-DRB111:01,11340.74,ANZ78847,DFINGIFAKVK,101,515.0
684,HLA-DRB111:01,11356.5,ANZ78847,SGRVSAAFHAN,684,516.0
1102,HLA-DRB111:01,11356.56,ANZ78847,QQLSDSTLVKF,1102,517.0
71,HLA-DRB111:01,11367.49,ANZ78847,YPTSGSTYRNM,71,518.0
977,HLA-DRB111:01,11391.13,ANZ78847,SLFPPWTAAAG,977,519.0
1095,HLA-DRB111:01,11395.91,ANZ78847,ALNAYVSQQLS,1095,520.0
174,HLA-DRB111:01,11414.0,ANZ78847,YPHTICHPNLG,174,521.0
352,HLA-DRB111:01,11419.33,ANZ78847,SVPSPLNWERK,352,522.0
129,HLA-DRB111:01,11456.29,ANZ78847,TIGSTFVNTSY,129,523.0
424,HLA-DRB111:01,11513.09,ANZ78847,LQSFNYRIDTT,424,524.0
363,HLA-DRB111:01,11516.75,ANZ78847,TFSNCNFNMSS,363,525.0
123,HLA-DRB111:01,11554.92,ANZ78847,SEFPAITIGST,123,526.0
1240,HLA-DRB111:01,11664.67,ANZ78847,DFREELDQWFK,1240,527.0
979,HLA-DRB111:01,11668.44,ANZ78847,FPPWTAAAGVP,979,528.0
624,HLA-DRB111:01,11681.96,ANZ78847,IKLGVCVNYDL,624,529.0
1261,HLA-DRB111:01,11682.4,ANZ78847,LDYINVTFLDL,1261,530.0
478,HLA-DRB111:01,11690.32,ANZ78847,VLTNHDVVYAQ,478,531.0
638,HLA-DRB111:01,11704.41,ANZ78847,SGQGIFVEVNA,638,532.0
182,HLA-DRB111:01,11722.32,ANZ78847,NLGNHFKELWH,182,533.0
754,HLA-DRB111:01,11726.18,ANZ78847,YCVDYSKNRRS,754,534.0
192,HLA-DRB111:01,11742.37,ANZ78847,HMDTGVVSCLY,192,535.0
1030,HLA-DRB111:01,11743.8,ANZ78847,FDATNSALVKI,1030,536.0
1160,HLA-DRB111:01,11760.75,ANZ78847,VPTKYVTAKVS,1160,537.0
202,HLA-DRB111:01,11768.75,ANZ78847,YKRNFTYDVNA,202,538.0
410,HLA-DRB111:01,11772.38,ANZ78847,NGRKVDLQLGN,410,539.0
1117,HLA-DRB111:01,11773.76,ANZ78847,AMEKVNECVKS,1117,540.0
1242,HLA-DRB111:01,11786.04,ANZ78847,REELDQWFKNQ,1242,541.0
380,HLA-DRB111:01,11786.48,ANZ78847,ADSFTCNNIDA,380,542.0
1154,HLA-DRB111:01,11797.34,ANZ78847,FIHFSYVPTKY,1154,543.0
832,HLA-DRB111:01,11805.99,ANZ78847,YAACKSQLVEY,832,544.0
448,HLA-DRB111:01,11809.62,ANZ78847,NVSVSRFNPST,448,545.0
1251,HLA-DRB111:01,11827.4,ANZ78847,NQTSVAPDLAL,1251,546.0
125,HLA-DRB111:01,11852.92,ANZ78847,FPAITIGSTFV,125,547.0
1091,HLA-DRB111:01,11853.21,ANZ78847,GRLTALNAYVS,1091,548.0
200,HLA-DRB111:01,11871.63,ANZ78847,CLYKRNFTYDV,200,549.0
20,HLA-DRB111:01,11875.88,ANZ78847,CPLDSRTGSLN,20,550.0
64,HLA-DRB111:01,11958.9,ANZ78847,TLFLNGYYPTS,64,551.0
1090,HLA-DRB111:01,11988.13,ANZ78847,NGRLTALNAYV,1090,552.0
881,HLA-DRB111:01,11994.14,ANZ78847,LKDGVNFNVDD,881,553.0
6,HLA-DRB111:01,12007.91,ANZ78847,ISLPTAFAVIG,6,554.0
598,HLA-DRB111:01,12022.39,ANZ78847,IFANLILHDVN,598,555.0
91,HLA-DRB111:01,12031.63,ANZ78847,TLWFKPPFLSD,91,556.0
412,HLA-DRB111:01,12080.01,ANZ78847,RKVDLQLGNLG,412,557.0
791,HLA-DRB111:01,12085.17,ANZ78847,PVGGLYEIQIP,791,558.0
816,HLA-DRB111:01,12096.3,ANZ78847,SSPKVTIDCAA,816,559.0
646,HLA-DRB111:01,12141.3,ANZ78847,VNATYYNSWQN,646,560.0
958,HLA-DRB111:01,12157.76,ANZ78847,PPLLSENQISG,958,561.0
1325,HLA-DRB111:01,12161.44,ANZ78847,FICCCTGCGTS,1325,562.0
1322,HLA-DRB111:01,12175.75,ANZ78847,LLFFICCCTGC,1322,563.0
1345,HLA-DRB111:01,12214.86,ANZ78847,DDYTGYQELVI,1345,564.0
992,HLA-DRB111:01,12255.94,ANZ78847,LNVQYRINGLG,992,565.0
744,HLA-DRB111:01,12262.73,ANZ78847,QTCDLTVGSGY,744,566.0
163,HLA-DRB111:01,12285.67,ANZ78847,EVSVCQYNMCE,163,567.0
813,HLA-DRB111:01,12301.61,ANZ78847,IQTSSPKVTID,813,568.0
817,HLA-DRB111:01,12314.19,ANZ78847,SPKVTIDCAAF,817,569.0
970,HLA-DRB111:01,12344.56,ANZ78847,TLAATSASLFP,970,570.0
606,HLA-DRB111:01,12368.94,ANZ78847,DVNSGLTCSTD,606,571.0
87,HLA-DRB111:01,12389.55,ANZ78847,DKLSTLWFKPP,87,572.0
938,HLA-DRB111:01,12407.85,ANZ78847,GGAEIRDLICV,938,573.0
770,HLA-DRB111:01,12408.63,ANZ78847,TGYRFTNFEPF,770,574.0
1079,HLA-DRB111:01,12414.84,ANZ78847,LEAEAQIDRLI,1079,575.0
189,HLA-DRB111:01,12455.68,ANZ78847,ELWHMDTGVVS,189,576.0
640,HLA-DRB111:01,12466.61,ANZ78847,QGIFVEVNATY,640,577.0
956,HLA-DRB111:01,12476.9,ANZ78847,VLPPLLSENQI,956,578.0
142,HLA-DRB111:01,12517.62,ANZ78847,VVQPRTINSTQ,142,579.0
83,HLA-DRB111:01,12526.41,ANZ78847,LKGTDKLSTLW,83,580.0
657,HLA-DRB111:01,12528.86,ANZ78847,LLYDSNGNLYG,657,581.0
804,HLA-DRB111:01,12541.91,ANZ78847,FTIGNMEEFIQ,804,582.0
718,HLA-DRB111:01,12550.0,ANZ78847,QLQPINYFDSY,718,583.0
198,HLA-DRB111:01,12579.62,ANZ78847,VSCLYKRNFTY,198,584.0
917,HLA-DRB111:01,12585.29,ANZ78847,LLFDKVKLSDV,917,585.0
1324,HLA-DRB111:01,12612.37,ANZ78847,FFICCCTGCGT,1324,586.0
582,HLA-DRB111:01,12622.13,ANZ78847,FLGWSADSCLQ,582,587.0
359,HLA-DRB111:01,12646.31,ANZ78847,WERKTFSNCNF,359,588.0
947,HLA-DRB111:01,12653.34,ANZ78847,CVQSYKGIKVL,947,589.0
1297,HLA-DRB111:01,12653.69,ANZ78847,TYEYYVKWPWY,1297,590.0
325,HLA-DRB111:01,12660.24,ANZ78847,TVQPIADVYRR,325,591.0
757,HLA-DRB111:01,12734.56,ANZ78847,DYSKNRRSRRA,757,592.0
779,HLA-DRB111:01,12734.56,ANZ78847,PFTVNSVNDSL,779,592.0
506,HLA-DRB111:01,12779.11,ANZ78847,LCVGSGPGKNN,506,594.0
821,HLA-DRB111:01,12784.04,ANZ78847,TIDCAAFVCGD,821,595.0
803,HLA-DRB111:01,12790.56,ANZ78847,DFTIGNMEEFI,803,596.0
796,HLA-DRB111:01,12793.92,ANZ78847,YEIQIPSDFTI,796,597.0
425,HLA-DRB111:01,12803.23,ANZ78847,QSFNYRIDTTA,425,598.0
1152,HLA-DRB111:01,12836.79,ANZ78847,LYFIHFSYVPT,1152,599.0
771,HLA-DRB111:01,12879.31,ANZ78847,GYRFTNFEPFT,771,600.0
634,HLA-DRB111:01,12891.48,ANZ78847,LYGISGQGIFV,634,601.0
188,HLA-DRB111:01,12897.01,ANZ78847,KELWHMDTGVV,188,602.0
1250,HLA-DRB111:01,12927.61,ANZ78847,KNQTSVAPDLA,1250,603.0
326,HLA-DRB111:01,12932.95,ANZ78847,VQPIADVYRRK,326,604.0
889,HLA-DRB111:01,12947.22,ANZ78847,VDDINFSSVLG,889,605.0
63,HLA-DRB111:01,12957.8,ANZ78847,TTLFLNGYYPT,63,606.0
1296,HLA-DRB111:01,12970.93,ANZ78847,GTYEYYVKWPW,1296,607.0
871,HLA-DRB111:01,12994.2,ANZ78847,LMNGVTLSTKL,871,608.0
339,HLA-DRB111:01,13002.86,ANZ78847,LPNCNIEAWLN,339,609.0
1004,HLA-DRB111:01,13008.57,ANZ78847,TMDVLSQNQKL,1004,610.0
1222,HLA-DRB111:01,13040.78,ANZ78847,NYTKAPYVMLN,1222,611.0
733,HLA-DRB111:01,13056.24,ANZ78847,VNAYNSTAISV,733,612.0
740,HLA-DRB111:01,13089.57,ANZ78847,AISVQTCDLTV,740,613.0
768,HLA-DRB111:01,13094.77,ANZ78847,ITTGYRFTNFE,768,614.0
625,HLA-DRB111:01,13109.94,ANZ78847,KLGVCVNYDLY,625,615.0
441,HLA-DRB111:01,13187.87,ANZ78847,YYNLPAANVSV,441,616.0
1007,HLA-DRB111:01,13190.74,ANZ78847,VLSQNQKLIAN,1007,617.0
1140,HLA-DRB111:01,13193.46,ANZ78847,HIISLVQNAPY,1140,618.0
1080,HLA-DRB111:01,13275.79,ANZ78847,EAEAQIDRLIN,1080,619.0
1260,HLA-DRB111:01,13305.61,ANZ78847,ALDYINVTFLD,1260,620.0
599,HLA-DRB111:01,13309.53,ANZ78847,FANLILHDVNS,599,621.0
460,HLA-DRB111:01,13399.92,ANZ78847,NKRFGFIEDSV,460,622.0
1299,HLA-DRB111:01,13421.56,ANZ78847,EYYVKWPWYVW,1299,623.0
52,HLA-DRB111:01,13492.43,ANZ78847,TYYVLDRVYLN,52,624.0
146,HLA-DRB111:01,13542.31,ANZ78847,RTINSTQDGVN,146,625.0
1226,HLA-DRB111:01,13560.19,ANZ78847,APYVMLNTSIP,1226,626.0
98,HLA-DRB111:01,13572.92,ANZ78847,FLSDFINGIFA,98,627.0
622,HLA-DRB111:01,13626.65,ANZ78847,TDIKLGVCVNY,622,628.0
1115,HLA-DRB111:01,13659.84,ANZ78847,AQAMEKVNECV,1115,629.0
180,HLA-DRB111:01,13670.09,ANZ78847,HPNLGNHFKEL,180,630.0
1127,HLA-DRB111:01,13699.26,ANZ78847,SQSSRINFCGN,1127,631.0
350,HLA-DRB111:01,13730.25,ANZ78847,DKSVPSPLNWE,350,632.0
1049,HLA-DRB111:01,13731.32,ANZ78847,EALNNLLQQLS,1049,633.0
857,HLA-DRB111:01,13762.35,ANZ78847,NELLDTTQLQV,857,634.0
898,HLA-DRB111:01,13793.23,ANZ78847,LGCLGSECSKA,898,635.0
1252,HLA-DRB111:01,13843.85,ANZ78847,QTSVAPDLALD,1252,636.0
1003,HLA-DRB111:01,13860.94,ANZ78847,VTMDVLSQNQK,1003,637.0
743,HLA-DRB111:01,13946.15,ANZ78847,VQTCDLTVGSG,743,638.0
554,HLA-DRB111:01,13954.76,ANZ78847,VGIGEHCSGLA,554,639.0
819,HLA-DRB111:01,13955.21,ANZ78847,KVTIDCAAFVC,819,640.0
842,HLA-DRB111:01,13967.3,ANZ78847,YGSFCDNINAI,842,641.0
697,HLA-DRB111:01,13968.13,ANZ78847,EPALLFRNIKC,697,642.0
157,HLA-DRB111:01,13970.96,ANZ78847,KLQGLLEVSVC,157,643.0
965,HLA-DRB111:01,13992.03,ANZ78847,QISGYTLAATS,965,644.0
862,HLA-DRB111:01,13995.92,ANZ78847,TTQLQVANSLM,862,645.0
9,HLA-DRB111:01,13997.16,ANZ78847,PTAFAVIGDLK,9,646.0
998,HLA-DRB111:01,14014.79,ANZ78847,INGLGVTMDVL,998,647.0
233,HLA-DRB111:01,14063.2,ANZ78847,TGVVTKFLFNV,233,648.0
426,HLA-DRB111:01,14096.9,ANZ78847,SFNYRIDTTAT,426,649.0
978,HLA-DRB111:01,14117.18,ANZ78847,LFPPWTAAAGV,978,650.0
880,HLA-DRB111:01,14125.11,ANZ78847,KLKDGVNFNVD,880,651.0
647,HLA-DRB111:01,14126.36,ANZ78847,NATYYNSWQNL,647,652.0
918,HLA-DRB111:01,14138.64,ANZ78847,LFDKVKLSDVG,918,653.0
80,HLA-DRB111:01,14147.63,ANZ78847,NMALKGTDKLS,80,654.0
383,HLA-DRB111:01,14196.47,ANZ78847,FTCNNIDAAKI,383,655.0
1310,HLA-DRB111:01,14220.06,ANZ78847,LLICLAGVAML,1310,656.0
1332,HLA-DRB111:01,14232.45,ANZ78847,CGTSCFKKCGG,1332,657.0
295,HLA-DRB111:01,14259.07,ANZ78847,VDCMSDFMSEI,295,658.0
1314,HLA-DRB111:01,14284.75,ANZ78847,LAGVAMLVLLF,1314,659.0
1244,HLA-DRB111:01,14287.89,ANZ78847,ELDQWFKNQTS,1244,660.0
69,HLA-DRB111:01,14301.54,ANZ78847,GYYPTSGSTYR,69,661.0
1116,HLA-DRB111:01,14309.13,ANZ78847,QAMEKVNECVK,1116,662.0
158,HLA-DRB111:01,14310.51,ANZ78847,LQGLLEVSVCQ,158,663.0
281,HLA-DRB111:01,14325.19,ANZ78847,YLLAFNQDGII,281,664.0
720,HLA-DRB111:01,14332.89,ANZ78847,QPINYFDSYLG,720,665.0
1052,HLA-DRB111:01,14359.48,ANZ78847,NNLLQQLSNRF,1052,666.0
549,HLA-DRB111:01,14367.21,ANZ78847,QSKSLVGIGEH,549,667.0
1192,HLA-DRB111:01,14374.66,ANZ78847,NNTWMYTGSGY,1192,668.0
717,HLA-DRB111:01,14408.69,ANZ78847,RQLQPINYFDS,717,669.0
834,HLA-DRB111:01,14413.05,ANZ78847,ACKSQLVEYGS,834,670.0
853,HLA-DRB111:01,14423.74,ANZ78847,LTEVNELLDTT,853,671.0
82,HLA-DRB111:01,14433.55,ANZ78847,ALKGTDKLSTL,82,672.0
1346,HLA-DRB111:01,14476.42,ANZ78847,DYTGYQELVIK,1346,673.0
1308,HLA-DRB111:01,14504.27,ANZ78847,VWLLICLAGVA,1308,674.0
788,HLA-DRB111:01,14553.28,ANZ78847,SLEPVGGLYEI,788,675.0
1295,HLA-DRB111:01,14562.49,ANZ78847,IGTYEYYVKWP,1295,676.0
662,HLA-DRB111:01,14588.77,ANZ78847,NGNLYGFRDYL,662,677.0
86,HLA-DRB111:01,14592.72,ANZ78847,TDKLSTLWFKP,86,678.0
727,HLA-DRB111:01,14625.8,ANZ78847,SYLGCVVNAYN,727,679.0
413,HLA-DRB111:01,14634.27,ANZ78847,KVDLQLGNLGY,413,680.0
708,HLA-DRB111:01,14641.84,ANZ78847,NYVFNNSLTRQ,708,681.0
316,HLA-DRB111:01,14660.65,ANZ78847,TGVYELNGYTV,316,682.0
715,HLA-DRB111:01,14779.38,ANZ78847,LTRQLQPINYF,715,683.0
1058,HLA-DRB111:01,14795.01,ANZ78847,LSNRFGAISSS,1058,684.0
767,HLA-DRB111:01,14806.53,ANZ78847,AITTGYRFTNF,767,685.0
841,HLA-DRB111:01,14818.05,ANZ78847,EYGSFCDNINA,841,686.0
266,HLA-DRB111:01,14861.28,ANZ78847,GFTLEYWVTPL,266,687.0
663,HLA-DRB111:01,14898.17,ANZ78847,GNLYGFRDYLT,663,688.0
1059,HLA-DRB111:01,14959.9,ANZ78847,SNRFGAISSSL,1059,689.0
313,HLA-DRB111:01,14973.24,ANZ78847,APPTGVYELNG,313,690.0
1213,HLA-DRB111:01,15007.7,ANZ78847,VVVMSTCAVNY,1213,691.0
1221,HLA-DRB111:01,15010.44,ANZ78847,VNYTKAPYVML,1221,692.0
1164,HLA-DRB111:01,15032.08,ANZ78847,YVTAKVSPGLC,1164,693.0
746,HLA-DRB111:01,15044.77,ANZ78847,CDLTVGSGYCV,746,694.0
1097,HLA-DRB111:01,15059.91,ANZ78847,NAYVSQQLSDS,1097,695.0
728,HLA-DRB111:01,15068.43,ANZ78847,YLGCVVNAYNS,728,696.0
1282,HLA-DRB111:01,15121.94,ANZ78847,IKVLNQSYINL,1282,697.0
814,HLA-DRB111:01,15135.95,ANZ78847,QTSSPKVTIDC,814,698.0
1216,HLA-DRB111:01,15142.74,ANZ78847,MSTCAVNYTKA,1216,699.0
652,HLA-DRB111:01,15154.93,ANZ78847,NSWQNLLYDSN,652,700.0
1238,HLA-DRB111:01,15168.12,ANZ78847,LPDFREELDQW,1238,701.0
18,HLA-DRB111:01,15182.99,ANZ78847,LKCPLDSRTGS,18,702.0
1094,HLA-DRB111:01,15188.29,ANZ78847,TALNAYVSQQL,1094,703.0
1185,HLA-DRB111:01,15200.71,ANZ78847,SGYFVNVNNTW,1185,704.0
231,HLA-DRB111:01,15211.81,ANZ78847,TDTGVVTKFLF,231,705.0
617,HLA-DRB111:01,15217.76,ANZ78847,LQKANTDIKLG,617,706.0
1234,HLA-DRB111:01,15228.16,ANZ78847,SIPNLPDFREE,1234,707.0
890,HLA-DRB111:01,15263.29,ANZ78847,DDINFSSVLGC,890,708.0
836,HLA-DRB111:01,15265.08,ANZ78847,KSQLVEYGSFC,836,709.0
1072,HLA-DRB111:01,15272.14,ANZ78847,ILSRLDALEAE,1072,710.0
39,HLA-DRB111:01,15273.48,ANZ78847,ISTATVDVTNG,39,711.0
966,HLA-DRB111:01,15278.49,ANZ78847,ISGYTLAATSA,966,712.0
739,HLA-DRB111:01,15298.78,ANZ78847,TAISVQTCDLT,739,713.0
910,HLA-DRB111:01,15313.34,ANZ78847,SRSAIEDLLFD,910,714.0
104,HLA-DRB111:01,15330.21,ANZ78847,NGIFAKVKNTK,104,715.0
41,HLA-DRB111:01,15340.43,ANZ78847,TATVDVTNGLG,41,716.0
1316,HLA-DRB111:01,15355.47,ANZ78847,GVAMLVLLFFI,1316,717.0
1019,HLA-DRB111:01,15379.72,ANZ78847,FNNALDAIQEG,1019,718.0
637,HLA-DRB111:01,15420.61,ANZ78847,ISGQGIFVEVN,637,719.0
19,HLA-DRB111:01,15453.1,ANZ78847,KCPLDSRTGSL,19,720.0
120,HLA-DRB111:01,15507.98,ANZ78847,VMYSEFPAITI,120,721.0
1022,HLA-DRB111:01,15527.09,ANZ78847,ALDAIQEGFDA,1022,722.0
985,HLA-DRB111:01,15593.73,ANZ78847,AAGVPFYLNVQ,985,723.0
1110,HLA-DRB111:01,15595.55,ANZ78847,VKFSAAQAMEK,1110,724.0
630,HLA-DRB111:01,15633.8,ANZ78847,VNYDLYGISGQ,630,725.0
1018,HLA-DRB111:01,15642.83,ANZ78847,AFNNALDAIQE,1018,726.0
936,HLA-DRB111:01,15671.15,ANZ78847,CTGGAEIRDLI,936,727.0
1311,HLA-DRB111:01,15713.59,ANZ78847,LICLAGVAMLV,1311,728.0
307,HLA-DRB111:01,15732.69,ANZ78847,CKTQSIAPPTG,307,729.0
482,HLA-DRB111:01,15740.56,ANZ78847,HDVVYAQHCFK,482,730.0
79,HLA-DRB111:01,15776.4,ANZ78847,RNMALKGTDKL,79,731.0
61,HLA-DRB111:01,15783.23,ANZ78847,LNTTLFLNGYY,61,732.0
852,HLA-DRB111:01,15788.23,ANZ78847,ILTEVNELLDT,852,733.0
822,HLA-DRB111:01,15803.17,ANZ78847,IDCAAFVCGDY,822,734.0
868,HLA-DRB111:01,15810.55,ANZ78847,ANSLMNGVTLS,868,735.0
296,HLA-DRB111:01,15821.74,ANZ78847,DCMSDFMSEIK,296,736.0
1276,HLA-DRB111:01,15822.42,ANZ78847,NRLQEAIKVLN,1276,737.0
976,HLA-DRB111:01,15863.72,ANZ78847,ASLFPPWTAAA,976,738.0
1326,HLA-DRB111:01,15866.85,ANZ78847,ICCCTGCGTSC,1326,739.0
692,HLA-DRB111:01,15868.44,ANZ78847,HANSSEPALLF,692,740.0
199,HLA-DRB111:01,15872.57,ANZ78847,SCLYKRNFTYD,199,741.0
211,HLA-DRB111:01,15888.72,ANZ78847,NATYLYFHFYQ,211,742.0
399,HLA-DRB111:01,15946.06,ANZ78847,SSITIDKFAIP,399,743.0
294,HLA-DRB111:01,15981.7,ANZ78847,AVDCMSDFMSE,294,744.0
1209,HLA-DRB111:01,15992.64,ANZ78847,TENNVVVMSTC,1209,745.0
1114,HLA-DRB111:01,15993.94,ANZ78847,AAQAMEKVNEC,1114,746.0
561,HLA-DRB111:01,15999.66,ANZ78847,SGLAVKSDYCG,561,747.0
1239,HLA-DRB111:01,16011.76,ANZ78847,PDFREELDQWF,1239,748.0
99,HLA-DRB111:01,16043.77,ANZ78847,LSDFINGIFAK,99,749.0
627,HLA-DRB111:01,16076.13,ANZ78847,GVCVNYDLYGI,627,750.0
576,HLA-DRB111:01,16097.6,ANZ78847,TCQPQAFLGWS,576,751.0
1101,HLA-DRB111:01,16124.33,ANZ78847,SQQLSDSTLVK,1101,752.0
1012,HLA-DRB111:01,16151.74,ANZ78847,QKLIANAFNNA,1012,753.0
996,HLA-DRB111:01,16164.69,ANZ78847,YRINGLGVTMD,996,754.0
1151,HLA-DRB111:01,16170.72,ANZ78847,GLYFIHFSYVP,1151,755.0
165,HLA-DRB111:01,16173.19,ANZ78847,SVCQYNMCEYP,165,756.0
43,HLA-DRB111:01,16205.52,ANZ78847,TVDVTNGLGTY,43,757.0
1153,HLA-DRB111:01,16241.83,ANZ78847,YFIHFSYVPTK,1153,758.0
833,HLA-DRB111:01,16263.14,ANZ78847,AACKSQLVEYG,833,759.0
364,HLA-DRB111:01,16309.23,ANZ78847,FSNCNFNMSSL,364,760.0
920,HLA-DRB111:01,16337.88,ANZ78847,DKVKLSDVGFV,920,761.0
1301,HLA-DRB111:01,16351.66,ANZ78847,YVKWPWYVWLL,1301,762.0
605,HLA-DRB111:01,16391.88,ANZ78847,HDVNSGLTCST,605,763.0
1040,HLA-DRB111:01,16420.06,ANZ78847,IQAVVNANAEA,1040,764.0
474,HLA-DRB111:01,16439.19,ANZ78847,QPAGVLTNHDV,474,765.0
36,HLA-DRB111:01,16457.71,ANZ78847,PPSISTATVDV,36,766.0
42,HLA-DRB111:01,16485.88,ANZ78847,ATVDVTNGLGT,42,767.0
1181,HLA-DRB111:01,16510.05,ANZ78847,IAPKSGYFVNV,1181,768.0
1008,HLA-DRB111:01,16604.81,ANZ78847,LSQNQKLIANA,1008,769.0
349,HLA-DRB111:01,16605.31,ANZ78847,NDKSVPSPLNW,349,770.0
470,HLA-DRB111:01,16666.91,ANZ78847,VFKPQPAGVLT,470,771.0
801,HLA-DRB111:01,16671.1,ANZ78847,PSDFTIGNMEE,801,772.0
839,HLA-DRB111:01,16687.16,ANZ78847,LVEYGSFCDNI,839,773.0
247,HLA-DRB111:01,16690.97,ANZ78847,MALSHYYVMPL,247,774.0
1148,HLA-DRB111:01,16711.59,ANZ78847,APYGLYFIHFS,1148,775.0
909,HLA-DRB111:01,16756.18,ANZ78847,SSRSAIEDLLF,909,776.0
818,HLA-DRB111:01,16794.37,ANZ78847,PKVTIDCAAFV,818,777.0
46,HLA-DRB111:01,16838.72,ANZ78847,VTNGLGTYYVL,46,778.0
653,HLA-DRB111:01,16869.42,ANZ78847,SWQNLLYDSNG,653,779.0
515,HLA-DRB111:01,16872.58,ANZ78847,NNGIGTCPAGT,515,780.0
524,HLA-DRB111:01,16879.74,ANZ78847,GTNYLTCHNLC,524,781.0
90,HLA-DRB111:01,16880.2,ANZ78847,STLWFKPPFLS,90,782.0
929,HLA-DRB111:01,16895.49,ANZ78847,FVAAYNNCTGG,929,783.0
600,HLA-DRB111:01,16907.49,ANZ78847,ANLILHDVNSG,600,784.0
649,HLA-DRB111:01,16913.87,ANZ78847,TYYNSWQNLLY,649,785.0
38,HLA-DRB111:01,16924.55,ANZ78847,SISTATVDVTN,38,786.0
1023,HLA-DRB111:01,16929.76,ANZ78847,LDAIQEGFDAT,1023,787.0
610,HLA-DRB111:01,16941.67,ANZ78847,GLTCSTDLQKA,610,788.0
314,HLA-DRB111:01,16959.75,ANZ78847,PPTGVYELNGY,314,789.0
222,HLA-DRB111:01,16977.03,ANZ78847,EGGTFYAYFTD,222,790.0
695,HLA-DRB111:01,16979.27,ANZ78847,SSEPALLFRNI,695,791.0
844,HLA-DRB111:01,16982.7,ANZ78847,SFCDNINAILT,844,792.0
203,HLA-DRB111:01,17018.67,ANZ78847,KRNFTYDVNAT,203,793.0
688,HLA-DRB111:01,17061.9,ANZ78847,SAAFHANSSEP,688,794.0
858,HLA-DRB111:01,17069.0,ANZ78847,ELLDTTQLQVA,858,795.0
723,HLA-DRB111:01,17108.42,ANZ78847,NYFDSYLGCVV,723,796.0
285,HLA-DRB111:01,17109.8,ANZ78847,FNQDGIIFNAV,285,797.0
1159,HLA-DRB111:01,17121.33,ANZ78847,YVPTKYVTAKV,1159,798.0
1015,HLA-DRB111:01,17146.28,ANZ78847,IANAFNNALDA,1015,799.0
84,HLA-DRB111:01,17156.45,ANZ78847,KGTDKLSTLWF,84,800.0
15,HLA-DRB111:01,17163.14,ANZ78847,IGDLKCPLDSR,15,801.0
593,HLA-DRB111:01,17176.69,ANZ78847,GDKCNIFANLI,593,802.0
508,HLA-DRB111:01,17179.59,ANZ78847,VGSGPGKNNGI,508,803.0
1331,HLA-DRB111:01,17217.49,ANZ78847,GCGTSCFKKCG,1331,804.0
974,HLA-DRB111:01,17277.28,ANZ78847,TSASLFPPWTA,974,805.0
1205,HLA-DRB111:01,17278.13,ANZ78847,PEPITENNVVV,1205,806.0
797,HLA-DRB111:01,17318.33,ANZ78847,EIQIPSDFTIG,797,807.0
975,HLA-DRB111:01,17331.41,ANZ78847,SASLFPPWTAA,975,808.0
220,HLA-DRB111:01,17332.25,ANZ78847,YQEGGTFYAYF,220,809.0
829,HLA-DRB111:01,17350.14,ANZ78847,CGDYAACKSQL,829,810.0
179,HLA-DRB111:01,17371.01,ANZ78847,CHPNLGNHFKE,179,811.0
1178,HLA-DRB111:01,17413.08,ANZ78847,DRGIAPKSGYF,1178,812.0
935,HLA-DRB111:01,17415.28,ANZ78847,NCTGGAEIRDL,935,813.0
386,HLA-DRB111:01,17437.23,ANZ78847,NNIDAAKIYGM,386,814.0
626,HLA-DRB111:01,17504.25,ANZ78847,LGVCVNYDLYG,626,815.0
562,HLA-DRB111:01,17504.85,ANZ78847,GLAVKSDYCGG,562,816.0
431,HLA-DRB111:01,17514.5,ANZ78847,IDTTATSCQLY,431,817.0
702,HLA-DRB111:01,17528.02,ANZ78847,FRNIKCNYVFN,702,818.0
971,HLA-DRB111:01,17616.26,ANZ78847,LAATSASLFPP,971,819.0
26,HLA-DRB111:01,17643.3,ANZ78847,TGSLNNIDTGP,26,820.0
607,HLA-DRB111:01,17684.87,ANZ78847,VNSGLTCSTDL,607,821.0
896,HLA-DRB111:01,17721.54,ANZ78847,SVLGCLGSECS,896,822.0
1177,HLA-DRB111:01,17739.91,ANZ78847,GDRGIAPKSGY,1177,823.0
1112,HLA-DRB111:01,17749.11,ANZ78847,FSAAQAMEKVN,1112,824.0
116,HLA-DRB111:01,17757.56,ANZ78847,FKDGVMYSEFP,116,825.0
502,HLA-DRB111:01,17834.38,ANZ78847,SNSSLCVGSGP,502,826.0
895,HLA-DRB111:01,17894.45,ANZ78847,SSVLGCLGSEC,895,827.0
503,HLA-DRB111:01,17901.25,ANZ78847,NSSLCVGSGPG,503,828.0
525,HLA-DRB111:01,17931.61,ANZ78847,TNYLTCHNLCN,525,829.0
327,HLA-DRB111:01,17948.59,ANZ78847,QPIADVYRRKP,327,830.0
324,HLA-DRB111:01,17978.74,ANZ78847,YTVQPIADVYR,324,831.0
1300,HLA-DRB111:01,17987.17,ANZ78847,YYVKWPWYVWL,1300,832.0
126,HLA-DRB111:01,17988.99,ANZ78847,PAITIGSTFVN,126,833.0
551,HLA-DRB111:01,18106.78,ANZ78847,KSLVGIGEHCS,551,834.0
1020,HLA-DRB111:01,18113.74,ANZ78847,NNALDAIQEGF,1020,835.0
942,HLA-DRB111:01,18194.17,ANZ78847,IRDLICVQSYK,942,836.0
1283,HLA-DRB111:01,18216.08,ANZ78847,KVLNQSYINLK,1283,837.0
575,HLA-DRB111:01,18255.43,ANZ78847,CTCQPQAFLGW,575,838.0
341,HLA-DRB111:01,18270.15,ANZ78847,NCNIEAWLNDK,341,839.0
1233,HLA-DRB111:01,18272.85,ANZ78847,TSIPNLPDFRE,1233,840.0
737,HLA-DRB111:01,18330.13,ANZ78847,NSTAISVQTCD,737,841.0
292,HLA-DRB111:01,18352.12,ANZ78847,FNAVDCMSDFM,292,842.0
863,HLA-DRB111:01,18417.18,ANZ78847,TQLQVANSLMN,863,843.0
1206,HLA-DRB111:01,18463.69,ANZ78847,EPITENNVVVM,1206,844.0
753,HLA-DRB111:01,18475.59,ANZ78847,GYCVDYSKNRR,753,845.0
603,HLA-DRB111:01,18477.56,ANZ78847,ILHDVNSGLTC,603,846.0
1315,HLA-DRB111:01,18479.44,ANZ78847,AGVAMLVLLFF,1315,847.0
1229,HLA-DRB111:01,18479.97,ANZ78847,VMLNTSIPNLP,1229,848.0
1317,HLA-DRB111:01,18480.9,ANZ78847,VAMLVLLFFIC,1317,849.0
471,HLA-DRB111:01,18497.57,ANZ78847,FKPQPAGVLTN,471,850.0
306,HLA-DRB111:01,18538.48,ANZ78847,KCKTQSIAPPT,306,851.0
815,HLA-DRB111:01,18600.65,ANZ78847,TSSPKVTIDCA,815,852.0
658,HLA-DRB111:01,18647.48,ANZ78847,LYDSNGNLYGF,658,853.0
358,HLA-DRB111:01,18689.93,ANZ78847,NWERKTFSNCN,358,854.0
973,HLA-DRB111:01,18697.9,ANZ78847,ATSASLFPPWT,973,855.0
442,HLA-DRB111:01,18698.13,ANZ78847,YNLPAANVSVS,442,856.0
660,HLA-DRB111:01,18747.74,ANZ78847,DSNGNLYGFRD,660,857.0
338,HLA-DRB111:01,18757.42,ANZ78847,DLPNCNIEAWL,338,858.0
1327,HLA-DRB111:01,18801.4,ANZ78847,CCCTGCGTSCF,1327,859.0
520,HLA-DRB111:01,18843.93,ANZ78847,TCPAGTNYLTC,520,860.0
437,HLA-DRB111:01,18859.92,ANZ78847,SCQLYYNLPAA,437,861.0
1037,HLA-DRB111:01,18870.81,ANZ78847,LVKIQAVVNAN,1037,862.0
17,HLA-DRB111:01,18890.15,ANZ78847,DLKCPLDSRTG,17,863.0
933,HLA-DRB111:01,18901.13,ANZ78847,YNNCTGGAEIR,933,864.0
1175,HLA-DRB111:01,18929.93,ANZ78847,IAGDRGIAPKS,1175,865.0
590,HLA-DRB111:01,18930.15,ANZ78847,CLQGDKCNIFA,590,866.0
1245,HLA-DRB111:01,19005.7,ANZ78847,LDQWFKNQTSV,1245,867.0
1146,HLA-DRB111:01,19009.56,ANZ78847,QNAPYGLYFIH,1146,868.0
160,HLA-DRB111:01,19032.53,ANZ78847,GLLEVSVCQYN,160,869.0
1227,HLA-DRB111:01,19046.12,ANZ78847,PYVMLNTSIPN,1227,870.0
463,HLA-DRB111:01,19046.19,ANZ78847,FGFIEDSVFKP,463,871.0
1078,HLA-DRB111:01,19061.62,ANZ78847,ALEAEAQIDRL,1078,872.0
945,HLA-DRB111:01,19127.85,ANZ78847,LICVQSYKGIK,945,873.0
93,HLA-DRB111:01,19139.95,ANZ78847,WFKPPFLSDFI,93,874.0
118,HLA-DRB111:01,19211.2,ANZ78847,DGVMYSEFPAI,118,875.0
96,HLA-DRB111:01,19221.67,ANZ78847,PPFLSDFINGI,96,876.0
110,HLA-DRB111:01,19282.21,ANZ78847,VKNTKVFKDGV,110,877.0
1241,HLA-DRB111:01,19295.86,ANZ78847,FREELDQWFKN,1241,878.0
1187,HLA-DRB111:01,19362.57,ANZ78847,YFVNVNNTWMY,1187,879.0
543,HLA-DRB111:01,19391.67,ANZ78847,GPYKCPQSKSL,543,880.0
291,HLA-DRB111:01,19418.29,ANZ78847,IFNAVDCMSDF,291,881.0
214,HLA-DRB111:01,19428.97,ANZ78847,YLYFHFYQEGG,214,882.0
1026,HLA-DRB111:01,19456.24,ANZ78847,IQEGFDATNSA,1026,883.0
1173,HLA-DRB111:01,19473.94,ANZ78847,LCIAGDRGIAP,1173,884.0
550,HLA-DRB111:01,19483.14,ANZ78847,SKSLVGIGEHC,550,885.0
919,HLA-DRB111:01,19503.23,ANZ78847,FDKVKLSDVGF,919,886.0
45,HLA-DRB111:01,19512.12,ANZ78847,DVTNGLGTYYV,45,887.0
1246,HLA-DRB111:01,19516.13,ANZ78847,DQWFKNQTSVA,1246,888.0
752,HLA-DRB111:01,19556.93,ANZ78847,SGYCVDYSKNR,752,889.0
747,HLA-DRB111:01,19618.48,ANZ78847,DLTVGSGYCVD,747,890.0
73,HLA-DRB111:01,19669.92,ANZ78847,TSGSTYRNMAL,73,891.0
932,HLA-DRB111:01,19674.74,ANZ78847,AYNNCTGGAEI,932,892.0
1048,HLA-DRB111:01,19745.88,ANZ78847,AEALNNLLQQL,1048,893.0
293,HLA-DRB111:01,19785.09,ANZ78847,NAVDCMSDFMS,293,894.0
527,HLA-DRB111:01,19848.34,ANZ78847,YLTCHNLCNPD,527,895.0
1029,HLA-DRB111:01,19851.42,ANZ78847,GFDATNSALVK,1029,896.0
102,HLA-DRB111:01,19868.06,ANZ78847,FINGIFAKVKN,102,897.0
1254,HLA-DRB111:01,19875.13,ANZ78847,SVAPDLALDYI,1254,898.0
1342,HLA-DRB111:01,19916.73,ANZ78847,GCCDDYTGYQE,1342,899.0
57,HLA-DRB111:01,19921.0,ANZ78847,DRVYLNTTLFL,57,900.0
824,HLA-DRB111:01,19932.7,ANZ78847,CAAFVCGDYAA,824,901.0
507,HLA-DRB111:01,19953.22,ANZ78847,CVGSGPGKNNG,507,902.0
787,HLA-DRB111:01,19979.71,ANZ78847,DSLEPVGGLYE,787,903.0
1195,HLA-DRB111:01,20000.73,ANZ78847,WMYTGSGYYYP,1195,904.0
227,HLA-DRB111:01,20005.35,ANZ78847,YAYFTDTGVVT,227,905.0
780,HLA-DRB111:01,20010.63,ANZ78847,FTVNSVNDSLE,780,906.0
741,HLA-DRB111:01,20031.07,ANZ78847,ISVQTCDLTVG,741,907.0
539,HLA-DRB111:01,20042.78,ANZ78847,ITFTGPYKCPQ,539,908.0
1141,HLA-DRB111:01,20044.6,ANZ78847,IISLVQNAPYG,1141,909.0
581,HLA-DRB111:01,20047.28,ANZ78847,AFLGWSADSCL,581,910.0
1292,HLA-DRB111:01,20047.76,ANZ78847,LKDIGTYEYYV,1292,911.0
1165,HLA-DRB111:01,20054.11,ANZ78847,VTAKVSPGLCI,1165,912.0
1128,HLA-DRB111:01,20055.67,ANZ78847,QSSRINFCGNG,1128,913.0
879,HLA-DRB111:01,20072.92,ANZ78847,TKLKDGVNFNV,879,914.0
414,HLA-DRB111:01,20078.01,ANZ78847,VDLQLGNLGYL,414,915.0
223,HLA-DRB111:01,20089.91,ANZ78847,GGTFYAYFTDT,223,916.0
725,HLA-DRB111:01,20137.71,ANZ78847,FDSYLGCVVNA,725,917.0
820,HLA-DRB111:01,20155.09,ANZ78847,VTIDCAAFVCG,820,918.0
475,HLA-DRB111:01,20243.52,ANZ78847,PAGVLTNHDVV,475,919.0
476,HLA-DRB111:01,20250.41,ANZ78847,AGVLTNHDVVY,476,920.0
1184,HLA-DRB111:01,20260.94,ANZ78847,KSGYFVNVNNT,1184,921.0
1009,HLA-DRB111:01,20327.63,ANZ78847,SQNQKLIANAF,1009,922.0
553,HLA-DRB111:01,20397.16,ANZ78847,LVGIGEHCSGL,553,923.0
1328,HLA-DRB111:01,20400.67,ANZ78847,CCTGCGTSCFK,1328,924.0
62,HLA-DRB111:01,20402.53,ANZ78847,NTTLFLNGYYP,62,925.0
35,HLA-DRB111:01,20417.25,ANZ78847,GPPSISTATVD,35,926.0
721,HLA-DRB111:01,20425.0,ANZ78847,PINYFDSYLGC,721,927.0
1281,HLA-DRB111:01,20452.17,ANZ78847,AIKVLNQSYIN,1281,928.0
823,HLA-DRB111:01,20474.33,ANZ78847,DCAAFVCGDYA,823,929.0
738,HLA-DRB111:01,20522.54,ANZ78847,STAISVQTCDL,738,930.0
781,HLA-DRB111:01,20526.55,ANZ78847,TVNSVNDSLEP,781,931.0
155,HLA-DRB111:01,20642.98,ANZ78847,VNKLQGLLEVS,155,932.0
749,HLA-DRB111:01,20669.76,ANZ78847,TVGSGYCVDYS,749,933.0
451,HLA-DRB111:01,20707.6,ANZ78847,VSRFNPSTWNK,451,934.0
1028,HLA-DRB111:01,20743.04,ANZ78847,EGFDATNSALV,1028,935.0
1204,HLA-DRB111:01,20782.95,ANZ78847,YPEPITENNVV,1204,936.0
336,HLA-DRB111:01,20823.67,ANZ78847,KPDLPNCNIEA,336,937.0
276,HLA-DRB111:01,20876.2,ANZ78847,LTSRQYLLAFN,276,938.0
505,HLA-DRB111:01,20905.05,ANZ78847,SLCVGSGPGKN,505,939.0
1100,HLA-DRB111:01,21025.56,ANZ78847,VSQQLSDSTLV,1100,940.0
629,HLA-DRB111:01,21036.19,ANZ78847,CVNYDLYGISG,629,941.0
782,HLA-DRB111:01,21140.82,ANZ78847,VNSVNDSLEPV,782,942.0
930,HLA-DRB111:01,21184.59,ANZ78847,VAAYNNCTGGA,930,943.0
387,HLA-DRB111:01,21192.53,ANZ78847,NIDAAKIYGMC,387,944.0
960,HLA-DRB111:01,21214.31,ANZ78847,LLSENQISGYT,960,945.0
360,HLA-DRB111:01,21345.17,ANZ78847,ERKTFSNCNFN,360,946.0
234,HLA-DRB111:01,21347.0,ANZ78847,GVVTKFLFNVY,234,947.0
173,HLA-DRB111:01,21358.45,ANZ78847,EYPHTICHPNL,173,948.0
389,HLA-DRB111:01,21387.14,ANZ78847,DAAKIYGMCFS,389,949.0
934,HLA-DRB111:01,21412.3,ANZ78847,NNCTGGAEIRD,934,950.0
595,HLA-DRB111:01,21414.73,ANZ78847,KCNIFANLILH,595,951.0
1267,HLA-DRB111:01,21449.87,ANZ78847,TFLDLQVEMNR,1267,952.0
1051,HLA-DRB111:01,21522.18,ANZ78847,LNNLLQQLSNR,1051,953.0
139,HLA-DRB111:01,21526.11,ANZ78847,YSVVVQPRTIN,139,954.0
540,HLA-DRB111:01,21548.07,ANZ78847,TFTGPYKCPQS,540,955.0
1145,HLA-DRB111:01,21554.73,ANZ78847,VQNAPYGLYFI,1145,956.0
1217,HLA-DRB111:01,21584.12,ANZ78847,STCAVNYTKAP,1217,957.0
210,HLA-DRB111:01,21596.09,ANZ78847,VNATYLYFHFY,210,958.0
1017,HLA-DRB111:01,21603.98,ANZ78847,NAFNNALDAIQ,1017,959.0
618,HLA-DRB111:01,21610.91,ANZ78847,QKANTDIKLGV,618,960.0
13,HLA-DRB111:01,21624.77,ANZ78847,AVIGDLKCPLD,13,961.0
443,HLA-DRB111:01,21629.97,ANZ78847,NLPAANVSVSR,443,962.0
927,HLA-DRB111:01,21716.0,ANZ78847,VGFVAAYNNCT,927,963.0
1294,HLA-DRB111:01,21725.66,ANZ78847,DIGTYEYYVKW,1294,964.0
793,HLA-DRB111:01,21728.79,ANZ78847,GGLYEIQIPSD,793,965.0
379,HLA-DRB111:01,21743.98,ANZ78847,QADSFTCNNID,379,966.0
915,HLA-DRB111:01,21789.16,ANZ78847,EDLLFDKVKLS,915,967.0
643,HLA-DRB111:01,21824.43,ANZ78847,FVEVNATYYNS,643,968.0
1344,HLA-DRB111:01,21874.05,ANZ78847,CDDYTGYQELV,1344,969.0
207,HLA-DRB111:01,21904.8,ANZ78847,TYDVNATYLYF,207,970.0
567,HLA-DRB111:01,21922.09,ANZ78847,SDYCGGNPCTC,567,971.0
435,HLA-DRB111:01,21948.41,ANZ78847,ATSCQLYYNLP,435,972.0
891,HLA-DRB111:01,21951.11,ANZ78847,DINFSSVLGCL,891,973.0
1024,HLA-DRB111:01,21977.38,ANZ78847,DAIQEGFDATN,1024,974.0
312,HLA-DRB111:01,22133.64,ANZ78847,IAPPTGVYELN,312,975.0
1021,HLA-DRB111:01,22140.96,ANZ78847,NALDAIQEGFD,1021,976.0
648,HLA-DRB111:01,22144.01,ANZ78847,ATYYNSWQNLL,648,977.0
168,HLA-DRB111:01,22144.74,ANZ78847,QYNMCEYPHTI,168,978.0
1113,HLA-DRB111:01,22145.56,ANZ78847,SAAQAMEKVNE,1113,979.0
851,HLA-DRB111:01,22190.97,ANZ78847,AILTEVNELLD,851,980.0
594,HLA-DRB111:01,22284.27,ANZ78847,DKCNIFANLIL,594,981.0
201,HLA-DRB111:01,22318.56,ANZ78847,LYKRNFTYDVN,201,982.0
604,HLA-DRB111:01,22320.44,ANZ78847,LHDVNSGLTCS,604,983.0
432,HLA-DRB111:01,22336.43,ANZ78847,DTTATSCQLYY,432,984.0
666,HLA-DRB111:01,22365.25,ANZ78847,YGFRDYLTNRT,666,985.0
912,HLA-DRB111:01,22390.82,ANZ78847,SAIEDLLFDKV,912,986.0
614,HLA-DRB111:01,22415.01,ANZ78847,STDLQKANTDI,614,987.0
232,HLA-DRB111:01,22430.56,ANZ78847,DTGVVTKFLFN,232,988.0
419,HLA-DRB111:01,22431.64,ANZ78847,GNLGYLQSFNY,419,989.0
714,HLA-DRB111:01,22435.04,ANZ78847,SLTRQLQPINY,714,990.0
121,HLA-DRB111:01,22461.02,ANZ78847,MYSEFPAITIG,121,991.0
34,HLA-DRB111:01,22465.16,ANZ78847,TGPPSISTATV,34,992.0
848,HLA-DRB111:01,22513.76,ANZ78847,NINAILTEVNE,848,993.0
215,HLA-DRB111:01,22522.95,ANZ78847,LYFHFYQEGGT,215,994.0
588,HLA-DRB111:01,22542.53,ANZ78847,DSCLQGDKCNI,588,995.0
884,HLA-DRB111:01,22546.04,ANZ78847,GVNFNVDDINF,884,996.0
151,HLA-DRB111:01,22563.73,ANZ78847,TQDGVNKLQGL,151,997.0
1203,HLA-DRB111:01,22563.8,ANZ78847,YYPEPITENNV,1203,998.0
835,HLA-DRB111:01,22569.2,ANZ78847,CKSQLVEYGSF,835,999.0
573,HLA-DRB111:01,22575.94,ANZ78847,NPCTCQPQAFL,573,1000.0
698,HLA-DRB111:01,22578.34,ANZ78847,PALLFRNIKCN,698,1001.0
931,HLA-DRB111:01,22596.43,ANZ78847,AAYNNCTGGAE,931,1002.0
911,HLA-DRB111:01,22643.58,ANZ78847,RSAIEDLLFDK,911,1003.0
685,HLA-DRB111:01,22658.7,ANZ78847,GRVSAAFHANS,685,1004.0
479,HLA-DRB111:01,22716.71,ANZ78847,LTNHDVVYAQH,479,1005.0
477,HLA-DRB111:01,22751.73,ANZ78847,GVLTNHDVVYA,477,1006.0
208,HLA-DRB111:01,22801.74,ANZ78847,YDVNATYLYFH,208,1007.0
608,HLA-DRB111:01,22824.99,ANZ78847,NSGLTCSTDLQ,608,1008.0
190,HLA-DRB111:01,22899.7,ANZ78847,LWHMDTGVVSC,190,1009.0
1135,HLA-DRB111:01,22914.84,ANZ78847,CGNGNHIISLV,1135,1010.0
731,HLA-DRB111:01,23003.15,ANZ78847,CVVNAYNSTAI,731,1011.0
773,HLA-DRB111:01,23095.43,ANZ78847,RFTNFEPFTVN,773,1012.0
122,HLA-DRB111:01,23121.93,ANZ78847,YSEFPAITIGS,122,1013.0
153,HLA-DRB111:01,23143.55,ANZ78847,DGVNKLQGLLE,153,1014.0
1099,HLA-DRB111:01,23179.29,ANZ78847,YVSQQLSDSTL,1099,1015.0
972,HLA-DRB111:01,23194.2,ANZ78847,AATSASLFPPW,972,1016.0
1133,HLA-DRB111:01,23208.09,ANZ78847,NFCGNGNHIIS,1133,1017.0
382,HLA-DRB111:01,23221.26,ANZ78847,SFTCNNIDAAK,382,1018.0
859,HLA-DRB111:01,23254.22,ANZ78847,LLDTTQLQVAN,859,1019.0
1236,HLA-DRB111:01,23272.23,ANZ78847,PNLPDFREELD,1236,1020.0
337,HLA-DRB111:01,23331.69,ANZ78847,PDLPNCNIEAW,337,1021.0
88,HLA-DRB111:01,23383.62,ANZ78847,KLSTLWFKPPF,88,1022.0
713,HLA-DRB111:01,23408.03,ANZ78847,NSLTRQLQPIN,713,1023.0
1036,HLA-DRB111:01,23410.27,ANZ78847,ALVKIQAVVNA,1036,1024.0
961,HLA-DRB111:01,23433.5,ANZ78847,LSENQISGYTL,961,1025.0
1202,HLA-DRB111:01,23519.44,ANZ78847,YYYPEPITENN,1202,1026.0
1194,HLA-DRB111:01,23556.22,ANZ78847,TWMYTGSGYYY,1194,1027.0
119,HLA-DRB111:01,23572.49,ANZ78847,GVMYSEFPAIT,119,1028.0
430,HLA-DRB111:01,23589.54,ANZ78847,RIDTTATSCQL,430,1029.0
955,HLA-DRB111:01,23636.37,ANZ78847,KVLPPLLSENQ,955,1030.0
191,HLA-DRB111:01,23665.3,ANZ78847,WHMDTGVVSCL,191,1031.0
642,HLA-DRB111:01,23671.28,ANZ78847,IFVEVNATYYN,642,1032.0
983,HLA-DRB111:01,23679.55,ANZ78847,TAAAGVPFYLN,983,1033.0
1231,HLA-DRB111:01,23709.75,ANZ78847,LNTSIPNLPDF,1231,1034.0
633,HLA-DRB111:01,23725.18,ANZ78847,DLYGISGQGIF,633,1035.0
147,HLA-DRB111:01,23743.04,ANZ78847,TINSTQDGVNK,147,1036.0
334,HLA-DRB111:01,23787.49,ANZ78847,RRKPDLPNCNI,334,1037.0
585,HLA-DRB111:01,23799.11,ANZ78847,WSADSCLQGDK,585,1038.0
574,HLA-DRB111:01,23832.18,ANZ78847,PCTCQPQAFLG,574,1039.0
404,HLA-DRB111:01,23862.5,ANZ78847,DKFAIPNGRKV,404,1040.0
1273,HLA-DRB111:01,23874.22,ANZ78847,VEMNRLQEAIK,1273,1041.0
315,HLA-DRB111:01,23904.98,ANZ78847,PTGVYELNGYT,315,1042.0
32,HLA-DRB111:01,23905.08,ANZ78847,IDTGPPSISTA,32,1043.0
1343,HLA-DRB111:01,23967.98,ANZ78847,CCDDYTGYQEL,1343,1044.0
14,HLA-DRB111:01,24020.23,ANZ78847,VIGDLKCPLDS,14,1045.0
1147,HLA-DRB111:01,24059.54,ANZ78847,NAPYGLYFIHF,1147,1046.0
1050,HLA-DRB111:01,24061.71,ANZ78847,ALNNLLQQLSN,1050,1047.0
1144,HLA-DRB111:01,24098.42,ANZ78847,LVQNAPYGLYF,1144,1048.0
825,HLA-DRB111:01,24179.32,ANZ78847,AAFVCGDYAAC,825,1049.0
837,HLA-DRB111:01,24183.03,ANZ78847,SQLVEYGSFCD,837,1050.0
693,HLA-DRB111:01,24233.02,ANZ78847,ANSSEPALLFR,693,1051.0
840,HLA-DRB111:01,24244.06,ANZ78847,VEYGSFCDNIN,840,1052.0
722,HLA-DRB111:01,24252.3,ANZ78847,INYFDSYLGCV,722,1053.0
954,HLA-DRB111:01,24405.02,ANZ78847,IKVLPPLLSEN,954,1054.0
462,HLA-DRB111:01,24406.54,ANZ78847,RFGFIEDSVFK,462,1055.0
140,HLA-DRB111:01,24431.62,ANZ78847,SVVVQPRTINS,140,1056.0
171,HLA-DRB111:01,24451.88,ANZ78847,MCEYPHTICHP,171,1057.0
373,HLA-DRB111:01,24530.3,ANZ78847,SLMSFIQADSF,373,1058.0
991,HLA-DRB111:01,24535.73,ANZ78847,YLNVQYRINGL,991,1059.0
224,HLA-DRB111:01,24547.52,ANZ78847,GTFYAYFTDTG,224,1060.0
92,HLA-DRB111:01,24551.2,ANZ78847,LWFKPPFLSDF,92,1061.0
228,HLA-DRB111:01,24569.74,ANZ78847,AYFTDTGVVTK,228,1062.0
466,HLA-DRB111:01,24661.65,ANZ78847,IEDSVFKPQPA,466,1063.0
510,HLA-DRB111:01,24676.74,ANZ78847,SGPGKNNGIGT,510,1064.0
1010,HLA-DRB111:01,24700.33,ANZ78847,QNQKLIANAFN,1010,1065.0
654,HLA-DRB111:01,24711.88,ANZ78847,WQNLLYDSNGN,654,1066.0
828,HLA-DRB111:01,24737.73,ANZ78847,VCGDYAACKSQ,828,1067.0
1201,HLA-DRB111:01,24756.56,ANZ78847,GYYYPEPITEN,1201,1068.0
16,HLA-DRB111:01,24783.06,ANZ78847,GDLKCPLDSRT,16,1069.0
209,HLA-DRB111:01,24786.41,ANZ78847,DVNATYLYFHF,209,1070.0
204,HLA-DRB111:01,24798.21,ANZ78847,RNFTYDVNATY,204,1071.0
586,HLA-DRB111:01,24852.34,ANZ78847,SADSCLQGDKC,586,1072.0
1180,HLA-DRB111:01,24898.55,ANZ78847,GIAPKSGYFVN,1180,1073.0
519,HLA-DRB111:01,24922.97,ANZ78847,GTCPAGTNYLT,519,1074.0
794,HLA-DRB111:01,24946.5,ANZ78847,GLYEIQIPSDF,794,1075.0
665,HLA-DRB111:01,24983.23,ANZ78847,LYGFRDYLTNR,665,1076.0
434,HLA-DRB111:01,25026.23,ANZ78847,TATSCQLYYNL,434,1077.0
664,HLA-DRB111:01,25045.31,ANZ78847,NLYGFRDYLTN,664,1078.0
178,HLA-DRB111:01,25046.09,ANZ78847,ICHPNLGNHFK,178,1079.0
849,HLA-DRB111:01,25062.92,ANZ78847,INAILTEVNEL,849,1080.0
418,HLA-DRB111:01,25071.93,ANZ78847,LGNLGYLQSFN,418,1081.0
724,HLA-DRB111:01,25131.89,ANZ78847,YFDSYLGCVVN,724,1082.0
461,HLA-DRB111:01,25267.04,ANZ78847,KRFGFIEDSVF,461,1083.0
641,HLA-DRB111:01,25317.4,ANZ78847,GIFVEVNATYY,641,1084.0
55,HLA-DRB111:01,25406.68,ANZ78847,VLDRVYLNTTL,55,1085.0
1011,HLA-DRB111:01,25409.79,ANZ78847,NQKLIANAFNN,1011,1086.0
11,HLA-DRB111:01,25417.21,ANZ78847,AFAVIGDLKCP,11,1087.0
644,HLA-DRB111:01,25418.24,ANZ78847,VEVNATYYNSW,644,1088.0
436,HLA-DRB111:01,25419.65,ANZ78847,TSCQLYYNLPA,436,1089.0
628,HLA-DRB111:01,25425.07,ANZ78847,VCVNYDLYGIS,628,1090.0
221,HLA-DRB111:01,25491.72,ANZ78847,QEGGTFYAYFT,221,1091.0
808,HLA-DRB111:01,25501.68,ANZ78847,NMEEFIQTSSP,808,1092.0
56,HLA-DRB111:01,25568.36,ANZ78847,LDRVYLNTTLF,56,1093.0
729,HLA-DRB111:01,25582.27,ANZ78847,LGCVVNAYNST,729,1094.0
117,HLA-DRB111:01,25588.01,ANZ78847,KDGVMYSEFPA,117,1095.0
378,HLA-DRB111:01,25680.59,ANZ78847,IQADSFTCNNI,378,1096.0
792,HLA-DRB111:01,25707.99,ANZ78847,VGGLYEIQIPS,792,1097.0
346,HLA-DRB111:01,25757.48,ANZ78847,AWLNDKSVPSP,346,1098.0
518,HLA-DRB111:01,25776.77,ANZ78847,IGTCPAGTNYL,518,1099.0
472,HLA-DRB111:01,25795.58,ANZ78847,KPQPAGVLTNH,472,1100.0
511,HLA-DRB111:01,25806.73,ANZ78847,GPGKNNGIGTC,511,1101.0
589,HLA-DRB111:01,25871.55,ANZ78847,SCLQGDKCNIF,589,1102.0
885,HLA-DRB111:01,25957.43,ANZ78847,VNFNVDDINFS,885,1103.0
1293,HLA-DRB111:01,26054.67,ANZ78847,KDIGTYEYYVK,1293,1104.0
309,HLA-DRB111:01,26070.99,ANZ78847,TQSIAPPTGVY,309,1105.0
328,HLA-DRB111:01,26198.13,ANZ78847,PIADVYRRKPD,328,1106.0
611,HLA-DRB111:01,26198.79,ANZ78847,LTCSTDLQKAN,611,1107.0
1132,HLA-DRB111:01,26275.3,ANZ78847,INFCGNGNHII,1132,1108.0
68,HLA-DRB111:01,26287.14,ANZ78847,NGYYPTSGSTY,68,1109.0
332,HLA-DRB111:01,26298.81,ANZ78847,VYRRKPDLPNC,332,1110.0
384,HLA-DRB111:01,26300.4,ANZ78847,TCNNIDAAKIY,384,1111.0
1075,HLA-DRB111:01,26301.29,ANZ78847,RLDALEAEAQI,1075,1112.0
44,HLA-DRB111:01,26378.87,ANZ78847,VDVTNGLGTYY,44,1113.0
311,HLA-DRB111:01,26441.56,ANZ78847,SIAPPTGVYEL,311,1114.0
12,HLA-DRB111:01,26447.67,ANZ78847,FAVIGDLKCPL,12,1115.0
1228,HLA-DRB111:01,26495.08,ANZ78847,YVMLNTSIPNL,1228,1116.0
742,HLA-DRB111:01,26520.47,ANZ78847,SVQTCDLTVGS,742,1117.0
72,HLA-DRB111:01,26734.4,ANZ78847,PTSGSTYRNMA,72,1118.0
513,HLA-DRB111:01,26753.54,ANZ78847,GKNNGIGTCPA,513,1119.0
149,HLA-DRB111:01,26768.2,ANZ78847,NSTQDGVNKLQ,149,1120.0
860,HLA-DRB111:01,26774.45,ANZ78847,LDTTQLQVANS,860,1121.0
283,HLA-DRB111:01,26810.05,ANZ78847,LAFNQDGIIFN,283,1122.0
289,HLA-DRB111:01,26857.86,ANZ78847,GIIFNAVDCMS,289,1123.0
113,HLA-DRB111:01,26893.79,ANZ78847,TKVFKDGVMYS,113,1124.0
282,HLA-DRB111:01,26921.42,ANZ78847,LLAFNQDGIIF,282,1125.0
489,HLA-DRB111:01,26953.13,ANZ78847,HCFKAPKNFCP,489,1126.0
310,HLA-DRB111:01,26960.51,ANZ78847,QSIAPPTGVYE,310,1127.0
621,HLA-DRB111:01,26972.37,ANZ78847,NTDIKLGVCVN,621,1128.0
1207,HLA-DRB111:01,27012.62,ANZ78847,PITENNVVVMS,1207,1129.0
33,HLA-DRB111:01,27018.69,ANZ78847,DTGPPSISTAT,33,1130.0
776,HLA-DRB111:01,27065.68,ANZ78847,NFEPFTVNSVN,776,1131.0
1289,HLA-DRB111:01,27087.96,ANZ78847,YINLKDIGTYE,1289,1132.0
487,HLA-DRB111:01,27157.35,ANZ78847,AQHCFKAPKNF,487,1133.0
537,HLA-DRB111:01,27163.59,ANZ78847,DPITFTGPYKC,537,1134.0
542,HLA-DRB111:01,27219.1,ANZ78847,TGPYKCPQSKS,542,1135.0
288,HLA-DRB111:01,27243.06,ANZ78847,DGIIFNAVDCM,288,1136.0
496,HLA-DRB111:01,27277.73,ANZ78847,NFCPCKSNSSL,496,1137.0
402,HLA-DRB111:01,27285.22,ANZ78847,TIDKFAIPNGR,402,1138.0
694,HLA-DRB111:01,27398.25,ANZ78847,NSSEPALLFRN,694,1139.0
429,HLA-DRB111:01,27477.2,ANZ78847,YRIDTTATSCQ,429,1140.0
843,HLA-DRB111:01,27517.09,ANZ78847,GSFCDNINAIL,843,1141.0
1025,HLA-DRB111:01,27535.34,ANZ78847,AIQEGFDATNS,1025,1142.0
783,HLA-DRB111:01,27540.28,ANZ78847,NSVNDSLEPVG,783,1143.0
433,HLA-DRB111:01,27563.47,ANZ78847,TTATSCQLYYN,433,1144.0
861,HLA-DRB111:01,27615.98,ANZ78847,DTTQLQVANSL,861,1145.0
1014,HLA-DRB111:01,27626.35,ANZ78847,LIANAFNNALD,1014,1146.0
170,HLA-DRB111:01,27646.22,ANZ78847,NMCEYPHTICH,170,1147.0
730,HLA-DRB111:01,27717.51,ANZ78847,GCVVNAYNSTA,730,1148.0
89,HLA-DRB111:01,27719.93,ANZ78847,LSTLWFKPPFL,89,1149.0
480,HLA-DRB111:01,27723.69,ANZ78847,TNHDVVYAQHC,480,1150.0
883,HLA-DRB111:01,27772.35,ANZ78847,DGVNFNVDDIN,883,1151.0
876,HLA-DRB111:01,27798.24,ANZ78847,TLSTKLKDGVN,876,1152.0
495,HLA-DRB111:01,27841.14,ANZ78847,KNFCPCKSNSS,495,1153.0
1232,HLA-DRB111:01,27889.24,ANZ78847,NTSIPNLPDFR,1232,1154.0
206,HLA-DRB111:01,27893.71,ANZ78847,FTYDVNATYLY,206,1155.0
148,HLA-DRB111:01,27907.69,ANZ78847,INSTQDGVNKL,148,1156.0
331,HLA-DRB111:01,27954.71,ANZ78847,DVYRRKPDLPN,331,1157.0
494,HLA-DRB111:01,27955.49,ANZ78847,PKNFCPCKSNS,494,1158.0
308,HLA-DRB111:01,27978.36,ANZ78847,KTQSIAPPTGV,308,1159.0
1143,HLA-DRB111:01,27983.82,ANZ78847,SLVQNAPYGLY,1143,1160.0
169,HLA-DRB111:01,28059.39,ANZ78847,YNMCEYPHTIC,169,1161.0
335,HLA-DRB111:01,28082.8,ANZ78847,RKPDLPNCNIE,335,1162.0
1174,HLA-DRB111:01,28086.37,ANZ78847,CIAGDRGIAPK,1174,1163.0
1073,HLA-DRB111:01,28130.18,ANZ78847,LSRLDALEAEA,1073,1164.0
854,HLA-DRB111:01,28138.45,ANZ78847,TEVNELLDTTQ,854,1165.0
111,HLA-DRB111:01,28149.78,ANZ78847,KNTKVFKDGVM,111,1166.0
388,HLA-DRB111:01,28187.44,ANZ78847,IDAAKIYGMCF,388,1167.0
172,HLA-DRB111:01,28206.04,ANZ78847,CEYPHTICHPN,172,1168.0
1158,HLA-DRB111:01,28230.74,ANZ78847,SYVPTKYVTAK,1158,1169.0
449,HLA-DRB111:01,28244.52,ANZ78847,VSVSRFNPSTW,449,1170.0
1200,HLA-DRB111:01,28273.63,ANZ78847,SGYYYPEPITE,1200,1171.0
775,HLA-DRB111:01,28284.85,ANZ78847,TNFEPFTVNSV,775,1172.0
591,HLA-DRB111:01,28321.63,ANZ78847,LQGDKCNIFAN,591,1173.0
481,HLA-DRB111:01,28348.68,ANZ78847,NHDVVYAQHCF,481,1174.0
523,HLA-DRB111:01,28349.18,ANZ78847,AGTNYLTCHNL,523,1175.0
491,HLA-DRB111:01,28365.17,ANZ78847,FKAPKNFCPCK,491,1176.0
517,HLA-DRB111:01,28390.75,ANZ78847,GIGTCPAGTNY,517,1177.0
706,HLA-DRB111:01,28390.82,ANZ78847,KCNYVFNNSLT,706,1178.0
750,HLA-DRB111:01,28397.46,ANZ78847,VGSGYCVDYSK,750,1179.0
847,HLA-DRB111:01,28409.22,ANZ78847,DNINAILTEVN,847,1180.0
509,HLA-DRB111:01,28454.4,ANZ78847,GSGPGKNNGIG,509,1181.0
620,HLA-DRB111:01,28477.24,ANZ78847,ANTDIKLGVCV,620,1182.0
31,HLA-DRB111:01,28494.48,ANZ78847,NIDTGPPSIST,31,1183.0
1291,HLA-DRB111:01,28594.76,ANZ78847,NLKDIGTYEYY,1291,1184.0
587,HLA-DRB111:01,28604.25,ANZ78847,ADSCLQGDKCN,587,1185.0
566,HLA-DRB111:01,28608.34,ANZ78847,KSDYCGGNPCT,566,1186.0
602,HLA-DRB111:01,28611.52,ANZ78847,LILHDVNSGLT,602,1187.0
40,HLA-DRB111:01,28612.37,ANZ78847,STATVDVTNGL,40,1188.0
696,HLA-DRB111:01,28635.17,ANZ78847,SEPALLFRNIK,696,1189.0
838,HLA-DRB111:01,28678.6,ANZ78847,QLVEYGSFCDN,838,1190.0
1047,HLA-DRB111:01,28757.0,ANZ78847,NAEALNNLLQQ,1047,1191.0
856,HLA-DRB111:01,28758.07,ANZ78847,VNELLDTTQLQ,856,1192.0
704,HLA-DRB111:01,28764.99,ANZ78847,NIKCNYVFNNS,704,1193.0
786,HLA-DRB111:01,28774.76,ANZ78847,NDSLEPVGGLY,786,1194.0
347,HLA-DRB111:01,28865.39,ANZ78847,WLNDKSVPSPL,347,1195.0
516,HLA-DRB111:01,28893.27,ANZ78847,NGIGTCPAGTN,516,1196.0
800,HLA-DRB111:01,28945.11,ANZ78847,IPSDFTIGNME,800,1197.0
438,HLA-DRB111:01,28999.97,ANZ78847,CQLYYNLPAAN,438,1198.0
1131,HLA-DRB111:01,29009.73,ANZ78847,RINFCGNGNHI,1131,1199.0
984,HLA-DRB111:01,29015.12,ANZ78847,AAAGVPFYLNV,984,1200.0
914,HLA-DRB111:01,29028.03,ANZ78847,IEDLLFDKVKL,914,1201.0
855,HLA-DRB111:01,29088.33,ANZ78847,EVNELLDTTQL,855,1202.0
1027,HLA-DRB111:01,29093.76,ANZ78847,QEGFDATNSAL,1027,1203.0
1043,HLA-DRB111:01,29104.64,ANZ78847,VVNANAEALNN,1043,1204.0
1329,HLA-DRB111:01,29138.71,ANZ78847,CTGCGTSCFKK,1329,1205.0
850,HLA-DRB111:01,29143.12,ANZ78847,NAILTEVNELL,850,1206.0
226,HLA-DRB111:01,29143.29,ANZ78847,FYAYFTDTGVV,226,1207.0
526,HLA-DRB111:01,29201.34,ANZ78847,NYLTCHNLCNP,526,1208.0
1134,HLA-DRB111:01,29280.61,ANZ78847,FCGNGNHIISL,1134,1209.0
286,HLA-DRB111:01,29283.52,ANZ78847,NQDGIIFNAVD,286,1210.0
1198,HLA-DRB111:01,29345.05,ANZ78847,TGSGYYYPEPI,1198,1211.0
112,HLA-DRB111:01,29360.66,ANZ78847,NTKVFKDGVMY,112,1212.0
217,HLA-DRB111:01,29365.88,ANZ78847,FHFYQEGGTFY,217,1213.0
784,HLA-DRB111:01,29401.8,ANZ78847,SVNDSLEPVGG,784,1214.0
345,HLA-DRB111:01,29552.38,ANZ78847,EAWLNDKSVPS,345,1215.0
439,HLA-DRB111:01,29576.64,ANZ78847,QLYYNLPAANV,439,1216.0
97,HLA-DRB111:01,29651.06,ANZ78847,PFLSDFINGIF,97,1217.0
1337,HLA-DRB111:01,29820.5,ANZ78847,FKKCGGCCDDY,1337,1218.0
1041,HLA-DRB111:01,29833.57,ANZ78847,QAVVNANAEAL,1041,1219.0
333,HLA-DRB111:01,29857.82,ANZ78847,YRRKPDLPNCN,333,1220.0
1142,HLA-DRB111:01,29918.41,ANZ78847,ISLVQNAPYGL,1142,1221.0
538,HLA-DRB111:01,29934.19,ANZ78847,PITFTGPYKCP,538,1222.0
528,HLA-DRB111:01,29946.58,ANZ78847,LTCHNLCNPDP,528,1223.0
703,HLA-DRB111:01,30040.15,ANZ78847,RNIKCNYVFNN,703,1224.0
401,HLA-DRB111:01,30054.66,ANZ78847,ITIDKFAIPNG,401,1225.0
1237,HLA-DRB111:01,30063.75,ANZ78847,NLPDFREELDQ,1237,1226.0
774,HLA-DRB111:01,30103.12,ANZ78847,FTNFEPFTVNS,774,1227.0
913,HLA-DRB111:01,30196.08,ANZ78847,AIEDLLFDKVK,913,1228.0
1255,HLA-DRB111:01,30223.28,ANZ78847,VAPDLALDYIN,1255,1229.0
130,HLA-DRB111:01,30264.34,ANZ78847,IGSTFVNTSYS,130,1230.0
440,HLA-DRB111:01,30338.11,ANZ78847,LYYNLPAANVS,440,1231.0
1290,HLA-DRB111:01,30430.37,ANZ78847,INLKDIGTYEY,1290,1232.0
522,HLA-DRB111:01,30453.28,ANZ78847,PAGTNYLTCHN,522,1233.0
1330,HLA-DRB111:01,30515.73,ANZ78847,TGCGTSCFKKC,1330,1234.0
225,HLA-DRB111:01,30580.73,ANZ78847,TFYAYFTDTGV,225,1235.0
1318,HLA-DRB111:01,30601.14,ANZ78847,AMLVLLFFICC,1318,1236.0
1341,HLA-DRB111:01,30650.16,ANZ78847,GGCCDDYTGYQ,1341,1237.0
1013,HLA-DRB111:01,30657.77,ANZ78847,KLIANAFNNAL,1013,1238.0
719,HLA-DRB111:01,30663.71,ANZ78847,LQPINYFDSYL,719,1239.0
1193,HLA-DRB111:01,30813.25,ANZ78847,NTWMYTGSGYY,1193,1240.0
95,HLA-DRB111:01,30869.28,ANZ78847,KPPFLSDFING,95,1241.0
877,HLA-DRB111:01,30869.86,ANZ78847,LSTKLKDGVNF,877,1242.0
74,HLA-DRB111:01,30870.77,ANZ78847,SGSTYRNMALK,74,1243.0
572,HLA-DRB111:01,30885.43,ANZ78847,GNPCTCQPQAF,572,1244.0
1333,HLA-DRB111:01,30903.1,ANZ78847,GTSCFKKCGGC,1333,1245.0
1182,HLA-DRB111:01,31015.61,ANZ78847,APKSGYFVNVN,1182,1246.0
152,HLA-DRB111:01,31046.75,ANZ78847,QDGVNKLQGLL,152,1247.0
411,HLA-DRB111:01,31076.0,ANZ78847,GRKVDLQLGNL,411,1248.0
1335,HLA-DRB111:01,31076.69,ANZ78847,SCFKKCGGCCD,1335,1249.0
592,HLA-DRB111:01,31087.83,ANZ78847,QGDKCNIFANL,592,1250.0
1219,HLA-DRB111:01,31097.22,ANZ78847,CAVNYTKAPYV,1219,1251.0
1266,HLA-DRB111:01,31196.15,ANZ78847,VTFLDLQVEMN,1266,1252.0
467,HLA-DRB111:01,31201.65,ANZ78847,EDSVFKPQPAG,467,1253.0
30,HLA-DRB111:01,31214.0,ANZ78847,NNIDTGPPSIS,30,1254.0
616,HLA-DRB111:01,31261.47,ANZ78847,DLQKANTDIKL,616,1255.0
1035,HLA-DRB111:01,31340.65,ANZ78847,SALVKIQAVVN,1035,1256.0
1077,HLA-DRB111:01,31378.18,ANZ78847,DALEAEAQIDR,1077,1257.0
798,HLA-DRB111:01,31403.43,ANZ78847,IQIPSDFTIGN,798,1258.0
533,HLA-DRB111:01,31408.23,ANZ78847,LCNPDPITFTG,533,1259.0
732,HLA-DRB111:01,31413.45,ANZ78847,VVNAYNSTAIS,732,1260.0
330,HLA-DRB111:01,31451.16,ANZ78847,ADVYRRKPDLP,330,1261.0
67,HLA-DRB111:01,31543.83,ANZ78847,LNGYYPTSGST,67,1262.0
563,HLA-DRB111:01,31611.34,ANZ78847,LAVKSDYCGGN,563,1263.0
493,HLA-DRB111:01,31731.75,ANZ78847,APKNFCPCKSN,493,1264.0
1044,HLA-DRB111:01,31863.69,ANZ78847,VNANAEALNNL,1044,1265.0
235,HLA-DRB111:01,31891.03,ANZ78847,VVTKFLFNVYL,235,1266.0
1257,HLA-DRB111:01,32054.72,ANZ78847,PDLALDYINVT,1257,1267.0
571,HLA-DRB111:01,32125.83,ANZ78847,GGNPCTCQPQA,571,1268.0
450,HLA-DRB111:01,32130.89,ANZ78847,SVSRFNPSTWN,450,1269.0
348,HLA-DRB111:01,32248.52,ANZ78847,LNDKSVPSPLN,348,1270.0
886,HLA-DRB111:01,32270.98,ANZ78847,NFNVDDINFSS,886,1271.0
1340,HLA-DRB111:01,32359.6,ANZ78847,CGGCCDDYTGY,1340,1272.0
529,HLA-DRB111:01,32437.98,ANZ78847,TCHNLCNPDPI,529,1273.0
504,HLA-DRB111:01,32556.33,ANZ78847,SSLCVGSGPGK,504,1274.0
612,HLA-DRB111:01,32649.09,ANZ78847,TCSTDLQKANT,612,1275.0
568,HLA-DRB111:01,32674.35,ANZ78847,DYCGGNPCTCQ,568,1276.0
485,HLA-DRB111:01,32679.11,ANZ78847,VYAQHCFKAPK,485,1277.0
512,HLA-DRB111:01,32729.74,ANZ78847,PGKNNGIGTCP,512,1278.0
532,HLA-DRB111:01,32748.02,ANZ78847,NLCNPDPITFT,532,1279.0
492,HLA-DRB111:01,32758.61,ANZ78847,KAPKNFCPCKS,492,1280.0
613,HLA-DRB111:01,32933.4,ANZ78847,CSTDLQKANTD,613,1281.0
1076,HLA-DRB111:01,32938.05,ANZ78847,LDALEAEAQID,1076,1282.0
1129,HLA-DRB111:01,32981.73,ANZ78847,SSRINFCGNGN,1129,1283.0
216,HLA-DRB111:01,33050.46,ANZ78847,YFHFYQEGGTF,216,1284.0
1259,HLA-DRB111:01,33072.97,ANZ78847,LALDYINVTFL,1259,1285.0
177,HLA-DRB111:01,33121.84,ANZ78847,TICHPNLGNHF,177,1286.0
1336,HLA-DRB111:01,33214.77,ANZ78847,CFKKCGGCCDD,1336,1287.0
94,HLA-DRB111:01,33232.05,ANZ78847,FKPPFLSDFIN,94,1288.0
427,HLA-DRB111:01,33348.76,ANZ78847,FNYRIDTTATS,427,1289.0
1320,HLA-DRB111:01,33370.05,ANZ78847,LVLLFFICCCT,1320,1290.0
175,HLA-DRB111:01,33382.9,ANZ78847,PHTICHPNLGN,175,1291.0
205,HLA-DRB111:01,33401.37,ANZ78847,NFTYDVNATYL,205,1292.0
27,HLA-DRB111:01,33539.08,ANZ78847,GSLNNIDTGPP,27,1293.0
878,HLA-DRB111:01,33548.12,ANZ78847,STKLKDGVNFN,878,1294.0
615,HLA-DRB111:01,33591.36,ANZ78847,TDLQKANTDIK,615,1295.0
926,HLA-DRB111:01,33591.93,ANZ78847,DVGFVAAYNNC,926,1296.0
799,HLA-DRB111:01,33718.91,ANZ78847,QIPSDFTIGNM,799,1297.0
1258,HLA-DRB111:01,33763.85,ANZ78847,DLALDYINVTF,1258,1298.0
486,HLA-DRB111:01,33812.16,ANZ78847,YAQHCFKAPKN,486,1299.0
534,HLA-DRB111:01,33844.47,ANZ78847,CNPDPITFTGP,534,1300.0
1256,HLA-DRB111:01,33958.08,ANZ78847,APDLALDYINV,1256,1301.0
531,HLA-DRB111:01,34150.39,ANZ78847,HNLCNPDPITF,531,1302.0
751,HLA-DRB111:01,34279.72,ANZ78847,GSGYCVDYSKN,751,1303.0
376,HLA-DRB111:01,34334.92,ANZ78847,SFIQADSFTCN,376,1304.0
1183,HLA-DRB111:01,34416.29,ANZ78847,PKSGYFVNVNN,1183,1305.0
619,HLA-DRB111:01,34665.89,ANZ78847,KANTDIKLGVC,619,1306.0
530,HLA-DRB111:01,34692.04,ANZ78847,CHNLCNPDPIT,530,1307.0
377,HLA-DRB111:01,34697.73,ANZ78847,FIQADSFTCNN,377,1308.0
1199,HLA-DRB111:01,34882.19,ANZ78847,GSGYYYPEPIT,1199,1309.0
686,HLA-DRB111:01,34982.57,ANZ78847,RVSAAFHANSS,686,1310.0
428,HLA-DRB111:01,35082.07,ANZ78847,NYRIDTTATSC,428,1311.0
925,HLA-DRB111:01,35182.87,ANZ78847,SDVGFVAAYNN,925,1312.0
541,HLA-DRB111:01,35274.76,ANZ78847,FTGPYKCPQSK,541,1313.0
535,HLA-DRB111:01,35438.12,ANZ78847,NPDPITFTGPY,535,1314.0
656,HLA-DRB111:01,35518.25,ANZ78847,NLLYDSNGNLY,656,1315.0
827,HLA-DRB111:01,35541.81,ANZ78847,FVCGDYAACKS,827,1316.0
403,HLA-DRB111:01,35642.48,ANZ78847,IDKFAIPNGRK,403,1317.0
687,HLA-DRB111:01,35659.63,ANZ78847,VSAAFHANSSE,687,1318.0
785,HLA-DRB111:01,35723.14,ANZ78847,VNDSLEPVGGL,785,1319.0
569,HLA-DRB111:01,35781.5,ANZ78847,YCGGNPCTCQP,569,1320.0
1339,HLA-DRB111:01,35968.85,ANZ78847,KCGGCCDDYTG,1339,1321.0
1046,HLA-DRB111:01,36124.67,ANZ78847,ANAEALNNLLQ,1046,1322.0
1338,HLA-DRB111:01,36139.78,ANZ78847,KKCGGCCDDYT,1338,1323.0
29,HLA-DRB111:01,36189.38,ANZ78847,LNNIDTGPPSI,29,1324.0
66,HLA-DRB111:01,36198.07,ANZ78847,FLNGYYPTSGS,66,1325.0
287,HLA-DRB111:01,36249.85,ANZ78847,QDGIIFNAVDC,287,1326.0
521,HLA-DRB111:01,36302.64,ANZ78847,CPAGTNYLTCH,521,1327.0
924,HLA-DRB111:01,36583.64,ANZ78847,LSDVGFVAAYN,924,1328.0
1042,HLA-DRB111:01,36736.01,ANZ78847,AVVNANAEALN,1042,1329.0
1218,HLA-DRB111:01,36781.05,ANZ78847,TCAVNYTKAPY,1218,1330.0
1045,HLA-DRB111:01,36827.07,ANZ78847,NANAEALNNLL,1045,1331.0
601,HLA-DRB111:01,36842.66,ANZ78847,NLILHDVNSGL,601,1332.0
329,HLA-DRB111:01,36931.92,ANZ78847,IADVYRRKPDL,329,1333.0
1074,HLA-DRB111:01,37117.56,ANZ78847,SRLDALEAEAQ,1074,1334.0
565,HLA-DRB111:01,37264.36,ANZ78847,VKSDYCGGNPC,565,1335.0
1334,HLA-DRB111:01,37444.03,ANZ78847,TSCFKKCGGCC,1334,1336.0
469,HLA-DRB111:01,37829.03,ANZ78847,SVFKPQPAGVL,469,1337.0
1319,HLA-DRB111:01,37974.53,ANZ78847,MLVLLFFICCC,1319,1338.0
809,HLA-DRB111:01,37997.28,ANZ78847,MEEFIQTSSPK,809,1339.0
887,HLA-DRB111:01,38202.93,ANZ78847,FNVDDINFSSV,887,1340.0
564,HLA-DRB111:01,38457.36,ANZ78847,AVKSDYCGGNP,564,1341.0
400,HLA-DRB111:01,38515.28,ANZ78847,SITIDKFAIPN,400,1342.0
536,HLA-DRB111:01,39536.55,ANZ78847,PDPITFTGPYK,536,1343.0
888,HLA-DRB111:01,39623.81,ANZ78847,NVDDINFSSVL,888,1344.0
655,HLA-DRB111:01,39762.5,ANZ78847,QNLLYDSNGNL,655,1345.0
468,HLA-DRB111:01,39809.08,ANZ78847,DSVFKPQPAGV,468,1346.0
826,HLA-DRB111:01,39892.73,ANZ78847,AFVCGDYAACK,826,1347.0
570,HLA-DRB111:01,39982.4,ANZ78847,CGGNPCTCQPQ,570,1348.0
705,HLA-DRB111:01,40641.8,ANZ78847,IKCNYVFNNSL,705,1349.0
1130,HLA-DRB111:01,40936.01,ANZ78847,SRINFCGNGNH,1130,1350.0
28,HLA-DRB111:01,41459.67,ANZ78847,SLNNIDTGPPS,28,1351.0
176,HLA-DRB111:01,41727.69,ANZ78847,HTICHPNLGNH,176,1352.0
416,HLA-DRB112:01,56.88,ANZ78847,LQLGNLGYLQS,416,1.0
244,HLA-DRB112:01,85.37,ANZ78847,YLGMALSHYYV,244,2.0
718,HLA-DRB112:01,86.81,ANZ78847,QLQPINYFDSY,718,3.0
1067,HLA-DRB112:01,101.83,ANZ78847,SSLQEILSRLD,1067,4.0
1068,HLA-DRB112:01,106.07,ANZ78847,SLQEILSRLDA,1068,5.0
245,HLA-DRB112:01,112.59,ANZ78847,LGMALSHYYVM,245,6.0
243,HLA-DRB112:01,157.34,ANZ78847,VYLGMALSHYY,243,7.0
1069,HLA-DRB112:01,282.99,ANZ78847,LQEILSRLDAL,1069,8.0
1054,HLA-DRB112:01,301.45,ANZ78847,LLQQLSNRFGA,1054,9.0
61,HLA-DRB112:01,310.46,ANZ78847,LNTTLFLNGYY,61,10.0
650,HLA-DRB112:01,375.91,ANZ78847,YYNSWQNLLYD,650,11.0
156,HLA-DRB112:01,436.69,ANZ78847,NKLQGLLEVSV,156,12.0
715,HLA-DRB112:01,452.53,ANZ78847,LTRQLQPINYF,715,13.0
719,HLA-DRB112:01,459.24,ANZ78847,LQPINYFDSYL,719,14.0
323,HLA-DRB112:01,459.34,ANZ78847,GYTVQPIADVY,323,15.0
1309,HLA-DRB112:01,464.87,ANZ78847,WLLICLAGVAM,1309,16.0
1093,HLA-DRB112:01,493.79,ANZ78847,LTALNAYVSQQ,1093,17.0
597,HLA-DRB112:01,501.21,ANZ78847,NIFANLILHDV,597,18.0
161,HLA-DRB112:01,512.76,ANZ78847,LLEVSVCQYNM,161,19.0
1280,HLA-DRB112:01,514.65,ANZ78847,EAIKVLNQSYI,1280,20.0
273,HLA-DRB112:01,531.46,ANZ78847,VTPLTSRQYLL,273,21.0
988,HLA-DRB112:01,546.44,ANZ78847,VPFYLNVQYRI,988,22.0
716,HLA-DRB112:01,561.34,ANZ78847,TRQLQPINYFD,716,23.0
415,HLA-DRB112:01,564.41,ANZ78847,DLQLGNLGYLQ,415,24.0
255,HLA-DRB112:01,575.2,ANZ78847,MPLTCISRRNI,255,25.0
63,HLA-DRB112:01,593.08,ANZ78847,TTLFLNGYYPT,63,26.0
1055,HLA-DRB112:01,598.72,ANZ78847,LQQLSNRFGAI,1055,27.0
1285,HLA-DRB112:01,606.36,ANZ78847,LNQSYINLKDI,1285,28.0
1143,HLA-DRB112:01,614.94,ANZ78847,SLVQNAPYGLY,1143,29.0
423,HLA-DRB112:01,616.51,ANZ78847,YLQSFNYRIDT,423,30.0
2,HLA-DRB112:01,617.38,ANZ78847,LILLISLPTAF,2,31.0
280,HLA-DRB112:01,618.8,ANZ78847,QYLLAFNQDGI,280,32.0
50,HLA-DRB112:01,623.51,ANZ78847,LGTYYVLDRVY,50,33.0
417,HLA-DRB112:01,643.43,ANZ78847,QLGNLGYLQSF,417,34.0
795,HLA-DRB112:01,677.15,ANZ78847,LYEIQIPSDFT,795,35.0
717,HLA-DRB112:01,679.24,ANZ78847,RQLQPINYFDS,717,36.0
384,HLA-DRB112:01,711.35,ANZ78847,TCNNIDAAKIY,384,37.0
162,HLA-DRB112:01,717.74,ANZ78847,LEVSVCQYNMC,162,38.0
278,HLA-DRB112:01,724.84,ANZ78847,SRQYLLAFNQD,278,39.0
1278,HLA-DRB112:01,729.23,ANZ78847,LQEAIKVLNQS,1278,40.0
422,HLA-DRB112:01,732.68,ANZ78847,GYLQSFNYRID,422,41.0
1071,HLA-DRB112:01,733.47,ANZ78847,EILSRLDALEA,1071,42.0
275,HLA-DRB112:01,748.42,ANZ78847,PLTSRQYLLAF,275,43.0
953,HLA-DRB112:01,755.44,ANZ78847,GIKVLPPLLSE,953,44.0
435,HLA-DRB112:01,803.78,ANZ78847,ATSCQLYYNLP,435,45.0
1070,HLA-DRB112:01,804.98,ANZ78847,QEILSRLDALE,1070,46.0
371,HLA-DRB112:01,808.73,ANZ78847,MSSLMSFIQAD,371,47.0
1287,HLA-DRB112:01,826.31,ANZ78847,QSYINLKDIGT,1287,48.0
1292,HLA-DRB112:01,831.41,ANZ78847,LKDIGTYEYYV,1292,49.0
196,HLA-DRB112:01,837.58,ANZ78847,GVVSCLYKRNF,196,50.0
7,HLA-DRB112:01,885.6,ANZ78847,SLPTAFAVIGD,7,51.0
714,HLA-DRB112:01,901.66,ANZ78847,SLTRQLQPINY,714,52.0
421,HLA-DRB112:01,910.88,ANZ78847,LGYLQSFNYRI,421,53.0
246,HLA-DRB112:01,919.55,ANZ78847,GMALSHYYVMP,246,54.0
1271,HLA-DRB112:01,923.4,ANZ78847,LQVEMNRLQEA,1271,55.0
0,HLA-DRB112:01,929.44,ANZ78847,MFLILLISLPT,0,56.0
414,HLA-DRB112:01,941.01,ANZ78847,VDLQLGNLGYL,414,57.0
1263,HLA-DRB112:01,956.79,ANZ78847,YINVTFLDLQV,1263,58.0
264,HLA-DRB112:01,963.17,ANZ78847,NIGFTLEYWVT,264,59.0
1048,HLA-DRB112:01,966.22,ANZ78847,AEALNNLLQQL,1048,60.0
1284,HLA-DRB112:01,976.39,ANZ78847,VLNQSYINLKD,1284,61.0
960,HLA-DRB112:01,977.92,ANZ78847,LLSENQISGYT,960,62.0
1066,HLA-DRB112:01,994.24,ANZ78847,SSSLQEILSRL,1066,63.0
386,HLA-DRB112:01,997.63,ANZ78847,NNIDAAKIYGM,386,64.0
1279,HLA-DRB112:01,1008.32,ANZ78847,QEAIKVLNQSY,1279,65.0
1063,HLA-DRB112:01,1011.4,ANZ78847,GAISSSLQEIL,1063,66.0
1064,HLA-DRB112:01,1012.4,ANZ78847,AISSSLQEILS,1064,67.0
483,HLA-DRB112:01,1013.18,ANZ78847,DVVYAQHCFKA,483,68.0
159,HLA-DRB112:01,1037.9,ANZ78847,QGLLEVSVCQY,159,69.0
484,HLA-DRB112:01,1052.6,ANZ78847,VVYAQHCFKAP,484,70.0
596,HLA-DRB112:01,1064.27,ANZ78847,CNIFANLILHD,596,71.0
1006,HLA-DRB112:01,1079.63,ANZ78847,DVLSQNQKLIA,1006,72.0
1144,HLA-DRB112:01,1085.56,ANZ78847,LVQNAPYGLYF,1144,73.0
986,HLA-DRB112:01,1091.03,ANZ78847,AGVPFYLNVQY,986,74.0
1225,HLA-DRB112:01,1108.28,ANZ78847,KAPYVMLNTSI,1225,75.0
1347,HLA-DRB112:01,1122.91,ANZ78847,YTGYQELVIKT,1347,76.0
1140,HLA-DRB112:01,1135.64,ANZ78847,HIISLVQNAPY,1140,77.0
1142,HLA-DRB112:01,1166.78,ANZ78847,ISLVQNAPYGL,1142,78.0
791,HLA-DRB112:01,1179.77,ANZ78847,PVGGLYEIQIP,791,79.0
765,HLA-DRB112:01,1184.04,ANZ78847,RRAITTGYRFT,765,80.0
1275,HLA-DRB112:01,1195.49,ANZ78847,MNRLQEAIKVL,1275,81.0
274,HLA-DRB112:01,1223.05,ANZ78847,TPLTSRQYLLA,274,82.0
436,HLA-DRB112:01,1236.72,ANZ78847,TSCQLYYNLPA,436,83.0
391,HLA-DRB112:01,1245.26,ANZ78847,AKIYGMCFSSI,391,84.0
1092,HLA-DRB112:01,1258.03,ANZ78847,RLTALNAYVSQ,1092,85.0
956,HLA-DRB112:01,1265.83,ANZ78847,VLPPLLSENQI,956,86.0
434,HLA-DRB112:01,1270.42,ANZ78847,TATSCQLYYNL,434,87.0
1049,HLA-DRB112:01,1286.08,ANZ78847,EALNNLLQQLS,1049,88.0
623,HLA-DRB112:01,1289.2,ANZ78847,DIKLGVCVNYD,623,89.0
399,HLA-DRB112:01,1313.97,ANZ78847,SSITIDKFAIP,399,90.0
1214,HLA-DRB112:01,1320.57,ANZ78847,VVMSTCAVNYT,1214,91.0
1282,HLA-DRB112:01,1342.15,ANZ78847,IKVLNQSYINL,1282,92.0
1104,HLA-DRB112:01,1352.94,ANZ78847,LSDSTLVKFSA,1104,93.0
309,HLA-DRB112:01,1357.35,ANZ78847,TQSIAPPTGVY,309,94.0
476,HLA-DRB112:01,1377.83,ANZ78847,AGVLTNHDVVY,476,95.0
1310,HLA-DRB112:01,1386.89,ANZ78847,LLICLAGVAML,1310,96.0
1008,HLA-DRB112:01,1391.36,ANZ78847,LSQNQKLIANA,1008,97.0
1032,HLA-DRB112:01,1393.17,ANZ78847,ATNSALVKIQA,1032,98.0
157,HLA-DRB112:01,1400.71,ANZ78847,KLQGLLEVSVC,157,99.0
632,HLA-DRB112:01,1406.48,ANZ78847,YDLYGISGQGI,632,100.0
367,HLA-DRB112:01,1471.21,ANZ78847,CNFNMSSLMSF,367,101.0
46,HLA-DRB112:01,1508.48,ANZ78847,VTNGLGTYYVL,46,102.0
1149,HLA-DRB112:01,1517.42,ANZ78847,PYGLYFIHFSY,1149,103.0
1065,HLA-DRB112:01,1518.22,ANZ78847,ISSSLQEILSR,1065,104.0
633,HLA-DRB112:01,1537.89,ANZ78847,DLYGISGQGIF,633,105.0
941,HLA-DRB112:01,1543.86,ANZ78847,EIRDLICVQSY,941,106.0
1196,HLA-DRB112:01,1550.92,ANZ78847,MYTGSGYYYPE,1196,107.0
1220,HLA-DRB112:01,1556.85,ANZ78847,AVNYTKAPYVM,1220,108.0
1194,HLA-DRB112:01,1565.63,ANZ78847,TWMYTGSGYYY,1194,109.0
374,HLA-DRB112:01,1566.65,ANZ78847,LMSFIQADSFT,374,110.0
1053,HLA-DRB112:01,1569.13,ANZ78847,NLLQQLSNRFG,1053,111.0
748,HLA-DRB112:01,1589.23,ANZ78847,LTVGSGYCVDY,748,112.0
413,HLA-DRB112:01,1589.82,ANZ78847,KVDLQLGNLGY,413,113.0
252,HLA-DRB112:01,1594.99,ANZ78847,YYVMPLTCISR,252,114.0
387,HLA-DRB112:01,1597.61,ANZ78847,NIDAAKIYGMC,387,115.0
263,HLA-DRB112:01,1604.82,ANZ78847,RNIGFTLEYWV,263,116.0
982,HLA-DRB112:01,1610.66,ANZ78847,WTAAAGVPFYL,982,117.0
247,HLA-DRB112:01,1634.72,ANZ78847,MALSHYYVMPL,247,118.0
250,HLA-DRB112:01,1653.82,ANZ78847,SHYYVMPLTCI,250,119.0
622,HLA-DRB112:01,1668.74,ANZ78847,TDIKLGVCVNY,622,120.0
85,HLA-DRB112:01,1670.51,ANZ78847,GTDKLSTLWFK,85,121.0
1221,HLA-DRB112:01,1677.88,ANZ78847,VNYTKAPYVML,1221,122.0
155,HLA-DRB112:01,1678.1,ANZ78847,VNKLQGLLEVS,155,123.0
811,HLA-DRB112:01,1700.11,ANZ78847,EFIQTSSPKVT,811,124.0
1254,HLA-DRB112:01,1708.92,ANZ78847,SVAPDLALDYI,1254,125.0
1215,HLA-DRB112:01,1747.2,ANZ78847,VMSTCAVNYTK,1215,126.0
237,HLA-DRB112:01,1747.49,ANZ78847,TKFLFNVYLGM,237,127.0
700,HLA-DRB112:01,1751.57,ANZ78847,LLFRNIKCNYV,700,128.0
1265,HLA-DRB112:01,1754.97,ANZ78847,NVTFLDLQVEM,1265,129.0
1178,HLA-DRB112:01,1762.86,ANZ78847,DRGIAPKSGYF,1178,130.0
127,HLA-DRB112:01,1765.43,ANZ78847,AITIGSTFVNT,127,131.0
790,HLA-DRB112:01,1769.02,ANZ78847,EPVGGLYEIQI,790,132.0
153,HLA-DRB112:01,1771.09,ANZ78847,DGVNKLQGLLE,153,133.0
657,HLA-DRB112:01,1784.56,ANZ78847,LLYDSNGNLYG,657,134.0
627,HLA-DRB112:01,1798.41,ANZ78847,GVCVNYDLYGI,627,135.0
1107,HLA-DRB112:01,1807.9,ANZ78847,STLVKFSAAQA,1107,136.0
910,HLA-DRB112:01,1811.94,ANZ78847,SRSAIEDLLFD,910,137.0
744,HLA-DRB112:01,1819.55,ANZ78847,QTCDLTVGSGY,744,138.0
253,HLA-DRB112:01,1820.62,ANZ78847,YVMPLTCISRR,253,139.0
923,HLA-DRB112:01,1837.54,ANZ78847,KLSDVGFVAAY,923,140.0
197,HLA-DRB112:01,1844.57,ANZ78847,VVSCLYKRNFT,197,141.0
634,HLA-DRB112:01,1849.23,ANZ78847,LYGISGQGIFV,634,142.0
1052,HLA-DRB112:01,1854.3,ANZ78847,NNLLQQLSNRF,1052,143.0
154,HLA-DRB112:01,1863.74,ANZ78847,GVNKLQGLLEV,154,144.0
1108,HLA-DRB112:01,1866.41,ANZ78847,TLVKFSAAQAM,1108,145.0
625,HLA-DRB112:01,1871.08,ANZ78847,KLGVCVNYDLY,625,146.0
1179,HLA-DRB112:01,1880.58,ANZ78847,RGIAPKSGYFV,1179,147.0
219,HLA-DRB112:01,1892.39,ANZ78847,FYQEGGTFYAY,219,148.0
1350,HLA-DRB112:01,1894.26,ANZ78847,YQELVIKTSHD,1350,149.0
822,HLA-DRB112:01,1903.36,ANZ78847,IDCAAFVCGDY,822,150.0
388,HLA-DRB112:01,1916.96,ANZ78847,IDAAKIYGMCF,388,151.0
1033,HLA-DRB112:01,1924.42,ANZ78847,TNSALVKIQAV,1033,152.0
1315,HLA-DRB112:01,1931.27,ANZ78847,AGVAMLVLLFF,1315,153.0
236,HLA-DRB112:01,1933.16,ANZ78847,VTKFLFNVYLG,236,154.0
1148,HLA-DRB112:01,1956.44,ANZ78847,APYGLYFIHFS,1148,155.0
981,HLA-DRB112:01,1957.71,ANZ78847,PWTAAAGVPFY,981,156.0
875,HLA-DRB112:01,1968.2,ANZ78847,VTLSTKLKDGV,875,157.0
3,HLA-DRB112:01,1973.99,ANZ78847,ILLISLPTAFA,3,158.0
959,HLA-DRB112:01,2023.66,ANZ78847,PLLSENQISGY,959,159.0
676,HLA-DRB112:01,2035.98,ANZ78847,TFMIRSCYSGR,676,160.0
208,HLA-DRB112:01,2040.06,ANZ78847,YDVNATYLYFH,208,161.0
45,HLA-DRB112:01,2049.29,ANZ78847,DVTNGLGTYYV,45,162.0
819,HLA-DRB112:01,2065.42,ANZ78847,KVTIDCAAFVC,819,163.0
1316,HLA-DRB112:01,2071.38,ANZ78847,GVAMLVLLFFI,1316,164.0
62,HLA-DRB112:01,2075.58,ANZ78847,NTTLFLNGYYP,62,165.0
392,HLA-DRB112:01,2098.69,ANZ78847,KIYGMCFSSIT,392,166.0
1089,HLA-DRB112:01,2113.31,ANZ78847,INGRLTALNAY,1089,167.0
1072,HLA-DRB112:01,2123.17,ANZ78847,ILSRLDALEAE,1072,168.0
957,HLA-DRB112:01,2135.43,ANZ78847,LPPLLSENQIS,957,169.0
576,HLA-DRB112:01,2136.15,ANZ78847,TCQPQAFLGWS,576,170.0
858,HLA-DRB112:01,2153.46,ANZ78847,ELLDTTQLQVA,858,171.0
207,HLA-DRB112:01,2171.54,ANZ78847,TYDVNATYLYF,207,172.0
649,HLA-DRB112:01,2175.46,ANZ78847,TYYNSWQNLLY,649,173.0
419,HLA-DRB112:01,2186.72,ANZ78847,GNLGYLQSFNY,419,174.0
677,HLA-DRB112:01,2187.34,ANZ78847,FMIRSCYSGRV,677,175.0
794,HLA-DRB112:01,2188.68,ANZ78847,GLYEIQIPSDF,794,176.0
969,HLA-DRB112:01,2188.9,ANZ78847,YTLAATSASLF,969,177.0
1139,HLA-DRB112:01,2189.71,ANZ78847,NHIISLVQNAP,1139,178.0
624,HLA-DRB112:01,2194.4,ANZ78847,IKLGVCVNYDL,624,179.0
431,HLA-DRB112:01,2210.5,ANZ78847,IDTTATSCQLY,431,180.0
432,HLA-DRB112:01,2213.06,ANZ78847,DTTATSCQLYY,432,181.0
53,HLA-DRB112:01,2224.28,ANZ78847,YYVLDRVYLNT,53,182.0
251,HLA-DRB112:01,2226.15,ANZ78847,HYYVMPLTCIS,251,183.0
60,HLA-DRB112:01,2238.04,ANZ78847,YLNTTLFLNGY,60,184.0
1197,HLA-DRB112:01,2245.82,ANZ78847,YTGSGYYYPEP,1197,185.0
1022,HLA-DRB112:01,2260.68,ANZ78847,ALDAIQEGFDA,1022,186.0
129,HLA-DRB112:01,2260.9,ANZ78847,TIGSTFVNTSY,129,187.0
994,HLA-DRB112:01,2264.49,ANZ78847,VQYRINGLGVT,994,188.0
1061,HLA-DRB112:01,2274.7,ANZ78847,RFGAISSSLQE,1061,189.0
272,HLA-DRB112:01,2284.18,ANZ78847,WVTPLTSRQYL,272,190.0
242,HLA-DRB112:01,2305.58,ANZ78847,NVYLGMALSHY,242,191.0
1098,HLA-DRB112:01,2312.64,ANZ78847,AYVSQQLSDST,1098,192.0
635,HLA-DRB112:01,2323.56,ANZ78847,YGISGQGIFVE,635,193.0
1253,HLA-DRB112:01,2325.27,ANZ78847,TSVAPDLALDY,1253,194.0
1264,HLA-DRB112:01,2325.49,ANZ78847,INVTFLDLQVE,1264,195.0
397,HLA-DRB112:01,2342.1,ANZ78847,CFSSITIDKFA,397,196.0
125,HLA-DRB112:01,2346.3,ANZ78847,FPAITIGSTFV,125,197.0
699,HLA-DRB112:01,2357.39,ANZ78847,ALLFRNIKCNY,699,198.0
1145,HLA-DRB112:01,2367.4,ANZ78847,VQNAPYGLYFI,1145,199.0
1094,HLA-DRB112:01,2368.59,ANZ78847,TALNAYVSQQL,1094,200.0
995,HLA-DRB112:01,2368.81,ANZ78847,QYRINGLGVTM,995,201.0
768,HLA-DRB112:01,2399.61,ANZ78847,ITTGYRFTNFE,768,202.0
396,HLA-DRB112:01,2401.14,ANZ78847,MCFSSITIDKF,396,203.0
671,HLA-DRB112:01,2403.09,ANZ78847,YLTNRTFMIRS,671,204.0
818,HLA-DRB112:01,2405.33,ANZ78847,PKVTIDCAAFV,818,205.0
158,HLA-DRB112:01,2409.68,ANZ78847,LQGLLEVSVCQ,158,206.0
651,HLA-DRB112:01,2438.94,ANZ78847,YNSWQNLLYDS,651,207.0
47,HLA-DRB112:01,2449.7,ANZ78847,TNGLGTYYVLD,47,208.0
106,HLA-DRB112:01,2455.65,ANZ78847,IFAKVKNTKVF,106,209.0
390,HLA-DRB112:01,2460.92,ANZ78847,AAKIYGMCFSS,390,210.0
912,HLA-DRB112:01,2462.14,ANZ78847,SAIEDLLFDKV,912,211.0
49,HLA-DRB112:01,2469.2,ANZ78847,GLGTYYVLDRV,49,212.0
1056,HLA-DRB112:01,2474.56,ANZ78847,QQLSNRFGAIS,1056,213.0
1150,HLA-DRB112:01,2475.34,ANZ78847,YGLYFIHFSYV,1150,214.0
281,HLA-DRB112:01,2486.4,ANZ78847,YLLAFNQDGII,281,215.0
1103,HLA-DRB112:01,2488.17,ANZ78847,QLSDSTLVKFS,1103,216.0
836,HLA-DRB112:01,2504.27,ANZ78847,KSQLVEYGSFC,836,217.0
1156,HLA-DRB112:01,2519.54,ANZ78847,HFSYVPTKYVT,1156,218.0
324,HLA-DRB112:01,2519.69,ANZ78847,YTVQPIADVYR,324,219.0
163,HLA-DRB112:01,2521.11,ANZ78847,EVSVCQYNMCE,163,220.0
234,HLA-DRB112:01,2522.8,ANZ78847,GVVTKFLFNVY,234,221.0
1312,HLA-DRB112:01,2525.12,ANZ78847,ICLAGVAMLVL,1312,222.0
1295,HLA-DRB112:01,2543.55,ANZ78847,IGTYEYYVKWP,1295,223.0
894,HLA-DRB112:01,2545.92,ANZ78847,FSSVLGCLGSE,894,224.0
76,HLA-DRB112:01,2547.44,ANZ78847,STYRNMALKGT,76,225.0
212,HLA-DRB112:01,2559.48,ANZ78847,ATYLYFHFYQE,212,226.0
44,HLA-DRB112:01,2570.38,ANZ78847,VDVTNGLGTYY,44,227.0
764,HLA-DRB112:01,2572.81,ANZ78847,SRRAITTGYRF,764,228.0
271,HLA-DRB112:01,2578.25,ANZ78847,YWVTPLTSRQY,271,229.0
575,HLA-DRB112:01,2582.19,ANZ78847,CTCQPQAFLGW,575,230.0
194,HLA-DRB112:01,2585.39,ANZ78847,DTGVVSCLYKR,194,231.0
1013,HLA-DRB112:01,2588.13,ANZ78847,KLIANAFNNAL,1013,232.0
598,HLA-DRB112:01,2599.15,ANZ78847,IFANLILHDVN,598,233.0
277,HLA-DRB112:01,2621.85,ANZ78847,TSRQYLLAFNQ,277,234.0
482,HLA-DRB112:01,2628.75,ANZ78847,HDVVYAQHCFK,482,235.0
789,HLA-DRB112:01,2630.21,ANZ78847,LEPVGGLYEIQ,789,236.0
183,HLA-DRB112:01,2635.22,ANZ78847,LGNHFKELWHM,183,237.0
260,HLA-DRB112:01,2635.86,ANZ78847,ISRRNIGFTLE,260,238.0
559,HLA-DRB112:01,2644.16,ANZ78847,HCSGLAVKSDY,559,239.0
424,HLA-DRB112:01,2651.16,ANZ78847,LQSFNYRIDTT,424,240.0
1016,HLA-DRB112:01,2660.81,ANZ78847,ANAFNNALDAI,1016,241.0
124,HLA-DRB112:01,2675.01,ANZ78847,EFPAITIGSTF,124,242.0
949,HLA-DRB112:01,2681.51,ANZ78847,QSYKGIKVLPP,949,243.0
701,HLA-DRB112:01,2688.74,ANZ78847,LFRNIKCNYVF,701,244.0
944,HLA-DRB112:01,2712.04,ANZ78847,DLICVQSYKGI,944,245.0
311,HLA-DRB112:01,2729.93,ANZ78847,SIAPPTGVYEL,311,246.0
1288,HLA-DRB112:01,2747.91,ANZ78847,SYINLKDIGTY,1288,247.0
659,HLA-DRB112:01,2751.13,ANZ78847,YDSNGNLYGFR,659,248.0
817,HLA-DRB112:01,2759.12,ANZ78847,SPKVTIDCAAF,817,249.0
746,HLA-DRB112:01,2761.59,ANZ78847,CDLTVGSGYCV,746,250.0
948,HLA-DRB112:01,2770.5,ANZ78847,VQSYKGIKVLP,948,251.0
735,HLA-DRB112:01,2770.62,ANZ78847,AYNSTAISVQT,735,252.0
1324,HLA-DRB112:01,2774.57,ANZ78847,FFICCCTGCGT,1324,253.0
1314,HLA-DRB112:01,2784.06,ANZ78847,LAGVAMLVLLF,1314,254.0
1272,HLA-DRB112:01,2785.82,ANZ78847,QVEMNRLQEAI,1272,255.0
1260,HLA-DRB112:01,2787.92,ANZ78847,ALDYINVTFLD,1260,256.0
573,HLA-DRB112:01,2796.72,ANZ78847,NPCTCQPQAFL,573,257.0
788,HLA-DRB112:01,2819.51,ANZ78847,SLEPVGGLYEI,788,258.0
1146,HLA-DRB112:01,2829.93,ANZ78847,QNAPYGLYFIH,1146,259.0
437,HLA-DRB112:01,2846.34,ANZ78847,SCQLYYNLPAA,437,260.0
368,HLA-DRB112:01,2864.24,ANZ78847,NFNMSSLMSFI,368,261.0
488,HLA-DRB112:01,2872.87,ANZ78847,QHCFKAPKNFC,488,262.0
628,HLA-DRB112:01,2873.55,ANZ78847,VCVNYDLYGIS,628,263.0
1125,HLA-DRB112:01,2886.67,ANZ78847,VKSQSSRINFC,1125,264.0
1313,HLA-DRB112:01,2903.23,ANZ78847,CLAGVAMLVLL,1313,265.0
8,HLA-DRB112:01,2906.2,ANZ78847,LPTAFAVIGDL,8,266.0
1141,HLA-DRB112:01,2921.71,ANZ78847,IISLVQNAPYG,1141,267.0
821,HLA-DRB112:01,2922.31,ANZ78847,TIDCAAFVCGD,821,268.0
1291,HLA-DRB112:01,2929.71,ANZ78847,NLKDIGTYEYY,1291,269.0
862,HLA-DRB112:01,2936.19,ANZ78847,TTQLQVANSLM,862,270.0
1102,HLA-DRB112:01,2944.49,ANZ78847,QQLSDSTLVKF,1102,271.0
767,HLA-DRB112:01,2945.09,ANZ78847,AITTGYRFTNF,767,272.0
709,HLA-DRB112:01,2945.3,ANZ78847,YVFNNSLTRQL,709,273.0
917,HLA-DRB112:01,2948.48,ANZ78847,LLFDKVKLSDV,917,274.0
5,HLA-DRB112:01,2951.43,ANZ78847,LISLPTAFAVI,5,275.0
951,HLA-DRB112:01,2982.85,ANZ78847,YKGIKVLPPLL,951,276.0
987,HLA-DRB112:01,2998.28,ANZ78847,GVPFYLNVQYR,987,277.0
1096,HLA-DRB112:01,3014.74,ANZ78847,LNAYVSQQLSD,1096,278.0
739,HLA-DRB112:01,3015.52,ANZ78847,TAISVQTCDLT,739,279.0
318,HLA-DRB112:01,3015.72,ANZ78847,VYELNGYTVQP,318,280.0
897,HLA-DRB112:01,3031.6,ANZ78847,VLGCLGSECSK,897,281.0
408,HLA-DRB112:01,3035.56,ANZ78847,IPNGRKVDLQL,408,282.0
630,HLA-DRB112:01,3063.92,ANZ78847,VNYDLYGISGQ,630,283.0
37,HLA-DRB112:01,3066.92,ANZ78847,PSISTATVDVT,37,284.0
658,HLA-DRB112:01,3068.26,ANZ78847,LYDSNGNLYGF,658,285.0
1109,HLA-DRB112:01,3071.55,ANZ78847,LVKFSAAQAME,1109,286.0
398,HLA-DRB112:01,3072.2,ANZ78847,FSSITIDKFAI,398,287.0
235,HLA-DRB112:01,3085.71,ANZ78847,VVTKFLFNVYL,235,288.0
712,HLA-DRB112:01,3089.06,ANZ78847,NNSLTRQLQPI,712,289.0
418,HLA-DRB112:01,3093.04,ANZ78847,LGNLGYLQSFN,418,290.0
670,HLA-DRB112:01,3099.92,ANZ78847,DYLTNRTFMIR,670,291.0
1147,HLA-DRB112:01,3112.86,ANZ78847,NAPYGLYFIHF,1147,292.0
814,HLA-DRB112:01,3113.2,ANZ78847,QTSSPKVTIDC,814,293.0
1157,HLA-DRB112:01,3118.76,ANZ78847,FSYVPTKYVTA,1157,294.0
1216,HLA-DRB112:01,3123.08,ANZ78847,MSTCAVNYTKA,1216,295.0
832,HLA-DRB112:01,3130.46,ANZ78847,YAACKSQLVEY,832,296.0
1151,HLA-DRB112:01,3154.68,ANZ78847,GLYFIHFSYVP,1151,297.0
114,HLA-DRB112:01,3177.69,ANZ78847,KVFKDGVMYSE,114,298.0
626,HLA-DRB112:01,3184.88,ANZ78847,LGVCVNYDLYG,626,299.0
101,HLA-DRB112:01,3194.12,ANZ78847,DFINGIFAKVK,101,300.0
164,HLA-DRB112:01,3195.41,ANZ78847,VSVCQYNMCEY,164,301.0
913,HLA-DRB112:01,3238.77,ANZ78847,AIEDLLFDKVK,913,302.0
210,HLA-DRB112:01,3269.58,ANZ78847,VNATYLYFHFY,210,303.0
310,HLA-DRB112:01,3274.85,ANZ78847,QSIAPPTGVYE,310,304.0
1213,HLA-DRB112:01,3277.02,ANZ78847,VVVMSTCAVNY,1213,305.0
193,HLA-DRB112:01,3280.05,ANZ78847,MDTGVVSCLYK,193,306.0
1289,HLA-DRB112:01,3282.96,ANZ78847,YINLKDIGTYE,1289,307.0
740,HLA-DRB112:01,3285.9,ANZ78847,AISVQTCDLTV,740,308.0
1152,HLA-DRB112:01,3292.12,ANZ78847,LYFIHFSYVPT,1152,309.0
1091,HLA-DRB112:01,3310.48,ANZ78847,GRLTALNAYVS,1091,310.0
48,HLA-DRB112:01,3336.96,ANZ78847,NGLGTYYVLDR,48,311.0
217,HLA-DRB112:01,3368.52,ANZ78847,FHFYQEGGTFY,217,312.0
1004,HLA-DRB112:01,3380.56,ANZ78847,TMDVLSQNQKL,1004,313.0
481,HLA-DRB112:01,3383.72,ANZ78847,NHDVVYAQHCF,481,314.0
64,HLA-DRB112:01,3387.63,ANZ78847,TLFLNGYYPTS,64,315.0
420,HLA-DRB112:01,3404.44,ANZ78847,NLGYLQSFNYR,420,316.0
206,HLA-DRB112:01,3419.8,ANZ78847,FTYDVNATYLY,206,317.0
1231,HLA-DRB112:01,3443.11,ANZ78847,LNTSIPNLPDF,1231,318.0
51,HLA-DRB112:01,3451.11,ANZ78847,GTYYVLDRVYL,51,319.0
766,HLA-DRB112:01,3452.05,ANZ78847,RAITTGYRFTN,766,320.0
1012,HLA-DRB112:01,3455.05,ANZ78847,QKLIANAFNNA,1012,321.0
1348,HLA-DRB112:01,3475.01,ANZ78847,TGYQELVIKTS,1348,322.0
1168,HLA-DRB112:01,3485.2,ANZ78847,KVSPGLCIAGD,1168,323.0
661,HLA-DRB112:01,3496.28,ANZ78847,SNGNLYGFRDY,661,324.0
1223,HLA-DRB112:01,3502.9,ANZ78847,YTKAPYVMLNT,1223,325.0
1062,HLA-DRB112:01,3543.13,ANZ78847,FGAISSSLQEI,1062,326.0
1298,HLA-DRB112:01,3544.17,ANZ78847,YEYYVKWPWYV,1298,327.0
6,HLA-DRB112:01,3557.25,ANZ78847,ISLPTAFAVIG,6,328.0
1088,HLA-DRB112:01,3558.72,ANZ78847,LINGRLTALNA,1088,329.0
720,HLA-DRB112:01,3560.52,ANZ78847,QPINYFDSYLG,720,330.0
215,HLA-DRB112:01,3562.64,ANZ78847,LYFHFYQEGGT,215,331.0
238,HLA-DRB112:01,3570.01,ANZ78847,KFLFNVYLGMA,238,332.0
165,HLA-DRB112:01,3585.93,ANZ78847,SVCQYNMCEYP,165,333.0
812,HLA-DRB112:01,3588.99,ANZ78847,FIQTSSPKVTI,812,334.0
1105,HLA-DRB112:01,3624.1,ANZ78847,SDSTLVKFSAA,1105,335.0
370,HLA-DRB112:01,3626.23,ANZ78847,NMSSLMSFIQA,370,336.0
1034,HLA-DRB112:01,3631.28,ANZ78847,NSALVKIQAVV,1034,337.0
577,HLA-DRB112:01,3631.41,ANZ78847,CQPQAFLGWSA,577,338.0
908,HLA-DRB112:01,3646.19,ANZ78847,ASSRSAIEDLL,908,339.0
852,HLA-DRB112:01,3647.97,ANZ78847,ILTEVNELLDT,852,340.0
1005,HLA-DRB112:01,3650.29,ANZ78847,MDVLSQNQKLI,1005,341.0
385,HLA-DRB112:01,3659.92,ANZ78847,CNNIDAAKIYG,385,342.0
257,HLA-DRB112:01,3678.11,ANZ78847,LTCISRRNIGF,257,343.0
1270,HLA-DRB112:01,3700.43,ANZ78847,DLQVEMNRLQE,1270,344.0
321,HLA-DRB112:01,3710.99,ANZ78847,LNGYTVQPIAD,321,345.0
787,HLA-DRB112:01,3760.75,ANZ78847,DSLEPVGGLYE,787,346.0
1171,HLA-DRB112:01,3762.6,ANZ78847,PGLCIAGDRGI,1171,347.0
373,HLA-DRB112:01,3776.0,ANZ78847,SLMSFIQADSF,373,348.0
1038,HLA-DRB112:01,3777.29,ANZ78847,VKIQAVVNANA,1038,349.0
1166,HLA-DRB112:01,3799.02,ANZ78847,TAKVSPGLCIA,1166,350.0
864,HLA-DRB112:01,3814.8,ANZ78847,QLQVANSLMNG,864,351.0
288,HLA-DRB112:01,3840.04,ANZ78847,DGIIFNAVDCM,288,352.0
1020,HLA-DRB112:01,3863.69,ANZ78847,NNALDAIQEGF,1020,353.0
833,HLA-DRB112:01,3876.58,ANZ78847,AACKSQLVEYG,833,354.0
389,HLA-DRB112:01,3876.63,ANZ78847,DAAKIYGMCFS,389,355.0
837,HLA-DRB112:01,3890.84,ANZ78847,SQLVEYGSFCD,837,356.0
870,HLA-DRB112:01,3902.76,ANZ78847,SLMNGVTLSTK,870,357.0
916,HLA-DRB112:01,3907.68,ANZ78847,DLLFDKVKLSD,916,358.0
209,HLA-DRB112:01,3933.08,ANZ78847,DVNATYLYFHF,209,359.0
970,HLA-DRB112:01,3935.07,ANZ78847,TLAATSASLFP,970,360.0
261,HLA-DRB112:01,3935.99,ANZ78847,SRRNIGFTLEY,261,361.0
1351,HLA-DRB112:01,3954.98,ANZ78847,QELVIKTSHDD,1351,362.0
230,HLA-DRB112:01,3956.59,ANZ78847,FTDTGVVTKFL,230,363.0
872,HLA-DRB112:01,3957.75,ANZ78847,MNGVTLSTKLK,872,364.0
683,HLA-DRB112:01,3959.4,ANZ78847,YSGRVSAAFHA,683,365.0
126,HLA-DRB112:01,3981.52,ANZ78847,PAITIGSTFVN,126,366.0
1281,HLA-DRB112:01,4004.74,ANZ78847,AIKVLNQSYIN,1281,367.0
911,HLA-DRB112:01,4011.82,ANZ78847,RSAIEDLLFDK,911,368.0
1090,HLA-DRB112:01,4016.87,ANZ78847,NGRLTALNAYV,1090,369.0
673,HLA-DRB112:01,4020.7,ANZ78847,TNRTFMIRSCY,673,370.0
1083,HLA-DRB112:01,4046.4,ANZ78847,AQIDRLINGRL,1083,371.0
258,HLA-DRB112:01,4053.48,ANZ78847,TCISRRNIGFT,258,372.0
1327,HLA-DRB112:01,4064.89,ANZ78847,CCCTGCGTSCF,1327,373.0
636,HLA-DRB112:01,4066.7,ANZ78847,GISGQGIFVEV,636,374.0
1293,HLA-DRB112:01,4076.1,ANZ78847,KDIGTYEYYVK,1293,375.0
259,HLA-DRB112:01,4101.87,ANZ78847,CISRRNIGFTL,259,376.0
1181,HLA-DRB112:01,4113.9,ANZ78847,IAPKSGYFVNV,1181,377.0
254,HLA-DRB112:01,4120.47,ANZ78847,VMPLTCISRRN,254,378.0
946,HLA-DRB112:01,4153.29,ANZ78847,ICVQSYKGIKV,946,379.0
851,HLA-DRB112:01,4154.45,ANZ78847,AILTEVNELLD,851,380.0
292,HLA-DRB112:01,4161.46,ANZ78847,FNAVDCMSDFM,292,381.0
672,HLA-DRB112:01,4175.22,ANZ78847,LTNRTFMIRSC,672,382.0
477,HLA-DRB112:01,4176.19,ANZ78847,GVLTNHDVVYA,477,383.0
279,HLA-DRB112:01,4200.11,ANZ78847,RQYLLAFNQDG,279,384.0
103,HLA-DRB112:01,4208.92,ANZ78847,INGIFAKVKNT,103,385.0
135,HLA-DRB112:01,4250.23,ANZ78847,VNTSYSVVVQP,135,386.0
13,HLA-DRB112:01,4255.06,ANZ78847,AVIGDLKCPLD,13,387.0
1021,HLA-DRB112:01,4283.49,ANZ78847,NALDAIQEGFD,1021,388.0
302,HLA-DRB112:01,4289.03,ANZ78847,MSEIKCKTQSI,302,389.0
1226,HLA-DRB112:01,4304.86,ANZ78847,APYVMLNTSIP,1226,390.0
1018,HLA-DRB112:01,4339.38,ANZ78847,AFNNALDAIQE,1018,391.0
796,HLA-DRB112:01,4350.22,ANZ78847,YEIQIPSDFTI,796,392.0
1305,HLA-DRB112:01,4393.66,ANZ78847,PWYVWLLICLA,1305,393.0
375,HLA-DRB112:01,4397.94,ANZ78847,MSFIQADSFTC,375,394.0
199,HLA-DRB112:01,4398.42,ANZ78847,SCLYKRNFTYD,199,395.0
1,HLA-DRB112:01,4401.6,ANZ78847,FLILLISLPTA,1,396.0
961,HLA-DRB112:01,4433.71,ANZ78847,LSENQISGYTL,961,397.0
1082,HLA-DRB112:01,4438.83,ANZ78847,EAQIDRLINGR,1082,398.0
167,HLA-DRB112:01,4450.25,ANZ78847,CQYNMCEYPHT,167,399.0
1137,HLA-DRB112:01,4450.95,ANZ78847,NGNHIISLVQN,1137,400.0
1138,HLA-DRB112:01,4480.27,ANZ78847,GNHIISLVQNA,1138,401.0
1165,HLA-DRB112:01,4488.52,ANZ78847,VTAKVSPGLCI,1165,402.0
578,HLA-DRB112:01,4491.39,ANZ78847,QPQAFLGWSAD,578,403.0
1346,HLA-DRB112:01,4496.38,ANZ78847,DYTGYQELVIK,1346,404.0
695,HLA-DRB112:01,4496.59,ANZ78847,SSEPALLFRNI,695,405.0
1243,HLA-DRB112:01,4505.39,ANZ78847,EELDQWFKNQT,1243,406.0
834,HLA-DRB112:01,4542.73,ANZ78847,ACKSQLVEYGS,834,407.0
475,HLA-DRB112:01,4576.26,ANZ78847,PAGVLTNHDVV,475,408.0
857,HLA-DRB112:01,4625.16,ANZ78847,NELLDTTQLQV,857,409.0
12,HLA-DRB112:01,4640.18,ANZ78847,FAVIGDLKCPL,12,410.0
233,HLA-DRB112:01,4646.99,ANZ78847,TGVVTKFLFNV,233,411.0
192,HLA-DRB112:01,4659.56,ANZ78847,HMDTGVVSCLY,192,412.0
914,HLA-DRB112:01,4663.45,ANZ78847,IEDLLFDKVKL,914,413.0
907,HLA-DRB112:01,4674.17,ANZ78847,KASSRSAIEDL,907,414.0
952,HLA-DRB112:01,4674.9,ANZ78847,KGIKVLPPLLS,952,415.0
871,HLA-DRB112:01,4694.88,ANZ78847,LMNGVTLSTKL,871,416.0
276,HLA-DRB112:01,4696.78,ANZ78847,LTSRQYLLAFN,276,417.0
943,HLA-DRB112:01,4703.22,ANZ78847,RDLICVQSYKG,943,418.0
262,HLA-DRB112:01,4705.05,ANZ78847,RRNIGFTLEYW,262,419.0
299,HLA-DRB112:01,4711.33,ANZ78847,SDFMSEIKCKT,299,420.0
1014,HLA-DRB112:01,4711.34,ANZ78847,LIANAFNNALD,1014,421.0
998,HLA-DRB112:01,4730.15,ANZ78847,INGLGVTMDVL,998,422.0
1031,HLA-DRB112:01,4763.99,ANZ78847,DATNSALVKIQ,1031,423.0
211,HLA-DRB112:01,4770.42,ANZ78847,NATYLYFHFYQ,211,424.0
816,HLA-DRB112:01,4788.57,ANZ78847,SSPKVTIDCAA,816,425.0
1195,HLA-DRB112:01,4791.67,ANZ78847,WMYTGSGYYYP,1195,426.0
1345,HLA-DRB112:01,4810.9,ANZ78847,DDYTGYQELVI,1345,427.0
548,HLA-DRB112:01,4818.7,ANZ78847,PQSKSLVGIGE,548,428.0
1277,HLA-DRB112:01,4842.08,ANZ78847,RLQEAIKVLNQ,1277,429.0
115,HLA-DRB112:01,4857.1,ANZ78847,VFKDGVMYSEF,115,430.0
849,HLA-DRB112:01,4866.65,ANZ78847,INAILTEVNEL,849,431.0
365,HLA-DRB112:01,4870.61,ANZ78847,SNCNFNMSSLM,365,432.0
803,HLA-DRB112:01,4893.0,ANZ78847,DFTIGNMEEFI,803,433.0
1268,HLA-DRB112:01,4899.06,ANZ78847,FLDLQVEMNRL,1268,434.0
906,HLA-DRB112:01,4903.78,ANZ78847,SKASSRSAIED,906,435.0
1286,HLA-DRB112:01,4904.74,ANZ78847,NQSYINLKDIG,1286,436.0
1057,HLA-DRB112:01,4904.77,ANZ78847,QLSNRFGAISS,1057,437.0
682,HLA-DRB112:01,4949.38,ANZ78847,CYSGRVSAAFH,682,438.0
738,HLA-DRB112:01,4958.31,ANZ78847,STAISVQTCDL,738,439.0
942,HLA-DRB112:01,4965.06,ANZ78847,IRDLICVQSYK,942,440.0
248,HLA-DRB112:01,4984.8,ANZ78847,ALSHYYVMPLT,248,441.0
1311,HLA-DRB112:01,4986.79,ANZ78847,LICLAGVAMLV,1311,442.0
560,HLA-DRB112:01,4989.85,ANZ78847,CSGLAVKSDYC,560,443.0
239,HLA-DRB112:01,4994.44,ANZ78847,FLFNVYLGMAL,239,444.0
303,HLA-DRB112:01,5012.52,ANZ78847,SEIKCKTQSIA,303,445.0
220,HLA-DRB112:01,5012.89,ANZ78847,YQEGGTFYAYF,220,446.0
478,HLA-DRB112:01,5039.3,ANZ78847,VLTNHDVVYAQ,478,447.0
112,HLA-DRB112:01,5039.84,ANZ78847,NTKVFKDGVMY,112,448.0
108,HLA-DRB112:01,5045.53,ANZ78847,AKVKNTKVFKD,108,449.0
867,HLA-DRB112:01,5049.79,ANZ78847,VANSLMNGVTL,867,450.0
984,HLA-DRB112:01,5050.91,ANZ78847,AAAGVPFYLNV,984,451.0
107,HLA-DRB112:01,5052.03,ANZ78847,FAKVKNTKVFK,107,452.0
1040,HLA-DRB112:01,5057.09,ANZ78847,IQAVVNANAEA,1040,453.0
741,HLA-DRB112:01,5136.1,ANZ78847,ISVQTCDLTVG,741,454.0
1187,HLA-DRB112:01,5146.05,ANZ78847,YFVNVNNTWMY,1187,455.0
547,HLA-DRB112:01,5173.8,ANZ78847,CPQSKSLVGIG,547,456.0
882,HLA-DRB112:01,5177.55,ANZ78847,KDGVNFNVDDI,882,457.0
1036,HLA-DRB112:01,5197.71,ANZ78847,ALVKIQAVVNA,1036,458.0
964,HLA-DRB112:01,5199.0,ANZ78847,NQISGYTLAAT,964,459.0
1211,HLA-DRB112:01,5213.14,ANZ78847,NNVVVMSTCAV,1211,460.0
133,HLA-DRB112:01,5218.87,ANZ78847,TFVNTSYSVVV,133,461.0
325,HLA-DRB112:01,5220.37,ANZ78847,TVQPIADVYRR,325,462.0
1307,HLA-DRB112:01,5235.57,ANZ78847,YVWLLICLAGV,1307,463.0
184,HLA-DRB112:01,5237.69,ANZ78847,GNHFKELWHMD,184,464.0
369,HLA-DRB112:01,5246.11,ANZ78847,FNMSSLMSFIQ,369,465.0
905,HLA-DRB112:01,5278.45,ANZ78847,CSKASSRSAIE,905,466.0
100,HLA-DRB112:01,5285.08,ANZ78847,SDFINGIFAKV,100,467.0
132,HLA-DRB112:01,5325.99,ANZ78847,STFVNTSYSVV,132,468.0
831,HLA-DRB112:01,5366.32,ANZ78847,DYAACKSQLVE,831,469.0
195,HLA-DRB112:01,5371.83,ANZ78847,TGVVSCLYKRN,195,470.0
726,HLA-DRB112:01,5387.86,ANZ78847,DSYLGCVVNAY,726,471.0
729,HLA-DRB112:01,5418.07,ANZ78847,LGCVVNAYNST,729,472.0
947,HLA-DRB112:01,5438.71,ANZ78847,CVQSYKGIKVL,947,473.0
1023,HLA-DRB112:01,5454.44,ANZ78847,LDAIQEGFDAT,1023,474.0
326,HLA-DRB112:01,5456.65,ANZ78847,VQPIADVYRRK,326,475.0
830,HLA-DRB112:01,5457.76,ANZ78847,GDYAACKSQLV,830,476.0
743,HLA-DRB112:01,5462.13,ANZ78847,VQTCDLTVGSG,743,477.0
249,HLA-DRB112:01,5465.42,ANZ78847,LSHYYVMPLTC,249,478.0
675,HLA-DRB112:01,5469.72,ANZ78847,RTFMIRSCYSG,675,479.0
1030,HLA-DRB112:01,5475.93,ANZ78847,FDATNSALVKI,1030,480.0
1290,HLA-DRB112:01,5487.88,ANZ78847,INLKDIGTYEY,1290,481.0
77,HLA-DRB112:01,5495.13,ANZ78847,TYRNMALKGTD,77,482.0
1084,HLA-DRB112:01,5497.36,ANZ78847,QIDRLINGRLT,1084,483.0
804,HLA-DRB112:01,5498.37,ANZ78847,FTIGNMEEFIQ,804,484.0
137,HLA-DRB112:01,5527.73,ANZ78847,TSYSVVVQPRT,137,485.0
722,HLA-DRB112:01,5527.77,ANZ78847,INYFDSYLGCV,722,486.0
736,HLA-DRB112:01,5539.05,ANZ78847,YNSTAISVQTC,736,487.0
240,HLA-DRB112:01,5542.41,ANZ78847,LFNVYLGMALS,240,488.0
945,HLA-DRB112:01,5549.49,ANZ78847,LICVQSYKGIK,945,489.0
1101,HLA-DRB112:01,5550.78,ANZ78847,SQQLSDSTLVK,1101,490.0
282,HLA-DRB112:01,5580.15,ANZ78847,LLAFNQDGIIF,282,491.0
1177,HLA-DRB112:01,5587.8,ANZ78847,GDRGIAPKSGY,1177,492.0
892,HLA-DRB112:01,5594.96,ANZ78847,INFSSVLGCLG,892,493.0
660,HLA-DRB112:01,5609.08,ANZ78847,DSNGNLYGFRD,660,494.0
54,HLA-DRB112:01,5609.47,ANZ78847,YVLDRVYLNTT,54,495.0
1124,HLA-DRB112:01,5613.58,ANZ78847,CVKSQSSRINF,1124,496.0
861,HLA-DRB112:01,5617.14,ANZ78847,DTTQLQVANSL,861,497.0
198,HLA-DRB112:01,5618.19,ANZ78847,VSCLYKRNFTY,198,498.0
490,HLA-DRB112:01,5618.51,ANZ78847,CFKAPKNFCPC,490,499.0
874,HLA-DRB112:01,5619.68,ANZ78847,GVTLSTKLKDG,874,500.0
319,HLA-DRB112:01,5633.91,ANZ78847,YELNGYTVQPI,319,501.0
815,HLA-DRB112:01,5644.74,ANZ78847,TSSPKVTIDCA,815,502.0
1073,HLA-DRB112:01,5664.44,ANZ78847,LSRLDALEAEA,1073,503.0
629,HLA-DRB112:01,5665.3,ANZ78847,CVNYDLYGISG,629,504.0
546,HLA-DRB112:01,5671.34,ANZ78847,KCPQSKSLVGI,546,505.0
640,HLA-DRB112:01,5680.94,ANZ78847,QGIFVEVNATY,640,506.0
797,HLA-DRB112:01,5685.53,ANZ78847,EIQIPSDFTIG,797,507.0
909,HLA-DRB112:01,5700.37,ANZ78847,SSRSAIEDLLF,909,508.0
305,HLA-DRB112:01,5707.41,ANZ78847,IKCKTQSIAPP,305,509.0
971,HLA-DRB112:01,5728.17,ANZ78847,LAATSASLFPP,971,510.0
1009,HLA-DRB112:01,5730.81,ANZ78847,SQNQKLIANAF,1009,511.0
876,HLA-DRB112:01,5740.75,ANZ78847,TLSTKLKDGVN,876,512.0
594,HLA-DRB112:01,5745.14,ANZ78847,DKCNIFANLIL,594,513.0
963,HLA-DRB112:01,5748.1,ANZ78847,ENQISGYTLAA,963,514.0
1261,HLA-DRB112:01,5776.89,ANZ78847,LDYINVTFLDL,1261,515.0
1326,HLA-DRB112:01,5784.63,ANZ78847,ICCCTGCGTSC,1326,516.0
723,HLA-DRB112:01,5802.25,ANZ78847,NYFDSYLGCVV,723,517.0
1262,HLA-DRB112:01,5804.15,ANZ78847,DYINVTFLDLQ,1262,518.0
301,HLA-DRB112:01,5811.03,ANZ78847,FMSEIKCKTQS,301,519.0
96,HLA-DRB112:01,5837.31,ANZ78847,PPFLSDFINGI,96,520.0
983,HLA-DRB112:01,5839.18,ANZ78847,TAAAGVPFYLN,983,521.0
93,HLA-DRB112:01,5865.97,ANZ78847,WFKPPFLSDFI,93,522.0
805,HLA-DRB112:01,5867.47,ANZ78847,TIGNMEEFIQT,805,523.0
479,HLA-DRB112:01,5892.46,ANZ78847,LTNHDVVYAQH,479,524.0
1114,HLA-DRB112:01,5920.68,ANZ78847,AAQAMEKVNEC,1114,525.0
1337,HLA-DRB112:01,5927.72,ANZ78847,FKKCGGCCDDY,1337,526.0
1106,HLA-DRB112:01,5936.27,ANZ78847,DSTLVKFSAAQ,1106,527.0
839,HLA-DRB112:01,5953.86,ANZ78847,LVEYGSFCDNI,839,528.0
593,HLA-DRB112:01,5982.61,ANZ78847,GDKCNIFANLI,593,529.0
1015,HLA-DRB112:01,6034.08,ANZ78847,IANAFNNALDA,1015,530.0
938,HLA-DRB112:01,6034.15,ANZ78847,GGAEIRDLICV,938,531.0
552,HLA-DRB112:01,6049.09,ANZ78847,SLVGIGEHCSG,552,532.0
394,HLA-DRB112:01,6050.0,ANZ78847,YGMCFSSITID,394,533.0
1328,HLA-DRB112:01,6084.62,ANZ78847,CCTGCGTSCFK,1328,534.0
304,HLA-DRB112:01,6103.43,ANZ78847,EIKCKTQSIAP,304,535.0
996,HLA-DRB112:01,6113.22,ANZ78847,YRINGLGVTMD,996,536.0
692,HLA-DRB112:01,6118.86,ANZ78847,HANSSEPALLF,692,537.0
665,HLA-DRB112:01,6165.36,ANZ78847,LYGFRDYLTNR,665,538.0
865,HLA-DRB112:01,6213.6,ANZ78847,LQVANSLMNGV,865,539.0
921,HLA-DRB112:01,6221.85,ANZ78847,KVKLSDVGFVA,921,540.0
181,HLA-DRB112:01,6223.25,ANZ78847,PNLGNHFKELW,181,541.0
877,HLA-DRB112:01,6227.58,ANZ78847,LSTKLKDGVNF,877,542.0
950,HLA-DRB112:01,6238.54,ANZ78847,SYKGIKVLPPL,950,543.0
922,HLA-DRB112:01,6238.64,ANZ78847,VKLSDVGFVAA,922,544.0
222,HLA-DRB112:01,6261.83,ANZ78847,EGGTFYAYFTD,222,545.0
57,HLA-DRB112:01,6284.94,ANZ78847,DRVYLNTTLFL,57,546.0
1167,HLA-DRB112:01,6287.01,ANZ78847,AKVSPGLCIAG,1167,547.0
256,HLA-DRB112:01,6293.55,ANZ78847,PLTCISRRNIG,256,548.0
1349,HLA-DRB112:01,6300.7,ANZ78847,GYQELVIKTSH,1349,549.0
927,HLA-DRB112:01,6314.37,ANZ78847,VGFVAAYNNCT,927,550.0
150,HLA-DRB112:01,6314.74,ANZ78847,STQDGVNKLQG,150,551.0
558,HLA-DRB112:01,6321.31,ANZ78847,EHCSGLAVKSD,558,552.0
1283,HLA-DRB112:01,6324.68,ANZ78847,KVLNQSYINLK,1283,553.0
81,HLA-DRB112:01,6334.11,ANZ78847,MALKGTDKLST,81,554.0
860,HLA-DRB112:01,6334.95,ANZ78847,LDTTQLQVANS,860,555.0
1180,HLA-DRB112:01,6339.57,ANZ78847,GIAPKSGYFVN,1180,556.0
641,HLA-DRB112:01,6393.31,ANZ78847,GIFVEVNATYY,641,557.0
102,HLA-DRB112:01,6407.88,ANZ78847,FINGIFAKVKN,102,558.0
316,HLA-DRB112:01,6426.32,ANZ78847,TGVYELNGYTV,316,559.0
1230,HLA-DRB112:01,6429.42,ANZ78847,MLNTSIPNLPD,1230,560.0
322,HLA-DRB112:01,6463.97,ANZ78847,NGYTVQPIADV,322,561.0
1228,HLA-DRB112:01,6481.82,ANZ78847,YVMLNTSIPNL,1228,562.0
825,HLA-DRB112:01,6485.8,ANZ78847,AAFVCGDYAAC,825,563.0
298,HLA-DRB112:01,6491.42,ANZ78847,MSDFMSEIKCK,298,564.0
498,HLA-DRB112:01,6496.31,ANZ78847,CPCKSNSSLCV,498,565.0
340,HLA-DRB112:01,6504.61,ANZ78847,PNCNIEAWLND,340,566.0
59,HLA-DRB112:01,6508.1,ANZ78847,VYLNTTLFLNG,59,567.0
1159,HLA-DRB112:01,6538.67,ANZ78847,YVPTKYVTAKV,1159,568.0
406,HLA-DRB112:01,6551.6,ANZ78847,FAIPNGRKVDL,406,569.0
88,HLA-DRB112:01,6566.89,ANZ78847,KLSTLWFKPPF,88,570.0
1299,HLA-DRB112:01,6568.06,ANZ78847,EYYVKWPWYVW,1299,571.0
697,HLA-DRB112:01,6573.01,ANZ78847,EPALLFRNIKC,697,572.0
869,HLA-DRB112:01,6573.74,ANZ78847,NSLMNGVTLST,869,573.0
813,HLA-DRB112:01,6577.09,ANZ78847,IQTSSPKVTID,813,574.0
213,HLA-DRB112:01,6578.3,ANZ78847,TYLYFHFYQEG,213,575.0
631,HLA-DRB112:01,6580.63,ANZ78847,NYDLYGISGQG,631,576.0
160,HLA-DRB112:01,6581.79,ANZ78847,GLLEVSVCQYN,160,577.0
848,HLA-DRB112:01,6586.84,ANZ78847,NINAILTEVNE,848,578.0
218,HLA-DRB112:01,6591.34,ANZ78847,HFYQEGGTFYA,218,579.0
556,HLA-DRB112:01,6617.81,ANZ78847,IGEHCSGLAVK,556,580.0
67,HLA-DRB112:01,6630.5,ANZ78847,LNGYYPTSGST,67,581.0
178,HLA-DRB112:01,6631.7,ANZ78847,ICHPNLGNHFK,178,582.0
1086,HLA-DRB112:01,6654.66,ANZ78847,DRLINGRLTAL,1086,583.0
802,HLA-DRB112:01,6699.19,ANZ78847,SDFTIGNMEEF,802,584.0
859,HLA-DRB112:01,6704.19,ANZ78847,LLDTTQLQVAN,859,585.0
698,HLA-DRB112:01,6706.93,ANZ78847,PALLFRNIKCN,698,586.0
123,HLA-DRB112:01,6712.42,ANZ78847,SEFPAITIGST,123,587.0
1126,HLA-DRB112:01,6722.34,ANZ78847,KSQSSRINFCG,1126,588.0
940,HLA-DRB112:01,6724.0,ANZ78847,AEIRDLICVQS,940,589.0
1273,HLA-DRB112:01,6730.02,ANZ78847,VEMNRLQEAIK,1273,590.0
823,HLA-DRB112:01,6771.9,ANZ78847,DCAAFVCGDYA,823,591.0
985,HLA-DRB112:01,6776.94,ANZ78847,AAGVPFYLNVQ,985,592.0
553,HLA-DRB112:01,6780.63,ANZ78847,LVGIGEHCSGL,553,593.0
457,HLA-DRB112:01,6793.2,ANZ78847,STWNKRFGFIE,457,594.0
474,HLA-DRB112:01,6794.28,ANZ78847,QPAGVLTNHDV,474,595.0
317,HLA-DRB112:01,6802.66,ANZ78847,GVYELNGYTVQ,317,596.0
1306,HLA-DRB112:01,6815.41,ANZ78847,WYVWLLICLAG,1306,597.0
1252,HLA-DRB112:01,6821.94,ANZ78847,QTSVAPDLALD,1252,598.0
1259,HLA-DRB112:01,6826.57,ANZ78847,LALDYINVTFL,1259,599.0
1007,HLA-DRB112:01,6840.1,ANZ78847,VLSQNQKLIAN,1007,600.0
134,HLA-DRB112:01,6882.87,ANZ78847,FVNTSYSVVVQ,134,601.0
300,HLA-DRB112:01,6894.03,ANZ78847,DFMSEIKCKTQ,300,602.0
873,HLA-DRB112:01,6912.21,ANZ78847,NGVTLSTKLKD,873,603.0
10,HLA-DRB112:01,6927.54,ANZ78847,TAFAVIGDLKC,10,604.0
229,HLA-DRB112:01,7052.89,ANZ78847,YFTDTGVVTKF,229,605.0
1302,HLA-DRB112:01,7054.48,ANZ78847,VKWPWYVWLLI,1302,606.0
820,HLA-DRB112:01,7056.93,ANZ78847,VTIDCAAFVCG,820,607.0
22,HLA-DRB112:01,7056.94,ANZ78847,LDSRTGSLNNI,22,608.0
678,HLA-DRB112:01,7079.16,ANZ78847,MIRSCYSGRVS,678,609.0
465,HLA-DRB112:01,7099.4,ANZ78847,FIEDSVFKPQP,465,610.0
444,HLA-DRB112:01,7105.49,ANZ78847,LPAANVSVSRF,444,611.0
1075,HLA-DRB112:01,7118.13,ANZ78847,RLDALEAEAQI,1075,612.0
372,HLA-DRB112:01,7130.31,ANZ78847,SSLMSFIQADS,372,613.0
285,HLA-DRB112:01,7130.7,ANZ78847,FNQDGIIFNAV,285,614.0
1255,HLA-DRB112:01,7143.35,ANZ78847,VAPDLALDYIN,1255,615.0
4,HLA-DRB112:01,7153.87,ANZ78847,LLISLPTAFAV,4,616.0
9,HLA-DRB112:01,7187.98,ANZ78847,PTAFAVIGDLK,9,617.0
595,HLA-DRB112:01,7195.98,ANZ78847,KCNIFANLILH,595,618.0
461,HLA-DRB112:01,7207.18,ANZ78847,KRFGFIEDSVF,461,619.0
829,HLA-DRB112:01,7230.74,ANZ78847,CGDYAACKSQL,829,620.0
58,HLA-DRB112:01,7231.35,ANZ78847,RVYLNTTLFLN,58,621.0
1111,HLA-DRB112:01,7240.76,ANZ78847,KFSAAQAMEKV,1111,622.0
327,HLA-DRB112:01,7271.48,ANZ78847,QPIADVYRRKP,327,623.0
405,HLA-DRB112:01,7309.53,ANZ78847,KFAIPNGRKVD,405,624.0
343,HLA-DRB112:01,7313.81,ANZ78847,NIEAWLNDKSV,343,625.0
351,HLA-DRB112:01,7313.97,ANZ78847,KSVPSPLNWER,351,626.0
393,HLA-DRB112:01,7320.91,ANZ78847,IYGMCFSSITI,393,627.0
265,HLA-DRB112:01,7321.11,ANZ78847,IGFTLEYWVTP,265,628.0
1274,HLA-DRB112:01,7335.15,ANZ78847,EMNRLQEAIKV,1274,629.0
1095,HLA-DRB112:01,7367.02,ANZ78847,ALNAYVSQQLS,1095,630.0
501,HLA-DRB112:01,7369.64,ANZ78847,KSNSSLCVGSG,501,631.0
148,HLA-DRB112:01,7386.99,ANZ78847,INSTQDGVNKL,148,632.0
1136,HLA-DRB112:01,7404.65,ANZ78847,GNGNHIISLVQ,1136,633.0
177,HLA-DRB112:01,7421.61,ANZ78847,TICHPNLGNHF,177,634.0
1039,HLA-DRB112:01,7437.44,ANZ78847,KIQAVVNANAE,1039,635.0
681,HLA-DRB112:01,7464.07,ANZ78847,SCYSGRVSAAF,681,636.0
620,HLA-DRB112:01,7510.36,ANZ78847,ANTDIKLGVCV,620,637.0
638,HLA-DRB112:01,7512.87,ANZ78847,SGQGIFVEVNA,638,638.0
141,HLA-DRB112:01,7522.36,ANZ78847,VVVQPRTINST,141,639.0
713,HLA-DRB112:01,7548.64,ANZ78847,NSLTRQLQPIN,713,640.0
128,HLA-DRB112:01,7596.03,ANZ78847,ITIGSTFVNTS,128,641.0
674,HLA-DRB112:01,7598.69,ANZ78847,NRTFMIRSCYS,674,642.0
69,HLA-DRB112:01,7611.22,ANZ78847,GYYPTSGSTYR,69,643.0
711,HLA-DRB112:01,7629.14,ANZ78847,FNNSLTRQLQP,711,644.0
1002,HLA-DRB112:01,7634.57,ANZ78847,GVTMDVLSQNQ,1002,645.0
702,HLA-DRB112:01,7634.98,ANZ78847,FRNIKCNYVFN,702,646.0
338,HLA-DRB112:01,7635.11,ANZ78847,DLPNCNIEAWL,338,647.0
993,HLA-DRB112:01,7648.75,ANZ78847,NVQYRINGLGV,993,648.0
1001,HLA-DRB112:01,7653.13,ANZ78847,LGVTMDVLSQN,1001,649.0
990,HLA-DRB112:01,7662.11,ANZ78847,FYLNVQYRING,990,650.0
1116,HLA-DRB112:01,7671.76,ANZ78847,QAMEKVNECVK,1116,651.0
1188,HLA-DRB112:01,7683.93,ANZ78847,FVNVNNTWMYT,1188,652.0
179,HLA-DRB112:01,7766.19,ANZ78847,CHPNLGNHFKE,179,653.0
171,HLA-DRB112:01,7785.22,ANZ78847,MCEYPHTICHP,171,654.0
721,HLA-DRB112:01,7787.78,ANZ78847,PINYFDSYLGC,721,655.0
710,HLA-DRB112:01,7829.47,ANZ78847,VFNNSLTRQLQ,710,656.0
231,HLA-DRB112:01,7831.78,ANZ78847,TDTGVVTKFLF,231,657.0
980,HLA-DRB112:01,7847.62,ANZ78847,PPWTAAAGVPF,980,658.0
588,HLA-DRB112:01,7854.06,ANZ78847,DSCLQGDKCNI,588,659.0
109,HLA-DRB112:01,7895.65,ANZ78847,KVKNTKVFKDG,109,660.0
679,HLA-DRB112:01,7947.25,ANZ78847,IRSCYSGRVSA,679,661.0
43,HLA-DRB112:01,7953.13,ANZ78847,TVDVTNGLGTY,43,662.0
1269,HLA-DRB112:01,7960.68,ANZ78847,LDLQVEMNRLQ,1269,663.0
1325,HLA-DRB112:01,7989.64,ANZ78847,FICCCTGCGTS,1325,664.0
111,HLA-DRB112:01,8016.74,ANZ78847,KNTKVFKDGVM,111,665.0
824,HLA-DRB112:01,8021.08,ANZ78847,CAAFVCGDYAA,824,666.0
853,HLA-DRB112:01,8046.77,ANZ78847,LTEVNELLDTT,853,667.0
614,HLA-DRB112:01,8059.42,ANZ78847,STDLQKANTDI,614,668.0
320,HLA-DRB112:01,8080.22,ANZ78847,ELNGYTVQPIA,320,669.0
962,HLA-DRB112:01,8084.23,ANZ78847,SENQISGYTLA,962,670.0
1135,HLA-DRB112:01,8099.39,ANZ78847,CGNGNHIISLV,1135,671.0
745,HLA-DRB112:01,8103.58,ANZ78847,TCDLTVGSGYC,745,672.0
1158,HLA-DRB112:01,8107.7,ANZ78847,SYVPTKYVTAK,1158,673.0
919,HLA-DRB112:01,8115.42,ANZ78847,FDKVKLSDVGF,919,674.0
866,HLA-DRB112:01,8141.33,ANZ78847,QVANSLMNGVT,866,675.0
223,HLA-DRB112:01,8143.09,ANZ78847,GGTFYAYFTDT,223,676.0
1217,HLA-DRB112:01,8152.6,ANZ78847,STCAVNYTKAP,1217,677.0
458,HLA-DRB112:01,8154.96,ANZ78847,TWNKRFGFIED,458,678.0
1000,HLA-DRB112:01,8165.41,ANZ78847,GLGVTMDVLSQ,1000,679.0
1162,HLA-DRB112:01,8173.95,ANZ78847,TKYVTAKVSPG,1162,680.0
881,HLA-DRB112:01,8221.78,ANZ78847,LKDGVNFNVDD,881,681.0
863,HLA-DRB112:01,8244.22,ANZ78847,TQLQVANSLMN,863,682.0
973,HLA-DRB112:01,8246.96,ANZ78847,ATSASLFPPWT,973,683.0
1189,HLA-DRB112:01,8256.99,ANZ78847,VNVNNTWMYTG,1189,684.0
544,HLA-DRB112:01,8285.9,ANZ78847,PYKCPQSKSLV,544,685.0
1193,HLA-DRB112:01,8287.27,ANZ78847,NTWMYTGSGYY,1193,686.0
555,HLA-DRB112:01,8353.09,ANZ78847,GIGEHCSGLAV,555,687.0
846,HLA-DRB112:01,8376.94,ANZ78847,CDNINAILTEV,846,688.0
84,HLA-DRB112:01,8392.95,ANZ78847,KGTDKLSTLWF,84,689.0
893,HLA-DRB112:01,8396.41,ANZ78847,NFSSVLGCLGS,893,690.0
850,HLA-DRB112:01,8397.98,ANZ78847,NAILTEVNELL,850,691.0
1163,HLA-DRB112:01,8455.08,ANZ78847,KYVTAKVSPGL,1163,692.0
487,HLA-DRB112:01,8462.89,ANZ78847,AQHCFKAPKNF,487,693.0
926,HLA-DRB112:01,8485.59,ANZ78847,DVGFVAAYNNC,926,694.0
663,HLA-DRB112:01,8494.21,ANZ78847,GNLYGFRDYLT,663,695.0
799,HLA-DRB112:01,8518.83,ANZ78847,QIPSDFTIGNM,799,696.0
315,HLA-DRB112:01,8562.49,ANZ78847,PTGVYELNGYT,315,697.0
1198,HLA-DRB112:01,8568.45,ANZ78847,TGSGYYYPEPI,1198,698.0
1047,HLA-DRB112:01,8603.91,ANZ78847,NAEALNNLLQQ,1047,699.0
350,HLA-DRB112:01,8614.1,ANZ78847,DKSVPSPLNWE,350,700.0
668,HLA-DRB112:01,8615.46,ANZ78847,FRDYLTNRTFM,668,701.0
284,HLA-DRB112:01,8633.9,ANZ78847,AFNQDGIIFNA,284,702.0
200,HLA-DRB112:01,8651.34,ANZ78847,CLYKRNFTYDV,200,703.0
958,HLA-DRB112:01,8662.1,ANZ78847,PPLLSENQISG,958,704.0
99,HLA-DRB112:01,8687.56,ANZ78847,LSDFINGIFAK,99,705.0
1300,HLA-DRB112:01,8693.51,ANZ78847,YYVKWPWYVWL,1300,706.0
1164,HLA-DRB112:01,8694.36,ANZ78847,YVTAKVSPGLC,1164,707.0
551,HLA-DRB112:01,8697.71,ANZ78847,KSLVGIGEHCS,551,708.0
580,HLA-DRB112:01,8697.94,ANZ78847,QAFLGWSADSC,580,709.0
1297,HLA-DRB112:01,8698.39,ANZ78847,TYEYYVKWPWY,1297,710.0
97,HLA-DRB112:01,8714.4,ANZ78847,PFLSDFINGIF,97,711.0
989,HLA-DRB112:01,8729.76,ANZ78847,PFYLNVQYRIN,989,712.0
1251,HLA-DRB112:01,8747.75,ANZ78847,NQTSVAPDLAL,1251,713.0
725,HLA-DRB112:01,8760.45,ANZ78847,FDSYLGCVVNA,725,714.0
361,HLA-DRB112:01,8762.68,ANZ78847,RKTFSNCNFNM,361,715.0
173,HLA-DRB112:01,8774.99,ANZ78847,EYPHTICHPNL,173,716.0
1303,HLA-DRB112:01,8791.92,ANZ78847,KWPWYVWLLIC,1303,717.0
339,HLA-DRB112:01,8799.8,ANZ78847,LPNCNIEAWLN,339,718.0
1222,HLA-DRB112:01,8812.51,ANZ78847,NYTKAPYVMLN,1222,719.0
38,HLA-DRB112:01,8820.82,ANZ78847,SISTATVDVTN,38,720.0
314,HLA-DRB112:01,8864.24,ANZ78847,PPTGVYELNGY,314,721.0
499,HLA-DRB112:01,8878.79,ANZ78847,PCKSNSSLCVG,499,722.0
166,HLA-DRB112:01,8892.41,ANZ78847,VCQYNMCEYPH,166,723.0
527,HLA-DRB112:01,8913.06,ANZ78847,YLTCHNLCNPD,527,724.0
1169,HLA-DRB112:01,8956.76,ANZ78847,VSPGLCIAGDR,1169,725.0
696,HLA-DRB112:01,8958.44,ANZ78847,SEPALLFRNIK,696,726.0
955,HLA-DRB112:01,8962.18,ANZ78847,KVLPPLLSENQ,955,727.0
605,HLA-DRB112:01,9017.2,ANZ78847,HDVNSGLTCST,605,728.0
83,HLA-DRB112:01,9038.59,ANZ78847,LKGTDKLSTLW,83,729.0
110,HLA-DRB112:01,9050.5,ANZ78847,VKNTKVFKDGV,110,730.0
241,HLA-DRB112:01,9070.77,ANZ78847,FNVYLGMALSH,241,731.0
1100,HLA-DRB112:01,9079.06,ANZ78847,VSQQLSDSTLV,1100,732.0
383,HLA-DRB112:01,9083.2,ANZ78847,FTCNNIDAAKI,383,733.0
485,HLA-DRB112:01,9114.39,ANZ78847,VYAQHCFKAPK,485,734.0
617,HLA-DRB112:01,9126.16,ANZ78847,LQKANTDIKLG,617,735.0
1308,HLA-DRB112:01,9129.63,ANZ78847,VWLLICLAGVA,1308,736.0
152,HLA-DRB112:01,9150.19,ANZ78847,QDGVNKLQGLL,152,737.0
1017,HLA-DRB112:01,9162.34,ANZ78847,NAFNNALDAIQ,1017,738.0
1085,HLA-DRB112:01,9171.36,ANZ78847,IDRLINGRLTA,1085,739.0
65,HLA-DRB112:01,9171.52,ANZ78847,LFLNGYYPTSG,65,740.0
113,HLA-DRB112:01,9180.33,ANZ78847,TKVFKDGVMYS,113,741.0
1340,HLA-DRB112:01,9182.33,ANZ78847,CGGCCDDYTGY,1340,742.0
433,HLA-DRB112:01,9188.03,ANZ78847,TTATSCQLYYN,433,743.0
1003,HLA-DRB112:01,9221.4,ANZ78847,VTMDVLSQNQK,1003,744.0
169,HLA-DRB112:01,9247.39,ANZ78847,YNMCEYPHTIC,169,745.0
142,HLA-DRB112:01,9249.74,ANZ78847,VVQPRTINSTQ,142,746.0
574,HLA-DRB112:01,9260.45,ANZ78847,PCTCQPQAFLG,574,747.0
1076,HLA-DRB112:01,9262.85,ANZ78847,LDALEAEAQID,1076,748.0
1155,HLA-DRB112:01,9270.93,ANZ78847,IHFSYVPTKYV,1155,749.0
138,HLA-DRB112:01,9301.53,ANZ78847,SYSVVVQPRTI,138,750.0
52,HLA-DRB112:01,9332.41,ANZ78847,TYYVLDRVYLN,52,751.0
589,HLA-DRB112:01,9339.43,ANZ78847,SCLQGDKCNIF,589,752.0
287,HLA-DRB112:01,9376.45,ANZ78847,QDGIIFNAVDC,287,753.0
610,HLA-DRB112:01,9380.15,ANZ78847,GLTCSTDLQKA,610,754.0
562,HLA-DRB112:01,9403.17,ANZ78847,GLAVKSDYCGG,562,755.0
328,HLA-DRB112:01,9406.65,ANZ78847,PIADVYRRKPD,328,756.0
1081,HLA-DRB112:01,9433.39,ANZ78847,AEAQIDRLING,1081,757.0
1294,HLA-DRB112:01,9436.81,ANZ78847,DIGTYEYYVKW,1294,758.0
332,HLA-DRB112:01,9461.03,ANZ78847,VYRRKPDLPNC,332,759.0
1257,HLA-DRB112:01,9472.69,ANZ78847,PDLALDYINVT,1257,760.0
1317,HLA-DRB112:01,9484.92,ANZ78847,VAMLVLLFFIC,1317,761.0
749,HLA-DRB112:01,9488.7,ANZ78847,TVGSGYCVDYS,749,762.0
143,HLA-DRB112:01,9499.75,ANZ78847,VQPRTINSTQD,143,763.0
470,HLA-DRB112:01,9500.4,ANZ78847,VFKPQPAGVLT,470,764.0
1256,HLA-DRB112:01,9503.52,ANZ78847,APDLALDYINV,1256,765.0
131,HLA-DRB112:01,9533.87,ANZ78847,GSTFVNTSYSV,131,766.0
227,HLA-DRB112:01,9534.47,ANZ78847,YAYFTDTGVVT,227,767.0
545,HLA-DRB112:01,9559.96,ANZ78847,YKCPQSKSLVG,545,768.0
378,HLA-DRB112:01,9562.83,ANZ78847,IQADSFTCNNI,378,769.0
742,HLA-DRB112:01,9562.88,ANZ78847,SVQTCDLTVGS,742,770.0
290,HLA-DRB112:01,9651.46,ANZ78847,IIFNAVDCMSD,290,771.0
918,HLA-DRB112:01,9682.61,ANZ78847,LFDKVKLSDVG,918,772.0
769,HLA-DRB112:01,9701.95,ANZ78847,TTGYRFTNFEP,769,773.0
845,HLA-DRB112:01,9702.15,ANZ78847,FCDNINAILTE,845,774.0
662,HLA-DRB112:01,9702.32,ANZ78847,NGNLYGFRDYL,662,775.0
737,HLA-DRB112:01,9719.29,ANZ78847,NSTAISVQTCD,737,776.0
1115,HLA-DRB112:01,9724.42,ANZ78847,AQAMEKVNECV,1115,777.0
991,HLA-DRB112:01,9749.76,ANZ78847,YLNVQYRINGL,991,778.0
1199,HLA-DRB112:01,9758.36,ANZ78847,GSGYYYPEPIT,1199,779.0
693,HLA-DRB112:01,9766.34,ANZ78847,ANSSEPALLFR,693,780.0
366,HLA-DRB112:01,9810.53,ANZ78847,NCNFNMSSLMS,366,781.0
119,HLA-DRB112:01,9824.43,ANZ78847,GVMYSEFPAIT,119,782.0
68,HLA-DRB112:01,9827.76,ANZ78847,NGYYPTSGSTY,68,783.0
1161,HLA-DRB112:01,9834.6,ANZ78847,PTKYVTAKVSP,1161,784.0
430,HLA-DRB112:01,9918.92,ANZ78847,RIDTTATSCQL,430,785.0
707,HLA-DRB112:01,10006.05,ANZ78847,CNYVFNNSLTR,707,786.0
185,HLA-DRB112:01,10043.34,ANZ78847,NHFKELWHMDT,185,787.0
291,HLA-DRB112:01,10051.28,ANZ78847,IFNAVDCMSDF,291,788.0
180,HLA-DRB112:01,10053.86,ANZ78847,HPNLGNHFKEL,180,789.0
1110,HLA-DRB112:01,10066.43,ANZ78847,VKFSAAQAMEK,1110,790.0
116,HLA-DRB112:01,10083.5,ANZ78847,FKDGVMYSEFP,116,791.0
590,HLA-DRB112:01,10102.52,ANZ78847,CLQGDKCNIFA,590,792.0
462,HLA-DRB112:01,10102.97,ANZ78847,RFGFIEDSVFK,462,793.0
168,HLA-DRB112:01,10109.72,ANZ78847,QYNMCEYPHTI,168,794.0
880,HLA-DRB112:01,10118.16,ANZ78847,KLKDGVNFNVD,880,795.0
1276,HLA-DRB112:01,10127.49,ANZ78847,NRLQEAIKVLN,1276,796.0
734,HLA-DRB112:01,10134.48,ANZ78847,NAYNSTAISVQ,734,797.0
972,HLA-DRB112:01,10142.54,ANZ78847,AATSASLFPPW,972,798.0
1229,HLA-DRB112:01,10236.03,ANZ78847,VMLNTSIPNLP,1229,799.0
992,HLA-DRB112:01,10239.47,ANZ78847,LNVQYRINGLG,992,800.0
939,HLA-DRB112:01,10262.05,ANZ78847,GAEIRDLICVQ,939,801.0
1121,HLA-DRB112:01,10301.33,ANZ78847,VNECVKSQSSR,1121,802.0
453,HLA-DRB112:01,10308.41,ANZ78847,RFNPSTWNKRF,453,803.0
89,HLA-DRB112:01,10316.11,ANZ78847,LSTLWFKPPFL,89,804.0
891,HLA-DRB112:01,10331.71,ANZ78847,DINFSSVLGCL,891,805.0
294,HLA-DRB112:01,10354.65,ANZ78847,AVDCMSDFMSE,294,806.0
118,HLA-DRB112:01,10355.24,ANZ78847,DGVMYSEFPAI,118,807.0
896,HLA-DRB112:01,10357.42,ANZ78847,SVLGCLGSECS,896,808.0
1304,HLA-DRB112:01,10379.47,ANZ78847,WPWYVWLLICL,1304,809.0
1232,HLA-DRB112:01,10390.97,ANZ78847,NTSIPNLPDFR,1232,810.0
937,HLA-DRB112:01,10400.95,ANZ78847,TGGAEIRDLIC,937,811.0
446,HLA-DRB112:01,10457.62,ANZ78847,AANVSVSRFNP,446,812.0
1099,HLA-DRB112:01,10472.32,ANZ78847,YVSQQLSDSTL,1099,813.0
308,HLA-DRB112:01,10480.58,ANZ78847,KTQSIAPPTGV,308,814.0
1127,HLA-DRB112:01,10494.52,ANZ78847,SQSSRINFCGN,1127,815.0
221,HLA-DRB112:01,10502.36,ANZ78847,QEGGTFYAYFT,221,816.0
1320,HLA-DRB112:01,10531.48,ANZ78847,LVLLFFICCCT,1320,817.0
572,HLA-DRB112:01,10544.91,ANZ78847,GNPCTCQPQAF,572,818.0
540,HLA-DRB112:01,10547.93,ANZ78847,TFTGPYKCPQS,540,819.0
694,HLA-DRB112:01,10585.19,ANZ78847,NSSEPALLFRN,694,820.0
520,HLA-DRB112:01,10594.4,ANZ78847,TCPAGTNYLTC,520,821.0
454,HLA-DRB112:01,10595.95,ANZ78847,FNPSTWNKRFG,454,822.0
835,HLA-DRB112:01,10651.69,ANZ78847,CKSQLVEYGSF,835,823.0
1087,HLA-DRB112:01,10687.03,ANZ78847,RLINGRLTALN,1087,824.0
359,HLA-DRB112:01,10698.28,ANZ78847,WERKTFSNCNF,359,825.0
79,HLA-DRB112:01,10714.3,ANZ78847,RNMALKGTDKL,79,826.0
1079,HLA-DRB112:01,10715.05,ANZ78847,LEAEAQIDRLI,1079,827.0
762,HLA-DRB112:01,10765.65,ANZ78847,RRSRRAITTGY,762,828.0
401,HLA-DRB112:01,10825.14,ANZ78847,ITIDKFAIPNG,401,829.0
86,HLA-DRB112:01,10845.88,ANZ78847,TDKLSTLWFKP,86,830.0
341,HLA-DRB112:01,10850.13,ANZ78847,NCNIEAWLNDK,341,831.0
136,HLA-DRB112:01,10870.37,ANZ78847,NTSYSVVVQPR,136,832.0
473,HLA-DRB112:01,10877.15,ANZ78847,PQPAGVLTNHD,473,833.0
1219,HLA-DRB112:01,10884.42,ANZ78847,CAVNYTKAPYV,1219,834.0
642,HLA-DRB112:01,10907.99,ANZ78847,IFVEVNATYYN,642,835.0
800,HLA-DRB112:01,10935.03,ANZ78847,IPSDFTIGNME,800,836.0
1233,HLA-DRB112:01,10955.52,ANZ78847,TSIPNLPDFRE,1233,837.0
770,HLA-DRB112:01,10978.48,ANZ78847,TGYRFTNFEPF,770,838.0
549,HLA-DRB112:01,10984.45,ANZ78847,QSKSLVGIGEH,549,839.0
997,HLA-DRB112:01,11024.57,ANZ78847,RINGLGVTMDV,997,840.0
232,HLA-DRB112:01,11037.07,ANZ78847,DTGVVTKFLFN,232,841.0
353,HLA-DRB112:01,11070.72,ANZ78847,VPSPLNWERKT,353,842.0
537,HLA-DRB112:01,11096.62,ANZ78847,DPITFTGPYKC,537,843.0
669,HLA-DRB112:01,11120.45,ANZ78847,RDYLTNRTFMI,669,844.0
747,HLA-DRB112:01,11123.05,ANZ78847,DLTVGSGYCVD,747,845.0
352,HLA-DRB112:01,11134.53,ANZ78847,SVPSPLNWERK,352,846.0
621,HLA-DRB112:01,11152.62,ANZ78847,NTDIKLGVCVN,621,847.0
798,HLA-DRB112:01,11159.49,ANZ78847,IQIPSDFTIGN,798,848.0
728,HLA-DRB112:01,11165.18,ANZ78847,YLGCVVNAYNS,728,849.0
793,HLA-DRB112:01,11193.05,ANZ78847,GGLYEIQIPSD,793,850.0
36,HLA-DRB112:01,11195.94,ANZ78847,PPSISTATVDV,36,851.0
92,HLA-DRB112:01,11200.83,ANZ78847,LWFKPPFLSDF,92,852.0
409,HLA-DRB112:01,11210.72,ANZ78847,PNGRKVDLQLG,409,853.0
518,HLA-DRB112:01,11260.4,ANZ78847,IGTCPAGTNYL,518,854.0
782,HLA-DRB112:01,11269.04,ANZ78847,VNSVNDSLEPV,782,855.0
307,HLA-DRB112:01,11274.62,ANZ78847,CKTQSIAPPTG,307,856.0
1041,HLA-DRB112:01,11276.43,ANZ78847,QAVVNANAEAL,1041,857.0
214,HLA-DRB112:01,11305.71,ANZ78847,YLYFHFYQEGG,214,858.0
1078,HLA-DRB112:01,11305.98,ANZ78847,ALEAEAQIDRL,1078,859.0
806,HLA-DRB112:01,11328.98,ANZ78847,IGNMEEFIQTS,806,860.0
639,HLA-DRB112:01,11336.94,ANZ78847,GQGIFVEVNAT,639,861.0
606,HLA-DRB112:01,11361.46,ANZ78847,DVNSGLTCSTD,606,862.0
792,HLA-DRB112:01,11383.55,ANZ78847,VGGLYEIQIPS,792,863.0
448,HLA-DRB112:01,11383.95,ANZ78847,NVSVSRFNPST,448,864.0
425,HLA-DRB112:01,11397.53,ANZ78847,QSFNYRIDTTA,425,865.0
429,HLA-DRB112:01,11415.82,ANZ78847,YRIDTTATSCQ,429,866.0
842,HLA-DRB112:01,11473.1,ANZ78847,YGSFCDNINAI,842,867.0
561,HLA-DRB112:01,11517.05,ANZ78847,SGLAVKSDYCG,561,868.0
616,HLA-DRB112:01,11517.27,ANZ78847,DLQKANTDIKL,616,869.0
1050,HLA-DRB112:01,11538.26,ANZ78847,ALNNLLQQLSN,1050,870.0
463,HLA-DRB112:01,11570.37,ANZ78847,FGFIEDSVFKP,463,871.0
71,HLA-DRB112:01,11631.07,ANZ78847,YPTSGSTYRNM,71,872.0
455,HLA-DRB112:01,11679.32,ANZ78847,NPSTWNKRFGF,455,873.0
643,HLA-DRB112:01,11706.37,ANZ78847,FVEVNATYYNS,643,874.0
1154,HLA-DRB112:01,11717.62,ANZ78847,FIHFSYVPTKY,1154,875.0
380,HLA-DRB112:01,11740.25,ANZ78847,ADSFTCNNIDA,380,876.0
456,HLA-DRB112:01,11742.95,ANZ78847,PSTWNKRFGFI,456,877.0
656,HLA-DRB112:01,11766.62,ANZ78847,NLLYDSNGNLY,656,878.0
1051,HLA-DRB112:01,11776.74,ANZ78847,LNNLLQQLSNR,1051,879.0
407,HLA-DRB112:01,11782.08,ANZ78847,AIPNGRKVDLQ,407,880.0
965,HLA-DRB112:01,11828.37,ANZ78847,QISGYTLAATS,965,881.0
1258,HLA-DRB112:01,11852.23,ANZ78847,DLALDYINVTF,1258,882.0
1058,HLA-DRB112:01,11855.47,ANZ78847,LSNRFGAISSS,1058,883.0
1301,HLA-DRB112:01,11861.49,ANZ78847,YVKWPWYVWLL,1301,884.0
1323,HLA-DRB112:01,11885.86,ANZ78847,LFFICCCTGCG,1323,885.0
1240,HLA-DRB112:01,11908.46,ANZ78847,DFREELDQWFK,1240,886.0
599,HLA-DRB112:01,11912.7,ANZ78847,FANLILHDVNS,599,887.0
954,HLA-DRB112:01,11950.08,ANZ78847,IKVLPPLLSEN,954,888.0
810,HLA-DRB112:01,11951.5,ANZ78847,EEFIQTSSPKV,810,889.0
731,HLA-DRB112:01,11993.78,ANZ78847,CVVNAYNSTAI,731,890.0
145,HLA-DRB112:01,11995.39,ANZ78847,PRTINSTQDGV,145,891.0
609,HLA-DRB112:01,11996.86,ANZ78847,SGLTCSTDLQK,609,892.0
644,HLA-DRB112:01,12009.01,ANZ78847,VEVNATYYNSW,644,893.0
502,HLA-DRB112:01,12040.34,ANZ78847,SNSSLCVGSGP,502,894.0
1322,HLA-DRB112:01,12094.88,ANZ78847,LLFFICCCTGC,1322,895.0
607,HLA-DRB112:01,12105.74,ANZ78847,VNSGLTCSTDL,607,896.0
680,HLA-DRB112:01,12158.04,ANZ78847,RSCYSGRVSAA,680,897.0
469,HLA-DRB112:01,12170.33,ANZ78847,SVFKPQPAGVL,469,898.0
771,HLA-DRB112:01,12207.79,ANZ78847,GYRFTNFEPFT,771,899.0
920,HLA-DRB112:01,12219.69,ANZ78847,DKVKLSDVGFV,920,900.0
381,HLA-DRB112:01,12229.2,ANZ78847,DSFTCNNIDAA,381,901.0
1172,HLA-DRB112:01,12295.36,ANZ78847,GLCIAGDRGIA,1172,902.0
847,HLA-DRB112:01,12313.39,ANZ78847,DNINAILTEVN,847,903.0
306,HLA-DRB112:01,12340.05,ANZ78847,KCKTQSIAPPT,306,904.0
466,HLA-DRB112:01,12348.53,ANZ78847,IEDSVFKPQPA,466,905.0
1097,HLA-DRB112:01,12350.92,ANZ78847,NAYVSQQLSDS,1097,906.0
1192,HLA-DRB112:01,12351.84,ANZ78847,NNTWMYTGSGY,1192,907.0
87,HLA-DRB112:01,12396.47,ANZ78847,DKLSTLWFKPP,87,908.0
828,HLA-DRB112:01,12464.94,ANZ78847,VCGDYAACKSQ,828,909.0
1131,HLA-DRB112:01,12470.58,ANZ78847,RINFCGNGNHI,1131,910.0
402,HLA-DRB112:01,12553.1,ANZ78847,TIDKFAIPNGR,402,911.0
355,HLA-DRB112:01,12562.9,ANZ78847,SPLNWERKTFS,355,912.0
566,HLA-DRB112:01,12597.52,ANZ78847,KSDYCGGNPCT,566,913.0
1184,HLA-DRB112:01,12672.25,ANZ78847,KSGYFVNVNNT,1184,914.0
24,HLA-DRB112:01,12676.37,ANZ78847,SRTGSLNNIDT,24,915.0
23,HLA-DRB112:01,12688.84,ANZ78847,DSRTGSLNNID,23,916.0
968,HLA-DRB112:01,12689.9,ANZ78847,GYTLAATSASL,968,917.0
538,HLA-DRB112:01,12751.2,ANZ78847,PITFTGPYKCP,538,918.0
1060,HLA-DRB112:01,12766.84,ANZ78847,NRFGAISSSLQ,1060,919.0
1118,HLA-DRB112:01,12805.15,ANZ78847,MEKVNECVKSQ,1118,920.0
120,HLA-DRB112:01,12823.35,ANZ78847,VMYSEFPAITI,120,921.0
855,HLA-DRB112:01,12831.74,ANZ78847,EVNELLDTTQL,855,922.0
439,HLA-DRB112:01,12852.28,ANZ78847,QLYYNLPAANV,439,923.0
600,HLA-DRB112:01,12867.86,ANZ78847,ANLILHDVNSG,600,924.0
104,HLA-DRB112:01,12998.56,ANZ78847,NGIFAKVKNTK,104,925.0
269,HLA-DRB112:01,13008.65,ANZ78847,LEYWVTPLTSR,269,926.0
1112,HLA-DRB112:01,13083.1,ANZ78847,FSAAQAMEKVN,1112,927.0
395,HLA-DRB112:01,13098.34,ANZ78847,GMCFSSITIDK,395,928.0
286,HLA-DRB112:01,13103.28,ANZ78847,NQDGIIFNAVD,286,929.0
653,HLA-DRB112:01,13107.04,ANZ78847,SWQNLLYDSNG,653,930.0
283,HLA-DRB112:01,13131.53,ANZ78847,LAFNQDGIIFN,283,931.0
98,HLA-DRB112:01,13146.43,ANZ78847,FLSDFINGIFA,98,932.0
82,HLA-DRB112:01,13192.11,ANZ78847,ALKGTDKLSTL,82,933.0
554,HLA-DRB112:01,13226.12,ANZ78847,VGIGEHCSGLA,554,934.0
1128,HLA-DRB112:01,13229.34,ANZ78847,QSSRINFCGNG,1128,935.0
602,HLA-DRB112:01,13269.69,ANZ78847,LILHDVNSGLT,602,936.0
216,HLA-DRB112:01,13298.09,ANZ78847,YFHFYQEGGTF,216,937.0
480,HLA-DRB112:01,13313.11,ANZ78847,TNHDVVYAQHC,480,938.0
1332,HLA-DRB112:01,13315.12,ANZ78847,CGTSCFKKCGG,1332,939.0
648,HLA-DRB112:01,13341.77,ANZ78847,ATYYNSWQNLL,648,940.0
904,HLA-DRB112:01,13455.29,ANZ78847,ECSKASSRSAI,904,941.0
898,HLA-DRB112:01,13504.87,ANZ78847,LGCLGSECSKA,898,942.0
539,HLA-DRB112:01,13520.49,ANZ78847,ITFTGPYKCPQ,539,943.0
1344,HLA-DRB112:01,13555.57,ANZ78847,CDDYTGYQELV,1344,944.0
39,HLA-DRB112:01,13558.03,ANZ78847,ISTATVDVTNG,39,945.0
786,HLA-DRB112:01,13565.03,ANZ78847,NDSLEPVGGLY,786,946.0
151,HLA-DRB112:01,13584.36,ANZ78847,TQDGVNKLQGL,151,947.0
901,HLA-DRB112:01,13599.91,ANZ78847,LGSECSKASSR,901,948.0
296,HLA-DRB112:01,13620.51,ANZ78847,DCMSDFMSEIK,296,949.0
637,HLA-DRB112:01,13632.6,ANZ78847,ISGQGIFVEVN,637,950.0
500,HLA-DRB112:01,13645.31,ANZ78847,CKSNSSLCVGS,500,951.0
550,HLA-DRB112:01,13698.15,ANZ78847,SKSLVGIGEHC,550,952.0
1239,HLA-DRB112:01,13720.33,ANZ78847,PDFREELDQWF,1239,953.0
174,HLA-DRB112:01,13759.82,ANZ78847,YPHTICHPNLG,174,954.0
412,HLA-DRB112:01,13862.53,ANZ78847,RKVDLQLGNLG,412,955.0
295,HLA-DRB112:01,13883.59,ANZ78847,VDCMSDFMSEI,295,956.0
122,HLA-DRB112:01,13885.32,ANZ78847,YSEFPAITIGS,122,957.0
147,HLA-DRB112:01,13949.71,ANZ78847,TINSTQDGVNK,147,958.0
1338,HLA-DRB112:01,14013.31,ANZ78847,KKCGGCCDDYT,1338,959.0
56,HLA-DRB112:01,14015.05,ANZ78847,LDRVYLNTTLF,56,960.0
11,HLA-DRB112:01,14092.14,ANZ78847,AFAVIGDLKCP,11,961.0
489,HLA-DRB112:01,14100.15,ANZ78847,HCFKAPKNFCP,489,962.0
838,HLA-DRB112:01,14107.7,ANZ78847,QLVEYGSFCDN,838,963.0
691,HLA-DRB112:01,14116.74,ANZ78847,FHANSSEPALL,691,964.0
1113,HLA-DRB112:01,14125.75,ANZ78847,SAAQAMEKVNE,1113,965.0
1019,HLA-DRB112:01,14157.27,ANZ78847,FNNALDAIQEG,1019,966.0
727,HLA-DRB112:01,14194.77,ANZ78847,SYLGCVVNAYN,727,967.0
1160,HLA-DRB112:01,14238.58,ANZ78847,VPTKYVTAKVS,1160,968.0
1224,HLA-DRB112:01,14276.66,ANZ78847,TKAPYVMLNTS,1224,969.0
445,HLA-DRB112:01,14305.51,ANZ78847,PAANVSVSRFN,445,970.0
915,HLA-DRB112:01,14310.07,ANZ78847,EDLLFDKVKLS,915,971.0
91,HLA-DRB112:01,14333.84,ANZ78847,TLWFKPPFLSD,91,972.0
645,HLA-DRB112:01,14346.44,ANZ78847,EVNATYYNSWQ,645,973.0
1122,HLA-DRB112:01,14350.31,ANZ78847,NECVKSQSSRI,1122,974.0
1318,HLA-DRB112:01,14419.45,ANZ78847,AMLVLLFFICC,1318,975.0
117,HLA-DRB112:01,14426.14,ANZ78847,KDGVMYSEFPA,117,976.0
1119,HLA-DRB112:01,14506.72,ANZ78847,EKVNECVKSQS,1119,977.0
966,HLA-DRB112:01,14512.14,ANZ78847,ISGYTLAATSA,966,978.0
379,HLA-DRB112:01,14523.38,ANZ78847,QADSFTCNNID,379,979.0
78,HLA-DRB112:01,14534.08,ANZ78847,YRNMALKGTDK,78,980.0
1186,HLA-DRB112:01,14594.06,ANZ78847,GYFVNVNNTWM,1186,981.0
526,HLA-DRB112:01,14602.13,ANZ78847,NYLTCHNLCNP,526,982.0
15,HLA-DRB112:01,14651.63,ANZ78847,IGDLKCPLDSR,15,983.0
563,HLA-DRB112:01,14658.92,ANZ78847,LAVKSDYCGGN,563,984.0
579,HLA-DRB112:01,14694.61,ANZ78847,PQAFLGWSADS,579,985.0
1208,HLA-DRB112:01,14744.33,ANZ78847,ITENNVVVMST,1208,986.0
1035,HLA-DRB112:01,14795.2,ANZ78847,SALVKIQAVVN,1035,987.0
342,HLA-DRB112:01,14799.98,ANZ78847,CNIEAWLNDKS,342,988.0
202,HLA-DRB112:01,14812.58,ANZ78847,YKRNFTYDVNA,202,989.0
105,HLA-DRB112:01,14819.76,ANZ78847,GIFAKVKNTKV,105,990.0
999,HLA-DRB112:01,14833.23,ANZ78847,NGLGVTMDVLS,999,991.0
974,HLA-DRB112:01,14873.64,ANZ78847,TSASLFPPWTA,974,992.0
1234,HLA-DRB112:01,14900.87,ANZ78847,SIPNLPDFREE,1234,993.0
1010,HLA-DRB112:01,14928.29,ANZ78847,QNQKLIANAFN,1010,994.0
1206,HLA-DRB112:01,15046.74,ANZ78847,EPITENNVVVM,1206,995.0
652,HLA-DRB112:01,15052.45,ANZ78847,NSWQNLLYDSN,652,996.0
618,HLA-DRB112:01,15064.36,ANZ78847,QKANTDIKLGV,618,997.0
844,HLA-DRB112:01,15100.16,ANZ78847,SFCDNINAILT,844,998.0
603,HLA-DRB112:01,15136.19,ANZ78847,ILHDVNSGLTC,603,999.0
441,HLA-DRB112:01,15153.09,ANZ78847,YYNLPAANVSV,441,1000.0
929,HLA-DRB112:01,15169.74,ANZ78847,FVAAYNNCTGG,929,1001.0
1037,HLA-DRB112:01,15191.13,ANZ78847,LVKIQAVVNAN,1037,1002.0
826,HLA-DRB112:01,15297.0,ANZ78847,AFVCGDYAACK,826,1003.0
1218,HLA-DRB112:01,15300.72,ANZ78847,TCAVNYTKAPY,1218,1004.0
930,HLA-DRB112:01,15390.02,ANZ78847,VAAYNNCTGGA,930,1005.0
191,HLA-DRB112:01,15392.84,ANZ78847,WHMDTGVVSCL,191,1006.0
733,HLA-DRB112:01,15408.98,ANZ78847,VNAYNSTAISV,733,1007.0
517,HLA-DRB112:01,15550.71,ANZ78847,GIGTCPAGTNY,517,1008.0
1250,HLA-DRB112:01,15591.12,ANZ78847,KNQTSVAPDLA,1250,1009.0
763,HLA-DRB112:01,15614.77,ANZ78847,RSRRAITTGYR,763,1010.0
1267,HLA-DRB112:01,15632.22,ANZ78847,TFLDLQVEMNR,1267,1011.0
464,HLA-DRB112:01,15688.17,ANZ78847,GFIEDSVFKPQ,464,1012.0
1044,HLA-DRB112:01,15698.44,ANZ78847,VNANAEALNNL,1044,1013.0
924,HLA-DRB112:01,15702.16,ANZ78847,LSDVGFVAAYN,924,1014.0
354,HLA-DRB112:01,15728.26,ANZ78847,PSPLNWERKTF,354,1015.0
856,HLA-DRB112:01,15746.26,ANZ78847,VNELLDTTQLQ,856,1016.0
1117,HLA-DRB112:01,15748.64,ANZ78847,AMEKVNECVKS,1117,1017.0
1329,HLA-DRB112:01,15839.38,ANZ78847,CTGCGTSCFKK,1329,1018.0
503,HLA-DRB112:01,15842.23,ANZ78847,NSSLCVGSGPG,503,1019.0
1132,HLA-DRB112:01,15849.15,ANZ78847,INFCGNGNHII,1132,1020.0
1080,HLA-DRB112:01,15871.06,ANZ78847,EAEAQIDRLIN,1080,1021.0
752,HLA-DRB112:01,15873.84,ANZ78847,SGYCVDYSKNR,752,1022.0
297,HLA-DRB112:01,15876.1,ANZ78847,CMSDFMSEIKC,297,1023.0
312,HLA-DRB112:01,15919.55,ANZ78847,IAPPTGVYELN,312,1024.0
75,HLA-DRB112:01,15947.59,ANZ78847,GSTYRNMALKG,75,1025.0
612,HLA-DRB112:01,16003.35,ANZ78847,TCSTDLQKANT,612,1026.0
491,HLA-DRB112:01,16026.6,ANZ78847,FKAPKNFCPCK,491,1027.0
525,HLA-DRB112:01,16078.36,ANZ78847,TNYLTCHNLCN,525,1028.0
884,HLA-DRB112:01,16102.64,ANZ78847,GVNFNVDDINF,884,1029.0
895,HLA-DRB112:01,16175.42,ANZ78847,SSVLGCLGSEC,895,1030.0
1029,HLA-DRB112:01,16178.18,ANZ78847,GFDATNSALVK,1029,1031.0
581,HLA-DRB112:01,16191.22,ANZ78847,AFLGWSADSCL,581,1032.0
841,HLA-DRB112:01,16257.75,ANZ78847,EYGSFCDNINA,841,1033.0
1235,HLA-DRB112:01,16307.33,ANZ78847,IPNLPDFREEL,1235,1034.0
94,HLA-DRB112:01,16328.3,ANZ78847,FKPPFLSDFIN,94,1035.0
149,HLA-DRB112:01,16348.22,ANZ78847,NSTQDGVNKLQ,149,1036.0
121,HLA-DRB112:01,16411.78,ANZ78847,MYSEFPAITIG,121,1037.0
928,HLA-DRB112:01,16421.59,ANZ78847,GFVAAYNNCTG,928,1038.0
1210,HLA-DRB112:01,16456.09,ANZ78847,ENNVVVMSTCA,1210,1039.0
460,HLA-DRB112:01,16459.62,ANZ78847,NKRFGFIEDSV,460,1040.0
1190,HLA-DRB112:01,16473.41,ANZ78847,NVNNTWMYTGS,1190,1041.0
1333,HLA-DRB112:01,16490.13,ANZ78847,GTSCFKKCGGC,1333,1042.0
604,HLA-DRB112:01,16510.49,ANZ78847,LHDVNSGLTCS,604,1043.0
1242,HLA-DRB112:01,16561.0,ANZ78847,REELDQWFKNQ,1242,1044.0
750,HLA-DRB112:01,16570.15,ANZ78847,VGSGYCVDYSK,750,1045.0
772,HLA-DRB112:01,16590.39,ANZ78847,YRFTNFEPFTV,772,1046.0
404,HLA-DRB112:01,16656.21,ANZ78847,DKFAIPNGRKV,404,1047.0
1244,HLA-DRB112:01,16678.6,ANZ78847,ELDQWFKNQTS,1244,1048.0
201,HLA-DRB112:01,16830.42,ANZ78847,LYKRNFTYDVN,201,1049.0
400,HLA-DRB112:01,16842.66,ANZ78847,SITIDKFAIPN,400,1050.0
690,HLA-DRB112:01,16892.14,ANZ78847,AFHANSSEPAL,690,1051.0
613,HLA-DRB112:01,16927.72,ANZ78847,CSTDLQKANTD,613,1052.0
887,HLA-DRB112:01,16934.0,ANZ78847,FNVDDINFSSV,887,1053.0
879,HLA-DRB112:01,16990.69,ANZ78847,TKLKDGVNFNV,879,1054.0
452,HLA-DRB112:01,17003.92,ANZ78847,SRFNPSTWNKR,452,1055.0
543,HLA-DRB112:01,17063.6,ANZ78847,GPYKCPQSKSL,543,1056.0
363,HLA-DRB112:01,17089.39,ANZ78847,TFSNCNFNMSS,363,1057.0
73,HLA-DRB112:01,17091.97,ANZ78847,TSGSTYRNMAL,73,1058.0
225,HLA-DRB112:01,17110.86,ANZ78847,TFYAYFTDTGV,225,1059.0
226,HLA-DRB112:01,17200.66,ANZ78847,FYAYFTDTGVV,226,1060.0
130,HLA-DRB112:01,17262.1,ANZ78847,IGSTFVNTSYS,130,1061.0
146,HLA-DRB112:01,17268.88,ANZ78847,RTINSTQDGVN,146,1062.0
95,HLA-DRB112:01,17269.22,ANZ78847,KPPFLSDFING,95,1063.0
42,HLA-DRB112:01,17283.81,ANZ78847,ATVDVTNGLGT,42,1064.0
1059,HLA-DRB112:01,17291.05,ANZ78847,SNRFGAISSSL,1059,1065.0
14,HLA-DRB112:01,17303.75,ANZ78847,VIGDLKCPLDS,14,1066.0
289,HLA-DRB112:01,17309.93,ANZ78847,GIIFNAVDCMS,289,1067.0
615,HLA-DRB112:01,17334.33,ANZ78847,TDLQKANTDIK,615,1068.0
611,HLA-DRB112:01,17410.95,ANZ78847,LTCSTDLQKAN,611,1069.0
267,HLA-DRB112:01,17416.56,ANZ78847,FTLEYWVTPLT,267,1070.0
706,HLA-DRB112:01,17488.08,ANZ78847,KCNYVFNNSLT,706,1071.0
1335,HLA-DRB112:01,17498.45,ANZ78847,SCFKKCGGCCD,1335,1072.0
66,HLA-DRB112:01,17520.83,ANZ78847,FLNGYYPTSGS,66,1073.0
978,HLA-DRB112:01,17529.99,ANZ78847,LFPPWTAAAGV,978,1074.0
1153,HLA-DRB112:01,17534.73,ANZ78847,YFIHFSYVPTK,1153,1075.0
204,HLA-DRB112:01,17548.23,ANZ78847,RNFTYDVNATY,204,1076.0
182,HLA-DRB112:01,17578.28,ANZ78847,NLGNHFKELWH,182,1077.0
780,HLA-DRB112:01,17623.61,ANZ78847,FTVNSVNDSLE,780,1078.0
758,HLA-DRB112:01,17720.1,ANZ78847,YSKNRRSRRAI,758,1079.0
1120,HLA-DRB112:01,17730.25,ANZ78847,KVNECVKSQSS,1120,1080.0
1241,HLA-DRB112:01,17753.96,ANZ78847,FREELDQWFKN,1241,1081.0
70,HLA-DRB112:01,17759.61,ANZ78847,YYPTSGSTYRN,70,1082.0
426,HLA-DRB112:01,17773.81,ANZ78847,SFNYRIDTTAT,426,1083.0
344,HLA-DRB112:01,17786.92,ANZ78847,IEAWLNDKSVP,344,1084.0
411,HLA-DRB112:01,17790.22,ANZ78847,GRKVDLQLGNL,411,1085.0
1334,HLA-DRB112:01,17837.61,ANZ78847,TSCFKKCGGCC,1334,1086.0
557,HLA-DRB112:01,17936.2,ANZ78847,GEHCSGLAVKS,557,1087.0
376,HLA-DRB112:01,17940.07,ANZ78847,SFIQADSFTCN,376,1088.0
586,HLA-DRB112:01,17950.87,ANZ78847,SADSCLQGDKC,586,1089.0
646,HLA-DRB112:01,17966.52,ANZ78847,VNATYYNSWQN,646,1090.0
567,HLA-DRB112:01,17982.38,ANZ78847,SDYCGGNPCTC,567,1091.0
443,HLA-DRB112:01,17983.85,ANZ78847,NLPAANVSVSR,443,1092.0
497,HLA-DRB112:01,18056.77,ANZ78847,FCPCKSNSSLC,497,1093.0
224,HLA-DRB112:01,18213.94,ANZ78847,GTFYAYFTDTG,224,1094.0
1182,HLA-DRB112:01,18217.44,ANZ78847,APKSGYFVNVN,1182,1095.0
900,HLA-DRB112:01,18219.22,ANZ78847,CLGSECSKASS,900,1096.0
708,HLA-DRB112:01,18273.43,ANZ78847,NYVFNNSLTRQ,708,1097.0
1319,HLA-DRB112:01,18288.03,ANZ78847,MLVLLFFICCC,1319,1098.0
975,HLA-DRB112:01,18472.89,ANZ78847,SASLFPPWTAA,975,1099.0
1341,HLA-DRB112:01,18481.21,ANZ78847,GGCCDDYTGYQ,1341,1100.0
1170,HLA-DRB112:01,18487.13,ANZ78847,SPGLCIAGDRG,1170,1101.0
471,HLA-DRB112:01,18527.28,ANZ78847,FKPQPAGVLTN,471,1102.0
442,HLA-DRB112:01,18529.71,ANZ78847,YNLPAANVSVS,442,1103.0
337,HLA-DRB112:01,18537.07,ANZ78847,PDLPNCNIEAW,337,1104.0
293,HLA-DRB112:01,18568.49,ANZ78847,NAVDCMSDFMS,293,1105.0
843,HLA-DRB112:01,18575.41,ANZ78847,GSFCDNINAIL,843,1106.0
889,HLA-DRB112:01,18588.6,ANZ78847,VDDINFSSVLG,889,1107.0
730,HLA-DRB112:01,18592.44,ANZ78847,GCVVNAYNSTA,730,1108.0
170,HLA-DRB112:01,18607.62,ANZ78847,NMCEYPHTICH,170,1109.0
801,HLA-DRB112:01,18686.63,ANZ78847,PSDFTIGNMEE,801,1110.0
1173,HLA-DRB112:01,18709.27,ANZ78847,LCIAGDRGIAP,1173,1111.0
80,HLA-DRB112:01,18734.6,ANZ78847,NMALKGTDKLS,80,1112.0
336,HLA-DRB112:01,18791.42,ANZ78847,KPDLPNCNIEA,336,1113.0
666,HLA-DRB112:01,18858.76,ANZ78847,YGFRDYLTNRT,666,1114.0
704,HLA-DRB112:01,18894.59,ANZ78847,NIKCNYVFNNS,704,1115.0
1321,HLA-DRB112:01,18957.84,ANZ78847,VLLFFICCCTG,1321,1116.0
472,HLA-DRB112:01,18988.74,ANZ78847,KPQPAGVLTNH,472,1117.0
362,HLA-DRB112:01,19024.62,ANZ78847,KTFSNCNFNMS,362,1118.0
357,HLA-DRB112:01,19032.97,ANZ78847,LNWERKTFSNC,357,1119.0
55,HLA-DRB112:01,19037.3,ANZ78847,VLDRVYLNTTL,55,1120.0
1191,HLA-DRB112:01,19151.23,ANZ78847,VNNTWMYTGSG,1191,1121.0
349,HLA-DRB112:01,19202.46,ANZ78847,NDKSVPSPLNW,349,1122.0
1204,HLA-DRB112:01,19297.15,ANZ78847,YPEPITENNVV,1204,1123.0
664,HLA-DRB112:01,19312.23,ANZ78847,NLYGFRDYLTN,664,1124.0
1011,HLA-DRB112:01,19325.37,ANZ78847,NQKLIANAFNN,1011,1125.0
1209,HLA-DRB112:01,19332.29,ANZ78847,TENNVVVMSTC,1209,1126.0
1342,HLA-DRB112:01,19414.95,ANZ78847,GCCDDYTGYQE,1342,1127.0
1336,HLA-DRB112:01,19492.08,ANZ78847,CFKKCGGCCDD,1336,1128.0
724,HLA-DRB112:01,19499.54,ANZ78847,YFDSYLGCVVN,724,1129.0
655,HLA-DRB112:01,19550.13,ANZ78847,QNLLYDSNGNL,655,1130.0
667,HLA-DRB112:01,19574.13,ANZ78847,GFRDYLTNRTF,667,1131.0
360,HLA-DRB112:01,19574.37,ANZ78847,ERKTFSNCNFN,360,1132.0
536,HLA-DRB112:01,19577.55,ANZ78847,PDPITFTGPYK,536,1133.0
584,HLA-DRB112:01,19611.22,ANZ78847,GWSADSCLQGD,584,1134.0
885,HLA-DRB112:01,19645.65,ANZ78847,VNFNVDDINFS,885,1135.0
582,HLA-DRB112:01,19667.14,ANZ78847,FLGWSADSCLQ,582,1136.0
459,HLA-DRB112:01,19790.14,ANZ78847,WNKRFGFIEDS,459,1137.0
753,HLA-DRB112:01,19842.52,ANZ78847,GYCVDYSKNRR,753,1138.0
447,HLA-DRB112:01,19885.5,ANZ78847,ANVSVSRFNPS,447,1139.0
449,HLA-DRB112:01,19889.68,ANZ78847,VSVSRFNPSTW,449,1140.0
72,HLA-DRB112:01,19943.66,ANZ78847,PTSGSTYRNMA,72,1141.0
1024,HLA-DRB112:01,19973.47,ANZ78847,DAIQEGFDATN,1024,1142.0
976,HLA-DRB112:01,19999.1,ANZ78847,ASLFPPWTAAA,976,1143.0
1045,HLA-DRB112:01,20002.81,ANZ78847,NANAEALNNLL,1045,1144.0
601,HLA-DRB112:01,20010.69,ANZ78847,NLILHDVNSGL,601,1145.0
190,HLA-DRB112:01,20027.06,ANZ78847,LWHMDTGVVSC,190,1146.0
1245,HLA-DRB112:01,20027.86,ANZ78847,LDQWFKNQTSV,1245,1147.0
783,HLA-DRB112:01,20049.82,ANZ78847,NSVNDSLEPVG,783,1148.0
1266,HLA-DRB112:01,20080.97,ANZ78847,VTFLDLQVEMN,1266,1149.0
364,HLA-DRB112:01,20120.34,ANZ78847,FSNCNFNMSSL,364,1150.0
228,HLA-DRB112:01,20161.45,ANZ78847,AYFTDTGVVTK,228,1151.0
535,HLA-DRB112:01,20214.92,ANZ78847,NPDPITFTGPY,535,1152.0
827,HLA-DRB112:01,20256.29,ANZ78847,FVCGDYAACKS,827,1153.0
172,HLA-DRB112:01,20261.48,ANZ78847,CEYPHTICHPN,172,1154.0
74,HLA-DRB112:01,20288.11,ANZ78847,SGSTYRNMALK,74,1155.0
703,HLA-DRB112:01,20300.8,ANZ78847,RNIKCNYVFNN,703,1156.0
1077,HLA-DRB112:01,20316.11,ANZ78847,DALEAEAQIDR,1077,1157.0
529,HLA-DRB112:01,20403.5,ANZ78847,TCHNLCNPDPI,529,1158.0
608,HLA-DRB112:01,20434.31,ANZ78847,NSGLTCSTDLQ,608,1159.0
565,HLA-DRB112:01,20457.38,ANZ78847,VKSDYCGGNPC,565,1160.0
203,HLA-DRB112:01,20498.51,ANZ78847,KRNFTYDVNAT,203,1161.0
854,HLA-DRB112:01,20511.26,ANZ78847,TEVNELLDTTQ,854,1162.0
1123,HLA-DRB112:01,20574.53,ANZ78847,ECVKSQSSRIN,1123,1163.0
26,HLA-DRB112:01,20588.65,ANZ78847,TGSLNNIDTGP,26,1164.0
1212,HLA-DRB112:01,20595.06,ANZ78847,NVVVMSTCAVN,1212,1165.0
1249,HLA-DRB112:01,20622.07,ANZ78847,FKNQTSVAPDL,1249,1166.0
1331,HLA-DRB112:01,20629.84,ANZ78847,GCGTSCFKKCG,1331,1167.0
1207,HLA-DRB112:01,20633.79,ANZ78847,PITENNVVVMS,1207,1168.0
647,HLA-DRB112:01,20646.82,ANZ78847,NATYYNSWQNL,647,1169.0
16,HLA-DRB112:01,20666.71,ANZ78847,GDLKCPLDSRT,16,1170.0
890,HLA-DRB112:01,20751.0,ANZ78847,DDINFSSVLGC,890,1171.0
1343,HLA-DRB112:01,20772.83,ANZ78847,CCDDYTGYQEL,1343,1172.0
886,HLA-DRB112:01,20788.16,ANZ78847,NFNVDDINFSS,886,1173.0
1025,HLA-DRB112:01,20808.12,ANZ78847,AIQEGFDATNS,1025,1174.0
40,HLA-DRB112:01,20836.31,ANZ78847,STATVDVTNGL,40,1175.0
268,HLA-DRB112:01,20841.96,ANZ78847,TLEYWVTPLTS,268,1176.0
144,HLA-DRB112:01,20878.68,ANZ78847,QPRTINSTQDG,144,1177.0
755,HLA-DRB112:01,20882.74,ANZ78847,CVDYSKNRRSR,755,1178.0
1026,HLA-DRB112:01,20922.05,ANZ78847,IQEGFDATNSA,1026,1179.0
524,HLA-DRB112:01,20991.16,ANZ78847,GTNYLTCHNLC,524,1180.0
140,HLA-DRB112:01,21047.27,ANZ78847,SVVVQPRTINS,140,1181.0
785,HLA-DRB112:01,21074.48,ANZ78847,VNDSLEPVGGL,785,1182.0
619,HLA-DRB112:01,21238.79,ANZ78847,KANTDIKLGVC,619,1183.0
1046,HLA-DRB112:01,21277.05,ANZ78847,ANAEALNNLLQ,1046,1184.0
967,HLA-DRB112:01,21287.12,ANZ78847,SGYTLAATSAS,967,1185.0
504,HLA-DRB112:01,21331.68,ANZ78847,SSLCVGSGPGK,504,1186.0
925,HLA-DRB112:01,21337.58,ANZ78847,SDVGFVAAYNN,925,1187.0
17,HLA-DRB112:01,21377.31,ANZ78847,DLKCPLDSRTG,17,1188.0
779,HLA-DRB112:01,21397.59,ANZ78847,PFTVNSVNDSL,779,1189.0
684,HLA-DRB112:01,21450.68,ANZ78847,SGRVSAAFHAN,684,1190.0
532,HLA-DRB112:01,21459.07,ANZ78847,NLCNPDPITFT,532,1191.0
1129,HLA-DRB112:01,21477.55,ANZ78847,SSRINFCGNGN,1129,1192.0
1183,HLA-DRB112:01,21485.33,ANZ78847,PKSGYFVNVNN,1183,1193.0
687,HLA-DRB112:01,21486.72,ANZ78847,VSAAFHANSSE,687,1194.0
1074,HLA-DRB112:01,21513.52,ANZ78847,SRLDALEAEAQ,1074,1195.0
808,HLA-DRB112:01,21588.78,ANZ78847,NMEEFIQTSSP,808,1196.0
205,HLA-DRB112:01,21602.5,ANZ78847,NFTYDVNATYL,205,1197.0
1134,HLA-DRB112:01,21614.56,ANZ78847,FCGNGNHIISL,1134,1198.0
932,HLA-DRB112:01,21759.24,ANZ78847,AYNNCTGGAEI,932,1199.0
468,HLA-DRB112:01,21789.24,ANZ78847,DSVFKPQPAGV,468,1200.0
583,HLA-DRB112:01,21796.85,ANZ78847,LGWSADSCLQG,583,1201.0
329,HLA-DRB112:01,21810.18,ANZ78847,IADVYRRKPDL,329,1202.0
1339,HLA-DRB112:01,21812.8,ANZ78847,KCGGCCDDYTG,1339,1203.0
313,HLA-DRB112:01,21866.64,ANZ78847,APPTGVYELNG,313,1204.0
523,HLA-DRB112:01,21911.13,ANZ78847,AGTNYLTCHNL,523,1205.0
933,HLA-DRB112:01,21935.6,ANZ78847,YNNCTGGAEIR,933,1206.0
18,HLA-DRB112:01,21944.77,ANZ78847,LKCPLDSRTGS,18,1207.0
840,HLA-DRB112:01,21963.62,ANZ78847,VEYGSFCDNIN,840,1208.0
807,HLA-DRB112:01,22004.88,ANZ78847,GNMEEFIQTSS,807,1209.0
1203,HLA-DRB112:01,22089.19,ANZ78847,YYPEPITENNV,1203,1210.0
403,HLA-DRB112:01,22101.37,ANZ78847,IDKFAIPNGRK,403,1211.0
686,HLA-DRB112:01,22172.24,ANZ78847,RVSAAFHANSS,686,1212.0
685,HLA-DRB112:01,22191.26,ANZ78847,GRVSAAFHANS,685,1213.0
334,HLA-DRB112:01,22222.1,ANZ78847,RRKPDLPNCNI,334,1214.0
654,HLA-DRB112:01,22225.15,ANZ78847,WQNLLYDSNGN,654,1215.0
1238,HLA-DRB112:01,22225.34,ANZ78847,LPDFREELDQW,1238,1216.0
888,HLA-DRB112:01,22301.48,ANZ78847,NVDDINFSSVL,888,1217.0
1200,HLA-DRB112:01,22358.71,ANZ78847,SGYYYPEPITE,1200,1218.0
1227,HLA-DRB112:01,22368.28,ANZ78847,PYVMLNTSIPN,1227,1219.0
530,HLA-DRB112:01,22399.14,ANZ78847,CHNLCNPDPIT,530,1220.0
784,HLA-DRB112:01,22456.59,ANZ78847,SVNDSLEPVGG,784,1221.0
868,HLA-DRB112:01,22503.88,ANZ78847,ANSLMNGVTLS,868,1222.0
377,HLA-DRB112:01,22545.26,ANZ78847,FIQADSFTCNN,377,1223.0
899,HLA-DRB112:01,22573.81,ANZ78847,GCLGSECSKAS,899,1224.0
1247,HLA-DRB112:01,22597.82,ANZ78847,QWFKNQTSVAP,1247,1225.0
979,HLA-DRB112:01,22616.63,ANZ78847,FPPWTAAAGVP,979,1226.0
777,HLA-DRB112:01,22753.18,ANZ78847,FEPFTVNSVND,777,1227.0
531,HLA-DRB112:01,22810.81,ANZ78847,HNLCNPDPITF,531,1228.0
878,HLA-DRB112:01,22961.85,ANZ78847,STKLKDGVNFN,878,1229.0
270,HLA-DRB112:01,23024.01,ANZ78847,EYWVTPLTSRQ,270,1230.0
528,HLA-DRB112:01,23041.16,ANZ78847,LTCHNLCNPDP,528,1231.0
1202,HLA-DRB112:01,23064.04,ANZ78847,YYYPEPITENN,1202,1232.0
1205,HLA-DRB112:01,23147.47,ANZ78847,PEPITENNVVV,1205,1233.0
410,HLA-DRB112:01,23275.53,ANZ78847,NGRKVDLQLGN,410,1234.0
428,HLA-DRB112:01,23277.71,ANZ78847,NYRIDTTATSC,428,1235.0
90,HLA-DRB112:01,23408.55,ANZ78847,STLWFKPPFLS,90,1236.0
139,HLA-DRB112:01,23423.78,ANZ78847,YSVVVQPRTIN,139,1237.0
1133,HLA-DRB112:01,23609.4,ANZ78847,NFCGNGNHIIS,1133,1238.0
41,HLA-DRB112:01,23721.77,ANZ78847,TATVDVTNGLG,41,1239.0
568,HLA-DRB112:01,23724.71,ANZ78847,DYCGGNPCTCQ,568,1240.0
587,HLA-DRB112:01,23760.93,ANZ78847,ADSCLQGDKCN,587,1241.0
486,HLA-DRB112:01,23771.7,ANZ78847,YAQHCFKAPKN,486,1242.0
496,HLA-DRB112:01,23789.5,ANZ78847,NFCPCKSNSSL,496,1243.0
754,HLA-DRB112:01,23839.51,ANZ78847,YCVDYSKNRRS,754,1244.0
1296,HLA-DRB112:01,24015.03,ANZ78847,GTYEYYVKWPW,1296,1245.0
936,HLA-DRB112:01,24197.97,ANZ78847,CTGGAEIRDLI,936,1246.0
440,HLA-DRB112:01,24246.29,ANZ78847,LYYNLPAANVS,440,1247.0
186,HLA-DRB112:01,24254.57,ANZ78847,HFKELWHMDTG,186,1248.0
534,HLA-DRB112:01,24277.5,ANZ78847,CNPDPITFTGP,534,1249.0
781,HLA-DRB112:01,24395.68,ANZ78847,TVNSVNDSLEP,781,1250.0
591,HLA-DRB112:01,24447.67,ANZ78847,LQGDKCNIFAN,591,1251.0
592,HLA-DRB112:01,24486.62,ANZ78847,QGDKCNIFANL,592,1252.0
585,HLA-DRB112:01,24524.19,ANZ78847,WSADSCLQGDK,585,1253.0
1330,HLA-DRB112:01,24680.77,ANZ78847,TGCGTSCFKKC,1330,1254.0
705,HLA-DRB112:01,24715.67,ANZ78847,IKCNYVFNNSL,705,1255.0
564,HLA-DRB112:01,24748.7,ANZ78847,AVKSDYCGGNP,564,1256.0
438,HLA-DRB112:01,24758.58,ANZ78847,CQLYYNLPAAN,438,1257.0
451,HLA-DRB112:01,24768.15,ANZ78847,VSRFNPSTWNK,451,1258.0
187,HLA-DRB112:01,24769.19,ANZ78847,FKELWHMDTGV,187,1259.0
1043,HLA-DRB112:01,24793.12,ANZ78847,VVNANAEALNN,1043,1260.0
689,HLA-DRB112:01,24843.89,ANZ78847,AAFHANSSEPA,689,1261.0
688,HLA-DRB112:01,25036.48,ANZ78847,SAAFHANSSEP,688,1262.0
977,HLA-DRB112:01,25061.94,ANZ78847,SLFPPWTAAAG,977,1263.0
732,HLA-DRB112:01,25155.76,ANZ78847,VVNAYNSTAIS,732,1264.0
25,HLA-DRB112:01,25213.55,ANZ78847,RTGSLNNIDTG,25,1265.0
1028,HLA-DRB112:01,25251.02,ANZ78847,EGFDATNSALV,1028,1266.0
1246,HLA-DRB112:01,25267.51,ANZ78847,DQWFKNQTSVA,1246,1267.0
266,HLA-DRB112:01,25301.78,ANZ78847,GFTLEYWVTPL,266,1268.0
756,HLA-DRB112:01,25360.97,ANZ78847,VDYSKNRRSRR,756,1269.0
521,HLA-DRB112:01,25409.37,ANZ78847,CPAGTNYLTCH,521,1270.0
775,HLA-DRB112:01,25617.27,ANZ78847,TNFEPFTVNSV,775,1271.0
356,HLA-DRB112:01,25815.18,ANZ78847,PLNWERKTFSN,356,1272.0
1236,HLA-DRB112:01,25928.83,ANZ78847,PNLPDFREELD,1236,1273.0
21,HLA-DRB112:01,26072.58,ANZ78847,PLDSRTGSLNN,21,1274.0
515,HLA-DRB112:01,26116.0,ANZ78847,NNGIGTCPAGT,515,1275.0
467,HLA-DRB112:01,26301.66,ANZ78847,EDSVFKPQPAG,467,1276.0
1042,HLA-DRB112:01,26412.94,ANZ78847,AVVNANAEALN,1042,1277.0
935,HLA-DRB112:01,26437.75,ANZ78847,NCTGGAEIRDL,935,1278.0
533,HLA-DRB112:01,26550.88,ANZ78847,LCNPDPITFTG,533,1279.0
492,HLA-DRB112:01,26582.07,ANZ78847,KAPKNFCPCKS,492,1280.0
335,HLA-DRB112:01,26742.35,ANZ78847,RKPDLPNCNIE,335,1281.0
19,HLA-DRB112:01,26803.91,ANZ78847,KCPLDSRTGSL,19,1282.0
1130,HLA-DRB112:01,26852.19,ANZ78847,SRINFCGNGNH,1130,1283.0
809,HLA-DRB112:01,26961.35,ANZ78847,MEEFIQTSSPK,809,1284.0
903,HLA-DRB112:01,26977.32,ANZ78847,SECSKASSRSA,903,1285.0
541,HLA-DRB112:01,27036.51,ANZ78847,FTGPYKCPQSK,541,1286.0
188,HLA-DRB112:01,27243.13,ANZ78847,KELWHMDTGVV,188,1287.0
382,HLA-DRB112:01,27393.38,ANZ78847,SFTCNNIDAAK,382,1288.0
883,HLA-DRB112:01,27436.8,ANZ78847,DGVNFNVDDIN,883,1289.0
1201,HLA-DRB112:01,27439.34,ANZ78847,GYYYPEPITEN,1201,1290.0
330,HLA-DRB112:01,27446.96,ANZ78847,ADVYRRKPDLP,330,1291.0
1248,HLA-DRB112:01,27578.58,ANZ78847,WFKNQTSVAPD,1248,1292.0
778,HLA-DRB112:01,28124.36,ANZ78847,EPFTVNSVNDS,778,1293.0
508,HLA-DRB112:01,28185.38,ANZ78847,VGSGPGKNNGI,508,1294.0
773,HLA-DRB112:01,28331.48,ANZ78847,RFTNFEPFTVN,773,1295.0
176,HLA-DRB112:01,28470.37,ANZ78847,HTICHPNLGNH,176,1296.0
35,HLA-DRB112:01,28535.67,ANZ78847,GPPSISTATVD,35,1297.0
333,HLA-DRB112:01,28591.94,ANZ78847,YRRKPDLPNCN,333,1298.0
514,HLA-DRB112:01,28671.98,ANZ78847,KNNGIGTCPAG,514,1299.0
1027,HLA-DRB112:01,28819.66,ANZ78847,QEGFDATNSAL,1027,1300.0
751,HLA-DRB112:01,28895.18,ANZ78847,GSGYCVDYSKN,751,1301.0
20,HLA-DRB112:01,29033.54,ANZ78847,CPLDSRTGSLN,20,1302.0
1176,HLA-DRB112:01,29034.16,ANZ78847,AGDRGIAPKSG,1176,1303.0
175,HLA-DRB112:01,29114.99,ANZ78847,PHTICHPNLGN,175,1304.0
931,HLA-DRB112:01,29285.65,ANZ78847,AAYNNCTGGAE,931,1305.0
519,HLA-DRB112:01,29534.7,ANZ78847,GTCPAGTNYLT,519,1306.0
358,HLA-DRB112:01,29581.97,ANZ78847,NWERKTFSNCN,358,1307.0
29,HLA-DRB112:01,29662.58,ANZ78847,LNNIDTGPPSI,29,1308.0
759,HLA-DRB112:01,29754.7,ANZ78847,SKNRRSRRAIT,759,1309.0
569,HLA-DRB112:01,29795.65,ANZ78847,YCGGNPCTCQP,569,1310.0
1237,HLA-DRB112:01,30069.73,ANZ78847,NLPDFREELDQ,1237,1311.0
511,HLA-DRB112:01,30080.1,ANZ78847,GPGKNNGIGTC,511,1312.0
506,HLA-DRB112:01,30213.73,ANZ78847,LCVGSGPGKNN,506,1313.0
505,HLA-DRB112:01,30264.76,ANZ78847,SLCVGSGPGKN,505,1314.0
1185,HLA-DRB112:01,30505.53,ANZ78847,SGYFVNVNNTW,1185,1315.0
774,HLA-DRB112:01,30592.35,ANZ78847,FTNFEPFTVNS,774,1316.0
27,HLA-DRB112:01,30611.38,ANZ78847,GSLNNIDTGPP,27,1317.0
542,HLA-DRB112:01,30634.61,ANZ78847,TGPYKCPQSKS,542,1318.0
522,HLA-DRB112:01,30644.1,ANZ78847,PAGTNYLTCHN,522,1319.0
757,HLA-DRB112:01,31009.26,ANZ78847,DYSKNRRSRRA,757,1320.0
493,HLA-DRB112:01,31083.8,ANZ78847,APKNFCPCKSN,493,1321.0
495,HLA-DRB112:01,31191.74,ANZ78847,KNFCPCKSNSS,495,1322.0
512,HLA-DRB112:01,31317.82,ANZ78847,PGKNNGIGTCP,512,1323.0
450,HLA-DRB112:01,31323.25,ANZ78847,SVSRFNPSTWN,450,1324.0
776,HLA-DRB112:01,31382.08,ANZ78847,NFEPFTVNSVN,776,1325.0
331,HLA-DRB112:01,31508.43,ANZ78847,DVYRRKPDLPN,331,1326.0
494,HLA-DRB112:01,31616.6,ANZ78847,PKNFCPCKSNS,494,1327.0
189,HLA-DRB112:01,31621.97,ANZ78847,ELWHMDTGVVS,189,1328.0
510,HLA-DRB112:01,31646.12,ANZ78847,SGPGKNNGIGT,510,1329.0
1174,HLA-DRB112:01,31768.6,ANZ78847,CIAGDRGIAPK,1174,1330.0
571,HLA-DRB112:01,31872.89,ANZ78847,GGNPCTCQPQA,571,1331.0
902,HLA-DRB112:01,31917.85,ANZ78847,GSECSKASSRS,902,1332.0
34,HLA-DRB112:01,32041.71,ANZ78847,TGPPSISTATV,34,1333.0
347,HLA-DRB112:01,32236.89,ANZ78847,WLNDKSVPSPL,347,1334.0
427,HLA-DRB112:01,32298.48,ANZ78847,FNYRIDTTATS,427,1335.0
31,HLA-DRB112:01,32453.56,ANZ78847,NIDTGPPSIST,31,1336.0
1175,HLA-DRB112:01,32780.71,ANZ78847,IAGDRGIAPKS,1175,1337.0
513,HLA-DRB112:01,32803.85,ANZ78847,GKNNGIGTCPA,513,1338.0
346,HLA-DRB112:01,32967.43,ANZ78847,AWLNDKSVPSP,346,1339.0
30,HLA-DRB112:01,33611.68,ANZ78847,NNIDTGPPSIS,30,1340.0
348,HLA-DRB112:01,34095.93,ANZ78847,LNDKSVPSPLN,348,1341.0
516,HLA-DRB112:01,34305.84,ANZ78847,NGIGTCPAGTN,516,1342.0
934,HLA-DRB112:01,34576.25,ANZ78847,NNCTGGAEIRD,934,1343.0
32,HLA-DRB112:01,34721.42,ANZ78847,IDTGPPSISTA,32,1344.0
507,HLA-DRB112:01,35316.24,ANZ78847,CVGSGPGKNNG,507,1345.0
760,HLA-DRB112:01,35458.02,ANZ78847,KNRRSRRAITT,760,1346.0
28,HLA-DRB112:01,35487.58,ANZ78847,SLNNIDTGPPS,28,1347.0
761,HLA-DRB112:01,35586.5,ANZ78847,NRRSRRAITTG,761,1348.0
570,HLA-DRB112:01,35757.99,ANZ78847,CGGNPCTCQPQ,570,1349.0
345,HLA-DRB112:01,36117.25,ANZ78847,EAWLNDKSVPS,345,1350.0
33,HLA-DRB112:01,36818.77,ANZ78847,DTGPPSISTAT,33,1351.0
509,HLA-DRB112:01,38433.59,ANZ78847,GSGPGKNNGIG,509,1352.0
1014,HLA-DRB112:02,80.01,ANZ78847,LIANAFNNALD,1014,1.0
1189,HLA-DRB112:02,97.84,ANZ78847,VNVNNTWMYTG,1189,2.0
1049,HLA-DRB112:02,115.42,ANZ78847,EALNNLLQQLS,1049,3.0
1215,HLA-DRB112:02,142.56,ANZ78847,VMSTCAVNYTK,1215,4.0
1139,HLA-DRB112:02,155.65,ANZ78847,NHIISLVQNAP,1139,5.0
503,HLA-DRB112:02,165.01,ANZ78847,NSSLCVGSGPG,503,6.0
678,HLA-DRB112:02,166.9,ANZ78847,MIRSCYSGRVS,678,7.0
600,HLA-DRB112:02,183.76,ANZ78847,ANLILHDVNSG,600,8.0
1141,HLA-DRB112:02,185.17,ANZ78847,IISLVQNAPYG,1141,9.0
340,HLA-DRB112:02,213.5,ANZ78847,PNCNIEAWLND,340,10.0
870,HLA-DRB112:02,231.82,ANZ78847,SLMNGVTLSTK,870,11.0
103,HLA-DRB112:02,243.25,ANZ78847,INGIFAKVKNT,103,12.0
1140,HLA-DRB112:02,247.72,ANZ78847,HIISLVQNAPY,1140,13.0
866,HLA-DRB112:02,248.99,ANZ78847,QVANSLMNGVT,866,14.0
1214,HLA-DRB112:02,254.39,ANZ78847,VVMSTCAVNYT,1214,15.0
483,HLA-DRB112:02,270.24,ANZ78847,DVVYAQHCFKA,483,16.0
821,HLA-DRB112:02,274.13,ANZ78847,TIDCAAFVCGD,821,17.0
677,HLA-DRB112:02,281.88,ANZ78847,FMIRSCYSGRV,677,18.0
671,HLA-DRB112:02,294.54,ANZ78847,YLTNRTFMIRS,671,19.0
670,HLA-DRB112:02,307.52,ANZ78847,DYLTNRTFMIR,670,20.0
1219,HLA-DRB112:02,308.31,ANZ78847,CAVNYTKAPYV,1219,21.0
943,HLA-DRB112:02,309.95,ANZ78847,RDLICVQSYKG,943,22.0
889,HLA-DRB112:02,310.58,ANZ78847,VDDINFSSVLG,889,23.0
1191,HLA-DRB112:02,314.49,ANZ78847,VNNTWMYTGSG,1191,24.0
657,HLA-DRB112:02,319.65,ANZ78847,LLYDSNGNLYG,657,25.0
280,HLA-DRB112:02,322.85,ANZ78847,QYLLAFNQDGI,280,26.0
45,HLA-DRB112:02,327.45,ANZ78847,DVTNGLGTYYV,45,27.0
256,HLA-DRB112:02,332.83,ANZ78847,PLTCISRRNIG,256,28.0
746,HLA-DRB112:02,337.75,ANZ78847,CDLTVGSGYCV,746,29.0
385,HLA-DRB112:02,339.41,ANZ78847,CNNIDAAKIYG,385,30.0
1121,HLA-DRB112:02,341.29,ANZ78847,VNECVKSQSSR,1121,31.0
1095,HLA-DRB112:02,353.95,ANZ78847,ALNAYVSQQLS,1095,32.0
869,HLA-DRB112:02,354.57,ANZ78847,NSLMNGVTLST,869,33.0
320,HLA-DRB112:02,362.66,ANZ78847,ELNGYTVQPIA,320,34.0
676,HLA-DRB112:02,366.49,ANZ78847,TFMIRSCYSGR,676,35.0
1015,HLA-DRB112:02,385.8,ANZ78847,IANAFNNALDA,1015,36.0
704,HLA-DRB112:02,385.9,ANZ78847,NIKCNYVFNNS,704,37.0
416,HLA-DRB112:02,397.41,ANZ78847,LQLGNLGYLQS,416,38.0
1051,HLA-DRB112:02,397.48,ANZ78847,LNNLLQQLSNR,1051,39.0
602,HLA-DRB112:02,402.85,ANZ78847,LILHDVNSGLT,602,40.0
253,HLA-DRB112:02,404.57,ANZ78847,YVMPLTCISRR,253,41.0
1093,HLA-DRB112:02,413.42,ANZ78847,LTALNAYVSQQ,1093,42.0
707,HLA-DRB112:02,416.83,ANZ78847,CNYVFNNSLTR,707,43.0
732,HLA-DRB112:02,430.52,ANZ78847,VVNAYNSTAIS,732,44.0
942,HLA-DRB112:02,430.64,ANZ78847,IRDLICVQSYK,942,45.0
868,HLA-DRB112:02,437.37,ANZ78847,ANSLMNGVTLS,868,46.0
255,HLA-DRB112:02,449.26,ANZ78847,MPLTCISRRNI,255,47.0
897,HLA-DRB112:02,454.94,ANZ78847,VLGCLGSECSK,897,48.0
982,HLA-DRB112:02,463.95,ANZ78847,WTAAAGVPFYL,982,49.0
552,HLA-DRB112:02,468.09,ANZ78847,SLVGIGEHCSG,552,50.0
1013,HLA-DRB112:02,468.65,ANZ78847,KLIANAFNNAL,1013,51.0
629,HLA-DRB112:02,471.11,ANZ78847,CVNYDLYGISG,629,52.0
504,HLA-DRB112:02,471.33,ANZ78847,SSLCVGSGPGK,504,53.0
127,HLA-DRB112:02,478.86,ANZ78847,AITIGSTFVNT,127,54.0
156,HLA-DRB112:02,491.99,ANZ78847,NKLQGLLEVSV,156,55.0
128,HLA-DRB112:02,493.51,ANZ78847,ITIGSTFVNTS,128,56.0
599,HLA-DRB112:02,496.03,ANZ78847,FANLILHDVNS,599,57.0
1282,HLA-DRB112:02,497.22,ANZ78847,IKVLNQSYINL,1282,58.0
700,HLA-DRB112:02,498.29,ANZ78847,LLFRNIKCNYV,700,59.0
848,HLA-DRB112:02,502.21,ANZ78847,NINAILTEVNE,848,60.0
720,HLA-DRB112:02,502.48,ANZ78847,QPINYFDSYLG,720,61.0
90,HLA-DRB112:02,506.75,ANZ78847,STLWFKPPFLS,90,62.0
1012,HLA-DRB112:02,509.27,ANZ78847,QKLIANAFNNA,1012,63.0
867,HLA-DRB112:02,509.93,ANZ78847,VANSLMNGVTL,867,64.0
269,HLA-DRB112:02,510.23,ANZ78847,LEYWVTPLTSR,269,65.0
254,HLA-DRB112:02,520.16,ANZ78847,VMPLTCISRRN,254,66.0
945,HLA-DRB112:02,521.18,ANZ78847,LICVQSYKGIK,945,67.0
501,HLA-DRB112:02,525.5,ANZ78847,KSNSSLCVGSG,501,68.0
1323,HLA-DRB112:02,525.73,ANZ78847,LFFICCCTGCG,1323,69.0
849,HLA-DRB112:02,535.01,ANZ78847,INAILTEVNEL,849,70.0
988,HLA-DRB112:02,539.4,ANZ78847,VPFYLNVQYRI,988,71.0
1287,HLA-DRB112:02,541.13,ANZ78847,QSYINLKDIGT,1287,72.0
933,HLA-DRB112:02,548.49,ANZ78847,YNNCTGGAEIR,933,73.0
1003,HLA-DRB112:02,560.54,ANZ78847,VTMDVLSQNQK,1003,74.0
1229,HLA-DRB112:02,567.49,ANZ78847,VMLNTSIPNLP,1229,75.0
1292,HLA-DRB112:02,572.1,ANZ78847,LKDIGTYEYYV,1292,76.0
722,HLA-DRB112:02,576.31,ANZ78847,INYFDSYLGCV,722,77.0
443,HLA-DRB112:02,577.51,ANZ78847,NLPAANVSVSR,443,78.0
1053,HLA-DRB112:02,580.35,ANZ78847,NLLQQLSNRFG,1053,79.0
318,HLA-DRB112:02,589.93,ANZ78847,VYELNGYTVQP,318,80.0
281,HLA-DRB112:02,591.57,ANZ78847,YLLAFNQDGII,281,81.0
514,HLA-DRB112:02,595.97,ANZ78847,KNNGIGTCPAG,514,82.0
448,HLA-DRB112:02,598.08,ANZ78847,NVSVSRFNPST,448,83.0
953,HLA-DRB112:02,623.03,ANZ78847,GIKVLPPLLSE,953,84.0
659,HLA-DRB112:02,632.3,ANZ78847,YDSNGNLYGFR,659,85.0
1324,HLA-DRB112:02,644.71,ANZ78847,FFICCCTGCGT,1324,86.0
352,HLA-DRB112:02,650.02,ANZ78847,SVPSPLNWERK,352,87.0
623,HLA-DRB112:02,650.91,ANZ78847,DIKLGVCVNYD,623,88.0
374,HLA-DRB112:02,659.91,ANZ78847,LMSFIQADSFT,374,89.0
811,HLA-DRB112:02,660.41,ANZ78847,EFIQTSSPKVT,811,90.0
1109,HLA-DRB112:02,664.66,ANZ78847,LVKFSAAQAME,1109,91.0
872,HLA-DRB112:02,666.31,ANZ78847,MNGVTLSTKLK,872,92.0
1181,HLA-DRB112:02,668.47,ANZ78847,IAPKSGYFVNV,1181,93.0
1190,HLA-DRB112:02,668.91,ANZ78847,NVNNTWMYTGS,1190,94.0
174,HLA-DRB112:02,669.28,ANZ78847,YPHTICHPNLG,174,95.0
141,HLA-DRB112:02,670.14,ANZ78847,VVVQPRTINST,141,96.0
484,HLA-DRB112:02,689.16,ANZ78847,VVYAQHCFKAP,484,97.0
482,HLA-DRB112:02,689.68,ANZ78847,HDVVYAQHCFK,482,98.0
1056,HLA-DRB112:02,696.21,ANZ78847,QQLSNRFGAIS,1056,99.0
944,HLA-DRB112:02,696.29,ANZ78847,DLICVQSYKGI,944,100.0
743,HLA-DRB112:02,705.64,ANZ78847,VQTCDLTVGSG,743,101.0
1038,HLA-DRB112:02,707.57,ANZ78847,VKIQAVVNANA,1038,102.0
339,HLA-DRB112:02,715.38,ANZ78847,LPNCNIEAWLN,339,103.0
710,HLA-DRB112:02,720.46,ANZ78847,VFNNSLTRQLQ,710,104.0
290,HLA-DRB112:02,730.34,ANZ78847,IIFNAVDCMSD,290,105.0
1284,HLA-DRB112:02,730.58,ANZ78847,VLNQSYINLKD,1284,106.0
279,HLA-DRB112:02,749.45,ANZ78847,RQYLLAFNQDG,279,107.0
1043,HLA-DRB112:02,749.94,ANZ78847,VVNANAEALNN,1043,108.0
351,HLA-DRB112:02,750.83,ANZ78847,KSVPSPLNWER,351,109.0
1108,HLA-DRB112:02,752.69,ANZ78847,TLVKFSAAQAM,1108,110.0
930,HLA-DRB112:02,761.87,ANZ78847,VAAYNNCTGGA,930,111.0
278,HLA-DRB112:02,763.06,ANZ78847,SRQYLLAFNQD,278,112.0
1050,HLA-DRB112:02,765.09,ANZ78847,ALNNLLQQLSN,1050,113.0
446,HLA-DRB112:02,769.78,ANZ78847,AANVSVSRFNP,446,114.0
414,HLA-DRB112:02,779.11,ANZ78847,VDLQLGNLGYL,414,115.0
326,HLA-DRB112:02,781.67,ANZ78847,VQPIADVYRRK,326,116.0
957,HLA-DRB112:02,782.43,ANZ78847,LPPLLSENQIS,957,117.0
987,HLA-DRB112:02,783.16,ANZ78847,GVPFYLNVQYR,987,118.0
1271,HLA-DRB112:02,791.29,ANZ78847,LQVEMNRLQEA,1271,119.0
992,HLA-DRB112:02,794.91,ANZ78847,LNVQYRINGLG,992,120.0
921,HLA-DRB112:02,795.6,ANZ78847,KVKLSDVGFVA,921,121.0
155,HLA-DRB112:02,799.77,ANZ78847,VNKLQGLLEVS,155,122.0
76,HLA-DRB112:02,808.6,ANZ78847,STYRNMALKGT,76,123.0
952,HLA-DRB112:02,810.72,ANZ78847,KGIKVLPPLLS,952,124.0
1084,HLA-DRB112:02,818.89,ANZ78847,QIDRLINGRLT,1084,125.0
1143,HLA-DRB112:02,824.88,ANZ78847,SLVQNAPYGLY,1143,126.0
922,HLA-DRB112:02,825.89,ANZ78847,VKLSDVGFVAA,922,127.0
319,HLA-DRB112:02,828.84,ANZ78847,YELNGYTVQPI,319,128.0
478,HLA-DRB112:02,830.74,ANZ78847,VLTNHDVVYAQ,478,129.0
1328,HLA-DRB112:02,856.69,ANZ78847,CCTGCGTSCFK,1328,130.0
1226,HLA-DRB112:02,860.55,ANZ78847,APYVMLNTSIP,1226,131.0
1052,HLA-DRB112:02,862.29,ANZ78847,NNLLQQLSNRF,1052,132.0
1040,HLA-DRB112:02,864.0,ANZ78847,IQAVVNANAEA,1040,133.0
851,HLA-DRB112:02,871.13,ANZ78847,AILTEVNELLD,851,134.0
449,HLA-DRB112:02,875.23,ANZ78847,VSVSRFNPSTW,449,135.0
1048,HLA-DRB112:02,876.96,ANZ78847,AEALNNLLQQL,1048,136.0
466,HLA-DRB112:02,880.69,ANZ78847,IEDSVFKPQPA,466,137.0
1332,HLA-DRB112:02,882.79,ANZ78847,CGTSCFKKCGG,1332,138.0
147,HLA-DRB112:02,891.39,ANZ78847,TINSTQDGVNK,147,139.0
1166,HLA-DRB112:02,898.1,ANZ78847,TAKVSPGLCIA,1166,140.0
1144,HLA-DRB112:02,900.97,ANZ78847,LVQNAPYGLYF,1144,141.0
197,HLA-DRB112:02,901.64,ANZ78847,VVSCLYKRNFT,197,142.0
981,HLA-DRB112:02,904.36,ANZ78847,PWTAAAGVPFY,981,143.0
993,HLA-DRB112:02,906.16,ANZ78847,NVQYRINGLGV,993,144.0
1057,HLA-DRB112:02,907.62,ANZ78847,QLSNRFGAISS,1057,145.0
1096,HLA-DRB112:02,909.06,ANZ78847,LNAYVSQQLSD,1096,146.0
46,HLA-DRB112:02,923.39,ANZ78847,VTNGLGTYYVL,46,147.0
536,HLA-DRB112:02,929.61,ANZ78847,PDPITFTGPYK,536,148.0
88,HLA-DRB112:02,931.01,ANZ78847,KLSTLWFKPPF,88,149.0
273,HLA-DRB112:02,931.85,ANZ78847,VTPLTSRQYLL,273,150.0
1325,HLA-DRB112:02,937.06,ANZ78847,FICCCTGCGTS,1325,151.0
820,HLA-DRB112:02,938.36,ANZ78847,VTIDCAAFVCG,820,152.0
973,HLA-DRB112:02,940.43,ANZ78847,ATSASLFPPWT,973,153.0
85,HLA-DRB112:02,941.94,ANZ78847,GTDKLSTLWFK,85,154.0
767,HLA-DRB112:02,951.81,ANZ78847,AITTGYRFTNF,767,155.0
1268,HLA-DRB112:02,952.97,ANZ78847,FLDLQVEMNRL,1268,156.0
865,HLA-DRB112:02,953.74,ANZ78847,LQVANSLMNGV,865,157.0
196,HLA-DRB112:02,960.81,ANZ78847,GVVSCLYKRNF,196,158.0
272,HLA-DRB112:02,963.28,ANZ78847,WVTPLTSRQYL,272,159.0
1128,HLA-DRB112:02,974.87,ANZ78847,QSSRINFCGNG,1128,160.0
417,HLA-DRB112:02,978.15,ANZ78847,QLGNLGYLQSF,417,161.0
343,HLA-DRB112:02,981.44,ANZ78847,NIEAWLNDKSV,343,162.0
1269,HLA-DRB112:02,982.51,ANZ78847,LDLQVEMNRLQ,1269,163.0
236,HLA-DRB112:02,984.04,ANZ78847,VTKFLFNVYLG,236,164.0
1088,HLA-DRB112:02,988.37,ANZ78847,LINGRLTALNA,1088,165.0
768,HLA-DRB112:02,991.75,ANZ78847,ITTGYRFTNFE,768,166.0
1087,HLA-DRB112:02,995.63,ANZ78847,RLINGRLTALN,1087,167.0
958,HLA-DRB112:02,1009.09,ANZ78847,PPLLSENQISG,958,168.0
499,HLA-DRB112:02,1013.45,ANZ78847,PCKSNSSLCVG,499,169.0
1107,HLA-DRB112:02,1019.88,ANZ78847,STLVKFSAAQA,1107,170.0
1054,HLA-DRB112:02,1023.82,ANZ78847,LLQQLSNRFGA,1054,171.0
1188,HLA-DRB112:02,1042.48,ANZ78847,FVNVNNTWMYT,1188,172.0
1005,HLA-DRB112:02,1053.01,ANZ78847,MDVLSQNQKLI,1005,173.0
766,HLA-DRB112:02,1057.97,ANZ78847,RAITTGYRFTN,766,174.0
1092,HLA-DRB112:02,1061.48,ANZ78847,RLTALNAYVSQ,1092,175.0
1260,HLA-DRB112:02,1063.06,ANZ78847,ALDYINVTFLD,1260,176.0
1042,HLA-DRB112:02,1064.01,ANZ78847,AVVNANAEALN,1042,177.0
154,HLA-DRB112:02,1075.65,ANZ78847,GVNKLQGLLEV,154,178.0
1213,HLA-DRB112:02,1078.29,ANZ78847,VVVMSTCAVNY,1213,179.0
1283,HLA-DRB112:02,1084.87,ANZ78847,KVLNQSYINLK,1283,180.0
1055,HLA-DRB112:02,1094.61,ANZ78847,LQQLSNRFGAI,1055,181.0
946,HLA-DRB112:02,1095.79,ANZ78847,ICVQSYKGIKV,946,182.0
194,HLA-DRB112:02,1098.2,ANZ78847,DTGVVSCLYKR,194,183.0
390,HLA-DRB112:02,1103.69,ANZ78847,AAKIYGMCFSS,390,184.0
402,HLA-DRB112:02,1118.7,ANZ78847,TIDKFAIPNGR,402,185.0
353,HLA-DRB112:02,1119.83,ANZ78847,VPSPLNWERKT,353,186.0
1286,HLA-DRB112:02,1123.21,ANZ78847,NQSYINLKDIG,1286,187.0
1230,HLA-DRB112:02,1123.43,ANZ78847,MLNTSIPNLPD,1230,188.0
994,HLA-DRB112:02,1127.73,ANZ78847,VQYRINGLGVT,994,189.0
317,HLA-DRB112:02,1130.54,ANZ78847,GVYELNGYTVQ,317,190.0
209,HLA-DRB112:02,1132.05,ANZ78847,DVNATYLYFHF,209,191.0
44,HLA-DRB112:02,1140.49,ANZ78847,VDVTNGLGTYY,44,192.0
178,HLA-DRB112:02,1154.27,ANZ78847,ICHPNLGNHFK,178,193.0
679,HLA-DRB112:02,1159.86,ANZ78847,IRSCYSGRVSA,679,194.0
140,HLA-DRB112:02,1160.24,ANZ78847,SVVVQPRTINS,140,195.0
244,HLA-DRB112:02,1167.38,ANZ78847,YLGMALSHYYV,244,196.0
161,HLA-DRB112:02,1167.77,ANZ78847,LLEVSVCQYNM,161,197.0
672,HLA-DRB112:02,1170.42,ANZ78847,LTNRTFMIRSC,672,198.0
444,HLA-DRB112:02,1173.69,ANZ78847,LPAANVSVSRF,444,199.0
576,HLA-DRB112:02,1177.17,ANZ78847,TCQPQAFLGWS,576,200.0
401,HLA-DRB112:02,1179.72,ANZ78847,ITIDKFAIPNG,401,201.0
1220,HLA-DRB112:02,1186.99,ANZ78847,AVNYTKAPYVM,1220,202.0
874,HLA-DRB112:02,1187.15,ANZ78847,GVTLSTKLKDG,874,203.0
447,HLA-DRB112:02,1188.13,ANZ78847,ANVSVSRFNPS,447,204.0
1006,HLA-DRB112:02,1188.26,ANZ78847,DVLSQNQKLIA,1006,205.0
1171,HLA-DRB112:02,1191.4,ANZ78847,PGLCIAGDRGI,1171,206.0
1004,HLA-DRB112:02,1192.27,ANZ78847,TMDVLSQNQKL,1004,207.0
193,HLA-DRB112:02,1194.99,ANZ78847,MDTGVVSCLYK,193,208.0
593,HLA-DRB112:02,1197.7,ANZ78847,GDKCNIFANLI,593,209.0
960,HLA-DRB112:02,1201.6,ANZ78847,LLSENQISGYT,960,210.0
2,HLA-DRB112:02,1208.09,ANZ78847,LILLISLPTAF,2,211.0
741,HLA-DRB112:02,1210.19,ANZ78847,ISVQTCDLTVG,741,212.0
1285,HLA-DRB112:02,1213.6,ANZ78847,LNQSYINLKDI,1285,213.0
59,HLA-DRB112:02,1214.22,ANZ78847,VYLNTTLFLNG,59,214.0
572,HLA-DRB112:02,1216.77,ANZ78847,GNPCTCQPQAF,572,215.0
577,HLA-DRB112:02,1221.1,ANZ78847,CQPQAFLGWSA,577,216.0
970,HLA-DRB112:02,1222.39,ANZ78847,TLAATSASLFP,970,217.0
325,HLA-DRB112:02,1225.38,ANZ78847,TVQPIADVYRR,325,218.0
1138,HLA-DRB112:02,1232.45,ANZ78847,GNHIISLVQNA,1138,219.0
1039,HLA-DRB112:02,1232.94,ANZ78847,KIQAVVNANAE,1039,220.0
733,HLA-DRB112:02,1234.59,ANZ78847,VNAYNSTAISV,733,221.0
1172,HLA-DRB112:02,1241.56,ANZ78847,GLCIAGDRGIA,1172,222.0
626,HLA-DRB112:02,1245.71,ANZ78847,LGVCVNYDLYG,626,223.0
1103,HLA-DRB112:02,1254.92,ANZ78847,QLSDSTLVKFS,1103,224.0
1221,HLA-DRB112:02,1263.19,ANZ78847,VNYTKAPYVML,1221,225.0
1208,HLA-DRB112:02,1265.96,ANZ78847,ITENNVVVMST,1208,226.0
65,HLA-DRB112:02,1268.46,ANZ78847,LFLNGYYPTSG,65,227.0
782,HLA-DRB112:02,1270.9,ANZ78847,VNSVNDSLEPV,782,228.0
1162,HLA-DRB112:02,1271.14,ANZ78847,TKYVTAKVSPG,1162,229.0
64,HLA-DRB112:02,1273.46,ANZ78847,TLFLNGYYPTS,64,230.0
892,HLA-DRB112:02,1279.68,ANZ78847,INFSSVLGCLG,892,231.0
709,HLA-DRB112:02,1282.29,ANZ78847,YVFNNSLTRQL,709,232.0
956,HLA-DRB112:02,1282.45,ANZ78847,VLPPLLSENQI,956,233.0
63,HLA-DRB112:02,1283.62,ANZ78847,TTLFLNGYYPT,63,234.0
954,HLA-DRB112:02,1290.3,ANZ78847,IKVLPPLLSEN,954,235.0
366,HLA-DRB112:02,1295.63,ANZ78847,NCNFNMSSLMS,366,236.0
1069,HLA-DRB112:02,1298.57,ANZ78847,LQEILSRLDAL,1069,237.0
7,HLA-DRB112:02,1298.85,ANZ78847,SLPTAFAVIGD,7,238.0
556,HLA-DRB112:02,1301.8,ANZ78847,IGEHCSGLAVK,556,239.0
77,HLA-DRB112:02,1307.67,ANZ78847,TYRNMALKGTD,77,240.0
420,HLA-DRB112:02,1308.75,ANZ78847,NLGYLQSFNYR,420,241.0
1068,HLA-DRB112:02,1310.89,ANZ78847,SLQEILSRLDA,1068,242.0
712,HLA-DRB112:02,1313.59,ANZ78847,NNSLTRQLQPI,712,243.0
974,HLA-DRB112:02,1315.9,ANZ78847,TSASLFPPWTA,974,244.0
1212,HLA-DRB112:02,1320.49,ANZ78847,NVVVMSTCAVN,1212,245.0
525,HLA-DRB112:02,1322.66,ANZ78847,TNYLTCHNLCN,525,246.0
39,HLA-DRB112:02,1334.92,ANZ78847,ISTATVDVTNG,39,247.0
1065,HLA-DRB112:02,1338.36,ANZ78847,ISSSLQEILSR,1065,248.0
573,HLA-DRB112:02,1338.87,ANZ78847,NPCTCQPQAFL,573,249.0
628,HLA-DRB112:02,1349.15,ANZ78847,VCVNYDLYGIS,628,250.0
355,HLA-DRB112:02,1362.97,ANZ78847,SPLNWERKTFS,355,251.0
481,HLA-DRB112:02,1366.03,ANZ78847,NHDVVYAQHCF,481,252.0
1169,HLA-DRB112:02,1375.58,ANZ78847,VSPGLCIAGDR,1169,253.0
1094,HLA-DRB112:02,1377.07,ANZ78847,TALNAYVSQQL,1094,254.0
245,HLA-DRB112:02,1377.71,ANZ78847,LGMALSHYYVM,245,255.0
274,HLA-DRB112:02,1380.89,ANZ78847,TPLTSRQYLLA,274,256.0
797,HLA-DRB112:02,1383.14,ANZ78847,EIQIPSDFTIG,797,257.0
875,HLA-DRB112:02,1392.4,ANZ78847,VTLSTKLKDGV,875,258.0
309,HLA-DRB112:02,1399.17,ANZ78847,TQSIAPPTGVY,309,259.0
15,HLA-DRB112:02,1403.67,ANZ78847,IGDLKCPLDSR,15,260.0
1326,HLA-DRB112:02,1407.81,ANZ78847,ICCCTGCGTSC,1326,261.0
1020,HLA-DRB112:02,1407.91,ANZ78847,NNALDAIQEGF,1020,262.0
415,HLA-DRB112:02,1411.69,ANZ78847,DLQLGNLGYLQ,415,263.0
371,HLA-DRB112:02,1417.52,ANZ78847,MSSLMSFIQAD,371,264.0
1245,HLA-DRB112:02,1426.85,ANZ78847,LDQWFKNQTSV,1245,265.0
69,HLA-DRB112:02,1437.45,ANZ78847,GYYPTSGSTYR,69,266.0
1064,HLA-DRB112:02,1438.15,ANZ78847,AISSSLQEILS,1064,267.0
37,HLA-DRB112:02,1445.2,ANZ78847,PSISTATVDVT,37,268.0
1085,HLA-DRB112:02,1445.35,ANZ78847,IDRLINGRLTA,1085,269.0
864,HLA-DRB112:02,1462.88,ANZ78847,QLQVANSLMNG,864,270.0
3,HLA-DRB112:02,1476.35,ANZ78847,ILLISLPTAFA,3,271.0
1179,HLA-DRB112:02,1494.03,ANZ78847,RGIAPKSGYFV,1179,272.0
850,HLA-DRB112:02,1498.78,ANZ78847,NAILTEVNELL,850,273.0
470,HLA-DRB112:02,1499.86,ANZ78847,VFKPQPAGVLT,470,274.0
439,HLA-DRB112:02,1502.56,ANZ78847,QLYYNLPAANV,439,275.0
1086,HLA-DRB112:02,1505.34,ANZ78847,DRLINGRLTAL,1086,276.0
162,HLA-DRB112:02,1518.82,ANZ78847,LEVSVCQYNMC,162,277.0
998,HLA-DRB112:02,1522.94,ANZ78847,INGLGVTMDVL,998,278.0
526,HLA-DRB112:02,1532.2,ANZ78847,NYLTCHNLCNP,526,279.0
705,HLA-DRB112:02,1539.74,ANZ78847,IKCNYVFNNSL,705,280.0
735,HLA-DRB112:02,1543.7,ANZ78847,AYNSTAISVQT,735,281.0
246,HLA-DRB112:02,1544.68,ANZ78847,GMALSHYYVMP,246,282.0
645,HLA-DRB112:02,1547.1,ANZ78847,EVNATYYNSWQ,645,283.0
1036,HLA-DRB112:02,1550.57,ANZ78847,ALVKIQAVVNA,1036,284.0
137,HLA-DRB112:02,1551.64,ANZ78847,TSYSVVVQPRT,137,285.0
1170,HLA-DRB112:02,1554.29,ANZ78847,SPGLCIAGDRG,1170,286.0
1032,HLA-DRB112:02,1564.16,ANZ78847,ATNSALVKIQA,1032,287.0
1211,HLA-DRB112:02,1569.91,ANZ78847,NNVVVMSTCAV,1211,288.0
601,HLA-DRB112:02,1577.98,ANZ78847,NLILHDVNSGL,601,289.0
983,HLA-DRB112:02,1579.56,ANZ78847,TAAAGVPFYLN,983,290.0
857,HLA-DRB112:02,1581.29,ANZ78847,NELLDTTQLQV,857,291.0
1278,HLA-DRB112:02,1582.84,ANZ78847,LQEAIKVLNQS,1278,292.0
1155,HLA-DRB112:02,1583.5,ANZ78847,IHFSYVPTKYV,1155,293.0
173,HLA-DRB112:02,1583.93,ANZ78847,EYPHTICHPNL,173,294.0
344,HLA-DRB112:02,1586.98,ANZ78847,IEAWLNDKSVP,344,295.0
1152,HLA-DRB112:02,1590.18,ANZ78847,LYFIHFSYVPT,1152,296.0
1227,HLA-DRB112:02,1591.43,ANZ78847,PYVMLNTSIPN,1227,297.0
802,HLA-DRB112:02,1597.67,ANZ78847,SDFTIGNMEEF,802,298.0
48,HLA-DRB112:02,1600.24,ANZ78847,NGLGTYYVLDR,48,299.0
1067,HLA-DRB112:02,1603.04,ANZ78847,SSLQEILSRLD,1067,300.0
646,HLA-DRB112:02,1606.46,ANZ78847,VNATYYNSWQN,646,301.0
913,HLA-DRB112:02,1611.77,ANZ78847,AIEDLLFDKVK,913,302.0
575,HLA-DRB112:02,1619.69,ANZ78847,CTCQPQAFLGW,575,303.0
896,HLA-DRB112:02,1625.74,ANZ78847,SVLGCLGSECS,896,304.0
316,HLA-DRB112:02,1629.99,ANZ78847,TGVYELNGYTV,316,305.0
871,HLA-DRB112:02,1633.08,ANZ78847,LMNGVTLSTKL,871,306.0
729,HLA-DRB112:02,1635.35,ANZ78847,LGCVVNAYNST,729,307.0
873,HLA-DRB112:02,1637.78,ANZ78847,NGVTLSTKLKD,873,308.0
80,HLA-DRB112:02,1639.03,ANZ78847,NMALKGTDKLS,80,309.0
373,HLA-DRB112:02,1641.66,ANZ78847,SLMSFIQADSF,373,310.0
210,HLA-DRB112:02,1643.43,ANZ78847,VNATYLYFHFY,210,311.0
740,HLA-DRB112:02,1644.84,ANZ78847,AISVQTCDLTV,740,312.0
1225,HLA-DRB112:02,1645.32,ANZ78847,KAPYVMLNTSI,1225,313.0
91,HLA-DRB112:02,1654.72,ANZ78847,TLWFKPPFLSD,91,314.0
303,HLA-DRB112:02,1661.03,ANZ78847,SEIKCKTQSIA,303,315.0
1263,HLA-DRB112:02,1661.61,ANZ78847,YINVTFLDLQV,1263,316.0
739,HLA-DRB112:02,1679.94,ANZ78847,TAISVQTCDLT,739,317.0
1002,HLA-DRB112:02,1680.91,ANZ78847,GVTMDVLSQNQ,1002,318.0
1142,HLA-DRB112:02,1687.46,ANZ78847,ISLVQNAPYGL,1142,319.0
53,HLA-DRB112:02,1688.48,ANZ78847,YYVLDRVYLNT,53,320.0
115,HLA-DRB112:02,1690.82,ANZ78847,VFKDGVMYSEF,115,321.0
391,HLA-DRB112:02,1692.09,ANZ78847,AKIYGMCFSSI,391,322.0
940,HLA-DRB112:02,1697.45,ANZ78847,AEIRDLICVQS,940,323.0
208,HLA-DRB112:02,1705.06,ANZ78847,YDVNATYLYFH,208,324.0
658,HLA-DRB112:02,1709.62,ANZ78847,LYDSNGNLYGF,658,325.0
247,HLA-DRB112:02,1712.3,ANZ78847,MALSHYYVMPL,247,326.0
632,HLA-DRB112:02,1723.33,ANZ78847,YDLYGISGQGI,632,327.0
38,HLA-DRB112:02,1725.92,ANZ78847,SISTATVDVTN,38,328.0
47,HLA-DRB112:02,1727.02,ANZ78847,TNGLGTYYVLD,47,329.0
624,HLA-DRB112:02,1728.09,ANZ78847,IKLGVCVNYDL,624,330.0
1037,HLA-DRB112:02,1728.38,ANZ78847,LVKIQAVVNAN,1037,331.0
259,HLA-DRB112:02,1735.04,ANZ78847,CISRRNIGFTL,259,332.0
1267,HLA-DRB112:02,1742.78,ANZ78847,TFLDLQVEMNR,1267,333.0
650,HLA-DRB112:02,1744.45,ANZ78847,YYNSWQNLLYD,650,334.0
731,HLA-DRB112:02,1748.33,ANZ78847,CVVNAYNSTAI,731,335.0
1071,HLA-DRB112:02,1753.51,ANZ78847,EILSRLDALEA,1071,336.0
971,HLA-DRB112:02,1758.45,ANZ78847,LAATSASLFPP,971,337.0
437,HLA-DRB112:02,1770.47,ANZ78847,SCQLYYNLPAA,437,338.0
554,HLA-DRB112:02,1778.29,ANZ78847,VGIGEHCSGLA,554,339.0
106,HLA-DRB112:02,1786.46,ANZ78847,IFAKVKNTKVF,106,340.0
515,HLA-DRB112:02,1786.5,ANZ78847,NNGIGTCPAGT,515,341.0
929,HLA-DRB112:02,1789.12,ANZ78847,FVAAYNNCTGG,929,342.0
518,HLA-DRB112:02,1792.39,ANZ78847,IGTCPAGTNYL,518,343.0
755,HLA-DRB112:02,1799.33,ANZ78847,CVDYSKNRRSR,755,344.0
165,HLA-DRB112:02,1819.6,ANZ78847,SVCQYNMCEYP,165,345.0
1270,HLA-DRB112:02,1824.97,ANZ78847,DLQVEMNRLQE,1270,346.0
341,HLA-DRB112:02,1825.45,ANZ78847,NCNIEAWLNDK,341,347.0
644,HLA-DRB112:02,1828.08,ANZ78847,VEVNATYYNSW,644,348.0
310,HLA-DRB112:02,1829.62,ANZ78847,QSIAPPTGVYE,310,349.0
179,HLA-DRB112:02,1831.81,ANZ78847,CHPNLGNHFKE,179,350.0
795,HLA-DRB112:02,1836.4,ANZ78847,LYEIQIPSDFT,795,351.0
386,HLA-DRB112:02,1846.32,ANZ78847,NNIDAAKIYGM,386,352.0
706,HLA-DRB112:02,1848.32,ANZ78847,KCNYVFNNSLT,706,353.0
324,HLA-DRB112:02,1850.82,ANZ78847,YTVQPIADVYR,324,354.0
131,HLA-DRB112:02,1862.15,ANZ78847,GSTFVNTSYSV,131,355.0
1264,HLA-DRB112:02,1863.11,ANZ78847,INVTFLDLQVE,1264,356.0
1272,HLA-DRB112:02,1867.73,ANZ78847,QVEMNRLQEAI,1272,357.0
243,HLA-DRB112:02,1871.27,ANZ78847,VYLGMALSHYY,243,358.0
129,HLA-DRB112:02,1877.75,ANZ78847,TIGSTFVNTSY,129,359.0
1273,HLA-DRB112:02,1895.55,ANZ78847,VEMNRLQEAIK,1273,360.0
215,HLA-DRB112:02,1896.98,ANZ78847,LYFHFYQEGGT,215,361.0
1281,HLA-DRB112:02,1904.68,ANZ78847,AIKVLNQSYIN,1281,362.0
469,HLA-DRB112:02,1908.89,ANZ78847,SVFKPQPAGVL,469,363.0
270,HLA-DRB112:02,1916.97,ANZ78847,EYWVTPLTSRQ,270,364.0
132,HLA-DRB112:02,1924.73,ANZ78847,STFVNTSYSVV,132,365.0
856,HLA-DRB112:02,1926.17,ANZ78847,VNELLDTTQLQ,856,366.0
43,HLA-DRB112:02,1926.63,ANZ78847,TVDVTNGLGTY,43,367.0
1228,HLA-DRB112:02,1937.88,ANZ78847,YVMLNTSIPNL,1228,368.0
431,HLA-DRB112:02,1948.38,ANZ78847,IDTTATSCQLY,431,369.0
804,HLA-DRB112:02,1958.25,ANZ78847,FTIGNMEEFIQ,804,370.0
252,HLA-DRB112:02,1960.37,ANZ78847,YYVMPLTCISR,252,371.0
604,HLA-DRB112:02,1962.05,ANZ78847,LHDVNSGLTCS,604,372.0
1280,HLA-DRB112:02,1969.54,ANZ78847,EAIKVLNQSYI,1280,373.0
180,HLA-DRB112:02,1971.66,ANZ78847,HPNLGNHFKEL,180,374.0
55,HLA-DRB112:02,1971.91,ANZ78847,VLDRVYLNTTL,55,375.0
972,HLA-DRB112:02,1972.42,ANZ78847,AATSASLFPPW,972,376.0
384,HLA-DRB112:02,1981.85,ANZ78847,TCNNIDAAKIY,384,377.0
858,HLA-DRB112:02,1984.91,ANZ78847,ELLDTTQLQVA,858,378.0
951,HLA-DRB112:02,1989.44,ANZ78847,YKGIKVLPPLL,951,379.0
181,HLA-DRB112:02,1989.89,ANZ78847,PNLGNHFKELW,181,380.0
914,HLA-DRB112:02,1991.53,ANZ78847,IEDLLFDKVKL,914,381.0
454,HLA-DRB112:02,1994.32,ANZ78847,FNPSTWNKRFG,454,382.0
879,HLA-DRB112:02,2002.53,ANZ78847,TKLKDGVNFNV,879,383.0
342,HLA-DRB112:02,2005.59,ANZ78847,CNIEAWLNDKS,342,384.0
1033,HLA-DRB112:02,2012.74,ANZ78847,TNSALVKIQAV,1033,385.0
734,HLA-DRB112:02,2020.57,ANZ78847,NAYNSTAISVQ,734,386.0
293,HLA-DRB112:02,2026.74,ANZ78847,NAVDCMSDFMS,293,387.0
271,HLA-DRB112:02,2032.2,ANZ78847,YWVTPLTSRQY,271,388.0
1218,HLA-DRB112:02,2037.32,ANZ78847,TCAVNYTKAPY,1218,389.0
1153,HLA-DRB112:02,2039.28,ANZ78847,YFIHFSYVPTK,1153,390.0
1120,HLA-DRB112:02,2069.49,ANZ78847,KVNECVKSQSS,1120,391.0
89,HLA-DRB112:02,2074.81,ANZ78847,LSTLWFKPPFL,89,392.0
163,HLA-DRB112:02,2078.35,ANZ78847,EVSVCQYNMCE,163,393.0
42,HLA-DRB112:02,2091.79,ANZ78847,ATVDVTNGLGT,42,394.0
1129,HLA-DRB112:02,2097.26,ANZ78847,SSRINFCGNGN,1129,395.0
551,HLA-DRB112:02,2099.24,ANZ78847,KSLVGIGEHCS,551,396.0
1164,HLA-DRB112:02,2103.58,ANZ78847,YVTAKVSPGLC,1164,397.0
327,HLA-DRB112:02,2103.78,ANZ78847,QPIADVYRRKP,327,398.0
442,HLA-DRB112:02,2104.56,ANZ78847,YNLPAANVSVS,442,399.0
765,HLA-DRB112:02,2115.52,ANZ78847,RRAITTGYRFT,765,400.0
1104,HLA-DRB112:02,2115.89,ANZ78847,LSDSTLVKFSA,1104,401.0
596,HLA-DRB112:02,2117.08,ANZ78847,CNIFANLILHD,596,402.0
1167,HLA-DRB112:02,2124.08,ANZ78847,AKVSPGLCIAG,1167,403.0
134,HLA-DRB112:02,2128.17,ANZ78847,FVNTSYSVVVQ,134,404.0
372,HLA-DRB112:02,2136.16,ANZ78847,SSLMSFIQADS,372,405.0
54,HLA-DRB112:02,2142.41,ANZ78847,YVLDRVYLNTT,54,406.0
350,HLA-DRB112:02,2146.11,ANZ78847,DKSVPSPLNWE,350,407.0
955,HLA-DRB112:02,2146.73,ANZ78847,KVLPPLLSENQ,955,408.0
421,HLA-DRB112:02,2170.43,ANZ78847,LGYLQSFNYRI,421,409.0
167,HLA-DRB112:02,2177.88,ANZ78847,CQYNMCEYPHT,167,410.0
1180,HLA-DRB112:02,2177.96,ANZ78847,GIAPKSGYFVN,1180,411.0
387,HLA-DRB112:02,2179.62,ANZ78847,NIDAAKIYGMC,387,412.0
656,HLA-DRB112:02,2180.38,ANZ78847,NLLYDSNGNLY,656,413.0
609,HLA-DRB112:02,2180.49,ANZ78847,SGLTCSTDLQK,609,414.0
171,HLA-DRB112:02,2195.4,ANZ78847,MCEYPHTICHP,171,415.0
996,HLA-DRB112:02,2204.53,ANZ78847,YRINGLGVTMD,996,416.0
711,HLA-DRB112:02,2208.88,ANZ78847,FNNSLTRQLQP,711,417.0
98,HLA-DRB112:02,2210.49,ANZ78847,FLSDFINGIFA,98,418.0
477,HLA-DRB112:02,2212.45,ANZ78847,GVLTNHDVVYA,477,419.0
135,HLA-DRB112:02,2214.01,ANZ78847,VNTSYSVVVQP,135,420.0
989,HLA-DRB112:02,2217.06,ANZ78847,PFYLNVQYRIN,989,421.0
110,HLA-DRB112:02,2217.67,ANZ78847,VKNTKVFKDGV,110,422.0
846,HLA-DRB112:02,2220.59,ANZ78847,CDNINAILTEV,846,423.0
847,HLA-DRB112:02,2228.29,ANZ78847,DNINAILTEVN,847,424.0
101,HLA-DRB112:02,2229.81,ANZ78847,DFINGIFAKVK,101,425.0
1194,HLA-DRB112:02,2233.37,ANZ78847,TWMYTGSGYYY,1194,426.0
961,HLA-DRB112:02,2239.28,ANZ78847,LSENQISGYTL,961,427.0
289,HLA-DRB112:02,2243.66,ANZ78847,GIIFNAVDCMS,289,428.0
260,HLA-DRB112:02,2246.99,ANZ78847,ISRRNIGFTLE,260,429.0
189,HLA-DRB112:02,2256.28,ANZ78847,ELWHMDTGVVS,189,430.0
1011,HLA-DRB112:02,2265.43,ANZ78847,NQKLIANAFNN,1011,431.0
158,HLA-DRB112:02,2275.65,ANZ78847,LQGLLEVSVCQ,158,432.0
126,HLA-DRB112:02,2279.01,ANZ78847,PAITIGSTFVN,126,433.0
1041,HLA-DRB112:02,2286.06,ANZ78847,QAVVNANAEAL,1041,434.0
1165,HLA-DRB112:02,2290.97,ANZ78847,VTAKVSPGLCI,1165,435.0
605,HLA-DRB112:02,2292.72,ANZ78847,HDVNSGLTCST,605,436.0
631,HLA-DRB112:02,2295.14,ANZ78847,NYDLYGISGQG,631,437.0
139,HLA-DRB112:02,2301.55,ANZ78847,YSVVVQPRTIN,139,438.0
500,HLA-DRB112:02,2303.65,ANZ78847,CKSNSSLCVGS,500,439.0
75,HLA-DRB112:02,2314.66,ANZ78847,GSTYRNMALKG,75,440.0
1145,HLA-DRB112:02,2318.15,ANZ78847,VQNAPYGLYFI,1145,441.0
696,HLA-DRB112:02,2322.3,ANZ78847,SEPALLFRNIK,696,442.0
479,HLA-DRB112:02,2331.9,ANZ78847,LTNHDVVYAQH,479,443.0
822,HLA-DRB112:02,2347.24,ANZ78847,IDCAAFVCGDY,822,444.0
146,HLA-DRB112:02,2347.32,ANZ78847,RTINSTQDGVN,146,445.0
1310,HLA-DRB112:02,2360.81,ANZ78847,LLICLAGVAML,1310,446.0
268,HLA-DRB112:02,2368.02,ANZ78847,TLEYWVTPLTS,268,447.0
805,HLA-DRB112:02,2373.84,ANZ78847,TIGNMEEFIQT,805,448.0
17,HLA-DRB112:02,2379.57,ANZ78847,DLKCPLDSRTG,17,449.0
403,HLA-DRB112:02,2381.96,ANZ78847,IDKFAIPNGRK,403,450.0
923,HLA-DRB112:02,2384.85,ANZ78847,KLSDVGFVAAY,923,451.0
1288,HLA-DRB112:02,2388.68,ANZ78847,SYINLKDIGTY,1288,452.0
282,HLA-DRB112:02,2391.84,ANZ78847,LLAFNQDGIIF,282,453.0
338,HLA-DRB112:02,2413.73,ANZ78847,DLPNCNIEAWL,338,454.0
622,HLA-DRB112:02,2414.61,ANZ78847,TDIKLGVCVNY,622,455.0
1102,HLA-DRB112:02,2419.66,ANZ78847,QQLSDSTLVKF,1102,456.0
1022,HLA-DRB112:02,2437.63,ANZ78847,ALDAIQEGFDA,1022,457.0
4,HLA-DRB112:02,2442.55,ANZ78847,LLISLPTAFAV,4,458.0
145,HLA-DRB112:02,2443.09,ANZ78847,PRTINSTQDGV,145,459.0
1178,HLA-DRB112:02,2451.23,ANZ78847,DRGIAPKSGYF,1178,460.0
445,HLA-DRB112:02,2462.49,ANZ78847,PAANVSVSRFN,445,461.0
812,HLA-DRB112:02,2467.8,ANZ78847,FIQTSSPKVTI,812,462.0
1327,HLA-DRB112:02,2470.87,ANZ78847,CCCTGCGTSCF,1327,463.0
349,HLA-DRB112:02,2479.1,ANZ78847,NDKSVPSPLNW,349,464.0
990,HLA-DRB112:02,2484.22,ANZ78847,FYLNVQYRING,990,465.0
321,HLA-DRB112:02,2487.9,ANZ78847,LNGYTVQPIAD,321,466.0
1275,HLA-DRB112:02,2488.82,ANZ78847,MNRLQEAIKVL,1275,467.0
1110,HLA-DRB112:02,2492.6,ANZ78847,VKFSAAQAMEK,1110,468.0
800,HLA-DRB112:02,2494.27,ANZ78847,IPSDFTIGNME,800,469.0
888,HLA-DRB112:02,2501.93,ANZ78847,NVDDINFSSVL,888,470.0
852,HLA-DRB112:02,2521.05,ANZ78847,ILTEVNELLDT,852,471.0
931,HLA-DRB112:02,2529.35,ANZ78847,AAYNNCTGGAE,931,472.0
1293,HLA-DRB112:02,2529.45,ANZ78847,KDIGTYEYYVK,1293,473.0
183,HLA-DRB112:02,2532.62,ANZ78847,LGNHFKELWHM,183,474.0
166,HLA-DRB112:02,2539.02,ANZ78847,VCQYNMCEYPH,166,475.0
200,HLA-DRB112:02,2540.96,ANZ78847,CLYKRNFTYDV,200,476.0
859,HLA-DRB112:02,2541.09,ANZ78847,LLDTTQLQVAN,859,477.0
258,HLA-DRB112:02,2542.26,ANZ78847,TCISRRNIGFT,258,478.0
363,HLA-DRB112:02,2548.91,ANZ78847,TFSNCNFNMSS,363,479.0
1331,HLA-DRB112:02,2553.5,ANZ78847,GCGTSCFKKCG,1331,480.0
294,HLA-DRB112:02,2556.5,ANZ78847,AVDCMSDFMSE,294,481.0
719,HLA-DRB112:02,2560.33,ANZ78847,LQPINYFDSYL,719,482.0
703,HLA-DRB112:02,2561.34,ANZ78847,RNIKCNYVFNN,703,483.0
1070,HLA-DRB112:02,2566.28,ANZ78847,QEILSRLDALE,1070,484.0
41,HLA-DRB112:02,2574.98,ANZ78847,TATVDVTNGLG,41,485.0
962,HLA-DRB112:02,2577.7,ANZ78847,SENQISGYTLA,962,486.0
1216,HLA-DRB112:02,2581.2,ANZ78847,MSTCAVNYTKA,1216,487.0
195,HLA-DRB112:02,2585.31,ANZ78847,TGVVSCLYKRN,195,488.0
61,HLA-DRB112:02,2595.54,ANZ78847,LNTTLFLNGYY,61,489.0
207,HLA-DRB112:02,2602.67,ANZ78847,TYDVNATYLYF,207,490.0
153,HLA-DRB112:02,2603.06,ANZ78847,DGVNKLQGLLE,153,491.0
367,HLA-DRB112:02,2603.9,ANZ78847,CNFNMSSLMSF,367,492.0
1101,HLA-DRB112:02,2604.84,ANZ78847,SQQLSDSTLVK,1101,493.0
941,HLA-DRB112:02,2613.98,ANZ78847,EIRDLICVQSY,941,494.0
311,HLA-DRB112:02,2625.68,ANZ78847,SIAPPTGVYEL,311,495.0
713,HLA-DRB112:02,2626.94,ANZ78847,NSLTRQLQPIN,713,496.0
418,HLA-DRB112:02,2634.12,ANZ78847,LGNLGYLQSFN,418,497.0
538,HLA-DRB112:02,2637.99,ANZ78847,PITFTGPYKCP,538,498.0
597,HLA-DRB112:02,2642.58,ANZ78847,NIFANLILHDV,597,499.0
1192,HLA-DRB112:02,2653.86,ANZ78847,NNTWMYTGSGY,1192,500.0
594,HLA-DRB112:02,2658.72,ANZ78847,DKCNIFANLIL,594,501.0
388,HLA-DRB112:02,2662.69,ANZ78847,IDAAKIYGMCF,388,502.0
798,HLA-DRB112:02,2663.68,ANZ78847,IQIPSDFTIGN,798,503.0
1261,HLA-DRB112:02,2674.97,ANZ78847,LDYINVTFLDL,1261,504.0
1122,HLA-DRB112:02,2676.21,ANZ78847,NECVKSQSSRI,1122,505.0
305,HLA-DRB112:02,2676.65,ANZ78847,IKCKTQSIAPP,305,506.0
264,HLA-DRB112:02,2682.71,ANZ78847,NIGFTLEYWVT,264,507.0
112,HLA-DRB112:02,2684.52,ANZ78847,NTKVFKDGVMY,112,508.0
527,HLA-DRB112:02,2703.25,ANZ78847,YLTCHNLCNPD,527,509.0
999,HLA-DRB112:02,2703.97,ANZ78847,NGLGVTMDVLS,999,510.0
1066,HLA-DRB112:02,2720.77,ANZ78847,SSSLQEILSRL,1066,511.0
1247,HLA-DRB112:02,2739.79,ANZ78847,QWFKNQTSVAP,1247,512.0
786,HLA-DRB112:02,2751.18,ANZ78847,NDSLEPVGGLY,786,513.0
451,HLA-DRB112:02,2769.89,ANZ78847,VSRFNPSTWNK,451,514.0
747,HLA-DRB112:02,2770.61,ANZ78847,DLTVGSGYCVD,747,515.0
257,HLA-DRB112:02,2772.16,ANZ78847,LTCISRRNIGF,257,516.0
1137,HLA-DRB112:02,2775.92,ANZ78847,NGNHIISLVQN,1137,517.0
337,HLA-DRB112:02,2787.58,ANZ78847,PDLPNCNIEAW,337,518.0
693,HLA-DRB112:02,2788.51,ANZ78847,ANSSEPALLFR,693,519.0
412,HLA-DRB112:02,2789.68,ANZ78847,RKVDLQLGNLG,412,520.0
1193,HLA-DRB112:02,2799.28,ANZ78847,NTWMYTGSGYY,1193,521.0
389,HLA-DRB112:02,2801.65,ANZ78847,DAAKIYGMCFS,389,522.0
263,HLA-DRB112:02,2802.94,ANZ78847,RNIGFTLEYWV,263,523.0
468,HLA-DRB112:02,2807.85,ANZ78847,DSVFKPQPAGV,468,524.0
817,HLA-DRB112:02,2811.51,ANZ78847,SPKVTIDCAAF,817,525.0
1163,HLA-DRB112:02,2813.69,ANZ78847,KYVTAKVSPGL,1163,526.0
228,HLA-DRB112:02,2815.56,ANZ78847,AYFTDTGVVTK,228,527.0
378,HLA-DRB112:02,2819.43,ANZ78847,IQADSFTCNNI,378,528.0
562,HLA-DRB112:02,2821.14,ANZ78847,GLAVKSDYCGG,562,529.0
1265,HLA-DRB112:02,2823.73,ANZ78847,NVTFLDLQVEM,1265,530.0
915,HLA-DRB112:02,2829.94,ANZ78847,EDLLFDKVKLS,915,531.0
117,HLA-DRB112:02,2836.85,ANZ78847,KDGVMYSEFPA,117,532.0
571,HLA-DRB112:02,2838.63,ANZ78847,GGNPCTCQPQA,571,533.0
891,HLA-DRB112:02,2839.81,ANZ78847,DINFSSVLGCL,891,534.0
894,HLA-DRB112:02,2850.94,ANZ78847,FSSVLGCLGSE,894,535.0
267,HLA-DRB112:02,2851.32,ANZ78847,FTLEYWVTPLT,267,536.0
436,HLA-DRB112:02,2854.83,ANZ78847,TSCQLYYNLPA,436,537.0
498,HLA-DRB112:02,2856.43,ANZ78847,CPCKSNSSLCV,498,538.0
959,HLA-DRB112:02,2857.08,ANZ78847,PLLSENQISGY,959,539.0
745,HLA-DRB112:02,2874.58,ANZ78847,TCDLTVGSGYC,745,540.0
783,HLA-DRB112:02,2884.36,ANZ78847,NSVNDSLEPVG,783,541.0
67,HLA-DRB112:02,2890.31,ANZ78847,LNGYYPTSGST,67,542.0
887,HLA-DRB112:02,2891.82,ANZ78847,FNVDDINFSSV,887,543.0
455,HLA-DRB112:02,2892.74,ANZ78847,NPSTWNKRFGF,455,544.0
392,HLA-DRB112:02,2911.01,ANZ78847,KIYGMCFSSIT,392,545.0
984,HLA-DRB112:02,2918.07,ANZ78847,AAAGVPFYLNV,984,546.0
932,HLA-DRB112:02,2918.14,ANZ78847,AYNNCTGGAEI,932,547.0
242,HLA-DRB112:02,2921.12,ANZ78847,NVYLGMALSHY,242,548.0
109,HLA-DRB112:02,2936.76,ANZ78847,KVKNTKVFKDG,109,549.0
950,HLA-DRB112:02,2942.51,ANZ78847,SYKGIKVLPPL,950,550.0
1063,HLA-DRB112:02,2945.18,ANZ78847,GAISSSLQEIL,1063,551.0
1072,HLA-DRB112:02,2951.7,ANZ78847,ILSRLDALEAE,1072,552.0
819,HLA-DRB112:02,2961.07,ANZ78847,KVTIDCAAFVC,819,553.0
502,HLA-DRB112:02,2963.75,ANZ78847,SNSSLCVGSGP,502,554.0
148,HLA-DRB112:02,2972.17,ANZ78847,INSTQDGVNKL,148,555.0
920,HLA-DRB112:02,2976.9,ANZ78847,DKVKLSDVGFV,920,556.0
975,HLA-DRB112:02,2984.49,ANZ78847,SASLFPPWTAA,975,557.0
828,HLA-DRB112:02,2984.53,ANZ78847,VCGDYAACKSQ,828,558.0
423,HLA-DRB112:02,2988.53,ANZ78847,YLQSFNYRIDT,423,559.0
1023,HLA-DRB112:02,2988.69,ANZ78847,LDAIQEGFDAT,1023,560.0
302,HLA-DRB112:02,2997.51,ANZ78847,MSEIKCKTQSI,302,561.0
1031,HLA-DRB112:02,3001.64,ANZ78847,DATNSALVKIQ,1031,562.0
214,HLA-DRB112:02,3011.02,ANZ78847,YLYFHFYQEGG,214,563.0
997,HLA-DRB112:02,3012.18,ANZ78847,RINGLGVTMDV,997,564.0
237,HLA-DRB112:02,3022.62,ANZ78847,TKFLFNVYLGM,237,565.0
905,HLA-DRB112:02,3040.54,ANZ78847,CSKASSRSAIE,905,566.0
1044,HLA-DRB112:02,3048.4,ANZ78847,VNANAEALNNL,1044,567.0
1161,HLA-DRB112:02,3066.98,ANZ78847,PTKYVTAKVSP,1161,568.0
803,HLA-DRB112:02,3071.78,ANZ78847,DFTIGNMEEFI,803,569.0
304,HLA-DRB112:02,3079.23,ANZ78847,EIKCKTQSIAP,304,570.0
175,HLA-DRB112:02,3081.2,ANZ78847,PHTICHPNLGN,175,571.0
535,HLA-DRB112:02,3084.28,ANZ78847,NPDPITFTGPY,535,572.0
438,HLA-DRB112:02,3084.94,ANZ78847,CQLYYNLPAAN,438,573.0
138,HLA-DRB112:02,3092.11,ANZ78847,SYSVVVQPRTI,138,574.0
980,HLA-DRB112:02,3105.23,ANZ78847,PPWTAAAGVPF,980,575.0
818,HLA-DRB112:02,3111.92,ANZ78847,PKVTIDCAAFV,818,576.0
1148,HLA-DRB112:02,3126.89,ANZ78847,APYGLYFIHFS,1148,577.0
1089,HLA-DRB112:02,3129.18,ANZ78847,INGRLTALNAY,1089,578.0
744,HLA-DRB112:02,3145.21,ANZ78847,QTCDLTVGSGY,744,579.0
275,HLA-DRB112:02,3157.53,ANZ78847,PLTSRQYLLAF,275,580.0
328,HLA-DRB112:02,3167.0,ANZ78847,PIADVYRRKPD,328,581.0
81,HLA-DRB112:02,3178.18,ANZ78847,MALKGTDKLST,81,582.0
784,HLA-DRB112:02,3182.16,ANZ78847,SVNDSLEPVGG,784,583.0
675,HLA-DRB112:02,3188.76,ANZ78847,RTFMIRSCYSG,675,584.0
633,HLA-DRB112:02,3199.42,ANZ78847,DLYGISGQGIF,633,585.0
1150,HLA-DRB112:02,3199.68,ANZ78847,YGLYFIHFSYV,1150,586.0
553,HLA-DRB112:02,3216.48,ANZ78847,LVGIGEHCSGL,553,587.0
860,HLA-DRB112:02,3216.48,ANZ78847,LDTTQLQVANS,860,587.0
963,HLA-DRB112:02,3220.08,ANZ78847,ENQISGYTLAA,963,589.0
241,HLA-DRB112:02,3228.07,ANZ78847,FNVYLGMALSH,241,590.0
198,HLA-DRB112:02,3231.44,ANZ78847,VSCLYKRNFTY,198,591.0
620,HLA-DRB112:02,3235.2,ANZ78847,ANTDIKLGVCV,620,592.0
113,HLA-DRB112:02,3238.16,ANZ78847,TKVFKDGVMYS,113,593.0
1130,HLA-DRB112:02,3240.45,ANZ78847,SRINFCGNGNH,1130,594.0
465,HLA-DRB112:02,3242.26,ANZ78847,FIEDSVFKPQP,465,595.0
354,HLA-DRB112:02,3246.08,ANZ78847,PSPLNWERKTF,354,596.0
130,HLA-DRB112:02,3250.79,ANZ78847,IGSTFVNTSYS,130,597.0
738,HLA-DRB112:02,3265.64,ANZ78847,STAISVQTCDL,738,598.0
1106,HLA-DRB112:02,3281.99,ANZ78847,DSTLVKFSAAQ,1106,599.0
1173,HLA-DRB112:02,3285.43,ANZ78847,LCIAGDRGIAP,1173,600.0
986,HLA-DRB112:02,3286.35,ANZ78847,AGVPFYLNVQY,986,601.0
133,HLA-DRB112:02,3323.76,ANZ78847,TFVNTSYSVVV,133,602.0
136,HLA-DRB112:02,3325.06,ANZ78847,NTSYSVVVQPR,136,603.0
213,HLA-DRB112:02,3327.32,ANZ78847,TYLYFHFYQEG,213,604.0
356,HLA-DRB112:02,3348.1,ANZ78847,PLNWERKTFSN,356,605.0
830,HLA-DRB112:02,3351.88,ANZ78847,GDYAACKSQLV,830,606.0
965,HLA-DRB112:02,3363.1,ANZ78847,QISGYTLAATS,965,607.0
1291,HLA-DRB112:02,3364.73,ANZ78847,NLKDIGTYEYY,1291,608.0
494,HLA-DRB112:02,3396.45,ANZ78847,PKNFCPCKSNS,494,609.0
370,HLA-DRB112:02,3398.21,ANZ78847,NMSSLMSFIQA,370,610.0
13,HLA-DRB112:02,3398.75,ANZ78847,AVIGDLKCPLD,13,611.0
288,HLA-DRB112:02,3400.12,ANZ78847,DGIIFNAVDCM,288,612.0
598,HLA-DRB112:02,3402.12,ANZ78847,IFANLILHDVN,598,613.0
1156,HLA-DRB112:02,3404.26,ANZ78847,HFSYVPTKYVT,1156,614.0
1258,HLA-DRB112:02,3410.51,ANZ78847,DLALDYINVTF,1258,615.0
726,HLA-DRB112:02,3413.41,ANZ78847,DSYLGCVVNAY,726,616.0
1001,HLA-DRB112:02,3428.66,ANZ78847,LGVTMDVLSQN,1001,617.0
555,HLA-DRB112:02,3431.3,ANZ78847,GIGEHCSGLAV,555,618.0
413,HLA-DRB112:02,3432.22,ANZ78847,KVDLQLGNLGY,413,619.0
806,HLA-DRB112:02,3433.03,ANZ78847,IGNMEEFIQTS,806,620.0
1290,HLA-DRB112:02,3435.49,ANZ78847,INLKDIGTYEY,1290,621.0
1321,HLA-DRB112:02,3442.46,ANZ78847,VLLFFICCCTG,1321,622.0
172,HLA-DRB112:02,3444.81,ANZ78847,CEYPHTICHPN,172,623.0
698,HLA-DRB112:02,3445.35,ANZ78847,PALLFRNIKCN,698,624.0
1083,HLA-DRB112:02,3445.4,ANZ78847,AQIDRLINGRL,1083,625.0
229,HLA-DRB112:02,3445.86,ANZ78847,YFTDTGVVTKF,229,626.0
1250,HLA-DRB112:02,3462.17,ANZ78847,KNQTSVAPDLA,1250,627.0
505,HLA-DRB112:02,3464.55,ANZ78847,SLCVGSGPGKN,505,628.0
968,HLA-DRB112:02,3476.89,ANZ78847,GYTLAATSASL,968,629.0
621,HLA-DRB112:02,3485.49,ANZ78847,NTDIKLGVCVN,621,630.0
457,HLA-DRB112:02,3490.49,ANZ78847,STWNKRFGFIE,457,631.0
1329,HLA-DRB112:02,3491.98,ANZ78847,CTGCGTSCFKK,1329,632.0
308,HLA-DRB112:02,3502.31,ANZ78847,KTQSIAPPTGV,308,633.0
770,HLA-DRB112:02,3513.01,ANZ78847,TGYRFTNFEPF,770,634.0
810,HLA-DRB112:02,3534.08,ANZ78847,EEFIQTSSPKV,810,635.0
142,HLA-DRB112:02,3534.49,ANZ78847,VVQPRTINSTQ,142,636.0
574,HLA-DRB112:02,3546.38,ANZ78847,PCTCQPQAFLG,574,637.0
1244,HLA-DRB112:02,3549.68,ANZ78847,ELDQWFKNQTS,1244,638.0
111,HLA-DRB112:02,3555.43,ANZ78847,KNTKVFKDGVM,111,639.0
108,HLA-DRB112:02,3559.97,ANZ78847,AKVKNTKVFKD,108,640.0
855,HLA-DRB112:02,3575.68,ANZ78847,EVNELLDTTQL,855,641.0
813,HLA-DRB112:02,3588.65,ANZ78847,IQTSSPKVTID,813,642.0
8,HLA-DRB112:02,3595.59,ANZ78847,LPTAFAVIGDL,8,643.0
725,HLA-DRB112:02,3597.01,ANZ78847,FDSYLGCVVNA,725,644.0
152,HLA-DRB112:02,3615.43,ANZ78847,QDGVNKLQGLL,152,645.0
1168,HLA-DRB112:02,3622.48,ANZ78847,KVSPGLCIAGD,1168,646.0
530,HLA-DRB112:02,3646.88,ANZ78847,CHNLCNPDPIT,530,647.0
87,HLA-DRB112:02,3653.34,ANZ78847,DKLSTLWFKPP,87,648.0
78,HLA-DRB112:02,3664.3,ANZ78847,YRNMALKGTDK,78,649.0
823,HLA-DRB112:02,3693.98,ANZ78847,DCAAFVCGDYA,823,650.0
365,HLA-DRB112:02,3703.0,ANZ78847,SNCNFNMSSLM,365,651.0
119,HLA-DRB112:02,3705.41,ANZ78847,GVMYSEFPAIT,119,652.0
364,HLA-DRB112:02,3718.5,ANZ78847,FSNCNFNMSSL,364,653.0
513,HLA-DRB112:02,3737.67,ANZ78847,GKNNGIGTCPA,513,654.0
1234,HLA-DRB112:02,3753.62,ANZ78847,SIPNLPDFREE,1234,655.0
298,HLA-DRB112:02,3757.97,ANZ78847,MSDFMSEIKCK,298,656.0
1222,HLA-DRB112:02,3766.42,ANZ78847,NYTKAPYVMLN,1222,657.0
251,HLA-DRB112:02,3770.75,ANZ78847,HYYVMPLTCIS,251,658.0
742,HLA-DRB112:02,3787.37,ANZ78847,SVQTCDLTVGS,742,659.0
737,HLA-DRB112:02,3803.86,ANZ78847,NSTAISVQTCD,737,660.0
30,HLA-DRB112:02,3806.79,ANZ78847,NNIDTGPPSIS,30,661.0
780,HLA-DRB112:02,3808.26,ANZ78847,FTVNSVNDSLE,780,662.0
627,HLA-DRB112:02,3813.01,ANZ78847,GVCVNYDLYGI,627,663.0
691,HLA-DRB112:02,3813.89,ANZ78847,FHANSSEPALL,691,664.0
1235,HLA-DRB112:02,3817.9,ANZ78847,IPNLPDFREEL,1235,665.0
118,HLA-DRB112:02,3831.34,ANZ78847,DGVMYSEFPAI,118,666.0
687,HLA-DRB112:02,3838.09,ANZ78847,VSAAFHANSSE,687,667.0
829,HLA-DRB112:02,3844.56,ANZ78847,CGDYAACKSQL,829,668.0
219,HLA-DRB112:02,3853.8,ANZ78847,FYQEGGTFYAY,219,669.0
187,HLA-DRB112:02,3862.71,ANZ78847,FKELWHMDTGV,187,670.0
833,HLA-DRB112:02,3869.43,ANZ78847,AACKSQLVEYG,833,671.0
177,HLA-DRB112:02,3873.41,ANZ78847,TICHPNLGNHF,177,672.0
799,HLA-DRB112:02,3878.43,ANZ78847,QIPSDFTIGNM,799,673.0
357,HLA-DRB112:02,3888.5,ANZ78847,LNWERKTFSNC,357,674.0
617,HLA-DRB112:02,3888.72,ANZ78847,LQKANTDIKLG,617,675.0
230,HLA-DRB112:02,3889.2,ANZ78847,FTDTGVVTKFL,230,676.0
296,HLA-DRB112:02,3893.58,ANZ78847,DCMSDFMSEIK,296,677.0
211,HLA-DRB112:02,3900.18,ANZ78847,NATYLYFHFYQ,211,678.0
164,HLA-DRB112:02,3903.37,ANZ78847,VSVCQYNMCEY,164,679.0
662,HLA-DRB112:02,3904.35,ANZ78847,NGNLYGFRDYL,662,680.0
1243,HLA-DRB112:02,3907.38,ANZ78847,EELDQWFKNQT,1243,681.0
995,HLA-DRB112:02,3913.68,ANZ78847,QYRINGLGVTM,995,682.0
190,HLA-DRB112:02,3918.15,ANZ78847,LWHMDTGVVSC,190,683.0
1123,HLA-DRB112:02,3920.68,ANZ78847,ECVKSQSSRIN,1123,684.0
653,HLA-DRB112:02,3920.76,ANZ78847,SWQNLLYDSNG,653,685.0
99,HLA-DRB112:02,3923.88,ANZ78847,LSDFINGIFAK,99,686.0
578,HLA-DRB112:02,3928.11,ANZ78847,QPQAFLGWSAD,578,687.0
1231,HLA-DRB112:02,3931.4,ANZ78847,LNTSIPNLPDF,1231,688.0
62,HLA-DRB112:02,3935.12,ANZ78847,NTTLFLNGYYP,62,689.0
450,HLA-DRB112:02,3936.08,ANZ78847,SVSRFNPSTWN,450,690.0
927,HLA-DRB112:02,3943.93,ANZ78847,VGFVAAYNNCT,927,691.0
96,HLA-DRB112:02,3952.15,ANZ78847,PPFLSDFINGI,96,692.0
1223,HLA-DRB112:02,3965.01,ANZ78847,YTKAPYVMLNT,1223,693.0
1030,HLA-DRB112:02,3979.44,ANZ78847,FDATNSALVKI,1030,694.0
86,HLA-DRB112:02,3979.66,ANZ78847,TDKLSTLWFKP,86,695.0
748,HLA-DRB112:02,3989.01,ANZ78847,LTVGSGYCVDY,748,696.0
1149,HLA-DRB112:02,4006.76,ANZ78847,PYGLYFIHFSY,1149,697.0
862,HLA-DRB112:02,4010.26,ANZ78847,TTQLQVANSLM,862,698.0
192,HLA-DRB112:02,4020.06,ANZ78847,HMDTGVVSCLY,192,699.0
647,HLA-DRB112:02,4020.84,ANZ78847,NATYYNSWQNL,647,700.0
537,HLA-DRB112:02,4021.26,ANZ78847,DPITFTGPYKC,537,701.0
422,HLA-DRB112:02,4023.08,ANZ78847,GYLQSFNYRID,422,702.0
991,HLA-DRB112:02,4029.04,ANZ78847,YLNVQYRINGL,991,703.0
701,HLA-DRB112:02,4030.11,ANZ78847,LFRNIKCNYVF,701,704.0
1217,HLA-DRB112:02,4033.58,ANZ78847,STCAVNYTKAP,1217,705.0
1158,HLA-DRB112:02,4042.08,ANZ78847,SYVPTKYVTAK,1158,706.0
1289,HLA-DRB112:02,4043.2,ANZ78847,YINLKDIGTYE,1289,707.0
947,HLA-DRB112:02,4055.56,ANZ78847,CVQSYKGIKVL,947,708.0
348,HLA-DRB112:02,4062.36,ANZ78847,LNDKSVPSPLN,348,709.0
159,HLA-DRB112:02,4063.16,ANZ78847,QGLLEVSVCQY,159,710.0
969,HLA-DRB112:02,4067.4,ANZ78847,YTLAATSASLF,969,711.0
634,HLA-DRB112:02,4092.4,ANZ78847,LYGISGQGIFV,634,712.0
456,HLA-DRB112:02,4093.08,ANZ78847,PSTWNKRFGFI,456,713.0
1021,HLA-DRB112:02,4097.8,ANZ78847,NALDAIQEGFD,1021,714.0
606,HLA-DRB112:02,4101.59,ANZ78847,DVNSGLTCSTD,606,715.0
397,HLA-DRB112:02,4104.57,ANZ78847,CFSSITIDKFA,397,716.0
1259,HLA-DRB112:02,4124.2,ANZ78847,LALDYINVTFL,1259,717.0
948,HLA-DRB112:02,4126.57,ANZ78847,VQSYKGIKVLP,948,718.0
699,HLA-DRB112:02,4137.38,ANZ78847,ALLFRNIKCNY,699,719.0
625,HLA-DRB112:02,4146.03,ANZ78847,KLGVCVNYDLY,625,720.0
1160,HLA-DRB112:02,4150.38,ANZ78847,VPTKYVTAKVS,1160,721.0
467,HLA-DRB112:02,4152.73,ANZ78847,EDSVFKPQPAG,467,722.0
708,HLA-DRB112:02,4152.75,ANZ78847,NYVFNNSLTRQ,708,723.0
714,HLA-DRB112:02,4156.29,ANZ78847,SLTRQLQPINY,714,724.0
1311,HLA-DRB112:02,4173.92,ANZ78847,LICLAGVAMLV,1311,725.0
771,HLA-DRB112:02,4176.79,ANZ78847,GYRFTNFEPFT,771,726.0
877,HLA-DRB112:02,4176.87,ANZ78847,LSTKLKDGVNF,877,727.0
399,HLA-DRB112:02,4185.25,ANZ78847,SSITIDKFAIP,399,728.0
408,HLA-DRB112:02,4197.36,ANZ78847,IPNGRKVDLQL,408,729.0
407,HLA-DRB112:02,4198.07,ANZ78847,AIPNGRKVDLQ,407,730.0
836,HLA-DRB112:02,4216.7,ANZ78847,KSQLVEYGSFC,836,731.0
12,HLA-DRB112:02,4216.98,ANZ78847,FAVIGDLKCPL,12,732.0
876,HLA-DRB112:02,4229.97,ANZ78847,TLSTKLKDGVN,876,733.0
362,HLA-DRB112:02,4237.42,ANZ78847,KTFSNCNFNMS,362,734.0
307,HLA-DRB112:02,4237.44,ANZ78847,CKTQSIAPPTG,307,735.0
934,HLA-DRB112:02,4246.28,ANZ78847,NNCTGGAEIRD,934,736.0
104,HLA-DRB112:02,4247.53,ANZ78847,NGIFAKVKNTK,104,737.0
36,HLA-DRB112:02,4252.48,ANZ78847,PPSISTATVDV,36,738.0
523,HLA-DRB112:02,4255.76,ANZ78847,AGTNYLTCHNL,523,739.0
1232,HLA-DRB112:02,4257.21,ANZ78847,NTSIPNLPDFR,1232,740.0
1350,HLA-DRB112:02,4258.93,ANZ78847,YQELVIKTSHD,1350,741.0
1125,HLA-DRB112:02,4264.88,ANZ78847,VKSQSSRINFC,1125,742.0
1207,HLA-DRB112:02,4266.94,ANZ78847,PITENNVVVMS,1207,743.0
116,HLA-DRB112:02,4271.96,ANZ78847,FKDGVMYSEFP,116,744.0
217,HLA-DRB112:02,4288.43,ANZ78847,FHFYQEGGTFY,217,745.0
1233,HLA-DRB112:02,4296.44,ANZ78847,TSIPNLPDFRE,1233,746.0
336,HLA-DRB112:02,4297.44,ANZ78847,KPDLPNCNIEA,336,747.0
517,HLA-DRB112:02,4310.72,ANZ78847,GIGTCPAGTNY,517,748.0
1119,HLA-DRB112:02,4317.22,ANZ78847,EKVNECVKSQS,1119,749.0
912,HLA-DRB112:02,4318.61,ANZ78847,SAIEDLLFDKV,912,750.0
6,HLA-DRB112:02,4320.7,ANZ78847,ISLPTAFAVIG,6,751.0
383,HLA-DRB112:02,4337.72,ANZ78847,FTCNNIDAAKI,383,752.0
529,HLA-DRB112:02,4364.2,ANZ78847,TCHNLCNPDPI,529,753.0
543,HLA-DRB112:02,4364.45,ANZ78847,GPYKCPQSKSL,543,754.0
440,HLA-DRB112:02,4377.07,ANZ78847,LYYNLPAANVS,440,755.0
485,HLA-DRB112:02,4379.18,ANZ78847,VYAQHCFKAPK,485,756.0
1008,HLA-DRB112:02,4379.74,ANZ78847,LSQNQKLIANA,1008,757.0
441,HLA-DRB112:02,4383.89,ANZ78847,YYNLPAANVSV,441,758.0
630,HLA-DRB112:02,4388.53,ANZ78847,VNYDLYGISGQ,630,759.0
595,HLA-DRB112:02,4389.98,ANZ78847,KCNIFANLILH,595,760.0
20,HLA-DRB112:02,4393.96,ANZ78847,CPLDSRTGSLN,20,761.0
764,HLA-DRB112:02,4428.03,ANZ78847,SRRAITTGYRF,764,762.0
93,HLA-DRB112:02,4432.01,ANZ78847,WFKPPFLSDFI,93,763.0
1210,HLA-DRB112:02,4445.08,ANZ78847,ENNVVVMSTCA,1210,764.0
531,HLA-DRB112:02,4451.23,ANZ78847,HNLCNPDPITF,531,765.0
544,HLA-DRB112:02,4456.67,ANZ78847,PYKCPQSKSLV,544,766.0
1224,HLA-DRB112:02,4464.71,ANZ78847,TKAPYVMLNTS,1224,767.0
212,HLA-DRB112:02,4484.88,ANZ78847,ATYLYFHFYQE,212,768.0
690,HLA-DRB112:02,4485.28,ANZ78847,AFHANSSEPAL,690,769.0
692,HLA-DRB112:02,4488.63,ANZ78847,HANSSEPALLF,692,770.0
695,HLA-DRB112:02,4522.49,ANZ78847,SSEPALLFRNI,695,771.0
480,HLA-DRB112:02,4534.4,ANZ78847,TNHDVVYAQHC,480,772.0
476,HLA-DRB112:02,4563.76,ANZ78847,AGVLTNHDVVY,476,773.0
547,HLA-DRB112:02,4574.43,ANZ78847,CPQSKSLVGIG,547,774.0
18,HLA-DRB112:02,4588.72,ANZ78847,LKCPLDSRTGS,18,775.0
539,HLA-DRB112:02,4589.78,ANZ78847,ITFTGPYKCPQ,539,776.0
558,HLA-DRB112:02,4591.5,ANZ78847,EHCSGLAVKSD,558,777.0
301,HLA-DRB112:02,4605.8,ANZ78847,FMSEIKCKTQS,301,778.0
1118,HLA-DRB112:02,4606.93,ANZ78847,MEKVNECVKSQ,1118,779.0
419,HLA-DRB112:02,4607.42,ANZ78847,GNLGYLQSFNY,419,780.0
375,HLA-DRB112:02,4612.98,ANZ78847,MSFIQADSFTC,375,781.0
835,HLA-DRB112:02,4624.88,ANZ78847,CKSQLVEYGSF,835,782.0
1246,HLA-DRB112:02,4636.32,ANZ78847,DQWFKNQTSVA,1246,783.0
1098,HLA-DRB112:02,4637.53,ANZ78847,AYVSQQLSDST,1098,784.0
1344,HLA-DRB112:02,4645.48,ANZ78847,CDDYTGYQELV,1344,785.0
1009,HLA-DRB112:02,4648.19,ANZ78847,SQNQKLIANAF,1009,786.0
233,HLA-DRB112:02,4660.25,ANZ78847,TGVVTKFLFNV,233,787.0
1034,HLA-DRB112:02,4663.15,ANZ78847,NSALVKIQAVV,1034,788.0
1091,HLA-DRB112:02,4673.21,ANZ78847,GRLTALNAYVS,1091,789.0
404,HLA-DRB112:02,4685.78,ANZ78847,DKFAIPNGRKV,404,790.0
1262,HLA-DRB112:02,4707.2,ANZ78847,DYINVTFLDLQ,1262,791.0
432,HLA-DRB112:02,4712.55,ANZ78847,DTTATSCQLYY,432,792.0
359,HLA-DRB112:02,4718.63,ANZ78847,WERKTFSNCNF,359,793.0
663,HLA-DRB112:02,4719.65,ANZ78847,GNLYGFRDYLT,663,794.0
191,HLA-DRB112:02,4729.35,ANZ78847,WHMDTGVVSCL,191,795.0
1132,HLA-DRB112:02,4733.47,ANZ78847,INFCGNGNHII,1132,796.0
143,HLA-DRB112:02,4734.66,ANZ78847,VQPRTINSTQD,143,797.0
95,HLA-DRB112:02,4739.87,ANZ78847,KPPFLSDFING,95,798.0
79,HLA-DRB112:02,4744.26,ANZ78847,RNMALKGTDKL,79,799.0
588,HLA-DRB112:02,4747.1,ANZ78847,DSCLQGDKCNI,588,800.0
430,HLA-DRB112:02,4750.08,ANZ78847,RIDTTATSCQL,430,801.0
603,HLA-DRB112:02,4752.75,ANZ78847,ILHDVNSGLTC,603,802.0
1151,HLA-DRB112:02,4763.97,ANZ78847,GLYFIHFSYVP,1151,803.0
102,HLA-DRB112:02,4791.71,ANZ78847,FINGIFAKVKN,102,804.0
1131,HLA-DRB112:02,4796.37,ANZ78847,RINFCGNGNHI,1131,805.0
1256,HLA-DRB112:02,4811.53,ANZ78847,APDLALDYINV,1256,806.0
673,HLA-DRB112:02,4827.13,ANZ78847,TNRTFMIRSCY,673,807.0
1154,HLA-DRB112:02,4840.36,ANZ78847,FIHFSYVPTKY,1154,808.0
1309,HLA-DRB112:02,4840.5,ANZ78847,WLLICLAGVAM,1309,809.0
52,HLA-DRB112:02,4841.42,ANZ78847,TYYVLDRVYLN,52,810.0
452,HLA-DRB112:02,4843.42,ANZ78847,SRFNPSTWNKR,452,811.0
312,HLA-DRB112:02,4865.32,ANZ78847,IAPPTGVYELN,312,812.0
157,HLA-DRB112:02,4865.52,ANZ78847,KLQGLLEVSVC,157,813.0
56,HLA-DRB112:02,4869.69,ANZ78847,LDRVYLNTTLF,56,814.0
728,HLA-DRB112:02,4880.32,ANZ78847,YLGCVVNAYNS,728,815.0
434,HLA-DRB112:02,4882.03,ANZ78847,TATSCQLYYNL,434,816.0
83,HLA-DRB112:02,4893.95,ANZ78847,LKGTDKLSTLW,83,817.0
796,HLA-DRB112:02,4909.9,ANZ78847,YEIQIPSDFTI,796,818.0
893,HLA-DRB112:02,4916.92,ANZ78847,NFSSVLGCLGS,893,819.0
660,HLA-DRB112:02,4923.48,ANZ78847,DSNGNLYGFRD,660,820.0
1126,HLA-DRB112:02,4923.82,ANZ78847,KSQSSRINFCG,1126,821.0
277,HLA-DRB112:02,4950.81,ANZ78847,TSRQYLLAFNQ,277,822.0
235,HLA-DRB112:02,4955.01,ANZ78847,VVTKFLFNVYL,235,823.0
900,HLA-DRB112:02,4955.64,ANZ78847,CLGSECSKASS,900,824.0
202,HLA-DRB112:02,4965.97,ANZ78847,YKRNFTYDVNA,202,825.0
406,HLA-DRB112:02,4966.64,ANZ78847,FAIPNGRKVDL,406,826.0
429,HLA-DRB112:02,4969.18,ANZ78847,YRIDTTATSCQ,429,827.0
1299,HLA-DRB112:02,4971.11,ANZ78847,EYYVKWPWYVW,1299,828.0
1010,HLA-DRB112:02,4976.94,ANZ78847,QNQKLIANAFN,1010,829.0
1000,HLA-DRB112:02,4980.93,ANZ78847,GLGVTMDVLSQ,1000,830.0
1295,HLA-DRB112:02,4986.19,ANZ78847,IGTYEYYVKWP,1295,831.0
124,HLA-DRB112:02,4994.47,ANZ78847,EFPAITIGSTF,124,832.0
14,HLA-DRB112:02,4998.78,ANZ78847,VIGDLKCPLDS,14,833.0
9,HLA-DRB112:02,5009.78,ANZ78847,PTAFAVIGDLK,9,834.0
49,HLA-DRB112:02,5010.4,ANZ78847,GLGTYYVLDRV,49,835.0
114,HLA-DRB112:02,5019.51,ANZ78847,KVFKDGVMYSE,114,836.0
488,HLA-DRB112:02,5047.88,ANZ78847,QHCFKAPKNFC,488,837.0
752,HLA-DRB112:02,5064.74,ANZ78847,SGYCVDYSKNR,752,838.0
787,HLA-DRB112:02,5068.85,ANZ78847,DSLEPVGGLYE,787,839.0
788,HLA-DRB112:02,5076.76,ANZ78847,SLEPVGGLYEI,788,840.0
458,HLA-DRB112:02,5087.75,ANZ78847,TWNKRFGFIED,458,841.0
199,HLA-DRB112:02,5114.12,ANZ78847,SCLYKRNFTYD,199,842.0
753,HLA-DRB112:02,5117.84,ANZ78847,GYCVDYSKNRR,753,843.0
542,HLA-DRB112:02,5117.9,ANZ78847,TGPYKCPQSKS,542,844.0
964,HLA-DRB112:02,5118.21,ANZ78847,NQISGYTLAAT,964,845.0
775,HLA-DRB112:02,5129.41,ANZ78847,TNFEPFTVNSV,775,846.0
831,HLA-DRB112:02,5129.63,ANZ78847,DYAACKSQLVE,831,847.0
1136,HLA-DRB112:02,5140.8,ANZ78847,GNGNHIISLVQ,1136,848.0
839,HLA-DRB112:02,5152.2,ANZ78847,LVEYGSFCDNI,839,849.0
1062,HLA-DRB112:02,5162.05,ANZ78847,FGAISSSLQEI,1062,850.0
585,HLA-DRB112:02,5164.19,ANZ78847,WSADSCLQGDK,585,851.0
107,HLA-DRB112:02,5168.45,ANZ78847,FAKVKNTKVFK,107,852.0
100,HLA-DRB112:02,5176.42,ANZ78847,SDFINGIFAKV,100,853.0
50,HLA-DRB112:02,5189.08,ANZ78847,LGTYYVLDRVY,50,854.0
880,HLA-DRB112:02,5195.45,ANZ78847,KLKDGVNFNVD,880,855.0
206,HLA-DRB112:02,5195.66,ANZ78847,FTYDVNATYLY,206,856.0
561,HLA-DRB112:02,5201.36,ANZ78847,SGLAVKSDYCG,561,857.0
785,HLA-DRB112:02,5201.8,ANZ78847,VNDSLEPVGGL,785,858.0
685,HLA-DRB112:02,5203.7,ANZ78847,GRVSAAFHANS,685,859.0
618,HLA-DRB112:02,5213.91,ANZ78847,QKANTDIKLGV,618,860.0
1124,HLA-DRB112:02,5233.66,ANZ78847,CVKSQSSRINF,1124,861.0
649,HLA-DRB112:02,5240.48,ANZ78847,TYYNSWQNLLY,649,862.0
1195,HLA-DRB112:02,5253.66,ANZ78847,WMYTGSGYYYP,1195,863.0
863,HLA-DRB112:02,5290.73,ANZ78847,TQLQVANSLMN,863,864.0
985,HLA-DRB112:02,5293.11,ANZ78847,AAGVPFYLNVQ,985,865.0
608,HLA-DRB112:02,5306.18,ANZ78847,NSGLTCSTDLQ,608,866.0
919,HLA-DRB112:02,5320.87,ANZ78847,FDKVKLSDVGF,919,867.0
723,HLA-DRB112:02,5322.01,ANZ78847,NYFDSYLGCVV,723,868.0
702,HLA-DRB112:02,5329.69,ANZ78847,FRNIKCNYVFN,702,869.0
1279,HLA-DRB112:02,5334.82,ANZ78847,QEAIKVLNQSY,1279,870.0
610,HLA-DRB112:02,5370.81,ANZ78847,GLTCSTDLQKA,610,871.0
487,HLA-DRB112:02,5377.04,ANZ78847,AQHCFKAPKNF,487,872.0
904,HLA-DRB112:02,5383.81,ANZ78847,ECSKASSRSAI,904,873.0
323,HLA-DRB112:02,5400.67,ANZ78847,GYTVQPIADVY,323,874.0
1100,HLA-DRB112:02,5427.33,ANZ78847,VSQQLSDSTLV,1100,875.0
682,HLA-DRB112:02,5429.43,ANZ78847,CYSGRVSAAFH,682,876.0
1019,HLA-DRB112:02,5439.58,ANZ78847,FNNALDAIQEG,1019,877.0
546,HLA-DRB112:02,5441.49,ANZ78847,KCPQSKSLVGI,546,878.0
730,HLA-DRB112:02,5451.55,ANZ78847,GCVVNAYNSTA,730,879.0
1035,HLA-DRB112:02,5461.6,ANZ78847,SALVKIQAVVN,1035,880.0
697,HLA-DRB112:02,5466.11,ANZ78847,EPALLFRNIKC,697,881.0
292,HLA-DRB112:02,5498.99,ANZ78847,FNAVDCMSDFM,292,882.0
898,HLA-DRB112:02,5499.54,ANZ78847,LGCLGSECSKA,898,883.0
901,HLA-DRB112:02,5502.04,ANZ78847,LGSECSKASSR,901,884.0
721,HLA-DRB112:02,5531.68,ANZ78847,PINYFDSYLGC,721,885.0
291,HLA-DRB112:02,5559.74,ANZ78847,IFNAVDCMSDF,291,886.0
97,HLA-DRB112:02,5570.05,ANZ78847,PFLSDFINGIF,97,887.0
1248,HLA-DRB112:02,5575.26,ANZ78847,WFKNQTSVAPD,1248,888.0
240,HLA-DRB112:02,5585.22,ANZ78847,LFNVYLGMALS,240,889.0
424,HLA-DRB112:02,5595.98,ANZ78847,LQSFNYRIDTT,424,890.0
182,HLA-DRB112:02,5633.45,ANZ78847,NLGNHFKELWH,182,891.0
824,HLA-DRB112:02,5647.53,ANZ78847,CAAFVCGDYAA,824,892.0
928,HLA-DRB112:02,5647.83,ANZ78847,GFVAAYNNCTG,928,893.0
648,HLA-DRB112:02,5649.61,ANZ78847,ATYYNSWQNLL,648,894.0
727,HLA-DRB112:02,5708.12,ANZ78847,SYLGCVVNAYN,727,895.0
533,HLA-DRB112:02,5715.22,ANZ78847,LCNPDPITFTG,533,896.0
689,HLA-DRB112:02,5717.21,ANZ78847,AAFHANSSEPA,689,897.0
718,HLA-DRB112:02,5717.65,ANZ78847,QLQPINYFDSY,718,898.0
669,HLA-DRB112:02,5726.55,ANZ78847,RDYLTNRTFMI,669,899.0
1105,HLA-DRB112:02,5766.39,ANZ78847,SDSTLVKFSAA,1105,900.0
1251,HLA-DRB112:02,5780.23,ANZ78847,NQTSVAPDLAL,1251,901.0
16,HLA-DRB112:02,5780.42,ANZ78847,GDLKCPLDSRT,16,902.0
592,HLA-DRB112:02,5793.66,ANZ78847,QGDKCNIFANL,592,903.0
92,HLA-DRB112:02,5797.93,ANZ78847,LWFKPPFLSDF,92,904.0
534,HLA-DRB112:02,5799.75,ANZ78847,CNPDPITFTGP,534,905.0
1257,HLA-DRB112:02,5805.73,ANZ78847,PDLALDYINVT,1257,906.0
168,HLA-DRB112:02,5811.13,ANZ78847,QYNMCEYPHTI,168,907.0
144,HLA-DRB112:02,5850.69,ANZ78847,QPRTINSTQDG,144,908.0
1082,HLA-DRB112:02,5859.14,ANZ78847,EAQIDRLINGR,1082,909.0
545,HLA-DRB112:02,5859.43,ANZ78847,YKCPQSKSLVG,545,910.0
967,HLA-DRB112:02,5860.2,ANZ78847,SGYTLAATSAS,967,911.0
361,HLA-DRB112:02,5868.4,ANZ78847,RKTFSNCNFNM,361,912.0
583,HLA-DRB112:02,5919.13,ANZ78847,LGWSADSCLQG,583,913.0
772,HLA-DRB112:02,5927.85,ANZ78847,YRFTNFEPFTV,772,914.0
58,HLA-DRB112:02,5931.02,ANZ78847,RVYLNTTLFLN,58,915.0
590,HLA-DRB112:02,5936.91,ANZ78847,CLQGDKCNIFA,590,916.0
405,HLA-DRB112:02,5939.58,ANZ78847,KFAIPNGRKVD,405,917.0
528,HLA-DRB112:02,5944.05,ANZ78847,LTCHNLCNPDP,528,918.0
1184,HLA-DRB112:02,5947.12,ANZ78847,KSGYFVNVNNT,1184,919.0
160,HLA-DRB112:02,5973.47,ANZ78847,GLLEVSVCQYN,160,920.0
27,HLA-DRB112:02,5974.73,ANZ78847,GSLNNIDTGPP,27,921.0
261,HLA-DRB112:02,5986.24,ANZ78847,SRRNIGFTLEY,261,922.0
57,HLA-DRB112:02,6012.34,ANZ78847,DRVYLNTTLFL,57,923.0
265,HLA-DRB112:02,6024.15,ANZ78847,IGFTLEYWVTP,265,924.0
1116,HLA-DRB112:02,6089.77,ANZ78847,QAMEKVNECVK,1116,925.0
607,HLA-DRB112:02,6100.7,ANZ78847,VNSGLTCSTDL,607,926.0
1135,HLA-DRB112:02,6126.39,ANZ78847,CGNGNHIISLV,1135,927.0
188,HLA-DRB112:02,6130.34,ANZ78847,KELWHMDTGVV,188,928.0
674,HLA-DRB112:02,6163.03,ANZ78847,NRTFMIRSCYS,674,929.0
668,HLA-DRB112:02,6187.2,ANZ78847,FRDYLTNRTFM,668,930.0
1147,HLA-DRB112:02,6192.15,ANZ78847,NAPYGLYFIHF,1147,931.0
1345,HLA-DRB112:02,6222.13,ANZ78847,DDYTGYQELVI,1345,932.0
295,HLA-DRB112:02,6243.39,ANZ78847,VDCMSDFMSEI,295,933.0
380,HLA-DRB112:02,6246.73,ANZ78847,ADSFTCNNIDA,380,934.0
435,HLA-DRB112:02,6263.05,ANZ78847,ATSCQLYYNLP,435,935.0
492,HLA-DRB112:02,6309.54,ANZ78847,KAPKNFCPCKS,492,936.0
239,HLA-DRB112:02,6334.71,ANZ78847,FLFNVYLGMAL,239,937.0
218,HLA-DRB112:02,6370.15,ANZ78847,HFYQEGGTFYA,218,938.0
661,HLA-DRB112:02,6374.42,ANZ78847,SNGNLYGFRDY,661,939.0
227,HLA-DRB112:02,6390.02,ANZ78847,YAYFTDTGVVT,227,940.0
322,HLA-DRB112:02,6396.76,ANZ78847,NGYTVQPIADV,322,941.0
655,HLA-DRB112:02,6403.97,ANZ78847,QNLLYDSNGNL,655,942.0
393,HLA-DRB112:02,6409.79,ANZ78847,IYGMCFSSITI,393,943.0
541,HLA-DRB112:02,6410.54,ANZ78847,FTGPYKCPQSK,541,944.0
71,HLA-DRB112:02,6427.74,ANZ78847,YPTSGSTYRNM,71,945.0
781,HLA-DRB112:02,6431.85,ANZ78847,TVNSVNDSLEP,781,946.0
639,HLA-DRB112:02,6443.65,ANZ78847,GQGIFVEVNAT,639,947.0
398,HLA-DRB112:02,6491.13,ANZ78847,FSSITIDKFAI,398,948.0
262,HLA-DRB112:02,6493.89,ANZ78847,RRNIGFTLEYW,262,949.0
220,HLA-DRB112:02,6498.61,ANZ78847,YQEGGTFYAYF,220,950.0
1274,HLA-DRB112:02,6500.47,ANZ78847,EMNRLQEAIKV,1274,951.0
916,HLA-DRB112:02,6508.1,ANZ78847,DLLFDKVKLSD,916,952.0
557,HLA-DRB112:02,6519.89,ANZ78847,GEHCSGLAVKS,557,953.0
906,HLA-DRB112:02,6520.07,ANZ78847,SKASSRSAIED,906,954.0
801,HLA-DRB112:02,6548.91,ANZ78847,PSDFTIGNMEE,801,955.0
861,HLA-DRB112:02,6549.06,ANZ78847,DTTQLQVANSL,861,956.0
635,HLA-DRB112:02,6560.37,ANZ78847,YGISGQGIFVE,635,957.0
1322,HLA-DRB112:02,6568.81,ANZ78847,LLFFICCCTGC,1322,958.0
1294,HLA-DRB112:02,6570.58,ANZ78847,DIGTYEYYVKW,1294,959.0
1196,HLA-DRB112:02,6582.25,ANZ78847,MYTGSGYYYPE,1196,960.0
809,HLA-DRB112:02,6596.12,ANZ78847,MEEFIQTSSPK,809,961.0
715,HLA-DRB112:02,6598.31,ANZ78847,LTRQLQPINYF,715,962.0
475,HLA-DRB112:02,6629.57,ANZ78847,PAGVLTNHDVV,475,963.0
736,HLA-DRB112:02,6648.45,ANZ78847,YNSTAISVQTC,736,964.0
1090,HLA-DRB112:02,6655.78,ANZ78847,NGRLTALNAYV,1090,965.0
907,HLA-DRB112:02,6660.94,ANZ78847,KASSRSAIEDL,907,966.0
51,HLA-DRB112:02,6719.53,ANZ78847,GTYYVLDRVYL,51,967.0
493,HLA-DRB112:02,6728.55,ANZ78847,APKNFCPCKSN,493,968.0
548,HLA-DRB112:02,6758.51,ANZ78847,PQSKSLVGIGE,548,969.0
837,HLA-DRB112:02,6761.52,ANZ78847,SQLVEYGSFCD,837,970.0
201,HLA-DRB112:02,6763.39,ANZ78847,LYKRNFTYDVN,201,971.0
216,HLA-DRB112:02,6816.54,ANZ78847,YFHFYQEGGTF,216,972.0
345,HLA-DRB112:02,6817.25,ANZ78847,EAWLNDKSVPS,345,973.0
1097,HLA-DRB112:02,6834.13,ANZ78847,NAYVSQQLSDS,1097,974.0
1146,HLA-DRB112:02,6842.64,ANZ78847,QNAPYGLYFIH,1146,975.0
70,HLA-DRB112:02,6868.52,ANZ78847,YYPTSGSTYRN,70,976.0
949,HLA-DRB112:02,6871.01,ANZ78847,QSYKGIKVLPP,949,977.0
1029,HLA-DRB112:02,6885.81,ANZ78847,GFDATNSALVK,1029,978.0
686,HLA-DRB112:02,6892.55,ANZ78847,RVSAAFHANSS,686,979.0
495,HLA-DRB112:02,6907.29,ANZ78847,KNFCPCKSNSS,495,980.0
84,HLA-DRB112:02,6913.96,ANZ78847,KGTDKLSTLWF,84,981.0
683,HLA-DRB112:02,6941.2,ANZ78847,YSGRVSAAFHA,683,982.0
794,HLA-DRB112:02,6954.76,ANZ78847,GLYEIQIPSDF,794,983.0
584,HLA-DRB112:02,6959.36,ANZ78847,GWSADSCLQGD,584,984.0
0,HLA-DRB112:02,7001.33,ANZ78847,MFLILLISLPT,0,985.0
379,HLA-DRB112:02,7047.27,ANZ78847,QADSFTCNNID,379,986.0
5,HLA-DRB112:02,7049.95,ANZ78847,LISLPTAFAVI,5,987.0
60,HLA-DRB112:02,7064.94,ANZ78847,YLNTTLFLNGY,60,988.0
266,HLA-DRB112:02,7070.23,ANZ78847,GFTLEYWVTPL,266,989.0
816,HLA-DRB112:02,7080.35,ANZ78847,SSPKVTIDCAA,816,990.0
976,HLA-DRB112:02,7083.47,ANZ78847,ASLFPPWTAAA,976,991.0
68,HLA-DRB112:02,7115.2,ANZ78847,NGYYPTSGSTY,68,992.0
169,HLA-DRB112:02,7136.54,ANZ78847,YNMCEYPHTIC,169,993.0
665,HLA-DRB112:02,7141.35,ANZ78847,LYGFRDYLTNR,665,994.0
1339,HLA-DRB112:02,7151.6,ANZ78847,KCGGCCDDYTG,1339,995.0
845,HLA-DRB112:02,7155.34,ANZ78847,FCDNINAILTE,845,996.0
1342,HLA-DRB112:02,7156.75,ANZ78847,GCCDDYTGYQE,1342,997.0
346,HLA-DRB112:02,7202.82,ANZ78847,AWLNDKSVPSP,346,998.0
908,HLA-DRB112:02,7214.81,ANZ78847,ASSRSAIEDLL,908,999.0
1075,HLA-DRB112:02,7228.88,ANZ78847,RLDALEAEAQI,1075,1000.0
1157,HLA-DRB112:02,7276.16,ANZ78847,FSYVPTKYVTA,1157,1001.0
1343,HLA-DRB112:02,7361.68,ANZ78847,CCDDYTGYQEL,1343,1002.0
519,HLA-DRB112:02,7377.53,ANZ78847,GTCPAGTNYLT,519,1003.0
1127,HLA-DRB112:02,7384.54,ANZ78847,SQSSRINFCGN,1127,1004.0
681,HLA-DRB112:02,7386.05,ANZ78847,SCYSGRVSAAF,681,1005.0
368,HLA-DRB112:02,7387.02,ANZ78847,NFNMSSLMSFI,368,1006.0
1018,HLA-DRB112:02,7423.61,ANZ78847,AFNNALDAIQE,1018,1007.0
170,HLA-DRB112:02,7433.16,ANZ78847,NMCEYPHTICH,170,1008.0
1206,HLA-DRB112:02,7458.45,ANZ78847,EPITENNVVVM,1206,1009.0
1312,HLA-DRB112:02,7491.02,ANZ78847,ICLAGVAMLVL,1312,1010.0
516,HLA-DRB112:02,7506.33,ANZ78847,NGIGTCPAGTN,516,1011.0
540,HLA-DRB112:02,7547.33,ANZ78847,TFTGPYKCPQS,540,1012.0
225,HLA-DRB112:02,7551.35,ANZ78847,TFYAYFTDTGV,225,1013.0
29,HLA-DRB112:02,7556.26,ANZ78847,LNNIDTGPPSI,29,1014.0
1,HLA-DRB112:02,7563.01,ANZ78847,FLILLISLPTA,1,1015.0
315,HLA-DRB112:02,7603.68,ANZ78847,PTGVYELNGYT,315,1016.0
21,HLA-DRB112:02,7634.7,ANZ78847,PLDSRTGSLNN,21,1017.0
1266,HLA-DRB112:02,7649.41,ANZ78847,VTFLDLQVEMN,1266,1018.0
1159,HLA-DRB112:02,7652.49,ANZ78847,YVPTKYVTAKV,1159,1019.0
464,HLA-DRB112:02,7654.93,ANZ78847,GFIEDSVFKPQ,464,1020.0
506,HLA-DRB112:02,7657.95,ANZ78847,LCVGSGPGKNN,506,1021.0
186,HLA-DRB112:02,7668.32,ANZ78847,HFKELWHMDTG,186,1022.0
125,HLA-DRB112:02,7672.3,ANZ78847,FPAITIGSTFV,125,1023.0
347,HLA-DRB112:02,7696.73,ANZ78847,WLNDKSVPSPL,347,1024.0
1276,HLA-DRB112:02,7715.63,ANZ78847,NRLQEAIKVLN,1276,1025.0
299,HLA-DRB112:02,7776.36,ANZ78847,SDFMSEIKCKT,299,1026.0
834,HLA-DRB112:02,7780.96,ANZ78847,ACKSQLVEYGS,834,1027.0
680,HLA-DRB112:02,7790.13,ANZ78847,RSCYSGRVSAA,680,1028.0
654,HLA-DRB112:02,7828.24,ANZ78847,WQNLLYDSNGN,654,1029.0
123,HLA-DRB112:02,7850.62,ANZ78847,SEFPAITIGST,123,1030.0
74,HLA-DRB112:02,7854.62,ANZ78847,SGSTYRNMALK,74,1031.0
1351,HLA-DRB112:02,7888.76,ANZ78847,QELVIKTSHDD,1351,1032.0
1254,HLA-DRB112:02,7898.4,ANZ78847,SVAPDLALDYI,1254,1033.0
1047,HLA-DRB112:02,7899.25,ANZ78847,NAEALNNLLQQ,1047,1034.0
394,HLA-DRB112:02,7945.04,ANZ78847,YGMCFSSITID,394,1035.0
433,HLA-DRB112:02,7950.97,ANZ78847,TTATSCQLYYN,433,1036.0
151,HLA-DRB112:02,7986.16,ANZ78847,TQDGVNKLQGL,151,1037.0
1186,HLA-DRB112:02,8007.81,ANZ78847,GYFVNVNNTWM,1186,1038.0
589,HLA-DRB112:02,8031.54,ANZ78847,SCLQGDKCNIF,589,1039.0
966,HLA-DRB112:02,8032.38,ANZ78847,ISGYTLAATSA,966,1040.0
248,HLA-DRB112:02,8048.0,ANZ78847,ALSHYYVMPLT,248,1041.0
19,HLA-DRB112:02,8058.51,ANZ78847,KCPLDSRTGSL,19,1042.0
1117,HLA-DRB112:02,8076.45,ANZ78847,AMEKVNECVKS,1117,1043.0
1016,HLA-DRB112:02,8104.66,ANZ78847,ANAFNNALDAI,1016,1044.0
1187,HLA-DRB112:02,8149.03,ANZ78847,YFVNVNNTWMY,1187,1045.0
22,HLA-DRB112:02,8156.29,ANZ78847,LDSRTGSLNNI,22,1046.0
532,HLA-DRB112:02,8231.37,ANZ78847,NLCNPDPITFT,532,1047.0
779,HLA-DRB112:02,8238.12,ANZ78847,PFTVNSVNDSL,779,1048.0
777,HLA-DRB112:02,8281.27,ANZ78847,FEPFTVNSVND,777,1049.0
614,HLA-DRB112:02,8295.47,ANZ78847,STDLQKANTDI,614,1050.0
882,HLA-DRB112:02,8323.09,ANZ78847,KDGVNFNVDDI,882,1051.0
1061,HLA-DRB112:02,8386.87,ANZ78847,RFGAISSSLQE,1061,1052.0
400,HLA-DRB112:02,8409.13,ANZ78847,SITIDKFAIPN,400,1053.0
205,HLA-DRB112:02,8412.73,ANZ78847,NFTYDVNATYL,205,1054.0
694,HLA-DRB112:02,8473.61,ANZ78847,NSSEPALLFRN,694,1055.0
570,HLA-DRB112:02,8476.77,ANZ78847,CGGNPCTCQPQ,570,1056.0
565,HLA-DRB112:02,8507.04,ANZ78847,VKSDYCGGNPC,565,1057.0
917,HLA-DRB112:02,8561.51,ANZ78847,LLFDKVKLSDV,917,1058.0
381,HLA-DRB112:02,8569.02,ANZ78847,DSFTCNNIDAA,381,1059.0
524,HLA-DRB112:02,8647.22,ANZ78847,GTNYLTCHNLC,524,1060.0
638,HLA-DRB112:02,8648.28,ANZ78847,SGQGIFVEVNA,638,1061.0
1253,HLA-DRB112:02,8656.19,ANZ78847,TSVAPDLALDY,1253,1062.0
566,HLA-DRB112:02,8659.65,ANZ78847,KSDYCGGNPCT,566,1063.0
774,HLA-DRB112:02,8668.42,ANZ78847,FTNFEPFTVNS,774,1064.0
651,HLA-DRB112:02,8692.08,ANZ78847,YNSWQNLLYDS,651,1065.0
979,HLA-DRB112:02,8704.08,ANZ78847,FPPWTAAAGVP,979,1066.0
918,HLA-DRB112:02,8733.6,ANZ78847,LFDKVKLSDVG,918,1067.0
453,HLA-DRB112:02,8747.93,ANZ78847,RFNPSTWNKRF,453,1068.0
283,HLA-DRB112:02,8774.93,ANZ78847,LAFNQDGIIFN,283,1069.0
1298,HLA-DRB112:02,8824.08,ANZ78847,YEYYVKWPWYV,1298,1070.0
1007,HLA-DRB112:02,8911.57,ANZ78847,VLSQNQKLIAN,1007,1071.0
300,HLA-DRB112:02,8914.52,ANZ78847,DFMSEIKCKTQ,300,1072.0
471,HLA-DRB112:02,8922.2,ANZ78847,FKPQPAGVLTN,471,1073.0
667,HLA-DRB112:02,8976.53,ANZ78847,GFRDYLTNRTF,667,1074.0
563,HLA-DRB112:02,8989.58,ANZ78847,LAVKSDYCGGN,563,1075.0
185,HLA-DRB112:02,8999.4,ANZ78847,NHFKELWHMDT,185,1076.0
285,HLA-DRB112:02,9002.43,ANZ78847,FNQDGIIFNAV,285,1077.0
1340,HLA-DRB112:02,9010.14,ANZ78847,CGGCCDDYTGY,1340,1078.0
1099,HLA-DRB112:02,9014.21,ANZ78847,YVSQQLSDSTL,1099,1079.0
637,HLA-DRB112:02,9024.72,ANZ78847,ISGQGIFVEVN,637,1080.0
396,HLA-DRB112:02,9027.24,ANZ78847,MCFSSITIDKF,396,1081.0
369,HLA-DRB112:02,9033.67,ANZ78847,FNMSSLMSFIQ,369,1082.0
763,HLA-DRB112:02,9042.27,ANZ78847,RSRRAITTGYR,763,1083.0
491,HLA-DRB112:02,9051.6,ANZ78847,FKAPKNFCPCK,491,1084.0
1348,HLA-DRB112:02,9051.63,ANZ78847,TGYQELVIKTS,1348,1085.0
643,HLA-DRB112:02,9057.4,ANZ78847,FVEVNATYYNS,643,1086.0
808,HLA-DRB112:02,9104.42,ANZ78847,NMEEFIQTSSP,808,1087.0
640,HLA-DRB112:02,9111.86,ANZ78847,QGIFVEVNATY,640,1088.0
885,HLA-DRB112:02,9115.53,ANZ78847,VNFNVDDINFS,885,1089.0
832,HLA-DRB112:02,9124.21,ANZ78847,YAACKSQLVEY,832,1090.0
120,HLA-DRB112:02,9160.98,ANZ78847,VMYSEFPAITI,120,1091.0
1255,HLA-DRB112:02,9174.8,ANZ78847,VAPDLALDYIN,1255,1092.0
1249,HLA-DRB112:02,9181.76,ANZ78847,FKNQTSVAPDL,1249,1093.0
790,HLA-DRB112:02,9198.64,ANZ78847,EPVGGLYEIQI,790,1094.0
616,HLA-DRB112:02,9263.74,ANZ78847,DLQKANTDIKL,616,1095.0
1076,HLA-DRB112:02,9263.89,ANZ78847,LDALEAEAQID,1076,1096.0
490,HLA-DRB112:02,9268.43,ANZ78847,CFKAPKNFCPC,490,1097.0
758,HLA-DRB112:02,9292.87,ANZ78847,YSKNRRSRRAI,758,1098.0
1045,HLA-DRB112:02,9300.77,ANZ78847,NANAEALNNLL,1045,1099.0
276,HLA-DRB112:02,9361.1,ANZ78847,LTSRQYLLAFN,276,1100.0
636,HLA-DRB112:02,9365.73,ANZ78847,GISGQGIFVEV,636,1101.0
66,HLA-DRB112:02,9380.96,ANZ78847,FLNGYYPTSGS,66,1102.0
28,HLA-DRB112:02,9431.6,ANZ78847,SLNNIDTGPPS,28,1103.0
890,HLA-DRB112:02,9507.03,ANZ78847,DDINFSSVLGC,890,1104.0
977,HLA-DRB112:02,9547.52,ANZ78847,SLFPPWTAAAG,977,1105.0
105,HLA-DRB112:02,9587.19,ANZ78847,GIFAKVKNTKV,105,1106.0
1252,HLA-DRB112:02,9599.38,ANZ78847,QTSVAPDLALD,1252,1107.0
1347,HLA-DRB112:02,9606.04,ANZ78847,YTGYQELVIKT,1347,1108.0
1300,HLA-DRB112:02,9613.61,ANZ78847,YYVKWPWYVWL,1300,1109.0
935,HLA-DRB112:02,9682.35,ANZ78847,NCTGGAEIRDL,935,1110.0
1185,HLA-DRB112:02,9685.37,ANZ78847,SGYFVNVNNTW,1185,1111.0
306,HLA-DRB112:02,9732.48,ANZ78847,KCKTQSIAPPT,306,1112.0
26,HLA-DRB112:02,9802.66,ANZ78847,TGSLNNIDTGP,26,1113.0
31,HLA-DRB112:02,9829.32,ANZ78847,NIDTGPPSIST,31,1114.0
286,HLA-DRB112:02,9836.38,ANZ78847,NQDGIIFNAVD,286,1115.0
895,HLA-DRB112:02,9840.75,ANZ78847,SSVLGCLGSEC,895,1116.0
769,HLA-DRB112:02,9844.35,ANZ78847,TTGYRFTNFEP,769,1117.0
754,HLA-DRB112:02,9851.23,ANZ78847,YCVDYSKNRRS,754,1118.0
789,HLA-DRB112:02,9862.35,ANZ78847,LEPVGGLYEIQ,789,1119.0
224,HLA-DRB112:02,9882.83,ANZ78847,GTFYAYFTDTG,224,1120.0
1113,HLA-DRB112:02,9892.96,ANZ78847,SAAQAMEKVNE,1113,1121.0
411,HLA-DRB112:02,9895.82,ANZ78847,GRKVDLQLGNL,411,1122.0
512,HLA-DRB112:02,9908.5,ANZ78847,PGKNNGIGTCP,512,1123.0
40,HLA-DRB112:02,9947.54,ANZ78847,STATVDVTNGL,40,1124.0
473,HLA-DRB112:02,9948.47,ANZ78847,PQPAGVLTNHD,473,1125.0
564,HLA-DRB112:02,10019.21,ANZ78847,AVKSDYCGGNP,564,1126.0
1115,HLA-DRB112:02,10105.04,ANZ78847,AQAMEKVNECV,1115,1127.0
756,HLA-DRB112:02,10121.22,ANZ78847,VDYSKNRRSRR,756,1128.0
238,HLA-DRB112:02,10149.35,ANZ78847,KFLFNVYLGMA,238,1129.0
1341,HLA-DRB112:02,10172.76,ANZ78847,GGCCDDYTGYQ,1341,1130.0
1277,HLA-DRB112:02,10182.82,ANZ78847,RLQEAIKVLNQ,1277,1131.0
750,HLA-DRB112:02,10199.92,ANZ78847,VGSGYCVDYSK,750,1132.0
749,HLA-DRB112:02,10220.99,ANZ78847,TVGSGYCVDYS,749,1133.0
284,HLA-DRB112:02,10253.25,ANZ78847,AFNQDGIIFNA,284,1134.0
358,HLA-DRB112:02,10254.65,ANZ78847,NWERKTFSNCN,358,1135.0
724,HLA-DRB112:02,10260.84,ANZ78847,YFDSYLGCVVN,724,1136.0
884,HLA-DRB112:02,10266.26,ANZ78847,GVNFNVDDINF,884,1137.0
231,HLA-DRB112:02,10342.98,ANZ78847,TDTGVVTKFLF,231,1138.0
314,HLA-DRB112:02,10354.25,ANZ78847,PPTGVYELNGY,314,1139.0
612,HLA-DRB112:02,10363.84,ANZ78847,TCSTDLQKANT,612,1140.0
902,HLA-DRB112:02,10392.91,ANZ78847,GSECSKASSRS,902,1141.0
474,HLA-DRB112:02,10402.01,ANZ78847,QPAGVLTNHDV,474,1142.0
1308,HLA-DRB112:02,10450.52,ANZ78847,VWLLICLAGVA,1308,1143.0
1026,HLA-DRB112:02,10474.67,ANZ78847,IQEGFDATNSA,1026,1144.0
560,HLA-DRB112:02,10483.63,ANZ78847,CSGLAVKSDYC,560,1145.0
313,HLA-DRB112:02,10507.16,ANZ78847,APPTGVYELNG,313,1146.0
520,HLA-DRB112:02,10546.24,ANZ78847,TCPAGTNYLTC,520,1147.0
716,HLA-DRB112:02,10561.26,ANZ78847,TRQLQPINYFD,716,1148.0
222,HLA-DRB112:02,10574.45,ANZ78847,EGGTFYAYFTD,222,1149.0
641,HLA-DRB112:02,10579.91,ANZ78847,GIFVEVNATYY,641,1150.0
1073,HLA-DRB112:02,10587.77,ANZ78847,LSRLDALEAEA,1073,1151.0
881,HLA-DRB112:02,10635.76,ANZ78847,LKDGVNFNVDD,881,1152.0
329,HLA-DRB112:02,10644.6,ANZ78847,IADVYRRKPDL,329,1153.0
82,HLA-DRB112:02,10654.83,ANZ78847,ALKGTDKLSTL,82,1154.0
1078,HLA-DRB112:02,10658.01,ANZ78847,ALEAEAQIDRL,1078,1155.0
582,HLA-DRB112:02,10659.74,ANZ78847,FLGWSADSCLQ,582,1156.0
1017,HLA-DRB112:02,10665.84,ANZ78847,NAFNNALDAIQ,1017,1157.0
94,HLA-DRB112:02,10691.84,ANZ78847,FKPPFLSDFIN,94,1158.0
1205,HLA-DRB112:02,10720.23,ANZ78847,PEPITENNVVV,1205,1159.0
878,HLA-DRB112:02,10836.29,ANZ78847,STKLKDGVNFN,878,1160.0
853,HLA-DRB112:02,10840.78,ANZ78847,LTEVNELLDTT,853,1161.0
903,HLA-DRB112:02,10842.84,ANZ78847,SECSKASSRSA,903,1162.0
910,HLA-DRB112:02,10873.67,ANZ78847,SRSAIEDLLFD,910,1163.0
72,HLA-DRB112:02,10888.3,ANZ78847,PTSGSTYRNMA,72,1164.0
899,HLA-DRB112:02,10891.33,ANZ78847,GCLGSECSKAS,899,1165.0
807,HLA-DRB112:02,10892.38,ANZ78847,GNMEEFIQTSS,807,1166.0
426,HLA-DRB112:02,10946.49,ANZ78847,SFNYRIDTTAT,426,1167.0
717,HLA-DRB112:02,11006.38,ANZ78847,RQLQPINYFDS,717,1168.0
926,HLA-DRB112:02,11011.39,ANZ78847,DVGFVAAYNNC,926,1169.0
250,HLA-DRB112:02,11043.63,ANZ78847,SHYYVMPLTCI,250,1170.0
176,HLA-DRB112:02,11166.64,ANZ78847,HTICHPNLGNH,176,1171.0
150,HLA-DRB112:02,11184.55,ANZ78847,STQDGVNKLQG,150,1172.0
73,HLA-DRB112:02,11211.12,ANZ78847,TSGSTYRNMAL,73,1173.0
615,HLA-DRB112:02,11228.53,ANZ78847,TDLQKANTDIK,615,1174.0
854,HLA-DRB112:02,11316.71,ANZ78847,TEVNELLDTTQ,854,1175.0
409,HLA-DRB112:02,11368.23,ANZ78847,PNGRKVDLQLG,409,1176.0
496,HLA-DRB112:02,11379.73,ANZ78847,NFCPCKSNSSL,496,1177.0
428,HLA-DRB112:02,11382.03,ANZ78847,NYRIDTTATSC,428,1178.0
1296,HLA-DRB112:02,11395.27,ANZ78847,GTYEYYVKWPW,1296,1179.0
221,HLA-DRB112:02,11418.58,ANZ78847,QEGGTFYAYFT,221,1180.0
10,HLA-DRB112:02,11431.59,ANZ78847,TAFAVIGDLKC,10,1181.0
559,HLA-DRB112:02,11459.66,ANZ78847,HCSGLAVKSDY,559,1182.0
1174,HLA-DRB112:02,11472.46,ANZ78847,CIAGDRGIAPK,1174,1183.0
664,HLA-DRB112:02,11510.81,ANZ78847,NLYGFRDYLTN,664,1184.0
579,HLA-DRB112:02,11612.95,ANZ78847,PQAFLGWSADS,579,1185.0
827,HLA-DRB112:02,11614.86,ANZ78847,FVCGDYAACKS,827,1186.0
550,HLA-DRB112:02,11616.41,ANZ78847,SKSLVGIGEHC,550,1187.0
684,HLA-DRB112:02,11621.45,ANZ78847,SGRVSAAFHAN,684,1188.0
1209,HLA-DRB112:02,11629.09,ANZ78847,TENNVVVMSTC,1209,1189.0
377,HLA-DRB112:02,11750.75,ANZ78847,FIQADSFTCNN,377,1190.0
1320,HLA-DRB112:02,11756.17,ANZ78847,LVLLFFICCCT,1320,1191.0
1317,HLA-DRB112:02,11768.86,ANZ78847,VAMLVLLFFIC,1317,1192.0
1236,HLA-DRB112:02,11777.66,ANZ78847,PNLPDFREELD,1236,1193.0
1111,HLA-DRB112:02,11784.91,ANZ78847,KFSAAQAMEKV,1111,1194.0
688,HLA-DRB112:02,11802.41,ANZ78847,SAAFHANSSEP,688,1195.0
234,HLA-DRB112:02,11896.01,ANZ78847,GVVTKFLFNVY,234,1196.0
507,HLA-DRB112:02,11912.28,ANZ78847,CVGSGPGKNNG,507,1197.0
838,HLA-DRB112:02,11922.99,ANZ78847,QLVEYGSFCDN,838,1198.0
1346,HLA-DRB112:02,11959.11,ANZ78847,DYTGYQELVIK,1346,1199.0
791,HLA-DRB112:02,11960.66,ANZ78847,PVGGLYEIQIP,791,1200.0
297,HLA-DRB112:02,11981.77,ANZ78847,CMSDFMSEIKC,297,1201.0
587,HLA-DRB112:02,12005.46,ANZ78847,ADSCLQGDKCN,587,1202.0
1058,HLA-DRB112:02,12043.7,ANZ78847,LSNRFGAISSS,1058,1203.0
223,HLA-DRB112:02,12047.57,ANZ78847,GGTFYAYFTDT,223,1204.0
826,HLA-DRB112:02,12062.81,ANZ78847,AFVCGDYAACK,826,1205.0
486,HLA-DRB112:02,12111.77,ANZ78847,YAQHCFKAPKN,486,1206.0
1077,HLA-DRB112:02,12116.02,ANZ78847,DALEAEAQIDR,1077,1207.0
1081,HLA-DRB112:02,12141.42,ANZ78847,AEAQIDRLING,1081,1208.0
978,HLA-DRB112:02,12178.33,ANZ78847,LFPPWTAAAGV,978,1209.0
825,HLA-DRB112:02,12226.41,ANZ78847,AAFVCGDYAAC,825,1210.0
184,HLA-DRB112:02,12231.55,ANZ78847,GNHFKELWHMD,184,1211.0
121,HLA-DRB112:02,12280.81,ANZ78847,MYSEFPAITIG,121,1212.0
642,HLA-DRB112:02,12298.4,ANZ78847,IFVEVNATYYN,642,1213.0
463,HLA-DRB112:02,12304.56,ANZ78847,FGFIEDSVFKP,463,1214.0
1177,HLA-DRB112:02,12315.99,ANZ78847,GDRGIAPKSGY,1177,1215.0
778,HLA-DRB112:02,12350.13,ANZ78847,EPFTVNSVNDS,778,1216.0
232,HLA-DRB112:02,12376.91,ANZ78847,DTGVVTKFLFN,232,1217.0
569,HLA-DRB112:02,12521.96,ANZ78847,YCGGNPCTCQP,569,1218.0
35,HLA-DRB112:02,12577.46,ANZ78847,GPPSISTATVD,35,1219.0
1204,HLA-DRB112:02,12614.11,ANZ78847,YPEPITENNVV,1204,1220.0
1025,HLA-DRB112:02,12615.61,ANZ78847,AIQEGFDATNS,1025,1221.0
1024,HLA-DRB112:02,12644.2,ANZ78847,DAIQEGFDATN,1024,1222.0
1176,HLA-DRB112:02,12682.03,ANZ78847,AGDRGIAPKSG,1176,1223.0
1112,HLA-DRB112:02,12685.52,ANZ78847,FSAAQAMEKVN,1112,1224.0
1313,HLA-DRB112:02,12740.24,ANZ78847,CLAGVAMLVLL,1313,1225.0
249,HLA-DRB112:02,12849.14,ANZ78847,LSHYYVMPLTC,249,1226.0
924,HLA-DRB112:02,12865.46,ANZ78847,LSDVGFVAAYN,924,1227.0
939,HLA-DRB112:02,12896.94,ANZ78847,GAEIRDLICVQ,939,1228.0
611,HLA-DRB112:02,12906.94,ANZ78847,LTCSTDLQKAN,611,1229.0
844,HLA-DRB112:02,13005.7,ANZ78847,SFCDNINAILT,844,1230.0
497,HLA-DRB112:02,13214.07,ANZ78847,FCPCKSNSSLC,497,1231.0
793,HLA-DRB112:02,13233.61,ANZ78847,GGLYEIQIPSD,793,1232.0
489,HLA-DRB112:02,13261.97,ANZ78847,HCFKAPKNFCP,489,1233.0
1079,HLA-DRB112:02,13398.12,ANZ78847,LEAEAQIDRLI,1079,1234.0
1306,HLA-DRB112:02,13518.1,ANZ78847,WYVWLLICLAG,1306,1235.0
549,HLA-DRB112:02,13526.84,ANZ78847,QSKSLVGIGEH,549,1236.0
1114,HLA-DRB112:02,13538.39,ANZ78847,AAQAMEKVNEC,1114,1237.0
815,HLA-DRB112:02,13546.77,ANZ78847,TSSPKVTIDCA,815,1238.0
1199,HLA-DRB112:02,13548.54,ANZ78847,GSGYYYPEPIT,1199,1239.0
840,HLA-DRB112:02,13661.75,ANZ78847,VEYGSFCDNIN,840,1240.0
909,HLA-DRB112:02,13662.39,ANZ78847,SSRSAIEDLLF,909,1241.0
376,HLA-DRB112:02,13726.58,ANZ78847,SFIQADSFTCN,376,1242.0
425,HLA-DRB112:02,13796.97,ANZ78847,QSFNYRIDTTA,425,1243.0
580,HLA-DRB112:02,13835.42,ANZ78847,QAFLGWSADSC,580,1244.0
1307,HLA-DRB112:02,13843.69,ANZ78847,YVWLLICLAGV,1307,1245.0
1315,HLA-DRB112:02,13935.41,ANZ78847,AGVAMLVLLFF,1315,1246.0
1301,HLA-DRB112:02,13978.3,ANZ78847,YVKWPWYVWLL,1301,1247.0
1335,HLA-DRB112:02,13994.29,ANZ78847,SCFKKCGGCCD,1335,1248.0
762,HLA-DRB112:02,14145.59,ANZ78847,RRSRRAITTGY,762,1249.0
522,HLA-DRB112:02,14146.51,ANZ78847,PAGTNYLTCHN,522,1250.0
360,HLA-DRB112:02,14155.05,ANZ78847,ERKTFSNCNFN,360,1251.0
883,HLA-DRB112:02,14280.94,ANZ78847,DGVNFNVDDIN,883,1252.0
1200,HLA-DRB112:02,14305.26,ANZ78847,SGYYYPEPITE,1200,1253.0
1203,HLA-DRB112:02,14494.07,ANZ78847,YYPEPITENNV,1203,1254.0
459,HLA-DRB112:02,14501.78,ANZ78847,WNKRFGFIEDS,459,1255.0
792,HLA-DRB112:02,14566.93,ANZ78847,VGGLYEIQIPS,792,1256.0
203,HLA-DRB112:02,14584.99,ANZ78847,KRNFTYDVNAT,203,1257.0
1349,HLA-DRB112:02,14640.99,ANZ78847,GYQELVIKTSH,1349,1258.0
1314,HLA-DRB112:02,14736.01,ANZ78847,LAGVAMLVLLF,1314,1259.0
886,HLA-DRB112:02,14822.32,ANZ78847,NFNVDDINFSS,886,1260.0
581,HLA-DRB112:02,15003.19,ANZ78847,AFLGWSADSCL,581,1261.0
1297,HLA-DRB112:02,15070.43,ANZ78847,TYEYYVKWPWY,1297,1262.0
773,HLA-DRB112:02,15076.33,ANZ78847,RFTNFEPFTVN,773,1263.0
1333,HLA-DRB112:02,15243.43,ANZ78847,GTSCFKKCGGC,1333,1264.0
652,HLA-DRB112:02,15457.32,ANZ78847,NSWQNLLYDSN,652,1265.0
1028,HLA-DRB112:02,15482.93,ANZ78847,EGFDATNSALV,1028,1266.0
1059,HLA-DRB112:02,15554.37,ANZ78847,SNRFGAISSSL,1059,1267.0
32,HLA-DRB112:02,15571.25,ANZ78847,IDTGPPSISTA,32,1268.0
1182,HLA-DRB112:02,15691.96,ANZ78847,APKSGYFVNVN,1182,1269.0
843,HLA-DRB112:02,15833.33,ANZ78847,GSFCDNINAIL,843,1270.0
1060,HLA-DRB112:02,15849.21,ANZ78847,NRFGAISSSLQ,1060,1271.0
149,HLA-DRB112:02,15887.65,ANZ78847,NSTQDGVNKLQ,149,1272.0
1316,HLA-DRB112:02,15912.09,ANZ78847,GVAMLVLLFFI,1316,1273.0
1175,HLA-DRB112:02,15923.21,ANZ78847,IAGDRGIAPKS,1175,1274.0
1334,HLA-DRB112:02,15948.9,ANZ78847,TSCFKKCGGCC,1334,1275.0
287,HLA-DRB112:02,16003.42,ANZ78847,QDGIIFNAVDC,287,1276.0
1134,HLA-DRB112:02,16029.17,ANZ78847,FCGNGNHIISL,1134,1277.0
335,HLA-DRB112:02,16141.77,ANZ78847,RKPDLPNCNIE,335,1278.0
1202,HLA-DRB112:02,16190.55,ANZ78847,YYYPEPITENN,1202,1279.0
1338,HLA-DRB112:02,16230.28,ANZ78847,KKCGGCCDDYT,1338,1280.0
613,HLA-DRB112:02,16251.75,ANZ78847,CSTDLQKANTD,613,1281.0
510,HLA-DRB112:02,16254.98,ANZ78847,SGPGKNNGIGT,510,1282.0
841,HLA-DRB112:02,16306.26,ANZ78847,EYGSFCDNINA,841,1283.0
619,HLA-DRB112:02,16349.85,ANZ78847,KANTDIKLGVC,619,1284.0
1318,HLA-DRB112:02,16373.16,ANZ78847,AMLVLLFFICC,1318,1285.0
814,HLA-DRB112:02,16485.41,ANZ78847,QTSSPKVTIDC,814,1286.0
1304,HLA-DRB112:02,16515.12,ANZ78847,WPWYVWLLICL,1304,1287.0
586,HLA-DRB112:02,16635.55,ANZ78847,SADSCLQGDKC,586,1288.0
462,HLA-DRB112:02,16681.3,ANZ78847,RFGFIEDSVFK,462,1289.0
911,HLA-DRB112:02,16732.56,ANZ78847,RSAIEDLLFDK,911,1290.0
382,HLA-DRB112:02,16841.92,ANZ78847,SFTCNNIDAAK,382,1291.0
226,HLA-DRB112:02,16973.12,ANZ78847,FYAYFTDTGVV,226,1292.0
1238,HLA-DRB112:02,17131.18,ANZ78847,LPDFREELDQW,1238,1293.0
395,HLA-DRB112:02,17264.21,ANZ78847,GMCFSSITIDK,395,1294.0
1330,HLA-DRB112:02,17284.66,ANZ78847,TGCGTSCFKKC,1330,1295.0
1305,HLA-DRB112:02,17432.43,ANZ78847,PWYVWLLICLA,1305,1296.0
427,HLA-DRB112:02,17526.17,ANZ78847,FNYRIDTTATS,427,1297.0
1198,HLA-DRB112:02,17629.16,ANZ78847,TGSGYYYPEPI,1198,1298.0
1319,HLA-DRB112:02,17751.64,ANZ78847,MLVLLFFICCC,1319,1299.0
776,HLA-DRB112:02,17843.62,ANZ78847,NFEPFTVNSVN,776,1300.0
666,HLA-DRB112:02,17897.46,ANZ78847,YGFRDYLTNRT,666,1301.0
591,HLA-DRB112:02,17944.03,ANZ78847,LQGDKCNIFAN,591,1302.0
11,HLA-DRB112:02,18178.14,ANZ78847,AFAVIGDLKCP,11,1303.0
1133,HLA-DRB112:02,18279.31,ANZ78847,NFCGNGNHIIS,1133,1304.0
842,HLA-DRB112:02,18312.91,ANZ78847,YGSFCDNINAI,842,1305.0
122,HLA-DRB112:02,18364.84,ANZ78847,YSEFPAITIGS,122,1306.0
461,HLA-DRB112:02,18402.6,ANZ78847,KRFGFIEDSVF,461,1307.0
568,HLA-DRB112:02,18972.12,ANZ78847,DYCGGNPCTCQ,568,1308.0
936,HLA-DRB112:02,19330.74,ANZ78847,CTGGAEIRDLI,936,1309.0
34,HLA-DRB112:02,19430.16,ANZ78847,TGPPSISTATV,34,1310.0
25,HLA-DRB112:02,19462.54,ANZ78847,RTGSLNNIDTG,25,1311.0
925,HLA-DRB112:02,19616.11,ANZ78847,SDVGFVAAYNN,925,1312.0
521,HLA-DRB112:02,19721.3,ANZ78847,CPAGTNYLTCH,521,1313.0
24,HLA-DRB112:02,19820.6,ANZ78847,SRTGSLNNIDT,24,1314.0
472,HLA-DRB112:02,19903.8,ANZ78847,KPQPAGVLTNH,472,1315.0
1336,HLA-DRB112:02,19932.65,ANZ78847,CFKKCGGCCDD,1336,1316.0
1183,HLA-DRB112:02,19956.93,ANZ78847,PKSGYFVNVNN,1183,1317.0
1240,HLA-DRB112:02,20099.82,ANZ78847,DFREELDQWFK,1240,1318.0
759,HLA-DRB112:02,20331.54,ANZ78847,SKNRRSRRAIT,759,1319.0
1074,HLA-DRB112:02,20422.74,ANZ78847,SRLDALEAEAQ,1074,1320.0
1241,HLA-DRB112:02,20537.05,ANZ78847,FREELDQWFKN,1241,1321.0
508,HLA-DRB112:02,20543.71,ANZ78847,VGSGPGKNNGI,508,1322.0
332,HLA-DRB112:02,20562.92,ANZ78847,VYRRKPDLPNC,332,1323.0
1046,HLA-DRB112:02,20680.59,ANZ78847,ANAEALNNLLQ,1046,1324.0
1027,HLA-DRB112:02,20785.37,ANZ78847,QEGFDATNSAL,1027,1325.0
1302,HLA-DRB112:02,20842.64,ANZ78847,VKWPWYVWLLI,1302,1326.0
204,HLA-DRB112:02,20891.12,ANZ78847,RNFTYDVNATY,204,1327.0
938,HLA-DRB112:02,21025.0,ANZ78847,GGAEIRDLICV,938,1328.0
1242,HLA-DRB112:02,21202.73,ANZ78847,REELDQWFKNQ,1242,1329.0
1337,HLA-DRB112:02,21229.78,ANZ78847,FKKCGGCCDDY,1337,1330.0
334,HLA-DRB112:02,21353.42,ANZ78847,RRKPDLPNCNI,334,1331.0
567,HLA-DRB112:02,21508.02,ANZ78847,SDYCGGNPCTC,567,1332.0
1239,HLA-DRB112:02,21517.05,ANZ78847,PDFREELDQWF,1239,1333.0
1201,HLA-DRB112:02,21577.43,ANZ78847,GYYYPEPITEN,1201,1334.0
23,HLA-DRB112:02,22147.59,ANZ78847,DSRTGSLNNID,23,1335.0
33,HLA-DRB112:02,22181.7,ANZ78847,DTGPPSISTAT,33,1336.0
1237,HLA-DRB112:02,22342.52,ANZ78847,NLPDFREELDQ,1237,1337.0
1197,HLA-DRB112:02,22613.1,ANZ78847,YTGSGYYYPEP,1197,1338.0
330,HLA-DRB112:02,22630.74,ANZ78847,ADVYRRKPDLP,330,1339.0
410,HLA-DRB112:02,22983.89,ANZ78847,NGRKVDLQLGN,410,1340.0
1303,HLA-DRB112:02,23156.42,ANZ78847,KWPWYVWLLIC,1303,1341.0
937,HLA-DRB112:02,24153.81,ANZ78847,TGGAEIRDLIC,937,1342.0
1080,HLA-DRB112:02,24812.67,ANZ78847,EAEAQIDRLIN,1080,1343.0
511,HLA-DRB112:02,26243.54,ANZ78847,GPGKNNGIGTC,511,1344.0
757,HLA-DRB112:02,26492.21,ANZ78847,DYSKNRRSRRA,757,1345.0
761,HLA-DRB112:02,27697.93,ANZ78847,NRRSRRAITTG,761,1346.0
751,HLA-DRB112:02,28349.57,ANZ78847,GSGYCVDYSKN,751,1347.0
460,HLA-DRB112:02,28623.22,ANZ78847,NKRFGFIEDSV,460,1348.0
331,HLA-DRB112:02,28726.24,ANZ78847,DVYRRKPDLPN,331,1349.0
333,HLA-DRB112:02,29432.77,ANZ78847,YRRKPDLPNCN,333,1350.0
509,HLA-DRB112:02,30808.37,ANZ78847,GSGPGKNNGIG,509,1351.0
760,HLA-DRB112:02,33002.07,ANZ78847,KNRRSRRAITT,760,1352.0
244,HLA-DRB113:01,8.03,ANZ78847,YLGMALSHYYV,244,1.0
245,HLA-DRB113:01,16.09,ANZ78847,LGMALSHYYVM,245,2.0
988,HLA-DRB113:01,35.46,ANZ78847,VPFYLNVQYRI,988,3.0
1214,HLA-DRB113:01,43.78,ANZ78847,VVMSTCAVNYT,1214,4.0
243,HLA-DRB113:01,60.33,ANZ78847,VYLGMALSHYY,243,5.0
76,HLA-DRB113:01,68.7,ANZ78847,STYRNMALKGT,76,6.0
941,HLA-DRB113:01,69.64,ANZ78847,EIRDLICVQSY,941,7.0
682,HLA-DRB113:01,135.36,ANZ78847,CYSGRVSAAFH,682,8.0
671,HLA-DRB113:01,144.7,ANZ78847,YLTNRTFMIRS,671,9.0
219,HLA-DRB113:01,155.96,ANZ78847,FYQEGGTFYAY,219,10.0
421,HLA-DRB113:01,156.12,ANZ78847,LGYLQSFNYRI,421,11.0
700,HLA-DRB113:01,169.83,ANZ78847,LLFRNIKCNYV,700,12.0
252,HLA-DRB113:01,173.91,ANZ78847,YYVMPLTCISR,252,13.0
251,HLA-DRB113:01,174.39,ANZ78847,HYYVMPLTCIS,251,14.0
161,HLA-DRB113:01,193.8,ANZ78847,LLEVSVCQYNM,161,15.0
709,HLA-DRB113:01,199.56,ANZ78847,YVFNNSLTRQL,709,16.0
253,HLA-DRB113:01,205.12,ANZ78847,YVMPLTCISRR,253,17.0
53,HLA-DRB113:01,226.73,ANZ78847,YYVLDRVYLNT,53,18.0
1092,HLA-DRB113:01,238.95,ANZ78847,RLTALNAYVSQ,1092,19.0
668,HLA-DRB113:01,246.79,ANZ78847,FRDYLTNRTFM,668,20.0
255,HLA-DRB113:01,256.84,ANZ78847,MPLTCISRRNI,255,21.0
37,HLA-DRB113:01,277.66,ANZ78847,PSISTATVDVT,37,22.0
391,HLA-DRB113:01,278.45,ANZ78847,AKIYGMCFSSI,391,23.0
762,HLA-DRB113:01,279.68,ANZ78847,RRSRRAITTGY,762,24.0
1298,HLA-DRB113:01,307.76,ANZ78847,YEYYVKWPWYV,1298,25.0
478,HLA-DRB113:01,331.78,ANZ78847,VLTNHDVVYAQ,478,26.0
261,HLA-DRB113:01,362.99,ANZ78847,SRRNIGFTLEY,261,27.0
280,HLA-DRB113:01,369.36,ANZ78847,QYLLAFNQDGI,280,28.0
790,HLA-DRB113:01,391.49,ANZ78847,EPVGGLYEIQI,790,29.0
273,HLA-DRB113:01,448.74,ANZ78847,VTPLTSRQYLL,273,30.0
718,HLA-DRB113:01,457.54,ANZ78847,QLQPINYFDSY,718,31.0
758,HLA-DRB113:01,463.0,ANZ78847,YSKNRRSRRAI,758,32.0
714,HLA-DRB113:01,465.36,ANZ78847,SLTRQLQPINY,714,33.0
114,HLA-DRB113:01,483.79,ANZ78847,KVFKDGVMYSE,114,34.0
50,HLA-DRB113:01,486.79,ANZ78847,LGTYYVLDRVY,50,35.0
669,HLA-DRB113:01,494.19,ANZ78847,RDYLTNRTFMI,669,36.0
1215,HLA-DRB113:01,504.65,ANZ78847,VMSTCAVNYTK,1215,37.0
85,HLA-DRB113:01,513.21,ANZ78847,GTDKLSTLWFK,85,38.0
670,HLA-DRB113:01,522.65,ANZ78847,DYLTNRTFMIR,670,39.0
1055,HLA-DRB113:01,539.96,ANZ78847,LQQLSNRFGAI,1055,40.0
995,HLA-DRB113:01,542.2,ANZ78847,QYRINGLGVTM,995,41.0
196,HLA-DRB113:01,545.66,ANZ78847,GVVSCLYKRNF,196,42.0
1285,HLA-DRB113:01,581.26,ANZ78847,LNQSYINLKDI,1285,43.0
1279,HLA-DRB113:01,583.44,ANZ78847,QEAIKVLNQSY,1279,44.0
483,HLA-DRB113:01,601.97,ANZ78847,DVVYAQHCFKA,483,45.0
923,HLA-DRB113:01,602.38,ANZ78847,KLSDVGFVAAY,923,46.0
650,HLA-DRB113:01,615.18,ANZ78847,YYNSWQNLLYD,650,47.0
254,HLA-DRB113:01,616.55,ANZ78847,VMPLTCISRRN,254,48.0
763,HLA-DRB113:01,635.87,ANZ78847,RSRRAITTGYR,763,49.0
77,HLA-DRB113:01,683.55,ANZ78847,TYRNMALKGTD,77,50.0
627,HLA-DRB113:01,687.92,ANZ78847,GVCVNYDLYGI,627,51.0
210,HLA-DRB113:01,695.3,ANZ78847,VNATYLYFHFY,210,52.0
982,HLA-DRB113:01,715.78,ANZ78847,WTAAAGVPFYL,982,53.0
735,HLA-DRB113:01,723.59,ANZ78847,AYNSTAISVQT,735,54.0
804,HLA-DRB113:01,766.62,ANZ78847,FTIGNMEEFIQ,804,55.0
361,HLA-DRB113:01,769.85,ANZ78847,RKTFSNCNFNM,361,56.0
292,HLA-DRB113:01,773.66,ANZ78847,FNAVDCMSDFM,292,57.0
765,HLA-DRB113:01,781.46,ANZ78847,RRAITTGYRFT,765,58.0
1299,HLA-DRB113:01,806.93,ANZ78847,EYYVKWPWYVW,1299,59.0
258,HLA-DRB113:01,831.63,ANZ78847,TCISRRNIGFT,258,60.0
137,HLA-DRB113:01,833.33,ANZ78847,TSYSVVVQPRT,137,61.0
1093,HLA-DRB113:01,858.78,ANZ78847,LTALNAYVSQQ,1093,62.0
677,HLA-DRB113:01,875.74,ANZ78847,FMIRSCYSGRV,677,63.0
981,HLA-DRB113:01,880.8,ANZ78847,PWTAAAGVPFY,981,64.0
680,HLA-DRB113:01,948.24,ANZ78847,RSCYSGRVSAA,680,65.0
986,HLA-DRB113:01,953.14,ANZ78847,AGVPFYLNVQY,986,66.0
944,HLA-DRB113:01,956.81,ANZ78847,DLICVQSYKGI,944,67.0
141,HLA-DRB113:01,986.07,ANZ78847,VVVQPRTINST,141,68.0
423,HLA-DRB113:01,995.97,ANZ78847,YLQSFNYRIDT,423,69.0
1063,HLA-DRB113:01,1010.45,ANZ78847,GAISSSLQEIL,1063,70.0
921,HLA-DRB113:01,1013.78,ANZ78847,KVKLSDVGFVA,921,71.0
649,HLA-DRB113:01,1044.24,ANZ78847,TYYNSWQNLLY,649,72.0
319,HLA-DRB113:01,1056.81,ANZ78847,YELNGYTVQPI,319,73.0
635,HLA-DRB113:01,1063.2,ANZ78847,YGISGQGIFVE,635,74.0
1108,HLA-DRB113:01,1120.82,ANZ78847,TLVKFSAAQAM,1108,75.0
819,HLA-DRB113:01,1133.21,ANZ78847,KVTIDCAAFVC,819,76.0
1211,HLA-DRB113:01,1139.91,ANZ78847,NNVVVMSTCAV,1211,77.0
683,HLA-DRB113:01,1143.56,ANZ78847,YSGRVSAAFHA,683,78.0
676,HLA-DRB113:01,1146.9,ANZ78847,TFMIRSCYSGR,676,79.0
1171,HLA-DRB113:01,1147.42,ANZ78847,PGLCIAGDRGI,1171,80.0
1186,HLA-DRB113:01,1225.48,ANZ78847,GYFVNVNNTWM,1186,81.0
138,HLA-DRB113:01,1236.07,ANZ78847,SYSVVVQPRTI,138,82.0
1149,HLA-DRB113:01,1243.4,ANZ78847,PYGLYFIHFSY,1149,83.0
367,HLA-DRB113:01,1256.43,ANZ78847,CNFNMSSLMSF,367,84.0
115,HLA-DRB113:01,1315.98,ANZ78847,VFKDGVMYSEF,115,85.0
1213,HLA-DRB113:01,1316.93,ANZ78847,VVVMSTCAVNY,1213,86.0
1268,HLA-DRB113:01,1342.77,ANZ78847,FLDLQVEMNRL,1268,87.0
1090,HLA-DRB113:01,1348.94,ANZ78847,NGRLTALNAYV,1090,88.0
679,HLA-DRB113:01,1351.78,ANZ78847,IRSCYSGRVSA,679,89.0
1125,HLA-DRB113:01,1357.78,ANZ78847,VKSQSSRINFC,1125,90.0
953,HLA-DRB113:01,1365.09,ANZ78847,GIKVLPPLLSE,953,91.0
1220,HLA-DRB113:01,1370.92,ANZ78847,AVNYTKAPYVM,1220,92.0
398,HLA-DRB113:01,1393.64,ANZ78847,FSSITIDKFAI,398,93.0
1188,HLA-DRB113:01,1396.92,ANZ78847,FVNVNNTWMYT,1188,94.0
1156,HLA-DRB113:01,1410.66,ANZ78847,HFSYVPTKYVT,1156,95.0
1265,HLA-DRB113:01,1427.6,ANZ78847,NVTFLDLQVEM,1265,96.0
314,HLA-DRB113:01,1449.61,ANZ78847,PPTGVYELNGY,314,97.0
183,HLA-DRB113:01,1456.26,ANZ78847,LGNHFKELWHM,183,98.0
127,HLA-DRB113:01,1462.31,ANZ78847,AITIGSTFVNT,127,99.0
52,HLA-DRB113:01,1477.29,ANZ78847,TYYVLDRVYLN,52,100.0
54,HLA-DRB113:01,1546.93,ANZ78847,YVLDRVYLNTT,54,101.0
1066,HLA-DRB113:01,1551.2,ANZ78847,SSSLQEILSRL,1066,102.0
678,HLA-DRB113:01,1592.89,ANZ78847,MIRSCYSGRVS,678,103.0
353,HLA-DRB113:01,1600.77,ANZ78847,VPSPLNWERKT,353,104.0
989,HLA-DRB113:01,1602.1,ANZ78847,PFYLNVQYRIN,989,105.0
263,HLA-DRB113:01,1639.36,ANZ78847,RNIGFTLEYWV,263,106.0
812,HLA-DRB113:01,1661.55,ANZ78847,FIQTSSPKVTI,812,107.0
250,HLA-DRB113:01,1667.3,ANZ78847,SHYYVMPLTCI,250,108.0
156,HLA-DRB113:01,1669.2,ANZ78847,NKLQGLLEVSV,156,109.0
1082,HLA-DRB113:01,1688.08,ANZ78847,EAQIDRLINGR,1082,110.0
802,HLA-DRB113:01,1718.94,ANZ78847,SDFTIGNMEEF,802,111.0
623,HLA-DRB113:01,1740.49,ANZ78847,DIKLGVCVNYD,623,112.0
281,HLA-DRB113:01,1758.82,ANZ78847,YLLAFNQDGII,281,113.0
1102,HLA-DRB113:01,1778.15,ANZ78847,QQLSDSTLVKF,1102,114.0
1189,HLA-DRB113:01,1793.1,ANZ78847,VNVNNTWMYTG,1189,115.0
325,HLA-DRB113:01,1794.33,ANZ78847,TVQPIADVYRR,325,116.0
272,HLA-DRB113:01,1803.81,ANZ78847,WVTPLTSRQYL,272,117.0
959,HLA-DRB113:01,1831.15,ANZ78847,PLLSENQISGY,959,118.0
194,HLA-DRB113:01,1839.16,ANZ78847,DTGVVSCLYKR,194,119.0
811,HLA-DRB113:01,1848.43,ANZ78847,EFIQTSSPKVT,811,120.0
229,HLA-DRB113:01,1849.86,ANZ78847,YFTDTGVVTKF,229,121.0
397,HLA-DRB113:01,1863.47,ANZ78847,CFSSITIDKFA,397,122.0
1282,HLA-DRB113:01,1864.81,ANZ78847,IKVLNQSYINL,1282,123.0
134,HLA-DRB113:01,1914.21,ANZ78847,FVNTSYSVVVQ,134,124.0
905,HLA-DRB113:01,1925.47,ANZ78847,CSKASSRSAIE,905,125.0
940,HLA-DRB113:01,1970.96,ANZ78847,AEIRDLICVQS,940,126.0
106,HLA-DRB113:01,2006.83,ANZ78847,IFAKVKNTKVF,106,127.0
324,HLA-DRB113:01,2006.95,ANZ78847,YTVQPIADVYR,324,128.0
803,HLA-DRB113:01,2014.67,ANZ78847,DFTIGNMEEFI,803,129.0
1056,HLA-DRB113:01,2016.63,ANZ78847,QQLSNRFGAIS,1056,130.0
715,HLA-DRB113:01,2084.53,ANZ78847,LTRQLQPINYF,715,131.0
288,HLA-DRB113:01,2092.37,ANZ78847,DGIIFNAVDCM,288,132.0
632,HLA-DRB113:01,2092.84,ANZ78847,YDLYGISGQGI,632,133.0
57,HLA-DRB113:01,2173.69,ANZ78847,DRVYLNTTLFL,57,134.0
45,HLA-DRB113:01,2180.49,ANZ78847,DVTNGLGTYYV,45,135.0
1223,HLA-DRB113:01,2182.73,ANZ78847,YTKAPYVMLNT,1223,136.0
701,HLA-DRB113:01,2206.74,ANZ78847,LFRNIKCNYVF,701,137.0
1254,HLA-DRB113:01,2206.79,ANZ78847,SVAPDLALDYI,1254,138.0
1278,HLA-DRB113:01,2213.82,ANZ78847,LQEAIKVLNQS,1278,139.0
764,HLA-DRB113:01,2224.72,ANZ78847,SRRAITTGYRF,764,140.0
1287,HLA-DRB113:01,2225.61,ANZ78847,QSYINLKDIGT,1287,141.0
1292,HLA-DRB113:01,2263.26,ANZ78847,LKDIGTYEYYV,1292,142.0
257,HLA-DRB113:01,2283.17,ANZ78847,LTCISRRNIGF,257,143.0
994,HLA-DRB113:01,2288.39,ANZ78847,VQYRINGLGVT,994,144.0
369,HLA-DRB113:01,2302.03,ANZ78847,FNMSSLMSFIQ,369,145.0
1347,HLA-DRB113:01,2319.63,ANZ78847,YTGYQELVIKT,1347,146.0
264,HLA-DRB113:01,2334.55,ANZ78847,NIGFTLEYWVT,264,147.0
882,HLA-DRB113:01,2344.84,ANZ78847,KDGVNFNVDDI,882,148.0
237,HLA-DRB113:01,2365.39,ANZ78847,TKFLFNVYLGM,237,149.0
396,HLA-DRB113:01,2384.93,ANZ78847,MCFSSITIDKF,396,150.0
759,HLA-DRB113:01,2385.53,ANZ78847,SKNRRSRRAIT,759,151.0
710,HLA-DRB113:01,2415.5,ANZ78847,VFNNSLTRQLQ,710,152.0
1280,HLA-DRB113:01,2420.08,ANZ78847,EAIKVLNQSYI,1280,153.0
866,HLA-DRB113:01,2421.05,ANZ78847,QVANSLMNGVT,866,154.0
259,HLA-DRB113:01,2425.76,ANZ78847,CISRRNIGFTL,259,155.0
246,HLA-DRB113:01,2490.71,ANZ78847,GMALSHYYVMP,246,156.0
1225,HLA-DRB113:01,2500.3,ANZ78847,KAPYVMLNTSI,1225,157.0
525,HLA-DRB113:01,2505.35,ANZ78847,TNYLTCHNLCN,525,158.0
275,HLA-DRB113:01,2538.08,ANZ78847,PLTSRQYLLAF,275,159.0
1061,HLA-DRB113:01,2581.19,ANZ78847,RFGAISSSLQE,1061,160.0
817,HLA-DRB113:01,2596.76,ANZ78847,SPKVTIDCAAF,817,161.0
699,HLA-DRB113:01,2614.41,ANZ78847,ALLFRNIKCNY,699,162.0
1091,HLA-DRB113:01,2631.59,ANZ78847,GRLTALNAYVS,1091,163.0
969,HLA-DRB113:01,2637.38,ANZ78847,YTLAATSASLF,969,164.0
260,HLA-DRB113:01,2764.7,ANZ78847,ISRRNIGFTLE,260,165.0
1309,HLA-DRB113:01,2781.61,ANZ78847,WLLICLAGVAM,1309,166.0
1064,HLA-DRB113:01,2820.44,ANZ78847,AISSSLQEILS,1064,167.0
256,HLA-DRB113:01,2825.47,ANZ78847,PLTCISRRNIG,256,168.0
897,HLA-DRB113:01,2835.37,ANZ78847,VLGCLGSECSK,897,169.0
639,HLA-DRB113:01,2868.11,ANZ78847,GQGIFVEVNAT,639,170.0
695,HLA-DRB113:01,2886.67,ANZ78847,SSEPALLFRNI,695,171.0
195,HLA-DRB113:01,2902.69,ANZ78847,TGVVSCLYKRN,195,172.0
476,HLA-DRB113:01,2905.25,ANZ78847,AGVLTNHDVVY,476,173.0
482,HLA-DRB113:01,2916.04,ANZ78847,HDVVYAQHCFK,482,174.0
867,HLA-DRB113:01,3001.57,ANZ78847,VANSLMNGVTL,867,175.0
321,HLA-DRB113:01,3107.39,ANZ78847,LNGYTVQPIAD,321,176.0
218,HLA-DRB113:01,3125.63,ANZ78847,HFYQEGGTFYA,218,177.0
1222,HLA-DRB113:01,3138.47,ANZ78847,NYTKAPYVMLN,1222,178.0
479,HLA-DRB113:01,3158.5,ANZ78847,LTNHDVVYAQH,479,179.0
748,HLA-DRB113:01,3161.55,ANZ78847,LTVGSGYCVDY,748,180.0
1038,HLA-DRB113:01,3172.69,ANZ78847,VKIQAVVNANA,1038,181.0
996,HLA-DRB113:01,3181.15,ANZ78847,YRINGLGVTMD,996,182.0
470,HLA-DRB113:01,3222.46,ANZ78847,VFKPQPAGVLT,470,183.0
726,HLA-DRB113:01,3249.47,ANZ78847,DSYLGCVVNAY,726,184.0
168,HLA-DRB113:01,3270.54,ANZ78847,QYNMCEYPHTI,168,185.0
1187,HLA-DRB113:01,3272.52,ANZ78847,YFVNVNNTWMY,1187,186.0
949,HLA-DRB113:01,3303.44,ANZ78847,QSYKGIKVLPP,949,187.0
454,HLA-DRB113:01,3310.6,ANZ78847,FNPSTWNKRFG,454,188.0
1312,HLA-DRB113:01,3318.24,ANZ78847,ICLAGVAMLVL,1312,189.0
51,HLA-DRB113:01,3338.28,ANZ78847,GTYYVLDRVYL,51,190.0
96,HLA-DRB113:01,3352.09,ANZ78847,PPFLSDFINGI,96,191.0
1212,HLA-DRB113:01,3355.41,ANZ78847,NVVVMSTCAVN,1212,192.0
1037,HLA-DRB113:01,3355.78,ANZ78847,LVKIQAVVNAN,1037,193.0
839,HLA-DRB113:01,3466.24,ANZ78847,LVEYGSFCDNI,839,194.0
139,HLA-DRB113:01,3468.02,ANZ78847,YSVVVQPRTIN,139,195.0
1243,HLA-DRB113:01,3542.82,ANZ78847,EELDQWFKNQT,1243,196.0
818,HLA-DRB113:01,3559.66,ANZ78847,PKVTIDCAAFV,818,197.0
484,HLA-DRB113:01,3582.6,ANZ78847,VVYAQHCFKAP,484,198.0
597,HLA-DRB113:01,3608.89,ANZ78847,NIFANLILHDV,597,199.0
208,HLA-DRB113:01,3626.45,ANZ78847,YDVNATYLYFH,208,200.0
795,HLA-DRB113:01,3631.28,ANZ78847,LYEIQIPSDFT,795,201.0
960,HLA-DRB113:01,3647.84,ANZ78847,LLSENQISGYT,960,202.0
1277,HLA-DRB113:01,3670.67,ANZ78847,RLQEAIKVLNQ,1277,203.0
1000,HLA-DRB113:01,3681.02,ANZ78847,GLGVTMDVLSQ,1000,204.0
452,HLA-DRB113:01,3696.12,ANZ78847,SRFNPSTWNKR,452,205.0
1084,HLA-DRB113:01,3700.21,ANZ78847,QIDRLINGRLT,1084,206.0
1228,HLA-DRB113:01,3748.05,ANZ78847,YVMLNTSIPNL,1228,207.0
796,HLA-DRB113:01,3749.27,ANZ78847,YEIQIPSDFTI,796,208.0
422,HLA-DRB113:01,3752.99,ANZ78847,GYLQSFNYRID,422,209.0
5,HLA-DRB113:01,3762.33,ANZ78847,LISLPTAFAVI,5,210.0
1002,HLA-DRB113:01,3807.57,ANZ78847,GVTMDVLSQNQ,1002,211.0
365,HLA-DRB113:01,3832.78,ANZ78847,SNCNFNMSSLM,365,212.0
1123,HLA-DRB113:01,3858.11,ANZ78847,ECVKSQSSRIN,1123,213.0
1103,HLA-DRB113:01,3859.36,ANZ78847,QLSDSTLVKFS,1103,214.0
354,HLA-DRB113:01,3878.84,ANZ78847,PSPLNWERKTF,354,215.0
274,HLA-DRB113:01,3899.72,ANZ78847,TPLTSRQYLLA,274,216.0
681,HLA-DRB113:01,3924.2,ANZ78847,SCYSGRVSAAF,681,217.0
625,HLA-DRB113:01,3936.48,ANZ78847,KLGVCVNYDLY,625,218.0
993,HLA-DRB113:01,3961.74,ANZ78847,NVQYRINGLGV,993,219.0
392,HLA-DRB113:01,3982.74,ANZ78847,KIYGMCFSSIT,392,220.0
355,HLA-DRB113:01,3994.62,ANZ78847,SPLNWERKTFS,355,221.0
181,HLA-DRB113:01,3997.08,ANZ78847,PNLGNHFKELW,181,222.0
950,HLA-DRB113:01,3999.58,ANZ78847,SYKGIKVLPPL,950,223.0
453,HLA-DRB113:01,4052.57,ANZ78847,RFNPSTWNKRF,453,224.0
766,HLA-DRB113:01,4071.0,ANZ78847,RAITTGYRFTN,766,225.0
1310,HLA-DRB113:01,4086.18,ANZ78847,LLICLAGVAML,1310,226.0
162,HLA-DRB113:01,4092.82,ANZ78847,LEVSVCQYNMC,162,227.0
158,HLA-DRB113:01,4101.12,ANZ78847,LQGLLEVSVCQ,158,228.0
262,HLA-DRB113:01,4114.26,ANZ78847,RRNIGFTLEYW,262,229.0
548,HLA-DRB113:01,4159.53,ANZ78847,PQSKSLVGIGE,548,230.0
368,HLA-DRB113:01,4191.28,ANZ78847,NFNMSSLMSFI,368,231.0
1275,HLA-DRB113:01,4202.08,ANZ78847,MNRLQEAIKVL,1275,232.0
1124,HLA-DRB113:01,4222.45,ANZ78847,CVKSQSSRINF,1124,233.0
1315,HLA-DRB113:01,4239.03,ANZ78847,AGVAMLVLLFF,1315,234.0
869,HLA-DRB113:01,4276.76,ANZ78847,NSLMNGVTLST,869,235.0
640,HLA-DRB113:01,4280.66,ANZ78847,QGIFVEVNATY,640,236.0
919,HLA-DRB113:01,4289.66,ANZ78847,FDKVKLSDVGF,919,237.0
1005,HLA-DRB113:01,4291.78,ANZ78847,MDVLSQNQKLI,1005,238.0
1109,HLA-DRB113:01,4302.6,ANZ78847,LVKFSAAQAME,1109,239.0
997,HLA-DRB113:01,4317.77,ANZ78847,RINGLGVTMDV,997,240.0
477,HLA-DRB113:01,4327.93,ANZ78847,GVLTNHDVVYA,477,241.0
1006,HLA-DRB113:01,4384.73,ANZ78847,DVLSQNQKLIA,1006,242.0
207,HLA-DRB113:01,4386.39,ANZ78847,TYDVNATYLYF,207,243.0
1221,HLA-DRB113:01,4393.47,ANZ78847,VNYTKAPYVML,1221,244.0
351,HLA-DRB113:01,4409.43,ANZ78847,KSVPSPLNWER,351,245.0
746,HLA-DRB113:01,4429.66,ANZ78847,CDLTVGSGYCV,746,246.0
481,HLA-DRB113:01,4490.06,ANZ78847,NHDVVYAQHCF,481,247.0
658,HLA-DRB113:01,4505.02,ANZ78847,LYDSNGNLYGF,658,248.0
920,HLA-DRB113:01,4506.2,ANZ78847,DKVKLSDVGFV,920,249.0
805,HLA-DRB113:01,4510.43,ANZ78847,TIGNMEEFIQT,805,250.0
198,HLA-DRB113:01,4534.15,ANZ78847,VSCLYKRNFTY,198,251.0
998,HLA-DRB113:01,4562.18,ANZ78847,INGLGVTMDVL,998,252.0
103,HLA-DRB113:01,4565.64,ANZ78847,INGIFAKVKNT,103,253.0
339,HLA-DRB113:01,4601.3,ANZ78847,LPNCNIEAWLN,339,254.0
455,HLA-DRB113:01,4619.15,ANZ78847,NPSTWNKRFGF,455,255.0
393,HLA-DRB113:01,4630.4,ANZ78847,IYGMCFSSITI,393,256.0
278,HLA-DRB113:01,4634.87,ANZ78847,SRQYLLAFNQD,278,257.0
302,HLA-DRB113:01,4646.7,ANZ78847,MSEIKCKTQSI,302,258.0
499,HLA-DRB113:01,4663.81,ANZ78847,PCKSNSSLCVG,499,259.0
906,HLA-DRB113:01,4683.56,ANZ78847,SKASSRSAIED,906,260.0
622,HLA-DRB113:01,4766.16,ANZ78847,TDIKLGVCVNY,622,261.0
1068,HLA-DRB113:01,4784.29,ANZ78847,SLQEILSRLDA,1068,262.0
948,HLA-DRB113:01,4807.4,ANZ78847,VQSYKGIKVLP,948,263.0
1032,HLA-DRB113:01,4831.77,ANZ78847,ATNSALVKIQA,1032,264.0
159,HLA-DRB113:01,4839.12,ANZ78847,QGLLEVSVCQY,159,265.0
143,HLA-DRB113:01,4840.05,ANZ78847,VQPRTINSTQD,143,266.0
672,HLA-DRB113:01,4853.96,ANZ78847,LTNRTFMIRSC,672,267.0
75,HLA-DRB113:01,4861.18,ANZ78847,GSTYRNMALKG,75,268.0
167,HLA-DRB113:01,4868.52,ANZ78847,CQYNMCEYPHT,167,269.0
326,HLA-DRB113:01,4877.32,ANZ78847,VQPIADVYRRK,326,270.0
299,HLA-DRB113:01,4962.45,ANZ78847,SDFMSEIKCKT,299,271.0
951,HLA-DRB113:01,5004.81,ANZ78847,YKGIKVLPPLL,951,272.0
675,HLA-DRB113:01,5008.13,ANZ78847,RTFMIRSCYSG,675,273.0
227,HLA-DRB113:01,5025.32,ANZ78847,YAYFTDTGVVT,227,274.0
814,HLA-DRB113:01,5106.99,ANZ78847,QTSSPKVTIDC,814,275.0
767,HLA-DRB113:01,5115.19,ANZ78847,AITTGYRFTNF,767,276.0
1350,HLA-DRB113:01,5121.48,ANZ78847,YQELVIKTSHD,1350,277.0
142,HLA-DRB113:01,5127.46,ANZ78847,VVQPRTINSTQ,142,278.0
673,HLA-DRB113:01,5140.12,ANZ78847,TNRTFMIRSCY,673,279.0
185,HLA-DRB113:01,5143.41,ANZ78847,NHFKELWHMDT,185,280.0
1094,HLA-DRB113:01,5151.13,ANZ78847,TALNAYVSQQL,1094,281.0
842,HLA-DRB113:01,5165.86,ANZ78847,YGSFCDNINAI,842,282.0
727,HLA-DRB113:01,5170.23,ANZ78847,SYLGCVVNAYN,727,283.0
1087,HLA-DRB113:01,5195.72,ANZ78847,RLINGRLTALN,1087,284.0
990,HLA-DRB113:01,5243.63,ANZ78847,FYLNVQYRING,990,285.0
277,HLA-DRB113:01,5251.26,ANZ78847,TSRQYLLAFNQ,277,286.0
1054,HLA-DRB113:01,5337.14,ANZ78847,LLQQLSNRFGA,1054,287.0
56,HLA-DRB113:01,5337.16,ANZ78847,LDRVYLNTTLF,56,288.0
1257,HLA-DRB113:01,5350.83,ANZ78847,PDLALDYINVT,1257,289.0
390,HLA-DRB113:01,5410.56,ANZ78847,AAKIYGMCFSS,390,290.0
980,HLA-DRB113:01,5412.45,ANZ78847,PPWTAAAGVPF,980,291.0
862,HLA-DRB113:01,5438.65,ANZ78847,TTQLQVANSLM,862,292.0
1253,HLA-DRB113:01,5445.11,ANZ78847,TSVAPDLALDY,1253,293.0
674,HLA-DRB113:01,5467.4,ANZ78847,NRTFMIRSCYS,674,294.0
417,HLA-DRB113:01,5491.73,ANZ78847,QLGNLGYLQSF,417,295.0
1069,HLA-DRB113:01,5495.27,ANZ78847,LQEILSRLDAL,1069,296.0
659,HLA-DRB113:01,5544.95,ANZ78847,YDSNGNLYGFR,659,297.0
352,HLA-DRB113:01,5619.7,ANZ78847,SVPSPLNWERK,352,298.0
129,HLA-DRB113:01,5632.25,ANZ78847,TIGSTFVNTSY,129,299.0
444,HLA-DRB113:01,5659.26,ANZ78847,LPAANVSVSRF,444,300.0
1137,HLA-DRB113:01,5665.21,ANZ78847,NGNHIISLVQN,1137,301.0
624,HLA-DRB113:01,5711.47,ANZ78847,IKLGVCVNYDL,624,302.0
661,HLA-DRB113:01,5715.89,ANZ78847,SNGNLYGFRDY,661,303.0
1259,HLA-DRB113:01,5719.45,ANZ78847,LALDYINVTFL,1259,304.0
907,HLA-DRB113:01,5729.45,ANZ78847,KASSRSAIEDL,907,305.0
1145,HLA-DRB113:01,5729.58,ANZ78847,VQNAPYGLYFI,1145,306.0
1143,HLA-DRB113:01,5778.04,ANZ78847,SLVQNAPYGLY,1143,307.0
1089,HLA-DRB113:01,5791.09,ANZ78847,INGRLTALNAY,1089,308.0
1297,HLA-DRB113:01,5800.68,ANZ78847,TYEYYVKWPWY,1297,309.0
1345,HLA-DRB113:01,5808.03,ANZ78847,DDYTGYQELVI,1345,310.0
501,HLA-DRB113:01,5812.14,ANZ78847,KSNSSLCVGSG,501,311.0
71,HLA-DRB113:01,5832.26,ANZ78847,YPTSGSTYRNM,71,312.0
1057,HLA-DRB113:01,5840.67,ANZ78847,QLSNRFGAISS,1057,313.0
770,HLA-DRB113:01,5880.58,ANZ78847,TGYRFTNFEPF,770,314.0
1001,HLA-DRB113:01,5913.27,ANZ78847,LGVTMDVLSQN,1001,315.0
1272,HLA-DRB113:01,5937.22,ANZ78847,QVEMNRLQEAI,1272,316.0
340,HLA-DRB113:01,5942.46,ANZ78847,PNCNIEAWLND,340,317.0
323,HLA-DRB113:01,5965.25,ANZ78847,GYTVQPIADVY,323,318.0
488,HLA-DRB113:01,5969.2,ANZ78847,QHCFKAPKNFC,488,319.0
38,HLA-DRB113:01,6051.85,ANZ78847,SISTATVDVTN,38,320.0
939,HLA-DRB113:01,6066.08,ANZ78847,GAEIRDLICVQ,939,321.0
723,HLA-DRB113:01,6075.98,ANZ78847,NYFDSYLGCVV,723,322.0
1127,HLA-DRB113:01,6094.94,ANZ78847,SQSSRINFCGN,1127,323.0
36,HLA-DRB113:01,6101.38,ANZ78847,PPSISTATVDV,36,324.0
1242,HLA-DRB113:01,6108.3,ANZ78847,REELDQWFKNQ,1242,325.0
1208,HLA-DRB113:01,6131.3,ANZ78847,ITENNVVVMST,1208,326.0
578,HLA-DRB113:01,6157.86,ANZ78847,QPQAFLGWSAD,578,327.0
58,HLA-DRB113:01,6164.84,ANZ78847,RVYLNTTLFLN,58,328.0
303,HLA-DRB113:01,6166.69,ANZ78847,SEIKCKTQSIA,303,329.0
1161,HLA-DRB113:01,6181.49,ANZ78847,PTKYVTAKVSP,1161,330.0
1313,HLA-DRB113:01,6184.24,ANZ78847,CLAGVAMLVLL,1313,331.0
1206,HLA-DRB113:01,6199.82,ANZ78847,EPITENNVVVM,1206,332.0
1190,HLA-DRB113:01,6205.06,ANZ78847,NVNNTWMYTGS,1190,333.0
2,HLA-DRB113:01,6210.01,ANZ78847,LILLISLPTAF,2,334.0
983,HLA-DRB113:01,6224.58,ANZ78847,TAAAGVPFYLN,983,335.0
241,HLA-DRB113:01,6251.63,ANZ78847,FNVYLGMALSH,241,336.0
552,HLA-DRB113:01,6337.56,ANZ78847,SLVGIGEHCSG,552,337.0
1033,HLA-DRB113:01,6490.1,ANZ78847,TNSALVKIQAV,1033,338.0
908,HLA-DRB113:01,6501.72,ANZ78847,ASSRSAIEDLL,908,339.0
1098,HLA-DRB113:01,6529.68,ANZ78847,AYVSQQLSDST,1098,340.0
1104,HLA-DRB113:01,6596.07,ANZ78847,LSDSTLVKFSA,1104,341.0
350,HLA-DRB113:01,6604.73,ANZ78847,DKSVPSPLNWE,350,342.0
123,HLA-DRB113:01,6624.91,ANZ78847,SEFPAITIGST,123,343.0
448,HLA-DRB113:01,6646.47,ANZ78847,NVSVSRFNPST,448,344.0
1162,HLA-DRB113:01,6660.21,ANZ78847,TKYVTAKVSPG,1162,345.0
648,HLA-DRB113:01,6673.14,ANZ78847,ATYYNSWQNLL,648,346.0
456,HLA-DRB113:01,6683.56,ANZ78847,PSTWNKRFGFI,456,347.0
1261,HLA-DRB113:01,6692.53,ANZ78847,LDYINVTFLDL,1261,348.0
1140,HLA-DRB113:01,6723.91,ANZ78847,HIISLVQNAPY,1140,349.0
634,HLA-DRB113:01,6723.94,ANZ78847,LYGISGQGIFV,634,350.0
500,HLA-DRB113:01,6732.99,ANZ78847,CKSNSSLCVGS,500,351.0
473,HLA-DRB113:01,6747.8,ANZ78847,PQPAGVLTNHD,473,352.0
206,HLA-DRB113:01,6820.51,ANZ78847,FTYDVNATYLY,206,353.0
1086,HLA-DRB113:01,6841.19,ANZ78847,DRLINGRLTAL,1086,354.0
822,HLA-DRB113:01,6869.68,ANZ78847,IDCAAFVCGDY,822,355.0
46,HLA-DRB113:01,6885.47,ANZ78847,VTNGLGTYYVL,46,356.0
193,HLA-DRB113:01,6916.66,ANZ78847,MDTGVVSCLYK,193,357.0
646,HLA-DRB113:01,6940.13,ANZ78847,VNATYYNSWQN,646,358.0
242,HLA-DRB113:01,6978.13,ANZ78847,NVYLGMALSHY,242,359.0
88,HLA-DRB113:01,7021.63,ANZ78847,KLSTLWFKPPF,88,360.0
49,HLA-DRB113:01,7026.64,ANZ78847,GLGTYYVLDRV,49,361.0
133,HLA-DRB113:01,7029.14,ANZ78847,TFVNTSYSVVV,133,362.0
957,HLA-DRB113:01,7048.52,ANZ78847,LPPLLSENQIS,957,363.0
1106,HLA-DRB113:01,7059.55,ANZ78847,DSTLVKFSAAQ,1106,364.0
192,HLA-DRB113:01,7112.61,ANZ78847,HMDTGVVSCLY,192,365.0
891,HLA-DRB113:01,7139.91,ANZ78847,DINFSSVLGCL,891,366.0
332,HLA-DRB113:01,7152.25,ANZ78847,VYRRKPDLPNC,332,367.0
877,HLA-DRB113:01,7190.0,ANZ78847,LSTKLKDGVNF,877,368.0
713,HLA-DRB113:01,7191.87,ANZ78847,NSLTRQLQPIN,713,369.0
1139,HLA-DRB113:01,7192.82,ANZ78847,NHIISLVQNAP,1139,370.0
451,HLA-DRB113:01,7294.67,ANZ78847,VSRFNPSTWNK,451,371.0
914,HLA-DRB113:01,7302.61,ANZ78847,IEDLLFDKVKL,914,372.0
1083,HLA-DRB113:01,7335.02,ANZ78847,AQIDRLINGRL,1083,373.0
70,HLA-DRB113:01,7336.31,ANZ78847,YYPTSGSTYRN,70,374.0
872,HLA-DRB113:01,7362.89,ANZ78847,MNGVTLSTKLK,872,375.0
1062,HLA-DRB113:01,7384.61,ANZ78847,FGAISSSLQEI,1062,376.0
816,HLA-DRB113:01,7414.18,ANZ78847,SSPKVTIDCAA,816,377.0
217,HLA-DRB113:01,7414.41,ANZ78847,FHFYQEGGTFY,217,378.0
145,HLA-DRB113:01,7416.34,ANZ78847,PRTINSTQDGV,145,379.0
1194,HLA-DRB113:01,7482.17,ANZ78847,TWMYTGSGYYY,1194,380.0
126,HLA-DRB113:01,7521.67,ANZ78847,PAITIGSTFVN,126,381.0
1256,HLA-DRB113:01,7551.55,ANZ78847,APDLALDYINV,1256,382.0
712,HLA-DRB113:01,7553.8,ANZ78847,NNSLTRQLQPI,712,383.0
386,HLA-DRB113:01,7581.32,ANZ78847,NNIDAAKIYGM,386,384.0
771,HLA-DRB113:01,7585.82,ANZ78847,GYRFTNFEPFT,771,385.0
1126,HLA-DRB113:01,7593.47,ANZ78847,KSQSSRINFCG,1126,386.0
968,HLA-DRB113:01,7596.42,ANZ78847,GYTLAATSASL,968,387.0
1004,HLA-DRB113:01,7634.43,ANZ78847,TMDVLSQNQKL,1004,388.0
1165,HLA-DRB113:01,7672.68,ANZ78847,VTAKVSPGLCI,1165,389.0
131,HLA-DRB113:01,7681.83,ANZ78847,GSTFVNTSYSV,131,390.0
1311,HLA-DRB113:01,7729.72,ANZ78847,LICLAGVAMLV,1311,391.0
717,HLA-DRB113:01,7748.41,ANZ78847,RQLQPINYFDS,717,392.0
1036,HLA-DRB113:01,7756.56,ANZ78847,ALVKIQAVVNA,1036,393.0
197,HLA-DRB113:01,7770.71,ANZ78847,VVSCLYKRNFT,197,394.0
871,HLA-DRB113:01,7795.3,ANZ78847,LMNGVTLSTKL,871,395.0
464,HLA-DRB113:01,7813.06,ANZ78847,GFIEDSVFKPQ,464,396.0
212,HLA-DRB113:01,7833.66,ANZ78847,ATYLYFHFYQE,212,397.0
638,HLA-DRB113:01,7853.18,ANZ78847,SGQGIFVEVNA,638,398.0
414,HLA-DRB113:01,7875.34,ANZ78847,VDLQLGNLGYL,414,399.0
684,HLA-DRB113:01,7911.54,ANZ78847,SGRVSAAFHAN,684,400.0
772,HLA-DRB113:01,7911.54,ANZ78847,YRFTNFEPFTV,772,400.0
544,HLA-DRB113:01,7922.75,ANZ78847,PYKCPQSKSLV,544,402.0
734,HLA-DRB113:01,7960.07,ANZ78847,NAYNSTAISVQ,734,403.0
107,HLA-DRB113:01,7971.59,ANZ78847,FAKVKNTKVFK,107,404.0
870,HLA-DRB113:01,7979.95,ANZ78847,SLMNGVTLSTK,870,405.0
768,HLA-DRB113:01,7989.71,ANZ78847,ITTGYRFTNFE,768,406.0
201,HLA-DRB113:01,8005.52,ANZ78847,LYKRNFTYDVN,201,407.0
490,HLA-DRB113:01,8021.57,ANZ78847,CFKAPKNFCPC,490,408.0
956,HLA-DRB113:01,8067.26,ANZ78847,VLPPLLSENQI,956,409.0
788,HLA-DRB113:01,8075.79,ANZ78847,SLEPVGGLYEI,788,410.0
1144,HLA-DRB113:01,8102.34,ANZ78847,LVQNAPYGLYF,1144,411.0
93,HLA-DRB113:01,8192.62,ANZ78847,WFKPPFLSDFI,93,412.0
731,HLA-DRB113:01,8217.0,ANZ78847,CVVNAYNSTAI,731,413.0
60,HLA-DRB113:01,8218.94,ANZ78847,YLNTTLFLNGY,60,414.0
702,HLA-DRB113:01,8254.12,ANZ78847,FRNIKCNYVFN,702,415.0
972,HLA-DRB113:01,8273.32,ANZ78847,AATSASLFPPW,972,416.0
146,HLA-DRB113:01,8366.01,ANZ78847,RTINSTQDGVN,146,417.0
716,HLA-DRB113:01,8422.77,ANZ78847,TRQLQPINYFD,716,418.0
318,HLA-DRB113:01,8449.92,ANZ78847,VYELNGYTVQP,318,419.0
111,HLA-DRB113:01,8463.2,ANZ78847,KNTKVFKDGVM,111,420.0
112,HLA-DRB113:01,8491.57,ANZ78847,NTKVFKDGVMY,112,421.0
164,HLA-DRB113:01,8608.48,ANZ78847,VSVCQYNMCEY,164,422.0
1351,HLA-DRB113:01,8631.35,ANZ78847,QELVIKTSHDD,1351,423.0
865,HLA-DRB113:01,8659.2,ANZ78847,LQVANSLMNGV,865,424.0
441,HLA-DRB113:01,8664.78,ANZ78847,YYNLPAANVSV,441,425.0
736,HLA-DRB113:01,8674.1,ANZ78847,YNSTAISVQTC,736,426.0
8,HLA-DRB113:01,8678.87,ANZ78847,LPTAFAVIGDL,8,427.0
647,HLA-DRB113:01,8706.34,ANZ78847,NATYYNSWQNL,647,428.0
1300,HLA-DRB113:01,8715.03,ANZ78847,YYVKWPWYVWL,1300,429.0
474,HLA-DRB113:01,8759.31,ANZ78847,QPAGVLTNHDV,474,430.0
1324,HLA-DRB113:01,8772.4,ANZ78847,FFICCCTGCGT,1324,431.0
1107,HLA-DRB113:01,8773.01,ANZ78847,STLVKFSAAQA,1107,432.0
1065,HLA-DRB113:01,8831.65,ANZ78847,ISSSLQEILSR,1065,433.0
1166,HLA-DRB113:01,8832.83,ANZ78847,TAKVSPGLCIA,1166,434.0
24,HLA-DRB113:01,8836.35,ANZ78847,SRTGSLNNIDT,24,435.0
356,HLA-DRB113:01,8882.85,ANZ78847,PLNWERKTFSN,356,436.0
1179,HLA-DRB113:01,8898.44,ANZ78847,RGIAPKSGYFV,1179,437.0
416,HLA-DRB113:01,8898.73,ANZ78847,LQLGNLGYLQS,416,438.0
320,HLA-DRB113:01,8910.61,ANZ78847,ELNGYTVQPIA,320,439.0
118,HLA-DRB113:01,8921.6,ANZ78847,DGVMYSEFPAI,118,440.0
1191,HLA-DRB113:01,8926.19,ANZ78847,VNNTWMYTGSG,1191,441.0
102,HLA-DRB113:01,8931.84,ANZ78847,FINGIFAKVKN,102,442.0
1227,HLA-DRB113:01,8932.13,ANZ78847,PYVMLNTSIPN,1227,443.0
101,HLA-DRB113:01,8942.28,ANZ78847,DFINGIFAKVK,101,444.0
551,HLA-DRB113:01,8948.49,ANZ78847,KSLVGIGEHCS,551,445.0
1030,HLA-DRB113:01,8955.49,ANZ78847,FDATNSALVKI,1030,446.0
815,HLA-DRB113:01,9003.04,ANZ78847,TSSPKVTIDCA,815,447.0
191,HLA-DRB113:01,9033.25,ANZ78847,WHMDTGVVSCL,191,448.0
230,HLA-DRB113:01,9064.48,ANZ78847,FTDTGVVTKFL,230,449.0
909,HLA-DRB113:01,9110.47,ANZ78847,SSRSAIEDLLF,909,450.0
69,HLA-DRB113:01,9131.02,ANZ78847,GYYPTSGSTYR,69,451.0
943,HLA-DRB113:01,9138.02,ANZ78847,RDLICVQSYKG,943,452.0
48,HLA-DRB113:01,9152.1,ANZ78847,NGLGTYYVLDR,48,453.0
874,HLA-DRB113:01,9230.04,ANZ78847,GVTLSTKLKDG,874,454.0
108,HLA-DRB113:01,9242.03,ANZ78847,AKVKNTKVFKD,108,455.0
132,HLA-DRB113:01,9247.53,ANZ78847,STFVNTSYSVV,132,456.0
282,HLA-DRB113:01,9250.8,ANZ78847,LLAFNQDGIIF,282,457.0
1348,HLA-DRB113:01,9265.96,ANZ78847,TGYQELVIKTS,1348,458.0
154,HLA-DRB113:01,9288.46,ANZ78847,GVNKLQGLLEV,154,459.0
120,HLA-DRB113:01,9291.15,ANZ78847,VMYSEFPAITI,120,460.0
1263,HLA-DRB113:01,9292.02,ANZ78847,YINVTFLDLQV,1263,461.0
875,HLA-DRB113:01,9313.7,ANZ78847,VTLSTKLKDGV,875,462.0
63,HLA-DRB113:01,9382.78,ANZ78847,TTLFLNGYYPT,63,463.0
1157,HLA-DRB113:01,9449.4,ANZ78847,FSYVPTKYVTA,1157,464.0
1105,HLA-DRB113:01,9450.05,ANZ78847,SDSTLVKFSAA,1105,465.0
738,HLA-DRB113:01,9464.19,ANZ78847,STAISVQTCDL,738,466.0
140,HLA-DRB113:01,9510.24,ANZ78847,SVVVQPRTINS,140,467.0
187,HLA-DRB113:01,9578.97,ANZ78847,FKELWHMDTGV,187,468.0
298,HLA-DRB113:01,9591.73,ANZ78847,MSDFMSEIKCK,298,469.0
294,HLA-DRB113:01,9649.57,ANZ78847,AVDCMSDFMSE,294,470.0
973,HLA-DRB113:01,9684.43,ANZ78847,ATSASLFPPWT,973,471.0
598,HLA-DRB113:01,9715.94,ANZ78847,IFANLILHDVN,598,472.0
1314,HLA-DRB113:01,9735.41,ANZ78847,LAGVAMLVLLF,1314,473.0
546,HLA-DRB113:01,9805.28,ANZ78847,KCPQSKSLVGI,546,474.0
1138,HLA-DRB113:01,9823.86,ANZ78847,GNHIISLVQNA,1138,475.0
691,HLA-DRB113:01,9871.21,ANZ78847,FHANSSEPALL,691,476.0
1198,HLA-DRB113:01,9890.02,ANZ78847,TGSGYYYPEPI,1198,477.0
879,HLA-DRB113:01,9933.53,ANZ78847,TKLKDGVNFNV,879,478.0
1031,HLA-DRB113:01,9937.62,ANZ78847,DATNSALVKIQ,1031,479.0
424,HLA-DRB113:01,9983.34,ANZ78847,LQSFNYRIDTT,424,480.0
374,HLA-DRB113:01,9990.02,ANZ78847,LMSFIQADSFT,374,481.0
461,HLA-DRB113:01,10077.02,ANZ78847,KRFGFIEDSVF,461,482.0
3,HLA-DRB113:01,10081.25,ANZ78847,ILLISLPTAFA,3,483.0
445,HLA-DRB113:01,10097.02,ANZ78847,PAANVSVSRFN,445,484.0
359,HLA-DRB113:01,10109.8,ANZ78847,WERKTFSNCNF,359,485.0
449,HLA-DRB113:01,10111.85,ANZ78847,VSVSRFNPSTW,449,486.0
475,HLA-DRB113:01,10122.84,ANZ78847,PAGVLTNHDVV,475,487.0
515,HLA-DRB113:01,10161.84,ANZ78847,NNGIGTCPAGT,515,488.0
690,HLA-DRB113:01,10188.93,ANZ78847,AFHANSSEPAL,690,489.0
233,HLA-DRB113:01,10205.01,ANZ78847,TGVVTKFLFNV,233,490.0
78,HLA-DRB113:01,10205.06,ANZ78847,YRNMALKGTDK,78,491.0
234,HLA-DRB113:01,10212.34,ANZ78847,GVVTKFLFNVY,234,492.0
1168,HLA-DRB113:01,10237.94,ANZ78847,KVSPGLCIAGD,1168,493.0
1305,HLA-DRB113:01,10280.54,ANZ78847,PWYVWLLICLA,1305,494.0
119,HLA-DRB113:01,10468.69,ANZ78847,GVMYSEFPAIT,119,495.0
967,HLA-DRB113:01,10470.15,ANZ78847,SGYTLAATSAS,967,496.0
204,HLA-DRB113:01,10470.94,ANZ78847,RNFTYDVNATY,204,497.0
1172,HLA-DRB113:01,10517.08,ANZ78847,GLCIAGDRGIA,1172,498.0
744,HLA-DRB113:01,10544.36,ANZ78847,QTCDLTVGSGY,744,499.0
39,HLA-DRB113:01,10562.85,ANZ78847,ISTATVDVTNG,39,500.0
279,HLA-DRB113:01,10563.73,ANZ78847,RQYLLAFNQDG,279,501.0
327,HLA-DRB113:01,10564.96,ANZ78847,QPIADVYRRKP,327,502.0
789,HLA-DRB113:01,10601.63,ANZ78847,LEPVGGLYEIQ,789,503.0
820,HLA-DRB113:01,10614.28,ANZ78847,VTIDCAAFVCG,820,504.0
922,HLA-DRB113:01,10625.39,ANZ78847,VKLSDVGFVAA,922,505.0
190,HLA-DRB113:01,10628.95,ANZ78847,LWHMDTGVVSC,190,506.0
317,HLA-DRB113:01,10631.6,ANZ78847,GVYELNGYTVQ,317,507.0
420,HLA-DRB113:01,10693.85,ANZ78847,NLGYLQSFNYR,420,508.0
310,HLA-DRB113:01,10699.33,ANZ78847,QSIAPPTGVYE,310,509.0
378,HLA-DRB113:01,10762.2,ANZ78847,IQADSFTCNNI,378,510.0
1016,HLA-DRB113:01,10821.35,ANZ78847,ANAFNNALDAI,1016,511.0
1207,HLA-DRB113:01,10833.45,ANZ78847,PITENNVVVMS,1207,512.0
636,HLA-DRB113:01,10839.04,ANZ78847,GISGQGIFVEV,636,513.0
739,HLA-DRB113:01,10845.54,ANZ78847,TAISVQTCDLT,739,514.0
947,HLA-DRB113:01,10852.66,ANZ78847,CVQSYKGIKVL,947,515.0
235,HLA-DRB113:01,10856.26,ANZ78847,VVTKFLFNVYL,235,516.0
271,HLA-DRB113:01,10899.56,ANZ78847,YWVTPLTSRQY,271,517.0
657,HLA-DRB113:01,10900.58,ANZ78847,LLYDSNGNLYG,657,518.0
222,HLA-DRB113:01,10904.32,ANZ78847,EGGTFYAYFTD,222,519.0
1288,HLA-DRB113:01,10973.24,ANZ78847,SYINLKDIGTY,1288,520.0
457,HLA-DRB113:01,10980.21,ANZ78847,STWNKRFGFIE,457,521.0
220,HLA-DRB113:01,10997.19,ANZ78847,YQEGGTFYAYF,220,522.0
429,HLA-DRB113:01,11015.2,ANZ78847,YRIDTTATSCQ,429,523.0
209,HLA-DRB113:01,11019.14,ANZ78847,DVNATYLYFHF,209,524.0
1053,HLA-DRB113:01,11019.43,ANZ78847,NLLQQLSNRFG,1053,525.0
892,HLA-DRB113:01,11190.72,ANZ78847,INFSSVLGCLG,892,526.0
1239,HLA-DRB113:01,11262.38,ANZ78847,PDFREELDQWF,1239,527.0
1271,HLA-DRB113:01,11286.87,ANZ78847,LQVEMNRLQEA,1271,528.0
1128,HLA-DRB113:01,11320.52,ANZ78847,QSSRINFCGNG,1128,529.0
1255,HLA-DRB113:01,11347.72,ANZ78847,VAPDLALDYIN,1255,530.0
160,HLA-DRB113:01,11359.71,ANZ78847,GLLEVSVCQYN,160,531.0
338,HLA-DRB113:01,11360.11,ANZ78847,DLPNCNIEAWL,338,532.0
202,HLA-DRB113:01,11433.68,ANZ78847,YKRNFTYDVNA,202,533.0
740,HLA-DRB113:01,11453.41,ANZ78847,AISVQTCDLTV,740,534.0
641,HLA-DRB113:01,11482.11,ANZ78847,GIFVEVNATYY,641,535.0
801,HLA-DRB113:01,11501.02,ANZ78847,PSDFTIGNMEE,801,536.0
964,HLA-DRB113:01,11535.63,ANZ78847,NQISGYTLAAT,964,537.0
1081,HLA-DRB113:01,11581.45,ANZ78847,AEAQIDRLING,1081,538.0
1152,HLA-DRB113:01,11713.2,ANZ78847,LYFIHFSYVPT,1152,539.0
665,HLA-DRB113:01,11714.82,ANZ78847,LYGFRDYLTNR,665,540.0
55,HLA-DRB113:01,11719.09,ANZ78847,VLDRVYLNTTL,55,541.0
859,HLA-DRB113:01,11744.18,ANZ78847,LLDTTQLQVAN,859,542.0
539,HLA-DRB113:01,11778.48,ANZ78847,ITFTGPYKCPQ,539,543.0
685,HLA-DRB113:01,11799.83,ANZ78847,GRVSAAFHANS,685,544.0
215,HLA-DRB113:01,11804.7,ANZ78847,LYFHFYQEGGT,215,545.0
1307,HLA-DRB113:01,11809.9,ANZ78847,YVWLLICLAGV,1307,546.0
1178,HLA-DRB113:01,11846.86,ANZ78847,DRGIAPKSGYF,1178,547.0
157,HLA-DRB113:01,11917.32,ANZ78847,KLQGLLEVSVC,157,548.0
821,HLA-DRB113:01,11933.01,ANZ78847,TIDCAAFVCGD,821,549.0
373,HLA-DRB113:01,11947.5,ANZ78847,SLMSFIQADSF,373,550.0
0,HLA-DRB113:01,11993.54,ANZ78847,MFLILLISLPT,0,551.0
109,HLA-DRB113:01,12037.51,ANZ78847,KVKNTKVFKDG,109,552.0
269,HLA-DRB113:01,12039.83,ANZ78847,LEYWVTPLTSR,269,553.0
562,HLA-DRB113:01,12047.92,ANZ78847,GLAVKSDYCGG,562,554.0
596,HLA-DRB113:01,12054.37,ANZ78847,CNIFANLILHD,596,555.0
1070,HLA-DRB113:01,12060.93,ANZ78847,QEILSRLDALE,1070,556.0
61,HLA-DRB113:01,12084.47,ANZ78847,LNTTLFLNGYY,61,557.0
523,HLA-DRB113:01,12097.07,ANZ78847,AGTNYLTCHNL,523,558.0
873,HLA-DRB113:01,12097.37,ANZ78847,NGVTLSTKLKD,873,559.0
667,HLA-DRB113:01,12195.56,ANZ78847,GFRDYLTNRTF,667,560.0
1169,HLA-DRB113:01,12207.23,ANZ78847,VSPGLCIAGDR,1169,561.0
166,HLA-DRB113:01,12252.32,ANZ78847,VCQYNMCEYPH,166,562.0
7,HLA-DRB113:01,12270.1,ANZ78847,SLPTAFAVIGD,7,563.0
394,HLA-DRB113:01,12320.01,ANZ78847,YGMCFSSITID,394,564.0
1226,HLA-DRB113:01,12341.56,ANZ78847,APYVMLNTSIP,1226,565.0
231,HLA-DRB113:01,12391.64,ANZ78847,TDTGVVTKFLF,231,566.0
388,HLA-DRB113:01,12483.91,ANZ78847,IDAAKIYGMCF,388,567.0
290,HLA-DRB113:01,12513.47,ANZ78847,IIFNAVDCMSD,290,568.0
1022,HLA-DRB113:01,12516.47,ANZ78847,ALDAIQEGFDA,1022,569.0
893,HLA-DRB113:01,12554.97,ANZ78847,NFSSVLGCLGS,893,570.0
1164,HLA-DRB113:01,12570.53,ANZ78847,YVTAKVSPGLC,1164,571.0
633,HLA-DRB113:01,12587.36,ANZ78847,DLYGISGQGIF,633,572.0
289,HLA-DRB113:01,12613.56,ANZ78847,GIIFNAVDCMS,289,573.0
1205,HLA-DRB113:01,12629.48,ANZ78847,PEPITENNVVV,1205,574.0
927,HLA-DRB113:01,12631.46,ANZ78847,VGFVAAYNNCT,927,575.0
1060,HLA-DRB113:01,12655.76,ANZ78847,NRFGAISSSLQ,1060,576.0
322,HLA-DRB113:01,12655.84,ANZ78847,NGYTVQPIADV,322,577.0
1241,HLA-DRB113:01,12657.51,ANZ78847,FREELDQWFKN,1241,578.0
221,HLA-DRB113:01,12664.97,ANZ78847,QEGGTFYAYFT,221,579.0
200,HLA-DRB113:01,12676.7,ANZ78847,CLYKRNFTYDV,200,580.0
223,HLA-DRB113:01,12689.37,ANZ78847,GGTFYAYFTDT,223,581.0
884,HLA-DRB113:01,12696.04,ANZ78847,GVNFNVDDINF,884,582.0
733,HLA-DRB113:01,12714.31,ANZ78847,VNAYNSTAISV,733,583.0
799,HLA-DRB113:01,12739.35,ANZ78847,QIPSDFTIGNM,799,584.0
124,HLA-DRB113:01,12740.72,ANZ78847,EFPAITIGSTF,124,585.0
128,HLA-DRB113:01,12761.43,ANZ78847,ITIGSTFVNTS,128,586.0
83,HLA-DRB113:01,12774.22,ANZ78847,LKGTDKLSTLW,83,587.0
698,HLA-DRB113:01,12822.53,ANZ78847,PALLFRNIKCN,698,588.0
1052,HLA-DRB113:01,12832.56,ANZ78847,NNLLQQLSNRF,1052,589.0
1013,HLA-DRB113:01,12840.08,ANZ78847,KLIANAFNNAL,1013,590.0
999,HLA-DRB113:01,12852.21,ANZ78847,NGLGVTMDVLS,999,591.0
1316,HLA-DRB113:01,12884.54,ANZ78847,GVAMLVLLFFI,1316,592.0
1304,HLA-DRB113:01,12961.49,ANZ78847,WPWYVWLLICL,1304,593.0
113,HLA-DRB113:01,13058.31,ANZ78847,TKVFKDGVMYS,113,594.0
1155,HLA-DRB113:01,13109.03,ANZ78847,IHFSYVPTKYV,1155,595.0
1142,HLA-DRB113:01,13138.92,ANZ78847,ISLVQNAPYGL,1142,596.0
708,HLA-DRB113:01,13139.99,ANZ78847,NYVFNNSLTRQ,708,597.0
620,HLA-DRB113:01,13147.69,ANZ78847,ANTDIKLGVCV,620,598.0
1008,HLA-DRB113:01,13168.62,ANZ78847,LSQNQKLIANA,1008,599.0
937,HLA-DRB113:01,13193.06,ANZ78847,TGGAEIRDLIC,937,600.0
12,HLA-DRB113:01,13208.65,ANZ78847,FAVIGDLKCPL,12,601.0
725,HLA-DRB113:01,13212.67,ANZ78847,FDSYLGCVVNA,725,602.0
283,HLA-DRB113:01,13237.3,ANZ78847,LAFNQDGIIFN,283,603.0
1238,HLA-DRB113:01,13297.82,ANZ78847,LPDFREELDQW,1238,604.0
84,HLA-DRB113:01,13300.14,ANZ78847,KGTDKLSTLWF,84,605.0
1229,HLA-DRB113:01,13301.46,ANZ78847,VMLNTSIPNLP,1229,606.0
985,HLA-DRB113:01,13330.48,ANZ78847,AAGVPFYLNVQ,985,607.0
761,HLA-DRB113:01,13355.1,ANZ78847,NRRSRRAITTG,761,608.0
136,HLA-DRB113:01,13430.49,ANZ78847,NTSYSVVVQPR,136,609.0
442,HLA-DRB113:01,13438.3,ANZ78847,YNLPAANVSVS,442,610.0
1258,HLA-DRB113:01,13442.09,ANZ78847,DLALDYINVTF,1258,611.0
1163,HLA-DRB113:01,13470.03,ANZ78847,KYVTAKVSPGL,1163,612.0
1041,HLA-DRB113:01,13535.71,ANZ78847,QAVVNANAEAL,1041,613.0
1349,HLA-DRB113:01,13629.83,ANZ78847,GYQELVIKTSH,1349,614.0
1160,HLA-DRB113:01,13635.51,ANZ78847,VPTKYVTAKVS,1160,615.0
291,HLA-DRB113:01,13642.96,ANZ78847,IFNAVDCMSDF,291,616.0
413,HLA-DRB113:01,13679.91,ANZ78847,KVDLQLGNLGY,413,617.0
614,HLA-DRB113:01,13739.84,ANZ78847,STDLQKANTDI,614,618.0
1039,HLA-DRB113:01,13742.98,ANZ78847,KIQAVVNANAE,1039,619.0
247,HLA-DRB113:01,13744.66,ANZ78847,MALSHYYVMPL,247,620.0
637,HLA-DRB113:01,13751.9,ANZ78847,ISGQGIFVEVN,637,621.0
1276,HLA-DRB113:01,13759.14,ANZ78847,NRLQEAIKVLN,1276,622.0
1111,HLA-DRB113:01,13796.16,ANZ78847,KFSAAQAMEKV,1111,623.0
295,HLA-DRB113:01,13801.44,ANZ78847,VDCMSDFMSEI,295,624.0
1079,HLA-DRB113:01,13808.71,ANZ78847,LEAEAQIDRLI,1079,625.0
728,HLA-DRB113:01,13833.13,ANZ78847,YLGCVVNAYNS,728,626.0
125,HLA-DRB113:01,13897.88,ANZ78847,FPAITIGSTFV,125,627.0
385,HLA-DRB113:01,13904.44,ANZ78847,CNNIDAAKIYG,385,628.0
987,HLA-DRB113:01,13917.92,ANZ78847,GVPFYLNVQYR,987,629.0
896,HLA-DRB113:01,13948.21,ANZ78847,SVLGCLGSECS,896,630.0
73,HLA-DRB113:01,13964.41,ANZ78847,TSGSTYRNMAL,73,631.0
1281,HLA-DRB113:01,13965.12,ANZ78847,AIKVLNQSYIN,1281,632.0
110,HLA-DRB113:01,14075.97,ANZ78847,VKNTKVFKDGV,110,633.0
963,HLA-DRB113:01,14094.38,ANZ78847,ENQISGYTLAA,963,634.0
135,HLA-DRB113:01,14124.72,ANZ78847,VNTSYSVVVQP,135,635.0
1023,HLA-DRB113:01,14152.64,ANZ78847,LDAIQEGFDAT,1023,636.0
970,HLA-DRB113:01,14157.3,ANZ78847,TLAATSASLFP,970,637.0
284,HLA-DRB113:01,14170.78,ANZ78847,AFNQDGIIFNA,284,638.0
894,HLA-DRB113:01,14172.55,ANZ78847,FSSVLGCLGSE,894,639.0
434,HLA-DRB113:01,14184.69,ANZ78847,TATSCQLYYNL,434,640.0
1085,HLA-DRB113:01,14188.91,ANZ78847,IDRLINGRLTA,1085,641.0
543,HLA-DRB113:01,14267.08,ANZ78847,GPYKCPQSKSL,543,642.0
1131,HLA-DRB113:01,14342.04,ANZ78847,RINFCGNGNHI,1131,643.0
558,HLA-DRB113:01,14345.83,ANZ78847,EHCSGLAVKSD,558,644.0
419,HLA-DRB113:01,14403.0,ANZ78847,GNLGYLQSFNY,419,645.0
293,HLA-DRB113:01,14418.42,ANZ78847,NAVDCMSDFMS,293,646.0
692,HLA-DRB113:01,14425.43,ANZ78847,HANSSEPALLF,692,647.0
432,HLA-DRB113:01,14428.32,ANZ78847,DTTATSCQLYY,432,648.0
1167,HLA-DRB113:01,14478.35,ANZ78847,AKVSPGLCIAG,1167,649.0
813,HLA-DRB113:01,14480.37,ANZ78847,IQTSSPKVTID,813,650.0
267,HLA-DRB113:01,14521.86,ANZ78847,FTLEYWVTPLT,267,651.0
621,HLA-DRB113:01,14587.7,ANZ78847,NTDIKLGVCVN,621,652.0
1177,HLA-DRB113:01,14614.19,ANZ78847,GDRGIAPKSGY,1177,653.0
1136,HLA-DRB113:01,14634.89,ANZ78847,GNGNHIISLVQ,1136,654.0
43,HLA-DRB113:01,14638.56,ANZ78847,TVDVTNGLGTY,43,655.0
952,HLA-DRB113:01,14642.07,ANZ78847,KGIKVLPPLLS,952,656.0
1247,HLA-DRB113:01,14658.55,ANZ78847,QWFKNQTSVAP,1247,657.0
984,HLA-DRB113:01,14664.49,ANZ78847,AAAGVPFYLNV,984,658.0
309,HLA-DRB113:01,14731.45,ANZ78847,TQSIAPPTGVY,309,659.0
1112,HLA-DRB113:01,14736.52,ANZ78847,FSAAQAMEKVN,1112,660.0
912,HLA-DRB113:01,14753.77,ANZ78847,SAIEDLLFDKV,912,661.0
1071,HLA-DRB113:01,14796.46,ANZ78847,EILSRLDALEA,1071,662.0
487,HLA-DRB113:01,14841.51,ANZ78847,AQHCFKAPKNF,487,663.0
547,HLA-DRB113:01,14857.09,ANZ78847,CPQSKSLVGIG,547,664.0
1202,HLA-DRB113:01,14881.71,ANZ78847,YYYPEPITENN,1202,665.0
1216,HLA-DRB113:01,14889.96,ANZ78847,MSTCAVNYTKA,1216,666.0
760,HLA-DRB113:01,14897.16,ANZ78847,KNRRSRRAITT,760,667.0
42,HLA-DRB113:01,14910.42,ANZ78847,ATVDVTNGLGT,42,668.0
645,HLA-DRB113:01,14918.07,ANZ78847,EVNATYYNSWQ,645,669.0
480,HLA-DRB113:01,14951.76,ANZ78847,TNHDVVYAQHC,480,670.0
1080,HLA-DRB113:01,14986.77,ANZ78847,EAEAQIDRLIN,1080,671.0
1007,HLA-DRB113:01,15005.16,ANZ78847,VLSQNQKLIAN,1007,672.0
1012,HLA-DRB113:01,15093.71,ANZ78847,QKLIANAFNNA,1012,673.0
1264,HLA-DRB113:01,15137.78,ANZ78847,INVTFLDLQVE,1264,674.0
697,HLA-DRB113:01,15140.37,ANZ78847,EPALLFRNIKC,697,675.0
743,HLA-DRB113:01,15163.35,ANZ78847,VQTCDLTVGSG,743,676.0
370,HLA-DRB113:01,15180.08,ANZ78847,NMSSLMSFIQA,370,677.0
300,HLA-DRB113:01,15202.08,ANZ78847,DFMSEIKCKTQ,300,678.0
1231,HLA-DRB113:01,15229.35,ANZ78847,LNTSIPNLPDF,1231,679.0
573,HLA-DRB113:01,15286.45,ANZ78847,NPCTCQPQAFL,573,680.0
806,HLA-DRB113:01,15288.84,ANZ78847,IGNMEEFIQTS,806,681.0
405,HLA-DRB113:01,15327.7,ANZ78847,KFAIPNGRKVD,405,682.0
1058,HLA-DRB113:01,15365.47,ANZ78847,LSNRFGAISSS,1058,683.0
605,HLA-DRB113:01,15377.01,ANZ78847,HDVNSGLTCST,605,684.0
1009,HLA-DRB113:01,15384.59,ANZ78847,SQNQKLIANAF,1009,685.0
270,HLA-DRB113:01,15565.52,ANZ78847,EYWVTPLTSRQ,270,686.0
337,HLA-DRB113:01,15585.09,ANZ78847,PDLPNCNIEAW,337,687.0
1346,HLA-DRB113:01,15585.99,ANZ78847,DYTGYQELVIK,1346,688.0
1034,HLA-DRB113:01,15617.2,ANZ78847,NSALVKIQAVV,1034,689.0
4,HLA-DRB113:01,15655.87,ANZ78847,LLISLPTAFAV,4,690.0
756,HLA-DRB113:01,15659.39,ANZ78847,VDYSKNRRSRR,756,691.0
1129,HLA-DRB113:01,15716.77,ANZ78847,SSRINFCGNGN,1129,692.0
59,HLA-DRB113:01,15761.37,ANZ78847,VYLNTTLFLNG,59,693.0
1291,HLA-DRB113:01,15809.58,ANZ78847,NLKDIGTYEYY,1291,694.0
144,HLA-DRB113:01,15816.01,ANZ78847,QPRTINSTQDG,144,695.0
1184,HLA-DRB113:01,15816.74,ANZ78847,KSGYFVNVNNT,1184,696.0
1192,HLA-DRB113:01,15850.28,ANZ78847,NNTWMYTGSGY,1192,697.0
1148,HLA-DRB113:01,15859.55,ANZ78847,APYGLYFIHFS,1148,698.0
471,HLA-DRB113:01,15873.22,ANZ78847,FKPQPAGVLTN,471,699.0
213,HLA-DRB113:01,15899.17,ANZ78847,TYLYFHFYQEG,213,700.0
360,HLA-DRB113:01,15915.43,ANZ78847,ERKTFSNCNFN,360,701.0
769,HLA-DRB113:01,15993.77,ANZ78847,TTGYRFTNFEP,769,702.0
1176,HLA-DRB113:01,16035.71,ANZ78847,AGDRGIAPKSG,1176,703.0
1122,HLA-DRB113:01,16173.65,ANZ78847,NECVKSQSSRI,1122,704.0
834,HLA-DRB113:01,16187.35,ANZ78847,ACKSQLVEYGS,834,705.0
545,HLA-DRB113:01,16208.84,ANZ78847,YKCPQSKSLVG,545,706.0
1067,HLA-DRB113:01,16213.04,ANZ78847,SSLQEILSRLD,1067,707.0
1294,HLA-DRB113:01,16300.69,ANZ78847,DIGTYEYYVKW,1294,708.0
389,HLA-DRB113:01,16347.53,ANZ78847,DAAKIYGMCFS,389,709.0
1101,HLA-DRB113:01,16351.42,ANZ78847,SQQLSDSTLVK,1101,710.0
1132,HLA-DRB113:01,16352.9,ANZ78847,INFCGNGNHII,1132,711.0
22,HLA-DRB113:01,16379.41,ANZ78847,LDSRTGSLNNI,22,712.0
313,HLA-DRB113:01,16394.33,ANZ78847,APPTGVYELNG,313,713.0
72,HLA-DRB113:01,16411.73,ANZ78847,PTSGSTYRNMA,72,714.0
878,HLA-DRB113:01,16443.86,ANZ78847,STKLKDGVNFN,878,715.0
974,HLA-DRB113:01,16444.86,ANZ78847,TSASLFPPWTA,974,716.0
1180,HLA-DRB113:01,16452.16,ANZ78847,GIAPKSGYFVN,1180,717.0
211,HLA-DRB113:01,16476.43,ANZ78847,NATYLYFHFYQ,211,718.0
1240,HLA-DRB113:01,16495.54,ANZ78847,DFREELDQWFK,1240,719.0
415,HLA-DRB113:01,16496.11,ANZ78847,DLQLGNLGYLQ,415,720.0
203,HLA-DRB113:01,16513.01,ANZ78847,KRNFTYDVNAT,203,721.0
644,HLA-DRB113:01,16528.4,ANZ78847,VEVNATYYNSW,644,722.0
1193,HLA-DRB113:01,16562.05,ANZ78847,NTWMYTGSGYY,1193,723.0
431,HLA-DRB113:01,16584.32,ANZ78847,IDTTATSCQLY,431,724.0
184,HLA-DRB113:01,16629.85,ANZ78847,GNHFKELWHMD,184,725.0
180,HLA-DRB113:01,16630.94,ANZ78847,HPNLGNHFKEL,180,726.0
1011,HLA-DRB113:01,16661.95,ANZ78847,NQKLIANAFNN,1011,727.0
1110,HLA-DRB113:01,16724.09,ANZ78847,VKFSAAQAMEK,1110,728.0
186,HLA-DRB113:01,16745.91,ANZ78847,HFKELWHMDTG,186,729.0
559,HLA-DRB113:01,16749.08,ANZ78847,HCSGLAVKSDY,559,730.0
458,HLA-DRB113:01,16811.46,ANZ78847,TWNKRFGFIED,458,731.0
651,HLA-DRB113:01,16817.56,ANZ78847,YNSWQNLLYDS,651,732.0
301,HLA-DRB113:01,16821.88,ANZ78847,FMSEIKCKTQS,301,733.0
1181,HLA-DRB113:01,16826.75,ANZ78847,IAPKSGYFVNV,1181,734.0
122,HLA-DRB113:01,16828.25,ANZ78847,YSEFPAITIGS,122,735.0
663,HLA-DRB113:01,16872.96,ANZ78847,GNLYGFRDYLT,663,736.0
582,HLA-DRB113:01,16900.62,ANZ78847,FLGWSADSCLQ,582,737.0
47,HLA-DRB113:01,16914.98,ANZ78847,TNGLGTYYVLD,47,738.0
371,HLA-DRB113:01,16936.5,ANZ78847,MSSLMSFIQAD,371,739.0
503,HLA-DRB113:01,16994.59,ANZ78847,NSSLCVGSGPG,503,740.0
1196,HLA-DRB113:01,16998.24,ANZ78847,MYTGSGYYYPE,1196,741.0
1185,HLA-DRB113:01,16999.43,ANZ78847,SGYFVNVNNTW,1185,742.0
1233,HLA-DRB113:01,17005.99,ANZ78847,TSIPNLPDFRE,1233,743.0
576,HLA-DRB113:01,17028.75,ANZ78847,TCQPQAFLGWS,576,744.0
116,HLA-DRB113:01,17058.87,ANZ78847,FKDGVMYSEFP,116,745.0
928,HLA-DRB113:01,17065.17,ANZ78847,GFVAAYNNCTG,928,746.0
1150,HLA-DRB113:01,17065.2,ANZ78847,YGLYFIHFSYV,1150,747.0
791,HLA-DRB113:01,17143.1,ANZ78847,PVGGLYEIQIP,791,748.0
835,HLA-DRB113:01,17163.9,ANZ78847,CKSQLVEYGSF,835,749.0
630,HLA-DRB113:01,17200.71,ANZ78847,VNYDLYGISGQ,630,750.0
1088,HLA-DRB113:01,17236.58,ANZ78847,LINGRLTALNA,1088,751.0
1010,HLA-DRB113:01,17239.84,ANZ78847,QNQKLIANAFN,1010,752.0
328,HLA-DRB113:01,17257.34,ANZ78847,PIADVYRRKPD,328,753.0
44,HLA-DRB113:01,17359.54,ANZ78847,VDVTNGLGTYY,44,754.0
366,HLA-DRB113:01,17373.14,ANZ78847,NCNFNMSSLMS,366,755.0
535,HLA-DRB113:01,17396.53,ANZ78847,NPDPITFTGPY,535,756.0
498,HLA-DRB113:01,17455.85,ANZ78847,CPCKSNSSLCV,498,757.0
81,HLA-DRB113:01,17465.93,ANZ78847,MALKGTDKLST,81,758.0
830,HLA-DRB113:01,17489.39,ANZ78847,GDYAACKSQLV,830,759.0
938,HLA-DRB113:01,17527.31,ANZ78847,GGAEIRDLICV,938,760.0
910,HLA-DRB113:01,17527.51,ANZ78847,SRSAIEDLLFD,910,761.0
466,HLA-DRB113:01,17571.21,ANZ78847,IEDSVFKPQPA,466,762.0
1269,HLA-DRB113:01,17607.54,ANZ78847,LDLQVEMNRLQ,1269,763.0
100,HLA-DRB113:01,17623.9,ANZ78847,SDFINGIFAKV,100,764.0
527,HLA-DRB113:01,17708.88,ANZ78847,YLTCHNLCNPD,527,765.0
942,HLA-DRB113:01,17729.37,ANZ78847,IRDLICVQSYK,942,766.0
316,HLA-DRB113:01,17731.55,ANZ78847,TGVYELNGYTV,316,767.0
553,HLA-DRB113:01,17770.81,ANZ78847,LVGIGEHCSGL,553,768.0
599,HLA-DRB113:01,17789.03,ANZ78847,FANLILHDVNS,599,769.0
1296,HLA-DRB113:01,17843.35,ANZ78847,GTYEYYVKWPW,1296,770.0
832,HLA-DRB113:01,17846.17,ANZ78847,YAACKSQLVEY,832,771.0
1260,HLA-DRB113:01,17855.14,ANZ78847,ALDYINVTFLD,1260,772.0
433,HLA-DRB113:01,17895.54,ANZ78847,TTATSCQLYYN,433,773.0
991,HLA-DRB113:01,17919.17,ANZ78847,YLNVQYRINGL,991,774.0
236,HLA-DRB113:01,17928.53,ANZ78847,VTKFLFNVYLG,236,775.0
333,HLA-DRB113:01,17956.23,ANZ78847,YRRKPDLPNCN,333,776.0
1262,HLA-DRB113:01,17966.98,ANZ78847,DYINVTFLDLQ,1262,777.0
566,HLA-DRB113:01,18021.58,ANZ78847,KSDYCGGNPCT,566,778.0
33,HLA-DRB113:01,18043.09,ANZ78847,DTGPPSISTAT,33,779.0
443,HLA-DRB113:01,18052.05,ANZ78847,NLPAANVSVSR,443,780.0
958,HLA-DRB113:01,18076.51,ANZ78847,PPLLSENQISG,958,781.0
1121,HLA-DRB113:01,18099.84,ANZ78847,VNECVKSQSSR,1121,782.0
852,HLA-DRB113:01,18114.87,ANZ78847,ILTEVNELLDT,852,783.0
707,HLA-DRB113:01,18218.68,ANZ78847,CNYVFNNSLTR,707,784.0
540,HLA-DRB113:01,18332.36,ANZ78847,TFTGPYKCPQS,540,785.0
315,HLA-DRB113:01,18344.58,ANZ78847,PTGVYELNGYT,315,786.0
1118,HLA-DRB113:01,18375.33,ANZ78847,MEKVNECVKSQ,1118,787.0
979,HLA-DRB113:01,18379.1,ANZ78847,FPPWTAAAGVP,979,788.0
23,HLA-DRB113:01,18438.54,ANZ78847,DSRTGSLNNID,23,789.0
841,HLA-DRB113:01,18459.95,ANZ78847,EYGSFCDNINA,841,790.0
349,HLA-DRB113:01,18549.69,ANZ78847,NDKSVPSPLNW,349,791.0
172,HLA-DRB113:01,18555.57,ANZ78847,CEYPHTICHPN,172,792.0
1003,HLA-DRB113:01,18577.44,ANZ78847,VTMDVLSQNQK,1003,793.0
357,HLA-DRB113:01,18716.35,ANZ78847,LNWERKTFSNC,357,794.0
631,HLA-DRB113:01,18781.27,ANZ78847,NYDLYGISGQG,631,795.0
773,HLA-DRB113:01,18794.78,ANZ78847,RFTNFEPFTVN,773,796.0
831,HLA-DRB113:01,18816.88,ANZ78847,DYAACKSQLVE,831,797.0
1095,HLA-DRB113:01,18903.27,ANZ78847,ALNAYVSQQLS,1095,798.0
755,HLA-DRB113:01,18925.9,ANZ78847,CVDYSKNRRSR,755,799.0
174,HLA-DRB113:01,18945.06,ANZ78847,YPHTICHPNLG,174,800.0
462,HLA-DRB113:01,18978.61,ANZ78847,RFGFIEDSVFK,462,801.0
150,HLA-DRB113:01,18999.56,ANZ78847,STQDGVNKLQG,150,802.0
1230,HLA-DRB113:01,19036.09,ANZ78847,MLNTSIPNLPD,1230,803.0
784,HLA-DRB113:01,19066.58,ANZ78847,SVNDSLEPVGG,784,804.0
588,HLA-DRB113:01,19069.91,ANZ78847,DSCLQGDKCNI,588,805.0
1035,HLA-DRB113:01,19088.08,ANZ78847,SALVKIQAVVN,1035,806.0
1072,HLA-DRB113:01,19116.7,ANZ78847,ILSRLDALEAE,1072,807.0
1267,HLA-DRB113:01,19129.83,ANZ78847,TFLDLQVEMNR,1267,808.0
737,HLA-DRB113:01,19149.49,ANZ78847,NSTAISVQTCD,737,809.0
1020,HLA-DRB113:01,19150.19,ANZ78847,NNALDAIQEGF,1020,810.0
885,HLA-DRB113:01,19225.15,ANZ78847,VNFNVDDINFS,885,811.0
607,HLA-DRB113:01,19267.41,ANZ78847,VNSGLTCSTDL,607,812.0
408,HLA-DRB113:01,19298.57,ANZ78847,IPNGRKVDLQL,408,813.0
380,HLA-DRB113:01,19312.76,ANZ78847,ADSFTCNNIDA,380,814.0
577,HLA-DRB113:01,19354.63,ANZ78847,CQPQAFLGWSA,577,815.0
971,HLA-DRB113:01,19368.84,ANZ78847,LAATSASLFPP,971,816.0
384,HLA-DRB113:01,19381.97,ANZ78847,TCNNIDAAKIY,384,817.0
248,HLA-DRB113:01,19411.27,ANZ78847,ALSHYYVMPLT,248,818.0
724,HLA-DRB113:01,19471.74,ANZ78847,YFDSYLGCVVN,724,819.0
228,HLA-DRB113:01,19482.49,ANZ78847,AYFTDTGVVTK,228,820.0
334,HLA-DRB113:01,19498.89,ANZ78847,RRKPDLPNCNI,334,821.0
593,HLA-DRB113:01,19500.2,ANZ78847,GDKCNIFANLI,593,822.0
175,HLA-DRB113:01,19516.6,ANZ78847,PHTICHPNLGN,175,823.0
155,HLA-DRB113:01,19538.61,ANZ78847,VNKLQGLLEVS,155,824.0
1096,HLA-DRB113:01,19592.02,ANZ78847,LNAYVSQQLSD,1096,825.0
858,HLA-DRB113:01,19760.01,ANZ78847,ELLDTTQLQVA,858,826.0
1170,HLA-DRB113:01,19821.28,ANZ78847,SPGLCIAGDRG,1170,827.0
409,HLA-DRB113:01,19834.03,ANZ78847,PNGRKVDLQLG,409,828.0
1099,HLA-DRB113:01,19836.51,ANZ78847,YVSQQLSDSTL,1099,829.0
992,HLA-DRB113:01,19847.36,ANZ78847,LNVQYRINGLG,992,830.0
402,HLA-DRB113:01,19852.78,ANZ78847,TIDKFAIPNGR,402,831.0
694,HLA-DRB113:01,19891.28,ANZ78847,NSSEPALLFRN,694,832.0
362,HLA-DRB113:01,19911.21,ANZ78847,KTFSNCNFNMS,362,833.0
381,HLA-DRB113:01,19934.47,ANZ78847,DSFTCNNIDAA,381,834.0
849,HLA-DRB113:01,19959.63,ANZ78847,INAILTEVNEL,849,835.0
917,HLA-DRB113:01,20022.02,ANZ78847,LLFDKVKLSDV,917,836.0
961,HLA-DRB113:01,20060.1,ANZ78847,LSENQISGYTL,961,837.0
1204,HLA-DRB113:01,20146.29,ANZ78847,YPEPITENNVV,1204,838.0
561,HLA-DRB113:01,20168.34,ANZ78847,SGLAVKSDYCG,561,839.0
276,HLA-DRB113:01,20205.04,ANZ78847,LTSRQYLLAFN,276,840.0
285,HLA-DRB113:01,20251.41,ANZ78847,FNQDGIIFNAV,285,841.0
581,HLA-DRB113:01,20269.43,ANZ78847,AFLGWSADSCL,581,842.0
729,HLA-DRB113:01,20279.79,ANZ78847,LGCVVNAYNST,729,843.0
1100,HLA-DRB113:01,20348.64,ANZ78847,VSQQLSDSTLV,1100,844.0
555,HLA-DRB113:01,20406.18,ANZ78847,GIGEHCSGLAV,555,845.0
343,HLA-DRB113:01,20423.25,ANZ78847,NIEAWLNDKSV,343,846.0
1147,HLA-DRB113:01,20462.69,ANZ78847,NAPYGLYFIHF,1147,847.0
189,HLA-DRB113:01,20468.24,ANZ78847,ELWHMDTGVVS,189,848.0
173,HLA-DRB113:01,20476.86,ANZ78847,EYPHTICHPNL,173,849.0
722,HLA-DRB113:01,20506.57,ANZ78847,INYFDSYLGCV,722,850.0
749,HLA-DRB113:01,20520.41,ANZ78847,TVGSGYCVDYS,749,851.0
899,HLA-DRB113:01,20578.29,ANZ78847,GCLGSECSKAS,899,852.0
642,HLA-DRB113:01,20588.78,ANZ78847,IFVEVNATYYN,642,853.0
836,HLA-DRB113:01,20609.88,ANZ78847,KSQLVEYGSFC,836,854.0
860,HLA-DRB113:01,20647.04,ANZ78847,LDTTQLQVANS,860,855.0
1159,HLA-DRB113:01,20720.67,ANZ78847,YVPTKYVTAKV,1159,856.0
89,HLA-DRB113:01,20731.07,ANZ78847,LSTLWFKPPFL,89,857.0
331,HLA-DRB113:01,20800.83,ANZ78847,DVYRRKPDLPN,331,858.0
153,HLA-DRB113:01,20802.87,ANZ78847,DGVNKLQGLLE,153,859.0
1286,HLA-DRB113:01,20804.91,ANZ78847,NQSYINLKDIG,1286,860.0
514,HLA-DRB113:01,20825.43,ANZ78847,KNNGIGTCPAG,514,861.0
1029,HLA-DRB113:01,20834.41,ANZ78847,GFDATNSALVK,1029,862.0
163,HLA-DRB113:01,20836.31,ANZ78847,EVSVCQYNMCE,163,863.0
833,HLA-DRB113:01,20846.61,ANZ78847,AACKSQLVEYG,833,864.0
1043,HLA-DRB113:01,20886.0,ANZ78847,VVNANAEALNN,1043,865.0
399,HLA-DRB113:01,20888.37,ANZ78847,SSITIDKFAIP,399,866.0
719,HLA-DRB113:01,20903.94,ANZ78847,LQPINYFDSYL,719,867.0
954,HLA-DRB113:01,20913.47,ANZ78847,IKVLPPLLSEN,954,868.0
1040,HLA-DRB113:01,20930.51,ANZ78847,IQAVVNANAEA,1040,869.0
375,HLA-DRB113:01,20973.6,ANZ78847,MSFIQADSFTC,375,870.0
575,HLA-DRB113:01,21048.1,ANZ78847,CTCQPQAFLGW,575,871.0
1116,HLA-DRB113:01,21048.56,ANZ78847,QAMEKVNECVK,1116,872.0
798,HLA-DRB113:01,21241.12,ANZ78847,IQIPSDFTIGN,798,873.0
35,HLA-DRB113:01,21313.69,ANZ78847,GPPSISTATVD,35,874.0
1270,HLA-DRB113:01,21337.81,ANZ78847,DLQVEMNRLQE,1270,875.0
1284,HLA-DRB113:01,21363.64,ANZ78847,VLNQSYINLKD,1284,876.0
554,HLA-DRB113:01,21396.92,ANZ78847,VGIGEHCSGLA,554,877.0
594,HLA-DRB113:01,21401.5,ANZ78847,DKCNIFANLIL,594,878.0
10,HLA-DRB113:01,21435.07,ANZ78847,TAFAVIGDLKC,10,879.0
955,HLA-DRB113:01,21459.79,ANZ78847,KVLPPLLSENQ,955,880.0
617,HLA-DRB113:01,21510.03,ANZ78847,LQKANTDIKLG,617,881.0
426,HLA-DRB113:01,21527.66,ANZ78847,SFNYRIDTTAT,426,882.0
383,HLA-DRB113:01,21541.87,ANZ78847,FTCNNIDAAKI,383,883.0
946,HLA-DRB113:01,21646.71,ANZ78847,ICVQSYKGIKV,946,884.0
1141,HLA-DRB113:01,21705.43,ANZ78847,IISLVQNAPYG,1141,885.0
864,HLA-DRB113:01,21743.38,ANZ78847,QLQVANSLMNG,864,886.0
232,HLA-DRB113:01,21786.33,ANZ78847,DTGVVTKFLFN,232,887.0
266,HLA-DRB113:01,21806.18,ANZ78847,GFTLEYWVTPL,266,888.0
662,HLA-DRB113:01,21824.0,ANZ78847,NGNLYGFRDYL,662,889.0
689,HLA-DRB113:01,21836.03,ANZ78847,AAFHANSSEPA,689,890.0
1183,HLA-DRB113:01,21839.66,ANZ78847,PKSGYFVNVNN,1183,891.0
406,HLA-DRB113:01,21855.1,ANZ78847,FAIPNGRKVDL,406,892.0
926,HLA-DRB113:01,21857.6,ANZ78847,DVGFVAAYNNC,926,893.0
465,HLA-DRB113:01,21879.63,ANZ78847,FIEDSVFKPQP,465,894.0
450,HLA-DRB113:01,21886.8,ANZ78847,SVSRFNPSTWN,450,895.0
742,HLA-DRB113:01,21907.51,ANZ78847,SVQTCDLTVGS,742,896.0
794,HLA-DRB113:01,21934.07,ANZ78847,GLYEIQIPSDF,794,897.0
876,HLA-DRB113:01,21937.44,ANZ78847,TLSTKLKDGVN,876,898.0
549,HLA-DRB113:01,21957.25,ANZ78847,QSKSLVGIGEH,549,899.0
741,HLA-DRB113:01,22201.81,ANZ78847,ISVQTCDLTVG,741,900.0
1293,HLA-DRB113:01,22206.28,ANZ78847,KDIGTYEYYVK,1293,901.0
936,HLA-DRB113:01,22207.88,ANZ78847,CTGGAEIRDLI,936,902.0
41,HLA-DRB113:01,22248.14,ANZ78847,TATVDVTNGLG,41,903.0
579,HLA-DRB113:01,22248.2,ANZ78847,PQAFLGWSADS,579,904.0
925,HLA-DRB113:01,22264.42,ANZ78847,SDVGFVAAYNN,925,905.0
780,HLA-DRB113:01,22284.65,ANZ78847,FTVNSVNDSLE,780,906.0
463,HLA-DRB113:01,22354.6,ANZ78847,FGFIEDSVFKP,463,907.0
179,HLA-DRB113:01,22361.47,ANZ78847,CHPNLGNHFKE,179,908.0
447,HLA-DRB113:01,22368.04,ANZ78847,ANVSVSRFNPS,447,909.0
1133,HLA-DRB113:01,22561.11,ANZ78847,NFCGNGNHIIS,1133,910.0
87,HLA-DRB113:01,22569.85,ANZ78847,DKLSTLWFKPP,87,911.0
1217,HLA-DRB113:01,22573.78,ANZ78847,STCAVNYTKAP,1217,912.0
929,HLA-DRB113:01,22579.9,ANZ78847,FVAAYNNCTGG,929,913.0
786,HLA-DRB113:01,22594.98,ANZ78847,NDSLEPVGGLY,786,914.0
602,HLA-DRB113:01,22597.27,ANZ78847,LILHDVNSGLT,602,915.0
666,HLA-DRB113:01,22644.12,ANZ78847,YGFRDYLTNRT,666,916.0
904,HLA-DRB113:01,22645.21,ANZ78847,ECSKASSRSAI,904,917.0
1042,HLA-DRB113:01,22683.98,ANZ78847,AVVNANAEALN,1042,918.0
469,HLA-DRB113:01,22740.46,ANZ78847,SVFKPQPAGVL,469,919.0
86,HLA-DRB113:01,22762.77,ANZ78847,TDKLSTLWFKP,86,920.0
1049,HLA-DRB113:01,22841.1,ANZ78847,EALNNLLQQLS,1049,921.0
584,HLA-DRB113:01,22850.97,ANZ78847,GWSADSCLQGD,584,922.0
853,HLA-DRB113:01,22958.87,ANZ78847,LTEVNELLDTT,853,923.0
1332,HLA-DRB113:01,23041.65,ANZ78847,CGTSCFKKCGG,1332,924.0
188,HLA-DRB113:01,23064.19,ANZ78847,KELWHMDTGVV,188,925.0
117,HLA-DRB113:01,23097.57,ANZ78847,KDGVMYSEFPA,117,926.0
782,HLA-DRB113:01,23110.52,ANZ78847,VNSVNDSLEPV,782,927.0
489,HLA-DRB113:01,23121.1,ANZ78847,HCFKAPKNFCP,489,928.0
797,HLA-DRB113:01,23143.37,ANZ78847,EIQIPSDFTIG,797,929.0
933,HLA-DRB113:01,23161.21,ANZ78847,YNNCTGGAEIR,933,930.0
868,HLA-DRB113:01,23203.03,ANZ78847,ANSLMNGVTLS,868,931.0
1048,HLA-DRB113:01,23251.1,ANZ78847,AEALNNLLQQL,1048,932.0
848,HLA-DRB113:01,23256.0,ANZ78847,NINAILTEVNE,848,933.0
304,HLA-DRB113:01,23284.72,ANZ78847,EIKCKTQSIAP,304,934.0
97,HLA-DRB113:01,23311.32,ANZ78847,PFLSDFINGIF,97,935.0
1301,HLA-DRB113:01,23315.91,ANZ78847,YVKWPWYVWLL,1301,936.0
616,HLA-DRB113:01,23352.86,ANZ78847,DLQKANTDIKL,616,937.0
829,HLA-DRB113:01,23376.67,ANZ78847,CGDYAACKSQL,829,938.0
626,HLA-DRB113:01,23379.68,ANZ78847,LGVCVNYDLYG,626,939.0
745,HLA-DRB113:01,23429.2,ANZ78847,TCDLTVGSGYC,745,940.0
1302,HLA-DRB113:01,23449.94,ANZ78847,VKWPWYVWLLI,1302,941.0
1173,HLA-DRB113:01,23451.17,ANZ78847,LCIAGDRGIAP,1173,942.0
600,HLA-DRB113:01,23482.78,ANZ78847,ANLILHDVNSG,600,943.0
169,HLA-DRB113:01,23539.44,ANZ78847,YNMCEYPHTIC,169,944.0
915,HLA-DRB113:01,23618.22,ANZ78847,EDLLFDKVKLS,915,945.0
962,HLA-DRB113:01,23658.03,ANZ78847,SENQISGYTLA,962,946.0
1203,HLA-DRB113:01,23747.2,ANZ78847,YYPEPITENNV,1203,947.0
881,HLA-DRB113:01,23747.49,ANZ78847,LKDGVNFNVDD,881,948.0
1328,HLA-DRB113:01,23901.81,ANZ78847,CCTGCGTSCFK,1328,949.0
930,HLA-DRB113:01,23952.81,ANZ78847,VAAYNNCTGGA,930,950.0
747,HLA-DRB113:01,23964.24,ANZ78847,DLTVGSGYCVD,747,951.0
889,HLA-DRB113:01,24002.34,ANZ78847,VDDINFSSVLG,889,952.0
898,HLA-DRB113:01,24023.56,ANZ78847,LGCLGSECSKA,898,953.0
1197,HLA-DRB113:01,24080.36,ANZ78847,YTGSGYYYPEP,1197,954.0
1289,HLA-DRB113:01,24159.74,ANZ78847,YINLKDIGTYE,1289,955.0
6,HLA-DRB113:01,24303.2,ANZ78847,ISLPTAFAVIG,6,956.0
800,HLA-DRB113:01,24341.17,ANZ78847,IPSDFTIGNME,800,957.0
446,HLA-DRB113:01,24439.78,ANZ78847,AANVSVSRFNP,446,958.0
911,HLA-DRB113:01,24445.72,ANZ78847,RSAIEDLLFDK,911,959.0
1182,HLA-DRB113:01,24524.8,ANZ78847,APKSGYFVNVN,1182,960.0
828,HLA-DRB113:01,24669.42,ANZ78847,VCGDYAACKSQ,828,961.0
857,HLA-DRB113:01,24715.54,ANZ78847,NELLDTTQLQV,857,962.0
560,HLA-DRB113:01,24727.63,ANZ78847,CSGLAVKSDYC,560,963.0
1274,HLA-DRB113:01,24751.64,ANZ78847,EMNRLQEAIKV,1274,964.0
824,HLA-DRB113:01,24759.53,ANZ78847,CAAFVCGDYAA,824,965.0
1218,HLA-DRB113:01,24814.24,ANZ78847,TCAVNYTKAPY,1218,966.0
199,HLA-DRB113:01,24872.55,ANZ78847,SCLYKRNFTYD,199,967.0
297,HLA-DRB113:01,24888.59,ANZ78847,CMSDFMSEIKC,297,968.0
1021,HLA-DRB113:01,24889.75,ANZ78847,NALDAIQEGFD,1021,969.0
978,HLA-DRB113:01,24894.39,ANZ78847,LFPPWTAAAGV,978,970.0
916,HLA-DRB113:01,24913.29,ANZ78847,DLLFDKVKLSD,916,971.0
787,HLA-DRB113:01,24950.6,ANZ78847,DSLEPVGGLYE,787,972.0
92,HLA-DRB113:01,25036.2,ANZ78847,LWFKPPFLSDF,92,973.0
404,HLA-DRB113:01,25084.52,ANZ78847,DKFAIPNGRKV,404,974.0
557,HLA-DRB113:01,25174.38,ANZ78847,GEHCSGLAVKS,557,975.0
732,HLA-DRB113:01,25207.38,ANZ78847,VVNAYNSTAIS,732,976.0
863,HLA-DRB113:01,25219.76,ANZ78847,TQLQVANSLMN,863,977.0
850,HLA-DRB113:01,25236.66,ANZ78847,NAILTEVNELL,850,978.0
1158,HLA-DRB113:01,25264.92,ANZ78847,SYVPTKYVTAK,1158,979.0
510,HLA-DRB113:01,25271.21,ANZ78847,SGPGKNNGIGT,510,980.0
1251,HLA-DRB113:01,25280.98,ANZ78847,NQTSVAPDLAL,1251,981.0
387,HLA-DRB113:01,25289.32,ANZ78847,NIDAAKIYGMC,387,982.0
105,HLA-DRB113:01,25290.25,ANZ78847,GIFAKVKNTKV,105,983.0
436,HLA-DRB113:01,25318.79,ANZ78847,TSCQLYYNLPA,436,984.0
752,HLA-DRB113:01,25321.96,ANZ78847,SGYCVDYSKNR,752,985.0
1234,HLA-DRB113:01,25343.48,ANZ78847,SIPNLPDFREE,1234,986.0
1273,HLA-DRB113:01,25421.58,ANZ78847,VEMNRLQEAIK,1273,987.0
171,HLA-DRB113:01,25470.51,ANZ78847,MCEYPHTICHP,171,988.0
507,HLA-DRB113:01,25479.62,ANZ78847,CVGSGPGKNNG,507,989.0
556,HLA-DRB113:01,25488.79,ANZ78847,IGEHCSGLAVK,556,990.0
472,HLA-DRB113:01,25550.89,ANZ78847,KPQPAGVLTNH,472,991.0
1303,HLA-DRB113:01,25677.13,ANZ78847,KWPWYVWLLIC,1303,992.0
840,HLA-DRB113:01,25738.0,ANZ78847,VEYGSFCDNIN,840,993.0
287,HLA-DRB113:01,25746.48,ANZ78847,QDGIIFNAVDC,287,994.0
439,HLA-DRB113:01,25760.41,ANZ78847,QLYYNLPAANV,439,995.0
74,HLA-DRB113:01,25778.41,ANZ78847,SGSTYRNMALK,74,996.0
1306,HLA-DRB113:01,25783.47,ANZ78847,WYVWLLICLAG,1306,997.0
975,HLA-DRB113:01,25846.79,ANZ78847,SASLFPPWTAA,975,998.0
460,HLA-DRB113:01,25909.07,ANZ78847,NKRFGFIEDSV,460,999.0
628,HLA-DRB113:01,25924.22,ANZ78847,VCVNYDLYGIS,628,1000.0
550,HLA-DRB113:01,25980.34,ANZ78847,SKSLVGIGEHC,550,1001.0
618,HLA-DRB113:01,26011.43,ANZ78847,QKANTDIKLGV,618,1002.0
311,HLA-DRB113:01,26027.1,ANZ78847,SIAPPTGVYEL,311,1003.0
79,HLA-DRB113:01,26039.17,ANZ78847,RNMALKGTDKL,79,1004.0
1266,HLA-DRB113:01,26096.64,ANZ78847,VTFLDLQVEMN,1266,1005.0
1073,HLA-DRB113:01,26097.05,ANZ78847,LSRLDALEAEA,1073,1006.0
425,HLA-DRB113:01,26100.86,ANZ78847,QSFNYRIDTTA,425,1007.0
935,HLA-DRB113:01,26142.27,ANZ78847,NCTGGAEIRDL,935,1008.0
1235,HLA-DRB113:01,26234.28,ANZ78847,IPNLPDFREEL,1235,1009.0
1146,HLA-DRB113:01,26297.42,ANZ78847,QNAPYGLYFIH,1146,1010.0
924,HLA-DRB113:01,26318.58,ANZ78847,LSDVGFVAAYN,924,1011.0
239,HLA-DRB113:01,26337.13,ANZ78847,FLFNVYLGMAL,239,1012.0
216,HLA-DRB113:01,26394.57,ANZ78847,YFHFYQEGGTF,216,1013.0
249,HLA-DRB113:01,26416.9,ANZ78847,LSHYYVMPLTC,249,1014.0
1209,HLA-DRB113:01,26462.86,ANZ78847,TENNVVVMSTC,1209,1015.0
9,HLA-DRB113:01,26497.76,ANZ78847,PTAFAVIGDLK,9,1016.0
1113,HLA-DRB113:01,26517.08,ANZ78847,SAAQAMEKVNE,1113,1017.0
1340,HLA-DRB113:01,26546.0,ANZ78847,CGGCCDDYTGY,1340,1018.0
151,HLA-DRB113:01,26605.53,ANZ78847,TQDGVNKLQGL,151,1019.0
656,HLA-DRB113:01,26616.12,ANZ78847,NLLYDSNGNLY,656,1020.0
526,HLA-DRB113:01,26618.43,ANZ78847,NYLTCHNLCNP,526,1021.0
410,HLA-DRB113:01,26646.73,ANZ78847,NGRKVDLQLGN,410,1022.0
1097,HLA-DRB113:01,26649.36,ANZ78847,NAYVSQQLSDS,1097,1023.0
1335,HLA-DRB113:01,26770.44,ANZ78847,SCFKKCGGCCD,1335,1024.0
1210,HLA-DRB113:01,26800.42,ANZ78847,ENNVVVMSTCA,1210,1025.0
976,HLA-DRB113:01,26803.85,ANZ78847,ASLFPPWTAAA,976,1026.0
810,HLA-DRB113:01,26883.35,ANZ78847,EEFIQTSSPKV,810,1027.0
418,HLA-DRB113:01,26960.0,ANZ78847,LGNLGYLQSFN,418,1028.0
1252,HLA-DRB113:01,26983.32,ANZ78847,QTSVAPDLALD,1252,1029.0
785,HLA-DRB113:01,27031.74,ANZ78847,VNDSLEPVGGL,785,1030.0
880,HLA-DRB113:01,27057.24,ANZ78847,KLKDGVNFNVD,880,1031.0
1290,HLA-DRB113:01,27082.84,ANZ78847,INLKDIGTYEY,1290,1032.0
643,HLA-DRB113:01,27090.77,ANZ78847,FVEVNATYYNS,643,1033.0
1232,HLA-DRB113:01,27096.38,ANZ78847,NTSIPNLPDFR,1232,1034.0
165,HLA-DRB113:01,27159.62,ANZ78847,SVCQYNMCEYP,165,1035.0
1078,HLA-DRB113:01,27176.55,ANZ78847,ALEAEAQIDRL,1078,1036.0
595,HLA-DRB113:01,27204.51,ANZ78847,KCNIFANLILH,595,1037.0
1331,HLA-DRB113:01,27207.91,ANZ78847,GCGTSCFKKCG,1331,1038.0
520,HLA-DRB113:01,27231.63,ANZ78847,TCPAGTNYLTC,520,1039.0
932,HLA-DRB113:01,27239.54,ANZ78847,AYNNCTGGAEI,932,1040.0
305,HLA-DRB113:01,27286.89,ANZ78847,IKCKTQSIAPP,305,1041.0
312,HLA-DRB113:01,27291.05,ANZ78847,IAPPTGVYELN,312,1042.0
94,HLA-DRB113:01,27299.05,ANZ78847,FKPPFLSDFIN,94,1043.0
265,HLA-DRB113:01,27302.56,ANZ78847,IGFTLEYWVTP,265,1044.0
152,HLA-DRB113:01,27318.29,ANZ78847,QDGVNKLQGLL,152,1045.0
703,HLA-DRB113:01,27377.81,ANZ78847,RNIKCNYVFNN,703,1046.0
1018,HLA-DRB113:01,27402.4,ANZ78847,AFNNALDAIQE,1018,1047.0
505,HLA-DRB113:01,27412.32,ANZ78847,SLCVGSGPGKN,505,1048.0
966,HLA-DRB113:01,27447.86,ANZ78847,ISGYTLAATSA,966,1049.0
508,HLA-DRB113:01,27457.19,ANZ78847,VGSGPGKNNGI,508,1050.0
177,HLA-DRB113:01,27498.57,ANZ78847,TICHPNLGNHF,177,1051.0
147,HLA-DRB113:01,27519.92,ANZ78847,TINSTQDGVNK,147,1052.0
1250,HLA-DRB113:01,27553.12,ANZ78847,KNQTSVAPDLA,1250,1053.0
838,HLA-DRB113:01,27560.41,ANZ78847,QLVEYGSFCDN,838,1054.0
459,HLA-DRB113:01,27561.06,ANZ78847,WNKRFGFIEDS,459,1055.0
693,HLA-DRB113:01,27612.45,ANZ78847,ANSSEPALLFR,693,1056.0
844,HLA-DRB113:01,27674.77,ANZ78847,SFCDNINAILT,844,1057.0
30,HLA-DRB113:01,27783.2,ANZ78847,NNIDTGPPSIS,30,1058.0
837,HLA-DRB113:01,27873.49,ANZ78847,SQLVEYGSFCD,837,1059.0
901,HLA-DRB113:01,27980.7,ANZ78847,LGSECSKASSR,901,1060.0
825,HLA-DRB113:01,28087.56,ANZ78847,AAFVCGDYAAC,825,1061.0
330,HLA-DRB113:01,28102.63,ANZ78847,ADVYRRKPDLP,330,1062.0
522,HLA-DRB113:01,28132.86,ANZ78847,PAGTNYLTCHN,522,1063.0
843,HLA-DRB113:01,28152.7,ANZ78847,GSFCDNINAIL,843,1064.0
890,HLA-DRB113:01,28209.02,ANZ78847,DDINFSSVLGC,890,1065.0
182,HLA-DRB113:01,28247.47,ANZ78847,NLGNHFKELWH,182,1066.0
82,HLA-DRB113:01,28253.33,ANZ78847,ALKGTDKLSTL,82,1067.0
757,HLA-DRB113:01,28266.89,ANZ78847,DYSKNRRSRRA,757,1068.0
437,HLA-DRB113:01,28291.53,ANZ78847,SCQLYYNLPAA,437,1069.0
377,HLA-DRB113:01,28320.21,ANZ78847,FIQADSFTCNN,377,1070.0
1,HLA-DRB113:01,28322.19,ANZ78847,FLILLISLPTA,1,1071.0
606,HLA-DRB113:01,28354.21,ANZ78847,DVNSGLTCSTD,606,1072.0
372,HLA-DRB113:01,28386.16,ANZ78847,SSLMSFIQADS,372,1073.0
1115,HLA-DRB113:01,28504.24,ANZ78847,AQAMEKVNECV,1115,1074.0
148,HLA-DRB113:01,28518.39,ANZ78847,INSTQDGVNKL,148,1075.0
25,HLA-DRB113:01,28614.42,ANZ78847,RTGSLNNIDTG,25,1076.0
502,HLA-DRB113:01,28614.62,ANZ78847,SNSSLCVGSGP,502,1077.0
467,HLA-DRB113:01,28652.27,ANZ78847,EDSVFKPQPAG,467,1078.0
777,HLA-DRB113:01,28798.92,ANZ78847,FEPFTVNSVND,777,1079.0
342,HLA-DRB113:01,28846.8,ANZ78847,CNIEAWLNDKS,342,1080.0
524,HLA-DRB113:01,28939.09,ANZ78847,GTNYLTCHNLC,524,1081.0
903,HLA-DRB113:01,28959.36,ANZ78847,SECSKASSRSA,903,1082.0
753,HLA-DRB113:01,28976.78,ANZ78847,GYCVDYSKNRR,753,1083.0
336,HLA-DRB113:01,28982.02,ANZ78847,KPDLPNCNIEA,336,1084.0
358,HLA-DRB113:01,28986.81,ANZ78847,NWERKTFSNCN,358,1085.0
1219,HLA-DRB113:01,29055.39,ANZ78847,CAVNYTKAPYV,1219,1086.0
435,HLA-DRB113:01,29073.99,ANZ78847,ATSCQLYYNLP,435,1087.0
845,HLA-DRB113:01,29078.51,ANZ78847,FCDNINAILTE,845,1088.0
1134,HLA-DRB113:01,29091.64,ANZ78847,FCGNGNHIISL,1134,1089.0
580,HLA-DRB113:01,29177.39,ANZ78847,QAFLGWSADSC,580,1090.0
574,HLA-DRB113:01,29256.61,ANZ78847,PCTCQPQAFLG,574,1091.0
1199,HLA-DRB113:01,29321.84,ANZ78847,GSGYYYPEPIT,1199,1092.0
608,HLA-DRB113:01,29343.24,ANZ78847,NSGLTCSTDLQ,608,1093.0
720,HLA-DRB113:01,29363.66,ANZ78847,QPINYFDSYLG,720,1094.0
1224,HLA-DRB113:01,29376.07,ANZ78847,TKAPYVMLNTS,1224,1095.0
775,HLA-DRB113:01,29379.88,ANZ78847,TNFEPFTVNSV,775,1096.0
538,HLA-DRB113:01,29427.79,ANZ78847,PITFTGPYKCP,538,1097.0
1075,HLA-DRB113:01,29429.31,ANZ78847,RLDALEAEAQI,1075,1098.0
604,HLA-DRB113:01,29445.08,ANZ78847,LHDVNSGLTCS,604,1099.0
34,HLA-DRB113:01,29452.48,ANZ78847,TGPPSISTATV,34,1100.0
1329,HLA-DRB113:01,29454.52,ANZ78847,CTGCGTSCFKK,1329,1101.0
610,HLA-DRB113:01,29459.11,ANZ78847,GLTCSTDLQKA,610,1102.0
40,HLA-DRB113:01,29464.71,ANZ78847,STATVDVTNGL,40,1103.0
440,HLA-DRB113:01,29526.32,ANZ78847,LYYNLPAANVS,440,1104.0
379,HLA-DRB113:01,29556.21,ANZ78847,QADSFTCNNID,379,1105.0
1117,HLA-DRB113:01,29560.17,ANZ78847,AMEKVNECVKS,1117,1106.0
778,HLA-DRB113:01,29561.7,ANZ78847,EPFTVNSVNDS,778,1107.0
21,HLA-DRB113:01,29563.93,ANZ78847,PLDSRTGSLNN,21,1108.0
589,HLA-DRB113:01,29574.66,ANZ78847,SCLQGDKCNIF,589,1109.0
664,HLA-DRB113:01,29672.67,ANZ78847,NLYGFRDYLTN,664,1110.0
861,HLA-DRB113:01,29697.06,ANZ78847,DTTQLQVANSL,861,1111.0
64,HLA-DRB113:01,29697.84,ANZ78847,TLFLNGYYPTS,64,1112.0
286,HLA-DRB113:01,29732.47,ANZ78847,NQDGIIFNAVD,286,1113.0
68,HLA-DRB113:01,29737.33,ANZ78847,NGYYPTSGSTY,68,1114.0
95,HLA-DRB113:01,29774.11,ANZ78847,KPPFLSDFING,95,1115.0
1246,HLA-DRB113:01,29784.89,ANZ78847,DQWFKNQTSVA,1246,1116.0
883,HLA-DRB113:01,29817.59,ANZ78847,DGVNFNVDDIN,883,1117.0
517,HLA-DRB113:01,29859.58,ANZ78847,GIGTCPAGTNY,517,1118.0
1120,HLA-DRB113:01,29865.19,ANZ78847,KVNECVKSQSS,1120,1119.0
823,HLA-DRB113:01,29867.96,ANZ78847,DCAAFVCGDYA,823,1120.0
609,HLA-DRB113:01,29903.63,ANZ78847,SGLTCSTDLQK,609,1121.0
572,HLA-DRB113:01,29937.42,ANZ78847,GNPCTCQPQAF,572,1122.0
629,HLA-DRB113:01,30059.7,ANZ78847,CVNYDLYGISG,629,1123.0
121,HLA-DRB113:01,30085.02,ANZ78847,MYSEFPAITIG,121,1124.0
225,HLA-DRB113:01,30109.22,ANZ78847,TFYAYFTDTGV,225,1125.0
1330,HLA-DRB113:01,30114.35,ANZ78847,TGCGTSCFKKC,1330,1126.0
430,HLA-DRB113:01,30145.02,ANZ78847,RIDTTATSCQL,430,1127.0
1059,HLA-DRB113:01,30156.26,ANZ78847,SNRFGAISSSL,1059,1128.0
532,HLA-DRB113:01,30162.28,ANZ78847,NLCNPDPITFT,532,1129.0
395,HLA-DRB113:01,30180.15,ANZ78847,GMCFSSITIDK,395,1130.0
1249,HLA-DRB113:01,30200.84,ANZ78847,FKNQTSVAPDL,1249,1131.0
1017,HLA-DRB113:01,30208.58,ANZ78847,NAFNNALDAIQ,1017,1132.0
721,HLA-DRB113:01,30221.97,ANZ78847,PINYFDSYLGC,721,1133.0
205,HLA-DRB113:01,30285.35,ANZ78847,NFTYDVNATYL,205,1134.0
1248,HLA-DRB113:01,30293.86,ANZ78847,WFKNQTSVAPD,1248,1135.0
583,HLA-DRB113:01,30328.97,ANZ78847,LGWSADSCLQG,583,1136.0
783,HLA-DRB113:01,30364.15,ANZ78847,NSVNDSLEPVG,783,1137.0
401,HLA-DRB113:01,30376.08,ANZ78847,ITIDKFAIPNG,401,1138.0
711,HLA-DRB113:01,30432.28,ANZ78847,FNNSLTRQLQP,711,1139.0
1323,HLA-DRB113:01,30480.76,ANZ78847,LFFICCCTGCG,1323,1140.0
214,HLA-DRB113:01,30494.95,ANZ78847,YLYFHFYQEGG,214,1141.0
612,HLA-DRB113:01,30533.09,ANZ78847,TCSTDLQKANT,612,1142.0
1028,HLA-DRB113:01,30544.24,ANZ78847,EGFDATNSALV,1028,1143.0
900,HLA-DRB113:01,30546.95,ANZ78847,CLGSECSKASS,900,1144.0
1119,HLA-DRB113:01,30595.46,ANZ78847,EKVNECVKSQS,1119,1145.0
412,HLA-DRB113:01,30618.96,ANZ78847,RKVDLQLGNLG,412,1146.0
855,HLA-DRB113:01,30660.11,ANZ78847,EVNELLDTTQL,855,1147.0
67,HLA-DRB113:01,30669.2,ANZ78847,LNGYYPTSGST,67,1148.0
774,HLA-DRB113:01,30714.33,ANZ78847,FTNFEPFTVNS,774,1149.0
918,HLA-DRB113:01,30869.48,ANZ78847,LFDKVKLSDVG,918,1150.0
268,HLA-DRB113:01,30892.09,ANZ78847,TLEYWVTPLTS,268,1151.0
611,HLA-DRB113:01,30912.29,ANZ78847,LTCSTDLQKAN,611,1152.0
696,HLA-DRB113:01,30920.78,ANZ78847,SEPALLFRNIK,696,1153.0
660,HLA-DRB113:01,30997.42,ANZ78847,DSNGNLYGFRD,660,1154.0
224,HLA-DRB113:01,31069.07,ANZ78847,GTFYAYFTDTG,224,1155.0
1344,HLA-DRB113:01,31086.77,ANZ78847,CDDYTGYQELV,1344,1156.0
1135,HLA-DRB113:01,31189.36,ANZ78847,CGNGNHIISLV,1135,1157.0
1283,HLA-DRB113:01,31282.29,ANZ78847,KVLNQSYINLK,1283,1158.0
1237,HLA-DRB113:01,31289.45,ANZ78847,NLPDFREELDQ,1237,1159.0
98,HLA-DRB113:01,31298.6,ANZ78847,FLSDFINGIFA,98,1160.0
226,HLA-DRB113:01,31447.87,ANZ78847,FYAYFTDTGVV,226,1161.0
308,HLA-DRB113:01,31488.99,ANZ78847,KTQSIAPPTGV,308,1162.0
341,HLA-DRB113:01,31577.87,ANZ78847,NCNIEAWLNDK,341,1163.0
506,HLA-DRB113:01,31618.88,ANZ78847,LCVGSGPGKNN,506,1164.0
1320,HLA-DRB113:01,31666.99,ANZ78847,LVLLFFICCCT,1320,1165.0
15,HLA-DRB113:01,31679.95,ANZ78847,IGDLKCPLDSR,15,1166.0
563,HLA-DRB113:01,31681.29,ANZ78847,LAVKSDYCGGN,563,1167.0
518,HLA-DRB113:01,31688.73,ANZ78847,IGTCPAGTNYL,518,1168.0
913,HLA-DRB113:01,31735.44,ANZ78847,AIEDLLFDKVK,913,1169.0
411,HLA-DRB113:01,31786.67,ANZ78847,GRKVDLQLGNL,411,1170.0
1014,HLA-DRB113:01,31804.53,ANZ78847,LIANAFNNALD,1014,1171.0
1244,HLA-DRB113:01,31808.1,ANZ78847,ELDQWFKNQTS,1244,1172.0
80,HLA-DRB113:01,31832.12,ANZ78847,NMALKGTDKLS,80,1173.0
847,HLA-DRB113:01,31873.1,ANZ78847,DNINAILTEVN,847,1174.0
792,HLA-DRB113:01,31906.11,ANZ78847,VGGLYEIQIPS,792,1175.0
856,HLA-DRB113:01,31909.58,ANZ78847,VNELLDTTQLQ,856,1176.0
807,HLA-DRB113:01,32030.68,ANZ78847,GNMEEFIQTSS,807,1177.0
344,HLA-DRB113:01,32032.39,ANZ78847,IEAWLNDKSVP,344,1178.0
348,HLA-DRB113:01,32059.93,ANZ78847,LNDKSVPSPLN,348,1179.0
468,HLA-DRB113:01,32208.56,ANZ78847,DSVFKPQPAGV,468,1180.0
29,HLA-DRB113:01,32319.77,ANZ78847,LNNIDTGPPSI,29,1181.0
13,HLA-DRB113:01,32328.83,ANZ78847,AVIGDLKCPLD,13,1182.0
1019,HLA-DRB113:01,32328.89,ANZ78847,FNNALDAIQEG,1019,1183.0
1337,HLA-DRB113:01,32341.98,ANZ78847,FKKCGGCCDDY,1337,1184.0
238,HLA-DRB113:01,32343.95,ANZ78847,KFLFNVYLGMA,238,1185.0
407,HLA-DRB113:01,32357.0,ANZ78847,AIPNGRKVDLQ,407,1186.0
1076,HLA-DRB113:01,32370.89,ANZ78847,LDALEAEAQID,1076,1187.0
170,HLA-DRB113:01,32589.78,ANZ78847,NMCEYPHTICH,170,1188.0
1015,HLA-DRB113:01,32605.59,ANZ78847,IANAFNNALDA,1015,1189.0
178,HLA-DRB113:01,32622.46,ANZ78847,ICHPNLGNHFK,178,1190.0
1295,HLA-DRB113:01,32662.99,ANZ78847,IGTYEYYVKWP,1295,1191.0
1308,HLA-DRB113:01,32695.92,ANZ78847,VWLLICLAGVA,1308,1192.0
1151,HLA-DRB113:01,32704.76,ANZ78847,GLYFIHFSYVP,1151,1193.0
1201,HLA-DRB113:01,32723.78,ANZ78847,GYYYPEPITEN,1201,1194.0
886,HLA-DRB113:01,32782.09,ANZ78847,NFNVDDINFSS,886,1195.0
504,HLA-DRB113:01,32809.16,ANZ78847,SSLCVGSGPGK,504,1196.0
376,HLA-DRB113:01,32912.7,ANZ78847,SFIQADSFTCN,376,1197.0
1195,HLA-DRB113:01,32945.12,ANZ78847,WMYTGSGYYYP,1195,1198.0
686,HLA-DRB113:01,32964.12,ANZ78847,RVSAAFHANSS,686,1199.0
965,HLA-DRB113:01,33081.31,ANZ78847,QISGYTLAATS,965,1200.0
793,HLA-DRB113:01,33121.73,ANZ78847,GGLYEIQIPSD,793,1201.0
779,HLA-DRB113:01,33148.75,ANZ78847,PFTVNSVNDSL,779,1202.0
846,HLA-DRB113:01,33159.33,ANZ78847,CDNINAILTEV,846,1203.0
306,HLA-DRB113:01,33190.39,ANZ78847,KCKTQSIAPPT,306,1204.0
1175,HLA-DRB113:01,33261.36,ANZ78847,IAGDRGIAPKS,1175,1205.0
296,HLA-DRB113:01,33309.55,ANZ78847,DCMSDFMSEIK,296,1206.0
568,HLA-DRB113:01,33387.05,ANZ78847,DYCGGNPCTCQ,568,1207.0
26,HLA-DRB113:01,33421.38,ANZ78847,TGSLNNIDTGP,26,1208.0
99,HLA-DRB113:01,33501.88,ANZ78847,LSDFINGIFAK,99,1209.0
493,HLA-DRB113:01,33507.76,ANZ78847,APKNFCPCKSN,493,1210.0
363,HLA-DRB113:01,33583.83,ANZ78847,TFSNCNFNMSS,363,1211.0
1236,HLA-DRB113:01,33728.76,ANZ78847,PNLPDFREELD,1236,1212.0
14,HLA-DRB113:01,33792.16,ANZ78847,VIGDLKCPLDS,14,1213.0
90,HLA-DRB113:01,33797.87,ANZ78847,STLWFKPPFLS,90,1214.0
934,HLA-DRB113:01,33804.86,ANZ78847,NNCTGGAEIRD,934,1215.0
400,HLA-DRB113:01,33840.86,ANZ78847,SITIDKFAIPN,400,1216.0
20,HLA-DRB113:01,33894.64,ANZ78847,CPLDSRTGSLN,20,1217.0
1336,HLA-DRB113:01,33912.74,ANZ78847,CFKKCGGCCDD,1336,1218.0
347,HLA-DRB113:01,33913.18,ANZ78847,WLNDKSVPSPL,347,1219.0
537,HLA-DRB113:01,33913.7,ANZ78847,DPITFTGPYKC,537,1220.0
776,HLA-DRB113:01,33989.28,ANZ78847,NFEPFTVNSVN,776,1221.0
11,HLA-DRB113:01,34123.22,ANZ78847,AFAVIGDLKCP,11,1222.0
1327,HLA-DRB113:01,34196.48,ANZ78847,CCCTGCGTSCF,1327,1223.0
730,HLA-DRB113:01,34199.16,ANZ78847,GCVVNAYNSTA,730,1224.0
931,HLA-DRB113:01,34226.9,ANZ78847,AAYNNCTGGAE,931,1225.0
364,HLA-DRB113:01,34232.36,ANZ78847,FSNCNFNMSSL,364,1226.0
590,HLA-DRB113:01,34257.52,ANZ78847,CLQGDKCNIFA,590,1227.0
977,HLA-DRB113:01,34272.09,ANZ78847,SLFPPWTAAAG,977,1228.0
902,HLA-DRB113:01,34278.1,ANZ78847,GSECSKASSRS,902,1229.0
851,HLA-DRB113:01,34304.17,ANZ78847,AILTEVNELLD,851,1230.0
491,HLA-DRB113:01,34436.13,ANZ78847,FKAPKNFCPCK,491,1231.0
529,HLA-DRB113:01,34535.64,ANZ78847,TCHNLCNPDPI,529,1232.0
533,HLA-DRB113:01,34597.17,ANZ78847,LCNPDPITFTG,533,1233.0
754,HLA-DRB113:01,34604.65,ANZ78847,YCVDYSKNRRS,754,1234.0
601,HLA-DRB113:01,34677.76,ANZ78847,NLILHDVNSGL,601,1235.0
1026,HLA-DRB113:01,34725.37,ANZ78847,IQEGFDATNSA,1026,1236.0
1051,HLA-DRB113:01,34751.68,ANZ78847,LNNLLQQLSNR,1051,1237.0
1114,HLA-DRB113:01,34779.7,ANZ78847,AAQAMEKVNEC,1114,1238.0
519,HLA-DRB113:01,34849.37,ANZ78847,GTCPAGTNYLT,519,1239.0
516,HLA-DRB113:01,34859.52,ANZ78847,NGIGTCPAGTN,516,1240.0
592,HLA-DRB113:01,34867.86,ANZ78847,QGDKCNIFANL,592,1241.0
130,HLA-DRB113:01,34907.3,ANZ78847,IGSTFVNTSYS,130,1242.0
1027,HLA-DRB113:01,34917.79,ANZ78847,QEGFDATNSAL,1027,1243.0
513,HLA-DRB113:01,34991.95,ANZ78847,GKNNGIGTCPA,513,1244.0
1322,HLA-DRB113:01,35082.3,ANZ78847,LLFFICCCTGC,1322,1245.0
335,HLA-DRB113:01,35100.1,ANZ78847,RKPDLPNCNIE,335,1246.0
887,HLA-DRB113:01,35160.95,ANZ78847,FNVDDINFSSV,887,1247.0
530,HLA-DRB113:01,35336.58,ANZ78847,CHNLCNPDPIT,530,1248.0
240,HLA-DRB113:01,35341.0,ANZ78847,LFNVYLGMALS,240,1249.0
1325,HLA-DRB113:01,35424.61,ANZ78847,FICCCTGCGTS,1325,1250.0
531,HLA-DRB113:01,35482.43,ANZ78847,HNLCNPDPITF,531,1251.0
1333,HLA-DRB113:01,35547.89,ANZ78847,GTSCFKKCGGC,1333,1252.0
571,HLA-DRB113:01,35581.07,ANZ78847,GGNPCTCQPQA,571,1253.0
1317,HLA-DRB113:01,35639.44,ANZ78847,VAMLVLLFFIC,1317,1254.0
18,HLA-DRB113:01,35645.17,ANZ78847,LKCPLDSRTGS,18,1255.0
895,HLA-DRB113:01,35741.27,ANZ78847,SSVLGCLGSEC,895,1256.0
91,HLA-DRB113:01,35784.48,ANZ78847,TLWFKPPFLSD,91,1257.0
706,HLA-DRB113:01,35793.19,ANZ78847,KCNYVFNNSLT,706,1258.0
587,HLA-DRB113:01,35833.2,ANZ78847,ADSCLQGDKCN,587,1259.0
655,HLA-DRB113:01,35876.17,ANZ78847,QNLLYDSNGNL,655,1260.0
1050,HLA-DRB113:01,35917.87,ANZ78847,ALNNLLQQLSN,1050,1261.0
945,HLA-DRB113:01,35922.02,ANZ78847,LICVQSYKGIK,945,1262.0
1154,HLA-DRB113:01,35923.93,ANZ78847,FIHFSYVPTKY,1154,1263.0
688,HLA-DRB113:01,35924.74,ANZ78847,SAAFHANSSEP,688,1264.0
32,HLA-DRB113:01,35930.18,ANZ78847,IDTGPPSISTA,32,1265.0
1321,HLA-DRB113:01,35978.99,ANZ78847,VLLFFICCCTG,1321,1266.0
486,HLA-DRB113:01,35990.59,ANZ78847,YAQHCFKAPKN,486,1267.0
603,HLA-DRB113:01,36002.58,ANZ78847,ILHDVNSGLTC,603,1268.0
1200,HLA-DRB113:01,36010.22,ANZ78847,SGYYYPEPITE,1200,1269.0
329,HLA-DRB113:01,36098.3,ANZ78847,IADVYRRKPDL,329,1270.0
16,HLA-DRB113:01,36117.53,ANZ78847,GDLKCPLDSRT,16,1271.0
497,HLA-DRB113:01,36130.7,ANZ78847,FCPCKSNSSLC,497,1272.0
509,HLA-DRB113:01,36160.61,ANZ78847,GSGPGKNNGIG,509,1273.0
888,HLA-DRB113:01,36305.45,ANZ78847,NVDDINFSSVL,888,1274.0
1130,HLA-DRB113:01,36369.38,ANZ78847,SRINFCGNGNH,1130,1275.0
104,HLA-DRB113:01,36470.75,ANZ78847,NGIFAKVKNTK,104,1276.0
1339,HLA-DRB113:01,36487.2,ANZ78847,KCGGCCDDYTG,1339,1277.0
428,HLA-DRB113:01,36493.73,ANZ78847,NYRIDTTATSC,428,1278.0
307,HLA-DRB113:01,36728.49,ANZ78847,CKTQSIAPPTG,307,1279.0
62,HLA-DRB113:01,36861.63,ANZ78847,NTTLFLNGYYP,62,1280.0
591,HLA-DRB113:01,36880.53,ANZ78847,LQGDKCNIFAN,591,1281.0
65,HLA-DRB113:01,36913.57,ANZ78847,LFLNGYYPTSG,65,1282.0
485,HLA-DRB113:01,37043.8,ANZ78847,VYAQHCFKAPK,485,1283.0
534,HLA-DRB113:01,37113.24,ANZ78847,CNPDPITFTGP,534,1284.0
781,HLA-DRB113:01,37154.99,ANZ78847,TVNSVNDSLEP,781,1285.0
854,HLA-DRB113:01,37260.17,ANZ78847,TEVNELLDTTQ,854,1286.0
494,HLA-DRB113:01,37308.53,ANZ78847,PKNFCPCKSNS,494,1287.0
1044,HLA-DRB113:01,37341.62,ANZ78847,VNANAEALNNL,1044,1288.0
17,HLA-DRB113:01,37441.9,ANZ78847,DLKCPLDSRTG,17,1289.0
1338,HLA-DRB113:01,37553.19,ANZ78847,KKCGGCCDDYT,1338,1290.0
1245,HLA-DRB113:01,37596.16,ANZ78847,LDQWFKNQTSV,1245,1291.0
31,HLA-DRB113:01,37909.62,ANZ78847,NIDTGPPSIST,31,1292.0
1024,HLA-DRB113:01,37917.0,ANZ78847,DAIQEGFDATN,1024,1293.0
149,HLA-DRB113:01,38112.03,ANZ78847,NSTQDGVNKLQ,149,1294.0
687,HLA-DRB113:01,38194.68,ANZ78847,VSAAFHANSSE,687,1295.0
827,HLA-DRB113:01,38266.96,ANZ78847,FVCGDYAACKS,827,1296.0
567,HLA-DRB113:01,38308.32,ANZ78847,SDYCGGNPCTC,567,1297.0
750,HLA-DRB113:01,38341.2,ANZ78847,VGSGYCVDYSK,750,1298.0
1174,HLA-DRB113:01,38482.94,ANZ78847,CIAGDRGIAPK,1174,1299.0
492,HLA-DRB113:01,38621.24,ANZ78847,KAPKNFCPCKS,492,1300.0
704,HLA-DRB113:01,38625.07,ANZ78847,NIKCNYVFNNS,704,1301.0
653,HLA-DRB113:01,38701.67,ANZ78847,SWQNLLYDSNG,653,1302.0
1074,HLA-DRB113:01,38955.19,ANZ78847,SRLDALEAEAQ,1074,1303.0
654,HLA-DRB113:01,39051.73,ANZ78847,WQNLLYDSNGN,654,1304.0
1077,HLA-DRB113:01,39051.74,ANZ78847,DALEAEAQIDR,1077,1305.0
176,HLA-DRB113:01,39059.35,ANZ78847,HTICHPNLGNH,176,1306.0
1326,HLA-DRB113:01,39243.97,ANZ78847,ICCCTGCGTSC,1326,1307.0
438,HLA-DRB113:01,39266.52,ANZ78847,CQLYYNLPAAN,438,1308.0
19,HLA-DRB113:01,39335.39,ANZ78847,KCPLDSRTGSL,19,1309.0
542,HLA-DRB113:01,39366.07,ANZ78847,TGPYKCPQSKS,542,1310.0
1025,HLA-DRB113:01,39717.34,ANZ78847,AIQEGFDATNS,1025,1311.0
652,HLA-DRB113:01,39750.24,ANZ78847,NSWQNLLYDSN,652,1312.0
808,HLA-DRB113:01,39994.83,ANZ78847,NMEEFIQTSSP,808,1313.0
751,HLA-DRB113:01,40368.66,ANZ78847,GSGYCVDYSKN,751,1314.0
495,HLA-DRB113:01,40439.52,ANZ78847,KNFCPCKSNSS,495,1315.0
619,HLA-DRB113:01,40633.27,ANZ78847,KANTDIKLGVC,619,1316.0
512,HLA-DRB113:01,40721.73,ANZ78847,PGKNNGIGTCP,512,1317.0
403,HLA-DRB113:01,40741.62,ANZ78847,IDKFAIPNGRK,403,1318.0
1341,HLA-DRB113:01,40760.51,ANZ78847,GGCCDDYTGYQ,1341,1319.0
565,HLA-DRB113:01,40946.43,ANZ78847,VKSDYCGGNPC,565,1320.0
1334,HLA-DRB113:01,40980.25,ANZ78847,TSCFKKCGGCC,1334,1321.0
346,HLA-DRB113:01,41022.65,ANZ78847,AWLNDKSVPSP,346,1322.0
27,HLA-DRB113:01,41100.93,ANZ78847,GSLNNIDTGPP,27,1323.0
826,HLA-DRB113:01,41274.7,ANZ78847,AFVCGDYAACK,826,1324.0
1342,HLA-DRB113:01,41308.15,ANZ78847,GCCDDYTGYQE,1342,1325.0
521,HLA-DRB113:01,41410.94,ANZ78847,CPAGTNYLTCH,521,1326.0
1319,HLA-DRB113:01,41695.94,ANZ78847,MLVLLFFICCC,1319,1327.0
427,HLA-DRB113:01,41712.99,ANZ78847,FNYRIDTTATS,427,1328.0
564,HLA-DRB113:01,41910.77,ANZ78847,AVKSDYCGGNP,564,1329.0
1153,HLA-DRB113:01,41911.75,ANZ78847,YFIHFSYVPTK,1153,1330.0
569,HLA-DRB113:01,41964.49,ANZ78847,YCGGNPCTCQP,569,1331.0
586,HLA-DRB113:01,41985.47,ANZ78847,SADSCLQGDKC,586,1332.0
615,HLA-DRB113:01,42020.87,ANZ78847,TDLQKANTDIK,615,1333.0
511,HLA-DRB113:01,42022.21,ANZ78847,GPGKNNGIGTC,511,1334.0
528,HLA-DRB113:01,42082.2,ANZ78847,LTCHNLCNPDP,528,1335.0
585,HLA-DRB113:01,42229.37,ANZ78847,WSADSCLQGDK,585,1336.0
1318,HLA-DRB113:01,42276.48,ANZ78847,AMLVLLFFICC,1318,1337.0
536,HLA-DRB113:01,42378.73,ANZ78847,PDPITFTGPYK,536,1338.0
613,HLA-DRB113:01,42423.91,ANZ78847,CSTDLQKANTD,613,1339.0
345,HLA-DRB113:01,42454.61,ANZ78847,EAWLNDKSVPS,345,1340.0
496,HLA-DRB113:01,42495.96,ANZ78847,NFCPCKSNSSL,496,1341.0
66,HLA-DRB113:01,43144.5,ANZ78847,FLNGYYPTSGS,66,1342.0
382,HLA-DRB113:01,43399.9,ANZ78847,SFTCNNIDAAK,382,1343.0
570,HLA-DRB113:01,43621.8,ANZ78847,CGGNPCTCQPQ,570,1344.0
1047,HLA-DRB113:01,43637.92,ANZ78847,NAEALNNLLQQ,1047,1345.0
705,HLA-DRB113:01,43759.83,ANZ78847,IKCNYVFNNSL,705,1346.0
1343,HLA-DRB113:01,43800.36,ANZ78847,CCDDYTGYQEL,1343,1347.0
541,HLA-DRB113:01,44181.55,ANZ78847,FTGPYKCPQSK,541,1348.0
28,HLA-DRB113:01,44328.01,ANZ78847,SLNNIDTGPPS,28,1349.0
809,HLA-DRB113:01,44799.17,ANZ78847,MEEFIQTSSPK,809,1350.0
1045,HLA-DRB113:01,44885.62,ANZ78847,NANAEALNNLL,1045,1351.0
1046,HLA-DRB113:01,45616.01,ANZ78847,ANAEALNNLLQ,1046,1352.0
