,allele,ic50,name,peptide,pos,rank
7,HLA-A01:01,3505.37,APF29074,LSEVYVHLRNW,7,1.0
2,HLA-A01:01,5234.22,APF29074,NSSVPLSEVYV,2,2.0
215,HLA-A01:01,5312.37,APF29074,LSEREKLLHLI,215,3.0
149,HLA-A01:01,5347.73,APF29074,LVDGHKIATRV,149,4.0
166,HLA-A01:01,5413.77,APF29074,KYVIVATPSTT,166,5.0
72,HLA-A01:01,5414.85,APF29074,VDWVFFGFSIL,72,6.0
30,HLA-A01:01,5415.12,APF29074,VVLQYGHYKYS,30,7.0
188,HLA-A01:01,5419.25,APF29074,ETSQTGWAFYV,188,8.0
167,HLA-A01:01,5419.61,APF29074,YVIVATPSTTI,167,9.0
150,HLA-A01:01,5421.25,APF29074,VDGHKIATRVQ,150,10.0
180,HLA-A01:01,5421.6,APF29074,DRVGRSVNETS,180,11.0
76,HLA-A01:01,5421.97,APF29074,FFGFSILMSII,76,12.0
10,HLA-A01:01,5422.38,APF29074,VYVHLRNWNFS,10,13.0
181,HLA-A01:01,5422.58,APF29074,RVGRSVNETSQ,181,14.0
70,HLA-A01:01,5422.76,APF29074,FNVDWVFFGFS,70,15.0
36,HLA-A01:01,5424.15,APF29074,HYKYSRLLYGL,36,16.0
148,HLA-A01:01,5424.79,APF29074,LLVDGHKIATR,148,17.0
32,HLA-A01:01,5425.17,APF29074,LQYGHYKYSRL,32,18.0
153,HLA-A01:01,5426.22,APF29074,HKIATRVQVGQ,153,19.0
201,HLA-A01:01,5426.65,APF29074,KHGDFSGVASQ,201,20.0
183,HLA-A01:01,5427.33,APF29074,GRSVNETSQTG,183,21.0
130,HLA-A01:01,5428.34,APF29074,LPVMAAPTGVT,130,22.0
214,HLA-A01:01,5428.42,APF29074,VLSEREKLLHL,214,23.0
51,HLA-A01:01,5428.66,APF29074,LWCLWPLVLAL,51,24.0
94,HLA-A01:01,5429.36,APF29074,YFVNSFRLWRR,94,25.0
179,HLA-A01:01,5429.36,APF29074,CDRVGRSVNET,179,25.0
115,HLA-A01:01,5429.73,APF29074,TNAIISLQVYG,115,27.0
196,HLA-A01:01,5430.38,APF29074,FYVRAKHGDFS,196,28.0
35,HLA-A01:01,5430.75,APF29074,GHYKYSRLLYG,35,29.0
75,HLA-A01:01,5430.78,APF29074,VFFGFSILMSI,75,30.0
211,HLA-A01:01,5431.45,APF29074,QEGVLSEREKL,211,31.0
200,HLA-A01:01,5431.74,APF29074,AKHGDFSGVAS,200,32.0
33,HLA-A01:01,5431.97,APF29074,QYGHYKYSRLL,33,33.0
203,HLA-A01:01,5432.27,APF29074,GDFSGVASQEG,203,34.0
4,HLA-A01:01,5432.47,APF29074,SVPLSEVYVHL,4,35.0
120,HLA-A01:01,5432.5,APF29074,SLQVYGHNYYL,120,36.0
128,HLA-A01:01,5432.62,APF29074,YYLPVMAAPTG,128,37.0
88,HLA-A01:01,5432.87,APF29074,LCLWVMYFVNS,88,38.0
182,HLA-A01:01,5432.9,APF29074,VGRSVNETSQT,182,39.0
172,HLA-A01:01,5433.08,APF29074,TPSTTIVCDRV,172,40.0
82,HLA-A01:01,5433.13,APF29074,LMSIITLCLWV,82,41.0
41,HLA-A01:01,5433.52,APF29074,RLLYGLKMSVL,41,42.0
127,HLA-A01:01,5433.63,APF29074,NYYLPVMAAPT,127,43.0
52,HLA-A01:01,5433.64,APF29074,WCLWPLVLALS,52,44.0
173,HLA-A01:01,5434.76,APF29074,PSTTIVCDRVG,173,45.0
164,HLA-A01:01,5435.06,APF29074,LPKYVIVATPS,164,46.0
145,HLA-A01:01,5435.18,APF29074,SGVLLVDGHKI,145,47.0
78,HLA-A01:01,5435.24,APF29074,GFSILMSIITL,78,48.0
165,HLA-A01:01,5435.48,APF29074,PKYVIVATPST,165,49.0
69,HLA-A01:01,5435.81,APF29074,NFNVDWVFFGF,69,50.0
53,HLA-A01:01,5435.87,APF29074,CLWPLVLALSI,53,51.0
85,HLA-A01:01,5436.19,APF29074,IITLCLWVMYF,85,52.0
37,HLA-A01:01,5436.34,APF29074,YKYSRLLYGLK,37,53.0
159,HLA-A01:01,5436.37,APF29074,VQVGQLPKYVI,159,54.0
129,HLA-A01:01,5436.65,APF29074,YLPVMAAPTGV,129,55.0
171,HLA-A01:01,5436.85,APF29074,ATPSTTIVCDR,171,56.0
44,HLA-A01:01,5437.22,APF29074,YGLKMSVLWCL,44,57.0
110,HLA-A01:01,5437.85,APF29074,AFNPETNAIIS,110,58.0
0,HLA-A01:01,5437.97,APF29074,MSNSSVPLSEV,0,59.0
206,HLA-A01:01,5438.16,APF29074,SGVASQEGVLS,206,60.0
175,HLA-A01:01,5438.61,APF29074,TTIVCDRVGRS,175,61.0
24,HLA-A01:01,5439.07,APF29074,ILTVFIVVLQY,24,62.0
152,HLA-A01:01,5439.25,APF29074,GHKIATRVQVG,152,63.0
48,HLA-A01:01,5439.26,APF29074,MSVLWCLWPLV,48,64.0
77,HLA-A01:01,5439.59,APF29074,FGFSILMSIIT,77,65.0
96,HLA-A01:01,5439.6,APF29074,VNSFRLWRRVK,96,66.0
107,HLA-A01:01,5439.62,APF29074,TFWAFNPETNA,107,67.0
170,HLA-A01:01,5439.9,APF29074,VATPSTTIVCD,170,68.0
112,HLA-A01:01,5439.96,APF29074,NPETNAIISLQ,112,69.0
174,HLA-A01:01,5440.67,APF29074,STTIVCDRVGR,174,70.0
192,HLA-A01:01,5441.01,APF29074,TGWAFYVRAKH,192,71.0
177,HLA-A01:01,5441.07,APF29074,IVCDRVGRSVN,177,72.0
147,HLA-A01:01,5441.15,APF29074,VLLVDGHKIAT,147,73.0
190,HLA-A01:01,5441.9,APF29074,SQTGWAFYVRA,190,74.0
108,HLA-A01:01,5441.96,APF29074,FWAFNPETNAI,108,75.0
40,HLA-A01:01,5442.11,APF29074,SRLLYGLKMSV,40,76.0
184,HLA-A01:01,5442.18,APF29074,RSVNETSQTGW,184,77.0
43,HLA-A01:01,5442.2,APF29074,LYGLKMSVLWC,43,78.0
202,HLA-A01:01,5442.89,APF29074,HGDFSGVASQE,202,79.0
80,HLA-A01:01,5443.07,APF29074,SILMSIITLCL,80,80.0
60,HLA-A01:01,5443.33,APF29074,ALSIFDCFVNF,60,81.0
193,HLA-A01:01,5443.36,APF29074,GWAFYVRAKHG,193,82.0
49,HLA-A01:01,5443.41,APF29074,SVLWCLWPLVL,49,83.0
105,HLA-A01:01,5443.47,APF29074,VKTFWAFNPET,105,84.0
89,HLA-A01:01,5443.57,APF29074,CLWVMYFVNSF,89,85.0
95,HLA-A01:01,5443.64,APF29074,FVNSFRLWRRV,95,86.0
102,HLA-A01:01,5443.64,APF29074,WRRVKTFWAFN,102,86.0
169,HLA-A01:01,5443.71,APF29074,IVATPSTTIVC,169,88.0
134,HLA-A01:01,5443.89,APF29074,AAPTGVTLTLL,134,89.0
61,HLA-A01:01,5443.9,APF29074,LSIFDCFVNFN,61,90.0
210,HLA-A01:01,5444.03,APF29074,SQEGVLSEREK,210,91.0
154,HLA-A01:01,5444.17,APF29074,KIATRVQVGQL,154,92.0
98,HLA-A01:01,5444.19,APF29074,SFRLWRRVKTF,98,93.0
131,HLA-A01:01,5444.22,APF29074,PVMAAPTGVTL,131,94.0
18,HLA-A01:01,5444.25,APF29074,NFSWNLILTVF,18,95.0
15,HLA-A01:01,5444.44,APF29074,RNWNFSWNLIL,15,96.0
138,HLA-A01:01,5444.49,APF29074,GVTLTLLSGVL,138,97.0
47,HLA-A01:01,5444.52,APF29074,KMSVLWCLWPL,47,98.0
111,HLA-A01:01,5444.52,APF29074,FNPETNAIISL,111,98.0
104,HLA-A01:01,5444.54,APF29074,RVKTFWAFNPE,104,100.0
168,HLA-A01:01,5444.62,APF29074,VIVATPSTTIV,168,101.0
79,HLA-A01:01,5444.82,APF29074,FSILMSIITLC,79,102.0
176,HLA-A01:01,5444.83,APF29074,TIVCDRVGRSV,176,103.0
83,HLA-A01:01,5444.87,APF29074,MSIITLCLWVM,83,104.0
114,HLA-A01:01,5445.17,APF29074,ETNAIISLQVY,114,105.0
162,HLA-A01:01,5445.53,APF29074,GQLPKYVIVAT,162,106.0
101,HLA-A01:01,5445.63,APF29074,LWRRVKTFWAF,101,107.0
64,HLA-A01:01,5445.72,APF29074,FDCFVNFNVDW,64,108.0
137,HLA-A01:01,5446.34,APF29074,TGVTLTLLSGV,137,109.0
195,HLA-A01:01,5446.49,APF29074,AFYVRAKHGDF,195,110.0
56,HLA-A01:01,5446.53,APF29074,PLVLALSIFDC,56,111.0
133,HLA-A01:01,5446.76,APF29074,MAAPTGVTLTL,133,112.0
204,HLA-A01:01,5447.0,APF29074,DFSGVASQEGV,204,113.0
54,HLA-A01:01,5447.11,APF29074,LWPLVLALSIF,54,114.0
142,HLA-A01:01,5447.16,APF29074,TLLSGVLLVDG,142,115.0
59,HLA-A01:01,5447.18,APF29074,LALSIFDCFVN,59,116.0
178,HLA-A01:01,5447.24,APF29074,VCDRVGRSVNE,178,117.0
199,HLA-A01:01,5447.85,APF29074,RAKHGDFSGVA,199,118.0
13,HLA-A01:01,5448.19,APF29074,HLRNWNFSWNL,13,119.0
8,HLA-A01:01,5448.2,APF29074,SEVYVHLRNWN,8,120.0
45,HLA-A01:01,5448.6,APF29074,GLKMSVLWCLW,45,121.0
25,HLA-A01:01,5448.61,APF29074,LTVFIVVLQYG,25,122.0
109,HLA-A01:01,5448.77,APF29074,WAFNPETNAII,109,123.0
31,HLA-A01:01,5449.14,APF29074,VLQYGHYKYSR,31,124.0
86,HLA-A01:01,5449.48,APF29074,ITLCLWVMYFV,86,125.0
14,HLA-A01:01,5449.55,APF29074,LRNWNFSWNLI,14,126.0
119,HLA-A01:01,5449.62,APF29074,ISLQVYGHNYY,119,127.0
39,HLA-A01:01,5449.77,APF29074,YSRLLYGLKMS,39,128.0
81,HLA-A01:01,5449.83,APF29074,ILMSIITLCLW,81,129.0
212,HLA-A01:01,5450.01,APF29074,EGVLSEREKLL,212,130.0
93,HLA-A01:01,5450.13,APF29074,MYFVNSFRLWR,93,131.0
116,HLA-A01:01,5450.13,APF29074,NAIISLQVYGH,116,131.0
73,HLA-A01:01,5450.24,APF29074,DWVFFGFSILM,73,133.0
135,HLA-A01:01,5450.84,APF29074,APTGVTLTLLS,135,134.0
117,HLA-A01:01,5450.89,APF29074,AIISLQVYGHN,117,135.0
74,HLA-A01:01,5451.23,APF29074,WVFFGFSILMS,74,136.0
42,HLA-A01:01,5451.35,APF29074,LLYGLKMSVLW,42,137.0
16,HLA-A01:01,5451.52,APF29074,NWNFSWNLILT,16,138.0
23,HLA-A01:01,5451.71,APF29074,LILTVFIVVLQ,23,139.0
63,HLA-A01:01,5451.72,APF29074,IFDCFVNFNVD,63,140.0
124,HLA-A01:01,5451.77,APF29074,YGHNYYLPVMA,124,141.0
125,HLA-A01:01,5451.81,APF29074,GHNYYLPVMAA,125,142.0
97,HLA-A01:01,5451.99,APF29074,NSFRLWRRVKT,97,143.0
207,HLA-A01:01,5452.08,APF29074,GVASQEGVLSE,207,144.0
17,HLA-A01:01,5452.34,APF29074,WNFSWNLILTV,17,145.0
66,HLA-A01:01,5452.41,APF29074,CFVNFNVDWVF,66,146.0
20,HLA-A01:01,5452.82,APF29074,SWNLILTVFIV,20,147.0
9,HLA-A01:01,5452.89,APF29074,EVYVHLRNWNF,9,148.0
99,HLA-A01:01,5452.96,APF29074,FRLWRRVKTFW,99,149.0
28,HLA-A01:01,5452.98,APF29074,FIVVLQYGHYK,28,150.0
132,HLA-A01:01,5453.36,APF29074,VMAAPTGVTLT,132,151.0
151,HLA-A01:01,5453.62,APF29074,DGHKIATRVQV,151,152.0
198,HLA-A01:01,5453.7,APF29074,VRAKHGDFSGV,198,153.0
5,HLA-A01:01,5453.77,APF29074,VPLSEVYVHLR,5,154.0
208,HLA-A01:01,5453.78,APF29074,VASQEGVLSER,208,155.0
1,HLA-A01:01,5453.82,APF29074,SNSSVPLSEVY,1,156.0
136,HLA-A01:01,5454.71,APF29074,PTGVTLTLLSG,136,157.0
38,HLA-A01:01,5454.72,APF29074,KYSRLLYGLKM,38,158.0
144,HLA-A01:01,5454.72,APF29074,LSGVLLVDGHK,144,158.0
84,HLA-A01:01,5454.79,APF29074,SIITLCLWVMY,84,160.0
21,HLA-A01:01,5454.94,APF29074,WNLILTVFIVV,21,161.0
87,HLA-A01:01,5455.03,APF29074,TLCLWVMYFVN,87,162.0
58,HLA-A01:01,5455.06,APF29074,VLALSIFDCFV,58,163.0
158,HLA-A01:01,5455.07,APF29074,RVQVGQLPKYV,158,164.0
139,HLA-A01:01,5455.08,APF29074,VTLTLLSGVLL,139,165.0
12,HLA-A01:01,5455.2,APF29074,VHLRNWNFSWN,12,166.0
46,HLA-A01:01,5455.45,APF29074,LKMSVLWCLWP,46,167.0
6,HLA-A01:01,5455.63,APF29074,PLSEVYVHLRN,6,168.0
11,HLA-A01:01,5455.7,APF29074,YVHLRNWNFSW,11,169.0
22,HLA-A01:01,5456.14,APF29074,NLILTVFIVVL,22,170.0
113,HLA-A01:01,5456.15,APF29074,PETNAIISLQV,113,171.0
163,HLA-A01:01,5456.15,APF29074,QLPKYVIVATP,163,171.0
62,HLA-A01:01,5456.2,APF29074,SIFDCFVNFNV,62,173.0
160,HLA-A01:01,5456.47,APF29074,QVGQLPKYVIV,160,174.0
205,HLA-A01:01,5457.03,APF29074,FSGVASQEGVL,205,175.0
186,HLA-A01:01,5457.35,APF29074,VNETSQTGWAF,186,176.0
27,HLA-A01:01,5457.75,APF29074,VFIVVLQYGHY,27,177.0
68,HLA-A01:01,5457.99,APF29074,VNFNVDWVFFG,68,178.0
213,HLA-A01:01,5458.08,APF29074,GVLSEREKLLH,213,179.0
161,HLA-A01:01,5458.24,APF29074,VGQLPKYVIVA,161,180.0
50,HLA-A01:01,5458.32,APF29074,VLWCLWPLVLA,50,181.0
91,HLA-A01:01,5458.76,APF29074,WVMYFVNSFRL,91,182.0
90,HLA-A01:01,5458.77,APF29074,LWVMYFVNSFR,90,183.0
26,HLA-A01:01,5459.09,APF29074,TVFIVVLQYGH,26,184.0
57,HLA-A01:01,5459.26,APF29074,LVLALSIFDCF,57,185.0
55,HLA-A01:01,5459.35,APF29074,WPLVLALSIFD,55,186.0
194,HLA-A01:01,5459.83,APF29074,WAFYVRAKHGD,194,187.0
146,HLA-A01:01,5459.9,APF29074,GVLLVDGHKIA,146,188.0
187,HLA-A01:01,5460.06,APF29074,NETSQTGWAFY,187,189.0
191,HLA-A01:01,5460.49,APF29074,QTGWAFYVRAK,191,190.0
122,HLA-A01:01,5461.05,APF29074,QVYGHNYYLPV,122,191.0
65,HLA-A01:01,5461.18,APF29074,DCFVNFNVDWV,65,192.0
126,HLA-A01:01,5461.42,APF29074,HNYYLPVMAAP,126,193.0
185,HLA-A01:01,5461.87,APF29074,SVNETSQTGWA,185,194.0
34,HLA-A01:01,5461.96,APF29074,YGHYKYSRLLY,34,195.0
143,HLA-A01:01,5462.96,APF29074,LLSGVLLVDGH,143,196.0
19,HLA-A01:01,5463.37,APF29074,FSWNLILTVFI,19,197.0
100,HLA-A01:01,5463.56,APF29074,RLWRRVKTFWA,100,198.0
118,HLA-A01:01,5463.82,APF29074,IISLQVYGHNY,118,199.0
3,HLA-A01:01,5464.36,APF29074,SSVPLSEVYVH,3,200.0
156,HLA-A01:01,5464.82,APF29074,ATRVQVGQLPK,156,201.0
123,HLA-A01:01,5465.51,APF29074,VYGHNYYLPVM,123,202.0
140,HLA-A01:01,5466.13,APF29074,TLTLLSGVLLV,140,203.0
197,HLA-A01:01,5467.77,APF29074,YVRAKHGDFSG,197,204.0
103,HLA-A01:01,5468.82,APF29074,RRVKTFWAFNP,103,205.0
106,HLA-A01:01,5468.89,APF29074,KTFWAFNPETN,106,206.0
157,HLA-A01:01,5469.27,APF29074,TRVQVGQLPKY,157,207.0
92,HLA-A01:01,5470.2,APF29074,VMYFVNSFRLW,92,208.0
29,HLA-A01:01,5470.55,APF29074,IVVLQYGHYKY,29,209.0
121,HLA-A01:01,5479.61,APF29074,LQVYGHNYYLP,121,210.0
189,HLA-A01:01,5481.98,APF29074,TSQTGWAFYVR,189,211.0
67,HLA-A01:01,5485.17,APF29074,FVNFNVDWVFF,67,212.0
155,HLA-A01:01,5485.21,APF29074,IATRVQVGQLP,155,213.0
141,HLA-A01:01,5495.7,APF29074,LTLLSGVLLVD,141,214.0
71,HLA-A01:01,5496.75,APF29074,NVDWVFFGFSI,71,215.0
209,HLA-A01:01,5520.5,APF29074,ASQEGVLSERE,209,216.0
86,HLA-A26:01,2140.26,APF29074,ITLCLWVMYFV,86,1.0
82,HLA-A26:01,2840.72,APF29074,LMSIITLCLWV,82,2.0
73,HLA-A26:01,3032.86,APF29074,DWVFFGFSILM,73,3.0
24,HLA-A26:01,3538.57,APF29074,ILTVFIVVLQY,24,4.0
62,HLA-A26:01,3560.68,APF29074,SIFDCFVNFNV,62,5.0
58,HLA-A26:01,3827.37,APF29074,VLALSIFDCFV,58,6.0
48,HLA-A26:01,3991.6,APF29074,MSVLWCLWPLV,48,7.0
140,HLA-A26:01,4056.91,APF29074,TLTLLSGVLLV,140,8.0
47,HLA-A26:01,4361.46,APF29074,KMSVLWCLWPL,47,9.0
85,HLA-A26:01,4435.45,APF29074,IITLCLWVMYF,85,10.0
21,HLA-A26:01,4548.71,APF29074,WNLILTVFIVV,21,11.0
80,HLA-A26:01,4643.21,APF29074,SILMSIITLCL,80,12.0
60,HLA-A26:01,5246.27,APF29074,ALSIFDCFVNF,60,13.0
20,HLA-A26:01,5270.4,APF29074,SWNLILTVFIV,20,14.0
83,HLA-A26:01,5423.62,APF29074,MSIITLCLWVM,83,15.0
17,HLA-A26:01,5523.64,APF29074,WNFSWNLILTV,17,16.0
188,HLA-A26:01,5538.06,APF29074,ETSQTGWAFYV,188,17.0
79,HLA-A26:01,5902.69,APF29074,FSILMSIITLC,79,18.0
81,HLA-A26:01,5976.64,APF29074,ILMSIITLCLW,81,19.0
89,HLA-A26:01,5981.66,APF29074,CLWVMYFVNSF,89,20.0
70,HLA-A26:01,6112.78,APF29074,FNVDWVFFGFS,70,21.0
78,HLA-A26:01,6153.34,APF29074,GFSILMSIITL,78,22.0
120,HLA-A26:01,6336.72,APF29074,SLQVYGHNYYL,120,23.0
40,HLA-A26:01,6357.41,APF29074,SRLLYGLKMSV,40,24.0
84,HLA-A26:01,6397.8,APF29074,SIITLCLWVMY,84,25.0
23,HLA-A26:01,6410.15,APF29074,LILTVFIVVLQ,23,26.0
122,HLA-A26:01,6439.21,APF29074,QVYGHNYYLPV,122,27.0
129,HLA-A26:01,6679.67,APF29074,YLPVMAAPTGV,129,28.0
67,HLA-A26:01,6742.47,APF29074,FVNFNVDWVFF,67,29.0
22,HLA-A26:01,6779.67,APF29074,NLILTVFIVVL,22,30.0
139,HLA-A26:01,6869.05,APF29074,VTLTLLSGVLL,139,31.0
74,HLA-A26:01,6961.38,APF29074,WVFFGFSILMS,74,32.0
91,HLA-A26:01,7169.99,APF29074,WVMYFVNSFRL,91,33.0
87,HLA-A26:01,7227.61,APF29074,TLCLWVMYFVN,87,34.0
71,HLA-A26:01,7282.22,APF29074,NVDWVFFGFSI,71,35.0
50,HLA-A26:01,7285.96,APF29074,VLWCLWPLVLA,50,36.0
75,HLA-A26:01,7314.9,APF29074,VFFGFSILMSI,75,37.0
77,HLA-A26:01,7467.33,APF29074,FGFSILMSIIT,77,38.0
53,HLA-A26:01,7581.23,APF29074,CLWPLVLALSI,53,39.0
214,HLA-A26:01,7630.44,APF29074,VLSEREKLLHL,214,40.0
43,HLA-A26:01,7674.71,APF29074,LYGLKMSVLWC,43,41.0
88,HLA-A26:01,7759.37,APF29074,LCLWVMYFVNS,88,42.0
137,HLA-A26:01,7766.9,APF29074,TGVTLTLLSGV,137,43.0
72,HLA-A26:01,7853.19,APF29074,VDWVFFGFSIL,72,44.0
54,HLA-A26:01,7869.51,APF29074,LWPLVLALSIF,54,45.0
16,HLA-A26:01,7875.58,APF29074,NWNFSWNLILT,16,46.0
49,HLA-A26:01,7950.15,APF29074,SVLWCLWPLVL,49,47.0
168,HLA-A26:01,8071.09,APF29074,VIVATPSTTIV,168,48.0
69,HLA-A26:01,8079.28,APF29074,NFNVDWVFFGF,69,49.0
18,HLA-A26:01,8081.42,APF29074,NFSWNLILTVF,18,50.0
133,HLA-A26:01,8081.42,APF29074,MAAPTGVTLTL,133,50.0
65,HLA-A26:01,8089.29,APF29074,DCFVNFNVDWV,65,52.0
41,HLA-A26:01,8089.84,APF29074,RLLYGLKMSVL,41,53.0
160,HLA-A26:01,8227.23,APF29074,QVGQLPKYVIV,160,54.0
64,HLA-A26:01,8251.1,APF29074,FDCFVNFNVDW,64,55.0
141,HLA-A26:01,8277.82,APF29074,LTLLSGVLLVD,141,56.0
10,HLA-A26:01,8314.93,APF29074,VYVHLRNWNFS,10,57.0
142,HLA-A26:01,8316.95,APF29074,TLLSGVLLVDG,142,58.0
19,HLA-A26:01,8371.18,APF29074,FSWNLILTVFI,19,59.0
66,HLA-A26:01,8394.19,APF29074,CFVNFNVDWVF,66,60.0
57,HLA-A26:01,8421.43,APF29074,LVLALSIFDCF,57,61.0
61,HLA-A26:01,8426.63,APF29074,LSIFDCFVNFN,61,62.0
76,HLA-A26:01,8480.59,APF29074,FFGFSILMSII,76,63.0
56,HLA-A26:01,8505.25,APF29074,PLVLALSIFDC,56,64.0
13,HLA-A26:01,8542.92,APF29074,HLRNWNFSWNL,13,65.0
42,HLA-A26:01,8586.16,APF29074,LLYGLKMSVLW,42,66.0
92,HLA-A26:01,8642.48,APF29074,VMYFVNSFRLW,92,67.0
44,HLA-A26:01,8675.75,APF29074,YGLKMSVLWCL,44,68.0
167,HLA-A26:01,8680.57,APF29074,YVIVATPSTTI,167,69.0
11,HLA-A26:01,8700.0,APF29074,YVHLRNWNFSW,11,70.0
90,HLA-A26:01,8714.45,APF29074,LWVMYFVNSFR,90,71.0
59,HLA-A26:01,8724.43,APF29074,LALSIFDCFVN,59,72.0
30,HLA-A26:01,8746.78,APF29074,VVLQYGHYKYS,30,73.0
147,HLA-A26:01,8779.38,APF29074,VLLVDGHKIAT,147,74.0
26,HLA-A26:01,8817.16,APF29074,TVFIVVLQYGH,26,75.0
146,HLA-A26:01,8860.08,APF29074,GVLLVDGHKIA,146,76.0
94,HLA-A26:01,8942.15,APF29074,YFVNSFRLWRR,94,77.0
95,HLA-A26:01,9034.28,APF29074,FVNSFRLWRRV,95,78.0
148,HLA-A26:01,9042.78,APF29074,LLVDGHKIATR,148,79.0
93,HLA-A26:01,9061.95,APF29074,MYFVNSFRLWR,93,80.0
200,HLA-A26:01,9068.59,APF29074,AKHGDFSGVAS,200,81.0
9,HLA-A26:01,9091.45,APF29074,EVYVHLRNWNF,9,82.0
101,HLA-A26:01,9098.69,APF29074,LWRRVKTFWAF,101,83.0
114,HLA-A26:01,9167.27,APF29074,ETNAIISLQVY,114,84.0
113,HLA-A26:01,9170.04,APF29074,PETNAIISLQV,113,85.0
138,HLA-A26:01,9177.31,APF29074,GVTLTLLSGVL,138,86.0
34,HLA-A26:01,9287.1,APF29074,YGHYKYSRLLY,34,87.0
100,HLA-A26:01,9298.19,APF29074,RLWRRVKTFWA,100,88.0
98,HLA-A26:01,9340.6,APF29074,SFRLWRRVKTF,98,89.0
46,HLA-A26:01,9394.12,APF29074,LKMSVLWCLWP,46,90.0
2,HLA-A26:01,9394.93,APF29074,NSSVPLSEVYV,2,91.0
102,HLA-A26:01,9449.61,APF29074,WRRVKTFWAFN,102,92.0
38,HLA-A26:01,9523.07,APF29074,KYSRLLYGLKM,38,93.0
36,HLA-A26:01,9533.34,APF29074,HYKYSRLLYGL,36,94.0
163,HLA-A26:01,9576.95,APF29074,QLPKYVIVATP,163,95.0
149,HLA-A26:01,9668.67,APF29074,LVDGHKIATRV,149,96.0
162,HLA-A26:01,9740.64,APF29074,GQLPKYVIVAT,162,97.0
45,HLA-A26:01,9744.03,APF29074,GLKMSVLWCLW,45,98.0
52,HLA-A26:01,9781.25,APF29074,WCLWPLVLALS,52,99.0
55,HLA-A26:01,9783.37,APF29074,WPLVLALSIFD,55,100.0
31,HLA-A26:01,9837.22,APF29074,VLQYGHYKYSR,31,101.0
39,HLA-A26:01,9837.95,APF29074,YSRLLYGLKMS,39,102.0
197,HLA-A26:01,9876.43,APF29074,YVRAKHGDFSG,197,103.0
121,HLA-A26:01,9911.17,APF29074,LQVYGHNYYLP,121,104.0
106,HLA-A26:01,9975.96,APF29074,KTFWAFNPETN,106,105.0
12,HLA-A26:01,10034.33,APF29074,VHLRNWNFSWN,12,106.0
189,HLA-A26:01,10050.76,APF29074,TSQTGWAFYVR,189,107.0
176,HLA-A26:01,10054.72,APF29074,TIVCDRVGRSV,176,108.0
131,HLA-A26:01,10107.68,APF29074,PVMAAPTGVTL,131,109.0
169,HLA-A26:01,10117.86,APF29074,IVATPSTTIVC,169,110.0
196,HLA-A26:01,10151.47,APF29074,FYVRAKHGDFS,196,111.0
110,HLA-A26:01,10166.05,APF29074,AFNPETNAIIS,110,112.0
198,HLA-A26:01,10184.05,APF29074,VRAKHGDFSGV,198,113.0
135,HLA-A26:01,10201.63,APF29074,APTGVTLTLLS,135,114.0
158,HLA-A26:01,10202.32,APF29074,RVQVGQLPKYV,158,115.0
51,HLA-A26:01,10281.19,APF29074,LWCLWPLVLAL,51,116.0
207,HLA-A26:01,10294.22,APF29074,GVASQEGVLSE,207,117.0
161,HLA-A26:01,10303.41,APF29074,VGQLPKYVIVA,161,118.0
134,HLA-A26:01,10305.92,APF29074,AAPTGVTLTLL,134,119.0
68,HLA-A26:01,10328.02,APF29074,VNFNVDWVFFG,68,120.0
105,HLA-A26:01,10370.46,APF29074,VKTFWAFNPET,105,121.0
111,HLA-A26:01,10413.39,APF29074,FNPETNAIISL,111,122.0
187,HLA-A26:01,10424.4,APF29074,NETSQTGWAFY,187,123.0
213,HLA-A26:01,10430.83,APF29074,GVLSEREKLLH,213,124.0
174,HLA-A26:01,10459.71,APF29074,STTIVCDRVGR,174,125.0
29,HLA-A26:01,10627.57,APF29074,IVVLQYGHYKY,29,126.0
63,HLA-A26:01,10678.91,APF29074,IFDCFVNFNVD,63,127.0
14,HLA-A26:01,10688.62,APF29074,LRNWNFSWNLI,14,128.0
25,HLA-A26:01,10690.3,APF29074,LTVFIVVLQYG,25,129.0
118,HLA-A26:01,10692.44,APF29074,IISLQVYGHNY,118,130.0
123,HLA-A26:01,10708.18,APF29074,VYGHNYYLPVM,123,131.0
143,HLA-A26:01,10784.02,APF29074,LLSGVLLVDGH,143,132.0
32,HLA-A26:01,10792.66,APF29074,LQYGHYKYSRL,32,133.0
186,HLA-A26:01,10802.12,APF29074,VNETSQTGWAF,186,134.0
27,HLA-A26:01,10834.34,APF29074,VFIVVLQYGHY,27,135.0
136,HLA-A26:01,10852.96,APF29074,PTGVTLTLLSG,136,136.0
35,HLA-A26:01,10871.89,APF29074,GHYKYSRLLYG,35,137.0
190,HLA-A26:01,10886.05,APF29074,SQTGWAFYVRA,190,138.0
33,HLA-A26:01,10965.37,APF29074,QYGHYKYSRLL,33,139.0
175,HLA-A26:01,10970.16,APF29074,TTIVCDRVGRS,175,140.0
108,HLA-A26:01,10976.71,APF29074,FWAFNPETNAI,108,141.0
206,HLA-A26:01,11036.45,APF29074,SGVASQEGVLS,206,142.0
151,HLA-A26:01,11040.25,APF29074,DGHKIATRVQV,151,143.0
132,HLA-A26:01,11098.58,APF29074,VMAAPTGVTLT,132,144.0
28,HLA-A26:01,11176.13,APF29074,FIVVLQYGHYK,28,145.0
0,HLA-A26:01,11193.51,APF29074,MSNSSVPLSEV,0,146.0
177,HLA-A26:01,11207.42,APF29074,IVCDRVGRSVN,177,147.0
124,HLA-A26:01,11219.24,APF29074,YGHNYYLPVMA,124,148.0
117,HLA-A26:01,11222.5,APF29074,AIISLQVYGHN,117,149.0
99,HLA-A26:01,11255.71,APF29074,FRLWRRVKTFW,99,150.0
159,HLA-A26:01,11266.87,APF29074,VQVGQLPKYVI,159,151.0
4,HLA-A26:01,11311.2,APF29074,SVPLSEVYVHL,4,152.0
5,HLA-A26:01,11365.36,APF29074,VPLSEVYVHLR,5,153.0
109,HLA-A26:01,11371.23,APF29074,WAFNPETNAII,109,154.0
116,HLA-A26:01,11384.01,APF29074,NAIISLQVYGH,116,155.0
215,HLA-A26:01,11422.21,APF29074,LSEREKLLHLI,215,156.0
3,HLA-A26:01,11471.16,APF29074,SSVPLSEVYVH,3,157.0
171,HLA-A26:01,11550.25,APF29074,ATPSTTIVCDR,171,158.0
103,HLA-A26:01,11577.33,APF29074,RRVKTFWAFNP,103,159.0
212,HLA-A26:01,11662.69,APF29074,EGVLSEREKLL,212,160.0
195,HLA-A26:01,11680.89,APF29074,AFYVRAKHGDF,195,161.0
202,HLA-A26:01,11695.96,APF29074,HGDFSGVASQE,202,162.0
172,HLA-A26:01,11711.11,APF29074,TPSTTIVCDRV,172,163.0
126,HLA-A26:01,11736.54,APF29074,HNYYLPVMAAP,126,164.0
115,HLA-A26:01,11772.37,APF29074,TNAIISLQVYG,115,165.0
204,HLA-A26:01,11775.67,APF29074,DFSGVASQEGV,204,166.0
15,HLA-A26:01,11781.21,APF29074,RNWNFSWNLIL,15,167.0
201,HLA-A26:01,11784.42,APF29074,KHGDFSGVASQ,201,168.0
180,HLA-A26:01,11787.14,APF29074,DRVGRSVNETS,180,169.0
119,HLA-A26:01,11812.17,APF29074,ISLQVYGHNYY,119,170.0
97,HLA-A26:01,11853.4,APF29074,NSFRLWRRVKT,97,171.0
8,HLA-A26:01,11878.07,APF29074,SEVYVHLRNWN,8,172.0
192,HLA-A26:01,11879.72,APF29074,TGWAFYVRAKH,192,173.0
164,HLA-A26:01,11929.95,APF29074,LPKYVIVATPS,164,174.0
7,HLA-A26:01,11952.35,APF29074,LSEVYVHLRNW,7,175.0
112,HLA-A26:01,11960.01,APF29074,NPETNAIISLQ,112,176.0
199,HLA-A26:01,11990.29,APF29074,RAKHGDFSGVA,199,177.0
145,HLA-A26:01,12013.01,APF29074,SGVLLVDGHKI,145,178.0
127,HLA-A26:01,12133.8,APF29074,NYYLPVMAAPT,127,179.0
104,HLA-A26:01,12211.12,APF29074,RVKTFWAFNPE,104,180.0
173,HLA-A26:01,12246.81,APF29074,PSTTIVCDRVG,173,181.0
107,HLA-A26:01,12253.99,APF29074,TFWAFNPETNA,107,182.0
125,HLA-A26:01,12282.43,APF29074,GHNYYLPVMAA,125,183.0
6,HLA-A26:01,12313.33,APF29074,PLSEVYVHLRN,6,184.0
154,HLA-A26:01,12319.35,APF29074,KIATRVQVGQL,154,185.0
144,HLA-A26:01,12372.06,APF29074,LSGVLLVDGHK,144,186.0
166,HLA-A26:01,12381.58,APF29074,KYVIVATPSTT,166,187.0
205,HLA-A26:01,12409.01,APF29074,FSGVASQEGVL,205,188.0
128,HLA-A26:01,12421.76,APF29074,YYLPVMAAPTG,128,189.0
191,HLA-A26:01,12435.74,APF29074,QTGWAFYVRAK,191,190.0
208,HLA-A26:01,12492.7,APF29074,VASQEGVLSER,208,191.0
185,HLA-A26:01,12492.86,APF29074,SVNETSQTGWA,185,192.0
183,HLA-A26:01,12515.24,APF29074,GRSVNETSQTG,183,193.0
96,HLA-A26:01,12537.38,APF29074,VNSFRLWRRVK,96,194.0
152,HLA-A26:01,12670.0,APF29074,GHKIATRVQVG,152,195.0
165,HLA-A26:01,12674.15,APF29074,PKYVIVATPST,165,196.0
211,HLA-A26:01,12705.7,APF29074,QEGVLSEREKL,211,197.0
150,HLA-A26:01,12743.83,APF29074,VDGHKIATRVQ,150,198.0
157,HLA-A26:01,12812.65,APF29074,TRVQVGQLPKY,157,199.0
184,HLA-A26:01,12871.36,APF29074,RSVNETSQTGW,184,200.0
130,HLA-A26:01,12873.96,APF29074,LPVMAAPTGVT,130,201.0
153,HLA-A26:01,12955.06,APF29074,HKIATRVQVGQ,153,202.0
170,HLA-A26:01,12959.74,APF29074,VATPSTTIVCD,170,203.0
155,HLA-A26:01,12960.84,APF29074,IATRVQVGQLP,155,204.0
37,HLA-A26:01,12975.74,APF29074,YKYSRLLYGLK,37,205.0
1,HLA-A26:01,13019.18,APF29074,SNSSVPLSEVY,1,206.0
181,HLA-A26:01,13088.23,APF29074,RVGRSVNETSQ,181,207.0
178,HLA-A26:01,13176.01,APF29074,VCDRVGRSVNE,178,208.0
203,HLA-A26:01,13254.03,APF29074,GDFSGVASQEG,203,209.0
210,HLA-A26:01,13280.87,APF29074,SQEGVLSEREK,210,210.0
209,HLA-A26:01,13381.8,APF29074,ASQEGVLSERE,209,211.0
194,HLA-A26:01,13432.97,APF29074,WAFYVRAKHGD,194,212.0
193,HLA-A26:01,13439.38,APF29074,GWAFYVRAKHG,193,213.0
182,HLA-A26:01,13724.22,APF29074,VGRSVNETSQT,182,214.0
156,HLA-A26:01,13798.27,APF29074,ATRVQVGQLPK,156,215.0
179,HLA-A26:01,13955.72,APF29074,CDRVGRSVNET,179,216.0
92,HLA-A32:01 ,24.21,APF29074,VMYFVNSFRLW,92,1.0
91,HLA-A32:01 ,114.87,APF29074,WVMYFVNSFRL,91,2.0
184,HLA-A32:01 ,155.29,APF29074,RSVNETSQTGW,184,3.0
47,HLA-A32:01 ,224.24,APF29074,KMSVLWCLWPL,47,4.0
42,HLA-A32:01 ,581.36,APF29074,LLYGLKMSVLW,42,5.0
53,HLA-A32:01 ,1058.99,APF29074,CLWPLVLALSI,53,6.0
11,HLA-A32:01 ,1570.47,APF29074,YVHLRNWNFSW,11,7.0
106,HLA-A32:01 ,1797.86,APF29074,KTFWAFNPETN,106,8.0
50,HLA-A32:01 ,1859.54,APF29074,VLWCLWPLVLA,50,9.0
89,HLA-A32:01 ,2015.86,APF29074,CLWVMYFVNSF,89,10.0
100,HLA-A32:01 ,2591.3,APF29074,RLWRRVKTFWA,100,11.0
60,HLA-A32:01 ,2644.47,APF29074,ALSIFDCFVNF,60,12.0
105,HLA-A32:01 ,2906.8,APF29074,VKTFWAFNPET,105,13.0
49,HLA-A32:01 ,3045.22,APF29074,SVLWCLWPLVL,49,14.0
62,HLA-A32:01 ,3797.63,APF29074,SIFDCFVNFNV,62,15.0
82,HLA-A32:01 ,4205.31,APF29074,LMSIITLCLWV,82,16.0
162,HLA-A32:01 ,4225.84,APF29074,GQLPKYVIVAT,162,17.0
24,HLA-A32:01 ,4324.87,APF29074,ILTVFIVVLQY,24,18.0
41,HLA-A32:01 ,4403.66,APF29074,RLLYGLKMSVL,41,19.0
169,HLA-A32:01 ,4424.72,APF29074,IVATPSTTIVC,169,20.0
15,HLA-A32:01 ,5119.0,APF29074,RNWNFSWNLIL,15,21.0
81,HLA-A32:01 ,5422.9,APF29074,ILMSIITLCLW,81,22.0
85,HLA-A32:01 ,5567.07,APF29074,IITLCLWVMYF,85,23.0
133,HLA-A32:01 ,5584.35,APF29074,MAAPTGVTLTL,133,24.0
159,HLA-A32:01 ,5803.99,APF29074,VQVGQLPKYVI,159,25.0
141,HLA-A32:01 ,6535.81,APF29074,LTLLSGVLLVD,141,26.0
13,HLA-A32:01 ,6782.54,APF29074,HLRNWNFSWNL,13,27.0
9,HLA-A32:01 ,6947.1,APF29074,EVYVHLRNWNF,9,28.0
120,HLA-A32:01 ,7090.74,APF29074,SLQVYGHNYYL,120,29.0
171,HLA-A32:01 ,7104.41,APF29074,ATPSTTIVCDR,171,30.0
122,HLA-A32:01 ,7129.21,APF29074,QVYGHNYYLPV,122,31.0
168,HLA-A32:01 ,7245.16,APF29074,VIVATPSTTIV,168,32.0
167,HLA-A32:01 ,7514.06,APF29074,YVIVATPSTTI,167,33.0
67,HLA-A32:01 ,8011.0,APF29074,FVNFNVDWVFF,67,34.0
17,HLA-A32:01 ,8471.57,APF29074,WNFSWNLILTV,17,35.0
46,HLA-A32:01 ,8650.52,APF29074,LKMSVLWCLWP,46,36.0
78,HLA-A32:01 ,8932.9,APF29074,GFSILMSIITL,78,37.0
132,HLA-A32:01 ,9475.96,APF29074,VMAAPTGVTLT,132,38.0
52,HLA-A32:01 ,9546.25,APF29074,WCLWPLVLALS,52,39.0
54,HLA-A32:01 ,9556.6,APF29074,LWPLVLALSIF,54,40.0
18,HLA-A32:01 ,9636.75,APF29074,NFSWNLILTVF,18,41.0
73,HLA-A32:01 ,10035.05,APF29074,DWVFFGFSILM,73,42.0
45,HLA-A32:01 ,10542.07,APF29074,GLKMSVLWCLW,45,43.0
79,HLA-A32:01 ,10700.3,APF29074,FSILMSIITLC,79,44.0
48,HLA-A32:01 ,10758.74,APF29074,MSVLWCLWPLV,48,45.0
75,HLA-A32:01 ,11552.67,APF29074,VFFGFSILMSI,75,46.0
99,HLA-A32:01 ,11585.05,APF29074,FRLWRRVKTFW,99,47.0
74,HLA-A32:01 ,11708.47,APF29074,WVFFGFSILMS,74,48.0
108,HLA-A32:01 ,11837.68,APF29074,FWAFNPETNAI,108,49.0
16,HLA-A32:01 ,12151.94,APF29074,NWNFSWNLILT,16,50.0
22,HLA-A32:01 ,12377.13,APF29074,NLILTVFIVVL,22,51.0
188,HLA-A32:01 ,12540.44,APF29074,ETSQTGWAFYV,188,52.0
40,HLA-A32:01 ,12616.08,APF29074,SRLLYGLKMSV,40,53.0
98,HLA-A32:01 ,12674.88,APF29074,SFRLWRRVKTF,98,54.0
0,HLA-A32:01 ,13078.95,APF29074,MSNSSVPLSEV,0,55.0
80,HLA-A32:01 ,13176.01,APF29074,SILMSIITLCL,80,56.0
158,HLA-A32:01 ,13199.85,APF29074,RVQVGQLPKYV,158,57.0
140,HLA-A32:01 ,13209.31,APF29074,TLTLLSGVLLV,140,58.0
20,HLA-A32:01 ,13401.94,APF29074,SWNLILTVFIV,20,59.0
125,HLA-A32:01 ,13487.73,APF29074,GHNYYLPVMAA,125,60.0
139,HLA-A32:01 ,13555.24,APF29074,VTLTLLSGVLL,139,61.0
86,HLA-A32:01 ,13973.99,APF29074,ITLCLWVMYFV,86,62.0
189,HLA-A32:01 ,14111.44,APF29074,TSQTGWAFYVR,189,63.0
84,HLA-A32:01 ,14651.39,APF29074,SIITLCLWVMY,84,64.0
147,HLA-A32:01 ,15194.36,APF29074,VLLVDGHKIAT,147,65.0
161,HLA-A32:01 ,15212.85,APF29074,VGQLPKYVIVA,161,66.0
21,HLA-A32:01 ,15278.75,APF29074,WNLILTVFIVV,21,67.0
7,HLA-A32:01 ,15325.78,APF29074,LSEVYVHLRNW,7,68.0
77,HLA-A32:01 ,15575.65,APF29074,FGFSILMSIIT,77,69.0
109,HLA-A32:01 ,15578.56,APF29074,WAFNPETNAII,109,70.0
19,HLA-A32:01 ,16056.03,APF29074,FSWNLILTVFI,19,71.0
154,HLA-A32:01 ,16386.25,APF29074,KIATRVQVGQL,154,72.0
69,HLA-A32:01 ,16505.08,APF29074,NFNVDWVFFGF,69,73.0
101,HLA-A32:01 ,16534.7,APF29074,LWRRVKTFWAF,101,74.0
160,HLA-A32:01 ,16693.85,APF29074,QVGQLPKYVIV,160,75.0
185,HLA-A32:01 ,16758.77,APF29074,SVNETSQTGWA,185,76.0
32,HLA-A32:01 ,16978.22,APF29074,LQYGHYKYSRL,32,77.0
83,HLA-A32:01 ,17813.96,APF29074,MSIITLCLWVM,83,78.0
71,HLA-A32:01 ,17847.94,APF29074,NVDWVFFGFSI,71,79.0
186,HLA-A32:01 ,18097.4,APF29074,VNETSQTGWAF,186,80.0
190,HLA-A32:01 ,18263.85,APF29074,SQTGWAFYVRA,190,81.0
163,HLA-A32:01 ,18519.44,APF29074,QLPKYVIVATP,163,82.0
64,HLA-A32:01 ,18634.59,APF29074,FDCFVNFNVDW,64,83.0
131,HLA-A32:01 ,18975.46,APF29074,PVMAAPTGVTL,131,84.0
66,HLA-A32:01 ,19038.59,APF29074,CFVNFNVDWVF,66,85.0
114,HLA-A32:01 ,19045.54,APF29074,ETNAIISLQVY,114,86.0
23,HLA-A32:01 ,19286.0,APF29074,LILTVFIVVLQ,23,87.0
43,HLA-A32:01 ,19429.24,APF29074,LYGLKMSVLWC,43,88.0
142,HLA-A32:01 ,19808.92,APF29074,TLLSGVLLVDG,142,89.0
110,HLA-A32:01 ,19911.17,APF29074,AFNPETNAIIS,110,90.0
51,HLA-A32:01 ,20067.98,APF29074,LWCLWPLVLAL,51,91.0
56,HLA-A32:01 ,20353.51,APF29074,PLVLALSIFDC,56,92.0
180,HLA-A32:01 ,20758.85,APF29074,DRVGRSVNETS,180,93.0
214,HLA-A32:01 ,21025.66,APF29074,VLSEREKLLHL,214,94.0
95,HLA-A32:01 ,21089.5,APF29074,FVNSFRLWRRV,95,95.0
63,HLA-A32:01 ,21646.56,APF29074,IFDCFVNFNVD,63,96.0
93,HLA-A32:01 ,21869.03,APF29074,MYFVNSFRLWR,93,97.0
14,HLA-A32:01 ,21900.67,APF29074,LRNWNFSWNLI,14,98.0
156,HLA-A32:01 ,21969.76,APF29074,ATRVQVGQLPK,156,99.0
94,HLA-A32:01 ,22281.26,APF29074,YFVNSFRLWRR,94,100.0
117,HLA-A32:01 ,22603.33,APF29074,AIISLQVYGHN,117,101.0
148,HLA-A32:01 ,22876.43,APF29074,LLVDGHKIATR,148,102.0
31,HLA-A32:01 ,22961.07,APF29074,VLQYGHYKYSR,31,103.0
57,HLA-A32:01 ,23032.17,APF29074,LVLALSIFDCF,57,104.0
97,HLA-A32:01 ,23545.97,APF29074,NSFRLWRRVKT,97,105.0
4,HLA-A32:01 ,23679.78,APF29074,SVPLSEVYVHL,4,106.0
38,HLA-A32:01 ,23808.56,APF29074,KYSRLLYGLKM,38,107.0
72,HLA-A32:01 ,23965.69,APF29074,VDWVFFGFSIL,72,108.0
138,HLA-A32:01 ,23992.44,APF29074,GVTLTLLSGVL,138,109.0
88,HLA-A32:01 ,24039.15,APF29074,LCLWVMYFVNS,88,110.0
104,HLA-A32:01 ,24086.65,APF29074,RVKTFWAFNPE,104,111.0
111,HLA-A32:01 ,24171.58,APF29074,FNPETNAIISL,111,112.0
87,HLA-A32:01 ,24476.1,APF29074,TLCLWVMYFVN,87,113.0
134,HLA-A32:01 ,25004.98,APF29074,AAPTGVTLTLL,134,114.0
123,HLA-A32:01 ,25256.34,APF29074,VYGHNYYLPVM,123,115.0
121,HLA-A32:01 ,25367.53,APF29074,LQVYGHNYYLP,121,116.0
58,HLA-A32:01 ,25639.22,APF29074,VLALSIFDCFV,58,117.0
12,HLA-A32:01 ,25737.87,APF29074,VHLRNWNFSWN,12,118.0
124,HLA-A32:01 ,25917.73,APF29074,YGHNYYLPVMA,124,119.0
129,HLA-A32:01 ,25989.11,APF29074,YLPVMAAPTGV,129,120.0
30,HLA-A32:01 ,26253.55,APF29074,VVLQYGHYKYS,30,121.0
137,HLA-A32:01 ,26407.9,APF29074,TGVTLTLLSGV,137,122.0
29,HLA-A32:01 ,26498.91,APF29074,IVVLQYGHYKY,29,123.0
76,HLA-A32:01 ,26663.72,APF29074,FFGFSILMSII,76,124.0
215,HLA-A32:01 ,26826.04,APF29074,LSEREKLLHLI,215,125.0
59,HLA-A32:01 ,27057.3,APF29074,LALSIFDCFVN,59,126.0
126,HLA-A32:01 ,27060.1,APF29074,HNYYLPVMAAP,126,127.0
145,HLA-A32:01 ,27345.13,APF29074,SGVLLVDGHKI,145,128.0
183,HLA-A32:01 ,27384.15,APF29074,GRSVNETSQTG,183,129.0
5,HLA-A32:01 ,27531.02,APF29074,VPLSEVYVHLR,5,130.0
207,HLA-A32:01 ,27571.37,APF29074,GVASQEGVLSE,207,131.0
26,HLA-A32:01 ,27628.68,APF29074,TVFIVVLQYGH,26,132.0
177,HLA-A32:01 ,28067.53,APF29074,IVCDRVGRSVN,177,133.0
2,HLA-A32:01 ,28543.89,APF29074,NSSVPLSEVYV,2,134.0
113,HLA-A32:01 ,28752.5,APF29074,PETNAIISLQV,113,135.0
146,HLA-A32:01 ,28963.14,APF29074,GVLLVDGHKIA,146,136.0
55,HLA-A32:01 ,29182.5,APF29074,WPLVLALSIFD,55,137.0
151,HLA-A32:01 ,29423.58,APF29074,DGHKIATRVQV,151,138.0
36,HLA-A32:01 ,29444.18,APF29074,HYKYSRLLYGL,36,139.0
44,HLA-A32:01 ,29796.38,APF29074,YGLKMSVLWCL,44,140.0
135,HLA-A32:01 ,29928.76,APF29074,APTGVTLTLLS,135,141.0
149,HLA-A32:01 ,30135.95,APF29074,LVDGHKIATRV,149,142.0
200,HLA-A32:01 ,30277.34,APF29074,AKHGDFSGVAS,200,143.0
213,HLA-A32:01 ,30302.36,APF29074,GVLSEREKLLH,213,144.0
127,HLA-A32:01 ,30331.74,APF29074,NYYLPVMAAPT,127,145.0
3,HLA-A32:01 ,30441.25,APF29074,SSVPLSEVYVH,3,146.0
176,HLA-A32:01 ,30569.8,APF29074,TIVCDRVGRSV,176,147.0
170,HLA-A32:01 ,30588.77,APF29074,VATPSTTIVCD,170,148.0
61,HLA-A32:01 ,31402.02,APF29074,LSIFDCFVNFN,61,149.0
6,HLA-A32:01 ,31563.87,APF29074,PLSEVYVHLRN,6,150.0
70,HLA-A32:01 ,31629.03,APF29074,FNVDWVFFGFS,70,151.0
164,HLA-A32:01 ,32193.02,APF29074,LPKYVIVATPS,164,152.0
39,HLA-A32:01 ,32918.29,APF29074,YSRLLYGLKMS,39,153.0
37,HLA-A32:01 ,32958.2,APF29074,YKYSRLLYGLK,37,154.0
8,HLA-A32:01 ,33051.28,APF29074,SEVYVHLRNWN,8,155.0
25,HLA-A32:01 ,33141.72,APF29074,LTVFIVVLQYG,25,156.0
130,HLA-A32:01 ,33551.17,APF29074,LPVMAAPTGVT,130,157.0
90,HLA-A32:01 ,33552.7,APF29074,LWVMYFVNSFR,90,158.0
209,HLA-A32:01 ,33585.39,APF29074,ASQEGVLSERE,209,159.0
10,HLA-A32:01 ,33897.75,APF29074,VYVHLRNWNFS,10,160.0
181,HLA-A32:01 ,34013.34,APF29074,RVGRSVNETSQ,181,161.0
175,HLA-A32:01 ,34070.15,APF29074,TTIVCDRVGRS,175,162.0
96,HLA-A32:01 ,34218.71,APF29074,VNSFRLWRRVK,96,163.0
102,HLA-A32:01 ,34494.61,APF29074,WRRVKTFWAFN,102,164.0
166,HLA-A32:01 ,34540.76,APF29074,KYVIVATPSTT,166,165.0
107,HLA-A32:01 ,34566.86,APF29074,TFWAFNPETNA,107,166.0
118,HLA-A32:01 ,34741.41,APF29074,IISLQVYGHNY,118,167.0
143,HLA-A32:01 ,34829.92,APF29074,LLSGVLLVDGH,143,168.0
165,HLA-A32:01 ,34927.87,APF29074,PKYVIVATPST,165,169.0
179,HLA-A32:01 ,34970.05,APF29074,CDRVGRSVNET,179,170.0
33,HLA-A32:01 ,35201.07,APF29074,QYGHYKYSRLL,33,171.0
192,HLA-A32:01 ,35303.39,APF29074,TGWAFYVRAKH,192,172.0
103,HLA-A32:01 ,35320.71,APF29074,RRVKTFWAFNP,103,173.0
65,HLA-A32:01 ,35332.0,APF29074,DCFVNFNVDWV,65,174.0
211,HLA-A32:01 ,35348.77,APF29074,QEGVLSEREKL,211,175.0
191,HLA-A32:01 ,35413.36,APF29074,QTGWAFYVRAK,191,176.0
34,HLA-A32:01 ,35433.52,APF29074,YGHYKYSRLLY,34,177.0
174,HLA-A32:01 ,35531.47,APF29074,STTIVCDRVGR,174,178.0
136,HLA-A32:01 ,35674.89,APF29074,PTGVTLTLLSG,136,179.0
27,HLA-A32:01 ,35886.19,APF29074,VFIVVLQYGHY,27,180.0
157,HLA-A32:01 ,35909.77,APF29074,TRVQVGQLPKY,157,181.0
153,HLA-A32:01 ,36492.49,APF29074,HKIATRVQVGQ,153,182.0
128,HLA-A32:01 ,36915.07,APF29074,YYLPVMAAPTG,128,183.0
206,HLA-A32:01 ,37073.72,APF29074,SGVASQEGVLS,206,184.0
210,HLA-A32:01 ,37085.35,APF29074,SQEGVLSEREK,210,185.0
1,HLA-A32:01 ,37100.68,APF29074,SNSSVPLSEVY,1,186.0
112,HLA-A32:01 ,37320.11,APF29074,NPETNAIISLQ,112,187.0
187,HLA-A32:01 ,37496.69,APF29074,NETSQTGWAFY,187,188.0
202,HLA-A32:01 ,37513.36,APF29074,HGDFSGVASQE,202,189.0
195,HLA-A32:01 ,37536.2,APF29074,AFYVRAKHGDF,195,190.0
199,HLA-A32:01 ,37668.83,APF29074,RAKHGDFSGVA,199,191.0
116,HLA-A32:01 ,37834.71,APF29074,NAIISLQVYGH,116,192.0
68,HLA-A32:01 ,37898.18,APF29074,VNFNVDWVFFG,68,193.0
35,HLA-A32:01 ,38162.35,APF29074,GHYKYSRLLYG,35,194.0
201,HLA-A32:01 ,38352.27,APF29074,KHGDFSGVASQ,201,195.0
144,HLA-A32:01 ,38355.9,APF29074,LSGVLLVDGHK,144,196.0
152,HLA-A32:01 ,38473.1,APF29074,GHKIATRVQVG,152,197.0
208,HLA-A32:01 ,38710.43,APF29074,VASQEGVLSER,208,198.0
119,HLA-A32:01 ,39049.4,APF29074,ISLQVYGHNYY,119,199.0
28,HLA-A32:01 ,39172.78,APF29074,FIVVLQYGHYK,28,200.0
115,HLA-A32:01 ,39490.6,APF29074,TNAIISLQVYG,115,201.0
178,HLA-A32:01 ,39539.78,APF29074,VCDRVGRSVNE,178,202.0
172,HLA-A32:01 ,39590.17,APF29074,TPSTTIVCDRV,172,203.0
205,HLA-A32:01 ,39603.02,APF29074,FSGVASQEGVL,205,204.0
197,HLA-A32:01 ,39835.02,APF29074,YVRAKHGDFSG,197,205.0
212,HLA-A32:01 ,39944.79,APF29074,EGVLSEREKLL,212,206.0
150,HLA-A32:01 ,40148.51,APF29074,VDGHKIATRVQ,150,207.0
173,HLA-A32:01 ,40190.77,APF29074,PSTTIVCDRVG,173,208.0
194,HLA-A32:01 ,40467.22,APF29074,WAFYVRAKHGD,194,209.0
204,HLA-A32:01 ,40477.71,APF29074,DFSGVASQEGV,204,210.0
155,HLA-A32:01 ,40643.89,APF29074,IATRVQVGQLP,155,211.0
182,HLA-A32:01 ,41114.24,APF29074,VGRSVNETSQT,182,212.0
196,HLA-A32:01 ,41195.04,APF29074,FYVRAKHGDFS,196,213.0
198,HLA-A32:01 ,41365.38,APF29074,VRAKHGDFSGV,198,214.0
203,HLA-A32:01 ,41744.87,APF29074,GDFSGVASQEG,203,215.0
193,HLA-A32:01 ,41846.48,APF29074,GWAFYVRAKHG,193,216.0
214,HLA-A02:01,1349.95,APF29074,VLSEREKLLHL,214,1.0
62,HLA-A02:01,4570.44,APF29074,SIFDCFVNFNV,62,2.0
129,HLA-A02:01,5276.3,APF29074,YLPVMAAPTGV,129,3.0
120,HLA-A02:01,5306.76,APF29074,SLQVYGHNYYL,120,4.0
140,HLA-A02:01,5334.77,APF29074,TLTLLSGVLLV,140,5.0
22,HLA-A02:01,5342.88,APF29074,NLILTVFIVVL,22,6.0
147,HLA-A02:01,5363.23,APF29074,VLLVDGHKIAT,147,7.0
41,HLA-A02:01,5407.61,APF29074,RLLYGLKMSVL,41,8.0
80,HLA-A02:01,5408.31,APF29074,SILMSIITLCL,80,9.0
17,HLA-A02:01,5457.44,APF29074,WNFSWNLILTV,17,10.0
148,HLA-A02:01,5472.56,APF29074,LLVDGHKIATR,148,11.0
133,HLA-A02:01,5477.56,APF29074,MAAPTGVTLTL,133,12.0
0,HLA-A02:01,5503.62,APF29074,MSNSSVPLSEV,0,13.0
100,HLA-A02:01,5509.96,APF29074,RLWRRVKTFWA,100,14.0
40,HLA-A02:01,5513.78,APF29074,SRLLYGLKMSV,40,15.0
198,HLA-A02:01,5515.49,APF29074,VRAKHGDFSGV,198,16.0
168,HLA-A02:01,5528.77,APF29074,VIVATPSTTIV,168,17.0
162,HLA-A02:01,5530.76,APF29074,GQLPKYVIVAT,162,18.0
137,HLA-A02:01,5532.23,APF29074,TGVTLTLLSGV,137,19.0
188,HLA-A02:01,5532.6,APF29074,ETSQTGWAFYV,188,20.0
160,HLA-A02:01,5535.46,APF29074,QVGQLPKYVIV,160,21.0
82,HLA-A02:01,5536.45,APF29074,LMSIITLCLWV,82,22.0
37,HLA-A02:01,5537.72,APF29074,YKYSRLLYGLK,37,23.0
158,HLA-A02:01,5541.98,APF29074,RVQVGQLPKYV,158,24.0
204,HLA-A02:01,5542.51,APF29074,DFSGVASQEGV,204,25.0
149,HLA-A02:01,5549.98,APF29074,LVDGHKIATRV,149,26.0
194,HLA-A02:01,5552.04,APF29074,WAFYVRAKHGD,194,27.0
189,HLA-A02:01,5553.17,APF29074,TSQTGWAFYVR,189,28.0
2,HLA-A02:01,5555.96,APF29074,NSSVPLSEVYV,2,29.0
113,HLA-A02:01,5558.07,APF29074,PETNAIISLQV,113,30.0
48,HLA-A02:01,5559.82,APF29074,MSVLWCLWPLV,48,31.0
151,HLA-A02:01,5560.25,APF29074,DGHKIATRVQV,151,32.0
95,HLA-A02:01,5560.27,APF29074,FVNSFRLWRRV,95,33.0
176,HLA-A02:01,5560.36,APF29074,TIVCDRVGRSV,176,34.0
13,HLA-A02:01,5563.34,APF29074,HLRNWNFSWNL,13,35.0
174,HLA-A02:01,5563.51,APF29074,STTIVCDRVGR,174,36.0
96,HLA-A02:01,5565.41,APF29074,VNSFRLWRRVK,96,37.0
173,HLA-A02:01,5565.67,APF29074,PSTTIVCDRVG,173,38.0
91,HLA-A02:01,5567.16,APF29074,WVMYFVNSFRL,91,39.0
177,HLA-A02:01,5568.09,APF29074,IVCDRVGRSVN,177,40.0
78,HLA-A02:01,5568.97,APF29074,GFSILMSIITL,78,41.0
20,HLA-A02:01,5569.42,APF29074,SWNLILTVFIV,20,42.0
11,HLA-A02:01,5569.88,APF29074,YVHLRNWNFSW,11,43.0
153,HLA-A02:01,5569.92,APF29074,HKIATRVQVGQ,153,44.0
5,HLA-A02:01,5570.07,APF29074,VPLSEVYVHLR,5,45.0
199,HLA-A02:01,5572.1,APF29074,RAKHGDFSGVA,199,46.0
124,HLA-A02:01,5573.85,APF29074,YGHNYYLPVMA,124,47.0
167,HLA-A02:01,5574.41,APF29074,YVIVATPSTTI,167,48.0
135,HLA-A02:01,5575.51,APF29074,APTGVTLTLLS,135,49.0
191,HLA-A02:01,5576.05,APF29074,QTGWAFYVRAK,191,50.0
161,HLA-A02:01,5576.38,APF29074,VGQLPKYVIVA,161,51.0
144,HLA-A02:01,5576.56,APF29074,LSGVLLVDGHK,144,52.0
190,HLA-A02:01,5576.71,APF29074,SQTGWAFYVRA,190,53.0
184,HLA-A02:01,5580.16,APF29074,RSVNETSQTGW,184,54.0
131,HLA-A02:01,5580.17,APF29074,PVMAAPTGVTL,131,55.0
150,HLA-A02:01,5580.18,APF29074,VDGHKIATRVQ,150,56.0
125,HLA-A02:01,5580.86,APF29074,GHNYYLPVMAA,125,57.0
210,HLA-A02:01,5581.41,APF29074,SQEGVLSEREK,210,58.0
32,HLA-A02:01,5581.88,APF29074,LQYGHYKYSRL,32,59.0
200,HLA-A02:01,5582.23,APF29074,AKHGDFSGVAS,200,60.0
170,HLA-A02:01,5582.91,APF29074,VATPSTTIVCD,170,61.0
152,HLA-A02:01,5583.94,APF29074,GHKIATRVQVG,152,62.0
64,HLA-A02:01,5584.19,APF29074,FDCFVNFNVDW,64,63.0
111,HLA-A02:01,5584.52,APF29074,FNPETNAIISL,111,64.0
21,HLA-A02:01,5584.87,APF29074,WNLILTVFIVV,21,65.0
36,HLA-A02:01,5585.3,APF29074,HYKYSRLLYGL,36,66.0
122,HLA-A02:01,5585.59,APF29074,QVYGHNYYLPV,122,67.0
134,HLA-A02:01,5585.63,APF29074,AAPTGVTLTLL,134,68.0
183,HLA-A02:01,5587.06,APF29074,GRSVNETSQTG,183,69.0
110,HLA-A02:01,5587.42,APF29074,AFNPETNAIIS,110,70.0
206,HLA-A02:01,5588.02,APF29074,SGVASQEGVLS,206,71.0
107,HLA-A02:01,5588.05,APF29074,TFWAFNPETNA,107,72.0
171,HLA-A02:01,5588.42,APF29074,ATPSTTIVCDR,171,73.0
128,HLA-A02:01,5588.55,APF29074,YYLPVMAAPTG,128,74.0
6,HLA-A02:01,5588.75,APF29074,PLSEVYVHLRN,6,75.0
51,HLA-A02:01,5588.86,APF29074,LWCLWPLVLAL,51,76.0
193,HLA-A02:01,5589.42,APF29074,GWAFYVRAKHG,193,77.0
63,HLA-A02:01,5589.85,APF29074,IFDCFVNFNVD,63,78.0
208,HLA-A02:01,5589.89,APF29074,VASQEGVLSER,208,79.0
203,HLA-A02:01,5590.19,APF29074,GDFSGVASQEG,203,80.0
112,HLA-A02:01,5590.74,APF29074,NPETNAIISLQ,112,81.0
39,HLA-A02:01,5590.79,APF29074,YSRLLYGLKMS,39,82.0
55,HLA-A02:01,5590.82,APF29074,WPLVLALSIFD,55,83.0
102,HLA-A02:01,5590.91,APF29074,WRRVKTFWAFN,102,84.0
108,HLA-A02:01,5591.11,APF29074,FWAFNPETNAI,108,85.0
201,HLA-A02:01,5591.43,APF29074,KHGDFSGVASQ,201,86.0
101,HLA-A02:01,5591.63,APF29074,LWRRVKTFWAF,101,87.0
175,HLA-A02:01,5591.89,APF29074,TTIVCDRVGRS,175,88.0
126,HLA-A02:01,5591.93,APF29074,HNYYLPVMAAP,126,89.0
34,HLA-A02:01,5592.32,APF29074,YGHYKYSRLLY,34,90.0
4,HLA-A02:01,5592.37,APF29074,SVPLSEVYVHL,4,91.0
44,HLA-A02:01,5592.4,APF29074,YGLKMSVLWCL,44,92.0
211,HLA-A02:01,5592.48,APF29074,QEGVLSEREKL,211,93.0
195,HLA-A02:01,5592.74,APF29074,AFYVRAKHGDF,195,94.0
52,HLA-A02:01,5592.86,APF29074,WCLWPLVLALS,52,95.0
8,HLA-A02:01,5592.94,APF29074,SEVYVHLRNWN,8,96.0
59,HLA-A02:01,5593.56,APF29074,LALSIFDCFVN,59,97.0
178,HLA-A02:01,5593.93,APF29074,VCDRVGRSVNE,178,98.0
38,HLA-A02:01,5594.68,APF29074,KYSRLLYGLKM,38,99.0
180,HLA-A02:01,5594.92,APF29074,DRVGRSVNETS,180,100.0
93,HLA-A02:01,5595.44,APF29074,MYFVNSFRLWR,93,101.0
77,HLA-A02:01,5595.98,APF29074,FGFSILMSIIT,77,102.0
136,HLA-A02:01,5596.07,APF29074,PTGVTLTLLSG,136,103.0
145,HLA-A02:01,5596.08,APF29074,SGVLLVDGHKI,145,104.0
75,HLA-A02:01,5596.61,APF29074,VFFGFSILMSI,75,105.0
202,HLA-A02:01,5596.87,APF29074,HGDFSGVASQE,202,106.0
116,HLA-A02:01,5597.03,APF29074,NAIISLQVYGH,116,107.0
156,HLA-A02:01,5597.06,APF29074,ATRVQVGQLPK,156,108.0
205,HLA-A02:01,5597.38,APF29074,FSGVASQEGVL,205,109.0
94,HLA-A02:01,5597.51,APF29074,YFVNSFRLWRR,94,110.0
196,HLA-A02:01,5597.57,APF29074,FYVRAKHGDFS,196,111.0
181,HLA-A02:01,5597.82,APF29074,RVGRSVNETSQ,181,112.0
154,HLA-A02:01,5598.1,APF29074,KIATRVQVGQL,154,113.0
88,HLA-A02:01,5598.52,APF29074,LCLWVMYFVNS,88,114.0
186,HLA-A02:01,5598.69,APF29074,VNETSQTGWAF,186,115.0
61,HLA-A02:01,5599.12,APF29074,LSIFDCFVNFN,61,116.0
69,HLA-A02:01,5599.28,APF29074,NFNVDWVFFGF,69,117.0
23,HLA-A02:01,5599.75,APF29074,LILTVFIVVLQ,23,118.0
164,HLA-A02:01,5599.77,APF29074,LPKYVIVATPS,164,119.0
7,HLA-A02:01,5600.17,APF29074,LSEVYVHLRNW,7,120.0
28,HLA-A02:01,5600.2,APF29074,FIVVLQYGHYK,28,121.0
109,HLA-A02:01,5600.42,APF29074,WAFNPETNAII,109,122.0
26,HLA-A02:01,5600.5,APF29074,TVFIVVLQYGH,26,123.0
197,HLA-A02:01,5600.66,APF29074,YVRAKHGDFSG,197,124.0
172,HLA-A02:01,5600.7,APF29074,TPSTTIVCDRV,172,125.0
1,HLA-A02:01,5601.14,APF29074,SNSSVPLSEVY,1,126.0
209,HLA-A02:01,5601.27,APF29074,ASQEGVLSERE,209,127.0
33,HLA-A02:01,5601.41,APF29074,QYGHYKYSRLL,33,128.0
3,HLA-A02:01,5601.69,APF29074,SSVPLSEVYVH,3,129.0
45,HLA-A02:01,5601.76,APF29074,GLKMSVLWCLW,45,130.0
185,HLA-A02:01,5601.79,APF29074,SVNETSQTGWA,185,131.0
146,HLA-A02:01,5601.91,APF29074,GVLLVDGHKIA,146,132.0
12,HLA-A02:01,5602.72,APF29074,VHLRNWNFSWN,12,133.0
15,HLA-A02:01,5604.04,APF29074,RNWNFSWNLIL,15,134.0
215,HLA-A02:01,5604.5,APF29074,LSEREKLLHLI,215,135.0
18,HLA-A02:01,5604.72,APF29074,NFSWNLILTVF,18,136.0
14,HLA-A02:01,5605.37,APF29074,LRNWNFSWNLI,14,137.0
139,HLA-A02:01,5606.61,APF29074,VTLTLLSGVLL,139,138.0
53,HLA-A02:01,5606.72,APF29074,CLWPLVLALSI,53,139.0
98,HLA-A02:01,5606.78,APF29074,SFRLWRRVKTF,98,140.0
65,HLA-A02:01,5607.03,APF29074,DCFVNFNVDWV,65,141.0
104,HLA-A02:01,5608.07,APF29074,RVKTFWAFNPE,104,142.0
103,HLA-A02:01,5608.53,APF29074,RRVKTFWAFNP,103,143.0
192,HLA-A02:01,5608.65,APF29074,TGWAFYVRAKH,192,144.0
115,HLA-A02:01,5608.95,APF29074,TNAIISLQVYG,115,145.0
49,HLA-A02:01,5609.58,APF29074,SVLWCLWPLVL,49,146.0
57,HLA-A02:01,5609.88,APF29074,LVLALSIFDCF,57,147.0
25,HLA-A02:01,5609.97,APF29074,LTVFIVVLQYG,25,148.0
97,HLA-A02:01,5610.62,APF29074,NSFRLWRRVKT,97,149.0
212,HLA-A02:01,5611.22,APF29074,EGVLSEREKLL,212,150.0
159,HLA-A02:01,5611.24,APF29074,VQVGQLPKYVI,159,151.0
179,HLA-A02:01,5611.48,APF29074,CDRVGRSVNET,179,152.0
138,HLA-A02:01,5611.86,APF29074,GVTLTLLSGVL,138,153.0
74,HLA-A02:01,5612.09,APF29074,WVFFGFSILMS,74,154.0
106,HLA-A02:01,5612.27,APF29074,KTFWAFNPETN,106,155.0
35,HLA-A02:01,5612.97,APF29074,GHYKYSRLLYG,35,156.0
155,HLA-A02:01,5613.4,APF29074,IATRVQVGQLP,155,157.0
76,HLA-A02:01,5613.61,APF29074,FFGFSILMSII,76,158.0
16,HLA-A02:01,5613.68,APF29074,NWNFSWNLILT,16,159.0
114,HLA-A02:01,5613.9,APF29074,ETNAIISLQVY,114,160.0
58,HLA-A02:01,5614.57,APF29074,VLALSIFDCFV,58,161.0
86,HLA-A02:01,5615.07,APF29074,ITLCLWVMYFV,86,162.0
143,HLA-A02:01,5615.08,APF29074,LLSGVLLVDGH,143,163.0
118,HLA-A02:01,5615.17,APF29074,IISLQVYGHNY,118,164.0
123,HLA-A02:01,5615.38,APF29074,VYGHNYYLPVM,123,165.0
68,HLA-A02:01,5615.74,APF29074,VNFNVDWVFFG,68,166.0
157,HLA-A02:01,5615.9,APF29074,TRVQVGQLPKY,157,167.0
89,HLA-A02:01,5616.14,APF29074,CLWVMYFVNSF,89,168.0
54,HLA-A02:01,5616.2,APF29074,LWPLVLALSIF,54,169.0
182,HLA-A02:01,5616.25,APF29074,VGRSVNETSQT,182,170.0
72,HLA-A02:01,5617.61,APF29074,VDWVFFGFSIL,72,171.0
66,HLA-A02:01,5617.84,APF29074,CFVNFNVDWVF,66,172.0
29,HLA-A02:01,5617.89,APF29074,IVVLQYGHYKY,29,173.0
10,HLA-A02:01,5618.27,APF29074,VYVHLRNWNFS,10,174.0
165,HLA-A02:01,5618.71,APF29074,PKYVIVATPST,165,175.0
90,HLA-A02:01,5619.23,APF29074,LWVMYFVNSFR,90,176.0
105,HLA-A02:01,5619.37,APF29074,VKTFWAFNPET,105,177.0
127,HLA-A02:01,5619.39,APF29074,NYYLPVMAAPT,127,178.0
70,HLA-A02:01,5619.84,APF29074,FNVDWVFFGFS,70,179.0
27,HLA-A02:01,5620.44,APF29074,VFIVVLQYGHY,27,180.0
81,HLA-A02:01,5620.48,APF29074,ILMSIITLCLW,81,181.0
99,HLA-A02:01,5620.9,APF29074,FRLWRRVKTFW,99,182.0
130,HLA-A02:01,5622.16,APF29074,LPVMAAPTGVT,130,183.0
9,HLA-A02:01,5624.91,APF29074,EVYVHLRNWNF,9,184.0
71,HLA-A02:01,5625.9,APF29074,NVDWVFFGFSI,71,185.0
166,HLA-A02:01,5625.93,APF29074,KYVIVATPSTT,166,186.0
84,HLA-A02:01,5626.2,APF29074,SIITLCLWVMY,84,187.0
47,HLA-A02:01,5627.62,APF29074,KMSVLWCLWPL,47,188.0
119,HLA-A02:01,5627.81,APF29074,ISLQVYGHNYY,119,189.0
87,HLA-A02:01,5628.5,APF29074,TLCLWVMYFVN,87,190.0
85,HLA-A02:01,5629.47,APF29074,IITLCLWVMYF,85,191.0
117,HLA-A02:01,5632.38,APF29074,AIISLQVYGHN,117,192.0
92,HLA-A02:01,5633.32,APF29074,VMYFVNSFRLW,92,193.0
73,HLA-A02:01,5635.11,APF29074,DWVFFGFSILM,73,194.0
30,HLA-A02:01,5635.2,APF29074,VVLQYGHYKYS,30,195.0
43,HLA-A02:01,5636.12,APF29074,LYGLKMSVLWC,43,196.0
56,HLA-A02:01,5638.84,APF29074,PLVLALSIFDC,56,197.0
121,HLA-A02:01,5639.62,APF29074,LQVYGHNYYLP,121,198.0
31,HLA-A02:01,5641.25,APF29074,VLQYGHYKYSR,31,199.0
169,HLA-A02:01,5642.35,APF29074,IVATPSTTIVC,169,200.0
46,HLA-A02:01,5642.38,APF29074,LKMSVLWCLWP,46,201.0
50,HLA-A02:01,5643.19,APF29074,VLWCLWPLVLA,50,202.0
19,HLA-A02:01,5643.49,APF29074,FSWNLILTVFI,19,203.0
42,HLA-A02:01,5643.78,APF29074,LLYGLKMSVLW,42,204.0
83,HLA-A02:01,5647.79,APF29074,MSIITLCLWVM,83,205.0
187,HLA-A02:01,5648.25,APF29074,NETSQTGWAFY,187,206.0
142,HLA-A02:01,5648.84,APF29074,TLLSGVLLVDG,142,207.0
60,HLA-A02:01,5649.65,APF29074,ALSIFDCFVNF,60,208.0
24,HLA-A02:01,5653.3,APF29074,ILTVFIVVLQY,24,209.0
67,HLA-A02:01,5654.72,APF29074,FVNFNVDWVFF,67,210.0
79,HLA-A02:01,5657.67,APF29074,FSILMSIITLC,79,211.0
163,HLA-A02:01,5659.87,APF29074,QLPKYVIVATP,163,212.0
141,HLA-A02:01,5667.24,APF29074,LTLLSGVLLVD,141,213.0
132,HLA-A02:01,5671.71,APF29074,VMAAPTGVTLT,132,214.0
207,HLA-A02:01,5681.72,APF29074,GVASQEGVLSE,207,215.0
213,HLA-A02:01,5781.69,APF29074,GVLSEREKLLH,213,216.0
214,HLA-A02:03 ,1349.95,APF29074,VLSEREKLLHL,214,1.0
62,HLA-A02:03 ,4570.44,APF29074,SIFDCFVNFNV,62,2.0
129,HLA-A02:03 ,5276.3,APF29074,YLPVMAAPTGV,129,3.0
120,HLA-A02:03 ,5306.76,APF29074,SLQVYGHNYYL,120,4.0
140,HLA-A02:03 ,5334.77,APF29074,TLTLLSGVLLV,140,5.0
22,HLA-A02:03 ,5342.88,APF29074,NLILTVFIVVL,22,6.0
147,HLA-A02:03 ,5363.23,APF29074,VLLVDGHKIAT,147,7.0
41,HLA-A02:03 ,5407.61,APF29074,RLLYGLKMSVL,41,8.0
80,HLA-A02:03 ,5408.31,APF29074,SILMSIITLCL,80,9.0
17,HLA-A02:03 ,5457.44,APF29074,WNFSWNLILTV,17,10.0
148,HLA-A02:03 ,5472.56,APF29074,LLVDGHKIATR,148,11.0
133,HLA-A02:03 ,5477.56,APF29074,MAAPTGVTLTL,133,12.0
0,HLA-A02:03 ,5503.62,APF29074,MSNSSVPLSEV,0,13.0
100,HLA-A02:03 ,5509.96,APF29074,RLWRRVKTFWA,100,14.0
40,HLA-A02:03 ,5513.78,APF29074,SRLLYGLKMSV,40,15.0
198,HLA-A02:03 ,5515.49,APF29074,VRAKHGDFSGV,198,16.0
168,HLA-A02:03 ,5528.77,APF29074,VIVATPSTTIV,168,17.0
162,HLA-A02:03 ,5530.76,APF29074,GQLPKYVIVAT,162,18.0
137,HLA-A02:03 ,5532.23,APF29074,TGVTLTLLSGV,137,19.0
188,HLA-A02:03 ,5532.6,APF29074,ETSQTGWAFYV,188,20.0
160,HLA-A02:03 ,5535.46,APF29074,QVGQLPKYVIV,160,21.0
82,HLA-A02:03 ,5536.45,APF29074,LMSIITLCLWV,82,22.0
37,HLA-A02:03 ,5537.72,APF29074,YKYSRLLYGLK,37,23.0
158,HLA-A02:03 ,5541.98,APF29074,RVQVGQLPKYV,158,24.0
204,HLA-A02:03 ,5542.51,APF29074,DFSGVASQEGV,204,25.0
149,HLA-A02:03 ,5549.98,APF29074,LVDGHKIATRV,149,26.0
194,HLA-A02:03 ,5552.04,APF29074,WAFYVRAKHGD,194,27.0
189,HLA-A02:03 ,5553.17,APF29074,TSQTGWAFYVR,189,28.0
2,HLA-A02:03 ,5555.96,APF29074,NSSVPLSEVYV,2,29.0
113,HLA-A02:03 ,5558.07,APF29074,PETNAIISLQV,113,30.0
48,HLA-A02:03 ,5559.82,APF29074,MSVLWCLWPLV,48,31.0
151,HLA-A02:03 ,5560.25,APF29074,DGHKIATRVQV,151,32.0
95,HLA-A02:03 ,5560.27,APF29074,FVNSFRLWRRV,95,33.0
176,HLA-A02:03 ,5560.36,APF29074,TIVCDRVGRSV,176,34.0
13,HLA-A02:03 ,5563.34,APF29074,HLRNWNFSWNL,13,35.0
174,HLA-A02:03 ,5563.51,APF29074,STTIVCDRVGR,174,36.0
96,HLA-A02:03 ,5565.41,APF29074,VNSFRLWRRVK,96,37.0
173,HLA-A02:03 ,5565.67,APF29074,PSTTIVCDRVG,173,38.0
91,HLA-A02:03 ,5567.16,APF29074,WVMYFVNSFRL,91,39.0
177,HLA-A02:03 ,5568.09,APF29074,IVCDRVGRSVN,177,40.0
78,HLA-A02:03 ,5568.97,APF29074,GFSILMSIITL,78,41.0
20,HLA-A02:03 ,5569.42,APF29074,SWNLILTVFIV,20,42.0
11,HLA-A02:03 ,5569.88,APF29074,YVHLRNWNFSW,11,43.0
153,HLA-A02:03 ,5569.92,APF29074,HKIATRVQVGQ,153,44.0
5,HLA-A02:03 ,5570.07,APF29074,VPLSEVYVHLR,5,45.0
199,HLA-A02:03 ,5572.1,APF29074,RAKHGDFSGVA,199,46.0
124,HLA-A02:03 ,5573.85,APF29074,YGHNYYLPVMA,124,47.0
167,HLA-A02:03 ,5574.41,APF29074,YVIVATPSTTI,167,48.0
135,HLA-A02:03 ,5575.51,APF29074,APTGVTLTLLS,135,49.0
191,HLA-A02:03 ,5576.05,APF29074,QTGWAFYVRAK,191,50.0
161,HLA-A02:03 ,5576.38,APF29074,VGQLPKYVIVA,161,51.0
144,HLA-A02:03 ,5576.56,APF29074,LSGVLLVDGHK,144,52.0
190,HLA-A02:03 ,5576.71,APF29074,SQTGWAFYVRA,190,53.0
184,HLA-A02:03 ,5580.16,APF29074,RSVNETSQTGW,184,54.0
131,HLA-A02:03 ,5580.17,APF29074,PVMAAPTGVTL,131,55.0
150,HLA-A02:03 ,5580.18,APF29074,VDGHKIATRVQ,150,56.0
125,HLA-A02:03 ,5580.86,APF29074,GHNYYLPVMAA,125,57.0
210,HLA-A02:03 ,5581.41,APF29074,SQEGVLSEREK,210,58.0
32,HLA-A02:03 ,5581.88,APF29074,LQYGHYKYSRL,32,59.0
200,HLA-A02:03 ,5582.23,APF29074,AKHGDFSGVAS,200,60.0
170,HLA-A02:03 ,5582.91,APF29074,VATPSTTIVCD,170,61.0
152,HLA-A02:03 ,5583.94,APF29074,GHKIATRVQVG,152,62.0
64,HLA-A02:03 ,5584.19,APF29074,FDCFVNFNVDW,64,63.0
111,HLA-A02:03 ,5584.52,APF29074,FNPETNAIISL,111,64.0
21,HLA-A02:03 ,5584.87,APF29074,WNLILTVFIVV,21,65.0
36,HLA-A02:03 ,5585.3,APF29074,HYKYSRLLYGL,36,66.0
122,HLA-A02:03 ,5585.59,APF29074,QVYGHNYYLPV,122,67.0
134,HLA-A02:03 ,5585.63,APF29074,AAPTGVTLTLL,134,68.0
183,HLA-A02:03 ,5587.06,APF29074,GRSVNETSQTG,183,69.0
110,HLA-A02:03 ,5587.42,APF29074,AFNPETNAIIS,110,70.0
206,HLA-A02:03 ,5588.02,APF29074,SGVASQEGVLS,206,71.0
107,HLA-A02:03 ,5588.05,APF29074,TFWAFNPETNA,107,72.0
171,HLA-A02:03 ,5588.42,APF29074,ATPSTTIVCDR,171,73.0
128,HLA-A02:03 ,5588.55,APF29074,YYLPVMAAPTG,128,74.0
6,HLA-A02:03 ,5588.75,APF29074,PLSEVYVHLRN,6,75.0
51,HLA-A02:03 ,5588.86,APF29074,LWCLWPLVLAL,51,76.0
193,HLA-A02:03 ,5589.42,APF29074,GWAFYVRAKHG,193,77.0
63,HLA-A02:03 ,5589.85,APF29074,IFDCFVNFNVD,63,78.0
208,HLA-A02:03 ,5589.89,APF29074,VASQEGVLSER,208,79.0
203,HLA-A02:03 ,5590.19,APF29074,GDFSGVASQEG,203,80.0
112,HLA-A02:03 ,5590.74,APF29074,NPETNAIISLQ,112,81.0
39,HLA-A02:03 ,5590.79,APF29074,YSRLLYGLKMS,39,82.0
55,HLA-A02:03 ,5590.82,APF29074,WPLVLALSIFD,55,83.0
102,HLA-A02:03 ,5590.91,APF29074,WRRVKTFWAFN,102,84.0
108,HLA-A02:03 ,5591.11,APF29074,FWAFNPETNAI,108,85.0
201,HLA-A02:03 ,5591.43,APF29074,KHGDFSGVASQ,201,86.0
101,HLA-A02:03 ,5591.63,APF29074,LWRRVKTFWAF,101,87.0
175,HLA-A02:03 ,5591.89,APF29074,TTIVCDRVGRS,175,88.0
126,HLA-A02:03 ,5591.93,APF29074,HNYYLPVMAAP,126,89.0
34,HLA-A02:03 ,5592.32,APF29074,YGHYKYSRLLY,34,90.0
4,HLA-A02:03 ,5592.37,APF29074,SVPLSEVYVHL,4,91.0
44,HLA-A02:03 ,5592.4,APF29074,YGLKMSVLWCL,44,92.0
211,HLA-A02:03 ,5592.48,APF29074,QEGVLSEREKL,211,93.0
195,HLA-A02:03 ,5592.74,APF29074,AFYVRAKHGDF,195,94.0
52,HLA-A02:03 ,5592.86,APF29074,WCLWPLVLALS,52,95.0
8,HLA-A02:03 ,5592.94,APF29074,SEVYVHLRNWN,8,96.0
59,HLA-A02:03 ,5593.56,APF29074,LALSIFDCFVN,59,97.0
178,HLA-A02:03 ,5593.93,APF29074,VCDRVGRSVNE,178,98.0
38,HLA-A02:03 ,5594.68,APF29074,KYSRLLYGLKM,38,99.0
180,HLA-A02:03 ,5594.92,APF29074,DRVGRSVNETS,180,100.0
93,HLA-A02:03 ,5595.44,APF29074,MYFVNSFRLWR,93,101.0
77,HLA-A02:03 ,5595.98,APF29074,FGFSILMSIIT,77,102.0
136,HLA-A02:03 ,5596.07,APF29074,PTGVTLTLLSG,136,103.0
145,HLA-A02:03 ,5596.08,APF29074,SGVLLVDGHKI,145,104.0
75,HLA-A02:03 ,5596.61,APF29074,VFFGFSILMSI,75,105.0
202,HLA-A02:03 ,5596.87,APF29074,HGDFSGVASQE,202,106.0
116,HLA-A02:03 ,5597.03,APF29074,NAIISLQVYGH,116,107.0
156,HLA-A02:03 ,5597.06,APF29074,ATRVQVGQLPK,156,108.0
205,HLA-A02:03 ,5597.38,APF29074,FSGVASQEGVL,205,109.0
94,HLA-A02:03 ,5597.51,APF29074,YFVNSFRLWRR,94,110.0
196,HLA-A02:03 ,5597.57,APF29074,FYVRAKHGDFS,196,111.0
181,HLA-A02:03 ,5597.82,APF29074,RVGRSVNETSQ,181,112.0
154,HLA-A02:03 ,5598.1,APF29074,KIATRVQVGQL,154,113.0
88,HLA-A02:03 ,5598.52,APF29074,LCLWVMYFVNS,88,114.0
186,HLA-A02:03 ,5598.69,APF29074,VNETSQTGWAF,186,115.0
61,HLA-A02:03 ,5599.12,APF29074,LSIFDCFVNFN,61,116.0
69,HLA-A02:03 ,5599.28,APF29074,NFNVDWVFFGF,69,117.0
23,HLA-A02:03 ,5599.75,APF29074,LILTVFIVVLQ,23,118.0
164,HLA-A02:03 ,5599.77,APF29074,LPKYVIVATPS,164,119.0
7,HLA-A02:03 ,5600.17,APF29074,LSEVYVHLRNW,7,120.0
28,HLA-A02:03 ,5600.2,APF29074,FIVVLQYGHYK,28,121.0
109,HLA-A02:03 ,5600.42,APF29074,WAFNPETNAII,109,122.0
26,HLA-A02:03 ,5600.5,APF29074,TVFIVVLQYGH,26,123.0
197,HLA-A02:03 ,5600.66,APF29074,YVRAKHGDFSG,197,124.0
172,HLA-A02:03 ,5600.7,APF29074,TPSTTIVCDRV,172,125.0
1,HLA-A02:03 ,5601.14,APF29074,SNSSVPLSEVY,1,126.0
209,HLA-A02:03 ,5601.27,APF29074,ASQEGVLSERE,209,127.0
33,HLA-A02:03 ,5601.41,APF29074,QYGHYKYSRLL,33,128.0
3,HLA-A02:03 ,5601.69,APF29074,SSVPLSEVYVH,3,129.0
45,HLA-A02:03 ,5601.76,APF29074,GLKMSVLWCLW,45,130.0
185,HLA-A02:03 ,5601.79,APF29074,SVNETSQTGWA,185,131.0
146,HLA-A02:03 ,5601.91,APF29074,GVLLVDGHKIA,146,132.0
12,HLA-A02:03 ,5602.72,APF29074,VHLRNWNFSWN,12,133.0
15,HLA-A02:03 ,5604.04,APF29074,RNWNFSWNLIL,15,134.0
215,HLA-A02:03 ,5604.5,APF29074,LSEREKLLHLI,215,135.0
18,HLA-A02:03 ,5604.72,APF29074,NFSWNLILTVF,18,136.0
14,HLA-A02:03 ,5605.37,APF29074,LRNWNFSWNLI,14,137.0
139,HLA-A02:03 ,5606.61,APF29074,VTLTLLSGVLL,139,138.0
53,HLA-A02:03 ,5606.72,APF29074,CLWPLVLALSI,53,139.0
98,HLA-A02:03 ,5606.78,APF29074,SFRLWRRVKTF,98,140.0
65,HLA-A02:03 ,5607.03,APF29074,DCFVNFNVDWV,65,141.0
104,HLA-A02:03 ,5608.07,APF29074,RVKTFWAFNPE,104,142.0
103,HLA-A02:03 ,5608.53,APF29074,RRVKTFWAFNP,103,143.0
192,HLA-A02:03 ,5608.65,APF29074,TGWAFYVRAKH,192,144.0
115,HLA-A02:03 ,5608.95,APF29074,TNAIISLQVYG,115,145.0
49,HLA-A02:03 ,5609.58,APF29074,SVLWCLWPLVL,49,146.0
57,HLA-A02:03 ,5609.88,APF29074,LVLALSIFDCF,57,147.0
25,HLA-A02:03 ,5609.97,APF29074,LTVFIVVLQYG,25,148.0
97,HLA-A02:03 ,5610.62,APF29074,NSFRLWRRVKT,97,149.0
212,HLA-A02:03 ,5611.22,APF29074,EGVLSEREKLL,212,150.0
159,HLA-A02:03 ,5611.24,APF29074,VQVGQLPKYVI,159,151.0
179,HLA-A02:03 ,5611.48,APF29074,CDRVGRSVNET,179,152.0
138,HLA-A02:03 ,5611.86,APF29074,GVTLTLLSGVL,138,153.0
74,HLA-A02:03 ,5612.09,APF29074,WVFFGFSILMS,74,154.0
106,HLA-A02:03 ,5612.27,APF29074,KTFWAFNPETN,106,155.0
35,HLA-A02:03 ,5612.97,APF29074,GHYKYSRLLYG,35,156.0
155,HLA-A02:03 ,5613.4,APF29074,IATRVQVGQLP,155,157.0
76,HLA-A02:03 ,5613.61,APF29074,FFGFSILMSII,76,158.0
16,HLA-A02:03 ,5613.68,APF29074,NWNFSWNLILT,16,159.0
114,HLA-A02:03 ,5613.9,APF29074,ETNAIISLQVY,114,160.0
58,HLA-A02:03 ,5614.57,APF29074,VLALSIFDCFV,58,161.0
86,HLA-A02:03 ,5615.07,APF29074,ITLCLWVMYFV,86,162.0
143,HLA-A02:03 ,5615.08,APF29074,LLSGVLLVDGH,143,163.0
118,HLA-A02:03 ,5615.17,APF29074,IISLQVYGHNY,118,164.0
123,HLA-A02:03 ,5615.38,APF29074,VYGHNYYLPVM,123,165.0
68,HLA-A02:03 ,5615.74,APF29074,VNFNVDWVFFG,68,166.0
157,HLA-A02:03 ,5615.9,APF29074,TRVQVGQLPKY,157,167.0
89,HLA-A02:03 ,5616.14,APF29074,CLWVMYFVNSF,89,168.0
54,HLA-A02:03 ,5616.2,APF29074,LWPLVLALSIF,54,169.0
182,HLA-A02:03 ,5616.25,APF29074,VGRSVNETSQT,182,170.0
72,HLA-A02:03 ,5617.61,APF29074,VDWVFFGFSIL,72,171.0
66,HLA-A02:03 ,5617.84,APF29074,CFVNFNVDWVF,66,172.0
29,HLA-A02:03 ,5617.89,APF29074,IVVLQYGHYKY,29,173.0
10,HLA-A02:03 ,5618.27,APF29074,VYVHLRNWNFS,10,174.0
165,HLA-A02:03 ,5618.71,APF29074,PKYVIVATPST,165,175.0
90,HLA-A02:03 ,5619.23,APF29074,LWVMYFVNSFR,90,176.0
105,HLA-A02:03 ,5619.37,APF29074,VKTFWAFNPET,105,177.0
127,HLA-A02:03 ,5619.39,APF29074,NYYLPVMAAPT,127,178.0
70,HLA-A02:03 ,5619.84,APF29074,FNVDWVFFGFS,70,179.0
27,HLA-A02:03 ,5620.44,APF29074,VFIVVLQYGHY,27,180.0
81,HLA-A02:03 ,5620.48,APF29074,ILMSIITLCLW,81,181.0
99,HLA-A02:03 ,5620.9,APF29074,FRLWRRVKTFW,99,182.0
130,HLA-A02:03 ,5622.16,APF29074,LPVMAAPTGVT,130,183.0
9,HLA-A02:03 ,5624.91,APF29074,EVYVHLRNWNF,9,184.0
71,HLA-A02:03 ,5625.9,APF29074,NVDWVFFGFSI,71,185.0
166,HLA-A02:03 ,5625.93,APF29074,KYVIVATPSTT,166,186.0
84,HLA-A02:03 ,5626.2,APF29074,SIITLCLWVMY,84,187.0
47,HLA-A02:03 ,5627.62,APF29074,KMSVLWCLWPL,47,188.0
119,HLA-A02:03 ,5627.81,APF29074,ISLQVYGHNYY,119,189.0
87,HLA-A02:03 ,5628.5,APF29074,TLCLWVMYFVN,87,190.0
85,HLA-A02:03 ,5629.47,APF29074,IITLCLWVMYF,85,191.0
117,HLA-A02:03 ,5632.38,APF29074,AIISLQVYGHN,117,192.0
92,HLA-A02:03 ,5633.32,APF29074,VMYFVNSFRLW,92,193.0
73,HLA-A02:03 ,5635.11,APF29074,DWVFFGFSILM,73,194.0
30,HLA-A02:03 ,5635.2,APF29074,VVLQYGHYKYS,30,195.0
43,HLA-A02:03 ,5636.12,APF29074,LYGLKMSVLWC,43,196.0
56,HLA-A02:03 ,5638.84,APF29074,PLVLALSIFDC,56,197.0
121,HLA-A02:03 ,5639.62,APF29074,LQVYGHNYYLP,121,198.0
31,HLA-A02:03 ,5641.25,APF29074,VLQYGHYKYSR,31,199.0
169,HLA-A02:03 ,5642.35,APF29074,IVATPSTTIVC,169,200.0
46,HLA-A02:03 ,5642.38,APF29074,LKMSVLWCLWP,46,201.0
50,HLA-A02:03 ,5643.19,APF29074,VLWCLWPLVLA,50,202.0
19,HLA-A02:03 ,5643.49,APF29074,FSWNLILTVFI,19,203.0
42,HLA-A02:03 ,5643.78,APF29074,LLYGLKMSVLW,42,204.0
83,HLA-A02:03 ,5647.79,APF29074,MSIITLCLWVM,83,205.0
187,HLA-A02:03 ,5648.25,APF29074,NETSQTGWAFY,187,206.0
142,HLA-A02:03 ,5648.84,APF29074,TLLSGVLLVDG,142,207.0
60,HLA-A02:03 ,5649.65,APF29074,ALSIFDCFVNF,60,208.0
24,HLA-A02:03 ,5653.3,APF29074,ILTVFIVVLQY,24,209.0
67,HLA-A02:03 ,5654.72,APF29074,FVNFNVDWVFF,67,210.0
79,HLA-A02:03 ,5657.67,APF29074,FSILMSIITLC,79,211.0
163,HLA-A02:03 ,5659.87,APF29074,QLPKYVIVATP,163,212.0
141,HLA-A02:03 ,5667.24,APF29074,LTLLSGVLLVD,141,213.0
132,HLA-A02:03 ,5671.71,APF29074,VMAAPTGVTLT,132,214.0
207,HLA-A02:03 ,5681.72,APF29074,GVASQEGVLSE,207,215.0
213,HLA-A02:03 ,5781.69,APF29074,GVLSEREKLLH,213,216.0
62,HLA-A02:06,21.35,APF29074,SIFDCFVNFNV,62,1.0
122,HLA-A02:06,23.06,APF29074,QVYGHNYYLPV,122,2.0
48,HLA-A02:06,27.81,APF29074,MSVLWCLWPLV,48,3.0
47,HLA-A02:06,37.88,APF29074,KMSVLWCLWPL,47,4.0
137,HLA-A02:06,38.13,APF29074,TGVTLTLLSGV,137,5.0
58,HLA-A02:06,77.34,APF29074,VLALSIFDCFV,58,6.0
91,HLA-A02:06,100.42,APF29074,WVMYFVNSFRL,91,7.0
86,HLA-A02:06,177.46,APF29074,ITLCLWVMYFV,86,8.0
129,HLA-A02:06,201.47,APF29074,YLPVMAAPTGV,129,9.0
82,HLA-A02:06,255.85,APF29074,LMSIITLCLWV,82,10.0
188,HLA-A02:06,279.4,APF29074,ETSQTGWAFYV,188,11.0
190,HLA-A02:06,290.57,APF29074,SQTGWAFYVRA,190,12.0
17,HLA-A02:06,399.32,APF29074,WNFSWNLILTV,17,13.0
95,HLA-A02:06,413.68,APF29074,FVNSFRLWRRV,95,14.0
121,HLA-A02:06,426.47,APF29074,LQVYGHNYYLP,121,15.0
40,HLA-A02:06,626.66,APF29074,SRLLYGLKMSV,40,16.0
167,HLA-A02:06,642.43,APF29074,YVIVATPSTTI,167,17.0
198,HLA-A02:06,668.82,APF29074,VRAKHGDFSGV,198,18.0
209,HLA-A02:06,734.38,APF29074,ASQEGVLSERE,209,19.0
21,HLA-A02:06,769.88,APF29074,WNLILTVFIVV,21,20.0
49,HLA-A02:06,863.91,APF29074,SVLWCLWPLVL,49,21.0
80,HLA-A02:06,885.44,APF29074,SILMSIITLCL,80,22.0
159,HLA-A02:06,974.11,APF29074,VQVGQLPKYVI,159,23.0
139,HLA-A02:06,996.6,APF29074,VTLTLLSGVLL,139,24.0
20,HLA-A02:06,1030.11,APF29074,SWNLILTVFIV,20,25.0
65,HLA-A02:06,1043.25,APF29074,DCFVNFNVDWV,65,26.0
149,HLA-A02:06,1116.06,APF29074,LVDGHKIATRV,149,27.0
108,HLA-A02:06,1291.24,APF29074,FWAFNPETNAI,108,28.0
140,HLA-A02:06,1304.96,APF29074,TLTLLSGVLLV,140,29.0
120,HLA-A02:06,1340.76,APF29074,SLQVYGHNYYL,120,30.0
0,HLA-A02:06,1364.8,APF29074,MSNSSVPLSEV,0,31.0
162,HLA-A02:06,1585.25,APF29074,GQLPKYVIVAT,162,32.0
53,HLA-A02:06,1598.17,APF29074,CLWPLVLALSI,53,33.0
104,HLA-A02:06,1661.44,APF29074,RVKTFWAFNPE,104,34.0
51,HLA-A02:06,1730.59,APF29074,LWCLWPLVLAL,51,35.0
24,HLA-A02:06,1848.08,APF29074,ILTVFIVVLQY,24,36.0
168,HLA-A02:06,1854.75,APF29074,VIVATPSTTIV,168,37.0
50,HLA-A02:06,1857.08,APF29074,VLWCLWPLVLA,50,38.0
77,HLA-A02:06,1896.97,APF29074,FGFSILMSIIT,77,39.0
133,HLA-A02:06,1928.77,APF29074,MAAPTGVTLTL,133,40.0
19,HLA-A02:06,2052.6,APF29074,FSWNLILTVFI,19,41.0
207,HLA-A02:06,2131.78,APF29074,GVASQEGVLSE,207,42.0
176,HLA-A02:06,2612.44,APF29074,TIVCDRVGRSV,176,43.0
22,HLA-A02:06,2782.71,APF29074,NLILTVFIVVL,22,44.0
89,HLA-A02:06,2824.7,APF29074,CLWVMYFVNSF,89,45.0
23,HLA-A02:06,2839.4,APF29074,LILTVFIVVLQ,23,46.0
78,HLA-A02:06,2928.15,APF29074,GFSILMSIITL,78,47.0
2,HLA-A02:06,3027.93,APF29074,NSSVPLSEVYV,2,48.0
32,HLA-A02:06,3269.51,APF29074,LQYGHYKYSRL,32,49.0
73,HLA-A02:06,3357.68,APF29074,DWVFFGFSILM,73,50.0
161,HLA-A02:06,3451.44,APF29074,VGQLPKYVIVA,161,51.0
36,HLA-A02:06,3491.05,APF29074,HYKYSRLLYGL,36,52.0
71,HLA-A02:06,3585.24,APF29074,NVDWVFFGFSI,71,53.0
44,HLA-A02:06,3590.53,APF29074,YGLKMSVLWCL,44,54.0
142,HLA-A02:06,4108.01,APF29074,TLLSGVLLVDG,142,55.0
158,HLA-A02:06,4217.85,APF29074,RVQVGQLPKYV,158,56.0
75,HLA-A02:06,4388.85,APF29074,VFFGFSILMSI,75,57.0
74,HLA-A02:06,4665.73,APF29074,WVFFGFSILMS,74,58.0
46,HLA-A02:06,4864.67,APF29074,LKMSVLWCLWP,46,59.0
76,HLA-A02:06,5139.56,APF29074,FFGFSILMSII,76,60.0
138,HLA-A02:06,5325.67,APF29074,GVTLTLLSGVL,138,61.0
70,HLA-A02:06,5471.78,APF29074,FNVDWVFFGFS,70,62.0
16,HLA-A02:06,5558.18,APF29074,NWNFSWNLILT,16,63.0
57,HLA-A02:06,5598.67,APF29074,LVLALSIFDCF,57,64.0
14,HLA-A02:06,5616.61,APF29074,LRNWNFSWNLI,14,65.0
197,HLA-A02:06,5683.17,APF29074,YVRAKHGDFSG,197,66.0
100,HLA-A02:06,5768.76,APF29074,RLWRRVKTFWA,100,67.0
13,HLA-A02:06,6267.22,APF29074,HLRNWNFSWNL,13,68.0
41,HLA-A02:06,6330.99,APF29074,RLLYGLKMSVL,41,69.0
141,HLA-A02:06,6389.25,APF29074,LTLLSGVLLVD,141,70.0
56,HLA-A02:06,6592.54,APF29074,PLVLALSIFDC,56,71.0
163,HLA-A02:06,6739.75,APF29074,QLPKYVIVATP,163,72.0
127,HLA-A02:06,7153.22,APF29074,NYYLPVMAAPT,127,73.0
105,HLA-A02:06,7247.7,APF29074,VKTFWAFNPET,105,74.0
160,HLA-A02:06,7312.41,APF29074,QVGQLPKYVIV,160,75.0
43,HLA-A02:06,7407.79,APF29074,LYGLKMSVLWC,43,76.0
109,HLA-A02:06,7454.9,APF29074,WAFNPETNAII,109,77.0
67,HLA-A02:06,7670.03,APF29074,FVNFNVDWVFF,67,78.0
169,HLA-A02:06,7688.66,APF29074,IVATPSTTIVC,169,79.0
83,HLA-A02:06,7790.05,APF29074,MSIITLCLWVM,83,80.0
4,HLA-A02:06,8007.4,APF29074,SVPLSEVYVHL,4,81.0
84,HLA-A02:06,8034.19,APF29074,SIITLCLWVMY,84,82.0
131,HLA-A02:06,8097.14,APF29074,PVMAAPTGVTL,131,83.0
132,HLA-A02:06,8151.43,APF29074,VMAAPTGVTLT,132,84.0
61,HLA-A02:06,8193.63,APF29074,LSIFDCFVNFN,61,85.0
189,HLA-A02:06,8390.79,APF29074,TSQTGWAFYVR,189,86.0
113,HLA-A02:06,8401.33,APF29074,PETNAIISLQV,113,87.0
214,HLA-A02:06,8614.7,APF29074,VLSEREKLLHL,214,88.0
79,HLA-A02:06,8805.29,APF29074,FSILMSIITLC,79,89.0
111,HLA-A02:06,9089.95,APF29074,FNPETNAIISL,111,90.0
134,HLA-A02:06,9516.1,APF29074,AAPTGVTLTLL,134,91.0
52,HLA-A02:06,9552.37,APF29074,WCLWPLVLALS,52,92.0
103,HLA-A02:06,9569.92,APF29074,RRVKTFWAFNP,103,93.0
69,HLA-A02:06,9631.68,APF29074,NFNVDWVFFGF,69,94.0
85,HLA-A02:06,10701.53,APF29074,IITLCLWVMYF,85,95.0
63,HLA-A02:06,10852.96,APF29074,IFDCFVNFNVD,63,96.0
204,HLA-A02:06,10920.16,APF29074,DFSGVASQEGV,204,97.0
202,HLA-A02:06,11098.96,APF29074,HGDFSGVASQE,202,98.0
60,HLA-A02:06,11106.79,APF29074,ALSIFDCFVNF,60,99.0
145,HLA-A02:06,11128.12,APF29074,SGVLLVDGHKI,145,100.0
124,HLA-A02:06,11299.31,APF29074,YGHNYYLPVMA,124,101.0
88,HLA-A02:06,11322.73,APF29074,LCLWVMYFVNS,88,102.0
106,HLA-A02:06,11331.25,APF29074,KTFWAFNPETN,106,103.0
147,HLA-A02:06,11486.46,APF29074,VLLVDGHKIAT,147,104.0
18,HLA-A02:06,11605.39,APF29074,NFSWNLILTVF,18,105.0
126,HLA-A02:06,11671.78,APF29074,HNYYLPVMAAP,126,106.0
87,HLA-A02:06,11789.35,APF29074,TLCLWVMYFVN,87,107.0
26,HLA-A02:06,11950.33,APF29074,TVFIVVLQYGH,26,108.0
54,HLA-A02:06,11979.2,APF29074,LWPLVLALSIF,54,109.0
128,HLA-A02:06,12186.23,APF29074,YYLPVMAAPTG,128,110.0
154,HLA-A02:06,12425.53,APF29074,KIATRVQVGQL,154,111.0
101,HLA-A02:06,12482.5,APF29074,LWRRVKTFWAF,101,112.0
72,HLA-A02:06,12729.74,APF29074,VDWVFFGFSIL,72,113.0
200,HLA-A02:06,12996.38,APF29074,AKHGDFSGVAS,200,114.0
59,HLA-A02:06,13031.07,APF29074,LALSIFDCFVN,59,115.0
146,HLA-A02:06,13101.21,APF29074,GVLLVDGHKIA,146,116.0
143,HLA-A02:06,13150.83,APF29074,LLSGVLLVDGH,143,117.0
148,HLA-A02:06,13869.24,APF29074,LLVDGHKIATR,148,118.0
64,HLA-A02:06,14083.66,APF29074,FDCFVNFNVDW,64,119.0
171,HLA-A02:06,14117.75,APF29074,ATPSTTIVCDR,171,120.0
94,HLA-A02:06,14178.44,APF29074,YFVNSFRLWRR,94,121.0
90,HLA-A02:06,14917.55,APF29074,LWVMYFVNSFR,90,122.0
15,HLA-A02:06,14962.0,APF29074,RNWNFSWNLIL,15,123.0
172,HLA-A02:06,15022.93,APF29074,TPSTTIVCDRV,172,124.0
178,HLA-A02:06,15258.26,APF29074,VCDRVGRSVNE,178,125.0
117,HLA-A02:06,15288.95,APF29074,AIISLQVYGHN,117,126.0
208,HLA-A02:06,15288.97,APF29074,VASQEGVLSER,208,127.0
10,HLA-A02:06,15558.45,APF29074,VYVHLRNWNFS,10,128.0
215,HLA-A02:06,15660.58,APF29074,LSEREKLLHLI,215,129.0
102,HLA-A02:06,15665.98,APF29074,WRRVKTFWAFN,102,130.0
3,HLA-A02:06,15900.67,APF29074,SSVPLSEVYVH,3,131.0
30,HLA-A02:06,16401.63,APF29074,VVLQYGHYKYS,30,132.0
123,HLA-A02:06,16503.14,APF29074,VYGHNYYLPVM,123,133.0
125,HLA-A02:06,16573.7,APF29074,GHNYYLPVMAA,125,134.0
110,HLA-A02:06,16661.36,APF29074,AFNPETNAIIS,110,135.0
136,HLA-A02:06,16824.72,APF29074,PTGVTLTLLSG,136,136.0
185,HLA-A02:06,17420.9,APF29074,SVNETSQTGWA,185,137.0
116,HLA-A02:06,17661.19,APF29074,NAIISLQVYGH,116,138.0
38,HLA-A02:06,17769.43,APF29074,KYSRLLYGLKM,38,139.0
68,HLA-A02:06,18370.99,APF29074,VNFNVDWVFFG,68,140.0
135,HLA-A02:06,18389.65,APF29074,APTGVTLTLLS,135,141.0
25,HLA-A02:06,18412.0,APF29074,LTVFIVVLQYG,25,142.0
199,HLA-A02:06,18641.1,APF29074,RAKHGDFSGVA,199,143.0
205,HLA-A02:06,18733.72,APF29074,FSGVASQEGVL,205,144.0
107,HLA-A02:06,18962.89,APF29074,TFWAFNPETNA,107,145.0
39,HLA-A02:06,19101.42,APF29074,YSRLLYGLKMS,39,146.0
66,HLA-A02:06,19220.31,APF29074,CFVNFNVDWVF,66,147.0
206,HLA-A02:06,19224.02,APF29074,SGVASQEGVLS,206,148.0
175,HLA-A02:06,19253.4,APF29074,TTIVCDRVGRS,175,149.0
186,HLA-A02:06,19392.83,APF29074,VNETSQTGWAF,186,150.0
174,HLA-A02:06,19441.28,APF29074,STTIVCDRVGR,174,151.0
170,HLA-A02:06,19443.22,APF29074,VATPSTTIVCD,170,152.0
28,HLA-A02:06,19637.29,APF29074,FIVVLQYGHYK,28,153.0
31,HLA-A02:06,19796.2,APF29074,VLQYGHYKYSR,31,154.0
5,HLA-A02:06,19837.87,APF29074,VPLSEVYVHLR,5,155.0
97,HLA-A02:06,20086.21,APF29074,NSFRLWRRVKT,97,156.0
115,HLA-A02:06,20152.32,APF29074,TNAIISLQVYG,115,157.0
42,HLA-A02:06,20180.66,APF29074,LLYGLKMSVLW,42,158.0
81,HLA-A02:06,20547.61,APF29074,ILMSIITLCLW,81,159.0
164,HLA-A02:06,20601.52,APF29074,LPKYVIVATPS,164,160.0
55,HLA-A02:06,20645.46,APF29074,WPLVLALSIFD,55,161.0
183,HLA-A02:06,20987.33,APF29074,GRSVNETSQTG,183,162.0
210,HLA-A02:06,21248.38,APF29074,SQEGVLSEREK,210,163.0
114,HLA-A02:06,21304.71,APF29074,ETNAIISLQVY,114,164.0
153,HLA-A02:06,21384.62,APF29074,HKIATRVQVGQ,153,165.0
92,HLA-A02:06,21416.93,APF29074,VMYFVNSFRLW,92,166.0
93,HLA-A02:06,21455.96,APF29074,MYFVNSFRLWR,93,167.0
211,HLA-A02:06,21545.33,APF29074,QEGVLSEREKL,211,168.0
213,HLA-A02:06,21645.27,APF29074,GVLSEREKLLH,213,169.0
187,HLA-A02:06,21914.11,APF29074,NETSQTGWAFY,187,170.0
196,HLA-A02:06,21977.23,APF29074,FYVRAKHGDFS,196,171.0
27,HLA-A02:06,22316.81,APF29074,VFIVVLQYGHY,27,172.0
177,HLA-A02:06,23031.98,APF29074,IVCDRVGRSVN,177,173.0
212,HLA-A02:06,23205.95,APF29074,EGVLSEREKLL,212,174.0
12,HLA-A02:06,23470.1,APF29074,VHLRNWNFSWN,12,175.0
33,HLA-A02:06,24047.31,APF29074,QYGHYKYSRLL,33,176.0
35,HLA-A02:06,24079.21,APF29074,GHYKYSRLLYG,35,177.0
112,HLA-A02:06,24116.49,APF29074,NPETNAIISLQ,112,178.0
192,HLA-A02:06,24239.46,APF29074,TGWAFYVRAKH,192,179.0
166,HLA-A02:06,24802.74,APF29074,KYVIVATPSTT,166,180.0
130,HLA-A02:06,24817.26,APF29074,LPVMAAPTGVT,130,181.0
8,HLA-A02:06,24957.72,APF29074,SEVYVHLRNWN,8,182.0
9,HLA-A02:06,25379.09,APF29074,EVYVHLRNWNF,9,183.0
98,HLA-A02:06,25610.8,APF29074,SFRLWRRVKTF,98,184.0
11,HLA-A02:06,25679.18,APF29074,YVHLRNWNFSW,11,185.0
29,HLA-A02:06,26126.35,APF29074,IVVLQYGHYKY,29,186.0
34,HLA-A02:06,26139.32,APF29074,YGHYKYSRLLY,34,187.0
45,HLA-A02:06,26176.76,APF29074,GLKMSVLWCLW,45,188.0
151,HLA-A02:06,26420.76,APF29074,DGHKIATRVQV,151,189.0
173,HLA-A02:06,26891.89,APF29074,PSTTIVCDRVG,173,190.0
155,HLA-A02:06,26894.46,APF29074,IATRVQVGQLP,155,191.0
191,HLA-A02:06,26973.69,APF29074,QTGWAFYVRAK,191,192.0
118,HLA-A02:06,27242.71,APF29074,IISLQVYGHNY,118,193.0
37,HLA-A02:06,27321.53,APF29074,YKYSRLLYGLK,37,194.0
6,HLA-A02:06,27476.96,APF29074,PLSEVYVHLRN,6,195.0
179,HLA-A02:06,27518.41,APF29074,CDRVGRSVNET,179,196.0
165,HLA-A02:06,27734.73,APF29074,PKYVIVATPST,165,197.0
1,HLA-A02:06,30514.29,APF29074,SNSSVPLSEVY,1,198.0
119,HLA-A02:06,30785.04,APF29074,ISLQVYGHNYY,119,199.0
180,HLA-A02:06,31292.8,APF29074,DRVGRSVNETS,180,200.0
181,HLA-A02:06,31709.77,APF29074,RVGRSVNETSQ,181,201.0
96,HLA-A02:06,32185.08,APF29074,VNSFRLWRRVK,96,202.0
194,HLA-A02:06,32329.05,APF29074,WAFYVRAKHGD,194,203.0
150,HLA-A02:06,32333.39,APF29074,VDGHKIATRVQ,150,204.0
144,HLA-A02:06,32557.18,APF29074,LSGVLLVDGHK,144,205.0
99,HLA-A02:06,32858.42,APF29074,FRLWRRVKTFW,99,206.0
195,HLA-A02:06,33475.45,APF29074,AFYVRAKHGDF,195,207.0
203,HLA-A02:06,34092.03,APF29074,GDFSGVASQEG,203,208.0
156,HLA-A02:06,34338.16,APF29074,ATRVQVGQLPK,156,209.0
201,HLA-A02:06,34476.62,APF29074,KHGDFSGVASQ,201,210.0
152,HLA-A02:06,34900.31,APF29074,GHKIATRVQVG,152,211.0
193,HLA-A02:06,35379.59,APF29074,GWAFYVRAKHG,193,212.0
157,HLA-A02:06,35927.27,APF29074,TRVQVGQLPKY,157,213.0
7,HLA-A02:06,36071.77,APF29074,LSEVYVHLRNW,7,214.0
184,HLA-A02:06,36326.15,APF29074,RSVNETSQTGW,184,215.0
182,HLA-A02:06,36644.23,APF29074,VGRSVNETSQT,182,216.0
188,HLA-A68:02,1619.15,APF29074,ETSQTGWAFYV,188,1.0
62,HLA-A68:02,2204.38,APF29074,SIFDCFVNFNV,62,2.0
91,HLA-A68:02,2926.0,APF29074,WVMYFVNSFRL,91,3.0
122,HLA-A68:02,3218.96,APF29074,QVYGHNYYLPV,122,4.0
133,HLA-A68:02,3639.82,APF29074,MAAPTGVTLTL,133,5.0
95,HLA-A68:02,4047.93,APF29074,FVNSFRLWRRV,95,6.0
114,HLA-A68:02,4209.12,APF29074,ETNAIISLQVY,114,7.0
167,HLA-A68:02,4408.52,APF29074,YVIVATPSTTI,167,8.0
19,HLA-A68:02,4442.87,APF29074,FSWNLILTVFI,19,9.0
71,HLA-A68:02,4455.72,APF29074,NVDWVFFGFSI,71,10.0
73,HLA-A68:02,4594.63,APF29074,DWVFFGFSILM,73,11.0
0,HLA-A68:02,4620.84,APF29074,MSNSSVPLSEV,0,12.0
48,HLA-A68:02,4638.49,APF29074,MSVLWCLWPLV,48,13.0
176,HLA-A68:02,4671.72,APF29074,TIVCDRVGRSV,176,14.0
17,HLA-A68:02,4675.65,APF29074,WNFSWNLILTV,17,15.0
2,HLA-A68:02,4705.78,APF29074,NSSVPLSEVYV,2,16.0
9,HLA-A68:02,4772.88,APF29074,EVYVHLRNWNF,9,17.0
4,HLA-A68:02,4819.53,APF29074,SVPLSEVYVHL,4,18.0
149,HLA-A68:02,4849.4,APF29074,LVDGHKIATRV,149,19.0
109,HLA-A68:02,4955.37,APF29074,WAFNPETNAII,109,20.0
86,HLA-A68:02,4960.26,APF29074,ITLCLWVMYFV,86,21.0
137,HLA-A68:02,4971.38,APF29074,TGVTLTLLSGV,137,22.0
67,HLA-A68:02,5020.57,APF29074,FVNFNVDWVFF,67,23.0
111,HLA-A68:02,5059.14,APF29074,FNPETNAIISL,111,24.0
74,HLA-A68:02,5092.04,APF29074,WVFFGFSILMS,74,25.0
65,HLA-A68:02,5096.61,APF29074,DCFVNFNVDWV,65,26.0
168,HLA-A68:02,5100.65,APF29074,VIVATPSTTIV,168,27.0
26,HLA-A68:02,5123.97,APF29074,TVFIVVLQYGH,26,28.0
3,HLA-A68:02,5129.23,APF29074,SSVPLSEVYVH,3,29.0
22,HLA-A68:02,5149.46,APF29074,NLILTVFIVVL,22,30.0
151,HLA-A68:02,5154.55,APF29074,DGHKIATRVQV,151,31.0
172,HLA-A68:02,5158.87,APF29074,TPSTTIVCDRV,172,32.0
70,HLA-A68:02,5228.44,APF29074,FNVDWVFFGFS,70,33.0
79,HLA-A68:02,5232.99,APF29074,FSILMSIITLC,79,34.0
204,HLA-A68:02,5236.73,APF29074,DFSGVASQEGV,204,35.0
21,HLA-A68:02,5257.4,APF29074,WNLILTVFIVV,21,36.0
131,HLA-A68:02,5295.44,APF29074,PVMAAPTGVTL,131,37.0
160,HLA-A68:02,5296.43,APF29074,QVGQLPKYVIV,160,38.0
169,HLA-A68:02,5299.03,APF29074,IVATPSTTIVC,169,39.0
75,HLA-A68:02,5317.4,APF29074,VFFGFSILMSI,75,40.0
58,HLA-A68:02,5351.36,APF29074,VLALSIFDCFV,58,41.0
129,HLA-A68:02,5360.13,APF29074,YLPVMAAPTGV,129,42.0
158,HLA-A68:02,5378.49,APF29074,RVQVGQLPKYV,158,43.0
18,HLA-A68:02,5419.94,APF29074,NFSWNLILTVF,18,44.0
140,HLA-A68:02,5426.37,APF29074,TLTLLSGVLLV,140,45.0
83,HLA-A68:02,5433.59,APF29074,MSIITLCLWVM,83,46.0
53,HLA-A68:02,5436.62,APF29074,CLWPLVLALSI,53,47.0
132,HLA-A68:02,5439.2,APF29074,VMAAPTGVTLT,132,48.0
134,HLA-A68:02,5442.08,APF29074,AAPTGVTLTLL,134,49.0
49,HLA-A68:02,5452.03,APF29074,SVLWCLWPLVL,49,50.0
20,HLA-A68:02,5459.94,APF29074,SWNLILTVFIV,20,51.0
82,HLA-A68:02,5461.87,APF29074,LMSIITLCLWV,82,52.0
97,HLA-A68:02,5475.82,APF29074,NSFRLWRRVKT,97,53.0
189,HLA-A68:02,5494.85,APF29074,TSQTGWAFYVR,189,54.0
80,HLA-A68:02,5512.1,APF29074,SILMSIITLCL,80,55.0
5,HLA-A68:02,5514.6,APF29074,VPLSEVYVHLR,5,56.0
163,HLA-A68:02,5532.35,APF29074,QLPKYVIVATP,163,57.0
24,HLA-A68:02,5533.18,APF29074,ILTVFIVVLQY,24,58.0
1,HLA-A68:02,5540.47,APF29074,SNSSVPLSEVY,1,59.0
76,HLA-A68:02,5553.2,APF29074,FFGFSILMSII,76,60.0
106,HLA-A68:02,5553.33,APF29074,KTFWAFNPETN,106,61.0
69,HLA-A68:02,5556.04,APF29074,NFNVDWVFFGF,69,62.0
16,HLA-A68:02,5556.25,APF29074,NWNFSWNLILT,16,63.0
154,HLA-A68:02,5558.22,APF29074,KIATRVQVGQL,154,64.0
32,HLA-A68:02,5563.07,APF29074,LQYGHYKYSRL,32,65.0
120,HLA-A68:02,5567.23,APF29074,SLQVYGHNYYL,120,66.0
72,HLA-A68:02,5570.67,APF29074,VDWVFFGFSIL,72,67.0
139,HLA-A68:02,5571.31,APF29074,VTLTLLSGVLL,139,68.0
138,HLA-A68:02,5572.28,APF29074,GVTLTLLSGVL,138,69.0
77,HLA-A68:02,5574.59,APF29074,FGFSILMSIIT,77,70.0
66,HLA-A68:02,5578.73,APF29074,CFVNFNVDWVF,66,71.0
36,HLA-A68:02,5578.96,APF29074,HYKYSRLLYGL,36,72.0
185,HLA-A68:02,5580.38,APF29074,SVNETSQTGWA,185,73.0
194,HLA-A68:02,5581.09,APF29074,WAFYVRAKHGD,194,74.0
113,HLA-A68:02,5581.19,APF29074,PETNAIISLQV,113,75.0
171,HLA-A68:02,5582.76,APF29074,ATPSTTIVCDR,171,76.0
108,HLA-A68:02,5593.07,APF29074,FWAFNPETNAI,108,77.0
87,HLA-A68:02,5593.31,APF29074,TLCLWVMYFVN,87,78.0
175,HLA-A68:02,5600.47,APF29074,TTIVCDRVGRS,175,79.0
85,HLA-A68:02,5602.38,APF29074,IITLCLWVMYF,85,80.0
47,HLA-A68:02,5610.18,APF29074,KMSVLWCLWPL,47,81.0
94,HLA-A68:02,5618.62,APF29074,YFVNSFRLWRR,94,82.0
13,HLA-A68:02,5619.23,APF29074,HLRNWNFSWNL,13,83.0
37,HLA-A68:02,5619.67,APF29074,YKYSRLLYGLK,37,84.0
84,HLA-A68:02,5627.08,APF29074,SIITLCLWVMY,84,85.0
81,HLA-A68:02,5631.81,APF29074,ILMSIITLCLW,81,86.0
59,HLA-A68:02,5634.9,APF29074,LALSIFDCFVN,59,87.0
57,HLA-A68:02,5636.24,APF29074,LVLALSIFDCF,57,88.0
174,HLA-A68:02,5642.72,APF29074,STTIVCDRVGR,174,89.0
93,HLA-A68:02,5644.31,APF29074,MYFVNSFRLWR,93,90.0
78,HLA-A68:02,5644.51,APF29074,GFSILMSIITL,78,91.0
52,HLA-A68:02,5644.76,APF29074,WCLWPLVLALS,52,92.0
63,HLA-A68:02,5645.59,APF29074,IFDCFVNFNVD,63,93.0
107,HLA-A68:02,5649.9,APF29074,TFWAFNPETNA,107,94.0
40,HLA-A68:02,5650.57,APF29074,SRLLYGLKMSV,40,95.0
56,HLA-A68:02,5651.08,APF29074,PLVLALSIFDC,56,96.0
198,HLA-A68:02,5651.97,APF29074,VRAKHGDFSGV,198,97.0
89,HLA-A68:02,5653.26,APF29074,CLWVMYFVNSF,89,98.0
90,HLA-A68:02,5655.23,APF29074,LWVMYFVNSFR,90,99.0
155,HLA-A68:02,5657.92,APF29074,IATRVQVGQLP,155,100.0
96,HLA-A68:02,5658.82,APF29074,VNSFRLWRRVK,96,101.0
31,HLA-A68:02,5659.16,APF29074,VLQYGHYKYSR,31,102.0
10,HLA-A68:02,5660.71,APF29074,VYVHLRNWNFS,10,103.0
127,HLA-A68:02,5663.92,APF29074,NYYLPVMAAPT,127,104.0
162,HLA-A68:02,5671.37,APF29074,GQLPKYVIVAT,162,105.0
110,HLA-A68:02,5674.16,APF29074,AFNPETNAIIS,110,106.0
6,HLA-A68:02,5675.19,APF29074,PLSEVYVHLRN,6,107.0
34,HLA-A68:02,5675.48,APF29074,YGHYKYSRLLY,34,108.0
205,HLA-A68:02,5677.33,APF29074,FSGVASQEGVL,205,109.0
55,HLA-A68:02,5678.26,APF29074,WPLVLALSIFD,55,110.0
116,HLA-A68:02,5680.29,APF29074,NAIISLQVYGH,116,111.0
88,HLA-A68:02,5680.45,APF29074,LCLWVMYFVNS,88,112.0
215,HLA-A68:02,5682.59,APF29074,LSEREKLLHLI,215,113.0
177,HLA-A68:02,5685.74,APF29074,IVCDRVGRSVN,177,114.0
145,HLA-A68:02,5686.04,APF29074,SGVLLVDGHKI,145,115.0
208,HLA-A68:02,5687.04,APF29074,VASQEGVLSER,208,116.0
164,HLA-A68:02,5689.11,APF29074,LPKYVIVATPS,164,117.0
33,HLA-A68:02,5691.68,APF29074,QYGHYKYSRLL,33,118.0
135,HLA-A68:02,5692.55,APF29074,APTGVTLTLLS,135,119.0
28,HLA-A68:02,5694.69,APF29074,FIVVLQYGHYK,28,120.0
148,HLA-A68:02,5696.31,APF29074,LLVDGHKIATR,148,121.0
92,HLA-A68:02,5697.57,APF29074,VMYFVNSFRLW,92,122.0
190,HLA-A68:02,5699.47,APF29074,SQTGWAFYVRA,190,123.0
128,HLA-A68:02,5705.17,APF29074,YYLPVMAAPTG,128,124.0
121,HLA-A68:02,5709.57,APF29074,LQVYGHNYYLP,121,125.0
126,HLA-A68:02,5712.29,APF29074,HNYYLPVMAAP,126,126.0
61,HLA-A68:02,5712.53,APF29074,LSIFDCFVNFN,61,127.0
51,HLA-A68:02,5712.7,APF29074,LWCLWPLVLAL,51,128.0
54,HLA-A68:02,5716.07,APF29074,LWPLVLALSIF,54,129.0
50,HLA-A68:02,5716.3,APF29074,VLWCLWPLVLA,50,130.0
11,HLA-A68:02,5716.62,APF29074,YVHLRNWNFSW,11,131.0
130,HLA-A68:02,5716.67,APF29074,LPVMAAPTGVT,130,132.0
161,HLA-A68:02,5717.1,APF29074,VGQLPKYVIVA,161,133.0
159,HLA-A68:02,5720.45,APF29074,VQVGQLPKYVI,159,134.0
15,HLA-A68:02,5720.7,APF29074,RNWNFSWNLIL,15,135.0
60,HLA-A68:02,5721.0,APF29074,ALSIFDCFVNF,60,136.0
165,HLA-A68:02,5722.54,APF29074,PKYVIVATPST,165,137.0
118,HLA-A68:02,5725.43,APF29074,IISLQVYGHNY,118,138.0
123,HLA-A68:02,5726.26,APF29074,VYGHNYYLPVM,123,139.0
212,HLA-A68:02,5728.04,APF29074,EGVLSEREKLL,212,140.0
117,HLA-A68:02,5728.32,APF29074,AIISLQVYGHN,117,141.0
105,HLA-A68:02,5730.59,APF29074,VKTFWAFNPET,105,142.0
104,HLA-A68:02,5731.38,APF29074,RVKTFWAFNPE,104,143.0
211,HLA-A68:02,5733.1,APF29074,QEGVLSEREKL,211,144.0
156,HLA-A68:02,5733.26,APF29074,ATRVQVGQLPK,156,145.0
44,HLA-A68:02,5734.45,APF29074,YGLKMSVLWCL,44,146.0
14,HLA-A68:02,5736.25,APF29074,LRNWNFSWNLI,14,147.0
166,HLA-A68:02,5736.8,APF29074,KYVIVATPSTT,166,148.0
141,HLA-A68:02,5739.05,APF29074,LTLLSGVLLVD,141,149.0
170,HLA-A68:02,5741.7,APF29074,VATPSTTIVCD,170,150.0
23,HLA-A68:02,5741.82,APF29074,LILTVFIVVLQ,23,151.0
30,HLA-A68:02,5747.62,APF29074,VVLQYGHYKYS,30,152.0
103,HLA-A68:02,5748.78,APF29074,RRVKTFWAFNP,103,153.0
46,HLA-A68:02,5749.05,APF29074,LKMSVLWCLWP,46,154.0
210,HLA-A68:02,5751.5,APF29074,SQEGVLSEREK,210,155.0
42,HLA-A68:02,5751.84,APF29074,LLYGLKMSVLW,42,156.0
192,HLA-A68:02,5752.61,APF29074,TGWAFYVRAKH,192,157.0
191,HLA-A68:02,5752.78,APF29074,QTGWAFYVRAK,191,158.0
29,HLA-A68:02,5758.76,APF29074,IVVLQYGHYKY,29,159.0
180,HLA-A68:02,5763.15,APF29074,DRVGRSVNETS,180,160.0
124,HLA-A68:02,5768.98,APF29074,YGHNYYLPVMA,124,161.0
98,HLA-A68:02,5771.71,APF29074,SFRLWRRVKTF,98,162.0
184,HLA-A68:02,5772.32,APF29074,RSVNETSQTGW,184,163.0
206,HLA-A68:02,5772.61,APF29074,SGVASQEGVLS,206,164.0
41,HLA-A68:02,5772.68,APF29074,RLLYGLKMSVL,41,165.0
214,HLA-A68:02,5772.91,APF29074,VLSEREKLLHL,214,166.0
125,HLA-A68:02,5774.34,APF29074,GHNYYLPVMAA,125,167.0
173,HLA-A68:02,5774.68,APF29074,PSTTIVCDRVG,173,168.0
27,HLA-A68:02,5775.15,APF29074,VFIVVLQYGHY,27,169.0
8,HLA-A68:02,5775.44,APF29074,SEVYVHLRNWN,8,170.0
144,HLA-A68:02,5776.0,APF29074,LSGVLLVDGHK,144,171.0
68,HLA-A68:02,5776.59,APF29074,VNFNVDWVFFG,68,172.0
187,HLA-A68:02,5776.64,APF29074,NETSQTGWAFY,187,173.0
101,HLA-A68:02,5777.42,APF29074,LWRRVKTFWAF,101,174.0
136,HLA-A68:02,5778.64,APF29074,PTGVTLTLLSG,136,175.0
43,HLA-A68:02,5779.05,APF29074,LYGLKMSVLWC,43,176.0
207,HLA-A68:02,5780.66,APF29074,GVASQEGVLSE,207,177.0
196,HLA-A68:02,5781.04,APF29074,FYVRAKHGDFS,196,178.0
200,HLA-A68:02,5781.39,APF29074,AKHGDFSGVAS,200,179.0
25,HLA-A68:02,5781.93,APF29074,LTVFIVVLQYG,25,180.0
102,HLA-A68:02,5782.23,APF29074,WRRVKTFWAFN,102,181.0
182,HLA-A68:02,5783.39,APF29074,VGRSVNETSQT,182,182.0
12,HLA-A68:02,5785.74,APF29074,VHLRNWNFSWN,12,183.0
7,HLA-A68:02,5786.58,APF29074,LSEVYVHLRNW,7,184.0
152,HLA-A68:02,5786.8,APF29074,GHKIATRVQVG,152,185.0
195,HLA-A68:02,5787.83,APF29074,AFYVRAKHGDF,195,186.0
186,HLA-A68:02,5788.97,APF29074,VNETSQTGWAF,186,187.0
181,HLA-A68:02,5790.0,APF29074,RVGRSVNETSQ,181,188.0
39,HLA-A68:02,5792.79,APF29074,YSRLLYGLKMS,39,189.0
157,HLA-A68:02,5793.12,APF29074,TRVQVGQLPKY,157,190.0
179,HLA-A68:02,5794.72,APF29074,CDRVGRSVNET,179,191.0
143,HLA-A68:02,5795.73,APF29074,LLSGVLLVDGH,143,192.0
183,HLA-A68:02,5795.83,APF29074,GRSVNETSQTG,183,193.0
35,HLA-A68:02,5797.16,APF29074,GHYKYSRLLYG,35,194.0
178,HLA-A68:02,5801.22,APF29074,VCDRVGRSVNE,178,195.0
100,HLA-A68:02,5801.47,APF29074,RLWRRVKTFWA,100,196.0
209,HLA-A68:02,5802.88,APF29074,ASQEGVLSERE,209,197.0
38,HLA-A68:02,5808.03,APF29074,KYSRLLYGLKM,38,198.0
147,HLA-A68:02,5809.04,APF29074,VLLVDGHKIAT,147,199.0
115,HLA-A68:02,5810.43,APF29074,TNAIISLQVYG,115,200.0
199,HLA-A68:02,5812.08,APF29074,RAKHGDFSGVA,199,201.0
202,HLA-A68:02,5812.98,APF29074,HGDFSGVASQE,202,202.0
45,HLA-A68:02,5815.06,APF29074,GLKMSVLWCLW,45,203.0
119,HLA-A68:02,5816.71,APF29074,ISLQVYGHNYY,119,204.0
112,HLA-A68:02,5821.08,APF29074,NPETNAIISLQ,112,205.0
64,HLA-A68:02,5824.89,APF29074,FDCFVNFNVDW,64,206.0
213,HLA-A68:02,5826.13,APF29074,GVLSEREKLLH,213,207.0
146,HLA-A68:02,5826.96,APF29074,GVLLVDGHKIA,146,208.0
99,HLA-A68:02,5830.08,APF29074,FRLWRRVKTFW,99,209.0
142,HLA-A68:02,5831.73,APF29074,TLLSGVLLVDG,142,210.0
153,HLA-A68:02,5832.39,APF29074,HKIATRVQVGQ,153,211.0
150,HLA-A68:02,5839.24,APF29074,VDGHKIATRVQ,150,212.0
201,HLA-A68:02,5842.55,APF29074,KHGDFSGVASQ,201,213.0
203,HLA-A68:02,5842.98,APF29074,GDFSGVASQEG,203,214.0
193,HLA-A68:02,5872.67,APF29074,GWAFYVRAKHG,193,215.0
197,HLA-A68:02,5876.77,APF29074,YVRAKHGDFSG,197,216.0
92,HLA-A23:01,67.02,APF29074,VMYFVNSFRLW,92,1.0
89,HLA-A23:01,72.06,APF29074,CLWVMYFVNSF,89,2.0
42,HLA-A23:01,75.97,APF29074,LLYGLKMSVLW,42,3.0
101,HLA-A23:01,124.71,APF29074,LWRRVKTFWAF,101,4.0
18,HLA-A23:01,203.91,APF29074,NFSWNLILTVF,18,5.0
9,HLA-A23:01,212.0,APF29074,EVYVHLRNWNF,9,6.0
81,HLA-A23:01,242.98,APF29074,ILMSIITLCLW,81,7.0
69,HLA-A23:01,290.92,APF29074,NFNVDWVFFGF,69,8.0
123,HLA-A23:01,350.96,APF29074,VYGHNYYLPVM,123,9.0
73,HLA-A23:01,403.57,APF29074,DWVFFGFSILM,73,10.0
48,HLA-A23:01,495.4,APF29074,MSVLWCLWPLV,48,11.0
33,HLA-A23:01,576.1,APF29074,QYGHYKYSRLL,33,12.0
66,HLA-A23:01,611.67,APF29074,CFVNFNVDWVF,66,13.0
167,HLA-A23:01,640.13,APF29074,YVIVATPSTTI,167,14.0
128,HLA-A23:01,656.25,APF29074,YYLPVMAAPTG,128,15.0
57,HLA-A23:01,692.09,APF29074,LVLALSIFDCF,57,16.0
54,HLA-A23:01,760.69,APF29074,LWPLVLALSIF,54,17.0
75,HLA-A23:01,800.95,APF29074,VFFGFSILMSI,75,18.0
38,HLA-A23:01,943.38,APF29074,KYSRLLYGLKM,38,19.0
14,HLA-A23:01,1230.3,APF29074,LRNWNFSWNLI,14,20.0
36,HLA-A23:01,1263.76,APF29074,HYKYSRLLYGL,36,21.0
45,HLA-A23:01,1742.23,APF29074,GLKMSVLWCLW,45,22.0
10,HLA-A23:01,1824.86,APF29074,VYVHLRNWNFS,10,23.0
11,HLA-A23:01,1838.47,APF29074,YVHLRNWNFSW,11,24.0
53,HLA-A23:01,2470.34,APF29074,CLWPLVLALSI,53,25.0
76,HLA-A23:01,2640.78,APF29074,FFGFSILMSII,76,26.0
51,HLA-A23:01,2705.01,APF29074,LWCLWPLVLAL,51,27.0
47,HLA-A23:01,2937.71,APF29074,KMSVLWCLWPL,47,28.0
78,HLA-A23:01,3012.98,APF29074,GFSILMSIITL,78,29.0
159,HLA-A23:01,3099.47,APF29074,VQVGQLPKYVI,159,30.0
108,HLA-A23:01,3282.81,APF29074,FWAFNPETNAI,108,31.0
127,HLA-A23:01,3301.47,APF29074,NYYLPVMAAPT,127,32.0
85,HLA-A23:01,3317.33,APF29074,IITLCLWVMYF,85,33.0
44,HLA-A23:01,3783.57,APF29074,YGLKMSVLWCL,44,34.0
60,HLA-A23:01,3854.78,APF29074,ALSIFDCFVNF,60,35.0
133,HLA-A23:01,4145.43,APF29074,MAAPTGVTLTL,133,36.0
98,HLA-A23:01,4372.61,APF29074,SFRLWRRVKTF,98,37.0
196,HLA-A23:01,4483.43,APF29074,FYVRAKHGDFS,196,38.0
91,HLA-A23:01,4625.89,APF29074,WVMYFVNSFRL,91,39.0
13,HLA-A23:01,5430.54,APF29074,HLRNWNFSWNL,13,40.0
49,HLA-A23:01,5625.3,APF29074,SVLWCLWPLVL,49,41.0
20,HLA-A23:01,5771.99,APF29074,SWNLILTVFIV,20,42.0
131,HLA-A23:01,5811.53,APF29074,PVMAAPTGVTL,131,43.0
67,HLA-A23:01,6052.49,APF29074,FVNFNVDWVFF,67,44.0
99,HLA-A23:01,6443.03,APF29074,FRLWRRVKTFW,99,45.0
186,HLA-A23:01,7645.06,APF29074,VNETSQTGWAF,186,46.0
195,HLA-A23:01,8588.97,APF29074,AFYVRAKHGDF,195,47.0
64,HLA-A23:01,8685.83,APF29074,FDCFVNFNVDW,64,48.0
109,HLA-A23:01,8874.85,APF29074,WAFNPETNAII,109,49.0
32,HLA-A23:01,9069.69,APF29074,LQYGHYKYSRL,32,50.0
120,HLA-A23:01,9435.85,APF29074,SLQVYGHNYYL,120,51.0
43,HLA-A23:01,9601.26,APF29074,LYGLKMSVLWC,43,52.0
71,HLA-A23:01,9884.5,APF29074,NVDWVFFGFSI,71,53.0
22,HLA-A23:01,10329.93,APF29074,NLILTVFIVVL,22,54.0
80,HLA-A23:01,10413.53,APF29074,SILMSIITLCL,80,55.0
52,HLA-A23:01,11201.69,APF29074,WCLWPLVLALS,52,56.0
72,HLA-A23:01,11244.49,APF29074,VDWVFFGFSIL,72,57.0
74,HLA-A23:01,11275.14,APF29074,WVFFGFSILMS,74,58.0
82,HLA-A23:01,11320.41,APF29074,LMSIITLCLWV,82,59.0
15,HLA-A23:01,11908.92,APF29074,RNWNFSWNLIL,15,60.0
121,HLA-A23:01,11978.27,APF29074,LQVYGHNYYLP,121,61.0
166,HLA-A23:01,12110.36,APF29074,KYVIVATPSTT,166,62.0
215,HLA-A23:01,12307.28,APF29074,LSEREKLLHLI,215,63.0
139,HLA-A23:01,13330.32,APF29074,VTLTLLSGVLL,139,64.0
17,HLA-A23:01,13666.63,APF29074,WNFSWNLILTV,17,65.0
86,HLA-A23:01,13952.08,APF29074,ITLCLWVMYFV,86,66.0
7,HLA-A23:01,13958.52,APF29074,LSEVYVHLRNW,7,67.0
19,HLA-A23:01,14243.46,APF29074,FSWNLILTVFI,19,68.0
83,HLA-A23:01,14686.55,APF29074,MSIITLCLWVM,83,69.0
168,HLA-A23:01,14720.07,APF29074,VIVATPSTTIV,168,70.0
214,HLA-A23:01,15149.25,APF29074,VLSEREKLLHL,214,71.0
46,HLA-A23:01,15538.61,APF29074,LKMSVLWCLWP,46,72.0
31,HLA-A23:01,15674.4,APF29074,VLQYGHYKYSR,31,73.0
94,HLA-A23:01,17486.55,APF29074,YFVNSFRLWRR,94,74.0
188,HLA-A23:01,18648.54,APF29074,ETSQTGWAFYV,188,75.0
70,HLA-A23:01,19191.16,APF29074,FNVDWVFFGFS,70,76.0
4,HLA-A23:01,19483.44,APF29074,SVPLSEVYVHL,4,77.0
103,HLA-A23:01,19969.26,APF29074,RRVKTFWAFNP,103,78.0
122,HLA-A23:01,20114.48,APF29074,QVYGHNYYLPV,122,79.0
21,HLA-A23:01,20143.14,APF29074,WNLILTVFIVV,21,80.0
90,HLA-A23:01,20152.85,APF29074,LWVMYFVNSFR,90,81.0
58,HLA-A23:01,20181.15,APF29074,VLALSIFDCFV,58,82.0
110,HLA-A23:01,20475.21,APF29074,AFNPETNAIIS,110,83.0
111,HLA-A23:01,20717.64,APF29074,FNPETNAIISL,111,84.0
16,HLA-A23:01,20796.53,APF29074,NWNFSWNLILT,16,85.0
37,HLA-A23:01,21032.26,APF29074,YKYSRLLYGLK,37,86.0
50,HLA-A23:01,21151.84,APF29074,VLWCLWPLVLA,50,87.0
41,HLA-A23:01,21202.11,APF29074,RLLYGLKMSVL,41,88.0
30,HLA-A23:01,21517.87,APF29074,VVLQYGHYKYS,30,89.0
40,HLA-A23:01,21551.75,APF29074,SRLLYGLKMSV,40,90.0
107,HLA-A23:01,21689.77,APF29074,TFWAFNPETNA,107,91.0
106,HLA-A23:01,23229.1,APF29074,KTFWAFNPETN,106,92.0
88,HLA-A23:01,23473.36,APF29074,LCLWVMYFVNS,88,93.0
34,HLA-A23:01,23505.06,APF29074,YGHYKYSRLLY,34,94.0
113,HLA-A23:01,23808.86,APF29074,PETNAIISLQV,113,95.0
140,HLA-A23:01,24103.79,APF29074,TLTLLSGVLLV,140,96.0
184,HLA-A23:01,24410.59,APF29074,RSVNETSQTGW,184,97.0
62,HLA-A23:01,24611.37,APF29074,SIFDCFVNFNV,62,98.0
102,HLA-A23:01,24895.12,APF29074,WRRVKTFWAFN,102,99.0
79,HLA-A23:01,24991.03,APF29074,FSILMSIITLC,79,100.0
160,HLA-A23:01,25108.42,APF29074,QVGQLPKYVIV,160,101.0
126,HLA-A23:01,25365.14,APF29074,HNYYLPVMAAP,126,102.0
189,HLA-A23:01,25670.6,APF29074,TSQTGWAFYVR,189,103.0
27,HLA-A23:01,25718.91,APF29074,VFIVVLQYGHY,27,104.0
56,HLA-A23:01,25811.92,APF29074,PLVLALSIFDC,56,105.0
23,HLA-A23:01,26512.75,APF29074,LILTVFIVVLQ,23,106.0
145,HLA-A23:01,27376.29,APF29074,SGVLLVDGHKI,145,107.0
39,HLA-A23:01,27581.22,APF29074,YSRLLYGLKMS,39,108.0
147,HLA-A23:01,27584.22,APF29074,VLLVDGHKIAT,147,109.0
96,HLA-A23:01,27657.11,APF29074,VNSFRLWRRVK,96,110.0
134,HLA-A23:01,28490.17,APF29074,AAPTGVTLTLL,134,111.0
65,HLA-A23:01,29285.76,APF29074,DCFVNFNVDWV,65,112.0
129,HLA-A23:01,29734.81,APF29074,YLPVMAAPTGV,129,113.0
93,HLA-A23:01,29783.17,APF29074,MYFVNSFRLWR,93,114.0
163,HLA-A23:01,30299.85,APF29074,QLPKYVIVATP,163,115.0
24,HLA-A23:01,30698.03,APF29074,ILTVFIVVLQY,24,116.0
141,HLA-A23:01,31085.58,APF29074,LTLLSGVLLVD,141,117.0
151,HLA-A23:01,31193.58,APF29074,DGHKIATRVQV,151,118.0
169,HLA-A23:01,31437.15,APF29074,IVATPSTTIVC,169,119.0
87,HLA-A23:01,31788.65,APF29074,TLCLWVMYFVN,87,120.0
63,HLA-A23:01,32164.7,APF29074,IFDCFVNFNVD,63,121.0
35,HLA-A23:01,32326.22,APF29074,GHYKYSRLLYG,35,122.0
77,HLA-A23:01,32552.24,APF29074,FGFSILMSIIT,77,123.0
12,HLA-A23:01,32909.28,APF29074,VHLRNWNFSWN,12,124.0
2,HLA-A23:01,32983.26,APF29074,NSSVPLSEVYV,2,125.0
198,HLA-A23:01,33005.06,APF29074,VRAKHGDFSGV,198,126.0
0,HLA-A23:01,33016.36,APF29074,MSNSSVPLSEV,0,127.0
161,HLA-A23:01,33090.08,APF29074,VGQLPKYVIVA,161,128.0
132,HLA-A23:01,33597.77,APF29074,VMAAPTGVTLT,132,129.0
61,HLA-A23:01,33642.83,APF29074,LSIFDCFVNFN,61,130.0
55,HLA-A23:01,33664.24,APF29074,WPLVLALSIFD,55,131.0
200,HLA-A23:01,33829.15,APF29074,AKHGDFSGVAS,200,132.0
84,HLA-A23:01,33932.01,APF29074,SIITLCLWVMY,84,133.0
162,HLA-A23:01,33986.56,APF29074,GQLPKYVIVAT,162,134.0
138,HLA-A23:01,34051.3,APF29074,GVTLTLLSGVL,138,135.0
158,HLA-A23:01,34249.72,APF29074,RVQVGQLPKYV,158,136.0
193,HLA-A23:01,34345.47,APF29074,GWAFYVRAKHG,193,137.0
29,HLA-A23:01,34784.24,APF29074,IVVLQYGHYKY,29,138.0
68,HLA-A23:01,34787.1,APF29074,VNFNVDWVFFG,68,139.0
206,HLA-A23:01,34839.08,APF29074,SGVASQEGVLS,206,140.0
165,HLA-A23:01,34971.48,APF29074,PKYVIVATPST,165,141.0
105,HLA-A23:01,35024.97,APF29074,VKTFWAFNPET,105,142.0
124,HLA-A23:01,35194.43,APF29074,YGHNYYLPVMA,124,143.0
155,HLA-A23:01,35285.22,APF29074,IATRVQVGQLP,155,144.0
164,HLA-A23:01,35529.54,APF29074,LPKYVIVATPS,164,145.0
8,HLA-A23:01,35600.93,APF29074,SEVYVHLRNWN,8,146.0
142,HLA-A23:01,35703.11,APF29074,TLLSGVLLVDG,142,147.0
100,HLA-A23:01,35731.89,APF29074,RLWRRVKTFWA,100,148.0
180,HLA-A23:01,35922.94,APF29074,DRVGRSVNETS,180,149.0
118,HLA-A23:01,35972.09,APF29074,IISLQVYGHNY,118,150.0
125,HLA-A23:01,36005.73,APF29074,GHNYYLPVMAA,125,151.0
95,HLA-A23:01,36166.05,APF29074,FVNSFRLWRRV,95,152.0
5,HLA-A23:01,36200.26,APF29074,VPLSEVYVHLR,5,153.0
211,HLA-A23:01,36202.88,APF29074,QEGVLSEREKL,211,154.0
212,HLA-A23:01,36211.96,APF29074,EGVLSEREKLL,212,155.0
135,HLA-A23:01,36228.79,APF29074,APTGVTLTLLS,135,156.0
176,HLA-A23:01,36368.12,APF29074,TIVCDRVGRSV,176,157.0
194,HLA-A23:01,36437.57,APF29074,WAFYVRAKHGD,194,158.0
154,HLA-A23:01,36474.3,APF29074,KIATRVQVGQL,154,159.0
177,HLA-A23:01,36520.85,APF29074,IVCDRVGRSVN,177,160.0
190,HLA-A23:01,36621.38,APF29074,SQTGWAFYVRA,190,161.0
137,HLA-A23:01,36655.81,APF29074,TGVTLTLLSGV,137,162.0
205,HLA-A23:01,36950.05,APF29074,FSGVASQEGVL,205,163.0
114,HLA-A23:01,37085.55,APF29074,ETNAIISLQVY,114,164.0
26,HLA-A23:01,37231.09,APF29074,TVFIVVLQYGH,26,165.0
112,HLA-A23:01,37242.04,APF29074,NPETNAIISLQ,112,166.0
150,HLA-A23:01,37429.26,APF29074,VDGHKIATRVQ,150,167.0
197,HLA-A23:01,37538.18,APF29074,YVRAKHGDFSG,197,168.0
187,HLA-A23:01,37604.58,APF29074,NETSQTGWAFY,187,169.0
104,HLA-A23:01,37607.49,APF29074,RVKTFWAFNPE,104,170.0
146,HLA-A23:01,37626.58,APF29074,GVLLVDGHKIA,146,171.0
170,HLA-A23:01,38164.36,APF29074,VATPSTTIVCD,170,172.0
59,HLA-A23:01,38200.13,APF29074,LALSIFDCFVN,59,173.0
130,HLA-A23:01,38272.38,APF29074,LPVMAAPTGVT,130,174.0
210,HLA-A23:01,38325.37,APF29074,SQEGVLSEREK,210,175.0
144,HLA-A23:01,38469.33,APF29074,LSGVLLVDGHK,144,176.0
3,HLA-A23:01,38747.83,APF29074,SSVPLSEVYVH,3,177.0
6,HLA-A23:01,38858.56,APF29074,PLSEVYVHLRN,6,178.0
213,HLA-A23:01,38899.31,APF29074,GVLSEREKLLH,213,179.0
207,HLA-A23:01,38929.83,APF29074,GVASQEGVLSE,207,180.0
97,HLA-A23:01,39274.88,APF29074,NSFRLWRRVKT,97,181.0
149,HLA-A23:01,39449.94,APF29074,LVDGHKIATRV,149,182.0
204,HLA-A23:01,39495.6,APF29074,DFSGVASQEGV,204,183.0
119,HLA-A23:01,39505.04,APF29074,ISLQVYGHNYY,119,184.0
148,HLA-A23:01,39555.98,APF29074,LLVDGHKIATR,148,185.0
136,HLA-A23:01,39848.1,APF29074,PTGVTLTLLSG,136,186.0
152,HLA-A23:01,39894.04,APF29074,GHKIATRVQVG,152,187.0
157,HLA-A23:01,40101.62,APF29074,TRVQVGQLPKY,157,188.0
199,HLA-A23:01,40193.98,APF29074,RAKHGDFSGVA,199,189.0
153,HLA-A23:01,40285.02,APF29074,HKIATRVQVGQ,153,190.0
201,HLA-A23:01,40385.94,APF29074,KHGDFSGVASQ,201,191.0
202,HLA-A23:01,40614.54,APF29074,HGDFSGVASQE,202,192.0
181,HLA-A23:01,40705.39,APF29074,RVGRSVNETSQ,181,193.0
28,HLA-A23:01,40847.8,APF29074,FIVVLQYGHYK,28,194.0
183,HLA-A23:01,40964.9,APF29074,GRSVNETSQTG,183,195.0
172,HLA-A23:01,41015.98,APF29074,TPSTTIVCDRV,172,196.0
192,HLA-A23:01,41069.42,APF29074,TGWAFYVRAKH,192,197.0
178,HLA-A23:01,41119.82,APF29074,VCDRVGRSVNE,178,198.0
191,HLA-A23:01,41163.19,APF29074,QTGWAFYVRAK,191,199.0
209,HLA-A23:01,41214.12,APF29074,ASQEGVLSERE,209,200.0
1,HLA-A23:01,41237.1,APF29074,SNSSVPLSEVY,1,201.0
25,HLA-A23:01,41281.23,APF29074,LTVFIVVLQYG,25,202.0
117,HLA-A23:01,41281.84,APF29074,AIISLQVYGHN,117,203.0
143,HLA-A23:01,41356.2,APF29074,LLSGVLLVDGH,143,204.0
173,HLA-A23:01,41530.92,APF29074,PSTTIVCDRVG,173,205.0
208,HLA-A23:01,42031.3,APF29074,VASQEGVLSER,208,206.0
175,HLA-A23:01,42096.13,APF29074,TTIVCDRVGRS,175,207.0
171,HLA-A23:01,42230.72,APF29074,ATPSTTIVCDR,171,208.0
185,HLA-A23:01,42431.87,APF29074,SVNETSQTGWA,185,209.0
182,HLA-A23:01,42488.25,APF29074,VGRSVNETSQT,182,210.0
156,HLA-A23:01,42645.01,APF29074,ATRVQVGQLPK,156,211.0
115,HLA-A23:01,42857.41,APF29074,TNAIISLQVYG,115,212.0
179,HLA-A23:01,43629.82,APF29074,CDRVGRSVNET,179,213.0
174,HLA-A23:01,43699.87,APF29074,STTIVCDRVGR,174,214.0
116,HLA-A23:01,44005.46,APF29074,NAIISLQVYGH,116,215.0
203,HLA-A23:01,44075.35,APF29074,GDFSGVASQEG,203,216.0
54,HLA-A24:02,4936.96,APF29074,LWPLVLALSIF,54,1.0
69,HLA-A24:02,5027.28,APF29074,NFNVDWVFFGF,69,2.0
18,HLA-A24:02,5039.05,APF29074,NFSWNLILTVF,18,3.0
101,HLA-A24:02,5044.37,APF29074,LWRRVKTFWAF,101,4.0
123,HLA-A24:02,5149.68,APF29074,VYGHNYYLPVM,123,5.0
98,HLA-A24:02,5156.05,APF29074,SFRLWRRVKTF,98,6.0
9,HLA-A24:02,5195.47,APF29074,EVYVHLRNWNF,9,7.0
89,HLA-A24:02,5208.92,APF29074,CLWVMYFVNSF,89,8.0
66,HLA-A24:02,5218.68,APF29074,CFVNFNVDWVF,66,9.0
36,HLA-A24:02,5234.82,APF29074,HYKYSRLLYGL,36,10.0
195,HLA-A24:02,5236.97,APF29074,AFYVRAKHGDF,195,11.0
93,HLA-A24:02,5242.34,APF29074,MYFVNSFRLWR,93,12.0
186,HLA-A24:02,5247.83,APF29074,VNETSQTGWAF,186,13.0
85,HLA-A24:02,5249.23,APF29074,IITLCLWVMYF,85,14.0
92,HLA-A24:02,5250.48,APF29074,VMYFVNSFRLW,92,15.0
33,HLA-A24:02,5251.03,APF29074,QYGHYKYSRLL,33,16.0
38,HLA-A24:02,5254.12,APF29074,KYSRLLYGLKM,38,17.0
67,HLA-A24:02,5276.81,APF29074,FVNFNVDWVFF,67,18.0
57,HLA-A24:02,5281.91,APF29074,LVLALSIFDCF,57,19.0
60,HLA-A24:02,5284.56,APF29074,ALSIFDCFVNF,60,20.0
20,HLA-A24:02,5296.79,APF29074,SWNLILTVFIV,20,21.0
24,HLA-A24:02,5302.91,APF29074,ILTVFIVVLQY,24,22.0
214,HLA-A24:02,5302.96,APF29074,VLSEREKLLHL,214,23.0
16,HLA-A24:02,5309.64,APF29074,NWNFSWNLILT,16,24.0
78,HLA-A24:02,5312.85,APF29074,GFSILMSIITL,78,25.0
132,HLA-A24:02,5317.54,APF29074,VMAAPTGVTLT,132,26.0
19,HLA-A24:02,5317.65,APF29074,FSWNLILTVFI,19,27.0
120,HLA-A24:02,5318.33,APF29074,SLQVYGHNYYL,120,28.0
81,HLA-A24:02,5318.7,APF29074,ILMSIITLCLW,81,29.0
4,HLA-A24:02,5321.22,APF29074,SVPLSEVYVHL,4,30.0
11,HLA-A24:02,5321.99,APF29074,YVHLRNWNFSW,11,31.0
42,HLA-A24:02,5323.06,APF29074,LLYGLKMSVLW,42,32.0
91,HLA-A24:02,5323.27,APF29074,WVMYFVNSFRL,91,33.0
108,HLA-A24:02,5324.44,APF29074,FWAFNPETNAI,108,34.0
134,HLA-A24:02,5324.92,APF29074,AAPTGVTLTLL,134,35.0
15,HLA-A24:02,5325.57,APF29074,RNWNFSWNLIL,15,36.0
131,HLA-A24:02,5326.03,APF29074,PVMAAPTGVTL,131,37.0
72,HLA-A24:02,5327.09,APF29074,VDWVFFGFSIL,72,38.0
22,HLA-A24:02,5327.3,APF29074,NLILTVFIVVL,22,39.0
166,HLA-A24:02,5327.47,APF29074,KYVIVATPSTT,166,40.0
188,HLA-A24:02,5331.87,APF29074,ETSQTGWAFYV,188,41.0
27,HLA-A24:02,5334.71,APF29074,VFIVVLQYGHY,27,42.0
13,HLA-A24:02,5335.67,APF29074,HLRNWNFSWNL,13,43.0
196,HLA-A24:02,5337.03,APF29074,FYVRAKHGDFS,196,44.0
133,HLA-A24:02,5338.61,APF29074,MAAPTGVTLTL,133,45.0
90,HLA-A24:02,5341.83,APF29074,LWVMYFVNSFR,90,46.0
32,HLA-A24:02,5343.04,APF29074,LQYGHYKYSRL,32,47.0
99,HLA-A24:02,5344.16,APF29074,FRLWRRVKTFW,99,48.0
100,HLA-A24:02,5348.46,APF29074,RLWRRVKTFWA,100,49.0
184,HLA-A24:02,5349.44,APF29074,RSVNETSQTGW,184,50.0
139,HLA-A24:02,5350.4,APF29074,VTLTLLSGVLL,139,51.0
154,HLA-A24:02,5352.13,APF29074,KIATRVQVGQL,154,52.0
94,HLA-A24:02,5353.55,APF29074,YFVNSFRLWRR,94,53.0
160,HLA-A24:02,5356.86,APF29074,QVGQLPKYVIV,160,54.0
55,HLA-A24:02,5357.11,APF29074,WPLVLALSIFD,55,55.0
68,HLA-A24:02,5358.51,APF29074,VNFNVDWVFFG,68,56.0
129,HLA-A24:02,5358.51,APF29074,YLPVMAAPTGV,129,56.0
51,HLA-A24:02,5358.64,APF29074,LWCLWPLVLAL,51,58.0
111,HLA-A24:02,5360.61,APF29074,FNPETNAIISL,111,59.0
17,HLA-A24:02,5360.83,APF29074,WNFSWNLILTV,17,60.0
34,HLA-A24:02,5361.31,APF29074,YGHYKYSRLLY,34,61.0
102,HLA-A24:02,5361.79,APF29074,WRRVKTFWAFN,102,62.0
7,HLA-A24:02,5361.84,APF29074,LSEVYVHLRNW,7,63.0
64,HLA-A24:02,5361.87,APF29074,FDCFVNFNVDW,64,64.0
168,HLA-A24:02,5362.18,APF29074,VIVATPSTTIV,168,65.0
58,HLA-A24:02,5363.17,APF29074,VLALSIFDCFV,58,66.0
167,HLA-A24:02,5363.21,APF29074,YVIVATPSTTI,167,67.0
29,HLA-A24:02,5364.02,APF29074,IVVLQYGHYKY,29,68.0
211,HLA-A24:02,5364.1,APF29074,QEGVLSEREKL,211,69.0
187,HLA-A24:02,5364.97,APF29074,NETSQTGWAFY,187,70.0
47,HLA-A24:02,5365.11,APF29074,KMSVLWCLWPL,47,71.0
86,HLA-A24:02,5365.64,APF29074,ITLCLWVMYFV,86,72.0
118,HLA-A24:02,5365.87,APF29074,IISLQVYGHNY,118,73.0
155,HLA-A24:02,5366.69,APF29074,IATRVQVGQLP,155,74.0
70,HLA-A24:02,5366.77,APF29074,FNVDWVFFGFS,70,75.0
76,HLA-A24:02,5367.14,APF29074,FFGFSILMSII,76,76.0
114,HLA-A24:02,5368.03,APF29074,ETNAIISLQVY,114,77.0
103,HLA-A24:02,5368.69,APF29074,RRVKTFWAFNP,103,78.0
159,HLA-A24:02,5369.0,APF29074,VQVGQLPKYVI,159,79.0
77,HLA-A24:02,5369.05,APF29074,FGFSILMSIIT,77,80.0
122,HLA-A24:02,5369.9,APF29074,QVYGHNYYLPV,122,81.0
182,HLA-A24:02,5371.12,APF29074,VGRSVNETSQT,182,82.0
41,HLA-A24:02,5371.14,APF29074,RLLYGLKMSVL,41,83.0
116,HLA-A24:02,5371.27,APF29074,NAIISLQVYGH,116,84.0
165,HLA-A24:02,5371.43,APF29074,PKYVIVATPST,165,85.0
97,HLA-A24:02,5371.68,APF29074,NSFRLWRRVKT,97,86.0
49,HLA-A24:02,5371.7,APF29074,SVLWCLWPLVL,49,87.0
212,HLA-A24:02,5371.8,APF29074,EGVLSEREKLL,212,88.0
45,HLA-A24:02,5372.2,APF29074,GLKMSVLWCLW,45,89.0
157,HLA-A24:02,5372.37,APF29074,TRVQVGQLPKY,157,90.0
138,HLA-A24:02,5372.56,APF29074,GVTLTLLSGVL,138,91.0
204,HLA-A24:02,5373.1,APF29074,DFSGVASQEGV,204,92.0
14,HLA-A24:02,5373.2,APF29074,LRNWNFSWNLI,14,93.0
62,HLA-A24:02,5373.58,APF29074,SIFDCFVNFNV,62,94.0
71,HLA-A24:02,5373.66,APF29074,NVDWVFFGFSI,71,95.0
147,HLA-A24:02,5374.61,APF29074,VLLVDGHKIAT,147,96.0
26,HLA-A24:02,5375.73,APF29074,TVFIVVLQYGH,26,97.0
12,HLA-A24:02,5376.52,APF29074,VHLRNWNFSWN,12,98.0
1,HLA-A24:02,5376.9,APF29074,SNSSVPLSEVY,1,99.0
162,HLA-A24:02,5377.57,APF29074,GQLPKYVIVAT,162,100.0
143,HLA-A24:02,5377.75,APF29074,LLSGVLLVDGH,143,101.0
121,HLA-A24:02,5378.01,APF29074,LQVYGHNYYLP,121,102.0
151,HLA-A24:02,5379.93,APF29074,DGHKIATRVQV,151,103.0
119,HLA-A24:02,5380.07,APF29074,ISLQVYGHNYY,119,104.0
21,HLA-A24:02,5380.12,APF29074,WNLILTVFIVV,21,105.0
84,HLA-A24:02,5380.83,APF29074,SIITLCLWVMY,84,106.0
198,HLA-A24:02,5380.98,APF29074,VRAKHGDFSGV,198,107.0
61,HLA-A24:02,5381.03,APF29074,LSIFDCFVNFN,61,108.0
2,HLA-A24:02,5381.81,APF29074,NSSVPLSEVYV,2,109.0
109,HLA-A24:02,5382.06,APF29074,WAFNPETNAII,109,110.0
158,HLA-A24:02,5382.76,APF29074,RVQVGQLPKYV,158,111.0
205,HLA-A24:02,5382.94,APF29074,FSGVASQEGVL,205,112.0
190,HLA-A24:02,5383.57,APF29074,SQTGWAFYVRA,190,113.0
163,HLA-A24:02,5384.17,APF29074,QLPKYVIVATP,163,114.0
113,HLA-A24:02,5385.19,APF29074,PETNAIISLQV,113,115.0
213,HLA-A24:02,5385.24,APF29074,GVLSEREKLLH,213,116.0
192,HLA-A24:02,5385.37,APF29074,TGWAFYVRAKH,192,117.0
46,HLA-A24:02,5385.63,APF29074,LKMSVLWCLWP,46,118.0
126,HLA-A24:02,5385.68,APF29074,HNYYLPVMAAP,126,119.0
189,HLA-A24:02,5385.89,APF29074,TSQTGWAFYVR,189,120.0
8,HLA-A24:02,5386.21,APF29074,SEVYVHLRNWN,8,121.0
130,HLA-A24:02,5386.29,APF29074,LPVMAAPTGVT,130,122.0
105,HLA-A24:02,5386.95,APF29074,VKTFWAFNPET,105,123.0
3,HLA-A24:02,5389.23,APF29074,SSVPLSEVYVH,3,124.0
37,HLA-A24:02,5390.16,APF29074,YKYSRLLYGLK,37,125.0
179,HLA-A24:02,5390.21,APF29074,CDRVGRSVNET,179,126.0
140,HLA-A24:02,5390.74,APF29074,TLTLLSGVLLV,140,127.0
59,HLA-A24:02,5390.84,APF29074,LALSIFDCFVN,59,128.0
202,HLA-A24:02,5391.34,APF29074,HGDFSGVASQE,202,129.0
153,HLA-A24:02,5391.51,APF29074,HKIATRVQVGQ,153,130.0
23,HLA-A24:02,5391.98,APF29074,LILTVFIVVLQ,23,131.0
73,HLA-A24:02,5392.69,APF29074,DWVFFGFSILM,73,132.0
87,HLA-A24:02,5392.7,APF29074,TLCLWVMYFVN,87,133.0
106,HLA-A24:02,5394.0,APF29074,KTFWAFNPETN,106,134.0
63,HLA-A24:02,5394.41,APF29074,IFDCFVNFNVD,63,135.0
95,HLA-A24:02,5395.97,APF29074,FVNSFRLWRRV,95,136.0
117,HLA-A24:02,5396.16,APF29074,AIISLQVYGHN,117,137.0
146,HLA-A24:02,5396.75,APF29074,GVLLVDGHKIA,146,138.0
44,HLA-A24:02,5396.83,APF29074,YGLKMSVLWCL,44,139.0
80,HLA-A24:02,5397.47,APF29074,SILMSIITLCL,80,140.0
215,HLA-A24:02,5398.11,APF29074,LSEREKLLHLI,215,141.0
176,HLA-A24:02,5398.2,APF29074,TIVCDRVGRSV,176,142.0
35,HLA-A24:02,5398.46,APF29074,GHYKYSRLLYG,35,143.0
40,HLA-A24:02,5398.59,APF29074,SRLLYGLKMSV,40,144.0
107,HLA-A24:02,5398.85,APF29074,TFWAFNPETNA,107,145.0
194,HLA-A24:02,5399.44,APF29074,WAFYVRAKHGD,194,146.0
150,HLA-A24:02,5400.46,APF29074,VDGHKIATRVQ,150,147.0
104,HLA-A24:02,5400.79,APF29074,RVKTFWAFNPE,104,148.0
209,HLA-A24:02,5401.54,APF29074,ASQEGVLSERE,209,149.0
161,HLA-A24:02,5401.73,APF29074,VGQLPKYVIVA,161,150.0
124,HLA-A24:02,5402.04,APF29074,YGHNYYLPVMA,124,151.0
178,HLA-A24:02,5402.04,APF29074,VCDRVGRSVNE,178,151.0
53,HLA-A24:02,5402.52,APF29074,CLWPLVLALSI,53,153.0
149,HLA-A24:02,5403.41,APF29074,LVDGHKIATRV,149,154.0
164,HLA-A24:02,5403.43,APF29074,LPKYVIVATPS,164,155.0
65,HLA-A24:02,5403.56,APF29074,DCFVNFNVDWV,65,156.0
137,HLA-A24:02,5404.26,APF29074,TGVTLTLLSGV,137,157.0
30,HLA-A24:02,5405.05,APF29074,VVLQYGHYKYS,30,158.0
74,HLA-A24:02,5405.16,APF29074,WVFFGFSILMS,74,159.0
135,HLA-A24:02,5406.28,APF29074,APTGVTLTLLS,135,160.0
48,HLA-A24:02,5406.47,APF29074,MSVLWCLWPLV,48,161.0
6,HLA-A24:02,5407.13,APF29074,PLSEVYVHLRN,6,162.0
0,HLA-A24:02,5407.79,APF29074,MSNSSVPLSEV,0,163.0
115,HLA-A24:02,5408.14,APF29074,TNAIISLQVYG,115,164.0
181,HLA-A24:02,5408.27,APF29074,RVGRSVNETSQ,181,165.0
199,HLA-A24:02,5408.31,APF29074,RAKHGDFSGVA,199,166.0
185,HLA-A24:02,5408.35,APF29074,SVNETSQTGWA,185,167.0
5,HLA-A24:02,5408.81,APF29074,VPLSEVYVHLR,5,168.0
96,HLA-A24:02,5408.82,APF29074,VNSFRLWRRVK,96,169.0
201,HLA-A24:02,5409.61,APF29074,KHGDFSGVASQ,201,170.0
125,HLA-A24:02,5410.01,APF29074,GHNYYLPVMAA,125,171.0
177,HLA-A24:02,5410.45,APF29074,IVCDRVGRSVN,177,172.0
25,HLA-A24:02,5411.2,APF29074,LTVFIVVLQYG,25,173.0
112,HLA-A24:02,5411.85,APF29074,NPETNAIISLQ,112,174.0
31,HLA-A24:02,5411.95,APF29074,VLQYGHYKYSR,31,175.0
82,HLA-A24:02,5411.97,APF29074,LMSIITLCLWV,82,176.0
88,HLA-A24:02,5412.23,APF29074,LCLWVMYFVNS,88,177.0
207,HLA-A24:02,5412.3,APF29074,GVASQEGVLSE,207,178.0
172,HLA-A24:02,5412.37,APF29074,TPSTTIVCDRV,172,179.0
75,HLA-A24:02,5412.38,APF29074,VFFGFSILMSI,75,180.0
50,HLA-A24:02,5413.2,APF29074,VLWCLWPLVLA,50,181.0
145,HLA-A24:02,5414.5,APF29074,SGVLLVDGHKI,145,182.0
197,HLA-A24:02,5415.52,APF29074,YVRAKHGDFSG,197,183.0
52,HLA-A24:02,5415.69,APF29074,WCLWPLVLALS,52,184.0
206,HLA-A24:02,5415.98,APF29074,SGVASQEGVLS,206,185.0
180,HLA-A24:02,5416.39,APF29074,DRVGRSVNETS,180,186.0
141,HLA-A24:02,5416.8,APF29074,LTLLSGVLLVD,141,187.0
200,HLA-A24:02,5416.88,APF29074,AKHGDFSGVAS,200,188.0
174,HLA-A24:02,5418.98,APF29074,STTIVCDRVGR,174,189.0
148,HLA-A24:02,5419.4,APF29074,LLVDGHKIATR,148,190.0
208,HLA-A24:02,5420.42,APF29074,VASQEGVLSER,208,191.0
83,HLA-A24:02,5421.47,APF29074,MSIITLCLWVM,83,192.0
152,HLA-A24:02,5421.84,APF29074,GHKIATRVQVG,152,193.0
203,HLA-A24:02,5423.84,APF29074,GDFSGVASQEG,203,194.0
39,HLA-A24:02,5424.07,APF29074,YSRLLYGLKMS,39,195.0
127,HLA-A24:02,5425.01,APF29074,NYYLPVMAAPT,127,196.0
191,HLA-A24:02,5425.65,APF29074,QTGWAFYVRAK,191,197.0
170,HLA-A24:02,5425.78,APF29074,VATPSTTIVCD,170,198.0
183,HLA-A24:02,5426.08,APF29074,GRSVNETSQTG,183,199.0
173,HLA-A24:02,5426.69,APF29074,PSTTIVCDRVG,173,200.0
142,HLA-A24:02,5428.5,APF29074,TLLSGVLLVDG,142,201.0
175,HLA-A24:02,5428.67,APF29074,TTIVCDRVGRS,175,202.0
136,HLA-A24:02,5429.74,APF29074,PTGVTLTLLSG,136,203.0
193,HLA-A24:02,5430.19,APF29074,GWAFYVRAKHG,193,204.0
110,HLA-A24:02,5430.77,APF29074,AFNPETNAIIS,110,205.0
144,HLA-A24:02,5431.28,APF29074,LSGVLLVDGHK,144,206.0
156,HLA-A24:02,5431.85,APF29074,ATRVQVGQLPK,156,207.0
79,HLA-A24:02,5433.56,APF29074,FSILMSIITLC,79,208.0
171,HLA-A24:02,5434.75,APF29074,ATPSTTIVCDR,171,209.0
169,HLA-A24:02,5437.8,APF29074,IVATPSTTIVC,169,210.0
28,HLA-A24:02,5438.06,APF29074,FIVVLQYGHYK,28,211.0
43,HLA-A24:02,5439.39,APF29074,LYGLKMSVLWC,43,212.0
56,HLA-A24:02,5442.86,APF29074,PLVLALSIFDC,56,213.0
210,HLA-A24:02,5446.92,APF29074,SQEGVLSEREK,210,214.0
10,HLA-A24:02,5900.32,APF29074,VYVHLRNWNFS,10,215.0
128,HLA-A24:02,6106.87,APF29074,YYLPVMAAPTG,128,216.0
156,HLA-A03:01,767.04,APF29074,ATRVQVGQLPK,156,1.0
213,HLA-A03:01,2920.17,APF29074,GVLSEREKLLH,213,2.0
13,HLA-A03:01,5197.05,APF29074,HLRNWNFSWNL,13,3.0
214,HLA-A03:01,5302.21,APF29074,VLSEREKLLHL,214,4.0
24,HLA-A03:01,5390.12,APF29074,ILTVFIVVLQY,24,5.0
49,HLA-A03:01,5404.48,APF29074,SVLWCLWPLVL,49,6.0
62,HLA-A03:01,5474.9,APF29074,SIFDCFVNFNV,62,7.0
142,HLA-A03:01,5491.02,APF29074,TLLSGVLLVDG,142,8.0
22,HLA-A03:01,5496.91,APF29074,NLILTVFIVVL,22,9.0
50,HLA-A03:01,5501.11,APF29074,VLWCLWPLVLA,50,10.0
120,HLA-A03:01,5501.81,APF29074,SLQVYGHNYYL,120,11.0
139,HLA-A03:01,5502.63,APF29074,VTLTLLSGVLL,139,12.0
80,HLA-A03:01,5507.87,APF29074,SILMSIITLCL,80,13.0
122,HLA-A03:01,5513.0,APF29074,QVYGHNYYLPV,122,14.0
140,HLA-A03:01,5514.99,APF29074,TLTLLSGVLLV,140,15.0
133,HLA-A03:01,5517.27,APF29074,MAAPTGVTLTL,133,16.0
132,HLA-A03:01,5528.81,APF29074,VMAAPTGVTLT,132,17.0
41,HLA-A03:01,5533.77,APF29074,RLLYGLKMSVL,41,18.0
4,HLA-A03:01,5551.65,APF29074,SVPLSEVYVHL,4,19.0
138,HLA-A03:01,5551.94,APF29074,GVTLTLLSGVL,138,20.0
36,HLA-A03:01,5558.39,APF29074,HYKYSRLLYGL,36,21.0
134,HLA-A03:01,5559.79,APF29074,AAPTGVTLTLL,134,22.0
51,HLA-A03:01,5562.85,APF29074,LWCLWPLVLAL,51,23.0
78,HLA-A03:01,5564.22,APF29074,GFSILMSIITL,78,24.0
15,HLA-A03:01,5564.52,APF29074,RNWNFSWNLIL,15,25.0
154,HLA-A03:01,5564.65,APF29074,KIATRVQVGQL,154,26.0
162,HLA-A03:01,5573.25,APF29074,GQLPKYVIVAT,162,27.0
131,HLA-A03:01,5576.77,APF29074,PVMAAPTGVTL,131,28.0
91,HLA-A03:01,5578.25,APF29074,WVMYFVNSFRL,91,29.0
72,HLA-A03:01,5580.37,APF29074,VDWVFFGFSIL,72,30.0
44,HLA-A03:01,5581.03,APF29074,YGLKMSVLWCL,44,31.0
163,HLA-A03:01,5583.64,APF29074,QLPKYVIVATP,163,32.0
168,HLA-A03:01,5587.45,APF29074,VIVATPSTTIV,168,33.0
111,HLA-A03:01,5589.58,APF29074,FNPETNAIISL,111,34.0
83,HLA-A03:01,5591.7,APF29074,MSIITLCLWVM,83,35.0
106,HLA-A03:01,5593.95,APF29074,KTFWAFNPETN,106,36.0
33,HLA-A03:01,5595.12,APF29074,QYGHYKYSRLL,33,37.0
63,HLA-A03:01,5597.13,APF29074,IFDCFVNFNVD,63,38.0
82,HLA-A03:01,5597.13,APF29074,LMSIITLCLWV,82,38.0
16,HLA-A03:01,5597.54,APF29074,NWNFSWNLILT,16,40.0
79,HLA-A03:01,5598.27,APF29074,FSILMSIITLC,79,41.0
212,HLA-A03:01,5600.98,APF29074,EGVLSEREKLL,212,42.0
97,HLA-A03:01,5602.96,APF29074,NSFRLWRRVKT,97,43.0
23,HLA-A03:01,5603.55,APF29074,LILTVFIVVLQ,23,44.0
37,HLA-A03:01,5603.92,APF29074,YKYSRLLYGLK,37,45.0
43,HLA-A03:01,5604.97,APF29074,LYGLKMSVLWC,43,46.0
56,HLA-A03:01,5605.15,APF29074,PLVLALSIFDC,56,47.0
65,HLA-A03:01,5605.47,APF29074,DCFVNFNVDWV,65,48.0
52,HLA-A03:01,5605.55,APF29074,WCLWPLVLALS,52,49.0
179,HLA-A03:01,5605.97,APF29074,CDRVGRSVNET,179,50.0
141,HLA-A03:01,5606.73,APF29074,LTLLSGVLLVD,141,51.0
21,HLA-A03:01,5606.87,APF29074,WNLILTVFIVV,21,52.0
170,HLA-A03:01,5607.33,APF29074,VATPSTTIVCD,170,53.0
86,HLA-A03:01,5607.51,APF29074,ITLCLWVMYFV,86,54.0
64,HLA-A03:01,5607.82,APF29074,FDCFVNFNVDW,64,55.0
99,HLA-A03:01,5607.84,APF29074,FRLWRRVKTFW,99,56.0
167,HLA-A03:01,5608.89,APF29074,YVIVATPSTTI,167,57.0
17,HLA-A03:01,5609.19,APF29074,WNFSWNLILTV,17,58.0
53,HLA-A03:01,5611.92,APF29074,CLWPLVLALSI,53,59.0
129,HLA-A03:01,5612.2,APF29074,YLPVMAAPTGV,129,60.0
178,HLA-A03:01,5613.19,APF29074,VCDRVGRSVNE,178,61.0
172,HLA-A03:01,5613.49,APF29074,TPSTTIVCDRV,172,62.0
55,HLA-A03:01,5613.5,APF29074,WPLVLALSIFD,55,63.0
205,HLA-A03:01,5614.83,APF29074,FSGVASQEGVL,205,64.0
143,HLA-A03:01,5615.61,APF29074,LLSGVLLVDGH,143,65.0
38,HLA-A03:01,5616.01,APF29074,KYSRLLYGLKM,38,66.0
73,HLA-A03:01,5616.04,APF29074,DWVFFGFSILM,73,67.0
81,HLA-A03:01,5616.79,APF29074,ILMSIITLCLW,81,68.0
77,HLA-A03:01,5616.86,APF29074,FGFSILMSIIT,77,69.0
194,HLA-A03:01,5616.88,APF29074,WAFYVRAKHGD,194,70.0
45,HLA-A03:01,5617.74,APF29074,GLKMSVLWCLW,45,71.0
47,HLA-A03:01,5617.92,APF29074,KMSVLWCLWPL,47,72.0
32,HLA-A03:01,5618.56,APF29074,LQYGHYKYSRL,32,73.0
211,HLA-A03:01,5619.11,APF29074,QEGVLSEREKL,211,74.0
18,HLA-A03:01,5619.74,APF29074,NFSWNLILTVF,18,75.0
75,HLA-A03:01,5619.97,APF29074,VFFGFSILMSI,75,76.0
96,HLA-A03:01,5620.22,APF29074,VNSFRLWRRVK,96,77.0
127,HLA-A03:01,5620.29,APF29074,NYYLPVMAAPT,127,78.0
193,HLA-A03:01,5620.72,APF29074,GWAFYVRAKHG,193,79.0
155,HLA-A03:01,5620.78,APF29074,IATRVQVGQLP,155,80.0
58,HLA-A03:01,5622.25,APF29074,VLALSIFDCFV,58,81.0
171,HLA-A03:01,5622.45,APF29074,ATPSTTIVCDR,171,82.0
14,HLA-A03:01,5622.48,APF29074,LRNWNFSWNLI,14,83.0
7,HLA-A03:01,5622.61,APF29074,LSEVYVHLRNW,7,84.0
135,HLA-A03:01,5623.29,APF29074,APTGVTLTLLS,135,85.0
84,HLA-A03:01,5624.2,APF29074,SIITLCLWVMY,84,86.0
8,HLA-A03:01,5624.53,APF29074,SEVYVHLRNWN,8,87.0
128,HLA-A03:01,5624.8,APF29074,YYLPVMAAPTG,128,88.0
166,HLA-A03:01,5625.12,APF29074,KYVIVATPSTT,166,89.0
116,HLA-A03:01,5625.77,APF29074,NAIISLQVYGH,116,90.0
150,HLA-A03:01,5627.0,APF29074,VDGHKIATRVQ,150,91.0
112,HLA-A03:01,5627.05,APF29074,NPETNAIISLQ,112,92.0
136,HLA-A03:01,5628.2,APF29074,PTGVTLTLLSG,136,93.0
0,HLA-A03:01,5628.3,APF29074,MSNSSVPLSEV,0,94.0
144,HLA-A03:01,5628.68,APF29074,LSGVLLVDGHK,144,95.0
183,HLA-A03:01,5628.71,APF29074,GRSVNETSQTG,183,96.0
10,HLA-A03:01,5629.11,APF29074,VYVHLRNWNFS,10,97.0
215,HLA-A03:01,5629.18,APF29074,LSEREKLLHLI,215,98.0
173,HLA-A03:01,5629.58,APF29074,PSTTIVCDRVG,173,99.0
121,HLA-A03:01,5629.69,APF29074,LQVYGHNYYLP,121,100.0
68,HLA-A03:01,5629.82,APF29074,VNFNVDWVFFG,68,101.0
198,HLA-A03:01,5629.99,APF29074,VRAKHGDFSGV,198,102.0
48,HLA-A03:01,5630.14,APF29074,MSVLWCLWPLV,48,103.0
105,HLA-A03:01,5630.29,APF29074,VKTFWAFNPET,105,104.0
130,HLA-A03:01,5630.51,APF29074,LPVMAAPTGVT,130,105.0
74,HLA-A03:01,5630.59,APF29074,WVFFGFSILMS,74,106.0
12,HLA-A03:01,5631.01,APF29074,VHLRNWNFSWN,12,107.0
126,HLA-A03:01,5631.05,APF29074,HNYYLPVMAAP,126,108.0
210,HLA-A03:01,5631.74,APF29074,SQEGVLSEREK,210,109.0
164,HLA-A03:01,5631.83,APF29074,LPKYVIVATPS,164,110.0
103,HLA-A03:01,5631.99,APF29074,RRVKTFWAFNP,103,111.0
6,HLA-A03:01,5632.0,APF29074,PLSEVYVHLRN,6,112.0
40,HLA-A03:01,5632.2,APF29074,SRLLYGLKMSV,40,113.0
153,HLA-A03:01,5632.34,APF29074,HKIATRVQVGQ,153,114.0
88,HLA-A03:01,5632.52,APF29074,LCLWVMYFVNS,88,115.0
46,HLA-A03:01,5632.54,APF29074,LKMSVLWCLWP,46,116.0
20,HLA-A03:01,5632.88,APF29074,SWNLILTVFIV,20,117.0
137,HLA-A03:01,5633.09,APF29074,TGVTLTLLSGV,137,118.0
196,HLA-A03:01,5633.23,APF29074,FYVRAKHGDFS,196,119.0
203,HLA-A03:01,5633.25,APF29074,GDFSGVASQEG,203,120.0
123,HLA-A03:01,5634.55,APF29074,VYGHNYYLPVM,123,121.0
151,HLA-A03:01,5634.55,APF29074,DGHKIATRVQV,151,121.0
149,HLA-A03:01,5634.83,APF29074,LVDGHKIATRV,149,123.0
102,HLA-A03:01,5634.94,APF29074,WRRVKTFWAFN,102,124.0
107,HLA-A03:01,5635.08,APF29074,TFWAFNPETNA,107,125.0
70,HLA-A03:01,5636.06,APF29074,FNVDWVFFGFS,70,126.0
113,HLA-A03:01,5636.49,APF29074,PETNAIISLQV,113,127.0
152,HLA-A03:01,5636.52,APF29074,GHKIATRVQVG,152,128.0
76,HLA-A03:01,5636.91,APF29074,FFGFSILMSII,76,129.0
209,HLA-A03:01,5636.97,APF29074,ASQEGVLSERE,209,130.0
182,HLA-A03:01,5637.25,APF29074,VGRSVNETSQT,182,131.0
115,HLA-A03:01,5637.47,APF29074,TNAIISLQVYG,115,132.0
165,HLA-A03:01,5637.97,APF29074,PKYVIVATPST,165,133.0
95,HLA-A03:01,5638.33,APF29074,FVNSFRLWRRV,95,134.0
169,HLA-A03:01,5639.1,APF29074,IVATPSTTIVC,169,135.0
191,HLA-A03:01,5640.05,APF29074,QTGWAFYVRAK,191,136.0
71,HLA-A03:01,5640.12,APF29074,NVDWVFFGFSI,71,137.0
161,HLA-A03:01,5640.15,APF29074,VGQLPKYVIVA,161,138.0
5,HLA-A03:01,5640.18,APF29074,VPLSEVYVHLR,5,139.0
147,HLA-A03:01,5640.32,APF29074,VLLVDGHKIAT,147,140.0
2,HLA-A03:01,5640.43,APF29074,NSSVPLSEVYV,2,141.0
201,HLA-A03:01,5641.38,APF29074,KHGDFSGVASQ,201,142.0
87,HLA-A03:01,5641.84,APF29074,TLCLWVMYFVN,87,143.0
145,HLA-A03:01,5641.85,APF29074,SGVLLVDGHKI,145,144.0
202,HLA-A03:01,5641.98,APF29074,HGDFSGVASQE,202,145.0
61,HLA-A03:01,5642.33,APF29074,LSIFDCFVNFN,61,146.0
89,HLA-A03:01,5642.4,APF29074,CLWVMYFVNSF,89,147.0
94,HLA-A03:01,5644.26,APF29074,YFVNSFRLWRR,94,148.0
160,HLA-A03:01,5646.09,APF29074,QVGQLPKYVIV,160,149.0
35,HLA-A03:01,5646.26,APF29074,GHYKYSRLLYG,35,150.0
19,HLA-A03:01,5646.43,APF29074,FSWNLILTVFI,19,151.0
125,HLA-A03:01,5646.67,APF29074,GHNYYLPVMAA,125,152.0
124,HLA-A03:01,5647.29,APF29074,YGHNYYLPVMA,124,153.0
39,HLA-A03:01,5648.0,APF29074,YSRLLYGLKMS,39,154.0
181,HLA-A03:01,5648.2,APF29074,RVGRSVNETSQ,181,155.0
204,HLA-A03:01,5648.99,APF29074,DFSGVASQEGV,204,156.0
180,HLA-A03:01,5649.12,APF29074,DRVGRSVNETS,180,157.0
206,HLA-A03:01,5650.11,APF29074,SGVASQEGVLS,206,158.0
11,HLA-A03:01,5650.49,APF29074,YVHLRNWNFSW,11,159.0
27,HLA-A03:01,5651.24,APF29074,VFIVVLQYGHY,27,160.0
93,HLA-A03:01,5651.54,APF29074,MYFVNSFRLWR,93,161.0
190,HLA-A03:01,5651.74,APF29074,SQTGWAFYVRA,190,162.0
26,HLA-A03:01,5652.47,APF29074,TVFIVVLQYGH,26,163.0
197,HLA-A03:01,5652.52,APF29074,YVRAKHGDFSG,197,164.0
188,HLA-A03:01,5653.02,APF29074,ETSQTGWAFYV,188,165.0
28,HLA-A03:01,5653.63,APF29074,FIVVLQYGHYK,28,166.0
69,HLA-A03:01,5654.02,APF29074,NFNVDWVFFGF,69,167.0
59,HLA-A03:01,5654.35,APF29074,LALSIFDCFVN,59,168.0
101,HLA-A03:01,5654.91,APF29074,LWRRVKTFWAF,101,169.0
9,HLA-A03:01,5655.03,APF29074,EVYVHLRNWNF,9,170.0
108,HLA-A03:01,5655.21,APF29074,FWAFNPETNAI,108,171.0
189,HLA-A03:01,5655.69,APF29074,TSQTGWAFYVR,189,172.0
187,HLA-A03:01,5655.87,APF29074,NETSQTGWAFY,187,173.0
186,HLA-A03:01,5655.9,APF29074,VNETSQTGWAF,186,174.0
195,HLA-A03:01,5656.04,APF29074,AFYVRAKHGDF,195,175.0
3,HLA-A03:01,5656.77,APF29074,SSVPLSEVYVH,3,176.0
54,HLA-A03:01,5656.93,APF29074,LWPLVLALSIF,54,177.0
200,HLA-A03:01,5657.0,APF29074,AKHGDFSGVAS,200,178.0
176,HLA-A03:01,5657.36,APF29074,TIVCDRVGRSV,176,179.0
199,HLA-A03:01,5657.45,APF29074,RAKHGDFSGVA,199,180.0
208,HLA-A03:01,5657.79,APF29074,VASQEGVLSER,208,181.0
110,HLA-A03:01,5658.8,APF29074,AFNPETNAIIS,110,182.0
66,HLA-A03:01,5658.96,APF29074,CFVNFNVDWVF,66,183.0
184,HLA-A03:01,5659.25,APF29074,RSVNETSQTGW,184,184.0
1,HLA-A03:01,5659.45,APF29074,SNSSVPLSEVY,1,185.0
148,HLA-A03:01,5660.57,APF29074,LLVDGHKIATR,148,186.0
90,HLA-A03:01,5661.5,APF29074,LWVMYFVNSFR,90,187.0
157,HLA-A03:01,5661.62,APF29074,TRVQVGQLPKY,157,188.0
114,HLA-A03:01,5661.71,APF29074,ETNAIISLQVY,114,189.0
85,HLA-A03:01,5663.64,APF29074,IITLCLWVMYF,85,190.0
109,HLA-A03:01,5664.04,APF29074,WAFNPETNAII,109,191.0
98,HLA-A03:01,5664.34,APF29074,SFRLWRRVKTF,98,192.0
119,HLA-A03:01,5664.92,APF29074,ISLQVYGHNYY,119,193.0
25,HLA-A03:01,5665.25,APF29074,LTVFIVVLQYG,25,194.0
57,HLA-A03:01,5666.73,APF29074,LVLALSIFDCF,57,195.0
117,HLA-A03:01,5667.97,APF29074,AIISLQVYGHN,117,196.0
67,HLA-A03:01,5669.92,APF29074,FVNFNVDWVFF,67,197.0
159,HLA-A03:01,5670.72,APF29074,VQVGQLPKYVI,159,198.0
177,HLA-A03:01,5673.07,APF29074,IVCDRVGRSVN,177,199.0
192,HLA-A03:01,5674.31,APF29074,TGWAFYVRAKH,192,200.0
175,HLA-A03:01,5675.75,APF29074,TTIVCDRVGRS,175,201.0
34,HLA-A03:01,5677.89,APF29074,YGHYKYSRLLY,34,202.0
118,HLA-A03:01,5680.95,APF29074,IISLQVYGHNY,118,203.0
174,HLA-A03:01,5681.97,APF29074,STTIVCDRVGR,174,204.0
207,HLA-A03:01,5683.65,APF29074,GVASQEGVLSE,207,205.0
31,HLA-A03:01,5696.66,APF29074,VLQYGHYKYSR,31,206.0
60,HLA-A03:01,5702.61,APF29074,ALSIFDCFVNF,60,207.0
146,HLA-A03:01,5706.7,APF29074,GVLLVDGHKIA,146,208.0
30,HLA-A03:01,5713.01,APF29074,VVLQYGHYKYS,30,209.0
29,HLA-A03:01,5713.5,APF29074,IVVLQYGHYKY,29,210.0
104,HLA-A03:01,5727.14,APF29074,RVKTFWAFNPE,104,211.0
158,HLA-A03:01,5755.11,APF29074,RVQVGQLPKYV,158,212.0
92,HLA-A03:01,5774.4,APF29074,VMYFVNSFRLW,92,213.0
185,HLA-A03:01,5776.67,APF29074,SVNETSQTGWA,185,214.0
100,HLA-A03:01,5795.94,APF29074,RLWRRVKTFWA,100,215.0
42,HLA-A03:01,5825.22,APF29074,LLYGLKMSVLW,42,216.0
156,HLA-A11:01,41.96,APF29074,ATRVQVGQLPK,156,1.0
28,HLA-A11:01,91.46,APF29074,FIVVLQYGHYK,28,2.0
171,HLA-A11:01,112.86,APF29074,ATPSTTIVCDR,171,3.0
90,HLA-A11:01,177.33,APF29074,LWVMYFVNSFR,90,4.0
191,HLA-A11:01,282.45,APF29074,QTGWAFYVRAK,191,5.0
84,HLA-A11:01,312.78,APF29074,SIITLCLWVMY,84,6.0
189,HLA-A11:01,369.87,APF29074,TSQTGWAFYVR,189,7.0
119,HLA-A11:01,1202.57,APF29074,ISLQVYGHNYY,119,8.0
144,HLA-A11:01,1235.99,APF29074,LSGVLLVDGHK,144,9.0
174,HLA-A11:01,1273.85,APF29074,STTIVCDRVGR,174,10.0
210,HLA-A11:01,1717.43,APF29074,SQEGVLSEREK,210,11.0
208,HLA-A11:01,1834.04,APF29074,VASQEGVLSER,208,12.0
62,HLA-A11:01,1850.17,APF29074,SIFDCFVNFNV,62,13.0
29,HLA-A11:01,2010.41,APF29074,IVVLQYGHYKY,29,14.0
91,HLA-A11:01,2020.37,APF29074,WVMYFVNSFRL,91,15.0
118,HLA-A11:01,2193.5,APF29074,IISLQVYGHNY,118,16.0
26,HLA-A11:01,2559.78,APF29074,TVFIVVLQYGH,26,17.0
31,HLA-A11:01,2874.99,APF29074,VLQYGHYKYSR,31,18.0
93,HLA-A11:01,2943.15,APF29074,MYFVNSFRLWR,93,19.0
213,HLA-A11:01,3488.24,APF29074,GVLSEREKLLH,213,20.0
30,HLA-A11:01,3991.84,APF29074,VVLQYGHYKYS,30,21.0
96,HLA-A11:01,4785.44,APF29074,VNSFRLWRRVK,96,22.0
94,HLA-A11:01,5600.29,APF29074,YFVNSFRLWRR,94,23.0
37,HLA-A11:01,5636.99,APF29074,YKYSRLLYGLK,37,24.0
24,HLA-A11:01,6102.75,APF29074,ILTVFIVVLQY,24,25.0
209,HLA-A11:01,6807.16,APF29074,ASQEGVLSERE,209,26.0
148,HLA-A11:01,6846.18,APF29074,LLVDGHKIATR,148,27.0
207,HLA-A11:01,7724.25,APF29074,GVASQEGVLSE,207,28.0
104,HLA-A11:01,7764.33,APF29074,RVKTFWAFNPE,104,29.0
86,HLA-A11:01,8683.92,APF29074,ITLCLWVMYFV,86,30.0
3,HLA-A11:01,8949.24,APF29074,SSVPLSEVYVH,3,31.0
114,HLA-A11:01,9451.71,APF29074,ETNAIISLQVY,114,32.0
117,HLA-A11:01,9552.34,APF29074,AIISLQVYGHN,117,33.0
120,HLA-A11:01,10036.69,APF29074,SLQVYGHNYYL,120,34.0
61,HLA-A11:01,10171.29,APF29074,LSIFDCFVNFN,61,35.0
85,HLA-A11:01,10454.23,APF29074,IITLCLWVMYF,85,36.0
121,HLA-A11:01,11166.11,APF29074,LQVYGHNYYLP,121,37.0
122,HLA-A11:01,11200.24,APF29074,QVYGHNYYLPV,122,38.0
1,HLA-A11:01,13345.63,APF29074,SNSSVPLSEVY,1,39.0
190,HLA-A11:01,13594.9,APF29074,SQTGWAFYVRA,190,40.0
59,HLA-A11:01,13595.03,APF29074,LALSIFDCFVN,59,41.0
34,HLA-A11:01,14206.02,APF29074,YGHYKYSRLLY,34,42.0
87,HLA-A11:01,14644.12,APF29074,TLCLWVMYFVN,87,43.0
4,HLA-A11:01,14749.88,APF29074,SVPLSEVYVHL,4,44.0
6,HLA-A11:01,14946.7,APF29074,PLSEVYVHLRN,6,45.0
5,HLA-A11:01,15466.17,APF29074,VPLSEVYVHLR,5,46.0
116,HLA-A11:01,15907.37,APF29074,NAIISLQVYGH,116,47.0
141,HLA-A11:01,16011.76,APF29074,LTLLSGVLLVD,141,48.0
115,HLA-A11:01,16084.79,APF29074,TNAIISLQVYG,115,49.0
88,HLA-A11:01,16103.71,APF29074,LCLWVMYFVNS,88,50.0
106,HLA-A11:01,16391.38,APF29074,KTFWAFNPETN,106,51.0
170,HLA-A11:01,17131.64,APF29074,VATPSTTIVCD,170,52.0
23,HLA-A11:01,17166.94,APF29074,LILTVFIVVLQ,23,53.0
16,HLA-A11:01,17260.42,APF29074,NWNFSWNLILT,16,54.0
177,HLA-A11:01,17373.15,APF29074,IVCDRVGRSVN,177,55.0
140,HLA-A11:01,17553.54,APF29074,TLTLLSGVLLV,140,56.0
63,HLA-A11:01,17649.48,APF29074,IFDCFVNFNVD,63,57.0
188,HLA-A11:01,17719.26,APF29074,ETSQTGWAFYV,188,58.0
83,HLA-A11:01,18265.85,APF29074,MSIITLCLWVM,83,59.0
74,HLA-A11:01,18283.73,APF29074,WVFFGFSILMS,74,60.0
139,HLA-A11:01,18363.05,APF29074,VTLTLLSGVLL,139,61.0
77,HLA-A11:01,18595.56,APF29074,FGFSILMSIIT,77,62.0
142,HLA-A11:01,18797.75,APF29074,TLLSGVLLVDG,142,63.0
95,HLA-A11:01,19127.42,APF29074,FVNSFRLWRRV,95,64.0
75,HLA-A11:01,19519.03,APF29074,VFFGFSILMSI,75,65.0
215,HLA-A11:01,19595.41,APF29074,LSEREKLLHLI,215,66.0
71,HLA-A11:01,20111.52,APF29074,NVDWVFFGFSI,71,67.0
27,HLA-A11:01,20274.47,APF29074,VFIVVLQYGHY,27,68.0
157,HLA-A11:01,20326.68,APF29074,TRVQVGQLPKY,157,69.0
160,HLA-A11:01,20432.93,APF29074,QVGQLPKYVIV,160,70.0
158,HLA-A11:01,20759.83,APF29074,RVQVGQLPKYV,158,71.0
25,HLA-A11:01,21081.0,APF29074,LTVFIVVLQYG,25,72.0
53,HLA-A11:01,21174.7,APF29074,CLWPLVLALSI,53,73.0
68,HLA-A11:01,21251.21,APF29074,VNFNVDWVFFG,68,74.0
2,HLA-A11:01,21419.28,APF29074,NSSVPLSEVYV,2,75.0
145,HLA-A11:01,21460.99,APF29074,SGVLLVDGHKI,145,76.0
48,HLA-A11:01,21532.05,APF29074,MSVLWCLWPLV,48,77.0
110,HLA-A11:01,21637.8,APF29074,AFNPETNAIIS,110,78.0
175,HLA-A11:01,21680.94,APF29074,TTIVCDRVGRS,175,79.0
58,HLA-A11:01,21784.24,APF29074,VLALSIFDCFV,58,80.0
97,HLA-A11:01,21849.26,APF29074,NSFRLWRRVKT,97,81.0
192,HLA-A11:01,21861.63,APF29074,TGWAFYVRAKH,192,82.0
50,HLA-A11:01,21877.97,APF29074,VLWCLWPLVLA,50,83.0
60,HLA-A11:01,21924.78,APF29074,ALSIFDCFVNF,60,84.0
107,HLA-A11:01,21939.28,APF29074,TFWAFNPETNA,107,85.0
181,HLA-A11:01,21963.07,APF29074,RVGRSVNETSQ,181,86.0
55,HLA-A11:01,22080.91,APF29074,WPLVLALSIFD,55,87.0
0,HLA-A11:01,22159.2,APF29074,MSNSSVPLSEV,0,88.0
73,HLA-A11:01,22487.97,APF29074,DWVFFGFSILM,73,89.0
103,HLA-A11:01,22657.83,APF29074,RRVKTFWAFNP,103,90.0
47,HLA-A11:01,22670.45,APF29074,KMSVLWCLWPL,47,91.0
19,HLA-A11:01,22672.98,APF29074,FSWNLILTVFI,19,92.0
132,HLA-A11:01,22675.35,APF29074,VMAAPTGVTLT,132,93.0
194,HLA-A11:01,22798.76,APF29074,WAFYVRAKHGD,194,94.0
161,HLA-A11:01,22875.08,APF29074,VGQLPKYVIVA,161,95.0
202,HLA-A11:01,23158.82,APF29074,HGDFSGVASQE,202,96.0
138,HLA-A11:01,23171.52,APF29074,GVTLTLLSGVL,138,97.0
135,HLA-A11:01,23301.53,APF29074,APTGVTLTLLS,135,98.0
187,HLA-A11:01,23305.34,APF29074,NETSQTGWAFY,187,99.0
159,HLA-A11:01,23338.28,APF29074,VQVGQLPKYVI,159,100.0
146,HLA-A11:01,23525.15,APF29074,GVLLVDGHKIA,146,101.0
70,HLA-A11:01,23571.36,APF29074,FNVDWVFFGFS,70,102.0
162,HLA-A11:01,23699.21,APF29074,GQLPKYVIVAT,162,103.0
78,HLA-A11:01,23700.78,APF29074,GFSILMSIITL,78,104.0
149,HLA-A11:01,23870.5,APF29074,LVDGHKIATRV,149,105.0
147,HLA-A11:01,23884.86,APF29074,VLLVDGHKIAT,147,106.0
80,HLA-A11:01,23956.34,APF29074,SILMSIITLCL,80,107.0
214,HLA-A11:01,24063.1,APF29074,VLSEREKLLHL,214,108.0
178,HLA-A11:01,24361.36,APF29074,VCDRVGRSVNE,178,109.0
20,HLA-A11:01,24493.29,APF29074,SWNLILTVFIV,20,110.0
137,HLA-A11:01,24507.5,APF29074,TGVTLTLLSGV,137,111.0
199,HLA-A11:01,24553.85,APF29074,RAKHGDFSGVA,199,112.0
41,HLA-A11:01,24679.19,APF29074,RLLYGLKMSVL,41,113.0
169,HLA-A11:01,24681.92,APF29074,IVATPSTTIVC,169,114.0
206,HLA-A11:01,24739.26,APF29074,SGVASQEGVLS,206,115.0
153,HLA-A11:01,24996.18,APF29074,HKIATRVQVGQ,153,116.0
102,HLA-A11:01,25113.98,APF29074,WRRVKTFWAFN,102,117.0
89,HLA-A11:01,25443.54,APF29074,CLWVMYFVNSF,89,118.0
136,HLA-A11:01,25454.66,APF29074,PTGVTLTLLSG,136,119.0
17,HLA-A11:01,25537.22,APF29074,WNFSWNLILTV,17,120.0
52,HLA-A11:01,25570.88,APF29074,WCLWPLVLALS,52,121.0
35,HLA-A11:01,25603.54,APF29074,GHYKYSRLLYG,35,122.0
49,HLA-A11:01,25621.89,APF29074,SVLWCLWPLVL,49,123.0
10,HLA-A11:01,25733.94,APF29074,VYVHLRNWNFS,10,124.0
40,HLA-A11:01,26149.68,APF29074,SRLLYGLKMSV,40,125.0
32,HLA-A11:01,26230.92,APF29074,LQYGHYKYSRL,32,126.0
127,HLA-A11:01,26547.63,APF29074,NYYLPVMAAPT,127,127.0
39,HLA-A11:01,27008.71,APF29074,YSRLLYGLKMS,39,128.0
163,HLA-A11:01,27050.64,APF29074,QLPKYVIVATP,163,129.0
200,HLA-A11:01,27053.71,APF29074,AKHGDFSGVAS,200,130.0
9,HLA-A11:01,27261.3,APF29074,EVYVHLRNWNF,9,131.0
133,HLA-A11:01,27287.1,APF29074,MAAPTGVTLTL,133,132.0
179,HLA-A11:01,27307.44,APF29074,CDRVGRSVNET,179,133.0
125,HLA-A11:01,27307.86,APF29074,GHNYYLPVMAA,125,134.0
113,HLA-A11:01,27353.72,APF29074,PETNAIISLQV,113,135.0
15,HLA-A11:01,27362.4,APF29074,RNWNFSWNLIL,15,136.0
82,HLA-A11:01,27395.01,APF29074,LMSIITLCLWV,82,137.0
164,HLA-A11:01,27435.74,APF29074,LPKYVIVATPS,164,138.0
100,HLA-A11:01,27526.17,APF29074,RLWRRVKTFWA,100,139.0
126,HLA-A11:01,27593.99,APF29074,HNYYLPVMAAP,126,140.0
13,HLA-A11:01,27781.93,APF29074,HLRNWNFSWNL,13,141.0
67,HLA-A11:01,27805.53,APF29074,FVNFNVDWVFF,67,142.0
124,HLA-A11:01,27836.06,APF29074,YGHNYYLPVMA,124,143.0
112,HLA-A11:01,27899.84,APF29074,NPETNAIISLQ,112,144.0
105,HLA-A11:01,27974.38,APF29074,VKTFWAFNPET,105,145.0
143,HLA-A11:01,28068.71,APF29074,LLSGVLLVDGH,143,146.0
12,HLA-A11:01,28111.34,APF29074,VHLRNWNFSWN,12,147.0
46,HLA-A11:01,28118.37,APF29074,LKMSVLWCLWP,46,148.0
182,HLA-A11:01,28181.41,APF29074,VGRSVNETSQT,182,149.0
129,HLA-A11:01,28282.97,APF29074,YLPVMAAPTGV,129,150.0
57,HLA-A11:01,28354.31,APF29074,LVLALSIFDCF,57,151.0
185,HLA-A11:01,28449.5,APF29074,SVNETSQTGWA,185,152.0
123,HLA-A11:01,28538.02,APF29074,VYGHNYYLPVM,123,153.0
69,HLA-A11:01,28560.43,APF29074,NFNVDWVFFGF,69,154.0
168,HLA-A11:01,28814.18,APF29074,VIVATPSTTIV,168,155.0
21,HLA-A11:01,28815.94,APF29074,WNLILTVFIVV,21,156.0
109,HLA-A11:01,28841.64,APF29074,WAFNPETNAII,109,157.0
22,HLA-A11:01,28861.89,APF29074,NLILTVFIVVL,22,158.0
172,HLA-A11:01,28933.92,APF29074,TPSTTIVCDRV,172,159.0
8,HLA-A11:01,29134.21,APF29074,SEVYVHLRNWN,8,160.0
38,HLA-A11:01,29172.28,APF29074,KYSRLLYGLKM,38,161.0
165,HLA-A11:01,29245.14,APF29074,PKYVIVATPST,165,162.0
155,HLA-A11:01,29285.18,APF29074,IATRVQVGQLP,155,163.0
134,HLA-A11:01,29324.5,APF29074,AAPTGVTLTLL,134,164.0
108,HLA-A11:01,29654.8,APF29074,FWAFNPETNAI,108,165.0
76,HLA-A11:01,29688.36,APF29074,FFGFSILMSII,76,166.0
131,HLA-A11:01,29743.17,APF29074,PVMAAPTGVTL,131,167.0
154,HLA-A11:01,29748.62,APF29074,KIATRVQVGQL,154,168.0
180,HLA-A11:01,29753.14,APF29074,DRVGRSVNETS,180,169.0
130,HLA-A11:01,29815.54,APF29074,LPVMAAPTGVT,130,170.0
176,HLA-A11:01,29935.81,APF29074,TIVCDRVGRSV,176,171.0
36,HLA-A11:01,30193.46,APF29074,HYKYSRLLYGL,36,172.0
193,HLA-A11:01,30314.47,APF29074,GWAFYVRAKHG,193,173.0
152,HLA-A11:01,30355.36,APF29074,GHKIATRVQVG,152,174.0
173,HLA-A11:01,30398.85,APF29074,PSTTIVCDRVG,173,175.0
167,HLA-A11:01,30412.49,APF29074,YVIVATPSTTI,167,176.0
92,HLA-A11:01,30440.04,APF29074,VMYFVNSFRLW,92,177.0
183,HLA-A11:01,30447.63,APF29074,GRSVNETSQTG,183,178.0
44,HLA-A11:01,30640.25,APF29074,YGLKMSVLWCL,44,179.0
14,HLA-A11:01,30654.31,APF29074,LRNWNFSWNLI,14,180.0
43,HLA-A11:01,30747.49,APF29074,LYGLKMSVLWC,43,181.0
72,HLA-A11:01,30864.04,APF29074,VDWVFFGFSIL,72,182.0
197,HLA-A11:01,30882.15,APF29074,YVRAKHGDFSG,197,183.0
204,HLA-A11:01,31026.1,APF29074,DFSGVASQEGV,204,184.0
150,HLA-A11:01,31032.74,APF29074,VDGHKIATRVQ,150,185.0
56,HLA-A11:01,31045.98,APF29074,PLVLALSIFDC,56,186.0
54,HLA-A11:01,31061.49,APF29074,LWPLVLALSIF,54,187.0
201,HLA-A11:01,31174.66,APF29074,KHGDFSGVASQ,201,188.0
203,HLA-A11:01,31184.06,APF29074,GDFSGVASQEG,203,189.0
79,HLA-A11:01,31264.84,APF29074,FSILMSIITLC,79,190.0
45,HLA-A11:01,31450.0,APF29074,GLKMSVLWCLW,45,191.0
211,HLA-A11:01,31460.06,APF29074,QEGVLSEREKL,211,192.0
151,HLA-A11:01,31477.54,APF29074,DGHKIATRVQV,151,193.0
205,HLA-A11:01,31520.84,APF29074,FSGVASQEGVL,205,194.0
51,HLA-A11:01,31521.6,APF29074,LWCLWPLVLAL,51,195.0
18,HLA-A11:01,31585.48,APF29074,NFSWNLILTVF,18,196.0
196,HLA-A11:01,31664.57,APF29074,FYVRAKHGDFS,196,197.0
65,HLA-A11:01,31698.06,APF29074,DCFVNFNVDWV,65,198.0
128,HLA-A11:01,31804.38,APF29074,YYLPVMAAPTG,128,199.0
111,HLA-A11:01,31957.01,APF29074,FNPETNAIISL,111,200.0
198,HLA-A11:01,31983.85,APF29074,VRAKHGDFSGV,198,201.0
42,HLA-A11:01,32116.63,APF29074,LLYGLKMSVLW,42,202.0
101,HLA-A11:01,32202.53,APF29074,LWRRVKTFWAF,101,203.0
66,HLA-A11:01,32385.72,APF29074,CFVNFNVDWVF,66,204.0
166,HLA-A11:01,32421.82,APF29074,KYVIVATPSTT,166,205.0
7,HLA-A11:01,32512.42,APF29074,LSEVYVHLRNW,7,206.0
184,HLA-A11:01,32556.63,APF29074,RSVNETSQTGW,184,207.0
33,HLA-A11:01,33254.42,APF29074,QYGHYKYSRLL,33,208.0
81,HLA-A11:01,33523.26,APF29074,ILMSIITLCLW,81,209.0
11,HLA-A11:01,33687.75,APF29074,YVHLRNWNFSW,11,210.0
212,HLA-A11:01,33777.32,APF29074,EGVLSEREKLL,212,211.0
186,HLA-A11:01,33986.27,APF29074,VNETSQTGWAF,186,212.0
64,HLA-A11:01,34159.26,APF29074,FDCFVNFNVDW,64,213.0
98,HLA-A11:01,35336.0,APF29074,SFRLWRRVKTF,98,214.0
99,HLA-A11:01,35734.83,APF29074,FRLWRRVKTFW,99,215.0
195,HLA-A11:01,35757.29,APF29074,AFYVRAKHGDF,195,216.0
156,HLA-A30:01,2.38,APF29074,ATRVQVGQLPK,156,1.0
13,HLA-A30:01,10.66,APF29074,HLRNWNFSWNL,13,2.0
199,HLA-A30:01,27.73,APF29074,RAKHGDFSGVA,199,3.0
36,HLA-A30:01,161.28,APF29074,HYKYSRLLYGL,36,4.0
75,HLA-A30:01,210.66,APF29074,VFFGFSILMSI,75,5.0
96,HLA-A30:01,281.22,APF29074,VNSFRLWRRVK,96,6.0
37,HLA-A30:01,378.07,APF29074,YKYSRLLYGLK,37,7.0
158,HLA-A30:01,585.84,APF29074,RVQVGQLPKYV,158,8.0
48,HLA-A30:01,742.07,APF29074,MSVLWCLWPLV,48,9.0
47,HLA-A30:01,1014.93,APF29074,KMSVLWCLWPL,47,10.0
28,HLA-A30:01,1143.24,APF29074,FIVVLQYGHYK,28,11.0
93,HLA-A30:01,1372.71,APF29074,MYFVNSFRLWR,93,12.0
49,HLA-A30:01,1524.76,APF29074,SVLWCLWPLVL,49,13.0
104,HLA-A30:01,1949.41,APF29074,RVKTFWAFNPE,104,14.0
123,HLA-A30:01,2074.3,APF29074,VYGHNYYLPVM,123,15.0
62,HLA-A30:01,2400.06,APF29074,SIFDCFVNFNV,62,16.0
191,HLA-A30:01,2404.34,APF29074,QTGWAFYVRAK,191,17.0
38,HLA-A30:01,2565.21,APF29074,KYSRLLYGLKM,38,18.0
122,HLA-A30:01,2941.97,APF29074,QVYGHNYYLPV,122,19.0
124,HLA-A30:01,3130.15,APF29074,YGHNYYLPVMA,124,20.0
86,HLA-A30:01,3885.28,APF29074,ITLCLWVMYFV,86,21.0
189,HLA-A30:01,4299.07,APF29074,TSQTGWAFYVR,189,22.0
90,HLA-A30:01,4317.17,APF29074,LWVMYFVNSFR,90,23.0
58,HLA-A30:01,4598.23,APF29074,VLALSIFDCFV,58,24.0
40,HLA-A30:01,4688.22,APF29074,SRLLYGLKMSV,40,25.0
80,HLA-A30:01,5355.76,APF29074,SILMSIITLCL,80,26.0
167,HLA-A30:01,5631.66,APF29074,YVIVATPSTTI,167,27.0
34,HLA-A30:01,5772.12,APF29074,YGHYKYSRLLY,34,28.0
100,HLA-A30:01,6384.75,APF29074,RLWRRVKTFWA,100,29.0
76,HLA-A30:01,6460.01,APF29074,FFGFSILMSII,76,30.0
19,HLA-A30:01,6570.18,APF29074,FSWNLILTVFI,19,31.0
0,HLA-A30:01,6735.22,APF29074,MSNSSVPLSEV,0,32.0
210,HLA-A30:01,7843.69,APF29074,SQEGVLSEREK,210,33.0
95,HLA-A30:01,8049.23,APF29074,FVNSFRLWRRV,95,34.0
78,HLA-A30:01,8111.24,APF29074,GFSILMSIITL,78,35.0
82,HLA-A30:01,8138.52,APF29074,LMSIITLCLWV,82,36.0
14,HLA-A30:01,8656.34,APF29074,LRNWNFSWNLI,14,37.0
17,HLA-A30:01,8715.83,APF29074,WNFSWNLILTV,17,38.0
171,HLA-A30:01,8846.55,APF29074,ATPSTTIVCDR,171,39.0
168,HLA-A30:01,8858.3,APF29074,VIVATPSTTIV,168,40.0
22,HLA-A30:01,9416.18,APF29074,NLILTVFIVVL,22,41.0
50,HLA-A30:01,10219.21,APF29074,VLWCLWPLVLA,50,42.0
41,HLA-A30:01,10569.01,APF29074,RLLYGLKMSVL,41,43.0
39,HLA-A30:01,10582.9,APF29074,YSRLLYGLKMS,39,44.0
137,HLA-A30:01,10599.45,APF29074,TGVTLTLLSGV,137,45.0
57,HLA-A30:01,10801.22,APF29074,LVLALSIFDCF,57,46.0
21,HLA-A30:01,10955.61,APF29074,WNLILTVFIVV,21,47.0
10,HLA-A30:01,11006.08,APF29074,VYVHLRNWNFS,10,48.0
215,HLA-A30:01,11293.52,APF29074,LSEREKLLHLI,215,49.0
35,HLA-A30:01,11296.45,APF29074,GHYKYSRLLYG,35,50.0
43,HLA-A30:01,11430.78,APF29074,LYGLKMSVLWC,43,51.0
30,HLA-A30:01,11468.29,APF29074,VVLQYGHYKYS,30,52.0
140,HLA-A30:01,11559.49,APF29074,TLTLLSGVLLV,140,53.0
53,HLA-A30:01,11622.35,APF29074,CLWPLVLALSI,53,54.0
165,HLA-A30:01,12075.18,APF29074,PKYVIVATPST,165,55.0
94,HLA-A30:01,12513.54,APF29074,YFVNSFRLWRR,94,56.0
169,HLA-A30:01,12869.67,APF29074,IVATPSTTIVC,169,57.0
83,HLA-A30:01,13125.81,APF29074,MSIITLCLWVM,83,58.0
139,HLA-A30:01,13439.94,APF29074,VTLTLLSGVLL,139,59.0
144,HLA-A30:01,13987.52,APF29074,LSGVLLVDGHK,144,60.0
121,HLA-A30:01,13991.26,APF29074,LQVYGHNYYLP,121,61.0
24,HLA-A30:01,14035.92,APF29074,ILTVFIVVLQY,24,62.0
151,HLA-A30:01,14126.69,APF29074,DGHKIATRVQV,151,63.0
119,HLA-A30:01,14186.5,APF29074,ISLQVYGHNYY,119,64.0
106,HLA-A30:01,14586.33,APF29074,KTFWAFNPETN,106,65.0
166,HLA-A30:01,14896.19,APF29074,KYVIVATPSTT,166,66.0
91,HLA-A30:01,15061.35,APF29074,WVMYFVNSFRL,91,67.0
197,HLA-A30:01,15163.4,APF29074,YVRAKHGDFSG,197,68.0
89,HLA-A30:01,15276.22,APF29074,CLWVMYFVNSF,89,69.0
174,HLA-A30:01,15586.25,APF29074,STTIVCDRVGR,174,70.0
85,HLA-A30:01,15612.43,APF29074,IITLCLWVMYF,85,71.0
97,HLA-A30:01,15635.82,APF29074,NSFRLWRRVKT,97,72.0
31,HLA-A30:01,15765.58,APF29074,VLQYGHYKYSR,31,73.0
29,HLA-A30:01,15782.94,APF29074,IVVLQYGHYKY,29,74.0
51,HLA-A30:01,16085.25,APF29074,LWCLWPLVLAL,51,75.0
26,HLA-A30:01,16253.17,APF29074,TVFIVVLQYGH,26,76.0
148,HLA-A30:01,16417.12,APF29074,LLVDGHKIATR,148,77.0
159,HLA-A30:01,16526.97,APF29074,VQVGQLPKYVI,159,78.0
12,HLA-A30:01,16790.81,APF29074,VHLRNWNFSWN,12,79.0
133,HLA-A30:01,17059.69,APF29074,MAAPTGVTLTL,133,80.0
46,HLA-A30:01,17064.1,APF29074,LKMSVLWCLWP,46,81.0
61,HLA-A30:01,17087.87,APF29074,LSIFDCFVNFN,61,82.0
161,HLA-A30:01,17215.75,APF29074,VGQLPKYVIVA,161,83.0
67,HLA-A30:01,17582.5,APF29074,FVNFNVDWVFF,67,84.0
65,HLA-A30:01,17600.5,APF29074,DCFVNFNVDWV,65,85.0
98,HLA-A30:01,17935.42,APF29074,SFRLWRRVKTF,98,86.0
77,HLA-A30:01,17941.74,APF29074,FGFSILMSIIT,77,87.0
136,HLA-A30:01,18060.1,APF29074,PTGVTLTLLSG,136,88.0
20,HLA-A30:01,18639.87,APF29074,SWNLILTVFIV,20,89.0
15,HLA-A30:01,18654.58,APF29074,RNWNFSWNLIL,15,90.0
74,HLA-A30:01,18911.59,APF29074,WVFFGFSILMS,74,91.0
73,HLA-A30:01,18925.27,APF29074,DWVFFGFSILM,73,92.0
71,HLA-A30:01,19351.21,APF29074,NVDWVFFGFSI,71,93.0
16,HLA-A30:01,19577.32,APF29074,NWNFSWNLILT,16,94.0
103,HLA-A30:01,19710.78,APF29074,RRVKTFWAFNP,103,95.0
126,HLA-A30:01,19811.38,APF29074,HNYYLPVMAAP,126,96.0
155,HLA-A30:01,19890.92,APF29074,IATRVQVGQLP,155,97.0
198,HLA-A30:01,20140.84,APF29074,VRAKHGDFSGV,198,98.0
176,HLA-A30:01,20154.63,APF29074,TIVCDRVGRSV,176,99.0
56,HLA-A30:01,20345.18,APF29074,PLVLALSIFDC,56,100.0
79,HLA-A30:01,20682.24,APF29074,FSILMSIITLC,79,101.0
5,HLA-A30:01,20828.13,APF29074,VPLSEVYVHLR,5,102.0
128,HLA-A30:01,20840.66,APF29074,YYLPVMAAPTG,128,103.0
160,HLA-A30:01,20924.53,APF29074,QVGQLPKYVIV,160,104.0
102,HLA-A30:01,21114.55,APF29074,WRRVKTFWAFN,102,105.0
27,HLA-A30:01,21288.81,APF29074,VFIVVLQYGHY,27,106.0
88,HLA-A30:01,21430.49,APF29074,LCLWVMYFVNS,88,107.0
25,HLA-A30:01,21537.36,APF29074,LTVFIVVLQYG,25,108.0
154,HLA-A30:01,21568.9,APF29074,KIATRVQVGQL,154,109.0
60,HLA-A30:01,21643.61,APF29074,ALSIFDCFVNF,60,110.0
208,HLA-A30:01,21815.56,APF29074,VASQEGVLSER,208,111.0
108,HLA-A30:01,21934.63,APF29074,FWAFNPETNAI,108,112.0
9,HLA-A30:01,22031.08,APF29074,EVYVHLRNWNF,9,113.0
101,HLA-A30:01,22057.87,APF29074,LWRRVKTFWAF,101,114.0
44,HLA-A30:01,22064.01,APF29074,YGLKMSVLWCL,44,115.0
105,HLA-A30:01,22084.66,APF29074,VKTFWAFNPET,105,116.0
23,HLA-A30:01,22095.04,APF29074,LILTVFIVVLQ,23,117.0
84,HLA-A30:01,22129.85,APF29074,SIITLCLWVMY,84,118.0
66,HLA-A30:01,22217.37,APF29074,CFVNFNVDWVF,66,119.0
147,HLA-A30:01,22317.21,APF29074,VLLVDGHKIAT,147,120.0
59,HLA-A30:01,23286.58,APF29074,LALSIFDCFVN,59,121.0
214,HLA-A30:01,23496.64,APF29074,VLSEREKLLHL,214,122.0
177,HLA-A30:01,23614.27,APF29074,IVCDRVGRSVN,177,123.0
33,HLA-A30:01,23631.7,APF29074,QYGHYKYSRLL,33,124.0
188,HLA-A30:01,23757.41,APF29074,ETSQTGWAFYV,188,125.0
110,HLA-A30:01,23806.07,APF29074,AFNPETNAIIS,110,126.0
69,HLA-A30:01,23896.38,APF29074,NFNVDWVFFGF,69,127.0
163,HLA-A30:01,23972.52,APF29074,QLPKYVIVATP,163,128.0
152,HLA-A30:01,24153.4,APF29074,GHKIATRVQVG,152,129.0
118,HLA-A30:01,24194.02,APF29074,IISLQVYGHNY,118,130.0
149,HLA-A30:01,24533.91,APF29074,LVDGHKIATRV,149,131.0
146,HLA-A30:01,24639.87,APF29074,GVLLVDGHKIA,146,132.0
113,HLA-A30:01,24768.75,APF29074,PETNAIISLQV,113,133.0
164,HLA-A30:01,25219.01,APF29074,LPKYVIVATPS,164,134.0
157,HLA-A30:01,25292.72,APF29074,TRVQVGQLPKY,157,135.0
141,HLA-A30:01,25383.53,APF29074,LTLLSGVLLVD,141,136.0
120,HLA-A30:01,25457.63,APF29074,SLQVYGHNYYL,120,137.0
18,HLA-A30:01,25507.95,APF29074,NFSWNLILTVF,18,138.0
117,HLA-A30:01,26060.73,APF29074,AIISLQVYGHN,117,139.0
185,HLA-A30:01,26159.3,APF29074,SVNETSQTGWA,185,140.0
190,HLA-A30:01,26512.59,APF29074,SQTGWAFYVRA,190,141.0
32,HLA-A30:01,26705.04,APF29074,LQYGHYKYSRL,32,142.0
87,HLA-A30:01,27018.62,APF29074,TLCLWVMYFVN,87,143.0
127,HLA-A30:01,27180.3,APF29074,NYYLPVMAAPT,127,144.0
134,HLA-A30:01,27272.37,APF29074,AAPTGVTLTLL,134,145.0
109,HLA-A30:01,27467.1,APF29074,WAFNPETNAII,109,146.0
68,HLA-A30:01,27485.52,APF29074,VNFNVDWVFFG,68,147.0
138,HLA-A30:01,27517.35,APF29074,GVTLTLLSGVL,138,148.0
107,HLA-A30:01,27746.06,APF29074,TFWAFNPETNA,107,149.0
114,HLA-A30:01,27815.55,APF29074,ETNAIISLQVY,114,150.0
11,HLA-A30:01,27858.68,APF29074,YVHLRNWNFSW,11,151.0
131,HLA-A30:01,28098.83,APF29074,PVMAAPTGVTL,131,152.0
181,HLA-A30:01,28408.27,APF29074,RVGRSVNETSQ,181,153.0
162,HLA-A30:01,28721.33,APF29074,GQLPKYVIVAT,162,154.0
192,HLA-A30:01,29123.31,APF29074,TGWAFYVRAKH,192,155.0
125,HLA-A30:01,29267.11,APF29074,GHNYYLPVMAA,125,156.0
142,HLA-A30:01,29372.67,APF29074,TLLSGVLLVDG,142,157.0
187,HLA-A30:01,29649.89,APF29074,NETSQTGWAFY,187,158.0
135,HLA-A30:01,29694.11,APF29074,APTGVTLTLLS,135,159.0
213,HLA-A30:01,29723.93,APF29074,GVLSEREKLLH,213,160.0
116,HLA-A30:01,29751.1,APF29074,NAIISLQVYGH,116,161.0
111,HLA-A30:01,29783.16,APF29074,FNPETNAIISL,111,162.0
3,HLA-A30:01,29990.25,APF29074,SSVPLSEVYVH,3,163.0
92,HLA-A30:01,30096.01,APF29074,VMYFVNSFRLW,92,164.0
4,HLA-A30:01,30133.67,APF29074,SVPLSEVYVHL,4,165.0
193,HLA-A30:01,30152.38,APF29074,GWAFYVRAKHG,193,166.0
2,HLA-A30:01,30268.69,APF29074,NSSVPLSEVYV,2,167.0
132,HLA-A30:01,30438.09,APF29074,VMAAPTGVTLT,132,168.0
129,HLA-A30:01,30466.85,APF29074,YLPVMAAPTGV,129,169.0
8,HLA-A30:01,30505.64,APF29074,SEVYVHLRNWN,8,170.0
175,HLA-A30:01,30597.64,APF29074,TTIVCDRVGRS,175,171.0
196,HLA-A30:01,30809.53,APF29074,FYVRAKHGDFS,196,172.0
54,HLA-A30:01,31077.17,APF29074,LWPLVLALSIF,54,173.0
52,HLA-A30:01,31313.6,APF29074,WCLWPLVLALS,52,174.0
145,HLA-A30:01,31344.66,APF29074,SGVLLVDGHKI,145,175.0
194,HLA-A30:01,31634.51,APF29074,WAFYVRAKHGD,194,176.0
195,HLA-A30:01,31830.34,APF29074,AFYVRAKHGDF,195,177.0
72,HLA-A30:01,31927.42,APF29074,VDWVFFGFSIL,72,178.0
63,HLA-A30:01,32145.22,APF29074,IFDCFVNFNVD,63,179.0
170,HLA-A30:01,33217.12,APF29074,VATPSTTIVCD,170,180.0
70,HLA-A30:01,33304.91,APF29074,FNVDWVFFGFS,70,181.0
212,HLA-A30:01,33305.37,APF29074,EGVLSEREKLL,212,182.0
45,HLA-A30:01,33672.82,APF29074,GLKMSVLWCLW,45,183.0
55,HLA-A30:01,33818.42,APF29074,WPLVLALSIFD,55,184.0
6,HLA-A30:01,33997.5,APF29074,PLSEVYVHLRN,6,185.0
81,HLA-A30:01,34001.07,APF29074,ILMSIITLCLW,81,186.0
179,HLA-A30:01,34199.75,APF29074,CDRVGRSVNET,179,187.0
153,HLA-A30:01,34255.96,APF29074,HKIATRVQVGQ,153,188.0
115,HLA-A30:01,34260.44,APF29074,TNAIISLQVYG,115,189.0
99,HLA-A30:01,35229.15,APF29074,FRLWRRVKTFW,99,190.0
209,HLA-A30:01,35419.25,APF29074,ASQEGVLSERE,209,191.0
130,HLA-A30:01,35599.2,APF29074,LPVMAAPTGVT,130,192.0
150,HLA-A30:01,35609.2,APF29074,VDGHKIATRVQ,150,193.0
172,HLA-A30:01,35759.29,APF29074,TPSTTIVCDRV,172,194.0
186,HLA-A30:01,36014.16,APF29074,VNETSQTGWAF,186,195.0
180,HLA-A30:01,36285.11,APF29074,DRVGRSVNETS,180,196.0
143,HLA-A30:01,36329.93,APF29074,LLSGVLLVDGH,143,197.0
211,HLA-A30:01,36649.54,APF29074,QEGVLSEREKL,211,198.0
178,HLA-A30:01,36894.32,APF29074,VCDRVGRSVNE,178,199.0
7,HLA-A30:01,36956.39,APF29074,LSEVYVHLRNW,7,200.0
184,HLA-A30:01,37102.55,APF29074,RSVNETSQTGW,184,201.0
42,HLA-A30:01,37222.37,APF29074,LLYGLKMSVLW,42,202.0
1,HLA-A30:01,37486.22,APF29074,SNSSVPLSEVY,1,203.0
173,HLA-A30:01,37599.59,APF29074,PSTTIVCDRVG,173,204.0
182,HLA-A30:01,37784.61,APF29074,VGRSVNETSQT,182,205.0
204,HLA-A30:01,37800.39,APF29074,DFSGVASQEGV,204,206.0
112,HLA-A30:01,37856.4,APF29074,NPETNAIISLQ,112,207.0
200,HLA-A30:01,38003.47,APF29074,AKHGDFSGVAS,200,208.0
207,HLA-A30:01,38311.46,APF29074,GVASQEGVLSE,207,209.0
206,HLA-A30:01,38328.86,APF29074,SGVASQEGVLS,206,210.0
201,HLA-A30:01,38634.67,APF29074,KHGDFSGVASQ,201,211.0
205,HLA-A30:01,38795.48,APF29074,FSGVASQEGVL,205,212.0
64,HLA-A30:01,39559.4,APF29074,FDCFVNFNVDW,64,213.0
183,HLA-A30:01,41067.79,APF29074,GRSVNETSQTG,183,214.0
202,HLA-A30:01,41667.83,APF29074,HGDFSGVASQE,202,215.0
203,HLA-A30:01,42558.55,APF29074,GDFSGVASQEG,203,216.0
93,HLA-A31:01 ,1902.19,APF29074,MYFVNSFRLWR,93,1.0
189,HLA-A31:01 ,4104.96,APF29074,TSQTGWAFYVR,189,2.0
104,HLA-A31:01 ,4980.93,APF29074,RVKTFWAFNPE,104,3.0
148,HLA-A31:01 ,5066.73,APF29074,LLVDGHKIATR,148,4.0
158,HLA-A31:01 ,5077.51,APF29074,RVQVGQLPKYV,158,5.0
208,HLA-A31:01 ,5116.07,APF29074,VASQEGVLSER,208,6.0
139,HLA-A31:01 ,5155.5,APF29074,VTLTLLSGVLL,139,7.0
31,HLA-A31:01 ,5180.66,APF29074,VLQYGHYKYSR,31,8.0
156,HLA-A31:01 ,5309.57,APF29074,ATRVQVGQLPK,156,9.0
36,HLA-A31:01 ,5397.43,APF29074,HYKYSRLLYGL,36,10.0
5,HLA-A31:01 ,5413.51,APF29074,VPLSEVYVHLR,5,11.0
13,HLA-A31:01 ,5428.07,APF29074,HLRNWNFSWNL,13,12.0
191,HLA-A31:01 ,5490.6,APF29074,QTGWAFYVRAK,191,13.0
41,HLA-A31:01 ,5496.11,APF29074,RLLYGLKMSVL,41,14.0
90,HLA-A31:01 ,5502.83,APF29074,LWVMYFVNSFR,90,15.0
4,HLA-A31:01 ,5507.64,APF29074,SVPLSEVYVHL,4,16.0
94,HLA-A31:01 ,5523.96,APF29074,YFVNSFRLWRR,94,17.0
30,HLA-A31:01 ,5532.3,APF29074,VVLQYGHYKYS,30,18.0
174,HLA-A31:01 ,5540.29,APF29074,STTIVCDRVGR,174,19.0
144,HLA-A31:01 ,5541.47,APF29074,LSGVLLVDGHK,144,20.0
171,HLA-A31:01 ,5559.55,APF29074,ATPSTTIVCDR,171,21.0
91,HLA-A31:01 ,5560.46,APF29074,WVMYFVNSFRL,91,22.0
210,HLA-A31:01 ,5576.62,APF29074,SQEGVLSEREK,210,23.0
32,HLA-A31:01 ,5586.71,APF29074,LQYGHYKYSRL,32,24.0
96,HLA-A31:01 ,5595.33,APF29074,VNSFRLWRRVK,96,25.0
28,HLA-A31:01 ,5599.73,APF29074,FIVVLQYGHYK,28,26.0
214,HLA-A31:01 ,5606.86,APF29074,VLSEREKLLHL,214,27.0
62,HLA-A31:01 ,5609.34,APF29074,SIFDCFVNFNV,62,28.0
33,HLA-A31:01 ,5619.34,APF29074,QYGHYKYSRLL,33,29.0
81,HLA-A31:01 ,5625.73,APF29074,ILMSIITLCLW,81,30.0
37,HLA-A31:01 ,5633.23,APF29074,YKYSRLLYGLK,37,31.0
49,HLA-A31:01 ,5643.28,APF29074,SVLWCLWPLVL,49,32.0
9,HLA-A31:01 ,5652.51,APF29074,EVYVHLRNWNF,9,33.0
34,HLA-A31:01 ,5656.13,APF29074,YGHYKYSRLLY,34,34.0
114,HLA-A31:01 ,5658.3,APF29074,ETNAIISLQVY,114,35.0
1,HLA-A31:01 ,5662.09,APF29074,SNSSVPLSEVY,1,36.0
195,HLA-A31:01 ,5663.69,APF29074,AFYVRAKHGDF,195,37.0
164,HLA-A31:01 ,5668.76,APF29074,LPKYVIVATPS,164,38.0
15,HLA-A31:01 ,5669.53,APF29074,RNWNFSWNLIL,15,39.0
118,HLA-A31:01 ,5673.81,APF29074,IISLQVYGHNY,118,40.0
97,HLA-A31:01 ,5673.97,APF29074,NSFRLWRRVKT,97,41.0
119,HLA-A31:01 ,5677.07,APF29074,ISLQVYGHNYY,119,42.0
26,HLA-A31:01 ,5680.53,APF29074,TVFIVVLQYGH,26,43.0
103,HLA-A31:01 ,5680.53,APF29074,RRVKTFWAFNP,103,43.0
111,HLA-A31:01 ,5684.55,APF29074,FNPETNAIISL,111,45.0
27,HLA-A31:01 ,5684.74,APF29074,VFIVVLQYGHY,27,46.0
89,HLA-A31:01 ,5685.22,APF29074,CLWVMYFVNSF,89,47.0
137,HLA-A31:01 ,5688.16,APF29074,TGVTLTLLSGV,137,48.0
123,HLA-A31:01 ,5688.98,APF29074,VYGHNYYLPVM,123,49.0
45,HLA-A31:01 ,5689.41,APF29074,GLKMSVLWCLW,45,50.0
149,HLA-A31:01 ,5690.43,APF29074,LVDGHKIATRV,149,51.0
134,HLA-A31:01 ,5691.65,APF29074,AAPTGVTLTLL,134,52.0
38,HLA-A31:01 ,5691.86,APF29074,KYSRLLYGLKM,38,53.0
135,HLA-A31:01 ,5693.38,APF29074,APTGVTLTLLS,135,54.0
175,HLA-A31:01 ,5693.69,APF29074,TTIVCDRVGRS,175,55.0
18,HLA-A31:01 ,5693.85,APF29074,NFSWNLILTVF,18,56.0
112,HLA-A31:01 ,5693.95,APF29074,NPETNAIISLQ,112,57.0
162,HLA-A31:01 ,5695.66,APF29074,GQLPKYVIVAT,162,58.0
120,HLA-A31:01 ,5695.77,APF29074,SLQVYGHNYYL,120,59.0
122,HLA-A31:01 ,5697.43,APF29074,QVYGHNYYLPV,122,60.0
0,HLA-A31:01 ,5698.29,APF29074,MSNSSVPLSEV,0,61.0
24,HLA-A31:01 ,5699.47,APF29074,ILTVFIVVLQY,24,62.0
211,HLA-A31:01 ,5700.28,APF29074,QEGVLSEREKL,211,63.0
154,HLA-A31:01 ,5700.31,APF29074,KIATRVQVGQL,154,64.0
150,HLA-A31:01 ,5700.76,APF29074,VDGHKIATRVQ,150,65.0
188,HLA-A31:01 ,5701.08,APF29074,ETSQTGWAFYV,188,66.0
7,HLA-A31:01 ,5703.31,APF29074,LSEVYVHLRNW,7,67.0
143,HLA-A31:01 ,5703.47,APF29074,LLSGVLLVDGH,143,68.0
163,HLA-A31:01 ,5704.52,APF29074,QLPKYVIVATP,163,69.0
73,HLA-A31:01 ,5706.6,APF29074,DWVFFGFSILM,73,70.0
138,HLA-A31:01 ,5706.75,APF29074,GVTLTLLSGVL,138,71.0
215,HLA-A31:01 ,5707.17,APF29074,LSEREKLLHLI,215,72.0
129,HLA-A31:01 ,5708.43,APF29074,YLPVMAAPTGV,129,73.0
201,HLA-A31:01 ,5708.83,APF29074,KHGDFSGVASQ,201,74.0
22,HLA-A31:01 ,5709.07,APF29074,NLILTVFIVVL,22,75.0
48,HLA-A31:01 ,5709.48,APF29074,MSVLWCLWPLV,48,76.0
182,HLA-A31:01 ,5710.29,APF29074,VGRSVNETSQT,182,77.0
88,HLA-A31:01 ,5710.34,APF29074,LCLWVMYFVNS,88,78.0
121,HLA-A31:01 ,5710.35,APF29074,LQVYGHNYYLP,121,79.0
83,HLA-A31:01 ,5712.53,APF29074,MSIITLCLWVM,83,80.0
157,HLA-A31:01 ,5713.52,APF29074,TRVQVGQLPKY,157,81.0
192,HLA-A31:01 ,5714.62,APF29074,TGWAFYVRAKH,192,82.0
127,HLA-A31:01 ,5714.98,APF29074,NYYLPVMAAPT,127,83.0
187,HLA-A31:01 ,5715.04,APF29074,NETSQTGWAFY,187,84.0
29,HLA-A31:01 ,5715.38,APF29074,IVVLQYGHYKY,29,85.0
84,HLA-A31:01 ,5715.77,APF29074,SIITLCLWVMY,84,86.0
47,HLA-A31:01 ,5715.94,APF29074,KMSVLWCLWPL,47,87.0
116,HLA-A31:01 ,5716.46,APF29074,NAIISLQVYGH,116,88.0
23,HLA-A31:01 ,5716.62,APF29074,LILTVFIVVLQ,23,89.0
86,HLA-A31:01 ,5716.84,APF29074,ITLCLWVMYFV,86,90.0
56,HLA-A31:01 ,5716.98,APF29074,PLVLALSIFDC,56,91.0
52,HLA-A31:01 ,5717.6,APF29074,WCLWPLVLALS,52,92.0
153,HLA-A31:01 ,5717.87,APF29074,HKIATRVQVGQ,153,93.0
124,HLA-A31:01 ,5717.99,APF29074,YGHNYYLPVMA,124,94.0
85,HLA-A31:01 ,5718.73,APF29074,IITLCLWVMYF,85,95.0
105,HLA-A31:01 ,5719.4,APF29074,VKTFWAFNPET,105,96.0
136,HLA-A31:01 ,5719.8,APF29074,PTGVTLTLLSG,136,97.0
165,HLA-A31:01 ,5720.16,APF29074,PKYVIVATPST,165,98.0
180,HLA-A31:01 ,5720.25,APF29074,DRVGRSVNETS,180,99.0
206,HLA-A31:01 ,5721.12,APF29074,SGVASQEGVLS,206,100.0
53,HLA-A31:01 ,5721.13,APF29074,CLWPLVLALSI,53,101.0
64,HLA-A31:01 ,5721.37,APF29074,FDCFVNFNVDW,64,102.0
155,HLA-A31:01 ,5721.41,APF29074,IATRVQVGQLP,155,103.0
14,HLA-A31:01 ,5721.42,APF29074,LRNWNFSWNLI,14,104.0
39,HLA-A31:01 ,5721.92,APF29074,YSRLLYGLKMS,39,105.0
145,HLA-A31:01 ,5722.17,APF29074,SGVLLVDGHKI,145,106.0
10,HLA-A31:01 ,5722.21,APF29074,VYVHLRNWNFS,10,107.0
76,HLA-A31:01 ,5722.64,APF29074,FFGFSILMSII,76,108.0
181,HLA-A31:01 ,5722.68,APF29074,RVGRSVNETSQ,181,109.0
212,HLA-A31:01 ,5723.03,APF29074,EGVLSEREKLL,212,110.0
177,HLA-A31:01 ,5724.75,APF29074,IVCDRVGRSVN,177,111.0
205,HLA-A31:01 ,5724.8,APF29074,FSGVASQEGVL,205,112.0
79,HLA-A31:01 ,5725.89,APF29074,FSILMSIITLC,79,113.0
80,HLA-A31:01 ,5726.0,APF29074,SILMSIITLCL,80,114.0
133,HLA-A31:01 ,5727.06,APF29074,MAAPTGVTLTL,133,115.0
66,HLA-A31:01 ,5727.17,APF29074,CFVNFNVDWVF,66,116.0
130,HLA-A31:01 ,5727.78,APF29074,LPVMAAPTGVT,130,117.0
186,HLA-A31:01 ,5728.28,APF29074,VNETSQTGWAF,186,118.0
72,HLA-A31:01 ,5728.56,APF29074,VDWVFFGFSIL,72,119.0
140,HLA-A31:01 ,5728.8,APF29074,TLTLLSGVLLV,140,120.0
151,HLA-A31:01 ,5730.82,APF29074,DGHKIATRVQV,151,121.0
108,HLA-A31:01 ,5731.09,APF29074,FWAFNPETNAI,108,122.0
42,HLA-A31:01 ,5732.04,APF29074,LLYGLKMSVLW,42,123.0
44,HLA-A31:01 ,5732.23,APF29074,YGLKMSVLWCL,44,124.0
109,HLA-A31:01 ,5732.41,APF29074,WAFNPETNAII,109,125.0
78,HLA-A31:01 ,5732.59,APF29074,GFSILMSIITL,78,126.0
40,HLA-A31:01 ,5732.89,APF29074,SRLLYGLKMSV,40,127.0
184,HLA-A31:01 ,5733.54,APF29074,RSVNETSQTGW,184,128.0
168,HLA-A31:01 ,5733.68,APF29074,VIVATPSTTIV,168,129.0
152,HLA-A31:01 ,5733.84,APF29074,GHKIATRVQVG,152,130.0
2,HLA-A31:01 ,5734.32,APF29074,NSSVPLSEVYV,2,131.0
131,HLA-A31:01 ,5734.38,APF29074,PVMAAPTGVTL,131,132.0
167,HLA-A31:01 ,5734.65,APF29074,YVIVATPSTTI,167,133.0
176,HLA-A31:01 ,5735.33,APF29074,TIVCDRVGRSV,176,134.0
59,HLA-A31:01 ,5736.48,APF29074,LALSIFDCFVN,59,135.0
58,HLA-A31:01 ,5737.44,APF29074,VLALSIFDCFV,58,136.0
113,HLA-A31:01 ,5737.78,APF29074,PETNAIISLQV,113,137.0
196,HLA-A31:01 ,5738.64,APF29074,FYVRAKHGDFS,196,138.0
101,HLA-A31:01 ,5738.71,APF29074,LWRRVKTFWAF,101,139.0
170,HLA-A31:01 ,5738.71,APF29074,VATPSTTIVCD,170,139.0
16,HLA-A31:01 ,5740.47,APF29074,NWNFSWNLILT,16,141.0
8,HLA-A31:01 ,5740.91,APF29074,SEVYVHLRNWN,8,142.0
82,HLA-A31:01 ,5741.01,APF29074,LMSIITLCLWV,82,143.0
46,HLA-A31:01 ,5741.17,APF29074,LKMSVLWCLWP,46,144.0
173,HLA-A31:01 ,5741.41,APF29074,PSTTIVCDRVG,173,145.0
63,HLA-A31:01 ,5741.54,APF29074,IFDCFVNFNVD,63,146.0
20,HLA-A31:01 ,5741.66,APF29074,SWNLILTVFIV,20,147.0
207,HLA-A31:01 ,5742.08,APF29074,GVASQEGVLSE,207,148.0
21,HLA-A31:01 ,5742.09,APF29074,WNLILTVFIVV,21,149.0
65,HLA-A31:01 ,5742.39,APF29074,DCFVNFNVDWV,65,150.0
160,HLA-A31:01 ,5742.95,APF29074,QVGQLPKYVIV,160,151.0
200,HLA-A31:01 ,5743.48,APF29074,AKHGDFSGVAS,200,152.0
194,HLA-A31:01 ,5744.17,APF29074,WAFYVRAKHGD,194,153.0
57,HLA-A31:01 ,5744.36,APF29074,LVLALSIFDCF,57,154.0
107,HLA-A31:01 ,5745.41,APF29074,TFWAFNPETNA,107,155.0
43,HLA-A31:01 ,5746.56,APF29074,LYGLKMSVLWC,43,156.0
179,HLA-A31:01 ,5746.56,APF29074,CDRVGRSVNET,179,156.0
125,HLA-A31:01 ,5746.87,APF29074,GHNYYLPVMAA,125,158.0
126,HLA-A31:01 ,5747.8,APF29074,HNYYLPVMAAP,126,159.0
132,HLA-A31:01 ,5748.9,APF29074,VMAAPTGVTLT,132,160.0
161,HLA-A31:01 ,5748.94,APF29074,VGQLPKYVIVA,161,161.0
204,HLA-A31:01 ,5749.52,APF29074,DFSGVASQEGV,204,162.0
183,HLA-A31:01 ,5749.85,APF29074,GRSVNETSQTG,183,163.0
74,HLA-A31:01 ,5751.19,APF29074,WVFFGFSILMS,74,164.0
25,HLA-A31:01 ,5751.32,APF29074,LTVFIVVLQYG,25,165.0
6,HLA-A31:01 ,5751.38,APF29074,PLSEVYVHLRN,6,166.0
169,HLA-A31:01 ,5751.4,APF29074,IVATPSTTIVC,169,167.0
87,HLA-A31:01 ,5753.09,APF29074,TLCLWVMYFVN,87,168.0
202,HLA-A31:01 ,5753.17,APF29074,HGDFSGVASQE,202,169.0
17,HLA-A31:01 ,5754.49,APF29074,WNFSWNLILTV,17,170.0
172,HLA-A31:01 ,5755.62,APF29074,TPSTTIVCDRV,172,171.0
198,HLA-A31:01 ,5756.67,APF29074,VRAKHGDFSGV,198,172.0
60,HLA-A31:01 ,5756.71,APF29074,ALSIFDCFVNF,60,173.0
106,HLA-A31:01 ,5757.05,APF29074,KTFWAFNPETN,106,174.0
35,HLA-A31:01 ,5757.15,APF29074,GHYKYSRLLYG,35,175.0
213,HLA-A31:01 ,5757.84,APF29074,GVLSEREKLLH,213,176.0
197,HLA-A31:01 ,5761.44,APF29074,YVRAKHGDFSG,197,177.0
142,HLA-A31:01 ,5761.95,APF29074,TLLSGVLLVDG,142,178.0
98,HLA-A31:01 ,5762.61,APF29074,SFRLWRRVKTF,98,179.0
51,HLA-A31:01 ,5763.28,APF29074,LWCLWPLVLAL,51,180.0
193,HLA-A31:01 ,5763.61,APF29074,GWAFYVRAKHG,193,181.0
146,HLA-A31:01 ,5764.15,APF29074,GVLLVDGHKIA,146,182.0
3,HLA-A31:01 ,5765.66,APF29074,SSVPLSEVYVH,3,183.0
141,HLA-A31:01 ,5765.66,APF29074,LTLLSGVLLVD,141,183.0
115,HLA-A31:01 ,5768.72,APF29074,TNAIISLQVYG,115,185.0
77,HLA-A31:01 ,5769.91,APF29074,FGFSILMSIIT,77,186.0
95,HLA-A31:01 ,5770.23,APF29074,FVNSFRLWRRV,95,187.0
70,HLA-A31:01 ,5771.37,APF29074,FNVDWVFFGFS,70,188.0
209,HLA-A31:01 ,5771.45,APF29074,ASQEGVLSERE,209,189.0
178,HLA-A31:01 ,5774.77,APF29074,VCDRVGRSVNE,178,190.0
166,HLA-A31:01 ,5775.83,APF29074,KYVIVATPSTT,166,191.0
54,HLA-A31:01 ,5776.51,APF29074,LWPLVLALSIF,54,192.0
12,HLA-A31:01 ,5779.14,APF29074,VHLRNWNFSWN,12,193.0
203,HLA-A31:01 ,5779.55,APF29074,GDFSGVASQEG,203,194.0
99,HLA-A31:01 ,5779.98,APF29074,FRLWRRVKTFW,99,195.0
11,HLA-A31:01 ,5784.05,APF29074,YVHLRNWNFSW,11,196.0
69,HLA-A31:01 ,5785.11,APF29074,NFNVDWVFFGF,69,197.0
55,HLA-A31:01 ,5787.45,APF29074,WPLVLALSIFD,55,198.0
71,HLA-A31:01 ,5791.15,APF29074,NVDWVFFGFSI,71,199.0
61,HLA-A31:01 ,5792.54,APF29074,LSIFDCFVNFN,61,200.0
117,HLA-A31:01 ,5798.13,APF29074,AIISLQVYGHN,117,201.0
190,HLA-A31:01 ,5808.07,APF29074,SQTGWAFYVRA,190,202.0
110,HLA-A31:01 ,5812.89,APF29074,AFNPETNAIIS,110,203.0
185,HLA-A31:01 ,5813.08,APF29074,SVNETSQTGWA,185,204.0
147,HLA-A31:01 ,5814.51,APF29074,VLLVDGHKIAT,147,205.0
102,HLA-A31:01 ,5814.78,APF29074,WRRVKTFWAFN,102,206.0
159,HLA-A31:01 ,5820.17,APF29074,VQVGQLPKYVI,159,207.0
50,HLA-A31:01 ,5837.96,APF29074,VLWCLWPLVLA,50,208.0
68,HLA-A31:01 ,5840.32,APF29074,VNFNVDWVFFG,68,209.0
128,HLA-A31:01 ,5841.93,APF29074,YYLPVMAAPTG,128,210.0
199,HLA-A31:01 ,5842.54,APF29074,RAKHGDFSGVA,199,211.0
67,HLA-A31:01 ,5845.33,APF29074,FVNFNVDWVFF,67,212.0
19,HLA-A31:01 ,5867.92,APF29074,FSWNLILTVFI,19,213.0
100,HLA-A31:01 ,5870.07,APF29074,RLWRRVKTFWA,100,214.0
75,HLA-A31:01 ,5922.53,APF29074,VFFGFSILMSI,75,215.0
92,HLA-A31:01 ,5932.64,APF29074,VMYFVNSFRLW,92,216.0
93,HLA-A33:01 ,5.75,APF29074,MYFVNSFRLWR,93,1.0
94,HLA-A33:01 ,8.59,APF29074,YFVNSFRLWRR,94,2.0
90,HLA-A33:01 ,34.9,APF29074,LWVMYFVNSFR,90,3.0
189,HLA-A33:01 ,259.79,APF29074,TSQTGWAFYVR,189,4.0
174,HLA-A33:01 ,492.11,APF29074,STTIVCDRVGR,174,5.0
126,HLA-A33:01 ,632.74,APF29074,HNYYLPVMAAP,126,6.0
31,HLA-A33:01 ,832.74,APF29074,VLQYGHYKYSR,31,7.0
9,HLA-A33:01 ,989.45,APF29074,EVYVHLRNWNF,9,8.0
73,HLA-A33:01 ,1188.79,APF29074,DWVFFGFSILM,73,9.0
91,HLA-A33:01 ,1203.61,APF29074,WVMYFVNSFRL,91,10.0
86,HLA-A33:01 ,1376.08,APF29074,ITLCLWVMYFV,86,11.0
148,HLA-A33:01 ,1505.65,APF29074,LLVDGHKIATR,148,12.0
5,HLA-A33:01 ,1519.36,APF29074,VPLSEVYVHLR,5,13.0
46,HLA-A33:01 ,1537.09,APF29074,LKMSVLWCLWP,46,14.0
13,HLA-A33:01 ,1612.96,APF29074,HLRNWNFSWNL,13,15.0
10,HLA-A33:01 ,1810.24,APF29074,VYVHLRNWNFS,10,16.0
127,HLA-A33:01 ,1810.28,APF29074,NYYLPVMAAPT,127,17.0
80,HLA-A33:01 ,3149.36,APF29074,SILMSIITLCL,80,18.0
70,HLA-A33:01 ,3279.79,APF29074,FNVDWVFFGFS,70,19.0
48,HLA-A33:01 ,3330.35,APF29074,MSVLWCLWPLV,48,20.0
85,HLA-A33:01 ,3667.2,APF29074,IITLCLWVMYF,85,21.0
61,HLA-A33:01 ,3793.51,APF29074,LSIFDCFVNFN,61,22.0
28,HLA-A33:01 ,3991.74,APF29074,FIVVLQYGHYK,28,23.0
208,HLA-A33:01 ,4023.91,APF29074,VASQEGVLSER,208,24.0
191,HLA-A33:01 ,4340.78,APF29074,QTGWAFYVRAK,191,25.0
36,HLA-A33:01 ,4707.44,APF29074,HYKYSRLLYGL,36,26.0
12,HLA-A33:01 ,5151.77,APF29074,VHLRNWNFSWN,12,27.0
26,HLA-A33:01 ,5265.27,APF29074,TVFIVVLQYGH,26,28.0
102,HLA-A33:01 ,5343.3,APF29074,WRRVKTFWAFN,102,29.0
16,HLA-A33:01 ,5355.12,APF29074,NWNFSWNLILT,16,30.0
62,HLA-A33:01 ,5461.81,APF29074,SIFDCFVNFNV,62,31.0
88,HLA-A33:01 ,5750.14,APF29074,LCLWVMYFVNS,88,32.0
37,HLA-A33:01 ,6101.67,APF29074,YKYSRLLYGLK,37,33.0
75,HLA-A33:01 ,6633.04,APF29074,VFFGFSILMSI,75,34.0
87,HLA-A33:01 ,6808.86,APF29074,TLCLWVMYFVN,87,35.0
69,HLA-A33:01 ,7123.52,APF29074,NFNVDWVFFGF,69,36.0
72,HLA-A33:01 ,7468.36,APF29074,VDWVFFGFSIL,72,37.0
97,HLA-A33:01 ,7675.64,APF29074,NSFRLWRRVKT,97,38.0
23,HLA-A33:01 ,8108.36,APF29074,LILTVFIVVLQ,23,39.0
74,HLA-A33:01 ,8387.42,APF29074,WVFFGFSILMS,74,40.0
92,HLA-A33:01 ,8388.12,APF29074,VMYFVNSFRLW,92,41.0
76,HLA-A33:01 ,8514.23,APF29074,FFGFSILMSII,76,42.0
89,HLA-A33:01 ,8636.87,APF29074,CLWVMYFVNSF,89,43.0
188,HLA-A33:01 ,8682.82,APF29074,ETSQTGWAFYV,188,44.0
98,HLA-A33:01 ,8705.48,APF29074,SFRLWRRVKTF,98,45.0
59,HLA-A33:01 ,8885.6,APF29074,LALSIFDCFVN,59,46.0
71,HLA-A33:01 ,8948.96,APF29074,NVDWVFFGFSI,71,47.0
101,HLA-A33:01 ,9020.92,APF29074,LWRRVKTFWAF,101,48.0
103,HLA-A33:01 ,9033.35,APF29074,RRVKTFWAFNP,103,49.0
52,HLA-A33:01 ,9135.94,APF29074,WCLWPLVLALS,52,50.0
96,HLA-A33:01 ,9205.11,APF29074,VNSFRLWRRVK,96,51.0
79,HLA-A33:01 ,9209.12,APF29074,FSILMSIITLC,79,52.0
78,HLA-A33:01 ,9557.8,APF29074,GFSILMSIITL,78,53.0
81,HLA-A33:01 ,9565.95,APF29074,ILMSIITLCLW,81,54.0
24,HLA-A33:01 ,9604.82,APF29074,ILTVFIVVLQY,24,55.0
20,HLA-A33:01 ,9796.28,APF29074,SWNLILTVFIV,20,56.0
47,HLA-A33:01 ,10009.13,APF29074,KMSVLWCLWPL,47,57.0
22,HLA-A33:01 ,10340.93,APF29074,NLILTVFIVVL,22,58.0
95,HLA-A33:01 ,10516.53,APF29074,FVNSFRLWRRV,95,59.0
18,HLA-A33:01 ,10797.44,APF29074,NFSWNLILTVF,18,60.0
8,HLA-A33:01 ,10967.62,APF29074,SEVYVHLRNWN,8,61.0
6,HLA-A33:01 ,10987.98,APF29074,PLSEVYVHLRN,6,62.0
82,HLA-A33:01 ,11104.44,APF29074,LMSIITLCLWV,82,63.0
120,HLA-A33:01 ,12052.6,APF29074,SLQVYGHNYYL,120,64.0
57,HLA-A33:01 ,12465.11,APF29074,LVLALSIFDCF,57,65.0
122,HLA-A33:01 ,12589.73,APF29074,QVYGHNYYLPV,122,66.0
19,HLA-A33:01 ,12778.29,APF29074,FSWNLILTVFI,19,67.0
17,HLA-A33:01 ,12843.43,APF29074,WNFSWNLILTV,17,68.0
171,HLA-A33:01 ,13203.88,APF29074,ATPSTTIVCDR,171,69.0
104,HLA-A33:01 ,13236.03,APF29074,RVKTFWAFNPE,104,70.0
114,HLA-A33:01 ,13282.59,APF29074,ETNAIISLQVY,114,71.0
33,HLA-A33:01 ,13393.32,APF29074,QYGHYKYSRLL,33,72.0
83,HLA-A33:01 ,13499.89,APF29074,MSIITLCLWVM,83,73.0
121,HLA-A33:01 ,13506.26,APF29074,LQVYGHNYYLP,121,74.0
21,HLA-A33:01 ,13608.01,APF29074,WNLILTVFIVV,21,75.0
27,HLA-A33:01 ,13745.55,APF29074,VFIVVLQYGHY,27,76.0
116,HLA-A33:01 ,14351.89,APF29074,NAIISLQVYGH,116,77.0
30,HLA-A33:01 ,15166.19,APF29074,VVLQYGHYKYS,30,78.0
49,HLA-A33:01 ,15228.78,APF29074,SVLWCLWPLVL,49,79.0
77,HLA-A33:01 ,15361.0,APF29074,FGFSILMSIIT,77,80.0
50,HLA-A33:01 ,15737.04,APF29074,VLWCLWPLVLA,50,81.0
14,HLA-A33:01 ,15905.28,APF29074,LRNWNFSWNLI,14,82.0
58,HLA-A33:01 ,16156.34,APF29074,VLALSIFDCFV,58,83.0
196,HLA-A33:01 ,16220.29,APF29074,FYVRAKHGDFS,196,84.0
11,HLA-A33:01 ,16656.43,APF29074,YVHLRNWNFSW,11,85.0
68,HLA-A33:01 ,17567.46,APF29074,VNFNVDWVFFG,68,86.0
15,HLA-A33:01 ,17625.22,APF29074,RNWNFSWNLIL,15,87.0
63,HLA-A33:01 ,17670.17,APF29074,IFDCFVNFNVD,63,88.0
164,HLA-A33:01 ,17857.19,APF29074,LPKYVIVATPS,164,89.0
43,HLA-A33:01 ,17990.85,APF29074,LYGLKMSVLWC,43,90.0
25,HLA-A33:01 ,18318.15,APF29074,LTVFIVVLQYG,25,91.0
39,HLA-A33:01 ,18446.17,APF29074,YSRLLYGLKMS,39,92.0
192,HLA-A33:01 ,18868.2,APF29074,TGWAFYVRAKH,192,93.0
190,HLA-A33:01 ,19255.22,APF29074,SQTGWAFYVRA,190,94.0
106,HLA-A33:01 ,19646.92,APF29074,KTFWAFNPETN,106,95.0
108,HLA-A33:01 ,19656.74,APF29074,FWAFNPETNAI,108,96.0
139,HLA-A33:01 ,19966.6,APF29074,VTLTLLSGVLL,139,97.0
84,HLA-A33:01 ,20369.61,APF29074,SIITLCLWVMY,84,98.0
128,HLA-A33:01 ,20432.94,APF29074,YYLPVMAAPTG,128,99.0
204,HLA-A33:01 ,20570.94,APF29074,DFSGVASQEGV,204,100.0
65,HLA-A33:01 ,20594.27,APF29074,DCFVNFNVDWV,65,101.0
60,HLA-A33:01 ,20744.75,APF29074,ALSIFDCFVNF,60,102.0
140,HLA-A33:01 ,20777.59,APF29074,TLTLLSGVLLV,140,103.0
51,HLA-A33:01 ,20844.66,APF29074,LWCLWPLVLAL,51,104.0
40,HLA-A33:01 ,20969.19,APF29074,SRLLYGLKMSV,40,105.0
99,HLA-A33:01 ,21183.45,APF29074,FRLWRRVKTFW,99,106.0
151,HLA-A33:01 ,21559.17,APF29074,DGHKIATRVQV,151,107.0
177,HLA-A33:01 ,21961.76,APF29074,IVCDRVGRSVN,177,108.0
34,HLA-A33:01 ,22300.29,APF29074,YGHYKYSRLLY,34,109.0
202,HLA-A33:01 ,22516.0,APF29074,HGDFSGVASQE,202,110.0
29,HLA-A33:01 ,22754.73,APF29074,IVVLQYGHYKY,29,111.0
117,HLA-A33:01 ,23106.78,APF29074,AIISLQVYGHN,117,112.0
53,HLA-A33:01 ,23334.38,APF29074,CLWPLVLALSI,53,113.0
54,HLA-A33:01 ,23471.11,APF29074,LWPLVLALSIF,54,114.0
111,HLA-A33:01 ,23621.06,APF29074,FNPETNAIISL,111,115.0
35,HLA-A33:01 ,23911.39,APF29074,GHYKYSRLLYG,35,116.0
56,HLA-A33:01 ,24210.33,APF29074,PLVLALSIFDC,56,117.0
107,HLA-A33:01 ,24335.53,APF29074,TFWAFNPETNA,107,118.0
163,HLA-A33:01 ,24342.47,APF29074,QLPKYVIVATP,163,119.0
66,HLA-A33:01 ,24346.83,APF29074,CFVNFNVDWVF,66,120.0
175,HLA-A33:01 ,25088.83,APF29074,TTIVCDRVGRS,175,121.0
42,HLA-A33:01 ,25335.35,APF29074,LLYGLKMSVLW,42,122.0
45,HLA-A33:01 ,25574.25,APF29074,GLKMSVLWCLW,45,123.0
118,HLA-A33:01 ,25779.45,APF29074,IISLQVYGHNY,118,124.0
156,HLA-A33:01 ,26415.15,APF29074,ATRVQVGQLPK,156,125.0
64,HLA-A33:01 ,26499.92,APF29074,FDCFVNFNVDW,64,126.0
115,HLA-A33:01 ,26501.03,APF29074,TNAIISLQVYG,115,127.0
44,HLA-A33:01 ,26517.31,APF29074,YGLKMSVLWCL,44,128.0
32,HLA-A33:01 ,26517.74,APF29074,LQYGHYKYSRL,32,129.0
200,HLA-A33:01 ,26601.47,APF29074,AKHGDFSGVAS,200,130.0
209,HLA-A33:01 ,26993.48,APF29074,ASQEGVLSERE,209,131.0
178,HLA-A33:01 ,27602.53,APF29074,VCDRVGRSVNE,178,132.0
55,HLA-A33:01 ,28034.28,APF29074,WPLVLALSIFD,55,133.0
141,HLA-A33:01 ,28256.17,APF29074,LTLLSGVLLVD,141,134.0
38,HLA-A33:01 ,28501.47,APF29074,KYSRLLYGLKM,38,135.0
155,HLA-A33:01 ,28503.66,APF29074,IATRVQVGQLP,155,136.0
67,HLA-A33:01 ,28586.76,APF29074,FVNFNVDWVFF,67,137.0
41,HLA-A33:01 ,29389.5,APF29074,RLLYGLKMSVL,41,138.0
100,HLA-A33:01 ,29399.64,APF29074,RLWRRVKTFWA,100,139.0
112,HLA-A33:01 ,29471.61,APF29074,NPETNAIISLQ,112,140.0
194,HLA-A33:01 ,29472.82,APF29074,WAFYVRAKHGD,194,141.0
119,HLA-A33:01 ,29839.87,APF29074,ISLQVYGHNYY,119,142.0
123,HLA-A33:01 ,30059.35,APF29074,VYGHNYYLPVM,123,143.0
133,HLA-A33:01 ,30267.38,APF29074,MAAPTGVTLTL,133,144.0
0,HLA-A33:01 ,30298.27,APF29074,MSNSSVPLSEV,0,145.0
110,HLA-A33:01 ,30436.29,APF29074,AFNPETNAIIS,110,146.0
180,HLA-A33:01 ,30576.7,APF29074,DRVGRSVNETS,180,147.0
144,HLA-A33:01 ,31225.04,APF29074,LSGVLLVDGHK,144,148.0
2,HLA-A33:01 ,31486.3,APF29074,NSSVPLSEVYV,2,149.0
113,HLA-A33:01 ,32174.04,APF29074,PETNAIISLQV,113,150.0
135,HLA-A33:01 ,32417.76,APF29074,APTGVTLTLLS,135,151.0
105,HLA-A33:01 ,32609.93,APF29074,VKTFWAFNPET,105,152.0
207,HLA-A33:01 ,32714.87,APF29074,GVASQEGVLSE,207,153.0
147,HLA-A33:01 ,32790.72,APF29074,VLLVDGHKIAT,147,154.0
169,HLA-A33:01 ,32827.67,APF29074,IVATPSTTIVC,169,155.0
142,HLA-A33:01 ,32993.71,APF29074,TLLSGVLLVDG,142,156.0
165,HLA-A33:01 ,33279.0,APF29074,PKYVIVATPST,165,157.0
213,HLA-A33:01 ,33316.83,APF29074,GVLSEREKLLH,213,158.0
137,HLA-A33:01 ,33433.71,APF29074,TGVTLTLLSGV,137,159.0
197,HLA-A33:01 ,33495.91,APF29074,YVRAKHGDFSG,197,160.0
138,HLA-A33:01 ,33561.16,APF29074,GVTLTLLSGVL,138,161.0
206,HLA-A33:01 ,33702.83,APF29074,SGVASQEGVLS,206,162.0
125,HLA-A33:01 ,33785.27,APF29074,GHNYYLPVMAA,125,163.0
3,HLA-A33:01 ,34098.42,APF29074,SSVPLSEVYVH,3,164.0
187,HLA-A33:01 ,34098.5,APF29074,NETSQTGWAFY,187,165.0
193,HLA-A33:01 ,34311.09,APF29074,GWAFYVRAKHG,193,166.0
124,HLA-A33:01 ,34397.82,APF29074,YGHNYYLPVMA,124,167.0
7,HLA-A33:01 ,34622.36,APF29074,LSEVYVHLRNW,7,168.0
176,HLA-A33:01 ,35052.47,APF29074,TIVCDRVGRSV,176,169.0
210,HLA-A33:01 ,35141.68,APF29074,SQEGVLSEREK,210,170.0
167,HLA-A33:01 ,35657.15,APF29074,YVIVATPSTTI,167,171.0
168,HLA-A33:01 ,35975.22,APF29074,VIVATPSTTIV,168,172.0
212,HLA-A33:01 ,36132.74,APF29074,EGVLSEREKLL,212,173.0
4,HLA-A33:01 ,36141.19,APF29074,SVPLSEVYVHL,4,174.0
153,HLA-A33:01 ,36245.1,APF29074,HKIATRVQVGQ,153,175.0
149,HLA-A33:01 ,36476.19,APF29074,LVDGHKIATRV,149,176.0
129,HLA-A33:01 ,36747.33,APF29074,YLPVMAAPTGV,129,177.0
166,HLA-A33:01 ,37199.76,APF29074,KYVIVATPSTT,166,178.0
146,HLA-A33:01 ,37277.83,APF29074,GVLLVDGHKIA,146,179.0
150,HLA-A33:01 ,37281.39,APF29074,VDGHKIATRVQ,150,180.0
211,HLA-A33:01 ,37432.54,APF29074,QEGVLSEREKL,211,181.0
201,HLA-A33:01 ,37889.86,APF29074,KHGDFSGVASQ,201,182.0
214,HLA-A33:01 ,37922.27,APF29074,VLSEREKLLHL,214,183.0
109,HLA-A33:01 ,37944.52,APF29074,WAFNPETNAII,109,184.0
160,HLA-A33:01 ,38211.18,APF29074,QVGQLPKYVIV,160,185.0
143,HLA-A33:01 ,38314.97,APF29074,LLSGVLLVDGH,143,186.0
132,HLA-A33:01 ,38663.5,APF29074,VMAAPTGVTLT,132,187.0
195,HLA-A33:01 ,38746.9,APF29074,AFYVRAKHGDF,195,188.0
136,HLA-A33:01 ,38769.6,APF29074,PTGVTLTLLSG,136,189.0
131,HLA-A33:01 ,38782.95,APF29074,PVMAAPTGVTL,131,190.0
170,HLA-A33:01 ,38796.31,APF29074,VATPSTTIVCD,170,191.0
198,HLA-A33:01 ,38814.97,APF29074,VRAKHGDFSGV,198,192.0
186,HLA-A33:01 ,39036.67,APF29074,VNETSQTGWAF,186,193.0
179,HLA-A33:01 ,39499.19,APF29074,CDRVGRSVNET,179,194.0
182,HLA-A33:01 ,39529.69,APF29074,VGRSVNETSQT,182,195.0
162,HLA-A33:01 ,39591.88,APF29074,GQLPKYVIVAT,162,196.0
172,HLA-A33:01 ,39620.15,APF29074,TPSTTIVCDRV,172,197.0
203,HLA-A33:01 ,39781.62,APF29074,GDFSGVASQEG,203,198.0
157,HLA-A33:01 ,39935.96,APF29074,TRVQVGQLPKY,157,199.0
158,HLA-A33:01 ,40123.23,APF29074,RVQVGQLPKYV,158,200.0
181,HLA-A33:01 ,40171.31,APF29074,RVGRSVNETSQ,181,201.0
1,HLA-A33:01 ,40194.28,APF29074,SNSSVPLSEVY,1,202.0
154,HLA-A33:01 ,40576.7,APF29074,KIATRVQVGQL,154,203.0
205,HLA-A33:01 ,40603.13,APF29074,FSGVASQEGVL,205,204.0
145,HLA-A33:01 ,40834.04,APF29074,SGVLLVDGHKI,145,205.0
134,HLA-A33:01 ,41070.46,APF29074,AAPTGVTLTLL,134,206.0
215,HLA-A33:01 ,41620.15,APF29074,LSEREKLLHLI,215,207.0
199,HLA-A33:01 ,41637.21,APF29074,RAKHGDFSGVA,199,208.0
152,HLA-A33:01 ,42254.2,APF29074,GHKIATRVQVG,152,209.0
159,HLA-A33:01 ,42615.62,APF29074,VQVGQLPKYVI,159,210.0
173,HLA-A33:01 ,42770.69,APF29074,PSTTIVCDRVG,173,211.0
185,HLA-A33:01 ,42998.34,APF29074,SVNETSQTGWA,185,212.0
183,HLA-A33:01 ,43042.56,APF29074,GRSVNETSQTG,183,213.0
130,HLA-A33:01 ,43149.48,APF29074,LPVMAAPTGVT,130,214.0
184,HLA-A33:01 ,43580.8,APF29074,RSVNETSQTGW,184,215.0
161,HLA-A33:01 ,44294.46,APF29074,VGQLPKYVIVA,161,216.0
188,HLA-A68:01 ,1619.15,APF29074,ETSQTGWAFYV,188,1.0
62,HLA-A68:01 ,2204.38,APF29074,SIFDCFVNFNV,62,2.0
91,HLA-A68:01 ,2926.0,APF29074,WVMYFVNSFRL,91,3.0
122,HLA-A68:01 ,3218.96,APF29074,QVYGHNYYLPV,122,4.0
133,HLA-A68:01 ,3639.82,APF29074,MAAPTGVTLTL,133,5.0
95,HLA-A68:01 ,4047.93,APF29074,FVNSFRLWRRV,95,6.0
114,HLA-A68:01 ,4209.12,APF29074,ETNAIISLQVY,114,7.0
167,HLA-A68:01 ,4408.52,APF29074,YVIVATPSTTI,167,8.0
19,HLA-A68:01 ,4442.87,APF29074,FSWNLILTVFI,19,9.0
71,HLA-A68:01 ,4455.72,APF29074,NVDWVFFGFSI,71,10.0
73,HLA-A68:01 ,4594.63,APF29074,DWVFFGFSILM,73,11.0
0,HLA-A68:01 ,4620.84,APF29074,MSNSSVPLSEV,0,12.0
48,HLA-A68:01 ,4638.49,APF29074,MSVLWCLWPLV,48,13.0
176,HLA-A68:01 ,4671.72,APF29074,TIVCDRVGRSV,176,14.0
17,HLA-A68:01 ,4675.65,APF29074,WNFSWNLILTV,17,15.0
2,HLA-A68:01 ,4705.78,APF29074,NSSVPLSEVYV,2,16.0
9,HLA-A68:01 ,4772.88,APF29074,EVYVHLRNWNF,9,17.0
4,HLA-A68:01 ,4819.53,APF29074,SVPLSEVYVHL,4,18.0
149,HLA-A68:01 ,4849.4,APF29074,LVDGHKIATRV,149,19.0
109,HLA-A68:01 ,4955.37,APF29074,WAFNPETNAII,109,20.0
86,HLA-A68:01 ,4960.26,APF29074,ITLCLWVMYFV,86,21.0
137,HLA-A68:01 ,4971.38,APF29074,TGVTLTLLSGV,137,22.0
67,HLA-A68:01 ,5020.57,APF29074,FVNFNVDWVFF,67,23.0
111,HLA-A68:01 ,5059.14,APF29074,FNPETNAIISL,111,24.0
74,HLA-A68:01 ,5092.04,APF29074,WVFFGFSILMS,74,25.0
65,HLA-A68:01 ,5096.61,APF29074,DCFVNFNVDWV,65,26.0
168,HLA-A68:01 ,5100.65,APF29074,VIVATPSTTIV,168,27.0
26,HLA-A68:01 ,5123.97,APF29074,TVFIVVLQYGH,26,28.0
3,HLA-A68:01 ,5129.23,APF29074,SSVPLSEVYVH,3,29.0
22,HLA-A68:01 ,5149.46,APF29074,NLILTVFIVVL,22,30.0
151,HLA-A68:01 ,5154.55,APF29074,DGHKIATRVQV,151,31.0
172,HLA-A68:01 ,5158.87,APF29074,TPSTTIVCDRV,172,32.0
70,HLA-A68:01 ,5228.44,APF29074,FNVDWVFFGFS,70,33.0
79,HLA-A68:01 ,5232.99,APF29074,FSILMSIITLC,79,34.0
204,HLA-A68:01 ,5236.73,APF29074,DFSGVASQEGV,204,35.0
21,HLA-A68:01 ,5257.4,APF29074,WNLILTVFIVV,21,36.0
131,HLA-A68:01 ,5295.44,APF29074,PVMAAPTGVTL,131,37.0
160,HLA-A68:01 ,5296.43,APF29074,QVGQLPKYVIV,160,38.0
169,HLA-A68:01 ,5299.03,APF29074,IVATPSTTIVC,169,39.0
75,HLA-A68:01 ,5317.4,APF29074,VFFGFSILMSI,75,40.0
58,HLA-A68:01 ,5351.36,APF29074,VLALSIFDCFV,58,41.0
129,HLA-A68:01 ,5360.13,APF29074,YLPVMAAPTGV,129,42.0
158,HLA-A68:01 ,5378.49,APF29074,RVQVGQLPKYV,158,43.0
18,HLA-A68:01 ,5419.94,APF29074,NFSWNLILTVF,18,44.0
140,HLA-A68:01 ,5426.37,APF29074,TLTLLSGVLLV,140,45.0
83,HLA-A68:01 ,5433.59,APF29074,MSIITLCLWVM,83,46.0
53,HLA-A68:01 ,5436.62,APF29074,CLWPLVLALSI,53,47.0
132,HLA-A68:01 ,5439.2,APF29074,VMAAPTGVTLT,132,48.0
134,HLA-A68:01 ,5442.08,APF29074,AAPTGVTLTLL,134,49.0
49,HLA-A68:01 ,5452.03,APF29074,SVLWCLWPLVL,49,50.0
20,HLA-A68:01 ,5459.94,APF29074,SWNLILTVFIV,20,51.0
82,HLA-A68:01 ,5461.87,APF29074,LMSIITLCLWV,82,52.0
97,HLA-A68:01 ,5475.82,APF29074,NSFRLWRRVKT,97,53.0
189,HLA-A68:01 ,5494.85,APF29074,TSQTGWAFYVR,189,54.0
80,HLA-A68:01 ,5512.1,APF29074,SILMSIITLCL,80,55.0
5,HLA-A68:01 ,5514.6,APF29074,VPLSEVYVHLR,5,56.0
163,HLA-A68:01 ,5532.35,APF29074,QLPKYVIVATP,163,57.0
24,HLA-A68:01 ,5533.18,APF29074,ILTVFIVVLQY,24,58.0
1,HLA-A68:01 ,5540.47,APF29074,SNSSVPLSEVY,1,59.0
76,HLA-A68:01 ,5553.2,APF29074,FFGFSILMSII,76,60.0
106,HLA-A68:01 ,5553.33,APF29074,KTFWAFNPETN,106,61.0
69,HLA-A68:01 ,5556.04,APF29074,NFNVDWVFFGF,69,62.0
16,HLA-A68:01 ,5556.25,APF29074,NWNFSWNLILT,16,63.0
154,HLA-A68:01 ,5558.22,APF29074,KIATRVQVGQL,154,64.0
32,HLA-A68:01 ,5563.07,APF29074,LQYGHYKYSRL,32,65.0
120,HLA-A68:01 ,5567.23,APF29074,SLQVYGHNYYL,120,66.0
72,HLA-A68:01 ,5570.67,APF29074,VDWVFFGFSIL,72,67.0
139,HLA-A68:01 ,5571.31,APF29074,VTLTLLSGVLL,139,68.0
138,HLA-A68:01 ,5572.28,APF29074,GVTLTLLSGVL,138,69.0
77,HLA-A68:01 ,5574.59,APF29074,FGFSILMSIIT,77,70.0
66,HLA-A68:01 ,5578.73,APF29074,CFVNFNVDWVF,66,71.0
36,HLA-A68:01 ,5578.96,APF29074,HYKYSRLLYGL,36,72.0
185,HLA-A68:01 ,5580.38,APF29074,SVNETSQTGWA,185,73.0
194,HLA-A68:01 ,5581.09,APF29074,WAFYVRAKHGD,194,74.0
113,HLA-A68:01 ,5581.19,APF29074,PETNAIISLQV,113,75.0
171,HLA-A68:01 ,5582.76,APF29074,ATPSTTIVCDR,171,76.0
108,HLA-A68:01 ,5593.07,APF29074,FWAFNPETNAI,108,77.0
87,HLA-A68:01 ,5593.31,APF29074,TLCLWVMYFVN,87,78.0
175,HLA-A68:01 ,5600.47,APF29074,TTIVCDRVGRS,175,79.0
85,HLA-A68:01 ,5602.38,APF29074,IITLCLWVMYF,85,80.0
47,HLA-A68:01 ,5610.18,APF29074,KMSVLWCLWPL,47,81.0
94,HLA-A68:01 ,5618.62,APF29074,YFVNSFRLWRR,94,82.0
13,HLA-A68:01 ,5619.23,APF29074,HLRNWNFSWNL,13,83.0
37,HLA-A68:01 ,5619.67,APF29074,YKYSRLLYGLK,37,84.0
84,HLA-A68:01 ,5627.08,APF29074,SIITLCLWVMY,84,85.0
81,HLA-A68:01 ,5631.81,APF29074,ILMSIITLCLW,81,86.0
59,HLA-A68:01 ,5634.9,APF29074,LALSIFDCFVN,59,87.0
57,HLA-A68:01 ,5636.24,APF29074,LVLALSIFDCF,57,88.0
174,HLA-A68:01 ,5642.72,APF29074,STTIVCDRVGR,174,89.0
93,HLA-A68:01 ,5644.31,APF29074,MYFVNSFRLWR,93,90.0
78,HLA-A68:01 ,5644.51,APF29074,GFSILMSIITL,78,91.0
52,HLA-A68:01 ,5644.76,APF29074,WCLWPLVLALS,52,92.0
63,HLA-A68:01 ,5645.59,APF29074,IFDCFVNFNVD,63,93.0
107,HLA-A68:01 ,5649.9,APF29074,TFWAFNPETNA,107,94.0
40,HLA-A68:01 ,5650.57,APF29074,SRLLYGLKMSV,40,95.0
56,HLA-A68:01 ,5651.08,APF29074,PLVLALSIFDC,56,96.0
198,HLA-A68:01 ,5651.97,APF29074,VRAKHGDFSGV,198,97.0
89,HLA-A68:01 ,5653.26,APF29074,CLWVMYFVNSF,89,98.0
90,HLA-A68:01 ,5655.23,APF29074,LWVMYFVNSFR,90,99.0
155,HLA-A68:01 ,5657.92,APF29074,IATRVQVGQLP,155,100.0
96,HLA-A68:01 ,5658.82,APF29074,VNSFRLWRRVK,96,101.0
31,HLA-A68:01 ,5659.16,APF29074,VLQYGHYKYSR,31,102.0
10,HLA-A68:01 ,5660.71,APF29074,VYVHLRNWNFS,10,103.0
127,HLA-A68:01 ,5663.92,APF29074,NYYLPVMAAPT,127,104.0
162,HLA-A68:01 ,5671.37,APF29074,GQLPKYVIVAT,162,105.0
110,HLA-A68:01 ,5674.16,APF29074,AFNPETNAIIS,110,106.0
6,HLA-A68:01 ,5675.19,APF29074,PLSEVYVHLRN,6,107.0
34,HLA-A68:01 ,5675.48,APF29074,YGHYKYSRLLY,34,108.0
205,HLA-A68:01 ,5677.33,APF29074,FSGVASQEGVL,205,109.0
55,HLA-A68:01 ,5678.26,APF29074,WPLVLALSIFD,55,110.0
116,HLA-A68:01 ,5680.29,APF29074,NAIISLQVYGH,116,111.0
88,HLA-A68:01 ,5680.45,APF29074,LCLWVMYFVNS,88,112.0
215,HLA-A68:01 ,5682.59,APF29074,LSEREKLLHLI,215,113.0
177,HLA-A68:01 ,5685.74,APF29074,IVCDRVGRSVN,177,114.0
145,HLA-A68:01 ,5686.04,APF29074,SGVLLVDGHKI,145,115.0
208,HLA-A68:01 ,5687.04,APF29074,VASQEGVLSER,208,116.0
164,HLA-A68:01 ,5689.11,APF29074,LPKYVIVATPS,164,117.0
33,HLA-A68:01 ,5691.68,APF29074,QYGHYKYSRLL,33,118.0
135,HLA-A68:01 ,5692.55,APF29074,APTGVTLTLLS,135,119.0
28,HLA-A68:01 ,5694.69,APF29074,FIVVLQYGHYK,28,120.0
148,HLA-A68:01 ,5696.31,APF29074,LLVDGHKIATR,148,121.0
92,HLA-A68:01 ,5697.57,APF29074,VMYFVNSFRLW,92,122.0
190,HLA-A68:01 ,5699.47,APF29074,SQTGWAFYVRA,190,123.0
128,HLA-A68:01 ,5705.17,APF29074,YYLPVMAAPTG,128,124.0
121,HLA-A68:01 ,5709.57,APF29074,LQVYGHNYYLP,121,125.0
126,HLA-A68:01 ,5712.29,APF29074,HNYYLPVMAAP,126,126.0
61,HLA-A68:01 ,5712.53,APF29074,LSIFDCFVNFN,61,127.0
51,HLA-A68:01 ,5712.7,APF29074,LWCLWPLVLAL,51,128.0
54,HLA-A68:01 ,5716.07,APF29074,LWPLVLALSIF,54,129.0
50,HLA-A68:01 ,5716.3,APF29074,VLWCLWPLVLA,50,130.0
11,HLA-A68:01 ,5716.62,APF29074,YVHLRNWNFSW,11,131.0
130,HLA-A68:01 ,5716.67,APF29074,LPVMAAPTGVT,130,132.0
161,HLA-A68:01 ,5717.1,APF29074,VGQLPKYVIVA,161,133.0
159,HLA-A68:01 ,5720.45,APF29074,VQVGQLPKYVI,159,134.0
15,HLA-A68:01 ,5720.7,APF29074,RNWNFSWNLIL,15,135.0
60,HLA-A68:01 ,5721.0,APF29074,ALSIFDCFVNF,60,136.0
165,HLA-A68:01 ,5722.54,APF29074,PKYVIVATPST,165,137.0
118,HLA-A68:01 ,5725.43,APF29074,IISLQVYGHNY,118,138.0
123,HLA-A68:01 ,5726.26,APF29074,VYGHNYYLPVM,123,139.0
212,HLA-A68:01 ,5728.04,APF29074,EGVLSEREKLL,212,140.0
117,HLA-A68:01 ,5728.32,APF29074,AIISLQVYGHN,117,141.0
105,HLA-A68:01 ,5730.59,APF29074,VKTFWAFNPET,105,142.0
104,HLA-A68:01 ,5731.38,APF29074,RVKTFWAFNPE,104,143.0
211,HLA-A68:01 ,5733.1,APF29074,QEGVLSEREKL,211,144.0
156,HLA-A68:01 ,5733.26,APF29074,ATRVQVGQLPK,156,145.0
44,HLA-A68:01 ,5734.45,APF29074,YGLKMSVLWCL,44,146.0
14,HLA-A68:01 ,5736.25,APF29074,LRNWNFSWNLI,14,147.0
166,HLA-A68:01 ,5736.8,APF29074,KYVIVATPSTT,166,148.0
141,HLA-A68:01 ,5739.05,APF29074,LTLLSGVLLVD,141,149.0
170,HLA-A68:01 ,5741.7,APF29074,VATPSTTIVCD,170,150.0
23,HLA-A68:01 ,5741.82,APF29074,LILTVFIVVLQ,23,151.0
30,HLA-A68:01 ,5747.62,APF29074,VVLQYGHYKYS,30,152.0
103,HLA-A68:01 ,5748.78,APF29074,RRVKTFWAFNP,103,153.0
46,HLA-A68:01 ,5749.05,APF29074,LKMSVLWCLWP,46,154.0
210,HLA-A68:01 ,5751.5,APF29074,SQEGVLSEREK,210,155.0
42,HLA-A68:01 ,5751.84,APF29074,LLYGLKMSVLW,42,156.0
192,HLA-A68:01 ,5752.61,APF29074,TGWAFYVRAKH,192,157.0
191,HLA-A68:01 ,5752.78,APF29074,QTGWAFYVRAK,191,158.0
29,HLA-A68:01 ,5758.76,APF29074,IVVLQYGHYKY,29,159.0
180,HLA-A68:01 ,5763.15,APF29074,DRVGRSVNETS,180,160.0
124,HLA-A68:01 ,5768.98,APF29074,YGHNYYLPVMA,124,161.0
98,HLA-A68:01 ,5771.71,APF29074,SFRLWRRVKTF,98,162.0
184,HLA-A68:01 ,5772.32,APF29074,RSVNETSQTGW,184,163.0
206,HLA-A68:01 ,5772.61,APF29074,SGVASQEGVLS,206,164.0
41,HLA-A68:01 ,5772.68,APF29074,RLLYGLKMSVL,41,165.0
214,HLA-A68:01 ,5772.91,APF29074,VLSEREKLLHL,214,166.0
125,HLA-A68:01 ,5774.34,APF29074,GHNYYLPVMAA,125,167.0
173,HLA-A68:01 ,5774.68,APF29074,PSTTIVCDRVG,173,168.0
27,HLA-A68:01 ,5775.15,APF29074,VFIVVLQYGHY,27,169.0
8,HLA-A68:01 ,5775.44,APF29074,SEVYVHLRNWN,8,170.0
144,HLA-A68:01 ,5776.0,APF29074,LSGVLLVDGHK,144,171.0
68,HLA-A68:01 ,5776.59,APF29074,VNFNVDWVFFG,68,172.0
187,HLA-A68:01 ,5776.64,APF29074,NETSQTGWAFY,187,173.0
101,HLA-A68:01 ,5777.42,APF29074,LWRRVKTFWAF,101,174.0
136,HLA-A68:01 ,5778.64,APF29074,PTGVTLTLLSG,136,175.0
43,HLA-A68:01 ,5779.05,APF29074,LYGLKMSVLWC,43,176.0
207,HLA-A68:01 ,5780.66,APF29074,GVASQEGVLSE,207,177.0
196,HLA-A68:01 ,5781.04,APF29074,FYVRAKHGDFS,196,178.0
200,HLA-A68:01 ,5781.39,APF29074,AKHGDFSGVAS,200,179.0
25,HLA-A68:01 ,5781.93,APF29074,LTVFIVVLQYG,25,180.0
102,HLA-A68:01 ,5782.23,APF29074,WRRVKTFWAFN,102,181.0
182,HLA-A68:01 ,5783.39,APF29074,VGRSVNETSQT,182,182.0
12,HLA-A68:01 ,5785.74,APF29074,VHLRNWNFSWN,12,183.0
7,HLA-A68:01 ,5786.58,APF29074,LSEVYVHLRNW,7,184.0
152,HLA-A68:01 ,5786.8,APF29074,GHKIATRVQVG,152,185.0
195,HLA-A68:01 ,5787.83,APF29074,AFYVRAKHGDF,195,186.0
186,HLA-A68:01 ,5788.97,APF29074,VNETSQTGWAF,186,187.0
181,HLA-A68:01 ,5790.0,APF29074,RVGRSVNETSQ,181,188.0
39,HLA-A68:01 ,5792.79,APF29074,YSRLLYGLKMS,39,189.0
157,HLA-A68:01 ,5793.12,APF29074,TRVQVGQLPKY,157,190.0
179,HLA-A68:01 ,5794.72,APF29074,CDRVGRSVNET,179,191.0
143,HLA-A68:01 ,5795.73,APF29074,LLSGVLLVDGH,143,192.0
183,HLA-A68:01 ,5795.83,APF29074,GRSVNETSQTG,183,193.0
35,HLA-A68:01 ,5797.16,APF29074,GHYKYSRLLYG,35,194.0
178,HLA-A68:01 ,5801.22,APF29074,VCDRVGRSVNE,178,195.0
100,HLA-A68:01 ,5801.47,APF29074,RLWRRVKTFWA,100,196.0
209,HLA-A68:01 ,5802.88,APF29074,ASQEGVLSERE,209,197.0
38,HLA-A68:01 ,5808.03,APF29074,KYSRLLYGLKM,38,198.0
147,HLA-A68:01 ,5809.04,APF29074,VLLVDGHKIAT,147,199.0
115,HLA-A68:01 ,5810.43,APF29074,TNAIISLQVYG,115,200.0
199,HLA-A68:01 ,5812.08,APF29074,RAKHGDFSGVA,199,201.0
202,HLA-A68:01 ,5812.98,APF29074,HGDFSGVASQE,202,202.0
45,HLA-A68:01 ,5815.06,APF29074,GLKMSVLWCLW,45,203.0
119,HLA-A68:01 ,5816.71,APF29074,ISLQVYGHNYY,119,204.0
112,HLA-A68:01 ,5821.08,APF29074,NPETNAIISLQ,112,205.0
64,HLA-A68:01 ,5824.89,APF29074,FDCFVNFNVDW,64,206.0
213,HLA-A68:01 ,5826.13,APF29074,GVLSEREKLLH,213,207.0
146,HLA-A68:01 ,5826.96,APF29074,GVLLVDGHKIA,146,208.0
99,HLA-A68:01 ,5830.08,APF29074,FRLWRRVKTFW,99,209.0
142,HLA-A68:01 ,5831.73,APF29074,TLLSGVLLVDG,142,210.0
153,HLA-A68:01 ,5832.39,APF29074,HKIATRVQVGQ,153,211.0
150,HLA-A68:01 ,5839.24,APF29074,VDGHKIATRVQ,150,212.0
201,HLA-A68:01 ,5842.55,APF29074,KHGDFSGVASQ,201,213.0
203,HLA-A68:01 ,5842.98,APF29074,GDFSGVASQEG,203,214.0
193,HLA-A68:01 ,5872.67,APF29074,GWAFYVRAKHG,193,215.0
197,HLA-A68:01 ,5876.77,APF29074,YVRAKHGDFSG,197,216.0
211,HLA-B40:01 ,794.23,APF29074,QEGVLSEREKL,211,1.0
83,HLA-B40:01 ,2314.44,APF29074,MSIITLCLWVM,83,2.0
8,HLA-B40:01 ,3975.6,APF29074,SEVYVHLRNWN,8,3.0
32,HLA-B40:01 ,4124.44,APF29074,LQYGHYKYSRL,32,4.0
20,HLA-B40:01 ,5999.28,APF29074,SWNLILTVFIV,20,5.0
162,HLA-B40:01 ,6493.13,APF29074,GQLPKYVIVAT,162,6.0
121,HLA-B40:01 ,6671.75,APF29074,LQVYGHNYYLP,121,7.0
186,HLA-B40:01 ,8742.1,APF29074,VNETSQTGWAF,186,8.0
48,HLA-B40:01 ,10394.92,APF29074,MSVLWCLWPLV,48,9.0
190,HLA-B40:01 ,11756.65,APF29074,SQTGWAFYVRA,190,10.0
51,HLA-B40:01 ,13106.65,APF29074,LWCLWPLVLAL,51,11.0
15,HLA-B40:01 ,14107.86,APF29074,RNWNFSWNLIL,15,12.0
47,HLA-B40:01 ,14290.59,APF29074,KMSVLWCLWPL,47,13.0
159,HLA-B40:01 ,14764.53,APF29074,VQVGQLPKYVI,159,14.0
19,HLA-B40:01 ,15326.76,APF29074,FSWNLILTVFI,19,15.0
21,HLA-B40:01 ,17422.84,APF29074,WNLILTVFIVV,21,16.0
205,HLA-B40:01 ,18080.27,APF29074,FSGVASQEGVL,205,17.0
188,HLA-B40:01 ,19071.88,APF29074,ETSQTGWAFYV,188,18.0
91,HLA-B40:01 ,20193.84,APF29074,WVMYFVNSFRL,91,19.0
145,HLA-B40:01 ,21436.75,APF29074,SGVLLVDGHKI,145,20.0
187,HLA-B40:01 ,21747.75,APF29074,NETSQTGWAFY,187,21.0
78,HLA-B40:01 ,22064.8,APF29074,GFSILMSIITL,78,22.0
44,HLA-B40:01 ,22819.33,APF29074,YGLKMSVLWCL,44,23.0
101,HLA-B40:01 ,23586.1,APF29074,LWRRVKTFWAF,101,24.0
49,HLA-B40:01 ,24106.96,APF29074,SVLWCLWPLVL,49,25.0
124,HLA-B40:01 ,24464.87,APF29074,YGHNYYLPVMA,124,26.0
79,HLA-B40:01 ,24593.7,APF29074,FSILMSIITLC,79,27.0
210,HLA-B40:01 ,24893.06,APF29074,SQEGVLSEREK,210,28.0
111,HLA-B40:01 ,24929.32,APF29074,FNPETNAIISL,111,29.0
80,HLA-B40:01 ,25141.61,APF29074,SILMSIITLCL,80,30.0
3,HLA-B40:01 ,25928.58,APF29074,SSVPLSEVYVH,3,31.0
189,HLA-B40:01 ,26385.81,APF29074,TSQTGWAFYVR,189,32.0
9,HLA-B40:01 ,27346.65,APF29074,EVYVHLRNWNF,9,33.0
131,HLA-B40:01 ,27815.22,APF29074,PVMAAPTGVTL,131,34.0
113,HLA-B40:01 ,28025.95,APF29074,PETNAIISLQV,113,35.0
86,HLA-B40:01 ,28533.4,APF29074,ITLCLWVMYFV,86,36.0
122,HLA-B40:01 ,28758.68,APF29074,QVYGHNYYLPV,122,37.0
18,HLA-B40:01 ,28792.71,APF29074,NFSWNLILTVF,18,38.0
14,HLA-B40:01 ,28978.14,APF29074,LRNWNFSWNLI,14,39.0
76,HLA-B40:01 ,29521.6,APF29074,FFGFSILMSII,76,40.0
137,HLA-B40:01 ,29540.21,APF29074,TGVTLTLLSGV,137,41.0
72,HLA-B40:01 ,29586.04,APF29074,VDWVFFGFSIL,72,42.0
22,HLA-B40:01 ,29674.19,APF29074,NLILTVFIVVL,22,43.0
167,HLA-B40:01 ,29835.78,APF29074,YVIVATPSTTI,167,44.0
120,HLA-B40:01 ,30312.62,APF29074,SLQVYGHNYYL,120,45.0
69,HLA-B40:01 ,30593.35,APF29074,NFNVDWVFFGF,69,46.0
36,HLA-B40:01 ,30709.27,APF29074,HYKYSRLLYGL,36,47.0
4,HLA-B40:01 ,30846.66,APF29074,SVPLSEVYVHL,4,48.0
90,HLA-B40:01 ,30886.68,APF29074,LWVMYFVNSFR,90,49.0
138,HLA-B40:01 ,31099.51,APF29074,GVTLTLLSGVL,138,50.0
17,HLA-B40:01 ,31162.12,APF29074,WNFSWNLILTV,17,51.0
2,HLA-B40:01 ,31413.4,APF29074,NSSVPLSEVYV,2,52.0
52,HLA-B40:01 ,31855.07,APF29074,WCLWPLVLALS,52,53.0
82,HLA-B40:01 ,31971.62,APF29074,LMSIITLCLWV,82,54.0
26,HLA-B40:01 ,32014.46,APF29074,TVFIVVLQYGH,26,55.0
13,HLA-B40:01 ,32103.76,APF29074,HLRNWNFSWNL,13,56.0
133,HLA-B40:01 ,32315.42,APF29074,MAAPTGVTLTL,133,57.0
75,HLA-B40:01 ,32548.9,APF29074,VFFGFSILMSI,75,58.0
108,HLA-B40:01 ,32560.57,APF29074,FWAFNPETNAI,108,59.0
41,HLA-B40:01 ,32613.54,APF29074,RLLYGLKMSVL,41,60.0
66,HLA-B40:01 ,32646.01,APF29074,CFVNFNVDWVF,66,61.0
88,HLA-B40:01 ,32657.4,APF29074,LCLWVMYFVNS,88,62.0
123,HLA-B40:01 ,32711.42,APF29074,VYGHNYYLPVM,123,63.0
154,HLA-B40:01 ,32777.47,APF29074,KIATRVQVGQL,154,64.0
71,HLA-B40:01 ,32869.01,APF29074,NVDWVFFGFSI,71,65.0
54,HLA-B40:01 ,32944.94,APF29074,LWPLVLALSIF,54,66.0
134,HLA-B40:01 ,32969.29,APF29074,AAPTGVTLTLL,134,67.0
38,HLA-B40:01 ,33375.25,APF29074,KYSRLLYGLKM,38,68.0
33,HLA-B40:01 ,33389.62,APF29074,QYGHYKYSRLL,33,69.0
87,HLA-B40:01 ,33414.15,APF29074,TLCLWVMYFVN,87,70.0
192,HLA-B40:01 ,33537.9,APF29074,TGWAFYVRAKH,192,71.0
215,HLA-B40:01 ,33541.28,APF29074,LSEREKLLHLI,215,72.0
73,HLA-B40:01 ,33973.63,APF29074,DWVFFGFSILM,73,73.0
40,HLA-B40:01 ,33993.75,APF29074,SRLLYGLKMSV,40,74.0
126,HLA-B40:01 ,34378.08,APF29074,HNYYLPVMAAP,126,75.0
112,HLA-B40:01 ,34402.97,APF29074,NPETNAIISLQ,112,76.0
85,HLA-B40:01 ,34428.35,APF29074,IITLCLWVMYF,85,77.0
212,HLA-B40:01 ,34506.2,APF29074,EGVLSEREKLL,212,78.0
139,HLA-B40:01 ,34730.11,APF29074,VTLTLLSGVLL,139,79.0
151,HLA-B40:01 ,34854.76,APF29074,DGHKIATRVQV,151,80.0
7,HLA-B40:01 ,34909.32,APF29074,LSEVYVHLRNW,7,81.0
116,HLA-B40:01 ,35062.82,APF29074,NAIISLQVYGH,116,82.0
0,HLA-B40:01 ,35072.56,APF29074,MSNSSVPLSEV,0,83.0
109,HLA-B40:01 ,35173.21,APF29074,WAFNPETNAII,109,84.0
129,HLA-B40:01 ,35240.21,APF29074,YLPVMAAPTGV,129,85.0
61,HLA-B40:01 ,35305.95,APF29074,LSIFDCFVNFN,61,86.0
204,HLA-B40:01 ,35339.16,APF29074,DFSGVASQEGV,204,87.0
94,HLA-B40:01 ,35395.22,APF29074,YFVNSFRLWRR,94,88.0
62,HLA-B40:01 ,35617.83,APF29074,SIFDCFVNFNV,62,89.0
203,HLA-B40:01 ,35673.63,APF29074,GDFSGVASQEG,203,90.0
53,HLA-B40:01 ,35723.57,APF29074,CLWPLVLALSI,53,91.0
56,HLA-B40:01 ,35740.22,APF29074,PLVLALSIFDC,56,92.0
70,HLA-B40:01 ,35815.27,APF29074,FNVDWVFFGFS,70,93.0
64,HLA-B40:01 ,35862.68,APF29074,FDCFVNFNVDW,64,94.0
103,HLA-B40:01 ,35978.81,APF29074,RRVKTFWAFNP,103,95.0
65,HLA-B40:01 ,36117.28,APF29074,DCFVNFNVDWV,65,96.0
199,HLA-B40:01 ,36183.46,APF29074,RAKHGDFSGVA,199,97.0
214,HLA-B40:01 ,36211.79,APF29074,VLSEREKLLHL,214,98.0
176,HLA-B40:01 ,36269.11,APF29074,TIVCDRVGRSV,176,99.0
150,HLA-B40:01 ,36288.91,APF29074,VDGHKIATRVQ,150,100.0
102,HLA-B40:01 ,36329.71,APF29074,WRRVKTFWAFN,102,101.0
46,HLA-B40:01 ,36519.91,APF29074,LKMSVLWCLWP,46,102.0
63,HLA-B40:01 ,36542.25,APF29074,IFDCFVNFNVD,63,103.0
155,HLA-B40:01 ,36610.34,APF29074,IATRVQVGQLP,155,104.0
59,HLA-B40:01 ,36637.43,APF29074,LALSIFDCFVN,59,105.0
106,HLA-B40:01 ,36643.87,APF29074,KTFWAFNPETN,106,106.0
177,HLA-B40:01 ,36680.14,APF29074,IVCDRVGRSVN,177,107.0
169,HLA-B40:01 ,36696.8,APF29074,IVATPSTTIVC,169,108.0
27,HLA-B40:01 ,36719.64,APF29074,VFIVVLQYGHY,27,109.0
43,HLA-B40:01 ,36803.09,APF29074,LYGLKMSVLWC,43,110.0
195,HLA-B40:01 ,36811.85,APF29074,AFYVRAKHGDF,195,111.0
160,HLA-B40:01 ,36819.82,APF29074,QVGQLPKYVIV,160,112.0
98,HLA-B40:01 ,36841.53,APF29074,SFRLWRRVKTF,98,113.0
163,HLA-B40:01 ,36908.17,APF29074,QLPKYVIVATP,163,114.0
23,HLA-B40:01 ,36946.44,APF29074,LILTVFIVVLQ,23,115.0
193,HLA-B40:01 ,36966.89,APF29074,GWAFYVRAKHG,193,116.0
125,HLA-B40:01 ,37040.48,APF29074,GHNYYLPVMAA,125,117.0
168,HLA-B40:01 ,37135.99,APF29074,VIVATPSTTIV,168,118.0
104,HLA-B40:01 ,37234.53,APF29074,RVKTFWAFNPE,104,119.0
77,HLA-B40:01 ,37245.81,APF29074,FGFSILMSIIT,77,120.0
161,HLA-B40:01 ,37325.95,APF29074,VGQLPKYVIVA,161,121.0
146,HLA-B40:01 ,37382.08,APF29074,GVLLVDGHKIA,146,122.0
174,HLA-B40:01 ,37396.16,APF29074,STTIVCDRVGR,174,123.0
16,HLA-B40:01 ,37437.53,APF29074,NWNFSWNLILT,16,124.0
6,HLA-B40:01 ,37508.1,APF29074,PLSEVYVHLRN,6,125.0
158,HLA-B40:01 ,37523.08,APF29074,RVQVGQLPKYV,158,126.0
89,HLA-B40:01 ,37608.92,APF29074,CLWVMYFVNSF,89,127.0
178,HLA-B40:01 ,37625.16,APF29074,VCDRVGRSVNE,178,128.0
50,HLA-B40:01 ,37643.14,APF29074,VLWCLWPLVLA,50,129.0
117,HLA-B40:01 ,37724.4,APF29074,AIISLQVYGHN,117,130.0
140,HLA-B40:01 ,37758.13,APF29074,TLTLLSGVLLV,140,131.0
198,HLA-B40:01 ,37775.46,APF29074,VRAKHGDFSGV,198,132.0
114,HLA-B40:01 ,37775.56,APF29074,ETNAIISLQVY,114,133.0
149,HLA-B40:01 ,37811.46,APF29074,LVDGHKIATRV,149,134.0
95,HLA-B40:01 ,37814.54,APF29074,FVNSFRLWRRV,95,135.0
141,HLA-B40:01 ,37960.78,APF29074,LTLLSGVLLVD,141,136.0
152,HLA-B40:01 ,37971.75,APF29074,GHKIATRVQVG,152,137.0
93,HLA-B40:01 ,38055.67,APF29074,MYFVNSFRLWR,93,138.0
5,HLA-B40:01 ,38105.07,APF29074,VPLSEVYVHLR,5,139.0
191,HLA-B40:01 ,38108.33,APF29074,QTGWAFYVRAK,191,140.0
172,HLA-B40:01 ,38148.8,APF29074,TPSTTIVCDRV,172,141.0
143,HLA-B40:01 ,38161.18,APF29074,LLSGVLLVDGH,143,142.0
201,HLA-B40:01 ,38241.45,APF29074,KHGDFSGVASQ,201,143.0
153,HLA-B40:01 ,38249.65,APF29074,HKIATRVQVGQ,153,144.0
34,HLA-B40:01 ,38291.39,APF29074,YGHYKYSRLLY,34,145.0
115,HLA-B40:01 ,38347.15,APF29074,TNAIISLQVYG,115,146.0
175,HLA-B40:01 ,38349.39,APF29074,TTIVCDRVGRS,175,147.0
202,HLA-B40:01 ,38349.5,APF29074,HGDFSGVASQE,202,148.0
209,HLA-B40:01 ,38370.25,APF29074,ASQEGVLSERE,209,149.0
57,HLA-B40:01 ,38391.99,APF29074,LVLALSIFDCF,57,150.0
206,HLA-B40:01 ,38420.35,APF29074,SGVASQEGVLS,206,151.0
127,HLA-B40:01 ,38428.35,APF29074,NYYLPVMAAPT,127,152.0
12,HLA-B40:01 ,38430.17,APF29074,VHLRNWNFSWN,12,153.0
181,HLA-B40:01 ,38439.35,APF29074,RVGRSVNETSQ,181,154.0
11,HLA-B40:01 ,38461.74,APF29074,YVHLRNWNFSW,11,155.0
128,HLA-B40:01 ,38481.41,APF29074,YYLPVMAAPTG,128,156.0
68,HLA-B40:01 ,38505.14,APF29074,VNFNVDWVFFG,68,157.0
107,HLA-B40:01 ,38507.47,APF29074,TFWAFNPETNA,107,158.0
171,HLA-B40:01 ,38539.47,APF29074,ATPSTTIVCDR,171,159.0
25,HLA-B40:01 ,38602.54,APF29074,LTVFIVVLQYG,25,160.0
194,HLA-B40:01 ,38609.26,APF29074,WAFYVRAKHGD,194,161.0
29,HLA-B40:01 ,38613.54,APF29074,IVVLQYGHYKY,29,162.0
31,HLA-B40:01 ,38644.48,APF29074,VLQYGHYKYSR,31,163.0
74,HLA-B40:01 ,38665.63,APF29074,WVFFGFSILMS,74,164.0
10,HLA-B40:01 ,38680.4,APF29074,VYVHLRNWNFS,10,165.0
39,HLA-B40:01 ,38689.87,APF29074,YSRLLYGLKMS,39,166.0
183,HLA-B40:01 ,38695.47,APF29074,GRSVNETSQTG,183,167.0
96,HLA-B40:01 ,38700.65,APF29074,VNSFRLWRRVK,96,168.0
1,HLA-B40:01 ,38736.25,APF29074,SNSSVPLSEVY,1,169.0
24,HLA-B40:01 ,38787.55,APF29074,ILTVFIVVLQY,24,170.0
164,HLA-B40:01 ,38817.67,APF29074,LPKYVIVATPS,164,171.0
156,HLA-B40:01 ,38835.98,APF29074,ATRVQVGQLPK,156,172.0
144,HLA-B40:01 ,38884.25,APF29074,LSGVLLVDGHK,144,173.0
208,HLA-B40:01 ,38894.22,APF29074,VASQEGVLSER,208,174.0
157,HLA-B40:01 ,38926.69,APF29074,TRVQVGQLPKY,157,175.0
37,HLA-B40:01 ,38943.77,APF29074,YKYSRLLYGLK,37,176.0
200,HLA-B40:01 ,38959.33,APF29074,AKHGDFSGVAS,200,177.0
148,HLA-B40:01 ,38965.65,APF29074,LLVDGHKIATR,148,178.0
84,HLA-B40:01 ,38982.29,APF29074,SIITLCLWVMY,84,179.0
110,HLA-B40:01 ,38998.2,APF29074,AFNPETNAIIS,110,180.0
184,HLA-B40:01 ,39000.3,APF29074,RSVNETSQTGW,184,181.0
67,HLA-B40:01 ,39014.01,APF29074,FVNFNVDWVFF,67,182.0
173,HLA-B40:01 ,39016.37,APF29074,PSTTIVCDRVG,173,183.0
92,HLA-B40:01 ,39037.73,APF29074,VMYFVNSFRLW,92,184.0
100,HLA-B40:01 ,39055.28,APF29074,RLWRRVKTFWA,100,185.0
179,HLA-B40:01 ,39063.8,APF29074,CDRVGRSVNET,179,186.0
119,HLA-B40:01 ,39064.77,APF29074,ISLQVYGHNYY,119,187.0
35,HLA-B40:01 ,39080.45,APF29074,GHYKYSRLLYG,35,188.0
197,HLA-B40:01 ,39083.21,APF29074,YVRAKHGDFSG,197,189.0
185,HLA-B40:01 ,39086.95,APF29074,SVNETSQTGWA,185,190.0
55,HLA-B40:01 ,39124.07,APF29074,WPLVLALSIFD,55,191.0
58,HLA-B40:01 ,39145.59,APF29074,VLALSIFDCFV,58,192.0
142,HLA-B40:01 ,39166.38,APF29074,TLLSGVLLVDG,142,193.0
135,HLA-B40:01 ,39180.62,APF29074,APTGVTLTLLS,135,194.0
170,HLA-B40:01 ,39213.96,APF29074,VATPSTTIVCD,170,195.0
130,HLA-B40:01 ,39231.62,APF29074,LPVMAAPTGVT,130,196.0
60,HLA-B40:01 ,39304.83,APF29074,ALSIFDCFVNF,60,197.0
196,HLA-B40:01 ,39359.91,APF29074,FYVRAKHGDFS,196,198.0
28,HLA-B40:01 ,39382.97,APF29074,FIVVLQYGHYK,28,199.0
213,HLA-B40:01 ,39396.87,APF29074,GVLSEREKLLH,213,200.0
136,HLA-B40:01 ,39410.24,APF29074,PTGVTLTLLSG,136,201.0
166,HLA-B40:01 ,39439.37,APF29074,KYVIVATPSTT,166,202.0
180,HLA-B40:01 ,39469.98,APF29074,DRVGRSVNETS,180,203.0
118,HLA-B40:01 ,39473.85,APF29074,IISLQVYGHNY,118,204.0
165,HLA-B40:01 ,39671.42,APF29074,PKYVIVATPST,165,205.0
45,HLA-B40:01 ,39751.3,APF29074,GLKMSVLWCLW,45,206.0
132,HLA-B40:01 ,39753.94,APF29074,VMAAPTGVTLT,132,207.0
182,HLA-B40:01 ,39758.67,APF29074,VGRSVNETSQT,182,208.0
207,HLA-B40:01 ,39803.45,APF29074,GVASQEGVLSE,207,209.0
97,HLA-B40:01 ,39815.88,APF29074,NSFRLWRRVKT,97,210.0
81,HLA-B40:01 ,39828.53,APF29074,ILMSIITLCLW,81,211.0
30,HLA-B40:01 ,39847.75,APF29074,VVLQYGHYKYS,30,212.0
105,HLA-B40:01 ,39887.64,APF29074,VKTFWAFNPET,105,213.0
42,HLA-B40:01 ,39903.04,APF29074,LLYGLKMSVLW,42,214.0
99,HLA-B40:01 ,39973.06,APF29074,FRLWRRVKTFW,99,215.0
147,HLA-B40:01 ,40112.03,APF29074,VLLVDGHKIAT,147,216.0
187,HLA-B44:02 ,3427.09,APF29074,NETSQTGWAFY,187,1.0
211,HLA-B44:02 ,4821.55,APF29074,QEGVLSEREKL,211,2.0
92,HLA-B44:02 ,4886.29,APF29074,VMYFVNSFRLW,92,3.0
7,HLA-B44:02 ,4886.93,APF29074,LSEVYVHLRNW,7,4.0
42,HLA-B44:02 ,4892.25,APF29074,LLYGLKMSVLW,42,5.0
72,HLA-B44:02 ,4903.14,APF29074,VDWVFFGFSIL,72,6.0
99,HLA-B44:02 ,4910.16,APF29074,FRLWRRVKTFW,99,7.0
64,HLA-B44:02 ,4910.25,APF29074,FDCFVNFNVDW,64,8.0
45,HLA-B44:02 ,4922.4,APF29074,GLKMSVLWCLW,45,9.0
81,HLA-B44:02 ,4924.42,APF29074,ILMSIITLCLW,81,10.0
11,HLA-B44:02 ,4926.05,APF29074,YVHLRNWNFSW,11,11.0
155,HLA-B44:02 ,4942.01,APF29074,IATRVQVGQLP,155,12.0
46,HLA-B44:02 ,4943.27,APF29074,LKMSVLWCLWP,46,13.0
163,HLA-B44:02 ,4943.27,APF29074,QLPKYVIVATP,163,13.0
103,HLA-B44:02 ,4943.4,APF29074,RRVKTFWAFNP,103,15.0
121,HLA-B44:02 ,4943.77,APF29074,LQVYGHNYYLP,121,16.0
126,HLA-B44:02 ,4944.47,APF29074,HNYYLPVMAAP,126,17.0
184,HLA-B44:02 ,4950.27,APF29074,RSVNETSQTGW,184,18.0
134,HLA-B44:02 ,4956.67,APF29074,AAPTGVTLTLL,134,19.0
111,HLA-B44:02 ,4958.63,APF29074,FNPETNAIISL,111,20.0
133,HLA-B44:02 ,4959.82,APF29074,MAAPTGVTLTL,133,21.0
78,HLA-B44:02 ,4961.27,APF29074,GFSILMSIITL,78,22.0
131,HLA-B44:02 ,4962.32,APF29074,PVMAAPTGVTL,131,23.0
15,HLA-B44:02 ,4962.52,APF29074,RNWNFSWNLIL,15,24.0
22,HLA-B44:02 ,4962.77,APF29074,NLILTVFIVVL,22,25.0
139,HLA-B44:02 ,4963.37,APF29074,VTLTLLSGVLL,139,26.0
154,HLA-B44:02 ,4963.71,APF29074,KIATRVQVGQL,154,27.0
212,HLA-B44:02 ,4964.13,APF29074,EGVLSEREKLL,212,28.0
13,HLA-B44:02 ,4964.37,APF29074,HLRNWNFSWNL,13,29.0
33,HLA-B44:02 ,4964.47,APF29074,QYGHYKYSRLL,33,30.0
41,HLA-B44:02 ,4965.11,APF29074,RLLYGLKMSVL,41,31.0
76,HLA-B44:02 ,4965.67,APF29074,FFGFSILMSII,76,32.0
4,HLA-B44:02 ,4965.85,APF29074,SVPLSEVYVHL,4,33.0
120,HLA-B44:02 ,4965.89,APF29074,SLQVYGHNYYL,120,34.0
109,HLA-B44:02 ,4965.93,APF29074,WAFNPETNAII,109,35.0
138,HLA-B44:02 ,4965.93,APF29074,GVTLTLLSGVL,138,35.0
51,HLA-B44:02 ,4966.19,APF29074,LWCLWPLVLAL,51,37.0
205,HLA-B44:02 ,4966.23,APF29074,FSGVASQEGVL,205,38.0
75,HLA-B44:02 ,4966.35,APF29074,VFFGFSILMSI,75,39.0
47,HLA-B44:02 ,4966.41,APF29074,KMSVLWCLWPL,47,40.0
71,HLA-B44:02 ,4966.53,APF29074,NVDWVFFGFSI,71,41.0
214,HLA-B44:02 ,4966.63,APF29074,VLSEREKLLHL,214,42.0
53,HLA-B44:02 ,4967.04,APF29074,CLWPLVLALSI,53,43.0
167,HLA-B44:02 ,4967.62,APF29074,YVIVATPSTTI,167,44.0
108,HLA-B44:02 ,4967.88,APF29074,FWAFNPETNAI,108,45.0
215,HLA-B44:02 ,4967.92,APF29074,LSEREKLLHLI,215,46.0
49,HLA-B44:02 ,4967.94,APF29074,SVLWCLWPLVL,49,47.0
91,HLA-B44:02 ,4968.38,APF29074,WVMYFVNSFRL,91,48.0
19,HLA-B44:02 ,4968.55,APF29074,FSWNLILTVFI,19,49.0
32,HLA-B44:02 ,4968.66,APF29074,LQYGHYKYSRL,32,50.0
44,HLA-B44:02 ,4969.0,APF29074,YGLKMSVLWCL,44,51.0
145,HLA-B44:02 ,4969.1,APF29074,SGVLLVDGHKI,145,52.0
38,HLA-B44:02 ,4969.14,APF29074,KYSRLLYGLKM,38,53.0
159,HLA-B44:02 ,4969.42,APF29074,VQVGQLPKYVI,159,54.0
36,HLA-B44:02 ,4969.52,APF29074,HYKYSRLLYGL,36,55.0
14,HLA-B44:02 ,4969.67,APF29074,LRNWNFSWNLI,14,56.0
80,HLA-B44:02 ,4970.58,APF29074,SILMSIITLCL,80,57.0
73,HLA-B44:02 ,4970.8,APF29074,DWVFFGFSILM,73,58.0
104,HLA-B44:02 ,4971.19,APF29074,RVKTFWAFNPE,104,59.0
209,HLA-B44:02 ,4971.44,APF29074,ASQEGVLSERE,209,60.0
178,HLA-B44:02 ,4972.05,APF29074,VCDRVGRSVNE,178,61.0
83,HLA-B44:02 ,4972.13,APF29074,MSIITLCLWVM,83,62.0
123,HLA-B44:02 ,4972.97,APF29074,VYGHNYYLPVM,123,63.0
84,HLA-B44:02 ,4973.13,APF29074,SIITLCLWVMY,84,64.0
202,HLA-B44:02 ,4973.4,APF29074,HGDFSGVASQE,202,65.0
207,HLA-B44:02 ,4973.48,APF29074,GVASQEGVLSE,207,66.0
54,HLA-B44:02 ,4973.74,APF29074,LWPLVLALSIF,54,67.0
118,HLA-B44:02 ,4974.02,APF29074,IISLQVYGHNY,118,68.0
1,HLA-B44:02 ,4974.4,APF29074,SNSSVPLSEVY,1,69.0
161,HLA-B44:02 ,4974.46,APF29074,VGQLPKYVIVA,161,70.0
24,HLA-B44:02 ,4974.47,APF29074,ILTVFIVVLQY,24,71.0
190,HLA-B44:02 ,4974.47,APF29074,SQTGWAFYVRA,190,71.0
114,HLA-B44:02 ,4975.59,APF29074,ETNAIISLQVY,114,73.0
146,HLA-B44:02 ,4975.87,APF29074,GVLLVDGHKIA,146,74.0
50,HLA-B44:02 ,4976.13,APF29074,VLWCLWPLVLA,50,75.0
31,HLA-B44:02 ,4976.82,APF29074,VLQYGHYKYSR,31,76.0
93,HLA-B44:02 ,4977.13,APF29074,MYFVNSFRLWR,93,77.0
186,HLA-B44:02 ,4977.18,APF29074,VNETSQTGWAF,186,78.0
100,HLA-B44:02 ,4977.36,APF29074,RLWRRVKTFWA,100,79.0
199,HLA-B44:02 ,4977.49,APF29074,RAKHGDFSGVA,199,80.0
125,HLA-B44:02 ,4977.69,APF29074,GHNYYLPVMAA,125,81.0
101,HLA-B44:02 ,4977.92,APF29074,LWRRVKTFWAF,101,82.0
18,HLA-B44:02 ,4977.95,APF29074,NFSWNLILTVF,18,83.0
185,HLA-B44:02 ,4978.03,APF29074,SVNETSQTGWA,185,84.0
107,HLA-B44:02 ,4978.25,APF29074,TFWAFNPETNA,107,85.0
89,HLA-B44:02 ,4978.38,APF29074,CLWVMYFVNSF,89,86.0
150,HLA-B44:02 ,4978.5,APF29074,VDGHKIATRVQ,150,87.0
3,HLA-B44:02 ,4978.63,APF29074,SSVPLSEVYVH,3,88.0
148,HLA-B44:02 ,4978.71,APF29074,LLVDGHKIATR,148,89.0
157,HLA-B44:02 ,4978.8,APF29074,TRVQVGQLPKY,157,90.0
124,HLA-B44:02 ,4978.85,APF29074,YGHNYYLPVMA,124,91.0
34,HLA-B44:02 ,4978.89,APF29074,YGHYKYSRLLY,34,92.0
94,HLA-B44:02 ,4979.28,APF29074,YFVNSFRLWRR,94,93.0
98,HLA-B44:02 ,4979.37,APF29074,SFRLWRRVKTF,98,94.0
192,HLA-B44:02 ,4979.4,APF29074,TGWAFYVRAKH,192,95.0
27,HLA-B44:02 ,4979.56,APF29074,VFIVVLQYGHY,27,96.0
169,HLA-B44:02 ,4979.86,APF29074,IVATPSTTIVC,169,97.0
119,HLA-B44:02 ,4979.95,APF29074,ISLQVYGHNYY,119,98.0
5,HLA-B44:02 ,4980.04,APF29074,VPLSEVYVHLR,5,99.0
56,HLA-B44:02 ,4980.13,APF29074,PLVLALSIFDC,56,100.0
29,HLA-B44:02 ,4980.16,APF29074,IVVLQYGHYKY,29,101.0
189,HLA-B44:02 ,4980.41,APF29074,TSQTGWAFYVR,189,102.0
213,HLA-B44:02 ,4980.57,APF29074,GVLSEREKLLH,213,103.0
171,HLA-B44:02 ,4980.59,APF29074,ATPSTTIVCDR,171,104.0
116,HLA-B44:02 ,4980.63,APF29074,NAIISLQVYGH,116,105.0
201,HLA-B44:02 ,4980.95,APF29074,KHGDFSGVASQ,201,106.0
9,HLA-B44:02 ,4982.2,APF29074,EVYVHLRNWNF,9,107.0
79,HLA-B44:02 ,4982.3,APF29074,FSILMSIITLC,79,108.0
69,HLA-B44:02 ,4982.32,APF29074,NFNVDWVFFGF,69,109.0
60,HLA-B44:02 ,4982.4,APF29074,ALSIFDCFVNF,60,110.0
181,HLA-B44:02 ,4982.41,APF29074,RVGRSVNETSQ,181,111.0
112,HLA-B44:02 ,4982.44,APF29074,NPETNAIISLQ,112,112.0
113,HLA-B44:02 ,4982.46,APF29074,PETNAIISLQV,113,113.0
195,HLA-B44:02 ,4982.56,APF29074,AFYVRAKHGDF,195,114.0
208,HLA-B44:02 ,4982.6,APF29074,VASQEGVLSER,208,115.0
85,HLA-B44:02 ,4983.11,APF29074,IITLCLWVMYF,85,116.0
66,HLA-B44:02 ,4983.33,APF29074,CFVNFNVDWVF,66,117.0
203,HLA-B44:02 ,4983.78,APF29074,GDFSGVASQEG,203,118.0
168,HLA-B44:02 ,4984.2,APF29074,VIVATPSTTIV,168,119.0
20,HLA-B44:02 ,4984.27,APF29074,SWNLILTVFIV,20,120.0
21,HLA-B44:02 ,4984.37,APF29074,WNLILTVFIVV,21,121.0
67,HLA-B44:02 ,4984.48,APF29074,FVNFNVDWVFF,67,122.0
17,HLA-B44:02 ,4984.54,APF29074,WNFSWNLILTV,17,123.0
28,HLA-B44:02 ,4984.54,APF29074,FIVVLQYGHYK,28,123.0
26,HLA-B44:02 ,4984.73,APF29074,TVFIVVLQYGH,26,125.0
43,HLA-B44:02 ,4984.97,APF29074,LYGLKMSVLWC,43,126.0
90,HLA-B44:02 ,4985.26,APF29074,LWVMYFVNSFR,90,127.0
23,HLA-B44:02 ,4985.44,APF29074,LILTVFIVVLQ,23,128.0
153,HLA-B44:02 ,4985.61,APF29074,HKIATRVQVGQ,153,129.0
135,HLA-B44:02 ,4985.68,APF29074,APTGVTLTLLS,135,130.0
37,HLA-B44:02 ,4985.92,APF29074,YKYSRLLYGLK,37,131.0
149,HLA-B44:02 ,4986.06,APF29074,LVDGHKIATRV,149,132.0
136,HLA-B44:02 ,4986.08,APF29074,PTGVTLTLLSG,136,133.0
74,HLA-B44:02 ,4986.09,APF29074,WVFFGFSILMS,74,134.0
143,HLA-B44:02 ,4986.21,APF29074,LLSGVLLVDGH,143,135.0
96,HLA-B44:02 ,4986.26,APF29074,VNSFRLWRRVK,96,136.0
117,HLA-B44:02 ,4986.28,APF29074,AIISLQVYGHN,117,137.0
65,HLA-B44:02 ,4986.4,APF29074,DCFVNFNVDWV,65,138.0
160,HLA-B44:02 ,4986.46,APF29074,QVGQLPKYVIV,160,139.0
210,HLA-B44:02 ,4986.54,APF29074,SQEGVLSEREK,210,140.0
40,HLA-B44:02 ,4986.61,APF29074,SRLLYGLKMSV,40,141.0
77,HLA-B44:02 ,4986.68,APF29074,FGFSILMSIIT,77,142.0
151,HLA-B44:02 ,4986.82,APF29074,DGHKIATRVQV,151,143.0
25,HLA-B44:02 ,4986.99,APF29074,LTVFIVVLQYG,25,144.0
144,HLA-B44:02 ,4987.04,APF29074,LSGVLLVDGHK,144,145.0
191,HLA-B44:02 ,4987.09,APF29074,QTGWAFYVRAK,191,146.0
158,HLA-B44:02 ,4987.12,APF29074,RVQVGQLPKYV,158,147.0
140,HLA-B44:02 ,4987.16,APF29074,TLTLLSGVLLV,140,148.0
115,HLA-B44:02 ,4987.2,APF29074,TNAIISLQVYG,115,149.0
110,HLA-B44:02 ,4987.25,APF29074,AFNPETNAIIS,110,150.0
2,HLA-B44:02 ,4987.32,APF29074,NSSVPLSEVYV,2,151.0
180,HLA-B44:02 ,4987.34,APF29074,DRVGRSVNETS,180,152.0
0,HLA-B44:02 ,4987.38,APF29074,MSNSSVPLSEV,0,153.0
52,HLA-B44:02 ,4987.48,APF29074,WCLWPLVLALS,52,154.0
122,HLA-B44:02 ,4987.59,APF29074,QVYGHNYYLPV,122,155.0
68,HLA-B44:02 ,4987.75,APF29074,VNFNVDWVFFG,68,156.0
35,HLA-B44:02 ,4987.78,APF29074,GHYKYSRLLYG,35,157.0
39,HLA-B44:02 ,4987.86,APF29074,YSRLLYGLKMS,39,158.0
176,HLA-B44:02 ,4987.88,APF29074,TIVCDRVGRSV,176,159.0
62,HLA-B44:02 ,4988.04,APF29074,SIFDCFVNFNV,62,160.0
142,HLA-B44:02 ,4988.12,APF29074,TLLSGVLLVDG,142,161.0
188,HLA-B44:02 ,4988.14,APF29074,ETSQTGWAFYV,188,162.0
88,HLA-B44:02 ,4988.22,APF29074,LCLWVMYFVNS,88,163.0
162,HLA-B44:02 ,4988.24,APF29074,GQLPKYVIVAT,162,164.0
165,HLA-B44:02 ,4988.27,APF29074,PKYVIVATPST,165,165.0
12,HLA-B44:02 ,4988.3,APF29074,VHLRNWNFSWN,12,166.0
132,HLA-B44:02 ,4988.3,APF29074,VMAAPTGVTLT,132,166.0
166,HLA-B44:02 ,4988.3,APF29074,KYVIVATPSTT,166,166.0
87,HLA-B44:02 ,4988.34,APF29074,TLCLWVMYFVN,87,169.0
206,HLA-B44:02 ,4988.36,APF29074,SGVASQEGVLS,206,170.0
137,HLA-B44:02 ,4988.41,APF29074,TGVTLTLLSGV,137,171.0
177,HLA-B44:02 ,4988.41,APF29074,IVCDRVGRSVN,177,171.0
86,HLA-B44:02 ,4988.48,APF29074,ITLCLWVMYFV,86,173.0
106,HLA-B44:02 ,4988.48,APF29074,KTFWAFNPETN,106,173.0
30,HLA-B44:02 ,4988.51,APF29074,VVLQYGHYKYS,30,175.0
6,HLA-B44:02 ,4988.6,APF29074,PLSEVYVHLRN,6,176.0
16,HLA-B44:02 ,4988.61,APF29074,NWNFSWNLILT,16,177.0
156,HLA-B44:02 ,4988.61,APF29074,ATRVQVGQLPK,156,177.0
70,HLA-B44:02 ,4988.81,APF29074,FNVDWVFFGFS,70,179.0
48,HLA-B44:02 ,4988.85,APF29074,MSVLWCLWPLV,48,180.0
127,HLA-B44:02 ,4988.95,APF29074,NYYLPVMAAPT,127,181.0
59,HLA-B44:02 ,4989.08,APF29074,LALSIFDCFVN,59,182.0
198,HLA-B44:02 ,4989.13,APF29074,VRAKHGDFSGV,198,183.0
204,HLA-B44:02 ,4989.19,APF29074,DFSGVASQEGV,204,184.0
164,HLA-B44:02 ,4989.22,APF29074,LPKYVIVATPS,164,185.0
200,HLA-B44:02 ,4989.26,APF29074,AKHGDFSGVAS,200,186.0
57,HLA-B44:02 ,4989.33,APF29074,LVLALSIFDCF,57,187.0
128,HLA-B44:02 ,4989.44,APF29074,YYLPVMAAPTG,128,188.0
129,HLA-B44:02 ,4989.54,APF29074,YLPVMAAPTGV,129,189.0
97,HLA-B44:02 ,4989.66,APF29074,NSFRLWRRVKT,97,190.0
152,HLA-B44:02 ,4989.74,APF29074,GHKIATRVQVG,152,191.0
82,HLA-B44:02 ,4989.92,APF29074,LMSIITLCLWV,82,192.0
179,HLA-B44:02 ,4990.05,APF29074,CDRVGRSVNET,179,193.0
183,HLA-B44:02 ,4990.38,APF29074,GRSVNETSQTG,183,194.0
102,HLA-B44:02 ,4990.46,APF29074,WRRVKTFWAFN,102,195.0
172,HLA-B44:02 ,4990.71,APF29074,TPSTTIVCDRV,172,196.0
105,HLA-B44:02 ,4990.72,APF29074,VKTFWAFNPET,105,197.0
95,HLA-B44:02 ,4990.83,APF29074,FVNSFRLWRRV,95,198.0
182,HLA-B44:02 ,4990.91,APF29074,VGRSVNETSQT,182,199.0
174,HLA-B44:02 ,4990.95,APF29074,STTIVCDRVGR,174,200.0
130,HLA-B44:02 ,4991.02,APF29074,LPVMAAPTGVT,130,201.0
58,HLA-B44:02 ,4991.17,APF29074,VLALSIFDCFV,58,202.0
197,HLA-B44:02 ,4991.18,APF29074,YVRAKHGDFSG,197,203.0
147,HLA-B44:02 ,4991.19,APF29074,VLLVDGHKIAT,147,204.0
61,HLA-B44:02 ,4991.47,APF29074,LSIFDCFVNFN,61,205.0
10,HLA-B44:02 ,4992.82,APF29074,VYVHLRNWNFS,10,206.0
175,HLA-B44:02 ,4993.17,APF29074,TTIVCDRVGRS,175,207.0
196,HLA-B44:02 ,4993.17,APF29074,FYVRAKHGDFS,196,207.0
173,HLA-B44:02 ,4993.49,APF29074,PSTTIVCDRVG,173,209.0
193,HLA-B44:02 ,4993.53,APF29074,GWAFYVRAKHG,193,210.0
55,HLA-B44:02 ,4996.1,APF29074,WPLVLALSIFD,55,211.0
194,HLA-B44:02 ,4998.65,APF29074,WAFYVRAKHGD,194,212.0
141,HLA-B44:02 ,4998.78,APF29074,LTLLSGVLLVD,141,213.0
63,HLA-B44:02 ,5000.54,APF29074,IFDCFVNFNVD,63,214.0
170,HLA-B44:02 ,5000.83,APF29074,VATPSTTIVCD,170,215.0
8,HLA-B44:02 ,5131.2,APF29074,SEVYVHLRNWN,8,216.0
187,HLA-B44:03,596.71,APF29074,NETSQTGWAFY,187,1.0
8,HLA-B44:03,4603.31,APF29074,SEVYVHLRNWN,8,2.0
64,HLA-B44:03,4998.55,APF29074,FDCFVNFNVDW,64,3.0
211,HLA-B44:03,5049.23,APF29074,QEGVLSEREKL,211,4.0
7,HLA-B44:03,5191.14,APF29074,LSEVYVHLRNW,7,5.0
18,HLA-B44:03,5760.5,APF29074,NFSWNLILTVF,18,6.0
20,HLA-B44:03,5838.03,APF29074,SWNLILTVFIV,20,7.0
11,HLA-B44:03,5854.82,APF29074,YVHLRNWNFSW,11,8.0
99,HLA-B44:03,5864.32,APF29074,FRLWRRVKTFW,99,9.0
188,HLA-B44:03,5874.59,APF29074,ETSQTGWAFYV,188,10.0
81,HLA-B44:03,5910.79,APF29074,ILMSIITLCLW,81,11.0
95,HLA-B44:03,5924.44,APF29074,FVNSFRLWRRV,95,12.0
92,HLA-B44:03,5933.34,APF29074,VMYFVNSFRLW,92,13.0
113,HLA-B44:03,5936.47,APF29074,PETNAIISLQV,113,14.0
66,HLA-B44:03,5936.94,APF29074,CFVNFNVDWVF,66,15.0
194,HLA-B44:03,5938.45,APF29074,WAFYVRAKHGD,194,16.0
98,HLA-B44:03,5941.49,APF29074,SFRLWRRVKTF,98,17.0
114,HLA-B44:03,5942.83,APF29074,ETNAIISLQVY,114,18.0
65,HLA-B44:03,5944.15,APF29074,DCFVNFNVDWV,65,19.0
45,HLA-B44:03,5952.44,APF29074,GLKMSVLWCLW,45,20.0
122,HLA-B44:03,5953.4,APF29074,QVYGHNYYLPV,122,21.0
184,HLA-B44:03,5955.19,APF29074,RSVNETSQTGW,184,22.0
42,HLA-B44:03,5955.41,APF29074,LLYGLKMSVLW,42,23.0
21,HLA-B44:03,5962.97,APF29074,WNLILTVFIVV,21,24.0
108,HLA-B44:03,5966.04,APF29074,FWAFNPETNAI,108,25.0
22,HLA-B44:03,5966.52,APF29074,NLILTVFIVVL,22,26.0
69,HLA-B44:03,5971.51,APF29074,NFNVDWVFFGF,69,27.0
54,HLA-B44:03,5974.52,APF29074,LWPLVLALSIF,54,28.0
49,HLA-B44:03,5974.95,APF29074,SVLWCLWPLVL,49,29.0
85,HLA-B44:03,5979.46,APF29074,IITLCLWVMYF,85,30.0
145,HLA-B44:03,5980.04,APF29074,SGVLLVDGHKI,145,31.0
86,HLA-B44:03,5994.01,APF29074,ITLCLWVMYFV,86,32.0
60,HLA-B44:03,5995.29,APF29074,ALSIFDCFVNF,60,33.0
141,HLA-B44:03,5995.43,APF29074,LTLLSGVLLVD,141,34.0
189,HLA-B44:03,5999.43,APF29074,TSQTGWAFYVR,189,35.0
17,HLA-B44:03,6002.38,APF29074,WNFSWNLILTV,17,36.0
190,HLA-B44:03,6002.59,APF29074,SQTGWAFYVRA,190,37.0
63,HLA-B44:03,6008.56,APF29074,IFDCFVNFNVD,63,38.0
29,HLA-B44:03,6010.11,APF29074,IVVLQYGHYKY,29,39.0
120,HLA-B44:03,6010.52,APF29074,SLQVYGHNYYL,120,40.0
73,HLA-B44:03,6011.65,APF29074,DWVFFGFSILM,73,41.0
158,HLA-B44:03,6012.97,APF29074,RVQVGQLPKYV,158,42.0
62,HLA-B44:03,6013.45,APF29074,SIFDCFVNFNV,62,43.0
118,HLA-B44:03,6014.81,APF29074,IISLQVYGHNY,118,44.0
2,HLA-B44:03,6017.17,APF29074,NSSVPLSEVYV,2,45.0
82,HLA-B44:03,6017.32,APF29074,LMSIITLCLWV,82,46.0
167,HLA-B44:03,6017.57,APF29074,YVIVATPSTTI,167,47.0
16,HLA-B44:03,6017.94,APF29074,NWNFSWNLILT,16,48.0
89,HLA-B44:03,6018.5,APF29074,CLWVMYFVNSF,89,49.0
115,HLA-B44:03,6021.76,APF29074,TNAIISLQVYG,115,50.0
159,HLA-B44:03,6022.56,APF29074,VQVGQLPKYVI,159,51.0
9,HLA-B44:03,6023.29,APF29074,EVYVHLRNWNF,9,52.0
27,HLA-B44:03,6023.88,APF29074,VFIVVLQYGHY,27,53.0
48,HLA-B44:03,6023.89,APF29074,MSVLWCLWPLV,48,54.0
193,HLA-B44:03,6024.2,APF29074,GWAFYVRAKHG,193,55.0
71,HLA-B44:03,6025.07,APF29074,NVDWVFFGFSI,71,56.0
168,HLA-B44:03,6026.1,APF29074,VIVATPSTTIV,168,57.0
83,HLA-B44:03,6027.16,APF29074,MSIITLCLWVM,83,58.0
129,HLA-B44:03,6030.16,APF29074,YLPVMAAPTGV,129,59.0
119,HLA-B44:03,6030.4,APF29074,ISLQVYGHNYY,119,60.0
1,HLA-B44:03,6030.43,APF29074,SNSSVPLSEVY,1,61.0
117,HLA-B44:03,6033.74,APF29074,AIISLQVYGHN,117,62.0
116,HLA-B44:03,6034.22,APF29074,NAIISLQVYGH,116,63.0
204,HLA-B44:03,6034.47,APF29074,DFSGVASQEGV,204,64.0
133,HLA-B44:03,6037.85,APF29074,MAAPTGVTLTL,133,65.0
13,HLA-B44:03,6038.71,APF29074,HLRNWNFSWNL,13,66.0
176,HLA-B44:03,6039.34,APF29074,TIVCDRVGRSV,176,67.0
41,HLA-B44:03,6039.95,APF29074,RLLYGLKMSVL,41,68.0
24,HLA-B44:03,6040.67,APF29074,ILTVFIVVLQY,24,69.0
25,HLA-B44:03,6042.3,APF29074,LTVFIVVLQYG,25,70.0
209,HLA-B44:03,6042.61,APF29074,ASQEGVLSERE,209,71.0
94,HLA-B44:03,6043.11,APF29074,YFVNSFRLWRR,94,72.0
138,HLA-B44:03,6043.36,APF29074,GVTLTLLSGVL,138,73.0
58,HLA-B44:03,6043.4,APF29074,VLALSIFDCFV,58,74.0
40,HLA-B44:03,6043.43,APF29074,SRLLYGLKMSV,40,75.0
142,HLA-B44:03,6043.92,APF29074,TLLSGVLLVDG,142,76.0
91,HLA-B44:03,6044.92,APF29074,WVMYFVNSFRL,91,77.0
19,HLA-B44:03,6044.99,APF29074,FSWNLILTVFI,19,78.0
134,HLA-B44:03,6045.98,APF29074,AAPTGVTLTLL,134,79.0
84,HLA-B44:03,6046.63,APF29074,SIITLCLWVMY,84,80.0
140,HLA-B44:03,6049.63,APF29074,TLTLLSGVLLV,140,81.0
30,HLA-B44:03,6049.99,APF29074,VVLQYGHYKYS,30,82.0
87,HLA-B44:03,6050.42,APF29074,TLCLWVMYFVN,87,83.0
205,HLA-B44:03,6050.9,APF29074,FSGVASQEGVL,205,84.0
192,HLA-B44:03,6050.95,APF29074,TGWAFYVRAKH,192,85.0
59,HLA-B44:03,6051.2,APF29074,LALSIFDCFVN,59,86.0
70,HLA-B44:03,6051.65,APF29074,FNVDWVFFGFS,70,87.0
90,HLA-B44:03,6051.99,APF29074,LWVMYFVNSFR,90,88.0
149,HLA-B44:03,6054.5,APF29074,LVDGHKIATRV,149,89.0
154,HLA-B44:03,6054.55,APF29074,KIATRVQVGQL,154,90.0
111,HLA-B44:03,6054.84,APF29074,FNPETNAIISL,111,91.0
131,HLA-B44:03,6055.34,APF29074,PVMAAPTGVTL,131,92.0
15,HLA-B44:03,6055.44,APF29074,RNWNFSWNLIL,15,93.0
107,HLA-B44:03,6059.16,APF29074,TFWAFNPETNA,107,94.0
160,HLA-B44:03,6059.69,APF29074,QVGQLPKYVIV,160,95.0
128,HLA-B44:03,6060.32,APF29074,YYLPVMAAPTG,128,96.0
67,HLA-B44:03,6062.47,APF29074,FVNFNVDWVFF,67,97.0
88,HLA-B44:03,6063.26,APF29074,LCLWVMYFVNS,88,98.0
157,HLA-B44:03,6064.34,APF29074,TRVQVGQLPKY,157,99.0
32,HLA-B44:03,6064.41,APF29074,LQYGHYKYSRL,32,100.0
80,HLA-B44:03,6064.84,APF29074,SILMSIITLCL,80,101.0
3,HLA-B44:03,6065.06,APF29074,SSVPLSEVYVH,3,102.0
186,HLA-B44:03,6067.04,APF29074,VNETSQTGWAF,186,103.0
75,HLA-B44:03,6067.32,APF29074,VFFGFSILMSI,75,104.0
4,HLA-B44:03,6067.59,APF29074,SVPLSEVYVHL,4,105.0
35,HLA-B44:03,6067.69,APF29074,GHYKYSRLLYG,35,106.0
26,HLA-B44:03,6069.77,APF29074,TVFIVVLQYGH,26,107.0
175,HLA-B44:03,6070.59,APF29074,TTIVCDRVGRS,175,108.0
31,HLA-B44:03,6070.89,APF29074,VLQYGHYKYSR,31,109.0
47,HLA-B44:03,6072.05,APF29074,KMSVLWCLWPL,47,110.0
121,HLA-B44:03,6072.79,APF29074,LQVYGHNYYLP,121,111.0
137,HLA-B44:03,6074.07,APF29074,TGVTLTLLSGV,137,112.0
76,HLA-B44:03,6074.17,APF29074,FFGFSILMSII,76,113.0
78,HLA-B44:03,6074.53,APF29074,GFSILMSIITL,78,114.0
38,HLA-B44:03,6078.38,APF29074,KYSRLLYGLKM,38,115.0
151,HLA-B44:03,6079.3,APF29074,DGHKIATRVQV,151,116.0
177,HLA-B44:03,6079.32,APF29074,IVCDRVGRSVN,177,117.0
72,HLA-B44:03,6079.83,APF29074,VDWVFFGFSIL,72,118.0
163,HLA-B44:03,6080.13,APF29074,QLPKYVIVATP,163,119.0
125,HLA-B44:03,6080.59,APF29074,GHNYYLPVMAA,125,120.0
36,HLA-B44:03,6080.7,APF29074,HYKYSRLLYGL,36,121.0
212,HLA-B44:03,6083.32,APF29074,EGVLSEREKLL,212,122.0
68,HLA-B44:03,6083.44,APF29074,VNFNVDWVFFG,68,123.0
143,HLA-B44:03,6084.67,APF29074,LLSGVLLVDGH,143,124.0
166,HLA-B44:03,6084.73,APF29074,KYVIVATPSTT,166,125.0
6,HLA-B44:03,6085.97,APF29074,PLSEVYVHLRN,6,126.0
213,HLA-B44:03,6086.83,APF29074,GVLSEREKLLH,213,127.0
174,HLA-B44:03,6087.23,APF29074,STTIVCDRVGR,174,128.0
74,HLA-B44:03,6088.27,APF29074,WVFFGFSILMS,74,129.0
34,HLA-B44:03,6088.5,APF29074,YGHYKYSRLLY,34,130.0
214,HLA-B44:03,6088.8,APF29074,VLSEREKLLHL,214,131.0
106,HLA-B44:03,6088.93,APF29074,KTFWAFNPETN,106,132.0
155,HLA-B44:03,6089.01,APF29074,IATRVQVGQLP,155,133.0
195,HLA-B44:03,6089.01,APF29074,AFYVRAKHGDF,195,133.0
197,HLA-B44:03,6089.51,APF29074,YVRAKHGDFSG,197,135.0
124,HLA-B44:03,6089.62,APF29074,YGHNYYLPVMA,124,136.0
0,HLA-B44:03,6090.83,APF29074,MSNSSVPLSEV,0,137.0
198,HLA-B44:03,6091.14,APF29074,VRAKHGDFSGV,198,138.0
139,HLA-B44:03,6091.26,APF29074,VTLTLLSGVLL,139,139.0
33,HLA-B44:03,6091.96,APF29074,QYGHYKYSRLL,33,140.0
5,HLA-B44:03,6092.42,APF29074,VPLSEVYVHLR,5,141.0
96,HLA-B44:03,6092.8,APF29074,VNSFRLWRRVK,96,142.0
53,HLA-B44:03,6094.85,APF29074,CLWPLVLALSI,53,143.0
126,HLA-B44:03,6095.26,APF29074,HNYYLPVMAAP,126,144.0
109,HLA-B44:03,6095.61,APF29074,WAFNPETNAII,109,145.0
103,HLA-B44:03,6095.96,APF29074,RRVKTFWAFNP,103,146.0
28,HLA-B44:03,6096.49,APF29074,FIVVLQYGHYK,28,147.0
199,HLA-B44:03,6096.61,APF29074,RAKHGDFSGVA,199,148.0
130,HLA-B44:03,6096.71,APF29074,LPVMAAPTGVT,130,149.0
39,HLA-B44:03,6096.9,APF29074,YSRLLYGLKMS,39,150.0
97,HLA-B44:03,6096.96,APF29074,NSFRLWRRVKT,97,151.0
180,HLA-B44:03,6098.68,APF29074,DRVGRSVNETS,180,152.0
161,HLA-B44:03,6098.7,APF29074,VGQLPKYVIVA,161,153.0
44,HLA-B44:03,6098.84,APF29074,YGLKMSVLWCL,44,154.0
50,HLA-B44:03,6099.41,APF29074,VLWCLWPLVLA,50,155.0
93,HLA-B44:03,6099.62,APF29074,MYFVNSFRLWR,93,156.0
148,HLA-B44:03,6099.75,APF29074,LLVDGHKIATR,148,157.0
171,HLA-B44:03,6100.1,APF29074,ATPSTTIVCDR,171,158.0
173,HLA-B44:03,6100.23,APF29074,PSTTIVCDRVG,173,159.0
202,HLA-B44:03,6100.28,APF29074,HGDFSGVASQE,202,160.0
208,HLA-B44:03,6100.55,APF29074,VASQEGVLSER,208,161.0
146,HLA-B44:03,6101.3,APF29074,GVLLVDGHKIA,146,162.0
182,HLA-B44:03,6102.91,APF29074,VGRSVNETSQT,182,163.0
57,HLA-B44:03,6103.83,APF29074,LVLALSIFDCF,57,164.0
132,HLA-B44:03,6105.74,APF29074,VMAAPTGVTLT,132,165.0
51,HLA-B44:03,6105.76,APF29074,LWCLWPLVLAL,51,166.0
104,HLA-B44:03,6105.85,APF29074,RVKTFWAFNPE,104,167.0
215,HLA-B44:03,6107.46,APF29074,LSEREKLLHLI,215,168.0
123,HLA-B44:03,6108.17,APF29074,VYGHNYYLPVM,123,169.0
156,HLA-B44:03,6108.49,APF29074,ATRVQVGQLPK,156,170.0
172,HLA-B44:03,6108.67,APF29074,TPSTTIVCDRV,172,171.0
196,HLA-B44:03,6109.35,APF29074,FYVRAKHGDFS,196,172.0
144,HLA-B44:03,6109.48,APF29074,LSGVLLVDGHK,144,173.0
52,HLA-B44:03,6109.93,APF29074,WCLWPLVLALS,52,174.0
14,HLA-B44:03,6110.36,APF29074,LRNWNFSWNLI,14,175.0
206,HLA-B44:03,6111.01,APF29074,SGVASQEGVLS,206,176.0
178,HLA-B44:03,6113.96,APF29074,VCDRVGRSVNE,178,177.0
79,HLA-B44:03,6115.0,APF29074,FSILMSIITLC,79,178.0
153,HLA-B44:03,6115.29,APF29074,HKIATRVQVGQ,153,179.0
165,HLA-B44:03,6115.99,APF29074,PKYVIVATPST,165,180.0
110,HLA-B44:03,6116.04,APF29074,AFNPETNAIIS,110,181.0
61,HLA-B44:03,6116.9,APF29074,LSIFDCFVNFN,61,182.0
105,HLA-B44:03,6116.91,APF29074,VKTFWAFNPET,105,183.0
191,HLA-B44:03,6118.01,APF29074,QTGWAFYVRAK,191,184.0
77,HLA-B44:03,6118.27,APF29074,FGFSILMSIIT,77,185.0
169,HLA-B44:03,6119.05,APF29074,IVATPSTTIVC,169,186.0
46,HLA-B44:03,6119.13,APF29074,LKMSVLWCLWP,46,187.0
164,HLA-B44:03,6119.35,APF29074,LPKYVIVATPS,164,188.0
207,HLA-B44:03,6119.72,APF29074,GVASQEGVLSE,207,189.0
136,HLA-B44:03,6120.08,APF29074,PTGVTLTLLSG,136,190.0
23,HLA-B44:03,6121.66,APF29074,LILTVFIVVLQ,23,191.0
55,HLA-B44:03,6122.22,APF29074,WPLVLALSIFD,55,192.0
183,HLA-B44:03,6123.42,APF29074,GRSVNETSQTG,183,193.0
150,HLA-B44:03,6123.68,APF29074,VDGHKIATRVQ,150,194.0
147,HLA-B44:03,6125.07,APF29074,VLLVDGHKIAT,147,195.0
37,HLA-B44:03,6126.38,APF29074,YKYSRLLYGLK,37,196.0
210,HLA-B44:03,6126.72,APF29074,SQEGVLSEREK,210,197.0
200,HLA-B44:03,6127.69,APF29074,AKHGDFSGVAS,200,198.0
179,HLA-B44:03,6128.06,APF29074,CDRVGRSVNET,179,199.0
127,HLA-B44:03,6128.71,APF29074,NYYLPVMAAPT,127,200.0
100,HLA-B44:03,6129.49,APF29074,RLWRRVKTFWA,100,201.0
152,HLA-B44:03,6129.72,APF29074,GHKIATRVQVG,152,202.0
181,HLA-B44:03,6130.19,APF29074,RVGRSVNETSQ,181,203.0
135,HLA-B44:03,6133.15,APF29074,APTGVTLTLLS,135,204.0
162,HLA-B44:03,6134.07,APF29074,GQLPKYVIVAT,162,205.0
101,HLA-B44:03,6135.43,APF29074,LWRRVKTFWAF,101,206.0
203,HLA-B44:03,6135.77,APF29074,GDFSGVASQEG,203,207.0
185,HLA-B44:03,6136.64,APF29074,SVNETSQTGWA,185,208.0
201,HLA-B44:03,6136.64,APF29074,KHGDFSGVASQ,201,208.0
112,HLA-B44:03,6138.31,APF29074,NPETNAIISLQ,112,210.0
102,HLA-B44:03,6143.0,APF29074,WRRVKTFWAFN,102,211.0
10,HLA-B44:03,6144.4,APF29074,VYVHLRNWNFS,10,212.0
56,HLA-B44:03,6144.47,APF29074,PLVLALSIFDC,56,213.0
170,HLA-B44:03,6156.31,APF29074,VATPSTTIVCD,170,214.0
12,HLA-B44:03,6174.02,APF29074,VHLRNWNFSWN,12,215.0
43,HLA-B44:03,6177.4,APF29074,LYGLKMSVLWC,43,216.0
184,HLA-B57:01,546.76,APF29074,RSVNETSQTGW,184,1.0
119,HLA-B57:01,2571.39,APF29074,ISLQVYGHNYY,119,2.0
7,HLA-B57:01,3429.36,APF29074,LSEVYVHLRNW,7,3.0
133,HLA-B57:01,4477.94,APF29074,MAAPTGVTLTL,133,4.0
139,HLA-B57:01,4733.95,APF29074,VTLTLLSGVLL,139,5.0
92,HLA-B57:01,4916.23,APF29074,VMYFVNSFRLW,92,6.0
11,HLA-B57:01,5303.08,APF29074,YVHLRNWNFSW,11,7.0
114,HLA-B57:01,5447.11,APF29074,ETNAIISLQVY,114,8.0
208,HLA-B57:01,5556.81,APF29074,VASQEGVLSER,208,9.0
174,HLA-B57:01,5640.77,APF29074,STTIVCDRVGR,174,10.0
141,HLA-B57:01,5656.71,APF29074,LTLLSGVLLVD,141,11.0
189,HLA-B57:01,5675.05,APF29074,TSQTGWAFYVR,189,12.0
106,HLA-B57:01,5691.11,APF29074,KTFWAFNPETN,106,13.0
3,HLA-B57:01,5719.25,APF29074,SSVPLSEVYVH,3,14.0
171,HLA-B57:01,5735.13,APF29074,ATPSTTIVCDR,171,15.0
155,HLA-B57:01,5737.6,APF29074,IATRVQVGQLP,155,16.0
42,HLA-B57:01,5745.91,APF29074,LLYGLKMSVLW,42,17.0
148,HLA-B57:01,5750.65,APF29074,LLVDGHKIATR,148,18.0
93,HLA-B57:01,5750.77,APF29074,MYFVNSFRLWR,93,19.0
5,HLA-B57:01,5793.52,APF29074,VPLSEVYVHLR,5,20.0
90,HLA-B57:01,5795.76,APF29074,LWVMYFVNSFR,90,21.0
67,HLA-B57:01,5819.82,APF29074,FVNFNVDWVFF,67,22.0
31,HLA-B57:01,5820.02,APF29074,VLQYGHYKYSR,31,23.0
167,HLA-B57:01,5821.31,APF29074,YVIVATPSTTI,167,24.0
144,HLA-B57:01,5822.62,APF29074,LSGVLLVDGHK,144,25.0
79,HLA-B57:01,5833.19,APF29074,FSILMSIITLC,79,26.0
96,HLA-B57:01,5840.37,APF29074,VNSFRLWRRVK,96,27.0
19,HLA-B57:01,5845.05,APF29074,FSWNLILTVFI,19,28.0
97,HLA-B57:01,5846.85,APF29074,NSFRLWRRVKT,97,29.0
37,HLA-B57:01,5849.01,APF29074,YKYSRLLYGLK,37,30.0
94,HLA-B57:01,5864.03,APF29074,YFVNSFRLWRR,94,31.0
191,HLA-B57:01,5866.16,APF29074,QTGWAFYVRAK,191,32.0
28,HLA-B57:01,5872.21,APF29074,FIVVLQYGHYK,28,33.0
209,HLA-B57:01,5879.1,APF29074,ASQEGVLSERE,209,34.0
210,HLA-B57:01,5889.92,APF29074,SQEGVLSEREK,210,35.0
169,HLA-B57:01,5890.23,APF29074,IVATPSTTIVC,169,36.0
29,HLA-B57:01,5890.47,APF29074,IVVLQYGHYKY,29,37.0
81,HLA-B57:01,5898.26,APF29074,ILMSIITLCLW,81,38.0
57,HLA-B57:01,5906.13,APF29074,LVLALSIFDCF,57,39.0
156,HLA-B57:01,5913.97,APF29074,ATRVQVGQLPK,156,40.0
199,HLA-B57:01,5915.7,APF29074,RAKHGDFSGVA,199,41.0
99,HLA-B57:01,5916.5,APF29074,FRLWRRVKTFW,99,42.0
22,HLA-B57:01,5919.29,APF29074,NLILTVFIVVL,22,43.0
213,HLA-B57:01,5921.63,APF29074,GVLSEREKLLH,213,44.0
23,HLA-B57:01,5927.44,APF29074,LILTVFIVVLQ,23,45.0
77,HLA-B57:01,5929.56,APF29074,FGFSILMSIIT,77,46.0
166,HLA-B57:01,5934.58,APF29074,KYVIVATPSTT,166,47.0
175,HLA-B57:01,5938.75,APF29074,TTIVCDRVGRS,175,48.0
207,HLA-B57:01,5940.42,APF29074,GVASQEGVLSE,207,49.0
161,HLA-B57:01,5941.83,APF29074,VGQLPKYVIVA,161,50.0
59,HLA-B57:01,5950.21,APF29074,LALSIFDCFVN,59,51.0
158,HLA-B57:01,5951.07,APF29074,RVQVGQLPKYV,158,52.0
78,HLA-B57:01,5951.63,APF29074,GFSILMSIITL,78,53.0
170,HLA-B57:01,5951.64,APF29074,VATPSTTIVCD,170,54.0
101,HLA-B57:01,5954.5,APF29074,LWRRVKTFWAF,101,55.0
130,HLA-B57:01,5954.73,APF29074,LPVMAAPTGVT,130,56.0
30,HLA-B57:01,5955.82,APF29074,VVLQYGHYKYS,30,57.0
83,HLA-B57:01,5958.88,APF29074,MSIITLCLWVM,83,58.0
80,HLA-B57:01,5959.24,APF29074,SILMSIITLCL,80,59.0
149,HLA-B57:01,5959.33,APF29074,LVDGHKIATRV,149,60.0
2,HLA-B57:01,5960.51,APF29074,NSSVPLSEVYV,2,61.0
82,HLA-B57:01,5960.93,APF29074,LMSIITLCLWV,82,62.0
181,HLA-B57:01,5961.87,APF29074,RVGRSVNETSQ,181,63.0
95,HLA-B57:01,5964.92,APF29074,FVNSFRLWRRV,95,64.0
182,HLA-B57:01,5966.9,APF29074,VGRSVNETSQT,182,65.0
0,HLA-B57:01,5967.49,APF29074,MSNSSVPLSEV,0,66.0
127,HLA-B57:01,5969.36,APF29074,NYYLPVMAAPT,127,67.0
51,HLA-B57:01,5970.63,APF29074,LWCLWPLVLAL,51,68.0
205,HLA-B57:01,5971.66,APF29074,FSGVASQEGVL,205,69.0
138,HLA-B57:01,5971.98,APF29074,GVTLTLLSGVL,138,70.0
107,HLA-B57:01,5972.83,APF29074,TFWAFNPETNA,107,71.0
162,HLA-B57:01,5972.89,APF29074,GQLPKYVIVAT,162,72.0
109,HLA-B57:01,5974.08,APF29074,WAFNPETNAII,109,73.0
202,HLA-B57:01,5974.5,APF29074,HGDFSGVASQE,202,74.0
38,HLA-B57:01,5975.61,APF29074,KYSRLLYGLKM,38,75.0
131,HLA-B57:01,5975.85,APF29074,PVMAAPTGVTL,131,76.0
39,HLA-B57:01,5975.9,APF29074,YSRLLYGLKMS,39,77.0
125,HLA-B57:01,5976.62,APF29074,GHNYYLPVMAA,125,78.0
91,HLA-B57:01,5977.46,APF29074,WVMYFVNSFRL,91,79.0
85,HLA-B57:01,5978.07,APF29074,IITLCLWVMYF,85,80.0
132,HLA-B57:01,5980.94,APF29074,VMAAPTGVTLT,132,81.0
45,HLA-B57:01,5981.62,APF29074,GLKMSVLWCLW,45,82.0
146,HLA-B57:01,5982.27,APF29074,GVLLVDGHKIA,146,83.0
186,HLA-B57:01,5982.54,APF29074,VNETSQTGWAF,186,84.0
215,HLA-B57:01,5982.96,APF29074,LSEREKLLHLI,215,85.0
64,HLA-B57:01,5984.57,APF29074,FDCFVNFNVDW,64,86.0
183,HLA-B57:01,5985.01,APF29074,GRSVNETSQTG,183,87.0
24,HLA-B57:01,5985.97,APF29074,ILTVFIVVLQY,24,88.0
9,HLA-B57:01,5990.18,APF29074,EVYVHLRNWNF,9,89.0
47,HLA-B57:01,5991.01,APF29074,KMSVLWCLWPL,47,90.0
118,HLA-B57:01,5991.01,APF29074,IISLQVYGHNY,118,90.0
124,HLA-B57:01,5991.77,APF29074,YGHNYYLPVMA,124,92.0
201,HLA-B57:01,5992.19,APF29074,KHGDFSGVASQ,201,93.0
21,HLA-B57:01,5992.99,APF29074,WNLILTVFIVV,21,94.0
25,HLA-B57:01,5993.4,APF29074,LTVFIVVLQYG,25,95.0
177,HLA-B57:01,5994.43,APF29074,IVCDRVGRSVN,177,96.0
34,HLA-B57:01,5995.16,APF29074,YGHYKYSRLLY,34,97.0
41,HLA-B57:01,5995.6,APF29074,RLLYGLKMSVL,41,98.0
32,HLA-B57:01,5996.64,APF29074,LQYGHYKYSRL,32,99.0
98,HLA-B57:01,5996.86,APF29074,SFRLWRRVKTF,98,100.0
214,HLA-B57:01,5998.89,APF29074,VLSEREKLLHL,214,101.0
27,HLA-B57:01,5999.6,APF29074,VFIVVLQYGHY,27,102.0
105,HLA-B57:01,5999.7,APF29074,VKTFWAFNPET,105,103.0
152,HLA-B57:01,6000.09,APF29074,GHKIATRVQVG,152,104.0
16,HLA-B57:01,6001.18,APF29074,NWNFSWNLILT,16,105.0
145,HLA-B57:01,6001.81,APF29074,SGVLLVDGHKI,145,106.0
150,HLA-B57:01,6002.42,APF29074,VDGHKIATRVQ,150,107.0
172,HLA-B57:01,6002.48,APF29074,TPSTTIVCDRV,172,108.0
20,HLA-B57:01,6003.11,APF29074,SWNLILTVFIV,20,109.0
165,HLA-B57:01,6003.37,APF29074,PKYVIVATPST,165,110.0
147,HLA-B57:01,6005.34,APF29074,VLLVDGHKIAT,147,111.0
1,HLA-B57:01,6005.84,APF29074,SNSSVPLSEVY,1,112.0
190,HLA-B57:01,6006.38,APF29074,SQTGWAFYVRA,190,113.0
110,HLA-B57:01,6008.64,APF29074,AFNPETNAIIS,110,114.0
117,HLA-B57:01,6008.66,APF29074,AIISLQVYGHN,117,115.0
192,HLA-B57:01,6008.88,APF29074,TGWAFYVRAKH,192,116.0
157,HLA-B57:01,6009.46,APF29074,TRVQVGQLPKY,157,117.0
108,HLA-B57:01,6010.24,APF29074,FWAFNPETNAI,108,118.0
203,HLA-B57:01,6010.85,APF29074,GDFSGVASQEG,203,119.0
193,HLA-B57:01,6011.23,APF29074,GWAFYVRAKHG,193,120.0
134,HLA-B57:01,6011.47,APF29074,AAPTGVTLTLL,134,121.0
8,HLA-B57:01,6011.62,APF29074,SEVYVHLRNWN,8,122.0
26,HLA-B57:01,6012.76,APF29074,TVFIVVLQYGH,26,123.0
17,HLA-B57:01,6013.31,APF29074,WNFSWNLILTV,17,124.0
168,HLA-B57:01,6013.37,APF29074,VIVATPSTTIV,168,125.0
200,HLA-B57:01,6015.58,APF29074,AKHGDFSGVAS,200,126.0
6,HLA-B57:01,6016.9,APF29074,PLSEVYVHLRN,6,127.0
180,HLA-B57:01,6017.3,APF29074,DRVGRSVNETS,180,128.0
12,HLA-B57:01,6018.38,APF29074,VHLRNWNFSWN,12,129.0
164,HLA-B57:01,6018.57,APF29074,LPKYVIVATPS,164,130.0
112,HLA-B57:01,6018.93,APF29074,NPETNAIISLQ,112,131.0
55,HLA-B57:01,6019.41,APF29074,WPLVLALSIFD,55,132.0
68,HLA-B57:01,6020.35,APF29074,VNFNVDWVFFG,68,133.0
123,HLA-B57:01,6020.98,APF29074,VYGHNYYLPVM,123,134.0
49,HLA-B57:01,6021.36,APF29074,SVLWCLWPLVL,49,135.0
89,HLA-B57:01,6021.97,APF29074,CLWVMYFVNSF,89,136.0
129,HLA-B57:01,6022.43,APF29074,YLPVMAAPTGV,129,137.0
44,HLA-B57:01,6022.81,APF29074,YGLKMSVLWCL,44,138.0
65,HLA-B57:01,6023.55,APF29074,DCFVNFNVDWV,65,139.0
137,HLA-B57:01,6023.75,APF29074,TGVTLTLLSGV,137,140.0
179,HLA-B57:01,6024.94,APF29074,CDRVGRSVNET,179,141.0
154,HLA-B57:01,6025.03,APF29074,KIATRVQVGQL,154,142.0
197,HLA-B57:01,6025.2,APF29074,YVRAKHGDFSG,197,143.0
178,HLA-B57:01,6025.3,APF29074,VCDRVGRSVNE,178,144.0
188,HLA-B57:01,6025.44,APF29074,ETSQTGWAFYV,188,145.0
15,HLA-B57:01,6026.02,APF29074,RNWNFSWNLIL,15,146.0
116,HLA-B57:01,6026.54,APF29074,NAIISLQVYGH,116,147.0
142,HLA-B57:01,6027.29,APF29074,TLLSGVLLVDG,142,148.0
75,HLA-B57:01,6027.49,APF29074,VFFGFSILMSI,75,149.0
13,HLA-B57:01,6027.65,APF29074,HLRNWNFSWNL,13,150.0
159,HLA-B57:01,6027.89,APF29074,VQVGQLPKYVI,159,151.0
211,HLA-B57:01,6029.99,APF29074,QEGVLSEREKL,211,152.0
136,HLA-B57:01,6030.54,APF29074,PTGVTLTLLSG,136,153.0
53,HLA-B57:01,6031.81,APF29074,CLWPLVLALSI,53,154.0
72,HLA-B57:01,6031.87,APF29074,VDWVFFGFSIL,72,155.0
88,HLA-B57:01,6032.01,APF29074,LCLWVMYFVNS,88,156.0
73,HLA-B57:01,6032.38,APF29074,DWVFFGFSILM,73,157.0
151,HLA-B57:01,6032.44,APF29074,DGHKIATRVQV,151,158.0
176,HLA-B57:01,6032.65,APF29074,TIVCDRVGRSV,176,159.0
84,HLA-B57:01,6032.7,APF29074,SIITLCLWVMY,84,160.0
212,HLA-B57:01,6032.7,APF29074,EGVLSEREKLL,212,160.0
69,HLA-B57:01,6033.37,APF29074,NFNVDWVFFGF,69,162.0
160,HLA-B57:01,6034.94,APF29074,QVGQLPKYVIV,160,163.0
126,HLA-B57:01,6035.01,APF29074,HNYYLPVMAAP,126,164.0
173,HLA-B57:01,6035.66,APF29074,PSTTIVCDRVG,173,165.0
76,HLA-B57:01,6035.78,APF29074,FFGFSILMSII,76,166.0
10,HLA-B57:01,6035.83,APF29074,VYVHLRNWNFS,10,167.0
43,HLA-B57:01,6035.95,APF29074,LYGLKMSVLWC,43,168.0
113,HLA-B57:01,6036.51,APF29074,PETNAIISLQV,113,169.0
36,HLA-B57:01,6037.1,APF29074,HYKYSRLLYGL,36,170.0
153,HLA-B57:01,6037.58,APF29074,HKIATRVQVGQ,153,171.0
143,HLA-B57:01,6038.07,APF29074,LLSGVLLVDGH,143,172.0
4,HLA-B57:01,6038.56,APF29074,SVPLSEVYVHL,4,173.0
140,HLA-B57:01,6039.03,APF29074,TLTLLSGVLLV,140,174.0
194,HLA-B57:01,6039.21,APF29074,WAFYVRAKHGD,194,175.0
71,HLA-B57:01,6042.01,APF29074,NVDWVFFGFSI,71,176.0
135,HLA-B57:01,6042.17,APF29074,APTGVTLTLLS,135,177.0
185,HLA-B57:01,6042.74,APF29074,SVNETSQTGWA,185,178.0
63,HLA-B57:01,6042.75,APF29074,IFDCFVNFNVD,63,179.0
18,HLA-B57:01,6043.43,APF29074,NFSWNLILTVF,18,180.0
187,HLA-B57:01,6043.65,APF29074,NETSQTGWAFY,187,181.0
54,HLA-B57:01,6043.69,APF29074,LWPLVLALSIF,54,182.0
195,HLA-B57:01,6044.65,APF29074,AFYVRAKHGDF,195,183.0
111,HLA-B57:01,6044.84,APF29074,FNPETNAIISL,111,184.0
204,HLA-B57:01,6046.54,APF29074,DFSGVASQEGV,204,185.0
122,HLA-B57:01,6046.74,APF29074,QVYGHNYYLPV,122,186.0
61,HLA-B57:01,6047.81,APF29074,LSIFDCFVNFN,61,187.0
206,HLA-B57:01,6047.93,APF29074,SGVASQEGVLS,206,188.0
120,HLA-B57:01,6048.29,APF29074,SLQVYGHNYYL,120,189.0
74,HLA-B57:01,6048.35,APF29074,WVFFGFSILMS,74,190.0
33,HLA-B57:01,6050.3,APF29074,QYGHYKYSRLL,33,191.0
198,HLA-B57:01,6050.99,APF29074,VRAKHGDFSGV,198,192.0
35,HLA-B57:01,6051.05,APF29074,GHYKYSRLLYG,35,193.0
66,HLA-B57:01,6051.46,APF29074,CFVNFNVDWVF,66,194.0
102,HLA-B57:01,6052.28,APF29074,WRRVKTFWAFN,102,195.0
115,HLA-B57:01,6053.04,APF29074,TNAIISLQVYG,115,196.0
14,HLA-B57:01,6053.84,APF29074,LRNWNFSWNLI,14,197.0
60,HLA-B57:01,6056.4,APF29074,ALSIFDCFVNF,60,198.0
48,HLA-B57:01,6056.89,APF29074,MSVLWCLWPLV,48,199.0
40,HLA-B57:01,6057.98,APF29074,SRLLYGLKMSV,40,200.0
128,HLA-B57:01,6059.29,APF29074,YYLPVMAAPTG,128,201.0
52,HLA-B57:01,6060.43,APF29074,WCLWPLVLALS,52,202.0
58,HLA-B57:01,6060.75,APF29074,VLALSIFDCFV,58,203.0
104,HLA-B57:01,6063.0,APF29074,RVKTFWAFNPE,104,204.0
56,HLA-B57:01,6064.14,APF29074,PLVLALSIFDC,56,205.0
87,HLA-B57:01,6065.25,APF29074,TLCLWVMYFVN,87,206.0
70,HLA-B57:01,6065.54,APF29074,FNVDWVFFGFS,70,207.0
163,HLA-B57:01,6067.9,APF29074,QLPKYVIVATP,163,208.0
86,HLA-B57:01,6068.11,APF29074,ITLCLWVMYFV,86,209.0
62,HLA-B57:01,6074.2,APF29074,SIFDCFVNFNV,62,210.0
103,HLA-B57:01,6079.38,APF29074,RRVKTFWAFNP,103,211.0
196,HLA-B57:01,6080.25,APF29074,FYVRAKHGDFS,196,212.0
46,HLA-B57:01,6087.09,APF29074,LKMSVLWCLWP,46,213.0
100,HLA-B57:01,6090.15,APF29074,RLWRRVKTFWA,100,214.0
50,HLA-B57:01,6093.54,APF29074,VLWCLWPLVLA,50,215.0
121,HLA-B57:01,6105.87,APF29074,LQVYGHNYYLP,121,216.0
184,HLA-B58:01,8.41,APF29074,RSVNETSQTGW,184,1.0
119,HLA-B58:01,33.63,APF29074,ISLQVYGHNYY,119,2.0
133,HLA-B58:01,110.54,APF29074,MAAPTGVTLTL,133,3.0
81,HLA-B58:01,147.55,APF29074,ILMSIITLCLW,81,4.0
92,HLA-B58:01,170.36,APF29074,VMYFVNSFRLW,92,5.0
47,HLA-B58:01,191.93,APF29074,KMSVLWCLWPL,47,6.0
83,HLA-B58:01,192.08,APF29074,MSIITLCLWVM,83,7.0
11,HLA-B58:01,360.06,APF29074,YVHLRNWNFSW,11,8.0
109,HLA-B58:01,364.7,APF29074,WAFNPETNAII,109,9.0
106,HLA-B58:01,442.37,APF29074,KTFWAFNPETN,106,10.0
7,HLA-B58:01,790.73,APF29074,LSEVYVHLRNW,7,11.0
208,HLA-B58:01,862.99,APF29074,VASQEGVLSER,208,12.0
18,HLA-B58:01,992.57,APF29074,NFSWNLILTVF,18,13.0
66,HLA-B58:01,1077.57,APF29074,CFVNFNVDWVF,66,14.0
139,HLA-B58:01,1096.39,APF29074,VTLTLLSGVLL,139,15.0
3,HLA-B58:01,1532.25,APF29074,SSVPLSEVYVH,3,16.0
42,HLA-B58:01,1847.6,APF29074,LLYGLKMSVLW,42,17.0
19,HLA-B58:01,1857.91,APF29074,FSWNLILTVFI,19,18.0
167,HLA-B58:01,1864.08,APF29074,YVIVATPSTTI,167,19.0
118,HLA-B58:01,2339.98,APF29074,IISLQVYGHNY,118,20.0
24,HLA-B58:01,2747.64,APF29074,ILTVFIVVLQY,24,21.0
170,HLA-B58:01,2774.37,APF29074,VATPSTTIVCD,170,22.0
132,HLA-B58:01,2803.66,APF29074,VMAAPTGVTLT,132,23.0
61,HLA-B58:01,3211.59,APF29074,LSIFDCFVNFN,61,24.0
48,HLA-B58:01,3343.85,APF29074,MSVLWCLWPLV,48,25.0
169,HLA-B58:01,3680.69,APF29074,IVATPSTTIVC,169,26.0
2,HLA-B58:01,4505.39,APF29074,NSSVPLSEVYV,2,27.0
59,HLA-B58:01,6207.05,APF29074,LALSIFDCFVN,59,28.0
75,HLA-B58:01,6431.14,APF29074,VFFGFSILMSI,75,29.0
141,HLA-B58:01,6637.9,APF29074,LTLLSGVLLVD,141,30.0
86,HLA-B58:01,6871.58,APF29074,ITLCLWVMYFV,86,31.0
85,HLA-B58:01,7003.13,APF29074,IITLCLWVMYF,85,32.0
57,HLA-B58:01,7293.81,APF29074,LVLALSIFDCF,57,33.0
100,HLA-B58:01,7821.95,APF29074,RLWRRVKTFWA,100,34.0
116,HLA-B58:01,7882.57,APF29074,NAIISLQVYGH,116,35.0
77,HLA-B58:01,8417.13,APF29074,FGFSILMSIIT,77,36.0
215,HLA-B58:01,8511.24,APF29074,LSEREKLLHLI,215,37.0
155,HLA-B58:01,8814.93,APF29074,IATRVQVGQLP,155,38.0
84,HLA-B58:01,8818.21,APF29074,SIITLCLWVMY,84,39.0
25,HLA-B58:01,9781.8,APF29074,LTVFIVVLQYG,25,40.0
26,HLA-B58:01,10930.97,APF29074,TVFIVVLQYGH,26,41.0
9,HLA-B58:01,11069.19,APF29074,EVYVHLRNWNF,9,42.0
145,HLA-B58:01,11076.56,APF29074,SGVLLVDGHKI,145,43.0
45,HLA-B58:01,11220.83,APF29074,GLKMSVLWCLW,45,44.0
99,HLA-B58:01,11448.49,APF29074,FRLWRRVKTFW,99,45.0
27,HLA-B58:01,11921.41,APF29074,VFIVVLQYGHY,27,46.0
67,HLA-B58:01,12192.06,APF29074,FVNFNVDWVFF,67,47.0
29,HLA-B58:01,12473.64,APF29074,IVVLQYGHYKY,29,48.0
64,HLA-B58:01,12521.29,APF29074,FDCFVNFNVDW,64,49.0
168,HLA-B58:01,12842.25,APF29074,VIVATPSTTIV,168,50.0
82,HLA-B58:01,12919.76,APF29074,LMSIITLCLWV,82,51.0
97,HLA-B58:01,13189.88,APF29074,NSFRLWRRVKT,97,52.0
79,HLA-B58:01,13353.58,APF29074,FSILMSIITLC,79,53.0
205,HLA-B58:01,13743.16,APF29074,FSGVASQEGVL,205,54.0
154,HLA-B58:01,13767.01,APF29074,KIATRVQVGQL,154,55.0
194,HLA-B58:01,14016.97,APF29074,WAFYVRAKHGD,194,56.0
0,HLA-B58:01,14330.82,APF29074,MSNSSVPLSEV,0,57.0
91,HLA-B58:01,14372.98,APF29074,WVMYFVNSFRL,91,58.0
114,HLA-B58:01,14537.77,APF29074,ETNAIISLQVY,114,59.0
78,HLA-B58:01,15130.23,APF29074,GFSILMSIITL,78,60.0
44,HLA-B58:01,15579.43,APF29074,YGLKMSVLWCL,44,61.0
160,HLA-B58:01,15871.78,APF29074,QVGQLPKYVIV,160,62.0
177,HLA-B58:01,17511.72,APF29074,IVCDRVGRSVN,177,63.0
199,HLA-B58:01,18081.05,APF29074,RAKHGDFSGVA,199,64.0
53,HLA-B58:01,18947.06,APF29074,CLWPLVLALSI,53,65.0
189,HLA-B58:01,19680.43,APF29074,TSQTGWAFYVR,189,66.0
158,HLA-B58:01,19688.53,APF29074,RVQVGQLPKYV,158,67.0
209,HLA-B58:01,20464.79,APF29074,ASQEGVLSERE,209,68.0
181,HLA-B58:01,20559.77,APF29074,RVGRSVNETSQ,181,69.0
214,HLA-B58:01,20693.95,APF29074,VLSEREKLLHL,214,70.0
46,HLA-B58:01,20879.29,APF29074,LKMSVLWCLWP,46,71.0
213,HLA-B58:01,20928.61,APF29074,GVLSEREKLLH,213,72.0
117,HLA-B58:01,21582.52,APF29074,AIISLQVYGHN,117,73.0
69,HLA-B58:01,21914.0,APF29074,NFNVDWVFFGF,69,74.0
188,HLA-B58:01,22309.69,APF29074,ETSQTGWAFYV,188,75.0
30,HLA-B58:01,22904.47,APF29074,VVLQYGHYKYS,30,76.0
49,HLA-B58:01,22932.33,APF29074,SVLWCLWPLVL,49,77.0
192,HLA-B58:01,23033.53,APF29074,TGWAFYVRAKH,192,78.0
89,HLA-B58:01,23053.08,APF29074,CLWVMYFVNSF,89,79.0
122,HLA-B58:01,23293.81,APF29074,QVYGHNYYLPV,122,80.0
207,HLA-B58:01,23816.39,APF29074,GVASQEGVLSE,207,81.0
34,HLA-B58:01,23998.84,APF29074,YGHYKYSRLLY,34,82.0
161,HLA-B58:01,24203.54,APF29074,VGQLPKYVIVA,161,83.0
147,HLA-B58:01,24224.53,APF29074,VLLVDGHKIAT,147,84.0
185,HLA-B58:01,24480.32,APF29074,SVNETSQTGWA,185,85.0
16,HLA-B58:01,24488.7,APF29074,NWNFSWNLILT,16,86.0
93,HLA-B58:01,24639.69,APF29074,MYFVNSFRLWR,93,87.0
143,HLA-B58:01,25011.55,APF29074,LLSGVLLVDGH,143,88.0
134,HLA-B58:01,25163.61,APF29074,AAPTGVTLTLL,134,89.0
140,HLA-B58:01,25813.61,APF29074,TLTLLSGVLLV,140,90.0
15,HLA-B58:01,26069.43,APF29074,RNWNFSWNLIL,15,91.0
94,HLA-B58:01,26228.36,APF29074,YFVNSFRLWRR,94,92.0
95,HLA-B58:01,26382.3,APF29074,FVNSFRLWRRV,95,93.0
206,HLA-B58:01,26439.45,APF29074,SGVASQEGVLS,206,94.0
23,HLA-B58:01,26518.29,APF29074,LILTVFIVVLQ,23,95.0
1,HLA-B58:01,26529.75,APF29074,SNSSVPLSEVY,1,96.0
73,HLA-B58:01,26692.06,APF29074,DWVFFGFSILM,73,97.0
13,HLA-B58:01,26724.01,APF29074,HLRNWNFSWNL,13,98.0
137,HLA-B58:01,26810.61,APF29074,TGVTLTLLSGV,137,99.0
12,HLA-B58:01,27099.76,APF29074,VHLRNWNFSWN,12,100.0
104,HLA-B58:01,27381.28,APF29074,RVKTFWAFNPE,104,101.0
60,HLA-B58:01,27729.24,APF29074,ALSIFDCFVNF,60,102.0
80,HLA-B58:01,27931.49,APF29074,SILMSIITLCL,80,103.0
138,HLA-B58:01,27949.93,APF29074,GVTLTLLSGVL,138,104.0
115,HLA-B58:01,28115.81,APF29074,TNAIISLQVYG,115,105.0
50,HLA-B58:01,28144.52,APF29074,VLWCLWPLVLA,50,106.0
22,HLA-B58:01,28238.81,APF29074,NLILTVFIVVL,22,107.0
159,HLA-B58:01,28404.49,APF29074,VQVGQLPKYVI,159,108.0
166,HLA-B58:01,28567.06,APF29074,KYVIVATPSTT,166,109.0
146,HLA-B58:01,29022.21,APF29074,GVLLVDGHKIA,146,110.0
183,HLA-B58:01,29030.37,APF29074,GRSVNETSQTG,183,111.0
131,HLA-B58:01,29082.32,APF29074,PVMAAPTGVTL,131,112.0
76,HLA-B58:01,29117.54,APF29074,FFGFSILMSII,76,113.0
54,HLA-B58:01,29145.89,APF29074,LWPLVLALSIF,54,114.0
175,HLA-B58:01,29415.32,APF29074,TTIVCDRVGRS,175,115.0
74,HLA-B58:01,29453.06,APF29074,WVFFGFSILMS,74,116.0
174,HLA-B58:01,29465.15,APF29074,STTIVCDRVGR,174,117.0
68,HLA-B58:01,29702.24,APF29074,VNFNVDWVFFG,68,118.0
182,HLA-B58:01,29750.93,APF29074,VGRSVNETSQT,182,119.0
107,HLA-B58:01,29768.78,APF29074,TFWAFNPETNA,107,120.0
144,HLA-B58:01,29796.3,APF29074,LSGVLLVDGHK,144,121.0
17,HLA-B58:01,29975.67,APF29074,WNFSWNLILTV,17,122.0
41,HLA-B58:01,30011.36,APF29074,RLLYGLKMSVL,41,123.0
120,HLA-B58:01,30039.68,APF29074,SLQVYGHNYYL,120,124.0
58,HLA-B58:01,30074.02,APF29074,VLALSIFDCFV,58,125.0
186,HLA-B58:01,30099.57,APF29074,VNETSQTGWAF,186,126.0
56,HLA-B58:01,30283.71,APF29074,PLVLALSIFDC,56,127.0
187,HLA-B58:01,30300.14,APF29074,NETSQTGWAFY,187,128.0
38,HLA-B58:01,30331.46,APF29074,KYSRLLYGLKM,38,129.0
4,HLA-B58:01,30531.48,APF29074,SVPLSEVYVHL,4,130.0
110,HLA-B58:01,30557.68,APF29074,AFNPETNAIIS,110,131.0
65,HLA-B58:01,30687.71,APF29074,DCFVNFNVDWV,65,132.0
108,HLA-B58:01,30775.17,APF29074,FWAFNPETNAI,108,133.0
71,HLA-B58:01,30884.23,APF29074,NVDWVFFGFSI,71,134.0
124,HLA-B58:01,31035.03,APF29074,YGHNYYLPVMA,124,135.0
6,HLA-B58:01,31057.91,APF29074,PLSEVYVHLRN,6,136.0
121,HLA-B58:01,31070.59,APF29074,LQVYGHNYYLP,121,137.0
149,HLA-B58:01,31075.96,APF29074,LVDGHKIATRV,149,138.0
202,HLA-B58:01,31135.74,APF29074,HGDFSGVASQE,202,139.0
43,HLA-B58:01,31320.0,APF29074,LYGLKMSVLWC,43,140.0
105,HLA-B58:01,31655.92,APF29074,VKTFWAFNPET,105,141.0
123,HLA-B58:01,31910.77,APF29074,VYGHNYYLPVM,123,142.0
103,HLA-B58:01,32122.02,APF29074,RRVKTFWAFNP,103,143.0
171,HLA-B58:01,32284.6,APF29074,ATPSTTIVCDR,171,144.0
135,HLA-B58:01,32523.46,APF29074,APTGVTLTLLS,135,145.0
10,HLA-B58:01,32600.09,APF29074,VYVHLRNWNFS,10,146.0
190,HLA-B58:01,32655.75,APF29074,SQTGWAFYVRA,190,147.0
39,HLA-B58:01,32692.59,APF29074,YSRLLYGLKMS,39,148.0
21,HLA-B58:01,32706.01,APF29074,WNLILTVFIVV,21,149.0
204,HLA-B58:01,32797.22,APF29074,DFSGVASQEGV,204,150.0
63,HLA-B58:01,32944.78,APF29074,IFDCFVNFNVD,63,151.0
8,HLA-B58:01,33021.84,APF29074,SEVYVHLRNWN,8,152.0
113,HLA-B58:01,33054.88,APF29074,PETNAIISLQV,113,153.0
62,HLA-B58:01,33057.24,APF29074,SIFDCFVNFNV,62,154.0
98,HLA-B58:01,33350.22,APF29074,SFRLWRRVKTF,98,155.0
96,HLA-B58:01,33355.95,APF29074,VNSFRLWRRVK,96,156.0
111,HLA-B58:01,33373.16,APF29074,FNPETNAIISL,111,157.0
87,HLA-B58:01,33431.28,APF29074,TLCLWVMYFVN,87,158.0
72,HLA-B58:01,33503.59,APF29074,VDWVFFGFSIL,72,159.0
176,HLA-B58:01,33704.2,APF29074,TIVCDRVGRSV,176,160.0
127,HLA-B58:01,33741.78,APF29074,NYYLPVMAAPT,127,161.0
88,HLA-B58:01,33755.77,APF29074,LCLWVMYFVNS,88,162.0
32,HLA-B58:01,33847.26,APF29074,LQYGHYKYSRL,32,163.0
20,HLA-B58:01,33868.95,APF29074,SWNLILTVFIV,20,164.0
162,HLA-B58:01,33917.36,APF29074,GQLPKYVIVAT,162,165.0
112,HLA-B58:01,33992.67,APF29074,NPETNAIISLQ,112,166.0
14,HLA-B58:01,34378.05,APF29074,LRNWNFSWNLI,14,167.0
70,HLA-B58:01,34384.16,APF29074,FNVDWVFFGFS,70,168.0
151,HLA-B58:01,34466.27,APF29074,DGHKIATRVQV,151,169.0
165,HLA-B58:01,34544.02,APF29074,PKYVIVATPST,165,170.0
33,HLA-B58:01,34549.95,APF29074,QYGHYKYSRLL,33,171.0
148,HLA-B58:01,34625.68,APF29074,LLVDGHKIATR,148,172.0
163,HLA-B58:01,34839.88,APF29074,QLPKYVIVATP,163,173.0
5,HLA-B58:01,35048.4,APF29074,VPLSEVYVHLR,5,174.0
153,HLA-B58:01,35115.58,APF29074,HKIATRVQVGQ,153,175.0
36,HLA-B58:01,35126.69,APF29074,HYKYSRLLYGL,36,176.0
129,HLA-B58:01,35216.17,APF29074,YLPVMAAPTGV,129,177.0
157,HLA-B58:01,35232.25,APF29074,TRVQVGQLPKY,157,178.0
52,HLA-B58:01,35252.78,APF29074,WCLWPLVLALS,52,179.0
51,HLA-B58:01,35579.26,APF29074,LWCLWPLVLAL,51,180.0
40,HLA-B58:01,35671.2,APF29074,SRLLYGLKMSV,40,181.0
212,HLA-B58:01,35861.77,APF29074,EGVLSEREKLL,212,182.0
172,HLA-B58:01,36055.41,APF29074,TPSTTIVCDRV,172,183.0
126,HLA-B58:01,36055.74,APF29074,HNYYLPVMAAP,126,184.0
180,HLA-B58:01,36223.3,APF29074,DRVGRSVNETS,180,185.0
125,HLA-B58:01,36296.21,APF29074,GHNYYLPVMAA,125,186.0
90,HLA-B58:01,36487.96,APF29074,LWVMYFVNSFR,90,187.0
128,HLA-B58:01,36580.27,APF29074,YYLPVMAAPTG,128,188.0
150,HLA-B58:01,36672.16,APF29074,VDGHKIATRVQ,150,189.0
101,HLA-B58:01,36683.85,APF29074,LWRRVKTFWAF,101,190.0
31,HLA-B58:01,36729.74,APF29074,VLQYGHYKYSR,31,191.0
55,HLA-B58:01,36859.26,APF29074,WPLVLALSIFD,55,192.0
164,HLA-B58:01,36921.66,APF29074,LPKYVIVATPS,164,193.0
102,HLA-B58:01,37109.55,APF29074,WRRVKTFWAFN,102,194.0
28,HLA-B58:01,37288.99,APF29074,FIVVLQYGHYK,28,195.0
200,HLA-B58:01,37401.87,APF29074,AKHGDFSGVAS,200,196.0
211,HLA-B58:01,37427.3,APF29074,QEGVLSEREKL,211,197.0
178,HLA-B58:01,37484.13,APF29074,VCDRVGRSVNE,178,198.0
142,HLA-B58:01,37507.87,APF29074,TLLSGVLLVDG,142,199.0
130,HLA-B58:01,37644.07,APF29074,LPVMAAPTGVT,130,200.0
195,HLA-B58:01,37653.99,APF29074,AFYVRAKHGDF,195,201.0
201,HLA-B58:01,37754.21,APF29074,KHGDFSGVASQ,201,202.0
179,HLA-B58:01,37880.23,APF29074,CDRVGRSVNET,179,203.0
173,HLA-B58:01,37910.86,APF29074,PSTTIVCDRVG,173,204.0
191,HLA-B58:01,38194.34,APF29074,QTGWAFYVRAK,191,205.0
156,HLA-B58:01,38237.29,APF29074,ATRVQVGQLPK,156,206.0
198,HLA-B58:01,38262.22,APF29074,VRAKHGDFSGV,198,207.0
35,HLA-B58:01,38320.85,APF29074,GHYKYSRLLYG,35,208.0
196,HLA-B58:01,38796.49,APF29074,FYVRAKHGDFS,196,209.0
37,HLA-B58:01,38847.07,APF29074,YKYSRLLYGLK,37,210.0
136,HLA-B58:01,38881.41,APF29074,PTGVTLTLLSG,136,211.0
152,HLA-B58:01,38949.12,APF29074,GHKIATRVQVG,152,212.0
193,HLA-B58:01,39412.17,APF29074,GWAFYVRAKHG,193,213.0
197,HLA-B58:01,39651.28,APF29074,YVRAKHGDFSG,197,214.0
203,HLA-B58:01,39740.84,APF29074,GDFSGVASQEG,203,215.0
210,HLA-B58:01,39990.34,APF29074,SQEGVLSEREK,210,216.0
67,HLA-B15:01,12.47,APF29074,FVNFNVDWVFF,67,1.0
60,HLA-B15:01,39.51,APF29074,ALSIFDCFVNF,60,2.0
167,HLA-B15:01,55.29,APF29074,YVIVATPSTTI,167,3.0
83,HLA-B15:01,64.81,APF29074,MSIITLCLWVM,83,4.0
84,HLA-B15:01,80.23,APF29074,SIITLCLWVMY,84,5.0
47,HLA-B15:01,112.04,APF29074,KMSVLWCLWPL,47,6.0
41,HLA-B15:01,120.92,APF29074,RLLYGLKMSVL,41,7.0
118,HLA-B15:01,158.97,APF29074,IISLQVYGHNY,118,8.0
57,HLA-B15:01,171.22,APF29074,LVLALSIFDCF,57,9.0
132,HLA-B15:01,186.88,APF29074,VMAAPTGVTLT,132,10.0
159,HLA-B15:01,230.71,APF29074,VQVGQLPKYVI,159,11.0
114,HLA-B15:01,306.32,APF29074,ETNAIISLQVY,114,12.0
1,HLA-B15:01,491.37,APF29074,SNSSVPLSEVY,1,13.0
13,HLA-B15:01,555.22,APF29074,HLRNWNFSWNL,13,14.0
119,HLA-B15:01,601.33,APF29074,ISLQVYGHNYY,119,15.0
19,HLA-B15:01,628.56,APF29074,FSWNLILTVFI,19,16.0
121,HLA-B15:01,646.35,APF29074,LQVYGHNYYLP,121,17.0
154,HLA-B15:01,680.65,APF29074,KIATRVQVGQL,154,18.0
53,HLA-B15:01,715.73,APF29074,CLWPLVLALSI,53,19.0
81,HLA-B15:01,842.4,APF29074,ILMSIITLCLW,81,20.0
34,HLA-B15:01,848.31,APF29074,YGHYKYSRLLY,34,21.0
24,HLA-B15:01,979.44,APF29074,ILTVFIVVLQY,24,22.0
32,HLA-B15:01,1109.92,APF29074,LQYGHYKYSRL,32,23.0
101,HLA-B15:01,1346.2,APF29074,LWRRVKTFWAF,101,24.0
199,HLA-B15:01,1378.64,APF29074,RAKHGDFSGVA,199,25.0
98,HLA-B15:01,1453.32,APF29074,SFRLWRRVKTF,98,26.0
42,HLA-B15:01,1663.07,APF29074,LLYGLKMSVLW,42,27.0
214,HLA-B15:01,1839.86,APF29074,VLSEREKLLHL,214,28.0
143,HLA-B15:01,2209.82,APF29074,LLSGVLLVDGH,143,29.0
181,HLA-B15:01,2232.74,APF29074,RVGRSVNETSQ,181,30.0
18,HLA-B15:01,2236.81,APF29074,NFSWNLILTVF,18,31.0
75,HLA-B15:01,2468.45,APF29074,VFFGFSILMSI,75,32.0
120,HLA-B15:01,2633.97,APF29074,SLQVYGHNYYL,120,33.0
133,HLA-B15:01,2670.78,APF29074,MAAPTGVTLTL,133,34.0
129,HLA-B15:01,2749.03,APF29074,YLPVMAAPTGV,129,35.0
45,HLA-B15:01,2793.33,APF29074,GLKMSVLWCLW,45,36.0
109,HLA-B15:01,2982.02,APF29074,WAFNPETNAII,109,37.0
92,HLA-B15:01,3167.07,APF29074,VMYFVNSFRLW,92,38.0
22,HLA-B15:01,3234.9,APF29074,NLILTVFIVVL,22,39.0
162,HLA-B15:01,3242.58,APF29074,GQLPKYVIVAT,162,40.0
0,HLA-B15:01,3353.27,APF29074,MSNSSVPLSEV,0,41.0
168,HLA-B15:01,3479.83,APF29074,VIVATPSTTIV,168,42.0
184,HLA-B15:01,3496.76,APF29074,RSVNETSQTGW,184,43.0
122,HLA-B15:01,3621.81,APF29074,QVYGHNYYLPV,122,44.0
82,HLA-B15:01,4017.99,APF29074,LMSIITLCLWV,82,45.0
89,HLA-B15:01,4052.32,APF29074,CLWVMYFVNSF,89,46.0
27,HLA-B15:01,4212.69,APF29074,VFIVVLQYGHY,27,47.0
205,HLA-B15:01,4353.76,APF29074,FSGVASQEGVL,205,48.0
138,HLA-B15:01,4444.49,APF29074,GVTLTLLSGVL,138,49.0
54,HLA-B15:01,4475.3,APF29074,LWPLVLALSIF,54,50.0
17,HLA-B15:01,4629.43,APF29074,WNFSWNLILTV,17,51.0
158,HLA-B15:01,5035.15,APF29074,RVQVGQLPKYV,158,52.0
177,HLA-B15:01,5126.14,APF29074,IVCDRVGRSVN,177,53.0
80,HLA-B15:01,5608.8,APF29074,SILMSIITLCL,80,54.0
3,HLA-B15:01,5907.11,APF29074,SSVPLSEVYVH,3,55.0
61,HLA-B15:01,6048.27,APF29074,LSIFDCFVNFN,61,56.0
85,HLA-B15:01,6107.18,APF29074,IITLCLWVMYF,85,57.0
197,HLA-B15:01,6876.29,APF29074,YVRAKHGDFSG,197,58.0
147,HLA-B15:01,6927.99,APF29074,VLLVDGHKIAT,147,59.0
163,HLA-B15:01,7102.48,APF29074,QLPKYVIVATP,163,60.0
66,HLA-B15:01,7140.51,APF29074,CFVNFNVDWVF,66,61.0
44,HLA-B15:01,7375.43,APF29074,YGLKMSVLWCL,44,62.0
9,HLA-B15:01,7393.58,APF29074,EVYVHLRNWNF,9,63.0
169,HLA-B15:01,7509.09,APF29074,IVATPSTTIVC,169,64.0
100,HLA-B15:01,7517.42,APF29074,RLWRRVKTFWA,100,65.0
62,HLA-B15:01,7672.19,APF29074,SIFDCFVNFNV,62,66.0
117,HLA-B15:01,7883.04,APF29074,AIISLQVYGHN,117,67.0
68,HLA-B15:01,7950.19,APF29074,VNFNVDWVFFG,68,68.0
69,HLA-B15:01,8174.2,APF29074,NFNVDWVFFGF,69,69.0
25,HLA-B15:01,8839.78,APF29074,LTVFIVVLQYG,25,70.0
182,HLA-B15:01,9196.11,APF29074,VGRSVNETSQT,182,71.0
77,HLA-B15:01,9226.03,APF29074,FGFSILMSIIT,77,72.0
78,HLA-B15:01,9405.1,APF29074,GFSILMSIITL,78,73.0
29,HLA-B15:01,9568.0,APF29074,IVVLQYGHYKY,29,74.0
106,HLA-B15:01,9674.22,APF29074,KTFWAFNPETN,106,75.0
58,HLA-B15:01,9885.56,APF29074,VLALSIFDCFV,58,76.0
74,HLA-B15:01,9901.42,APF29074,WVFFGFSILMS,74,77.0
48,HLA-B15:01,10149.14,APF29074,MSVLWCLWPLV,48,78.0
190,HLA-B15:01,10188.33,APF29074,SQTGWAFYVRA,190,79.0
51,HLA-B15:01,10359.95,APF29074,LWCLWPLVLAL,51,80.0
187,HLA-B15:01,10487.98,APF29074,NETSQTGWAFY,187,81.0
146,HLA-B15:01,10526.91,APF29074,GVLLVDGHKIA,146,82.0
139,HLA-B15:01,11233.98,APF29074,VTLTLLSGVLL,139,83.0
213,HLA-B15:01,11636.2,APF29074,GVLSEREKLLH,213,84.0
49,HLA-B15:01,12030.29,APF29074,SVLWCLWPLVL,49,85.0
21,HLA-B15:01,12404.1,APF29074,WNLILTVFIVV,21,86.0
104,HLA-B15:01,12563.5,APF29074,RVKTFWAFNPE,104,87.0
195,HLA-B15:01,12661.18,APF29074,AFYVRAKHGDF,195,88.0
155,HLA-B15:01,14041.57,APF29074,IATRVQVGQLP,155,89.0
124,HLA-B15:01,14194.7,APF29074,YGHNYYLPVMA,124,90.0
91,HLA-B15:01,14204.24,APF29074,WVMYFVNSFRL,91,91.0
39,HLA-B15:01,14612.65,APF29074,YSRLLYGLKMS,39,92.0
26,HLA-B15:01,14740.73,APF29074,TVFIVVLQYGH,26,93.0
166,HLA-B15:01,15037.05,APF29074,KYVIVATPSTT,166,94.0
127,HLA-B15:01,15133.18,APF29074,NYYLPVMAAPT,127,95.0
73,HLA-B15:01,15296.03,APF29074,DWVFFGFSILM,73,96.0
76,HLA-B15:01,15444.22,APF29074,FFGFSILMSII,76,97.0
153,HLA-B15:01,15486.26,APF29074,HKIATRVQVGQ,153,98.0
208,HLA-B15:01,15495.48,APF29074,VASQEGVLSER,208,99.0
156,HLA-B15:01,15560.85,APF29074,ATRVQVGQLPK,156,100.0
50,HLA-B15:01,15644.93,APF29074,VLWCLWPLVLA,50,101.0
2,HLA-B15:01,15690.18,APF29074,NSSVPLSEVYV,2,102.0
23,HLA-B15:01,15845.21,APF29074,LILTVFIVVLQ,23,103.0
108,HLA-B15:01,16027.25,APF29074,FWAFNPETNAI,108,104.0
86,HLA-B15:01,16157.3,APF29074,ITLCLWVMYFV,86,105.0
148,HLA-B15:01,16256.48,APF29074,LLVDGHKIATR,148,106.0
11,HLA-B15:01,16580.61,APF29074,YVHLRNWNFSW,11,107.0
15,HLA-B15:01,16743.62,APF29074,RNWNFSWNLIL,15,108.0
140,HLA-B15:01,16813.28,APF29074,TLTLLSGVLLV,140,109.0
207,HLA-B15:01,16874.48,APF29074,GVASQEGVLSE,207,110.0
176,HLA-B15:01,17029.26,APF29074,TIVCDRVGRSV,176,111.0
79,HLA-B15:01,17085.99,APF29074,FSILMSIITLC,79,112.0
20,HLA-B15:01,17363.69,APF29074,SWNLILTVFIV,20,113.0
116,HLA-B15:01,17367.85,APF29074,NAIISLQVYGH,116,114.0
131,HLA-B15:01,17393.52,APF29074,PVMAAPTGVTL,131,115.0
115,HLA-B15:01,17670.61,APF29074,TNAIISLQVYG,115,116.0
160,HLA-B15:01,17700.86,APF29074,QVGQLPKYVIV,160,117.0
157,HLA-B15:01,18182.12,APF29074,TRVQVGQLPKY,157,118.0
185,HLA-B15:01,18315.07,APF29074,SVNETSQTGWA,185,119.0
141,HLA-B15:01,18649.89,APF29074,LTLLSGVLLVD,141,120.0
164,HLA-B15:01,18685.19,APF29074,LPKYVIVATPS,164,121.0
30,HLA-B15:01,19217.74,APF29074,VVLQYGHYKYS,30,122.0
87,HLA-B15:01,19256.1,APF29074,TLCLWVMYFVN,87,123.0
126,HLA-B15:01,19275.98,APF29074,HNYYLPVMAAP,126,124.0
31,HLA-B15:01,19296.19,APF29074,VLQYGHYKYSR,31,125.0
186,HLA-B15:01,19599.0,APF29074,VNETSQTGWAF,186,126.0
4,HLA-B15:01,19688.36,APF29074,SVPLSEVYVHL,4,127.0
161,HLA-B15:01,19715.06,APF29074,VGQLPKYVIVA,161,128.0
14,HLA-B15:01,19896.97,APF29074,LRNWNFSWNLI,14,129.0
189,HLA-B15:01,20447.05,APF29074,TSQTGWAFYVR,189,130.0
16,HLA-B15:01,20467.09,APF29074,NWNFSWNLILT,16,131.0
142,HLA-B15:01,20567.97,APF29074,TLLSGVLLVDG,142,132.0
137,HLA-B15:01,21486.01,APF29074,TGVTLTLLSGV,137,133.0
59,HLA-B15:01,21710.57,APF29074,LALSIFDCFVN,59,134.0
46,HLA-B15:01,21728.5,APF29074,LKMSVLWCLWP,46,135.0
165,HLA-B15:01,21778.14,APF29074,PKYVIVATPST,165,136.0
193,HLA-B15:01,21914.14,APF29074,GWAFYVRAKHG,193,137.0
123,HLA-B15:01,21933.27,APF29074,VYGHNYYLPVM,123,138.0
188,HLA-B15:01,22177.89,APF29074,ETSQTGWAFYV,188,139.0
128,HLA-B15:01,22208.78,APF29074,YYLPVMAAPTG,128,140.0
215,HLA-B15:01,22227.55,APF29074,LSEREKLLHLI,215,141.0
111,HLA-B15:01,22505.29,APF29074,FNPETNAIISL,111,142.0
95,HLA-B15:01,22539.31,APF29074,FVNSFRLWRRV,95,143.0
52,HLA-B15:01,22607.15,APF29074,WCLWPLVLALS,52,144.0
72,HLA-B15:01,22824.62,APF29074,VDWVFFGFSIL,72,145.0
206,HLA-B15:01,22980.61,APF29074,SGVASQEGVLS,206,146.0
130,HLA-B15:01,23130.81,APF29074,LPVMAAPTGVT,130,147.0
134,HLA-B15:01,23216.77,APF29074,AAPTGVTLTLL,134,148.0
71,HLA-B15:01,23367.55,APF29074,NVDWVFFGFSI,71,149.0
201,HLA-B15:01,23510.77,APF29074,KHGDFSGVASQ,201,150.0
105,HLA-B15:01,23978.45,APF29074,VKTFWAFNPET,105,151.0
192,HLA-B15:01,24683.69,APF29074,TGWAFYVRAKH,192,152.0
198,HLA-B15:01,24790.86,APF29074,VRAKHGDFSGV,198,153.0
90,HLA-B15:01,25047.07,APF29074,LWVMYFVNSFR,90,154.0
107,HLA-B15:01,25141.1,APF29074,TFWAFNPETNA,107,155.0
40,HLA-B15:01,25408.68,APF29074,SRLLYGLKMSV,40,156.0
88,HLA-B15:01,25826.72,APF29074,LCLWVMYFVNS,88,157.0
33,HLA-B15:01,25901.52,APF29074,QYGHYKYSRLL,33,158.0
175,HLA-B15:01,26006.14,APF29074,TTIVCDRVGRS,175,159.0
103,HLA-B15:01,26041.12,APF29074,RRVKTFWAFNP,103,160.0
56,HLA-B15:01,26697.92,APF29074,PLVLALSIFDC,56,161.0
152,HLA-B15:01,26801.57,APF29074,GHKIATRVQVG,152,162.0
200,HLA-B15:01,26970.03,APF29074,AKHGDFSGVAS,200,163.0
110,HLA-B15:01,26972.92,APF29074,AFNPETNAIIS,110,164.0
150,HLA-B15:01,27109.47,APF29074,VDGHKIATRVQ,150,165.0
149,HLA-B15:01,27189.35,APF29074,LVDGHKIATRV,149,166.0
171,HLA-B15:01,27588.52,APF29074,ATPSTTIVCDR,171,167.0
38,HLA-B15:01,27741.87,APF29074,KYSRLLYGLKM,38,168.0
196,HLA-B15:01,28405.1,APF29074,FYVRAKHGDFS,196,169.0
102,HLA-B15:01,28475.36,APF29074,WRRVKTFWAFN,102,170.0
173,HLA-B15:01,28544.41,APF29074,PSTTIVCDRVG,173,171.0
136,HLA-B15:01,28550.35,APF29074,PTGVTLTLLSG,136,172.0
209,HLA-B15:01,28563.6,APF29074,ASQEGVLSERE,209,173.0
125,HLA-B15:01,28619.05,APF29074,GHNYYLPVMAA,125,174.0
145,HLA-B15:01,28649.84,APF29074,SGVLLVDGHKI,145,175.0
212,HLA-B15:01,28673.8,APF29074,EGVLSEREKLL,212,176.0
64,HLA-B15:01,28763.35,APF29074,FDCFVNFNVDW,64,177.0
70,HLA-B15:01,28807.87,APF29074,FNVDWVFFGFS,70,178.0
36,HLA-B15:01,29001.65,APF29074,HYKYSRLLYGL,36,179.0
94,HLA-B15:01,29167.76,APF29074,YFVNSFRLWRR,94,180.0
10,HLA-B15:01,29268.79,APF29074,VYVHLRNWNFS,10,181.0
144,HLA-B15:01,29451.13,APF29074,LSGVLLVDGHK,144,182.0
194,HLA-B15:01,29751.74,APF29074,WAFYVRAKHGD,194,183.0
99,HLA-B15:01,29899.89,APF29074,FRLWRRVKTFW,99,184.0
113,HLA-B15:01,29932.16,APF29074,PETNAIISLQV,113,185.0
151,HLA-B15:01,30133.41,APF29074,DGHKIATRVQV,151,186.0
183,HLA-B15:01,30364.27,APF29074,GRSVNETSQTG,183,187.0
7,HLA-B15:01,30448.29,APF29074,LSEVYVHLRNW,7,188.0
43,HLA-B15:01,30470.23,APF29074,LYGLKMSVLWC,43,189.0
210,HLA-B15:01,30530.55,APF29074,SQEGVLSEREK,210,190.0
112,HLA-B15:01,30589.13,APF29074,NPETNAIISLQ,112,191.0
135,HLA-B15:01,30735.69,APF29074,APTGVTLTLLS,135,192.0
12,HLA-B15:01,30802.22,APF29074,VHLRNWNFSWN,12,193.0
93,HLA-B15:01,31421.46,APF29074,MYFVNSFRLWR,93,194.0
55,HLA-B15:01,31625.26,APF29074,WPLVLALSIFD,55,195.0
35,HLA-B15:01,31667.14,APF29074,GHYKYSRLLYG,35,196.0
5,HLA-B15:01,31701.5,APF29074,VPLSEVYVHLR,5,197.0
63,HLA-B15:01,31754.5,APF29074,IFDCFVNFNVD,63,198.0
180,HLA-B15:01,31903.92,APF29074,DRVGRSVNETS,180,199.0
179,HLA-B15:01,31985.61,APF29074,CDRVGRSVNET,179,200.0
211,HLA-B15:01,32235.62,APF29074,QEGVLSEREKL,211,201.0
202,HLA-B15:01,32298.53,APF29074,HGDFSGVASQE,202,202.0
170,HLA-B15:01,32395.24,APF29074,VATPSTTIVCD,170,203.0
28,HLA-B15:01,32479.14,APF29074,FIVVLQYGHYK,28,204.0
97,HLA-B15:01,32859.02,APF29074,NSFRLWRRVKT,97,205.0
174,HLA-B15:01,32881.15,APF29074,STTIVCDRVGR,174,206.0
203,HLA-B15:01,33184.9,APF29074,GDFSGVASQEG,203,207.0
8,HLA-B15:01,33433.02,APF29074,SEVYVHLRNWN,8,208.0
6,HLA-B15:01,33553.98,APF29074,PLSEVYVHLRN,6,209.0
96,HLA-B15:01,33611.75,APF29074,VNSFRLWRRVK,96,210.0
37,HLA-B15:01,33965.92,APF29074,YKYSRLLYGLK,37,211.0
178,HLA-B15:01,34031.97,APF29074,VCDRVGRSVNE,178,212.0
204,HLA-B15:01,34105.15,APF29074,DFSGVASQEGV,204,213.0
191,HLA-B15:01,34150.71,APF29074,QTGWAFYVRAK,191,214.0
172,HLA-B15:01,35080.57,APF29074,TPSTTIVCDRV,172,215.0
65,HLA-B15:01,35433.58,APF29074,DCFVNFNVDWV,65,216.0
133,HLA-B07:02,267.56,APF29074,MAAPTGVTLTL,133,1.0
41,HLA-B07:02,426.32,APF29074,RLLYGLKMSVL,41,2.0
54,HLA-B07:02,687.34,APF29074,LWPLVLALSIF,54,3.0
154,HLA-B07:02,720.93,APF29074,KIATRVQVGQL,154,4.0
11,HLA-B07:02,804.2,APF29074,YVHLRNWNFSW,11,5.0
130,HLA-B07:02,1046.48,APF29074,LPVMAAPTGVT,130,6.0
164,HLA-B07:02,1178.95,APF29074,LPKYVIVATPS,164,7.0
199,HLA-B07:02,1529.08,APF29074,RAKHGDFSGVA,199,8.0
129,HLA-B07:02,1594.01,APF29074,YLPVMAAPTGV,129,9.0
181,HLA-B07:02,1831.39,APF29074,RVGRSVNETSQ,181,10.0
49,HLA-B07:02,2002.03,APF29074,SVLWCLWPLVL,49,11.0
13,HLA-B07:02,2197.36,APF29074,HLRNWNFSWNL,13,12.0
167,HLA-B07:02,2226.79,APF29074,YVIVATPSTTI,167,13.0
138,HLA-B07:02,2422.65,APF29074,GVTLTLLSGVL,138,14.0
111,HLA-B07:02,2494.11,APF29074,FNPETNAIISL,111,15.0
131,HLA-B07:02,2909.29,APF29074,PVMAAPTGVTL,131,16.0
135,HLA-B07:02,3626.98,APF29074,APTGVTLTLLS,135,17.0
47,HLA-B07:02,3801.36,APF29074,KMSVLWCLWPL,47,18.0
134,HLA-B07:02,4830.35,APF29074,AAPTGVTLTLL,134,19.0
172,HLA-B07:02,4986.5,APF29074,TPSTTIVCDRV,172,20.0
149,HLA-B07:02,5028.12,APF29074,LVDGHKIATRV,149,21.0
104,HLA-B07:02,5118.61,APF29074,RVKTFWAFNPE,104,22.0
91,HLA-B07:02,5132.65,APF29074,WVMYFVNSFRL,91,23.0
15,HLA-B07:02,5610.77,APF29074,RNWNFSWNLIL,15,24.0
101,HLA-B07:02,7035.62,APF29074,LWRRVKTFWAF,101,25.0
182,HLA-B07:02,8186.8,APF29074,VGRSVNETSQT,182,26.0
80,HLA-B07:02,8368.67,APF29074,SILMSIITLCL,80,27.0
156,HLA-B07:02,8874.16,APF29074,ATRVQVGQLPK,156,28.0
168,HLA-B07:02,8919.09,APF29074,VIVATPSTTIV,168,29.0
122,HLA-B07:02,9070.54,APF29074,QVYGHNYYLPV,122,30.0
169,HLA-B07:02,9307.4,APF29074,IVATPSTTIVC,169,31.0
53,HLA-B07:02,9358.36,APF29074,CLWPLVLALSI,53,32.0
177,HLA-B07:02,9444.2,APF29074,IVCDRVGRSVN,177,33.0
158,HLA-B07:02,9729.16,APF29074,RVQVGQLPKYV,158,34.0
51,HLA-B07:02,10130.82,APF29074,LWCLWPLVLAL,51,35.0
95,HLA-B07:02,10459.87,APF29074,FVNSFRLWRRV,95,36.0
197,HLA-B07:02,11149.16,APF29074,YVRAKHGDFSG,197,37.0
214,HLA-B07:02,11879.06,APF29074,VLSEREKLLHL,214,38.0
89,HLA-B07:02,12661.77,APF29074,CLWVMYFVNSF,89,39.0
132,HLA-B07:02,12706.89,APF29074,VMAAPTGVTLT,132,40.0
55,HLA-B07:02,14865.28,APF29074,WPLVLALSIFD,55,41.0
112,HLA-B07:02,15807.57,APF29074,NPETNAIISLQ,112,42.0
40,HLA-B07:02,16359.17,APF29074,SRLLYGLKMSV,40,43.0
14,HLA-B07:02,16647.09,APF29074,LRNWNFSWNLI,14,44.0
179,HLA-B07:02,16766.6,APF29074,CDRVGRSVNET,179,45.0
155,HLA-B07:02,17467.33,APF29074,IATRVQVGQLP,155,46.0
176,HLA-B07:02,17468.48,APF29074,TIVCDRVGRSV,176,47.0
98,HLA-B07:02,17645.83,APF29074,SFRLWRRVKTF,98,48.0
147,HLA-B07:02,18248.79,APF29074,VLLVDGHKIAT,147,49.0
123,HLA-B07:02,18518.45,APF29074,VYGHNYYLPVM,123,50.0
113,HLA-B07:02,18767.04,APF29074,PETNAIISLQV,113,51.0
77,HLA-B07:02,18809.42,APF29074,FGFSILMSIIT,77,52.0
0,HLA-B07:02,19210.03,APF29074,MSNSSVPLSEV,0,53.0
83,HLA-B07:02,19405.66,APF29074,MSIITLCLWVM,83,54.0
120,HLA-B07:02,19444.07,APF29074,SLQVYGHNYYL,120,55.0
4,HLA-B07:02,19694.59,APF29074,SVPLSEVYVHL,4,56.0
38,HLA-B07:02,19872.92,APF29074,KYSRLLYGLKM,38,57.0
137,HLA-B07:02,20032.5,APF29074,TGVTLTLLSGV,137,58.0
207,HLA-B07:02,20578.64,APF29074,GVASQEGVLSE,207,59.0
44,HLA-B07:02,20718.18,APF29074,YGLKMSVLWCL,44,60.0
5,HLA-B07:02,21034.86,APF29074,VPLSEVYVHLR,5,61.0
136,HLA-B07:02,21049.12,APF29074,PTGVTLTLLSG,136,62.0
139,HLA-B07:02,21648.13,APF29074,VTLTLLSGVLL,139,63.0
198,HLA-B07:02,21834.51,APF29074,VRAKHGDFSGV,198,64.0
60,HLA-B07:02,21959.59,APF29074,ALSIFDCFVNF,60,65.0
9,HLA-B07:02,21967.59,APF29074,EVYVHLRNWNF,9,66.0
42,HLA-B07:02,22126.7,APF29074,LLYGLKMSVLW,42,67.0
108,HLA-B07:02,22327.28,APF29074,FWAFNPETNAI,108,68.0
78,HLA-B07:02,22807.02,APF29074,GFSILMSIITL,78,69.0
76,HLA-B07:02,22911.21,APF29074,FFGFSILMSII,76,70.0
186,HLA-B07:02,23472.68,APF29074,VNETSQTGWAF,186,71.0
85,HLA-B07:02,23701.87,APF29074,IITLCLWVMYF,85,72.0
22,HLA-B07:02,23768.85,APF29074,NLILTVFIVVL,22,73.0
208,HLA-B07:02,24039.17,APF29074,VASQEGVLSER,208,74.0
32,HLA-B07:02,24048.77,APF29074,LQYGHYKYSRL,32,75.0
128,HLA-B07:02,24331.78,APF29074,YYLPVMAAPTG,128,76.0
184,HLA-B07:02,24570.8,APF29074,RSVNETSQTGW,184,77.0
57,HLA-B07:02,24648.91,APF29074,LVLALSIFDCF,57,78.0
81,HLA-B07:02,24827.15,APF29074,ILMSIITLCLW,81,79.0
17,HLA-B07:02,24944.68,APF29074,WNFSWNLILTV,17,80.0
127,HLA-B07:02,24965.35,APF29074,NYYLPVMAAPT,127,81.0
185,HLA-B07:02,24966.52,APF29074,SVNETSQTGWA,185,82.0
82,HLA-B07:02,25040.51,APF29074,LMSIITLCLWV,82,83.0
165,HLA-B07:02,25439.93,APF29074,PKYVIVATPST,165,84.0
72,HLA-B07:02,25542.57,APF29074,VDWVFFGFSIL,72,85.0
148,HLA-B07:02,25635.69,APF29074,LLVDGHKIATR,148,86.0
75,HLA-B07:02,25690.19,APF29074,VFFGFSILMSI,75,87.0
215,HLA-B07:02,25753.79,APF29074,LSEREKLLHLI,215,88.0
36,HLA-B07:02,25980.25,APF29074,HYKYSRLLYGL,36,89.0
205,HLA-B07:02,26401.6,APF29074,FSGVASQEGVL,205,90.0
18,HLA-B07:02,26695.09,APF29074,NFSWNLILTVF,18,91.0
45,HLA-B07:02,27034.02,APF29074,GLKMSVLWCLW,45,92.0
109,HLA-B07:02,27358.65,APF29074,WAFNPETNAII,109,93.0
202,HLA-B07:02,27681.08,APF29074,HGDFSGVASQE,202,94.0
178,HLA-B07:02,28109.18,APF29074,VCDRVGRSVNE,178,95.0
67,HLA-B07:02,28198.91,APF29074,FVNFNVDWVFF,67,96.0
160,HLA-B07:02,28202.07,APF29074,QVGQLPKYVIV,160,97.0
213,HLA-B07:02,28583.7,APF29074,GVLSEREKLLH,213,98.0
43,HLA-B07:02,28677.81,APF29074,LYGLKMSVLWC,43,99.0
192,HLA-B07:02,28861.49,APF29074,TGWAFYVRAKH,192,100.0
71,HLA-B07:02,28993.01,APF29074,NVDWVFFGFSI,71,101.0
102,HLA-B07:02,29077.69,APF29074,WRRVKTFWAFN,102,102.0
99,HLA-B07:02,29449.44,APF29074,FRLWRRVKTFW,99,103.0
50,HLA-B07:02,29551.59,APF29074,VLWCLWPLVLA,50,104.0
25,HLA-B07:02,29601.56,APF29074,LTVFIVVLQYG,25,105.0
100,HLA-B07:02,29643.48,APF29074,RLWRRVKTFWA,100,106.0
48,HLA-B07:02,29645.14,APF29074,MSVLWCLWPLV,48,107.0
166,HLA-B07:02,29670.92,APF29074,KYVIVATPSTT,166,108.0
56,HLA-B07:02,30099.69,APF29074,PLVLALSIFDC,56,109.0
103,HLA-B07:02,30346.42,APF29074,RRVKTFWAFNP,103,110.0
195,HLA-B07:02,30367.43,APF29074,AFYVRAKHGDF,195,111.0
96,HLA-B07:02,30740.47,APF29074,VNSFRLWRRVK,96,112.0
52,HLA-B07:02,30817.13,APF29074,WCLWPLVLALS,52,113.0
200,HLA-B07:02,31140.06,APF29074,AKHGDFSGVAS,200,114.0
151,HLA-B07:02,31159.87,APF29074,DGHKIATRVQV,151,115.0
209,HLA-B07:02,31232.42,APF29074,ASQEGVLSERE,209,116.0
73,HLA-B07:02,31372.23,APF29074,DWVFFGFSILM,73,117.0
173,HLA-B07:02,31382.26,APF29074,PSTTIVCDRVG,173,118.0
211,HLA-B07:02,31437.06,APF29074,QEGVLSEREKL,211,119.0
97,HLA-B07:02,31497.39,APF29074,NSFRLWRRVKT,97,120.0
110,HLA-B07:02,31756.28,APF29074,AFNPETNAIIS,110,121.0
212,HLA-B07:02,31833.65,APF29074,EGVLSEREKLL,212,122.0
39,HLA-B07:02,32004.75,APF29074,YSRLLYGLKMS,39,123.0
34,HLA-B07:02,32042.72,APF29074,YGHYKYSRLLY,34,124.0
146,HLA-B07:02,32121.88,APF29074,GVLLVDGHKIA,146,125.0
188,HLA-B07:02,32135.33,APF29074,ETSQTGWAFYV,188,126.0
74,HLA-B07:02,32351.26,APF29074,WVFFGFSILMS,74,127.0
162,HLA-B07:02,32392.72,APF29074,GQLPKYVIVAT,162,128.0
33,HLA-B07:02,32393.3,APF29074,QYGHYKYSRLL,33,129.0
194,HLA-B07:02,32461.7,APF29074,WAFYVRAKHGD,194,130.0
79,HLA-B07:02,32476.79,APF29074,FSILMSIITLC,79,131.0
19,HLA-B07:02,32491.09,APF29074,FSWNLILTVFI,19,132.0
1,HLA-B07:02,32492.79,APF29074,SNSSVPLSEVY,1,133.0
66,HLA-B07:02,32547.85,APF29074,CFVNFNVDWVF,66,134.0
21,HLA-B07:02,32551.14,APF29074,WNLILTVFIVV,21,135.0
170,HLA-B07:02,32662.27,APF29074,VATPSTTIVCD,170,136.0
16,HLA-B07:02,32721.37,APF29074,NWNFSWNLILT,16,137.0
161,HLA-B07:02,32731.63,APF29074,VGQLPKYVIVA,161,138.0
145,HLA-B07:02,32811.22,APF29074,SGVLLVDGHKI,145,139.0
20,HLA-B07:02,32980.62,APF29074,SWNLILTVFIV,20,140.0
69,HLA-B07:02,33159.11,APF29074,NFNVDWVFFGF,69,141.0
62,HLA-B07:02,33213.93,APF29074,SIFDCFVNFNV,62,142.0
152,HLA-B07:02,33232.61,APF29074,GHKIATRVQVG,152,143.0
6,HLA-B07:02,33255.92,APF29074,PLSEVYVHLRN,6,144.0
24,HLA-B07:02,33269.42,APF29074,ILTVFIVVLQY,24,145.0
183,HLA-B07:02,33279.8,APF29074,GRSVNETSQTG,183,146.0
107,HLA-B07:02,33329.57,APF29074,TFWAFNPETNA,107,147.0
59,HLA-B07:02,33337.36,APF29074,LALSIFDCFVN,59,148.0
143,HLA-B07:02,33342.89,APF29074,LLSGVLLVDGH,143,149.0
26,HLA-B07:02,33518.21,APF29074,TVFIVVLQYGH,26,150.0
92,HLA-B07:02,33518.21,APF29074,VMYFVNSFRLW,92,150.0
94,HLA-B07:02,33696.6,APF29074,YFVNSFRLWRR,94,152.0
163,HLA-B07:02,33708.01,APF29074,QLPKYVIVATP,163,153.0
175,HLA-B07:02,33842.07,APF29074,TTIVCDRVGRS,175,154.0
90,HLA-B07:02,33970.25,APF29074,LWVMYFVNSFR,90,155.0
153,HLA-B07:02,34015.49,APF29074,HKIATRVQVGQ,153,156.0
140,HLA-B07:02,34040.42,APF29074,TLTLLSGVLLV,140,157.0
125,HLA-B07:02,34054.39,APF29074,GHNYYLPVMAA,125,158.0
23,HLA-B07:02,34177.81,APF29074,LILTVFIVVLQ,23,159.0
10,HLA-B07:02,34187.07,APF29074,VYVHLRNWNFS,10,160.0
141,HLA-B07:02,34196.87,APF29074,LTLLSGVLLVD,141,161.0
12,HLA-B07:02,34269.78,APF29074,VHLRNWNFSWN,12,162.0
174,HLA-B07:02,34275.99,APF29074,STTIVCDRVGR,174,163.0
150,HLA-B07:02,34338.5,APF29074,VDGHKIATRVQ,150,164.0
206,HLA-B07:02,34374.42,APF29074,SGVASQEGVLS,206,165.0
2,HLA-B07:02,34375.63,APF29074,NSSVPLSEVYV,2,166.0
126,HLA-B07:02,34640.84,APF29074,HNYYLPVMAAP,126,167.0
180,HLA-B07:02,34715.07,APF29074,DRVGRSVNETS,180,168.0
196,HLA-B07:02,34759.97,APF29074,FYVRAKHGDFS,196,169.0
30,HLA-B07:02,34991.74,APF29074,VVLQYGHYKYS,30,170.0
7,HLA-B07:02,35005.3,APF29074,LSEVYVHLRNW,7,171.0
124,HLA-B07:02,35007.39,APF29074,YGHNYYLPVMA,124,172.0
106,HLA-B07:02,35038.41,APF29074,KTFWAFNPETN,106,173.0
88,HLA-B07:02,35039.97,APF29074,LCLWVMYFVNS,88,174.0
117,HLA-B07:02,35047.27,APF29074,AIISLQVYGHN,117,175.0
115,HLA-B07:02,35060.1,APF29074,TNAIISLQVYG,115,176.0
105,HLA-B07:02,35095.22,APF29074,VKTFWAFNPET,105,177.0
159,HLA-B07:02,35128.14,APF29074,VQVGQLPKYVI,159,178.0
58,HLA-B07:02,35314.86,APF29074,VLALSIFDCFV,58,179.0
35,HLA-B07:02,35341.65,APF29074,GHYKYSRLLYG,35,180.0
3,HLA-B07:02,35342.96,APF29074,SSVPLSEVYVH,3,181.0
171,HLA-B07:02,35364.42,APF29074,ATPSTTIVCDR,171,182.0
65,HLA-B07:02,35685.84,APF29074,DCFVNFNVDWV,65,183.0
93,HLA-B07:02,35815.45,APF29074,MYFVNSFRLWR,93,184.0
28,HLA-B07:02,35861.85,APF29074,FIVVLQYGHYK,28,185.0
114,HLA-B07:02,35908.66,APF29074,ETNAIISLQVY,114,186.0
63,HLA-B07:02,35939.3,APF29074,IFDCFVNFNVD,63,187.0
116,HLA-B07:02,35964.61,APF29074,NAIISLQVYGH,116,188.0
29,HLA-B07:02,36003.76,APF29074,IVVLQYGHYKY,29,189.0
68,HLA-B07:02,36017.48,APF29074,VNFNVDWVFFG,68,190.0
64,HLA-B07:02,36038.39,APF29074,FDCFVNFNVDW,64,191.0
31,HLA-B07:02,36065.8,APF29074,VLQYGHYKYSR,31,192.0
193,HLA-B07:02,36086.21,APF29074,GWAFYVRAKHG,193,193.0
8,HLA-B07:02,36135.47,APF29074,SEVYVHLRNWN,8,194.0
87,HLA-B07:02,36184.31,APF29074,TLCLWVMYFVN,87,195.0
142,HLA-B07:02,36201.72,APF29074,TLLSGVLLVDG,142,196.0
61,HLA-B07:02,36208.57,APF29074,LSIFDCFVNFN,61,197.0
86,HLA-B07:02,36229.67,APF29074,ITLCLWVMYFV,86,198.0
121,HLA-B07:02,36332.14,APF29074,LQVYGHNYYLP,121,199.0
204,HLA-B07:02,36348.48,APF29074,DFSGVASQEGV,204,200.0
144,HLA-B07:02,36530.83,APF29074,LSGVLLVDGHK,144,201.0
201,HLA-B07:02,36664.01,APF29074,KHGDFSGVASQ,201,202.0
70,HLA-B07:02,36810.63,APF29074,FNVDWVFFGFS,70,203.0
203,HLA-B07:02,37031.73,APF29074,GDFSGVASQEG,203,204.0
190,HLA-B07:02,37087.25,APF29074,SQTGWAFYVRA,190,205.0
46,HLA-B07:02,37100.01,APF29074,LKMSVLWCLWP,46,206.0
37,HLA-B07:02,37179.94,APF29074,YKYSRLLYGLK,37,207.0
84,HLA-B07:02,37215.68,APF29074,SIITLCLWVMY,84,208.0
118,HLA-B07:02,37226.75,APF29074,IISLQVYGHNY,118,209.0
191,HLA-B07:02,37244.36,APF29074,QTGWAFYVRAK,191,210.0
157,HLA-B07:02,37260.54,APF29074,TRVQVGQLPKY,157,211.0
27,HLA-B07:02,37722.13,APF29074,VFIVVLQYGHY,27,212.0
189,HLA-B07:02,37743.51,APF29074,TSQTGWAFYVR,189,213.0
187,HLA-B07:02,37903.74,APF29074,NETSQTGWAFY,187,214.0
119,HLA-B07:02,38169.91,APF29074,ISLQVYGHNYY,119,215.0
210,HLA-B07:02,38287.13,APF29074,SQEGVLSEREK,210,216.0
54,HLA-B35:01,3051.01,APF29074,LWPLVLALSIF,54,1.0
67,HLA-B35:01,3686.11,APF29074,FVNFNVDWVFF,67,2.0
130,HLA-B35:01,3987.8,APF29074,LPVMAAPTGVT,130,3.0
133,HLA-B35:01,4059.93,APF29074,MAAPTGVTLTL,133,4.0
164,HLA-B35:01,4255.64,APF29074,LPKYVIVATPS,164,5.0
114,HLA-B35:01,4638.98,APF29074,ETNAIISLQVY,114,6.0
5,HLA-B35:01,4659.12,APF29074,VPLSEVYVHLR,5,7.0
18,HLA-B35:01,4703.22,APF29074,NFSWNLILTVF,18,8.0
55,HLA-B35:01,4724.66,APF29074,WPLVLALSIFD,55,9.0
57,HLA-B35:01,4896.14,APF29074,LVLALSIFDCF,57,10.0
1,HLA-B35:01,5050.89,APF29074,SNSSVPLSEVY,1,11.0
66,HLA-B35:01,5107.54,APF29074,CFVNFNVDWVF,66,12.0
34,HLA-B35:01,5131.81,APF29074,YGHYKYSRLLY,34,13.0
112,HLA-B35:01,5246.61,APF29074,NPETNAIISLQ,112,14.0
172,HLA-B35:01,5250.21,APF29074,TPSTTIVCDRV,172,15.0
84,HLA-B35:01,5337.21,APF29074,SIITLCLWVMY,84,16.0
73,HLA-B35:01,5364.06,APF29074,DWVFFGFSILM,73,17.0
60,HLA-B35:01,5369.4,APF29074,ALSIFDCFVNF,60,18.0
91,HLA-B35:01,5465.47,APF29074,WVMYFVNSFRL,91,19.0
24,HLA-B35:01,5482.62,APF29074,ILTVFIVVLQY,24,20.0
59,HLA-B35:01,5515.91,APF29074,LALSIFDCFVN,59,21.0
49,HLA-B35:01,5526.82,APF29074,SVLWCLWPLVL,49,22.0
69,HLA-B35:01,5551.71,APF29074,NFNVDWVFFGF,69,23.0
29,HLA-B35:01,5557.59,APF29074,IVVLQYGHYKY,29,24.0
109,HLA-B35:01,5563.09,APF29074,WAFNPETNAII,109,25.0
187,HLA-B35:01,5635.37,APF29074,NETSQTGWAFY,187,26.0
83,HLA-B35:01,5647.36,APF29074,MSIITLCLWVM,83,27.0
108,HLA-B35:01,5649.8,APF29074,FWAFNPETNAI,108,28.0
89,HLA-B35:01,5670.9,APF29074,CLWVMYFVNSF,89,29.0
131,HLA-B35:01,5675.31,APF29074,PVMAAPTGVTL,131,30.0
19,HLA-B35:01,5746.16,APF29074,FSWNLILTVFI,19,31.0
135,HLA-B35:01,5774.44,APF29074,APTGVTLTLLS,135,32.0
111,HLA-B35:01,5800.57,APF29074,FNPETNAIISL,111,33.0
123,HLA-B35:01,5832.88,APF29074,VYGHNYYLPVM,123,34.0
9,HLA-B35:01,5860.34,APF29074,EVYVHLRNWNF,9,35.0
51,HLA-B35:01,5864.4,APF29074,LWCLWPLVLAL,51,36.0
208,HLA-B35:01,5887.83,APF29074,VASQEGVLSER,208,37.0
80,HLA-B35:01,5897.11,APF29074,SILMSIITLCL,80,38.0
169,HLA-B35:01,5901.46,APF29074,IVATPSTTIVC,169,39.0
48,HLA-B35:01,5906.28,APF29074,MSVLWCLWPLV,48,40.0
85,HLA-B35:01,5913.08,APF29074,IITLCLWVMYF,85,41.0
52,HLA-B35:01,5927.12,APF29074,WCLWPLVLALS,52,42.0
186,HLA-B35:01,5933.99,APF29074,VNETSQTGWAF,186,43.0
53,HLA-B35:01,5948.73,APF29074,CLWPLVLALSI,53,44.0
88,HLA-B35:01,5953.97,APF29074,LCLWVMYFVNS,88,45.0
0,HLA-B35:01,5955.36,APF29074,MSNSSVPLSEV,0,46.0
101,HLA-B35:01,6027.05,APF29074,LWRRVKTFWAF,101,47.0
50,HLA-B35:01,6027.24,APF29074,VLWCLWPLVLA,50,48.0
56,HLA-B35:01,6048.5,APF29074,PLVLALSIFDC,56,49.0
27,HLA-B35:01,6052.31,APF29074,VFIVVLQYGHY,27,50.0
118,HLA-B35:01,6060.97,APF29074,IISLQVYGHNY,118,51.0
4,HLA-B35:01,6093.37,APF29074,SVPLSEVYVHL,4,52.0
116,HLA-B35:01,6095.28,APF29074,NAIISLQVYGH,116,53.0
71,HLA-B35:01,6151.12,APF29074,NVDWVFFGFSI,71,54.0
107,HLA-B35:01,6164.78,APF29074,TFWAFNPETNA,107,55.0
61,HLA-B35:01,6165.33,APF29074,LSIFDCFVNFN,61,56.0
25,HLA-B35:01,6166.4,APF29074,LTVFIVVLQYG,25,57.0
6,HLA-B35:01,6167.32,APF29074,PLSEVYVHLRN,6,58.0
90,HLA-B35:01,6167.65,APF29074,LWVMYFVNSFR,90,59.0
167,HLA-B35:01,6175.13,APF29074,YVIVATPSTTI,167,60.0
79,HLA-B35:01,6188.88,APF29074,FSILMSIITLC,79,61.0
77,HLA-B35:01,6217.69,APF29074,FGFSILMSIIT,77,62.0
74,HLA-B35:01,6218.08,APF29074,WVFFGFSILMS,74,63.0
124,HLA-B35:01,6245.69,APF29074,YGHNYYLPVMA,124,64.0
173,HLA-B35:01,6247.97,APF29074,PSTTIVCDRVG,173,65.0
128,HLA-B35:01,6250.18,APF29074,YYLPVMAAPTG,128,66.0
3,HLA-B35:01,6256.5,APF29074,SSVPLSEVYVH,3,67.0
110,HLA-B35:01,6269.53,APF29074,AFNPETNAIIS,110,68.0
120,HLA-B35:01,6270.76,APF29074,SLQVYGHNYYL,120,69.0
157,HLA-B35:01,6279.83,APF29074,TRVQVGQLPKY,157,70.0
113,HLA-B35:01,6282.75,APF29074,PETNAIISLQV,113,71.0
115,HLA-B35:01,6300.07,APF29074,TNAIISLQVYG,115,72.0
142,HLA-B35:01,6301.27,APF29074,TLLSGVLLVDG,142,73.0
72,HLA-B35:01,6317.41,APF29074,VDWVFFGFSIL,72,74.0
119,HLA-B35:01,6317.87,APF29074,ISLQVYGHNYY,119,75.0
20,HLA-B35:01,6334.67,APF29074,SWNLILTVFIV,20,76.0
22,HLA-B35:01,6339.66,APF29074,NLILTVFIVVL,22,77.0
70,HLA-B35:01,6347.27,APF29074,FNVDWVFFGFS,70,78.0
163,HLA-B35:01,6353.8,APF29074,QLPKYVIVATP,163,79.0
95,HLA-B35:01,6360.53,APF29074,FVNSFRLWRRV,95,80.0
189,HLA-B35:01,6374.92,APF29074,TSQTGWAFYVR,189,81.0
68,HLA-B35:01,6379.07,APF29074,VNFNVDWVFFG,68,82.0
26,HLA-B35:01,6382.53,APF29074,TVFIVVLQYGH,26,83.0
155,HLA-B35:01,6400.31,APF29074,IATRVQVGQLP,155,84.0
122,HLA-B35:01,6412.26,APF29074,QVYGHNYYLPV,122,85.0
93,HLA-B35:01,6417.32,APF29074,MYFVNSFRLWR,93,86.0
170,HLA-B35:01,6419.34,APF29074,VATPSTTIVCD,170,87.0
44,HLA-B35:01,6420.83,APF29074,YGLKMSVLWCL,44,88.0
129,HLA-B35:01,6420.9,APF29074,YLPVMAAPTGV,129,89.0
76,HLA-B35:01,6423.84,APF29074,FFGFSILMSII,76,90.0
171,HLA-B35:01,6430.42,APF29074,ATPSTTIVCDR,171,91.0
78,HLA-B35:01,6433.84,APF29074,GFSILMSIITL,78,92.0
17,HLA-B35:01,6434.0,APF29074,WNFSWNLILTV,17,93.0
81,HLA-B35:01,6444.59,APF29074,ILMSIITLCLW,81,94.0
168,HLA-B35:01,6451.44,APF29074,VIVATPSTTIV,168,95.0
121,HLA-B35:01,6453.92,APF29074,LQVYGHNYYLP,121,96.0
205,HLA-B35:01,6462.11,APF29074,FSGVASQEGVL,205,97.0
134,HLA-B35:01,6463.61,APF29074,AAPTGVTLTLL,134,98.0
136,HLA-B35:01,6465.24,APF29074,PTGVTLTLLSG,136,99.0
64,HLA-B35:01,6477.86,APF29074,FDCFVNFNVDW,64,100.0
94,HLA-B35:01,6478.09,APF29074,YFVNSFRLWRR,94,101.0
106,HLA-B35:01,6480.78,APF29074,KTFWAFNPETN,106,102.0
126,HLA-B35:01,6486.93,APF29074,HNYYLPVMAAP,126,103.0
87,HLA-B35:01,6488.04,APF29074,TLCLWVMYFVN,87,104.0
82,HLA-B35:01,6495.94,APF29074,LMSIITLCLWV,82,105.0
16,HLA-B35:01,6497.46,APF29074,NWNFSWNLILT,16,106.0
152,HLA-B35:01,6504.5,APF29074,GHKIATRVQVG,152,107.0
92,HLA-B35:01,6515.67,APF29074,VMYFVNSFRLW,92,108.0
185,HLA-B35:01,6522.75,APF29074,SVNETSQTGWA,185,109.0
31,HLA-B35:01,6525.76,APF29074,VLQYGHYKYSR,31,110.0
2,HLA-B35:01,6526.32,APF29074,NSSVPLSEVYV,2,111.0
174,HLA-B35:01,6531.54,APF29074,STTIVCDRVGR,174,112.0
213,HLA-B35:01,6532.61,APF29074,GVLSEREKLLH,213,113.0
148,HLA-B35:01,6534.66,APF29074,LLVDGHKIATR,148,114.0
192,HLA-B35:01,6537.61,APF29074,TGWAFYVRAKH,192,115.0
183,HLA-B35:01,6538.86,APF29074,GRSVNETSQTG,183,116.0
75,HLA-B35:01,6548.33,APF29074,VFFGFSILMSI,75,117.0
86,HLA-B35:01,6550.08,APF29074,ITLCLWVMYFV,86,118.0
207,HLA-B35:01,6555.18,APF29074,GVASQEGVLSE,207,119.0
138,HLA-B35:01,6555.26,APF29074,GVTLTLLSGVL,138,120.0
177,HLA-B35:01,6563.92,APF29074,IVCDRVGRSVN,177,121.0
35,HLA-B35:01,6577.57,APF29074,GHYKYSRLLYG,35,122.0
21,HLA-B35:01,6578.36,APF29074,WNLILTVFIVV,21,123.0
188,HLA-B35:01,6582.1,APF29074,ETSQTGWAFYV,188,124.0
32,HLA-B35:01,6585.6,APF29074,LQYGHYKYSRL,32,125.0
36,HLA-B35:01,6598.79,APF29074,HYKYSRLLYGL,36,126.0
125,HLA-B35:01,6601.26,APF29074,GHNYYLPVMAA,125,127.0
11,HLA-B35:01,6602.57,APF29074,YVHLRNWNFSW,11,128.0
143,HLA-B35:01,6611.0,APF29074,LLSGVLLVDGH,143,129.0
195,HLA-B35:01,6617.5,APF29074,AFYVRAKHGDF,195,130.0
159,HLA-B35:01,6619.33,APF29074,VQVGQLPKYVI,159,131.0
160,HLA-B35:01,6626.92,APF29074,QVGQLPKYVIV,160,132.0
193,HLA-B35:01,6628.52,APF29074,GWAFYVRAKHG,193,133.0
98,HLA-B35:01,6631.47,APF29074,SFRLWRRVKTF,98,134.0
15,HLA-B35:01,6644.0,APF29074,RNWNFSWNLIL,15,135.0
215,HLA-B35:01,6658.04,APF29074,LSEREKLLHLI,215,136.0
140,HLA-B35:01,6658.68,APF29074,TLTLLSGVLLV,140,137.0
8,HLA-B35:01,6658.86,APF29074,SEVYVHLRNWN,8,138.0
176,HLA-B35:01,6659.59,APF29074,TIVCDRVGRSV,176,139.0
14,HLA-B35:01,6662.3,APF29074,LRNWNFSWNLI,14,140.0
65,HLA-B35:01,6667.95,APF29074,DCFVNFNVDWV,65,141.0
210,HLA-B35:01,6670.06,APF29074,SQEGVLSEREK,210,142.0
197,HLA-B35:01,6676.95,APF29074,YVRAKHGDFSG,197,143.0
10,HLA-B35:01,6686.75,APF29074,VYVHLRNWNFS,10,144.0
13,HLA-B35:01,6696.73,APF29074,HLRNWNFSWNL,13,145.0
203,HLA-B35:01,6696.78,APF29074,GDFSGVASQEG,203,146.0
194,HLA-B35:01,6698.78,APF29074,WAFYVRAKHGD,194,147.0
46,HLA-B35:01,6702.0,APF29074,LKMSVLWCLWP,46,148.0
47,HLA-B35:01,6703.28,APF29074,KMSVLWCLWPL,47,149.0
161,HLA-B35:01,6704.1,APF29074,VGQLPKYVIVA,161,150.0
191,HLA-B35:01,6713.03,APF29074,QTGWAFYVRAK,191,151.0
58,HLA-B35:01,6713.46,APF29074,VLALSIFDCFV,58,152.0
141,HLA-B35:01,6713.81,APF29074,LTLLSGVLLVD,141,153.0
63,HLA-B35:01,6714.92,APF29074,IFDCFVNFNVD,63,154.0
104,HLA-B35:01,6721.6,APF29074,RVKTFWAFNPE,104,155.0
214,HLA-B35:01,6723.08,APF29074,VLSEREKLLHL,214,156.0
38,HLA-B35:01,6726.42,APF29074,KYSRLLYGLKM,38,157.0
165,HLA-B35:01,6729.73,APF29074,PKYVIVATPST,165,158.0
144,HLA-B35:01,6729.86,APF29074,LSGVLLVDGHK,144,159.0
117,HLA-B35:01,6731.41,APF29074,AIISLQVYGHN,117,160.0
199,HLA-B35:01,6732.66,APF29074,RAKHGDFSGVA,199,161.0
202,HLA-B35:01,6735.3,APF29074,HGDFSGVASQE,202,162.0
209,HLA-B35:01,6736.74,APF29074,ASQEGVLSERE,209,163.0
7,HLA-B35:01,6737.39,APF29074,LSEVYVHLRNW,7,164.0
30,HLA-B35:01,6738.27,APF29074,VVLQYGHYKYS,30,165.0
162,HLA-B35:01,6739.2,APF29074,GQLPKYVIVAT,162,166.0
151,HLA-B35:01,6745.28,APF29074,DGHKIATRVQV,151,167.0
137,HLA-B35:01,6749.0,APF29074,TGVTLTLLSGV,137,168.0
149,HLA-B35:01,6749.61,APF29074,LVDGHKIATRV,149,169.0
62,HLA-B35:01,6750.97,APF29074,SIFDCFVNFNV,62,170.0
204,HLA-B35:01,6754.06,APF29074,DFSGVASQEGV,204,171.0
211,HLA-B35:01,6757.5,APF29074,QEGVLSEREKL,211,172.0
105,HLA-B35:01,6762.05,APF29074,VKTFWAFNPET,105,173.0
154,HLA-B35:01,6762.64,APF29074,KIATRVQVGQL,154,174.0
178,HLA-B35:01,6768.29,APF29074,VCDRVGRSVNE,178,175.0
37,HLA-B35:01,6769.59,APF29074,YKYSRLLYGLK,37,176.0
28,HLA-B35:01,6776.07,APF29074,FIVVLQYGHYK,28,177.0
158,HLA-B35:01,6777.98,APF29074,RVQVGQLPKYV,158,178.0
146,HLA-B35:01,6779.17,APF29074,GVLLVDGHKIA,146,179.0
23,HLA-B35:01,6780.26,APF29074,LILTVFIVVLQ,23,180.0
139,HLA-B35:01,6781.18,APF29074,VTLTLLSGVLL,139,181.0
196,HLA-B35:01,6781.54,APF29074,FYVRAKHGDFS,196,182.0
96,HLA-B35:01,6782.72,APF29074,VNSFRLWRRVK,96,183.0
181,HLA-B35:01,6783.75,APF29074,RVGRSVNETSQ,181,184.0
147,HLA-B35:01,6785.11,APF29074,VLLVDGHKIAT,147,185.0
190,HLA-B35:01,6794.7,APF29074,SQTGWAFYVRA,190,186.0
150,HLA-B35:01,6796.77,APF29074,VDGHKIATRVQ,150,187.0
200,HLA-B35:01,6797.13,APF29074,AKHGDFSGVAS,200,188.0
43,HLA-B35:01,6798.39,APF29074,LYGLKMSVLWC,43,189.0
103,HLA-B35:01,6801.99,APF29074,RRVKTFWAFNP,103,190.0
153,HLA-B35:01,6805.42,APF29074,HKIATRVQVGQ,153,191.0
33,HLA-B35:01,6806.7,APF29074,QYGHYKYSRLL,33,192.0
212,HLA-B35:01,6808.43,APF29074,EGVLSEREKLL,212,193.0
132,HLA-B35:01,6808.75,APF29074,VMAAPTGVTLT,132,194.0
100,HLA-B35:01,6811.9,APF29074,RLWRRVKTFWA,100,195.0
206,HLA-B35:01,6812.72,APF29074,SGVASQEGVLS,206,196.0
175,HLA-B35:01,6816.24,APF29074,TTIVCDRVGRS,175,197.0
40,HLA-B35:01,6817.45,APF29074,SRLLYGLKMSV,40,198.0
179,HLA-B35:01,6828.35,APF29074,CDRVGRSVNET,179,199.0
102,HLA-B35:01,6832.81,APF29074,WRRVKTFWAFN,102,200.0
45,HLA-B35:01,6841.66,APF29074,GLKMSVLWCLW,45,201.0
145,HLA-B35:01,6843.88,APF29074,SGVLLVDGHKI,145,202.0
42,HLA-B35:01,6846.39,APF29074,LLYGLKMSVLW,42,203.0
198,HLA-B35:01,6855.36,APF29074,VRAKHGDFSGV,198,204.0
201,HLA-B35:01,6856.04,APF29074,KHGDFSGVASQ,201,205.0
127,HLA-B35:01,6857.12,APF29074,NYYLPVMAAPT,127,206.0
12,HLA-B35:01,6860.75,APF29074,VHLRNWNFSWN,12,207.0
180,HLA-B35:01,6871.41,APF29074,DRVGRSVNETS,180,208.0
39,HLA-B35:01,6873.8,APF29074,YSRLLYGLKMS,39,209.0
97,HLA-B35:01,6874.97,APF29074,NSFRLWRRVKT,97,210.0
41,HLA-B35:01,6879.5,APF29074,RLLYGLKMSVL,41,211.0
166,HLA-B35:01,6880.93,APF29074,KYVIVATPSTT,166,212.0
156,HLA-B35:01,6896.44,APF29074,ATRVQVGQLPK,156,213.0
184,HLA-B35:01,6905.47,APF29074,RSVNETSQTGW,184,214.0
182,HLA-B35:01,6946.25,APF29074,VGRSVNETSQT,182,215.0
99,HLA-B35:01,7006.6,APF29074,FRLWRRVKTFW,99,216.0
109,HLA-B51:01,4405.38,APF29074,WAFNPETNAII,109,1.0
54,HLA-B51:01,5084.54,APF29074,LWPLVLALSIF,54,2.0
133,HLA-B51:01,5353.27,APF29074,MAAPTGVTLTL,133,3.0
122,HLA-B51:01,5499.97,APF29074,QVYGHNYYLPV,122,4.0
19,HLA-B51:01,5527.27,APF29074,FSWNLILTVFI,19,5.0
55,HLA-B51:01,5535.27,APF29074,WPLVLALSIFD,55,6.0
17,HLA-B51:01,5561.38,APF29074,WNFSWNLILTV,17,7.0
151,HLA-B51:01,5583.12,APF29074,DGHKIATRVQV,151,8.0
108,HLA-B51:01,5621.02,APF29074,FWAFNPETNAI,108,9.0
20,HLA-B51:01,5626.59,APF29074,SWNLILTVFIV,20,10.0
21,HLA-B51:01,5643.24,APF29074,WNLILTVFIVV,21,11.0
53,HLA-B51:01,5646.49,APF29074,CLWPLVLALSI,53,12.0
71,HLA-B51:01,5670.3,APF29074,NVDWVFFGFSI,71,13.0
2,HLA-B51:01,5676.62,APF29074,NSSVPLSEVYV,2,14.0
159,HLA-B51:01,5679.08,APF29074,VQVGQLPKYVI,159,15.0
65,HLA-B51:01,5679.64,APF29074,DCFVNFNVDWV,65,16.0
171,HLA-B51:01,5683.13,APF29074,ATPSTTIVCDR,171,17.0
134,HLA-B51:01,5687.62,APF29074,AAPTGVTLTLL,134,18.0
189,HLA-B51:01,5687.85,APF29074,TSQTGWAFYVR,189,19.0
90,HLA-B51:01,5688.79,APF29074,LWVMYFVNSFR,90,20.0
49,HLA-B51:01,5690.96,APF29074,SVLWCLWPLVL,49,21.0
4,HLA-B51:01,5696.28,APF29074,SVPLSEVYVHL,4,22.0
130,HLA-B51:01,5704.15,APF29074,LPVMAAPTGVT,130,23.0
208,HLA-B51:01,5704.42,APF29074,VASQEGVLSER,208,24.0
174,HLA-B51:01,5708.83,APF29074,STTIVCDRVGR,174,25.0
137,HLA-B51:01,5710.34,APF29074,TGVTLTLLSGV,137,26.0
172,HLA-B51:01,5711.74,APF29074,TPSTTIVCDRV,172,27.0
28,HLA-B51:01,5712.86,APF29074,FIVVLQYGHYK,28,28.0
161,HLA-B51:01,5714.46,APF29074,VGQLPKYVIVA,161,29.0
18,HLA-B51:01,5715.13,APF29074,NFSWNLILTVF,18,30.0
148,HLA-B51:01,5718.4,APF29074,LLVDGHKIATR,148,31.0
111,HLA-B51:01,5719.89,APF29074,FNPETNAIISL,111,32.0
140,HLA-B51:01,5724.89,APF29074,TLTLLSGVLLV,140,33.0
31,HLA-B51:01,5726.43,APF29074,VLQYGHYKYSR,31,34.0
59,HLA-B51:01,5730.13,APF29074,LALSIFDCFVN,59,35.0
75,HLA-B51:01,5730.28,APF29074,VFFGFSILMSI,75,36.0
37,HLA-B51:01,5732.1,APF29074,YKYSRLLYGLK,37,37.0
14,HLA-B51:01,5735.49,APF29074,LRNWNFSWNLI,14,38.0
76,HLA-B51:01,5738.36,APF29074,FFGFSILMSII,76,39.0
129,HLA-B51:01,5738.44,APF29074,YLPVMAAPTGV,129,40.0
94,HLA-B51:01,5751.34,APF29074,YFVNSFRLWRR,94,41.0
163,HLA-B51:01,5752.63,APF29074,QLPKYVIVATP,163,42.0
113,HLA-B51:01,5754.77,APF29074,PETNAIISLQV,113,43.0
15,HLA-B51:01,5755.79,APF29074,RNWNFSWNLIL,15,44.0
93,HLA-B51:01,5755.82,APF29074,MYFVNSFRLWR,93,45.0
144,HLA-B51:01,5759.2,APF29074,LSGVLLVDGHK,144,46.0
96,HLA-B51:01,5759.21,APF29074,VNSFRLWRRVK,96,47.0
86,HLA-B51:01,5759.31,APF29074,ITLCLWVMYFV,86,48.0
210,HLA-B51:01,5764.1,APF29074,SQEGVLSEREK,210,49.0
62,HLA-B51:01,5764.43,APF29074,SIFDCFVNFNV,62,50.0
188,HLA-B51:01,5765.75,APF29074,ETSQTGWAFYV,188,51.0
156,HLA-B51:01,5767.24,APF29074,ATRVQVGQLPK,156,52.0
110,HLA-B51:01,5767.25,APF29074,AFNPETNAIIS,110,53.0
167,HLA-B51:01,5767.76,APF29074,YVIVATPSTTI,167,54.0
40,HLA-B51:01,5768.22,APF29074,SRLLYGLKMSV,40,55.0
204,HLA-B51:01,5770.29,APF29074,DFSGVASQEGV,204,56.0
66,HLA-B51:01,5770.78,APF29074,CFVNFNVDWVF,66,57.0
84,HLA-B51:01,5771.2,APF29074,SIITLCLWVMY,84,58.0
72,HLA-B51:01,5771.74,APF29074,VDWVFFGFSIL,72,59.0
145,HLA-B51:01,5771.83,APF29074,SGVLLVDGHKI,145,60.0
160,HLA-B51:01,5772.19,APF29074,QVGQLPKYVIV,160,61.0
131,HLA-B51:01,5772.59,APF29074,PVMAAPTGVTL,131,62.0
48,HLA-B51:01,5772.63,APF29074,MSVLWCLWPLV,48,63.0
78,HLA-B51:01,5775.45,APF29074,GFSILMSIITL,78,64.0
177,HLA-B51:01,5776.51,APF29074,IVCDRVGRSVN,177,65.0
191,HLA-B51:01,5776.85,APF29074,QTGWAFYVRAK,191,66.0
176,HLA-B51:01,5776.88,APF29074,TIVCDRVGRSV,176,67.0
61,HLA-B51:01,5777.63,APF29074,LSIFDCFVNFN,61,68.0
0,HLA-B51:01,5777.83,APF29074,MSNSSVPLSEV,0,69.0
52,HLA-B51:01,5778.58,APF29074,WCLWPLVLALS,52,70.0
77,HLA-B51:01,5778.58,APF29074,FGFSILMSIIT,77,70.0
74,HLA-B51:01,5779.28,APF29074,WVFFGFSILMS,74,72.0
22,HLA-B51:01,5779.5,APF29074,NLILTVFIVVL,22,73.0
141,HLA-B51:01,5780.22,APF29074,LTLLSGVLLVD,141,74.0
1,HLA-B51:01,5780.3,APF29074,SNSSVPLSEVY,1,75.0
138,HLA-B51:01,5780.72,APF29074,GVTLTLLSGVL,138,76.0
135,HLA-B51:01,5782.52,APF29074,APTGVTLTLLS,135,77.0
215,HLA-B51:01,5785.82,APF29074,LSEREKLLHLI,215,78.0
206,HLA-B51:01,5787.16,APF29074,SGVASQEGVLS,206,79.0
41,HLA-B51:01,5787.36,APF29074,RLLYGLKMSVL,41,80.0
112,HLA-B51:01,5787.37,APF29074,NPETNAIISLQ,112,81.0
120,HLA-B51:01,5787.45,APF29074,SLQVYGHNYYL,120,82.0
82,HLA-B51:01,5789.11,APF29074,LMSIITLCLWV,82,83.0
155,HLA-B51:01,5790.11,APF29074,IATRVQVGQLP,155,84.0
152,HLA-B51:01,5790.35,APF29074,GHKIATRVQVG,152,85.0
114,HLA-B51:01,5791.11,APF29074,ETNAIISLQVY,114,86.0
60,HLA-B51:01,5792.22,APF29074,ALSIFDCFVNF,60,87.0
25,HLA-B51:01,5792.92,APF29074,LTVFIVVLQYG,25,88.0
13,HLA-B51:01,5793.01,APF29074,HLRNWNFSWNL,13,89.0
39,HLA-B51:01,5793.09,APF29074,YSRLLYGLKMS,39,90.0
170,HLA-B51:01,5793.25,APF29074,VATPSTTIVCD,170,91.0
173,HLA-B51:01,5794.15,APF29074,PSTTIVCDRVG,173,92.0
73,HLA-B51:01,5794.26,APF29074,DWVFFGFSILM,73,93.0
88,HLA-B51:01,5794.6,APF29074,LCLWVMYFVNS,88,94.0
207,HLA-B51:01,5794.91,APF29074,GVASQEGVLSE,207,95.0
9,HLA-B51:01,5795.7,APF29074,EVYVHLRNWNF,9,96.0
192,HLA-B51:01,5795.85,APF29074,TGWAFYVRAKH,192,97.0
35,HLA-B51:01,5797.59,APF29074,GHYKYSRLLYG,35,98.0
12,HLA-B51:01,5797.8,APF29074,VHLRNWNFSWN,12,99.0
89,HLA-B51:01,5798.5,APF29074,CLWVMYFVNSF,89,100.0
70,HLA-B51:01,5798.69,APF29074,FNVDWVFFGFS,70,101.0
51,HLA-B51:01,5798.75,APF29074,LWCLWPLVLAL,51,102.0
203,HLA-B51:01,5798.98,APF29074,GDFSGVASQEG,203,103.0
213,HLA-B51:01,5799.63,APF29074,GVLSEREKLLH,213,104.0
149,HLA-B51:01,5800.0,APF29074,LVDGHKIATRV,149,105.0
67,HLA-B51:01,5800.18,APF29074,FVNFNVDWVFF,67,106.0
183,HLA-B51:01,5800.29,APF29074,GRSVNETSQTG,183,107.0
68,HLA-B51:01,5800.49,APF29074,VNFNVDWVFFG,68,108.0
158,HLA-B51:01,5800.64,APF29074,RVQVGQLPKYV,158,109.0
58,HLA-B51:01,5801.44,APF29074,VLALSIFDCFV,58,110.0
87,HLA-B51:01,5801.47,APF29074,TLCLWVMYFVN,87,111.0
128,HLA-B51:01,5801.85,APF29074,YYLPVMAAPTG,128,112.0
102,HLA-B51:01,5801.91,APF29074,WRRVKTFWAFN,102,113.0
8,HLA-B51:01,5803.13,APF29074,SEVYVHLRNWN,8,114.0
30,HLA-B51:01,5803.32,APF29074,VVLQYGHYKYS,30,115.0
117,HLA-B51:01,5803.56,APF29074,AIISLQVYGHN,117,116.0
64,HLA-B51:01,5803.94,APF29074,FDCFVNFNVDW,64,117.0
142,HLA-B51:01,5804.61,APF29074,TLLSGVLLVDG,142,118.0
150,HLA-B51:01,5805.51,APF29074,VDGHKIATRVQ,150,119.0
139,HLA-B51:01,5805.52,APF29074,VTLTLLSGVLL,139,120.0
115,HLA-B51:01,5806.17,APF29074,TNAIISLQVYG,115,121.0
33,HLA-B51:01,5806.32,APF29074,QYGHYKYSRLL,33,122.0
50,HLA-B51:01,5806.63,APF29074,VLWCLWPLVLA,50,123.0
16,HLA-B51:01,5806.98,APF29074,NWNFSWNLILT,16,124.0
10,HLA-B51:01,5807.15,APF29074,VYVHLRNWNFS,10,125.0
205,HLA-B51:01,5808.83,APF29074,FSGVASQEGVL,205,126.0
146,HLA-B51:01,5809.67,APF29074,GVLLVDGHKIA,146,127.0
180,HLA-B51:01,5809.67,APF29074,DRVGRSVNETS,180,127.0
196,HLA-B51:01,5809.87,APF29074,FYVRAKHGDFS,196,129.0
34,HLA-B51:01,5809.91,APF29074,YGHYKYSRLLY,34,130.0
194,HLA-B51:01,5810.1,APF29074,WAFYVRAKHGD,194,131.0
212,HLA-B51:01,5810.39,APF29074,EGVLSEREKLL,212,132.0
178,HLA-B51:01,5810.6,APF29074,VCDRVGRSVNE,178,133.0
106,HLA-B51:01,5810.7,APF29074,KTFWAFNPETN,106,134.0
193,HLA-B51:01,5811.76,APF29074,GWAFYVRAKHG,193,135.0
136,HLA-B51:01,5812.7,APF29074,PTGVTLTLLSG,136,136.0
198,HLA-B51:01,5813.07,APF29074,VRAKHGDFSGV,198,137.0
100,HLA-B51:01,5814.12,APF29074,RLWRRVKTFWA,100,138.0
23,HLA-B51:01,5814.13,APF29074,LILTVFIVVLQ,23,139.0
124,HLA-B51:01,5814.25,APF29074,YGHNYYLPVMA,124,140.0
92,HLA-B51:01,5814.58,APF29074,VMYFVNSFRLW,92,141.0
98,HLA-B51:01,5814.98,APF29074,SFRLWRRVKTF,98,142.0
197,HLA-B51:01,5815.33,APF29074,YVRAKHGDFSG,197,143.0
202,HLA-B51:01,5815.77,APF29074,HGDFSGVASQE,202,144.0
200,HLA-B51:01,5816.46,APF29074,AKHGDFSGVAS,200,145.0
83,HLA-B51:01,5817.09,APF29074,MSIITLCLWVM,83,146.0
11,HLA-B51:01,5817.12,APF29074,YVHLRNWNFSW,11,147.0
209,HLA-B51:01,5817.27,APF29074,ASQEGVLSERE,209,148.0
116,HLA-B51:01,5817.3,APF29074,NAIISLQVYGH,116,149.0
181,HLA-B51:01,5819.75,APF29074,RVGRSVNETSQ,181,150.0
85,HLA-B51:01,5819.92,APF29074,IITLCLWVMYF,85,151.0
199,HLA-B51:01,5820.41,APF29074,RAKHGDFSGVA,199,152.0
187,HLA-B51:01,5820.51,APF29074,NETSQTGWAFY,187,153.0
36,HLA-B51:01,5820.66,APF29074,HYKYSRLLYGL,36,154.0
169,HLA-B51:01,5820.96,APF29074,IVATPSTTIVC,169,155.0
63,HLA-B51:01,5821.06,APF29074,IFDCFVNFNVD,63,156.0
154,HLA-B51:01,5821.63,APF29074,KIATRVQVGQL,154,157.0
6,HLA-B51:01,5821.9,APF29074,PLSEVYVHLRN,6,158.0
143,HLA-B51:01,5822.66,APF29074,LLSGVLLVDGH,143,159.0
175,HLA-B51:01,5822.78,APF29074,TTIVCDRVGRS,175,160.0
153,HLA-B51:01,5823.07,APF29074,HKIATRVQVGQ,153,161.0
43,HLA-B51:01,5823.29,APF29074,LYGLKMSVLWC,43,162.0
47,HLA-B51:01,5824.16,APF29074,KMSVLWCLWPL,47,163.0
91,HLA-B51:01,5824.64,APF29074,WVMYFVNSFRL,91,164.0
44,HLA-B51:01,5827.97,APF29074,YGLKMSVLWCL,44,165.0
195,HLA-B51:01,5828.55,APF29074,AFYVRAKHGDF,195,166.0
7,HLA-B51:01,5829.4,APF29074,LSEVYVHLRNW,7,167.0
201,HLA-B51:01,5829.73,APF29074,KHGDFSGVASQ,201,168.0
190,HLA-B51:01,5830.28,APF29074,SQTGWAFYVRA,190,169.0
165,HLA-B51:01,5830.64,APF29074,PKYVIVATPST,165,170.0
126,HLA-B51:01,5830.88,APF29074,HNYYLPVMAAP,126,171.0
132,HLA-B51:01,5830.93,APF29074,VMAAPTGVTLT,132,172.0
118,HLA-B51:01,5831.78,APF29074,IISLQVYGHNY,118,173.0
157,HLA-B51:01,5832.26,APF29074,TRVQVGQLPKY,157,174.0
5,HLA-B51:01,5832.51,APF29074,VPLSEVYVHLR,5,175.0
3,HLA-B51:01,5833.01,APF29074,SSVPLSEVYVH,3,176.0
99,HLA-B51:01,5833.24,APF29074,FRLWRRVKTFW,99,177.0
214,HLA-B51:01,5834.12,APF29074,VLSEREKLLHL,214,178.0
80,HLA-B51:01,5834.74,APF29074,SILMSIITLCL,80,179.0
185,HLA-B51:01,5835.35,APF29074,SVNETSQTGWA,185,180.0
184,HLA-B51:01,5836.55,APF29074,RSVNETSQTGW,184,181.0
45,HLA-B51:01,5838.74,APF29074,GLKMSVLWCLW,45,182.0
95,HLA-B51:01,5840.04,APF29074,FVNSFRLWRRV,95,183.0
81,HLA-B51:01,5840.22,APF29074,ILMSIITLCLW,81,184.0
32,HLA-B51:01,5841.47,APF29074,LQYGHYKYSRL,32,185.0
211,HLA-B51:01,5842.92,APF29074,QEGVLSEREKL,211,186.0
162,HLA-B51:01,5843.89,APF29074,GQLPKYVIVAT,162,187.0
56,HLA-B51:01,5843.9,APF29074,PLVLALSIFDC,56,188.0
123,HLA-B51:01,5846.08,APF29074,VYGHNYYLPVM,123,189.0
26,HLA-B51:01,5847.98,APF29074,TVFIVVLQYGH,26,190.0
24,HLA-B51:01,5849.6,APF29074,ILTVFIVVLQY,24,191.0
79,HLA-B51:01,5849.83,APF29074,FSILMSIITLC,79,192.0
166,HLA-B51:01,5849.86,APF29074,KYVIVATPSTT,166,193.0
186,HLA-B51:01,5852.42,APF29074,VNETSQTGWAF,186,194.0
57,HLA-B51:01,5853.08,APF29074,LVLALSIFDCF,57,195.0
127,HLA-B51:01,5854.7,APF29074,NYYLPVMAAPT,127,196.0
29,HLA-B51:01,5855.41,APF29074,IVVLQYGHYKY,29,197.0
69,HLA-B51:01,5855.87,APF29074,NFNVDWVFFGF,69,198.0
182,HLA-B51:01,5857.53,APF29074,VGRSVNETSQT,182,199.0
42,HLA-B51:01,5858.27,APF29074,LLYGLKMSVLW,42,200.0
104,HLA-B51:01,5858.93,APF29074,RVKTFWAFNPE,104,201.0
168,HLA-B51:01,5859.26,APF29074,VIVATPSTTIV,168,202.0
125,HLA-B51:01,5861.19,APF29074,GHNYYLPVMAA,125,203.0
46,HLA-B51:01,5861.22,APF29074,LKMSVLWCLWP,46,204.0
105,HLA-B51:01,5862.4,APF29074,VKTFWAFNPET,105,205.0
38,HLA-B51:01,5863.83,APF29074,KYSRLLYGLKM,38,206.0
147,HLA-B51:01,5864.65,APF29074,VLLVDGHKIAT,147,207.0
179,HLA-B51:01,5865.71,APF29074,CDRVGRSVNET,179,208.0
97,HLA-B51:01,5866.57,APF29074,NSFRLWRRVKT,97,209.0
119,HLA-B51:01,5866.59,APF29074,ISLQVYGHNYY,119,210.0
107,HLA-B51:01,5870.75,APF29074,TFWAFNPETNA,107,211.0
101,HLA-B51:01,5880.85,APF29074,LWRRVKTFWAF,101,212.0
27,HLA-B51:01,5883.82,APF29074,VFIVVLQYGHY,27,213.0
103,HLA-B51:01,5884.22,APF29074,RRVKTFWAFNP,103,214.0
121,HLA-B51:01,5898.29,APF29074,LQVYGHNYYLP,121,215.0
164,HLA-B51:01,6118.23,APF29074,LPKYVIVATPS,164,216.0
64,HLA-B53:01,22.3,APF29074,FDCFVNFNVDW,64,1.0
54,HLA-B53:01,82.61,APF29074,LWPLVLALSIF,54,2.0
11,HLA-B53:01,131.41,APF29074,YVHLRNWNFSW,11,3.0
111,HLA-B53:01,194.35,APF29074,FNPETNAIISL,111,4.0
92,HLA-B53:01,274.73,APF29074,VMYFVNSFRLW,92,5.0
108,HLA-B53:01,341.95,APF29074,FWAFNPETNAI,108,6.0
42,HLA-B53:01,522.49,APF29074,LLYGLKMSVLW,42,7.0
133,HLA-B53:01,702.16,APF29074,MAAPTGVTLTL,133,8.0
7,HLA-B53:01,841.9,APF29074,LSEVYVHLRNW,7,9.0
19,HLA-B53:01,875.88,APF29074,FSWNLILTVFI,19,10.0
18,HLA-B53:01,894.48,APF29074,NFSWNLILTVF,18,11.0
85,HLA-B53:01,2060.24,APF29074,IITLCLWVMYF,85,12.0
60,HLA-B53:01,2280.51,APF29074,ALSIFDCFVNF,60,13.0
43,HLA-B53:01,2862.24,APF29074,LYGLKMSVLWC,43,14.0
51,HLA-B53:01,2916.89,APF29074,LWCLWPLVLAL,51,15.0
186,HLA-B53:01,3404.86,APF29074,VNETSQTGWAF,186,16.0
79,HLA-B53:01,3497.45,APF29074,FSILMSIITLC,79,17.0
52,HLA-B53:01,3596.93,APF29074,WCLWPLVLALS,52,18.0
70,HLA-B53:01,3643.0,APF29074,FNVDWVFFGFS,70,19.0
66,HLA-B53:01,3907.71,APF29074,CFVNFNVDWVF,66,20.0
53,HLA-B53:01,4316.0,APF29074,CLWPLVLALSI,53,21.0
101,HLA-B53:01,4557.53,APF29074,LWRRVKTFWAF,101,22.0
81,HLA-B53:01,4578.64,APF29074,ILMSIITLCLW,81,23.0
76,HLA-B53:01,4663.62,APF29074,FFGFSILMSII,76,24.0
48,HLA-B53:01,4767.99,APF29074,MSVLWCLWPLV,48,25.0
9,HLA-B53:01,5319.85,APF29074,EVYVHLRNWNF,9,26.0
89,HLA-B53:01,5444.45,APF29074,CLWVMYFVNSF,89,27.0
67,HLA-B53:01,5801.96,APF29074,FVNFNVDWVFF,67,28.0
135,HLA-B53:01,5835.42,APF29074,APTGVTLTLLS,135,29.0
71,HLA-B53:01,6103.16,APF29074,NVDWVFFGFSI,71,30.0
69,HLA-B53:01,6113.84,APF29074,NFNVDWVFFGF,69,31.0
17,HLA-B53:01,6190.88,APF29074,WNFSWNLILTV,17,32.0
56,HLA-B53:01,6262.87,APF29074,PLVLALSIFDC,56,33.0
57,HLA-B53:01,6426.48,APF29074,LVLALSIFDCF,57,34.0
83,HLA-B53:01,6491.1,APF29074,MSIITLCLWVM,83,35.0
91,HLA-B53:01,7262.86,APF29074,WVMYFVNSFRL,91,36.0
55,HLA-B53:01,7805.45,APF29074,WPLVLALSIFD,55,37.0
73,HLA-B53:01,8331.82,APF29074,DWVFFGFSILM,73,38.0
169,HLA-B53:01,8343.02,APF29074,IVATPSTTIVC,169,39.0
0,HLA-B53:01,8511.3,APF29074,MSNSSVPLSEV,0,40.0
82,HLA-B53:01,9325.0,APF29074,LMSIITLCLWV,82,41.0
14,HLA-B53:01,9530.77,APF29074,LRNWNFSWNLI,14,42.0
86,HLA-B53:01,9783.25,APF29074,ITLCLWVMYFV,86,43.0
45,HLA-B53:01,9853.1,APF29074,GLKMSVLWCLW,45,44.0
61,HLA-B53:01,9904.59,APF29074,LSIFDCFVNFN,61,45.0
112,HLA-B53:01,9974.67,APF29074,NPETNAIISLQ,112,46.0
184,HLA-B53:01,10217.01,APF29074,RSVNETSQTGW,184,47.0
15,HLA-B53:01,10281.88,APF29074,RNWNFSWNLIL,15,48.0
16,HLA-B53:01,10300.95,APF29074,NWNFSWNLILT,16,49.0
99,HLA-B53:01,10542.38,APF29074,FRLWRRVKTFW,99,50.0
47,HLA-B53:01,10743.75,APF29074,KMSVLWCLWPL,47,51.0
77,HLA-B53:01,11073.98,APF29074,FGFSILMSIIT,77,52.0
187,HLA-B53:01,11140.96,APF29074,NETSQTGWAFY,187,53.0
88,HLA-B53:01,11714.65,APF29074,LCLWVMYFVNS,88,54.0
134,HLA-B53:01,11753.76,APF29074,AAPTGVTLTLL,134,55.0
93,HLA-B53:01,11806.3,APF29074,MYFVNSFRLWR,93,56.0
123,HLA-B53:01,12415.04,APF29074,VYGHNYYLPVM,123,57.0
21,HLA-B53:01,12606.99,APF29074,WNLILTVFIVV,21,58.0
49,HLA-B53:01,12664.5,APF29074,SVLWCLWPLVL,49,59.0
130,HLA-B53:01,13063.11,APF29074,LPVMAAPTGVT,130,60.0
167,HLA-B53:01,13174.16,APF29074,YVIVATPSTTI,167,61.0
172,HLA-B53:01,13457.76,APF29074,TPSTTIVCDRV,172,62.0
164,HLA-B53:01,13818.24,APF29074,LPKYVIVATPS,164,63.0
131,HLA-B53:01,13962.93,APF29074,PVMAAPTGVTL,131,64.0
75,HLA-B53:01,14020.19,APF29074,VFFGFSILMSI,75,65.0
20,HLA-B53:01,14533.03,APF29074,SWNLILTVFIV,20,66.0
50,HLA-B53:01,15245.21,APF29074,VLWCLWPLVLA,50,67.0
13,HLA-B53:01,15330.4,APF29074,HLRNWNFSWNL,13,68.0
24,HLA-B53:01,15436.68,APF29074,ILTVFIVVLQY,24,69.0
80,HLA-B53:01,15668.78,APF29074,SILMSIITLCL,80,70.0
72,HLA-B53:01,16241.89,APF29074,VDWVFFGFSIL,72,71.0
109,HLA-B53:01,16696.53,APF29074,WAFNPETNAII,109,72.0
215,HLA-B53:01,17538.44,APF29074,LSEREKLLHLI,215,73.0
113,HLA-B53:01,17555.63,APF29074,PETNAIISLQV,113,74.0
34,HLA-B53:01,17819.71,APF29074,YGHYKYSRLLY,34,75.0
44,HLA-B53:01,18802.07,APF29074,YGLKMSVLWCL,44,76.0
188,HLA-B53:01,18834.96,APF29074,ETSQTGWAFYV,188,77.0
10,HLA-B53:01,18864.39,APF29074,VYVHLRNWNFS,10,78.0
4,HLA-B53:01,18873.39,APF29074,SVPLSEVYVHL,4,79.0
2,HLA-B53:01,19022.21,APF29074,NSSVPLSEVYV,2,80.0
59,HLA-B53:01,19105.32,APF29074,LALSIFDCFVN,59,81.0
5,HLA-B53:01,19118.58,APF29074,VPLSEVYVHLR,5,82.0
107,HLA-B53:01,19665.17,APF29074,TFWAFNPETNA,107,83.0
84,HLA-B53:01,20936.85,APF29074,SIITLCLWVMY,84,84.0
58,HLA-B53:01,21166.4,APF29074,VLALSIFDCFV,58,85.0
136,HLA-B53:01,21210.61,APF29074,PTGVTLTLLSG,136,86.0
168,HLA-B53:01,21516.82,APF29074,VIVATPSTTIV,168,87.0
118,HLA-B53:01,21876.7,APF29074,IISLQVYGHNY,118,88.0
122,HLA-B53:01,22083.88,APF29074,QVYGHNYYLPV,122,89.0
140,HLA-B53:01,22130.87,APF29074,TLTLLSGVLLV,140,90.0
90,HLA-B53:01,23056.94,APF29074,LWVMYFVNSFR,90,91.0
78,HLA-B53:01,23466.74,APF29074,GFSILMSIITL,78,92.0
1,HLA-B53:01,23818.33,APF29074,SNSSVPLSEVY,1,93.0
22,HLA-B53:01,23943.5,APF29074,NLILTVFIVVL,22,94.0
137,HLA-B53:01,24298.74,APF29074,TGVTLTLLSGV,137,95.0
65,HLA-B53:01,24375.97,APF29074,DCFVNFNVDWV,65,96.0
139,HLA-B53:01,24678.27,APF29074,VTLTLLSGVLL,139,97.0
170,HLA-B53:01,24941.84,APF29074,VATPSTTIVCD,170,98.0
12,HLA-B53:01,25295.32,APF29074,VHLRNWNFSWN,12,99.0
8,HLA-B53:01,25476.48,APF29074,SEVYVHLRNWN,8,100.0
120,HLA-B53:01,25592.34,APF29074,SLQVYGHNYYL,120,101.0
62,HLA-B53:01,25635.34,APF29074,SIFDCFVNFNV,62,102.0
142,HLA-B53:01,26016.99,APF29074,TLLSGVLLVDG,142,103.0
74,HLA-B53:01,26850.72,APF29074,WVFFGFSILMS,74,104.0
129,HLA-B53:01,27257.19,APF29074,YLPVMAAPTGV,129,105.0
114,HLA-B53:01,27321.56,APF29074,ETNAIISLQVY,114,106.0
196,HLA-B53:01,27763.43,APF29074,FYVRAKHGDFS,196,107.0
159,HLA-B53:01,27795.48,APF29074,VQVGQLPKYVI,159,108.0
124,HLA-B53:01,27878.27,APF29074,YGHNYYLPVMA,124,109.0
23,HLA-B53:01,28090.67,APF29074,LILTVFIVVLQ,23,110.0
128,HLA-B53:01,28232.79,APF29074,YYLPVMAAPTG,128,111.0
94,HLA-B53:01,28390.57,APF29074,YFVNSFRLWRR,94,112.0
32,HLA-B53:01,28479.9,APF29074,LQYGHYKYSRL,32,113.0
185,HLA-B53:01,29072.15,APF29074,SVNETSQTGWA,185,114.0
141,HLA-B53:01,29210.0,APF29074,LTLLSGVLLVD,141,115.0
95,HLA-B53:01,29791.14,APF29074,FVNSFRLWRRV,95,116.0
29,HLA-B53:01,29900.68,APF29074,IVVLQYGHYKY,29,117.0
149,HLA-B53:01,30118.3,APF29074,LVDGHKIATRV,149,118.0
205,HLA-B53:01,30365.46,APF29074,FSGVASQEGVL,205,119.0
87,HLA-B53:01,30481.4,APF29074,TLCLWVMYFVN,87,120.0
27,HLA-B53:01,30824.56,APF29074,VFIVVLQYGHY,27,121.0
214,HLA-B53:01,30856.36,APF29074,VLSEREKLLHL,214,122.0
145,HLA-B53:01,30983.43,APF29074,SGVLLVDGHKI,145,123.0
46,HLA-B53:01,31192.43,APF29074,LKMSVLWCLWP,46,124.0
38,HLA-B53:01,31208.3,APF29074,KYSRLLYGLKM,38,125.0
36,HLA-B53:01,31275.3,APF29074,HYKYSRLLYGL,36,126.0
138,HLA-B53:01,31431.54,APF29074,GVTLTLLSGVL,138,127.0
132,HLA-B53:01,31563.35,APF29074,VMAAPTGVTLT,132,128.0
110,HLA-B53:01,31627.77,APF29074,AFNPETNAIIS,110,129.0
6,HLA-B53:01,31858.55,APF29074,PLSEVYVHLRN,6,130.0
98,HLA-B53:01,31862.14,APF29074,SFRLWRRVKTF,98,131.0
102,HLA-B53:01,32071.72,APF29074,WRRVKTFWAFN,102,132.0
63,HLA-B53:01,32506.62,APF29074,IFDCFVNFNVD,63,133.0
121,HLA-B53:01,32739.99,APF29074,LQVYGHNYYLP,121,134.0
157,HLA-B53:01,32804.46,APF29074,TRVQVGQLPKY,157,135.0
33,HLA-B53:01,33080.98,APF29074,QYGHYKYSRLL,33,136.0
68,HLA-B53:01,33128.89,APF29074,VNFNVDWVFFG,68,137.0
160,HLA-B53:01,33135.72,APF29074,QVGQLPKYVIV,160,138.0
127,HLA-B53:01,33143.41,APF29074,NYYLPVMAAPT,127,139.0
211,HLA-B53:01,33657.9,APF29074,QEGVLSEREKL,211,140.0
106,HLA-B53:01,33693.8,APF29074,KTFWAFNPETN,106,141.0
100,HLA-B53:01,33799.26,APF29074,RLWRRVKTFWA,100,142.0
143,HLA-B53:01,34044.88,APF29074,LLSGVLLVDGH,143,143.0
116,HLA-B53:01,34126.32,APF29074,NAIISLQVYGH,116,144.0
41,HLA-B53:01,34164.4,APF29074,RLLYGLKMSVL,41,145.0
115,HLA-B53:01,34400.35,APF29074,TNAIISLQVYG,115,146.0
125,HLA-B53:01,34725.41,APF29074,GHNYYLPVMAA,125,147.0
165,HLA-B53:01,34910.28,APF29074,PKYVIVATPST,165,148.0
105,HLA-B53:01,34927.17,APF29074,VKTFWAFNPET,105,149.0
3,HLA-B53:01,35123.96,APF29074,SSVPLSEVYVH,3,150.0
206,HLA-B53:01,35130.11,APF29074,SGVASQEGVLS,206,151.0
200,HLA-B53:01,35141.54,APF29074,AKHGDFSGVAS,200,152.0
173,HLA-B53:01,35212.22,APF29074,PSTTIVCDRVG,173,153.0
119,HLA-B53:01,35368.61,APF29074,ISLQVYGHNYY,119,154.0
212,HLA-B53:01,35422.62,APF29074,EGVLSEREKLL,212,155.0
179,HLA-B53:01,35433.2,APF29074,CDRVGRSVNET,179,156.0
190,HLA-B53:01,35554.16,APF29074,SQTGWAFYVRA,190,157.0
209,HLA-B53:01,35777.04,APF29074,ASQEGVLSERE,209,158.0
162,HLA-B53:01,35860.61,APF29074,GQLPKYVIVAT,162,159.0
30,HLA-B53:01,36087.87,APF29074,VVLQYGHYKYS,30,160.0
40,HLA-B53:01,36131.76,APF29074,SRLLYGLKMSV,40,161.0
178,HLA-B53:01,36352.02,APF29074,VCDRVGRSVNE,178,162.0
202,HLA-B53:01,36415.23,APF29074,HGDFSGVASQE,202,163.0
195,HLA-B53:01,36433.51,APF29074,AFYVRAKHGDF,195,164.0
171,HLA-B53:01,36765.82,APF29074,ATPSTTIVCDR,171,165.0
163,HLA-B53:01,37212.67,APF29074,QLPKYVIVATP,163,166.0
161,HLA-B53:01,37236.89,APF29074,VGQLPKYVIVA,161,167.0
208,HLA-B53:01,37241.95,APF29074,VASQEGVLSER,208,168.0
104,HLA-B53:01,37409.25,APF29074,RVKTFWAFNPE,104,169.0
147,HLA-B53:01,37581.91,APF29074,VLLVDGHKIAT,147,170.0
207,HLA-B53:01,37845.19,APF29074,GVASQEGVLSE,207,171.0
204,HLA-B53:01,37870.56,APF29074,DFSGVASQEGV,204,172.0
189,HLA-B53:01,38020.4,APF29074,TSQTGWAFYVR,189,173.0
39,HLA-B53:01,38082.98,APF29074,YSRLLYGLKMS,39,174.0
25,HLA-B53:01,38133.07,APF29074,LTVFIVVLQYG,25,175.0
177,HLA-B53:01,38249.44,APF29074,IVCDRVGRSVN,177,176.0
180,HLA-B53:01,38260.83,APF29074,DRVGRSVNETS,180,177.0
126,HLA-B53:01,38283.0,APF29074,HNYYLPVMAAP,126,178.0
144,HLA-B53:01,38416.85,APF29074,LSGVLLVDGHK,144,179.0
148,HLA-B53:01,38624.35,APF29074,LLVDGHKIATR,148,180.0
176,HLA-B53:01,38880.04,APF29074,TIVCDRVGRSV,176,181.0
28,HLA-B53:01,38910.27,APF29074,FIVVLQYGHYK,28,182.0
198,HLA-B53:01,38918.38,APF29074,VRAKHGDFSGV,198,183.0
199,HLA-B53:01,38978.64,APF29074,RAKHGDFSGVA,199,184.0
166,HLA-B53:01,39017.1,APF29074,KYVIVATPSTT,166,185.0
155,HLA-B53:01,39162.02,APF29074,IATRVQVGQLP,155,186.0
26,HLA-B53:01,39266.26,APF29074,TVFIVVLQYGH,26,187.0
146,HLA-B53:01,39332.13,APF29074,GVLLVDGHKIA,146,188.0
31,HLA-B53:01,39367.71,APF29074,VLQYGHYKYSR,31,189.0
35,HLA-B53:01,39424.99,APF29074,GHYKYSRLLYG,35,190.0
210,HLA-B53:01,39612.88,APF29074,SQEGVLSEREK,210,191.0
192,HLA-B53:01,39859.61,APF29074,TGWAFYVRAKH,192,192.0
37,HLA-B53:01,40048.07,APF29074,YKYSRLLYGLK,37,193.0
213,HLA-B53:01,40124.14,APF29074,GVLSEREKLLH,213,194.0
150,HLA-B53:01,40131.21,APF29074,VDGHKIATRVQ,150,195.0
117,HLA-B53:01,40236.4,APF29074,AIISLQVYGHN,117,196.0
182,HLA-B53:01,40454.46,APF29074,VGRSVNETSQT,182,197.0
197,HLA-B53:01,40516.8,APF29074,YVRAKHGDFSG,197,198.0
158,HLA-B53:01,40620.19,APF29074,RVQVGQLPKYV,158,199.0
151,HLA-B53:01,40745.15,APF29074,DGHKIATRVQV,151,200.0
203,HLA-B53:01,40871.19,APF29074,GDFSGVASQEG,203,201.0
97,HLA-B53:01,41011.75,APF29074,NSFRLWRRVKT,97,202.0
201,HLA-B53:01,41033.89,APF29074,KHGDFSGVASQ,201,203.0
183,HLA-B53:01,41045.36,APF29074,GRSVNETSQTG,183,204.0
103,HLA-B53:01,41070.38,APF29074,RRVKTFWAFNP,103,205.0
154,HLA-B53:01,41090.49,APF29074,KIATRVQVGQL,154,206.0
181,HLA-B53:01,41203.73,APF29074,RVGRSVNETSQ,181,207.0
194,HLA-B53:01,41382.95,APF29074,WAFYVRAKHGD,194,208.0
96,HLA-B53:01,41433.35,APF29074,VNSFRLWRRVK,96,209.0
175,HLA-B53:01,41533.5,APF29074,TTIVCDRVGRS,175,210.0
174,HLA-B53:01,41874.18,APF29074,STTIVCDRVGR,174,211.0
152,HLA-B53:01,42240.48,APF29074,GHKIATRVQVG,152,212.0
153,HLA-B53:01,42555.56,APF29074,HKIATRVQVGQ,153,213.0
193,HLA-B53:01,42601.42,APF29074,GWAFYVRAKHG,193,214.0
191,HLA-B53:01,42674.56,APF29074,QTGWAFYVRAK,191,215.0
156,HLA-B53:01,43423.22,APF29074,ATRVQVGQLPK,156,216.0
40,HLA-B08:01,50.16,APF29074,SRLLYGLKMSV,40,1.0
13,HLA-B08:01,92.66,APF29074,HLRNWNFSWNL,13,2.0
98,HLA-B08:01,156.49,APF29074,SFRLWRRVKTF,98,3.0
33,HLA-B08:01,257.95,APF29074,QYGHYKYSRLL,33,4.0
91,HLA-B08:01,385.29,APF29074,WVMYFVNSFRL,91,5.0
120,HLA-B08:01,449.38,APF29074,SLQVYGHNYYL,120,6.0
89,HLA-B08:01,523.57,APF29074,CLWVMYFVNSF,89,7.0
80,HLA-B08:01,564.79,APF29074,SILMSIITLCL,80,8.0
32,HLA-B08:01,1034.43,APF29074,LQYGHYKYSRL,32,9.0
41,HLA-B08:01,1189.42,APF29074,RLLYGLKMSVL,41,10.0
214,HLA-B08:01,1464.37,APF29074,VLSEREKLLHL,214,11.0
100,HLA-B08:01,1500.24,APF29074,RLWRRVKTFWA,100,12.0
122,HLA-B08:01,1730.62,APF29074,QVYGHNYYLPV,122,13.0
82,HLA-B08:01,2177.11,APF29074,LMSIITLCLWV,82,14.0
36,HLA-B08:01,2320.11,APF29074,HYKYSRLLYGL,36,15.0
197,HLA-B08:01,2369.4,APF29074,YVRAKHGDFSG,197,16.0
133,HLA-B08:01,2477.83,APF29074,MAAPTGVTLTL,133,17.0
76,HLA-B08:01,2731.07,APF29074,FFGFSILMSII,76,18.0
44,HLA-B08:01,2821.64,APF29074,YGLKMSVLWCL,44,19.0
22,HLA-B08:01,3033.56,APF29074,NLILTVFIVVL,22,20.0
53,HLA-B08:01,3075.92,APF29074,CLWPLVLALSI,53,21.0
21,HLA-B08:01,3128.21,APF29074,WNLILTVFIVV,21,22.0
47,HLA-B08:01,3192.58,APF29074,KMSVLWCLWPL,47,23.0
38,HLA-B08:01,3693.06,APF29074,KYSRLLYGLKM,38,24.0
101,HLA-B08:01,3894.48,APF29074,LWRRVKTFWAF,101,25.0
51,HLA-B08:01,3965.16,APF29074,LWCLWPLVLAL,51,26.0
54,HLA-B08:01,4373.23,APF29074,LWPLVLALSIF,54,27.0
160,HLA-B08:01,5023.08,APF29074,QVGQLPKYVIV,160,28.0
15,HLA-B08:01,5332.72,APF29074,RNWNFSWNLIL,15,29.0
35,HLA-B08:01,5996.38,APF29074,GHYKYSRLLYG,35,30.0
111,HLA-B08:01,6146.78,APF29074,FNPETNAIISL,111,31.0
83,HLA-B08:01,6182.84,APF29074,MSIITLCLWVM,83,32.0
46,HLA-B08:01,6260.62,APF29074,LKMSVLWCLWP,46,33.0
151,HLA-B08:01,6869.35,APF29074,DGHKIATRVQV,151,34.0
198,HLA-B08:01,6918.24,APF29074,VRAKHGDFSGV,198,35.0
152,HLA-B08:01,7021.74,APF29074,GHKIATRVQVG,152,36.0
39,HLA-B08:01,7231.65,APF29074,YSRLLYGLKMS,39,37.0
212,HLA-B08:01,7595.29,APF29074,EGVLSEREKLL,212,38.0
43,HLA-B08:01,8185.92,APF29074,LYGLKMSVLWC,43,39.0
97,HLA-B08:01,8365.5,APF29074,NSFRLWRRVKT,97,40.0
73,HLA-B08:01,8790.22,APF29074,DWVFFGFSILM,73,41.0
49,HLA-B08:01,9015.87,APF29074,SVLWCLWPLVL,49,42.0
154,HLA-B08:01,9313.23,APF29074,KIATRVQVGQL,154,43.0
199,HLA-B08:01,9824.93,APF29074,RAKHGDFSGVA,199,44.0
20,HLA-B08:01,9964.33,APF29074,SWNLILTVFIV,20,45.0
123,HLA-B08:01,11286.32,APF29074,VYGHNYYLPVM,123,46.0
131,HLA-B08:01,11363.85,APF29074,PVMAAPTGVTL,131,47.0
215,HLA-B08:01,11521.46,APF29074,LSEREKLLHLI,215,48.0
75,HLA-B08:01,11736.77,APF29074,VFFGFSILMSI,75,49.0
72,HLA-B08:01,11790.74,APF29074,VDWVFFGFSIL,72,50.0
48,HLA-B08:01,12629.47,APF29074,MSVLWCLWPLV,48,51.0
0,HLA-B08:01,12771.8,APF29074,MSNSSVPLSEV,0,52.0
95,HLA-B08:01,13320.29,APF29074,FVNSFRLWRRV,95,53.0
164,HLA-B08:01,13321.43,APF29074,LPKYVIVATPS,164,54.0
134,HLA-B08:01,13406.7,APF29074,AAPTGVTLTLL,134,55.0
42,HLA-B08:01,13655.52,APF29074,LLYGLKMSVLW,42,56.0
127,HLA-B08:01,13899.15,APF29074,NYYLPVMAAPT,127,57.0
161,HLA-B08:01,13913.84,APF29074,VGQLPKYVIVA,161,58.0
168,HLA-B08:01,13928.11,APF29074,VIVATPSTTIV,168,59.0
50,HLA-B08:01,13945.68,APF29074,VLWCLWPLVLA,50,60.0
195,HLA-B08:01,14043.35,APF29074,AFYVRAKHGDF,195,61.0
139,HLA-B08:01,14279.26,APF29074,VTLTLLSGVLL,139,62.0
147,HLA-B08:01,14285.31,APF29074,VLLVDGHKIAT,147,63.0
109,HLA-B08:01,14362.11,APF29074,WAFNPETNAII,109,64.0
163,HLA-B08:01,14574.2,APF29074,QLPKYVIVATP,163,65.0
77,HLA-B08:01,14581.72,APF29074,FGFSILMSIIT,77,66.0
205,HLA-B08:01,14593.86,APF29074,FSGVASQEGVL,205,67.0
193,HLA-B08:01,14925.9,APF29074,GWAFYVRAKHG,193,68.0
78,HLA-B08:01,15096.26,APF29074,GFSILMSIITL,78,69.0
138,HLA-B08:01,15130.07,APF29074,GVTLTLLSGVL,138,70.0
99,HLA-B08:01,15153.28,APF29074,FRLWRRVKTFW,99,71.0
9,HLA-B08:01,15429.85,APF29074,EVYVHLRNWNF,9,72.0
30,HLA-B08:01,15512.46,APF29074,VVLQYGHYKYS,30,73.0
159,HLA-B08:01,15796.2,APF29074,VQVGQLPKYVI,159,74.0
18,HLA-B08:01,15817.47,APF29074,NFSWNLILTVF,18,75.0
104,HLA-B08:01,15907.21,APF29074,RVKTFWAFNPE,104,76.0
88,HLA-B08:01,16828.96,APF29074,LCLWVMYFVNS,88,77.0
140,HLA-B08:01,17115.41,APF29074,TLTLLSGVLLV,140,78.0
162,HLA-B08:01,17126.24,APF29074,GQLPKYVIVAT,162,79.0
57,HLA-B08:01,17210.92,APF29074,LVLALSIFDCF,57,80.0
19,HLA-B08:01,17591.68,APF29074,FSWNLILTVFI,19,81.0
149,HLA-B08:01,17794.71,APF29074,LVDGHKIATRV,149,82.0
58,HLA-B08:01,17819.9,APF29074,VLALSIFDCFV,58,83.0
176,HLA-B08:01,17921.5,APF29074,TIVCDRVGRSV,176,84.0
130,HLA-B08:01,18008.96,APF29074,LPVMAAPTGVT,130,85.0
37,HLA-B08:01,18043.71,APF29074,YKYSRLLYGLK,37,86.0
108,HLA-B08:01,18355.81,APF29074,FWAFNPETNAI,108,87.0
129,HLA-B08:01,18408.37,APF29074,YLPVMAAPTGV,129,88.0
17,HLA-B08:01,18627.98,APF29074,WNFSWNLILTV,17,89.0
102,HLA-B08:01,18802.94,APF29074,WRRVKTFWAFN,102,90.0
14,HLA-B08:01,18996.19,APF29074,LRNWNFSWNLI,14,91.0
153,HLA-B08:01,19540.09,APF29074,HKIATRVQVGQ,153,92.0
211,HLA-B08:01,19795.18,APF29074,QEGVLSEREKL,211,93.0
177,HLA-B08:01,19905.33,APF29074,IVCDRVGRSVN,177,94.0
45,HLA-B08:01,20037.92,APF29074,GLKMSVLWCLW,45,95.0
4,HLA-B08:01,20543.63,APF29074,SVPLSEVYVHL,4,96.0
81,HLA-B08:01,21092.2,APF29074,ILMSIITLCLW,81,97.0
34,HLA-B08:01,21156.15,APF29074,YGHYKYSRLLY,34,98.0
137,HLA-B08:01,21264.72,APF29074,TGVTLTLLSGV,137,99.0
52,HLA-B08:01,21697.61,APF29074,WCLWPLVLALS,52,100.0
142,HLA-B08:01,21701.8,APF29074,TLLSGVLLVDG,142,101.0
6,HLA-B08:01,22144.37,APF29074,PLSEVYVHLRN,6,102.0
146,HLA-B08:01,22192.63,APF29074,GVLLVDGHKIA,146,103.0
86,HLA-B08:01,22392.19,APF29074,ITLCLWVMYFV,86,104.0
167,HLA-B08:01,22412.41,APF29074,YVIVATPSTTI,167,105.0
196,HLA-B08:01,22547.5,APF29074,FYVRAKHGDFS,196,106.0
23,HLA-B08:01,22649.98,APF29074,LILTVFIVVLQ,23,107.0
87,HLA-B08:01,22974.54,APF29074,TLCLWVMYFVN,87,108.0
92,HLA-B08:01,23941.37,APF29074,VMYFVNSFRLW,92,109.0
71,HLA-B08:01,24013.23,APF29074,NVDWVFFGFSI,71,110.0
55,HLA-B08:01,24177.41,APF29074,WPLVLALSIFD,55,111.0
141,HLA-B08:01,24294.61,APF29074,LTLLSGVLLVD,141,112.0
59,HLA-B08:01,24360.77,APF29074,LALSIFDCFVN,59,113.0
135,HLA-B08:01,24680.12,APF29074,APTGVTLTLLS,135,114.0
113,HLA-B08:01,24760.27,APF29074,PETNAIISLQV,113,115.0
136,HLA-B08:01,24806.84,APF29074,PTGVTLTLLSG,136,116.0
16,HLA-B08:01,24880.89,APF29074,NWNFSWNLILT,16,117.0
132,HLA-B08:01,24920.22,APF29074,VMAAPTGVTLT,132,118.0
150,HLA-B08:01,25019.52,APF29074,VDGHKIATRVQ,150,119.0
10,HLA-B08:01,25406.47,APF29074,VYVHLRNWNFS,10,120.0
66,HLA-B08:01,25455.63,APF29074,CFVNFNVDWVF,66,121.0
94,HLA-B08:01,25894.46,APF29074,YFVNSFRLWRR,94,122.0
60,HLA-B08:01,26018.57,APF29074,ALSIFDCFVNF,60,123.0
103,HLA-B08:01,26116.94,APF29074,RRVKTFWAFNP,103,124.0
2,HLA-B08:01,26136.92,APF29074,NSSVPLSEVYV,2,125.0
31,HLA-B08:01,26138.41,APF29074,VLQYGHYKYSR,31,126.0
12,HLA-B08:01,26291.63,APF29074,VHLRNWNFSWN,12,127.0
11,HLA-B08:01,26316.67,APF29074,YVHLRNWNFSW,11,128.0
179,HLA-B08:01,26354.62,APF29074,CDRVGRSVNET,179,129.0
178,HLA-B08:01,26409.91,APF29074,VCDRVGRSVNE,178,130.0
65,HLA-B08:01,27013.73,APF29074,DCFVNFNVDWV,65,131.0
121,HLA-B08:01,27252.13,APF29074,LQVYGHNYYLP,121,132.0
209,HLA-B08:01,27519.42,APF29074,ASQEGVLSERE,209,133.0
96,HLA-B08:01,27773.08,APF29074,VNSFRLWRRVK,96,134.0
158,HLA-B08:01,27872.69,APF29074,RVQVGQLPKYV,158,135.0
126,HLA-B08:01,28003.65,APF29074,HNYYLPVMAAP,126,136.0
148,HLA-B08:01,28066.37,APF29074,LLVDGHKIATR,148,137.0
26,HLA-B08:01,28100.26,APF29074,TVFIVVLQYGH,26,138.0
115,HLA-B08:01,28244.02,APF29074,TNAIISLQVYG,115,139.0
165,HLA-B08:01,28480.08,APF29074,PKYVIVATPST,165,140.0
190,HLA-B08:01,28486.5,APF29074,SQTGWAFYVRA,190,141.0
213,HLA-B08:01,28635.3,APF29074,GVLSEREKLLH,213,142.0
186,HLA-B08:01,28642.33,APF29074,VNETSQTGWAF,186,143.0
194,HLA-B08:01,28697.47,APF29074,WAFYVRAKHGD,194,144.0
128,HLA-B08:01,28813.94,APF29074,YYLPVMAAPTG,128,145.0
85,HLA-B08:01,29050.78,APF29074,IITLCLWVMYF,85,146.0
79,HLA-B08:01,29093.94,APF29074,FSILMSIITLC,79,147.0
28,HLA-B08:01,29131.52,APF29074,FIVVLQYGHYK,28,148.0
204,HLA-B08:01,29214.03,APF29074,DFSGVASQEGV,204,149.0
70,HLA-B08:01,29262.68,APF29074,FNVDWVFFGFS,70,150.0
207,HLA-B08:01,29393.88,APF29074,GVASQEGVLSE,207,151.0
67,HLA-B08:01,29491.59,APF29074,FVNFNVDWVFF,67,152.0
188,HLA-B08:01,29563.98,APF29074,ETSQTGWAFYV,188,153.0
124,HLA-B08:01,29565.89,APF29074,YGHNYYLPVMA,124,154.0
25,HLA-B08:01,29609.72,APF29074,LTVFIVVLQYG,25,155.0
8,HLA-B08:01,29669.78,APF29074,SEVYVHLRNWN,8,156.0
74,HLA-B08:01,29721.25,APF29074,WVFFGFSILMS,74,157.0
169,HLA-B08:01,29807.82,APF29074,IVATPSTTIVC,169,158.0
112,HLA-B08:01,30001.67,APF29074,NPETNAIISLQ,112,159.0
93,HLA-B08:01,30060.61,APF29074,MYFVNSFRLWR,93,160.0
202,HLA-B08:01,30222.02,APF29074,HGDFSGVASQE,202,161.0
125,HLA-B08:01,30274.19,APF29074,GHNYYLPVMAA,125,162.0
69,HLA-B08:01,30329.69,APF29074,NFNVDWVFFGF,69,163.0
116,HLA-B08:01,30341.47,APF29074,NAIISLQVYGH,116,164.0
180,HLA-B08:01,30396.33,APF29074,DRVGRSVNETS,180,165.0
117,HLA-B08:01,30415.95,APF29074,AIISLQVYGHN,117,166.0
172,HLA-B08:01,30497.62,APF29074,TPSTTIVCDRV,172,167.0
7,HLA-B08:01,30720.27,APF29074,LSEVYVHLRNW,7,168.0
155,HLA-B08:01,31037.68,APF29074,IATRVQVGQLP,155,169.0
62,HLA-B08:01,31044.72,APF29074,SIFDCFVNFNV,62,170.0
200,HLA-B08:01,31082.26,APF29074,AKHGDFSGVAS,200,171.0
192,HLA-B08:01,31166.58,APF29074,TGWAFYVRAKH,192,172.0
56,HLA-B08:01,31288.92,APF29074,PLVLALSIFDC,56,173.0
189,HLA-B08:01,31573.79,APF29074,TSQTGWAFYVR,189,174.0
182,HLA-B08:01,31648.96,APF29074,VGRSVNETSQT,182,175.0
64,HLA-B08:01,31701.35,APF29074,FDCFVNFNVDW,64,176.0
183,HLA-B08:01,31894.45,APF29074,GRSVNETSQTG,183,177.0
1,HLA-B08:01,31898.57,APF29074,SNSSVPLSEVY,1,178.0
145,HLA-B08:01,31969.5,APF29074,SGVLLVDGHKI,145,179.0
5,HLA-B08:01,32023.08,APF29074,VPLSEVYVHLR,5,180.0
166,HLA-B08:01,32222.57,APF29074,KYVIVATPSTT,166,181.0
3,HLA-B08:01,32320.35,APF29074,SSVPLSEVYVH,3,182.0
173,HLA-B08:01,32561.31,APF29074,PSTTIVCDRVG,173,183.0
110,HLA-B08:01,32822.67,APF29074,AFNPETNAIIS,110,184.0
105,HLA-B08:01,32835.99,APF29074,VKTFWAFNPET,105,185.0
206,HLA-B08:01,33013.78,APF29074,SGVASQEGVLS,206,186.0
114,HLA-B08:01,33183.58,APF29074,ETNAIISLQVY,114,187.0
175,HLA-B08:01,33485.66,APF29074,TTIVCDRVGRS,175,188.0
24,HLA-B08:01,33710.64,APF29074,ILTVFIVVLQY,24,189.0
90,HLA-B08:01,33915.99,APF29074,LWVMYFVNSFR,90,190.0
191,HLA-B08:01,34120.63,APF29074,QTGWAFYVRAK,191,191.0
181,HLA-B08:01,34175.31,APF29074,RVGRSVNETSQ,181,192.0
106,HLA-B08:01,34291.39,APF29074,KTFWAFNPETN,106,193.0
143,HLA-B08:01,34402.9,APF29074,LLSGVLLVDGH,143,194.0
61,HLA-B08:01,35009.5,APF29074,LSIFDCFVNFN,61,195.0
208,HLA-B08:01,35289.59,APF29074,VASQEGVLSER,208,196.0
84,HLA-B08:01,35353.65,APF29074,SIITLCLWVMY,84,197.0
210,HLA-B08:01,35370.43,APF29074,SQEGVLSEREK,210,198.0
185,HLA-B08:01,35524.45,APF29074,SVNETSQTGWA,185,199.0
68,HLA-B08:01,35692.9,APF29074,VNFNVDWVFFG,68,200.0
201,HLA-B08:01,35809.15,APF29074,KHGDFSGVASQ,201,201.0
107,HLA-B08:01,35823.08,APF29074,TFWAFNPETNA,107,202.0
170,HLA-B08:01,35851.84,APF29074,VATPSTTIVCD,170,203.0
63,HLA-B08:01,36093.35,APF29074,IFDCFVNFNVD,63,204.0
144,HLA-B08:01,36115.27,APF29074,LSGVLLVDGHK,144,205.0
27,HLA-B08:01,36340.95,APF29074,VFIVVLQYGHY,27,206.0
174,HLA-B08:01,36367.23,APF29074,STTIVCDRVGR,174,207.0
184,HLA-B08:01,36376.25,APF29074,RSVNETSQTGW,184,208.0
156,HLA-B08:01,36553.35,APF29074,ATRVQVGQLPK,156,209.0
171,HLA-B08:01,36612.99,APF29074,ATPSTTIVCDR,171,210.0
203,HLA-B08:01,37278.03,APF29074,GDFSGVASQEG,203,211.0
29,HLA-B08:01,37496.13,APF29074,IVVLQYGHYKY,29,212.0
118,HLA-B08:01,37739.58,APF29074,IISLQVYGHNY,118,213.0
187,HLA-B08:01,38183.95,APF29074,NETSQTGWAFY,187,214.0
119,HLA-B08:01,38329.75,APF29074,ISLQVYGHNYY,119,215.0
157,HLA-B08:01,38672.58,APF29074,TRVQVGQLPKY,157,216.0
55,HLA-DRB101:01,14.12,APF29074,WPLVLALSIFD,55,1.0
141,HLA-DRB101:01,17.18,APF29074,LTLLSGVLLVD,141,2.0
96,HLA-DRB101:01,57.25,APF29074,VNSFRLWRRVK,96,3.0
166,HLA-DRB101:01,109.11,APF29074,KYVIVATPSTT,166,4.0
56,HLA-DRB101:01,145.5,APF29074,PLVLALSIFDC,56,5.0
42,HLA-DRB101:01,156.25,APF29074,LLYGLKMSVLW,42,6.0
38,HLA-DRB101:01,161.35,APF29074,KYSRLLYGLKM,38,7.0
126,HLA-DRB101:01,200.38,APF29074,HNYYLPVMAAP,126,8.0
142,HLA-DRB101:01,210.05,APF29074,TLLSGVLLVDG,142,9.0
95,HLA-DRB101:01,218.09,APF29074,FVNSFRLWRRV,95,10.0
53,HLA-DRB101:01,218.52,APF29074,CLWPLVLALSI,53,11.0
41,HLA-DRB101:01,235.67,APF29074,RLLYGLKMSVL,41,12.0
93,HLA-DRB101:01,273.89,APF29074,MYFVNSFRLWR,93,13.0
82,HLA-DRB101:01,279.39,APF29074,LMSIITLCLWV,82,14.0
127,HLA-DRB101:01,283.31,APF29074,NYYLPVMAAPT,127,15.0
130,HLA-DRB101:01,283.36,APF29074,LPVMAAPTGVT,130,16.0
92,HLA-DRB101:01,306.08,APF29074,VMYFVNSFRLW,92,17.0
84,HLA-DRB101:01,357.29,APF29074,SIITLCLWVMY,84,18.0
131,HLA-DRB101:01,358.58,APF29074,PVMAAPTGVTL,131,19.0
132,HLA-DRB101:01,384.85,APF29074,VMAAPTGVTLT,132,20.0
40,HLA-DRB101:01,387.29,APF29074,SRLLYGLKMSV,40,21.0
94,HLA-DRB101:01,387.95,APF29074,YFVNSFRLWRR,94,22.0
140,HLA-DRB101:01,395.63,APF29074,TLTLLSGVLLV,140,23.0
97,HLA-DRB101:01,407.75,APF29074,NSFRLWRRVKT,97,24.0
83,HLA-DRB101:01,410.15,APF29074,MSIITLCLWVM,83,25.0
129,HLA-DRB101:01,459.89,APF29074,YLPVMAAPTGV,129,26.0
125,HLA-DRB101:01,571.23,APF29074,GHNYYLPVMAA,125,27.0
4,HLA-DRB101:01,574.91,APF29074,SVPLSEVYVHL,4,28.0
22,HLA-DRB101:01,614.49,APF29074,NLILTVFIVVL,22,29.0
100,HLA-DRB101:01,620.0,APF29074,RLWRRVKTFWA,100,30.0
75,HLA-DRB101:01,629.41,APF29074,VFFGFSILMSI,75,31.0
167,HLA-DRB101:01,641.9,APF29074,YVIVATPSTTI,167,32.0
133,HLA-DRB101:01,646.79,APF29074,MAAPTGVTLTL,133,33.0
205,HLA-DRB101:01,652.0,APF29074,FSGVASQEGVL,205,34.0
158,HLA-DRB101:01,690.87,APF29074,RVQVGQLPKYV,158,35.0
5,HLA-DRB101:01,716.26,APF29074,VPLSEVYVHLR,5,36.0
195,HLA-DRB101:01,746.07,APF29074,AFYVRAKHGDF,195,37.0
159,HLA-DRB101:01,761.03,APF29074,VQVGQLPKYVI,159,38.0
165,HLA-DRB101:01,763.95,APF29074,PKYVIVATPST,165,39.0
153,HLA-DRB101:01,801.59,APF29074,HKIATRVQVGQ,153,40.0
137,HLA-DRB101:01,804.07,APF29074,TGVTLTLLSGV,137,41.0
76,HLA-DRB101:01,856.37,APF29074,FFGFSILMSII,76,42.0
214,HLA-DRB101:01,892.42,APF29074,VLSEREKLLHL,214,43.0
36,HLA-DRB101:01,894.46,APF29074,HYKYSRLLYGL,36,44.0
14,HLA-DRB101:01,916.91,APF29074,LRNWNFSWNLI,14,45.0
37,HLA-DRB101:01,976.09,APF29074,YKYSRLLYGLK,37,46.0
81,HLA-DRB101:01,990.64,APF29074,ILMSIITLCLW,81,47.0
48,HLA-DRB101:01,1010.04,APF29074,MSVLWCLWPLV,48,48.0
196,HLA-DRB101:01,1041.99,APF29074,FYVRAKHGDFS,196,49.0
146,HLA-DRB101:01,1058.01,APF29074,GVLLVDGHKIA,146,50.0
99,HLA-DRB101:01,1077.35,APF29074,FRLWRRVKTFW,99,51.0
16,HLA-DRB101:01,1107.57,APF29074,NWNFSWNLILT,16,52.0
24,HLA-DRB101:01,1111.71,APF29074,ILTVFIVVLQY,24,53.0
194,HLA-DRB101:01,1144.51,APF29074,WAFYVRAKHGD,194,54.0
154,HLA-DRB101:01,1192.38,APF29074,KIATRVQVGQL,154,55.0
134,HLA-DRB101:01,1198.81,APF29074,AAPTGVTLTLL,134,56.0
86,HLA-DRB101:01,1204.51,APF29074,ITLCLWVMYFV,86,57.0
189,HLA-DRB101:01,1214.26,APF29074,TSQTGWAFYVR,189,58.0
108,HLA-DRB101:01,1240.55,APF29074,FWAFNPETNAI,108,59.0
138,HLA-DRB101:01,1249.57,APF29074,GVTLTLLSGVL,138,60.0
78,HLA-DRB101:01,1250.6,APF29074,GFSILMSIITL,78,61.0
39,HLA-DRB101:01,1295.61,APF29074,YSRLLYGLKMS,39,62.0
160,HLA-DRB101:01,1338.03,APF29074,QVGQLPKYVIV,160,63.0
44,HLA-DRB101:01,1361.43,APF29074,YGLKMSVLWCL,44,64.0
169,HLA-DRB101:01,1391.67,APF29074,IVATPSTTIVC,169,65.0
136,HLA-DRB101:01,1396.94,APF29074,PTGVTLTLLSG,136,66.0
135,HLA-DRB101:01,1443.11,APF29074,APTGVTLTLLS,135,67.0
45,HLA-DRB101:01,1478.8,APF29074,GLKMSVLWCLW,45,68.0
26,HLA-DRB101:01,1517.14,APF29074,TVFIVVLQYGH,26,69.0
54,HLA-DRB101:01,1583.6,APF29074,LWPLVLALSIF,54,70.0
98,HLA-DRB101:01,1609.04,APF29074,SFRLWRRVKTF,98,71.0
47,HLA-DRB101:01,1671.88,APF29074,KMSVLWCLWPL,47,72.0
57,HLA-DRB101:01,1765.46,APF29074,LVLALSIFDCF,57,73.0
113,HLA-DRB101:01,1832.17,APF29074,PETNAIISLQV,113,74.0
71,HLA-DRB101:01,1881.5,APF29074,NVDWVFFGFSI,71,75.0
51,HLA-DRB101:01,1917.98,APF29074,LWCLWPLVLAL,51,76.0
50,HLA-DRB101:01,1958.39,APF29074,VLWCLWPLVLA,50,77.0
168,HLA-DRB101:01,1987.24,APF29074,VIVATPSTTIV,168,78.0
20,HLA-DRB101:01,2000.65,APF29074,SWNLILTVFIV,20,79.0
139,HLA-DRB101:01,2045.57,APF29074,VTLTLLSGVLL,139,80.0
143,HLA-DRB101:01,2074.72,APF29074,LLSGVLLVDGH,143,81.0
11,HLA-DRB101:01,2078.2,APF29074,YVHLRNWNFSW,11,82.0
204,HLA-DRB101:01,2096.4,APF29074,DFSGVASQEGV,204,83.0
145,HLA-DRB101:01,2136.51,APF29074,SGVLLVDGHKI,145,84.0
212,HLA-DRB101:01,2167.13,APF29074,EGVLSEREKLL,212,85.0
27,HLA-DRB101:01,2222.08,APF29074,VFIVVLQYGHY,27,86.0
19,HLA-DRB101:01,2225.0,APF29074,FSWNLILTVFI,19,87.0
73,HLA-DRB101:01,2246.38,APF29074,DWVFFGFSILM,73,88.0
128,HLA-DRB101:01,2273.53,APF29074,YYLPVMAAPTG,128,89.0
15,HLA-DRB101:01,2353.24,APF29074,RNWNFSWNLIL,15,90.0
151,HLA-DRB101:01,2409.15,APF29074,DGHKIATRVQV,151,91.0
0,HLA-DRB101:01,2421.12,APF29074,MSNSSVPLSEV,0,92.0
91,HLA-DRB101:01,2464.09,APF29074,WVMYFVNSFRL,91,93.0
207,HLA-DRB101:01,2637.7,APF29074,GVASQEGVLSE,207,94.0
77,HLA-DRB101:01,2763.89,APF29074,FGFSILMSIIT,77,95.0
21,HLA-DRB101:01,2775.45,APF29074,WNLILTVFIVV,21,96.0
85,HLA-DRB101:01,2833.95,APF29074,IITLCLWVMYF,85,97.0
31,HLA-DRB101:01,2946.32,APF29074,VLQYGHYKYSR,31,98.0
197,HLA-DRB101:01,2969.14,APF29074,YVRAKHGDFSG,197,99.0
17,HLA-DRB101:01,2984.9,APF29074,WNFSWNLILTV,17,100.0
43,HLA-DRB101:01,3109.55,APF29074,LYGLKMSVLWC,43,101.0
10,HLA-DRB101:01,3143.21,APF29074,VYVHLRNWNFS,10,102.0
190,HLA-DRB101:01,3151.12,APF29074,SQTGWAFYVRA,190,103.0
122,HLA-DRB101:01,3387.09,APF29074,QVYGHNYYLPV,122,104.0
65,HLA-DRB101:01,3419.67,APF29074,DCFVNFNVDWV,65,105.0
58,HLA-DRB101:01,3452.66,APF29074,VLALSIFDCFV,58,106.0
105,HLA-DRB101:01,3510.14,APF29074,VKTFWAFNPET,105,107.0
23,HLA-DRB101:01,3515.9,APF29074,LILTVFIVVLQ,23,108.0
33,HLA-DRB101:01,3618.81,APF29074,QYGHYKYSRLL,33,109.0
13,HLA-DRB101:01,3655.13,APF29074,HLRNWNFSWNL,13,110.0
35,HLA-DRB101:01,3688.92,APF29074,GHYKYSRLLYG,35,111.0
9,HLA-DRB101:01,3780.64,APF29074,EVYVHLRNWNF,9,112.0
215,HLA-DRB101:01,3787.22,APF29074,LSEREKLLHLI,215,113.0
213,HLA-DRB101:01,3806.32,APF29074,GVLSEREKLLH,213,114.0
2,HLA-DRB101:01,3808.94,APF29074,NSSVPLSEVYV,2,115.0
193,HLA-DRB101:01,3816.36,APF29074,GWAFYVRAKHG,193,116.0
152,HLA-DRB101:01,3856.25,APF29074,GHKIATRVQVG,152,117.0
161,HLA-DRB101:01,3884.86,APF29074,VGQLPKYVIVA,161,118.0
203,HLA-DRB101:01,4011.77,APF29074,GDFSGVASQEG,203,119.0
52,HLA-DRB101:01,4113.46,APF29074,WCLWPLVLALS,52,120.0
107,HLA-DRB101:01,4285.56,APF29074,TFWAFNPETNA,107,121.0
172,HLA-DRB101:01,4410.0,APF29074,TPSTTIVCDRV,172,122.0
187,HLA-DRB101:01,4505.89,APF29074,NETSQTGWAFY,187,123.0
115,HLA-DRB101:01,4581.65,APF29074,TNAIISLQVYG,115,124.0
170,HLA-DRB101:01,4601.06,APF29074,VATPSTTIVCD,170,125.0
101,HLA-DRB101:01,4617.58,APF29074,LWRRVKTFWAF,101,126.0
147,HLA-DRB101:01,4700.16,APF29074,VLLVDGHKIAT,147,127.0
18,HLA-DRB101:01,4700.57,APF29074,NFSWNLILTVF,18,128.0
66,HLA-DRB101:01,4754.79,APF29074,CFVNFNVDWVF,66,129.0
74,HLA-DRB101:01,4763.97,APF29074,WVFFGFSILMS,74,130.0
171,HLA-DRB101:01,4805.6,APF29074,ATPSTTIVCDR,171,131.0
109,HLA-DRB101:01,4852.12,APF29074,WAFNPETNAII,109,132.0
87,HLA-DRB101:01,4910.6,APF29074,TLCLWVMYFVN,87,133.0
25,HLA-DRB101:01,5092.33,APF29074,LTVFIVVLQYG,25,134.0
124,HLA-DRB101:01,5112.55,APF29074,YGHNYYLPVMA,124,135.0
116,HLA-DRB101:01,5195.29,APF29074,NAIISLQVYGH,116,136.0
120,HLA-DRB101:01,5648.63,APF29074,SLQVYGHNYYL,120,137.0
202,HLA-DRB101:01,5685.88,APF29074,HGDFSGVASQE,202,138.0
206,HLA-DRB101:01,5703.7,APF29074,SGVASQEGVLS,206,139.0
114,HLA-DRB101:01,5724.38,APF29074,ETNAIISLQVY,114,140.0
174,HLA-DRB101:01,5831.27,APF29074,STTIVCDRVGR,174,141.0
163,HLA-DRB101:01,5930.06,APF29074,QLPKYVIVATP,163,142.0
3,HLA-DRB101:01,5938.38,APF29074,SSVPLSEVYVH,3,143.0
211,HLA-DRB101:01,6036.78,APF29074,QEGVLSEREKL,211,144.0
28,HLA-DRB101:01,6047.78,APF29074,FIVVLQYGHYK,28,145.0
150,HLA-DRB101:01,6051.8,APF29074,VDGHKIATRVQ,150,146.0
80,HLA-DRB101:01,6208.44,APF29074,SILMSIITLCL,80,147.0
155,HLA-DRB101:01,6241.18,APF29074,IATRVQVGQLP,155,148.0
121,HLA-DRB101:01,6345.04,APF29074,LQVYGHNYYLP,121,149.0
88,HLA-DRB101:01,6425.91,APF29074,LCLWVMYFVNS,88,150.0
62,HLA-DRB101:01,6467.42,APF29074,SIFDCFVNFNV,62,151.0
102,HLA-DRB101:01,6702.88,APF29074,WRRVKTFWAFN,102,152.0
30,HLA-DRB101:01,6883.05,APF29074,VVLQYGHYKYS,30,153.0
110,HLA-DRB101:01,6896.41,APF29074,AFNPETNAIIS,110,154.0
6,HLA-DRB101:01,6963.81,APF29074,PLSEVYVHLRN,6,155.0
162,HLA-DRB101:01,7018.36,APF29074,GQLPKYVIVAT,162,156.0
34,HLA-DRB101:01,7029.52,APF29074,YGHYKYSRLLY,34,157.0
49,HLA-DRB101:01,7033.98,APF29074,SVLWCLWPLVL,49,158.0
7,HLA-DRB101:01,7460.41,APF29074,LSEVYVHLRNW,7,159.0
186,HLA-DRB101:01,7500.25,APF29074,VNETSQTGWAF,186,160.0
173,HLA-DRB101:01,7537.01,APF29074,PSTTIVCDRVG,173,161.0
188,HLA-DRB101:01,7580.77,APF29074,ETSQTGWAFYV,188,162.0
79,HLA-DRB101:01,7850.84,APF29074,FSILMSIITLC,79,163.0
176,HLA-DRB101:01,8446.49,APF29074,TIVCDRVGRSV,176,164.0
111,HLA-DRB101:01,8511.54,APF29074,FNPETNAIISL,111,165.0
177,HLA-DRB101:01,8685.51,APF29074,IVCDRVGRSVN,177,166.0
157,HLA-DRB101:01,8904.47,APF29074,TRVQVGQLPKY,157,167.0
67,HLA-DRB101:01,8947.29,APF29074,FVNFNVDWVFF,67,168.0
1,HLA-DRB101:01,9033.92,APF29074,SNSSVPLSEVY,1,169.0
178,HLA-DRB101:01,9089.3,APF29074,VCDRVGRSVNE,178,170.0
32,HLA-DRB101:01,9166.33,APF29074,LQYGHYKYSRL,32,171.0
103,HLA-DRB101:01,9192.2,APF29074,RRVKTFWAFNP,103,172.0
201,HLA-DRB101:01,9369.01,APF29074,KHGDFSGVASQ,201,173.0
29,HLA-DRB101:01,10173.12,APF29074,IVVLQYGHYKY,29,174.0
59,HLA-DRB101:01,10347.12,APF29074,LALSIFDCFVN,59,175.0
156,HLA-DRB101:01,10385.67,APF29074,ATRVQVGQLPK,156,176.0
63,HLA-DRB101:01,10588.93,APF29074,IFDCFVNFNVD,63,177.0
198,HLA-DRB101:01,10789.49,APF29074,VRAKHGDFSGV,198,178.0
60,HLA-DRB101:01,10878.64,APF29074,ALSIFDCFVNF,60,179.0
112,HLA-DRB101:01,10881.11,APF29074,NPETNAIISLQ,112,180.0
179,HLA-DRB101:01,10992.53,APF29074,CDRVGRSVNET,179,181.0
68,HLA-DRB101:01,11515.73,APF29074,VNFNVDWVFFG,68,182.0
46,HLA-DRB101:01,11658.1,APF29074,LKMSVLWCLWP,46,183.0
144,HLA-DRB101:01,11906.77,APF29074,LSGVLLVDGHK,144,184.0
182,HLA-DRB101:01,12052.06,APF29074,VGRSVNETSQT,182,185.0
8,HLA-DRB101:01,12258.27,APF29074,SEVYVHLRNWN,8,186.0
181,HLA-DRB101:01,12258.87,APF29074,RVGRSVNETSQ,181,187.0
106,HLA-DRB101:01,12303.5,APF29074,KTFWAFNPETN,106,188.0
72,HLA-DRB101:01,12347.69,APF29074,VDWVFFGFSIL,72,189.0
164,HLA-DRB101:01,12629.53,APF29074,LPKYVIVATPS,164,190.0
208,HLA-DRB101:01,12644.59,APF29074,VASQEGVLSER,208,191.0
185,HLA-DRB101:01,12654.99,APF29074,SVNETSQTGWA,185,192.0
64,HLA-DRB101:01,12696.55,APF29074,FDCFVNFNVDW,64,193.0
90,HLA-DRB101:01,12831.8,APF29074,LWVMYFVNSFR,90,194.0
12,HLA-DRB101:01,13154.77,APF29074,VHLRNWNFSWN,12,195.0
199,HLA-DRB101:01,13330.48,APF29074,RAKHGDFSGVA,199,196.0
104,HLA-DRB101:01,13873.01,APF29074,RVKTFWAFNPE,104,197.0
184,HLA-DRB101:01,14361.34,APF29074,RSVNETSQTGW,184,198.0
69,HLA-DRB101:01,14438.8,APF29074,NFNVDWVFFGF,69,199.0
149,HLA-DRB101:01,15172.02,APF29074,LVDGHKIATRV,149,200.0
175,HLA-DRB101:01,15237.59,APF29074,TTIVCDRVGRS,175,201.0
117,HLA-DRB101:01,15358.69,APF29074,AIISLQVYGHN,117,202.0
200,HLA-DRB101:01,15385.1,APF29074,AKHGDFSGVAS,200,203.0
123,HLA-DRB101:01,15418.76,APF29074,VYGHNYYLPVM,123,204.0
191,HLA-DRB101:01,15838.77,APF29074,QTGWAFYVRAK,191,205.0
70,HLA-DRB101:01,16136.43,APF29074,FNVDWVFFGFS,70,206.0
148,HLA-DRB101:01,16164.56,APF29074,LLVDGHKIATR,148,207.0
118,HLA-DRB101:01,16679.56,APF29074,IISLQVYGHNY,118,208.0
89,HLA-DRB101:01,16751.14,APF29074,CLWVMYFVNSF,89,209.0
209,HLA-DRB101:01,19924.66,APF29074,ASQEGVLSERE,209,210.0
180,HLA-DRB101:01,19981.15,APF29074,DRVGRSVNETS,180,211.0
119,HLA-DRB101:01,20326.49,APF29074,ISLQVYGHNYY,119,212.0
183,HLA-DRB101:01,22846.5,APF29074,GRSVNETSQTG,183,213.0
210,HLA-DRB101:01,23179.52,APF29074,SQEGVLSEREK,210,214.0
61,HLA-DRB101:01,23534.01,APF29074,LSIFDCFVNFN,61,215.0
192,HLA-DRB101:01,28490.34,APF29074,TGWAFYVRAKH,192,216.0
55,HLA-DRB115:01,47.2,APF29074,WPLVLALSIFD,55,1.0
31,HLA-DRB115:01,88.05,APF29074,VLQYGHYKYSR,31,2.0
41,HLA-DRB115:01,89.67,APF29074,RLLYGLKMSVL,41,3.0
38,HLA-DRB115:01,104.83,APF29074,KYSRLLYGLKM,38,4.0
96,HLA-DRB115:01,108.64,APF29074,VNSFRLWRRVK,96,5.0
99,HLA-DRB115:01,113.82,APF29074,FRLWRRVKTFW,99,6.0
9,HLA-DRB115:01,115.25,APF29074,EVYVHLRNWNF,9,7.0
120,HLA-DRB115:01,119.38,APF29074,SLQVYGHNYYL,120,8.0
100,HLA-DRB115:01,132.21,APF29074,RLWRRVKTFWA,100,9.0
33,HLA-DRB115:01,136.46,APF29074,QYGHYKYSRLL,33,10.0
93,HLA-DRB115:01,160.61,APF29074,MYFVNSFRLWR,93,11.0
34,HLA-DRB115:01,171.85,APF29074,YGHYKYSRLLY,34,12.0
98,HLA-DRB115:01,183.78,APF29074,SFRLWRRVKTF,98,13.0
32,HLA-DRB115:01,185.07,APF29074,LQYGHYKYSRL,32,14.0
138,HLA-DRB115:01,186.49,APF29074,GVTLTLLSGVL,138,15.0
83,HLA-DRB115:01,196.28,APF29074,MSIITLCLWVM,83,16.0
92,HLA-DRB115:01,217.24,APF29074,VMYFVNSFRLW,92,17.0
56,HLA-DRB115:01,239.14,APF29074,PLVLALSIFDC,56,18.0
40,HLA-DRB115:01,253.94,APF29074,SRLLYGLKMSV,40,19.0
84,HLA-DRB115:01,256.58,APF29074,SIITLCLWVMY,84,20.0
29,HLA-DRB115:01,292.65,APF29074,IVVLQYGHYKY,29,21.0
119,HLA-DRB115:01,293.17,APF29074,ISLQVYGHNYY,119,22.0
89,HLA-DRB115:01,310.26,APF29074,CLWVMYFVNSF,89,23.0
4,HLA-DRB115:01,318.77,APF29074,SVPLSEVYVHL,4,24.0
102,HLA-DRB115:01,331.09,APF29074,WRRVKTFWAFN,102,25.0
90,HLA-DRB115:01,343.44,APF29074,LWVMYFVNSFR,90,26.0
11,HLA-DRB115:01,347.82,APF29074,YVHLRNWNFSW,11,27.0
91,HLA-DRB115:01,362.87,APF29074,WVMYFVNSFRL,91,28.0
193,HLA-DRB115:01,370.89,APF29074,GWAFYVRAKHG,193,29.0
30,HLA-DRB115:01,381.96,APF29074,VVLQYGHYKYS,30,30.0
53,HLA-DRB115:01,390.57,APF29074,CLWPLVLALSI,53,31.0
10,HLA-DRB115:01,427.52,APF29074,VYVHLRNWNFS,10,32.0
118,HLA-DRB115:01,429.87,APF29074,IISLQVYGHNY,118,33.0
35,HLA-DRB115:01,460.0,APF29074,GHYKYSRLLYG,35,34.0
78,HLA-DRB115:01,501.44,APF29074,GFSILMSIITL,78,35.0
94,HLA-DRB115:01,507.24,APF29074,YFVNSFRLWRR,94,36.0
71,HLA-DRB115:01,517.73,APF29074,NVDWVFFGFSI,71,37.0
76,HLA-DRB115:01,569.58,APF29074,FFGFSILMSII,76,38.0
75,HLA-DRB115:01,580.56,APF29074,VFFGFSILMSI,75,39.0
189,HLA-DRB115:01,582.28,APF29074,TSQTGWAFYVR,189,40.0
140,HLA-DRB115:01,586.36,APF29074,TLTLLSGVLLV,140,41.0
82,HLA-DRB115:01,600.68,APF29074,LMSIITLCLWV,82,42.0
39,HLA-DRB115:01,600.99,APF29074,YSRLLYGLKMS,39,43.0
190,HLA-DRB115:01,602.15,APF29074,SQTGWAFYVRA,190,44.0
36,HLA-DRB115:01,635.32,APF29074,HYKYSRLLYGL,36,45.0
57,HLA-DRB115:01,650.65,APF29074,LVLALSIFDCF,57,46.0
101,HLA-DRB115:01,661.45,APF29074,LWRRVKTFWAF,101,47.0
97,HLA-DRB115:01,672.7,APF29074,NSFRLWRRVKT,97,48.0
141,HLA-DRB115:01,674.1,APF29074,LTLLSGVLLVD,141,49.0
13,HLA-DRB115:01,768.11,APF29074,HLRNWNFSWNL,13,50.0
42,HLA-DRB115:01,784.56,APF29074,LLYGLKMSVLW,42,51.0
103,HLA-DRB115:01,790.13,APF29074,RRVKTFWAFNP,103,52.0
73,HLA-DRB115:01,808.78,APF29074,DWVFFGFSILM,73,53.0
37,HLA-DRB115:01,860.44,APF29074,YKYSRLLYGLK,37,54.0
146,HLA-DRB115:01,907.64,APF29074,GVLLVDGHKIA,146,55.0
49,HLA-DRB115:01,929.38,APF29074,SVLWCLWPLVL,49,56.0
136,HLA-DRB115:01,945.56,APF29074,PTGVTLTLLSG,136,57.0
72,HLA-DRB115:01,1015.9,APF29074,VDWVFFGFSIL,72,58.0
48,HLA-DRB115:01,1033.14,APF29074,MSVLWCLWPLV,48,59.0
143,HLA-DRB115:01,1064.55,APF29074,LLSGVLLVDGH,143,60.0
58,HLA-DRB115:01,1121.14,APF29074,VLALSIFDCFV,58,61.0
194,HLA-DRB115:01,1122.12,APF29074,WAFYVRAKHGD,194,62.0
137,HLA-DRB115:01,1137.21,APF29074,TGVTLTLLSGV,137,63.0
121,HLA-DRB115:01,1282.97,APF29074,LQVYGHNYYLP,121,64.0
54,HLA-DRB115:01,1334.58,APF29074,LWPLVLALSIF,54,65.0
158,HLA-DRB115:01,1353.69,APF29074,RVQVGQLPKYV,158,66.0
159,HLA-DRB115:01,1363.97,APF29074,VQVGQLPKYVI,159,67.0
22,HLA-DRB115:01,1397.6,APF29074,NLILTVFIVVL,22,68.0
74,HLA-DRB115:01,1444.19,APF29074,WVFFGFSILMS,74,69.0
195,HLA-DRB115:01,1504.67,APF29074,AFYVRAKHGDF,195,70.0
87,HLA-DRB115:01,1550.22,APF29074,TLCLWVMYFVN,87,71.0
104,HLA-DRB115:01,1619.64,APF29074,RVKTFWAFNPE,104,72.0
191,HLA-DRB115:01,1622.07,APF29074,QTGWAFYVRAK,191,73.0
26,HLA-DRB115:01,1654.97,APF29074,TVFIVVLQYGH,26,74.0
122,HLA-DRB115:01,1690.67,APF29074,QVYGHNYYLPV,122,75.0
161,HLA-DRB115:01,1867.56,APF29074,VGQLPKYVIVA,161,76.0
88,HLA-DRB115:01,1874.22,APF29074,LCLWVMYFVNS,88,77.0
169,HLA-DRB115:01,1885.37,APF29074,IVATPSTTIVC,169,78.0
47,HLA-DRB115:01,1891.28,APF29074,KMSVLWCLWPL,47,79.0
145,HLA-DRB115:01,1909.74,APF29074,SGVLLVDGHKI,145,80.0
12,HLA-DRB115:01,1921.55,APF29074,VHLRNWNFSWN,12,81.0
123,HLA-DRB115:01,1932.66,APF29074,VYGHNYYLPVM,123,82.0
95,HLA-DRB115:01,1972.23,APF29074,FVNSFRLWRRV,95,83.0
142,HLA-DRB115:01,2026.05,APF29074,TLLSGVLLVDG,142,84.0
27,HLA-DRB115:01,2028.44,APF29074,VFIVVLQYGHY,27,85.0
85,HLA-DRB115:01,2049.75,APF29074,IITLCLWVMYF,85,86.0
139,HLA-DRB115:01,2060.68,APF29074,VTLTLLSGVLL,139,87.0
14,HLA-DRB115:01,2104.93,APF29074,LRNWNFSWNLI,14,88.0
63,HLA-DRB115:01,2114.66,APF29074,IFDCFVNFNVD,63,89.0
5,HLA-DRB115:01,2124.89,APF29074,VPLSEVYVHLR,5,90.0
50,HLA-DRB115:01,2149.53,APF29074,VLWCLWPLVLA,50,91.0
8,HLA-DRB115:01,2243.46,APF29074,SEVYVHLRNWN,8,92.0
60,HLA-DRB115:01,2310.58,APF29074,ALSIFDCFVNF,60,93.0
52,HLA-DRB115:01,2464.93,APF29074,WCLWPLVLALS,52,94.0
86,HLA-DRB115:01,2507.55,APF29074,ITLCLWVMYFV,86,95.0
167,HLA-DRB115:01,2561.48,APF29074,YVIVATPSTTI,167,96.0
43,HLA-DRB115:01,2570.86,APF29074,LYGLKMSVLWC,43,97.0
28,HLA-DRB115:01,2636.46,APF29074,FIVVLQYGHYK,28,98.0
117,HLA-DRB115:01,2651.25,APF29074,AIISLQVYGHN,117,99.0
62,HLA-DRB115:01,2682.21,APF29074,SIFDCFVNFNV,62,100.0
130,HLA-DRB115:01,2730.32,APF29074,LPVMAAPTGVT,130,101.0
205,HLA-DRB115:01,2814.59,APF29074,FSGVASQEGVL,205,102.0
7,HLA-DRB115:01,2825.94,APF29074,LSEVYVHLRNW,7,103.0
153,HLA-DRB115:01,2879.24,APF29074,HKIATRVQVGQ,153,104.0
154,HLA-DRB115:01,2998.82,APF29074,KIATRVQVGQL,154,105.0
24,HLA-DRB115:01,3032.49,APF29074,ILTVFIVVLQY,24,106.0
131,HLA-DRB115:01,3064.74,APF29074,PVMAAPTGVTL,131,107.0
51,HLA-DRB115:01,3091.22,APF29074,LWCLWPLVLAL,51,108.0
21,HLA-DRB115:01,3104.72,APF29074,WNLILTVFIVV,21,109.0
160,HLA-DRB115:01,3281.57,APF29074,QVGQLPKYVIV,160,110.0
77,HLA-DRB115:01,3368.26,APF29074,FGFSILMSIIT,77,111.0
20,HLA-DRB115:01,3398.53,APF29074,SWNLILTVFIV,20,112.0
59,HLA-DRB115:01,3480.88,APF29074,LALSIFDCFVN,59,113.0
15,HLA-DRB115:01,3536.95,APF29074,RNWNFSWNLIL,15,114.0
16,HLA-DRB115:01,3684.46,APF29074,NWNFSWNLILT,16,115.0
6,HLA-DRB115:01,3753.5,APF29074,PLSEVYVHLRN,6,116.0
213,HLA-DRB115:01,3754.57,APF29074,GVLSEREKLLH,213,117.0
44,HLA-DRB115:01,3810.84,APF29074,YGLKMSVLWCL,44,118.0
196,HLA-DRB115:01,3833.17,APF29074,FYVRAKHGDFS,196,119.0
135,HLA-DRB115:01,4156.93,APF29074,APTGVTLTLLS,135,120.0
214,HLA-DRB115:01,4296.76,APF29074,VLSEREKLLHL,214,121.0
116,HLA-DRB115:01,4384.86,APF29074,NAIISLQVYGH,116,122.0
66,HLA-DRB115:01,4539.16,APF29074,CFVNFNVDWVF,66,123.0
212,HLA-DRB115:01,4603.66,APF29074,EGVLSEREKLL,212,124.0
163,HLA-DRB115:01,4767.67,APF29074,QLPKYVIVATP,163,125.0
3,HLA-DRB115:01,4821.11,APF29074,SSVPLSEVYVH,3,126.0
61,HLA-DRB115:01,4825.55,APF29074,LSIFDCFVNFN,61,127.0
177,HLA-DRB115:01,4893.69,APF29074,IVCDRVGRSVN,177,128.0
18,HLA-DRB115:01,5099.39,APF29074,NFSWNLILTVF,18,129.0
128,HLA-DRB115:01,5122.66,APF29074,YYLPVMAAPTG,128,130.0
192,HLA-DRB115:01,5126.3,APF29074,TGWAFYVRAKH,192,131.0
174,HLA-DRB115:01,5140.4,APF29074,STTIVCDRVGR,174,132.0
166,HLA-DRB115:01,5450.9,APF29074,KYVIVATPSTT,166,133.0
215,HLA-DRB115:01,5598.82,APF29074,LSEREKLLHLI,215,134.0
132,HLA-DRB115:01,5752.28,APF29074,VMAAPTGVTLT,132,135.0
197,HLA-DRB115:01,5765.24,APF29074,YVRAKHGDFSG,197,136.0
65,HLA-DRB115:01,5952.77,APF29074,DCFVNFNVDWV,65,137.0
106,HLA-DRB115:01,6001.85,APF29074,KTFWAFNPETN,106,138.0
69,HLA-DRB115:01,6039.28,APF29074,NFNVDWVFFGF,69,139.0
124,HLA-DRB115:01,6142.97,APF29074,YGHNYYLPVMA,124,140.0
155,HLA-DRB115:01,6154.84,APF29074,IATRVQVGQLP,155,141.0
148,HLA-DRB115:01,6250.65,APF29074,LLVDGHKIATR,148,142.0
45,HLA-DRB115:01,6513.44,APF29074,GLKMSVLWCLW,45,143.0
127,HLA-DRB115:01,6537.73,APF29074,NYYLPVMAAPT,127,144.0
188,HLA-DRB115:01,6807.59,APF29074,ETSQTGWAFYV,188,145.0
81,HLA-DRB115:01,7056.03,APF29074,ILMSIITLCLW,81,146.0
17,HLA-DRB115:01,7173.99,APF29074,WNFSWNLILTV,17,147.0
19,HLA-DRB115:01,7182.24,APF29074,FSWNLILTVFI,19,148.0
133,HLA-DRB115:01,7216.71,APF29074,MAAPTGVTLTL,133,149.0
129,HLA-DRB115:01,7235.5,APF29074,YLPVMAAPTGV,129,150.0
80,HLA-DRB115:01,7396.77,APF29074,SILMSIITLCL,80,151.0
152,HLA-DRB115:01,7413.66,APF29074,GHKIATRVQVG,152,152.0
134,HLA-DRB115:01,7516.8,APF29074,AAPTGVTLTLL,134,153.0
70,HLA-DRB115:01,7651.49,APF29074,FNVDWVFFGFS,70,154.0
114,HLA-DRB115:01,7881.83,APF29074,ETNAIISLQVY,114,155.0
23,HLA-DRB115:01,7942.53,APF29074,LILTVFIVVLQ,23,156.0
113,HLA-DRB115:01,8627.87,APF29074,PETNAIISLQV,113,157.0
147,HLA-DRB115:01,8704.82,APF29074,VLLVDGHKIAT,147,158.0
115,HLA-DRB115:01,8782.18,APF29074,TNAIISLQVYG,115,159.0
105,HLA-DRB115:01,8793.51,APF29074,VKTFWAFNPET,105,160.0
151,HLA-DRB115:01,8803.38,APF29074,DGHKIATRVQV,151,161.0
67,HLA-DRB115:01,8808.27,APF29074,FVNFNVDWVFF,67,162.0
206,HLA-DRB115:01,8847.08,APF29074,SGVASQEGVLS,206,163.0
125,HLA-DRB115:01,9055.7,APF29074,GHNYYLPVMAA,125,164.0
202,HLA-DRB115:01,9113.62,APF29074,HGDFSGVASQE,202,165.0
109,HLA-DRB115:01,9790.57,APF29074,WAFNPETNAII,109,166.0
25,HLA-DRB115:01,9848.49,APF29074,LTVFIVVLQYG,25,167.0
162,HLA-DRB115:01,9945.68,APF29074,GQLPKYVIVAT,162,168.0
178,HLA-DRB115:01,9950.99,APF29074,VCDRVGRSVNE,178,169.0
171,HLA-DRB115:01,10116.38,APF29074,ATPSTTIVCDR,171,170.0
108,HLA-DRB115:01,10190.79,APF29074,FWAFNPETNAI,108,171.0
187,HLA-DRB115:01,10322.65,APF29074,NETSQTGWAFY,187,172.0
203,HLA-DRB115:01,10462.08,APF29074,GDFSGVASQEG,203,173.0
126,HLA-DRB115:01,10948.27,APF29074,HNYYLPVMAAP,126,174.0
64,HLA-DRB115:01,11083.08,APF29074,FDCFVNFNVDW,64,175.0
157,HLA-DRB115:01,11256.2,APF29074,TRVQVGQLPKY,157,176.0
144,HLA-DRB115:01,11643.67,APF29074,LSGVLLVDGHK,144,177.0
2,HLA-DRB115:01,11710.87,APF29074,NSSVPLSEVYV,2,178.0
170,HLA-DRB115:01,11911.96,APF29074,VATPSTTIVCD,170,179.0
79,HLA-DRB115:01,12146.89,APF29074,FSILMSIITLC,79,180.0
46,HLA-DRB115:01,12268.68,APF29074,LKMSVLWCLWP,46,181.0
181,HLA-DRB115:01,12300.48,APF29074,RVGRSVNETSQ,181,182.0
184,HLA-DRB115:01,12633.56,APF29074,RSVNETSQTGW,184,183.0
150,HLA-DRB115:01,12707.73,APF29074,VDGHKIATRVQ,150,184.0
176,HLA-DRB115:01,13193.12,APF29074,TIVCDRVGRSV,176,185.0
173,HLA-DRB115:01,13241.63,APF29074,PSTTIVCDRVG,173,186.0
201,HLA-DRB115:01,13263.46,APF29074,KHGDFSGVASQ,201,187.0
207,HLA-DRB115:01,13537.44,APF29074,GVASQEGVLSE,207,188.0
68,HLA-DRB115:01,13784.95,APF29074,VNFNVDWVFFG,68,189.0
211,HLA-DRB115:01,13869.62,APF29074,QEGVLSEREKL,211,190.0
204,HLA-DRB115:01,13869.93,APF29074,DFSGVASQEGV,204,191.0
172,HLA-DRB115:01,14162.22,APF29074,TPSTTIVCDRV,172,192.0
107,HLA-DRB115:01,14404.38,APF29074,TFWAFNPETNA,107,193.0
110,HLA-DRB115:01,14542.25,APF29074,AFNPETNAIIS,110,194.0
168,HLA-DRB115:01,14854.16,APF29074,VIVATPSTTIV,168,195.0
182,HLA-DRB115:01,15422.73,APF29074,VGRSVNETSQT,182,196.0
175,HLA-DRB115:01,15594.84,APF29074,TTIVCDRVGRS,175,197.0
165,HLA-DRB115:01,16301.42,APF29074,PKYVIVATPST,165,198.0
149,HLA-DRB115:01,16504.17,APF29074,LVDGHKIATRV,149,199.0
179,HLA-DRB115:01,16642.75,APF29074,CDRVGRSVNET,179,200.0
1,HLA-DRB115:01,17011.7,APF29074,SNSSVPLSEVY,1,201.0
112,HLA-DRB115:01,17460.59,APF29074,NPETNAIISLQ,112,202.0
180,HLA-DRB115:01,18061.23,APF29074,DRVGRSVNETS,180,203.0
185,HLA-DRB115:01,18179.62,APF29074,SVNETSQTGWA,185,204.0
156,HLA-DRB115:01,19041.68,APF29074,ATRVQVGQLPK,156,205.0
208,HLA-DRB115:01,19460.94,APF29074,VASQEGVLSER,208,206.0
0,HLA-DRB115:01,19732.31,APF29074,MSNSSVPLSEV,0,207.0
111,HLA-DRB115:01,19951.63,APF29074,FNPETNAIISL,111,208.0
199,HLA-DRB115:01,20177.2,APF29074,RAKHGDFSGVA,199,209.0
183,HLA-DRB115:01,21257.63,APF29074,GRSVNETSQTG,183,210.0
198,HLA-DRB115:01,21548.37,APF29074,VRAKHGDFSGV,198,211.0
200,HLA-DRB115:01,22038.68,APF29074,AKHGDFSGVAS,200,212.0
186,HLA-DRB115:01,22957.52,APF29074,VNETSQTGWAF,186,213.0
210,HLA-DRB115:01,25678.46,APF29074,SQEGVLSEREK,210,214.0
209,HLA-DRB115:01,26478.77,APF29074,ASQEGVLSERE,209,215.0
164,HLA-DRB115:01,29502.28,APF29074,LPKYVIVATPS,164,216.0
174,HLA-DRB103:01,111.79,APF29074,STTIVCDRVGR,174,1.0
55,HLA-DRB103:01,543.88,APF29074,WPLVLALSIFD,55,2.0
173,HLA-DRB103:01,710.77,APF29074,PSTTIVCDRVG,173,3.0
176,HLA-DRB103:01,753.4,APF29074,TIVCDRVGRSV,176,4.0
177,HLA-DRB103:01,893.07,APF29074,IVCDRVGRSVN,177,5.0
171,HLA-DRB103:01,994.91,APF29074,ATPSTTIVCDR,171,6.0
84,HLA-DRB103:01,1135.9,APF29074,SIITLCLWVMY,84,7.0
59,HLA-DRB103:01,1225.19,APF29074,LALSIFDCFVN,59,8.0
148,HLA-DRB103:01,1327.41,APF29074,LLVDGHKIATR,148,9.0
175,HLA-DRB103:01,1389.09,APF29074,TTIVCDRVGRS,175,10.0
147,HLA-DRB103:01,1634.21,APF29074,VLLVDGHKIAT,147,11.0
93,HLA-DRB103:01,2141.08,APF29074,MYFVNSFRLWR,93,12.0
96,HLA-DRB103:01,2385.88,APF29074,VNSFRLWRRVK,96,13.0
75,HLA-DRB103:01,2659.42,APF29074,VFFGFSILMSI,75,14.0
58,HLA-DRB103:01,2680.95,APF29074,VLALSIFDCFV,58,15.0
67,HLA-DRB103:01,2968.67,APF29074,FVNFNVDWVFF,67,16.0
92,HLA-DRB103:01,3004.74,APF29074,VMYFVNSFRLW,92,17.0
66,HLA-DRB103:01,3168.67,APF29074,CFVNFNVDWVF,66,18.0
74,HLA-DRB103:01,3278.74,APF29074,WVFFGFSILMS,74,19.0
146,HLA-DRB103:01,3481.51,APF29074,GVLLVDGHKIA,146,20.0
98,HLA-DRB103:01,3578.21,APF29074,SFRLWRRVKTF,98,21.0
97,HLA-DRB103:01,3722.06,APF29074,NSFRLWRRVKT,97,22.0
57,HLA-DRB103:01,3975.7,APF29074,LVLALSIFDCF,57,23.0
42,HLA-DRB103:01,4082.6,APF29074,LLYGLKMSVLW,42,24.0
94,HLA-DRB103:01,4132.92,APF29074,YFVNSFRLWRR,94,25.0
172,HLA-DRB103:01,4261.82,APF29074,TPSTTIVCDRV,172,26.0
40,HLA-DRB103:01,4355.63,APF29074,SRLLYGLKMSV,40,27.0
68,HLA-DRB103:01,4646.4,APF29074,VNFNVDWVFFG,68,28.0
95,HLA-DRB103:01,4738.22,APF29074,FVNSFRLWRRV,95,29.0
153,HLA-DRB103:01,4919.58,APF29074,HKIATRVQVGQ,153,30.0
99,HLA-DRB103:01,5029.94,APF29074,FRLWRRVKTFW,99,31.0
41,HLA-DRB103:01,5617.56,APF29074,RLLYGLKMSVL,41,32.0
14,HLA-DRB103:01,5654.48,APF29074,LRNWNFSWNLI,14,33.0
48,HLA-DRB103:01,5837.14,APF29074,MSVLWCLWPLV,48,34.0
49,HLA-DRB103:01,5953.84,APF29074,SVLWCLWPLVL,49,35.0
141,HLA-DRB103:01,6052.13,APF29074,LTLLSGVLLVD,141,36.0
145,HLA-DRB103:01,6512.07,APF29074,SGVLLVDGHKI,145,37.0
214,HLA-DRB103:01,6584.68,APF29074,VLSEREKLLHL,214,38.0
213,HLA-DRB103:01,6592.2,APF29074,GVLSEREKLLH,213,39.0
56,HLA-DRB103:01,6717.69,APF29074,PLVLALSIFDC,56,40.0
215,HLA-DRB103:01,6933.46,APF29074,LSEREKLLHLI,215,41.0
194,HLA-DRB103:01,6979.01,APF29074,WAFYVRAKHGD,194,42.0
60,HLA-DRB103:01,7015.08,APF29074,ALSIFDCFVNF,60,43.0
212,HLA-DRB103:01,7224.73,APF29074,EGVLSEREKLL,212,44.0
85,HLA-DRB103:01,7449.95,APF29074,IITLCLWVMYF,85,45.0
73,HLA-DRB103:01,7512.02,APF29074,DWVFFGFSILM,73,46.0
113,HLA-DRB103:01,7531.3,APF29074,PETNAIISLQV,113,47.0
131,HLA-DRB103:01,7534.06,APF29074,PVMAAPTGVTL,131,48.0
83,HLA-DRB103:01,7708.3,APF29074,MSIITLCLWVM,83,49.0
163,HLA-DRB103:01,7865.94,APF29074,QLPKYVIVATP,163,50.0
28,HLA-DRB103:01,7877.31,APF29074,FIVVLQYGHYK,28,51.0
39,HLA-DRB103:01,8943.02,APF29074,YSRLLYGLKMS,39,52.0
115,HLA-DRB103:01,8961.06,APF29074,TNAIISLQVYG,115,53.0
19,HLA-DRB103:01,9130.5,APF29074,FSWNLILTVFI,19,54.0
87,HLA-DRB103:01,9246.77,APF29074,TLCLWVMYFVN,87,55.0
35,HLA-DRB103:01,9498.69,APF29074,GHYKYSRLLYG,35,56.0
86,HLA-DRB103:01,9576.94,APF29074,ITLCLWVMYFV,86,57.0
47,HLA-DRB103:01,9723.31,APF29074,KMSVLWCLWPL,47,58.0
101,HLA-DRB103:01,9738.52,APF29074,LWRRVKTFWAF,101,59.0
159,HLA-DRB103:01,9778.77,APF29074,VQVGQLPKYVI,159,60.0
140,HLA-DRB103:01,10064.22,APF29074,TLTLLSGVLLV,140,61.0
71,HLA-DRB103:01,10096.89,APF29074,NVDWVFFGFSI,71,62.0
151,HLA-DRB103:01,10144.0,APF29074,DGHKIATRVQV,151,63.0
161,HLA-DRB103:01,10573.55,APF29074,VGQLPKYVIVA,161,64.0
166,HLA-DRB103:01,10856.27,APF29074,KYVIVATPSTT,166,65.0
65,HLA-DRB103:01,11078.05,APF29074,DCFVNFNVDWV,65,66.0
154,HLA-DRB103:01,11336.36,APF29074,KIATRVQVGQL,154,67.0
82,HLA-DRB103:01,11592.92,APF29074,LMSIITLCLWV,82,68.0
81,HLA-DRB103:01,11621.38,APF29074,ILMSIITLCLW,81,69.0
53,HLA-DRB103:01,11718.11,APF29074,CLWPLVLALSI,53,70.0
114,HLA-DRB103:01,11905.96,APF29074,ETNAIISLQVY,114,71.0
4,HLA-DRB103:01,11989.18,APF29074,SVPLSEVYVHL,4,72.0
63,HLA-DRB103:01,12263.33,APF29074,IFDCFVNFNVD,63,73.0
78,HLA-DRB103:01,12378.58,APF29074,GFSILMSIITL,78,74.0
22,HLA-DRB103:01,13101.28,APF29074,NLILTVFIVVL,22,75.0
31,HLA-DRB103:01,13196.96,APF29074,VLQYGHYKYSR,31,76.0
139,HLA-DRB103:01,13574.65,APF29074,VTLTLLSGVLL,139,77.0
158,HLA-DRB103:01,13581.67,APF29074,RVQVGQLPKYV,158,78.0
76,HLA-DRB103:01,13685.6,APF29074,FFGFSILMSII,76,79.0
136,HLA-DRB103:01,13692.68,APF29074,PTGVTLTLLSG,136,80.0
116,HLA-DRB103:01,13817.08,APF29074,NAIISLQVYGH,116,81.0
24,HLA-DRB103:01,13833.43,APF29074,ILTVFIVVLQY,24,82.0
149,HLA-DRB103:01,13916.73,APF29074,LVDGHKIATRV,149,83.0
165,HLA-DRB103:01,14111.56,APF29074,PKYVIVATPST,165,84.0
61,HLA-DRB103:01,14194.97,APF29074,LSIFDCFVNFN,61,85.0
193,HLA-DRB103:01,14378.2,APF29074,GWAFYVRAKHG,193,86.0
2,HLA-DRB103:01,14404.88,APF29074,NSSVPLSEVYV,2,87.0
45,HLA-DRB103:01,14489.51,APF29074,GLKMSVLWCLW,45,88.0
205,HLA-DRB103:01,14555.23,APF29074,FSGVASQEGVL,205,89.0
152,HLA-DRB103:01,14647.47,APF29074,GHKIATRVQVG,152,90.0
126,HLA-DRB103:01,14700.57,APF29074,HNYYLPVMAAP,126,91.0
130,HLA-DRB103:01,14718.18,APF29074,LPVMAAPTGVT,130,92.0
34,HLA-DRB103:01,14900.55,APF29074,YGHYKYSRLLY,34,93.0
0,HLA-DRB103:01,14963.67,APF29074,MSNSSVPLSEV,0,94.0
150,HLA-DRB103:01,15024.06,APF29074,VDGHKIATRVQ,150,95.0
90,HLA-DRB103:01,15152.06,APF29074,LWVMYFVNSFR,90,96.0
103,HLA-DRB103:01,15153.28,APF29074,RRVKTFWAFNP,103,97.0
170,HLA-DRB103:01,15159.78,APF29074,VATPSTTIVCD,170,98.0
162,HLA-DRB103:01,15194.29,APF29074,GQLPKYVIVAT,162,99.0
168,HLA-DRB103:01,15198.2,APF29074,VIVATPSTTIV,168,100.0
88,HLA-DRB103:01,15264.98,APF29074,LCLWVMYFVNS,88,101.0
100,HLA-DRB103:01,15466.6,APF29074,RLWRRVKTFWA,100,102.0
189,HLA-DRB103:01,15782.14,APF29074,TSQTGWAFYVR,189,103.0
80,HLA-DRB103:01,15784.35,APF29074,SILMSIITLCL,80,104.0
121,HLA-DRB103:01,15848.5,APF29074,LQVYGHNYYLP,121,105.0
133,HLA-DRB103:01,16174.01,APF29074,MAAPTGVTLTL,133,106.0
62,HLA-DRB103:01,16294.84,APF29074,SIFDCFVNFNV,62,107.0
135,HLA-DRB103:01,16388.21,APF29074,APTGVTLTLLS,135,108.0
16,HLA-DRB103:01,16390.28,APF29074,NWNFSWNLILT,16,109.0
30,HLA-DRB103:01,16554.57,APF29074,VVLQYGHYKYS,30,110.0
155,HLA-DRB103:01,16590.14,APF29074,IATRVQVGQLP,155,111.0
138,HLA-DRB103:01,16616.89,APF29074,GVTLTLLSGVL,138,112.0
200,HLA-DRB103:01,16642.66,APF29074,AKHGDFSGVAS,200,113.0
43,HLA-DRB103:01,16724.53,APF29074,LYGLKMSVLWC,43,114.0
15,HLA-DRB103:01,16790.43,APF29074,RNWNFSWNLIL,15,115.0
18,HLA-DRB103:01,16977.99,APF29074,NFSWNLILTVF,18,116.0
77,HLA-DRB103:01,16982.75,APF29074,FGFSILMSIIT,77,117.0
38,HLA-DRB103:01,17003.14,APF29074,KYSRLLYGLKM,38,118.0
160,HLA-DRB103:01,17224.66,APF29074,QVGQLPKYVIV,160,119.0
25,HLA-DRB103:01,17367.0,APF29074,LTVFIVVLQYG,25,120.0
137,HLA-DRB103:01,17417.9,APF29074,TGVTLTLLSGV,137,121.0
54,HLA-DRB103:01,17461.49,APF29074,LWPLVLALSIF,54,122.0
5,HLA-DRB103:01,17570.63,APF29074,VPLSEVYVHLR,5,123.0
12,HLA-DRB103:01,17576.36,APF29074,VHLRNWNFSWN,12,124.0
128,HLA-DRB103:01,17834.52,APF29074,YYLPVMAAPTG,128,125.0
3,HLA-DRB103:01,18116.02,APF29074,SSVPLSEVYVH,3,126.0
117,HLA-DRB103:01,18130.24,APF29074,AIISLQVYGHN,117,127.0
17,HLA-DRB103:01,18156.1,APF29074,WNFSWNLILTV,17,128.0
91,HLA-DRB103:01,18225.63,APF29074,WVMYFVNSFRL,91,129.0
64,HLA-DRB103:01,18468.61,APF29074,FDCFVNFNVDW,64,130.0
104,HLA-DRB103:01,18572.5,APF29074,RVKTFWAFNPE,104,131.0
211,HLA-DRB103:01,18798.72,APF29074,QEGVLSEREKL,211,132.0
199,HLA-DRB103:01,18869.16,APF29074,RAKHGDFSGVA,199,133.0
118,HLA-DRB103:01,19276.75,APF29074,IISLQVYGHNY,118,134.0
204,HLA-DRB103:01,19282.13,APF29074,DFSGVASQEGV,204,135.0
11,HLA-DRB103:01,19337.83,APF29074,YVHLRNWNFSW,11,136.0
206,HLA-DRB103:01,19529.3,APF29074,SGVASQEGVLS,206,137.0
181,HLA-DRB103:01,19536.82,APF29074,RVGRSVNETSQ,181,138.0
197,HLA-DRB103:01,19542.13,APF29074,YVRAKHGDFSG,197,139.0
112,HLA-DRB103:01,19554.27,APF29074,NPETNAIISLQ,112,140.0
169,HLA-DRB103:01,19594.38,APF29074,IVATPSTTIVC,169,141.0
182,HLA-DRB103:01,19636.49,APF29074,VGRSVNETSQT,182,142.0
29,HLA-DRB103:01,19638.5,APF29074,IVVLQYGHYKY,29,143.0
110,HLA-DRB103:01,19695.93,APF29074,AFNPETNAIIS,110,144.0
6,HLA-DRB103:01,19750.49,APF29074,PLSEVYVHLRN,6,145.0
105,HLA-DRB103:01,19758.75,APF29074,VKTFWAFNPET,105,146.0
111,HLA-DRB103:01,19821.27,APF29074,FNPETNAIISL,111,147.0
167,HLA-DRB103:01,20034.56,APF29074,YVIVATPSTTI,167,148.0
79,HLA-DRB103:01,20490.84,APF29074,FSILMSIITLC,79,149.0
196,HLA-DRB103:01,20561.41,APF29074,FYVRAKHGDFS,196,150.0
102,HLA-DRB103:01,20626.83,APF29074,WRRVKTFWAFN,102,151.0
178,HLA-DRB103:01,20633.71,APF29074,VCDRVGRSVNE,178,152.0
10,HLA-DRB103:01,20985.79,APF29074,VYVHLRNWNFS,10,153.0
69,HLA-DRB103:01,21119.63,APF29074,NFNVDWVFFGF,69,154.0
23,HLA-DRB103:01,21170.74,APF29074,LILTVFIVVLQ,23,155.0
13,HLA-DRB103:01,21374.69,APF29074,HLRNWNFSWNL,13,156.0
51,HLA-DRB103:01,21552.51,APF29074,LWCLWPLVLAL,51,157.0
132,HLA-DRB103:01,21559.19,APF29074,VMAAPTGVTLT,132,158.0
203,HLA-DRB103:01,21640.38,APF29074,GDFSGVASQEG,203,159.0
198,HLA-DRB103:01,22075.81,APF29074,VRAKHGDFSGV,198,160.0
33,HLA-DRB103:01,22132.14,APF29074,QYGHYKYSRLL,33,161.0
52,HLA-DRB103:01,22237.18,APF29074,WCLWPLVLALS,52,162.0
129,HLA-DRB103:01,22429.61,APF29074,YLPVMAAPTGV,129,163.0
127,HLA-DRB103:01,22505.15,APF29074,NYYLPVMAAPT,127,164.0
20,HLA-DRB103:01,22650.46,APF29074,SWNLILTVFIV,20,165.0
143,HLA-DRB103:01,22897.58,APF29074,LLSGVLLVDGH,143,166.0
50,HLA-DRB103:01,22959.39,APF29074,VLWCLWPLVLA,50,167.0
207,HLA-DRB103:01,22988.76,APF29074,GVASQEGVLSE,207,168.0
144,HLA-DRB103:01,23084.49,APF29074,LSGVLLVDGHK,144,169.0
201,HLA-DRB103:01,23245.16,APF29074,KHGDFSGVASQ,201,170.0
187,HLA-DRB103:01,23432.94,APF29074,NETSQTGWAFY,187,171.0
142,HLA-DRB103:01,23439.81,APF29074,TLLSGVLLVDG,142,172.0
26,HLA-DRB103:01,23597.43,APF29074,TVFIVVLQYGH,26,173.0
122,HLA-DRB103:01,23701.57,APF29074,QVYGHNYYLPV,122,174.0
202,HLA-DRB103:01,23812.62,APF29074,HGDFSGVASQE,202,175.0
37,HLA-DRB103:01,23947.54,APF29074,YKYSRLLYGLK,37,176.0
9,HLA-DRB103:01,24099.43,APF29074,EVYVHLRNWNF,9,177.0
46,HLA-DRB103:01,24139.49,APF29074,LKMSVLWCLWP,46,178.0
195,HLA-DRB103:01,24166.32,APF29074,AFYVRAKHGDF,195,179.0
1,HLA-DRB103:01,24172.31,APF29074,SNSSVPLSEVY,1,180.0
180,HLA-DRB103:01,24306.94,APF29074,DRVGRSVNETS,180,181.0
72,HLA-DRB103:01,24456.06,APF29074,VDWVFFGFSIL,72,182.0
123,HLA-DRB103:01,24695.19,APF29074,VYGHNYYLPVM,123,183.0
134,HLA-DRB103:01,24736.71,APF29074,AAPTGVTLTLL,134,184.0
36,HLA-DRB103:01,24748.04,APF29074,HYKYSRLLYGL,36,185.0
27,HLA-DRB103:01,24838.98,APF29074,VFIVVLQYGHY,27,186.0
208,HLA-DRB103:01,25077.41,APF29074,VASQEGVLSER,208,187.0
183,HLA-DRB103:01,25186.31,APF29074,GRSVNETSQTG,183,188.0
44,HLA-DRB103:01,25638.32,APF29074,YGLKMSVLWCL,44,189.0
21,HLA-DRB103:01,25899.26,APF29074,WNLILTVFIVV,21,190.0
106,HLA-DRB103:01,26039.67,APF29074,KTFWAFNPETN,106,191.0
124,HLA-DRB103:01,26177.48,APF29074,YGHNYYLPVMA,124,192.0
70,HLA-DRB103:01,26179.96,APF29074,FNVDWVFFGFS,70,193.0
190,HLA-DRB103:01,26458.57,APF29074,SQTGWAFYVRA,190,194.0
164,HLA-DRB103:01,26889.94,APF29074,LPKYVIVATPS,164,195.0
120,HLA-DRB103:01,26981.72,APF29074,SLQVYGHNYYL,120,196.0
179,HLA-DRB103:01,27020.77,APF29074,CDRVGRSVNET,179,197.0
32,HLA-DRB103:01,27106.89,APF29074,LQYGHYKYSRL,32,198.0
119,HLA-DRB103:01,27675.01,APF29074,ISLQVYGHNYY,119,199.0
107,HLA-DRB103:01,27876.38,APF29074,TFWAFNPETNA,107,200.0
125,HLA-DRB103:01,28020.66,APF29074,GHNYYLPVMAA,125,201.0
188,HLA-DRB103:01,28249.17,APF29074,ETSQTGWAFYV,188,202.0
186,HLA-DRB103:01,28541.25,APF29074,VNETSQTGWAF,186,203.0
7,HLA-DRB103:01,28656.99,APF29074,LSEVYVHLRNW,7,204.0
109,HLA-DRB103:01,28751.65,APF29074,WAFNPETNAII,109,205.0
192,HLA-DRB103:01,29309.01,APF29074,TGWAFYVRAKH,192,206.0
108,HLA-DRB103:01,30777.21,APF29074,FWAFNPETNAI,108,207.0
157,HLA-DRB103:01,31030.21,APF29074,TRVQVGQLPKY,157,208.0
156,HLA-DRB103:01,31758.91,APF29074,ATRVQVGQLPK,156,209.0
8,HLA-DRB103:01,31773.54,APF29074,SEVYVHLRNWN,8,210.0
210,HLA-DRB103:01,31912.98,APF29074,SQEGVLSEREK,210,211.0
209,HLA-DRB103:01,32182.93,APF29074,ASQEGVLSERE,209,212.0
89,HLA-DRB103:01,33597.7,APF29074,CLWVMYFVNSF,89,213.0
191,HLA-DRB103:01,34222.99,APF29074,QTGWAFYVRAK,191,214.0
184,HLA-DRB103:01,34517.58,APF29074,RSVNETSQTGW,184,215.0
185,HLA-DRB103:01,35565.3,APF29074,SVNETSQTGWA,185,216.0
166,HLA-DRB104:01,128.45,APF29074,KYVIVATPSTT,166,1.0
92,HLA-DRB104:01,199.7,APF29074,VMYFVNSFRLW,92,2.0
135,HLA-DRB104:01,200.72,APF29074,APTGVTLTLLS,135,3.0
40,HLA-DRB104:01,227.91,APF29074,SRLLYGLKMSV,40,4.0
11,HLA-DRB104:01,281.79,APF29074,YVHLRNWNFSW,11,5.0
55,HLA-DRB104:01,291.91,APF29074,WPLVLALSIFD,55,6.0
167,HLA-DRB104:01,296.06,APF29074,YVIVATPSTTI,167,7.0
100,HLA-DRB104:01,339.4,APF29074,RLWRRVKTFWA,100,8.0
93,HLA-DRB104:01,372.19,APF29074,MYFVNSFRLWR,93,9.0
39,HLA-DRB104:01,448.27,APF29074,YSRLLYGLKMS,39,10.0
37,HLA-DRB104:01,473.53,APF29074,YKYSRLLYGLK,37,11.0
127,HLA-DRB104:01,536.36,APF29074,NYYLPVMAAPT,127,12.0
42,HLA-DRB104:01,571.62,APF29074,LLYGLKMSVLW,42,13.0
136,HLA-DRB104:01,591.93,APF29074,PTGVTLTLLSG,136,14.0
74,HLA-DRB104:01,592.8,APF29074,WVFFGFSILMS,74,15.0
205,HLA-DRB104:01,632.71,APF29074,FSGVASQEGVL,205,16.0
131,HLA-DRB104:01,639.24,APF29074,PVMAAPTGVTL,131,17.0
31,HLA-DRB104:01,673.66,APF29074,VLQYGHYKYSR,31,18.0
128,HLA-DRB104:01,680.07,APF29074,YYLPVMAAPTG,128,19.0
90,HLA-DRB104:01,705.34,APF29074,LWVMYFVNSFR,90,20.0
38,HLA-DRB104:01,806.35,APF29074,KYSRLLYGLKM,38,21.0
73,HLA-DRB104:01,810.54,APF29074,DWVFFGFSILM,73,22.0
108,HLA-DRB104:01,815.49,APF29074,FWAFNPETNAI,108,23.0
129,HLA-DRB104:01,856.47,APF29074,YLPVMAAPTGV,129,24.0
83,HLA-DRB104:01,858.47,APF29074,MSIITLCLWVM,83,25.0
165,HLA-DRB104:01,902.4,APF29074,PKYVIVATPST,165,26.0
41,HLA-DRB104:01,924.47,APF29074,RLLYGLKMSVL,41,27.0
138,HLA-DRB104:01,993.59,APF29074,GVTLTLLSGVL,138,28.0
10,HLA-DRB104:01,1112.93,APF29074,VYVHLRNWNFS,10,29.0
12,HLA-DRB104:01,1129.07,APF29074,VHLRNWNFSWN,12,30.0
153,HLA-DRB104:01,1141.96,APF29074,HKIATRVQVGQ,153,31.0
75,HLA-DRB104:01,1175.27,APF29074,VFFGFSILMSI,75,32.0
204,HLA-DRB104:01,1192.35,APF29074,DFSGVASQEGV,204,33.0
91,HLA-DRB104:01,1208.04,APF29074,WVMYFVNSFRL,91,34.0
194,HLA-DRB104:01,1249.3,APF29074,WAFYVRAKHGD,194,35.0
54,HLA-DRB104:01,1250.81,APF29074,LWPLVLALSIF,54,36.0
137,HLA-DRB104:01,1272.48,APF29074,TGVTLTLLSGV,137,37.0
133,HLA-DRB104:01,1316.71,APF29074,MAAPTGVTLTL,133,38.0
18,HLA-DRB104:01,1378.74,APF29074,NFSWNLILTVF,18,39.0
193,HLA-DRB104:01,1408.63,APF29074,GWAFYVRAKHG,193,40.0
81,HLA-DRB104:01,1414.81,APF29074,ILMSIITLCLW,81,41.0
102,HLA-DRB104:01,1422.75,APF29074,WRRVKTFWAFN,102,42.0
4,HLA-DRB104:01,1456.8,APF29074,SVPLSEVYVHL,4,43.0
106,HLA-DRB104:01,1471.5,APF29074,KTFWAFNPETN,106,44.0
146,HLA-DRB104:01,1504.07,APF29074,GVLLVDGHKIA,146,45.0
94,HLA-DRB104:01,1675.64,APF29074,YFVNSFRLWRR,94,46.0
16,HLA-DRB104:01,1697.66,APF29074,NWNFSWNLILT,16,47.0
78,HLA-DRB104:01,1707.23,APF29074,GFSILMSIITL,78,48.0
154,HLA-DRB104:01,1721.41,APF29074,KIATRVQVGQL,154,49.0
201,HLA-DRB104:01,1726.12,APF29074,KHGDFSGVASQ,201,50.0
107,HLA-DRB104:01,1732.98,APF29074,TFWAFNPETNA,107,51.0
139,HLA-DRB104:01,1749.25,APF29074,VTLTLLSGVLL,139,52.0
88,HLA-DRB104:01,1774.89,APF29074,LCLWVMYFVNS,88,53.0
71,HLA-DRB104:01,1782.1,APF29074,NVDWVFFGFSI,71,54.0
195,HLA-DRB104:01,1794.17,APF29074,AFYVRAKHGDF,195,55.0
53,HLA-DRB104:01,1867.69,APF29074,CLWPLVLALSI,53,56.0
140,HLA-DRB104:01,1883.3,APF29074,TLTLLSGVLLV,140,57.0
130,HLA-DRB104:01,1894.96,APF29074,LPVMAAPTGVT,130,58.0
141,HLA-DRB104:01,1915.02,APF29074,LTLLSGVLLVD,141,59.0
76,HLA-DRB104:01,1945.94,APF29074,FFGFSILMSII,76,60.0
36,HLA-DRB104:01,1949.6,APF29074,HYKYSRLLYGL,36,61.0
200,HLA-DRB104:01,2010.76,APF29074,AKHGDFSGVAS,200,62.0
113,HLA-DRB104:01,2038.06,APF29074,PETNAIISLQV,113,63.0
56,HLA-DRB104:01,2059.37,APF29074,PLVLALSIFDC,56,64.0
23,HLA-DRB104:01,2079.52,APF29074,LILTVFIVVLQ,23,65.0
104,HLA-DRB104:01,2091.47,APF29074,RVKTFWAFNPE,104,66.0
202,HLA-DRB104:01,2120.82,APF29074,HGDFSGVASQE,202,67.0
7,HLA-DRB104:01,2178.6,APF29074,LSEVYVHLRNW,7,68.0
28,HLA-DRB104:01,2179.61,APF29074,FIVVLQYGHYK,28,69.0
99,HLA-DRB104:01,2180.09,APF29074,FRLWRRVKTFW,99,70.0
134,HLA-DRB104:01,2237.34,APF29074,AAPTGVTLTLL,134,71.0
50,HLA-DRB104:01,2255.09,APF29074,VLWCLWPLVLA,50,72.0
101,HLA-DRB104:01,2262.42,APF29074,LWRRVKTFWAF,101,73.0
196,HLA-DRB104:01,2296.74,APF29074,FYVRAKHGDFS,196,74.0
109,HLA-DRB104:01,2312.22,APF29074,WAFNPETNAII,109,75.0
85,HLA-DRB104:01,2470.8,APF29074,IITLCLWVMYF,85,76.0
203,HLA-DRB104:01,2502.11,APF29074,GDFSGVASQEG,203,77.0
105,HLA-DRB104:01,2556.2,APF29074,VKTFWAFNPET,105,78.0
52,HLA-DRB104:01,2562.51,APF29074,WCLWPLVLALS,52,79.0
186,HLA-DRB104:01,2640.06,APF29074,VNETSQTGWAF,186,80.0
77,HLA-DRB104:01,2641.94,APF29074,FGFSILMSIIT,77,81.0
26,HLA-DRB104:01,2656.09,APF29074,TVFIVVLQYGH,26,82.0
112,HLA-DRB104:01,2682.26,APF29074,NPETNAIISLQ,112,83.0
163,HLA-DRB104:01,2691.06,APF29074,QLPKYVIVATP,163,84.0
147,HLA-DRB104:01,2691.75,APF29074,VLLVDGHKIAT,147,85.0
30,HLA-DRB104:01,2737.92,APF29074,VVLQYGHYKYS,30,86.0
164,HLA-DRB104:01,2745.36,APF29074,LPKYVIVATPS,164,87.0
98,HLA-DRB104:01,2799.66,APF29074,SFRLWRRVKTF,98,88.0
47,HLA-DRB104:01,2803.75,APF29074,KMSVLWCLWPL,47,89.0
145,HLA-DRB104:01,2911.37,APF29074,SGVLLVDGHKI,145,90.0
19,HLA-DRB104:01,2952.2,APF29074,FSWNLILTVFI,19,91.0
70,HLA-DRB104:01,2954.34,APF29074,FNVDWVFFGFS,70,92.0
66,HLA-DRB104:01,2980.99,APF29074,CFVNFNVDWVF,66,93.0
68,HLA-DRB104:01,3015.05,APF29074,VNFNVDWVFFG,68,94.0
57,HLA-DRB104:01,3141.93,APF29074,LVLALSIFDCF,57,95.0
152,HLA-DRB104:01,3147.49,APF29074,GHKIATRVQVG,152,96.0
43,HLA-DRB104:01,3182.24,APF29074,LYGLKMSVLWC,43,97.0
184,HLA-DRB104:01,3184.25,APF29074,RSVNETSQTGW,184,98.0
17,HLA-DRB104:01,3275.07,APF29074,WNFSWNLILTV,17,99.0
115,HLA-DRB104:01,3323.36,APF29074,TNAIISLQVYG,115,100.0
9,HLA-DRB104:01,3326.99,APF29074,EVYVHLRNWNF,9,101.0
168,HLA-DRB104:01,3396.36,APF29074,VIVATPSTTIV,168,102.0
35,HLA-DRB104:01,3410.13,APF29074,GHYKYSRLLYG,35,103.0
142,HLA-DRB104:01,3494.24,APF29074,TLLSGVLLVDG,142,104.0
45,HLA-DRB104:01,3518.37,APF29074,GLKMSVLWCLW,45,105.0
169,HLA-DRB104:01,3518.38,APF29074,IVATPSTTIVC,169,106.0
123,HLA-DRB104:01,3565.69,APF29074,VYGHNYYLPVM,123,107.0
25,HLA-DRB104:01,3578.46,APF29074,LTVFIVVLQYG,25,108.0
79,HLA-DRB104:01,3586.97,APF29074,FSILMSIITLC,79,109.0
132,HLA-DRB104:01,3594.59,APF29074,VMAAPTGVTLT,132,110.0
162,HLA-DRB104:01,3629.03,APF29074,GQLPKYVIVAT,162,111.0
119,HLA-DRB104:01,3665.82,APF29074,ISLQVYGHNYY,119,112.0
8,HLA-DRB104:01,3683.9,APF29074,SEVYVHLRNWN,8,113.0
89,HLA-DRB104:01,3700.86,APF29074,CLWVMYFVNSF,89,114.0
159,HLA-DRB104:01,3707.0,APF29074,VQVGQLPKYVI,159,115.0
67,HLA-DRB104:01,3711.49,APF29074,FVNFNVDWVFF,67,116.0
14,HLA-DRB104:01,3821.44,APF29074,LRNWNFSWNLI,14,117.0
150,HLA-DRB104:01,3859.69,APF29074,VDGHKIATRVQ,150,118.0
64,HLA-DRB104:01,3894.58,APF29074,FDCFVNFNVDW,64,119.0
126,HLA-DRB104:01,3903.23,APF29074,HNYYLPVMAAP,126,120.0
82,HLA-DRB104:01,3971.77,APF29074,LMSIITLCLWV,82,121.0
185,HLA-DRB104:01,4005.46,APF29074,SVNETSQTGWA,185,122.0
95,HLA-DRB104:01,4038.5,APF29074,FVNSFRLWRRV,95,123.0
110,HLA-DRB104:01,4099.77,APF29074,AFNPETNAIIS,110,124.0
155,HLA-DRB104:01,4201.53,APF29074,IATRVQVGQLP,155,125.0
187,HLA-DRB104:01,4204.64,APF29074,NETSQTGWAFY,187,126.0
20,HLA-DRB104:01,4353.35,APF29074,SWNLILTVFIV,20,127.0
5,HLA-DRB104:01,4471.55,APF29074,VPLSEVYVHLR,5,128.0
121,HLA-DRB104:01,4503.36,APF29074,LQVYGHNYYLP,121,129.0
0,HLA-DRB104:01,4542.9,APF29074,MSNSSVPLSEV,0,130.0
151,HLA-DRB104:01,4667.89,APF29074,DGHKIATRVQV,151,131.0
111,HLA-DRB104:01,4686.77,APF29074,FNPETNAIISL,111,132.0
120,HLA-DRB104:01,4860.72,APF29074,SLQVYGHNYYL,120,133.0
143,HLA-DRB104:01,4866.69,APF29074,LLSGVLLVDGH,143,134.0
97,HLA-DRB104:01,4928.77,APF29074,NSFRLWRRVKT,97,135.0
197,HLA-DRB104:01,4932.28,APF29074,YVRAKHGDFSG,197,136.0
62,HLA-DRB104:01,4956.05,APF29074,SIFDCFVNFNV,62,137.0
65,HLA-DRB104:01,4958.37,APF29074,DCFVNFNVDWV,65,138.0
156,HLA-DRB104:01,5002.9,APF29074,ATRVQVGQLPK,156,139.0
22,HLA-DRB104:01,5128.67,APF29074,NLILTVFIVVL,22,140.0
190,HLA-DRB104:01,5140.55,APF29074,SQTGWAFYVRA,190,141.0
63,HLA-DRB104:01,5223.58,APF29074,IFDCFVNFNVD,63,142.0
114,HLA-DRB104:01,5245.31,APF29074,ETNAIISLQVY,114,143.0
34,HLA-DRB104:01,5342.03,APF29074,YGHYKYSRLLY,34,144.0
44,HLA-DRB104:01,5413.35,APF29074,YGLKMSVLWCL,44,145.0
87,HLA-DRB104:01,5432.2,APF29074,TLCLWVMYFVN,87,146.0
158,HLA-DRB104:01,5451.6,APF29074,RVQVGQLPKYV,158,147.0
116,HLA-DRB104:01,5533.67,APF29074,NAIISLQVYGH,116,148.0
13,HLA-DRB104:01,5535.48,APF29074,HLRNWNFSWNL,13,149.0
148,HLA-DRB104:01,5581.52,APF29074,LLVDGHKIATR,148,150.0
207,HLA-DRB104:01,5582.5,APF29074,GVASQEGVLSE,207,151.0
189,HLA-DRB104:01,5686.25,APF29074,TSQTGWAFYVR,189,152.0
21,HLA-DRB104:01,5735.78,APF29074,WNLILTVFIVV,21,153.0
212,HLA-DRB104:01,5794.06,APF29074,EGVLSEREKLL,212,154.0
69,HLA-DRB104:01,5796.05,APF29074,NFNVDWVFFGF,69,155.0
118,HLA-DRB104:01,5915.47,APF29074,IISLQVYGHNY,118,156.0
206,HLA-DRB104:01,5925.43,APF29074,SGVASQEGVLS,206,157.0
51,HLA-DRB104:01,5999.94,APF29074,LWCLWPLVLAL,51,158.0
84,HLA-DRB104:01,6064.93,APF29074,SIITLCLWVMY,84,159.0
86,HLA-DRB104:01,6447.17,APF29074,ITLCLWVMYFV,86,160.0
24,HLA-DRB104:01,6559.58,APF29074,ILTVFIVVLQY,24,161.0
191,HLA-DRB104:01,6623.22,APF29074,QTGWAFYVRAK,191,162.0
33,HLA-DRB104:01,6662.8,APF29074,QYGHYKYSRLL,33,163.0
161,HLA-DRB104:01,6707.82,APF29074,VGQLPKYVIVA,161,164.0
122,HLA-DRB104:01,6832.28,APF29074,QVYGHNYYLPV,122,165.0
172,HLA-DRB104:01,6840.12,APF29074,TPSTTIVCDRV,172,166.0
2,HLA-DRB104:01,6954.67,APF29074,NSSVPLSEVYV,2,167.0
80,HLA-DRB104:01,7025.84,APF29074,SILMSIITLCL,80,168.0
27,HLA-DRB104:01,7060.67,APF29074,VFIVVLQYGHY,27,169.0
157,HLA-DRB104:01,7088.31,APF29074,TRVQVGQLPKY,157,170.0
6,HLA-DRB104:01,7242.0,APF29074,PLSEVYVHLRN,6,171.0
198,HLA-DRB104:01,7284.09,APF29074,VRAKHGDFSGV,198,172.0
188,HLA-DRB104:01,7292.09,APF29074,ETSQTGWAFYV,188,173.0
60,HLA-DRB104:01,7558.31,APF29074,ALSIFDCFVNF,60,174.0
3,HLA-DRB104:01,7653.88,APF29074,SSVPLSEVYVH,3,175.0
15,HLA-DRB104:01,7668.3,APF29074,RNWNFSWNLIL,15,176.0
103,HLA-DRB104:01,7796.69,APF29074,RRVKTFWAFNP,103,177.0
29,HLA-DRB104:01,7823.02,APF29074,IVVLQYGHYKY,29,178.0
214,HLA-DRB104:01,7989.25,APF29074,VLSEREKLLHL,214,179.0
171,HLA-DRB104:01,8279.65,APF29074,ATPSTTIVCDR,171,180.0
160,HLA-DRB104:01,8309.63,APF29074,QVGQLPKYVIV,160,181.0
125,HLA-DRB104:01,8593.48,APF29074,GHNYYLPVMAA,125,182.0
46,HLA-DRB104:01,8618.8,APF29074,LKMSVLWCLWP,46,183.0
59,HLA-DRB104:01,8795.12,APF29074,LALSIFDCFVN,59,184.0
181,HLA-DRB104:01,8948.35,APF29074,RVGRSVNETSQ,181,185.0
58,HLA-DRB104:01,9337.36,APF29074,VLALSIFDCFV,58,186.0
144,HLA-DRB104:01,9344.1,APF29074,LSGVLLVDGHK,144,187.0
72,HLA-DRB104:01,9665.56,APF29074,VDWVFFGFSIL,72,188.0
199,HLA-DRB104:01,9695.73,APF29074,RAKHGDFSGVA,199,189.0
49,HLA-DRB104:01,9699.06,APF29074,SVLWCLWPLVL,49,190.0
177,HLA-DRB104:01,9948.31,APF29074,IVCDRVGRSVN,177,191.0
96,HLA-DRB104:01,10075.32,APF29074,VNSFRLWRRVK,96,192.0
1,HLA-DRB104:01,10213.52,APF29074,SNSSVPLSEVY,1,193.0
117,HLA-DRB104:01,10457.7,APF29074,AIISLQVYGHN,117,194.0
215,HLA-DRB104:01,11094.17,APF29074,LSEREKLLHLI,215,195.0
211,HLA-DRB104:01,11386.01,APF29074,QEGVLSEREKL,211,196.0
124,HLA-DRB104:01,11620.66,APF29074,YGHNYYLPVMA,124,197.0
170,HLA-DRB104:01,11649.11,APF29074,VATPSTTIVCD,170,198.0
173,HLA-DRB104:01,12099.58,APF29074,PSTTIVCDRVG,173,199.0
48,HLA-DRB104:01,12162.84,APF29074,MSVLWCLWPLV,48,200.0
176,HLA-DRB104:01,12313.01,APF29074,TIVCDRVGRSV,176,201.0
192,HLA-DRB104:01,12370.03,APF29074,TGWAFYVRAKH,192,202.0
182,HLA-DRB104:01,12767.93,APF29074,VGRSVNETSQT,182,203.0
174,HLA-DRB104:01,12799.81,APF29074,STTIVCDRVGR,174,204.0
61,HLA-DRB104:01,13050.77,APF29074,LSIFDCFVNFN,61,205.0
178,HLA-DRB104:01,13130.53,APF29074,VCDRVGRSVNE,178,206.0
32,HLA-DRB104:01,13328.38,APF29074,LQYGHYKYSRL,32,207.0
213,HLA-DRB104:01,13785.35,APF29074,GVLSEREKLLH,213,208.0
179,HLA-DRB104:01,14293.67,APF29074,CDRVGRSVNET,179,209.0
208,HLA-DRB104:01,14644.44,APF29074,VASQEGVLSER,208,210.0
149,HLA-DRB104:01,15126.92,APF29074,LVDGHKIATRV,149,211.0
180,HLA-DRB104:01,15626.22,APF29074,DRVGRSVNETS,180,212.0
175,HLA-DRB104:01,18533.12,APF29074,TTIVCDRVGRS,175,213.0
209,HLA-DRB104:01,19867.65,APF29074,ASQEGVLSERE,209,214.0
210,HLA-DRB104:01,20437.67,APF29074,SQEGVLSEREK,210,215.0
183,HLA-DRB104:01,23544.88,APF29074,GRSVNETSQTG,183,216.0
55,HLA-DRB104:04,111.62,APF29074,WPLVLALSIFD,55,1.0
141,HLA-DRB104:04,190.92,APF29074,LTLLSGVLLVD,141,2.0
92,HLA-DRB104:04,272.28,APF29074,VMYFVNSFRLW,92,3.0
125,HLA-DRB104:04,285.41,APF29074,GHNYYLPVMAA,125,4.0
124,HLA-DRB104:04,433.32,APF29074,YGHNYYLPVMA,124,5.0
84,HLA-DRB104:04,442.91,APF29074,SIITLCLWVMY,84,6.0
132,HLA-DRB104:04,475.22,APF29074,VMAAPTGVTLT,132,7.0
28,HLA-DRB104:04,487.82,APF29074,FIVVLQYGHYK,28,8.0
83,HLA-DRB104:04,548.99,APF29074,MSIITLCLWVM,83,9.0
133,HLA-DRB104:04,580.9,APF29074,MAAPTGVTLTL,133,10.0
138,HLA-DRB104:04,622.89,APF29074,GVTLTLLSGVL,138,11.0
11,HLA-DRB104:04,623.21,APF29074,YVHLRNWNFSW,11,12.0
96,HLA-DRB104:04,647.04,APF29074,VNSFRLWRRVK,96,13.0
85,HLA-DRB104:04,660.33,APF29074,IITLCLWVMYF,85,14.0
118,HLA-DRB104:04,709.91,APF29074,IISLQVYGHNY,118,15.0
93,HLA-DRB104:04,710.99,APF29074,MYFVNSFRLWR,93,16.0
134,HLA-DRB104:04,790.17,APF29074,AAPTGVTLTLL,134,17.0
131,HLA-DRB104:04,794.09,APF29074,PVMAAPTGVTL,131,18.0
71,HLA-DRB104:04,863.19,APF29074,NVDWVFFGFSI,71,19.0
27,HLA-DRB104:04,940.23,APF29074,VFIVVLQYGHY,27,20.0
48,HLA-DRB104:04,947.13,APF29074,MSVLWCLWPLV,48,21.0
167,HLA-DRB104:04,1026.36,APF29074,YVIVATPSTTI,167,22.0
24,HLA-DRB104:04,1034.4,APF29074,ILTVFIVVLQY,24,23.0
169,HLA-DRB104:04,1041.82,APF29074,IVATPSTTIVC,169,24.0
136,HLA-DRB104:04,1053.87,APF29074,PTGVTLTLLSG,136,25.0
166,HLA-DRB104:04,1108.4,APF29074,KYVIVATPSTT,166,26.0
194,HLA-DRB104:04,1160.41,APF29074,WAFYVRAKHGD,194,27.0
62,HLA-DRB104:04,1396.25,APF29074,SIFDCFVNFNV,62,28.0
14,HLA-DRB104:04,1396.44,APF29074,LRNWNFSWNLI,14,29.0
53,HLA-DRB104:04,1453.24,APF29074,CLWPLVLALSI,53,30.0
81,HLA-DRB104:04,1487.62,APF29074,ILMSIITLCLW,81,31.0
42,HLA-DRB104:04,1518.16,APF29074,LLYGLKMSVLW,42,32.0
4,HLA-DRB104:04,1695.32,APF29074,SVPLSEVYVHL,4,33.0
137,HLA-DRB104:04,1704.84,APF29074,TGVTLTLLSGV,137,34.0
38,HLA-DRB104:04,1716.94,APF29074,KYSRLLYGLKM,38,35.0
22,HLA-DRB104:04,1725.57,APF29074,NLILTVFIVVL,22,36.0
90,HLA-DRB104:04,1726.52,APF29074,LWVMYFVNSFR,90,37.0
29,HLA-DRB104:04,1744.29,APF29074,IVVLQYGHYKY,29,38.0
205,HLA-DRB104:04,1754.35,APF29074,FSGVASQEGVL,205,39.0
86,HLA-DRB104:04,1822.31,APF29074,ITLCLWVMYFV,86,40.0
82,HLA-DRB104:04,1851.46,APF29074,LMSIITLCLWV,82,41.0
37,HLA-DRB104:04,1977.93,APF29074,YKYSRLLYGLK,37,42.0
100,HLA-DRB104:04,2044.32,APF29074,RLWRRVKTFWA,100,43.0
158,HLA-DRB104:04,2047.81,APF29074,RVQVGQLPKYV,158,44.0
135,HLA-DRB104:04,2061.27,APF29074,APTGVTLTLLS,135,45.0
107,HLA-DRB104:04,2107.71,APF29074,TFWAFNPETNA,107,46.0
75,HLA-DRB104:04,2165.62,APF29074,VFFGFSILMSI,75,47.0
47,HLA-DRB104:04,2217.04,APF29074,KMSVLWCLWPL,47,48.0
64,HLA-DRB104:04,2240.16,APF29074,FDCFVNFNVDW,64,49.0
193,HLA-DRB104:04,2257.1,APF29074,GWAFYVRAKHG,193,50.0
89,HLA-DRB104:04,2330.35,APF29074,CLWVMYFVNSF,89,51.0
195,HLA-DRB104:04,2341.86,APF29074,AFYVRAKHGDF,195,52.0
39,HLA-DRB104:04,2372.4,APF29074,YSRLLYGLKMS,39,53.0
142,HLA-DRB104:04,2453.33,APF29074,TLLSGVLLVDG,142,54.0
63,HLA-DRB104:04,2455.41,APF29074,IFDCFVNFNVD,63,55.0
91,HLA-DRB104:04,2467.32,APF29074,WVMYFVNSFRL,91,56.0
95,HLA-DRB104:04,2471.89,APF29074,FVNSFRLWRRV,95,57.0
45,HLA-DRB104:04,2495.16,APF29074,GLKMSVLWCLW,45,58.0
5,HLA-DRB104:04,2666.12,APF29074,VPLSEVYVHLR,5,59.0
214,HLA-DRB104:04,2704.89,APF29074,VLSEREKLLHL,214,60.0
153,HLA-DRB104:04,2718.24,APF29074,HKIATRVQVGQ,153,61.0
177,HLA-DRB104:04,2908.09,APF29074,IVCDRVGRSVN,177,62.0
168,HLA-DRB104:04,2954.07,APF29074,VIVATPSTTIV,168,63.0
114,HLA-DRB104:04,2961.56,APF29074,ETNAIISLQVY,114,64.0
146,HLA-DRB104:04,3026.67,APF29074,GVLLVDGHKIA,146,65.0
145,HLA-DRB104:04,3075.49,APF29074,SGVLLVDGHKI,145,66.0
7,HLA-DRB104:04,3187.76,APF29074,LSEVYVHLRNW,7,67.0
126,HLA-DRB104:04,3270.34,APF29074,HNYYLPVMAAP,126,68.0
154,HLA-DRB104:04,3324.79,APF29074,KIATRVQVGQL,154,69.0
57,HLA-DRB104:04,3603.71,APF29074,LVLALSIFDCF,57,70.0
19,HLA-DRB104:04,3696.99,APF29074,FSWNLILTVFI,19,71.0
212,HLA-DRB104:04,3717.67,APF29074,EGVLSEREKLL,212,72.0
76,HLA-DRB104:04,3754.73,APF29074,FFGFSILMSII,76,73.0
151,HLA-DRB104:04,3834.86,APF29074,DGHKIATRVQV,151,74.0
9,HLA-DRB104:04,3842.32,APF29074,EVYVHLRNWNF,9,75.0
130,HLA-DRB104:04,3883.45,APF29074,LPVMAAPTGVT,130,76.0
56,HLA-DRB104:04,4050.59,APF29074,PLVLALSIFDC,56,77.0
65,HLA-DRB104:04,4080.6,APF29074,DCFVNFNVDWV,65,78.0
10,HLA-DRB104:04,4149.49,APF29074,VYVHLRNWNFS,10,79.0
50,HLA-DRB104:04,4263.04,APF29074,VLWCLWPLVLA,50,80.0
152,HLA-DRB104:04,4277.64,APF29074,GHKIATRVQVG,152,81.0
196,HLA-DRB104:04,4315.24,APF29074,FYVRAKHGDFS,196,82.0
165,HLA-DRB104:04,4328.92,APF29074,PKYVIVATPST,165,83.0
204,HLA-DRB104:04,4524.21,APF29074,DFSGVASQEGV,204,84.0
94,HLA-DRB104:04,4657.31,APF29074,YFVNSFRLWRR,94,85.0
215,HLA-DRB104:04,4740.08,APF29074,LSEREKLLHLI,215,86.0
99,HLA-DRB104:04,4894.52,APF29074,FRLWRRVKTFW,99,87.0
113,HLA-DRB104:04,5247.74,APF29074,PETNAIISLQV,113,88.0
117,HLA-DRB104:04,5343.64,APF29074,AIISLQVYGHN,117,89.0
0,HLA-DRB104:04,5371.95,APF29074,MSNSSVPLSEV,0,90.0
41,HLA-DRB104:04,5373.33,APF29074,RLLYGLKMSVL,41,91.0
74,HLA-DRB104:04,5549.03,APF29074,WVFFGFSILMS,74,92.0
97,HLA-DRB104:04,5651.54,APF29074,NSFRLWRRVKT,97,93.0
140,HLA-DRB104:04,5717.92,APF29074,TLTLLSGVLLV,140,94.0
20,HLA-DRB104:04,5752.08,APF29074,SWNLILTVFIV,20,95.0
46,HLA-DRB104:04,5858.22,APF29074,LKMSVLWCLWP,46,96.0
73,HLA-DRB104:04,6181.07,APF29074,DWVFFGFSILM,73,97.0
21,HLA-DRB104:04,6352.2,APF29074,WNLILTVFIVV,21,98.0
144,HLA-DRB104:04,6401.38,APF29074,LSGVLLVDGHK,144,99.0
58,HLA-DRB104:04,6418.26,APF29074,VLALSIFDCFV,58,100.0
123,HLA-DRB104:04,6504.06,APF29074,VYGHNYYLPVM,123,101.0
13,HLA-DRB104:04,6542.6,APF29074,HLRNWNFSWNL,13,102.0
12,HLA-DRB104:04,6616.71,APF29074,VHLRNWNFSWN,12,103.0
70,HLA-DRB104:04,6744.33,APF29074,FNVDWVFFGFS,70,104.0
155,HLA-DRB104:04,6807.33,APF29074,IATRVQVGQLP,155,105.0
98,HLA-DRB104:04,6808.37,APF29074,SFRLWRRVKTF,98,106.0
115,HLA-DRB104:04,7003.63,APF29074,TNAIISLQVYG,115,107.0
119,HLA-DRB104:04,7021.46,APF29074,ISLQVYGHNYY,119,108.0
108,HLA-DRB104:04,7343.38,APF29074,FWAFNPETNAI,108,109.0
40,HLA-DRB104:04,7351.98,APF29074,SRLLYGLKMSV,40,110.0
17,HLA-DRB104:04,7549.19,APF29074,WNFSWNLILTV,17,111.0
88,HLA-DRB104:04,7758.45,APF29074,LCLWVMYFVNS,88,112.0
35,HLA-DRB104:04,7944.88,APF29074,GHYKYSRLLYG,35,113.0
206,HLA-DRB104:04,7954.45,APF29074,SGVASQEGVLS,206,114.0
159,HLA-DRB104:04,8165.23,APF29074,VQVGQLPKYVI,159,115.0
176,HLA-DRB104:04,8807.22,APF29074,TIVCDRVGRSV,176,116.0
106,HLA-DRB104:04,8881.54,APF29074,KTFWAFNPETN,106,117.0
122,HLA-DRB104:04,8907.98,APF29074,QVYGHNYYLPV,122,118.0
16,HLA-DRB104:04,8964.33,APF29074,NWNFSWNLILT,16,119.0
44,HLA-DRB104:04,9029.95,APF29074,YGLKMSVLWCL,44,120.0
18,HLA-DRB104:04,9137.82,APF29074,NFSWNLILTVF,18,121.0
211,HLA-DRB104:04,9217.49,APF29074,QEGVLSEREKL,211,122.0
139,HLA-DRB104:04,9298.11,APF29074,VTLTLLSGVLL,139,123.0
34,HLA-DRB104:04,9450.15,APF29074,YGHYKYSRLLY,34,124.0
36,HLA-DRB104:04,9595.74,APF29074,HYKYSRLLYGL,36,125.0
170,HLA-DRB104:04,9596.29,APF29074,VATPSTTIVCD,170,126.0
213,HLA-DRB104:04,9660.67,APF29074,GVLSEREKLLH,213,127.0
150,HLA-DRB104:04,9970.68,APF29074,VDGHKIATRVQ,150,128.0
160,HLA-DRB104:04,10078.17,APF29074,QVGQLPKYVIV,160,129.0
189,HLA-DRB104:04,10215.57,APF29074,TSQTGWAFYVR,189,130.0
207,HLA-DRB104:04,10222.9,APF29074,GVASQEGVLSE,207,131.0
66,HLA-DRB104:04,10291.94,APF29074,CFVNFNVDWVF,66,132.0
187,HLA-DRB104:04,10336.45,APF29074,NETSQTGWAFY,187,133.0
181,HLA-DRB104:04,10435.72,APF29074,RVGRSVNETSQ,181,134.0
3,HLA-DRB104:04,10716.01,APF29074,SSVPLSEVYVH,3,135.0
109,HLA-DRB104:04,10792.09,APF29074,WAFNPETNAII,109,136.0
171,HLA-DRB104:04,10797.35,APF29074,ATPSTTIVCDR,171,137.0
157,HLA-DRB104:04,10967.15,APF29074,TRVQVGQLPKY,157,138.0
2,HLA-DRB104:04,11206.18,APF29074,NSSVPLSEVYV,2,139.0
72,HLA-DRB104:04,11285.48,APF29074,VDWVFFGFSIL,72,140.0
49,HLA-DRB104:04,11511.13,APF29074,SVLWCLWPLVL,49,141.0
105,HLA-DRB104:04,11550.69,APF29074,VKTFWAFNPET,105,142.0
182,HLA-DRB104:04,11570.14,APF29074,VGRSVNETSQT,182,143.0
87,HLA-DRB104:04,11636.63,APF29074,TLCLWVMYFVN,87,144.0
110,HLA-DRB104:04,11675.54,APF29074,AFNPETNAIIS,110,145.0
116,HLA-DRB104:04,11882.14,APF29074,NAIISLQVYGH,116,146.0
111,HLA-DRB104:04,12032.85,APF29074,FNPETNAIISL,111,147.0
120,HLA-DRB104:04,12156.47,APF29074,SLQVYGHNYYL,120,148.0
197,HLA-DRB104:04,12375.56,APF29074,YVRAKHGDFSG,197,149.0
129,HLA-DRB104:04,12524.31,APF29074,YLPVMAAPTGV,129,150.0
1,HLA-DRB104:04,13142.16,APF29074,SNSSVPLSEVY,1,151.0
60,HLA-DRB104:04,13219.81,APF29074,ALSIFDCFVNF,60,152.0
68,HLA-DRB104:04,13227.13,APF29074,VNFNVDWVFFG,68,153.0
174,HLA-DRB104:04,13266.27,APF29074,STTIVCDRVGR,174,154.0
54,HLA-DRB104:04,13300.66,APF29074,LWPLVLALSIF,54,155.0
203,HLA-DRB104:04,13351.61,APF29074,GDFSGVASQEG,203,156.0
190,HLA-DRB104:04,13589.9,APF29074,SQTGWAFYVRA,190,157.0
52,HLA-DRB104:04,13691.16,APF29074,WCLWPLVLALS,52,158.0
112,HLA-DRB104:04,13871.05,APF29074,NPETNAIISLQ,112,159.0
23,HLA-DRB104:04,13895.49,APF29074,LILTVFIVVLQ,23,160.0
33,HLA-DRB104:04,14134.71,APF29074,QYGHYKYSRLL,33,161.0
147,HLA-DRB104:04,14203.34,APF29074,VLLVDGHKIAT,147,162.0
61,HLA-DRB104:04,14286.27,APF29074,LSIFDCFVNFN,61,163.0
127,HLA-DRB104:04,14508.05,APF29074,NYYLPVMAAPT,127,164.0
15,HLA-DRB104:04,14931.55,APF29074,RNWNFSWNLIL,15,165.0
69,HLA-DRB104:04,14971.39,APF29074,NFNVDWVFFGF,69,166.0
6,HLA-DRB104:04,15172.32,APF29074,PLSEVYVHLRN,6,167.0
128,HLA-DRB104:04,15247.43,APF29074,YYLPVMAAPTG,128,168.0
78,HLA-DRB104:04,15554.83,APF29074,GFSILMSIITL,78,169.0
201,HLA-DRB104:04,15619.4,APF29074,KHGDFSGVASQ,201,170.0
199,HLA-DRB104:04,15664.68,APF29074,RAKHGDFSGVA,199,171.0
178,HLA-DRB104:04,15754.89,APF29074,VCDRVGRSVNE,178,172.0
184,HLA-DRB104:04,16220.83,APF29074,RSVNETSQTGW,184,173.0
77,HLA-DRB104:04,16478.66,APF29074,FGFSILMSIIT,77,174.0
101,HLA-DRB104:04,16564.27,APF29074,LWRRVKTFWAF,101,175.0
26,HLA-DRB104:04,16676.23,APF29074,TVFIVVLQYGH,26,176.0
156,HLA-DRB104:04,16763.02,APF29074,ATRVQVGQLPK,156,177.0
67,HLA-DRB104:04,16842.38,APF29074,FVNFNVDWVFF,67,178.0
148,HLA-DRB104:04,16994.01,APF29074,LLVDGHKIATR,148,179.0
25,HLA-DRB104:04,17394.14,APF29074,LTVFIVVLQYG,25,180.0
8,HLA-DRB104:04,17485.84,APF29074,SEVYVHLRNWN,8,181.0
173,HLA-DRB104:04,17627.12,APF29074,PSTTIVCDRVG,173,182.0
43,HLA-DRB104:04,17814.29,APF29074,LYGLKMSVLWC,43,183.0
202,HLA-DRB104:04,18077.61,APF29074,HGDFSGVASQE,202,184.0
191,HLA-DRB104:04,18196.61,APF29074,QTGWAFYVRAK,191,185.0
161,HLA-DRB104:04,18234.23,APF29074,VGQLPKYVIVA,161,186.0
121,HLA-DRB104:04,18603.1,APF29074,LQVYGHNYYLP,121,187.0
104,HLA-DRB104:04,18965.48,APF29074,RVKTFWAFNPE,104,188.0
164,HLA-DRB104:04,19305.07,APF29074,LPKYVIVATPS,164,189.0
172,HLA-DRB104:04,19352.39,APF29074,TPSTTIVCDRV,172,190.0
185,HLA-DRB104:04,19352.79,APF29074,SVNETSQTGWA,185,191.0
200,HLA-DRB104:04,19481.0,APF29074,AKHGDFSGVAS,200,192.0
59,HLA-DRB104:04,19664.78,APF29074,LALSIFDCFVN,59,193.0
163,HLA-DRB104:04,20163.32,APF29074,QLPKYVIVATP,163,194.0
80,HLA-DRB104:04,21595.51,APF29074,SILMSIITLCL,80,195.0
103,HLA-DRB104:04,21841.9,APF29074,RRVKTFWAFNP,103,196.0
208,HLA-DRB104:04,21892.79,APF29074,VASQEGVLSER,208,197.0
188,HLA-DRB104:04,22040.74,APF29074,ETSQTGWAFYV,188,198.0
179,HLA-DRB104:04,22487.87,APF29074,CDRVGRSVNET,179,199.0
143,HLA-DRB104:04,22573.36,APF29074,LLSGVLLVDGH,143,200.0
162,HLA-DRB104:04,23304.07,APF29074,GQLPKYVIVAT,162,201.0
51,HLA-DRB104:04,23414.02,APF29074,LWCLWPLVLAL,51,202.0
30,HLA-DRB104:04,23522.14,APF29074,VVLQYGHYKYS,30,203.0
175,HLA-DRB104:04,23531.51,APF29074,TTIVCDRVGRS,175,204.0
31,HLA-DRB104:04,23852.84,APF29074,VLQYGHYKYSR,31,205.0
102,HLA-DRB104:04,24435.02,APF29074,WRRVKTFWAFN,102,206.0
198,HLA-DRB104:04,24854.92,APF29074,VRAKHGDFSGV,198,207.0
180,HLA-DRB104:04,25050.08,APF29074,DRVGRSVNETS,180,208.0
186,HLA-DRB104:04,25902.54,APF29074,VNETSQTGWAF,186,209.0
32,HLA-DRB104:04,26028.81,APF29074,LQYGHYKYSRL,32,210.0
149,HLA-DRB104:04,28561.0,APF29074,LVDGHKIATRV,149,211.0
210,HLA-DRB104:04,28615.37,APF29074,SQEGVLSEREK,210,212.0
183,HLA-DRB104:04,28837.23,APF29074,GRSVNETSQTG,183,213.0
192,HLA-DRB104:04,29724.71,APF29074,TGWAFYVRAKH,192,214.0
79,HLA-DRB104:04,30970.6,APF29074,FSILMSIITLC,79,215.0
209,HLA-DRB104:04,31809.31,APF29074,ASQEGVLSERE,209,216.0
55,HLA-DRB107:01,42.55,APF29074,WPLVLALSIFD,55,1.0
92,HLA-DRB107:01,290.83,APF29074,VMYFVNSFRLW,92,2.0
78,HLA-DRB107:01,292.58,APF29074,GFSILMSIITL,78,3.0
56,HLA-DRB107:01,384.29,APF29074,PLVLALSIFDC,56,4.0
95,HLA-DRB107:01,392.5,APF29074,FVNSFRLWRRV,95,5.0
53,HLA-DRB107:01,410.17,APF29074,CLWPLVLALSI,53,6.0
26,HLA-DRB107:01,445.42,APF29074,TVFIVVLQYGH,26,7.0
166,HLA-DRB107:01,451.28,APF29074,KYVIVATPSTT,166,8.0
138,HLA-DRB107:01,466.65,APF29074,GVTLTLLSGVL,138,9.0
81,HLA-DRB107:01,474.56,APF29074,ILMSIITLCLW,81,10.0
100,HLA-DRB107:01,491.05,APF29074,RLWRRVKTFWA,100,11.0
82,HLA-DRB107:01,495.32,APF29074,LMSIITLCLWV,82,12.0
91,HLA-DRB107:01,566.09,APF29074,WVMYFVNSFRL,91,13.0
22,HLA-DRB107:01,620.5,APF29074,NLILTVFIVVL,22,14.0
96,HLA-DRB107:01,642.46,APF29074,VNSFRLWRRVK,96,15.0
169,HLA-DRB107:01,662.67,APF29074,IVATPSTTIVC,169,16.0
127,HLA-DRB107:01,697.47,APF29074,NYYLPVMAAPT,127,17.0
141,HLA-DRB107:01,765.62,APF29074,LTLLSGVLLVD,141,18.0
151,HLA-DRB107:01,786.75,APF29074,DGHKIATRVQV,151,19.0
99,HLA-DRB107:01,787.2,APF29074,FRLWRRVKTFW,99,20.0
194,HLA-DRB107:01,798.27,APF29074,WAFYVRAKHGD,194,21.0
24,HLA-DRB107:01,823.03,APF29074,ILTVFIVVLQY,24,22.0
165,HLA-DRB107:01,879.5,APF29074,PKYVIVATPST,165,23.0
94,HLA-DRB107:01,1000.36,APF29074,YFVNSFRLWRR,94,24.0
27,HLA-DRB107:01,1009.23,APF29074,VFIVVLQYGHY,27,25.0
4,HLA-DRB107:01,1056.38,APF29074,SVPLSEVYVHL,4,26.0
42,HLA-DRB107:01,1082.02,APF29074,LLYGLKMSVLW,42,27.0
44,HLA-DRB107:01,1115.95,APF29074,YGLKMSVLWCL,44,28.0
205,HLA-DRB107:01,1191.65,APF29074,FSGVASQEGVL,205,29.0
93,HLA-DRB107:01,1214.5,APF29074,MYFVNSFRLWR,93,30.0
97,HLA-DRB107:01,1233.83,APF29074,NSFRLWRRVKT,97,31.0
45,HLA-DRB107:01,1422.67,APF29074,GLKMSVLWCLW,45,32.0
139,HLA-DRB107:01,1479.7,APF29074,VTLTLLSGVLL,139,33.0
131,HLA-DRB107:01,1546.77,APF29074,PVMAAPTGVTL,131,34.0
158,HLA-DRB107:01,1560.38,APF29074,RVQVGQLPKYV,158,35.0
101,HLA-DRB107:01,1618.52,APF29074,LWRRVKTFWAF,101,36.0
153,HLA-DRB107:01,1743.05,APF29074,HKIATRVQVGQ,153,37.0
167,HLA-DRB107:01,1792.41,APF29074,YVIVATPSTTI,167,38.0
54,HLA-DRB107:01,1906.8,APF29074,LWPLVLALSIF,54,39.0
193,HLA-DRB107:01,1975.42,APF29074,GWAFYVRAKHG,193,40.0
34,HLA-DRB107:01,1982.13,APF29074,YGHYKYSRLLY,34,41.0
76,HLA-DRB107:01,2033.16,APF29074,FFGFSILMSII,76,42.0
195,HLA-DRB107:01,2043.24,APF29074,AFYVRAKHGDF,195,43.0
77,HLA-DRB107:01,2076.81,APF29074,FGFSILMSIIT,77,44.0
21,HLA-DRB107:01,2108.1,APF29074,WNLILTVFIVV,21,45.0
33,HLA-DRB107:01,2152.0,APF29074,QYGHYKYSRLL,33,46.0
102,HLA-DRB107:01,2217.21,APF29074,WRRVKTFWAFN,102,47.0
172,HLA-DRB107:01,2286.87,APF29074,TPSTTIVCDRV,172,48.0
152,HLA-DRB107:01,2301.06,APF29074,GHKIATRVQVG,152,49.0
170,HLA-DRB107:01,2323.59,APF29074,VATPSTTIVCD,170,50.0
14,HLA-DRB107:01,2438.17,APF29074,LRNWNFSWNLI,14,51.0
36,HLA-DRB107:01,2476.51,APF29074,HYKYSRLLYGL,36,52.0
83,HLA-DRB107:01,2533.01,APF29074,MSIITLCLWVM,83,53.0
98,HLA-DRB107:01,2534.33,APF29074,SFRLWRRVKTF,98,54.0
79,HLA-DRB107:01,2588.63,APF29074,FSILMSIITLC,79,55.0
168,HLA-DRB107:01,2609.57,APF29074,VIVATPSTTIV,168,56.0
137,HLA-DRB107:01,2761.14,APF29074,TGVTLTLLSGV,137,57.0
159,HLA-DRB107:01,2798.12,APF29074,VQVGQLPKYVI,159,58.0
35,HLA-DRB107:01,2813.45,APF29074,GHYKYSRLLYG,35,59.0
80,HLA-DRB107:01,2831.48,APF29074,SILMSIITLCL,80,60.0
43,HLA-DRB107:01,2853.27,APF29074,LYGLKMSVLWC,43,61.0
23,HLA-DRB107:01,2869.94,APF29074,LILTVFIVVLQ,23,62.0
133,HLA-DRB107:01,2953.62,APF29074,MAAPTGVTLTL,133,63.0
202,HLA-DRB107:01,2993.54,APF29074,HGDFSGVASQE,202,64.0
41,HLA-DRB107:01,3031.59,APF29074,RLLYGLKMSVL,41,65.0
171,HLA-DRB107:01,3041.43,APF29074,ATPSTTIVCDR,171,66.0
20,HLA-DRB107:01,3078.52,APF29074,SWNLILTVFIV,20,67.0
130,HLA-DRB107:01,3143.05,APF29074,LPVMAAPTGVT,130,68.0
87,HLA-DRB107:01,3167.72,APF29074,TLCLWVMYFVN,87,69.0
135,HLA-DRB107:01,3178.11,APF29074,APTGVTLTLLS,135,70.0
75,HLA-DRB107:01,3279.54,APF29074,VFFGFSILMSI,75,71.0
140,HLA-DRB107:01,3293.76,APF29074,TLTLLSGVLLV,140,72.0
116,HLA-DRB107:01,3327.87,APF29074,NAIISLQVYGH,116,73.0
19,HLA-DRB107:01,3381.63,APF29074,FSWNLILTVFI,19,74.0
129,HLA-DRB107:01,3419.66,APF29074,YLPVMAAPTGV,129,75.0
189,HLA-DRB107:01,3529.59,APF29074,TSQTGWAFYVR,189,76.0
25,HLA-DRB107:01,3610.18,APF29074,LTVFIVVLQYG,25,77.0
114,HLA-DRB107:01,3646.79,APF29074,ETNAIISLQVY,114,78.0
192,HLA-DRB107:01,3836.19,APF29074,TGWAFYVRAKH,192,79.0
16,HLA-DRB107:01,3856.75,APF29074,NWNFSWNLILT,16,80.0
109,HLA-DRB107:01,3860.82,APF29074,WAFNPETNAII,109,81.0
52,HLA-DRB107:01,3868.47,APF29074,WCLWPLVLALS,52,82.0
9,HLA-DRB107:01,3940.24,APF29074,EVYVHLRNWNF,9,83.0
11,HLA-DRB107:01,3948.88,APF29074,YVHLRNWNFSW,11,84.0
132,HLA-DRB107:01,4052.72,APF29074,VMAAPTGVTLT,132,85.0
47,HLA-DRB107:01,4220.79,APF29074,KMSVLWCLWPL,47,86.0
128,HLA-DRB107:01,4254.22,APF29074,YYLPVMAAPTG,128,87.0
126,HLA-DRB107:01,4397.7,APF29074,HNYYLPVMAAP,126,88.0
0,HLA-DRB107:01,4442.94,APF29074,MSNSSVPLSEV,0,89.0
155,HLA-DRB107:01,4718.72,APF29074,IATRVQVGQLP,155,90.0
113,HLA-DRB107:01,4745.83,APF29074,PETNAIISLQV,113,91.0
136,HLA-DRB107:01,4746.75,APF29074,PTGVTLTLLSG,136,92.0
204,HLA-DRB107:01,4843.79,APF29074,DFSGVASQEGV,204,93.0
3,HLA-DRB107:01,4884.86,APF29074,SSVPLSEVYVH,3,94.0
150,HLA-DRB107:01,5050.34,APF29074,VDGHKIATRVQ,150,95.0
154,HLA-DRB107:01,5065.6,APF29074,KIATRVQVGQL,154,96.0
71,HLA-DRB107:01,5097.31,APF29074,NVDWVFFGFSI,71,97.0
18,HLA-DRB107:01,5194.99,APF29074,NFSWNLILTVF,18,98.0
57,HLA-DRB107:01,5252.65,APF29074,LVLALSIFDCF,57,99.0
90,HLA-DRB107:01,5327.76,APF29074,LWVMYFVNSFR,90,100.0
125,HLA-DRB107:01,5547.04,APF29074,GHNYYLPVMAA,125,101.0
108,HLA-DRB107:01,5564.13,APF29074,FWAFNPETNAI,108,102.0
203,HLA-DRB107:01,5601.94,APF29074,GDFSGVASQEG,203,103.0
13,HLA-DRB107:01,5655.82,APF29074,HLRNWNFSWNL,13,104.0
86,HLA-DRB107:01,5769.63,APF29074,ITLCLWVMYFV,86,105.0
15,HLA-DRB107:01,5795.0,APF29074,RNWNFSWNLIL,15,106.0
145,HLA-DRB107:01,5906.08,APF29074,SGVLLVDGHKI,145,107.0
7,HLA-DRB107:01,5989.23,APF29074,LSEVYVHLRNW,7,108.0
134,HLA-DRB107:01,6008.2,APF29074,AAPTGVTLTLL,134,109.0
196,HLA-DRB107:01,6108.53,APF29074,FYVRAKHGDFS,196,110.0
38,HLA-DRB107:01,6170.9,APF29074,KYSRLLYGLKM,38,111.0
65,HLA-DRB107:01,6224.11,APF29074,DCFVNFNVDWV,65,112.0
2,HLA-DRB107:01,6264.37,APF29074,NSSVPLSEVYV,2,113.0
115,HLA-DRB107:01,6325.89,APF29074,TNAIISLQVYG,115,114.0
104,HLA-DRB107:01,6481.53,APF29074,RVKTFWAFNPE,104,115.0
5,HLA-DRB107:01,6729.22,APF29074,VPLSEVYVHLR,5,116.0
89,HLA-DRB107:01,6956.62,APF29074,CLWVMYFVNSF,89,117.0
66,HLA-DRB107:01,6962.52,APF29074,CFVNFNVDWVF,66,118.0
163,HLA-DRB107:01,6990.32,APF29074,QLPKYVIVATP,163,119.0
174,HLA-DRB107:01,7025.17,APF29074,STTIVCDRVGR,174,120.0
46,HLA-DRB107:01,7072.26,APF29074,LKMSVLWCLWP,46,121.0
6,HLA-DRB107:01,7159.55,APF29074,PLSEVYVHLRN,6,122.0
146,HLA-DRB107:01,7164.01,APF29074,GVLLVDGHKIA,146,123.0
110,HLA-DRB107:01,7384.68,APF29074,AFNPETNAIIS,110,124.0
28,HLA-DRB107:01,7501.11,APF29074,FIVVLQYGHYK,28,125.0
186,HLA-DRB107:01,7522.86,APF29074,VNETSQTGWAF,186,126.0
162,HLA-DRB107:01,7979.23,APF29074,GQLPKYVIVAT,162,127.0
85,HLA-DRB107:01,8006.68,APF29074,IITLCLWVMYF,85,128.0
190,HLA-DRB107:01,8083.11,APF29074,SQTGWAFYVRA,190,129.0
120,HLA-DRB107:01,8138.38,APF29074,SLQVYGHNYYL,120,130.0
142,HLA-DRB107:01,8199.18,APF29074,TLLSGVLLVDG,142,131.0
1,HLA-DRB107:01,8634.83,APF29074,SNSSVPLSEVY,1,132.0
63,HLA-DRB107:01,8779.37,APF29074,IFDCFVNFNVD,63,133.0
58,HLA-DRB107:01,8852.38,APF29074,VLALSIFDCFV,58,134.0
212,HLA-DRB107:01,8882.6,APF29074,EGVLSEREKLL,212,135.0
207,HLA-DRB107:01,9012.0,APF29074,GVASQEGVLSE,207,136.0
143,HLA-DRB107:01,9024.09,APF29074,LLSGVLLVDGH,143,137.0
197,HLA-DRB107:01,9137.4,APF29074,YVRAKHGDFSG,197,138.0
88,HLA-DRB107:01,9223.82,APF29074,LCLWVMYFVNS,88,139.0
51,HLA-DRB107:01,9245.86,APF29074,LWCLWPLVLAL,51,140.0
84,HLA-DRB107:01,9252.05,APF29074,SIITLCLWVMY,84,141.0
37,HLA-DRB107:01,9352.85,APF29074,YKYSRLLYGLK,37,142.0
173,HLA-DRB107:01,9435.21,APF29074,PSTTIVCDRVG,173,143.0
201,HLA-DRB107:01,9561.08,APF29074,KHGDFSGVASQ,201,144.0
182,HLA-DRB107:01,9609.44,APF29074,VGRSVNETSQT,182,145.0
160,HLA-DRB107:01,9681.56,APF29074,QVGQLPKYVIV,160,146.0
32,HLA-DRB107:01,9714.34,APF29074,LQYGHYKYSRL,32,147.0
176,HLA-DRB107:01,10309.7,APF29074,TIVCDRVGRSV,176,148.0
62,HLA-DRB107:01,10693.83,APF29074,SIFDCFVNFNV,62,149.0
121,HLA-DRB107:01,10813.4,APF29074,LQVYGHNYYLP,121,150.0
161,HLA-DRB107:01,10851.85,APF29074,VGQLPKYVIVA,161,151.0
10,HLA-DRB107:01,10908.95,APF29074,VYVHLRNWNFS,10,152.0
191,HLA-DRB107:01,10945.44,APF29074,QTGWAFYVRAK,191,153.0
187,HLA-DRB107:01,10955.94,APF29074,NETSQTGWAFY,187,154.0
177,HLA-DRB107:01,11044.02,APF29074,IVCDRVGRSVN,177,155.0
211,HLA-DRB107:01,11099.82,APF29074,QEGVLSEREKL,211,156.0
157,HLA-DRB107:01,11333.5,APF29074,TRVQVGQLPKY,157,157.0
48,HLA-DRB107:01,11437.25,APF29074,MSVLWCLWPLV,48,158.0
185,HLA-DRB107:01,11518.91,APF29074,SVNETSQTGWA,185,159.0
17,HLA-DRB107:01,11702.83,APF29074,WNFSWNLILTV,17,160.0
103,HLA-DRB107:01,11757.56,APF29074,RRVKTFWAFNP,103,161.0
50,HLA-DRB107:01,11782.65,APF29074,VLWCLWPLVLA,50,162.0
208,HLA-DRB107:01,12010.49,APF29074,VASQEGVLSER,208,163.0
119,HLA-DRB107:01,12411.49,APF29074,ISLQVYGHNYY,119,164.0
67,HLA-DRB107:01,12616.25,APF29074,FVNFNVDWVFF,67,165.0
74,HLA-DRB107:01,12740.96,APF29074,WVFFGFSILMS,74,166.0
147,HLA-DRB107:01,12743.46,APF29074,VLLVDGHKIAT,147,167.0
60,HLA-DRB107:01,12878.2,APF29074,ALSIFDCFVNF,60,168.0
8,HLA-DRB107:01,13752.25,APF29074,SEVYVHLRNWN,8,169.0
178,HLA-DRB107:01,13800.79,APF29074,VCDRVGRSVNE,178,170.0
156,HLA-DRB107:01,13927.98,APF29074,ATRVQVGQLPK,156,171.0
206,HLA-DRB107:01,13941.53,APF29074,SGVASQEGVLS,206,172.0
105,HLA-DRB107:01,14097.95,APF29074,VKTFWAFNPET,105,173.0
179,HLA-DRB107:01,14301.13,APF29074,CDRVGRSVNET,179,174.0
12,HLA-DRB107:01,14312.73,APF29074,VHLRNWNFSWN,12,175.0
68,HLA-DRB107:01,14520.77,APF29074,VNFNVDWVFFG,68,176.0
107,HLA-DRB107:01,14566.95,APF29074,TFWAFNPETNA,107,177.0
69,HLA-DRB107:01,14737.42,APF29074,NFNVDWVFFGF,69,178.0
49,HLA-DRB107:01,14798.5,APF29074,SVLWCLWPLVL,49,179.0
59,HLA-DRB107:01,15286.6,APF29074,LALSIFDCFVN,59,180.0
164,HLA-DRB107:01,15387.16,APF29074,LPKYVIVATPS,164,181.0
30,HLA-DRB107:01,15414.35,APF29074,VVLQYGHYKYS,30,182.0
199,HLA-DRB107:01,15506.14,APF29074,RAKHGDFSGVA,199,183.0
188,HLA-DRB107:01,15608.59,APF29074,ETSQTGWAFYV,188,184.0
184,HLA-DRB107:01,15765.64,APF29074,RSVNETSQTGW,184,185.0
124,HLA-DRB107:01,15779.6,APF29074,YGHNYYLPVMA,124,186.0
31,HLA-DRB107:01,15807.08,APF29074,VLQYGHYKYSR,31,187.0
149,HLA-DRB107:01,16176.7,APF29074,LVDGHKIATRV,149,188.0
73,HLA-DRB107:01,16453.85,APF29074,DWVFFGFSILM,73,189.0
214,HLA-DRB107:01,16479.75,APF29074,VLSEREKLLHL,214,190.0
175,HLA-DRB107:01,16588.39,APF29074,TTIVCDRVGRS,175,191.0
118,HLA-DRB107:01,16699.07,APF29074,IISLQVYGHNY,118,192.0
39,HLA-DRB107:01,16888.13,APF29074,YSRLLYGLKMS,39,193.0
111,HLA-DRB107:01,16894.1,APF29074,FNPETNAIISL,111,194.0
40,HLA-DRB107:01,17031.72,APF29074,SRLLYGLKMSV,40,195.0
198,HLA-DRB107:01,17064.48,APF29074,VRAKHGDFSGV,198,196.0
122,HLA-DRB107:01,17413.18,APF29074,QVYGHNYYLPV,122,197.0
64,HLA-DRB107:01,17491.83,APF29074,FDCFVNFNVDW,64,198.0
117,HLA-DRB107:01,17550.63,APF29074,AIISLQVYGHN,117,199.0
200,HLA-DRB107:01,17626.98,APF29074,AKHGDFSGVAS,200,200.0
29,HLA-DRB107:01,18270.08,APF29074,IVVLQYGHYKY,29,201.0
181,HLA-DRB107:01,18405.78,APF29074,RVGRSVNETSQ,181,202.0
70,HLA-DRB107:01,18550.08,APF29074,FNVDWVFFGFS,70,203.0
61,HLA-DRB107:01,19335.85,APF29074,LSIFDCFVNFN,61,204.0
180,HLA-DRB107:01,19393.8,APF29074,DRVGRSVNETS,180,205.0
106,HLA-DRB107:01,21861.27,APF29074,KTFWAFNPETN,106,206.0
215,HLA-DRB107:01,22326.1,APF29074,LSEREKLLHLI,215,207.0
209,HLA-DRB107:01,22524.05,APF29074,ASQEGVLSERE,209,208.0
112,HLA-DRB107:01,24639.9,APF29074,NPETNAIISLQ,112,209.0
210,HLA-DRB107:01,25212.92,APF29074,SQEGVLSEREK,210,210.0
213,HLA-DRB107:01,25669.71,APF29074,GVLSEREKLLH,213,211.0
148,HLA-DRB107:01,26062.07,APF29074,LLVDGHKIATR,148,212.0
144,HLA-DRB107:01,26504.18,APF29074,LSGVLLVDGHK,144,213.0
183,HLA-DRB107:01,27740.97,APF29074,GRSVNETSQTG,183,214.0
72,HLA-DRB107:01,28870.32,APF29074,VDWVFFGFSIL,72,215.0
123,HLA-DRB107:01,31757.72,APF29074,VYGHNYYLPVM,123,216.0
55,HLA-DRB108:01,282.14,APF29074,WPLVLALSIFD,55,1.0
141,HLA-DRB108:01,362.84,APF29074,LTLLSGVLLVD,141,2.0
96,HLA-DRB108:01,493.93,APF29074,VNSFRLWRRVK,96,3.0
56,HLA-DRB108:01,787.47,APF29074,PLVLALSIFDC,56,4.0
214,HLA-DRB108:01,863.96,APF29074,VLSEREKLLHL,214,5.0
95,HLA-DRB108:01,954.92,APF29074,FVNSFRLWRRV,95,6.0
94,HLA-DRB108:01,1033.44,APF29074,YFVNSFRLWRR,94,7.0
5,HLA-DRB108:01,1235.99,APF29074,VPLSEVYVHLR,5,8.0
82,HLA-DRB108:01,1312.43,APF29074,LMSIITLCLWV,82,9.0
84,HLA-DRB108:01,1491.51,APF29074,SIITLCLWVMY,84,10.0
93,HLA-DRB108:01,1588.17,APF29074,MYFVNSFRLWR,93,11.0
4,HLA-DRB108:01,1736.48,APF29074,SVPLSEVYVHL,4,12.0
38,HLA-DRB108:01,1832.54,APF29074,KYSRLLYGLKM,38,13.0
83,HLA-DRB108:01,1850.32,APF29074,MSIITLCLWVM,83,14.0
97,HLA-DRB108:01,2040.21,APF29074,NSFRLWRRVKT,97,15.0
42,HLA-DRB108:01,2327.41,APF29074,LLYGLKMSVLW,42,16.0
24,HLA-DRB108:01,2373.76,APF29074,ILTVFIVVLQY,24,17.0
92,HLA-DRB108:01,2444.2,APF29074,VMYFVNSFRLW,92,18.0
189,HLA-DRB108:01,2456.85,APF29074,TSQTGWAFYVR,189,19.0
142,HLA-DRB108:01,2467.7,APF29074,TLLSGVLLVDG,142,20.0
99,HLA-DRB108:01,2496.06,APF29074,FRLWRRVKTFW,99,21.0
215,HLA-DRB108:01,2560.36,APF29074,LSEREKLLHLI,215,22.0
22,HLA-DRB108:01,2579.07,APF29074,NLILTVFIVVL,22,23.0
131,HLA-DRB108:01,2604.99,APF29074,PVMAAPTGVTL,131,24.0
100,HLA-DRB108:01,2634.93,APF29074,RLWRRVKTFWA,100,25.0
81,HLA-DRB108:01,2783.41,APF29074,ILMSIITLCLW,81,26.0
169,HLA-DRB108:01,2789.33,APF29074,IVATPSTTIVC,169,27.0
57,HLA-DRB108:01,2836.25,APF29074,LVLALSIFDCF,57,28.0
133,HLA-DRB108:01,2862.42,APF29074,MAAPTGVTLTL,133,29.0
212,HLA-DRB108:01,2887.8,APF29074,EGVLSEREKLL,212,30.0
41,HLA-DRB108:01,3004.32,APF29074,RLLYGLKMSVL,41,31.0
195,HLA-DRB108:01,3166.48,APF29074,AFYVRAKHGDF,195,32.0
98,HLA-DRB108:01,3203.36,APF29074,SFRLWRRVKTF,98,33.0
134,HLA-DRB108:01,3277.78,APF29074,AAPTGVTLTLL,134,34.0
159,HLA-DRB108:01,3356.49,APF29074,VQVGQLPKYVI,159,35.0
53,HLA-DRB108:01,3425.99,APF29074,CLWPLVLALSI,53,36.0
171,HLA-DRB108:01,3633.89,APF29074,ATPSTTIVCDR,171,37.0
205,HLA-DRB108:01,3694.21,APF29074,FSGVASQEGVL,205,38.0
146,HLA-DRB108:01,3698.35,APF29074,GVLLVDGHKIA,146,39.0
130,HLA-DRB108:01,3721.67,APF29074,LPVMAAPTGVT,130,40.0
174,HLA-DRB108:01,3722.63,APF29074,STTIVCDRVGR,174,41.0
166,HLA-DRB108:01,3723.91,APF29074,KYVIVATPSTT,166,42.0
153,HLA-DRB108:01,3756.25,APF29074,HKIATRVQVGQ,153,43.0
86,HLA-DRB108:01,3777.1,APF29074,ITLCLWVMYFV,86,44.0
145,HLA-DRB108:01,3778.6,APF29074,SGVLLVDGHKI,145,45.0
6,HLA-DRB108:01,3818.71,APF29074,PLSEVYVHLRN,6,46.0
31,HLA-DRB108:01,3983.25,APF29074,VLQYGHYKYSR,31,47.0
140,HLA-DRB108:01,4072.91,APF29074,TLTLLSGVLLV,140,48.0
154,HLA-DRB108:01,4074.67,APF29074,KIATRVQVGQL,154,49.0
143,HLA-DRB108:01,4135.17,APF29074,LLSGVLLVDGH,143,50.0
14,HLA-DRB108:01,4168.77,APF29074,LRNWNFSWNLI,14,51.0
167,HLA-DRB108:01,4172.73,APF29074,YVIVATPSTTI,167,52.0
172,HLA-DRB108:01,4195.06,APF29074,TPSTTIVCDRV,172,53.0
48,HLA-DRB108:01,4213.39,APF29074,MSVLWCLWPLV,48,54.0
58,HLA-DRB108:01,4230.3,APF29074,VLALSIFDCFV,58,55.0
113,HLA-DRB108:01,4246.92,APF29074,PETNAIISLQV,113,56.0
213,HLA-DRB108:01,4255.03,APF29074,GVLSEREKLLH,213,57.0
194,HLA-DRB108:01,4309.42,APF29074,WAFYVRAKHGD,194,58.0
137,HLA-DRB108:01,4334.37,APF29074,TGVTLTLLSGV,137,59.0
76,HLA-DRB108:01,4433.38,APF29074,FFGFSILMSII,76,60.0
196,HLA-DRB108:01,4465.22,APF29074,FYVRAKHGDFS,196,61.0
132,HLA-DRB108:01,4482.42,APF29074,VMAAPTGVTLT,132,62.0
27,HLA-DRB108:01,4544.98,APF29074,VFIVVLQYGHY,27,63.0
160,HLA-DRB108:01,4616.5,APF29074,QVGQLPKYVIV,160,64.0
45,HLA-DRB108:01,4630.85,APF29074,GLKMSVLWCLW,45,65.0
36,HLA-DRB108:01,4675.74,APF29074,HYKYSRLLYGL,36,66.0
26,HLA-DRB108:01,4678.49,APF29074,TVFIVVLQYGH,26,67.0
40,HLA-DRB108:01,4680.82,APF29074,SRLLYGLKMSV,40,68.0
170,HLA-DRB108:01,4683.24,APF29074,VATPSTTIVCD,170,69.0
7,HLA-DRB108:01,4876.9,APF29074,LSEVYVHLRNW,7,70.0
135,HLA-DRB108:01,4877.03,APF29074,APTGVTLTLLS,135,71.0
47,HLA-DRB108:01,4897.32,APF29074,KMSVLWCLWPL,47,72.0
147,HLA-DRB108:01,4922.81,APF29074,VLLVDGHKIAT,147,73.0
78,HLA-DRB108:01,5074.63,APF29074,GFSILMSIITL,78,74.0
158,HLA-DRB108:01,5086.64,APF29074,RVQVGQLPKYV,158,75.0
190,HLA-DRB108:01,5138.26,APF29074,SQTGWAFYVRA,190,76.0
211,HLA-DRB108:01,5155.15,APF29074,QEGVLSEREKL,211,77.0
138,HLA-DRB108:01,5216.36,APF29074,GVTLTLLSGVL,138,78.0
75,HLA-DRB108:01,5363.8,APF29074,VFFGFSILMSI,75,79.0
11,HLA-DRB108:01,5398.82,APF29074,YVHLRNWNFSW,11,80.0
2,HLA-DRB108:01,5470.67,APF29074,NSSVPLSEVYV,2,81.0
19,HLA-DRB108:01,5630.15,APF29074,FSWNLILTVFI,19,82.0
71,HLA-DRB108:01,5634.55,APF29074,NVDWVFFGFSI,71,83.0
44,HLA-DRB108:01,5635.56,APF29074,YGLKMSVLWCL,44,84.0
20,HLA-DRB108:01,5642.91,APF29074,SWNLILTVFIV,20,85.0
3,HLA-DRB108:01,5692.09,APF29074,SSVPLSEVYVH,3,86.0
151,HLA-DRB108:01,5841.4,APF29074,DGHKIATRVQV,151,87.0
39,HLA-DRB108:01,5852.78,APF29074,YSRLLYGLKMS,39,88.0
85,HLA-DRB108:01,5957.75,APF29074,IITLCLWVMYF,85,89.0
33,HLA-DRB108:01,5960.26,APF29074,QYGHYKYSRLL,33,90.0
187,HLA-DRB108:01,5970.85,APF29074,NETSQTGWAFY,187,91.0
9,HLA-DRB108:01,6075.02,APF29074,EVYVHLRNWNF,9,92.0
91,HLA-DRB108:01,6099.38,APF29074,WVMYFVNSFRL,91,93.0
54,HLA-DRB108:01,6122.54,APF29074,LWPLVLALSIF,54,94.0
0,HLA-DRB108:01,6137.91,APF29074,MSNSSVPLSEV,0,95.0
114,HLA-DRB108:01,6176.53,APF29074,ETNAIISLQVY,114,96.0
161,HLA-DRB108:01,6197.59,APF29074,VGQLPKYVIVA,161,97.0
21,HLA-DRB108:01,6288.91,APF29074,WNLILTVFIVV,21,98.0
173,HLA-DRB108:01,6340.79,APF29074,PSTTIVCDRVG,173,99.0
10,HLA-DRB108:01,6361.18,APF29074,VYVHLRNWNFS,10,100.0
108,HLA-DRB108:01,6372.13,APF29074,FWAFNPETNAI,108,101.0
15,HLA-DRB108:01,6463.35,APF29074,RNWNFSWNLIL,15,102.0
129,HLA-DRB108:01,6543.27,APF29074,YLPVMAAPTGV,129,103.0
168,HLA-DRB108:01,6584.96,APF29074,VIVATPSTTIV,168,104.0
197,HLA-DRB108:01,6677.62,APF29074,YVRAKHGDFSG,197,105.0
126,HLA-DRB108:01,6700.95,APF29074,HNYYLPVMAAP,126,106.0
136,HLA-DRB108:01,6741.28,APF29074,PTGVTLTLLSG,136,107.0
109,HLA-DRB108:01,6756.76,APF29074,WAFNPETNAII,109,108.0
16,HLA-DRB108:01,6760.72,APF29074,NWNFSWNLILT,16,109.0
37,HLA-DRB108:01,6829.93,APF29074,YKYSRLLYGLK,37,110.0
1,HLA-DRB108:01,6869.47,APF29074,SNSSVPLSEVY,1,111.0
59,HLA-DRB108:01,7072.6,APF29074,LALSIFDCFVN,59,112.0
127,HLA-DRB108:01,7176.58,APF29074,NYYLPVMAAPT,127,113.0
43,HLA-DRB108:01,7221.18,APF29074,LYGLKMSVLWC,43,114.0
18,HLA-DRB108:01,7221.51,APF29074,NFSWNLILTVF,18,115.0
139,HLA-DRB108:01,7226.42,APF29074,VTLTLLSGVLL,139,116.0
65,HLA-DRB108:01,7328.87,APF29074,DCFVNFNVDWV,65,117.0
165,HLA-DRB108:01,7374.11,APF29074,PKYVIVATPST,165,118.0
176,HLA-DRB108:01,7385.57,APF29074,TIVCDRVGRSV,176,119.0
80,HLA-DRB108:01,7425.46,APF29074,SILMSIITLCL,80,120.0
177,HLA-DRB108:01,7437.6,APF29074,IVCDRVGRSVN,177,121.0
13,HLA-DRB108:01,7514.2,APF29074,HLRNWNFSWNL,13,122.0
111,HLA-DRB108:01,7522.67,APF29074,FNPETNAIISL,111,123.0
110,HLA-DRB108:01,7659.69,APF29074,AFNPETNAIIS,110,124.0
175,HLA-DRB108:01,7732.28,APF29074,TTIVCDRVGRS,175,125.0
87,HLA-DRB108:01,7790.34,APF29074,TLCLWVMYFVN,87,126.0
116,HLA-DRB108:01,7806.63,APF29074,NAIISLQVYGH,116,127.0
23,HLA-DRB108:01,7914.1,APF29074,LILTVFIVVLQ,23,128.0
66,HLA-DRB108:01,7935.11,APF29074,CFVNFNVDWVF,66,129.0
150,HLA-DRB108:01,7965.79,APF29074,VDGHKIATRVQ,150,130.0
204,HLA-DRB108:01,8038.51,APF29074,DFSGVASQEGV,204,131.0
115,HLA-DRB108:01,8103.97,APF29074,TNAIISLQVYG,115,132.0
152,HLA-DRB108:01,8113.23,APF29074,GHKIATRVQVG,152,133.0
73,HLA-DRB108:01,8172.8,APF29074,DWVFFGFSILM,73,134.0
32,HLA-DRB108:01,8181.56,APF29074,LQYGHYKYSRL,32,135.0
34,HLA-DRB108:01,8216.46,APF29074,YGHYKYSRLLY,34,136.0
8,HLA-DRB108:01,8301.61,APF29074,SEVYVHLRNWN,8,137.0
30,HLA-DRB108:01,8336.28,APF29074,VVLQYGHYKYS,30,138.0
120,HLA-DRB108:01,8368.84,APF29074,SLQVYGHNYYL,120,139.0
101,HLA-DRB108:01,8455.32,APF29074,LWRRVKTFWAF,101,140.0
60,HLA-DRB108:01,8583.99,APF29074,ALSIFDCFVNF,60,141.0
193,HLA-DRB108:01,8588.19,APF29074,GWAFYVRAKHG,193,142.0
207,HLA-DRB108:01,8784.24,APF29074,GVASQEGVLSE,207,143.0
163,HLA-DRB108:01,8923.01,APF29074,QLPKYVIVATP,163,144.0
162,HLA-DRB108:01,9007.03,APF29074,GQLPKYVIVAT,162,145.0
51,HLA-DRB108:01,9016.88,APF29074,LWCLWPLVLAL,51,146.0
29,HLA-DRB108:01,9047.56,APF29074,IVVLQYGHYKY,29,147.0
25,HLA-DRB108:01,9193.94,APF29074,LTVFIVVLQYG,25,148.0
188,HLA-DRB108:01,9321.04,APF29074,ETSQTGWAFYV,188,149.0
77,HLA-DRB108:01,9328.57,APF29074,FGFSILMSIIT,77,150.0
178,HLA-DRB108:01,9454.85,APF29074,VCDRVGRSVNE,178,151.0
148,HLA-DRB108:01,9630.58,APF29074,LLVDGHKIATR,148,152.0
17,HLA-DRB108:01,9652.77,APF29074,WNFSWNLILTV,17,153.0
50,HLA-DRB108:01,9661.44,APF29074,VLWCLWPLVLA,50,154.0
35,HLA-DRB108:01,9714.79,APF29074,GHYKYSRLLYG,35,155.0
102,HLA-DRB108:01,9861.74,APF29074,WRRVKTFWAFN,102,156.0
206,HLA-DRB108:01,9988.06,APF29074,SGVASQEGVLS,206,157.0
121,HLA-DRB108:01,10077.78,APF29074,LQVYGHNYYLP,121,158.0
112,HLA-DRB108:01,10087.62,APF29074,NPETNAIISLQ,112,159.0
184,HLA-DRB108:01,10169.99,APF29074,RSVNETSQTGW,184,160.0
122,HLA-DRB108:01,10291.82,APF29074,QVYGHNYYLPV,122,161.0
125,HLA-DRB108:01,10322.95,APF29074,GHNYYLPVMAA,125,162.0
88,HLA-DRB108:01,10334.23,APF29074,LCLWVMYFVNS,88,163.0
79,HLA-DRB108:01,10367.94,APF29074,FSILMSIITLC,79,164.0
62,HLA-DRB108:01,10450.54,APF29074,SIFDCFVNFNV,62,165.0
49,HLA-DRB108:01,10676.83,APF29074,SVLWCLWPLVL,49,166.0
67,HLA-DRB108:01,10804.13,APF29074,FVNFNVDWVFF,67,167.0
198,HLA-DRB108:01,10839.47,APF29074,VRAKHGDFSGV,198,168.0
149,HLA-DRB108:01,10845.88,APF29074,LVDGHKIATRV,149,169.0
208,HLA-DRB108:01,10933.0,APF29074,VASQEGVLSER,208,170.0
63,HLA-DRB108:01,11041.91,APF29074,IFDCFVNFNVD,63,171.0
157,HLA-DRB108:01,11058.67,APF29074,TRVQVGQLPKY,157,172.0
155,HLA-DRB108:01,11112.48,APF29074,IATRVQVGQLP,155,173.0
28,HLA-DRB108:01,11212.73,APF29074,FIVVLQYGHYK,28,174.0
103,HLA-DRB108:01,11261.07,APF29074,RRVKTFWAFNP,103,175.0
179,HLA-DRB108:01,11292.59,APF29074,CDRVGRSVNET,179,176.0
118,HLA-DRB108:01,11351.95,APF29074,IISLQVYGHNY,118,177.0
191,HLA-DRB108:01,11405.42,APF29074,QTGWAFYVRAK,191,178.0
186,HLA-DRB108:01,11423.87,APF29074,VNETSQTGWAF,186,179.0
144,HLA-DRB108:01,11555.2,APF29074,LSGVLLVDGHK,144,180.0
117,HLA-DRB108:01,11581.48,APF29074,AIISLQVYGHN,117,181.0
68,HLA-DRB108:01,12031.6,APF29074,VNFNVDWVFFG,68,182.0
181,HLA-DRB108:01,12151.74,APF29074,RVGRSVNETSQ,181,183.0
182,HLA-DRB108:01,12181.05,APF29074,VGRSVNETSQT,182,184.0
107,HLA-DRB108:01,12397.4,APF29074,TFWAFNPETNA,107,185.0
202,HLA-DRB108:01,12613.22,APF29074,HGDFSGVASQE,202,186.0
46,HLA-DRB108:01,12691.26,APF29074,LKMSVLWCLWP,46,187.0
128,HLA-DRB108:01,12759.86,APF29074,YYLPVMAAPTG,128,188.0
124,HLA-DRB108:01,12833.47,APF29074,YGHNYYLPVMA,124,189.0
90,HLA-DRB108:01,12883.61,APF29074,LWVMYFVNSFR,90,190.0
52,HLA-DRB108:01,12916.98,APF29074,WCLWPLVLALS,52,191.0
185,HLA-DRB108:01,13030.04,APF29074,SVNETSQTGWA,185,192.0
12,HLA-DRB108:01,13056.29,APF29074,VHLRNWNFSWN,12,193.0
69,HLA-DRB108:01,13185.05,APF29074,NFNVDWVFFGF,69,194.0
123,HLA-DRB108:01,13226.52,APF29074,VYGHNYYLPVM,123,195.0
156,HLA-DRB108:01,13463.46,APF29074,ATRVQVGQLPK,156,196.0
199,HLA-DRB108:01,13467.96,APF29074,RAKHGDFSGVA,199,197.0
119,HLA-DRB108:01,13495.8,APF29074,ISLQVYGHNYY,119,198.0
203,HLA-DRB108:01,13569.01,APF29074,GDFSGVASQEG,203,199.0
105,HLA-DRB108:01,13833.52,APF29074,VKTFWAFNPET,105,200.0
209,HLA-DRB108:01,14457.01,APF29074,ASQEGVLSERE,209,201.0
64,HLA-DRB108:01,14555.86,APF29074,FDCFVNFNVDW,64,202.0
210,HLA-DRB108:01,14966.16,APF29074,SQEGVLSEREK,210,203.0
89,HLA-DRB108:01,14984.59,APF29074,CLWVMYFVNSF,89,204.0
74,HLA-DRB108:01,15001.84,APF29074,WVFFGFSILMS,74,205.0
72,HLA-DRB108:01,15494.13,APF29074,VDWVFFGFSIL,72,206.0
180,HLA-DRB108:01,15669.01,APF29074,DRVGRSVNETS,180,207.0
70,HLA-DRB108:01,15903.69,APF29074,FNVDWVFFGFS,70,208.0
61,HLA-DRB108:01,15922.26,APF29074,LSIFDCFVNFN,61,209.0
201,HLA-DRB108:01,16341.79,APF29074,KHGDFSGVASQ,201,210.0
164,HLA-DRB108:01,16869.38,APF29074,LPKYVIVATPS,164,211.0
104,HLA-DRB108:01,17407.34,APF29074,RVKTFWAFNPE,104,212.0
200,HLA-DRB108:01,17557.83,APF29074,AKHGDFSGVAS,200,213.0
183,HLA-DRB108:01,17777.64,APF29074,GRSVNETSQTG,183,214.0
192,HLA-DRB108:01,18839.46,APF29074,TGWAFYVRAKH,192,215.0
106,HLA-DRB108:01,20147.05,APF29074,KTFWAFNPETN,106,216.0
95,HLA-DRB111:01,64.62,APF29074,FVNSFRLWRRV,95,1.0
94,HLA-DRB111:01,78.2,APF29074,YFVNSFRLWRR,94,2.0
136,HLA-DRB111:01,96.27,APF29074,PTGVTLTLLSG,136,3.0
99,HLA-DRB111:01,102.2,APF29074,FRLWRRVKTFW,99,4.0
97,HLA-DRB111:01,132.14,APF29074,NSFRLWRRVKT,97,5.0
78,HLA-DRB111:01,179.18,APF29074,GFSILMSIITL,78,6.0
153,HLA-DRB111:01,230.81,APF29074,HKIATRVQVGQ,153,7.0
17,HLA-DRB111:01,246.02,APF29074,WNFSWNLILTV,17,8.0
83,HLA-DRB111:01,248.85,APF29074,MSIITLCLWVM,83,9.0
40,HLA-DRB111:01,261.36,APF29074,SRLLYGLKMSV,40,10.0
96,HLA-DRB111:01,284.92,APF29074,VNSFRLWRRVK,96,11.0
193,HLA-DRB111:01,290.36,APF29074,GWAFYVRAKHG,193,12.0
93,HLA-DRB111:01,311.2,APF29074,MYFVNSFRLWR,93,13.0
35,HLA-DRB111:01,332.45,APF29074,GHYKYSRLLYG,35,14.0
36,HLA-DRB111:01,436.47,APF29074,HYKYSRLLYGL,36,15.0
92,HLA-DRB111:01,475.94,APF29074,VMYFVNSFRLW,92,16.0
194,HLA-DRB111:01,497.87,APF29074,WAFYVRAKHGD,194,17.0
98,HLA-DRB111:01,510.41,APF29074,SFRLWRRVKTF,98,18.0
41,HLA-DRB111:01,623.4,APF29074,RLLYGLKMSVL,41,19.0
100,HLA-DRB111:01,743.85,APF29074,RLWRRVKTFWA,100,20.0
24,HLA-DRB111:01,756.77,APF29074,ILTVFIVVLQY,24,21.0
84,HLA-DRB111:01,893.75,APF29074,SIITLCLWVMY,84,22.0
55,HLA-DRB111:01,924.02,APF29074,WPLVLALSIFD,55,23.0
42,HLA-DRB111:01,1008.85,APF29074,LLYGLKMSVLW,42,24.0
75,HLA-DRB111:01,1027.78,APF29074,VFFGFSILMSI,75,25.0
38,HLA-DRB111:01,1090.26,APF29074,KYSRLLYGLKM,38,26.0
7,HLA-DRB111:01,1103.87,APF29074,LSEVYVHLRNW,7,27.0
37,HLA-DRB111:01,1216.71,APF29074,YKYSRLLYGLK,37,28.0
76,HLA-DRB111:01,1243.43,APF29074,FFGFSILMSII,76,29.0
81,HLA-DRB111:01,1392.49,APF29074,ILMSIITLCLW,81,30.0
74,HLA-DRB111:01,1472.48,APF29074,WVFFGFSILMS,74,31.0
51,HLA-DRB111:01,1530.26,APF29074,LWCLWPLVLAL,51,32.0
11,HLA-DRB111:01,1625.89,APF29074,YVHLRNWNFSW,11,33.0
113,HLA-DRB111:01,1646.12,APF29074,PETNAIISLQV,113,34.0
152,HLA-DRB111:01,1650.34,APF29074,GHKIATRVQVG,152,35.0
31,HLA-DRB111:01,1763.07,APF29074,VLQYGHYKYSR,31,36.0
82,HLA-DRB111:01,1805.72,APF29074,LMSIITLCLWV,82,37.0
190,HLA-DRB111:01,1811.39,APF29074,SQTGWAFYVRA,190,38.0
39,HLA-DRB111:01,1906.32,APF29074,YSRLLYGLKMS,39,39.0
151,HLA-DRB111:01,1933.46,APF29074,DGHKIATRVQV,151,40.0
9,HLA-DRB111:01,1998.54,APF29074,EVYVHLRNWNF,9,41.0
52,HLA-DRB111:01,2072.08,APF29074,WCLWPLVLALS,52,42.0
23,HLA-DRB111:01,2107.15,APF29074,LILTVFIVVLQ,23,43.0
203,HLA-DRB111:01,2129.24,APF29074,GDFSGVASQEG,203,44.0
25,HLA-DRB111:01,2145.4,APF29074,LTVFIVVLQYG,25,45.0
135,HLA-DRB111:01,2150.03,APF29074,APTGVTLTLLS,135,46.0
73,HLA-DRB111:01,2163.56,APF29074,DWVFFGFSILM,73,47.0
178,HLA-DRB111:01,2253.14,APF29074,VCDRVGRSVNE,178,48.0
127,HLA-DRB111:01,2299.46,APF29074,NYYLPVMAAPT,127,49.0
10,HLA-DRB111:01,2349.9,APF29074,VYVHLRNWNFS,10,50.0
163,HLA-DRB111:01,2355.78,APF29074,QLPKYVIVATP,163,51.0
77,HLA-DRB111:01,2418.81,APF29074,FGFSILMSIIT,77,52.0
101,HLA-DRB111:01,2501.18,APF29074,LWRRVKTFWAF,101,53.0
137,HLA-DRB111:01,2545.77,APF29074,TGVTLTLLSGV,137,54.0
16,HLA-DRB111:01,2731.87,APF29074,NWNFSWNLILT,16,55.0
91,HLA-DRB111:01,2771.57,APF29074,WVMYFVNSFRL,91,56.0
47,HLA-DRB111:01,2843.68,APF29074,KMSVLWCLWPL,47,57.0
180,HLA-DRB111:01,2935.15,APF29074,DRVGRSVNETS,180,58.0
202,HLA-DRB111:01,2940.78,APF29074,HGDFSGVASQE,202,59.0
53,HLA-DRB111:01,3249.0,APF29074,CLWPLVLALSI,53,60.0
128,HLA-DRB111:01,3272.62,APF29074,YYLPVMAAPTG,128,61.0
179,HLA-DRB111:01,3602.56,APF29074,CDRVGRSVNET,179,62.0
114,HLA-DRB111:01,3713.34,APF29074,ETNAIISLQVY,114,63.0
154,HLA-DRB111:01,3834.34,APF29074,KIATRVQVGQL,154,64.0
0,HLA-DRB111:01,3927.43,APF29074,MSNSSVPLSEV,0,65.0
189,HLA-DRB111:01,3944.04,APF29074,TSQTGWAFYVR,189,66.0
150,HLA-DRB111:01,4015.35,APF29074,VDGHKIATRVQ,150,67.0
5,HLA-DRB111:01,4174.6,APF29074,VPLSEVYVHLR,5,68.0
141,HLA-DRB111:01,4206.9,APF29074,LTLLSGVLLVD,141,69.0
212,HLA-DRB111:01,4253.7,APF29074,EGVLSEREKLL,212,70.0
129,HLA-DRB111:01,4337.77,APF29074,YLPVMAAPTGV,129,71.0
48,HLA-DRB111:01,4375.73,APF29074,MSVLWCLWPLV,48,72.0
15,HLA-DRB111:01,4473.68,APF29074,RNWNFSWNLIL,15,73.0
45,HLA-DRB111:01,4487.22,APF29074,GLKMSVLWCLW,45,74.0
181,HLA-DRB111:01,4580.9,APF29074,RVGRSVNETSQ,181,75.0
20,HLA-DRB111:01,4672.79,APF29074,SWNLILTVFIV,20,76.0
71,HLA-DRB111:01,4719.08,APF29074,NVDWVFFGFSI,71,77.0
126,HLA-DRB111:01,4837.62,APF29074,HNYYLPVMAAP,126,78.0
177,HLA-DRB111:01,4935.68,APF29074,IVCDRVGRSVN,177,79.0
14,HLA-DRB111:01,4946.99,APF29074,LRNWNFSWNLI,14,80.0
211,HLA-DRB111:01,5041.65,APF29074,QEGVLSEREKL,211,81.0
49,HLA-DRB111:01,5076.41,APF29074,SVLWCLWPLVL,49,82.0
26,HLA-DRB111:01,5320.5,APF29074,TVFIVVLQYGH,26,83.0
8,HLA-DRB111:01,5377.08,APF29074,SEVYVHLRNWN,8,84.0
21,HLA-DRB111:01,5453.58,APF29074,WNLILTVFIVV,21,85.0
182,HLA-DRB111:01,5742.57,APF29074,VGRSVNETSQT,182,86.0
142,HLA-DRB111:01,5819.93,APF29074,TLLSGVLLVDG,142,87.0
22,HLA-DRB111:01,6264.83,APF29074,NLILTVFIVVL,22,88.0
166,HLA-DRB111:01,6298.57,APF29074,KYVIVATPSTT,166,89.0
85,HLA-DRB111:01,6301.13,APF29074,IITLCLWVMYF,85,90.0
162,HLA-DRB111:01,6431.31,APF29074,GQLPKYVIVAT,162,91.0
215,HLA-DRB111:01,6777.43,APF29074,LSEREKLLHLI,215,92.0
18,HLA-DRB111:01,6871.01,APF29074,NFSWNLILTVF,18,93.0
204,HLA-DRB111:01,7010.76,APF29074,DFSGVASQEGV,204,94.0
44,HLA-DRB111:01,7180.43,APF29074,YGLKMSVLWCL,44,95.0
201,HLA-DRB111:01,7206.47,APF29074,KHGDFSGVASQ,201,96.0
56,HLA-DRB111:01,7305.65,APF29074,PLVLALSIFDC,56,97.0
80,HLA-DRB111:01,7436.94,APF29074,SILMSIITLCL,80,98.0
138,HLA-DRB111:01,7468.02,APF29074,GVTLTLLSGVL,138,99.0
86,HLA-DRB111:01,7490.84,APF29074,ITLCLWVMYFV,86,100.0
90,HLA-DRB111:01,7539.74,APF29074,LWVMYFVNSFR,90,101.0
158,HLA-DRB111:01,7750.71,APF29074,RVQVGQLPKYV,158,102.0
155,HLA-DRB111:01,7806.16,APF29074,IATRVQVGQLP,155,103.0
6,HLA-DRB111:01,7974.33,APF29074,PLSEVYVHLRN,6,104.0
134,HLA-DRB111:01,8062.8,APF29074,AAPTGVTLTLL,134,105.0
159,HLA-DRB111:01,8114.61,APF29074,VQVGQLPKYVI,159,106.0
34,HLA-DRB111:01,8126.16,APF29074,YGHYKYSRLLY,34,107.0
175,HLA-DRB111:01,8383.56,APF29074,TTIVCDRVGRS,175,108.0
79,HLA-DRB111:01,8449.3,APF29074,FSILMSIITLC,79,109.0
148,HLA-DRB111:01,8604.37,APF29074,LLVDGHKIATR,148,110.0
133,HLA-DRB111:01,8676.82,APF29074,MAAPTGVTLTL,133,111.0
176,HLA-DRB111:01,8751.58,APF29074,TIVCDRVGRSV,176,112.0
103,HLA-DRB111:01,8760.85,APF29074,RRVKTFWAFNP,103,113.0
88,HLA-DRB111:01,8835.46,APF29074,LCLWVMYFVNS,88,114.0
115,HLA-DRB111:01,8852.68,APF29074,TNAIISLQVYG,115,115.0
4,HLA-DRB111:01,8947.32,APF29074,SVPLSEVYVHL,4,116.0
19,HLA-DRB111:01,9209.79,APF29074,FSWNLILTVFI,19,117.0
174,HLA-DRB111:01,9337.21,APF29074,STTIVCDRVGR,174,118.0
50,HLA-DRB111:01,9382.96,APF29074,VLWCLWPLVLA,50,119.0
112,HLA-DRB111:01,9789.27,APF29074,NPETNAIISLQ,112,120.0
186,HLA-DRB111:01,9795.41,APF29074,VNETSQTGWAF,186,121.0
183,HLA-DRB111:01,9803.64,APF29074,GRSVNETSQTG,183,122.0
140,HLA-DRB111:01,10069.21,APF29074,TLTLLSGVLLV,140,123.0
54,HLA-DRB111:01,10118.42,APF29074,LWPLVLALSIF,54,124.0
43,HLA-DRB111:01,10391.5,APF29074,LYGLKMSVLWC,43,125.0
165,HLA-DRB111:01,10613.54,APF29074,PKYVIVATPST,165,126.0
156,HLA-DRB111:01,10630.07,APF29074,ATRVQVGQLPK,156,127.0
214,HLA-DRB111:01,10662.98,APF29074,VLSEREKLLHL,214,128.0
207,HLA-DRB111:01,10695.16,APF29074,GVASQEGVLSE,207,129.0
102,HLA-DRB111:01,11015.87,APF29074,WRRVKTFWAFN,102,130.0
187,HLA-DRB111:01,11115.53,APF29074,NETSQTGWAFY,187,131.0
208,HLA-DRB111:01,11431.1,APF29074,VASQEGVLSER,208,132.0
108,HLA-DRB111:01,11461.53,APF29074,FWAFNPETNAI,108,133.0
160,HLA-DRB111:01,11481.98,APF29074,QVGQLPKYVIV,160,134.0
65,HLA-DRB111:01,11517.2,APF29074,DCFVNFNVDWV,65,135.0
105,HLA-DRB111:01,11546.64,APF29074,VKTFWAFNPET,105,136.0
130,HLA-DRB111:01,11713.26,APF29074,LPVMAAPTGVT,130,137.0
205,HLA-DRB111:01,11795.7,APF29074,FSGVASQEGVL,205,138.0
157,HLA-DRB111:01,12069.97,APF29074,TRVQVGQLPKY,157,139.0
161,HLA-DRB111:01,12070.11,APF29074,VGQLPKYVIVA,161,140.0
199,HLA-DRB111:01,12310.46,APF29074,RAKHGDFSGVA,199,141.0
27,HLA-DRB111:01,12447.25,APF29074,VFIVVLQYGHY,27,142.0
104,HLA-DRB111:01,12502.01,APF29074,RVKTFWAFNPE,104,143.0
197,HLA-DRB111:01,12514.49,APF29074,YVRAKHGDFSG,197,144.0
33,HLA-DRB111:01,12705.18,APF29074,QYGHYKYSRLL,33,145.0
209,HLA-DRB111:01,13025.29,APF29074,ASQEGVLSERE,209,146.0
196,HLA-DRB111:01,13100.07,APF29074,FYVRAKHGDFS,196,147.0
195,HLA-DRB111:01,13254.96,APF29074,AFYVRAKHGDF,195,148.0
143,HLA-DRB111:01,13431.36,APF29074,LLSGVLLVDGH,143,149.0
2,HLA-DRB111:01,13440.55,APF29074,NSSVPLSEVYV,2,150.0
109,HLA-DRB111:01,13529.56,APF29074,WAFNPETNAII,109,151.0
13,HLA-DRB111:01,13543.04,APF29074,HLRNWNFSWNL,13,152.0
32,HLA-DRB111:01,13594.25,APF29074,LQYGHYKYSRL,32,153.0
191,HLA-DRB111:01,13647.69,APF29074,QTGWAFYVRAK,191,154.0
107,HLA-DRB111:01,13667.33,APF29074,TFWAFNPETNA,107,155.0
1,HLA-DRB111:01,14082.3,APF29074,SNSSVPLSEVY,1,156.0
210,HLA-DRB111:01,14395.01,APF29074,SQEGVLSEREK,210,157.0
172,HLA-DRB111:01,14664.25,APF29074,TPSTTIVCDRV,172,158.0
149,HLA-DRB111:01,14981.35,APF29074,LVDGHKIATRV,149,159.0
132,HLA-DRB111:01,15188.92,APF29074,VMAAPTGVTLT,132,160.0
200,HLA-DRB111:01,15252.22,APF29074,AKHGDFSGVAS,200,161.0
139,HLA-DRB111:01,15500.89,APF29074,VTLTLLSGVLL,139,162.0
213,HLA-DRB111:01,15747.85,APF29074,GVLSEREKLLH,213,163.0
3,HLA-DRB111:01,15795.49,APF29074,SSVPLSEVYVH,3,164.0
131,HLA-DRB111:01,15960.12,APF29074,PVMAAPTGVTL,131,165.0
173,HLA-DRB111:01,16027.89,APF29074,PSTTIVCDRVG,173,166.0
147,HLA-DRB111:01,16120.89,APF29074,VLLVDGHKIAT,147,167.0
12,HLA-DRB111:01,16326.94,APF29074,VHLRNWNFSWN,12,168.0
116,HLA-DRB111:01,16383.56,APF29074,NAIISLQVYGH,116,169.0
125,HLA-DRB111:01,16517.53,APF29074,GHNYYLPVMAA,125,170.0
185,HLA-DRB111:01,16526.02,APF29074,SVNETSQTGWA,185,171.0
146,HLA-DRB111:01,16860.19,APF29074,GVLLVDGHKIA,146,172.0
171,HLA-DRB111:01,17039.57,APF29074,ATPSTTIVCDR,171,173.0
87,HLA-DRB111:01,17071.18,APF29074,TLCLWVMYFVN,87,174.0
70,HLA-DRB111:01,17131.61,APF29074,FNVDWVFFGFS,70,175.0
164,HLA-DRB111:01,17151.18,APF29074,LPKYVIVATPS,164,176.0
121,HLA-DRB111:01,17388.54,APF29074,LQVYGHNYYLP,121,177.0
57,HLA-DRB111:01,18050.25,APF29074,LVLALSIFDCF,57,178.0
58,HLA-DRB111:01,18366.09,APF29074,VLALSIFDCFV,58,179.0
167,HLA-DRB111:01,18531.31,APF29074,YVIVATPSTTI,167,180.0
69,HLA-DRB111:01,18598.82,APF29074,NFNVDWVFFGF,69,181.0
198,HLA-DRB111:01,18639.52,APF29074,VRAKHGDFSGV,198,182.0
188,HLA-DRB111:01,18919.67,APF29074,ETSQTGWAFYV,188,183.0
184,HLA-DRB111:01,18931.31,APF29074,RSVNETSQTGW,184,184.0
110,HLA-DRB111:01,19024.84,APF29074,AFNPETNAIIS,110,185.0
63,HLA-DRB111:01,19128.17,APF29074,IFDCFVNFNVD,63,186.0
169,HLA-DRB111:01,19306.06,APF29074,IVATPSTTIVC,169,187.0
145,HLA-DRB111:01,19470.65,APF29074,SGVLLVDGHKI,145,188.0
68,HLA-DRB111:01,19669.1,APF29074,VNFNVDWVFFG,68,189.0
30,HLA-DRB111:01,19772.36,APF29074,VVLQYGHYKYS,30,190.0
46,HLA-DRB111:01,20376.49,APF29074,LKMSVLWCLWP,46,191.0
62,HLA-DRB111:01,20955.66,APF29074,SIFDCFVNFNV,62,192.0
66,HLA-DRB111:01,21759.95,APF29074,CFVNFNVDWVF,66,193.0
206,HLA-DRB111:01,21931.42,APF29074,SGVASQEGVLS,206,194.0
72,HLA-DRB111:01,22191.71,APF29074,VDWVFFGFSIL,72,195.0
106,HLA-DRB111:01,22893.5,APF29074,KTFWAFNPETN,106,196.0
111,HLA-DRB111:01,23182.74,APF29074,FNPETNAIISL,111,197.0
89,HLA-DRB111:01,23247.27,APF29074,CLWVMYFVNSF,89,198.0
117,HLA-DRB111:01,23855.94,APF29074,AIISLQVYGHN,117,199.0
64,HLA-DRB111:01,24272.16,APF29074,FDCFVNFNVDW,64,200.0
120,HLA-DRB111:01,24297.88,APF29074,SLQVYGHNYYL,120,201.0
122,HLA-DRB111:01,24750.83,APF29074,QVYGHNYYLPV,122,202.0
192,HLA-DRB111:01,24838.34,APF29074,TGWAFYVRAKH,192,203.0
28,HLA-DRB111:01,26704.22,APF29074,FIVVLQYGHYK,28,204.0
170,HLA-DRB111:01,26844.36,APF29074,VATPSTTIVCD,170,205.0
67,HLA-DRB111:01,27121.22,APF29074,FVNFNVDWVFF,67,206.0
144,HLA-DRB111:01,29159.03,APF29074,LSGVLLVDGHK,144,207.0
118,HLA-DRB111:01,29221.61,APF29074,IISLQVYGHNY,118,208.0
119,HLA-DRB111:01,29470.11,APF29074,ISLQVYGHNYY,119,209.0
123,HLA-DRB111:01,29572.45,APF29074,VYGHNYYLPVM,123,210.0
29,HLA-DRB111:01,30198.71,APF29074,IVVLQYGHYKY,29,211.0
124,HLA-DRB111:01,31133.71,APF29074,YGHNYYLPVMA,124,212.0
168,HLA-DRB111:01,31639.69,APF29074,VIVATPSTTIV,168,213.0
59,HLA-DRB111:01,31754.85,APF29074,LALSIFDCFVN,59,214.0
60,HLA-DRB111:01,33873.93,APF29074,ALSIFDCFVNF,60,215.0
61,HLA-DRB111:01,34606.92,APF29074,LSIFDCFVNFN,61,216.0
121,HLA-DRB112:01,118.15,APF29074,LQVYGHNYYLP,121,1.0
55,HLA-DRB112:01,143.89,APF29074,WPLVLALSIFD,55,2.0
84,HLA-DRB112:01,222.04,APF29074,SIITLCLWVMY,84,3.0
159,HLA-DRB112:01,263.39,APF29074,VQVGQLPKYVI,159,4.0
158,HLA-DRB112:01,306.11,APF29074,RVQVGQLPKYV,158,5.0
31,HLA-DRB112:01,326.89,APF29074,VLQYGHYKYSR,31,6.0
83,HLA-DRB112:01,331.81,APF29074,MSIITLCLWVM,83,7.0
30,HLA-DRB112:01,358.28,APF29074,VVLQYGHYKYS,30,8.0
85,HLA-DRB112:01,378.91,APF29074,IITLCLWVMYF,85,9.0
76,HLA-DRB112:01,397.84,APF29074,FFGFSILMSII,76,10.0
154,HLA-DRB112:01,446.16,APF29074,KIATRVQVGQL,154,11.0
24,HLA-DRB112:01,474.91,APF29074,ILTVFIVVLQY,24,12.0
82,HLA-DRB112:01,494.06,APF29074,LMSIITLCLWV,82,13.0
29,HLA-DRB112:01,516.35,APF29074,IVVLQYGHYKY,29,14.0
96,HLA-DRB112:01,545.18,APF29074,VNSFRLWRRVK,96,15.0
95,HLA-DRB112:01,603.4,APF29074,FVNSFRLWRRV,95,16.0
75,HLA-DRB112:01,629.63,APF29074,VFFGFSILMSI,75,17.0
120,HLA-DRB112:01,651.79,APF29074,SLQVYGHNYYL,120,18.0
141,HLA-DRB112:01,668.6,APF29074,LTLLSGVLLVD,141,19.0
161,HLA-DRB112:01,671.49,APF29074,VGQLPKYVIVA,161,20.0
94,HLA-DRB112:01,684.83,APF29074,YFVNSFRLWRR,94,21.0
160,HLA-DRB112:01,684.85,APF29074,QVGQLPKYVIV,160,22.0
163,HLA-DRB112:01,684.99,APF29074,QLPKYVIVATP,163,23.0
42,HLA-DRB112:01,686.51,APF29074,LLYGLKMSVLW,42,24.0
93,HLA-DRB112:01,717.1,APF29074,MYFVNSFRLWR,93,25.0
38,HLA-DRB112:01,752.67,APF29074,KYSRLLYGLKM,38,26.0
119,HLA-DRB112:01,955.81,APF29074,ISLQVYGHNYY,119,27.0
142,HLA-DRB112:01,994.53,APF29074,TLLSGVLLVDG,142,28.0
4,HLA-DRB112:01,1010.99,APF29074,SVPLSEVYVHL,4,29.0
5,HLA-DRB112:01,1116.0,APF29074,VPLSEVYVHLR,5,30.0
81,HLA-DRB112:01,1141.64,APF29074,ILMSIITLCLW,81,31.0
45,HLA-DRB112:01,1175.16,APF29074,GLKMSVLWCLW,45,32.0
155,HLA-DRB112:01,1193.58,APF29074,IATRVQVGQLP,155,33.0
86,HLA-DRB112:01,1236.96,APF29074,ITLCLWVMYFV,86,34.0
157,HLA-DRB112:01,1237.18,APF29074,TRVQVGQLPKY,157,35.0
54,HLA-DRB112:01,1264.4,APF29074,LWPLVLALSIF,54,36.0
113,HLA-DRB112:01,1423.03,APF29074,PETNAIISLQV,113,37.0
39,HLA-DRB112:01,1462.12,APF29074,YSRLLYGLKMS,39,38.0
19,HLA-DRB112:01,1478.1,APF29074,FSWNLILTVFI,19,39.0
162,HLA-DRB112:01,1485.93,APF29074,GQLPKYVIVAT,162,40.0
53,HLA-DRB112:01,1509.42,APF29074,CLWPLVLALSI,53,41.0
122,HLA-DRB112:01,1588.76,APF29074,QVYGHNYYLPV,122,42.0
166,HLA-DRB112:01,1625.43,APF29074,KYVIVATPSTT,166,43.0
57,HLA-DRB112:01,1701.18,APF29074,LVLALSIFDCF,57,44.0
27,HLA-DRB112:01,1710.45,APF29074,VFIVVLQYGHY,27,45.0
153,HLA-DRB112:01,1741.24,APF29074,HKIATRVQVGQ,153,46.0
40,HLA-DRB112:01,1794.81,APF29074,SRLLYGLKMSV,40,47.0
32,HLA-DRB112:01,1819.3,APF29074,LQYGHYKYSRL,32,48.0
56,HLA-DRB112:01,2012.2,APF29074,PLVLALSIFDC,56,49.0
92,HLA-DRB112:01,2018.18,APF29074,VMYFVNSFRLW,92,50.0
118,HLA-DRB112:01,2103.33,APF29074,IISLQVYGHNY,118,51.0
21,HLA-DRB112:01,2158.38,APF29074,WNLILTVFIVV,21,52.0
18,HLA-DRB112:01,2159.17,APF29074,NFSWNLILTVF,18,53.0
28,HLA-DRB112:01,2198.85,APF29074,FIVVLQYGHYK,28,54.0
37,HLA-DRB112:01,2286.05,APF29074,YKYSRLLYGLK,37,55.0
20,HLA-DRB112:01,2291.36,APF29074,SWNLILTVFIV,20,56.0
77,HLA-DRB112:01,2301.14,APF29074,FGFSILMSIIT,77,57.0
143,HLA-DRB112:01,2342.94,APF29074,LLSGVLLVDGH,143,58.0
195,HLA-DRB112:01,2360.6,APF29074,AFYVRAKHGDF,195,59.0
47,HLA-DRB112:01,2577.32,APF29074,KMSVLWCLWPL,47,60.0
114,HLA-DRB112:01,2623.74,APF29074,ETNAIISLQVY,114,61.0
11,HLA-DRB112:01,2680.7,APF29074,YVHLRNWNFSW,11,62.0
58,HLA-DRB112:01,2811.73,APF29074,VLALSIFDCFV,58,63.0
78,HLA-DRB112:01,2855.82,APF29074,GFSILMSIITL,78,64.0
9,HLA-DRB112:01,2880.98,APF29074,EVYVHLRNWNF,9,65.0
3,HLA-DRB112:01,3132.52,APF29074,SSVPLSEVYVH,3,66.0
41,HLA-DRB112:01,3174.26,APF29074,RLLYGLKMSVL,41,67.0
22,HLA-DRB112:01,3374.08,APF29074,NLILTVFIVVL,22,68.0
130,HLA-DRB112:01,3407.52,APF29074,LPVMAAPTGVT,130,69.0
48,HLA-DRB112:01,3483.48,APF29074,MSVLWCLWPLV,48,70.0
2,HLA-DRB112:01,3598.72,APF29074,NSSVPLSEVYV,2,71.0
123,HLA-DRB112:01,3602.86,APF29074,VYGHNYYLPVM,123,72.0
44,HLA-DRB112:01,3639.66,APF29074,YGLKMSVLWCL,44,73.0
116,HLA-DRB112:01,3677.08,APF29074,NAIISLQVYGH,116,74.0
25,HLA-DRB112:01,3788.18,APF29074,LTVFIVVLQYG,25,75.0
131,HLA-DRB112:01,3954.02,APF29074,PVMAAPTGVTL,131,76.0
146,HLA-DRB112:01,3988.44,APF29074,GVLLVDGHKIA,146,77.0
1,HLA-DRB112:01,4142.75,APF29074,SNSSVPLSEVY,1,78.0
26,HLA-DRB112:01,4515.96,APF29074,TVFIVVLQYGH,26,79.0
165,HLA-DRB112:01,4695.47,APF29074,PKYVIVATPST,165,80.0
0,HLA-DRB112:01,4829.26,APF29074,MSNSSVPLSEV,0,81.0
140,HLA-DRB112:01,4867.05,APF29074,TLTLLSGVLLV,140,82.0
117,HLA-DRB112:01,4903.74,APF29074,AIISLQVYGHN,117,83.0
136,HLA-DRB112:01,4921.0,APF29074,PTGVTLTLLSG,136,84.0
80,HLA-DRB112:01,5029.34,APF29074,SILMSIITLCL,80,85.0
17,HLA-DRB112:01,5059.28,APF29074,WNFSWNLILTV,17,86.0
115,HLA-DRB112:01,5065.98,APF29074,TNAIISLQVYG,115,87.0
59,HLA-DRB112:01,5073.94,APF29074,LALSIFDCFVN,59,88.0
214,HLA-DRB112:01,5196.98,APF29074,VLSEREKLLHL,214,89.0
137,HLA-DRB112:01,5243.29,APF29074,TGVTLTLLSGV,137,90.0
145,HLA-DRB112:01,5277.73,APF29074,SGVLLVDGHKI,145,91.0
139,HLA-DRB112:01,5391.99,APF29074,VTLTLLSGVLL,139,92.0
129,HLA-DRB112:01,5553.13,APF29074,YLPVMAAPTGV,129,93.0
99,HLA-DRB112:01,5627.1,APF29074,FRLWRRVKTFW,99,94.0
135,HLA-DRB112:01,5707.48,APF29074,APTGVTLTLLS,135,95.0
10,HLA-DRB112:01,5732.29,APF29074,VYVHLRNWNFS,10,96.0
73,HLA-DRB112:01,5770.76,APF29074,DWVFFGFSILM,73,97.0
128,HLA-DRB112:01,5870.58,APF29074,YYLPVMAAPTG,128,98.0
151,HLA-DRB112:01,6023.71,APF29074,DGHKIATRVQV,151,99.0
138,HLA-DRB112:01,6089.02,APF29074,GVTLTLLSGVL,138,100.0
36,HLA-DRB112:01,6143.54,APF29074,HYKYSRLLYGL,36,101.0
34,HLA-DRB112:01,6163.73,APF29074,YGHYKYSRLLY,34,102.0
174,HLA-DRB112:01,6393.82,APF29074,STTIVCDRVGR,174,103.0
196,HLA-DRB112:01,6690.93,APF29074,FYVRAKHGDFS,196,104.0
205,HLA-DRB112:01,6711.51,APF29074,FSGVASQEGVL,205,105.0
35,HLA-DRB112:01,6828.15,APF29074,GHYKYSRLLYG,35,106.0
97,HLA-DRB112:01,6849.5,APF29074,NSFRLWRRVKT,97,107.0
16,HLA-DRB112:01,6945.32,APF29074,NWNFSWNLILT,16,108.0
147,HLA-DRB112:01,7009.34,APF29074,VLLVDGHKIAT,147,109.0
7,HLA-DRB112:01,7107.06,APF29074,LSEVYVHLRNW,7,110.0
133,HLA-DRB112:01,7131.73,APF29074,MAAPTGVTLTL,133,111.0
127,HLA-DRB112:01,7616.49,APF29074,NYYLPVMAAPT,127,112.0
71,HLA-DRB112:01,7653.13,APF29074,NVDWVFFGFSI,71,113.0
43,HLA-DRB112:01,7668.88,APF29074,LYGLKMSVLWC,43,114.0
23,HLA-DRB112:01,7674.27,APF29074,LILTVFIVVLQ,23,115.0
63,HLA-DRB112:01,7903.09,APF29074,IFDCFVNFNVD,63,116.0
126,HLA-DRB112:01,7935.15,APF29074,HNYYLPVMAAP,126,117.0
144,HLA-DRB112:01,7947.57,APF29074,LSGVLLVDGHK,144,118.0
87,HLA-DRB112:01,7989.91,APF29074,TLCLWVMYFVN,87,119.0
124,HLA-DRB112:01,8111.44,APF29074,YGHNYYLPVMA,124,120.0
6,HLA-DRB112:01,8149.86,APF29074,PLSEVYVHLRN,6,121.0
60,HLA-DRB112:01,8208.91,APF29074,ALSIFDCFVNF,60,122.0
68,HLA-DRB112:01,8330.62,APF29074,VNFNVDWVFFG,68,123.0
172,HLA-DRB112:01,8351.87,APF29074,TPSTTIVCDRV,172,124.0
207,HLA-DRB112:01,8371.53,APF29074,GVASQEGVLSE,207,125.0
189,HLA-DRB112:01,8511.29,APF29074,TSQTGWAFYVR,189,126.0
156,HLA-DRB112:01,8680.05,APF29074,ATRVQVGQLPK,156,127.0
100,HLA-DRB112:01,8720.9,APF29074,RLWRRVKTFWA,100,128.0
152,HLA-DRB112:01,8754.77,APF29074,GHKIATRVQVG,152,129.0
98,HLA-DRB112:01,8763.72,APF29074,SFRLWRRVKTF,98,130.0
212,HLA-DRB112:01,8798.65,APF29074,EGVLSEREKLL,212,131.0
190,HLA-DRB112:01,8895.48,APF29074,SQTGWAFYVRA,190,132.0
148,HLA-DRB112:01,8896.03,APF29074,LLVDGHKIATR,148,133.0
33,HLA-DRB112:01,9352.91,APF29074,QYGHYKYSRLL,33,134.0
79,HLA-DRB112:01,9515.9,APF29074,FSILMSIITLC,79,135.0
169,HLA-DRB112:01,9620.0,APF29074,IVATPSTTIVC,169,136.0
50,HLA-DRB112:01,9777.67,APF29074,VLWCLWPLVLA,50,137.0
197,HLA-DRB112:01,9978.13,APF29074,YVRAKHGDFSG,197,138.0
132,HLA-DRB112:01,10135.16,APF29074,VMAAPTGVTLT,132,139.0
134,HLA-DRB112:01,10177.25,APF29074,AAPTGVTLTLL,134,140.0
88,HLA-DRB112:01,10262.0,APF29074,LCLWVMYFVNS,88,141.0
46,HLA-DRB112:01,10495.26,APF29074,LKMSVLWCLWP,46,142.0
74,HLA-DRB112:01,10563.67,APF29074,WVFFGFSILMS,74,143.0
194,HLA-DRB112:01,10686.13,APF29074,WAFYVRAKHGD,194,144.0
91,HLA-DRB112:01,10946.65,APF29074,WVMYFVNSFRL,91,145.0
204,HLA-DRB112:01,11018.3,APF29074,DFSGVASQEGV,204,146.0
202,HLA-DRB112:01,11678.6,APF29074,HGDFSGVASQE,202,147.0
69,HLA-DRB112:01,11760.43,APF29074,NFNVDWVFFGF,69,148.0
167,HLA-DRB112:01,11810.86,APF29074,YVIVATPSTTI,167,149.0
101,HLA-DRB112:01,11879.57,APF29074,LWRRVKTFWAF,101,150.0
52,HLA-DRB112:01,12045.29,APF29074,WCLWPLVLALS,52,151.0
125,HLA-DRB112:01,12132.17,APF29074,GHNYYLPVMAA,125,152.0
173,HLA-DRB112:01,12178.04,APF29074,PSTTIVCDRVG,173,153.0
66,HLA-DRB112:01,12178.32,APF29074,CFVNFNVDWVF,66,154.0
150,HLA-DRB112:01,12241.9,APF29074,VDGHKIATRVQ,150,155.0
187,HLA-DRB112:01,12296.77,APF29074,NETSQTGWAFY,187,156.0
208,HLA-DRB112:01,12878.91,APF29074,VASQEGVLSER,208,157.0
70,HLA-DRB112:01,12894.25,APF29074,FNVDWVFFGFS,70,158.0
67,HLA-DRB112:01,12910.17,APF29074,FVNFNVDWVFF,67,159.0
14,HLA-DRB112:01,12957.39,APF29074,LRNWNFSWNLI,14,160.0
65,HLA-DRB112:01,13020.48,APF29074,DCFVNFNVDWV,65,161.0
213,HLA-DRB112:01,13068.82,APF29074,GVLSEREKLLH,213,162.0
103,HLA-DRB112:01,13245.31,APF29074,RRVKTFWAFNP,103,163.0
51,HLA-DRB112:01,13363.12,APF29074,LWCLWPLVLAL,51,164.0
215,HLA-DRB112:01,13381.84,APF29074,LSEREKLLHLI,215,165.0
164,HLA-DRB112:01,13593.7,APF29074,LPKYVIVATPS,164,166.0
15,HLA-DRB112:01,13840.87,APF29074,RNWNFSWNLIL,15,167.0
176,HLA-DRB112:01,14079.43,APF29074,TIVCDRVGRSV,176,168.0
49,HLA-DRB112:01,14170.97,APF29074,SVLWCLWPLVL,49,169.0
62,HLA-DRB112:01,14404.41,APF29074,SIFDCFVNFNV,62,170.0
90,HLA-DRB112:01,14629.74,APF29074,LWVMYFVNSFR,90,171.0
188,HLA-DRB112:01,14703.33,APF29074,ETSQTGWAFYV,188,172.0
211,HLA-DRB112:01,15076.27,APF29074,QEGVLSEREKL,211,173.0
149,HLA-DRB112:01,16338.94,APF29074,LVDGHKIATRV,149,174.0
170,HLA-DRB112:01,16799.87,APF29074,VATPSTTIVCD,170,175.0
112,HLA-DRB112:01,16989.57,APF29074,NPETNAIISLQ,112,176.0
171,HLA-DRB112:01,17137.39,APF29074,ATPSTTIVCDR,171,177.0
168,HLA-DRB112:01,17578.39,APF29074,VIVATPSTTIV,168,178.0
198,HLA-DRB112:01,17700.91,APF29074,VRAKHGDFSGV,198,179.0
206,HLA-DRB112:01,17778.3,APF29074,SGVASQEGVLS,206,180.0
175,HLA-DRB112:01,18051.06,APF29074,TTIVCDRVGRS,175,181.0
8,HLA-DRB112:01,18124.59,APF29074,SEVYVHLRNWN,8,182.0
102,HLA-DRB112:01,18256.75,APF29074,WRRVKTFWAFN,102,183.0
61,HLA-DRB112:01,18386.63,APF29074,LSIFDCFVNFN,61,184.0
186,HLA-DRB112:01,18484.87,APF29074,VNETSQTGWAF,186,185.0
191,HLA-DRB112:01,18497.62,APF29074,QTGWAFYVRAK,191,186.0
72,HLA-DRB112:01,19200.93,APF29074,VDWVFFGFSIL,72,187.0
12,HLA-DRB112:01,19650.15,APF29074,VHLRNWNFSWN,12,188.0
13,HLA-DRB112:01,20321.9,APF29074,HLRNWNFSWNL,13,189.0
203,HLA-DRB112:01,20349.16,APF29074,GDFSGVASQEG,203,190.0
193,HLA-DRB112:01,20360.55,APF29074,GWAFYVRAKHG,193,191.0
89,HLA-DRB112:01,20371.77,APF29074,CLWVMYFVNSF,89,192.0
111,HLA-DRB112:01,21103.49,APF29074,FNPETNAIISL,111,193.0
105,HLA-DRB112:01,21712.26,APF29074,VKTFWAFNPET,105,194.0
209,HLA-DRB112:01,21897.39,APF29074,ASQEGVLSERE,209,195.0
199,HLA-DRB112:01,22176.72,APF29074,RAKHGDFSGVA,199,196.0
177,HLA-DRB112:01,22677.05,APF29074,IVCDRVGRSVN,177,197.0
109,HLA-DRB112:01,22730.82,APF29074,WAFNPETNAII,109,198.0
182,HLA-DRB112:01,23137.39,APF29074,VGRSVNETSQT,182,199.0
201,HLA-DRB112:01,23742.81,APF29074,KHGDFSGVASQ,201,200.0
178,HLA-DRB112:01,23827.81,APF29074,VCDRVGRSVNE,178,201.0
108,HLA-DRB112:01,23831.84,APF29074,FWAFNPETNAI,108,202.0
104,HLA-DRB112:01,23969.35,APF29074,RVKTFWAFNPE,104,203.0
64,HLA-DRB112:01,25169.66,APF29074,FDCFVNFNVDW,64,204.0
184,HLA-DRB112:01,25311.16,APF29074,RSVNETSQTGW,184,205.0
181,HLA-DRB112:01,26187.74,APF29074,RVGRSVNETSQ,181,206.0
179,HLA-DRB112:01,27423.42,APF29074,CDRVGRSVNET,179,207.0
210,HLA-DRB112:01,27799.64,APF29074,SQEGVLSEREK,210,208.0
200,HLA-DRB112:01,28291.49,APF29074,AKHGDFSGVAS,200,209.0
110,HLA-DRB112:01,28298.29,APF29074,AFNPETNAIIS,110,210.0
192,HLA-DRB112:01,29014.16,APF29074,TGWAFYVRAKH,192,211.0
185,HLA-DRB112:01,30896.37,APF29074,SVNETSQTGWA,185,212.0
183,HLA-DRB112:01,31409.54,APF29074,GRSVNETSQTG,183,213.0
107,HLA-DRB112:01,31499.45,APF29074,TFWAFNPETNA,107,214.0
180,HLA-DRB112:01,32883.0,APF29074,DRVGRSVNETS,180,215.0
106,HLA-DRB112:01,34266.17,APF29074,KTFWAFNPETN,106,216.0
96,HLA-DRB112:02,52.95,APF29074,VNSFRLWRRVK,96,1.0
5,HLA-DRB112:02,175.98,APF29074,VPLSEVYVHLR,5,2.0
31,HLA-DRB112:02,178.17,APF29074,VLQYGHYKYSR,31,3.0
94,HLA-DRB112:02,180.08,APF29074,YFVNSFRLWRR,94,4.0
93,HLA-DRB112:02,237.29,APF29074,MYFVNSFRLWR,93,5.0
95,HLA-DRB112:02,276.59,APF29074,FVNSFRLWRRV,95,6.0
177,HLA-DRB112:02,354.87,APF29074,IVCDRVGRSVN,177,7.0
148,HLA-DRB112:02,356.73,APF29074,LLVDGHKIATR,148,8.0
90,HLA-DRB112:02,376.66,APF29074,LWVMYFVNSFR,90,9.0
176,HLA-DRB112:02,398.83,APF29074,TIVCDRVGRSV,176,10.0
62,HLA-DRB112:02,420.06,APF29074,SIFDCFVNFNV,62,11.0
174,HLA-DRB112:02,439.12,APF29074,STTIVCDRVGR,174,12.0
92,HLA-DRB112:02,493.35,APF29074,VMYFVNSFRLW,92,13.0
141,HLA-DRB112:02,632.51,APF29074,LTLLSGVLLVD,141,14.0
130,HLA-DRB112:02,651.82,APF29074,LPVMAAPTGVT,130,15.0
194,HLA-DRB112:02,727.46,APF29074,WAFYVRAKHGD,194,16.0
55,HLA-DRB112:02,746.84,APF29074,WPLVLALSIFD,55,17.0
7,HLA-DRB112:02,755.34,APF29074,LSEVYVHLRNW,7,18.0
153,HLA-DRB112:02,795.4,APF29074,HKIATRVQVGQ,153,19.0
142,HLA-DRB112:02,804.7,APF29074,TLLSGVLLVDG,142,20.0
11,HLA-DRB112:02,843.12,APF29074,YVHLRNWNFSW,11,21.0
154,HLA-DRB112:02,909.2,APF29074,KIATRVQVGQL,154,22.0
91,HLA-DRB112:02,963.25,APF29074,WVMYFVNSFRL,91,23.0
28,HLA-DRB112:02,978.31,APF29074,FIVVLQYGHYK,28,24.0
12,HLA-DRB112:02,1000.1,APF29074,VHLRNWNFSWN,12,25.0
155,HLA-DRB112:02,1041.92,APF29074,IATRVQVGQLP,155,26.0
166,HLA-DRB112:02,1043.57,APF29074,KYVIVATPSTT,166,27.0
4,HLA-DRB112:02,1063.57,APF29074,SVPLSEVYVHL,4,28.0
131,HLA-DRB112:02,1093.68,APF29074,PVMAAPTGVTL,131,29.0
10,HLA-DRB112:02,1105.0,APF29074,VYVHLRNWNFS,10,30.0
6,HLA-DRB112:02,1154.25,APF29074,PLSEVYVHLRN,6,31.0
146,HLA-DRB112:02,1215.64,APF29074,GVLLVDGHKIA,146,32.0
63,HLA-DRB112:02,1233.31,APF29074,IFDCFVNFNVD,63,33.0
120,HLA-DRB112:02,1247.31,APF29074,SLQVYGHNYYL,120,34.0
30,HLA-DRB112:02,1270.69,APF29074,VVLQYGHYKYS,30,35.0
59,HLA-DRB112:02,1302.6,APF29074,LALSIFDCFVN,59,36.0
115,HLA-DRB112:02,1308.59,APF29074,TNAIISLQVYG,115,37.0
132,HLA-DRB112:02,1428.44,APF29074,VMAAPTGVTLT,132,38.0
42,HLA-DRB112:02,1451.32,APF29074,LLYGLKMSVLW,42,39.0
29,HLA-DRB112:02,1476.17,APF29074,IVVLQYGHYKY,29,40.0
126,HLA-DRB112:02,1493.17,APF29074,HNYYLPVMAAP,126,41.0
88,HLA-DRB112:02,1507.42,APF29074,LCLWVMYFVNS,88,42.0
189,HLA-DRB112:02,1544.39,APF29074,TSQTGWAFYVR,189,43.0
118,HLA-DRB112:02,1587.19,APF29074,IISLQVYGHNY,118,44.0
121,HLA-DRB112:02,1653.81,APF29074,LQVYGHNYYLP,121,45.0
13,HLA-DRB112:02,1658.83,APF29074,HLRNWNFSWNL,13,46.0
173,HLA-DRB112:02,1680.47,APF29074,PSTTIVCDRVG,173,47.0
117,HLA-DRB112:02,1786.71,APF29074,AIISLQVYGHN,117,48.0
116,HLA-DRB112:02,1819.21,APF29074,NAIISLQVYGH,116,49.0
147,HLA-DRB112:02,1821.09,APF29074,VLLVDGHKIAT,147,50.0
56,HLA-DRB112:02,1860.79,APF29074,PLVLALSIFDC,56,51.0
119,HLA-DRB112:02,1860.84,APF29074,ISLQVYGHNYY,119,52.0
61,HLA-DRB112:02,1869.38,APF29074,LSIFDCFVNFN,61,53.0
87,HLA-DRB112:02,1874.73,APF29074,TLCLWVMYFVN,87,54.0
159,HLA-DRB112:02,1881.87,APF29074,VQVGQLPKYVI,159,55.0
168,HLA-DRB112:02,1974.26,APF29074,VIVATPSTTIV,168,56.0
158,HLA-DRB112:02,1997.71,APF29074,RVQVGQLPKYV,158,57.0
0,HLA-DRB112:02,2071.77,APF29074,MSNSSVPLSEV,0,58.0
178,HLA-DRB112:02,2075.46,APF29074,VCDRVGRSVNE,178,59.0
58,HLA-DRB112:02,2081.56,APF29074,VLALSIFDCFV,58,60.0
193,HLA-DRB112:02,2099.27,APF29074,GWAFYVRAKHG,193,61.0
86,HLA-DRB112:02,2111.18,APF29074,ITLCLWVMYFV,86,62.0
175,HLA-DRB112:02,2225.92,APF29074,TTIVCDRVGRS,175,63.0
143,HLA-DRB112:02,2232.41,APF29074,LLSGVLLVDGH,143,64.0
99,HLA-DRB112:02,2254.29,APF29074,FRLWRRVKTFW,99,65.0
60,HLA-DRB112:02,2278.29,APF29074,ALSIFDCFVNF,60,66.0
84,HLA-DRB112:02,2304.61,APF29074,SIITLCLWVMY,84,67.0
165,HLA-DRB112:02,2308.23,APF29074,PKYVIVATPST,165,68.0
171,HLA-DRB112:02,2326.87,APF29074,ATPSTTIVCDR,171,69.0
129,HLA-DRB112:02,2349.81,APF29074,YLPVMAAPTGV,129,70.0
57,HLA-DRB112:02,2409.03,APF29074,LVLALSIFDCF,57,71.0
205,HLA-DRB112:02,2454.53,APF29074,FSGVASQEGVL,205,72.0
2,HLA-DRB112:02,2652.5,APF29074,NSSVPLSEVYV,2,73.0
71,HLA-DRB112:02,2680.52,APF29074,NVDWVFFGFSI,71,74.0
113,HLA-DRB112:02,2691.26,APF29074,PETNAIISLQV,113,75.0
105,HLA-DRB112:02,2726.98,APF29074,VKTFWAFNPET,105,76.0
127,HLA-DRB112:02,2745.21,APF29074,NYYLPVMAAPT,127,77.0
145,HLA-DRB112:02,2783.06,APF29074,SGVLLVDGHKI,145,78.0
45,HLA-DRB112:02,2794.82,APF29074,GLKMSVLWCLW,45,79.0
68,HLA-DRB112:02,2802.81,APF29074,VNFNVDWVFFG,68,80.0
48,HLA-DRB112:02,2804.56,APF29074,MSVLWCLWPLV,48,81.0
40,HLA-DRB112:02,2832.44,APF29074,SRLLYGLKMSV,40,82.0
122,HLA-DRB112:02,2867.2,APF29074,QVYGHNYYLPV,122,83.0
160,HLA-DRB112:02,2917.19,APF29074,QVGQLPKYVIV,160,84.0
100,HLA-DRB112:02,2993.96,APF29074,RLWRRVKTFWA,100,85.0
169,HLA-DRB112:02,3004.94,APF29074,IVATPSTTIVC,169,86.0
172,HLA-DRB112:02,3011.27,APF29074,TPSTTIVCDRV,172,87.0
81,HLA-DRB112:02,3061.08,APF29074,ILMSIITLCLW,81,88.0
82,HLA-DRB112:02,3118.43,APF29074,LMSIITLCLWV,82,89.0
35,HLA-DRB112:02,3134.94,APF29074,GHYKYSRLLYG,35,90.0
144,HLA-DRB112:02,3235.2,APF29074,LSGVLLVDGHK,144,91.0
32,HLA-DRB112:02,3376.52,APF29074,LQYGHYKYSRL,32,92.0
89,HLA-DRB112:02,3561.73,APF29074,CLWVMYFVNSF,89,93.0
41,HLA-DRB112:02,3617.6,APF29074,RLLYGLKMSVL,41,94.0
184,HLA-DRB112:02,3699.88,APF29074,RSVNETSQTGW,184,95.0
65,HLA-DRB112:02,3717.23,APF29074,DCFVNFNVDWV,65,96.0
150,HLA-DRB112:02,3763.7,APF29074,VDGHKIATRVQ,150,97.0
206,HLA-DRB112:02,3851.08,APF29074,SGVASQEGVLS,206,98.0
9,HLA-DRB112:02,3866.95,APF29074,EVYVHLRNWNF,9,99.0
3,HLA-DRB112:02,3895.34,APF29074,SSVPLSEVYVH,3,100.0
14,HLA-DRB112:02,3895.38,APF29074,LRNWNFSWNLI,14,101.0
197,HLA-DRB112:02,3910.84,APF29074,YVRAKHGDFSG,197,102.0
124,HLA-DRB112:02,4020.44,APF29074,YGHNYYLPVMA,124,103.0
26,HLA-DRB112:02,4115.48,APF29074,TVFIVVLQYGH,26,104.0
133,HLA-DRB112:02,4155.48,APF29074,MAAPTGVTLTL,133,105.0
25,HLA-DRB112:02,4220.15,APF29074,LTVFIVVLQYG,25,106.0
185,HLA-DRB112:02,4335.22,APF29074,SVNETSQTGWA,185,107.0
170,HLA-DRB112:02,4362.7,APF29074,VATPSTTIVCD,170,108.0
8,HLA-DRB112:02,4404.24,APF29074,SEVYVHLRNWN,8,109.0
1,HLA-DRB112:02,4415.88,APF29074,SNSSVPLSEVY,1,110.0
152,HLA-DRB112:02,4449.64,APF29074,GHKIATRVQVG,152,111.0
191,HLA-DRB112:02,4460.79,APF29074,QTGWAFYVRAK,191,112.0
186,HLA-DRB112:02,4603.99,APF29074,VNETSQTGWAF,186,113.0
27,HLA-DRB112:02,4660.5,APF29074,VFIVVLQYGHY,27,114.0
47,HLA-DRB112:02,4874.96,APF29074,KMSVLWCLWPL,47,115.0
151,HLA-DRB112:02,4881.52,APF29074,DGHKIATRVQV,151,116.0
36,HLA-DRB112:02,4913.8,APF29074,HYKYSRLLYGL,36,117.0
190,HLA-DRB112:02,4968.05,APF29074,SQTGWAFYVRA,190,118.0
161,HLA-DRB112:02,4977.31,APF29074,VGQLPKYVIVA,161,119.0
72,HLA-DRB112:02,4988.02,APF29074,VDWVFFGFSIL,72,120.0
97,HLA-DRB112:02,4991.67,APF29074,NSFRLWRRVKT,97,121.0
125,HLA-DRB112:02,5033.73,APF29074,GHNYYLPVMAA,125,122.0
167,HLA-DRB112:02,5090.35,APF29074,YVIVATPSTTI,167,123.0
85,HLA-DRB112:02,5181.11,APF29074,IITLCLWVMYF,85,124.0
24,HLA-DRB112:02,5200.17,APF29074,ILTVFIVVLQY,24,125.0
198,HLA-DRB112:02,5267.51,APF29074,VRAKHGDFSGV,198,126.0
187,HLA-DRB112:02,5342.98,APF29074,NETSQTGWAFY,187,127.0
39,HLA-DRB112:02,5383.28,APF29074,YSRLLYGLKMS,39,128.0
163,HLA-DRB112:02,5442.72,APF29074,QLPKYVIVATP,163,129.0
204,HLA-DRB112:02,5505.67,APF29074,DFSGVASQEGV,204,130.0
123,HLA-DRB112:02,5514.65,APF29074,VYGHNYYLPVM,123,131.0
212,HLA-DRB112:02,5642.47,APF29074,EGVLSEREKLL,212,132.0
128,HLA-DRB112:02,5658.72,APF29074,YYLPVMAAPTG,128,133.0
114,HLA-DRB112:02,5798.38,APF29074,ETNAIISLQVY,114,134.0
214,HLA-DRB112:02,5807.14,APF29074,VLSEREKLLHL,214,135.0
140,HLA-DRB112:02,5828.04,APF29074,TLTLLSGVLLV,140,136.0
208,HLA-DRB112:02,5862.9,APF29074,VASQEGVLSER,208,137.0
33,HLA-DRB112:02,5967.47,APF29074,QYGHYKYSRLL,33,138.0
107,HLA-DRB112:02,5970.98,APF29074,TFWAFNPETNA,107,139.0
207,HLA-DRB112:02,5998.49,APF29074,GVASQEGVLSE,207,140.0
149,HLA-DRB112:02,6053.17,APF29074,LVDGHKIATRV,149,141.0
70,HLA-DRB112:02,6110.86,APF29074,FNVDWVFFGFS,70,142.0
102,HLA-DRB112:02,6210.99,APF29074,WRRVKTFWAFN,102,143.0
211,HLA-DRB112:02,6307.74,APF29074,QEGVLSEREKL,211,144.0
46,HLA-DRB112:02,6468.46,APF29074,LKMSVLWCLWP,46,145.0
37,HLA-DRB112:02,6791.6,APF29074,YKYSRLLYGLK,37,146.0
182,HLA-DRB112:02,6842.95,APF29074,VGRSVNETSQT,182,147.0
137,HLA-DRB112:02,7031.99,APF29074,TGVTLTLLSGV,137,148.0
156,HLA-DRB112:02,7049.59,APF29074,ATRVQVGQLPK,156,149.0
157,HLA-DRB112:02,7380.5,APF29074,TRVQVGQLPKY,157,150.0
200,HLA-DRB112:02,7464.59,APF29074,AKHGDFSGVAS,200,151.0
66,HLA-DRB112:02,7680.01,APF29074,CFVNFNVDWVF,66,152.0
138,HLA-DRB112:02,7750.67,APF29074,GVTLTLLSGVL,138,153.0
38,HLA-DRB112:02,7780.56,APF29074,KYSRLLYGLKM,38,154.0
199,HLA-DRB112:02,7797.4,APF29074,RAKHGDFSGVA,199,155.0
108,HLA-DRB112:02,7870.45,APF29074,FWAFNPETNAI,108,156.0
196,HLA-DRB112:02,7893.45,APF29074,FYVRAKHGDFS,196,157.0
44,HLA-DRB112:02,7898.51,APF29074,YGLKMSVLWCL,44,158.0
136,HLA-DRB112:02,8006.37,APF29074,PTGVTLTLLSG,136,159.0
83,HLA-DRB112:02,8235.39,APF29074,MSIITLCLWVM,83,160.0
195,HLA-DRB112:02,8273.93,APF29074,AFYVRAKHGDF,195,161.0
69,HLA-DRB112:02,8546.59,APF29074,NFNVDWVFFGF,69,162.0
139,HLA-DRB112:02,8681.06,APF29074,VTLTLLSGVLL,139,163.0
101,HLA-DRB112:02,8770.9,APF29074,LWRRVKTFWAF,101,164.0
54,HLA-DRB112:02,8799.7,APF29074,LWPLVLALSIF,54,165.0
179,HLA-DRB112:02,8867.33,APF29074,CDRVGRSVNET,179,166.0
50,HLA-DRB112:02,8968.14,APF29074,VLWCLWPLVLA,50,167.0
53,HLA-DRB112:02,9098.71,APF29074,CLWPLVLALSI,53,168.0
192,HLA-DRB112:02,9381.02,APF29074,TGWAFYVRAKH,192,169.0
64,HLA-DRB112:02,9510.16,APF29074,FDCFVNFNVDW,64,170.0
43,HLA-DRB112:02,9528.18,APF29074,LYGLKMSVLWC,43,171.0
22,HLA-DRB112:02,9570.95,APF29074,NLILTVFIVVL,22,172.0
188,HLA-DRB112:02,9748.15,APF29074,ETSQTGWAFYV,188,173.0
98,HLA-DRB112:02,9909.57,APF29074,SFRLWRRVKTF,98,174.0
80,HLA-DRB112:02,9943.62,APF29074,SILMSIITLCL,80,175.0
112,HLA-DRB112:02,9999.58,APF29074,NPETNAIISLQ,112,176.0
34,HLA-DRB112:02,10012.31,APF29074,YGHYKYSRLLY,34,177.0
106,HLA-DRB112:02,10055.95,APF29074,KTFWAFNPETN,106,178.0
109,HLA-DRB112:02,10442.8,APF29074,WAFNPETNAII,109,179.0
183,HLA-DRB112:02,10487.6,APF29074,GRSVNETSQTG,183,180.0
203,HLA-DRB112:02,10738.78,APF29074,GDFSGVASQEG,203,181.0
213,HLA-DRB112:02,10825.73,APF29074,GVLSEREKLLH,213,182.0
67,HLA-DRB112:02,10871.35,APF29074,FVNFNVDWVFF,67,183.0
162,HLA-DRB112:02,10924.57,APF29074,GQLPKYVIVAT,162,184.0
104,HLA-DRB112:02,11116.72,APF29074,RVKTFWAFNPE,104,185.0
103,HLA-DRB112:02,11168.86,APF29074,RRVKTFWAFNP,103,186.0
202,HLA-DRB112:02,11802.06,APF29074,HGDFSGVASQE,202,187.0
78,HLA-DRB112:02,11822.3,APF29074,GFSILMSIITL,78,188.0
20,HLA-DRB112:02,11854.54,APF29074,SWNLILTVFIV,20,189.0
210,HLA-DRB112:02,12118.84,APF29074,SQEGVLSEREK,210,190.0
201,HLA-DRB112:02,12287.4,APF29074,KHGDFSGVASQ,201,191.0
52,HLA-DRB112:02,12308.31,APF29074,WCLWPLVLALS,52,192.0
21,HLA-DRB112:02,12491.34,APF29074,WNLILTVFIVV,21,193.0
49,HLA-DRB112:02,12543.03,APF29074,SVLWCLWPLVL,49,194.0
164,HLA-DRB112:02,12774.62,APF29074,LPKYVIVATPS,164,195.0
15,HLA-DRB112:02,12892.54,APF29074,RNWNFSWNLIL,15,196.0
51,HLA-DRB112:02,13048.41,APF29074,LWCLWPLVLAL,51,197.0
209,HLA-DRB112:02,14241.08,APF29074,ASQEGVLSERE,209,198.0
111,HLA-DRB112:02,14270.61,APF29074,FNPETNAIISL,111,199.0
73,HLA-DRB112:02,15290.21,APF29074,DWVFFGFSILM,73,200.0
134,HLA-DRB112:02,15593.44,APF29074,AAPTGVTLTLL,134,201.0
74,HLA-DRB112:02,15642.68,APF29074,WVFFGFSILMS,74,202.0
135,HLA-DRB112:02,16214.48,APF29074,APTGVTLTLLS,135,203.0
19,HLA-DRB112:02,16801.87,APF29074,FSWNLILTVFI,19,204.0
181,HLA-DRB112:02,16851.88,APF29074,RVGRSVNETSQ,181,205.0
215,HLA-DRB112:02,17642.01,APF29074,LSEREKLLHLI,215,206.0
18,HLA-DRB112:02,17954.67,APF29074,NFSWNLILTVF,18,207.0
23,HLA-DRB112:02,18031.02,APF29074,LILTVFIVVLQ,23,208.0
16,HLA-DRB112:02,19109.43,APF29074,NWNFSWNLILT,16,209.0
79,HLA-DRB112:02,20058.81,APF29074,FSILMSIITLC,79,210.0
75,HLA-DRB112:02,21075.79,APF29074,VFFGFSILMSI,75,211.0
110,HLA-DRB112:02,21624.22,APF29074,AFNPETNAIIS,110,212.0
17,HLA-DRB112:02,22401.01,APF29074,WNFSWNLILTV,17,213.0
76,HLA-DRB112:02,22452.55,APF29074,FFGFSILMSII,76,214.0
77,HLA-DRB112:02,22898.89,APF29074,FGFSILMSIIT,77,215.0
180,HLA-DRB112:02,26313.2,APF29074,DRVGRSVNETS,180,216.0
96,HLA-DRB113:01,4.81,APF29074,VNSFRLWRRVK,96,1.0
97,HLA-DRB113:01,10.06,APF29074,NSFRLWRRVKT,97,2.0
84,HLA-DRB113:01,28.18,APF29074,SIITLCLWVMY,84,3.0
95,HLA-DRB113:01,34.57,APF29074,FVNSFRLWRRV,95,4.0
153,HLA-DRB113:01,38.12,APF29074,HKIATRVQVGQ,153,5.0
83,HLA-DRB113:01,60.79,APF29074,MSIITLCLWVM,83,6.0
42,HLA-DRB113:01,77.06,APF29074,LLYGLKMSVLW,42,7.0
94,HLA-DRB113:01,104.25,APF29074,YFVNSFRLWRR,94,8.0
99,HLA-DRB113:01,106.4,APF29074,FRLWRRVKTFW,99,9.0
92,HLA-DRB113:01,117.46,APF29074,VMYFVNSFRLW,92,10.0
11,HLA-DRB113:01,160.1,APF29074,YVHLRNWNFSW,11,11.0
38,HLA-DRB113:01,184.36,APF29074,KYSRLLYGLKM,38,12.0
93,HLA-DRB113:01,189.08,APF29074,MYFVNSFRLWR,93,13.0
98,HLA-DRB113:01,193.32,APF29074,SFRLWRRVKTF,98,14.0
100,HLA-DRB113:01,202.15,APF29074,RLWRRVKTFWA,100,15.0
81,HLA-DRB113:01,209.56,APF29074,ILMSIITLCLW,81,16.0
82,HLA-DRB113:01,222.53,APF29074,LMSIITLCLWV,82,17.0
85,HLA-DRB113:01,272.13,APF29074,IITLCLWVMYF,85,18.0
44,HLA-DRB113:01,509.87,APF29074,YGLKMSVLWCL,44,19.0
45,HLA-DRB113:01,509.93,APF29074,GLKMSVLWCLW,45,20.0
31,HLA-DRB113:01,588.6,APF29074,VLQYGHYKYSR,31,21.0
159,HLA-DRB113:01,606.1,APF29074,VQVGQLPKYVI,159,22.0
4,HLA-DRB113:01,609.19,APF29074,SVPLSEVYVHL,4,23.0
86,HLA-DRB113:01,616.79,APF29074,ITLCLWVMYFV,86,24.0
7,HLA-DRB113:01,668.86,APF29074,LSEVYVHLRNW,7,25.0
10,HLA-DRB113:01,707.23,APF29074,VYVHLRNWNFS,10,26.0
9,HLA-DRB113:01,727.2,APF29074,EVYVHLRNWNF,9,27.0
20,HLA-DRB113:01,804.5,APF29074,SWNLILTVFIV,20,28.0
24,HLA-DRB113:01,834.46,APF29074,ILTVFIVVLQY,24,29.0
19,HLA-DRB113:01,835.4,APF29074,FSWNLILTVFI,19,30.0
55,HLA-DRB113:01,876.43,APF29074,WPLVLALSIFD,55,31.0
5,HLA-DRB113:01,886.62,APF29074,VPLSEVYVHLR,5,32.0
130,HLA-DRB113:01,1051.04,APF29074,LPVMAAPTGVT,130,33.0
160,HLA-DRB113:01,1116.62,APF29074,QVGQLPKYVIV,160,34.0
166,HLA-DRB113:01,1133.26,APF29074,KYVIVATPSTT,166,35.0
21,HLA-DRB113:01,1561.71,APF29074,WNLILTVFIVV,21,36.0
195,HLA-DRB113:01,1626.58,APF29074,AFYVRAKHGDF,195,37.0
27,HLA-DRB113:01,1744.95,APF29074,VFIVVLQYGHY,27,38.0
29,HLA-DRB113:01,1800.12,APF29074,IVVLQYGHYKY,29,39.0
158,HLA-DRB113:01,1819.3,APF29074,RVQVGQLPKYV,158,40.0
194,HLA-DRB113:01,1874.81,APF29074,WAFYVRAKHGD,194,41.0
197,HLA-DRB113:01,2128.25,APF29074,YVRAKHGDFSG,197,42.0
12,HLA-DRB113:01,2216.39,APF29074,VHLRNWNFSWN,12,43.0
6,HLA-DRB113:01,2277.62,APF29074,PLSEVYVHLRN,6,44.0
174,HLA-DRB113:01,2379.04,APF29074,STTIVCDRVGR,174,45.0
154,HLA-DRB113:01,2516.87,APF29074,KIATRVQVGQL,154,46.0
30,HLA-DRB113:01,2522.46,APF29074,VVLQYGHYKYS,30,47.0
172,HLA-DRB113:01,2654.73,APF29074,TPSTTIVCDRV,172,48.0
36,HLA-DRB113:01,2695.34,APF29074,HYKYSRLLYGL,36,49.0
57,HLA-DRB113:01,2736.11,APF29074,LVLALSIFDCF,57,50.0
114,HLA-DRB113:01,2778.82,APF29074,ETNAIISLQVY,114,51.0
41,HLA-DRB113:01,2831.08,APF29074,RLLYGLKMSVL,41,52.0
53,HLA-DRB113:01,2873.56,APF29074,CLWPLVLALSI,53,53.0
75,HLA-DRB113:01,2876.37,APF29074,VFFGFSILMSI,75,54.0
150,HLA-DRB113:01,3030.94,APF29074,VDGHKIATRVQ,150,55.0
131,HLA-DRB113:01,3052.5,APF29074,PVMAAPTGVTL,131,56.0
76,HLA-DRB113:01,3096.76,APF29074,FFGFSILMSII,76,57.0
78,HLA-DRB113:01,3122.16,APF29074,GFSILMSIITL,78,58.0
145,HLA-DRB113:01,3143.05,APF29074,SGVLLVDGHKI,145,59.0
58,HLA-DRB113:01,3144.93,APF29074,VLALSIFDCFV,58,60.0
151,HLA-DRB113:01,3197.07,APF29074,DGHKIATRVQV,151,61.0
18,HLA-DRB113:01,3227.62,APF29074,NFSWNLILTVF,18,62.0
91,HLA-DRB113:01,3286.51,APF29074,WVMYFVNSFRL,91,63.0
167,HLA-DRB113:01,3443.18,APF29074,YVIVATPSTTI,167,64.0
196,HLA-DRB113:01,3859.84,APF29074,FYVRAKHGDFS,196,65.0
152,HLA-DRB113:01,3966.64,APF29074,GHKIATRVQVG,152,66.0
37,HLA-DRB113:01,4033.17,APF29074,YKYSRLLYGLK,37,67.0
56,HLA-DRB113:01,4119.13,APF29074,PLVLALSIFDC,56,68.0
141,HLA-DRB113:01,4168.8,APF29074,LTLLSGVLLVD,141,69.0
66,HLA-DRB113:01,4246.66,APF29074,CFVNFNVDWVF,66,70.0
127,HLA-DRB113:01,4327.63,APF29074,NYYLPVMAAPT,127,71.0
80,HLA-DRB113:01,4359.83,APF29074,SILMSIITLCL,80,72.0
205,HLA-DRB113:01,4372.4,APF29074,FSGVASQEGVL,205,73.0
2,HLA-DRB113:01,4400.91,APF29074,NSSVPLSEVYV,2,74.0
147,HLA-DRB113:01,4632.83,APF29074,VLLVDGHKIAT,147,75.0
163,HLA-DRB113:01,4997.43,APF29074,QLPKYVIVATP,163,76.0
118,HLA-DRB113:01,5212.01,APF29074,IISLQVYGHNY,118,77.0
162,HLA-DRB113:01,5219.68,APF29074,GQLPKYVIVAT,162,78.0
8,HLA-DRB113:01,5245.36,APF29074,SEVYVHLRNWN,8,79.0
215,HLA-DRB113:01,5300.75,APF29074,LSEREKLLHLI,215,80.0
171,HLA-DRB113:01,5436.73,APF29074,ATPSTTIVCDR,171,81.0
43,HLA-DRB113:01,5535.67,APF29074,LYGLKMSVLWC,43,82.0
165,HLA-DRB113:01,5540.6,APF29074,PKYVIVATPST,165,83.0
113,HLA-DRB113:01,5541.51,APF29074,PETNAIISLQV,113,84.0
137,HLA-DRB113:01,5601.26,APF29074,TGVTLTLLSGV,137,85.0
203,HLA-DRB113:01,5768.07,APF29074,GDFSGVASQEG,203,86.0
120,HLA-DRB113:01,5811.89,APF29074,SLQVYGHNYYL,120,87.0
14,HLA-DRB113:01,5817.35,APF29074,LRNWNFSWNLI,14,88.0
101,HLA-DRB113:01,5846.51,APF29074,LWRRVKTFWAF,101,89.0
148,HLA-DRB113:01,6062.95,APF29074,LLVDGHKIATR,148,90.0
132,HLA-DRB113:01,6065.53,APF29074,VMAAPTGVTLT,132,91.0
140,HLA-DRB113:01,6067.99,APF29074,TLTLLSGVLLV,140,92.0
138,HLA-DRB113:01,6174.89,APF29074,GVTLTLLSGVL,138,93.0
146,HLA-DRB113:01,6178.04,APF29074,GVLLVDGHKIA,146,94.0
26,HLA-DRB113:01,6305.81,APF29074,TVFIVVLQYGH,26,95.0
181,HLA-DRB113:01,6346.54,APF29074,RVGRSVNETSQ,181,96.0
40,HLA-DRB113:01,6464.41,APF29074,SRLLYGLKMSV,40,97.0
3,HLA-DRB113:01,6478.58,APF29074,SSVPLSEVYVH,3,98.0
189,HLA-DRB113:01,6773.76,APF29074,TSQTGWAFYVR,189,99.0
214,HLA-DRB113:01,6858.76,APF29074,VLSEREKLLHL,214,100.0
67,HLA-DRB113:01,6976.8,APF29074,FVNFNVDWVFF,67,101.0
102,HLA-DRB113:01,6988.41,APF29074,WRRVKTFWAFN,102,102.0
60,HLA-DRB113:01,7244.5,APF29074,ALSIFDCFVNF,60,103.0
204,HLA-DRB113:01,7280.49,APF29074,DFSGVASQEGV,204,104.0
176,HLA-DRB113:01,7632.07,APF29074,TIVCDRVGRSV,176,105.0
177,HLA-DRB113:01,7728.35,APF29074,IVCDRVGRSVN,177,106.0
119,HLA-DRB113:01,7799.06,APF29074,ISLQVYGHNYY,119,107.0
182,HLA-DRB113:01,7894.06,APF29074,VGRSVNETSQT,182,108.0
161,HLA-DRB113:01,8714.05,APF29074,VGQLPKYVIVA,161,109.0
54,HLA-DRB113:01,8894.22,APF29074,LWPLVLALSIF,54,110.0
193,HLA-DRB113:01,8968.5,APF29074,GWAFYVRAKHG,193,111.0
169,HLA-DRB113:01,8980.63,APF29074,IVATPSTTIVC,169,112.0
139,HLA-DRB113:01,9005.75,APF29074,VTLTLLSGVLL,139,113.0
207,HLA-DRB113:01,9292.99,APF29074,GVASQEGVLSE,207,114.0
126,HLA-DRB113:01,9645.48,APF29074,HNYYLPVMAAP,126,115.0
116,HLA-DRB113:01,9678.38,APF29074,NAIISLQVYGH,116,116.0
65,HLA-DRB113:01,9893.91,APF29074,DCFVNFNVDWV,65,117.0
22,HLA-DRB113:01,9930.91,APF29074,NLILTVFIVVL,22,118.0
173,HLA-DRB113:01,9947.59,APF29074,PSTTIVCDRVG,173,119.0
190,HLA-DRB113:01,9968.34,APF29074,SQTGWAFYVRA,190,120.0
13,HLA-DRB113:01,10133.54,APF29074,HLRNWNFSWNL,13,121.0
77,HLA-DRB113:01,10456.26,APF29074,FGFSILMSIIT,77,122.0
129,HLA-DRB113:01,10459.87,APF29074,YLPVMAAPTGV,129,123.0
39,HLA-DRB113:01,10598.14,APF29074,YSRLLYGLKMS,39,124.0
73,HLA-DRB113:01,10897.09,APF29074,DWVFFGFSILM,73,125.0
202,HLA-DRB113:01,11188.14,APF29074,HGDFSGVASQE,202,126.0
0,HLA-DRB113:01,11429.29,APF29074,MSNSSVPLSEV,0,127.0
136,HLA-DRB113:01,11563.92,APF29074,PTGVTLTLLSG,136,128.0
47,HLA-DRB113:01,11728.58,APF29074,KMSVLWCLWPL,47,129.0
155,HLA-DRB113:01,12059.6,APF29074,IATRVQVGQLP,155,130.0
187,HLA-DRB113:01,12071.96,APF29074,NETSQTGWAFY,187,131.0
16,HLA-DRB113:01,12079.49,APF29074,NWNFSWNLILT,16,132.0
212,HLA-DRB113:01,12233.23,APF29074,EGVLSEREKLL,212,133.0
1,HLA-DRB113:01,12308.6,APF29074,SNSSVPLSEVY,1,134.0
109,HLA-DRB113:01,12438.43,APF29074,WAFNPETNAII,109,135.0
62,HLA-DRB113:01,12805.56,APF29074,SIFDCFVNFNV,62,136.0
35,HLA-DRB113:01,12912.88,APF29074,GHYKYSRLLYG,35,137.0
34,HLA-DRB113:01,12914.07,APF29074,YGHYKYSRLLY,34,138.0
133,HLA-DRB113:01,13062.99,APF29074,MAAPTGVTLTL,133,139.0
32,HLA-DRB113:01,13152.51,APF29074,LQYGHYKYSRL,32,140.0
170,HLA-DRB113:01,13195.38,APF29074,VATPSTTIVCD,170,141.0
17,HLA-DRB113:01,13338.69,APF29074,WNFSWNLILTV,17,142.0
15,HLA-DRB113:01,13442.24,APF29074,RNWNFSWNLIL,15,143.0
71,HLA-DRB113:01,13457.51,APF29074,NVDWVFFGFSI,71,144.0
206,HLA-DRB113:01,13653.59,APF29074,SGVASQEGVLS,206,145.0
168,HLA-DRB113:01,13800.51,APF29074,VIVATPSTTIV,168,146.0
115,HLA-DRB113:01,14004.82,APF29074,TNAIISLQVYG,115,147.0
143,HLA-DRB113:01,14619.58,APF29074,LLSGVLLVDGH,143,148.0
188,HLA-DRB113:01,14880.46,APF29074,ETSQTGWAFYV,188,149.0
149,HLA-DRB113:01,14941.31,APF29074,LVDGHKIATRV,149,150.0
117,HLA-DRB113:01,15001.74,APF29074,AIISLQVYGHN,117,151.0
157,HLA-DRB113:01,15436.34,APF29074,TRVQVGQLPKY,157,152.0
121,HLA-DRB113:01,15455.95,APF29074,LQVYGHNYYLP,121,153.0
87,HLA-DRB113:01,15472.56,APF29074,TLCLWVMYFVN,87,154.0
142,HLA-DRB113:01,15803.29,APF29074,TLLSGVLLVDG,142,155.0
211,HLA-DRB113:01,15899.81,APF29074,QEGVLSEREKL,211,156.0
125,HLA-DRB113:01,16072.79,APF29074,GHNYYLPVMAA,125,157.0
48,HLA-DRB113:01,16154.87,APF29074,MSVLWCLWPLV,48,158.0
103,HLA-DRB113:01,16387.23,APF29074,RRVKTFWAFNP,103,159.0
108,HLA-DRB113:01,16745.96,APF29074,FWAFNPETNAI,108,160.0
59,HLA-DRB113:01,17011.81,APF29074,LALSIFDCFVN,59,161.0
134,HLA-DRB113:01,17488.26,APF29074,AAPTGVTLTLL,134,162.0
208,HLA-DRB113:01,17689.47,APF29074,VASQEGVLSER,208,163.0
198,HLA-DRB113:01,18044.41,APF29074,VRAKHGDFSGV,198,164.0
79,HLA-DRB113:01,18263.87,APF29074,FSILMSIITLC,79,165.0
112,HLA-DRB113:01,18431.54,APF29074,NPETNAIISLQ,112,166.0
51,HLA-DRB113:01,18518.82,APF29074,LWCLWPLVLAL,51,167.0
33,HLA-DRB113:01,18623.49,APF29074,QYGHYKYSRLL,33,168.0
105,HLA-DRB113:01,18721.58,APF29074,VKTFWAFNPET,105,169.0
178,HLA-DRB113:01,19247.67,APF29074,VCDRVGRSVNE,178,170.0
175,HLA-DRB113:01,19941.66,APF29074,TTIVCDRVGRS,175,171.0
201,HLA-DRB113:01,20315.48,APF29074,KHGDFSGVASQ,201,172.0
209,HLA-DRB113:01,20394.92,APF29074,ASQEGVLSERE,209,173.0
191,HLA-DRB113:01,21342.48,APF29074,QTGWAFYVRAK,191,174.0
122,HLA-DRB113:01,21483.17,APF29074,QVYGHNYYLPV,122,175.0
179,HLA-DRB113:01,22656.02,APF29074,CDRVGRSVNET,179,176.0
52,HLA-DRB113:01,22814.27,APF29074,WCLWPLVLALS,52,177.0
90,HLA-DRB113:01,22965.71,APF29074,LWVMYFVNSFR,90,178.0
64,HLA-DRB113:01,22966.43,APF29074,FDCFVNFNVDW,64,179.0
184,HLA-DRB113:01,22990.09,APF29074,RSVNETSQTGW,184,180.0
69,HLA-DRB113:01,23291.73,APF29074,NFNVDWVFFGF,69,181.0
180,HLA-DRB113:01,23489.41,APF29074,DRVGRSVNETS,180,182.0
135,HLA-DRB113:01,23713.0,APF29074,APTGVTLTLLS,135,183.0
128,HLA-DRB113:01,24110.5,APF29074,YYLPVMAAPTG,128,184.0
110,HLA-DRB113:01,24457.35,APF29074,AFNPETNAIIS,110,185.0
213,HLA-DRB113:01,24566.61,APF29074,GVLSEREKLLH,213,186.0
61,HLA-DRB113:01,24601.22,APF29074,LSIFDCFVNFN,61,187.0
123,HLA-DRB113:01,24978.49,APF29074,VYGHNYYLPVM,123,188.0
25,HLA-DRB113:01,25120.78,APF29074,LTVFIVVLQYG,25,189.0
104,HLA-DRB113:01,25440.74,APF29074,RVKTFWAFNPE,104,190.0
68,HLA-DRB113:01,25491.5,APF29074,VNFNVDWVFFG,68,191.0
23,HLA-DRB113:01,25504.84,APF29074,LILTVFIVVLQ,23,192.0
183,HLA-DRB113:01,26024.41,APF29074,GRSVNETSQTG,183,193.0
28,HLA-DRB113:01,26422.91,APF29074,FIVVLQYGHYK,28,194.0
186,HLA-DRB113:01,27027.99,APF29074,VNETSQTGWAF,186,195.0
210,HLA-DRB113:01,27091.16,APF29074,SQEGVLSEREK,210,196.0
50,HLA-DRB113:01,27217.39,APF29074,VLWCLWPLVLA,50,197.0
63,HLA-DRB113:01,28477.3,APF29074,IFDCFVNFNVD,63,198.0
156,HLA-DRB113:01,28679.39,APF29074,ATRVQVGQLPK,156,199.0
164,HLA-DRB113:01,28714.2,APF29074,LPKYVIVATPS,164,200.0
185,HLA-DRB113:01,29282.92,APF29074,SVNETSQTGWA,185,201.0
46,HLA-DRB113:01,29556.52,APF29074,LKMSVLWCLWP,46,202.0
111,HLA-DRB113:01,30723.49,APF29074,FNPETNAIISL,111,203.0
199,HLA-DRB113:01,31088.81,APF29074,RAKHGDFSGVA,199,204.0
200,HLA-DRB113:01,31231.42,APF29074,AKHGDFSGVAS,200,205.0
89,HLA-DRB113:01,32133.15,APF29074,CLWVMYFVNSF,89,206.0
144,HLA-DRB113:01,32568.42,APF29074,LSGVLLVDGHK,144,207.0
74,HLA-DRB113:01,33171.82,APF29074,WVFFGFSILMS,74,208.0
49,HLA-DRB113:01,33368.24,APF29074,SVLWCLWPLVL,49,209.0
192,HLA-DRB113:01,33553.28,APF29074,TGWAFYVRAKH,192,210.0
88,HLA-DRB113:01,34579.82,APF29074,LCLWVMYFVNS,88,211.0
124,HLA-DRB113:01,34629.65,APF29074,YGHNYYLPVMA,124,212.0
107,HLA-DRB113:01,34852.34,APF29074,TFWAFNPETNA,107,213.0
72,HLA-DRB113:01,37056.18,APF29074,VDWVFFGFSIL,72,214.0
70,HLA-DRB113:01,38026.58,APF29074,FNVDWVFFGFS,70,215.0
106,HLA-DRB113:01,40778.41,APF29074,KTFWAFNPETN,106,216.0
