,allele,ic50,name,peptide,pos,rank
76,HLA-A01:01,620.51,QII87826,NSSPDDQIGYY,76,1.0
222,HLA-A01:01,5151.36,QII87826,LLDRLNQLESK,222,2.0
294,HLA-A01:01,5407.77,QII87826,GTDYKHWPQIA,294,3.0
401,HLA-A01:01,5407.93,QII87826,DFSKQLQQSMS,401,4.0
393,HLA-A01:01,5410.23,QII87826,LLPAADLDDFS,393,5.0
407,HLA-A01:01,5410.33,QII87826,QQSMSSADSTQ,407,6.0
261,HLA-A01:01,5410.34,QII87826,RTATKAYNVTQ,261,7.0
175,HLA-A01:01,5411.43,QII87826,SRGGSQASSRS,175,8.0
322,HLA-A01:01,5412.11,QII87826,EVTPSGTWLTY,322,9.0
180,HLA-A01:01,5413.35,QII87826,QASSRSSSRSR,180,10.0
15,HLA-A01:01,5414.57,QII87826,TFGGPSDSTGS,15,11.0
355,HLA-A01:01,5414.68,QII87826,HIDAYKTFPPT,355,12.0
369,HLA-A01:01,5414.86,QII87826,KDKKKKADETQ,369,13.0
233,HLA-A01:01,5415.21,QII87826,MSGKGQQQQGQ,233,14.0
179,HLA-A01:01,5416.12,QII87826,SQASSRSSSRS,179,15.0
249,HLA-A01:01,5416.12,QII87826,SAAEASKKPRQ,249,15.0
272,HLA-A01:01,5416.94,QII87826,AFGRRGPEQTQ,272,17.0
230,HLA-A01:01,5416.95,QII87826,ESKMSGKGQQQ,230,18.0
246,HLA-A01:01,5417.73,QII87826,TKKSAAEASKK,246,19.0
12,HLA-A01:01,5417.95,QII87826,PRITFGGPSDS,12,20.0
252,HLA-A01:01,5418.23,QII87826,EASKKPRQKRT,252,21.0
323,HLA-A01:01,5418.34,QII87826,VTPSGTWLTYT,323,22.0
231,HLA-A01:01,5418.45,QII87826,SKMSGKGQQQQ,231,23.0
405,HLA-A01:01,5418.55,QII87826,QLQQSMSSADS,405,24.0
183,HLA-A01:01,5418.58,QII87826,SRSSSRSRNSS,183,25.0
229,HLA-A01:01,5419.18,QII87826,LESKMSGKGQQ,229,26.0
389,HLA-A01:01,5419.2,QII87826,QTVTLLPAADL,389,27.0
17,HLA-A01:01,5419.38,QII87826,GGPSDSTGSNQ,17,28.0
194,HLA-A01:01,5420.31,QII87826,RNSTPGSSRGT,194,29.0
182,HLA-A01:01,5420.68,QII87826,SSRSSSRSRNS,182,30.0
378,HLA-A01:01,5420.8,QII87826,TQALPQRQKKQ,378,31.0
406,HLA-A01:01,5421.7,QII87826,LQQSMSSADST,406,32.0
156,HLA-A01:01,5421.75,QII87826,IVLQLPQGTTL,156,33.0
165,HLA-A01:01,5421.75,QII87826,TLPKGFYAEGS,165,33.0
72,HLA-A01:01,5422.14,QII87826,PINTNSSPDDQ,72,35.0
338,HLA-A01:01,5422.17,QII87826,LDDKDPNFKDQ,338,36.0
224,HLA-A01:01,5422.21,QII87826,DRLNQLESKMS,224,37.0
283,HLA-A01:01,5422.21,QII87826,GNFGDQELIRQ,283,37.0
91,HLA-A01:01,5422.51,QII87826,RRIRGGDGKMK,91,39.0
362,HLA-A01:01,5422.61,QII87826,FPPTEPKKDKK,362,40.0
177,HLA-A01:01,5423.21,QII87826,GGSQASSRSSS,177,41.0
379,HLA-A01:01,5423.58,QII87826,QALPQRQKKQQ,379,42.0
55,HLA-A01:01,5423.63,QII87826,LTQHGKEDLKF,55,43.0
193,HLA-A01:01,5423.72,QII87826,SRNSTPGSSRG,193,44.0
186,HLA-A01:01,5423.77,QII87826,SSRSRNSSRNS,186,45.0
20,HLA-A01:01,5423.99,QII87826,SDSTGSNQNGE,20,46.0
226,HLA-A01:01,5424.01,QII87826,LNQLESKMSGK,226,47.0
172,HLA-A01:01,5424.04,QII87826,AEGSRGGSQAS,172,48.0
238,HLA-A01:01,5424.11,QII87826,QQQQGQTVTKK,238,49.0
363,HLA-A01:01,5424.21,QII87826,PPTEPKKDKKK,363,50.0
28,HLA-A01:01,5424.62,QII87826,NGERSGARSKQ,28,51.0
375,HLA-A01:01,5424.62,QII87826,ADETQALPQRQ,375,51.0
176,HLA-A01:01,5424.84,QII87826,RGGSQASSRSS,176,53.0
239,HLA-A01:01,5424.95,QII87826,QQQGQTVTKKS,239,54.0
154,HLA-A01:01,5425.27,QII87826,AAIVLQLPQGT,154,55.0
213,HLA-A01:01,5425.39,QII87826,GGDAALALLLL,213,56.0
244,HLA-A01:01,5425.4,QII87826,TVTKKSAAEAS,244,57.0
307,HLA-A01:01,5425.58,QII87826,APSASAFFGMS,307,58.0
318,HLA-A01:01,5425.62,QII87826,RIGMEVTPSGT,318,59.0
13,HLA-A01:01,5425.71,QII87826,RITFGGPSDST,13,60.0
242,HLA-A01:01,5425.71,QII87826,GQTVTKKSAAE,242,60.0
59,HLA-A01:01,5425.79,QII87826,GKEDLKFPRGQ,59,62.0
102,HLA-A01:01,5425.85,QII87826,DLSPRWYFYYL,102,63.0
190,HLA-A01:01,5425.85,QII87826,RNSSRNSTPGS,190,63.0
83,HLA-A01:01,5425.92,QII87826,IGYYRRATRRI,83,65.0
301,HLA-A01:01,5425.97,QII87826,PQIAQFAPSAS,301,66.0
245,HLA-A01:01,5426.03,QII87826,VTKKSAAEASK,245,67.0
170,HLA-A01:01,5426.09,QII87826,FYAEGSRGGSQ,170,68.0
255,HLA-A01:01,5426.13,QII87826,KKPRQKRTATK,255,69.0
93,HLA-A01:01,5426.25,QII87826,IRGGDGKMKDL,93,70.0
395,HLA-A01:01,5426.36,QII87826,PAADLDDFSKQ,395,71.0
399,HLA-A01:01,5426.4,QII87826,LDDFSKQLQQS,399,72.0
187,HLA-A01:01,5426.66,QII87826,SRSRNSSRNST,187,73.0
174,HLA-A01:01,5426.67,QII87826,GSRGGSQASSR,174,74.0
309,HLA-A01:01,5426.96,QII87826,SASAFFGMSRI,309,75.0
383,HLA-A01:01,5427.05,QII87826,QRQKKQQTVTL,383,76.0
251,HLA-A01:01,5427.17,QII87826,AEASKKPRQKR,251,77.0
402,HLA-A01:01,5427.21,QII87826,FSKQLQQSMSS,402,78.0
256,HLA-A01:01,5427.45,QII87826,KPRQKRTATKA,256,79.0
30,HLA-A01:01,5427.47,QII87826,ERSGARSKQRR,30,80.0
371,HLA-A01:01,5427.52,QII87826,KKKKADETQAL,371,81.0
278,HLA-A01:01,5427.67,QII87826,PEQTQGNFGDQ,278,82.0
397,HLA-A01:01,5427.81,QII87826,ADLDDFSKQLQ,397,83.0
27,HLA-A01:01,5427.96,QII87826,QNGERSGARSK,27,84.0
254,HLA-A01:01,5428.01,QII87826,SKKPRQKRTAT,254,85.0
380,HLA-A01:01,5428.09,QII87826,ALPQRQKKQQT,380,86.0
51,HLA-A01:01,5428.1,QII87826,WFTALTQHGKE,51,87.0
368,HLA-A01:01,5428.33,QII87826,KKDKKKKADET,368,88.0
73,HLA-A01:01,5428.5,QII87826,INTNSSPDDQI,73,89.0
367,HLA-A01:01,5428.53,QII87826,PKKDKKKKADE,367,90.0
237,HLA-A01:01,5428.58,QII87826,GQQQQGQTVTK,237,91.0
218,HLA-A01:01,5428.73,QII87826,LALLLLDRLNQ,218,92.0
26,HLA-A01:01,5428.88,QII87826,NQNGERSGARS,26,93.0
220,HLA-A01:01,5429.06,QII87826,LLLLDRLNQLE,220,94.0
32,HLA-A01:01,5429.24,QII87826,SGARSKQRRPQ,32,95.0
295,HLA-A01:01,5429.31,QII87826,TDYKHWPQIAQ,295,96.0
260,HLA-A01:01,5429.33,QII87826,KRTATKAYNVT,260,97.0
173,HLA-A01:01,5429.44,QII87826,EGSRGGSQASS,173,98.0
382,HLA-A01:01,5429.46,QII87826,PQRQKKQQTVT,382,99.0
68,HLA-A01:01,5429.58,QII87826,GQGVPINTNSS,68,100.0
166,HLA-A01:01,5429.78,QII87826,LPKGFYAEGSR,166,101.0
155,HLA-A01:01,5429.8,QII87826,AIVLQLPQGTT,155,102.0
312,HLA-A01:01,5429.83,QII87826,AFFGMSRIGME,312,103.0
271,HLA-A01:01,5429.9,QII87826,QAFGRRGPEQT,271,104.0
192,HLA-A01:01,5430.1,QII87826,SSRNSTPGSSR,192,105.0
227,HLA-A01:01,5430.21,QII87826,NQLESKMSGKG,227,106.0
67,HLA-A01:01,5430.44,QII87826,RGQGVPINTNS,67,107.0
184,HLA-A01:01,5430.58,QII87826,RSSSRSRNSSR,184,108.0
167,HLA-A01:01,5430.66,QII87826,PKGFYAEGSRG,167,109.0
138,HLA-A01:01,5430.74,QII87826,LNTPKDHIGTR,138,110.0
78,HLA-A01:01,5430.81,QII87826,SPDDQIGYYRR,78,111.0
4,HLA-A01:01,5431.1,QII87826,GPQNQRNAPRI,4,112.0
234,HLA-A01:01,5431.17,QII87826,SGKGQQQQGQT,234,113.0
82,HLA-A01:01,5431.19,QII87826,QIGYYRRATRR,82,114.0
219,HLA-A01:01,5431.27,QII87826,ALLLLDRLNQL,219,115.0
38,HLA-A01:01,5431.28,QII87826,QRRPQGLPNNT,38,116.0
292,HLA-A01:01,5431.31,QII87826,RQGTDYKHWPQ,292,117.0
356,HLA-A01:01,5431.36,QII87826,IDAYKTFPPTE,356,118.0
253,HLA-A01:01,5431.39,QII87826,ASKKPRQKRTA,253,119.0
135,HLA-A01:01,5431.4,QII87826,EGALNTPKDHI,135,120.0
359,HLA-A01:01,5431.48,QII87826,YKTFPPTEPKK,359,121.0
137,HLA-A01:01,5431.52,QII87826,ALNTPKDHIGT,137,122.0
247,HLA-A01:01,5431.58,QII87826,KKSAAEASKKP,247,123.0
365,HLA-A01:01,5431.84,QII87826,TEPKKDKKKKA,365,124.0
293,HLA-A01:01,5431.91,QII87826,QGTDYKHWPQI,293,125.0
361,HLA-A01:01,5431.96,QII87826,TFPPTEPKKDK,361,126.0
169,HLA-A01:01,5432.11,QII87826,GFYAEGSRGGS,169,127.0
92,HLA-A01:01,5432.15,QII87826,RIRGGDGKMKD,92,128.0
85,HLA-A01:01,5432.22,QII87826,YYRRATRRIRG,85,129.0
351,HLA-A01:01,5432.55,QII87826,LLNKHIDAYKT,351,130.0
346,HLA-A01:01,5432.89,QII87826,KDQVILLNKHI,346,131.0
288,HLA-A01:01,5432.91,QII87826,QELIRQGTDYK,288,132.0
45,HLA-A01:01,5432.93,QII87826,PNNTASWFTAL,45,133.0
267,HLA-A01:01,5433.34,QII87826,YNVTQAFGRRG,267,134.0
228,HLA-A01:01,5433.37,QII87826,QLESKMSGKGQ,228,135.0
340,HLA-A01:01,5433.58,QII87826,DKDPNFKDQVI,340,136.0
100,HLA-A01:01,5433.64,QII87826,MKDLSPRWYFY,100,137.0
50,HLA-A01:01,5433.93,QII87826,SWFTALTQHGK,50,138.0
40,HLA-A01:01,5433.99,QII87826,RPQGLPNNTAS,40,139.0
39,HLA-A01:01,5434.13,QII87826,RRPQGLPNNTA,39,140.0
109,HLA-A01:01,5434.13,QII87826,FYYLGTGPEAG,109,140.0
345,HLA-A01:01,5434.14,QII87826,FKDQVILLNKH,345,142.0
118,HLA-A01:01,5434.18,QII87826,AGLPYGANKDG,118,143.0
221,HLA-A01:01,5434.24,QII87826,LLLDRLNQLES,221,144.0
119,HLA-A01:01,5434.44,QII87826,GLPYGANKDGI,119,145.0
110,HLA-A01:01,5434.47,QII87826,YYLGTGPEAGL,110,146.0
152,HLA-A01:01,5434.51,QII87826,NNAAIVLQLPQ,152,147.0
86,HLA-A01:01,5434.62,QII87826,YRRATRRIRGG,86,148.0
270,HLA-A01:01,5434.78,QII87826,TQAFGRRGPEQ,270,149.0
211,HLA-A01:01,5435.01,QII87826,GNGGDAALALL,211,150.0
328,HLA-A01:01,5435.14,QII87826,TWLTYTGAIKL,328,151.0
321,HLA-A01:01,5435.17,QII87826,MEVTPSGTWLT,321,152.0
299,HLA-A01:01,5435.24,QII87826,HWPQIAQFAPS,299,153.0
34,HLA-A01:01,5435.42,QII87826,ARSKQRRPQGL,34,154.0
195,HLA-A01:01,5435.49,QII87826,NSTPGSSRGTS,195,155.0
189,HLA-A01:01,5435.59,QII87826,SRNSSRNSTPG,189,156.0
101,HLA-A01:01,5435.62,QII87826,KDLSPRWYFYY,101,157.0
53,HLA-A01:01,5435.75,QII87826,TALTQHGKEDL,53,158.0
358,HLA-A01:01,5435.76,QII87826,AYKTFPPTEPK,358,159.0
81,HLA-A01:01,5435.86,QII87826,DQIGYYRRATR,81,160.0
200,HLA-A01:01,5435.88,QII87826,SSRGTSPARMA,200,161.0
331,HLA-A01:01,5435.89,QII87826,TYTGAIKLDDK,331,162.0
316,HLA-A01:01,5435.9,QII87826,MSRIGMEVTPS,316,163.0
266,HLA-A01:01,5435.94,QII87826,AYNVTQAFGRR,266,164.0
279,HLA-A01:01,5436.02,QII87826,EQTQGNFGDQE,279,165.0
185,HLA-A01:01,5436.04,QII87826,SSSRSRNSSRN,185,166.0
130,HLA-A01:01,5436.05,QII87826,IWVATEGALNT,130,167.0
235,HLA-A01:01,5436.14,QII87826,GKGQQQQGQTV,235,168.0
178,HLA-A01:01,5436.17,QII87826,GSQASSRSSSR,178,169.0
125,HLA-A01:01,5436.29,QII87826,NKDGIIWVATE,125,170.0
262,HLA-A01:01,5436.43,QII87826,TATKAYNVTQA,262,171.0
65,HLA-A01:01,5436.69,QII87826,FPRGQGVPINT,65,172.0
344,HLA-A01:01,5436.89,QII87826,NFKDQVILLNK,344,173.0
314,HLA-A01:01,5437.0,QII87826,FGMSRIGMEVT,314,174.0
97,HLA-A01:01,5437.2,QII87826,DGKMKDLSPRW,97,175.0
204,HLA-A01:01,5437.33,QII87826,TSPARMAGNGG,204,176.0
22,HLA-A01:01,5437.57,QII87826,STGSNQNGERS,22,177.0
41,HLA-A01:01,5437.59,QII87826,PQGLPNNTASW,41,178.0
403,HLA-A01:01,5437.67,QII87826,SKQLQQSMSSA,403,179.0
236,HLA-A01:01,5437.86,QII87826,KGQQQQGQTVT,236,180.0
373,HLA-A01:01,5437.94,QII87826,KKADETQALPQ,373,181.0
105,HLA-A01:01,5438.01,QII87826,PRWYFYYLGTG,105,182.0
94,HLA-A01:01,5438.05,QII87826,RGGDGKMKDLS,94,183.0
320,HLA-A01:01,5438.07,QII87826,GMEVTPSGTWL,320,184.0
290,HLA-A01:01,5438.18,QII87826,LIRQGTDYKHW,290,185.0
181,HLA-A01:01,5438.19,QII87826,ASSRSSSRSRN,181,186.0
89,HLA-A01:01,5438.29,QII87826,ATRRIRGGDGK,89,187.0
113,HLA-A01:01,5438.42,QII87826,GTGPEAGLPYG,113,188.0
77,HLA-A01:01,5438.49,QII87826,SSPDDQIGYYR,77,189.0
232,HLA-A01:01,5438.53,QII87826,KMSGKGQQQQG,232,190.0
144,HLA-A01:01,5438.9,QII87826,HIGTRNPANNA,144,191.0
46,HLA-A01:01,5439.22,QII87826,NNTASWFTALT,46,192.0
201,HLA-A01:01,5439.35,QII87826,SRGTSPARMAG,201,193.0
1,HLA-A01:01,5439.79,QII87826,SDNGPQNQRNA,1,194.0
370,HLA-A01:01,5439.94,QII87826,DKKKKADETQA,370,195.0
384,HLA-A01:01,5439.98,QII87826,RQKKQQTVTLL,384,196.0
116,HLA-A01:01,5440.33,QII87826,PEAGLPYGANK,116,197.0
88,HLA-A01:01,5440.47,QII87826,RATRRIRGGDG,88,198.0
317,HLA-A01:01,5440.52,QII87826,SRIGMEVTPSG,317,199.0
381,HLA-A01:01,5440.6,QII87826,LPQRQKKQQTV,381,200.0
240,HLA-A01:01,5440.69,QII87826,QQGQTVTKKSA,240,201.0
79,HLA-A01:01,5440.93,QII87826,PDDQIGYYRRA,79,202.0
241,HLA-A01:01,5440.93,QII87826,QGQTVTKKSAA,241,202.0
206,HLA-A01:01,5440.98,QII87826,PARMAGNGGDA,206,204.0
243,HLA-A01:01,5441.47,QII87826,QTVTKKSAAEA,243,205.0
29,HLA-A01:01,5441.55,QII87826,GERSGARSKQR,29,206.0
408,HLA-A01:01,5441.68,QII87826,QSMSSADSTQA,408,207.0
43,HLA-A01:01,5441.69,QII87826,GLPNNTASWFT,43,208.0
284,HLA-A01:01,5441.75,QII87826,NFGDQELIRQG,284,209.0
297,HLA-A01:01,5441.77,QII87826,YKHWPQIAQFA,297,210.0
148,HLA-A01:01,5441.81,QII87826,RNPANNAAIVL,148,211.0
207,HLA-A01:01,5441.9,QII87826,ARMAGNGGDAA,207,212.0
33,HLA-A01:01,5442.05,QII87826,GARSKQRRPQG,33,213.0
188,HLA-A01:01,5442.19,QII87826,RSRNSSRNSTP,188,214.0
23,HLA-A01:01,5442.34,QII87826,TGSNQNGERSG,23,215.0
66,HLA-A01:01,5442.35,QII87826,PRGQGVPINTN,66,216.0
366,HLA-A01:01,5442.36,QII87826,EPKKDKKKKAD,366,217.0
212,HLA-A01:01,5442.55,QII87826,NGGDAALALLL,212,218.0
273,HLA-A01:01,5442.58,QII87826,FGRRGPEQTQG,273,219.0
16,HLA-A01:01,5442.72,QII87826,FGGPSDSTGSN,16,220.0
324,HLA-A01:01,5442.75,QII87826,TPSGTWLTYTG,324,221.0
341,HLA-A01:01,5442.95,QII87826,KDPNFKDQVIL,341,222.0
302,HLA-A01:01,5443.01,QII87826,QIAQFAPSASA,302,223.0
319,HLA-A01:01,5443.01,QII87826,IGMEVTPSGTW,319,223.0
250,HLA-A01:01,5443.15,QII87826,AAEASKKPRQK,250,225.0
139,HLA-A01:01,5443.28,QII87826,NTPKDHIGTRN,139,226.0
352,HLA-A01:01,5443.38,QII87826,LNKHIDAYKTF,352,227.0
168,HLA-A01:01,5443.42,QII87826,KGFYAEGSRGG,168,228.0
388,HLA-A01:01,5443.43,QII87826,QQTVTLLPAAD,388,229.0
8,HLA-A01:01,5443.6,QII87826,QRNAPRITFGG,8,230.0
124,HLA-A01:01,5443.61,QII87826,ANKDGIIWVAT,124,231.0
63,HLA-A01:01,5443.79,QII87826,LKFPRGQGVPI,63,232.0
258,HLA-A01:01,5443.8,QII87826,RQKRTATKAYN,258,233.0
311,HLA-A01:01,5443.84,QII87826,SAFFGMSRIGM,311,234.0
145,HLA-A01:01,5444.07,QII87826,IGTRNPANNAA,145,235.0
198,HLA-A01:01,5444.11,QII87826,PGSSRGTSPAR,198,236.0
400,HLA-A01:01,5444.12,QII87826,DDFSKQLQQSM,400,237.0
84,HLA-A01:01,5444.35,QII87826,GYYRRATRRIR,84,238.0
48,HLA-A01:01,5444.57,QII87826,TASWFTALTQH,48,239.0
108,HLA-A01:01,5444.57,QII87826,YFYYLGTGPEA,108,239.0
25,HLA-A01:01,5444.58,QII87826,SNQNGERSGAR,25,241.0
10,HLA-A01:01,5444.71,QII87826,NAPRITFGGPS,10,242.0
104,HLA-A01:01,5444.73,QII87826,SPRWYFYYLGT,104,243.0
280,HLA-A01:01,5444.87,QII87826,QTQGNFGDQEL,280,244.0
202,HLA-A01:01,5444.97,QII87826,RGTSPARMAGN,202,245.0
60,HLA-A01:01,5445.04,QII87826,KEDLKFPRGQG,60,246.0
5,HLA-A01:01,5445.11,QII87826,PQNQRNAPRIT,5,247.0
300,HLA-A01:01,5445.15,QII87826,WPQIAQFAPSA,300,248.0
334,HLA-A01:01,5445.44,QII87826,GAIKLDDKDPN,334,249.0
18,HLA-A01:01,5445.98,QII87826,GPSDSTGSNQN,18,250.0
404,HLA-A01:01,5446.1,QII87826,KQLQQSMSSAD,404,251.0
44,HLA-A01:01,5446.34,QII87826,LPNNTASWFTA,44,252.0
274,HLA-A01:01,5446.41,QII87826,GRRGPEQTQGN,274,253.0
348,HLA-A01:01,5446.5,QII87826,QVILLNKHIDA,348,254.0
24,HLA-A01:01,5446.57,QII87826,GSNQNGERSGA,24,255.0
339,HLA-A01:01,5446.73,QII87826,DDKDPNFKDQV,339,256.0
132,HLA-A01:01,5446.82,QII87826,VATEGALNTPK,132,257.0
61,HLA-A01:01,5446.85,QII87826,EDLKFPRGQGV,61,258.0
304,HLA-A01:01,5446.9,QII87826,AQFAPSASAFF,304,259.0
281,HLA-A01:01,5447.14,QII87826,TQGNFGDQELI,281,260.0
326,HLA-A01:01,5447.15,QII87826,SGTWLTYTGAI,326,261.0
394,HLA-A01:01,5447.55,QII87826,LPAADLDDFSK,394,262.0
141,HLA-A01:01,5447.65,QII87826,PKDHIGTRNPA,141,263.0
313,HLA-A01:01,5447.67,QII87826,FFGMSRIGMEV,313,264.0
126,HLA-A01:01,5447.72,QII87826,KDGIIWVATEG,126,265.0
71,HLA-A01:01,5447.92,QII87826,VPINTNSSPDD,71,266.0
120,HLA-A01:01,5448.07,QII87826,LPYGANKDGII,120,267.0
134,HLA-A01:01,5448.07,QII87826,TEGALNTPKDH,134,267.0
149,HLA-A01:01,5448.14,QII87826,NPANNAAIVLQ,149,269.0
342,HLA-A01:01,5448.15,QII87826,DPNFKDQVILL,342,270.0
54,HLA-A01:01,5448.43,QII87826,ALTQHGKEDLK,54,271.0
114,HLA-A01:01,5448.48,QII87826,TGPEAGLPYGA,114,272.0
350,HLA-A01:01,5448.59,QII87826,ILLNKHIDAYK,350,273.0
49,HLA-A01:01,5448.69,QII87826,ASWFTALTQHG,49,274.0
329,HLA-A01:01,5448.73,QII87826,WLTYTGAIKLD,329,275.0
162,HLA-A01:01,5448.76,QII87826,QGTTLPKGFYA,162,276.0
143,HLA-A01:01,5448.9,QII87826,DHIGTRNPANN,143,277.0
128,HLA-A01:01,5448.91,QII87826,GIIWVATEGAL,128,278.0
80,HLA-A01:01,5448.95,QII87826,DDQIGYYRRAT,80,279.0
117,HLA-A01:01,5449.0,QII87826,EAGLPYGANKD,117,280.0
37,HLA-A01:01,5449.06,QII87826,KQRRPQGLPNN,37,281.0
303,HLA-A01:01,5449.09,QII87826,IAQFAPSASAF,303,282.0
210,HLA-A01:01,5449.1,QII87826,AGNGGDAALAL,210,283.0
259,HLA-A01:01,5449.18,QII87826,QKRTATKAYNV,259,284.0
197,HLA-A01:01,5449.54,QII87826,TPGSSRGTSPA,197,285.0
376,HLA-A01:01,5449.95,QII87826,DETQALPQRQK,376,286.0
387,HLA-A01:01,5450.13,QII87826,KQQTVTLLPAA,387,287.0
127,HLA-A01:01,5450.14,QII87826,DGIIWVATEGA,127,288.0
58,HLA-A01:01,5450.15,QII87826,HGKEDLKFPRG,58,289.0
136,HLA-A01:01,5450.71,QII87826,GALNTPKDHIG,136,290.0
285,HLA-A01:01,5450.8,QII87826,FGDQELIRQGT,285,291.0
306,HLA-A01:01,5450.81,QII87826,FAPSASAFFGM,306,292.0
364,HLA-A01:01,5450.86,QII87826,PTEPKKDKKKK,364,293.0
150,HLA-A01:01,5451.09,QII87826,PANNAAIVLQL,150,294.0
396,HLA-A01:01,5451.33,QII87826,AADLDDFSKQL,396,295.0
296,HLA-A01:01,5451.34,QII87826,DYKHWPQIAQF,296,296.0
142,HLA-A01:01,5451.41,QII87826,KDHIGTRNPAN,142,297.0
386,HLA-A01:01,5451.42,QII87826,KKQQTVTLLPA,386,298.0
96,HLA-A01:01,5451.44,QII87826,GDGKMKDLSPR,96,299.0
336,HLA-A01:01,5451.66,QII87826,IKLDDKDPNFK,336,300.0
289,HLA-A01:01,5451.68,QII87826,ELIRQGTDYKH,289,301.0
263,HLA-A01:01,5451.75,QII87826,ATKAYNVTQAF,263,302.0
335,HLA-A01:01,5452.24,QII87826,AIKLDDKDPNF,335,303.0
21,HLA-A01:01,5452.26,QII87826,DSTGSNQNGER,21,304.0
107,HLA-A01:01,5452.42,QII87826,WYFYYLGTGPE,107,305.0
325,HLA-A01:01,5452.44,QII87826,PSGTWLTYTGA,325,306.0
123,HLA-A01:01,5452.95,QII87826,GANKDGIIWVA,123,307.0
6,HLA-A01:01,5453.0,QII87826,QNQRNAPRITF,6,308.0
217,HLA-A01:01,5453.49,QII87826,ALALLLLDRLN,217,309.0
3,HLA-A01:01,5453.7,QII87826,NGPQNQRNAPR,3,310.0
121,HLA-A01:01,5453.74,QII87826,PYGANKDGIIW,121,311.0
159,HLA-A01:01,5454.02,QII87826,QLPQGTTLPKG,159,312.0
286,HLA-A01:01,5454.05,QII87826,GDQELIRQGTD,286,313.0
11,HLA-A01:01,5454.3,QII87826,APRITFGGPSD,11,314.0
106,HLA-A01:01,5454.46,QII87826,RWYFYYLGTGP,106,315.0
305,HLA-A01:01,5454.5,QII87826,QFAPSASAFFG,305,316.0
64,HLA-A01:01,5454.56,QII87826,KFPRGQGVPIN,64,317.0
31,HLA-A01:01,5454.57,QII87826,RSGARSKQRRP,31,318.0
275,HLA-A01:01,5454.75,QII87826,RRGPEQTQGNF,275,319.0
225,HLA-A01:01,5454.94,QII87826,RLNQLESKMSG,225,320.0
315,HLA-A01:01,5454.95,QII87826,GMSRIGMEVTP,315,321.0
158,HLA-A01:01,5455.04,QII87826,LQLPQGTTLPK,158,322.0
223,HLA-A01:01,5455.08,QII87826,LDRLNQLESKM,223,323.0
248,HLA-A01:01,5455.08,QII87826,KSAAEASKKPR,248,323.0
115,HLA-A01:01,5455.29,QII87826,GPEAGLPYGAN,115,325.0
146,HLA-A01:01,5455.36,QII87826,GTRNPANNAAI,146,326.0
7,HLA-A01:01,5455.94,QII87826,NQRNAPRITFG,7,327.0
276,HLA-A01:01,5456.07,QII87826,RGPEQTQGNFG,276,328.0
392,HLA-A01:01,5456.07,QII87826,TLLPAADLDDF,392,328.0
208,HLA-A01:01,5456.21,QII87826,RMAGNGGDAAL,208,330.0
343,HLA-A01:01,5456.64,QII87826,PNFKDQVILLN,343,331.0
90,HLA-A01:01,5456.65,QII87826,TRRIRGGDGKM,90,332.0
264,HLA-A01:01,5456.8,QII87826,TKAYNVTQAFG,264,333.0
69,HLA-A01:01,5456.84,QII87826,QGVPINTNSSP,69,334.0
191,HLA-A01:01,5456.95,QII87826,NSSRNSTPGSS,191,335.0
36,HLA-A01:01,5457.16,QII87826,SKQRRPQGLPN,36,336.0
265,HLA-A01:01,5457.54,QII87826,KAYNVTQAFGR,265,337.0
216,HLA-A01:01,5457.75,QII87826,AALALLLLDRL,216,338.0
209,HLA-A01:01,5457.97,QII87826,MAGNGGDAALA,209,339.0
14,HLA-A01:01,5458.21,QII87826,ITFGGPSDSTG,14,340.0
57,HLA-A01:01,5458.35,QII87826,QHGKEDLKFPR,57,341.0
203,HLA-A01:01,5458.45,QII87826,GTSPARMAGNG,203,342.0
347,HLA-A01:01,5458.6,QII87826,DQVILLNKHID,347,343.0
87,HLA-A01:01,5459.08,QII87826,RRATRRIRGGD,87,344.0
308,HLA-A01:01,5459.09,QII87826,PSASAFFGMSR,308,345.0
205,HLA-A01:01,5459.38,QII87826,SPARMAGNGGD,205,346.0
199,HLA-A01:01,5459.53,QII87826,GSSRGTSPARM,199,347.0
99,HLA-A01:01,5459.72,QII87826,KMKDLSPRWYF,99,348.0
147,HLA-A01:01,5460.29,QII87826,TRNPANNAAIV,147,349.0
282,HLA-A01:01,5460.36,QII87826,QGNFGDQELIR,282,350.0
160,HLA-A01:01,5461.09,QII87826,LPQGTTLPKGF,160,351.0
153,HLA-A01:01,5461.15,QII87826,NAAIVLQLPQG,153,352.0
214,HLA-A01:01,5461.25,QII87826,GDAALALLLLD,214,353.0
95,HLA-A01:01,5461.45,QII87826,GGDGKMKDLSP,95,354.0
70,HLA-A01:01,5462.06,QII87826,GVPINTNSSPD,70,355.0
122,HLA-A01:01,5462.08,QII87826,YGANKDGIIWV,122,356.0
268,HLA-A01:01,5462.13,QII87826,NVTQAFGRRGP,268,357.0
196,HLA-A01:01,5462.36,QII87826,STPGSSRGTSP,196,358.0
131,HLA-A01:01,5462.4,QII87826,WVATEGALNTP,131,359.0
42,HLA-A01:01,5462.43,QII87826,QGLPNNTASWF,42,360.0
75,HLA-A01:01,5462.51,QII87826,TNSSPDDQIGY,75,361.0
390,HLA-A01:01,5462.82,QII87826,TVTLLPAADLD,390,362.0
129,HLA-A01:01,5463.15,QII87826,IIWVATEGALN,129,363.0
357,HLA-A01:01,5463.25,QII87826,DAYKTFPPTEP,357,364.0
333,HLA-A01:01,5464.37,QII87826,TGAIKLDDKDP,333,365.0
140,HLA-A01:01,5464.67,QII87826,TPKDHIGTRNP,140,366.0
257,HLA-A01:01,5465.41,QII87826,PRQKRTATKAY,257,367.0
103,HLA-A01:01,5465.79,QII87826,LSPRWYFYYLG,103,368.0
310,HLA-A01:01,5465.88,QII87826,ASAFFGMSRIG,310,369.0
9,HLA-A01:01,5467.38,QII87826,RNAPRITFGGP,9,370.0
2,HLA-A01:01,5467.82,QII87826,DNGPQNQRNAP,2,371.0
330,HLA-A01:01,5468.23,QII87826,LTYTGAIKLDD,330,372.0
215,HLA-A01:01,5468.45,QII87826,DAALALLLLDR,215,373.0
47,HLA-A01:01,5468.48,QII87826,NTASWFTALTQ,47,374.0
385,HLA-A01:01,5470.18,QII87826,QKKQQTVTLLP,385,375.0
349,HLA-A01:01,5470.63,QII87826,VILLNKHIDAY,349,376.0
374,HLA-A01:01,5470.71,QII87826,KADETQALPQR,374,377.0
151,HLA-A01:01,5471.91,QII87826,ANNAAIVLQLP,151,378.0
62,HLA-A01:01,5472.62,QII87826,DLKFPRGQGVP,62,379.0
298,HLA-A01:01,5472.62,QII87826,KHWPQIAQFAP,298,379.0
74,HLA-A01:01,5473.17,QII87826,NTNSSPDDQIG,74,381.0
163,HLA-A01:01,5473.7,QII87826,GTTLPKGFYAE,163,382.0
277,HLA-A01:01,5474.17,QII87826,GPEQTQGNFGD,277,383.0
161,HLA-A01:01,5474.63,QII87826,PQGTTLPKGFY,161,384.0
327,HLA-A01:01,5474.64,QII87826,GTWLTYTGAIK,327,385.0
291,HLA-A01:01,5475.21,QII87826,IRQGTDYKHWP,291,386.0
98,HLA-A01:01,5476.05,QII87826,GKMKDLSPRWY,98,387.0
269,HLA-A01:01,5480.3,QII87826,VTQAFGRRGPE,269,388.0
35,HLA-A01:01,5482.36,QII87826,RSKQRRPQGLP,35,389.0
360,HLA-A01:01,5482.45,QII87826,KTFPPTEPKKD,360,390.0
112,HLA-A01:01,5483.35,QII87826,LGTGPEAGLPY,112,391.0
287,HLA-A01:01,5483.37,QII87826,DQELIRQGTDY,287,392.0
372,HLA-A01:01,5484.55,QII87826,KKKADETQALP,372,393.0
377,HLA-A01:01,5486.64,QII87826,ETQALPQRQKK,377,394.0
171,HLA-A01:01,5487.28,QII87826,YAEGSRGGSQA,171,395.0
56,HLA-A01:01,5489.9,QII87826,TQHGKEDLKFP,56,396.0
353,HLA-A01:01,5491.48,QII87826,NKHIDAYKTFP,353,397.0
157,HLA-A01:01,5492.77,QII87826,VLQLPQGTTLP,157,398.0
354,HLA-A01:01,5493.45,QII87826,KHIDAYKTFPP,354,399.0
164,HLA-A01:01,5495.64,QII87826,TTLPKGFYAEG,164,400.0
398,HLA-A01:01,5496.03,QII87826,DLDDFSKQLQQ,398,401.0
391,HLA-A01:01,5499.48,QII87826,VTLLPAADLDD,391,402.0
19,HLA-A01:01,5506.9,QII87826,PSDSTGSNQNG,19,403.0
52,HLA-A01:01,5513.05,QII87826,FTALTQHGKED,52,404.0
332,HLA-A01:01,5521.98,QII87826,YTGAIKLDDKD,332,405.0
111,HLA-A01:01,5526.12,QII87826,YLGTGPEAGLP,111,406.0
337,HLA-A01:01,5534.75,QII87826,KLDDKDPNFKD,337,407.0
0,HLA-A01:01,5558.18,QII87826,MSDNGPQNQRN,0,408.0
133,HLA-A01:01,5615.2,QII87826,ATEGALNTPKD,133,409.0
306,HLA-A26:01,6421.92,QII87826,FAPSASAFFGM,306,1.0
313,HLA-A26:01,6780.87,QII87826,FFGMSRIGMEV,313,2.0
99,HLA-A26:01,6803.82,QII87826,KMKDLSPRWYF,99,3.0
219,HLA-A26:01,7136.97,QII87826,ALLLLDRLNQL,219,4.0
122,HLA-A26:01,7228.46,QII87826,YGANKDGIIWV,122,5.0
392,HLA-A26:01,7899.7,QII87826,TLLPAADLDDF,392,6.0
311,HLA-A26:01,8144.39,QII87826,SAFFGMSRIGM,311,7.0
393,HLA-A26:01,8183.88,QII87826,LLPAADLDDFS,393,8.0
304,HLA-A26:01,8358.86,QII87826,AQFAPSASAFF,304,9.0
348,HLA-A26:01,8382.79,QII87826,QVILLNKHIDA,348,10.0
337,HLA-A26:01,8650.08,QII87826,KLDDKDPNFKD,337,11.0
320,HLA-A26:01,8654.69,QII87826,GMEVTPSGTWL,320,12.0
45,HLA-A26:01,8717.41,QII87826,PNNTASWFTAL,45,13.0
328,HLA-A26:01,8834.3,QII87826,TWLTYTGAIKL,328,14.0
102,HLA-A26:01,8866.89,QII87826,DLSPRWYFYYL,102,15.0
213,HLA-A26:01,9109.94,QII87826,GGDAALALLLL,213,16.0
46,HLA-A26:01,9188.3,QII87826,NNTASWFTALT,46,17.0
208,HLA-A26:01,9250.16,QII87826,RMAGNGGDAAL,208,18.0
163,HLA-A26:01,9348.79,QII87826,GTTLPKGFYAE,163,19.0
307,HLA-A26:01,9416.76,QII87826,APSASAFFGMS,307,20.0
100,HLA-A26:01,9461.32,QII87826,MKDLSPRWYFY,100,21.0
128,HLA-A26:01,9520.09,QII87826,GIIWVATEGAL,128,22.0
156,HLA-A26:01,9561.5,QII87826,IVLQLPQGTTL,156,23.0
129,HLA-A26:01,9688.26,QII87826,IIWVATEGALN,129,24.0
322,HLA-A26:01,9920.2,QII87826,EVTPSGTWLTY,322,25.0
43,HLA-A26:01,10104.02,QII87826,GLPNNTASWFT,43,26.0
329,HLA-A26:01,10173.37,QII87826,WLTYTGAIKLD,329,27.0
55,HLA-A26:01,10187.86,QII87826,LTQHGKEDLKF,55,28.0
217,HLA-A26:01,10192.81,QII87826,ALALLLLDRLN,217,29.0
389,HLA-A26:01,10203.69,QII87826,QTVTLLPAADL,389,30.0
349,HLA-A26:01,10221.61,QII87826,VILLNKHIDAY,349,31.0
48,HLA-A26:01,10249.15,QII87826,TASWFTALTQH,48,32.0
225,HLA-A26:01,10253.02,QII87826,RLNQLESKMSG,225,33.0
263,HLA-A26:01,10269.11,QII87826,ATKAYNVTQAF,263,34.0
330,HLA-A26:01,10275.93,QII87826,LTYTGAIKLDD,330,35.0
131,HLA-A26:01,10329.49,QII87826,WVATEGALNTP,131,36.0
400,HLA-A26:01,10332.16,QII87826,DDFSKQLQQSM,400,37.0
308,HLA-A26:01,10343.88,QII87826,PSASAFFGMSR,308,38.0
309,HLA-A26:01,10348.53,QII87826,SASAFFGMSRI,309,39.0
165,HLA-A26:01,10396.28,QII87826,TLPKGFYAEGS,165,40.0
42,HLA-A26:01,10495.06,QII87826,QGLPNNTASWF,42,41.0
332,HLA-A26:01,10500.46,QII87826,YTGAIKLDDKD,332,42.0
297,HLA-A26:01,10519.46,QII87826,YKHWPQIAQFA,297,43.0
162,HLA-A26:01,10566.47,QII87826,QGTTLPKGFYA,162,44.0
384,HLA-A26:01,10568.82,QII87826,RQKKQQTVTLL,384,45.0
335,HLA-A26:01,10574.41,QII87826,AIKLDDKDPNF,335,46.0
212,HLA-A26:01,10603.24,QII87826,NGGDAALALLL,212,47.0
224,HLA-A26:01,10606.5,QII87826,DRLNQLESKMS,224,48.0
235,HLA-A26:01,10628.87,QII87826,GKGQQQQGQTV,235,49.0
221,HLA-A26:01,10658.23,QII87826,LLLDRLNQLES,221,50.0
342,HLA-A26:01,10673.89,QII87826,DPNFKDQVILL,342,51.0
211,HLA-A26:01,10688.18,QII87826,GNGGDAALALL,211,52.0
220,HLA-A26:01,10689.97,QII87826,LLLLDRLNQLE,220,53.0
315,HLA-A26:01,10695.69,QII87826,GMSRIGMEVTP,315,54.0
215,HLA-A26:01,10721.88,QII87826,DAALALLLLDR,215,55.0
347,HLA-A26:01,10749.76,QII87826,DQVILLNKHID,347,56.0
123,HLA-A26:01,10770.28,QII87826,GANKDGIIWVA,123,57.0
106,HLA-A26:01,10793.46,QII87826,RWYFYYLGTGP,106,58.0
101,HLA-A26:01,10809.13,QII87826,KDLSPRWYFYY,101,59.0
214,HLA-A26:01,10846.98,QII87826,GDAALALLLLD,214,60.0
310,HLA-A26:01,10874.36,QII87826,ASAFFGMSRIG,310,61.0
305,HLA-A26:01,10886.08,QII87826,QFAPSASAFFG,305,62.0
47,HLA-A26:01,10911.68,QII87826,NTASWFTALTQ,47,63.0
111,HLA-A26:01,10914.77,QII87826,YLGTGPEAGLP,111,64.0
371,HLA-A26:01,10915.66,QII87826,KKKKADETQAL,371,65.0
138,HLA-A26:01,10956.38,QII87826,LNTPKDHIGTR,138,66.0
56,HLA-A26:01,10963.22,QII87826,TQHGKEDLKFP,56,67.0
391,HLA-A26:01,10968.06,QII87826,VTLLPAADLDD,391,68.0
216,HLA-A26:01,10973.73,QII87826,AALALLLLDRL,216,69.0
44,HLA-A26:01,10985.26,QII87826,LPNNTASWFTA,44,70.0
164,HLA-A26:01,11022.03,QII87826,TTLPKGFYAEG,164,71.0
218,HLA-A26:01,11063.62,QII87826,LALLLLDRLNQ,218,72.0
327,HLA-A26:01,11065.81,QII87826,GTWLTYTGAIK,327,73.0
98,HLA-A26:01,11067.55,QII87826,GKMKDLSPRWY,98,74.0
124,HLA-A26:01,11070.42,QII87826,ANKDGIIWVAT,124,75.0
381,HLA-A26:01,11073.24,QII87826,LPQRQKKQQTV,381,76.0
104,HLA-A26:01,11084.43,QII87826,SPRWYFYYLGT,104,77.0
387,HLA-A26:01,11086.21,QII87826,KQQTVTLLPAA,387,78.0
127,HLA-A26:01,11088.82,QII87826,DGIIWVATEGA,127,79.0
147,HLA-A26:01,11125.23,QII87826,TRNPANNAAIV,147,80.0
390,HLA-A26:01,11152.49,QII87826,TVTLLPAADLD,390,81.0
352,HLA-A26:01,11177.18,QII87826,LNKHIDAYKTF,352,82.0
303,HLA-A26:01,11183.82,QII87826,IAQFAPSASAF,303,83.0
289,HLA-A26:01,11193.71,QII87826,ELIRQGTDYKH,289,84.0
166,HLA-A26:01,11212.3,QII87826,LPKGFYAEGSR,166,85.0
302,HLA-A26:01,11247.12,QII87826,QIAQFAPSASA,302,86.0
84,HLA-A26:01,11261.84,QII87826,GYYRRATRRIR,84,87.0
6,HLA-A26:01,11297.48,QII87826,QNQRNAPRITF,6,88.0
343,HLA-A26:01,11366.76,QII87826,PNFKDQVILLN,343,89.0
244,HLA-A26:01,11396.98,QII87826,TVTKKSAAEAS,244,90.0
312,HLA-A26:01,11407.81,QII87826,AFFGMSRIGME,312,91.0
103,HLA-A26:01,11408.62,QII87826,LSPRWYFYYLG,103,92.0
369,HLA-A26:01,11409.09,QII87826,KDKKKKADETQ,369,93.0
63,HLA-A26:01,11421.14,QII87826,LKFPRGQGVPI,63,94.0
401,HLA-A26:01,11424.78,QII87826,DFSKQLQQSMS,401,95.0
14,HLA-A26:01,11426.67,QII87826,ITFGGPSDSTG,14,96.0
405,HLA-A26:01,11431.07,QII87826,QLQQSMSSADS,405,97.0
354,HLA-A26:01,11455.52,QII87826,KHIDAYKTFPP,354,98.0
68,HLA-A26:01,11465.13,QII87826,GQGVPINTNSS,68,99.0
353,HLA-A26:01,11465.41,QII87826,NKHIDAYKTFP,353,100.0
209,HLA-A26:01,11466.41,QII87826,MAGNGGDAALA,209,101.0
293,HLA-A26:01,11473.88,QII87826,QGTDYKHWPQI,293,102.0
108,HLA-A26:01,11476.67,QII87826,YFYYLGTGPEA,108,103.0
326,HLA-A26:01,11481.16,QII87826,SGTWLTYTGAI,326,104.0
339,HLA-A26:01,11487.48,QII87826,DDKDPNFKDQV,339,105.0
243,HLA-A26:01,11520.59,QII87826,QTVTKKSAAEA,243,106.0
151,HLA-A26:01,11558.22,QII87826,ANNAAIVLQLP,151,107.0
282,HLA-A26:01,11561.86,QII87826,QGNFGDQELIR,282,108.0
396,HLA-A26:01,11565.53,QII87826,AADLDDFSKQL,396,109.0
287,HLA-A26:01,11567.42,QII87826,DQELIRQGTDY,287,110.0
321,HLA-A26:01,11568.23,QII87826,MEVTPSGTWLT,321,111.0
351,HLA-A26:01,11573.59,QII87826,LLNKHIDAYKT,351,112.0
57,HLA-A26:01,11584.9,QII87826,QHGKEDLKFPR,57,113.0
350,HLA-A26:01,11591.53,QII87826,ILLNKHIDAYK,350,114.0
383,HLA-A26:01,11592.85,QII87826,QRQKKQQTVTL,383,115.0
266,HLA-A26:01,11595.48,QII87826,AYNVTQAFGRR,266,116.0
316,HLA-A26:01,11611.83,QII87826,MSRIGMEVTPS,316,117.0
161,HLA-A26:01,11612.93,QII87826,PQGTTLPKGFY,161,118.0
368,HLA-A26:01,11652.94,QII87826,KKDKKKKADET,368,119.0
397,HLA-A26:01,11653.85,QII87826,ADLDDFSKQLQ,397,120.0
341,HLA-A26:01,11657.91,QII87826,KDPNFKDQVIL,341,121.0
96,HLA-A26:01,11670.15,QII87826,GDGKMKDLSPR,96,122.0
150,HLA-A26:01,11683.46,QII87826,PANNAAIVLQL,150,123.0
130,HLA-A26:01,11695.63,QII87826,IWVATEGALNT,130,124.0
94,HLA-A26:01,11720.72,QII87826,RGGDGKMKDLS,94,125.0
402,HLA-A26:01,11725.34,QII87826,FSKQLQQSMSS,402,126.0
261,HLA-A26:01,11729.56,QII87826,RTATKAYNVTQ,261,127.0
398,HLA-A26:01,11729.9,QII87826,DLDDFSKQLQQ,398,128.0
281,HLA-A26:01,11730.29,QII87826,TQGNFGDQELI,281,129.0
82,HLA-A26:01,11734.29,QII87826,QIGYYRRATRR,82,130.0
112,HLA-A26:01,11735.76,QII87826,LGTGPEAGLPY,112,131.0
360,HLA-A26:01,11746.57,QII87826,KTFPPTEPKKD,360,132.0
290,HLA-A26:01,11767.05,QII87826,LIRQGTDYKHW,290,133.0
355,HLA-A26:01,11768.61,QII87826,HIDAYKTFPPT,355,134.0
404,HLA-A26:01,11822.26,QII87826,KQLQQSMSSAD,404,135.0
81,HLA-A26:01,11825.25,QII87826,DQIGYYRRATR,81,136.0
125,HLA-A26:01,11843.48,QII87826,NKDGIIWVATE,125,137.0
314,HLA-A26:01,11846.53,QII87826,FGMSRIGMEVT,314,138.0
280,HLA-A26:01,11854.27,QII87826,QTQGNFGDQEL,280,139.0
299,HLA-A26:01,11856.29,QII87826,HWPQIAQFAPS,299,140.0
323,HLA-A26:01,11858.39,QII87826,VTPSGTWLTYT,323,141.0
136,HLA-A26:01,11873.16,QII87826,GALNTPKDHIG,136,142.0
180,HLA-A26:01,11873.79,QII87826,QASSRSSSRSR,180,143.0
370,HLA-A26:01,11883.32,QII87826,DKKKKADETQA,370,144.0
294,HLA-A26:01,11885.76,QII87826,GTDYKHWPQIA,294,145.0
345,HLA-A26:01,11946.17,QII87826,FKDQVILLNKH,345,146.0
137,HLA-A26:01,11951.78,QII87826,ALNTPKDHIGT,137,147.0
210,HLA-A26:01,11954.87,QII87826,AGNGGDAALAL,210,148.0
15,HLA-A26:01,11966.9,QII87826,TFGGPSDSTGS,15,149.0
223,HLA-A26:01,11975.8,QII87826,LDRLNQLESKM,223,150.0
75,HLA-A26:01,11988.74,QII87826,TNSSPDDQIGY,75,151.0
173,HLA-A26:01,11989.76,QII87826,EGSRGGSQASS,173,152.0
169,HLA-A26:01,11996.44,QII87826,GFYAEGSRGGS,169,153.0
105,HLA-A26:01,12018.37,QII87826,PRWYFYYLGTG,105,154.0
399,HLA-A26:01,12024.55,QII87826,LDDFSKQLQQS,399,155.0
16,HLA-A26:01,12028.17,QII87826,FGGPSDSTGSN,16,156.0
222,HLA-A26:01,12051.89,QII87826,LLDRLNQLESK,222,157.0
110,HLA-A26:01,12053.11,QII87826,YYLGTGPEAGL,110,158.0
367,HLA-A26:01,12064.66,QII87826,PKKDKKKKADE,367,159.0
61,HLA-A26:01,12074.07,QII87826,EDLKFPRGQGV,61,160.0
21,HLA-A26:01,12081.35,QII87826,DSTGSNQNGER,21,161.0
264,HLA-A26:01,12087.43,QII87826,TKAYNVTQAFG,264,162.0
265,HLA-A26:01,12092.59,QII87826,KAYNVTQAFGR,265,163.0
283,HLA-A26:01,12094.35,QII87826,GNFGDQELIRQ,283,164.0
92,HLA-A26:01,12131.43,QII87826,RIRGGDGKMKD,92,165.0
262,HLA-A26:01,12153.29,QII87826,TATKAYNVTQA,262,166.0
395,HLA-A26:01,12157.6,QII87826,PAADLDDFSKQ,395,167.0
336,HLA-A26:01,12181.08,QII87826,IKLDDKDPNFK,336,168.0
178,HLA-A26:01,12200.03,QII87826,GSQASSRSSSR,178,169.0
296,HLA-A26:01,12201.88,QII87826,DYKHWPQIAQF,296,170.0
76,HLA-A26:01,12221.75,QII87826,NSSPDDQIGYY,76,171.0
207,HLA-A26:01,12222.16,QII87826,ARMAGNGGDAA,207,172.0
157,HLA-A26:01,12230.05,QII87826,VLQLPQGTTLP,157,173.0
298,HLA-A26:01,12232.34,QII87826,KHWPQIAQFAP,298,174.0
374,HLA-A26:01,12241.19,QII87826,KADETQALPQR,374,175.0
30,HLA-A26:01,12241.62,QII87826,ERSGARSKQRR,30,176.0
148,HLA-A26:01,12254.93,QII87826,RNPANNAAIVL,148,177.0
331,HLA-A26:01,12256.55,QII87826,TYTGAIKLDDK,331,178.0
324,HLA-A26:01,12261.77,QII87826,TPSGTWLTYTG,324,179.0
372,HLA-A26:01,12268.99,QII87826,KKKADETQALP,372,180.0
242,HLA-A26:01,12278.55,QII87826,GQTVTKKSAAE,242,181.0
184,HLA-A26:01,12295.52,QII87826,RSSSRSRNSSR,184,182.0
325,HLA-A26:01,12307.85,QII87826,PSGTWLTYTGA,325,183.0
334,HLA-A26:01,12317.82,QII87826,GAIKLDDKDPN,334,184.0
95,HLA-A26:01,12320.78,QII87826,GGDGKMKDLSP,95,185.0
408,HLA-A26:01,12327.96,QII87826,QSMSSADSTQA,408,186.0
269,HLA-A26:01,12339.03,QII87826,VTQAFGRRGPE,269,187.0
177,HLA-A26:01,12340.55,QII87826,GGSQASSRSSS,177,188.0
403,HLA-A26:01,12347.44,QII87826,SKQLQQSMSSA,403,189.0
259,HLA-A26:01,12354.79,QII87826,QKRTATKAYNV,259,190.0
366,HLA-A26:01,12359.38,QII87826,EPKKDKKKKAD,366,191.0
149,HLA-A26:01,12377.29,QII87826,NPANNAAIVLQ,149,192.0
69,HLA-A26:01,12404.23,QII87826,QGVPINTNSSP,69,193.0
29,HLA-A26:01,12419.02,QII87826,GERSGARSKQR,29,194.0
285,HLA-A26:01,12433.74,QII87826,FGDQELIRQGT,285,195.0
251,HLA-A26:01,12445.55,QII87826,AEASKKPRQKR,251,196.0
107,HLA-A26:01,12447.51,QII87826,WYFYYLGTGPE,107,197.0
179,HLA-A26:01,12456.56,QII87826,SQASSRSSSRS,179,198.0
121,HLA-A26:01,12475.22,QII87826,PYGANKDGIIW,121,199.0
7,HLA-A26:01,12488.49,QII87826,NQRNAPRITFG,7,200.0
357,HLA-A26:01,12508.37,QII87826,DAYKTFPPTEP,357,201.0
202,HLA-A26:01,12517.43,QII87826,RGTSPARMAGN,202,202.0
113,HLA-A26:01,12526.07,QII87826,GTGPEAGLPYG,113,203.0
346,HLA-A26:01,12526.9,QII87826,KDQVILLNKHI,346,204.0
13,HLA-A26:01,12536.02,QII87826,RITFGGPSDST,13,205.0
41,HLA-A26:01,12553.54,QII87826,PQGLPNNTASW,41,206.0
406,HLA-A26:01,12556.6,QII87826,LQQSMSSADST,406,207.0
386,HLA-A26:01,12567.0,QII87826,KKQQTVTLLPA,386,208.0
77,HLA-A26:01,12583.89,QII87826,SSPDDQIGYYR,77,209.0
58,HLA-A26:01,12602.25,QII87826,HGKEDLKFPRG,58,210.0
196,HLA-A26:01,12607.53,QII87826,STPGSSRGTSP,196,211.0
146,HLA-A26:01,12621.96,QII87826,GTRNPANNAAI,146,212.0
195,HLA-A26:01,12627.27,QII87826,NSTPGSSRGTS,195,213.0
188,HLA-A26:01,12630.45,QII87826,RSRNSSRNSTP,188,214.0
333,HLA-A26:01,12637.42,QII87826,TGAIKLDDKDP,333,215.0
143,HLA-A26:01,12640.29,QII87826,DHIGTRNPANN,143,216.0
300,HLA-A26:01,12641.28,QII87826,WPQIAQFAPSA,300,217.0
268,HLA-A26:01,12662.9,QII87826,NVTQAFGRRGP,268,218.0
152,HLA-A26:01,12667.47,QII87826,NNAAIVLQLPQ,152,219.0
54,HLA-A26:01,12677.58,QII87826,ALTQHGKEDLK,54,220.0
301,HLA-A26:01,12692.15,QII87826,PQIAQFAPSAS,301,221.0
97,HLA-A26:01,12702.67,QII87826,DGKMKDLSPRW,97,222.0
241,HLA-A26:01,12711.05,QII87826,QGQTVTKKSAA,241,223.0
172,HLA-A26:01,12715.81,QII87826,AEGSRGGSQAS,172,224.0
155,HLA-A26:01,12719.51,QII87826,AIVLQLPQGTT,155,225.0
318,HLA-A26:01,12726.59,QII87826,RIGMEVTPSGT,318,226.0
182,HLA-A26:01,12730.76,QII87826,SSRSSSRSRNS,182,227.0
247,HLA-A26:01,12734.48,QII87826,KKSAAEASKKP,247,228.0
245,HLA-A26:01,12737.14,QII87826,VTKKSAAEASK,245,229.0
53,HLA-A26:01,12737.25,QII87826,TALTQHGKEDL,53,230.0
25,HLA-A26:01,12740.61,QII87826,SNQNGERSGAR,25,231.0
170,HLA-A26:01,12742.92,QII87826,FYAEGSRGGSQ,170,232.0
109,HLA-A26:01,12744.73,QII87826,FYYLGTGPEAG,109,233.0
260,HLA-A26:01,12753.28,QII87826,KRTATKAYNVT,260,234.0
40,HLA-A26:01,12755.29,QII87826,RPQGLPNNTAS,40,235.0
174,HLA-A26:01,12759.68,QII87826,GSRGGSQASSR,174,236.0
185,HLA-A26:01,12761.9,QII87826,SSSRSRNSSRN,185,237.0
135,HLA-A26:01,12769.05,QII87826,EGALNTPKDHI,135,238.0
171,HLA-A26:01,12769.77,QII87826,YAEGSRGGSQA,171,239.0
74,HLA-A26:01,12776.6,QII87826,NTNSSPDDQIG,74,240.0
385,HLA-A26:01,12783.92,QII87826,QKKQQTVTLLP,385,241.0
197,HLA-A26:01,12787.53,QII87826,TPGSSRGTSPA,197,242.0
64,HLA-A26:01,12788.37,QII87826,KFPRGQGVPIN,64,243.0
22,HLA-A26:01,12789.71,QII87826,STGSNQNGERS,22,244.0
198,HLA-A26:01,12805.18,QII87826,PGSSRGTSPAR,198,245.0
407,HLA-A26:01,12807.33,QII87826,QQSMSSADSTQ,407,246.0
228,HLA-A26:01,12809.51,QII87826,QLESKMSGKGQ,228,247.0
85,HLA-A26:01,12818.56,QII87826,YYRRATRRIRG,85,248.0
292,HLA-A26:01,12849.36,QII87826,RQGTDYKHWPQ,292,249.0
248,HLA-A26:01,12854.78,QII87826,KSAAEASKKPR,248,250.0
12,HLA-A26:01,12872.62,QII87826,PRITFGGPSDS,12,251.0
394,HLA-A26:01,12881.04,QII87826,LPAADLDDFSK,394,252.0
139,HLA-A26:01,12883.18,QII87826,NTPKDHIGTRN,139,253.0
340,HLA-A26:01,12883.6,QII87826,DKDPNFKDQVI,340,254.0
37,HLA-A26:01,12887.99,QII87826,KQRRPQGLPNN,37,255.0
70,HLA-A26:01,12893.24,QII87826,GVPINTNSSPD,70,256.0
272,HLA-A26:01,12897.81,QII87826,AFGRRGPEQTQ,272,257.0
78,HLA-A26:01,12906.99,QII87826,SPDDQIGYYRR,78,258.0
319,HLA-A26:01,12915.72,QII87826,IGMEVTPSGTW,319,259.0
356,HLA-A26:01,12931.85,QII87826,IDAYKTFPPTE,356,260.0
144,HLA-A26:01,12933.15,QII87826,HIGTRNPANNA,144,261.0
258,HLA-A26:01,12946.66,QII87826,RQKRTATKAYN,258,262.0
373,HLA-A26:01,12946.8,QII87826,KKADETQALPQ,373,263.0
192,HLA-A26:01,12949.19,QII87826,SSRNSTPGSSR,192,264.0
26,HLA-A26:01,12956.28,QII87826,NQNGERSGARS,26,265.0
183,HLA-A26:01,12962.66,QII87826,SRSSSRSRNSS,183,266.0
181,HLA-A26:01,12966.16,QII87826,ASSRSSSRSRN,181,267.0
199,HLA-A26:01,12980.24,QII87826,GSSRGTSPARM,199,268.0
119,HLA-A26:01,13005.25,QII87826,GLPYGANKDGI,119,269.0
365,HLA-A26:01,13008.64,QII87826,TEPKKDKKKKA,365,270.0
286,HLA-A26:01,13029.84,QII87826,GDQELIRQGTD,286,271.0
338,HLA-A26:01,13031.34,QII87826,LDDKDPNFKDQ,338,272.0
291,HLA-A26:01,13032.98,QII87826,IRQGTDYKHWP,291,273.0
295,HLA-A26:01,13057.97,QII87826,TDYKHWPQIAQ,295,274.0
52,HLA-A26:01,13058.23,QII87826,FTALTQHGKED,52,275.0
36,HLA-A26:01,13061.56,QII87826,SKQRRPQGLPN,36,276.0
186,HLA-A26:01,13066.41,QII87826,SSRSRNSSRNS,186,277.0
257,HLA-A26:01,13068.19,QII87826,PRQKRTATKAY,257,278.0
388,HLA-A26:01,13082.72,QII87826,QQTVTLLPAAD,388,279.0
270,HLA-A26:01,13085.13,QII87826,TQAFGRRGPEQ,270,280.0
167,HLA-A26:01,13123.89,QII87826,PKGFYAEGSRG,167,281.0
93,HLA-A26:01,13131.69,QII87826,IRGGDGKMKDL,93,282.0
120,HLA-A26:01,13138.0,QII87826,LPYGANKDGII,120,283.0
142,HLA-A26:01,13141.85,QII87826,KDHIGTRNPAN,142,284.0
90,HLA-A26:01,13143.39,QII87826,TRRIRGGDGKM,90,285.0
239,HLA-A26:01,13143.72,QII87826,QQQGQTVTKKS,239,286.0
114,HLA-A26:01,13145.52,QII87826,TGPEAGLPYGA,114,287.0
159,HLA-A26:01,13146.88,QII87826,QLPQGTTLPKG,159,288.0
279,HLA-A26:01,13160.68,QII87826,EQTQGNFGDQE,279,289.0
59,HLA-A26:01,13178.64,QII87826,GKEDLKFPRGQ,59,290.0
203,HLA-A26:01,13180.38,QII87826,GTSPARMAGNG,203,291.0
168,HLA-A26:01,13180.96,QII87826,KGFYAEGSRGG,168,292.0
9,HLA-A26:01,13185.46,QII87826,RNAPRITFGGP,9,293.0
133,HLA-A26:01,13191.32,QII87826,ATEGALNTPKD,133,294.0
253,HLA-A26:01,13201.06,QII87826,ASKKPRQKRTA,253,295.0
364,HLA-A26:01,13219.17,QII87826,PTEPKKDKKKK,364,296.0
134,HLA-A26:01,13220.55,QII87826,TEGALNTPKDH,134,297.0
67,HLA-A26:01,13227.93,QII87826,RGQGVPINTNS,67,298.0
31,HLA-A26:01,13228.38,QII87826,RSGARSKQRRP,31,299.0
344,HLA-A26:01,13239.0,QII87826,NFKDQVILLNK,344,300.0
176,HLA-A26:01,13266.05,QII87826,RGGSQASSRSS,176,301.0
288,HLA-A26:01,13273.86,QII87826,QELIRQGTDYK,288,302.0
158,HLA-A26:01,13281.18,QII87826,LQLPQGTTLPK,158,303.0
249,HLA-A26:01,13282.47,QII87826,SAAEASKKPRQ,249,304.0
83,HLA-A26:01,13297.35,QII87826,IGYYRRATRRI,83,305.0
51,HLA-A26:01,13323.61,QII87826,WFTALTQHGKE,51,306.0
232,HLA-A26:01,13325.25,QII87826,KMSGKGQQQQG,232,307.0
80,HLA-A26:01,13333.01,QII87826,DDQIGYYRRAT,80,308.0
73,HLA-A26:01,13341.92,QII87826,INTNSSPDDQI,73,309.0
62,HLA-A26:01,13344.39,QII87826,DLKFPRGQGVP,62,310.0
20,HLA-A26:01,13351.16,QII87826,SDSTGSNQNGE,20,311.0
115,HLA-A26:01,13352.07,QII87826,GPEAGLPYGAN,115,312.0
240,HLA-A26:01,13352.89,QII87826,QQGQTVTKKSA,240,313.0
276,HLA-A26:01,13358.36,QII87826,RGPEQTQGNFG,276,314.0
284,HLA-A26:01,13369.32,QII87826,NFGDQELIRQG,284,315.0
145,HLA-A26:01,13370.96,QII87826,IGTRNPANNAA,145,316.0
117,HLA-A26:01,13371.06,QII87826,EAGLPYGANKD,117,317.0
246,HLA-A26:01,13372.19,QII87826,TKKSAAEASKK,246,318.0
231,HLA-A26:01,13375.0,QII87826,SKMSGKGQQQQ,231,319.0
79,HLA-A26:01,13381.25,QII87826,PDDQIGYYRRA,79,320.0
378,HLA-A26:01,13385.84,QII87826,TQALPQRQKKQ,378,321.0
140,HLA-A26:01,13407.96,QII87826,TPKDHIGTRNP,140,322.0
160,HLA-A26:01,13411.46,QII87826,LPQGTTLPKGF,160,323.0
233,HLA-A26:01,13415.27,QII87826,MSGKGQQQQGQ,233,324.0
126,HLA-A26:01,13423.62,QII87826,KDGIIWVATEG,126,325.0
141,HLA-A26:01,13426.64,QII87826,PKDHIGTRNPA,141,326.0
32,HLA-A26:01,13440.5,QII87826,SGARSKQRRPQ,32,327.0
49,HLA-A26:01,13464.78,QII87826,ASWFTALTQHG,49,328.0
154,HLA-A26:01,13473.96,QII87826,AAIVLQLPQGT,154,329.0
3,HLA-A26:01,13476.67,QII87826,NGPQNQRNAPR,3,330.0
229,HLA-A26:01,13484.19,QII87826,LESKMSGKGQQ,229,331.0
23,HLA-A26:01,13491.9,QII87826,TGSNQNGERSG,23,332.0
230,HLA-A26:01,13520.49,QII87826,ESKMSGKGQQQ,230,333.0
275,HLA-A26:01,13550.71,QII87826,RRGPEQTQGNF,275,334.0
24,HLA-A26:01,13551.27,QII87826,GSNQNGERSGA,24,335.0
50,HLA-A26:01,13555.14,QII87826,SWFTALTQHGK,50,336.0
379,HLA-A26:01,13583.1,QII87826,QALPQRQKKQQ,379,337.0
8,HLA-A26:01,13589.73,QII87826,QRNAPRITFGG,8,338.0
317,HLA-A26:01,13594.74,QII87826,SRIGMEVTPSG,317,339.0
17,HLA-A26:01,13606.58,QII87826,GGPSDSTGSNQ,17,340.0
361,HLA-A26:01,13646.4,QII87826,TFPPTEPKKDK,361,341.0
359,HLA-A26:01,13652.06,QII87826,YKTFPPTEPKK,359,342.0
18,HLA-A26:01,13654.44,QII87826,GPSDSTGSNQN,18,343.0
189,HLA-A26:01,13672.43,QII87826,SRNSSRNSTPG,189,344.0
278,HLA-A26:01,13682.96,QII87826,PEQTQGNFGDQ,278,345.0
380,HLA-A26:01,13689.09,QII87826,ALPQRQKKQQT,380,346.0
0,HLA-A26:01,13694.85,QII87826,MSDNGPQNQRN,0,347.0
277,HLA-A26:01,13717.45,QII87826,GPEQTQGNFGD,277,348.0
206,HLA-A26:01,13723.16,QII87826,PARMAGNGGDA,206,349.0
65,HLA-A26:01,13725.48,QII87826,FPRGQGVPINT,65,350.0
227,HLA-A26:01,13752.85,QII87826,NQLESKMSGKG,227,351.0
28,HLA-A26:01,13755.39,QII87826,NGERSGARSKQ,28,352.0
4,HLA-A26:01,13760.55,QII87826,GPQNQRNAPRI,4,353.0
254,HLA-A26:01,13760.57,QII87826,SKKPRQKRTAT,254,354.0
271,HLA-A26:01,13765.49,QII87826,QAFGRRGPEQT,271,355.0
363,HLA-A26:01,13767.1,QII87826,PPTEPKKDKKK,363,356.0
358,HLA-A26:01,13768.51,QII87826,AYKTFPPTEPK,358,357.0
2,HLA-A26:01,13774.05,QII87826,DNGPQNQRNAP,2,358.0
237,HLA-A26:01,13796.09,QII87826,GQQQQGQTVTK,237,359.0
236,HLA-A26:01,13801.89,QII87826,KGQQQQGQTVT,236,360.0
175,HLA-A26:01,13803.66,QII87826,SRGGSQASSRS,175,361.0
201,HLA-A26:01,13828.99,QII87826,SRGTSPARMAG,201,362.0
60,HLA-A26:01,13831.53,QII87826,KEDLKFPRGQG,60,363.0
226,HLA-A26:01,13841.19,QII87826,LNQLESKMSGK,226,364.0
256,HLA-A26:01,13859.82,QII87826,KPRQKRTATKA,256,365.0
191,HLA-A26:01,13861.66,QII87826,NSSRNSTPGSS,191,366.0
267,HLA-A26:01,13864.27,QII87826,YNVTQAFGRRG,267,367.0
39,HLA-A26:01,13866.43,QII87826,RRPQGLPNNTA,39,368.0
153,HLA-A26:01,13890.41,QII87826,NAAIVLQLPQG,153,369.0
118,HLA-A26:01,13895.52,QII87826,AGLPYGANKDG,118,370.0
11,HLA-A26:01,13901.96,QII87826,APRITFGGPSD,11,371.0
88,HLA-A26:01,13902.14,QII87826,RATRRIRGGDG,88,372.0
376,HLA-A26:01,13908.61,QII87826,DETQALPQRQK,376,373.0
377,HLA-A26:01,13921.49,QII87826,ETQALPQRQKK,377,374.0
200,HLA-A26:01,13928.17,QII87826,SSRGTSPARMA,200,375.0
187,HLA-A26:01,13970.44,QII87826,SRSRNSSRNST,187,376.0
66,HLA-A26:01,14014.92,QII87826,PRGQGVPINTN,66,377.0
375,HLA-A26:01,14020.69,QII87826,ADETQALPQRQ,375,378.0
362,HLA-A26:01,14020.85,QII87826,FPPTEPKKDKK,362,379.0
33,HLA-A26:01,14039.92,QII87826,GARSKQRRPQG,33,380.0
194,HLA-A26:01,14057.45,QII87826,RNSTPGSSRGT,194,381.0
132,HLA-A26:01,14086.29,QII87826,VATEGALNTPK,132,382.0
89,HLA-A26:01,14107.06,QII87826,ATRRIRGGDGK,89,383.0
35,HLA-A26:01,14119.97,QII87826,RSKQRRPQGLP,35,384.0
190,HLA-A26:01,14136.75,QII87826,RNSSRNSTPGS,190,385.0
274,HLA-A26:01,14164.02,QII87826,GRRGPEQTQGN,274,386.0
19,HLA-A26:01,14177.62,QII87826,PSDSTGSNQNG,19,387.0
204,HLA-A26:01,14189.79,QII87826,TSPARMAGNGG,204,388.0
34,HLA-A26:01,14191.68,QII87826,ARSKQRRPQGL,34,389.0
255,HLA-A26:01,14193.75,QII87826,KKPRQKRTATK,255,390.0
116,HLA-A26:01,14205.79,QII87826,PEAGLPYGANK,116,391.0
72,HLA-A26:01,14215.24,QII87826,PINTNSSPDDQ,72,392.0
250,HLA-A26:01,14217.25,QII87826,AAEASKKPRQK,250,393.0
252,HLA-A26:01,14234.84,QII87826,EASKKPRQKRT,252,394.0
205,HLA-A26:01,14236.37,QII87826,SPARMAGNGGD,205,395.0
10,HLA-A26:01,14275.92,QII87826,NAPRITFGGPS,10,396.0
382,HLA-A26:01,14287.16,QII87826,PQRQKKQQTVT,382,397.0
87,HLA-A26:01,14287.41,QII87826,RRATRRIRGGD,87,398.0
5,HLA-A26:01,14300.24,QII87826,PQNQRNAPRIT,5,399.0
1,HLA-A26:01,14310.24,QII87826,SDNGPQNQRNA,1,400.0
238,HLA-A26:01,14312.16,QII87826,QQQQGQTVTKK,238,401.0
27,HLA-A26:01,14318.14,QII87826,QNGERSGARSK,27,402.0
86,HLA-A26:01,14321.1,QII87826,YRRATRRIRGG,86,403.0
273,HLA-A26:01,14377.4,QII87826,FGRRGPEQTQG,273,404.0
71,HLA-A26:01,14421.17,QII87826,VPINTNSSPDD,71,405.0
234,HLA-A26:01,14425.66,QII87826,SGKGQQQQGQT,234,406.0
193,HLA-A26:01,14453.77,QII87826,SRNSTPGSSRG,193,407.0
91,HLA-A26:01,14459.13,QII87826,RRIRGGDGKMK,91,408.0
38,HLA-A26:01,14637.97,QII87826,QRRPQGLPNNT,38,409.0
99,HLA-A32:01 ,762.93,QII87826,KMKDLSPRWYF,99,1.0
304,HLA-A32:01 ,1219.31,QII87826,AQFAPSASAFF,304,2.0
337,HLA-A32:01 ,2221.28,QII87826,KLDDKDPNFKD,337,3.0
387,HLA-A32:01 ,3494.46,QII87826,KQQTVTLLPAA,387,4.0
386,HLA-A32:01 ,3873.05,QII87826,KKQQTVTLLPA,386,5.0
404,HLA-A32:01 ,5043.29,QII87826,KQLQQSMSSAD,404,6.0
225,HLA-A32:01 ,5183.02,QII87826,RLNQLESKMSG,225,7.0
384,HLA-A32:01 ,6991.51,QII87826,RQKKQQTVTLL,384,8.0
263,HLA-A32:01 ,7139.63,QII87826,ATKAYNVTQAF,263,9.0
208,HLA-A32:01 ,8827.3,QII87826,RMAGNGGDAAL,208,10.0
158,HLA-A32:01 ,9445.66,QII87826,LQLPQGTTLPK,158,11.0
43,HLA-A32:01 ,9661.48,QII87826,GLPNNTASWFT,43,12.0
360,HLA-A32:01 ,9922.34,QII87826,KTFPPTEPKKD,360,13.0
6,HLA-A32:01 ,9990.58,QII87826,QNQRNAPRITF,6,14.0
46,HLA-A32:01 ,10415.54,QII87826,NNTASWFTALT,46,15.0
156,HLA-A32:01 ,10871.45,QII87826,IVLQLPQGTTL,156,16.0
55,HLA-A32:01 ,11226.65,QII87826,LTQHGKEDLKF,55,17.0
316,HLA-A32:01 ,11465.13,QII87826,MSRIGMEVTPS,316,18.0
303,HLA-A32:01 ,11598.74,QII87826,IAQFAPSASAF,303,19.0
42,HLA-A32:01 ,13706.03,QII87826,QGLPNNTASWF,42,20.0
294,HLA-A32:01 ,13853.76,QII87826,GTDYKHWPQIA,294,21.0
374,HLA-A32:01 ,14237.95,QII87826,KADETQALPQR,374,22.0
319,HLA-A32:01 ,14526.48,QII87826,IGMEVTPSGTW,319,23.0
219,HLA-A32:01 ,15707.43,QII87826,ALLLLDRLNQL,219,24.0
44,HLA-A32:01 ,15977.75,QII87826,LPNNTASWFTA,44,25.0
320,HLA-A32:01 ,16040.61,QII87826,GMEVTPSGTWL,320,26.0
292,HLA-A32:01 ,16110.31,QII87826,RQGTDYKHWPQ,292,27.0
146,HLA-A32:01 ,17274.89,QII87826,GTRNPANNAAI,146,28.0
124,HLA-A32:01 ,17284.13,QII87826,ANKDGIIWVAT,124,29.0
261,HLA-A32:01 ,17308.61,QII87826,RTATKAYNVTQ,261,30.0
383,HLA-A32:01 ,17372.49,QII87826,QRQKKQQTVTL,383,31.0
45,HLA-A32:01 ,17631.55,QII87826,PNNTASWFTAL,45,32.0
47,HLA-A32:01 ,18501.42,QII87826,NTASWFTALTQ,47,33.0
327,HLA-A32:01 ,19369.3,QII87826,GTWLTYTGAIK,327,34.0
323,HLA-A32:01 ,19397.11,QII87826,VTPSGTWLTYT,323,35.0
123,HLA-A32:01 ,19483.73,QII87826,GANKDGIIWVA,123,36.0
296,HLA-A32:01 ,20049.45,QII87826,DYKHWPQIAQF,296,37.0
330,HLA-A32:01 ,20118.37,QII87826,LTYTGAIKLDD,330,38.0
41,HLA-A32:01 ,20374.44,QII87826,PQGLPNNTASW,41,39.0
63,HLA-A32:01 ,20488.12,QII87826,LKFPRGQGVPI,63,40.0
290,HLA-A32:01 ,20594.66,QII87826,LIRQGTDYKHW,290,41.0
302,HLA-A32:01 ,20717.71,QII87826,QIAQFAPSASA,302,42.0
293,HLA-A32:01 ,21125.14,QII87826,QGTDYKHWPQI,293,43.0
14,HLA-A32:01 ,21709.41,QII87826,ITFGGPSDSTG,14,44.0
326,HLA-A32:01 ,22243.99,QII87826,SGTWLTYTGAI,326,45.0
392,HLA-A32:01 ,22362.3,QII87826,TLLPAADLDDF,392,46.0
221,HLA-A32:01 ,22581.52,QII87826,LLLDRLNQLES,221,47.0
133,HLA-A32:01 ,23047.24,QII87826,ATEGALNTPKD,133,48.0
347,HLA-A32:01 ,23353.02,QII87826,DQVILLNKHID,347,49.0
214,HLA-A32:01 ,23471.01,QII87826,GDAALALLLLD,214,50.0
128,HLA-A32:01 ,23533.32,QII87826,GIIWVATEGAL,128,51.0
321,HLA-A32:01 ,23615.7,QII87826,MEVTPSGTWLT,321,52.0
248,HLA-A32:01 ,23625.05,QII87826,KSAAEASKKPR,248,53.0
37,HLA-A32:01 ,23642.52,QII87826,KQRRPQGLPNN,37,54.0
346,HLA-A32:01 ,24271.15,QII87826,KDQVILLNKHI,346,55.0
391,HLA-A32:01 ,24350.82,QII87826,VTLLPAADLDD,391,56.0
311,HLA-A32:01 ,24912.19,QII87826,SAFFGMSRIGM,311,57.0
224,HLA-A32:01 ,25333.02,QII87826,DRLNQLESKMS,224,58.0
309,HLA-A32:01 ,25405.0,QII87826,SASAFFGMSRI,309,59.0
310,HLA-A32:01 ,25551.38,QII87826,ASAFFGMSRIG,310,60.0
349,HLA-A32:01 ,25651.82,QII87826,VILLNKHIDAY,349,61.0
351,HLA-A32:01 ,25680.81,QII87826,LLNKHIDAYKT,351,62.0
265,HLA-A32:01 ,25964.75,QII87826,KAYNVTQAFGR,265,63.0
318,HLA-A32:01 ,25982.44,QII87826,RIGMEVTPSGT,318,64.0
222,HLA-A32:01 ,26184.71,QII87826,LLDRLNQLESK,222,65.0
329,HLA-A32:01 ,26189.28,QII87826,WLTYTGAIKLD,329,66.0
129,HLA-A32:01 ,26300.64,QII87826,IIWVATEGALN,129,67.0
322,HLA-A32:01 ,26376.63,QII87826,EVTPSGTWLTY,322,68.0
102,HLA-A32:01 ,26467.47,QII87826,DLSPRWYFYYL,102,69.0
125,HLA-A32:01 ,26635.52,QII87826,NKDGIIWVATE,125,70.0
213,HLA-A32:01 ,26677.32,QII87826,GGDAALALLLL,213,71.0
131,HLA-A32:01 ,26734.67,QII87826,WVATEGALNTP,131,72.0
97,HLA-A32:01 ,26832.47,QII87826,DGKMKDLSPRW,97,73.0
315,HLA-A32:01 ,27030.27,QII87826,GMSRIGMEVTP,315,74.0
281,HLA-A32:01 ,27058.57,QII87826,TQGNFGDQELI,281,75.0
103,HLA-A32:01 ,27241.21,QII87826,LSPRWYFYYLG,103,76.0
348,HLA-A32:01 ,27400.98,QII87826,QVILLNKHIDA,348,77.0
106,HLA-A32:01 ,27572.74,QII87826,RWYFYYLGTGP,106,78.0
328,HLA-A32:01 ,27773.74,QII87826,TWLTYTGAIKL,328,79.0
163,HLA-A32:01 ,27973.76,QII87826,GTTLPKGFYAE,163,80.0
48,HLA-A32:01 ,28041.85,QII87826,TASWFTALTQH,48,81.0
104,HLA-A32:01 ,28124.06,QII87826,SPRWYFYYLGT,104,82.0
49,HLA-A32:01 ,28138.89,QII87826,ASWFTALTQHG,49,83.0
388,HLA-A32:01 ,28164.1,QII87826,QQTVTLLPAAD,388,84.0
237,HLA-A32:01 ,28330.12,QII87826,GQQQQGQTVTK,237,85.0
217,HLA-A32:01 ,28588.53,QII87826,ALALLLLDRLN,217,86.0
150,HLA-A32:01 ,28643.57,QII87826,PANNAAIVLQL,150,87.0
220,HLA-A32:01 ,29097.62,QII87826,LLLLDRLNQLE,220,88.0
216,HLA-A32:01 ,29129.21,QII87826,AALALLLLDRL,216,89.0
68,HLA-A32:01 ,29172.65,QII87826,GQGVPINTNSS,68,90.0
232,HLA-A32:01 ,29353.02,QII87826,KMSGKGQQQQG,232,91.0
148,HLA-A32:01 ,29401.22,QII87826,RNPANNAAIVL,148,92.0
122,HLA-A32:01 ,29723.57,QII87826,YGANKDGIIWV,122,93.0
0,HLA-A32:01 ,29807.44,QII87826,MSDNGPQNQRN,0,94.0
157,HLA-A32:01 ,29924.26,QII87826,VLQLPQGTTLP,157,95.0
127,HLA-A32:01 ,30093.65,QII87826,DGIIWVATEGA,127,96.0
298,HLA-A32:01 ,30173.86,QII87826,KHWPQIAQFAP,298,97.0
350,HLA-A32:01 ,30295.88,QII87826,ILLNKHIDAYK,350,98.0
149,HLA-A32:01 ,30422.91,QII87826,NPANNAAIVLQ,149,99.0
83,HLA-A32:01 ,30443.59,QII87826,IGYYRRATRRI,83,100.0
295,HLA-A32:01 ,30643.86,QII87826,TDYKHWPQIAQ,295,101.0
260,HLA-A32:01 ,30815.58,QII87826,KRTATKAYNVT,260,102.0
352,HLA-A32:01 ,30863.56,QII87826,LNKHIDAYKTF,352,103.0
210,HLA-A32:01 ,31027.91,QII87826,AGNGGDAALAL,210,104.0
67,HLA-A32:01 ,31107.33,QII87826,RGQGVPINTNS,67,105.0
92,HLA-A32:01 ,31133.43,QII87826,RIRGGDGKMKD,92,106.0
70,HLA-A32:01 ,31205.07,QII87826,GVPINTNSSPD,70,107.0
135,HLA-A32:01 ,31205.84,QII87826,EGALNTPKDHI,135,108.0
215,HLA-A32:01 ,31377.5,QII87826,DAALALLLLDR,215,109.0
235,HLA-A32:01 ,31384.55,QII87826,GKGQQQQGQTV,235,110.0
105,HLA-A32:01 ,31497.46,QII87826,PRWYFYYLGTG,105,111.0
355,HLA-A32:01 ,31743.74,QII87826,HIDAYKTFPPT,355,112.0
132,HLA-A32:01 ,31852.32,QII87826,VATEGALNTPK,132,113.0
340,HLA-A32:01 ,31964.98,QII87826,DKDPNFKDQVI,340,114.0
117,HLA-A32:01 ,32021.0,QII87826,EAGLPYGANKD,117,115.0
151,HLA-A32:01 ,32161.03,QII87826,ANNAAIVLQLP,151,116.0
66,HLA-A32:01 ,32257.4,QII87826,PRGQGVPINTN,66,117.0
313,HLA-A32:01 ,32275.04,QII87826,FFGMSRIGMEV,313,118.0
164,HLA-A32:01 ,32299.86,QII87826,TTLPKGFYAEG,164,119.0
341,HLA-A32:01 ,32331.14,QII87826,KDPNFKDQVIL,341,120.0
403,HLA-A32:01 ,32357.97,QII87826,SKQLQQSMSSA,403,121.0
137,HLA-A32:01 ,32596.52,QII87826,ALNTPKDHIGT,137,122.0
236,HLA-A32:01 ,32649.88,QII87826,KGQQQQGQTVT,236,123.0
126,HLA-A32:01 ,32899.32,QII87826,KDGIIWVATEG,126,124.0
64,HLA-A32:01 ,33228.05,QII87826,KFPRGQGVPIN,64,125.0
405,HLA-A32:01 ,33468.63,QII87826,QLQQSMSSADS,405,126.0
297,HLA-A32:01 ,33470.35,QII87826,YKHWPQIAQFA,297,127.0
385,HLA-A32:01 ,33497.66,QII87826,QKKQQTVTLLP,385,128.0
130,HLA-A32:01 ,33509.31,QII87826,IWVATEGALNT,130,129.0
239,HLA-A32:01 ,33558.48,QII87826,QQQGQTVTKKS,239,130.0
165,HLA-A32:01 ,33580.77,QII87826,TLPKGFYAEGS,165,131.0
211,HLA-A32:01 ,33646.99,QII87826,GNGGDAALALL,211,132.0
144,HLA-A32:01 ,33667.35,QII87826,HIGTRNPANNA,144,133.0
324,HLA-A32:01 ,33853.53,QII87826,TPSGTWLTYTG,324,134.0
138,HLA-A32:01 ,33885.21,QII87826,LNTPKDHIGTR,138,135.0
100,HLA-A32:01 ,33909.47,QII87826,MKDLSPRWYFY,100,136.0
212,HLA-A32:01 ,33924.7,QII87826,NGGDAALALLL,212,137.0
262,HLA-A32:01 ,34011.6,QII87826,TATKAYNVTQA,262,138.0
209,HLA-A32:01 ,34100.35,QII87826,MAGNGGDAALA,209,139.0
152,HLA-A32:01 ,34104.38,QII87826,NNAAIVLQLPQ,152,140.0
101,HLA-A32:01 ,34105.5,QII87826,KDLSPRWYFYY,101,141.0
142,HLA-A32:01 ,34229.01,QII87826,KDHIGTRNPAN,142,142.0
371,HLA-A32:01 ,34331.87,QII87826,KKKKADETQAL,371,143.0
390,HLA-A32:01 ,34377.2,QII87826,TVTLLPAADLD,390,144.0
155,HLA-A32:01 ,34468.9,QII87826,AIVLQLPQGTT,155,145.0
373,HLA-A32:01 ,34486.94,QII87826,KKADETQALPQ,373,146.0
342,HLA-A32:01 ,34571.31,QII87826,DPNFKDQVILL,342,147.0
39,HLA-A32:01 ,34616.31,QII87826,RRPQGLPNNTA,39,148.0
238,HLA-A32:01 ,34772.92,QII87826,QQQQGQTVTKK,238,149.0
325,HLA-A32:01 ,34802.11,QII87826,PSGTWLTYTGA,325,150.0
286,HLA-A32:01 ,34813.59,QII87826,GDQELIRQGTD,286,151.0
408,HLA-A32:01 ,34851.82,QII87826,QSMSSADSTQA,408,152.0
159,HLA-A32:01 ,34954.08,QII87826,QLPQGTTLPKG,159,153.0
406,HLA-A32:01 ,34984.32,QII87826,LQQSMSSADST,406,154.0
343,HLA-A32:01 ,35018.11,QII87826,PNFKDQVILLN,343,155.0
400,HLA-A32:01 ,35028.22,QII87826,DDFSKQLQQSM,400,156.0
121,HLA-A32:01 ,35086.09,QII87826,PYGANKDGIIW,121,157.0
36,HLA-A32:01 ,35095.6,QII87826,SKQRRPQGLPN,36,158.0
402,HLA-A32:01 ,35129.34,QII87826,FSKQLQQSMSS,402,159.0
147,HLA-A32:01 ,35220.7,QII87826,TRNPANNAAIV,147,160.0
74,HLA-A32:01 ,35279.4,QII87826,NTNSSPDDQIG,74,161.0
7,HLA-A32:01 ,35329.48,QII87826,NQRNAPRITFG,7,162.0
139,HLA-A32:01 ,35340.02,QII87826,NTPKDHIGTRN,139,163.0
96,HLA-A32:01 ,35369.8,QII87826,GDGKMKDLSPR,96,164.0
98,HLA-A32:01 ,35451.85,QII87826,GKMKDLSPRWY,98,165.0
306,HLA-A32:01 ,35516.9,QII87826,FAPSASAFFGM,306,166.0
344,HLA-A32:01 ,35552.56,QII87826,NFKDQVILLNK,344,167.0
82,HLA-A32:01 ,35555.22,QII87826,QIGYYRRATRR,82,168.0
113,HLA-A32:01 ,35647.23,QII87826,GTGPEAGLPYG,113,169.0
57,HLA-A32:01 ,35660.78,QII87826,QHGKEDLKFPR,57,170.0
269,HLA-A32:01 ,35691.38,QII87826,VTQAFGRRGPE,269,171.0
13,HLA-A32:01 ,35703.16,QII87826,RITFGGPSDST,13,172.0
289,HLA-A32:01 ,35727.15,QII87826,ELIRQGTDYKH,289,173.0
354,HLA-A32:01 ,35854.0,QII87826,KHIDAYKTFPP,354,174.0
381,HLA-A32:01 ,35965.89,QII87826,LPQRQKKQQTV,381,175.0
119,HLA-A32:01 ,36044.23,QII87826,GLPYGANKDGI,119,176.0
54,HLA-A32:01 ,36062.89,QII87826,ALTQHGKEDLK,54,177.0
203,HLA-A32:01 ,36257.02,QII87826,GTSPARMAGNG,203,178.0
377,HLA-A32:01 ,36271.79,QII87826,ETQALPQRQKK,377,179.0
40,HLA-A32:01 ,36299.77,QII87826,RPQGLPNNTAS,40,180.0
312,HLA-A32:01 ,36308.07,QII87826,AFFGMSRIGME,312,181.0
84,HLA-A32:01 ,36328.9,QII87826,GYYRRATRRIR,84,182.0
69,HLA-A32:01 ,36403.67,QII87826,QGVPINTNSSP,69,183.0
227,HLA-A32:01 ,36510.61,QII87826,NQLESKMSGKG,227,184.0
356,HLA-A32:01 ,36533.56,QII87826,IDAYKTFPPTE,356,185.0
258,HLA-A32:01 ,36695.91,QII87826,RQKRTATKAYN,258,186.0
299,HLA-A32:01 ,36743.32,QII87826,HWPQIAQFAPS,299,187.0
266,HLA-A32:01 ,36765.53,QII87826,AYNVTQAFGRR,266,188.0
162,HLA-A32:01 ,36939.13,QII87826,QGTTLPKGFYA,162,189.0
259,HLA-A32:01 ,37026.8,QII87826,QKRTATKAYNV,259,190.0
345,HLA-A32:01 ,37068.19,QII87826,FKDQVILLNKH,345,191.0
332,HLA-A32:01 ,37092.79,QII87826,YTGAIKLDDKD,332,192.0
188,HLA-A32:01 ,37139.09,QII87826,RSRNSSRNSTP,188,193.0
389,HLA-A32:01 ,37227.1,QII87826,QTVTLLPAADL,389,194.0
4,HLA-A32:01 ,37262.08,QII87826,GPQNQRNAPRI,4,195.0
314,HLA-A32:01 ,37279.87,QII87826,FGMSRIGMEVT,314,196.0
358,HLA-A32:01 ,37301.75,QII87826,AYKTFPPTEPK,358,197.0
184,HLA-A32:01 ,37316.5,QII87826,RSSSRSRNSSR,184,198.0
94,HLA-A32:01 ,37325.83,QII87826,RGGDGKMKDLS,94,199.0
335,HLA-A32:01 ,37342.53,QII87826,AIKLDDKDPNF,335,200.0
399,HLA-A32:01 ,37417.21,QII87826,LDDFSKQLQQS,399,201.0
80,HLA-A32:01 ,37498.28,QII87826,DDQIGYYRRAT,80,202.0
112,HLA-A32:01 ,37500.41,QII87826,LGTGPEAGLPY,112,203.0
282,HLA-A32:01 ,37551.64,QII87826,QGNFGDQELIR,282,204.0
308,HLA-A32:01 ,37558.22,QII87826,PSASAFFGMSR,308,205.0
173,HLA-A32:01 ,37579.34,QII87826,EGSRGGSQASS,173,206.0
81,HLA-A32:01 ,37609.38,QII87826,DQIGYYRRATR,81,207.0
202,HLA-A32:01 ,37626.61,QII87826,RGTSPARMAGN,202,208.0
372,HLA-A32:01 ,37655.13,QII87826,KKKADETQALP,372,209.0
307,HLA-A32:01 ,37678.72,QII87826,APSASAFFGMS,307,210.0
357,HLA-A32:01 ,37732.16,QII87826,DAYKTFPPTEP,357,211.0
393,HLA-A32:01 ,37744.85,QII87826,LLPAADLDDFS,393,212.0
108,HLA-A32:01 ,37771.37,QII87826,YFYYLGTGPEA,108,213.0
120,HLA-A32:01 ,37782.91,QII87826,LPYGANKDGII,120,214.0
73,HLA-A32:01 ,37849.66,QII87826,INTNSSPDDQI,73,215.0
223,HLA-A32:01 ,37854.97,QII87826,LDRLNQLESKM,223,216.0
136,HLA-A32:01 ,37865.44,QII87826,GALNTPKDHIG,136,217.0
199,HLA-A32:01 ,37913.02,QII87826,GSSRGTSPARM,199,218.0
107,HLA-A32:01 ,37949.45,QII87826,WYFYYLGTGPE,107,219.0
168,HLA-A32:01 ,37954.17,QII87826,KGFYAEGSRGG,168,220.0
178,HLA-A32:01 ,37994.49,QII87826,GSQASSRSSSR,178,221.0
305,HLA-A32:01 ,38029.86,QII87826,QFAPSASAFFG,305,222.0
301,HLA-A32:01 ,38040.58,QII87826,PQIAQFAPSAS,301,223.0
145,HLA-A32:01 ,38042.59,QII87826,IGTRNPANNAA,145,224.0
240,HLA-A32:01 ,38099.37,QII87826,QQGQTVTKKSA,240,225.0
283,HLA-A32:01 ,38114.55,QII87826,GNFGDQELIRQ,283,226.0
280,HLA-A32:01 ,38124.4,QII87826,QTQGNFGDQEL,280,227.0
218,HLA-A32:01 ,38215.63,QII87826,LALLLLDRLNQ,218,228.0
207,HLA-A32:01 ,38238.71,QII87826,ARMAGNGGDAA,207,229.0
115,HLA-A32:01 ,38311.89,QII87826,GPEAGLPYGAN,115,230.0
181,HLA-A32:01 ,38361.61,QII87826,ASSRSSSRSRN,181,231.0
353,HLA-A32:01 ,38367.6,QII87826,NKHIDAYKTFP,353,232.0
336,HLA-A32:01 ,38402.05,QII87826,IKLDDKDPNFK,336,233.0
95,HLA-A32:01 ,38471.36,QII87826,GGDGKMKDLSP,95,234.0
166,HLA-A32:01 ,38492.29,QII87826,LPKGFYAEGSR,166,235.0
143,HLA-A32:01 ,38592.35,QII87826,DHIGTRNPANN,143,236.0
255,HLA-A32:01 ,38696.84,QII87826,KKPRQKRTATK,255,237.0
300,HLA-A32:01 ,38810.74,QII87826,WPQIAQFAPSA,300,238.0
56,HLA-A32:01 ,38827.06,QII87826,TQHGKEDLKFP,56,239.0
3,HLA-A32:01 ,38833.56,QII87826,NGPQNQRNAPR,3,240.0
376,HLA-A32:01 ,38841.73,QII87826,DETQALPQRQK,376,241.0
38,HLA-A32:01 ,38867.64,QII87826,QRRPQGLPNNT,38,242.0
287,HLA-A32:01 ,38869.08,QII87826,DQELIRQGTDY,287,243.0
174,HLA-A32:01 ,38888.99,QII87826,GSRGGSQASSR,174,244.0
242,HLA-A32:01 ,38940.41,QII87826,GQTVTKKSAAE,242,245.0
177,HLA-A32:01 ,38964.22,QII87826,GGSQASSRSSS,177,246.0
196,HLA-A32:01 ,38974.08,QII87826,STPGSSRGTSP,196,247.0
245,HLA-A32:01 ,39057.95,QII87826,VTKKSAAEASK,245,248.0
254,HLA-A32:01 ,39065.13,QII87826,SKKPRQKRTAT,254,249.0
226,HLA-A32:01 ,39082.66,QII87826,LNQLESKMSGK,226,250.0
114,HLA-A32:01 ,39097.92,QII87826,TGPEAGLPYGA,114,251.0
368,HLA-A32:01 ,39107.48,QII87826,KKDKKKKADET,368,252.0
16,HLA-A32:01 ,39184.87,QII87826,FGGPSDSTGSN,16,253.0
253,HLA-A32:01 ,39197.79,QII87826,ASKKPRQKRTA,253,254.0
154,HLA-A32:01 ,39253.23,QII87826,AAIVLQLPQGT,154,255.0
77,HLA-A32:01 ,39261.3,QII87826,SSPDDQIGYYR,77,256.0
198,HLA-A32:01 ,39298.06,QII87826,PGSSRGTSPAR,198,257.0
176,HLA-A32:01 ,39343.14,QII87826,RGGSQASSRSS,176,258.0
359,HLA-A32:01 ,39388.71,QII87826,YKTFPPTEPKK,359,259.0
85,HLA-A32:01 ,39388.77,QII87826,YYRRATRRIRG,85,260.0
160,HLA-A32:01 ,39401.92,QII87826,LPQGTTLPKGF,160,261.0
264,HLA-A32:01 ,39420.57,QII87826,TKAYNVTQAFG,264,262.0
78,HLA-A32:01 ,39425.72,QII87826,SPDDQIGYYRR,78,263.0
179,HLA-A32:01 ,39441.02,QII87826,SQASSRSSSRS,179,264.0
317,HLA-A32:01 ,39516.74,QII87826,SRIGMEVTPSG,317,265.0
401,HLA-A32:01 ,39521.27,QII87826,DFSKQLQQSMS,401,266.0
50,HLA-A32:01 ,39532.02,QII87826,SWFTALTQHGK,50,267.0
244,HLA-A32:01 ,39550.77,QII87826,TVTKKSAAEAS,244,268.0
183,HLA-A32:01 ,39552.87,QII87826,SRSSSRSRNSS,183,269.0
22,HLA-A32:01 ,39562.68,QII87826,STGSNQNGERS,22,270.0
191,HLA-A32:01 ,39588.49,QII87826,NSSRNSTPGSS,191,271.0
197,HLA-A32:01 ,39628.56,QII87826,TPGSSRGTSPA,197,272.0
2,HLA-A32:01 ,39687.63,QII87826,DNGPQNQRNAP,2,273.0
52,HLA-A32:01 ,39699.87,QII87826,FTALTQHGKED,52,274.0
141,HLA-A32:01 ,39699.91,QII87826,PKDHIGTRNPA,141,275.0
288,HLA-A32:01 ,39751.1,QII87826,QELIRQGTDYK,288,276.0
339,HLA-A32:01 ,39779.82,QII87826,DDKDPNFKDQV,339,277.0
370,HLA-A32:01 ,39781.32,QII87826,DKKKKADETQA,370,278.0
251,HLA-A32:01 ,39793.27,QII87826,AEASKKPRQKR,251,279.0
382,HLA-A32:01 ,39833.89,QII87826,PQRQKKQQTVT,382,280.0
366,HLA-A32:01 ,39863.81,QII87826,EPKKDKKKKAD,366,281.0
26,HLA-A32:01 ,39875.36,QII87826,NQNGERSGARS,26,282.0
65,HLA-A32:01 ,39879.8,QII87826,FPRGQGVPINT,65,283.0
172,HLA-A32:01 ,39891.45,QII87826,AEGSRGGSQAS,172,284.0
243,HLA-A32:01 ,39902.53,QII87826,QTVTKKSAAEA,243,285.0
364,HLA-A32:01 ,39924.5,QII87826,PTEPKKDKKKK,364,286.0
275,HLA-A32:01 ,39930.0,QII87826,RRGPEQTQGNF,275,287.0
11,HLA-A32:01 ,39937.02,QII87826,APRITFGGPSD,11,288.0
8,HLA-A32:01 ,39945.47,QII87826,QRNAPRITFGG,8,289.0
111,HLA-A32:01 ,39988.81,QII87826,YLGTGPEAGLP,111,290.0
277,HLA-A32:01 ,39997.08,QII87826,GPEQTQGNFGD,277,291.0
192,HLA-A32:01 ,40019.95,QII87826,SSRNSTPGSSR,192,292.0
180,HLA-A32:01 ,40055.0,QII87826,QASSRSSSRSR,180,293.0
153,HLA-A32:01 ,40063.42,QII87826,NAAIVLQLPQG,153,294.0
187,HLA-A32:01 ,40091.93,QII87826,SRSRNSSRNST,187,295.0
21,HLA-A32:01 ,40106.34,QII87826,DSTGSNQNGER,21,296.0
380,HLA-A32:01 ,40143.01,QII87826,ALPQRQKKQQT,380,297.0
30,HLA-A32:01 ,40143.81,QII87826,ERSGARSKQRR,30,298.0
195,HLA-A32:01 ,40195.3,QII87826,NSTPGSSRGTS,195,299.0
247,HLA-A32:01 ,40257.3,QII87826,KKSAAEASKKP,247,300.0
182,HLA-A32:01 ,40277.55,QII87826,SSRSSSRSRNS,182,301.0
75,HLA-A32:01 ,40348.42,QII87826,TNSSPDDQIGY,75,302.0
89,HLA-A32:01 ,40394.8,QII87826,ATRRIRGGDGK,89,303.0
274,HLA-A32:01 ,40397.15,QII87826,GRRGPEQTQGN,274,304.0
291,HLA-A32:01 ,40410.68,QII87826,IRQGTDYKHWP,291,305.0
407,HLA-A32:01 ,40433.23,QII87826,QQSMSSADSTQ,407,306.0
61,HLA-A32:01 ,40459.58,QII87826,EDLKFPRGQGV,61,307.0
79,HLA-A32:01 ,40460.43,QII87826,PDDQIGYYRRA,79,308.0
369,HLA-A32:01 ,40501.68,QII87826,KDKKKKADETQ,369,309.0
375,HLA-A32:01 ,40510.49,QII87826,ADETQALPQRQ,375,310.0
134,HLA-A32:01 ,40530.88,QII87826,TEGALNTPKDH,134,311.0
334,HLA-A32:01 ,40583.29,QII87826,GAIKLDDKDPN,334,312.0
25,HLA-A32:01 ,40600.62,QII87826,SNQNGERSGAR,25,313.0
331,HLA-A32:01 ,40612.02,QII87826,TYTGAIKLDDK,331,314.0
398,HLA-A32:01 ,40634.43,QII87826,DLDDFSKQLQQ,398,315.0
285,HLA-A32:01 ,40634.64,QII87826,FGDQELIRQGT,285,316.0
185,HLA-A32:01 ,40635.41,QII87826,SSSRSRNSSRN,185,317.0
58,HLA-A32:01 ,40671.59,QII87826,HGKEDLKFPRG,58,318.0
250,HLA-A32:01 ,40675.22,QII87826,AAEASKKPRQK,250,319.0
378,HLA-A32:01 ,40710.37,QII87826,TQALPQRQKKQ,378,320.0
62,HLA-A32:01 ,40744.12,QII87826,DLKFPRGQGVP,62,321.0
361,HLA-A32:01 ,40824.71,QII87826,TFPPTEPKKDK,361,322.0
5,HLA-A32:01 ,40871.95,QII87826,PQNQRNAPRIT,5,323.0
396,HLA-A32:01 ,40881.56,QII87826,AADLDDFSKQL,396,324.0
284,HLA-A32:01 ,40915.78,QII87826,NFGDQELIRQG,284,325.0
51,HLA-A32:01 ,40954.13,QII87826,WFTALTQHGKE,51,326.0
246,HLA-A32:01 ,40995.18,QII87826,TKKSAAEASKK,246,327.0
20,HLA-A32:01 ,41006.39,QII87826,SDSTGSNQNGE,20,328.0
167,HLA-A32:01 ,41073.8,QII87826,PKGFYAEGSRG,167,329.0
12,HLA-A32:01 ,41075.88,QII87826,PRITFGGPSDS,12,330.0
29,HLA-A32:01 ,41080.28,QII87826,GERSGARSKQR,29,331.0
15,HLA-A32:01 ,41114.06,QII87826,TFGGPSDSTGS,15,332.0
241,HLA-A32:01 ,41116.75,QII87826,QGQTVTKKSAA,241,333.0
9,HLA-A32:01 ,41129.54,QII87826,RNAPRITFGGP,9,334.0
31,HLA-A32:01 ,41144.43,QII87826,RSGARSKQRRP,31,335.0
394,HLA-A32:01 ,41166.54,QII87826,LPAADLDDFSK,394,336.0
24,HLA-A32:01 ,41169.54,QII87826,GSNQNGERSGA,24,337.0
71,HLA-A32:01 ,41177.63,QII87826,VPINTNSSPDD,71,338.0
1,HLA-A32:01 ,41217.11,QII87826,SDNGPQNQRNA,1,339.0
205,HLA-A32:01 ,41233.73,QII87826,SPARMAGNGGD,205,340.0
23,HLA-A32:01 ,41235.63,QII87826,TGSNQNGERSG,23,341.0
18,HLA-A32:01 ,41271.94,QII87826,GPSDSTGSNQN,18,342.0
363,HLA-A32:01 ,41338.06,QII87826,PPTEPKKDKKK,363,343.0
233,HLA-A32:01 ,41350.6,QII87826,MSGKGQQQQGQ,233,344.0
397,HLA-A32:01 ,41359.28,QII87826,ADLDDFSKQLQ,397,345.0
186,HLA-A32:01 ,41393.84,QII87826,SSRSRNSSRNS,186,346.0
35,HLA-A32:01 ,41418.31,QII87826,RSKQRRPQGLP,35,347.0
276,HLA-A32:01 ,41431.27,QII87826,RGPEQTQGNFG,276,348.0
200,HLA-A32:01 ,41447.43,QII87826,SSRGTSPARMA,200,349.0
272,HLA-A32:01 ,41459.61,QII87826,AFGRRGPEQTQ,272,350.0
110,HLA-A32:01 ,41491.3,QII87826,YYLGTGPEAGL,110,351.0
256,HLA-A32:01 ,41594.68,QII87826,KPRQKRTATKA,256,352.0
367,HLA-A32:01 ,41618.19,QII87826,PKKDKKKKADE,367,353.0
53,HLA-A32:01 ,41656.99,QII87826,TALTQHGKEDL,53,354.0
201,HLA-A32:01 ,41677.96,QII87826,SRGTSPARMAG,201,355.0
116,HLA-A32:01 ,41744.09,QII87826,PEAGLPYGANK,116,356.0
60,HLA-A32:01 ,41790.92,QII87826,KEDLKFPRGQG,60,357.0
109,HLA-A32:01 ,41811.42,QII87826,FYYLGTGPEAG,109,358.0
271,HLA-A32:01 ,41815.25,QII87826,QAFGRRGPEQT,271,359.0
231,HLA-A32:01 ,41846.6,QII87826,SKMSGKGQQQQ,231,360.0
257,HLA-A32:01 ,41885.28,QII87826,PRQKRTATKAY,257,361.0
190,HLA-A32:01 ,41906.37,QII87826,RNSSRNSTPGS,190,362.0
228,HLA-A32:01 ,41907.82,QII87826,QLESKMSGKGQ,228,363.0
362,HLA-A32:01 ,41917.84,QII87826,FPPTEPKKDKK,362,364.0
76,HLA-A32:01 ,41935.67,QII87826,NSSPDDQIGYY,76,365.0
27,HLA-A32:01 ,41940.52,QII87826,QNGERSGARSK,27,366.0
169,HLA-A32:01 ,41953.41,QII87826,GFYAEGSRGGS,169,367.0
118,HLA-A32:01 ,41999.78,QII87826,AGLPYGANKDG,118,368.0
90,HLA-A32:01 ,42011.27,QII87826,TRRIRGGDGKM,90,369.0
268,HLA-A32:01 ,42053.51,QII87826,NVTQAFGRRGP,268,370.0
175,HLA-A32:01 ,42070.05,QII87826,SRGGSQASSRS,175,371.0
204,HLA-A32:01 ,42093.11,QII87826,TSPARMAGNGG,204,372.0
161,HLA-A32:01 ,42194.04,QII87826,PQGTTLPKGFY,161,373.0
249,HLA-A32:01 ,42264.27,QII87826,SAAEASKKPRQ,249,374.0
234,HLA-A32:01 ,42286.06,QII87826,SGKGQQQQGQT,234,375.0
273,HLA-A32:01 ,42341.42,QII87826,FGRRGPEQTQG,273,376.0
93,HLA-A32:01 ,42358.83,QII87826,IRGGDGKMKDL,93,377.0
279,HLA-A32:01 ,42376.95,QII87826,EQTQGNFGDQE,279,378.0
365,HLA-A32:01 ,42386.24,QII87826,TEPKKDKKKKA,365,379.0
10,HLA-A32:01 ,42408.44,QII87826,NAPRITFGGPS,10,380.0
252,HLA-A32:01 ,42483.69,QII87826,EASKKPRQKRT,252,381.0
171,HLA-A32:01 ,42519.87,QII87826,YAEGSRGGSQA,171,382.0
189,HLA-A32:01 ,42550.04,QII87826,SRNSSRNSTPG,189,383.0
206,HLA-A32:01 ,42564.55,QII87826,PARMAGNGGDA,206,384.0
270,HLA-A32:01 ,42587.33,QII87826,TQAFGRRGPEQ,270,385.0
379,HLA-A32:01 ,42591.53,QII87826,QALPQRQKKQQ,379,386.0
87,HLA-A32:01 ,42623.59,QII87826,RRATRRIRGGD,87,387.0
140,HLA-A32:01 ,42648.45,QII87826,TPKDHIGTRNP,140,388.0
267,HLA-A32:01 ,42683.16,QII87826,YNVTQAFGRRG,267,389.0
32,HLA-A32:01 ,42771.33,QII87826,SGARSKQRRPQ,32,390.0
19,HLA-A32:01 ,42916.33,QII87826,PSDSTGSNQNG,19,391.0
194,HLA-A32:01 ,42944.72,QII87826,RNSTPGSSRGT,194,392.0
34,HLA-A32:01 ,42954.81,QII87826,ARSKQRRPQGL,34,393.0
338,HLA-A32:01 ,42965.52,QII87826,LDDKDPNFKDQ,338,394.0
91,HLA-A32:01 ,42966.27,QII87826,RRIRGGDGKMK,91,395.0
333,HLA-A32:01 ,42978.31,QII87826,TGAIKLDDKDP,333,396.0
59,HLA-A32:01 ,43029.89,QII87826,GKEDLKFPRGQ,59,397.0
395,HLA-A32:01 ,43136.43,QII87826,PAADLDDFSKQ,395,398.0
230,HLA-A32:01 ,43140.28,QII87826,ESKMSGKGQQQ,230,399.0
72,HLA-A32:01 ,43167.81,QII87826,PINTNSSPDDQ,72,400.0
88,HLA-A32:01 ,43234.7,QII87826,RATRRIRGGDG,88,401.0
193,HLA-A32:01 ,43292.92,QII87826,SRNSTPGSSRG,193,402.0
86,HLA-A32:01 ,43296.44,QII87826,YRRATRRIRGG,86,403.0
33,HLA-A32:01 ,43306.99,QII87826,GARSKQRRPQG,33,404.0
170,HLA-A32:01 ,43321.74,QII87826,FYAEGSRGGSQ,170,405.0
229,HLA-A32:01 ,43451.5,QII87826,LESKMSGKGQQ,229,406.0
17,HLA-A32:01 ,43568.63,QII87826,GGPSDSTGSNQ,17,407.0
28,HLA-A32:01 ,43831.16,QII87826,NGERSGARSKQ,28,408.0
278,HLA-A32:01 ,43969.19,QII87826,PEQTQGNFGDQ,278,409.0
219,HLA-A02:01,4850.39,QII87826,ALLLLDRLNQL,219,1.0
208,HLA-A02:01,5202.33,QII87826,RMAGNGGDAAL,208,2.0
99,HLA-A02:01,5487.32,QII87826,KMKDLSPRWYF,99,3.0
313,HLA-A02:01,5490.87,QII87826,FFGMSRIGMEV,313,4.0
156,HLA-A02:01,5492.28,QII87826,IVLQLPQGTTL,156,5.0
381,HLA-A02:01,5505.24,QII87826,LPQRQKKQQTV,381,6.0
50,HLA-A02:01,5526.42,QII87826,SWFTALTQHGK,50,7.0
122,HLA-A02:01,5533.96,QII87826,YGANKDGIIWV,122,8.0
235,HLA-A02:01,5544.87,QII87826,GKGQQQQGQTV,235,9.0
110,HLA-A02:01,5545.27,QII87826,YYLGTGPEAGL,110,10.0
328,HLA-A02:01,5546.65,QII87826,TWLTYTGAIKL,328,11.0
108,HLA-A02:01,5546.84,QII87826,YFYYLGTGPEA,108,12.0
216,HLA-A02:01,5550.12,QII87826,AALALLLLDRL,216,13.0
138,HLA-A02:01,5550.36,QII87826,LNTPKDHIGTR,138,14.0
133,HLA-A02:01,5555.18,QII87826,ATEGALNTPKD,133,15.0
202,HLA-A02:01,5555.44,QII87826,RGTSPARMAGN,202,16.0
205,HLA-A02:01,5556.36,QII87826,SPARMAGNGGD,205,17.0
339,HLA-A02:01,5557.87,QII87826,DDKDPNFKDQV,339,18.0
11,HLA-A02:01,5558.01,QII87826,APRITFGGPSD,11,19.0
87,HLA-A02:01,5559.42,QII87826,RRATRRIRGGD,87,20.0
214,HLA-A02:01,5560.4,QII87826,GDAALALLLLD,214,21.0
204,HLA-A02:01,5561.9,QII87826,TSPARMAGNGG,204,22.0
171,HLA-A02:01,5562.88,QII87826,YAEGSRGGSQA,171,23.0
277,HLA-A02:01,5563.88,QII87826,GPEQTQGNFGD,277,24.0
86,HLA-A02:01,5564.25,QII87826,YRRATRRIRGG,86,25.0
61,HLA-A02:01,5565.38,QII87826,EDLKFPRGQGV,61,26.0
389,HLA-A02:01,5565.73,QII87826,QTVTLLPAADL,389,27.0
259,HLA-A02:01,5566.53,QII87826,QKRTATKAYNV,259,28.0
274,HLA-A02:01,5567.47,QII87826,GRRGPEQTQGN,274,29.0
282,HLA-A02:01,5567.84,QII87826,QGNFGDQELIR,282,30.0
226,HLA-A02:01,5567.85,QII87826,LNQLESKMSGK,226,31.0
325,HLA-A02:01,5567.92,QII87826,PSGTWLTYTGA,325,32.0
89,HLA-A02:01,5568.28,QII87826,ATRRIRGGDGK,89,33.0
21,HLA-A02:01,5568.3,QII87826,DSTGSNQNGER,21,34.0
127,HLA-A02:01,5568.47,QII87826,DGIIWVATEGA,127,35.0
266,HLA-A02:01,5569.63,QII87826,AYNVTQAFGRR,266,36.0
358,HLA-A02:01,5570.02,QII87826,AYKTFPPTEPK,358,37.0
166,HLA-A02:01,5570.45,QII87826,LPKGFYAEGSR,166,38.0
250,HLA-A02:01,5570.6,QII87826,AAEASKKPRQK,250,39.0
265,HLA-A02:01,5570.6,QII87826,KAYNVTQAFGR,265,39.0
25,HLA-A02:01,5570.71,QII87826,SNQNGERSGAR,25,41.0
24,HLA-A02:01,5571.06,QII87826,GSNQNGERSGA,24,42.0
18,HLA-A02:01,5571.62,QII87826,GPSDSTGSNQN,18,43.0
16,HLA-A02:01,5571.85,QII87826,FGGPSDSTGSN,16,44.0
286,HLA-A02:01,5571.95,QII87826,GDQELIRQGTD,286,45.0
168,HLA-A02:01,5572.54,QII87826,KGFYAEGSRGG,168,46.0
233,HLA-A02:01,5572.87,QII87826,MSGKGQQQQGQ,233,47.0
390,HLA-A02:01,5572.89,QII87826,TVTLLPAADLD,390,48.0
267,HLA-A02:01,5573.12,QII87826,YNVTQAFGRRG,267,49.0
23,HLA-A02:01,5573.36,QII87826,TGSNQNGERSG,23,50.0
9,HLA-A02:01,5573.38,QII87826,RNAPRITFGGP,9,51.0
115,HLA-A02:01,5573.43,QII87826,GPEAGLPYGAN,115,52.0
201,HLA-A02:01,5573.82,QII87826,SRGTSPARMAG,201,53.0
251,HLA-A02:01,5574.02,QII87826,AEASKKPRQKR,251,54.0
131,HLA-A02:01,5574.27,QII87826,WVATEGALNTP,131,55.0
189,HLA-A02:01,5574.45,QII87826,SRNSSRNSTPG,189,56.0
246,HLA-A02:01,5574.71,QII87826,TKKSAAEASKK,246,57.0
180,HLA-A02:01,5574.82,QII87826,QASSRSSSRSR,180,58.0
359,HLA-A02:01,5574.85,QII87826,YKTFPPTEPKK,359,59.0
255,HLA-A02:01,5574.9,QII87826,KKPRQKRTATK,255,60.0
209,HLA-A02:01,5574.94,QII87826,MAGNGGDAALA,209,61.0
15,HLA-A02:01,5575.02,QII87826,TFGGPSDSTGS,15,62.0
20,HLA-A02:01,5575.24,QII87826,SDSTGSNQNGE,20,63.0
33,HLA-A02:01,5575.97,QII87826,GARSKQRRPQG,33,64.0
71,HLA-A02:01,5575.97,QII87826,VPINTNSSPDD,71,64.0
142,HLA-A02:01,5576.0,QII87826,KDHIGTRNPAN,142,66.0
332,HLA-A02:01,5576.03,QII87826,YTGAIKLDDKD,332,67.0
376,HLA-A02:01,5576.16,QII87826,DETQALPQRQK,376,68.0
262,HLA-A02:01,5576.51,QII87826,TATKAYNVTQA,262,69.0
29,HLA-A02:01,5576.65,QII87826,GERSGARSKQR,29,70.0
147,HLA-A02:01,5576.8,QII87826,TRNPANNAAIV,147,71.0
284,HLA-A02:01,5577.56,QII87826,NFGDQELIRQG,284,72.0
273,HLA-A02:01,5577.69,QII87826,FGRRGPEQTQG,273,73.0
117,HLA-A02:01,5577.93,QII87826,EAGLPYGANKD,117,74.0
169,HLA-A02:01,5578.13,QII87826,GFYAEGSRGGS,169,75.0
145,HLA-A02:01,5578.26,QII87826,IGTRNPANNAA,145,76.0
383,HLA-A02:01,5578.3,QII87826,QRQKKQQTVTL,383,77.0
170,HLA-A02:01,5578.35,QII87826,FYAEGSRGGSQ,170,78.0
297,HLA-A02:01,5578.36,QII87826,YKHWPQIAQFA,297,79.0
190,HLA-A02:01,5578.91,QII87826,RNSSRNSTPGS,190,80.0
245,HLA-A02:01,5578.93,QII87826,VTKKSAAEASK,245,81.0
109,HLA-A02:01,5579.0,QII87826,FYYLGTGPEAG,109,82.0
408,HLA-A02:01,5579.16,QII87826,QSMSSADSTQA,408,83.0
139,HLA-A02:01,5579.3,QII87826,NTPKDHIGTRN,139,84.0
32,HLA-A02:01,5579.43,QII87826,SGARSKQRRPQ,32,85.0
253,HLA-A02:01,5579.87,QII87826,ASKKPRQKRTA,253,86.0
198,HLA-A02:01,5579.91,QII87826,PGSSRGTSPAR,198,87.0
27,HLA-A02:01,5580.07,QII87826,QNGERSGARSK,27,88.0
200,HLA-A02:01,5580.23,QII87826,SSRGTSPARMA,200,89.0
238,HLA-A02:01,5580.36,QII87826,QQQQGQTVTKK,238,90.0
362,HLA-A02:01,5580.43,QII87826,FPPTEPKKDKK,362,91.0
308,HLA-A02:01,5580.63,QII87826,PSASAFFGMSR,308,92.0
228,HLA-A02:01,5581.16,QII87826,QLESKMSGKGQ,228,93.0
52,HLA-A02:01,5581.19,QII87826,FTALTQHGKED,52,94.0
192,HLA-A02:01,5581.33,QII87826,SSRNSTPGSSR,192,95.0
366,HLA-A02:01,5581.38,QII87826,EPKKDKKKKAD,366,96.0
132,HLA-A02:01,5581.69,QII87826,VATEGALNTPK,132,97.0
327,HLA-A02:01,5581.71,QII87826,GTWLTYTGAIK,327,98.0
8,HLA-A02:01,5581.82,QII87826,QRNAPRITFGG,8,99.0
66,HLA-A02:01,5581.84,QII87826,PRGQGVPINTN,66,100.0
272,HLA-A02:01,5582.05,QII87826,AFGRRGPEQTQ,272,101.0
28,HLA-A02:01,5582.07,QII87826,NGERSGARSKQ,28,102.0
256,HLA-A02:01,5582.33,QII87826,KPRQKRTATKA,256,103.0
88,HLA-A02:01,5582.36,QII87826,RATRRIRGGDG,88,104.0
84,HLA-A02:01,5582.5,QII87826,GYYRRATRRIR,84,105.0
153,HLA-A02:01,5582.97,QII87826,NAAIVLQLPQG,153,106.0
181,HLA-A02:01,5583.07,QII87826,ASSRSSSRSRN,181,107.0
185,HLA-A02:01,5583.26,QII87826,SSSRSRNSSRN,185,108.0
387,HLA-A02:01,5583.5,QII87826,KQQTVTLLPAA,387,109.0
310,HLA-A02:01,5583.79,QII87826,ASAFFGMSRIG,310,110.0
291,HLA-A02:01,5583.83,QII87826,IRQGTDYKHWP,291,111.0
213,HLA-A02:01,5584.33,QII87826,GGDAALALLLL,213,112.0
193,HLA-A02:01,5584.46,QII87826,SRNSTPGSSRG,193,113.0
337,HLA-A02:01,5584.47,QII87826,KLDDKDPNFKD,337,114.0
249,HLA-A02:01,5584.6,QII87826,SAAEASKKPRQ,249,115.0
149,HLA-A02:01,5584.68,QII87826,NPANNAAIVLQ,149,116.0
369,HLA-A02:01,5584.75,QII87826,KDKKKKADETQ,369,117.0
60,HLA-A02:01,5584.97,QII87826,KEDLKFPRGQG,60,118.0
37,HLA-A02:01,5584.99,QII87826,KQRRPQGLPNN,37,119.0
231,HLA-A02:01,5585.15,QII87826,SKMSGKGQQQQ,231,120.0
0,HLA-A02:01,5585.18,QII87826,MSDNGPQNQRN,0,121.0
370,HLA-A02:01,5585.28,QII87826,DKKKKADETQA,370,122.0
74,HLA-A02:01,5585.31,QII87826,NTNSSPDDQIG,74,123.0
128,HLA-A02:01,5585.39,QII87826,GIIWVATEGAL,128,124.0
184,HLA-A02:01,5585.4,QII87826,RSSSRSRNSSR,184,125.0
30,HLA-A02:01,5585.45,QII87826,ERSGARSKQRR,30,126.0
49,HLA-A02:01,5585.53,QII87826,ASWFTALTQHG,49,127.0
239,HLA-A02:01,5585.57,QII87826,QQQGQTVTKKS,239,128.0
212,HLA-A02:01,5586.07,QII87826,NGGDAALALLL,212,129.0
167,HLA-A02:01,5586.16,QII87826,PKGFYAEGSRG,167,130.0
334,HLA-A02:01,5586.16,QII87826,GAIKLDDKDPN,334,130.0
268,HLA-A02:01,5586.23,QII87826,NVTQAFGRRGP,268,132.0
270,HLA-A02:01,5586.25,QII87826,TQAFGRRGPEQ,270,133.0
114,HLA-A02:01,5586.26,QII87826,TGPEAGLPYGA,114,134.0
70,HLA-A02:01,5586.37,QII87826,GVPINTNSSPD,70,135.0
307,HLA-A02:01,5586.52,QII87826,APSASAFFGMS,307,136.0
195,HLA-A02:01,5586.79,QII87826,NSTPGSSRGTS,195,137.0
1,HLA-A02:01,5586.81,QII87826,SDNGPQNQRNA,1,138.0
377,HLA-A02:01,5586.9,QII87826,ETQALPQRQKK,377,139.0
302,HLA-A02:01,5586.96,QII87826,QIAQFAPSASA,302,140.0
77,HLA-A02:01,5587.16,QII87826,SSPDDQIGYYR,77,141.0
356,HLA-A02:01,5587.23,QII87826,IDAYKTFPPTE,356,142.0
72,HLA-A02:01,5587.25,QII87826,PINTNSSPDDQ,72,143.0
344,HLA-A02:01,5587.34,QII87826,NFKDQVILLNK,344,144.0
73,HLA-A02:01,5587.48,QII87826,INTNSSPDDQI,73,145.0
143,HLA-A02:01,5587.52,QII87826,DHIGTRNPANN,143,146.0
343,HLA-A02:01,5587.53,QII87826,PNFKDQVILLN,343,147.0
311,HLA-A02:01,5587.54,QII87826,SAFFGMSRIGM,311,148.0
403,HLA-A02:01,5587.58,QII87826,SKQLQQSMSSA,403,149.0
96,HLA-A02:01,5587.62,QII87826,GDGKMKDLSPR,96,150.0
94,HLA-A02:01,5587.73,QII87826,RGGDGKMKDLS,94,151.0
36,HLA-A02:01,5587.75,QII87826,SKQRRPQGLPN,36,152.0
174,HLA-A02:01,5587.84,QII87826,GSRGGSQASSR,174,153.0
19,HLA-A02:01,5587.87,QII87826,PSDSTGSNQNG,19,154.0
59,HLA-A02:01,5587.93,QII87826,GKEDLKFPRGQ,59,155.0
191,HLA-A02:01,5587.98,QII87826,NSSRNSTPGSS,191,156.0
172,HLA-A02:01,5588.05,QII87826,AEGSRGGSQAS,172,157.0
300,HLA-A02:01,5588.05,QII87826,WPQIAQFAPSA,300,157.0
178,HLA-A02:01,5588.15,QII87826,GSQASSRSSSR,178,159.0
241,HLA-A02:01,5588.2,QII87826,QGQTVTKKSAA,241,160.0
402,HLA-A02:01,5588.31,QII87826,FSKQLQQSMSS,402,161.0
243,HLA-A02:01,5588.34,QII87826,QTVTKKSAAEA,243,162.0
183,HLA-A02:01,5588.44,QII87826,SRSSSRSRNSS,183,163.0
148,HLA-A02:01,5588.67,QII87826,RNPANNAAIVL,148,164.0
365,HLA-A02:01,5588.77,QII87826,TEPKKDKKKKA,365,165.0
229,HLA-A02:01,5588.82,QII87826,LESKMSGKGQQ,229,166.0
317,HLA-A02:01,5588.91,QII87826,SRIGMEVTPSG,317,167.0
39,HLA-A02:01,5589.01,QII87826,RRPQGLPNNTA,39,168.0
331,HLA-A02:01,5589.06,QII87826,TYTGAIKLDDK,331,169.0
123,HLA-A02:01,5589.19,QII87826,GANKDGIIWVA,123,170.0
261,HLA-A02:01,5589.2,QII87826,RTATKAYNVTQ,261,171.0
22,HLA-A02:01,5589.25,QII87826,STGSNQNGERS,22,172.0
224,HLA-A02:01,5589.25,QII87826,DRLNQLESKMS,224,172.0
210,HLA-A02:01,5589.26,QII87826,AGNGGDAALAL,210,174.0
364,HLA-A02:01,5589.38,QII87826,PTEPKKDKKKK,364,175.0
215,HLA-A02:01,5589.41,QII87826,DAALALLLLDR,215,176.0
263,HLA-A02:01,5589.45,QII87826,ATKAYNVTQAF,263,177.0
230,HLA-A02:01,5589.54,QII87826,ESKMSGKGQQQ,230,178.0
103,HLA-A02:01,5589.58,QII87826,LSPRWYFYYLG,103,179.0
388,HLA-A02:01,5589.61,QII87826,QQTVTLLPAAD,388,180.0
203,HLA-A02:01,5589.78,QII87826,GTSPARMAGNG,203,181.0
294,HLA-A02:01,5589.85,QII87826,GTDYKHWPQIA,294,182.0
363,HLA-A02:01,5589.96,QII87826,PPTEPKKDKKK,363,183.0
176,HLA-A02:01,5589.97,QII87826,RGGSQASSRSS,176,184.0
319,HLA-A02:01,5590.0,QII87826,IGMEVTPSGTW,319,185.0
17,HLA-A02:01,5590.08,QII87826,GGPSDSTGSNQ,17,186.0
81,HLA-A02:01,5590.13,QII87826,DQIGYYRRATR,81,187.0
116,HLA-A02:01,5590.15,QII87826,PEAGLPYGANK,116,188.0
247,HLA-A02:01,5590.44,QII87826,KKSAAEASKKP,247,189.0
378,HLA-A02:01,5590.76,QII87826,TQALPQRQKKQ,378,190.0
78,HLA-A02:01,5590.88,QII87826,SPDDQIGYYRR,78,191.0
76,HLA-A02:01,5590.92,QII87826,NSSPDDQIGYY,76,192.0
207,HLA-A02:01,5591.05,QII87826,ARMAGNGGDAA,207,193.0
197,HLA-A02:01,5591.06,QII87826,TPGSSRGTSPA,197,194.0
85,HLA-A02:01,5591.12,QII87826,YYRRATRRIRG,85,195.0
338,HLA-A02:01,5591.31,QII87826,LDDKDPNFKDQ,338,196.0
401,HLA-A02:01,5591.31,QII87826,DFSKQLQQSMS,401,196.0
118,HLA-A02:01,5591.33,QII87826,AGLPYGANKDG,118,198.0
55,HLA-A02:01,5591.39,QII87826,LTQHGKEDLKF,55,199.0
126,HLA-A02:01,5591.47,QII87826,KDGIIWVATEG,126,200.0
182,HLA-A02:01,5591.83,QII87826,SSRSSSRSRNS,182,201.0
407,HLA-A02:01,5591.87,QII87826,QQSMSSADSTQ,407,202.0
398,HLA-A02:01,5592.0,QII87826,DLDDFSKQLQQ,398,203.0
397,HLA-A02:01,5592.08,QII87826,ADLDDFSKQLQ,397,204.0
357,HLA-A02:01,5592.1,QII87826,DAYKTFPPTEP,357,205.0
211,HLA-A02:01,5592.16,QII87826,GNGGDAALALL,211,206.0
218,HLA-A02:01,5592.18,QII87826,LALLLLDRLNQ,218,207.0
173,HLA-A02:01,5592.19,QII87826,EGSRGGSQASS,173,208.0
44,HLA-A02:01,5592.37,QII87826,LPNNTASWFTA,44,209.0
91,HLA-A02:01,5592.42,QII87826,RRIRGGDGKMK,91,210.0
120,HLA-A02:01,5592.87,QII87826,LPYGANKDGII,120,211.0
372,HLA-A02:01,5593.08,QII87826,KKKADETQALP,372,212.0
206,HLA-A02:01,5593.11,QII87826,PARMAGNGGDA,206,213.0
324,HLA-A02:01,5593.13,QII87826,TPSGTWLTYTG,324,214.0
280,HLA-A02:01,5593.18,QII87826,QTQGNFGDQEL,280,215.0
106,HLA-A02:01,5593.32,QII87826,RWYFYYLGTGP,106,216.0
92,HLA-A02:01,5593.66,QII87826,RIRGGDGKMKD,92,217.0
404,HLA-A02:01,5593.75,QII87826,KQLQQSMSSAD,404,218.0
79,HLA-A02:01,5593.76,QII87826,PDDQIGYYRRA,79,219.0
227,HLA-A02:01,5593.83,QII87826,NQLESKMSGKG,227,220.0
64,HLA-A02:01,5593.84,QII87826,KFPRGQGVPIN,64,221.0
10,HLA-A02:01,5593.92,QII87826,NAPRITFGGPS,10,222.0
75,HLA-A02:01,5594.14,QII87826,TNSSPDDQIGY,75,223.0
146,HLA-A02:01,5594.15,QII87826,GTRNPANNAAI,146,224.0
186,HLA-A02:01,5594.16,QII87826,SSRSRNSSRNS,186,225.0
395,HLA-A02:01,5594.18,QII87826,PAADLDDFSKQ,395,226.0
303,HLA-A02:01,5594.28,QII87826,IAQFAPSASAF,303,227.0
309,HLA-A02:01,5594.59,QII87826,SASAFFGMSRI,309,228.0
336,HLA-A02:01,5594.63,QII87826,IKLDDKDPNFK,336,229.0
188,HLA-A02:01,5594.73,QII87826,RSRNSSRNSTP,188,230.0
35,HLA-A02:01,5594.88,QII87826,RSKQRRPQGLP,35,231.0
399,HLA-A02:01,5594.92,QII87826,LDDFSKQLQQS,399,232.0
278,HLA-A02:01,5594.95,QII87826,PEQTQGNFGDQ,278,233.0
391,HLA-A02:01,5595.15,QII87826,VTLLPAADLDD,391,234.0
119,HLA-A02:01,5595.17,QII87826,GLPYGANKDGI,119,235.0
342,HLA-A02:01,5595.17,QII87826,DPNFKDQVILL,342,235.0
104,HLA-A02:01,5595.45,QII87826,SPRWYFYYLGT,104,237.0
41,HLA-A02:01,5595.58,QII87826,PQGLPNNTASW,41,238.0
51,HLA-A02:01,5595.88,QII87826,WFTALTQHGKE,51,239.0
316,HLA-A02:01,5595.93,QII87826,MSRIGMEVTPS,316,240.0
312,HLA-A02:01,5596.0,QII87826,AFFGMSRIGME,312,241.0
290,HLA-A02:01,5596.21,QII87826,LIRQGTDYKHW,290,242.0
371,HLA-A02:01,5596.27,QII87826,KKKKADETQAL,371,243.0
405,HLA-A02:01,5596.31,QII87826,QLQQSMSSADS,405,244.0
248,HLA-A02:01,5596.32,QII87826,KSAAEASKKPR,248,245.0
373,HLA-A02:01,5596.32,QII87826,KKADETQALPQ,373,245.0
105,HLA-A02:01,5596.54,QII87826,PRWYFYYLGTG,105,247.0
353,HLA-A02:01,5596.59,QII87826,NKHIDAYKTFP,353,248.0
293,HLA-A02:01,5596.64,QII87826,QGTDYKHWPQI,293,249.0
141,HLA-A02:01,5596.87,QII87826,PKDHIGTRNPA,141,250.0
144,HLA-A02:01,5596.87,QII87826,HIGTRNPANNA,144,250.0
45,HLA-A02:01,5596.88,QII87826,PNNTASWFTAL,45,252.0
379,HLA-A02:01,5596.91,QII87826,QALPQRQKKQQ,379,253.0
295,HLA-A02:01,5597.06,QII87826,TDYKHWPQIAQ,295,254.0
292,HLA-A02:01,5597.09,QII87826,RQGTDYKHWPQ,292,255.0
326,HLA-A02:01,5597.16,QII87826,SGTWLTYTGAI,326,256.0
384,HLA-A02:01,5597.23,QII87826,RQKKQQTVTLL,384,257.0
3,HLA-A02:01,5597.26,QII87826,NGPQNQRNAPR,3,258.0
196,HLA-A02:01,5597.41,QII87826,STPGSSRGTSP,196,259.0
177,HLA-A02:01,5597.72,QII87826,GGSQASSRSSS,177,260.0
237,HLA-A02:01,5597.72,QII87826,GQQQQGQTVTK,237,260.0
151,HLA-A02:01,5597.81,QII87826,ANNAAIVLQLP,151,262.0
340,HLA-A02:01,5597.85,QII87826,DKDPNFKDQVI,340,263.0
95,HLA-A02:01,5598.01,QII87826,GGDGKMKDLSP,95,264.0
2,HLA-A02:01,5598.11,QII87826,DNGPQNQRNAP,2,265.0
374,HLA-A02:01,5598.64,QII87826,KADETQALPQR,374,266.0
315,HLA-A02:01,5598.8,QII87826,GMSRIGMEVTP,315,267.0
124,HLA-A02:01,5598.91,QII87826,ANKDGIIWVAT,124,268.0
240,HLA-A02:01,5599.01,QII87826,QQGQTVTKKSA,240,269.0
136,HLA-A02:01,5599.05,QII87826,GALNTPKDHIG,136,270.0
97,HLA-A02:01,5599.11,QII87826,DGKMKDLSPRW,97,271.0
175,HLA-A02:01,5599.12,QII87826,SRGGSQASSRS,175,272.0
306,HLA-A02:01,5599.27,QII87826,FAPSASAFFGM,306,273.0
160,HLA-A02:01,5599.41,QII87826,LPQGTTLPKGF,160,274.0
40,HLA-A02:01,5599.5,QII87826,RPQGLPNNTAS,40,275.0
12,HLA-A02:01,5599.54,QII87826,PRITFGGPSDS,12,276.0
34,HLA-A02:01,5599.64,QII87826,ARSKQRRPQGL,34,277.0
152,HLA-A02:01,5599.81,QII87826,NNAAIVLQLPQ,152,278.0
150,HLA-A02:01,5599.88,QII87826,PANNAAIVLQL,150,279.0
258,HLA-A02:01,5599.95,QII87826,RQKRTATKAYN,258,280.0
375,HLA-A02:01,5600.36,QII87826,ADETQALPQRQ,375,281.0
69,HLA-A02:01,5600.42,QII87826,QGVPINTNSSP,69,282.0
58,HLA-A02:01,5600.49,QII87826,HGKEDLKFPRG,58,283.0
46,HLA-A02:01,5600.51,QII87826,NNTASWFTALT,46,284.0
298,HLA-A02:01,5600.78,QII87826,KHWPQIAQFAP,298,285.0
394,HLA-A02:01,5600.95,QII87826,LPAADLDDFSK,394,286.0
223,HLA-A02:01,5601.19,QII87826,LDRLNQLESKM,223,287.0
341,HLA-A02:01,5601.21,QII87826,KDPNFKDQVIL,341,288.0
6,HLA-A02:01,5601.57,QII87826,QNQRNAPRITF,6,289.0
288,HLA-A02:01,5601.73,QII87826,QELIRQGTDYK,288,290.0
361,HLA-A02:01,5601.83,QII87826,TFPPTEPKKDK,361,291.0
279,HLA-A02:01,5601.86,QII87826,EQTQGNFGDQE,279,292.0
330,HLA-A02:01,5602.07,QII87826,LTYTGAIKLDD,330,293.0
83,HLA-A02:01,5602.23,QII87826,IGYYRRATRRI,83,294.0
93,HLA-A02:01,5602.36,QII87826,IRGGDGKMKDL,93,295.0
269,HLA-A02:01,5602.46,QII87826,VTQAFGRRGPE,269,296.0
199,HLA-A02:01,5602.48,QII87826,GSSRGTSPARM,199,297.0
283,HLA-A02:01,5602.48,QII87826,GNFGDQELIRQ,283,297.0
396,HLA-A02:01,5602.49,QII87826,AADLDDFSKQL,396,299.0
264,HLA-A02:01,5602.64,QII87826,TKAYNVTQAFG,264,300.0
90,HLA-A02:01,5602.89,QII87826,TRRIRGGDGKM,90,301.0
31,HLA-A02:01,5603.11,QII87826,RSGARSKQRRP,31,302.0
102,HLA-A02:01,5603.5,QII87826,DLSPRWYFYYL,102,303.0
244,HLA-A02:01,5604.15,QII87826,TVTKKSAAEAS,244,304.0
257,HLA-A02:01,5604.18,QII87826,PRQKRTATKAY,257,305.0
276,HLA-A02:01,5604.22,QII87826,RGPEQTQGNFG,276,306.0
121,HLA-A02:01,5604.46,QII87826,PYGANKDGIIW,121,307.0
48,HLA-A02:01,5604.5,QII87826,TASWFTALTQH,48,308.0
194,HLA-A02:01,5604.52,QII87826,RNSTPGSSRGT,194,309.0
140,HLA-A02:01,5604.54,QII87826,TPKDHIGTRNP,140,310.0
135,HLA-A02:01,5604.74,QII87826,EGALNTPKDHI,135,311.0
125,HLA-A02:01,5604.78,QII87826,NKDGIIWVATE,125,312.0
47,HLA-A02:01,5604.8,QII87826,NTASWFTALTQ,47,313.0
62,HLA-A02:01,5604.92,QII87826,DLKFPRGQGVP,62,314.0
57,HLA-A02:01,5605.09,QII87826,QHGKEDLKFPR,57,315.0
82,HLA-A02:01,5605.16,QII87826,QIGYYRRATRR,82,316.0
345,HLA-A02:01,5605.19,QII87826,FKDQVILLNKH,345,317.0
4,HLA-A02:01,5605.59,QII87826,GPQNQRNAPRI,4,318.0
68,HLA-A02:01,5605.66,QII87826,GQGVPINTNSS,68,319.0
367,HLA-A02:01,5605.72,QII87826,PKKDKKKKADE,367,320.0
26,HLA-A02:01,5605.81,QII87826,NQNGERSGARS,26,321.0
7,HLA-A02:01,5605.94,QII87826,NQRNAPRITFG,7,322.0
296,HLA-A02:01,5606.11,QII87826,DYKHWPQIAQF,296,323.0
53,HLA-A02:01,5606.18,QII87826,TALTQHGKEDL,53,324.0
281,HLA-A02:01,5606.37,QII87826,TQGNFGDQELI,281,325.0
301,HLA-A02:01,5606.41,QII87826,PQIAQFAPSAS,301,326.0
348,HLA-A02:01,5606.7,QII87826,QVILLNKHIDA,348,327.0
242,HLA-A02:01,5606.84,QII87826,GQTVTKKSAAE,242,328.0
347,HLA-A02:01,5606.91,QII87826,DQVILLNKHID,347,329.0
285,HLA-A02:01,5607.77,QII87826,FGDQELIRQGT,285,330.0
179,HLA-A02:01,5608.13,QII87826,SQASSRSSSRS,179,331.0
352,HLA-A02:01,5608.29,QII87826,LNKHIDAYKTF,352,332.0
386,HLA-A02:01,5608.72,QII87826,KKQQTVTLLPA,386,333.0
217,HLA-A02:01,5608.95,QII87826,ALALLLLDRLN,217,334.0
287,HLA-A02:01,5609.62,QII87826,DQELIRQGTDY,287,335.0
346,HLA-A02:01,5609.74,QII87826,KDQVILLNKHI,346,336.0
234,HLA-A02:01,5610.15,QII87826,SGKGQQQQGQT,234,337.0
335,HLA-A02:01,5610.2,QII87826,AIKLDDKDPNF,335,338.0
63,HLA-A02:01,5610.28,QII87826,LKFPRGQGVPI,63,339.0
98,HLA-A02:01,5610.31,QII87826,GKMKDLSPRWY,98,340.0
107,HLA-A02:01,5610.46,QII87826,WYFYYLGTGPE,107,341.0
162,HLA-A02:01,5611.56,QII87826,QGTTLPKGFYA,162,342.0
134,HLA-A02:01,5612.25,QII87826,TEGALNTPKDH,134,343.0
333,HLA-A02:01,5612.7,QII87826,TGAIKLDDKDP,333,344.0
400,HLA-A02:01,5613.28,QII87826,DDFSKQLQQSM,400,345.0
187,HLA-A02:01,5613.49,QII87826,SRSRNSSRNST,187,346.0
275,HLA-A02:01,5613.78,QII87826,RRGPEQTQGNF,275,347.0
305,HLA-A02:01,5613.79,QII87826,QFAPSASAFFG,305,348.0
320,HLA-A02:01,5613.93,QII87826,GMEVTPSGTWL,320,349.0
368,HLA-A02:01,5614.43,QII87826,KKDKKKKADET,368,350.0
299,HLA-A02:01,5615.02,QII87826,HWPQIAQFAPS,299,351.0
129,HLA-A02:01,5615.73,QII87826,IIWVATEGALN,129,352.0
406,HLA-A02:01,5615.77,QII87826,LQQSMSSADST,406,353.0
260,HLA-A02:01,5615.85,QII87826,KRTATKAYNVT,260,354.0
254,HLA-A02:01,5615.99,QII87826,SKKPRQKRTAT,254,355.0
42,HLA-A02:01,5616.09,QII87826,QGLPNNTASWF,42,356.0
14,HLA-A02:01,5616.17,QII87826,ITFGGPSDSTG,14,357.0
67,HLA-A02:01,5616.27,QII87826,RGQGVPINTNS,67,358.0
354,HLA-A02:01,5616.4,QII87826,KHIDAYKTFPP,354,359.0
385,HLA-A02:01,5616.4,QII87826,QKKQQTVTLLP,385,359.0
65,HLA-A02:01,5617.8,QII87826,FPRGQGVPINT,65,361.0
38,HLA-A02:01,5618.1,QII87826,QRRPQGLPNNT,38,362.0
154,HLA-A02:01,5618.49,QII87826,AAIVLQLPQGT,154,363.0
271,HLA-A02:01,5618.6,QII87826,QAFGRRGPEQT,271,364.0
322,HLA-A02:01,5618.68,QII87826,EVTPSGTWLTY,322,365.0
155,HLA-A02:01,5620.58,QII87826,AIVLQLPQGTT,155,366.0
232,HLA-A02:01,5620.75,QII87826,KMSGKGQQQQG,232,367.0
137,HLA-A02:01,5621.86,QII87826,ALNTPKDHIGT,137,368.0
222,HLA-A02:01,5621.98,QII87826,LLDRLNQLESK,222,369.0
164,HLA-A02:01,5622.18,QII87826,TTLPKGFYAEG,164,370.0
236,HLA-A02:01,5622.26,QII87826,KGQQQQGQTVT,236,371.0
351,HLA-A02:01,5622.28,QII87826,LLNKHIDAYKT,351,372.0
314,HLA-A02:01,5622.86,QII87826,FGMSRIGMEVT,314,373.0
161,HLA-A02:01,5623.0,QII87826,PQGTTLPKGFY,161,374.0
5,HLA-A02:01,5623.06,QII87826,PQNQRNAPRIT,5,375.0
130,HLA-A02:01,5623.09,QII87826,IWVATEGALNT,130,376.0
80,HLA-A02:01,5623.95,QII87826,DDQIGYYRRAT,80,377.0
159,HLA-A02:01,5624.29,QII87826,QLPQGTTLPKG,159,378.0
56,HLA-A02:01,5625.13,QII87826,TQHGKEDLKFP,56,379.0
382,HLA-A02:01,5625.48,QII87826,PQRQKKQQTVT,382,380.0
101,HLA-A02:01,5626.13,QII87826,KDLSPRWYFYY,101,381.0
321,HLA-A02:01,5626.65,QII87826,MEVTPSGTWLT,321,382.0
158,HLA-A02:01,5626.92,QII87826,LQLPQGTTLPK,158,383.0
360,HLA-A02:01,5627.99,QII87826,KTFPPTEPKKD,360,384.0
112,HLA-A02:01,5628.52,QII87826,LGTGPEAGLPY,112,385.0
165,HLA-A02:01,5628.87,QII87826,TLPKGFYAEGS,165,386.0
252,HLA-A02:01,5629.98,QII87826,EASKKPRQKRT,252,387.0
163,HLA-A02:01,5630.85,QII87826,GTTLPKGFYAE,163,388.0
13,HLA-A02:01,5632.16,QII87826,RITFGGPSDST,13,389.0
289,HLA-A02:01,5632.62,QII87826,ELIRQGTDYKH,289,390.0
349,HLA-A02:01,5633.31,QII87826,VILLNKHIDAY,349,391.0
318,HLA-A02:01,5634.05,QII87826,RIGMEVTPSGT,318,392.0
100,HLA-A02:01,5635.52,QII87826,MKDLSPRWYFY,100,393.0
54,HLA-A02:01,5639.5,QII87826,ALTQHGKEDLK,54,394.0
304,HLA-A02:01,5642.77,QII87826,AQFAPSASAFF,304,395.0
355,HLA-A02:01,5642.9,QII87826,HIDAYKTFPPT,355,396.0
221,HLA-A02:01,5643.67,QII87826,LLLDRLNQLES,221,397.0
393,HLA-A02:01,5645.38,QII87826,LLPAADLDDFS,393,398.0
323,HLA-A02:01,5646.51,QII87826,VTPSGTWLTYT,323,399.0
111,HLA-A02:01,5646.85,QII87826,YLGTGPEAGLP,111,400.0
380,HLA-A02:01,5650.96,QII87826,ALPQRQKKQQT,380,401.0
113,HLA-A02:01,5656.45,QII87826,GTGPEAGLPYG,113,402.0
225,HLA-A02:01,5659.7,QII87826,RLNQLESKMSG,225,403.0
392,HLA-A02:01,5660.74,QII87826,TLLPAADLDDF,392,404.0
329,HLA-A02:01,5673.7,QII87826,WLTYTGAIKLD,329,405.0
157,HLA-A02:01,5674.9,QII87826,VLQLPQGTTLP,157,406.0
220,HLA-A02:01,5691.27,QII87826,LLLLDRLNQLE,220,407.0
43,HLA-A02:01,5742.37,QII87826,GLPNNTASWFT,43,408.0
350,HLA-A02:01,5815.88,QII87826,ILLNKHIDAYK,350,409.0
219,HLA-A02:03 ,4850.39,QII87826,ALLLLDRLNQL,219,1.0
208,HLA-A02:03 ,5202.33,QII87826,RMAGNGGDAAL,208,2.0
99,HLA-A02:03 ,5487.32,QII87826,KMKDLSPRWYF,99,3.0
313,HLA-A02:03 ,5490.87,QII87826,FFGMSRIGMEV,313,4.0
156,HLA-A02:03 ,5492.28,QII87826,IVLQLPQGTTL,156,5.0
381,HLA-A02:03 ,5505.24,QII87826,LPQRQKKQQTV,381,6.0
50,HLA-A02:03 ,5526.42,QII87826,SWFTALTQHGK,50,7.0
122,HLA-A02:03 ,5533.96,QII87826,YGANKDGIIWV,122,8.0
235,HLA-A02:03 ,5544.87,QII87826,GKGQQQQGQTV,235,9.0
110,HLA-A02:03 ,5545.27,QII87826,YYLGTGPEAGL,110,10.0
328,HLA-A02:03 ,5546.65,QII87826,TWLTYTGAIKL,328,11.0
108,HLA-A02:03 ,5546.84,QII87826,YFYYLGTGPEA,108,12.0
216,HLA-A02:03 ,5550.12,QII87826,AALALLLLDRL,216,13.0
138,HLA-A02:03 ,5550.36,QII87826,LNTPKDHIGTR,138,14.0
133,HLA-A02:03 ,5555.18,QII87826,ATEGALNTPKD,133,15.0
202,HLA-A02:03 ,5555.44,QII87826,RGTSPARMAGN,202,16.0
205,HLA-A02:03 ,5556.36,QII87826,SPARMAGNGGD,205,17.0
339,HLA-A02:03 ,5557.87,QII87826,DDKDPNFKDQV,339,18.0
11,HLA-A02:03 ,5558.01,QII87826,APRITFGGPSD,11,19.0
87,HLA-A02:03 ,5559.42,QII87826,RRATRRIRGGD,87,20.0
214,HLA-A02:03 ,5560.4,QII87826,GDAALALLLLD,214,21.0
204,HLA-A02:03 ,5561.9,QII87826,TSPARMAGNGG,204,22.0
171,HLA-A02:03 ,5562.88,QII87826,YAEGSRGGSQA,171,23.0
277,HLA-A02:03 ,5563.88,QII87826,GPEQTQGNFGD,277,24.0
86,HLA-A02:03 ,5564.25,QII87826,YRRATRRIRGG,86,25.0
61,HLA-A02:03 ,5565.38,QII87826,EDLKFPRGQGV,61,26.0
389,HLA-A02:03 ,5565.73,QII87826,QTVTLLPAADL,389,27.0
259,HLA-A02:03 ,5566.53,QII87826,QKRTATKAYNV,259,28.0
274,HLA-A02:03 ,5567.47,QII87826,GRRGPEQTQGN,274,29.0
282,HLA-A02:03 ,5567.84,QII87826,QGNFGDQELIR,282,30.0
226,HLA-A02:03 ,5567.85,QII87826,LNQLESKMSGK,226,31.0
325,HLA-A02:03 ,5567.92,QII87826,PSGTWLTYTGA,325,32.0
89,HLA-A02:03 ,5568.28,QII87826,ATRRIRGGDGK,89,33.0
21,HLA-A02:03 ,5568.3,QII87826,DSTGSNQNGER,21,34.0
127,HLA-A02:03 ,5568.47,QII87826,DGIIWVATEGA,127,35.0
266,HLA-A02:03 ,5569.63,QII87826,AYNVTQAFGRR,266,36.0
358,HLA-A02:03 ,5570.02,QII87826,AYKTFPPTEPK,358,37.0
166,HLA-A02:03 ,5570.45,QII87826,LPKGFYAEGSR,166,38.0
250,HLA-A02:03 ,5570.6,QII87826,AAEASKKPRQK,250,39.0
265,HLA-A02:03 ,5570.6,QII87826,KAYNVTQAFGR,265,39.0
25,HLA-A02:03 ,5570.71,QII87826,SNQNGERSGAR,25,41.0
24,HLA-A02:03 ,5571.06,QII87826,GSNQNGERSGA,24,42.0
18,HLA-A02:03 ,5571.62,QII87826,GPSDSTGSNQN,18,43.0
16,HLA-A02:03 ,5571.85,QII87826,FGGPSDSTGSN,16,44.0
286,HLA-A02:03 ,5571.95,QII87826,GDQELIRQGTD,286,45.0
168,HLA-A02:03 ,5572.54,QII87826,KGFYAEGSRGG,168,46.0
233,HLA-A02:03 ,5572.87,QII87826,MSGKGQQQQGQ,233,47.0
390,HLA-A02:03 ,5572.89,QII87826,TVTLLPAADLD,390,48.0
267,HLA-A02:03 ,5573.12,QII87826,YNVTQAFGRRG,267,49.0
23,HLA-A02:03 ,5573.36,QII87826,TGSNQNGERSG,23,50.0
9,HLA-A02:03 ,5573.38,QII87826,RNAPRITFGGP,9,51.0
115,HLA-A02:03 ,5573.43,QII87826,GPEAGLPYGAN,115,52.0
201,HLA-A02:03 ,5573.82,QII87826,SRGTSPARMAG,201,53.0
251,HLA-A02:03 ,5574.02,QII87826,AEASKKPRQKR,251,54.0
131,HLA-A02:03 ,5574.27,QII87826,WVATEGALNTP,131,55.0
189,HLA-A02:03 ,5574.45,QII87826,SRNSSRNSTPG,189,56.0
246,HLA-A02:03 ,5574.71,QII87826,TKKSAAEASKK,246,57.0
180,HLA-A02:03 ,5574.82,QII87826,QASSRSSSRSR,180,58.0
359,HLA-A02:03 ,5574.85,QII87826,YKTFPPTEPKK,359,59.0
255,HLA-A02:03 ,5574.9,QII87826,KKPRQKRTATK,255,60.0
209,HLA-A02:03 ,5574.94,QII87826,MAGNGGDAALA,209,61.0
15,HLA-A02:03 ,5575.02,QII87826,TFGGPSDSTGS,15,62.0
20,HLA-A02:03 ,5575.24,QII87826,SDSTGSNQNGE,20,63.0
33,HLA-A02:03 ,5575.97,QII87826,GARSKQRRPQG,33,64.0
71,HLA-A02:03 ,5575.97,QII87826,VPINTNSSPDD,71,64.0
142,HLA-A02:03 ,5576.0,QII87826,KDHIGTRNPAN,142,66.0
332,HLA-A02:03 ,5576.03,QII87826,YTGAIKLDDKD,332,67.0
376,HLA-A02:03 ,5576.16,QII87826,DETQALPQRQK,376,68.0
262,HLA-A02:03 ,5576.51,QII87826,TATKAYNVTQA,262,69.0
29,HLA-A02:03 ,5576.65,QII87826,GERSGARSKQR,29,70.0
147,HLA-A02:03 ,5576.8,QII87826,TRNPANNAAIV,147,71.0
284,HLA-A02:03 ,5577.56,QII87826,NFGDQELIRQG,284,72.0
273,HLA-A02:03 ,5577.69,QII87826,FGRRGPEQTQG,273,73.0
117,HLA-A02:03 ,5577.93,QII87826,EAGLPYGANKD,117,74.0
169,HLA-A02:03 ,5578.13,QII87826,GFYAEGSRGGS,169,75.0
145,HLA-A02:03 ,5578.26,QII87826,IGTRNPANNAA,145,76.0
383,HLA-A02:03 ,5578.3,QII87826,QRQKKQQTVTL,383,77.0
170,HLA-A02:03 ,5578.35,QII87826,FYAEGSRGGSQ,170,78.0
297,HLA-A02:03 ,5578.36,QII87826,YKHWPQIAQFA,297,79.0
190,HLA-A02:03 ,5578.91,QII87826,RNSSRNSTPGS,190,80.0
245,HLA-A02:03 ,5578.93,QII87826,VTKKSAAEASK,245,81.0
109,HLA-A02:03 ,5579.0,QII87826,FYYLGTGPEAG,109,82.0
408,HLA-A02:03 ,5579.16,QII87826,QSMSSADSTQA,408,83.0
139,HLA-A02:03 ,5579.3,QII87826,NTPKDHIGTRN,139,84.0
32,HLA-A02:03 ,5579.43,QII87826,SGARSKQRRPQ,32,85.0
253,HLA-A02:03 ,5579.87,QII87826,ASKKPRQKRTA,253,86.0
198,HLA-A02:03 ,5579.91,QII87826,PGSSRGTSPAR,198,87.0
27,HLA-A02:03 ,5580.07,QII87826,QNGERSGARSK,27,88.0
200,HLA-A02:03 ,5580.23,QII87826,SSRGTSPARMA,200,89.0
238,HLA-A02:03 ,5580.36,QII87826,QQQQGQTVTKK,238,90.0
362,HLA-A02:03 ,5580.43,QII87826,FPPTEPKKDKK,362,91.0
308,HLA-A02:03 ,5580.63,QII87826,PSASAFFGMSR,308,92.0
228,HLA-A02:03 ,5581.16,QII87826,QLESKMSGKGQ,228,93.0
52,HLA-A02:03 ,5581.19,QII87826,FTALTQHGKED,52,94.0
192,HLA-A02:03 ,5581.33,QII87826,SSRNSTPGSSR,192,95.0
366,HLA-A02:03 ,5581.38,QII87826,EPKKDKKKKAD,366,96.0
132,HLA-A02:03 ,5581.69,QII87826,VATEGALNTPK,132,97.0
327,HLA-A02:03 ,5581.71,QII87826,GTWLTYTGAIK,327,98.0
8,HLA-A02:03 ,5581.82,QII87826,QRNAPRITFGG,8,99.0
66,HLA-A02:03 ,5581.84,QII87826,PRGQGVPINTN,66,100.0
272,HLA-A02:03 ,5582.05,QII87826,AFGRRGPEQTQ,272,101.0
28,HLA-A02:03 ,5582.07,QII87826,NGERSGARSKQ,28,102.0
256,HLA-A02:03 ,5582.33,QII87826,KPRQKRTATKA,256,103.0
88,HLA-A02:03 ,5582.36,QII87826,RATRRIRGGDG,88,104.0
84,HLA-A02:03 ,5582.5,QII87826,GYYRRATRRIR,84,105.0
153,HLA-A02:03 ,5582.97,QII87826,NAAIVLQLPQG,153,106.0
181,HLA-A02:03 ,5583.07,QII87826,ASSRSSSRSRN,181,107.0
185,HLA-A02:03 ,5583.26,QII87826,SSSRSRNSSRN,185,108.0
387,HLA-A02:03 ,5583.5,QII87826,KQQTVTLLPAA,387,109.0
310,HLA-A02:03 ,5583.79,QII87826,ASAFFGMSRIG,310,110.0
291,HLA-A02:03 ,5583.83,QII87826,IRQGTDYKHWP,291,111.0
213,HLA-A02:03 ,5584.33,QII87826,GGDAALALLLL,213,112.0
193,HLA-A02:03 ,5584.46,QII87826,SRNSTPGSSRG,193,113.0
337,HLA-A02:03 ,5584.47,QII87826,KLDDKDPNFKD,337,114.0
249,HLA-A02:03 ,5584.6,QII87826,SAAEASKKPRQ,249,115.0
149,HLA-A02:03 ,5584.68,QII87826,NPANNAAIVLQ,149,116.0
369,HLA-A02:03 ,5584.75,QII87826,KDKKKKADETQ,369,117.0
60,HLA-A02:03 ,5584.97,QII87826,KEDLKFPRGQG,60,118.0
37,HLA-A02:03 ,5584.99,QII87826,KQRRPQGLPNN,37,119.0
231,HLA-A02:03 ,5585.15,QII87826,SKMSGKGQQQQ,231,120.0
0,HLA-A02:03 ,5585.18,QII87826,MSDNGPQNQRN,0,121.0
370,HLA-A02:03 ,5585.28,QII87826,DKKKKADETQA,370,122.0
74,HLA-A02:03 ,5585.31,QII87826,NTNSSPDDQIG,74,123.0
128,HLA-A02:03 ,5585.39,QII87826,GIIWVATEGAL,128,124.0
184,HLA-A02:03 ,5585.4,QII87826,RSSSRSRNSSR,184,125.0
30,HLA-A02:03 ,5585.45,QII87826,ERSGARSKQRR,30,126.0
49,HLA-A02:03 ,5585.53,QII87826,ASWFTALTQHG,49,127.0
239,HLA-A02:03 ,5585.57,QII87826,QQQGQTVTKKS,239,128.0
212,HLA-A02:03 ,5586.07,QII87826,NGGDAALALLL,212,129.0
167,HLA-A02:03 ,5586.16,QII87826,PKGFYAEGSRG,167,130.0
334,HLA-A02:03 ,5586.16,QII87826,GAIKLDDKDPN,334,130.0
268,HLA-A02:03 ,5586.23,QII87826,NVTQAFGRRGP,268,132.0
270,HLA-A02:03 ,5586.25,QII87826,TQAFGRRGPEQ,270,133.0
114,HLA-A02:03 ,5586.26,QII87826,TGPEAGLPYGA,114,134.0
70,HLA-A02:03 ,5586.37,QII87826,GVPINTNSSPD,70,135.0
307,HLA-A02:03 ,5586.52,QII87826,APSASAFFGMS,307,136.0
195,HLA-A02:03 ,5586.79,QII87826,NSTPGSSRGTS,195,137.0
1,HLA-A02:03 ,5586.81,QII87826,SDNGPQNQRNA,1,138.0
377,HLA-A02:03 ,5586.9,QII87826,ETQALPQRQKK,377,139.0
302,HLA-A02:03 ,5586.96,QII87826,QIAQFAPSASA,302,140.0
77,HLA-A02:03 ,5587.16,QII87826,SSPDDQIGYYR,77,141.0
356,HLA-A02:03 ,5587.23,QII87826,IDAYKTFPPTE,356,142.0
72,HLA-A02:03 ,5587.25,QII87826,PINTNSSPDDQ,72,143.0
344,HLA-A02:03 ,5587.34,QII87826,NFKDQVILLNK,344,144.0
73,HLA-A02:03 ,5587.48,QII87826,INTNSSPDDQI,73,145.0
143,HLA-A02:03 ,5587.52,QII87826,DHIGTRNPANN,143,146.0
343,HLA-A02:03 ,5587.53,QII87826,PNFKDQVILLN,343,147.0
311,HLA-A02:03 ,5587.54,QII87826,SAFFGMSRIGM,311,148.0
403,HLA-A02:03 ,5587.58,QII87826,SKQLQQSMSSA,403,149.0
96,HLA-A02:03 ,5587.62,QII87826,GDGKMKDLSPR,96,150.0
94,HLA-A02:03 ,5587.73,QII87826,RGGDGKMKDLS,94,151.0
36,HLA-A02:03 ,5587.75,QII87826,SKQRRPQGLPN,36,152.0
174,HLA-A02:03 ,5587.84,QII87826,GSRGGSQASSR,174,153.0
19,HLA-A02:03 ,5587.87,QII87826,PSDSTGSNQNG,19,154.0
59,HLA-A02:03 ,5587.93,QII87826,GKEDLKFPRGQ,59,155.0
191,HLA-A02:03 ,5587.98,QII87826,NSSRNSTPGSS,191,156.0
172,HLA-A02:03 ,5588.05,QII87826,AEGSRGGSQAS,172,157.0
300,HLA-A02:03 ,5588.05,QII87826,WPQIAQFAPSA,300,157.0
178,HLA-A02:03 ,5588.15,QII87826,GSQASSRSSSR,178,159.0
241,HLA-A02:03 ,5588.2,QII87826,QGQTVTKKSAA,241,160.0
402,HLA-A02:03 ,5588.31,QII87826,FSKQLQQSMSS,402,161.0
243,HLA-A02:03 ,5588.34,QII87826,QTVTKKSAAEA,243,162.0
183,HLA-A02:03 ,5588.44,QII87826,SRSSSRSRNSS,183,163.0
148,HLA-A02:03 ,5588.67,QII87826,RNPANNAAIVL,148,164.0
365,HLA-A02:03 ,5588.77,QII87826,TEPKKDKKKKA,365,165.0
229,HLA-A02:03 ,5588.82,QII87826,LESKMSGKGQQ,229,166.0
317,HLA-A02:03 ,5588.91,QII87826,SRIGMEVTPSG,317,167.0
39,HLA-A02:03 ,5589.01,QII87826,RRPQGLPNNTA,39,168.0
331,HLA-A02:03 ,5589.06,QII87826,TYTGAIKLDDK,331,169.0
123,HLA-A02:03 ,5589.19,QII87826,GANKDGIIWVA,123,170.0
261,HLA-A02:03 ,5589.2,QII87826,RTATKAYNVTQ,261,171.0
22,HLA-A02:03 ,5589.25,QII87826,STGSNQNGERS,22,172.0
224,HLA-A02:03 ,5589.25,QII87826,DRLNQLESKMS,224,172.0
210,HLA-A02:03 ,5589.26,QII87826,AGNGGDAALAL,210,174.0
364,HLA-A02:03 ,5589.38,QII87826,PTEPKKDKKKK,364,175.0
215,HLA-A02:03 ,5589.41,QII87826,DAALALLLLDR,215,176.0
263,HLA-A02:03 ,5589.45,QII87826,ATKAYNVTQAF,263,177.0
230,HLA-A02:03 ,5589.54,QII87826,ESKMSGKGQQQ,230,178.0
103,HLA-A02:03 ,5589.58,QII87826,LSPRWYFYYLG,103,179.0
388,HLA-A02:03 ,5589.61,QII87826,QQTVTLLPAAD,388,180.0
203,HLA-A02:03 ,5589.78,QII87826,GTSPARMAGNG,203,181.0
294,HLA-A02:03 ,5589.85,QII87826,GTDYKHWPQIA,294,182.0
363,HLA-A02:03 ,5589.96,QII87826,PPTEPKKDKKK,363,183.0
176,HLA-A02:03 ,5589.97,QII87826,RGGSQASSRSS,176,184.0
319,HLA-A02:03 ,5590.0,QII87826,IGMEVTPSGTW,319,185.0
17,HLA-A02:03 ,5590.08,QII87826,GGPSDSTGSNQ,17,186.0
81,HLA-A02:03 ,5590.13,QII87826,DQIGYYRRATR,81,187.0
116,HLA-A02:03 ,5590.15,QII87826,PEAGLPYGANK,116,188.0
247,HLA-A02:03 ,5590.44,QII87826,KKSAAEASKKP,247,189.0
378,HLA-A02:03 ,5590.76,QII87826,TQALPQRQKKQ,378,190.0
78,HLA-A02:03 ,5590.88,QII87826,SPDDQIGYYRR,78,191.0
76,HLA-A02:03 ,5590.92,QII87826,NSSPDDQIGYY,76,192.0
207,HLA-A02:03 ,5591.05,QII87826,ARMAGNGGDAA,207,193.0
197,HLA-A02:03 ,5591.06,QII87826,TPGSSRGTSPA,197,194.0
85,HLA-A02:03 ,5591.12,QII87826,YYRRATRRIRG,85,195.0
338,HLA-A02:03 ,5591.31,QII87826,LDDKDPNFKDQ,338,196.0
401,HLA-A02:03 ,5591.31,QII87826,DFSKQLQQSMS,401,196.0
118,HLA-A02:03 ,5591.33,QII87826,AGLPYGANKDG,118,198.0
55,HLA-A02:03 ,5591.39,QII87826,LTQHGKEDLKF,55,199.0
126,HLA-A02:03 ,5591.47,QII87826,KDGIIWVATEG,126,200.0
182,HLA-A02:03 ,5591.83,QII87826,SSRSSSRSRNS,182,201.0
407,HLA-A02:03 ,5591.87,QII87826,QQSMSSADSTQ,407,202.0
398,HLA-A02:03 ,5592.0,QII87826,DLDDFSKQLQQ,398,203.0
397,HLA-A02:03 ,5592.08,QII87826,ADLDDFSKQLQ,397,204.0
357,HLA-A02:03 ,5592.1,QII87826,DAYKTFPPTEP,357,205.0
211,HLA-A02:03 ,5592.16,QII87826,GNGGDAALALL,211,206.0
218,HLA-A02:03 ,5592.18,QII87826,LALLLLDRLNQ,218,207.0
173,HLA-A02:03 ,5592.19,QII87826,EGSRGGSQASS,173,208.0
44,HLA-A02:03 ,5592.37,QII87826,LPNNTASWFTA,44,209.0
91,HLA-A02:03 ,5592.42,QII87826,RRIRGGDGKMK,91,210.0
120,HLA-A02:03 ,5592.87,QII87826,LPYGANKDGII,120,211.0
372,HLA-A02:03 ,5593.08,QII87826,KKKADETQALP,372,212.0
206,HLA-A02:03 ,5593.11,QII87826,PARMAGNGGDA,206,213.0
324,HLA-A02:03 ,5593.13,QII87826,TPSGTWLTYTG,324,214.0
280,HLA-A02:03 ,5593.18,QII87826,QTQGNFGDQEL,280,215.0
106,HLA-A02:03 ,5593.32,QII87826,RWYFYYLGTGP,106,216.0
92,HLA-A02:03 ,5593.66,QII87826,RIRGGDGKMKD,92,217.0
404,HLA-A02:03 ,5593.75,QII87826,KQLQQSMSSAD,404,218.0
79,HLA-A02:03 ,5593.76,QII87826,PDDQIGYYRRA,79,219.0
227,HLA-A02:03 ,5593.83,QII87826,NQLESKMSGKG,227,220.0
64,HLA-A02:03 ,5593.84,QII87826,KFPRGQGVPIN,64,221.0
10,HLA-A02:03 ,5593.92,QII87826,NAPRITFGGPS,10,222.0
75,HLA-A02:03 ,5594.14,QII87826,TNSSPDDQIGY,75,223.0
146,HLA-A02:03 ,5594.15,QII87826,GTRNPANNAAI,146,224.0
186,HLA-A02:03 ,5594.16,QII87826,SSRSRNSSRNS,186,225.0
395,HLA-A02:03 ,5594.18,QII87826,PAADLDDFSKQ,395,226.0
303,HLA-A02:03 ,5594.28,QII87826,IAQFAPSASAF,303,227.0
309,HLA-A02:03 ,5594.59,QII87826,SASAFFGMSRI,309,228.0
336,HLA-A02:03 ,5594.63,QII87826,IKLDDKDPNFK,336,229.0
188,HLA-A02:03 ,5594.73,QII87826,RSRNSSRNSTP,188,230.0
35,HLA-A02:03 ,5594.88,QII87826,RSKQRRPQGLP,35,231.0
399,HLA-A02:03 ,5594.92,QII87826,LDDFSKQLQQS,399,232.0
278,HLA-A02:03 ,5594.95,QII87826,PEQTQGNFGDQ,278,233.0
391,HLA-A02:03 ,5595.15,QII87826,VTLLPAADLDD,391,234.0
119,HLA-A02:03 ,5595.17,QII87826,GLPYGANKDGI,119,235.0
342,HLA-A02:03 ,5595.17,QII87826,DPNFKDQVILL,342,235.0
104,HLA-A02:03 ,5595.45,QII87826,SPRWYFYYLGT,104,237.0
41,HLA-A02:03 ,5595.58,QII87826,PQGLPNNTASW,41,238.0
51,HLA-A02:03 ,5595.88,QII87826,WFTALTQHGKE,51,239.0
316,HLA-A02:03 ,5595.93,QII87826,MSRIGMEVTPS,316,240.0
312,HLA-A02:03 ,5596.0,QII87826,AFFGMSRIGME,312,241.0
290,HLA-A02:03 ,5596.21,QII87826,LIRQGTDYKHW,290,242.0
371,HLA-A02:03 ,5596.27,QII87826,KKKKADETQAL,371,243.0
405,HLA-A02:03 ,5596.31,QII87826,QLQQSMSSADS,405,244.0
248,HLA-A02:03 ,5596.32,QII87826,KSAAEASKKPR,248,245.0
373,HLA-A02:03 ,5596.32,QII87826,KKADETQALPQ,373,245.0
105,HLA-A02:03 ,5596.54,QII87826,PRWYFYYLGTG,105,247.0
353,HLA-A02:03 ,5596.59,QII87826,NKHIDAYKTFP,353,248.0
293,HLA-A02:03 ,5596.64,QII87826,QGTDYKHWPQI,293,249.0
141,HLA-A02:03 ,5596.87,QII87826,PKDHIGTRNPA,141,250.0
144,HLA-A02:03 ,5596.87,QII87826,HIGTRNPANNA,144,250.0
45,HLA-A02:03 ,5596.88,QII87826,PNNTASWFTAL,45,252.0
379,HLA-A02:03 ,5596.91,QII87826,QALPQRQKKQQ,379,253.0
295,HLA-A02:03 ,5597.06,QII87826,TDYKHWPQIAQ,295,254.0
292,HLA-A02:03 ,5597.09,QII87826,RQGTDYKHWPQ,292,255.0
326,HLA-A02:03 ,5597.16,QII87826,SGTWLTYTGAI,326,256.0
384,HLA-A02:03 ,5597.23,QII87826,RQKKQQTVTLL,384,257.0
3,HLA-A02:03 ,5597.26,QII87826,NGPQNQRNAPR,3,258.0
196,HLA-A02:03 ,5597.41,QII87826,STPGSSRGTSP,196,259.0
177,HLA-A02:03 ,5597.72,QII87826,GGSQASSRSSS,177,260.0
237,HLA-A02:03 ,5597.72,QII87826,GQQQQGQTVTK,237,260.0
151,HLA-A02:03 ,5597.81,QII87826,ANNAAIVLQLP,151,262.0
340,HLA-A02:03 ,5597.85,QII87826,DKDPNFKDQVI,340,263.0
95,HLA-A02:03 ,5598.01,QII87826,GGDGKMKDLSP,95,264.0
2,HLA-A02:03 ,5598.11,QII87826,DNGPQNQRNAP,2,265.0
374,HLA-A02:03 ,5598.64,QII87826,KADETQALPQR,374,266.0
315,HLA-A02:03 ,5598.8,QII87826,GMSRIGMEVTP,315,267.0
124,HLA-A02:03 ,5598.91,QII87826,ANKDGIIWVAT,124,268.0
240,HLA-A02:03 ,5599.01,QII87826,QQGQTVTKKSA,240,269.0
136,HLA-A02:03 ,5599.05,QII87826,GALNTPKDHIG,136,270.0
97,HLA-A02:03 ,5599.11,QII87826,DGKMKDLSPRW,97,271.0
175,HLA-A02:03 ,5599.12,QII87826,SRGGSQASSRS,175,272.0
306,HLA-A02:03 ,5599.27,QII87826,FAPSASAFFGM,306,273.0
160,HLA-A02:03 ,5599.41,QII87826,LPQGTTLPKGF,160,274.0
40,HLA-A02:03 ,5599.5,QII87826,RPQGLPNNTAS,40,275.0
12,HLA-A02:03 ,5599.54,QII87826,PRITFGGPSDS,12,276.0
34,HLA-A02:03 ,5599.64,QII87826,ARSKQRRPQGL,34,277.0
152,HLA-A02:03 ,5599.81,QII87826,NNAAIVLQLPQ,152,278.0
150,HLA-A02:03 ,5599.88,QII87826,PANNAAIVLQL,150,279.0
258,HLA-A02:03 ,5599.95,QII87826,RQKRTATKAYN,258,280.0
375,HLA-A02:03 ,5600.36,QII87826,ADETQALPQRQ,375,281.0
69,HLA-A02:03 ,5600.42,QII87826,QGVPINTNSSP,69,282.0
58,HLA-A02:03 ,5600.49,QII87826,HGKEDLKFPRG,58,283.0
46,HLA-A02:03 ,5600.51,QII87826,NNTASWFTALT,46,284.0
298,HLA-A02:03 ,5600.78,QII87826,KHWPQIAQFAP,298,285.0
394,HLA-A02:03 ,5600.95,QII87826,LPAADLDDFSK,394,286.0
223,HLA-A02:03 ,5601.19,QII87826,LDRLNQLESKM,223,287.0
341,HLA-A02:03 ,5601.21,QII87826,KDPNFKDQVIL,341,288.0
6,HLA-A02:03 ,5601.57,QII87826,QNQRNAPRITF,6,289.0
288,HLA-A02:03 ,5601.73,QII87826,QELIRQGTDYK,288,290.0
361,HLA-A02:03 ,5601.83,QII87826,TFPPTEPKKDK,361,291.0
279,HLA-A02:03 ,5601.86,QII87826,EQTQGNFGDQE,279,292.0
330,HLA-A02:03 ,5602.07,QII87826,LTYTGAIKLDD,330,293.0
83,HLA-A02:03 ,5602.23,QII87826,IGYYRRATRRI,83,294.0
93,HLA-A02:03 ,5602.36,QII87826,IRGGDGKMKDL,93,295.0
269,HLA-A02:03 ,5602.46,QII87826,VTQAFGRRGPE,269,296.0
199,HLA-A02:03 ,5602.48,QII87826,GSSRGTSPARM,199,297.0
283,HLA-A02:03 ,5602.48,QII87826,GNFGDQELIRQ,283,297.0
396,HLA-A02:03 ,5602.49,QII87826,AADLDDFSKQL,396,299.0
264,HLA-A02:03 ,5602.64,QII87826,TKAYNVTQAFG,264,300.0
90,HLA-A02:03 ,5602.89,QII87826,TRRIRGGDGKM,90,301.0
31,HLA-A02:03 ,5603.11,QII87826,RSGARSKQRRP,31,302.0
102,HLA-A02:03 ,5603.5,QII87826,DLSPRWYFYYL,102,303.0
244,HLA-A02:03 ,5604.15,QII87826,TVTKKSAAEAS,244,304.0
257,HLA-A02:03 ,5604.18,QII87826,PRQKRTATKAY,257,305.0
276,HLA-A02:03 ,5604.22,QII87826,RGPEQTQGNFG,276,306.0
121,HLA-A02:03 ,5604.46,QII87826,PYGANKDGIIW,121,307.0
48,HLA-A02:03 ,5604.5,QII87826,TASWFTALTQH,48,308.0
194,HLA-A02:03 ,5604.52,QII87826,RNSTPGSSRGT,194,309.0
140,HLA-A02:03 ,5604.54,QII87826,TPKDHIGTRNP,140,310.0
135,HLA-A02:03 ,5604.74,QII87826,EGALNTPKDHI,135,311.0
125,HLA-A02:03 ,5604.78,QII87826,NKDGIIWVATE,125,312.0
47,HLA-A02:03 ,5604.8,QII87826,NTASWFTALTQ,47,313.0
62,HLA-A02:03 ,5604.92,QII87826,DLKFPRGQGVP,62,314.0
57,HLA-A02:03 ,5605.09,QII87826,QHGKEDLKFPR,57,315.0
82,HLA-A02:03 ,5605.16,QII87826,QIGYYRRATRR,82,316.0
345,HLA-A02:03 ,5605.19,QII87826,FKDQVILLNKH,345,317.0
4,HLA-A02:03 ,5605.59,QII87826,GPQNQRNAPRI,4,318.0
68,HLA-A02:03 ,5605.66,QII87826,GQGVPINTNSS,68,319.0
367,HLA-A02:03 ,5605.72,QII87826,PKKDKKKKADE,367,320.0
26,HLA-A02:03 ,5605.81,QII87826,NQNGERSGARS,26,321.0
7,HLA-A02:03 ,5605.94,QII87826,NQRNAPRITFG,7,322.0
296,HLA-A02:03 ,5606.11,QII87826,DYKHWPQIAQF,296,323.0
53,HLA-A02:03 ,5606.18,QII87826,TALTQHGKEDL,53,324.0
281,HLA-A02:03 ,5606.37,QII87826,TQGNFGDQELI,281,325.0
301,HLA-A02:03 ,5606.41,QII87826,PQIAQFAPSAS,301,326.0
348,HLA-A02:03 ,5606.7,QII87826,QVILLNKHIDA,348,327.0
242,HLA-A02:03 ,5606.84,QII87826,GQTVTKKSAAE,242,328.0
347,HLA-A02:03 ,5606.91,QII87826,DQVILLNKHID,347,329.0
285,HLA-A02:03 ,5607.77,QII87826,FGDQELIRQGT,285,330.0
179,HLA-A02:03 ,5608.13,QII87826,SQASSRSSSRS,179,331.0
352,HLA-A02:03 ,5608.29,QII87826,LNKHIDAYKTF,352,332.0
386,HLA-A02:03 ,5608.72,QII87826,KKQQTVTLLPA,386,333.0
217,HLA-A02:03 ,5608.95,QII87826,ALALLLLDRLN,217,334.0
287,HLA-A02:03 ,5609.62,QII87826,DQELIRQGTDY,287,335.0
346,HLA-A02:03 ,5609.74,QII87826,KDQVILLNKHI,346,336.0
234,HLA-A02:03 ,5610.15,QII87826,SGKGQQQQGQT,234,337.0
335,HLA-A02:03 ,5610.2,QII87826,AIKLDDKDPNF,335,338.0
63,HLA-A02:03 ,5610.28,QII87826,LKFPRGQGVPI,63,339.0
98,HLA-A02:03 ,5610.31,QII87826,GKMKDLSPRWY,98,340.0
107,HLA-A02:03 ,5610.46,QII87826,WYFYYLGTGPE,107,341.0
162,HLA-A02:03 ,5611.56,QII87826,QGTTLPKGFYA,162,342.0
134,HLA-A02:03 ,5612.25,QII87826,TEGALNTPKDH,134,343.0
333,HLA-A02:03 ,5612.7,QII87826,TGAIKLDDKDP,333,344.0
400,HLA-A02:03 ,5613.28,QII87826,DDFSKQLQQSM,400,345.0
187,HLA-A02:03 ,5613.49,QII87826,SRSRNSSRNST,187,346.0
275,HLA-A02:03 ,5613.78,QII87826,RRGPEQTQGNF,275,347.0
305,HLA-A02:03 ,5613.79,QII87826,QFAPSASAFFG,305,348.0
320,HLA-A02:03 ,5613.93,QII87826,GMEVTPSGTWL,320,349.0
368,HLA-A02:03 ,5614.43,QII87826,KKDKKKKADET,368,350.0
299,HLA-A02:03 ,5615.02,QII87826,HWPQIAQFAPS,299,351.0
129,HLA-A02:03 ,5615.73,QII87826,IIWVATEGALN,129,352.0
406,HLA-A02:03 ,5615.77,QII87826,LQQSMSSADST,406,353.0
260,HLA-A02:03 ,5615.85,QII87826,KRTATKAYNVT,260,354.0
254,HLA-A02:03 ,5615.99,QII87826,SKKPRQKRTAT,254,355.0
42,HLA-A02:03 ,5616.09,QII87826,QGLPNNTASWF,42,356.0
14,HLA-A02:03 ,5616.17,QII87826,ITFGGPSDSTG,14,357.0
67,HLA-A02:03 ,5616.27,QII87826,RGQGVPINTNS,67,358.0
354,HLA-A02:03 ,5616.4,QII87826,KHIDAYKTFPP,354,359.0
385,HLA-A02:03 ,5616.4,QII87826,QKKQQTVTLLP,385,359.0
65,HLA-A02:03 ,5617.8,QII87826,FPRGQGVPINT,65,361.0
38,HLA-A02:03 ,5618.1,QII87826,QRRPQGLPNNT,38,362.0
154,HLA-A02:03 ,5618.49,QII87826,AAIVLQLPQGT,154,363.0
271,HLA-A02:03 ,5618.6,QII87826,QAFGRRGPEQT,271,364.0
322,HLA-A02:03 ,5618.68,QII87826,EVTPSGTWLTY,322,365.0
155,HLA-A02:03 ,5620.58,QII87826,AIVLQLPQGTT,155,366.0
232,HLA-A02:03 ,5620.75,QII87826,KMSGKGQQQQG,232,367.0
137,HLA-A02:03 ,5621.86,QII87826,ALNTPKDHIGT,137,368.0
222,HLA-A02:03 ,5621.98,QII87826,LLDRLNQLESK,222,369.0
164,HLA-A02:03 ,5622.18,QII87826,TTLPKGFYAEG,164,370.0
236,HLA-A02:03 ,5622.26,QII87826,KGQQQQGQTVT,236,371.0
351,HLA-A02:03 ,5622.28,QII87826,LLNKHIDAYKT,351,372.0
314,HLA-A02:03 ,5622.86,QII87826,FGMSRIGMEVT,314,373.0
161,HLA-A02:03 ,5623.0,QII87826,PQGTTLPKGFY,161,374.0
5,HLA-A02:03 ,5623.06,QII87826,PQNQRNAPRIT,5,375.0
130,HLA-A02:03 ,5623.09,QII87826,IWVATEGALNT,130,376.0
80,HLA-A02:03 ,5623.95,QII87826,DDQIGYYRRAT,80,377.0
159,HLA-A02:03 ,5624.29,QII87826,QLPQGTTLPKG,159,378.0
56,HLA-A02:03 ,5625.13,QII87826,TQHGKEDLKFP,56,379.0
382,HLA-A02:03 ,5625.48,QII87826,PQRQKKQQTVT,382,380.0
101,HLA-A02:03 ,5626.13,QII87826,KDLSPRWYFYY,101,381.0
321,HLA-A02:03 ,5626.65,QII87826,MEVTPSGTWLT,321,382.0
158,HLA-A02:03 ,5626.92,QII87826,LQLPQGTTLPK,158,383.0
360,HLA-A02:03 ,5627.99,QII87826,KTFPPTEPKKD,360,384.0
112,HLA-A02:03 ,5628.52,QII87826,LGTGPEAGLPY,112,385.0
165,HLA-A02:03 ,5628.87,QII87826,TLPKGFYAEGS,165,386.0
252,HLA-A02:03 ,5629.98,QII87826,EASKKPRQKRT,252,387.0
163,HLA-A02:03 ,5630.85,QII87826,GTTLPKGFYAE,163,388.0
13,HLA-A02:03 ,5632.16,QII87826,RITFGGPSDST,13,389.0
289,HLA-A02:03 ,5632.62,QII87826,ELIRQGTDYKH,289,390.0
349,HLA-A02:03 ,5633.31,QII87826,VILLNKHIDAY,349,391.0
318,HLA-A02:03 ,5634.05,QII87826,RIGMEVTPSGT,318,392.0
100,HLA-A02:03 ,5635.52,QII87826,MKDLSPRWYFY,100,393.0
54,HLA-A02:03 ,5639.5,QII87826,ALTQHGKEDLK,54,394.0
304,HLA-A02:03 ,5642.77,QII87826,AQFAPSASAFF,304,395.0
355,HLA-A02:03 ,5642.9,QII87826,HIDAYKTFPPT,355,396.0
221,HLA-A02:03 ,5643.67,QII87826,LLLDRLNQLES,221,397.0
393,HLA-A02:03 ,5645.38,QII87826,LLPAADLDDFS,393,398.0
323,HLA-A02:03 ,5646.51,QII87826,VTPSGTWLTYT,323,399.0
111,HLA-A02:03 ,5646.85,QII87826,YLGTGPEAGLP,111,400.0
380,HLA-A02:03 ,5650.96,QII87826,ALPQRQKKQQT,380,401.0
113,HLA-A02:03 ,5656.45,QII87826,GTGPEAGLPYG,113,402.0
225,HLA-A02:03 ,5659.7,QII87826,RLNQLESKMSG,225,403.0
392,HLA-A02:03 ,5660.74,QII87826,TLLPAADLDDF,392,404.0
329,HLA-A02:03 ,5673.7,QII87826,WLTYTGAIKLD,329,405.0
157,HLA-A02:03 ,5674.9,QII87826,VLQLPQGTTLP,157,406.0
220,HLA-A02:03 ,5691.27,QII87826,LLLLDRLNQLE,220,407.0
43,HLA-A02:03 ,5742.37,QII87826,GLPNNTASWFT,43,408.0
350,HLA-A02:03 ,5815.88,QII87826,ILLNKHIDAYK,350,409.0
304,HLA-A02:06,145.56,QII87826,AQFAPSASAFF,304,1.0
313,HLA-A02:06,262.92,QII87826,FFGMSRIGMEV,313,2.0
219,HLA-A02:06,281.77,QII87826,ALLLLDRLNQL,219,3.0
221,HLA-A02:06,288.02,QII87826,LLLDRLNQLES,221,4.0
387,HLA-A02:06,492.29,QII87826,KQQTVTLLPAA,387,5.0
220,HLA-A02:06,566.78,QII87826,LLLLDRLNQLE,220,6.0
306,HLA-A02:06,579.24,QII87826,FAPSASAFFGM,306,7.0
164,HLA-A02:06,793.55,QII87826,TTLPKGFYAEG,164,8.0
131,HLA-A02:06,816.58,QII87826,WVATEGALNTP,131,9.0
163,HLA-A02:06,978.3,QII87826,GTTLPKGFYAE,163,10.0
208,HLA-A02:06,1283.2,QII87826,RMAGNGGDAAL,208,11.0
392,HLA-A02:06,1493.0,QII87826,TLLPAADLDDF,392,12.0
314,HLA-A02:06,1991.32,QII87826,FGMSRIGMEVT,314,13.0
227,HLA-A02:06,2056.47,QII87826,NQLESKMSGKG,227,14.0
165,HLA-A02:06,2844.11,QII87826,TLPKGFYAEGS,165,15.0
213,HLA-A02:06,2861.26,QII87826,GGDAALALLLL,213,16.0
122,HLA-A02:06,3166.48,QII87826,YGANKDGIIWV,122,17.0
46,HLA-A02:06,3618.78,QII87826,NNTASWFTALT,46,18.0
293,HLA-A02:06,4168.49,QII87826,QGTDYKHWPQI,293,19.0
212,HLA-A02:06,4213.36,QII87826,NGGDAALALLL,212,20.0
125,HLA-A02:06,4508.54,QII87826,NKDGIIWVATE,125,21.0
311,HLA-A02:06,4534.27,QII87826,SAFFGMSRIGM,311,22.0
216,HLA-A02:06,5189.36,QII87826,AALALLLLDRL,216,23.0
110,HLA-A02:06,5301.1,QII87826,YYLGTGPEAGL,110,24.0
285,HLA-A02:06,5431.24,QII87826,FGDQELIRQGT,285,25.0
309,HLA-A02:06,5433.58,QII87826,SASAFFGMSRI,309,26.0
222,HLA-A02:06,5447.8,QII87826,LLDRLNQLESK,222,27.0
128,HLA-A02:06,5627.68,QII87826,GIIWVATEGAL,128,28.0
389,HLA-A02:06,5833.0,QII87826,QTVTLLPAADL,389,29.0
315,HLA-A02:06,5921.41,QII87826,GMSRIGMEVTP,315,30.0
348,HLA-A02:06,6337.64,QII87826,QVILLNKHIDA,348,31.0
107,HLA-A02:06,6589.16,QII87826,WYFYYLGTGPE,107,32.0
156,HLA-A02:06,6620.59,QII87826,IVLQLPQGTTL,156,33.0
124,HLA-A02:06,6721.88,QII87826,ANKDGIIWVAT,124,34.0
45,HLA-A02:06,7016.81,QII87826,PNNTASWFTAL,45,35.0
47,HLA-A02:06,7412.73,QII87826,NTASWFTALTQ,47,36.0
302,HLA-A02:06,7645.94,QII87826,QIAQFAPSASA,302,37.0
355,HLA-A02:06,7710.25,QII87826,HIDAYKTFPPT,355,38.0
162,HLA-A02:06,7883.97,QII87826,QGTTLPKGFYA,162,39.0
106,HLA-A02:06,8288.58,QII87826,RWYFYYLGTGP,106,40.0
9,HLA-A02:06,8326.52,QII87826,RNAPRITFGGP,9,41.0
113,HLA-A02:06,8408.46,QII87826,GTGPEAGLPYG,113,42.0
127,HLA-A02:06,9064.74,QII87826,DGIIWVATEGA,127,43.0
326,HLA-A02:06,9232.95,QII87826,SGTWLTYTGAI,326,44.0
211,HLA-A02:06,9257.82,QII87826,GNGGDAALALL,211,45.0
44,HLA-A02:06,9271.44,QII87826,LPNNTASWFTA,44,46.0
337,HLA-A02:06,9296.79,QII87826,KLDDKDPNFKD,337,47.0
102,HLA-A02:06,9309.29,QII87826,DLSPRWYFYYL,102,48.0
268,HLA-A02:06,9339.82,QII87826,NVTQAFGRRGP,268,49.0
321,HLA-A02:06,9390.02,QII87826,MEVTPSGTWLT,321,50.0
393,HLA-A02:06,9429.6,QII87826,LLPAADLDDFS,393,51.0
316,HLA-A02:06,9544.4,QII87826,MSRIGMEVTPS,316,52.0
99,HLA-A02:06,9684.23,QII87826,KMKDLSPRWYF,99,53.0
312,HLA-A02:06,10252.93,QII87826,AFFGMSRIGME,312,54.0
404,HLA-A02:06,10435.01,QII87826,KQLQQSMSSAD,404,55.0
357,HLA-A02:06,10501.64,QII87826,DAYKTFPPTEP,357,56.0
303,HLA-A02:06,10526.85,QII87826,IAQFAPSASAF,303,57.0
386,HLA-A02:06,10647.98,QII87826,KKQQTVTLLPA,386,58.0
294,HLA-A02:06,10782.75,QII87826,GTDYKHWPQIA,294,59.0
209,HLA-A02:06,10835.98,QII87826,MAGNGGDAALA,209,60.0
269,HLA-A02:06,11123.17,QII87826,VTQAFGRRGPE,269,61.0
279,HLA-A02:06,11328.04,QII87826,EQTQGNFGDQE,279,62.0
108,HLA-A02:06,11446.57,QII87826,YFYYLGTGPEA,108,63.0
259,HLA-A02:06,11866.28,QII87826,QKRTATKAYNV,259,64.0
374,HLA-A02:06,11945.11,QII87826,KADETQALPQR,374,65.0
356,HLA-A02:06,12369.84,QII87826,IDAYKTFPPTE,356,66.0
158,HLA-A02:06,12397.87,QII87826,LQLPQGTTLPK,158,67.0
328,HLA-A02:06,12401.2,QII87826,TWLTYTGAIKL,328,68.0
179,HLA-A02:06,12434.04,QII87826,SQASSRSSSRS,179,69.0
323,HLA-A02:06,12714.68,QII87826,VTPSGTWLTYT,323,70.0
242,HLA-A02:06,12741.07,QII87826,GQTVTKKSAAE,242,71.0
360,HLA-A02:06,12865.62,QII87826,KTFPPTEPKKD,360,72.0
265,HLA-A02:06,12876.29,QII87826,KAYNVTQAFGR,265,73.0
111,HLA-A02:06,12920.12,QII87826,YLGTGPEAGLP,111,74.0
300,HLA-A02:06,12956.34,QII87826,WPQIAQFAPSA,300,75.0
129,HLA-A02:06,12960.38,QII87826,IIWVATEGALN,129,76.0
14,HLA-A02:06,13011.34,QII87826,ITFGGPSDSTG,14,77.0
10,HLA-A02:06,13378.35,QII87826,NAPRITFGGPS,10,78.0
154,HLA-A02:06,13423.06,QII87826,AAIVLQLPQGT,154,79.0
7,HLA-A02:06,13936.6,QII87826,NQRNAPRITFG,7,80.0
305,HLA-A02:06,14313.0,QII87826,QFAPSASAFFG,305,81.0
210,HLA-A02:06,14327.3,QII87826,AGNGGDAALAL,210,82.0
69,HLA-A02:06,14338.46,QII87826,QGVPINTNSSP,69,83.0
130,HLA-A02:06,14360.86,QII87826,IWVATEGALNT,130,84.0
280,HLA-A02:06,14586.4,QII87826,QTQGNFGDQEL,280,85.0
202,HLA-A02:06,14734.3,QII87826,RGTSPARMAGN,202,86.0
43,HLA-A02:06,14825.86,QII87826,GLPNNTASWFT,43,87.0
406,HLA-A02:06,14912.32,QII87826,LQQSMSSADST,406,88.0
37,HLA-A02:06,15071.51,QII87826,KQRRPQGLPNN,37,89.0
403,HLA-A02:06,15073.46,QII87826,SKQLQQSMSSA,403,90.0
104,HLA-A02:06,15204.55,QII87826,SPRWYFYYLGT,104,91.0
318,HLA-A02:06,15334.61,QII87826,RIGMEVTPSGT,318,92.0
299,HLA-A02:06,15443.75,QII87826,HWPQIAQFAPS,299,93.0
103,HLA-A02:06,15548.65,QII87826,LSPRWYFYYLG,103,94.0
100,HLA-A02:06,15570.88,QII87826,MKDLSPRWYFY,100,95.0
20,HLA-A02:06,16018.1,QII87826,SDSTGSNQNGE,20,96.0
243,HLA-A02:06,16132.27,QII87826,QTVTKKSAAEA,243,97.0
297,HLA-A02:06,16169.94,QII87826,YKHWPQIAQFA,297,98.0
109,HLA-A02:06,16323.62,QII87826,FYYLGTGPEAG,109,99.0
123,HLA-A02:06,16356.81,QII87826,GANKDGIIWVA,123,100.0
332,HLA-A02:06,16373.32,QII87826,YTGAIKLDDKD,332,101.0
149,HLA-A02:06,16377.52,QII87826,NPANNAAIVLQ,149,102.0
155,HLA-A02:06,16576.55,QII87826,AIVLQLPQGTT,155,103.0
218,HLA-A02:06,16582.41,QII87826,LALLLLDRLNQ,218,104.0
384,HLA-A02:06,16597.45,QII87826,RQKKQQTVTLL,384,105.0
330,HLA-A02:06,16831.28,QII87826,LTYTGAIKLDD,330,106.0
215,HLA-A02:06,16842.29,QII87826,DAALALLLLDR,215,107.0
147,HLA-A02:06,16915.13,QII87826,TRNPANNAAIV,147,108.0
292,HLA-A02:06,16954.35,QII87826,RQGTDYKHWPQ,292,109.0
281,HLA-A02:06,17068.1,QII87826,TQGNFGDQELI,281,110.0
351,HLA-A02:06,17268.59,QII87826,LLNKHIDAYKT,351,111.0
235,HLA-A02:06,17378.54,QII87826,GKGQQQQGQTV,235,112.0
137,HLA-A02:06,17403.19,QII87826,ALNTPKDHIGT,137,113.0
139,HLA-A02:06,17441.05,QII87826,NTPKDHIGTRN,139,114.0
307,HLA-A02:06,17445.34,QII87826,APSASAFFGMS,307,115.0
146,HLA-A02:06,17457.9,QII87826,GTRNPANNAAI,146,116.0
391,HLA-A02:06,17458.41,QII87826,VTLLPAADLDD,391,117.0
133,HLA-A02:06,17486.99,QII87826,ATEGALNTPKD,133,118.0
73,HLA-A02:06,17506.77,QII87826,INTNSSPDDQI,73,119.0
329,HLA-A02:06,17653.48,QII87826,WLTYTGAIKLD,329,120.0
310,HLA-A02:06,17768.76,QII87826,ASAFFGMSRIG,310,121.0
4,HLA-A02:06,17821.61,QII87826,GPQNQRNAPRI,4,122.0
203,HLA-A02:06,17849.48,QII87826,GTSPARMAGNG,203,123.0
207,HLA-A02:06,17917.53,QII87826,ARMAGNGGDAA,207,124.0
261,HLA-A02:06,18086.01,QII87826,RTATKAYNVTQ,261,125.0
295,HLA-A02:06,18422.25,QII87826,TDYKHWPQIAQ,295,126.0
320,HLA-A02:06,18489.25,QII87826,GMEVTPSGTWL,320,127.0
6,HLA-A02:06,18784.97,QII87826,QNQRNAPRITF,6,128.0
8,HLA-A02:06,18798.02,QII87826,QRNAPRITFGG,8,129.0
151,HLA-A02:06,18952.41,QII87826,ANNAAIVLQLP,151,130.0
26,HLA-A02:06,19002.31,QII87826,NQNGERSGARS,26,131.0
388,HLA-A02:06,19216.3,QII87826,QQTVTLLPAAD,388,132.0
82,HLA-A02:06,19275.88,QII87826,QIGYYRRATRR,82,133.0
266,HLA-A02:06,19315.88,QII87826,AYNVTQAFGRR,266,134.0
217,HLA-A02:06,19368.65,QII87826,ALALLLLDRLN,217,135.0
135,HLA-A02:06,19413.87,QII87826,EGALNTPKDHI,135,136.0
396,HLA-A02:06,19471.74,QII87826,AADLDDFSKQL,396,137.0
63,HLA-A02:06,19859.98,QII87826,LKFPRGQGVPI,63,138.0
51,HLA-A02:06,19940.49,QII87826,WFTALTQHGKE,51,139.0
70,HLA-A02:06,20386.08,QII87826,GVPINTNSSPD,70,140.0
264,HLA-A02:06,20395.99,QII87826,TKAYNVTQAFG,264,141.0
390,HLA-A02:06,20398.51,QII87826,TVTLLPAADLD,390,142.0
150,HLA-A02:06,20428.52,QII87826,PANNAAIVLQL,150,143.0
119,HLA-A02:06,20520.37,QII87826,GLPYGANKDGI,119,144.0
114,HLA-A02:06,20523.91,QII87826,TGPEAGLPYGA,114,145.0
48,HLA-A02:06,20817.11,QII87826,TASWFTALTQH,48,146.0
145,HLA-A02:06,21032.94,QII87826,IGTRNPANNAA,145,147.0
244,HLA-A02:06,21035.17,QII87826,TVTKKSAAEAS,244,148.0
56,HLA-A02:06,21870.73,QII87826,TQHGKEDLKFP,56,149.0
371,HLA-A02:06,21897.94,QII87826,KKKKADETQAL,371,150.0
260,HLA-A02:06,21906.46,QII87826,KRTATKAYNVT,260,151.0
138,HLA-A02:06,22044.85,QII87826,LNTPKDHIGTR,138,152.0
350,HLA-A02:06,22123.59,QII87826,ILLNKHIDAYK,350,153.0
159,HLA-A02:06,22140.96,QII87826,QLPQGTTLPKG,159,154.0
168,HLA-A02:06,22178.08,QII87826,KGFYAEGSRGG,168,155.0
325,HLA-A02:06,22477.02,QII87826,PSGTWLTYTGA,325,156.0
301,HLA-A02:06,22607.8,QII87826,PQIAQFAPSAS,301,157.0
52,HLA-A02:06,22722.12,QII87826,FTALTQHGKED,52,158.0
381,HLA-A02:06,22722.84,QII87826,LPQRQKKQQTV,381,159.0
77,HLA-A02:06,22738.68,QII87826,SSPDDQIGYYR,77,160.0
148,HLA-A02:06,22747.53,QII87826,RNPANNAAIVL,148,161.0
327,HLA-A02:06,22802.19,QII87826,GTWLTYTGAIK,327,162.0
225,HLA-A02:06,22919.45,QII87826,RLNQLESKMSG,225,163.0
58,HLA-A02:06,22950.39,QII87826,HGKEDLKFPRG,58,164.0
214,HLA-A02:06,23201.58,QII87826,GDAALALLLLD,214,165.0
166,HLA-A02:06,23271.82,QII87826,LPKGFYAEGSR,166,166.0
132,HLA-A02:06,23297.86,QII87826,VATEGALNTPK,132,167.0
408,HLA-A02:06,23322.31,QII87826,QSMSSADSTQA,408,168.0
92,HLA-A02:06,23555.56,QII87826,RIRGGDGKMKD,92,169.0
101,HLA-A02:06,23760.03,QII87826,KDLSPRWYFYY,101,170.0
153,HLA-A02:06,23854.4,QII87826,NAAIVLQLPQG,153,171.0
157,HLA-A02:06,23906.86,QII87826,VLQLPQGTTLP,157,172.0
263,HLA-A02:06,23954.68,QII87826,ATKAYNVTQAF,263,173.0
341,HLA-A02:06,24298.1,QII87826,KDPNFKDQVIL,341,174.0
322,HLA-A02:06,24304.43,QII87826,EVTPSGTWLTY,322,175.0
0,HLA-A02:06,24336.07,QII87826,MSDNGPQNQRN,0,176.0
397,HLA-A02:06,24378.17,QII87826,ADLDDFSKQLQ,397,177.0
74,HLA-A02:06,24696.68,QII87826,NTNSSPDDQIG,74,178.0
78,HLA-A02:06,24727.15,QII87826,SPDDQIGYYRR,78,179.0
13,HLA-A02:06,24866.27,QII87826,RITFGGPSDST,13,180.0
342,HLA-A02:06,25012.66,QII87826,DPNFKDQVILL,342,181.0
343,HLA-A02:06,25039.94,QII87826,PNFKDQVILLN,343,182.0
347,HLA-A02:06,25311.65,QII87826,DQVILLNKHID,347,183.0
55,HLA-A02:06,25336.09,QII87826,LTQHGKEDLKF,55,184.0
262,HLA-A02:06,25630.38,QII87826,TATKAYNVTQA,262,185.0
298,HLA-A02:06,25782.93,QII87826,KHWPQIAQFAP,298,186.0
407,HLA-A02:06,25848.4,QII87826,QQSMSSADSTQ,407,187.0
349,HLA-A02:06,25896.76,QII87826,VILLNKHIDAY,349,188.0
85,HLA-A02:06,25917.45,QII87826,YYRRATRRIRG,85,189.0
270,HLA-A02:06,26056.65,QII87826,TQAFGRRGPEQ,270,190.0
83,HLA-A02:06,26113.12,QII87826,IGYYRRATRRI,83,191.0
11,HLA-A02:06,26442.14,QII87826,APRITFGGPSD,11,192.0
126,HLA-A02:06,26442.41,QII87826,KDGIIWVATEG,126,193.0
354,HLA-A02:06,26480.93,QII87826,KHIDAYKTFPP,354,194.0
152,HLA-A02:06,26568.75,QII87826,NNAAIVLQLPQ,152,195.0
42,HLA-A02:06,26597.78,QII87826,QGLPNNTASWF,42,196.0
117,HLA-A02:06,26648.74,QII87826,EAGLPYGANKD,117,197.0
181,HLA-A02:06,26929.11,QII87826,ASSRSSSRSRN,181,198.0
64,HLA-A02:06,27151.24,QII87826,KFPRGQGVPIN,64,199.0
308,HLA-A02:06,27178.3,QII87826,PSASAFFGMSR,308,200.0
22,HLA-A02:06,27296.33,QII87826,STGSNQNGERS,22,201.0
372,HLA-A02:06,27313.08,QII87826,KKKADETQALP,372,202.0
267,HLA-A02:06,27364.26,QII87826,YNVTQAFGRRG,267,203.0
65,HLA-A02:06,27423.52,QII87826,FPRGQGVPINT,65,204.0
49,HLA-A02:06,27429.73,QII87826,ASWFTALTQHG,49,205.0
283,HLA-A02:06,27489.47,QII87826,GNFGDQELIRQ,283,206.0
378,HLA-A02:06,27638.52,QII87826,TQALPQRQKKQ,378,207.0
405,HLA-A02:06,27700.16,QII87826,QLQQSMSSADS,405,208.0
334,HLA-A02:06,27833.68,QII87826,GAIKLDDKDPN,334,209.0
258,HLA-A02:06,27854.05,QII87826,RQKRTATKAYN,258,210.0
231,HLA-A02:06,27929.01,QII87826,SKMSGKGQQQQ,231,211.0
402,HLA-A02:06,27971.44,QII87826,FSKQLQQSMSS,402,212.0
136,HLA-A02:06,28078.76,QII87826,GALNTPKDHIG,136,213.0
196,HLA-A02:06,28146.03,QII87826,STPGSSRGTSP,196,214.0
68,HLA-A02:06,28176.93,QII87826,GQGVPINTNSS,68,215.0
31,HLA-A02:06,28217.92,QII87826,RSGARSKQRRP,31,216.0
277,HLA-A02:06,28250.8,QII87826,GPEQTQGNFGD,277,217.0
398,HLA-A02:06,28337.62,QII87826,DLDDFSKQLQQ,398,218.0
61,HLA-A02:06,28412.46,QII87826,EDLKFPRGQGV,61,219.0
239,HLA-A02:06,28435.59,QII87826,QQQGQTVTKKS,239,220.0
345,HLA-A02:06,28462.78,QII87826,FKDQVILLNKH,345,221.0
346,HLA-A02:06,28536.01,QII87826,KDQVILLNKHI,346,222.0
144,HLA-A02:06,28577.76,QII87826,HIGTRNPANNA,144,223.0
53,HLA-A02:06,28614.44,QII87826,TALTQHGKEDL,53,224.0
141,HLA-A02:06,28635.52,QII87826,PKDHIGTRNPA,141,225.0
204,HLA-A02:06,28752.39,QII87826,TSPARMAGNGG,204,226.0
112,HLA-A02:06,28756.17,QII87826,LGTGPEAGLPY,112,227.0
249,HLA-A02:06,28919.62,QII87826,SAAEASKKPRQ,249,228.0
16,HLA-A02:06,28952.95,QII87826,FGGPSDSTGSN,16,229.0
248,HLA-A02:06,29043.79,QII87826,KSAAEASKKPR,248,230.0
373,HLA-A02:06,29239.39,QII87826,KKADETQALPQ,373,231.0
182,HLA-A02:06,29302.0,QII87826,SSRSSSRSRNS,182,232.0
358,HLA-A02:06,29395.05,QII87826,AYKTFPPTEPK,358,233.0
290,HLA-A02:06,29424.76,QII87826,LIRQGTDYKHW,290,234.0
170,HLA-A02:06,29429.13,QII87826,FYAEGSRGGSQ,170,235.0
383,HLA-A02:06,29443.32,QII87826,QRQKKQQTVTL,383,236.0
335,HLA-A02:06,29475.0,QII87826,AIKLDDKDPNF,335,237.0
21,HLA-A02:06,29476.54,QII87826,DSTGSNQNGER,21,238.0
226,HLA-A02:06,29482.28,QII87826,LNQLESKMSGK,226,239.0
282,HLA-A02:06,29502.63,QII87826,QGNFGDQELIR,282,240.0
169,HLA-A02:06,29528.89,QII87826,GFYAEGSRGGS,169,241.0
201,HLA-A02:06,29562.66,QII87826,SRGTSPARMAG,201,242.0
142,HLA-A02:06,29637.24,QII87826,KDHIGTRNPAN,142,243.0
171,HLA-A02:06,29829.1,QII87826,YAEGSRGGSQA,171,244.0
185,HLA-A02:06,29876.43,QII87826,SSSRSRNSSRN,185,245.0
368,HLA-A02:06,29889.19,QII87826,KKDKKKKADET,368,246.0
115,HLA-A02:06,30120.85,QII87826,GPEAGLPYGAN,115,247.0
180,HLA-A02:06,30152.81,QII87826,QASSRSSSRSR,180,248.0
57,HLA-A02:06,30244.36,QII87826,QHGKEDLKFPR,57,249.0
199,HLA-A02:06,30264.27,QII87826,GSSRGTSPARM,199,250.0
399,HLA-A02:06,30334.7,QII87826,LDDFSKQLQQS,399,251.0
36,HLA-A02:06,30335.97,QII87826,SKQRRPQGLPN,36,252.0
30,HLA-A02:06,30397.72,QII87826,ERSGARSKQRR,30,253.0
188,HLA-A02:06,30420.62,QII87826,RSRNSSRNSTP,188,254.0
93,HLA-A02:06,30458.28,QII87826,IRGGDGKMKDL,93,255.0
67,HLA-A02:06,30486.96,QII87826,RGQGVPINTNS,67,256.0
333,HLA-A02:06,30556.0,QII87826,TGAIKLDDKDP,333,257.0
271,HLA-A02:06,30587.15,QII87826,QAFGRRGPEQT,271,258.0
197,HLA-A02:06,30692.17,QII87826,TPGSSRGTSPA,197,259.0
96,HLA-A02:06,30702.92,QII87826,GDGKMKDLSPR,96,260.0
272,HLA-A02:06,30729.65,QII87826,AFGRRGPEQTQ,272,261.0
118,HLA-A02:06,30777.76,QII87826,AGLPYGANKDG,118,262.0
317,HLA-A02:06,30791.56,QII87826,SRIGMEVTPSG,317,263.0
276,HLA-A02:06,30836.2,QII87826,RGPEQTQGNFG,276,264.0
395,HLA-A02:06,30838.26,QII87826,PAADLDDFSKQ,395,265.0
223,HLA-A02:06,30906.35,QII87826,LDRLNQLESKM,223,266.0
233,HLA-A02:06,30909.57,QII87826,MSGKGQQQQGQ,233,267.0
232,HLA-A02:06,30953.2,QII87826,KMSGKGQQQQG,232,268.0
324,HLA-A02:06,31009.49,QII87826,TPSGTWLTYTG,324,269.0
240,HLA-A02:06,31014.88,QII87826,QQGQTVTKKSA,240,270.0
2,HLA-A02:06,31034.42,QII87826,DNGPQNQRNAP,2,271.0
186,HLA-A02:06,31281.93,QII87826,SSRSRNSSRNS,186,272.0
375,HLA-A02:06,31317.25,QII87826,ADETQALPQRQ,375,273.0
15,HLA-A02:06,31369.58,QII87826,TFGGPSDSTGS,15,274.0
105,HLA-A02:06,31371.57,QII87826,PRWYFYYLGTG,105,275.0
198,HLA-A02:06,31582.1,QII87826,PGSSRGTSPAR,198,276.0
95,HLA-A02:06,31603.36,QII87826,GGDGKMKDLSP,95,277.0
172,HLA-A02:06,31685.48,QII87826,AEGSRGGSQAS,172,278.0
66,HLA-A02:06,31695.53,QII87826,PRGQGVPINTN,66,279.0
291,HLA-A02:06,31767.11,QII87826,IRQGTDYKHWP,291,280.0
76,HLA-A02:06,31786.59,QII87826,NSSPDDQIGYY,76,281.0
81,HLA-A02:06,31819.9,QII87826,DQIGYYRRATR,81,282.0
241,HLA-A02:06,31899.72,QII87826,QGQTVTKKSAA,241,283.0
247,HLA-A02:06,31972.08,QII87826,KKSAAEASKKP,247,284.0
98,HLA-A02:06,32018.29,QII87826,GKMKDLSPRWY,98,285.0
296,HLA-A02:06,32076.38,QII87826,DYKHWPQIAQF,296,286.0
286,HLA-A02:06,32117.97,QII87826,GDQELIRQGTD,286,287.0
344,HLA-A02:06,32128.26,QII87826,NFKDQVILLNK,344,288.0
3,HLA-A02:06,32171.82,QII87826,NGPQNQRNAPR,3,289.0
84,HLA-A02:06,32180.34,QII87826,GYYRRATRRIR,84,290.0
94,HLA-A02:06,32205.0,QII87826,RGGDGKMKDLS,94,291.0
90,HLA-A02:06,32234.72,QII87826,TRRIRGGDGKM,90,292.0
143,HLA-A02:06,32323.11,QII87826,DHIGTRNPANN,143,293.0
167,HLA-A02:06,32408.12,QII87826,PKGFYAEGSRG,167,294.0
336,HLA-A02:06,32484.06,QII87826,IKLDDKDPNFK,336,295.0
289,HLA-A02:06,32532.67,QII87826,ELIRQGTDYKH,289,296.0
367,HLA-A02:06,32675.22,QII87826,PKKDKKKKADE,367,297.0
400,HLA-A02:06,32693.2,QII87826,DDFSKQLQQSM,400,298.0
385,HLA-A02:06,32780.69,QII87826,QKKQQTVTLLP,385,299.0
25,HLA-A02:06,32845.47,QII87826,SNQNGERSGAR,25,300.0
228,HLA-A02:06,33021.4,QII87826,QLESKMSGKGQ,228,301.0
284,HLA-A02:06,33106.82,QII87826,NFGDQELIRQG,284,302.0
353,HLA-A02:06,33141.4,QII87826,NKHIDAYKTFP,353,303.0
359,HLA-A02:06,33198.12,QII87826,YKTFPPTEPKK,359,304.0
54,HLA-A02:06,33281.19,QII87826,ALTQHGKEDLK,54,305.0
236,HLA-A02:06,33358.98,QII87826,KGQQQQGQTVT,236,306.0
173,HLA-A02:06,33410.15,QII87826,EGSRGGSQASS,173,307.0
183,HLA-A02:06,33747.0,QII87826,SRSSSRSRNSS,183,308.0
245,HLA-A02:06,33871.43,QII87826,VTKKSAAEASK,245,309.0
140,HLA-A02:06,33896.71,QII87826,TPKDHIGTRNP,140,310.0
184,HLA-A02:06,33973.15,QII87826,RSSSRSRNSSR,184,311.0
120,HLA-A02:06,34025.49,QII87826,LPYGANKDGII,120,312.0
237,HLA-A02:06,34036.19,QII87826,GQQQQGQTVTK,237,313.0
174,HLA-A02:06,34105.93,QII87826,GSRGGSQASSR,174,314.0
224,HLA-A02:06,34181.1,QII87826,DRLNQLESKMS,224,315.0
189,HLA-A02:06,34344.38,QII87826,SRNSSRNSTPG,189,316.0
339,HLA-A02:06,34413.27,QII87826,DDKDPNFKDQV,339,317.0
62,HLA-A02:06,34420.74,QII87826,DLKFPRGQGVP,62,318.0
32,HLA-A02:06,34563.37,QII87826,SGARSKQRRPQ,32,319.0
401,HLA-A02:06,34564.73,QII87826,DFSKQLQQSMS,401,320.0
24,HLA-A02:06,34585.92,QII87826,GSNQNGERSGA,24,321.0
178,HLA-A02:06,34589.68,QII87826,GSQASSRSSSR,178,322.0
75,HLA-A02:06,34609.36,QII87826,TNSSPDDQIGY,75,323.0
238,HLA-A02:06,34612.79,QII87826,QQQQGQTVTKK,238,324.0
71,HLA-A02:06,34623.81,QII87826,VPINTNSSPDD,71,325.0
200,HLA-A02:06,34689.89,QII87826,SSRGTSPARMA,200,326.0
59,HLA-A02:06,34867.72,QII87826,GKEDLKFPRGQ,59,327.0
331,HLA-A02:06,34955.93,QII87826,TYTGAIKLDDK,331,328.0
369,HLA-A02:06,34959.05,QII87826,KDKKKKADETQ,369,329.0
160,HLA-A02:06,34973.21,QII87826,LPQGTTLPKGF,160,330.0
394,HLA-A02:06,34995.75,QII87826,LPAADLDDFSK,394,331.0
79,HLA-A02:06,35021.41,QII87826,PDDQIGYYRRA,79,332.0
89,HLA-A02:06,35083.39,QII87826,ATRRIRGGDGK,89,333.0
278,HLA-A02:06,35103.64,QII87826,PEQTQGNFGDQ,278,334.0
50,HLA-A02:06,35110.92,QII87826,SWFTALTQHGK,50,335.0
134,HLA-A02:06,35218.03,QII87826,TEGALNTPKDH,134,336.0
87,HLA-A02:06,35280.05,QII87826,RRATRRIRGGD,87,337.0
340,HLA-A02:06,35339.39,QII87826,DKDPNFKDQVI,340,338.0
39,HLA-A02:06,35440.21,QII87826,RRPQGLPNNTA,39,339.0
195,HLA-A02:06,35478.59,QII87826,NSTPGSSRGTS,195,340.0
352,HLA-A02:06,35500.18,QII87826,LNKHIDAYKTF,352,341.0
274,HLA-A02:06,35600.87,QII87826,GRRGPEQTQGN,274,342.0
97,HLA-A02:06,35772.15,QII87826,DGKMKDLSPRW,97,343.0
60,HLA-A02:06,35802.24,QII87826,KEDLKFPRGQG,60,344.0
251,HLA-A02:06,35866.37,QII87826,AEASKKPRQKR,251,345.0
12,HLA-A02:06,35912.56,QII87826,PRITFGGPSDS,12,346.0
288,HLA-A02:06,35971.27,QII87826,QELIRQGTDYK,288,347.0
23,HLA-A02:06,35977.28,QII87826,TGSNQNGERSG,23,348.0
187,HLA-A02:06,35979.67,QII87826,SRSRNSSRNST,187,349.0
34,HLA-A02:06,36123.98,QII87826,ARSKQRRPQGL,34,350.0
287,HLA-A02:06,36130.03,QII87826,DQELIRQGTDY,287,351.0
194,HLA-A02:06,36196.72,QII87826,RNSTPGSSRGT,194,352.0
17,HLA-A02:06,36237.0,QII87826,GGPSDSTGSNQ,17,353.0
192,HLA-A02:06,36246.99,QII87826,SSRNSTPGSSR,192,354.0
29,HLA-A02:06,36270.85,QII87826,GERSGARSKQR,29,355.0
370,HLA-A02:06,36330.98,QII87826,DKKKKADETQA,370,356.0
40,HLA-A02:06,36407.81,QII87826,RPQGLPNNTAS,40,357.0
205,HLA-A02:06,36431.44,QII87826,SPARMAGNGGD,205,358.0
18,HLA-A02:06,36448.83,QII87826,GPSDSTGSNQN,18,359.0
38,HLA-A02:06,36565.47,QII87826,QRRPQGLPNNT,38,360.0
190,HLA-A02:06,36680.47,QII87826,RNSSRNSTPGS,190,361.0
206,HLA-A02:06,36720.06,QII87826,PARMAGNGGDA,206,362.0
27,HLA-A02:06,36820.69,QII87826,QNGERSGARSK,27,363.0
177,HLA-A02:06,36864.32,QII87826,GGSQASSRSSS,177,364.0
161,HLA-A02:06,36917.72,QII87826,PQGTTLPKGFY,161,365.0
338,HLA-A02:06,36930.28,QII87826,LDDKDPNFKDQ,338,366.0
379,HLA-A02:06,36952.53,QII87826,QALPQRQKKQQ,379,367.0
176,HLA-A02:06,37021.63,QII87826,RGGSQASSRSS,176,368.0
86,HLA-A02:06,37337.52,QII87826,YRRATRRIRGG,86,369.0
116,HLA-A02:06,37396.95,QII87826,PEAGLPYGANK,116,370.0
33,HLA-A02:06,37552.89,QII87826,GARSKQRRPQG,33,371.0
175,HLA-A02:06,37580.13,QII87826,SRGGSQASSRS,175,372.0
380,HLA-A02:06,37610.42,QII87826,ALPQRQKKQQT,380,373.0
80,HLA-A02:06,37654.63,QII87826,DDQIGYYRRAT,80,374.0
88,HLA-A02:06,37667.36,QII87826,RATRRIRGGDG,88,375.0
72,HLA-A02:06,37681.67,QII87826,PINTNSSPDDQ,72,376.0
35,HLA-A02:06,37855.07,QII87826,RSKQRRPQGLP,35,377.0
28,HLA-A02:06,37863.96,QII87826,NGERSGARSKQ,28,378.0
275,HLA-A02:06,37889.16,QII87826,RRGPEQTQGNF,275,379.0
377,HLA-A02:06,37894.06,QII87826,ETQALPQRQKK,377,380.0
1,HLA-A02:06,38107.46,QII87826,SDNGPQNQRNA,1,381.0
5,HLA-A02:06,38122.42,QII87826,PQNQRNAPRIT,5,382.0
319,HLA-A02:06,38138.93,QII87826,IGMEVTPSGTW,319,383.0
191,HLA-A02:06,38153.05,QII87826,NSSRNSTPGSS,191,384.0
193,HLA-A02:06,38423.55,QII87826,SRNSTPGSSRG,193,385.0
257,HLA-A02:06,38547.07,QII87826,PRQKRTATKAY,257,386.0
256,HLA-A02:06,38557.42,QII87826,KPRQKRTATKA,256,387.0
376,HLA-A02:06,38575.77,QII87826,DETQALPQRQK,376,388.0
252,HLA-A02:06,38625.28,QII87826,EASKKPRQKRT,252,389.0
254,HLA-A02:06,38698.25,QII87826,SKKPRQKRTAT,254,390.0
366,HLA-A02:06,38702.94,QII87826,EPKKDKKKKAD,366,391.0
253,HLA-A02:06,38707.5,QII87826,ASKKPRQKRTA,253,392.0
230,HLA-A02:06,38733.13,QII87826,ESKMSGKGQQQ,230,393.0
250,HLA-A02:06,38757.76,QII87826,AAEASKKPRQK,250,394.0
273,HLA-A02:06,38838.45,QII87826,FGRRGPEQTQG,273,395.0
246,HLA-A02:06,38876.65,QII87826,TKKSAAEASKK,246,396.0
362,HLA-A02:06,39372.58,QII87826,FPPTEPKKDKK,362,397.0
364,HLA-A02:06,39455.55,QII87826,PTEPKKDKKKK,364,398.0
363,HLA-A02:06,39521.92,QII87826,PPTEPKKDKKK,363,399.0
234,HLA-A02:06,39529.9,QII87826,SGKGQQQQGQT,234,400.0
365,HLA-A02:06,39590.34,QII87826,TEPKKDKKKKA,365,401.0
382,HLA-A02:06,39814.34,QII87826,PQRQKKQQTVT,382,402.0
229,HLA-A02:06,39843.57,QII87826,LESKMSGKGQQ,229,403.0
361,HLA-A02:06,39882.46,QII87826,TFPPTEPKKDK,361,404.0
121,HLA-A02:06,39928.42,QII87826,PYGANKDGIIW,121,405.0
91,HLA-A02:06,39984.92,QII87826,RRIRGGDGKMK,91,406.0
19,HLA-A02:06,40285.27,QII87826,PSDSTGSNQNG,19,407.0
255,HLA-A02:06,40541.6,QII87826,KKPRQKRTATK,255,408.0
41,HLA-A02:06,40797.72,QII87826,PQGLPNNTASW,41,409.0
102,HLA-A68:02,2465.48,QII87826,DLSPRWYFYYL,102,1.0
389,HLA-A68:02,3704.48,QII87826,QTVTLLPAADL,389,2.0
322,HLA-A68:02,4866.77,QII87826,EVTPSGTWLTY,322,3.0
47,HLA-A68:02,4877.63,QII87826,NTASWFTALTQ,47,4.0
309,HLA-A68:02,4932.39,QII87826,SASAFFGMSRI,309,5.0
46,HLA-A68:02,5014.73,QII87826,NNTASWFTALT,46,6.0
360,HLA-A68:02,5089.12,QII87826,KTFPPTEPKKD,360,7.0
302,HLA-A68:02,5226.16,QII87826,QIAQFAPSASA,302,8.0
280,HLA-A68:02,5245.89,QII87826,QTQGNFGDQEL,280,9.0
332,HLA-A68:02,5279.11,QII87826,YTGAIKLDDKD,332,10.0
216,HLA-A68:02,5343.39,QII87826,AALALLLLDRL,216,11.0
122,HLA-A68:02,5396.24,QII87826,YGANKDGIIWV,122,12.0
313,HLA-A68:02,5402.11,QII87826,FFGMSRIGMEV,313,13.0
348,HLA-A68:02,5402.19,QII87826,QVILLNKHIDA,348,14.0
377,HLA-A68:02,5459.14,QII87826,ETQALPQRQKK,377,15.0
306,HLA-A68:02,5470.8,QII87826,FAPSASAFFGM,306,16.0
328,HLA-A68:02,5475.61,QII87826,TWLTYTGAIKL,328,17.0
61,HLA-A68:02,5476.04,QII87826,EDLKFPRGQGV,61,18.0
326,HLA-A68:02,5478.06,QII87826,SGTWLTYTGAI,326,19.0
84,HLA-A68:02,5486.7,QII87826,GYYRRATRRIR,84,20.0
390,HLA-A68:02,5490.05,QII87826,TVTLLPAADLD,390,21.0
52,HLA-A68:02,5490.6,QII87826,FTALTQHGKED,52,22.0
117,HLA-A68:02,5498.03,QII87826,EAGLPYGANKD,117,23.0
135,HLA-A68:02,5499.88,QII87826,EGALNTPKDHI,135,24.0
243,HLA-A68:02,5510.22,QII87826,QTVTKKSAAEA,243,25.0
282,HLA-A68:02,5519.0,QII87826,QGNFGDQELIR,282,26.0
311,HLA-A68:02,5526.62,QII87826,SAFFGMSRIGM,311,27.0
262,HLA-A68:02,5526.78,QII87826,TATKAYNVTQA,262,28.0
83,HLA-A68:02,5562.57,QII87826,IGYYRRATRRI,83,29.0
293,HLA-A68:02,5565.97,QII87826,QGTDYKHWPQI,293,30.0
131,HLA-A68:02,5577.14,QII87826,WVATEGALNTP,131,31.0
327,HLA-A68:02,5584.9,QII87826,GTWLTYTGAIK,327,32.0
342,HLA-A68:02,5588.31,QII87826,DPNFKDQVILL,342,33.0
263,HLA-A68:02,5595.52,QII87826,ATKAYNVTQAF,263,34.0
104,HLA-A68:02,5602.57,QII87826,SPRWYFYYLGT,104,35.0
259,HLA-A68:02,5603.22,QII87826,QKRTATKAYNV,259,36.0
29,HLA-A68:02,5608.35,QII87826,GERSGARSKQR,29,37.0
128,HLA-A68:02,5609.03,QII87826,GIIWVATEGAL,128,38.0
127,HLA-A68:02,5610.26,QII87826,DGIIWVATEGA,127,39.0
357,HLA-A68:02,5612.09,QII87826,DAYKTFPPTEP,357,40.0
150,HLA-A68:02,5612.94,QII87826,PANNAAIVLQL,150,41.0
139,HLA-A68:02,5618.95,QII87826,NTPKDHIGTRN,139,42.0
268,HLA-A68:02,5626.2,QII87826,NVTQAFGRRGP,268,43.0
14,HLA-A68:02,5632.78,QII87826,ITFGGPSDSTG,14,44.0
10,HLA-A68:02,5633.14,QII87826,NAPRITFGGPS,10,45.0
77,HLA-A68:02,5634.02,QII87826,SSPDDQIGYYR,77,46.0
296,HLA-A68:02,5635.64,QII87826,DYKHWPQIAQF,296,47.0
244,HLA-A68:02,5637.12,QII87826,TVTKKSAAEAS,244,48.0
74,HLA-A68:02,5638.87,QII87826,NTNSSPDDQIG,74,49.0
166,HLA-A68:02,5638.89,QII87826,LPKGFYAEGSR,166,50.0
147,HLA-A68:02,5641.11,QII87826,TRNPANNAAIV,147,51.0
129,HLA-A68:02,5643.2,QII87826,IIWVATEGALN,129,52.0
266,HLA-A68:02,5643.21,QII87826,AYNVTQAFGRR,266,53.0
344,HLA-A68:02,5651.92,QII87826,NFKDQVILLNK,344,54.0
400,HLA-A68:02,5652.13,QII87826,DDFSKQLQQSM,400,55.0
310,HLA-A68:02,5653.01,QII87826,ASAFFGMSRIG,310,56.0
148,HLA-A68:02,5656.29,QII87826,RNPANNAAIVL,148,57.0
103,HLA-A68:02,5657.22,QII87826,LSPRWYFYYLG,103,58.0
30,HLA-A68:02,5658.5,QII87826,ERSGARSKQRR,30,59.0
156,HLA-A68:02,5662.45,QII87826,IVLQLPQGTTL,156,60.0
69,HLA-A68:02,5665.01,QII87826,QGVPINTNSSP,69,61.0
246,HLA-A68:02,5669.22,QII87826,TKKSAAEASKK,246,62.0
374,HLA-A68:02,5672.89,QII87826,KADETQALPQR,374,63.0
138,HLA-A68:02,5672.93,QII87826,LNTPKDHIGTR,138,64.0
198,HLA-A68:02,5673.19,QII87826,PGSSRGTSPAR,198,65.0
110,HLA-A68:02,5674.35,QII87826,YYLGTGPEAGL,110,66.0
96,HLA-A68:02,5676.52,QII87826,GDGKMKDLSPR,96,67.0
76,HLA-A68:02,5680.16,QII87826,NSSPDDQIGYY,76,68.0
21,HLA-A68:02,5681.45,QII87826,DSTGSNQNGER,21,69.0
45,HLA-A68:02,5684.04,QII87826,PNNTASWFTAL,45,70.0
81,HLA-A68:02,5684.06,QII87826,DQIGYYRRATR,81,71.0
48,HLA-A68:02,5684.11,QII87826,TASWFTALTQH,48,72.0
124,HLA-A68:02,5684.53,QII87826,ANKDGIIWVAT,124,73.0
358,HLA-A68:02,5685.52,QII87826,AYKTFPPTEPK,358,74.0
78,HLA-A68:02,5685.98,QII87826,SPDDQIGYYRR,78,75.0
252,HLA-A68:02,5687.69,QII87826,EASKKPRQKRT,252,76.0
0,HLA-A68:02,5688.94,QII87826,MSDNGPQNQRN,0,77.0
359,HLA-A68:02,5689.64,QII87826,YKTFPPTEPKK,359,78.0
212,HLA-A68:02,5694.46,QII87826,NGGDAALALLL,212,79.0
116,HLA-A68:02,5694.64,QII87826,PEAGLPYGANK,116,80.0
308,HLA-A68:02,5695.79,QII87826,PSASAFFGMSR,308,81.0
192,HLA-A68:02,5696.36,QII87826,SSRNSTPGSSR,192,82.0
180,HLA-A68:02,5697.33,QII87826,QASSRSSSRSR,180,83.0
25,HLA-A68:02,5698.2,QII87826,SNQNGERSGAR,25,84.0
251,HLA-A68:02,5699.7,QII87826,AEASKKPRQKR,251,85.0
215,HLA-A68:02,5700.4,QII87826,DAALALLLLDR,215,86.0
323,HLA-A68:02,5701.22,QII87826,VTPSGTWLTYT,323,87.0
355,HLA-A68:02,5702.36,QII87826,HIDAYKTFPPT,355,88.0
314,HLA-A68:02,5705.15,QII87826,FGMSRIGMEVT,314,89.0
321,HLA-A68:02,5705.16,QII87826,MEVTPSGTWLT,321,90.0
178,HLA-A68:02,5705.48,QII87826,GSQASSRSSSR,178,91.0
339,HLA-A68:02,5706.29,QII87826,DDKDPNFKDQV,339,92.0
265,HLA-A68:02,5707.76,QII87826,KAYNVTQAFGR,265,93.0
181,HLA-A68:02,5709.11,QII87826,ASSRSSSRSRN,181,94.0
381,HLA-A68:02,5709.2,QII87826,LPQRQKKQQTV,381,95.0
329,HLA-A68:02,5709.78,QII87826,WLTYTGAIKLD,329,96.0
271,HLA-A68:02,5709.9,QII87826,QAFGRRGPEQT,271,97.0
408,HLA-A68:02,5709.94,QII87826,QSMSSADSTQA,408,98.0
165,HLA-A68:02,5710.96,QII87826,TLPKGFYAEGS,165,99.0
57,HLA-A68:02,5711.75,QII87826,QHGKEDLKFPR,57,100.0
237,HLA-A68:02,5714.13,QII87826,GQQQQGQTVTK,237,101.0
184,HLA-A68:02,5715.53,QII87826,RSSSRSRNSSR,184,102.0
146,HLA-A68:02,5716.86,QII87826,GTRNPANNAAI,146,103.0
158,HLA-A68:02,5717.61,QII87826,LQLPQGTTLPK,158,104.0
347,HLA-A68:02,5718.67,QII87826,DQVILLNKHID,347,105.0
195,HLA-A68:02,5721.0,QII87826,NSTPGSSRGTS,195,106.0
289,HLA-A68:02,5721.54,QII87826,ELIRQGTDYKH,289,107.0
304,HLA-A68:02,5721.85,QII87826,AQFAPSASAFF,304,108.0
185,HLA-A68:02,5722.19,QII87826,SSSRSRNSSRN,185,109.0
297,HLA-A68:02,5722.87,QII87826,YKHWPQIAQFA,297,110.0
364,HLA-A68:02,5722.93,QII87826,PTEPKKDKKKK,364,111.0
174,HLA-A68:02,5723.87,QII87826,GSRGGSQASSR,174,112.0
363,HLA-A68:02,5724.16,QII87826,PPTEPKKDKKK,363,113.0
107,HLA-A68:02,5724.41,QII87826,WYFYYLGTGPE,107,114.0
343,HLA-A68:02,5724.56,QII87826,PNFKDQVILLN,343,115.0
248,HLA-A68:02,5724.88,QII87826,KSAAEASKKPR,248,116.0
151,HLA-A68:02,5725.09,QII87826,ANNAAIVLQLP,151,117.0
153,HLA-A68:02,5725.29,QII87826,NAAIVLQLPQG,153,118.0
4,HLA-A68:02,5726.21,QII87826,GPQNQRNAPRI,4,119.0
3,HLA-A68:02,5729.32,QII87826,NGPQNQRNAPR,3,120.0
316,HLA-A68:02,5729.6,QII87826,MSRIGMEVTPS,316,121.0
43,HLA-A68:02,5729.74,QII87826,GLPNNTASWFT,43,122.0
65,HLA-A68:02,5729.91,QII87826,FPRGQGVPINT,65,123.0
132,HLA-A68:02,5730.69,QII87826,VATEGALNTPK,132,124.0
105,HLA-A68:02,5731.0,QII87826,PRWYFYYLGTG,105,125.0
336,HLA-A68:02,5733.4,QII87826,IKLDDKDPNFK,336,126.0
341,HLA-A68:02,5734.3,QII87826,KDPNFKDQVIL,341,127.0
42,HLA-A68:02,5734.83,QII87826,QGLPNNTASWF,42,128.0
108,HLA-A68:02,5736.54,QII87826,YFYYLGTGPEA,108,129.0
99,HLA-A68:02,5737.97,QII87826,KMKDLSPRWYF,99,130.0
303,HLA-A68:02,5737.99,QII87826,IAQFAPSASAF,303,131.0
63,HLA-A68:02,5738.06,QII87826,LKFPRGQGVPI,63,132.0
238,HLA-A68:02,5738.1,QII87826,QQQQGQTVTKK,238,133.0
163,HLA-A68:02,5738.94,QII87826,GTTLPKGFYAE,163,134.0
9,HLA-A68:02,5739.16,QII87826,RNAPRITFGGP,9,135.0
362,HLA-A68:02,5739.56,QII87826,FPPTEPKKDKK,362,136.0
260,HLA-A68:02,5739.87,QII87826,KRTATKAYNVT,260,137.0
82,HLA-A68:02,5740.96,QII87826,QIGYYRRATRR,82,138.0
70,HLA-A68:02,5741.85,QII87826,GVPINTNSSPD,70,139.0
226,HLA-A68:02,5742.88,QII87826,LNQLESKMSGK,226,140.0
396,HLA-A68:02,5743.12,QII87826,AADLDDFSKQL,396,141.0
222,HLA-A68:02,5743.38,QII87826,LLDRLNQLESK,222,142.0
50,HLA-A68:02,5743.95,QII87826,SWFTALTQHGK,50,143.0
149,HLA-A68:02,5744.29,QII87826,NPANNAAIVLQ,149,144.0
162,HLA-A68:02,5744.89,QII87826,QGTTLPKGFYA,162,145.0
305,HLA-A68:02,5745.05,QII87826,QFAPSASAFFG,305,146.0
330,HLA-A68:02,5747.06,QII87826,LTYTGAIKLDD,330,147.0
73,HLA-A68:02,5748.13,QII87826,INTNSSPDDQI,73,148.0
299,HLA-A68:02,5749.19,QII87826,HWPQIAQFAPS,299,149.0
255,HLA-A68:02,5749.75,QII87826,KKPRQKRTATK,255,150.0
250,HLA-A68:02,5750.98,QII87826,AAEASKKPRQK,250,151.0
100,HLA-A68:02,5751.31,QII87826,MKDLSPRWYFY,100,152.0
261,HLA-A68:02,5751.38,QII87826,RTATKAYNVTQ,261,153.0
44,HLA-A68:02,5751.4,QII87826,LPNNTASWFTA,44,154.0
191,HLA-A68:02,5752.01,QII87826,NSSRNSTPGSS,191,155.0
66,HLA-A68:02,5752.23,QII87826,PRGQGVPINTN,66,156.0
31,HLA-A68:02,5752.53,QII87826,RSGARSKQRRP,31,157.0
307,HLA-A68:02,5753.09,QII87826,APSASAFFGMS,307,158.0
288,HLA-A68:02,5756.44,QII87826,QELIRQGTDYK,288,159.0
106,HLA-A68:02,5756.94,QII87826,RWYFYYLGTGP,106,160.0
219,HLA-A68:02,5758.24,QII87826,ALLLLDRLNQL,219,161.0
247,HLA-A68:02,5758.75,QII87826,KKSAAEASKKP,247,162.0
213,HLA-A68:02,5759.54,QII87826,GGDAALALLLL,213,163.0
376,HLA-A68:02,5759.89,QII87826,DETQALPQRQK,376,164.0
109,HLA-A68:02,5761.17,QII87826,FYYLGTGPEAG,109,165.0
245,HLA-A68:02,5761.34,QII87826,VTKKSAAEASK,245,166.0
54,HLA-A68:02,5761.47,QII87826,ALTQHGKEDLK,54,167.0
217,HLA-A68:02,5762.21,QII87826,ALALLLLDRLN,217,168.0
371,HLA-A68:02,5762.76,QII87826,KKKKADETQAL,371,169.0
68,HLA-A68:02,5762.77,QII87826,GQGVPINTNSS,68,170.0
125,HLA-A68:02,5762.82,QII87826,NKDGIIWVATE,125,171.0
179,HLA-A68:02,5763.22,QII87826,SQASSRSSSRS,179,172.0
394,HLA-A68:02,5763.29,QII87826,LPAADLDDFSK,394,173.0
27,HLA-A68:02,5764.65,QII87826,QNGERSGARSK,27,174.0
324,HLA-A68:02,5766.86,QII87826,TPSGTWLTYTG,324,175.0
361,HLA-A68:02,5767.28,QII87826,TFPPTEPKKDK,361,176.0
75,HLA-A68:02,5768.8,QII87826,TNSSPDDQIGY,75,177.0
67,HLA-A68:02,5768.95,QII87826,RGQGVPINTNS,67,178.0
300,HLA-A68:02,5769.59,QII87826,WPQIAQFAPSA,300,179.0
160,HLA-A68:02,5769.82,QII87826,LPQGTTLPKGF,160,180.0
130,HLA-A68:02,5770.12,QII87826,IWVATEGALNT,130,181.0
354,HLA-A68:02,5772.17,QII87826,KHIDAYKTFPP,354,182.0
399,HLA-A68:02,5772.85,QII87826,LDDFSKQLQQS,399,183.0
264,HLA-A68:02,5774.14,QII87826,TKAYNVTQAFG,264,184.0
214,HLA-A68:02,5774.2,QII87826,GDAALALLLLD,214,185.0
36,HLA-A68:02,5774.53,QII87826,SKQRRPQGLPN,36,186.0
11,HLA-A68:02,5775.01,QII87826,APRITFGGPSD,11,187.0
112,HLA-A68:02,5775.29,QII87826,LGTGPEAGLPY,112,188.0
388,HLA-A68:02,5775.83,QII87826,QQTVTLLPAAD,388,189.0
196,HLA-A68:02,5775.89,QII87826,STPGSSRGTSP,196,190.0
91,HLA-A68:02,5776.32,QII87826,RRIRGGDGKMK,91,191.0
6,HLA-A68:02,5778.47,QII87826,QNQRNAPRITF,6,192.0
356,HLA-A68:02,5778.59,QII87826,IDAYKTFPPTE,356,193.0
115,HLA-A68:02,5778.97,QII87826,GPEAGLPYGAN,115,194.0
398,HLA-A68:02,5779.0,QII87826,DLDDFSKQLQQ,398,195.0
351,HLA-A68:02,5779.07,QII87826,LLNKHIDAYKT,351,196.0
401,HLA-A68:02,5779.55,QII87826,DFSKQLQQSMS,401,197.0
15,HLA-A68:02,5780.03,QII87826,TFGGPSDSTGS,15,198.0
301,HLA-A68:02,5781.26,QII87826,PQIAQFAPSAS,301,199.0
136,HLA-A68:02,5781.72,QII87826,GALNTPKDHIG,136,200.0
352,HLA-A68:02,5782.09,QII87826,LNKHIDAYKTF,352,201.0
123,HLA-A68:02,5782.57,QII87826,GANKDGIIWVA,123,202.0
199,HLA-A68:02,5782.57,QII87826,GSSRGTSPARM,199,202.0
142,HLA-A68:02,5782.77,QII87826,KDHIGTRNPAN,142,204.0
285,HLA-A68:02,5782.95,QII87826,FGDQELIRQGT,285,205.0
258,HLA-A68:02,5783.02,QII87826,RQKRTATKAYN,258,206.0
325,HLA-A68:02,5783.18,QII87826,PSGTWLTYTGA,325,207.0
182,HLA-A68:02,5783.43,QII87826,SSRSSSRSRNS,182,208.0
18,HLA-A68:02,5783.7,QII87826,GPSDSTGSNQN,18,209.0
40,HLA-A68:02,5783.93,QII87826,RPQGLPNNTAS,40,210.0
221,HLA-A68:02,5784.61,QII87826,LLLDRLNQLES,221,211.0
402,HLA-A68:02,5785.06,QII87826,FSKQLQQSMSS,402,212.0
210,HLA-A68:02,5785.3,QII87826,AGNGGDAALAL,210,213.0
154,HLA-A68:02,5785.36,QII87826,AAIVLQLPQGT,154,214.0
249,HLA-A68:02,5785.42,QII87826,SAAEASKKPRQ,249,215.0
366,HLA-A68:02,5785.51,QII87826,EPKKDKKKKAD,366,216.0
64,HLA-A68:02,5785.59,QII87826,KFPRGQGVPIN,64,217.0
16,HLA-A68:02,5785.66,QII87826,FGGPSDSTGSN,16,218.0
295,HLA-A68:02,5785.77,QII87826,TDYKHWPQIAQ,295,219.0
137,HLA-A68:02,5786.0,QII87826,ALNTPKDHIGT,137,220.0
41,HLA-A68:02,5786.38,QII87826,PQGLPNNTASW,41,221.0
294,HLA-A68:02,5786.43,QII87826,GTDYKHWPQIA,294,222.0
155,HLA-A68:02,5787.24,QII87826,AIVLQLPQGTT,155,223.0
7,HLA-A68:02,5787.34,QII87826,NQRNAPRITFG,7,224.0
239,HLA-A68:02,5787.38,QII87826,QQQGQTVTKKS,239,225.0
161,HLA-A68:02,5787.47,QII87826,PQGTTLPKGFY,161,226.0
337,HLA-A68:02,5787.65,QII87826,KLDDKDPNFKD,337,227.0
53,HLA-A68:02,5788.06,QII87826,TALTQHGKEDL,53,228.0
211,HLA-A68:02,5788.09,QII87826,GNGGDAALALL,211,229.0
169,HLA-A68:02,5788.93,QII87826,GFYAEGSRGGS,169,230.0
183,HLA-A68:02,5789.45,QII87826,SRSSSRSRNSS,183,231.0
315,HLA-A68:02,5789.71,QII87826,GMSRIGMEVTP,315,232.0
39,HLA-A68:02,5789.91,QII87826,RRPQGLPNNTA,39,233.0
143,HLA-A68:02,5790.17,QII87826,DHIGTRNPANN,143,234.0
26,HLA-A68:02,5790.38,QII87826,NQNGERSGARS,26,235.0
223,HLA-A68:02,5791.28,QII87826,LDRLNQLESKM,223,236.0
177,HLA-A68:02,5792.02,QII87826,GGSQASSRSSS,177,237.0
176,HLA-A68:02,5792.63,QII87826,RGGSQASSRSS,176,238.0
331,HLA-A68:02,5793.22,QII87826,TYTGAIKLDDK,331,239.0
37,HLA-A68:02,5793.33,QII87826,KQRRPQGLPNN,37,240.0
197,HLA-A68:02,5793.43,QII87826,TPGSSRGTSPA,197,241.0
283,HLA-A68:02,5793.73,QII87826,GNFGDQELIRQ,283,242.0
186,HLA-A68:02,5794.01,QII87826,SSRSRNSSRNS,186,243.0
62,HLA-A68:02,5794.04,QII87826,DLKFPRGQGVP,62,244.0
393,HLA-A68:02,5794.39,QII87826,LLPAADLDDFS,393,245.0
281,HLA-A68:02,5794.53,QII87826,TQGNFGDQELI,281,246.0
85,HLA-A68:02,5794.55,QII87826,YYRRATRRIRG,85,247.0
171,HLA-A68:02,5794.85,QII87826,YAEGSRGGSQA,171,248.0
395,HLA-A68:02,5796.04,QII87826,PAADLDDFSKQ,395,249.0
350,HLA-A68:02,5796.84,QII87826,ILLNKHIDAYK,350,250.0
80,HLA-A68:02,5797.74,QII87826,DDQIGYYRRAT,80,251.0
320,HLA-A68:02,5797.94,QII87826,GMEVTPSGTWL,320,252.0
97,HLA-A68:02,5798.11,QII87826,DGKMKDLSPRW,97,253.0
319,HLA-A68:02,5798.22,QII87826,IGMEVTPSGTW,319,254.0
98,HLA-A68:02,5798.35,QII87826,GKMKDLSPRWY,98,255.0
190,HLA-A68:02,5799.27,QII87826,RNSSRNSTPGS,190,256.0
119,HLA-A68:02,5799.36,QII87826,GLPYGANKDGI,119,257.0
133,HLA-A68:02,5799.66,QII87826,ATEGALNTPKD,133,258.0
346,HLA-A68:02,5799.66,QII87826,KDQVILLNKHI,346,258.0
164,HLA-A68:02,5800.23,QII87826,TTLPKGFYAEG,164,260.0
79,HLA-A68:02,5800.42,QII87826,PDDQIGYYRRA,79,261.0
386,HLA-A68:02,5800.75,QII87826,KKQQTVTLLPA,386,262.0
235,HLA-A68:02,5801.31,QII87826,GKGQQQQGQTV,235,263.0
141,HLA-A68:02,5801.98,QII87826,PKDHIGTRNPA,141,264.0
317,HLA-A68:02,5802.2,QII87826,SRIGMEVTPSG,317,265.0
173,HLA-A68:02,5802.87,QII87826,EGSRGGSQASS,173,266.0
241,HLA-A68:02,5803.07,QII87826,QGQTVTKKSAA,241,267.0
318,HLA-A68:02,5803.18,QII87826,RIGMEVTPSGT,318,268.0
34,HLA-A68:02,5803.2,QII87826,ARSKQRRPQGL,34,269.0
274,HLA-A68:02,5803.71,QII87826,GRRGPEQTQGN,274,270.0
224,HLA-A68:02,5804.19,QII87826,DRLNQLESKMS,224,271.0
383,HLA-A68:02,5805.37,QII87826,QRQKKQQTVTL,383,272.0
175,HLA-A68:02,5805.56,QII87826,SRGGSQASSRS,175,273.0
55,HLA-A68:02,5805.65,QII87826,LTQHGKEDLKF,55,274.0
272,HLA-A68:02,5806.15,QII87826,AFGRRGPEQTQ,272,275.0
38,HLA-A68:02,5806.29,QII87826,QRRPQGLPNNT,38,276.0
276,HLA-A68:02,5806.43,QII87826,RGPEQTQGNFG,276,277.0
375,HLA-A68:02,5807.82,QII87826,ADETQALPQRQ,375,278.0
140,HLA-A68:02,5808.04,QII87826,TPKDHIGTRNP,140,279.0
187,HLA-A68:02,5808.19,QII87826,SRSRNSSRNST,187,280.0
144,HLA-A68:02,5808.28,QII87826,HIGTRNPANNA,144,281.0
257,HLA-A68:02,5808.44,QII87826,PRQKRTATKAY,257,282.0
152,HLA-A68:02,5808.77,QII87826,NNAAIVLQLPQ,152,283.0
71,HLA-A68:02,5808.87,QII87826,VPINTNSSPDD,71,284.0
126,HLA-A68:02,5809.2,QII87826,KDGIIWVATEG,126,285.0
229,HLA-A68:02,5809.23,QII87826,LESKMSGKGQQ,229,286.0
292,HLA-A68:02,5809.83,QII87826,RQGTDYKHWPQ,292,287.0
13,HLA-A68:02,5809.97,QII87826,RITFGGPSDST,13,288.0
208,HLA-A68:02,5810.62,QII87826,RMAGNGGDAAL,208,289.0
370,HLA-A68:02,5810.71,QII87826,DKKKKADETQA,370,290.0
101,HLA-A68:02,5811.47,QII87826,KDLSPRWYFYY,101,291.0
172,HLA-A68:02,5811.62,QII87826,AEGSRGGSQAS,172,292.0
113,HLA-A68:02,5811.69,QII87826,GTGPEAGLPYG,113,293.0
22,HLA-A68:02,5811.81,QII87826,STGSNQNGERS,22,294.0
240,HLA-A68:02,5811.92,QII87826,QQGQTVTKKSA,240,295.0
89,HLA-A68:02,5812.58,QII87826,ATRRIRGGDGK,89,296.0
200,HLA-A68:02,5812.59,QII87826,SSRGTSPARMA,200,297.0
194,HLA-A68:02,5813.36,QII87826,RNSTPGSSRGT,194,298.0
312,HLA-A68:02,5814.3,QII87826,AFFGMSRIGME,312,299.0
1,HLA-A68:02,5814.74,QII87826,SDNGPQNQRNA,1,300.0
32,HLA-A68:02,5815.2,QII87826,SGARSKQRRPQ,32,301.0
345,HLA-A68:02,5815.5,QII87826,FKDQVILLNKH,345,302.0
111,HLA-A68:02,5815.51,QII87826,YLGTGPEAGLP,111,303.0
230,HLA-A68:02,5816.16,QII87826,ESKMSGKGQQQ,230,304.0
225,HLA-A68:02,5816.59,QII87826,RLNQLESKMSG,225,305.0
49,HLA-A68:02,5816.86,QII87826,ASWFTALTQHG,49,306.0
220,HLA-A68:02,5816.9,QII87826,LLLLDRLNQLE,220,307.0
170,HLA-A68:02,5816.97,QII87826,FYAEGSRGGSQ,170,308.0
5,HLA-A68:02,5817.39,QII87826,PQNQRNAPRIT,5,309.0
114,HLA-A68:02,5817.72,QII87826,TGPEAGLPYGA,114,310.0
334,HLA-A68:02,5818.5,QII87826,GAIKLDDKDPN,334,311.0
207,HLA-A68:02,5818.72,QII87826,ARMAGNGGDAA,207,312.0
202,HLA-A68:02,5818.77,QII87826,RGTSPARMAGN,202,313.0
145,HLA-A68:02,5819.23,QII87826,IGTRNPANNAA,145,314.0
253,HLA-A68:02,5819.32,QII87826,ASKKPRQKRTA,253,315.0
209,HLA-A68:02,5819.96,QII87826,MAGNGGDAALA,209,316.0
373,HLA-A68:02,5820.32,QII87826,KKADETQALPQ,373,317.0
385,HLA-A68:02,5820.38,QII87826,QKKQQTVTLLP,385,318.0
120,HLA-A68:02,5821.24,QII87826,LPYGANKDGII,120,319.0
275,HLA-A68:02,5821.55,QII87826,RRGPEQTQGNF,275,320.0
60,HLA-A68:02,5822.36,QII87826,KEDLKFPRGQG,60,321.0
406,HLA-A68:02,5822.73,QII87826,LQQSMSSADST,406,322.0
387,HLA-A68:02,5822.85,QII87826,KQQTVTLLPAA,387,323.0
33,HLA-A68:02,5822.91,QII87826,GARSKQRRPQG,33,324.0
284,HLA-A68:02,5823.17,QII87826,NFGDQELIRQG,284,325.0
256,HLA-A68:02,5823.45,QII87826,KPRQKRTATKA,256,326.0
242,HLA-A68:02,5823.83,QII87826,GQTVTKKSAAE,242,327.0
94,HLA-A68:02,5824.03,QII87826,RGGDGKMKDLS,94,328.0
201,HLA-A68:02,5824.04,QII87826,SRGTSPARMAG,201,329.0
218,HLA-A68:02,5824.2,QII87826,LALLLLDRLNQ,218,330.0
188,HLA-A68:02,5824.3,QII87826,RSRNSSRNSTP,188,331.0
167,HLA-A68:02,5825.3,QII87826,PKGFYAEGSRG,167,332.0
365,HLA-A68:02,5825.65,QII87826,TEPKKDKKKKA,365,333.0
12,HLA-A68:02,5825.91,QII87826,PRITFGGPSDS,12,334.0
392,HLA-A68:02,5825.91,QII87826,TLLPAADLDDF,392,334.0
157,HLA-A68:02,5826.09,QII87826,VLQLPQGTTLP,157,336.0
349,HLA-A68:02,5827.36,QII87826,VILLNKHIDAY,349,337.0
403,HLA-A68:02,5827.43,QII87826,SKQLQQSMSSA,403,338.0
159,HLA-A68:02,5827.46,QII87826,QLPQGTTLPKG,159,339.0
298,HLA-A68:02,5827.52,QII87826,KHWPQIAQFAP,298,340.0
24,HLA-A68:02,5827.66,QII87826,GSNQNGERSGA,24,341.0
277,HLA-A68:02,5827.84,QII87826,GPEQTQGNFGD,277,342.0
93,HLA-A68:02,5828.61,QII87826,IRGGDGKMKDL,93,343.0
404,HLA-A68:02,5829.43,QII87826,KQLQQSMSSAD,404,344.0
231,HLA-A68:02,5829.89,QII87826,SKMSGKGQQQQ,231,345.0
168,HLA-A68:02,5830.5,QII87826,KGFYAEGSRGG,168,346.0
189,HLA-A68:02,5830.74,QII87826,SRNSSRNSTPG,189,347.0
206,HLA-A68:02,5831.09,QII87826,PARMAGNGGDA,206,348.0
87,HLA-A68:02,5831.14,QII87826,RRATRRIRGGD,87,349.0
286,HLA-A68:02,5831.4,QII87826,GDQELIRQGTD,286,350.0
290,HLA-A68:02,5832.08,QII87826,LIRQGTDYKHW,290,351.0
380,HLA-A68:02,5832.63,QII87826,ALPQRQKKQQT,380,352.0
232,HLA-A68:02,5832.89,QII87826,KMSGKGQQQQG,232,353.0
407,HLA-A68:02,5833.71,QII87826,QQSMSSADSTQ,407,354.0
254,HLA-A68:02,5834.09,QII87826,SKKPRQKRTAT,254,355.0
19,HLA-A68:02,5834.13,QII87826,PSDSTGSNQNG,19,356.0
92,HLA-A68:02,5834.29,QII87826,RIRGGDGKMKD,92,357.0
95,HLA-A68:02,5834.46,QII87826,GGDGKMKDLSP,95,358.0
340,HLA-A68:02,5834.96,QII87826,DKDPNFKDQVI,340,359.0
391,HLA-A68:02,5835.34,QII87826,VTLLPAADLDD,391,360.0
193,HLA-A68:02,5835.41,QII87826,SRNSTPGSSRG,193,361.0
269,HLA-A68:02,5836.72,QII87826,VTQAFGRRGPE,269,362.0
23,HLA-A68:02,5837.91,QII87826,TGSNQNGERSG,23,363.0
58,HLA-A68:02,5838.05,QII87826,HGKEDLKFPRG,58,364.0
372,HLA-A68:02,5838.59,QII87826,KKKADETQALP,372,365.0
353,HLA-A68:02,5839.19,QII87826,NKHIDAYKTFP,353,366.0
205,HLA-A68:02,5839.47,QII87826,SPARMAGNGGD,205,367.0
287,HLA-A68:02,5841.75,QII87826,DQELIRQGTDY,287,368.0
28,HLA-A68:02,5842.0,QII87826,NGERSGARSKQ,28,369.0
8,HLA-A68:02,5843.16,QII87826,QRNAPRITFGG,8,370.0
35,HLA-A68:02,5843.53,QII87826,RSKQRRPQGLP,35,371.0
72,HLA-A68:02,5843.68,QII87826,PINTNSSPDDQ,72,372.0
56,HLA-A68:02,5843.7,QII87826,TQHGKEDLKFP,56,373.0
2,HLA-A68:02,5844.26,QII87826,DNGPQNQRNAP,2,374.0
368,HLA-A68:02,5844.48,QII87826,KKDKKKKADET,368,375.0
273,HLA-A68:02,5845.33,QII87826,FGRRGPEQTQG,273,376.0
86,HLA-A68:02,5845.35,QII87826,YRRATRRIRGG,86,377.0
270,HLA-A68:02,5846.74,QII87826,TQAFGRRGPEQ,270,378.0
17,HLA-A68:02,5847.12,QII87826,GGPSDSTGSNQ,17,379.0
384,HLA-A68:02,5847.78,QII87826,RQKKQQTVTLL,384,380.0
405,HLA-A68:02,5849.12,QII87826,QLQQSMSSADS,405,381.0
397,HLA-A68:02,5849.74,QII87826,ADLDDFSKQLQ,397,382.0
335,HLA-A68:02,5851.07,QII87826,AIKLDDKDPNF,335,383.0
279,HLA-A68:02,5851.71,QII87826,EQTQGNFGDQE,279,384.0
291,HLA-A68:02,5852.89,QII87826,IRQGTDYKHWP,291,385.0
382,HLA-A68:02,5852.94,QII87826,PQRQKKQQTVT,382,386.0
333,HLA-A68:02,5853.11,QII87826,TGAIKLDDKDP,333,387.0
379,HLA-A68:02,5853.36,QII87826,QALPQRQKKQQ,379,388.0
367,HLA-A68:02,5854.12,QII87826,PKKDKKKKADE,367,389.0
20,HLA-A68:02,5854.92,QII87826,SDSTGSNQNGE,20,390.0
233,HLA-A68:02,5856.63,QII87826,MSGKGQQQQGQ,233,391.0
378,HLA-A68:02,5856.89,QII87826,TQALPQRQKKQ,378,392.0
369,HLA-A68:02,5857.64,QII87826,KDKKKKADETQ,369,393.0
134,HLA-A68:02,5858.1,QII87826,TEGALNTPKDH,134,394.0
278,HLA-A68:02,5858.41,QII87826,PEQTQGNFGDQ,278,395.0
90,HLA-A68:02,5859.34,QII87826,TRRIRGGDGKM,90,396.0
234,HLA-A68:02,5860.97,QII87826,SGKGQQQQGQT,234,397.0
227,HLA-A68:02,5862.29,QII87826,NQLESKMSGKG,227,398.0
267,HLA-A68:02,5865.58,QII87826,YNVTQAFGRRG,267,399.0
228,HLA-A68:02,5866.3,QII87826,QLESKMSGKGQ,228,400.0
59,HLA-A68:02,5866.59,QII87826,GKEDLKFPRGQ,59,401.0
51,HLA-A68:02,5866.87,QII87826,WFTALTQHGKE,51,402.0
118,HLA-A68:02,5870.23,QII87826,AGLPYGANKDG,118,403.0
236,HLA-A68:02,5876.05,QII87826,KGQQQQGQTVT,236,404.0
338,HLA-A68:02,5879.63,QII87826,LDDKDPNFKDQ,338,405.0
121,HLA-A68:02,5883.84,QII87826,PYGANKDGIIW,121,406.0
203,HLA-A68:02,5892.77,QII87826,GTSPARMAGNG,203,407.0
204,HLA-A68:02,5914.87,QII87826,TSPARMAGNGG,204,408.0
88,HLA-A68:02,5926.78,QII87826,RATRRIRGGDG,88,409.0
296,HLA-A23:01,287.29,QII87826,DYKHWPQIAQF,296,1.0
304,HLA-A23:01,895.54,QII87826,AQFAPSASAFF,304,2.0
99,HLA-A23:01,1081.84,QII87826,KMKDLSPRWYF,99,3.0
84,HLA-A23:01,2028.89,QII87826,GYYRRATRRIR,84,4.0
110,HLA-A23:01,2454.6,QII87826,YYLGTGPEAGL,110,5.0
328,HLA-A23:01,2708.04,QII87826,TWLTYTGAIKL,328,6.0
102,HLA-A23:01,2773.77,QII87826,DLSPRWYFYYL,102,7.0
121,HLA-A23:01,3061.72,QII87826,PYGANKDGIIW,121,8.0
103,HLA-A23:01,3360.03,QII87826,LSPRWYFYYLG,103,9.0
42,HLA-A23:01,3829.03,QII87826,QGLPNNTASWF,42,10.0
105,HLA-A23:01,3938.98,QII87826,PRWYFYYLGTG,105,11.0
6,HLA-A23:01,4284.99,QII87826,QNQRNAPRITF,6,12.0
392,HLA-A23:01,5924.5,QII87826,TLLPAADLDDF,392,13.0
319,HLA-A23:01,5972.89,QII87826,IGMEVTPSGTW,319,14.0
352,HLA-A23:01,6218.44,QII87826,LNKHIDAYKTF,352,15.0
106,HLA-A23:01,6618.1,QII87826,RWYFYYLGTGP,106,16.0
303,HLA-A23:01,6729.87,QII87826,IAQFAPSASAF,303,17.0
109,HLA-A23:01,7661.93,QII87826,FYYLGTGPEAG,109,18.0
107,HLA-A23:01,8684.36,QII87826,WYFYYLGTGPE,107,19.0
313,HLA-A23:01,10505.34,QII87826,FFGMSRIGMEV,313,20.0
263,HLA-A23:01,10657.49,QII87826,ATKAYNVTQAF,263,21.0
335,HLA-A23:01,11145.65,QII87826,AIKLDDKDPNF,335,22.0
55,HLA-A23:01,11681.54,QII87826,LTQHGKEDLKF,55,23.0
312,HLA-A23:01,12754.22,QII87826,AFFGMSRIGME,312,24.0
281,HLA-A23:01,13096.41,QII87826,TQGNFGDQELI,281,25.0
293,HLA-A23:01,13345.39,QII87826,QGTDYKHWPQI,293,26.0
326,HLA-A23:01,13562.56,QII87826,SGTWLTYTGAI,326,27.0
275,HLA-A23:01,14109.04,QII87826,RRGPEQTQGNF,275,28.0
150,HLA-A23:01,14881.83,QII87826,PANNAAIVLQL,150,29.0
41,HLA-A23:01,15378.55,QII87826,PQGLPNNTASW,41,30.0
63,HLA-A23:01,15572.03,QII87826,LKFPRGQGVPI,63,31.0
383,HLA-A23:01,15603.7,QII87826,QRQKKQQTVTL,383,32.0
311,HLA-A23:01,16894.85,QII87826,SAFFGMSRIGM,311,33.0
358,HLA-A23:01,17198.54,QII87826,AYKTFPPTEPK,358,34.0
320,HLA-A23:01,18063.87,QII87826,GMEVTPSGTWL,320,35.0
219,HLA-A23:01,18281.87,QII87826,ALLLLDRLNQL,219,36.0
160,HLA-A23:01,18950.56,QII87826,LPQGTTLPKGF,160,37.0
108,HLA-A23:01,18972.12,QII87826,YFYYLGTGPEA,108,38.0
384,HLA-A23:01,19181.7,QII87826,RQKKQQTVTLL,384,39.0
148,HLA-A23:01,19382.01,QII87826,RNPANNAAIVL,148,40.0
340,HLA-A23:01,19430.84,QII87826,DKDPNFKDQVI,340,41.0
156,HLA-A23:01,19678.12,QII87826,IVLQLPQGTTL,156,42.0
120,HLA-A23:01,19804.12,QII87826,LPYGANKDGII,120,43.0
100,HLA-A23:01,20134.74,QII87826,MKDLSPRWYFY,100,44.0
331,HLA-A23:01,20649.41,QII87826,TYTGAIKLDDK,331,45.0
85,HLA-A23:01,20801.83,QII87826,YYRRATRRIRG,85,46.0
122,HLA-A23:01,20831.2,QII87826,YGANKDGIIWV,122,47.0
64,HLA-A23:01,21318.27,QII87826,KFPRGQGVPIN,64,48.0
129,HLA-A23:01,21547.6,QII87826,IIWVATEGALN,129,49.0
342,HLA-A23:01,21720.71,QII87826,DPNFKDQVILL,342,50.0
73,HLA-A23:01,21803.45,QII87826,INTNSSPDDQI,73,51.0
50,HLA-A23:01,22750.28,QII87826,SWFTALTQHGK,50,52.0
359,HLA-A23:01,23097.25,QII87826,YKTFPPTEPKK,359,53.0
83,HLA-A23:01,23168.18,QII87826,IGYYRRATRRI,83,54.0
309,HLA-A23:01,23504.32,QII87826,SASAFFGMSRI,309,55.0
130,HLA-A23:01,23972.39,QII87826,IWVATEGALNT,130,56.0
213,HLA-A23:01,24249.62,QII87826,GGDAALALLLL,213,57.0
147,HLA-A23:01,24755.25,QII87826,TRNPANNAAIV,147,58.0
169,HLA-A23:01,25248.84,QII87826,GFYAEGSRGGS,169,59.0
188,HLA-A23:01,25379.54,QII87826,RSRNSSRNSTP,188,60.0
298,HLA-A23:01,25624.28,QII87826,KHWPQIAQFAP,298,61.0
315,HLA-A23:01,26021.52,QII87826,GMSRIGMEVTP,315,62.0
327,HLA-A23:01,26203.83,QII87826,GTWLTYTGAIK,327,63.0
119,HLA-A23:01,26338.94,QII87826,GLPYGANKDGI,119,64.0
208,HLA-A23:01,26402.92,QII87826,RMAGNGGDAAL,208,65.0
170,HLA-A23:01,26482.6,QII87826,FYAEGSRGGSQ,170,66.0
135,HLA-A23:01,26518.55,QII87826,EGALNTPKDHI,135,67.0
212,HLA-A23:01,26534.31,QII87826,NGGDAALALLL,212,68.0
350,HLA-A23:01,26653.56,QII87826,ILLNKHIDAYK,350,69.0
146,HLA-A23:01,26743.73,QII87826,GTRNPANNAAI,146,70.0
343,HLA-A23:01,27064.18,QII87826,PNFKDQVILLN,343,71.0
131,HLA-A23:01,27268.07,QII87826,WVATEGALNTP,131,72.0
310,HLA-A23:01,27505.39,QII87826,ASAFFGMSRIG,310,73.0
385,HLA-A23:01,27643.19,QII87826,QKKQQTVTLLP,385,74.0
272,HLA-A23:01,27682.34,QII87826,AFGRRGPEQTQ,272,75.0
307,HLA-A23:01,27927.23,QII87826,APSASAFFGMS,307,76.0
157,HLA-A23:01,28024.32,QII87826,VLQLPQGTTLP,157,77.0
361,HLA-A23:01,28308.46,QII87826,TFPPTEPKKDK,361,78.0
306,HLA-A23:01,28572.88,QII87826,FAPSASAFFGM,306,79.0
101,HLA-A23:01,28923.57,QII87826,KDLSPRWYFYY,101,80.0
104,HLA-A23:01,28971.44,QII87826,SPRWYFYYLGT,104,81.0
341,HLA-A23:01,29035.29,QII87826,KDPNFKDQVIL,341,82.0
354,HLA-A23:01,29129.98,QII87826,KHIDAYKTFPP,354,83.0
371,HLA-A23:01,29697.5,QII87826,KKKKADETQAL,371,84.0
291,HLA-A23:01,29851.76,QII87826,IRQGTDYKHWP,291,85.0
353,HLA-A23:01,29995.52,QII87826,NKHIDAYKTFP,353,86.0
290,HLA-A23:01,30076.2,QII87826,LIRQGTDYKHW,290,87.0
45,HLA-A23:01,30142.8,QII87826,PNNTASWFTAL,45,88.0
128,HLA-A23:01,30252.9,QII87826,GIIWVATEGAL,128,89.0
15,HLA-A23:01,30854.16,QII87826,TFGGPSDSTGS,15,90.0
356,HLA-A23:01,30867.5,QII87826,IDAYKTFPPTE,356,91.0
183,HLA-A23:01,31028.19,QII87826,SRSSSRSRNSS,183,92.0
339,HLA-A23:01,31101.29,QII87826,DDKDPNFKDQV,339,93.0
346,HLA-A23:01,31126.29,QII87826,KDQVILLNKHI,346,94.0
111,HLA-A23:01,31202.85,QII87826,YLGTGPEAGLP,111,95.0
69,HLA-A23:01,31231.13,QII87826,QGVPINTNSSP,69,96.0
94,HLA-A23:01,31250.18,QII87826,RGGDGKMKDLS,94,97.0
235,HLA-A23:01,31259.51,QII87826,GKGQQQQGQTV,235,98.0
393,HLA-A23:01,31332.7,QII87826,LLPAADLDDFS,393,99.0
305,HLA-A23:01,31571.18,QII87826,QFAPSASAFFG,305,100.0
299,HLA-A23:01,31762.92,QII87826,HWPQIAQFAPS,299,101.0
316,HLA-A23:01,31902.22,QII87826,MSRIGMEVTPS,316,102.0
216,HLA-A23:01,31974.24,QII87826,AALALLLLDRL,216,103.0
220,HLA-A23:01,32154.48,QII87826,LLLLDRLNQLE,220,104.0
151,HLA-A23:01,32287.61,QII87826,ANNAAIVLQLP,151,105.0
218,HLA-A23:01,32397.22,QII87826,LALLLLDRLNQ,218,106.0
211,HLA-A23:01,32495.78,QII87826,GNGGDAALALL,211,107.0
381,HLA-A23:01,32497.77,QII87826,LPQRQKKQQTV,381,108.0
217,HLA-A23:01,32573.47,QII87826,ALALLLLDRLN,217,109.0
97,HLA-A23:01,32785.4,QII87826,DGKMKDLSPRW,97,110.0
4,HLA-A23:01,32846.44,QII87826,GPQNQRNAPRI,4,111.0
261,HLA-A23:01,33036.85,QII87826,RTATKAYNVTQ,261,112.0
223,HLA-A23:01,33227.0,QII87826,LDRLNQLESKM,223,113.0
347,HLA-A23:01,33350.05,QII87826,DQVILLNKHID,347,114.0
56,HLA-A23:01,33454.99,QII87826,TQHGKEDLKFP,56,115.0
322,HLA-A23:01,33626.27,QII87826,EVTPSGTWLTY,322,116.0
308,HLA-A23:01,33672.14,QII87826,PSASAFFGMSR,308,117.0
152,HLA-A23:01,33754.12,QII87826,NNAAIVLQLPQ,152,118.0
0,HLA-A23:01,34000.83,QII87826,MSDNGPQNQRN,0,119.0
391,HLA-A23:01,34148.73,QII87826,VTLLPAADLDD,391,120.0
214,HLA-A23:01,34170.32,QII87826,GDAALALLLLD,214,121.0
292,HLA-A23:01,34232.72,QII87826,RQGTDYKHWPQ,292,122.0
295,HLA-A23:01,34366.74,QII87826,TDYKHWPQIAQ,295,123.0
221,HLA-A23:01,34408.72,QII87826,LLLDRLNQLES,221,124.0
297,HLA-A23:01,34514.88,QII87826,YKHWPQIAQFA,297,125.0
357,HLA-A23:01,34559.24,QII87826,DAYKTFPPTEP,357,126.0
301,HLA-A23:01,35004.4,QII87826,PQIAQFAPSAS,301,127.0
182,HLA-A23:01,35138.74,QII87826,SSRSSSRSRNS,182,128.0
394,HLA-A23:01,35173.52,QII87826,LPAADLDDFSK,394,129.0
67,HLA-A23:01,35299.96,QII87826,RGQGVPINTNS,67,130.0
372,HLA-A23:01,35316.67,QII87826,KKKADETQALP,372,131.0
149,HLA-A23:01,35325.06,QII87826,NPANNAAIVLQ,149,132.0
66,HLA-A23:01,35325.38,QII87826,PRGQGVPINTN,66,133.0
400,HLA-A23:01,35389.79,QII87826,DDFSKQLQQSM,400,134.0
329,HLA-A23:01,35393.52,QII87826,WLTYTGAIKLD,329,135.0
259,HLA-A23:01,35428.15,QII87826,QKRTATKAYNV,259,136.0
186,HLA-A23:01,35557.83,QII87826,SSRSRNSSRNS,186,137.0
90,HLA-A23:01,35559.48,QII87826,TRRIRGGDGKM,90,138.0
16,HLA-A23:01,35594.47,QII87826,FGGPSDSTGSN,16,139.0
404,HLA-A23:01,35639.57,QII87826,KQLQQSMSSAD,404,140.0
161,HLA-A23:01,35686.11,QII87826,PQGTTLPKGFY,161,141.0
163,HLA-A23:01,35723.52,QII87826,GTTLPKGFYAE,163,142.0
344,HLA-A23:01,35753.28,QII87826,NFKDQVILLNK,344,143.0
389,HLA-A23:01,35798.84,QII87826,QTVTLLPAADL,389,144.0
68,HLA-A23:01,35851.72,QII87826,GQGVPINTNSS,68,145.0
177,HLA-A23:01,35891.83,QII87826,GGSQASSRSSS,177,146.0
330,HLA-A23:01,36059.63,QII87826,LTYTGAIKLDD,330,147.0
398,HLA-A23:01,36083.48,QII87826,DLDDFSKQLQQ,398,148.0
14,HLA-A23:01,36257.94,QII87826,ITFGGPSDSTG,14,149.0
247,HLA-A23:01,36298.28,QII87826,KKSAAEASKKP,247,150.0
12,HLA-A23:01,36333.92,QII87826,PRITFGGPSDS,12,151.0
166,HLA-A23:01,36363.22,QII87826,LPKGFYAEGSR,166,152.0
260,HLA-A23:01,36383.24,QII87826,KRTATKAYNVT,260,153.0
158,HLA-A23:01,36496.86,QII87826,LQLPQGTTLPK,158,154.0
402,HLA-A23:01,36631.84,QII87826,FSKQLQQSMSS,402,155.0
337,HLA-A23:01,36644.17,QII87826,KLDDKDPNFKD,337,156.0
95,HLA-A23:01,36655.34,QII87826,GGDGKMKDLSP,95,157.0
179,HLA-A23:01,36695.6,QII87826,SQASSRSSSRS,179,158.0
210,HLA-A23:01,36720.66,QII87826,AGNGGDAALAL,210,159.0
44,HLA-A23:01,36783.22,QII87826,LPNNTASWFTA,44,160.0
362,HLA-A23:01,36852.77,QII87826,FPPTEPKKDKK,362,161.0
387,HLA-A23:01,36865.47,QII87826,KQQTVTLLPAA,387,162.0
321,HLA-A23:01,36897.39,QII87826,MEVTPSGTWLT,321,163.0
397,HLA-A23:01,36897.71,QII87826,ADLDDFSKQLQ,397,164.0
349,HLA-A23:01,36899.78,QII87826,VILLNKHIDAY,349,165.0
314,HLA-A23:01,36918.38,QII87826,FGMSRIGMEVT,314,166.0
279,HLA-A23:01,36927.99,QII87826,EQTQGNFGDQE,279,167.0
123,HLA-A23:01,36963.54,QII87826,GANKDGIIWVA,123,168.0
81,HLA-A23:01,36975.13,QII87826,DQIGYYRRATR,81,169.0
136,HLA-A23:01,37011.74,QII87826,GALNTPKDHIG,136,170.0
396,HLA-A23:01,37070.8,QII87826,AADLDDFSKQL,396,171.0
37,HLA-A23:01,37111.15,QII87826,KQRRPQGLPNN,37,172.0
184,HLA-A23:01,37208.77,QII87826,RSSSRSRNSSR,184,173.0
62,HLA-A23:01,37219.55,QII87826,DLKFPRGQGVP,62,174.0
173,HLA-A23:01,37244.1,QII87826,EGSRGGSQASS,173,175.0
280,HLA-A23:01,37245.56,QII87826,QTQGNFGDQEL,280,176.0
40,HLA-A23:01,37247.35,QII87826,RPQGLPNNTAS,40,177.0
282,HLA-A23:01,37268.6,QII87826,QGNFGDQELIR,282,178.0
125,HLA-A23:01,37339.89,QII87826,NKDGIIWVATE,125,179.0
196,HLA-A23:01,37359.53,QII87826,STPGSSRGTSP,196,180.0
165,HLA-A23:01,37384.24,QII87826,TLPKGFYAEGS,165,181.0
258,HLA-A23:01,37387.69,QII87826,RQKRTATKAYN,258,182.0
176,HLA-A23:01,37440.38,QII87826,RGGSQASSRSS,176,183.0
224,HLA-A23:01,37473.07,QII87826,DRLNQLESKMS,224,184.0
336,HLA-A23:01,37492.61,QII87826,IKLDDKDPNFK,336,185.0
10,HLA-A23:01,37518.57,QII87826,NAPRITFGGPS,10,186.0
7,HLA-A23:01,37523.02,QII87826,NQRNAPRITFG,7,187.0
266,HLA-A23:01,37595.92,QII87826,AYNVTQAFGRR,266,188.0
284,HLA-A23:01,37705.06,QII87826,NFGDQELIRQG,284,189.0
268,HLA-A23:01,37719.32,QII87826,NVTQAFGRRGP,268,190.0
140,HLA-A23:01,37884.59,QII87826,TPKDHIGTRNP,140,191.0
360,HLA-A23:01,37897.85,QII87826,KTFPPTEPKKD,360,192.0
231,HLA-A23:01,37971.41,QII87826,SKMSGKGQQQQ,231,193.0
395,HLA-A23:01,37999.21,QII87826,PAADLDDFSKQ,395,194.0
47,HLA-A23:01,38081.47,QII87826,NTASWFTALTQ,47,195.0
172,HLA-A23:01,38197.84,QII87826,AEGSRGGSQAS,172,196.0
264,HLA-A23:01,38224.33,QII87826,TKAYNVTQAFG,264,197.0
379,HLA-A23:01,38238.49,QII87826,QALPQRQKKQQ,379,198.0
124,HLA-A23:01,38253.04,QII87826,ANKDGIIWVAT,124,199.0
399,HLA-A23:01,38282.79,QII87826,LDDFSKQLQQS,399,200.0
39,HLA-A23:01,38353.65,QII87826,RRPQGLPNNTA,39,201.0
324,HLA-A23:01,38368.79,QII87826,TPSGTWLTYTG,324,202.0
46,HLA-A23:01,38542.58,QII87826,NNTASWFTALT,46,203.0
195,HLA-A23:01,38604.09,QII87826,NSTPGSSRGTS,195,204.0
244,HLA-A23:01,38660.95,QII87826,TVTKKSAAEAS,244,205.0
249,HLA-A23:01,38681.17,QII87826,SAAEASKKPRQ,249,206.0
35,HLA-A23:01,38718.53,QII87826,RSKQRRPQGLP,35,207.0
98,HLA-A23:01,38763.2,QII87826,GKMKDLSPRWY,98,208.0
51,HLA-A23:01,38787.39,QII87826,WFTALTQHGKE,51,209.0
209,HLA-A23:01,38818.79,QII87826,MAGNGGDAALA,209,210.0
369,HLA-A23:01,38819.12,QII87826,KDKKKKADETQ,369,211.0
405,HLA-A23:01,38827.04,QII87826,QLQQSMSSADS,405,212.0
53,HLA-A23:01,38881.78,QII87826,TALTQHGKEDL,53,213.0
192,HLA-A23:01,38946.38,QII87826,SSRNSTPGSSR,192,214.0
390,HLA-A23:01,39048.81,QII87826,TVTLLPAADLD,390,215.0
36,HLA-A23:01,39049.57,QII87826,SKQRRPQGLPN,36,216.0
407,HLA-A23:01,39078.02,QII87826,QQSMSSADSTQ,407,217.0
11,HLA-A23:01,39079.17,QII87826,APRITFGGPSD,11,218.0
215,HLA-A23:01,39084.55,QII87826,DAALALLLLDR,215,219.0
248,HLA-A23:01,39153.99,QII87826,KSAAEASKKPR,248,220.0
276,HLA-A23:01,39167.65,QII87826,RGPEQTQGNFG,276,221.0
269,HLA-A23:01,39179.35,QII87826,VTQAFGRRGPE,269,222.0
202,HLA-A23:01,39206.52,QII87826,RGTSPARMAGN,202,223.0
401,HLA-A23:01,39219.89,QII87826,DFSKQLQQSMS,401,224.0
78,HLA-A23:01,39373.38,QII87826,SPDDQIGYYRR,78,225.0
61,HLA-A23:01,39383.92,QII87826,EDLKFPRGQGV,61,226.0
239,HLA-A23:01,39399.46,QII87826,QQQGQTVTKKS,239,227.0
375,HLA-A23:01,39454.3,QII87826,ADETQALPQRQ,375,228.0
167,HLA-A23:01,39459.23,QII87826,PKGFYAEGSRG,167,229.0
142,HLA-A23:01,39520.16,QII87826,KDHIGTRNPAN,142,230.0
31,HLA-A23:01,39533.39,QII87826,RSGARSKQRRP,31,231.0
43,HLA-A23:01,39573.77,QII87826,GLPNNTASWFT,43,232.0
143,HLA-A23:01,39665.31,QII87826,DHIGTRNPANN,143,233.0
178,HLA-A23:01,39729.37,QII87826,GSQASSRSSSR,178,234.0
386,HLA-A23:01,39780.97,QII87826,KKQQTVTLLPA,386,235.0
70,HLA-A23:01,39795.64,QII87826,GVPINTNSSPD,70,236.0
2,HLA-A23:01,39811.35,QII87826,DNGPQNQRNAP,2,237.0
373,HLA-A23:01,39824.25,QII87826,KKADETQALPQ,373,238.0
262,HLA-A23:01,39831.66,QII87826,TATKAYNVTQA,262,239.0
199,HLA-A23:01,39862.9,QII87826,GSSRGTSPARM,199,240.0
334,HLA-A23:01,39866.53,QII87826,GAIKLDDKDPN,334,241.0
115,HLA-A23:01,39873.99,QII87826,GPEAGLPYGAN,115,242.0
30,HLA-A23:01,39908.6,QII87826,ERSGARSKQRR,30,243.0
222,HLA-A23:01,39924.08,QII87826,LLDRLNQLESK,222,244.0
230,HLA-A23:01,39941.02,QII87826,ESKMSGKGQQQ,230,245.0
168,HLA-A23:01,39946.57,QII87826,KGFYAEGSRGG,168,246.0
332,HLA-A23:01,39946.69,QII87826,YTGAIKLDDKD,332,247.0
49,HLA-A23:01,39949.01,QII87826,ASWFTALTQHG,49,248.0
388,HLA-A23:01,40054.81,QII87826,QQTVTLLPAAD,388,249.0
233,HLA-A23:01,40067.36,QII87826,MSGKGQQQQGQ,233,250.0
185,HLA-A23:01,40088.89,QII87826,SSSRSRNSSRN,185,251.0
242,HLA-A23:01,40168.34,QII87826,GQTVTKKSAAE,242,252.0
164,HLA-A23:01,40169.82,QII87826,TTLPKGFYAEG,164,253.0
294,HLA-A23:01,40195.08,QII87826,GTDYKHWPQIA,294,254.0
175,HLA-A23:01,40196.82,QII87826,SRGGSQASSRS,175,255.0
374,HLA-A23:01,40222.3,QII87826,KADETQALPQR,374,256.0
270,HLA-A23:01,40222.41,QII87826,TQAFGRRGPEQ,270,257.0
32,HLA-A23:01,40280.88,QII87826,SGARSKQRRPQ,32,258.0
162,HLA-A23:01,40328.66,QII87826,QGTTLPKGFYA,162,259.0
288,HLA-A23:01,40427.7,QII87826,QELIRQGTDYK,288,260.0
302,HLA-A23:01,40431.15,QII87826,QIAQFAPSASA,302,261.0
17,HLA-A23:01,40440.86,QII87826,GGPSDSTGSNQ,17,262.0
317,HLA-A23:01,40499.96,QII87826,SRIGMEVTPSG,317,263.0
229,HLA-A23:01,40504.86,QII87826,LESKMSGKGQQ,229,264.0
181,HLA-A23:01,40574.48,QII87826,ASSRSSSRSRN,181,265.0
283,HLA-A23:01,40607.81,QII87826,GNFGDQELIRQ,283,266.0
406,HLA-A23:01,40674.68,QII87826,LQQSMSSADST,406,267.0
274,HLA-A23:01,40728.25,QII87826,GRRGPEQTQGN,274,268.0
191,HLA-A23:01,40741.24,QII87826,NSSRNSTPGSS,191,269.0
18,HLA-A23:01,40749.6,QII87826,GPSDSTGSNQN,18,270.0
112,HLA-A23:01,40771.17,QII87826,LGTGPEAGLPY,112,271.0
132,HLA-A23:01,40791.32,QII87826,VATEGALNTPK,132,272.0
57,HLA-A23:01,40794.22,QII87826,QHGKEDLKFPR,57,273.0
267,HLA-A23:01,40794.34,QII87826,YNVTQAFGRRG,267,274.0
127,HLA-A23:01,40832.42,QII87826,DGIIWVATEGA,127,275.0
300,HLA-A23:01,40839.24,QII87826,WPQIAQFAPSA,300,276.0
245,HLA-A23:01,40899.73,QII87826,VTKKSAAEASK,245,277.0
351,HLA-A23:01,40918.33,QII87826,LLNKHIDAYKT,351,278.0
277,HLA-A23:01,40925.17,QII87826,GPEQTQGNFGD,277,279.0
74,HLA-A23:01,40954.9,QII87826,NTNSSPDDQIG,74,280.0
72,HLA-A23:01,40959.86,QII87826,PINTNSSPDDQ,72,281.0
338,HLA-A23:01,40982.19,QII87826,LDDKDPNFKDQ,338,282.0
180,HLA-A23:01,40992.11,QII87826,QASSRSSSRSR,180,283.0
378,HLA-A23:01,41002.18,QII87826,TQALPQRQKKQ,378,284.0
325,HLA-A23:01,41142.55,QII87826,PSGTWLTYTGA,325,285.0
237,HLA-A23:01,41272.2,QII87826,GQQQQGQTVTK,237,286.0
117,HLA-A23:01,41294.67,QII87826,EAGLPYGANKD,117,287.0
225,HLA-A23:01,41295.64,QII87826,RLNQLESKMSG,225,288.0
65,HLA-A23:01,41302.84,QII87826,FPRGQGVPINT,65,289.0
9,HLA-A23:01,41305.47,QII87826,RNAPRITFGGP,9,290.0
363,HLA-A23:01,41368.44,QII87826,PPTEPKKDKKK,363,291.0
364,HLA-A23:01,41427.63,QII87826,PTEPKKDKKKK,364,292.0
273,HLA-A23:01,41431.87,QII87826,FGRRGPEQTQG,273,293.0
257,HLA-A23:01,41444.48,QII87826,PRQKRTATKAY,257,294.0
226,HLA-A23:01,41498.68,QII87826,LNQLESKMSGK,226,295.0
238,HLA-A23:01,41554.33,QII87826,QQQQGQTVTKK,238,296.0
93,HLA-A23:01,41554.4,QII87826,IRGGDGKMKDL,93,297.0
34,HLA-A23:01,41571.64,QII87826,ARSKQRRPQGL,34,298.0
251,HLA-A23:01,41598.01,QII87826,AEASKKPRQKR,251,299.0
355,HLA-A23:01,41643.84,QII87826,HIDAYKTFPPT,355,300.0
278,HLA-A23:01,41655.04,QII87826,PEQTQGNFGDQ,278,301.0
198,HLA-A23:01,41705.85,QII87826,PGSSRGTSPAR,198,302.0
376,HLA-A23:01,41728.06,QII87826,DETQALPQRQK,376,303.0
232,HLA-A23:01,41742.21,QII87826,KMSGKGQQQQG,232,304.0
22,HLA-A23:01,41744.46,QII87826,STGSNQNGERS,22,305.0
54,HLA-A23:01,41799.35,QII87826,ALTQHGKEDLK,54,306.0
71,HLA-A23:01,41799.38,QII87826,VPINTNSSPDD,71,307.0
333,HLA-A23:01,41810.43,QII87826,TGAIKLDDKDP,333,308.0
79,HLA-A23:01,41812.43,QII87826,PDDQIGYYRRA,79,309.0
153,HLA-A23:01,41823.81,QII87826,NAAIVLQLPQG,153,310.0
26,HLA-A23:01,41830.6,QII87826,NQNGERSGARS,26,311.0
77,HLA-A23:01,41868.38,QII87826,SSPDDQIGYYR,77,312.0
201,HLA-A23:01,41896.82,QII87826,SRGTSPARMAG,201,313.0
271,HLA-A23:01,41902.58,QII87826,QAFGRRGPEQT,271,314.0
289,HLA-A23:01,41990.52,QII87826,ELIRQGTDYKH,289,315.0
91,HLA-A23:01,42011.89,QII87826,RRIRGGDGKMK,91,316.0
5,HLA-A23:01,42018.14,QII87826,PQNQRNAPRIT,5,317.0
246,HLA-A23:01,42021.9,QII87826,TKKSAAEASKK,246,318.0
29,HLA-A23:01,42034.51,QII87826,GERSGARSKQR,29,319.0
408,HLA-A23:01,42052.91,QII87826,QSMSSADSTQA,408,320.0
286,HLA-A23:01,42064.06,QII87826,GDQELIRQGTD,286,321.0
207,HLA-A23:01,42071.73,QII87826,ARMAGNGGDAA,207,322.0
116,HLA-A23:01,42079.05,QII87826,PEAGLPYGANK,116,323.0
59,HLA-A23:01,42085.85,QII87826,GKEDLKFPRGQ,59,324.0
348,HLA-A23:01,42089.06,QII87826,QVILLNKHIDA,348,325.0
138,HLA-A23:01,42123.45,QII87826,LNTPKDHIGTR,138,326.0
145,HLA-A23:01,42133.58,QII87826,IGTRNPANNAA,145,327.0
48,HLA-A23:01,42155.0,QII87826,TASWFTALTQH,48,328.0
171,HLA-A23:01,42166.14,QII87826,YAEGSRGGSQA,171,329.0
187,HLA-A23:01,42199.42,QII87826,SRSRNSSRNST,187,330.0
114,HLA-A23:01,42245.9,QII87826,TGPEAGLPYGA,114,331.0
159,HLA-A23:01,42253.33,QII87826,QLPQGTTLPKG,159,332.0
144,HLA-A23:01,42337.35,QII87826,HIGTRNPANNA,144,333.0
139,HLA-A23:01,42339.6,QII87826,NTPKDHIGTRN,139,334.0
92,HLA-A23:01,42349.87,QII87826,RIRGGDGKMKD,92,335.0
227,HLA-A23:01,42364.6,QII87826,NQLESKMSGKG,227,336.0
318,HLA-A23:01,42402.39,QII87826,RIGMEVTPSGT,318,337.0
80,HLA-A23:01,42415.64,QII87826,DDQIGYYRRAT,80,338.0
323,HLA-A23:01,42430.12,QII87826,VTPSGTWLTYT,323,339.0
377,HLA-A23:01,42444.41,QII87826,ETQALPQRQKK,377,340.0
28,HLA-A23:01,42461.16,QII87826,NGERSGARSKQ,28,341.0
133,HLA-A23:01,42519.98,QII87826,ATEGALNTPKD,133,342.0
174,HLA-A23:01,42567.24,QII87826,GSRGGSQASSR,174,343.0
86,HLA-A23:01,42588.45,QII87826,YRRATRRIRGG,86,344.0
23,HLA-A23:01,42594.58,QII87826,TGSNQNGERSG,23,345.0
126,HLA-A23:01,42607.45,QII87826,KDGIIWVATEG,126,346.0
58,HLA-A23:01,42660.04,QII87826,HGKEDLKFPRG,58,347.0
367,HLA-A23:01,42695.32,QII87826,PKKDKKKKADE,367,348.0
370,HLA-A23:01,42720.28,QII87826,DKKKKADETQA,370,349.0
240,HLA-A23:01,42773.65,QII87826,QQGQTVTKKSA,240,350.0
255,HLA-A23:01,42790.47,QII87826,KKPRQKRTATK,255,351.0
265,HLA-A23:01,42803.62,QII87826,KAYNVTQAFGR,265,352.0
193,HLA-A23:01,42818.0,QII87826,SRNSTPGSSRG,193,353.0
250,HLA-A23:01,42838.98,QII87826,AAEASKKPRQK,250,354.0
52,HLA-A23:01,42867.47,QII87826,FTALTQHGKED,52,355.0
155,HLA-A23:01,42891.54,QII87826,AIVLQLPQGTT,155,356.0
228,HLA-A23:01,42938.14,QII87826,QLESKMSGKGQ,228,357.0
13,HLA-A23:01,42952.03,QII87826,RITFGGPSDST,13,358.0
60,HLA-A23:01,42955.86,QII87826,KEDLKFPRGQG,60,359.0
25,HLA-A23:01,42970.21,QII87826,SNQNGERSGAR,25,360.0
253,HLA-A23:01,43029.87,QII87826,ASKKPRQKRTA,253,361.0
38,HLA-A23:01,43044.9,QII87826,QRRPQGLPNNT,38,362.0
403,HLA-A23:01,43076.48,QII87826,SKQLQQSMSSA,403,363.0
82,HLA-A23:01,43081.14,QII87826,QIGYYRRATRR,82,364.0
287,HLA-A23:01,43082.25,QII87826,DQELIRQGTDY,287,365.0
285,HLA-A23:01,43214.99,QII87826,FGDQELIRQGT,285,366.0
118,HLA-A23:01,43234.33,QII87826,AGLPYGANKDG,118,367.0
96,HLA-A23:01,43238.89,QII87826,GDGKMKDLSPR,96,368.0
382,HLA-A23:01,43255.9,QII87826,PQRQKKQQTVT,382,369.0
1,HLA-A23:01,43288.19,QII87826,SDNGPQNQRNA,1,370.0
236,HLA-A23:01,43329.36,QII87826,KGQQQQGQTVT,236,371.0
205,HLA-A23:01,43359.75,QII87826,SPARMAGNGGD,205,372.0
190,HLA-A23:01,43395.03,QII87826,RNSSRNSTPGS,190,373.0
366,HLA-A23:01,43460.58,QII87826,EPKKDKKKKAD,366,374.0
113,HLA-A23:01,43478.73,QII87826,GTGPEAGLPYG,113,375.0
19,HLA-A23:01,43490.36,QII87826,PSDSTGSNQNG,19,376.0
8,HLA-A23:01,43499.24,QII87826,QRNAPRITFGG,8,377.0
27,HLA-A23:01,43518.83,QII87826,QNGERSGARSK,27,378.0
87,HLA-A23:01,43527.42,QII87826,RRATRRIRGGD,87,379.0
241,HLA-A23:01,43528.41,QII87826,QGQTVTKKSAA,241,380.0
203,HLA-A23:01,43529.28,QII87826,GTSPARMAGNG,203,381.0
345,HLA-A23:01,43549.96,QII87826,FKDQVILLNKH,345,382.0
20,HLA-A23:01,43575.41,QII87826,SDSTGSNQNGE,20,383.0
189,HLA-A23:01,43597.88,QII87826,SRNSSRNSTPG,189,384.0
76,HLA-A23:01,43651.02,QII87826,NSSPDDQIGYY,76,385.0
3,HLA-A23:01,43732.31,QII87826,NGPQNQRNAPR,3,386.0
206,HLA-A23:01,43736.9,QII87826,PARMAGNGGDA,206,387.0
141,HLA-A23:01,43840.53,QII87826,PKDHIGTRNPA,141,388.0
88,HLA-A23:01,43850.1,QII87826,RATRRIRGGDG,88,389.0
380,HLA-A23:01,43894.15,QII87826,ALPQRQKKQQT,380,390.0
33,HLA-A23:01,44032.78,QII87826,GARSKQRRPQG,33,391.0
204,HLA-A23:01,44069.9,QII87826,TSPARMAGNGG,204,392.0
89,HLA-A23:01,44134.65,QII87826,ATRRIRGGDGK,89,393.0
243,HLA-A23:01,44135.12,QII87826,QTVTKKSAAEA,243,394.0
365,HLA-A23:01,44164.39,QII87826,TEPKKDKKKKA,365,395.0
200,HLA-A23:01,44172.07,QII87826,SSRGTSPARMA,200,396.0
75,HLA-A23:01,44172.93,QII87826,TNSSPDDQIGY,75,397.0
21,HLA-A23:01,44190.07,QII87826,DSTGSNQNGER,21,398.0
154,HLA-A23:01,44242.41,QII87826,AAIVLQLPQGT,154,399.0
256,HLA-A23:01,44259.88,QII87826,KPRQKRTATKA,256,400.0
197,HLA-A23:01,44371.13,QII87826,TPGSSRGTSPA,197,401.0
24,HLA-A23:01,44383.49,QII87826,GSNQNGERSGA,24,402.0
194,HLA-A23:01,44557.96,QII87826,RNSTPGSSRGT,194,403.0
137,HLA-A23:01,44681.2,QII87826,ALNTPKDHIGT,137,404.0
234,HLA-A23:01,44690.39,QII87826,SGKGQQQQGQT,234,405.0
368,HLA-A23:01,44707.35,QII87826,KKDKKKKADET,368,406.0
254,HLA-A23:01,44786.48,QII87826,SKKPRQKRTAT,254,407.0
252,HLA-A23:01,44971.81,QII87826,EASKKPRQKRT,252,408.0
134,HLA-A23:01,44989.23,QII87826,TEGALNTPKDH,134,409.0
296,HLA-A24:02,3881.31,QII87826,DYKHWPQIAQF,296,1.0
110,HLA-A24:02,4167.42,QII87826,YYLGTGPEAGL,110,2.0
328,HLA-A24:02,4759.47,QII87826,TWLTYTGAIKL,328,3.0
305,HLA-A24:02,5145.53,QII87826,QFAPSASAFFG,305,4.0
99,HLA-A24:02,5156.44,QII87826,KMKDLSPRWYF,99,5.0
304,HLA-A24:02,5194.3,QII87826,AQFAPSASAFF,304,6.0
121,HLA-A24:02,5209.09,QII87826,PYGANKDGIIW,121,7.0
102,HLA-A24:02,5214.83,QII87826,DLSPRWYFYYL,102,8.0
160,HLA-A24:02,5220.72,QII87826,LPQGTTLPKGF,160,9.0
6,HLA-A24:02,5243.35,QII87826,QNQRNAPRITF,6,10.0
263,HLA-A24:02,5261.11,QII87826,ATKAYNVTQAF,263,11.0
55,HLA-A24:02,5268.6,QII87826,LTQHGKEDLKF,55,12.0
392,HLA-A24:02,5270.31,QII87826,TLLPAADLDDF,392,13.0
275,HLA-A24:02,5287.06,QII87826,RRGPEQTQGNF,275,14.0
303,HLA-A24:02,5288.47,QII87826,IAQFAPSASAF,303,15.0
352,HLA-A24:02,5290.09,QII87826,LNKHIDAYKTF,352,16.0
42,HLA-A24:02,5301.38,QII87826,QGLPNNTASWF,42,17.0
335,HLA-A24:02,5306.76,QII87826,AIKLDDKDPNF,335,18.0
208,HLA-A24:02,5325.78,QII87826,RMAGNGGDAAL,208,19.0
156,HLA-A24:02,5327.9,QII87826,IVLQLPQGTTL,156,20.0
384,HLA-A24:02,5330.31,QII87826,RQKKQQTVTLL,384,21.0
43,HLA-A24:02,5335.69,QII87826,GLPNNTASWFT,43,22.0
383,HLA-A24:02,5339.38,QII87826,QRQKKQQTVTL,383,23.0
342,HLA-A24:02,5339.57,QII87826,DPNFKDQVILL,342,24.0
323,HLA-A24:02,5340.26,QII87826,VTPSGTWLTYT,323,25.0
41,HLA-A24:02,5343.37,QII87826,PQGLPNNTASW,41,26.0
84,HLA-A24:02,5346.71,QII87826,GYYRRATRRIR,84,27.0
341,HLA-A24:02,5347.62,QII87826,KDPNFKDQVIL,341,28.0
322,HLA-A24:02,5348.84,QII87826,EVTPSGTWLTY,322,29.0
319,HLA-A24:02,5351.42,QII87826,IGMEVTPSGTW,319,30.0
34,HLA-A24:02,5352.58,QII87826,ARSKQRRPQGL,34,31.0
56,HLA-A24:02,5352.9,QII87826,TQHGKEDLKFP,56,32.0
75,HLA-A24:02,5353.21,QII87826,TNSSPDDQIGY,75,33.0
306,HLA-A24:02,5353.53,QII87826,FAPSASAFFGM,306,34.0
104,HLA-A24:02,5354.55,QII87826,SPRWYFYYLGT,104,35.0
353,HLA-A24:02,5355.75,QII87826,NKHIDAYKTFP,353,36.0
150,HLA-A24:02,5356.42,QII87826,PANNAAIVLQL,150,37.0
48,HLA-A24:02,5357.91,QII87826,TASWFTALTQH,48,38.0
219,HLA-A24:02,5358.76,QII87826,ALLLLDRLNQL,219,39.0
157,HLA-A24:02,5360.74,QII87826,VLQLPQGTTLP,157,40.0
97,HLA-A24:02,5360.95,QII87826,DGKMKDLSPRW,97,41.0
287,HLA-A24:02,5361.06,QII87826,DQELIRQGTDY,287,42.0
216,HLA-A24:02,5361.32,QII87826,AALALLLLDRL,216,43.0
154,HLA-A24:02,5361.69,QII87826,AAIVLQLPQGT,154,44.0
297,HLA-A24:02,5363.08,QII87826,YKHWPQIAQFA,297,45.0
382,HLA-A24:02,5364.31,QII87826,PQRQKKQQTVT,382,46.0
268,HLA-A24:02,5364.34,QII87826,NVTQAFGRRGP,268,47.0
381,HLA-A24:02,5364.39,QII87826,LPQRQKKQQTV,381,48.0
194,HLA-A24:02,5365.43,QII87826,RNSTPGSSRGT,194,49.0
106,HLA-A24:02,5365.89,QII87826,RWYFYYLGTGP,106,50.0
148,HLA-A24:02,5365.99,QII87826,RNPANNAAIVL,148,51.0
9,HLA-A24:02,5366.22,QII87826,RNAPRITFGGP,9,52.0
137,HLA-A24:02,5366.7,QII87826,ALNTPKDHIGT,137,53.0
213,HLA-A24:02,5366.88,QII87826,GGDAALALLLL,213,54.0
169,HLA-A24:02,5366.96,QII87826,GFYAEGSRGGS,169,55.0
5,HLA-A24:02,5368.11,QII87826,PQNQRNAPRIT,5,56.0
351,HLA-A24:02,5368.24,QII87826,LLNKHIDAYKT,351,57.0
165,HLA-A24:02,5368.58,QII87826,TLPKGFYAEGS,165,58.0
112,HLA-A24:02,5368.71,QII87826,LGTGPEAGLPY,112,59.0
64,HLA-A24:02,5369.31,QII87826,KFPRGQGVPIN,64,60.0
396,HLA-A24:02,5369.42,QII87826,AADLDDFSKQL,396,61.0
46,HLA-A24:02,5369.94,QII87826,NNTASWFTALT,46,62.0
320,HLA-A24:02,5369.96,QII87826,GMEVTPSGTWL,320,63.0
235,HLA-A24:02,5370.52,QII87826,GKGQQQQGQTV,235,64.0
321,HLA-A24:02,5370.69,QII87826,MEVTPSGTWLT,321,65.0
151,HLA-A24:02,5371.1,QII87826,ANNAAIVLQLP,151,66.0
85,HLA-A24:02,5371.13,QII87826,YYRRATRRIRG,85,67.0
187,HLA-A24:02,5371.19,QII87826,SRSRNSSRNST,187,68.0
385,HLA-A24:02,5372.48,QII87826,QKKQQTVTLLP,385,69.0
393,HLA-A24:02,5372.59,QII87826,LLPAADLDDFS,393,70.0
100,HLA-A24:02,5373.37,QII87826,MKDLSPRWYFY,100,71.0
35,HLA-A24:02,5373.72,QII87826,RSKQRRPQGLP,35,72.0
211,HLA-A24:02,5373.8,QII87826,GNGGDAALALL,211,73.0
285,HLA-A24:02,5374.23,QII87826,FGDQELIRQGT,285,74.0
93,HLA-A24:02,5374.27,QII87826,IRGGDGKMKDL,93,75.0
280,HLA-A24:02,5374.44,QII87826,QTQGNFGDQEL,280,76.0
53,HLA-A24:02,5374.78,QII87826,TALTQHGKEDL,53,77.0
212,HLA-A24:02,5374.82,QII87826,NGGDAALALLL,212,78.0
236,HLA-A24:02,5374.95,QII87826,KGQQQQGQTVT,236,79.0
274,HLA-A24:02,5375.2,QII87826,GRRGPEQTQGN,274,80.0
260,HLA-A24:02,5375.44,QII87826,KRTATKAYNVT,260,81.0
234,HLA-A24:02,5375.61,QII87826,SGKGQQQQGQT,234,82.0
290,HLA-A24:02,5375.77,QII87826,LIRQGTDYKHW,290,83.0
318,HLA-A24:02,5375.92,QII87826,RIGMEVTPSGT,318,84.0
65,HLA-A24:02,5376.28,QII87826,FPRGQGVPINT,65,85.0
372,HLA-A24:02,5376.39,QII87826,KKKADETQALP,372,86.0
111,HLA-A24:02,5377.24,QII87826,YLGTGPEAGLP,111,87.0
333,HLA-A24:02,5377.29,QII87826,TGAIKLDDKDP,333,88.0
196,HLA-A24:02,5377.56,QII87826,STPGSSRGTSP,196,89.0
252,HLA-A24:02,5378.08,QII87826,EASKKPRQKRT,252,90.0
130,HLA-A24:02,5378.47,QII87826,IWVATEGALNT,130,91.0
161,HLA-A24:02,5378.62,QII87826,PQGTTLPKGFY,161,92.0
38,HLA-A24:02,5378.64,QII87826,QRRPQGLPNNT,38,93.0
291,HLA-A24:02,5378.78,QII87826,IRQGTDYKHWP,291,94.0
279,HLA-A24:02,5379.22,QII87826,EQTQGNFGDQE,279,95.0
62,HLA-A24:02,5379.93,QII87826,DLKFPRGQGVP,62,96.0
45,HLA-A24:02,5380.1,QII87826,PNNTASWFTAL,45,97.0
389,HLA-A24:02,5380.11,QII87826,QTVTLLPAADL,389,98.0
61,HLA-A24:02,5380.24,QII87826,EDLKFPRGQGV,61,99.0
371,HLA-A24:02,5380.29,QII87826,KKKKADETQAL,371,100.0
406,HLA-A24:02,5380.54,QII87826,LQQSMSSADST,406,101.0
119,HLA-A24:02,5381.41,QII87826,GLPYGANKDGI,119,102.0
271,HLA-A24:02,5381.45,QII87826,QAFGRRGPEQT,271,103.0
13,HLA-A24:02,5381.5,QII87826,RITFGGPSDST,13,104.0
233,HLA-A24:02,5381.7,QII87826,MSGKGQQQQGQ,233,105.0
254,HLA-A24:02,5382.03,QII87826,SKKPRQKRTAT,254,106.0
289,HLA-A24:02,5382.23,QII87826,ELIRQGTDYKH,289,107.0
128,HLA-A24:02,5382.26,QII87826,GIIWVATEGAL,128,108.0
259,HLA-A24:02,5382.42,QII87826,QKRTATKAYNV,259,109.0
76,HLA-A24:02,5382.76,QII87826,NSSPDDQIGYY,76,110.0
140,HLA-A24:02,5382.79,QII87826,TPKDHIGTRNP,140,111.0
103,HLA-A24:02,5382.8,QII87826,LSPRWYFYYLG,103,112.0
315,HLA-A24:02,5383.23,QII87826,GMSRIGMEVTP,315,113.0
258,HLA-A24:02,5383.42,QII87826,RQKRTATKAYN,258,114.0
343,HLA-A24:02,5383.7,QII87826,PNFKDQVILLN,343,115.0
80,HLA-A24:02,5383.77,QII87826,DDQIGYYRRAT,80,116.0
281,HLA-A24:02,5383.78,QII87826,TQGNFGDQELI,281,117.0
15,HLA-A24:02,5383.8,QII87826,TFGGPSDSTGS,15,118.0
69,HLA-A24:02,5383.83,QII87826,QGVPINTNSSP,69,119.0
36,HLA-A24:02,5383.96,QII87826,SKQRRPQGLPN,36,120.0
95,HLA-A24:02,5384.39,QII87826,GGDGKMKDLSP,95,121.0
202,HLA-A24:02,5384.64,QII87826,RGTSPARMAGN,202,122.0
188,HLA-A24:02,5384.91,QII87826,RSRNSSRNSTP,188,123.0
261,HLA-A24:02,5385.11,QII87826,RTATKAYNVTQ,261,124.0
18,HLA-A24:02,5385.63,QII87826,GPSDSTGSNQN,18,125.0
247,HLA-A24:02,5386.14,QII87826,KKSAAEASKKP,247,126.0
120,HLA-A24:02,5386.34,QII87826,LPYGANKDGII,120,127.0
101,HLA-A24:02,5386.58,QII87826,KDLSPRWYFYY,101,128.0
277,HLA-A24:02,5387.03,QII87826,GPEQTQGNFGD,277,129.0
37,HLA-A24:02,5387.3,QII87826,KQRRPQGLPNN,37,130.0
355,HLA-A24:02,5387.3,QII87826,HIDAYKTFPPT,355,130.0
7,HLA-A24:02,5387.69,QII87826,NQRNAPRITFG,7,132.0
339,HLA-A24:02,5387.87,QII87826,DDKDPNFKDQV,339,133.0
231,HLA-A24:02,5388.0,QII87826,SKMSGKGQQQQ,231,134.0
147,HLA-A24:02,5388.09,QII87826,TRNPANNAAIV,147,135.0
314,HLA-A24:02,5388.31,QII87826,FGMSRIGMEVT,314,136.0
66,HLA-A24:02,5388.36,QII87826,PRGQGVPINTN,66,137.0
298,HLA-A24:02,5388.82,QII87826,KHWPQIAQFAP,298,138.0
230,HLA-A24:02,5389.64,QII87826,ESKMSGKGQQQ,230,139.0
334,HLA-A24:02,5389.72,QII87826,GAIKLDDKDPN,334,140.0
257,HLA-A24:02,5389.85,QII87826,PRQKRTATKAY,257,141.0
251,HLA-A24:02,5390.24,QII87826,AEASKKPRQKR,251,142.0
349,HLA-A24:02,5390.46,QII87826,VILLNKHIDAY,349,143.0
2,HLA-A24:02,5390.48,QII87826,DNGPQNQRNAP,2,144.0
155,HLA-A24:02,5390.74,QII87826,AIVLQLPQGTT,155,145.0
129,HLA-A24:02,5390.96,QII87826,IIWVATEGALN,129,146.0
20,HLA-A24:02,5391.02,QII87826,SDSTGSNQNGE,20,147.0
87,HLA-A24:02,5391.26,QII87826,RRATRRIRGGD,87,148.0
365,HLA-A24:02,5391.36,QII87826,TEPKKDKKKKA,365,149.0
276,HLA-A24:02,5391.43,QII87826,RGPEQTQGNFG,276,150.0
357,HLA-A24:02,5391.43,QII87826,DAYKTFPPTEP,357,150.0
210,HLA-A24:02,5391.49,QII87826,AGNGGDAALAL,210,152.0
78,HLA-A24:02,5391.7,QII87826,SPDDQIGYYRR,78,153.0
135,HLA-A24:02,5391.98,QII87826,EGALNTPKDHI,135,154.0
264,HLA-A24:02,5392.19,QII87826,TKAYNVTQAFG,264,155.0
228,HLA-A24:02,5392.22,QII87826,QLESKMSGKGQ,228,156.0
134,HLA-A24:02,5392.35,QII87826,TEGALNTPKDH,134,157.0
73,HLA-A24:02,5392.37,QII87826,INTNSSPDDQI,73,158.0
313,HLA-A24:02,5392.51,QII87826,FFGMSRIGMEV,313,159.0
345,HLA-A24:02,5392.68,QII87826,FKDQVILLNKH,345,160.0
346,HLA-A24:02,5392.88,QII87826,KDQVILLNKHI,346,161.0
294,HLA-A24:02,5392.91,QII87826,GTDYKHWPQIA,294,162.0
340,HLA-A24:02,5392.95,QII87826,DKDPNFKDQVI,340,163.0
70,HLA-A24:02,5393.14,QII87826,GVPINTNSSPD,70,164.0
205,HLA-A24:02,5393.19,QII87826,SPARMAGNGGD,205,165.0
63,HLA-A24:02,5393.59,QII87826,LKFPRGQGVPI,63,166.0
368,HLA-A24:02,5393.62,QII87826,KKDKKKKADET,368,167.0
229,HLA-A24:02,5393.83,QII87826,LESKMSGKGQQ,229,168.0
380,HLA-A24:02,5394.69,QII87826,ALPQRQKKQQT,380,169.0
143,HLA-A24:02,5395.03,QII87826,DHIGTRNPANN,143,170.0
369,HLA-A24:02,5395.26,QII87826,KDKKKKADETQ,369,171.0
131,HLA-A24:02,5395.36,QII87826,WVATEGALNTP,131,172.0
47,HLA-A24:02,5395.61,QII87826,NTASWFTALTQ,47,173.0
293,HLA-A24:02,5395.7,QII87826,QGTDYKHWPQI,293,174.0
31,HLA-A24:02,5395.71,QII87826,RSGARSKQRRP,31,175.0
124,HLA-A24:02,5395.77,QII87826,ANKDGIIWVAT,124,176.0
329,HLA-A24:02,5395.82,QII87826,WLTYTGAIKLD,329,177.0
114,HLA-A24:02,5395.89,QII87826,TGPEAGLPYGA,114,178.0
170,HLA-A24:02,5395.92,QII87826,FYAEGSRGGSQ,170,179.0
10,HLA-A24:02,5396.1,QII87826,NAPRITFGGPS,10,180.0
50,HLA-A24:02,5396.44,QII87826,SWFTALTQHGK,50,181.0
354,HLA-A24:02,5397.23,QII87826,KHIDAYKTFPP,354,182.0
262,HLA-A24:02,5397.35,QII87826,TATKAYNVTQA,262,183.0
265,HLA-A24:02,5397.35,QII87826,KAYNVTQAFGR,265,183.0
309,HLA-A24:02,5397.35,QII87826,SASAFFGMSRI,309,183.0
397,HLA-A24:02,5397.48,QII87826,ADLDDFSKQLQ,397,186.0
139,HLA-A24:02,5397.54,QII87826,NTPKDHIGTRN,139,187.0
185,HLA-A24:02,5397.87,QII87826,SSSRSRNSSRN,185,188.0
390,HLA-A24:02,5398.08,QII87826,TVTLLPAADLD,390,189.0
17,HLA-A24:02,5398.15,QII87826,GGPSDSTGSNQ,17,190.0
0,HLA-A24:02,5398.38,QII87826,MSDNGPQNQRN,0,191.0
29,HLA-A24:02,5398.76,QII87826,GERSGARSKQR,29,192.0
379,HLA-A24:02,5398.77,QII87826,QALPQRQKKQQ,379,193.0
162,HLA-A24:02,5398.84,QII87826,QGTTLPKGFYA,162,194.0
83,HLA-A24:02,5398.85,QII87826,IGYYRRATRRI,83,195.0
16,HLA-A24:02,5399.24,QII87826,FGGPSDSTGSN,16,196.0
217,HLA-A24:02,5399.37,QII87826,ALALLLLDRLN,217,197.0
307,HLA-A24:02,5399.72,QII87826,APSASAFFGMS,307,198.0
283,HLA-A24:02,5399.74,QII87826,GNFGDQELIRQ,283,199.0
401,HLA-A24:02,5399.75,QII87826,DFSKQLQQSMS,401,200.0
30,HLA-A24:02,5399.95,QII87826,ERSGARSKQRR,30,201.0
181,HLA-A24:02,5400.4,QII87826,ASSRSSSRSRN,181,202.0
286,HLA-A24:02,5400.46,QII87826,GDQELIRQGTD,286,203.0
378,HLA-A24:02,5400.58,QII87826,TQALPQRQKKQ,378,204.0
39,HLA-A24:02,5401.42,QII87826,RRPQGLPNNTA,39,205.0
295,HLA-A24:02,5401.45,QII87826,TDYKHWPQIAQ,295,206.0
59,HLA-A24:02,5401.59,QII87826,GKEDLKFPRGQ,59,207.0
347,HLA-A24:02,5401.89,QII87826,DQVILLNKHID,347,208.0
278,HLA-A24:02,5402.01,QII87826,PEQTQGNFGDQ,278,209.0
1,HLA-A24:02,5402.15,QII87826,SDNGPQNQRNA,1,210.0
325,HLA-A24:02,5402.49,QII87826,PSGTWLTYTGA,325,211.0
71,HLA-A24:02,5402.51,QII87826,VPINTNSSPDD,71,212.0
163,HLA-A24:02,5402.82,QII87826,GTTLPKGFYAE,163,213.0
107,HLA-A24:02,5402.87,QII87826,WYFYYLGTGPE,107,214.0
79,HLA-A24:02,5402.89,QII87826,PDDQIGYYRRA,79,215.0
366,HLA-A24:02,5402.9,QII87826,EPKKDKKKKAD,366,216.0
214,HLA-A24:02,5403.22,QII87826,GDAALALLLLD,214,217.0
407,HLA-A24:02,5403.23,QII87826,QQSMSSADSTQ,407,218.0
408,HLA-A24:02,5403.33,QII87826,QSMSSADSTQA,408,219.0
356,HLA-A24:02,5403.38,QII87826,IDAYKTFPPTE,356,220.0
240,HLA-A24:02,5403.41,QII87826,QQGQTVTKKSA,240,221.0
105,HLA-A24:02,5403.76,QII87826,PRWYFYYLGTG,105,222.0
330,HLA-A24:02,5403.76,QII87826,LTYTGAIKLDD,330,222.0
11,HLA-A24:02,5403.9,QII87826,APRITFGGPSD,11,224.0
370,HLA-A24:02,5403.92,QII87826,DKKKKADETQA,370,225.0
269,HLA-A24:02,5404.18,QII87826,VTQAFGRRGPE,269,226.0
171,HLA-A24:02,5404.26,QII87826,YAEGSRGGSQA,171,227.0
115,HLA-A24:02,5404.33,QII87826,GPEAGLPYGAN,115,228.0
253,HLA-A24:02,5404.37,QII87826,ASKKPRQKRTA,253,229.0
180,HLA-A24:02,5404.42,QII87826,QASSRSSSRSR,180,230.0
308,HLA-A24:02,5404.42,QII87826,PSASAFFGMSR,308,230.0
367,HLA-A24:02,5404.54,QII87826,PKKDKKKKADE,367,232.0
398,HLA-A24:02,5404.58,QII87826,DLDDFSKQLQQ,398,233.0
184,HLA-A24:02,5404.67,QII87826,RSSSRSRNSSR,184,234.0
326,HLA-A24:02,5404.77,QII87826,SGTWLTYTGAI,326,235.0
256,HLA-A24:02,5404.89,QII87826,KPRQKRTATKA,256,236.0
122,HLA-A24:02,5405.17,QII87826,YGANKDGIIWV,122,237.0
391,HLA-A24:02,5405.56,QII87826,VTLLPAADLDD,391,238.0
204,HLA-A24:02,5405.71,QII87826,TSPARMAGNGG,204,239.0
311,HLA-A24:02,5405.95,QII87826,SAFFGMSRIGM,311,240.0
142,HLA-A24:02,5405.97,QII87826,KDHIGTRNPAN,142,241.0
109,HLA-A24:02,5406.03,QII87826,FYYLGTGPEAG,109,242.0
44,HLA-A24:02,5406.15,QII87826,LPNNTASWFTA,44,243.0
399,HLA-A24:02,5406.24,QII87826,LDDFSKQLQQS,399,244.0
24,HLA-A24:02,5406.25,QII87826,GSNQNGERSGA,24,245.0
190,HLA-A24:02,5406.34,QII87826,RNSSRNSTPGS,190,246.0
327,HLA-A24:02,5406.41,QII87826,GTWLTYTGAIK,327,247.0
332,HLA-A24:02,5406.42,QII87826,YTGAIKLDDKD,332,248.0
375,HLA-A24:02,5406.43,QII87826,ADETQALPQRQ,375,249.0
178,HLA-A24:02,5406.51,QII87826,GSQASSRSSSR,178,250.0
206,HLA-A24:02,5406.59,QII87826,PARMAGNGGDA,206,251.0
149,HLA-A24:02,5406.7,QII87826,NPANNAAIVLQ,149,252.0
197,HLA-A24:02,5406.91,QII87826,TPGSSRGTSPA,197,253.0
144,HLA-A24:02,5406.92,QII87826,HIGTRNPANNA,144,254.0
404,HLA-A24:02,5407.32,QII87826,KQLQQSMSSAD,404,255.0
168,HLA-A24:02,5407.69,QII87826,KGFYAEGSRGG,168,256.0
310,HLA-A24:02,5407.81,QII87826,ASAFFGMSRIG,310,257.0
249,HLA-A24:02,5408.12,QII87826,SAAEASKKPRQ,249,258.0
81,HLA-A24:02,5408.34,QII87826,DQIGYYRRATR,81,259.0
400,HLA-A24:02,5408.93,QII87826,DDFSKQLQQSM,400,260.0
72,HLA-A24:02,5409.09,QII87826,PINTNSSPDDQ,72,261.0
12,HLA-A24:02,5409.24,QII87826,PRITFGGPSDS,12,262.0
348,HLA-A24:02,5409.38,QII87826,QVILLNKHIDA,348,263.0
127,HLA-A24:02,5409.4,QII87826,DGIIWVATEGA,127,264.0
141,HLA-A24:02,5409.75,QII87826,PKDHIGTRNPA,141,265.0
125,HLA-A24:02,5409.76,QII87826,NKDGIIWVATE,125,266.0
200,HLA-A24:02,5409.79,QII87826,SSRGTSPARMA,200,267.0
403,HLA-A24:02,5410.12,QII87826,SKQLQQSMSSA,403,268.0
218,HLA-A24:02,5410.6,QII87826,LALLLLDRLNQ,218,269.0
300,HLA-A24:02,5410.66,QII87826,WPQIAQFAPSA,300,270.0
74,HLA-A24:02,5410.76,QII87826,NTNSSPDDQIG,74,271.0
395,HLA-A24:02,5410.89,QII87826,PAADLDDFSKQ,395,272.0
373,HLA-A24:02,5410.93,QII87826,KKADETQALPQ,373,273.0
32,HLA-A24:02,5411.16,QII87826,SGARSKQRRPQ,32,274.0
98,HLA-A24:02,5411.24,QII87826,GKMKDLSPRWY,98,275.0
179,HLA-A24:02,5411.43,QII87826,SQASSRSSSRS,179,276.0
28,HLA-A24:02,5411.64,QII87826,NGERSGARSKQ,28,277.0
272,HLA-A24:02,5411.72,QII87826,AFGRRGPEQTQ,272,278.0
374,HLA-A24:02,5411.75,QII87826,KADETQALPQR,374,279.0
220,HLA-A24:02,5411.86,QII87826,LLLLDRLNQLE,220,280.0
386,HLA-A24:02,5412.11,QII87826,KKQQTVTLLPA,386,281.0
146,HLA-A24:02,5412.29,QII87826,GTRNPANNAAI,146,282.0
117,HLA-A24:02,5412.32,QII87826,EAGLPYGANKD,117,283.0
152,HLA-A24:02,5412.36,QII87826,NNAAIVLQLPQ,152,284.0
239,HLA-A24:02,5412.7,QII87826,QQQGQTVTKKS,239,285.0
175,HLA-A24:02,5413.0,QII87826,SRGGSQASSRS,175,286.0
67,HLA-A24:02,5413.01,QII87826,RGQGVPINTNS,67,287.0
302,HLA-A24:02,5413.13,QII87826,QIAQFAPSASA,302,288.0
136,HLA-A24:02,5413.23,QII87826,GALNTPKDHIG,136,289.0
301,HLA-A24:02,5413.25,QII87826,PQIAQFAPSAS,301,290.0
52,HLA-A24:02,5413.44,QII87826,FTALTQHGKED,52,291.0
192,HLA-A24:02,5413.53,QII87826,SSRNSTPGSSR,192,292.0
113,HLA-A24:02,5413.54,QII87826,GTGPEAGLPYG,113,293.0
108,HLA-A24:02,5413.65,QII87826,YFYYLGTGPEA,108,294.0
172,HLA-A24:02,5414.06,QII87826,AEGSRGGSQAS,172,295.0
8,HLA-A24:02,5414.18,QII87826,QRNAPRITFGG,8,296.0
164,HLA-A24:02,5414.23,QII87826,TTLPKGFYAEG,164,297.0
282,HLA-A24:02,5414.31,QII87826,QGNFGDQELIR,282,298.0
242,HLA-A24:02,5414.49,QII87826,GQTVTKKSAAE,242,299.0
292,HLA-A24:02,5414.57,QII87826,RQGTDYKHWPQ,292,300.0
96,HLA-A24:02,5414.7,QII87826,GDGKMKDLSPR,96,301.0
92,HLA-A24:02,5414.78,QII87826,RIRGGDGKMKD,92,302.0
255,HLA-A24:02,5414.95,QII87826,KKPRQKRTATK,255,303.0
88,HLA-A24:02,5415.19,QII87826,RATRRIRGGDG,88,304.0
189,HLA-A24:02,5415.22,QII87826,SRNSSRNSTPG,189,305.0
336,HLA-A24:02,5415.31,QII87826,IKLDDKDPNFK,336,306.0
174,HLA-A24:02,5415.35,QII87826,GSRGGSQASSR,174,307.0
195,HLA-A24:02,5415.41,QII87826,NSTPGSSRGTS,195,308.0
186,HLA-A24:02,5415.55,QII87826,SSRSRNSSRNS,186,309.0
316,HLA-A24:02,5415.57,QII87826,MSRIGMEVTPS,316,310.0
338,HLA-A24:02,5415.62,QII87826,LDDKDPNFKDQ,338,311.0
176,HLA-A24:02,5415.7,QII87826,RGGSQASSRSS,176,312.0
4,HLA-A24:02,5415.72,QII87826,GPQNQRNAPRI,4,313.0
241,HLA-A24:02,5415.78,QII87826,QGQTVTKKSAA,241,314.0
209,HLA-A24:02,5415.8,QII87826,MAGNGGDAALA,209,315.0
82,HLA-A24:02,5415.89,QII87826,QIGYYRRATRR,82,316.0
145,HLA-A24:02,5415.96,QII87826,IGTRNPANNAA,145,317.0
388,HLA-A24:02,5416.23,QII87826,QQTVTLLPAAD,388,318.0
267,HLA-A24:02,5416.26,QII87826,YNVTQAFGRRG,267,319.0
183,HLA-A24:02,5416.44,QII87826,SRSSSRSRNSS,183,320.0
133,HLA-A24:02,5416.96,QII87826,ATEGALNTPKD,133,321.0
248,HLA-A24:02,5417.08,QII87826,KSAAEASKKPR,248,322.0
19,HLA-A24:02,5417.42,QII87826,PSDSTGSNQNG,19,323.0
207,HLA-A24:02,5417.54,QII87826,ARMAGNGGDAA,207,324.0
203,HLA-A24:02,5417.73,QII87826,GTSPARMAGNG,203,325.0
77,HLA-A24:02,5417.81,QII87826,SSPDDQIGYYR,77,326.0
94,HLA-A24:02,5417.84,QII87826,RGGDGKMKDLS,94,327.0
86,HLA-A24:02,5417.85,QII87826,YRRATRRIRGG,86,328.0
324,HLA-A24:02,5417.89,QII87826,TPSGTWLTYTG,324,329.0
237,HLA-A24:02,5418.07,QII87826,GQQQQGQTVTK,237,330.0
138,HLA-A24:02,5418.16,QII87826,LNTPKDHIGTR,138,331.0
284,HLA-A24:02,5418.19,QII87826,NFGDQELIRQG,284,332.0
40,HLA-A24:02,5418.38,QII87826,RPQGLPNNTAS,40,333.0
51,HLA-A24:02,5418.74,QII87826,WFTALTQHGKE,51,334.0
177,HLA-A24:02,5419.38,QII87826,GGSQASSRSSS,177,335.0
123,HLA-A24:02,5419.41,QII87826,GANKDGIIWVA,123,336.0
182,HLA-A24:02,5419.77,QII87826,SSRSSSRSRNS,182,337.0
387,HLA-A24:02,5419.88,QII87826,KQQTVTLLPAA,387,338.0
243,HLA-A24:02,5420.3,QII87826,QTVTKKSAAEA,243,339.0
376,HLA-A24:02,5420.44,QII87826,DETQALPQRQK,376,340.0
198,HLA-A24:02,5420.71,QII87826,PGSSRGTSPAR,198,341.0
68,HLA-A24:02,5420.75,QII87826,GQGVPINTNSS,68,342.0
193,HLA-A24:02,5420.78,QII87826,SRNSTPGSSRG,193,343.0
360,HLA-A24:02,5421.02,QII87826,KTFPPTEPKKD,360,344.0
232,HLA-A24:02,5421.28,QII87826,KMSGKGQQQQG,232,345.0
153,HLA-A24:02,5421.84,QII87826,NAAIVLQLPQG,153,346.0
201,HLA-A24:02,5422.26,QII87826,SRGTSPARMAG,201,347.0
49,HLA-A24:02,5422.32,QII87826,ASWFTALTQHG,49,348.0
116,HLA-A24:02,5422.37,QII87826,PEAGLPYGANK,116,349.0
132,HLA-A24:02,5422.45,QII87826,VATEGALNTPK,132,350.0
14,HLA-A24:02,5422.6,QII87826,ITFGGPSDSTG,14,351.0
337,HLA-A24:02,5422.64,QII87826,KLDDKDPNFKD,337,352.0
173,HLA-A24:02,5422.74,QII87826,EGSRGGSQASS,173,353.0
191,HLA-A24:02,5423.01,QII87826,NSSRNSTPGSS,191,354.0
22,HLA-A24:02,5423.11,QII87826,STGSNQNGERS,22,355.0
166,HLA-A24:02,5423.5,QII87826,LPKGFYAEGSR,166,356.0
402,HLA-A24:02,5423.58,QII87826,FSKQLQQSMSS,402,357.0
226,HLA-A24:02,5423.63,QII87826,LNQLESKMSGK,226,358.0
167,HLA-A24:02,5423.76,QII87826,PKGFYAEGSRG,167,359.0
344,HLA-A24:02,5424.09,QII87826,NFKDQVILLNK,344,360.0
118,HLA-A24:02,5424.28,QII87826,AGLPYGANKDG,118,361.0
312,HLA-A24:02,5424.46,QII87826,AFFGMSRIGME,312,362.0
21,HLA-A24:02,5424.93,QII87826,DSTGSNQNGER,21,363.0
227,HLA-A24:02,5424.99,QII87826,NQLESKMSGKG,227,364.0
126,HLA-A24:02,5425.67,QII87826,KDGIIWVATEG,126,365.0
238,HLA-A24:02,5425.9,QII87826,QQQQGQTVTKK,238,366.0
244,HLA-A24:02,5425.92,QII87826,TVTKKSAAEAS,244,367.0
223,HLA-A24:02,5426.15,QII87826,LDRLNQLESKM,223,368.0
60,HLA-A24:02,5426.24,QII87826,KEDLKFPRGQG,60,369.0
199,HLA-A24:02,5426.33,QII87826,GSSRGTSPARM,199,370.0
405,HLA-A24:02,5426.36,QII87826,QLQQSMSSADS,405,371.0
23,HLA-A24:02,5426.79,QII87826,TGSNQNGERSG,23,372.0
361,HLA-A24:02,5426.87,QII87826,TFPPTEPKKDK,361,373.0
288,HLA-A24:02,5427.03,QII87826,QELIRQGTDYK,288,374.0
26,HLA-A24:02,5427.29,QII87826,NQNGERSGARS,26,375.0
224,HLA-A24:02,5427.89,QII87826,DRLNQLESKMS,224,376.0
317,HLA-A24:02,5428.16,QII87826,SRIGMEVTPSG,317,377.0
25,HLA-A24:02,5428.2,QII87826,SNQNGERSGAR,25,378.0
362,HLA-A24:02,5428.29,QII87826,FPPTEPKKDKK,362,379.0
57,HLA-A24:02,5428.94,QII87826,QHGKEDLKFPR,57,380.0
90,HLA-A24:02,5429.59,QII87826,TRRIRGGDGKM,90,381.0
91,HLA-A24:02,5429.61,QII87826,RRIRGGDGKMK,91,382.0
225,HLA-A24:02,5429.82,QII87826,RLNQLESKMSG,225,383.0
58,HLA-A24:02,5429.84,QII87826,HGKEDLKFPRG,58,384.0
377,HLA-A24:02,5430.0,QII87826,ETQALPQRQKK,377,385.0
273,HLA-A24:02,5430.03,QII87826,FGRRGPEQTQG,273,386.0
215,HLA-A24:02,5430.05,QII87826,DAALALLLLDR,215,387.0
270,HLA-A24:02,5430.95,QII87826,TQAFGRRGPEQ,270,388.0
359,HLA-A24:02,5431.0,QII87826,YKTFPPTEPKK,359,389.0
89,HLA-A24:02,5431.39,QII87826,ATRRIRGGDGK,89,390.0
33,HLA-A24:02,5431.4,QII87826,GARSKQRRPQG,33,391.0
3,HLA-A24:02,5432.76,QII87826,NGPQNQRNAPR,3,392.0
394,HLA-A24:02,5433.18,QII87826,LPAADLDDFSK,394,393.0
54,HLA-A24:02,5434.91,QII87826,ALTQHGKEDLK,54,394.0
246,HLA-A24:02,5435.2,QII87826,TKKSAAEASKK,246,395.0
158,HLA-A24:02,5435.58,QII87826,LQLPQGTTLPK,158,396.0
363,HLA-A24:02,5435.69,QII87826,PPTEPKKDKKK,363,397.0
358,HLA-A24:02,5436.03,QII87826,AYKTFPPTEPK,358,398.0
221,HLA-A24:02,5436.18,QII87826,LLLDRLNQLES,221,399.0
159,HLA-A24:02,5436.7,QII87826,QLPQGTTLPKG,159,400.0
350,HLA-A24:02,5436.72,QII87826,ILLNKHIDAYK,350,401.0
364,HLA-A24:02,5440.68,QII87826,PTEPKKDKKKK,364,402.0
245,HLA-A24:02,5444.28,QII87826,VTKKSAAEASK,245,403.0
250,HLA-A24:02,5444.32,QII87826,AAEASKKPRQK,250,404.0
331,HLA-A24:02,5446.28,QII87826,TYTGAIKLDDK,331,405.0
27,HLA-A24:02,5447.01,QII87826,QNGERSGARSK,27,406.0
222,HLA-A24:02,5452.23,QII87826,LLDRLNQLESK,222,407.0
299,HLA-A24:02,5461.85,QII87826,HWPQIAQFAPS,299,408.0
266,HLA-A24:02,5667.93,QII87826,AYNVTQAFGRR,266,409.0
327,HLA-A03:01,4671.17,QII87826,GTWLTYTGAIK,327,1.0
265,HLA-A03:01,5140.24,QII87826,KAYNVTQAFGR,265,2.0
350,HLA-A03:01,5235.25,QII87826,ILLNKHIDAYK,350,3.0
156,HLA-A03:01,5415.92,QII87826,IVLQLPQGTTL,156,4.0
89,HLA-A03:01,5423.24,QII87826,ATRRIRGGDGK,89,5.0
323,HLA-A03:01,5473.9,QII87826,VTPSGTWLTYT,323,6.0
208,HLA-A03:01,5498.58,QII87826,RMAGNGGDAAL,208,7.0
219,HLA-A03:01,5520.39,QII87826,ALLLLDRLNQL,219,8.0
128,HLA-A03:01,5534.94,QII87826,GIIWVATEGAL,128,9.0
392,HLA-A03:01,5548.68,QII87826,TLLPAADLDDF,392,10.0
43,HLA-A03:01,5555.37,QII87826,GLPNNTASWFT,43,11.0
158,HLA-A03:01,5558.42,QII87826,LQLPQGTTLPK,158,12.0
213,HLA-A03:01,5561.89,QII87826,GGDAALALLLL,213,13.0
148,HLA-A03:01,5562.1,QII87826,RNPANNAAIVL,148,14.0
342,HLA-A03:01,5562.71,QII87826,DPNFKDQVILL,342,15.0
54,HLA-A03:01,5563.89,QII87826,ALTQHGKEDLK,54,16.0
328,HLA-A03:01,5566.67,QII87826,TWLTYTGAIKL,328,17.0
384,HLA-A03:01,5567.05,QII87826,RQKKQQTVTLL,384,18.0
212,HLA-A03:01,5574.19,QII87826,NGGDAALALLL,212,19.0
211,HLA-A03:01,5576.22,QII87826,GNGGDAALALL,211,20.0
214,HLA-A03:01,5577.79,QII87826,GDAALALLLLD,214,21.0
355,HLA-A03:01,5582.26,QII87826,HIDAYKTFPPT,355,22.0
318,HLA-A03:01,5584.91,QII87826,RIGMEVTPSGT,318,23.0
216,HLA-A03:01,5589.01,QII87826,AALALLLLDRL,216,24.0
320,HLA-A03:01,5590.02,QII87826,GMEVTPSGTWL,320,25.0
76,HLA-A03:01,5591.99,QII87826,NSSPDDQIGYY,76,26.0
150,HLA-A03:01,5592.07,QII87826,PANNAAIVLQL,150,27.0
210,HLA-A03:01,5593.72,QII87826,AGNGGDAALAL,210,28.0
102,HLA-A03:01,5594.47,QII87826,DLSPRWYFYYL,102,29.0
93,HLA-A03:01,5598.75,QII87826,IRGGDGKMKDL,93,30.0
331,HLA-A03:01,5599.12,QII87826,TYTGAIKLDDK,331,31.0
45,HLA-A03:01,5599.26,QII87826,PNNTASWFTAL,45,32.0
110,HLA-A03:01,5599.91,QII87826,YYLGTGPEAGL,110,33.0
341,HLA-A03:01,5599.97,QII87826,KDPNFKDQVIL,341,34.0
87,HLA-A03:01,5601.2,QII87826,RRATRRIRGGD,87,35.0
383,HLA-A03:01,5603.48,QII87826,QRQKKQQTVTL,383,36.0
368,HLA-A03:01,5605.63,QII87826,KKDKKKKADET,368,37.0
321,HLA-A03:01,5605.84,QII87826,MEVTPSGTWLT,321,38.0
222,HLA-A03:01,5606.29,QII87826,LLDRLNQLESK,222,39.0
389,HLA-A03:01,5606.93,QII87826,QTVTLLPAADL,389,40.0
314,HLA-A03:01,5607.13,QII87826,FGMSRIGMEVT,314,41.0
260,HLA-A03:01,5607.32,QII87826,KRTATKAYNVT,260,42.0
47,HLA-A03:01,5607.43,QII87826,NTASWFTALTQ,47,43.0
286,HLA-A03:01,5607.73,QII87826,GDQELIRQGTD,286,44.0
86,HLA-A03:01,5608.19,QII87826,YRRATRRIRGG,86,45.0
218,HLA-A03:01,5608.47,QII87826,LALLLLDRLNQ,218,46.0
122,HLA-A03:01,5608.91,QII87826,YGANKDGIIWV,122,47.0
329,HLA-A03:01,5609.33,QII87826,WLTYTGAIKLD,329,48.0
371,HLA-A03:01,5609.72,QII87826,KKKKADETQAL,371,49.0
106,HLA-A03:01,5610.45,QII87826,RWYFYYLGTGP,106,50.0
124,HLA-A03:01,5611.46,QII87826,ANKDGIIWVAT,124,51.0
46,HLA-A03:01,5611.51,QII87826,NNTASWFTALT,46,52.0
151,HLA-A03:01,5611.86,QII87826,ANNAAIVLQLP,151,53.0
39,HLA-A03:01,5612.51,QII87826,RRPQGLPNNTA,39,54.0
53,HLA-A03:01,5612.54,QII87826,TALTQHGKEDL,53,55.0
395,HLA-A03:01,5612.57,QII87826,PAADLDDFSKQ,395,56.0
361,HLA-A03:01,5613.22,QII87826,TFPPTEPKKDK,361,57.0
118,HLA-A03:01,5613.23,QII87826,AGLPYGANKDG,118,58.0
104,HLA-A03:01,5613.25,QII87826,SPRWYFYYLGT,104,59.0
347,HLA-A03:01,5613.74,QII87826,DQVILLNKHID,347,60.0
283,HLA-A03:01,5614.1,QII87826,GNFGDQELIRQ,283,61.0
344,HLA-A03:01,5614.29,QII87826,NFKDQVILLNK,344,62.0
34,HLA-A03:01,5614.39,QII87826,ARSKQRRPQGL,34,63.0
132,HLA-A03:01,5614.5,QII87826,VATEGALNTPK,132,64.0
236,HLA-A03:01,5614.69,QII87826,KGQQQQGQTVT,236,65.0
391,HLA-A03:01,5614.85,QII87826,VTLLPAADLDD,391,66.0
130,HLA-A03:01,5614.91,QII87826,IWVATEGALNT,130,67.0
126,HLA-A03:01,5615.77,QII87826,KDGIIWVATEG,126,68.0
267,HLA-A03:01,5615.8,QII87826,YNVTQAFGRRG,267,69.0
332,HLA-A03:01,5615.99,QII87826,YTGAIKLDDKD,332,70.0
277,HLA-A03:01,5616.02,QII87826,GPEQTQGNFGD,277,71.0
278,HLA-A03:01,5616.07,QII87826,PEQTQGNFGDQ,278,72.0
85,HLA-A03:01,5616.34,QII87826,YYRRATRRIRG,85,73.0
358,HLA-A03:01,5616.5,QII87826,AYKTFPPTEPK,358,74.0
217,HLA-A03:01,5616.71,QII87826,ALALLLLDRLN,217,75.0
284,HLA-A03:01,5617.25,QII87826,NFGDQELIRQG,284,76.0
157,HLA-A03:01,5617.63,QII87826,VLQLPQGTTLP,157,77.0
330,HLA-A03:01,5617.63,QII87826,LTYTGAIKLDD,330,77.0
215,HLA-A03:01,5617.75,QII87826,DAALALLLLDR,215,79.0
256,HLA-A03:01,5618.05,QII87826,KPRQKRTATKA,256,80.0
324,HLA-A03:01,5618.06,QII87826,TPSGTWLTYTG,324,81.0
226,HLA-A03:01,5618.97,QII87826,LNQLESKMSGK,226,82.0
345,HLA-A03:01,5619.2,QII87826,FKDQVILLNKH,345,83.0
149,HLA-A03:01,5619.26,QII87826,NPANNAAIVLQ,149,84.0
123,HLA-A03:01,5619.31,QII87826,GANKDGIIWVA,123,85.0
60,HLA-A03:01,5619.49,QII87826,KEDLKFPRGQG,60,86.0
205,HLA-A03:01,5620.01,QII87826,SPARMAGNGGD,205,87.0
255,HLA-A03:01,5620.26,QII87826,KKPRQKRTATK,255,88.0
71,HLA-A03:01,5620.31,QII87826,VPINTNSSPDD,71,89.0
396,HLA-A03:01,5620.59,QII87826,AADLDDFSKQL,396,90.0
19,HLA-A03:01,5620.82,QII87826,PSDSTGSNQNG,19,91.0
131,HLA-A03:01,5621.29,QII87826,WVATEGALNTP,131,92.0
365,HLA-A03:01,5621.31,QII87826,TEPKKDKKKKA,365,93.0
280,HLA-A03:01,5621.65,QII87826,QTQGNFGDQEL,280,94.0
223,HLA-A03:01,5622.39,QII87826,LDRLNQLESKM,223,95.0
298,HLA-A03:01,5622.49,QII87826,KHWPQIAQFAP,298,96.0
346,HLA-A03:01,5622.56,QII87826,KDQVILLNKHI,346,97.0
88,HLA-A03:01,5622.68,QII87826,RATRRIRGGDG,88,98.0
28,HLA-A03:01,5622.77,QII87826,NGERSGARSKQ,28,99.0
105,HLA-A03:01,5623.45,QII87826,PRWYFYYLGTG,105,100.0
338,HLA-A03:01,5623.64,QII87826,LDDKDPNFKDQ,338,101.0
343,HLA-A03:01,5623.76,QII87826,PNFKDQVILLN,343,102.0
72,HLA-A03:01,5624.2,QII87826,PINTNSSPDDQ,72,103.0
366,HLA-A03:01,5624.25,QII87826,EPKKDKKKKAD,366,104.0
237,HLA-A03:01,5624.29,QII87826,GQQQQGQTVTK,237,105.0
134,HLA-A03:01,5624.49,QII87826,TEGALNTPKDH,134,106.0
90,HLA-A03:01,5624.67,QII87826,TRRIRGGDGKM,90,107.0
259,HLA-A03:01,5624.67,QII87826,QKRTATKAYNV,259,107.0
125,HLA-A03:01,5624.69,QII87826,NKDGIIWVATE,125,109.0
385,HLA-A03:01,5624.91,QII87826,QKKQQTVTLLP,385,110.0
103,HLA-A03:01,5624.93,QII87826,LSPRWYFYYLG,103,111.0
44,HLA-A03:01,5625.04,QII87826,LPNNTASWFTA,44,112.0
315,HLA-A03:01,5625.11,QII87826,GMSRIGMEVTP,315,113.0
382,HLA-A03:01,5625.13,QII87826,PQRQKKQQTVT,382,114.0
406,HLA-A03:01,5625.19,QII87826,LQQSMSSADST,406,115.0
11,HLA-A03:01,5625.2,QII87826,APRITFGGPSD,11,116.0
304,HLA-A03:01,5625.36,QII87826,AQFAPSASAFF,304,117.0
285,HLA-A03:01,5625.58,QII87826,FGDQELIRQGT,285,118.0
67,HLA-A03:01,5625.65,QII87826,RGQGVPINTNS,67,119.0
252,HLA-A03:01,5625.71,QII87826,EASKKPRQKRT,252,120.0
109,HLA-A03:01,5626.0,QII87826,FYYLGTGPEAG,109,121.0
9,HLA-A03:01,5626.55,QII87826,RNAPRITFGGP,9,122.0
117,HLA-A03:01,5626.6,QII87826,EAGLPYGANKD,117,123.0
394,HLA-A03:01,5626.93,QII87826,LPAADLDDFSK,394,124.0
348,HLA-A03:01,5627.01,QII87826,QVILLNKHIDA,348,125.0
152,HLA-A03:01,5627.08,QII87826,NNAAIVLQLPQ,152,126.0
38,HLA-A03:01,5627.12,QII87826,QRRPQGLPNNT,38,127.0
65,HLA-A03:01,5627.3,QII87826,FPRGQGVPINT,65,128.0
369,HLA-A03:01,5627.33,QII87826,KDKKKKADETQ,369,129.0
380,HLA-A03:01,5627.53,QII87826,ALPQRQKKQQT,380,130.0
154,HLA-A03:01,5627.96,QII87826,AAIVLQLPQGT,154,131.0
363,HLA-A03:01,5628.15,QII87826,PPTEPKKDKKK,363,132.0
52,HLA-A03:01,5628.19,QII87826,FTALTQHGKED,52,133.0
201,HLA-A03:01,5628.32,QII87826,SRGTSPARMAG,201,134.0
297,HLA-A03:01,5628.76,QII87826,YKHWPQIAQFA,297,135.0
207,HLA-A03:01,5629.16,QII87826,ARMAGNGGDAA,207,136.0
333,HLA-A03:01,5629.3,QII87826,TGAIKLDDKDP,333,137.0
339,HLA-A03:01,5629.32,QII87826,DDKDPNFKDQV,339,138.0
372,HLA-A03:01,5629.42,QII87826,KKKADETQALP,372,139.0
261,HLA-A03:01,5629.55,QII87826,RTATKAYNVTQ,261,140.0
193,HLA-A03:01,5629.68,QII87826,SRNSTPGSSRG,193,141.0
254,HLA-A03:01,5629.69,QII87826,SKKPRQKRTAT,254,142.0
13,HLA-A03:01,5629.71,QII87826,RITFGGPSDST,13,143.0
313,HLA-A03:01,5629.93,QII87826,FFGMSRIGMEV,313,144.0
116,HLA-A03:01,5630.14,QII87826,PEAGLPYGANK,116,145.0
317,HLA-A03:01,5630.47,QII87826,SRIGMEVTPSG,317,146.0
8,HLA-A03:01,5630.56,QII87826,QRNAPRITFGG,8,147.0
231,HLA-A03:01,5630.69,QII87826,SKMSGKGQQQQ,231,148.0
79,HLA-A03:01,5630.83,QII87826,PDDQIGYYRRA,79,149.0
373,HLA-A03:01,5631.19,QII87826,KKADETQALPQ,373,150.0
108,HLA-A03:01,5631.2,QII87826,YFYYLGTGPEA,108,151.0
59,HLA-A03:01,5631.53,QII87826,GKEDLKFPRGQ,59,152.0
17,HLA-A03:01,5631.56,QII87826,GGPSDSTGSNQ,17,153.0
121,HLA-A03:01,5631.77,QII87826,PYGANKDGIIW,121,154.0
153,HLA-A03:01,5631.94,QII87826,NAAIVLQLPQG,153,155.0
51,HLA-A03:01,5632.14,QII87826,WFTALTQHGKE,51,156.0
398,HLA-A03:01,5632.27,QII87826,DLDDFSKQLQQ,398,157.0
194,HLA-A03:01,5632.46,QII87826,RNSTPGSSRGT,194,158.0
376,HLA-A03:01,5632.57,QII87826,DETQALPQRQK,376,159.0
155,HLA-A03:01,5632.96,QII87826,AIVLQLPQGTT,155,160.0
276,HLA-A03:01,5633.0,QII87826,RGPEQTQGNFG,276,161.0
48,HLA-A03:01,5633.05,QII87826,TASWFTALTQH,48,162.0
68,HLA-A03:01,5633.19,QII87826,GQGVPINTNSS,68,163.0
142,HLA-A03:01,5633.35,QII87826,KDHIGTRNPAN,142,164.0
364,HLA-A03:01,5633.46,QII87826,PTEPKKDKKKK,364,165.0
306,HLA-A03:01,5633.53,QII87826,FAPSASAFFGM,306,166.0
362,HLA-A03:01,5633.55,QII87826,FPPTEPKKDKK,362,167.0
390,HLA-A03:01,5633.55,QII87826,TVTLLPAADLD,390,167.0
271,HLA-A03:01,5633.66,QII87826,QAFGRRGPEQT,271,169.0
111,HLA-A03:01,5633.9,QII87826,YLGTGPEAGLP,111,170.0
187,HLA-A03:01,5633.93,QII87826,SRSRNSSRNST,187,171.0
50,HLA-A03:01,5634.39,QII87826,SWFTALTQHGK,50,172.0
140,HLA-A03:01,5634.69,QII87826,TPKDHIGTRNP,140,173.0
20,HLA-A03:01,5634.76,QII87826,SDSTGSNQNGE,20,174.0
40,HLA-A03:01,5634.91,QII87826,RPQGLPNNTAS,40,175.0
66,HLA-A03:01,5635.0,QII87826,PRGQGVPINTN,66,176.0
288,HLA-A03:01,5635.19,QII87826,QELIRQGTDYK,288,177.0
80,HLA-A03:01,5635.22,QII87826,DDQIGYYRRAT,80,178.0
375,HLA-A03:01,5635.36,QII87826,ADETQALPQRQ,375,179.0
388,HLA-A03:01,5635.41,QII87826,QQTVTLLPAAD,388,180.0
189,HLA-A03:01,5635.96,QII87826,SRNSSRNSTPG,189,181.0
273,HLA-A03:01,5635.97,QII87826,FGRRGPEQTQG,273,182.0
356,HLA-A03:01,5636.12,QII87826,IDAYKTFPPTE,356,183.0
1,HLA-A03:01,5636.34,QII87826,SDNGPQNQRNA,1,184.0
206,HLA-A03:01,5636.51,QII87826,PARMAGNGGDA,206,185.0
107,HLA-A03:01,5636.84,QII87826,WYFYYLGTGPE,107,186.0
230,HLA-A03:01,5637.17,QII87826,ESKMSGKGQQQ,230,187.0
397,HLA-A03:01,5637.19,QII87826,ADLDDFSKQLQ,397,188.0
7,HLA-A03:01,5637.4,QII87826,NQRNAPRITFG,7,189.0
325,HLA-A03:01,5637.43,QII87826,PSGTWLTYTGA,325,190.0
229,HLA-A03:01,5637.46,QII87826,LESKMSGKGQQ,229,191.0
279,HLA-A03:01,5637.46,QII87826,EQTQGNFGDQE,279,191.0
188,HLA-A03:01,5637.6,QII87826,RSRNSSRNSTP,188,193.0
141,HLA-A03:01,5637.68,QII87826,PKDHIGTRNPA,141,194.0
387,HLA-A03:01,5637.93,QII87826,KQQTVTLLPAA,387,195.0
2,HLA-A03:01,5638.03,QII87826,DNGPQNQRNAP,2,196.0
272,HLA-A03:01,5638.7,QII87826,AFGRRGPEQTQ,272,197.0
367,HLA-A03:01,5638.87,QII87826,PKKDKKKKADE,367,198.0
233,HLA-A03:01,5638.98,QII87826,MSGKGQQQQGQ,233,199.0
12,HLA-A03:01,5639.1,QII87826,PRITFGGPSDS,12,200.0
295,HLA-A03:01,5639.1,QII87826,TDYKHWPQIAQ,295,200.0
227,HLA-A03:01,5639.47,QII87826,NQLESKMSGKG,227,202.0
381,HLA-A03:01,5639.68,QII87826,LPQRQKKQQTV,381,203.0
264,HLA-A03:01,5639.74,QII87826,TKAYNVTQAFG,264,204.0
18,HLA-A03:01,5639.92,QII87826,GPSDSTGSNQN,18,205.0
115,HLA-A03:01,5640.06,QII87826,GPEAGLPYGAN,115,206.0
351,HLA-A03:01,5640.11,QII87826,LLNKHIDAYKT,351,207.0
171,HLA-A03:01,5640.12,QII87826,YAEGSRGGSQA,171,208.0
27,HLA-A03:01,5640.32,QII87826,QNGERSGARSK,27,209.0
250,HLA-A03:01,5640.46,QII87826,AAEASKKPRQK,250,210.0
399,HLA-A03:01,5640.68,QII87826,LDDFSKQLQQS,399,211.0
91,HLA-A03:01,5640.91,QII87826,RRIRGGDGKMK,91,212.0
94,HLA-A03:01,5640.95,QII87826,RGGDGKMKDLS,94,213.0
95,HLA-A03:01,5641.09,QII87826,GGDGKMKDLSP,95,214.0
312,HLA-A03:01,5641.17,QII87826,AFFGMSRIGME,312,215.0
354,HLA-A03:01,5641.21,QII87826,KHIDAYKTFPP,354,216.0
300,HLA-A03:01,5641.24,QII87826,WPQIAQFAPSA,300,217.0
167,HLA-A03:01,5641.25,QII87826,PKGFYAEGSRG,167,218.0
143,HLA-A03:01,5641.33,QII87826,DHIGTRNPANN,143,219.0
274,HLA-A03:01,5641.61,QII87826,GRRGPEQTQGN,274,220.0
316,HLA-A03:01,5641.79,QII87826,MSRIGMEVTPS,316,221.0
23,HLA-A03:01,5642.02,QII87826,TGSNQNGERSG,23,222.0
400,HLA-A03:01,5642.57,QII87826,DDFSKQLQQSM,400,223.0
37,HLA-A03:01,5642.58,QII87826,KQRRPQGLPNN,37,224.0
386,HLA-A03:01,5642.82,QII87826,KKQQTVTLLPA,386,225.0
41,HLA-A03:01,5643.12,QII87826,PQGLPNNTASW,41,226.0
305,HLA-A03:01,5643.13,QII87826,QFAPSASAFFG,305,227.0
334,HLA-A03:01,5643.25,QII87826,GAIKLDDKDPN,334,228.0
357,HLA-A03:01,5643.28,QII87826,DAYKTFPPTEP,357,229.0
299,HLA-A03:01,5643.56,QII87826,HWPQIAQFAPS,299,230.0
220,HLA-A03:01,5643.96,QII87826,LLLLDRLNQLE,220,231.0
403,HLA-A03:01,5644.05,QII87826,SKQLQQSMSSA,403,232.0
404,HLA-A03:01,5644.5,QII87826,KQLQQSMSSAD,404,233.0
170,HLA-A03:01,5644.55,QII87826,FYAEGSRGGSQ,170,234.0
291,HLA-A03:01,5644.58,QII87826,IRQGTDYKHWP,291,235.0
235,HLA-A03:01,5644.66,QII87826,GKGQQQQGQTV,235,236.0
58,HLA-A03:01,5644.69,QII87826,HGKEDLKFPRG,58,237.0
247,HLA-A03:01,5645.03,QII87826,KKSAAEASKKP,247,238.0
257,HLA-A03:01,5645.04,QII87826,PRQKRTATKAY,257,239.0
69,HLA-A03:01,5645.22,QII87826,QGVPINTNSSP,69,240.0
292,HLA-A03:01,5645.38,QII87826,RQGTDYKHWPQ,292,241.0
64,HLA-A03:01,5645.42,QII87826,KFPRGQGVPIN,64,242.0
370,HLA-A03:01,5645.56,QII87826,DKKKKADETQA,370,243.0
266,HLA-A03:01,5645.98,QII87826,AYNVTQAFGRR,266,244.0
336,HLA-A03:01,5646.0,QII87826,IKLDDKDPNFK,336,245.0
35,HLA-A03:01,5646.19,QII87826,RSKQRRPQGLP,35,246.0
145,HLA-A03:01,5646.21,QII87826,IGTRNPANNAA,145,247.0
353,HLA-A03:01,5646.24,QII87826,NKHIDAYKTFP,353,248.0
234,HLA-A03:01,5646.3,QII87826,SGKGQQQQGQT,234,249.0
147,HLA-A03:01,5646.86,QII87826,TRNPANNAAIV,147,250.0
61,HLA-A03:01,5647.28,QII87826,EDLKFPRGQGV,61,251.0
197,HLA-A03:01,5647.47,QII87826,TPGSSRGTSPA,197,252.0
190,HLA-A03:01,5647.55,QII87826,RNSSRNSTPGS,190,253.0
287,HLA-A03:01,5647.76,QII87826,DQELIRQGTDY,287,254.0
204,HLA-A03:01,5647.8,QII87826,TSPARMAGNGG,204,255.0
262,HLA-A03:01,5647.83,QII87826,TATKAYNVTQA,262,256.0
270,HLA-A03:01,5648.09,QII87826,TQAFGRRGPEQ,270,257.0
310,HLA-A03:01,5648.3,QII87826,ASAFFGMSRIG,310,258.0
275,HLA-A03:01,5648.32,QII87826,RRGPEQTQGNF,275,259.0
311,HLA-A03:01,5648.46,QII87826,SAFFGMSRIGM,311,260.0
246,HLA-A03:01,5648.98,QII87826,TKKSAAEASKK,246,261.0
240,HLA-A03:01,5649.18,QII87826,QQGQTVTKKSA,240,262.0
303,HLA-A03:01,5649.63,QII87826,IAQFAPSASAF,303,263.0
209,HLA-A03:01,5649.67,QII87826,MAGNGGDAALA,209,264.0
139,HLA-A03:01,5649.93,QII87826,NTPKDHIGTRN,139,265.0
135,HLA-A03:01,5649.94,QII87826,EGALNTPKDHI,135,266.0
289,HLA-A03:01,5650.03,QII87826,ELIRQGTDYKH,289,267.0
32,HLA-A03:01,5650.25,QII87826,SGARSKQRRPQ,32,268.0
407,HLA-A03:01,5650.78,QII87826,QQSMSSADSTQ,407,269.0
56,HLA-A03:01,5650.87,QII87826,TQHGKEDLKFP,56,270.0
359,HLA-A03:01,5651.22,QII87826,YKTFPPTEPKK,359,271.0
114,HLA-A03:01,5651.35,QII87826,TGPEAGLPYGA,114,272.0
242,HLA-A03:01,5651.46,QII87826,GQTVTKKSAAE,242,273.0
10,HLA-A03:01,5651.55,QII87826,NAPRITFGGPS,10,274.0
175,HLA-A03:01,5651.59,QII87826,SRGGSQASSRS,175,275.0
228,HLA-A03:01,5651.91,QII87826,QLESKMSGKGQ,228,276.0
62,HLA-A03:01,5652.0,QII87826,DLKFPRGQGVP,62,277.0
379,HLA-A03:01,5652.06,QII87826,QALPQRQKKQQ,379,278.0
378,HLA-A03:01,5652.1,QII87826,TQALPQRQKKQ,378,279.0
0,HLA-A03:01,5652.4,QII87826,MSDNGPQNQRN,0,280.0
319,HLA-A03:01,5652.44,QII87826,IGMEVTPSGTW,319,281.0
374,HLA-A03:01,5652.49,QII87826,KADETQALPQR,374,282.0
405,HLA-A03:01,5652.6,QII87826,QLQQSMSSADS,405,283.0
112,HLA-A03:01,5652.85,QII87826,LGTGPEAGLPY,112,284.0
377,HLA-A03:01,5653.02,QII87826,ETQALPQRQKK,377,285.0
16,HLA-A03:01,5653.06,QII87826,FGGPSDSTGSN,16,286.0
75,HLA-A03:01,5653.13,QII87826,TNSSPDDQIGY,75,287.0
239,HLA-A03:01,5653.28,QII87826,QQQGQTVTKKS,239,288.0
238,HLA-A03:01,5653.92,QII87826,QQQQGQTVTKK,238,289.0
84,HLA-A03:01,5654.03,QII87826,GYYRRATRRIR,84,290.0
73,HLA-A03:01,5654.05,QII87826,INTNSSPDDQI,73,291.0
127,HLA-A03:01,5654.08,QII87826,DGIIWVATEGA,127,292.0
29,HLA-A03:01,5654.89,QII87826,GERSGARSKQR,29,293.0
36,HLA-A03:01,5654.96,QII87826,SKQRRPQGLPN,36,294.0
241,HLA-A03:01,5655.53,QII87826,QGQTVTKKSAA,241,295.0
322,HLA-A03:01,5655.55,QII87826,EVTPSGTWLTY,322,296.0
335,HLA-A03:01,5655.71,QII87826,AIKLDDKDPNF,335,297.0
168,HLA-A03:01,5656.11,QII87826,KGFYAEGSRGG,168,298.0
15,HLA-A03:01,5656.63,QII87826,TFGGPSDSTGS,15,299.0
129,HLA-A03:01,5656.68,QII87826,IIWVATEGALN,129,300.0
307,HLA-A03:01,5656.77,QII87826,APSASAFFGMS,307,301.0
183,HLA-A03:01,5656.88,QII87826,SRSSSRSRNSS,183,302.0
352,HLA-A03:01,5656.95,QII87826,LNKHIDAYKTF,352,303.0
249,HLA-A03:01,5658.02,QII87826,SAAEASKKPRQ,249,304.0
172,HLA-A03:01,5658.1,QII87826,AEGSRGGSQAS,172,305.0
5,HLA-A03:01,5658.13,QII87826,PQNQRNAPRIT,5,306.0
290,HLA-A03:01,5658.43,QII87826,LIRQGTDYKHW,290,307.0
243,HLA-A03:01,5658.48,QII87826,QTVTKKSAAEA,243,308.0
402,HLA-A03:01,5658.58,QII87826,FSKQLQQSMSS,402,309.0
202,HLA-A03:01,5659.19,QII87826,RGTSPARMAGN,202,310.0
3,HLA-A03:01,5660.24,QII87826,NGPQNQRNAPR,3,311.0
251,HLA-A03:01,5660.38,QII87826,AEASKKPRQKR,251,312.0
185,HLA-A03:01,5660.6,QII87826,SSSRSRNSSRN,185,313.0
245,HLA-A03:01,5660.61,QII87826,VTKKSAAEASK,245,314.0
393,HLA-A03:01,5661.02,QII87826,LLPAADLDDFS,393,315.0
26,HLA-A03:01,5661.93,QII87826,NQNGERSGARS,26,316.0
224,HLA-A03:01,5661.95,QII87826,DRLNQLESKMS,224,317.0
57,HLA-A03:01,5662.03,QII87826,QHGKEDLKFPR,57,318.0
268,HLA-A03:01,5662.16,QII87826,NVTQAFGRRGP,268,319.0
301,HLA-A03:01,5662.36,QII87826,PQIAQFAPSAS,301,320.0
97,HLA-A03:01,5662.6,QII87826,DGKMKDLSPRW,97,321.0
258,HLA-A03:01,5662.6,QII87826,RQKRTATKAYN,258,321.0
198,HLA-A03:01,5662.63,QII87826,PGSSRGTSPAR,198,323.0
309,HLA-A03:01,5662.73,QII87826,SASAFFGMSRI,309,324.0
308,HLA-A03:01,5662.98,QII87826,PSASAFFGMSR,308,325.0
281,HLA-A03:01,5663.08,QII87826,TQGNFGDQELI,281,326.0
296,HLA-A03:01,5663.37,QII87826,DYKHWPQIAQF,296,327.0
144,HLA-A03:01,5663.47,QII87826,HIGTRNPANNA,144,328.0
196,HLA-A03:01,5663.57,QII87826,STPGSSRGTSP,196,329.0
21,HLA-A03:01,5663.9,QII87826,DSTGSNQNGER,21,330.0
199,HLA-A03:01,5664.23,QII87826,GSSRGTSPARM,199,331.0
408,HLA-A03:01,5664.41,QII87826,QSMSSADSTQA,408,332.0
176,HLA-A03:01,5664.63,QII87826,RGGSQASSRSS,176,333.0
138,HLA-A03:01,5665.12,QII87826,LNTPKDHIGTR,138,334.0
55,HLA-A03:01,5665.26,QII87826,LTQHGKEDLKF,55,335.0
160,HLA-A03:01,5665.5,QII87826,LPQGTTLPKGF,160,336.0
192,HLA-A03:01,5665.75,QII87826,SSRNSTPGSSR,192,337.0
78,HLA-A03:01,5665.93,QII87826,SPDDQIGYYRR,78,338.0
179,HLA-A03:01,5666.14,QII87826,SQASSRSSSRS,179,339.0
30,HLA-A03:01,5666.18,QII87826,ERSGARSKQRR,30,340.0
136,HLA-A03:01,5666.39,QII87826,GALNTPKDHIG,136,341.0
166,HLA-A03:01,5666.47,QII87826,LPKGFYAEGSR,166,342.0
6,HLA-A03:01,5666.71,QII87826,QNQRNAPRITF,6,343.0
173,HLA-A03:01,5667.03,QII87826,EGSRGGSQASS,173,344.0
184,HLA-A03:01,5667.8,QII87826,RSSSRSRNSSR,184,345.0
401,HLA-A03:01,5667.84,QII87826,DFSKQLQQSMS,401,346.0
81,HLA-A03:01,5668.08,QII87826,DQIGYYRRATR,81,347.0
293,HLA-A03:01,5668.87,QII87826,QGTDYKHWPQI,293,348.0
98,HLA-A03:01,5668.99,QII87826,GKMKDLSPRWY,98,349.0
96,HLA-A03:01,5669.15,QII87826,GDGKMKDLSPR,96,350.0
253,HLA-A03:01,5669.42,QII87826,ASKKPRQKRTA,253,351.0
177,HLA-A03:01,5669.52,QII87826,GGSQASSRSSS,177,352.0
49,HLA-A03:01,5669.8,QII87826,ASWFTALTQHG,49,353.0
181,HLA-A03:01,5669.99,QII87826,ASSRSSSRSRN,181,354.0
186,HLA-A03:01,5670.4,QII87826,SSRSRNSSRNS,186,355.0
263,HLA-A03:01,5670.57,QII87826,ATKAYNVTQAF,263,356.0
25,HLA-A03:01,5670.69,QII87826,SNQNGERSGAR,25,357.0
195,HLA-A03:01,5670.8,QII87826,NSTPGSSRGTS,195,358.0
133,HLA-A03:01,5671.36,QII87826,ATEGALNTPKD,133,359.0
33,HLA-A03:01,5671.93,QII87826,GARSKQRRPQG,33,360.0
162,HLA-A03:01,5672.07,QII87826,QGTTLPKGFYA,162,361.0
182,HLA-A03:01,5672.8,QII87826,SSRSSSRSRNS,182,362.0
161,HLA-A03:01,5672.89,QII87826,PQGTTLPKGFY,161,363.0
74,HLA-A03:01,5672.9,QII87826,NTNSSPDDQIG,74,364.0
349,HLA-A03:01,5673.09,QII87826,VILLNKHIDAY,349,365.0
99,HLA-A03:01,5673.49,QII87826,KMKDLSPRWYF,99,366.0
169,HLA-A03:01,5673.82,QII87826,GFYAEGSRGGS,169,367.0
100,HLA-A03:01,5674.14,QII87826,MKDLSPRWYFY,100,368.0
180,HLA-A03:01,5674.3,QII87826,QASSRSSSRSR,180,369.0
340,HLA-A03:01,5674.32,QII87826,DKDPNFKDQVI,340,370.0
326,HLA-A03:01,5674.85,QII87826,SGTWLTYTGAI,326,371.0
191,HLA-A03:01,5675.09,QII87826,NSSRNSTPGSS,191,372.0
83,HLA-A03:01,5675.41,QII87826,IGYYRRATRRI,83,373.0
302,HLA-A03:01,5676.2,QII87826,QIAQFAPSASA,302,374.0
282,HLA-A03:01,5677.55,QII87826,QGNFGDQELIR,282,375.0
4,HLA-A03:01,5678.27,QII87826,GPQNQRNAPRI,4,376.0
178,HLA-A03:01,5678.4,QII87826,GSQASSRSSSR,178,377.0
120,HLA-A03:01,5679.17,QII87826,LPYGANKDGII,120,378.0
174,HLA-A03:01,5679.33,QII87826,GSRGGSQASSR,174,379.0
31,HLA-A03:01,5679.79,QII87826,RSGARSKQRRP,31,380.0
200,HLA-A03:01,5680.17,QII87826,SSRGTSPARMA,200,381.0
42,HLA-A03:01,5681.57,QII87826,QGLPNNTASWF,42,382.0
24,HLA-A03:01,5682.39,QII87826,GSNQNGERSGA,24,383.0
269,HLA-A03:01,5682.87,QII87826,VTQAFGRRGPE,269,384.0
77,HLA-A03:01,5683.49,QII87826,SSPDDQIGYYR,77,385.0
70,HLA-A03:01,5687.17,QII87826,GVPINTNSSPD,70,386.0
92,HLA-A03:01,5687.61,QII87826,RIRGGDGKMKD,92,387.0
82,HLA-A03:01,5688.58,QII87826,QIGYYRRATRR,82,388.0
101,HLA-A03:01,5689.6,QII87826,KDLSPRWYFYY,101,389.0
165,HLA-A03:01,5689.62,QII87826,TLPKGFYAEGS,165,390.0
14,HLA-A03:01,5690.0,QII87826,ITFGGPSDSTG,14,391.0
248,HLA-A03:01,5690.64,QII87826,KSAAEASKKPR,248,392.0
137,HLA-A03:01,5690.66,QII87826,ALNTPKDHIGT,137,393.0
22,HLA-A03:01,5691.63,QII87826,STGSNQNGERS,22,394.0
244,HLA-A03:01,5693.57,QII87826,TVTKKSAAEAS,244,395.0
163,HLA-A03:01,5694.03,QII87826,GTTLPKGFYAE,163,396.0
63,HLA-A03:01,5696.75,QII87826,LKFPRGQGVPI,63,397.0
221,HLA-A03:01,5697.26,QII87826,LLLDRLNQLES,221,398.0
294,HLA-A03:01,5700.89,QII87826,GTDYKHWPQIA,294,399.0
232,HLA-A03:01,5702.96,QII87826,KMSGKGQQQQG,232,400.0
146,HLA-A03:01,5708.33,QII87826,GTRNPANNAAI,146,401.0
119,HLA-A03:01,5709.87,QII87826,GLPYGANKDGI,119,402.0
203,HLA-A03:01,5712.75,QII87826,GTSPARMAGNG,203,403.0
337,HLA-A03:01,5713.74,QII87826,KLDDKDPNFKD,337,404.0
164,HLA-A03:01,5730.19,QII87826,TTLPKGFYAEG,164,405.0
159,HLA-A03:01,5747.48,QII87826,QLPQGTTLPKG,159,406.0
360,HLA-A03:01,5753.03,QII87826,KTFPPTEPKKD,360,407.0
225,HLA-A03:01,5812.04,QII87826,RLNQLESKMSG,225,408.0
113,HLA-A03:01,5834.89,QII87826,GTGPEAGLPYG,113,409.0
350,HLA-A11:01,29.01,QII87826,ILLNKHIDAYK,350,1.0
327,HLA-A11:01,50.56,QII87826,GTWLTYTGAIK,327,2.0
132,HLA-A11:01,83.58,QII87826,VATEGALNTPK,132,3.0
158,HLA-A11:01,112.05,QII87826,LQLPQGTTLPK,158,4.0
77,HLA-A11:01,312.34,QII87826,SSPDDQIGYYR,77,5.0
237,HLA-A11:01,338.92,QII87826,GQQQQGQTVTK,237,6.0
222,HLA-A11:01,459.52,QII87826,LLDRLNQLESK,222,7.0
89,HLA-A11:01,495.1,QII87826,ATRRIRGGDGK,89,8.0
308,HLA-A11:01,644.02,QII87826,PSASAFFGMSR,308,9.0
265,HLA-A11:01,740.13,QII87826,KAYNVTQAFGR,265,10.0
245,HLA-A11:01,781.21,QII87826,VTKKSAAEASK,245,11.0
54,HLA-A11:01,904.57,QII87826,ALTQHGKEDLK,54,12.0
344,HLA-A11:01,961.34,QII87826,NFKDQVILLNK,344,13.0
184,HLA-A11:01,1432.48,QII87826,RSSSRSRNSSR,184,14.0
377,HLA-A11:01,1578.27,QII87826,ETQALPQRQKK,377,15.0
50,HLA-A11:01,1661.31,QII87826,SWFTALTQHGK,50,16.0
358,HLA-A11:01,1926.74,QII87826,AYKTFPPTEPK,358,17.0
238,HLA-A11:01,1993.02,QII87826,QQQQGQTVTKK,238,18.0
248,HLA-A11:01,2427.51,QII87826,KSAAEASKKPR,248,19.0
331,HLA-A11:01,2485.2,QII87826,TYTGAIKLDDK,331,20.0
288,HLA-A11:01,3012.27,QII87826,QELIRQGTDYK,288,21.0
178,HLA-A11:01,4029.89,QII87826,GSQASSRSSSR,178,22.0
376,HLA-A11:01,4262.11,QII87826,DETQALPQRQK,376,23.0
250,HLA-A11:01,4642.6,QII87826,AAEASKKPRQK,250,24.0
359,HLA-A11:01,5310.69,QII87826,YKTFPPTEPKK,359,25.0
374,HLA-A11:01,5484.88,QII87826,KADETQALPQR,374,26.0
163,HLA-A11:01,5683.5,QII87826,GTTLPKGFYAE,163,27.0
394,HLA-A11:01,5710.55,QII87826,LPAADLDDFSK,394,28.0
226,HLA-A11:01,5808.63,QII87826,LNQLESKMSGK,226,29.0
133,HLA-A11:01,5816.21,QII87826,ATEGALNTPKD,133,30.0
336,HLA-A11:01,6464.32,QII87826,IKLDDKDPNFK,336,31.0
181,HLA-A11:01,7012.14,QII87826,ASSRSSSRSRN,181,32.0
360,HLA-A11:01,7439.49,QII87826,KTFPPTEPKKD,360,33.0
185,HLA-A11:01,7580.57,QII87826,SSSRSRNSSRN,185,34.0
192,HLA-A11:01,7877.61,QII87826,SSRNSTPGSSR,192,35.0
282,HLA-A11:01,8244.18,QII87826,QGNFGDQELIR,282,36.0
116,HLA-A11:01,8291.17,QII87826,PEAGLPYGANK,116,37.0
337,HLA-A11:01,8566.42,QII87826,KLDDKDPNFKD,337,38.0
215,HLA-A11:01,8700.09,QII87826,DAALALLLLDR,215,39.0
112,HLA-A11:01,9025.53,QII87826,LGTGPEAGLPY,112,40.0
322,HLA-A11:01,9990.48,QII87826,EVTPSGTWLTY,322,41.0
82,HLA-A11:01,10106.92,QII87826,QIGYYRRATRR,82,42.0
246,HLA-A11:01,10742.91,QII87826,TKKSAAEASKK,246,43.0
349,HLA-A11:01,10794.68,QII87826,VILLNKHIDAY,349,44.0
162,HLA-A11:01,11852.25,QII87826,QGTTLPKGFYA,162,45.0
96,HLA-A11:01,12309.42,QII87826,GDGKMKDLSPR,96,46.0
198,HLA-A11:01,12709.7,QII87826,PGSSRGTSPAR,198,47.0
57,HLA-A11:01,12821.23,QII87826,QHGKEDLKFPR,57,48.0
113,HLA-A11:01,12928.44,QII87826,GTGPEAGLPYG,113,49.0
21,HLA-A11:01,12945.56,QII87826,DSTGSNQNGER,21,50.0
47,HLA-A11:01,13871.06,QII87826,NTASWFTALTQ,47,51.0
311,HLA-A11:01,13948.65,QII87826,SAFFGMSRIGM,311,52.0
174,HLA-A11:01,14022.07,QII87826,GSRGGSQASSR,174,53.0
203,HLA-A11:01,14354.7,QII87826,GTSPARMAGNG,203,54.0
180,HLA-A11:01,14392.43,QII87826,QASSRSSSRSR,180,55.0
309,HLA-A11:01,14411.52,QII87826,SASAFFGMSRI,309,56.0
361,HLA-A11:01,14594.33,QII87826,TFPPTEPKKDK,361,57.0
78,HLA-A11:01,14970.56,QII87826,SPDDQIGYYRR,78,58.0
76,HLA-A11:01,15024.76,QII87826,NSSPDDQIGYY,76,59.0
258,HLA-A11:01,15144.89,QII87826,RQKRTATKAYN,258,60.0
323,HLA-A11:01,15164.52,QII87826,VTPSGTWLTYT,323,61.0
37,HLA-A11:01,15309.4,QII87826,KQRRPQGLPNN,37,62.0
48,HLA-A11:01,15350.41,QII87826,TASWFTALTQH,48,63.0
351,HLA-A11:01,15412.05,QII87826,LLNKHIDAYKT,351,64.0
362,HLA-A11:01,15690.68,QII87826,FPPTEPKKDKK,362,65.0
316,HLA-A11:01,15715.2,QII87826,MSRIGMEVTPS,316,66.0
214,HLA-A11:01,15813.68,QII87826,GDAALALLLLD,214,67.0
310,HLA-A11:01,15835.31,QII87826,ASAFFGMSRIG,310,68.0
283,HLA-A11:01,16111.84,QII87826,GNFGDQELIRQ,283,69.0
0,HLA-A11:01,16334.49,QII87826,MSDNGPQNQRN,0,70.0
101,HLA-A11:01,16391.07,QII87826,KDLSPRWYFYY,101,71.0
103,HLA-A11:01,16605.15,QII87826,LSPRWYFYYLG,103,72.0
266,HLA-A11:01,16746.28,QII87826,AYNVTQAFGRR,266,73.0
129,HLA-A11:01,16792.26,QII87826,IIWVATEGALN,129,74.0
255,HLA-A11:01,16825.95,QII87826,KKPRQKRTATK,255,75.0
269,HLA-A11:01,16967.57,QII87826,VTQAFGRRGPE,269,76.0
261,HLA-A11:01,17231.43,QII87826,RTATKAYNVTQ,261,77.0
364,HLA-A11:01,17869.8,QII87826,PTEPKKDKKKK,364,78.0
218,HLA-A11:01,18058.96,QII87826,LALLLLDRLNQ,218,79.0
136,HLA-A11:01,18187.77,QII87826,GALNTPKDHIG,136,80.0
22,HLA-A11:01,18331.63,QII87826,STGSNQNGERS,22,81.0
348,HLA-A11:01,18368.6,QII87826,QVILLNKHIDA,348,82.0
104,HLA-A11:01,18372.31,QII87826,SPRWYFYYLGT,104,83.0
91,HLA-A11:01,18408.93,QII87826,RRIRGGDGKMK,91,84.0
217,HLA-A11:01,18444.49,QII87826,ALALLLLDRLN,217,85.0
123,HLA-A11:01,18498.94,QII87826,GANKDGIIWVA,123,86.0
81,HLA-A11:01,18504.08,QII87826,DQIGYYRRATR,81,87.0
249,HLA-A11:01,18681.96,QII87826,SAAEASKKPRQ,249,88.0
343,HLA-A11:01,19032.02,QII87826,PNFKDQVILLN,343,89.0
332,HLA-A11:01,19190.95,QII87826,YTGAIKLDDKD,332,90.0
27,HLA-A11:01,19242.51,QII87826,QNGERSGARSK,27,91.0
330,HLA-A11:01,19253.23,QII87826,LTYTGAIKLDD,330,92.0
70,HLA-A11:01,19278.97,QII87826,GVPINTNSSPD,70,93.0
334,HLA-A11:01,19509.27,QII87826,GAIKLDDKDPN,334,94.0
25,HLA-A11:01,19895.39,QII87826,SNQNGERSGAR,25,95.0
9,HLA-A11:01,20291.26,QII87826,RNAPRITFGGP,9,96.0
347,HLA-A11:01,20308.91,QII87826,DQVILLNKHID,347,97.0
315,HLA-A11:01,20510.62,QII87826,GMSRIGMEVTP,315,98.0
67,HLA-A11:01,20615.53,QII87826,RGQGVPINTNS,67,99.0
387,HLA-A11:01,20634.54,QII87826,KQQTVTLLPAA,387,100.0
202,HLA-A11:01,20759.65,QII87826,RGTSPARMAGN,202,101.0
221,HLA-A11:01,20792.01,QII87826,LLLDRLNQLES,221,102.0
49,HLA-A11:01,20890.55,QII87826,ASWFTALTQHG,49,103.0
100,HLA-A11:01,21333.9,QII87826,MKDLSPRWYFY,100,104.0
355,HLA-A11:01,21514.99,QII87826,HIDAYKTFPPT,355,105.0
190,HLA-A11:01,21652.59,QII87826,RNSSRNSTPGS,190,106.0
220,HLA-A11:01,21683.72,QII87826,LLLLDRLNQLE,220,107.0
179,HLA-A11:01,21699.41,QII87826,SQASSRSSSRS,179,108.0
3,HLA-A11:01,21792.19,QII87826,NGPQNQRNAPR,3,109.0
356,HLA-A11:01,21803.81,QII87826,IDAYKTFPPTE,356,110.0
289,HLA-A11:01,21813.9,QII87826,ELIRQGTDYKH,289,111.0
391,HLA-A11:01,22185.66,QII87826,VTLLPAADLDD,391,112.0
102,HLA-A11:01,22318.6,QII87826,DLSPRWYFYYL,102,113.0
408,HLA-A11:01,22418.7,QII87826,QSMSSADSTQA,408,114.0
186,HLA-A11:01,22479.88,QII87826,SSRSRNSSRNS,186,115.0
130,HLA-A11:01,22502.49,QII87826,IWVATEGALNT,130,116.0
36,HLA-A11:01,22518.16,QII87826,SKQRRPQGLPN,36,117.0
199,HLA-A11:01,22555.25,QII87826,GSSRGTSPARM,199,118.0
313,HLA-A11:01,22587.44,QII87826,FFGMSRIGMEV,313,119.0
20,HLA-A11:01,22742.69,QII87826,SDSTGSNQNGE,20,120.0
292,HLA-A11:01,22783.11,QII87826,RQGTDYKHWPQ,292,121.0
279,HLA-A11:01,22873.67,QII87826,EQTQGNFGDQE,279,122.0
164,HLA-A11:01,23061.6,QII87826,TTLPKGFYAEG,164,123.0
92,HLA-A11:01,23069.27,QII87826,RIRGGDGKMKD,92,124.0
117,HLA-A11:01,23128.33,QII87826,EAGLPYGANKD,117,125.0
225,HLA-A11:01,23308.87,QII87826,RLNQLESKMSG,225,126.0
106,HLA-A11:01,23309.9,QII87826,RWYFYYLGTGP,106,127.0
137,HLA-A11:01,23327.77,QII87826,ALNTPKDHIGT,137,128.0
153,HLA-A11:01,23392.83,QII87826,NAAIVLQLPQG,153,129.0
152,HLA-A11:01,23447.61,QII87826,NNAAIVLQLPQ,152,130.0
159,HLA-A11:01,23630.21,QII87826,QLPQGTTLPKG,159,131.0
74,HLA-A11:01,23672.46,QII87826,NTNSSPDDQIG,74,132.0
262,HLA-A11:01,23810.44,QII87826,TATKAYNVTQA,262,133.0
213,HLA-A11:01,23814.4,QII87826,GGDAALALLLL,213,134.0
271,HLA-A11:01,23887.42,QII87826,QAFGRRGPEQT,271,135.0
318,HLA-A11:01,23908.36,QII87826,RIGMEVTPSGT,318,136.0
293,HLA-A11:01,23944.38,QII87826,QGTDYKHWPQI,293,137.0
131,HLA-A11:01,24066.21,QII87826,WVATEGALNTP,131,138.0
29,HLA-A11:01,24095.13,QII87826,GERSGARSKQR,29,139.0
65,HLA-A11:01,24095.64,QII87826,FPRGQGVPINT,65,140.0
114,HLA-A11:01,24125.82,QII87826,TGPEAGLPYGA,114,141.0
75,HLA-A11:01,24180.05,QII87826,TNSSPDDQIGY,75,142.0
294,HLA-A11:01,24193.45,QII87826,GTDYKHWPQIA,294,143.0
14,HLA-A11:01,24272.14,QII87826,ITFGGPSDSTG,14,144.0
107,HLA-A11:01,24296.26,QII87826,WYFYYLGTGPE,107,145.0
270,HLA-A11:01,24337.03,QII87826,TQAFGRRGPEQ,270,146.0
404,HLA-A11:01,24392.74,QII87826,KQLQQSMSSAD,404,147.0
395,HLA-A11:01,24409.07,QII87826,PAADLDDFSKQ,395,148.0
165,HLA-A11:01,24545.13,QII87826,TLPKGFYAEGS,165,149.0
302,HLA-A11:01,24952.46,QII87826,QIAQFAPSASA,302,150.0
68,HLA-A11:01,24955.24,QII87826,GQGVPINTNSS,68,151.0
216,HLA-A11:01,24968.32,QII87826,AALALLLLDRL,216,152.0
239,HLA-A11:01,24974.62,QII87826,QQQGQTVTKKS,239,153.0
144,HLA-A11:01,24977.81,QII87826,HIGTRNPANNA,144,154.0
10,HLA-A11:01,25048.87,QII87826,NAPRITFGGPS,10,155.0
317,HLA-A11:01,25114.1,QII87826,SRIGMEVTPSG,317,156.0
354,HLA-A11:01,25230.97,QII87826,KHIDAYKTFPP,354,157.0
18,HLA-A11:01,25329.97,QII87826,GPSDSTGSNQN,18,158.0
314,HLA-A11:01,25432.07,QII87826,FGMSRIGMEVT,314,159.0
30,HLA-A11:01,25447.38,QII87826,ERSGARSKQRR,30,160.0
149,HLA-A11:01,25461.81,QII87826,NPANNAAIVLQ,149,161.0
83,HLA-A11:01,25485.78,QII87826,IGYYRRATRRI,83,162.0
51,HLA-A11:01,25550.8,QII87826,WFTALTQHGKE,51,163.0
304,HLA-A11:01,25569.15,QII87826,AQFAPSASAFF,304,164.0
139,HLA-A11:01,25585.15,QII87826,NTPKDHIGTRN,139,165.0
253,HLA-A11:01,25649.78,QII87826,ASKKPRQKRTA,253,166.0
305,HLA-A11:01,25660.01,QII87826,QFAPSASAFFG,305,167.0
182,HLA-A11:01,25695.57,QII87826,SSRSSSRSRNS,182,168.0
242,HLA-A11:01,25735.42,QII87826,GQTVTKKSAAE,242,169.0
43,HLA-A11:01,25945.48,QII87826,GLPNNTASWFT,43,170.0
363,HLA-A11:01,25951.39,QII87826,PPTEPKKDKKK,363,171.0
357,HLA-A11:01,26022.47,QII87826,DAYKTFPPTEP,357,172.0
328,HLA-A11:01,26051.43,QII87826,TWLTYTGAIKL,328,173.0
386,HLA-A11:01,26144.6,QII87826,KKQQTVTLLPA,386,174.0
46,HLA-A11:01,26199.96,QII87826,NNTASWFTALT,46,175.0
281,HLA-A11:01,26233.19,QII87826,TQGNFGDQELI,281,176.0
154,HLA-A11:01,26284.04,QII87826,AAIVLQLPQGT,154,177.0
329,HLA-A11:01,26302.01,QII87826,WLTYTGAIKLD,329,178.0
390,HLA-A11:01,26338.58,QII87826,TVTLLPAADLD,390,179.0
197,HLA-A11:01,26416.86,QII87826,TPGSSRGTSPA,197,180.0
325,HLA-A11:01,26418.01,QII87826,PSGTWLTYTGA,325,181.0
241,HLA-A11:01,26465.45,QII87826,QGQTVTKKSAA,241,182.0
7,HLA-A11:01,26485.34,QII87826,NQRNAPRITFG,7,183.0
52,HLA-A11:01,26512.39,QII87826,FTALTQHGKED,52,184.0
143,HLA-A11:01,26551.18,QII87826,DHIGTRNPANN,143,185.0
209,HLA-A11:01,26567.95,QII87826,MAGNGGDAALA,209,186.0
55,HLA-A11:01,26636.0,QII87826,LTQHGKEDLKF,55,187.0
24,HLA-A11:01,26644.13,QII87826,GSNQNGERSGA,24,188.0
108,HLA-A11:01,26717.15,QII87826,YFYYLGTGPEA,108,189.0
157,HLA-A11:01,26734.95,QII87826,VLQLPQGTTLP,157,190.0
151,HLA-A11:01,26845.13,QII87826,ANNAAIVLQLP,151,191.0
295,HLA-A11:01,26860.47,QII87826,TDYKHWPQIAQ,295,192.0
306,HLA-A11:01,26954.05,QII87826,FAPSASAFFGM,306,193.0
385,HLA-A11:01,27055.72,QII87826,QKKQQTVTLLP,385,194.0
127,HLA-A11:01,27088.0,QII87826,DGIIWVATEGA,127,195.0
277,HLA-A11:01,27110.92,QII87826,GPEQTQGNFGD,277,196.0
243,HLA-A11:01,27121.31,QII87826,QTVTKKSAAEA,243,197.0
138,HLA-A11:01,27172.88,QII87826,LNTPKDHIGTR,138,198.0
13,HLA-A11:01,27218.21,QII87826,RITFGGPSDST,13,199.0
31,HLA-A11:01,27303.02,QII87826,RSGARSKQRRP,31,200.0
84,HLA-A11:01,27338.13,QII87826,GYYRRATRRIR,84,201.0
219,HLA-A11:01,27338.19,QII87826,ALLLLDRLNQL,219,202.0
312,HLA-A11:01,27366.26,QII87826,AFFGMSRIGME,312,203.0
398,HLA-A11:01,27369.53,QII87826,DLDDFSKQLQQ,398,204.0
280,HLA-A11:01,27377.66,QII87826,QTQGNFGDQEL,280,205.0
150,HLA-A11:01,27382.2,QII87826,PANNAAIVLQL,150,206.0
188,HLA-A11:01,27408.48,QII87826,RSRNSSRNSTP,188,207.0
373,HLA-A11:01,27435.79,QII87826,KKADETQALPQ,373,208.0
272,HLA-A11:01,27506.23,QII87826,AFGRRGPEQTQ,272,209.0
161,HLA-A11:01,27524.16,QII87826,PQGTTLPKGFY,161,210.0
15,HLA-A11:01,27554.34,QII87826,TFGGPSDSTGS,15,211.0
115,HLA-A11:01,27593.61,QII87826,GPEAGLPYGAN,115,212.0
307,HLA-A11:01,27598.56,QII87826,APSASAFFGMS,307,213.0
17,HLA-A11:01,27617.35,QII87826,GGPSDSTGSNQ,17,214.0
251,HLA-A11:01,27724.44,QII87826,AEASKKPRQKR,251,215.0
94,HLA-A11:01,27783.38,QII87826,RGGDGKMKDLS,94,216.0
407,HLA-A11:01,27831.57,QII87826,QQSMSSADSTQ,407,217.0
71,HLA-A11:01,27857.87,QII87826,VPINTNSSPDD,71,218.0
145,HLA-A11:01,27892.82,QII87826,IGTRNPANNAA,145,219.0
175,HLA-A11:01,27915.51,QII87826,SRGGSQASSRS,175,220.0
58,HLA-A11:01,27946.97,QII87826,HGKEDLKFPRG,58,221.0
66,HLA-A11:01,28078.55,QII87826,PRGQGVPINTN,66,222.0
69,HLA-A11:01,28085.32,QII87826,QGVPINTNSSP,69,223.0
299,HLA-A11:01,28103.3,QII87826,HWPQIAQFAPS,299,224.0
26,HLA-A11:01,28238.02,QII87826,NQNGERSGARS,26,225.0
125,HLA-A11:01,28260.22,QII87826,NKDGIIWVATE,125,226.0
212,HLA-A11:01,28270.22,QII87826,NGGDAALALLL,212,227.0
244,HLA-A11:01,28335.92,QII87826,TVTKKSAAEAS,244,228.0
64,HLA-A11:01,28438.79,QII87826,KFPRGQGVPIN,64,229.0
259,HLA-A11:01,28456.37,QII87826,QKRTATKAYNV,259,230.0
399,HLA-A11:01,28505.56,QII87826,LDDFSKQLQQS,399,231.0
321,HLA-A11:01,28529.11,QII87826,MEVTPSGTWLT,321,232.0
210,HLA-A11:01,28532.31,QII87826,AGNGGDAALAL,210,233.0
191,HLA-A11:01,28588.44,QII87826,NSSRNSTPGSS,191,234.0
204,HLA-A11:01,28603.47,QII87826,TSPARMAGNGG,204,235.0
233,HLA-A11:01,28614.8,QII87826,MSGKGQQQQGQ,233,236.0
324,HLA-A11:01,28639.8,QII87826,TPSGTWLTYTG,324,237.0
402,HLA-A11:01,28697.2,QII87826,FSKQLQQSMSS,402,238.0
38,HLA-A11:01,28714.37,QII87826,QRRPQGLPNNT,38,239.0
169,HLA-A11:01,28746.14,QII87826,GFYAEGSRGGS,169,240.0
146,HLA-A11:01,28748.02,QII87826,GTRNPANNAAI,146,241.0
393,HLA-A11:01,28753.31,QII87826,LLPAADLDDFS,393,242.0
260,HLA-A11:01,28753.82,QII87826,KRTATKAYNVT,260,243.0
196,HLA-A11:01,28773.2,QII87826,STPGSSRGTSP,196,244.0
111,HLA-A11:01,28789.25,QII87826,YLGTGPEAGLP,111,245.0
28,HLA-A11:01,28859.37,QII87826,NGERSGARSKQ,28,246.0
380,HLA-A11:01,28881.61,QII87826,ALPQRQKKQQT,380,247.0
56,HLA-A11:01,28899.31,QII87826,TQHGKEDLKFP,56,248.0
405,HLA-A11:01,29074.94,QII87826,QLQQSMSSADS,405,249.0
19,HLA-A11:01,29078.64,QII87826,PSDSTGSNQNG,19,250.0
264,HLA-A11:01,29104.14,QII87826,TKAYNVTQAFG,264,251.0
230,HLA-A11:01,29119.28,QII87826,ESKMSGKGQQQ,230,252.0
166,HLA-A11:01,29188.5,QII87826,LPKGFYAEGSR,166,253.0
268,HLA-A11:01,29189.47,QII87826,NVTQAFGRRGP,268,254.0
236,HLA-A11:01,29219.93,QII87826,KGQQQQGQTVT,236,255.0
263,HLA-A11:01,29245.13,QII87826,ATKAYNVTQAF,263,256.0
291,HLA-A11:01,29273.9,QII87826,IRQGTDYKHWP,291,257.0
285,HLA-A11:01,29405.29,QII87826,FGDQELIRQGT,285,258.0
388,HLA-A11:01,29467.65,QII87826,QQTVTLLPAAD,388,259.0
128,HLA-A11:01,29479.35,QII87826,GIIWVATEGAL,128,260.0
403,HLA-A11:01,29594.88,QII87826,SKQLQQSMSSA,403,261.0
79,HLA-A11:01,29600.14,QII87826,PDDQIGYYRRA,79,262.0
124,HLA-A11:01,29623.1,QII87826,ANKDGIIWVAT,124,263.0
187,HLA-A11:01,29624.64,QII87826,SRSRNSSRNST,187,264.0
183,HLA-A11:01,29650.16,QII87826,SRSSSRSRNSS,183,265.0
298,HLA-A11:01,29724.06,QII87826,KHWPQIAQFAP,298,266.0
375,HLA-A11:01,29745.25,QII87826,ADETQALPQRQ,375,267.0
345,HLA-A11:01,29753.57,QII87826,FKDQVILLNKH,345,268.0
177,HLA-A11:01,29757.3,QII87826,GGSQASSRSSS,177,269.0
301,HLA-A11:01,29762.79,QII87826,PQIAQFAPSAS,301,270.0
194,HLA-A11:01,29783.37,QII87826,RNSTPGSSRGT,194,271.0
326,HLA-A11:01,29859.18,QII87826,SGTWLTYTGAI,326,272.0
44,HLA-A11:01,30028.23,QII87826,LPNNTASWFTA,44,273.0
406,HLA-A11:01,30043.46,QII87826,LQQSMSSADST,406,274.0
109,HLA-A11:01,30168.13,QII87826,FYYLGTGPEAG,109,275.0
227,HLA-A11:01,30200.31,QII87826,NQLESKMSGKG,227,276.0
118,HLA-A11:01,30210.35,QII87826,AGLPYGANKDG,118,277.0
168,HLA-A11:01,30233.41,QII87826,KGFYAEGSRGG,168,278.0
378,HLA-A11:01,30278.58,QII87826,TQALPQRQKKQ,378,279.0
63,HLA-A11:01,30325.24,QII87826,LKFPRGQGVPI,63,280.0
276,HLA-A11:01,30396.55,QII87826,RGPEQTQGNFG,276,281.0
273,HLA-A11:01,30401.73,QII87826,FGRRGPEQTQG,273,282.0
171,HLA-A11:01,30436.15,QII87826,YAEGSRGGSQA,171,283.0
300,HLA-A11:01,30476.3,QII87826,WPQIAQFAPSA,300,284.0
126,HLA-A11:01,30535.88,QII87826,KDGIIWVATEG,126,285.0
193,HLA-A11:01,30552.68,QII87826,SRNSTPGSSRG,193,286.0
369,HLA-A11:01,30553.95,QII87826,KDKKKKADETQ,369,287.0
397,HLA-A11:01,30553.97,QII87826,ADLDDFSKQLQ,397,288.0
87,HLA-A11:01,30560.25,QII87826,RRATRRIRGGD,87,289.0
11,HLA-A11:01,30567.23,QII87826,APRITFGGPSD,11,290.0
379,HLA-A11:01,30652.05,QII87826,QALPQRQKKQQ,379,291.0
201,HLA-A11:01,30691.17,QII87826,SRGTSPARMAG,201,292.0
35,HLA-A11:01,30730.73,QII87826,RSKQRRPQGLP,35,293.0
274,HLA-A11:01,30731.87,QII87826,GRRGPEQTQGN,274,294.0
205,HLA-A11:01,30797.17,QII87826,SPARMAGNGGD,205,295.0
284,HLA-A11:01,30822.99,QII87826,NFGDQELIRQG,284,296.0
401,HLA-A11:01,30862.82,QII87826,DFSKQLQQSMS,401,297.0
95,HLA-A11:01,30881.15,QII87826,GGDGKMKDLSP,95,298.0
1,HLA-A11:01,30883.64,QII87826,SDNGPQNQRNA,1,299.0
240,HLA-A11:01,30932.59,QII87826,QQGQTVTKKSA,240,300.0
85,HLA-A11:01,30968.13,QII87826,YYRRATRRIRG,85,301.0
234,HLA-A11:01,30973.72,QII87826,SGKGQQQQGQT,234,302.0
141,HLA-A11:01,30977.36,QII87826,PKDHIGTRNPA,141,303.0
99,HLA-A11:01,31000.74,QII87826,KMKDLSPRWYF,99,304.0
208,HLA-A11:01,31025.9,QII87826,RMAGNGGDAAL,208,305.0
247,HLA-A11:01,31026.15,QII87826,KKSAAEASKKP,247,306.0
189,HLA-A11:01,31061.91,QII87826,SRNSSRNSTPG,189,307.0
135,HLA-A11:01,31066.21,QII87826,EGALNTPKDHI,135,308.0
353,HLA-A11:01,31079.88,QII87826,NKHIDAYKTFP,353,309.0
256,HLA-A11:01,31112.99,QII87826,KPRQKRTATKA,256,310.0
119,HLA-A11:01,31129.52,QII87826,GLPYGANKDGI,119,311.0
232,HLA-A11:01,31149.86,QII87826,KMSGKGQQQQG,232,312.0
4,HLA-A11:01,31165.09,QII87826,GPQNQRNAPRI,4,313.0
167,HLA-A11:01,31203.37,QII87826,PKGFYAEGSRG,167,314.0
384,HLA-A11:01,31208.04,QII87826,RQKKQQTVTLL,384,315.0
140,HLA-A11:01,31214.92,QII87826,TPKDHIGTRNP,140,316.0
32,HLA-A11:01,31225.28,QII87826,SGARSKQRRPQ,32,317.0
200,HLA-A11:01,31320.45,QII87826,SSRGTSPARMA,200,318.0
156,HLA-A11:01,31349.48,QII87826,IVLQLPQGTTL,156,319.0
382,HLA-A11:01,31376.52,QII87826,PQRQKKQQTVT,382,320.0
372,HLA-A11:01,31395.89,QII87826,KKKADETQALP,372,321.0
229,HLA-A11:01,31418.82,QII87826,LESKMSGKGQQ,229,322.0
368,HLA-A11:01,31443.0,QII87826,KKDKKKKADET,368,323.0
33,HLA-A11:01,31449.61,QII87826,GARSKQRRPQG,33,324.0
142,HLA-A11:01,31463.52,QII87826,KDHIGTRNPAN,142,325.0
287,HLA-A11:01,31490.43,QII87826,DQELIRQGTDY,287,326.0
396,HLA-A11:01,31538.46,QII87826,AADLDDFSKQL,396,327.0
346,HLA-A11:01,31542.06,QII87826,KDQVILLNKHI,346,328.0
122,HLA-A11:01,31626.56,QII87826,YGANKDGIIWV,122,329.0
23,HLA-A11:01,31649.16,QII87826,TGSNQNGERSG,23,330.0
16,HLA-A11:01,31681.7,QII87826,FGGPSDSTGSN,16,331.0
8,HLA-A11:01,31720.65,QII87826,QRNAPRITFGG,8,332.0
105,HLA-A11:01,31721.84,QII87826,PRWYFYYLGTG,105,333.0
252,HLA-A11:01,31735.9,QII87826,EASKKPRQKRT,252,334.0
173,HLA-A11:01,31764.44,QII87826,EGSRGGSQASS,173,335.0
267,HLA-A11:01,31766.45,QII87826,YNVTQAFGRRG,267,336.0
2,HLA-A11:01,31772.1,QII87826,DNGPQNQRNAP,2,337.0
176,HLA-A11:01,31776.69,QII87826,RGGSQASSRSS,176,338.0
88,HLA-A11:01,31797.64,QII87826,RATRRIRGGDG,88,339.0
40,HLA-A11:01,31809.12,QII87826,RPQGLPNNTAS,40,340.0
278,HLA-A11:01,31921.86,QII87826,PEQTQGNFGDQ,278,341.0
224,HLA-A11:01,32014.75,QII87826,DRLNQLESKMS,224,342.0
73,HLA-A11:01,32054.66,QII87826,INTNSSPDDQI,73,343.0
231,HLA-A11:01,32159.95,QII87826,SKMSGKGQQQQ,231,344.0
228,HLA-A11:01,32180.78,QII87826,QLESKMSGKGQ,228,345.0
12,HLA-A11:01,32212.32,QII87826,PRITFGGPSDS,12,346.0
254,HLA-A11:01,32262.99,QII87826,SKKPRQKRTAT,254,347.0
211,HLA-A11:01,32299.96,QII87826,GNGGDAALALL,211,348.0
333,HLA-A11:01,32388.03,QII87826,TGAIKLDDKDP,333,349.0
335,HLA-A11:01,32401.26,QII87826,AIKLDDKDPNF,335,350.0
297,HLA-A11:01,32432.7,QII87826,YKHWPQIAQFA,297,351.0
148,HLA-A11:01,32486.76,QII87826,RNPANNAAIVL,148,352.0
110,HLA-A11:01,32536.34,QII87826,YYLGTGPEAGL,110,353.0
172,HLA-A11:01,32567.34,QII87826,AEGSRGGSQAS,172,354.0
389,HLA-A11:01,32613.69,QII87826,QTVTLLPAADL,389,355.0
195,HLA-A11:01,32620.7,QII87826,NSTPGSSRGTS,195,356.0
72,HLA-A11:01,32633.66,QII87826,PINTNSSPDDQ,72,357.0
342,HLA-A11:01,32648.19,QII87826,DPNFKDQVILL,342,358.0
155,HLA-A11:01,32654.25,QII87826,AIVLQLPQGTT,155,359.0
257,HLA-A11:01,32657.43,QII87826,PRQKRTATKAY,257,360.0
383,HLA-A11:01,32742.5,QII87826,QRQKKQQTVTL,383,361.0
62,HLA-A11:01,32808.88,QII87826,DLKFPRGQGVP,62,362.0
206,HLA-A11:01,32856.01,QII87826,PARMAGNGGDA,206,363.0
303,HLA-A11:01,32894.22,QII87826,IAQFAPSASAF,303,364.0
223,HLA-A11:01,32911.68,QII87826,LDRLNQLESKM,223,365.0
381,HLA-A11:01,33029.15,QII87826,LPQRQKKQQTV,381,366.0
170,HLA-A11:01,33165.88,QII87826,FYAEGSRGGSQ,170,367.0
86,HLA-A11:01,33196.87,QII87826,YRRATRRIRGG,86,368.0
120,HLA-A11:01,33231.4,QII87826,LPYGANKDGII,120,369.0
367,HLA-A11:01,33243.37,QII87826,PKKDKKKKADE,367,370.0
370,HLA-A11:01,33247.98,QII87826,DKKKKADETQA,370,371.0
5,HLA-A11:01,33285.2,QII87826,PQNQRNAPRIT,5,372.0
286,HLA-A11:01,33330.18,QII87826,GDQELIRQGTD,286,373.0
207,HLA-A11:01,33379.56,QII87826,ARMAGNGGDAA,207,374.0
53,HLA-A11:01,33443.59,QII87826,TALTQHGKEDL,53,375.0
45,HLA-A11:01,33475.89,QII87826,PNNTASWFTAL,45,376.0
80,HLA-A11:01,33498.47,QII87826,DDQIGYYRRAT,80,377.0
338,HLA-A11:01,33580.71,QII87826,LDDKDPNFKDQ,338,378.0
365,HLA-A11:01,33631.36,QII87826,TEPKKDKKKKA,365,379.0
6,HLA-A11:01,33677.86,QII87826,QNQRNAPRITF,6,380.0
61,HLA-A11:01,33790.8,QII87826,EDLKFPRGQGV,61,381.0
59,HLA-A11:01,33872.85,QII87826,GKEDLKFPRGQ,59,382.0
366,HLA-A11:01,33903.28,QII87826,EPKKDKKKKAD,366,383.0
39,HLA-A11:01,33941.17,QII87826,RRPQGLPNNTA,39,384.0
60,HLA-A11:01,34098.2,QII87826,KEDLKFPRGQG,60,385.0
97,HLA-A11:01,34155.85,QII87826,DGKMKDLSPRW,97,386.0
147,HLA-A11:01,34176.39,QII87826,TRNPANNAAIV,147,387.0
339,HLA-A11:01,34279.3,QII87826,DDKDPNFKDQV,339,388.0
320,HLA-A11:01,34411.91,QII87826,GMEVTPSGTWL,320,389.0
290,HLA-A11:01,34446.06,QII87826,LIRQGTDYKHW,290,390.0
98,HLA-A11:01,34462.93,QII87826,GKMKDLSPRWY,98,391.0
371,HLA-A11:01,34469.18,QII87826,KKKKADETQAL,371,392.0
341,HLA-A11:01,34617.61,QII87826,KDPNFKDQVIL,341,393.0
235,HLA-A11:01,34633.34,QII87826,GKGQQQQGQTV,235,394.0
392,HLA-A11:01,34661.82,QII87826,TLLPAADLDDF,392,395.0
42,HLA-A11:01,34755.96,QII87826,QGLPNNTASWF,42,396.0
134,HLA-A11:01,34894.48,QII87826,TEGALNTPKDH,134,397.0
90,HLA-A11:01,34908.92,QII87826,TRRIRGGDGKM,90,398.0
160,HLA-A11:01,35077.32,QII87826,LPQGTTLPKGF,160,399.0
340,HLA-A11:01,35133.17,QII87826,DKDPNFKDQVI,340,400.0
400,HLA-A11:01,35224.13,QII87826,DDFSKQLQQSM,400,401.0
34,HLA-A11:01,35233.12,QII87826,ARSKQRRPQGL,34,402.0
41,HLA-A11:01,35315.93,QII87826,PQGLPNNTASW,41,403.0
121,HLA-A11:01,35351.85,QII87826,PYGANKDGIIW,121,404.0
93,HLA-A11:01,35526.56,QII87826,IRGGDGKMKDL,93,405.0
296,HLA-A11:01,35616.1,QII87826,DYKHWPQIAQF,296,406.0
319,HLA-A11:01,35770.66,QII87826,IGMEVTPSGTW,319,407.0
352,HLA-A11:01,36172.71,QII87826,LNKHIDAYKTF,352,408.0
275,HLA-A11:01,36297.73,QII87826,RRGPEQTQGNF,275,409.0
89,HLA-A30:01,8.7,QII87826,ATRRIRGGDGK,89,1.0
358,HLA-A30:01,22.95,QII87826,AYKTFPPTEPK,358,2.0
188,HLA-A30:01,51.31,QII87826,RSRNSSRNSTP,188,3.0
146,HLA-A30:01,84.95,QII87826,GTRNPANNAAI,146,4.0
253,HLA-A30:01,107.05,QII87826,ASKKPRQKRTA,253,5.0
245,HLA-A30:01,156.18,QII87826,VTKKSAAEASK,245,6.0
316,HLA-A30:01,168.98,QII87826,MSRIGMEVTPS,316,7.0
200,HLA-A30:01,178.39,QII87826,SSRGTSPARMA,200,8.0
350,HLA-A30:01,270.86,QII87826,ILLNKHIDAYK,350,9.0
99,HLA-A30:01,295.98,QII87826,KMKDLSPRWYF,99,10.0
311,HLA-A30:01,373.28,QII87826,SAFFGMSRIGM,311,11.0
132,HLA-A30:01,379.49,QII87826,VATEGALNTPK,132,12.0
50,HLA-A30:01,448.62,QII87826,SWFTALTQHGK,50,13.0
158,HLA-A30:01,449.51,QII87826,LQLPQGTTLPK,158,14.0
384,HLA-A30:01,531.08,QII87826,RQKKQQTVTLL,384,15.0
336,HLA-A30:01,698.66,QII87826,IKLDDKDPNFK,336,16.0
182,HLA-A30:01,714.3,QII87826,SSRSSSRSRNS,182,17.0
327,HLA-A30:01,774.9,QII87826,GTWLTYTGAIK,327,18.0
387,HLA-A30:01,833.82,QII87826,KQQTVTLLPAA,387,19.0
174,HLA-A30:01,924.44,QII87826,GSRGGSQASSR,174,20.0
33,HLA-A30:01,962.89,QII87826,GARSKQRRPQG,33,21.0
265,HLA-A30:01,972.37,QII87826,KAYNVTQAFGR,265,22.0
35,HLA-A30:01,1380.48,QII87826,RSKQRRPQGLP,35,23.0
186,HLA-A30:01,1666.01,QII87826,SSRSRNSSRNS,186,24.0
344,HLA-A30:01,1972.7,QII87826,NFKDQVILLNK,344,25.0
37,HLA-A30:01,1999.32,QII87826,KQRRPQGLPNN,37,26.0
304,HLA-A30:01,2036.76,QII87826,AQFAPSASAFF,304,27.0
192,HLA-A30:01,2064.7,QII87826,SSRNSTPGSSR,192,28.0
63,HLA-A30:01,2244.84,QII87826,LKFPRGQGVPI,63,29.0
263,HLA-A30:01,2717.53,QII87826,ATKAYNVTQAF,263,30.0
108,HLA-A30:01,2796.75,QII87826,YFYYLGTGPEA,108,31.0
250,HLA-A30:01,3760.76,QII87826,AAEASKKPRQK,250,32.0
85,HLA-A30:01,3858.86,QII87826,YYRRATRRIRG,85,33.0
84,HLA-A30:01,4133.51,QII87826,GYYRRATRRIR,84,34.0
190,HLA-A30:01,4475.64,QII87826,RNSSRNSTPGS,190,35.0
357,HLA-A30:01,4870.52,QII87826,DAYKTFPPTEP,357,36.0
7,HLA-A30:01,4989.54,QII87826,NQRNAPRITFG,7,37.0
374,HLA-A30:01,5151.11,QII87826,KADETQALPQR,374,38.0
58,HLA-A30:01,5181.24,QII87826,HGKEDLKFPRG,58,39.0
198,HLA-A30:01,6019.41,QII87826,PGSSRGTSPAR,198,40.0
92,HLA-A30:01,6579.78,QII87826,RIRGGDGKMKD,92,41.0
255,HLA-A30:01,6764.39,QII87826,KKPRQKRTATK,255,42.0
225,HLA-A30:01,7373.88,QII87826,RLNQLESKMSG,225,43.0
372,HLA-A30:01,7639.39,QII87826,KKKADETQALP,372,44.0
184,HLA-A30:01,8198.33,QII87826,RSSSRSRNSSR,184,45.0
308,HLA-A30:01,8234.41,QII87826,PSASAFFGMSR,308,46.0
123,HLA-A30:01,8376.17,QII87826,GANKDGIIWVA,123,47.0
222,HLA-A30:01,8495.45,QII87826,LLDRLNQLESK,222,48.0
248,HLA-A30:01,8668.16,QII87826,KSAAEASKKPR,248,49.0
106,HLA-A30:01,8739.27,QII87826,RWYFYYLGTGP,106,50.0
64,HLA-A30:01,9062.83,QII87826,KFPRGQGVPIN,64,51.0
219,HLA-A30:01,9152.01,QII87826,ALLLLDRLNQL,219,52.0
259,HLA-A30:01,9454.31,QII87826,QKRTATKAYNV,259,53.0
258,HLA-A30:01,9809.29,QII87826,RQKRTATKAYN,258,54.0
144,HLA-A30:01,10128.94,QII87826,HIGTRNPANNA,144,55.0
237,HLA-A30:01,10253.44,QII87826,GQQQQGQTVTK,237,56.0
57,HLA-A30:01,10423.07,QII87826,QHGKEDLKFPR,57,57.0
331,HLA-A30:01,10788.1,QII87826,TYTGAIKLDDK,331,58.0
54,HLA-A30:01,10861.04,QII87826,ALTQHGKEDLK,54,59.0
335,HLA-A30:01,10967.24,QII87826,AIKLDDKDPNF,335,60.0
36,HLA-A30:01,11054.99,QII87826,SKQRRPQGLPN,36,61.0
313,HLA-A30:01,11872.88,QII87826,FFGMSRIGMEV,313,62.0
151,HLA-A30:01,12290.93,QII87826,ANNAAIVLQLP,151,63.0
226,HLA-A30:01,12649.15,QII87826,LNQLESKMSGK,226,64.0
355,HLA-A30:01,12818.08,QII87826,HIDAYKTFPPT,355,65.0
361,HLA-A30:01,12880.87,QII87826,TFPPTEPKKDK,361,66.0
310,HLA-A30:01,12952.46,QII87826,ASAFFGMSRIG,310,67.0
293,HLA-A30:01,12965.79,QII87826,QGTDYKHWPQI,293,68.0
208,HLA-A30:01,13026.97,QII87826,RMAGNGGDAAL,208,69.0
383,HLA-A30:01,13120.45,QII87826,QRQKKQQTVTL,383,70.0
246,HLA-A30:01,14232.97,QII87826,TKKSAAEASKK,246,71.0
348,HLA-A30:01,14358.1,QII87826,QVILLNKHIDA,348,72.0
27,HLA-A30:01,14372.95,QII87826,QNGERSGARSK,27,73.0
181,HLA-A30:01,14540.07,QII87826,ASSRSSSRSRN,181,74.0
309,HLA-A30:01,14872.91,QII87826,SASAFFGMSRI,309,75.0
142,HLA-A30:01,15291.37,QII87826,KDHIGTRNPAN,142,76.0
9,HLA-A30:01,15315.33,QII87826,RNAPRITFGGP,9,77.0
385,HLA-A30:01,15472.27,QII87826,QKKQQTVTLLP,385,78.0
386,HLA-A30:01,15513.43,QII87826,KKQQTVTLLPA,386,79.0
288,HLA-A30:01,15861.28,QII87826,QELIRQGTDYK,288,80.0
360,HLA-A30:01,16218.46,QII87826,KTFPPTEPKKD,360,81.0
306,HLA-A30:01,16271.79,QII87826,FAPSASAFFGM,306,82.0
136,HLA-A30:01,16377.38,QII87826,GALNTPKDHIG,136,83.0
6,HLA-A30:01,16436.86,QII87826,QNQRNAPRITF,6,84.0
100,HLA-A30:01,16781.12,QII87826,MKDLSPRWYFY,100,85.0
168,HLA-A30:01,17266.5,QII87826,KGFYAEGSRGG,168,86.0
122,HLA-A30:01,17335.12,QII87826,YGANKDGIIWV,122,87.0
294,HLA-A30:01,17366.47,QII87826,GTDYKHWPQIA,294,88.0
261,HLA-A30:01,17503.07,QII87826,RTATKAYNVTQ,261,89.0
215,HLA-A30:01,17597.12,QII87826,DAALALLLLDR,215,90.0
102,HLA-A30:01,17709.33,QII87826,DLSPRWYFYYL,102,91.0
189,HLA-A30:01,17826.32,QII87826,SRNSSRNSTPG,189,92.0
394,HLA-A30:01,18035.29,QII87826,LPAADLDDFSK,394,93.0
359,HLA-A30:01,18195.37,QII87826,YKTFPPTEPKK,359,94.0
377,HLA-A30:01,18212.02,QII87826,ETQALPQRQKK,377,95.0
199,HLA-A30:01,18241.28,QII87826,GSSRGTSPARM,199,96.0
371,HLA-A30:01,18432.39,QII87826,KKKKADETQAL,371,97.0
133,HLA-A30:01,18701.78,QII87826,ATEGALNTPKD,133,98.0
104,HLA-A30:01,18825.55,QII87826,SPRWYFYYLGT,104,99.0
364,HLA-A30:01,18973.32,QII87826,PTEPKKDKKKK,364,100.0
77,HLA-A30:01,18980.39,QII87826,SSPDDQIGYYR,77,101.0
113,HLA-A30:01,19059.64,QII87826,GTGPEAGLPYG,113,102.0
124,HLA-A30:01,19670.79,QII87826,ANKDGIIWVAT,124,103.0
216,HLA-A30:01,19949.5,QII87826,AALALLLLDRL,216,104.0
238,HLA-A30:01,20012.61,QII87826,QQQQGQTVTKK,238,105.0
4,HLA-A30:01,20221.81,QII87826,GPQNQRNAPRI,4,106.0
185,HLA-A30:01,20302.35,QII87826,SSSRSRNSSRN,185,107.0
116,HLA-A30:01,20335.45,QII87826,PEAGLPYGANK,116,108.0
147,HLA-A30:01,20415.96,QII87826,TRNPANNAAIV,147,109.0
101,HLA-A30:01,20679.84,QII87826,KDLSPRWYFYY,101,110.0
135,HLA-A30:01,20691.11,QII87826,EGALNTPKDHI,135,111.0
31,HLA-A30:01,20715.91,QII87826,RSGARSKQRRP,31,112.0
3,HLA-A30:01,21083.06,QII87826,NGPQNQRNAPR,3,113.0
98,HLA-A30:01,21996.29,QII87826,GKMKDLSPRWY,98,114.0
91,HLA-A30:01,22397.95,QII87826,RRIRGGDGKMK,91,115.0
141,HLA-A30:01,22398.3,QII87826,PKDHIGTRNPA,141,116.0
56,HLA-A30:01,22400.35,QII87826,TQHGKEDLKFP,56,117.0
103,HLA-A30:01,22595.93,QII87826,LSPRWYFYYLG,103,118.0
191,HLA-A30:01,22646.22,QII87826,NSSRNSTPGSS,191,119.0
10,HLA-A30:01,22709.64,QII87826,NAPRITFGGPS,10,120.0
32,HLA-A30:01,22813.31,QII87826,SGARSKQRRPQ,32,121.0
297,HLA-A30:01,22908.06,QII87826,YKHWPQIAQFA,297,122.0
159,HLA-A30:01,22943.93,QII87826,QLPQGTTLPKG,159,123.0
178,HLA-A30:01,23127.78,QII87826,GSQASSRSSSR,178,124.0
180,HLA-A30:01,23226.85,QII87826,QASSRSSSRSR,180,125.0
221,HLA-A30:01,23257.39,QII87826,LLLDRLNQLES,221,126.0
5,HLA-A30:01,23819.78,QII87826,PQNQRNAPRIT,5,127.0
243,HLA-A30:01,23851.03,QII87826,QTVTKKSAAEA,243,128.0
376,HLA-A30:01,23907.93,QII87826,DETQALPQRQK,376,129.0
48,HLA-A30:01,23915.83,QII87826,TASWFTALTQH,48,130.0
291,HLA-A30:01,23939.45,QII87826,IRQGTDYKHWP,291,131.0
317,HLA-A30:01,23984.32,QII87826,SRIGMEVTPSG,317,132.0
96,HLA-A30:01,24139.95,QII87826,GDGKMKDLSPR,96,133.0
300,HLA-A30:01,24145.45,QII87826,WPQIAQFAPSA,300,134.0
262,HLA-A30:01,24174.01,QII87826,TATKAYNVTQA,262,135.0
247,HLA-A30:01,24216.1,QII87826,KKSAAEASKKP,247,136.0
282,HLA-A30:01,24267.5,QII87826,QGNFGDQELIR,282,137.0
156,HLA-A30:01,24370.22,QII87826,IVLQLPQGTTL,156,138.0
44,HLA-A30:01,24420.95,QII87826,LPNNTASWFTA,44,139.0
83,HLA-A30:01,24522.27,QII87826,IGYYRRATRRI,83,140.0
354,HLA-A30:01,24614.35,QII87826,KHIDAYKTFPP,354,141.0
351,HLA-A30:01,24790.34,QII87826,LLNKHIDAYKT,351,142.0
138,HLA-A30:01,24901.57,QII87826,LNTPKDHIGTR,138,143.0
197,HLA-A30:01,24976.48,QII87826,TPGSSRGTSPA,197,144.0
356,HLA-A30:01,25275.35,QII87826,IDAYKTFPPTE,356,145.0
381,HLA-A30:01,25489.19,QII87826,LPQRQKKQQTV,381,146.0
302,HLA-A30:01,25542.77,QII87826,QIAQFAPSASA,302,147.0
322,HLA-A30:01,25786.61,QII87826,EVTPSGTWLTY,322,148.0
114,HLA-A30:01,25910.32,QII87826,TGPEAGLPYGA,114,149.0
150,HLA-A30:01,25950.52,QII87826,PANNAAIVLQL,150,150.0
213,HLA-A30:01,26084.23,QII87826,GGDAALALLLL,213,151.0
328,HLA-A30:01,26442.44,QII87826,TWLTYTGAIKL,328,152.0
403,HLA-A30:01,26668.74,QII87826,SKQLQQSMSSA,403,153.0
266,HLA-A30:01,26670.47,QII87826,AYNVTQAFGRR,266,154.0
305,HLA-A30:01,26679.91,QII87826,QFAPSASAFFG,305,155.0
264,HLA-A30:01,26756.85,QII87826,TKAYNVTQAFG,264,156.0
154,HLA-A30:01,26767.8,QII87826,AAIVLQLPQGT,154,157.0
353,HLA-A30:01,26797.02,QII87826,NKHIDAYKTFP,353,158.0
218,HLA-A30:01,27069.66,QII87826,LALLLLDRLNQ,218,159.0
334,HLA-A30:01,27074.98,QII87826,GAIKLDDKDPN,334,160.0
270,HLA-A30:01,27244.57,QII87826,TQAFGRRGPEQ,270,161.0
81,HLA-A30:01,27272.82,QII87826,DQIGYYRRATR,81,162.0
232,HLA-A30:01,27339.05,QII87826,KMSGKGQQQQG,232,163.0
400,HLA-A30:01,27356.42,QII87826,DDFSKQLQQSM,400,164.0
202,HLA-A30:01,27365.67,QII87826,RGTSPARMAGN,202,165.0
162,HLA-A30:01,27575.22,QII87826,QGTTLPKGFYA,162,166.0
164,HLA-A30:01,27780.03,QII87826,TTLPKGFYAEG,164,167.0
143,HLA-A30:01,27843.21,QII87826,DHIGTRNPANN,143,168.0
343,HLA-A30:01,27897.91,QII87826,PNFKDQVILLN,343,169.0
312,HLA-A30:01,27922.66,QII87826,AFFGMSRIGME,312,170.0
337,HLA-A30:01,27971.16,QII87826,KLDDKDPNFKD,337,171.0
323,HLA-A30:01,28039.1,QII87826,VTPSGTWLTYT,323,172.0
349,HLA-A30:01,28050.7,QII87826,VILLNKHIDAY,349,173.0
196,HLA-A30:01,28197.61,QII87826,STPGSSRGTSP,196,174.0
34,HLA-A30:01,28269.12,QII87826,ARSKQRRPQGL,34,175.0
269,HLA-A30:01,28442.34,QII87826,VTQAFGRRGPE,269,176.0
187,HLA-A30:01,28585.09,QII87826,SRSRNSSRNST,187,177.0
179,HLA-A30:01,28611.72,QII87826,SQASSRSSSRS,179,178.0
161,HLA-A30:01,28835.77,QII87826,PQGTTLPKGFY,161,179.0
363,HLA-A30:01,28879.27,QII87826,PPTEPKKDKKK,363,180.0
402,HLA-A30:01,28935.66,QII87826,FSKQLQQSMSS,402,181.0
140,HLA-A30:01,28983.56,QII87826,TPKDHIGTRNP,140,182.0
257,HLA-A30:01,29042.97,QII87826,PRQKRTATKAY,257,183.0
249,HLA-A30:01,29199.93,QII87826,SAAEASKKPRQ,249,184.0
46,HLA-A30:01,29211.67,QII87826,NNTASWFTALT,46,185.0
8,HLA-A30:01,29235.27,QII87826,QRNAPRITFGG,8,186.0
137,HLA-A30:01,29238.74,QII87826,ALNTPKDHIGT,137,187.0
217,HLA-A30:01,29252.18,QII87826,ALALLLLDRLN,217,188.0
183,HLA-A30:01,29258.04,QII87826,SRSSSRSRNSS,183,189.0
340,HLA-A30:01,29340.97,QII87826,DKDPNFKDQVI,340,190.0
254,HLA-A30:01,29456.44,QII87826,SKKPRQKRTAT,254,191.0
148,HLA-A30:01,29482.08,QII87826,RNPANNAAIVL,148,192.0
370,HLA-A30:01,29482.8,QII87826,DKKKKADETQA,370,193.0
346,HLA-A30:01,29609.05,QII87826,KDQVILLNKHI,346,194.0
62,HLA-A30:01,29674.33,QII87826,DLKFPRGQGVP,62,195.0
389,HLA-A30:01,29751.21,QII87826,QTVTLLPAADL,389,196.0
260,HLA-A30:01,29848.81,QII87826,KRTATKAYNVT,260,197.0
326,HLA-A30:01,29935.61,QII87826,SGTWLTYTGAI,326,198.0
210,HLA-A30:01,30026.92,QII87826,AGNGGDAALAL,210,199.0
88,HLA-A30:01,30043.63,QII87826,RATRRIRGGDG,88,200.0
272,HLA-A30:01,30166.25,QII87826,AFGRRGPEQTQ,272,201.0
61,HLA-A30:01,30266.07,QII87826,EDLKFPRGQGV,61,202.0
82,HLA-A30:01,30503.22,QII87826,QIGYYRRATRR,82,203.0
157,HLA-A30:01,30534.56,QII87826,VLQLPQGTTLP,157,204.0
112,HLA-A30:01,30594.85,QII87826,LGTGPEAGLPY,112,205.0
176,HLA-A30:01,30702.56,QII87826,RGGSQASSRSS,176,206.0
49,HLA-A30:01,30766.66,QII87826,ASWFTALTQHG,49,207.0
86,HLA-A30:01,30862.47,QII87826,YRRATRRIRGG,86,208.0
235,HLA-A30:01,30940.69,QII87826,GKGQQQQGQTV,235,209.0
107,HLA-A30:01,30946.44,QII87826,WYFYYLGTGPE,107,210.0
153,HLA-A30:01,30958.16,QII87826,NAAIVLQLPQG,153,211.0
95,HLA-A30:01,30972.94,QII87826,GGDGKMKDLSP,95,212.0
131,HLA-A30:01,31033.2,QII87826,WVATEGALNTP,131,213.0
347,HLA-A30:01,31046.41,QII87826,DQVILLNKHID,347,214.0
45,HLA-A30:01,31046.77,QII87826,PNNTASWFTAL,45,215.0
203,HLA-A30:01,31126.07,QII87826,GTSPARMAGNG,203,216.0
163,HLA-A30:01,31203.52,QII87826,GTTLPKGFYAE,163,217.0
325,HLA-A30:01,31333.01,QII87826,PSGTWLTYTGA,325,218.0
268,HLA-A30:01,31364.72,QII87826,NVTQAFGRRGP,268,219.0
276,HLA-A30:01,31408.2,QII87826,RGPEQTQGNFG,276,220.0
256,HLA-A30:01,31475.09,QII87826,KPRQKRTATKA,256,221.0
25,HLA-A30:01,31476.02,QII87826,SNQNGERSGAR,25,222.0
110,HLA-A30:01,31591.56,QII87826,YYLGTGPEAGL,110,223.0
129,HLA-A30:01,31637.34,QII87826,IIWVATEGALN,129,224.0
120,HLA-A30:01,31715.72,QII87826,LPYGANKDGII,120,225.0
362,HLA-A30:01,31763.57,QII87826,FPPTEPKKDKK,362,226.0
55,HLA-A30:01,31944.06,QII87826,LTQHGKEDLKF,55,227.0
94,HLA-A30:01,32006.5,QII87826,RGGDGKMKDLS,94,228.0
212,HLA-A30:01,32196.4,QII87826,NGGDAALALLL,212,229.0
339,HLA-A30:01,32291.49,QII87826,DDKDPNFKDQV,339,230.0
47,HLA-A30:01,32374.2,QII87826,NTASWFTALTQ,47,231.0
42,HLA-A30:01,32447.47,QII87826,QGLPNNTASWF,42,232.0
155,HLA-A30:01,32557.41,QII87826,AIVLQLPQGTT,155,233.0
321,HLA-A30:01,32575.28,QII87826,MEVTPSGTWLT,321,234.0
209,HLA-A30:01,32582.79,QII87826,MAGNGGDAALA,209,235.0
342,HLA-A30:01,32697.95,QII87826,DPNFKDQVILL,342,236.0
241,HLA-A30:01,32712.62,QII87826,QGQTVTKKSAA,241,237.0
0,HLA-A30:01,32727.43,QII87826,MSDNGPQNQRN,0,238.0
53,HLA-A30:01,32736.43,QII87826,TALTQHGKEDL,53,239.0
117,HLA-A30:01,32855.84,QII87826,EAGLPYGANKD,117,240.0
13,HLA-A30:01,32864.98,QII87826,RITFGGPSDST,13,241.0
214,HLA-A30:01,32910.34,QII87826,GDAALALLLLD,214,242.0
29,HLA-A30:01,32913.7,QII87826,GERSGARSKQR,29,243.0
67,HLA-A30:01,32962.01,QII87826,RGQGVPINTNS,67,244.0
318,HLA-A30:01,32979.19,QII87826,RIGMEVTPSGT,318,245.0
366,HLA-A30:01,32981.74,QII87826,EPKKDKKKKAD,366,246.0
24,HLA-A30:01,33060.38,QII87826,GSNQNGERSGA,24,247.0
220,HLA-A30:01,33269.05,QII87826,LLLLDRLNQLE,220,248.0
30,HLA-A30:01,33296.97,QII87826,ERSGARSKQRR,30,249.0
70,HLA-A30:01,33320.02,QII87826,GVPINTNSSPD,70,250.0
382,HLA-A30:01,33325.36,QII87826,PQRQKKQQTVT,382,251.0
345,HLA-A30:01,33532.6,QII87826,FKDQVILLNKH,345,252.0
289,HLA-A30:01,33538.56,QII87826,ELIRQGTDYKH,289,253.0
352,HLA-A30:01,33540.5,QII87826,LNKHIDAYKTF,352,254.0
252,HLA-A30:01,33552.86,QII87826,EASKKPRQKRT,252,255.0
251,HLA-A30:01,33567.59,QII87826,AEASKKPRQKR,251,256.0
166,HLA-A30:01,33632.45,QII87826,LPKGFYAEGSR,166,257.0
21,HLA-A30:01,33762.71,QII87826,DSTGSNQNGER,21,258.0
14,HLA-A30:01,33786.9,QII87826,ITFGGPSDSTG,14,259.0
145,HLA-A30:01,33804.57,QII87826,IGTRNPANNAA,145,260.0
373,HLA-A30:01,33846.25,QII87826,KKADETQALPQ,373,261.0
97,HLA-A30:01,33977.34,QII87826,DGKMKDLSPRW,97,262.0
105,HLA-A30:01,34013.65,QII87826,PRWYFYYLGTG,105,263.0
69,HLA-A30:01,34110.83,QII87826,QGVPINTNSSP,69,264.0
134,HLA-A30:01,34114.77,QII87826,TEGALNTPKDH,134,265.0
173,HLA-A30:01,34181.27,QII87826,EGSRGGSQASS,173,266.0
65,HLA-A30:01,34264.06,QII87826,FPRGQGVPINT,65,267.0
43,HLA-A30:01,34298.74,QII87826,GLPNNTASWFT,43,268.0
2,HLA-A30:01,34364.59,QII87826,DNGPQNQRNAP,2,269.0
38,HLA-A30:01,34380.39,QII87826,QRRPQGLPNNT,38,270.0
298,HLA-A30:01,34416.86,QII87826,KHWPQIAQFAP,298,271.0
324,HLA-A30:01,34493.53,QII87826,TPSGTWLTYTG,324,272.0
66,HLA-A30:01,34519.33,QII87826,PRGQGVPINTN,66,273.0
224,HLA-A30:01,34519.7,QII87826,DRLNQLESKMS,224,274.0
11,HLA-A30:01,34582.54,QII87826,APRITFGGPSD,11,275.0
71,HLA-A30:01,34704.99,QII87826,VPINTNSSPDD,71,276.0
223,HLA-A30:01,34786.33,QII87826,LDRLNQLESKM,223,277.0
315,HLA-A30:01,34810.62,QII87826,GMSRIGMEVTP,315,278.0
333,HLA-A30:01,35015.43,QII87826,TGAIKLDDKDP,333,279.0
365,HLA-A30:01,35040.12,QII87826,TEPKKDKKKKA,365,280.0
177,HLA-A30:01,35058.88,QII87826,GGSQASSRSSS,177,281.0
90,HLA-A30:01,35084.67,QII87826,TRRIRGGDGKM,90,282.0
303,HLA-A30:01,35296.73,QII87826,IAQFAPSASAF,303,283.0
152,HLA-A30:01,35297.69,QII87826,NNAAIVLQLPQ,152,284.0
292,HLA-A30:01,35339.25,QII87826,RQGTDYKHWPQ,292,285.0
290,HLA-A30:01,35375.94,QII87826,LIRQGTDYKHW,290,286.0
380,HLA-A30:01,35393.21,QII87826,ALPQRQKKQQT,380,287.0
51,HLA-A30:01,35423.27,QII87826,WFTALTQHGKE,51,288.0
169,HLA-A30:01,35485.28,QII87826,GFYAEGSRGGS,169,289.0
26,HLA-A30:01,35489.32,QII87826,NQNGERSGARS,26,290.0
139,HLA-A30:01,35692.75,QII87826,NTPKDHIGTRN,139,291.0
299,HLA-A30:01,35864.57,QII87826,HWPQIAQFAPS,299,292.0
149,HLA-A30:01,35948.77,QII87826,NPANNAAIVLQ,149,293.0
401,HLA-A30:01,35990.4,QII87826,DFSKQLQQSMS,401,294.0
211,HLA-A30:01,35996.87,QII87826,GNGGDAALALL,211,295.0
296,HLA-A30:01,35997.94,QII87826,DYKHWPQIAQF,296,296.0
287,HLA-A30:01,36080.34,QII87826,DQELIRQGTDY,287,297.0
404,HLA-A30:01,36181.46,QII87826,KQLQQSMSSAD,404,298.0
271,HLA-A30:01,36191.78,QII87826,QAFGRRGPEQT,271,299.0
195,HLA-A30:01,36212.18,QII87826,NSTPGSSRGTS,195,300.0
227,HLA-A30:01,36244.03,QII87826,NQLESKMSGKG,227,301.0
68,HLA-A30:01,36320.01,QII87826,GQGVPINTNSS,68,302.0
160,HLA-A30:01,36323.93,QII87826,LPQGTTLPKGF,160,303.0
204,HLA-A30:01,36485.18,QII87826,TSPARMAGNGG,204,304.0
128,HLA-A30:01,36511.4,QII87826,GIIWVATEGAL,128,305.0
73,HLA-A30:01,36513.92,QII87826,INTNSSPDDQI,73,306.0
130,HLA-A30:01,36598.74,QII87826,IWVATEGALNT,130,307.0
125,HLA-A30:01,36618.06,QII87826,NKDGIIWVATE,125,308.0
368,HLA-A30:01,36690.72,QII87826,KKDKKKKADET,368,309.0
240,HLA-A30:01,36763.4,QII87826,QQGQTVTKKSA,240,310.0
109,HLA-A30:01,36764.53,QII87826,FYYLGTGPEAG,109,311.0
22,HLA-A30:01,36797.32,QII87826,STGSNQNGERS,22,312.0
329,HLA-A30:01,36805.13,QII87826,WLTYTGAIKLD,329,313.0
76,HLA-A30:01,36873.85,QII87826,NSSPDDQIGYY,76,314.0
280,HLA-A30:01,36879.47,QII87826,QTQGNFGDQEL,280,315.0
194,HLA-A30:01,36892.67,QII87826,RNSTPGSSRGT,194,316.0
170,HLA-A30:01,36899.57,QII87826,FYAEGSRGGSQ,170,317.0
115,HLA-A30:01,36908.13,QII87826,GPEAGLPYGAN,115,318.0
367,HLA-A30:01,36978.79,QII87826,PKKDKKKKADE,367,319.0
127,HLA-A30:01,37018.57,QII87826,DGIIWVATEGA,127,320.0
93,HLA-A30:01,37024.33,QII87826,IRGGDGKMKDL,93,321.0
314,HLA-A30:01,37030.23,QII87826,FGMSRIGMEVT,314,322.0
171,HLA-A30:01,37084.26,QII87826,YAEGSRGGSQA,171,323.0
239,HLA-A30:01,37092.78,QII87826,QQQGQTVTKKS,239,324.0
201,HLA-A30:01,37097.41,QII87826,SRGTSPARMAG,201,325.0
341,HLA-A30:01,37097.91,QII87826,KDPNFKDQVIL,341,326.0
369,HLA-A30:01,37098.48,QII87826,KDKKKKADETQ,369,327.0
379,HLA-A30:01,37100.35,QII87826,QALPQRQKKQQ,379,328.0
80,HLA-A30:01,37153.08,QII87826,DDQIGYYRRAT,80,329.0
79,HLA-A30:01,37216.1,QII87826,PDDQIGYYRRA,79,330.0
228,HLA-A30:01,37334.94,QII87826,QLESKMSGKGQ,228,331.0
78,HLA-A30:01,37351.74,QII87826,SPDDQIGYYRR,78,332.0
75,HLA-A30:01,37359.75,QII87826,TNSSPDDQIGY,75,333.0
281,HLA-A30:01,37423.12,QII87826,TQGNFGDQELI,281,334.0
244,HLA-A30:01,37486.93,QII87826,TVTKKSAAEAS,244,335.0
236,HLA-A30:01,37495.26,QII87826,KGQQQQGQTVT,236,336.0
330,HLA-A30:01,37597.0,QII87826,LTYTGAIKLDD,330,337.0
295,HLA-A30:01,37616.97,QII87826,TDYKHWPQIAQ,295,338.0
230,HLA-A30:01,37649.23,QII87826,ESKMSGKGQQQ,230,339.0
378,HLA-A30:01,37663.6,QII87826,TQALPQRQKKQ,378,340.0
59,HLA-A30:01,37681.01,QII87826,GKEDLKFPRGQ,59,341.0
119,HLA-A30:01,37714.45,QII87826,GLPYGANKDGI,119,342.0
301,HLA-A30:01,37722.63,QII87826,PQIAQFAPSAS,301,343.0
332,HLA-A30:01,37767.13,QII87826,YTGAIKLDDKD,332,344.0
392,HLA-A30:01,37885.02,QII87826,TLLPAADLDDF,392,345.0
307,HLA-A30:01,37942.41,QII87826,APSASAFFGMS,307,346.0
229,HLA-A30:01,37975.64,QII87826,LESKMSGKGQQ,229,347.0
111,HLA-A30:01,37976.96,QII87826,YLGTGPEAGLP,111,348.0
320,HLA-A30:01,38004.67,QII87826,GMEVTPSGTWL,320,349.0
39,HLA-A30:01,38096.23,QII87826,RRPQGLPNNTA,39,350.0
388,HLA-A30:01,38115.69,QII87826,QQTVTLLPAAD,388,351.0
28,HLA-A30:01,38136.64,QII87826,NGERSGARSKQ,28,352.0
283,HLA-A30:01,38158.95,QII87826,GNFGDQELIRQ,283,353.0
233,HLA-A30:01,38229.45,QII87826,MSGKGQQQQGQ,233,354.0
399,HLA-A30:01,38346.17,QII87826,LDDFSKQLQQS,399,355.0
12,HLA-A30:01,38541.85,QII87826,PRITFGGPSDS,12,356.0
1,HLA-A30:01,38552.62,QII87826,SDNGPQNQRNA,1,357.0
405,HLA-A30:01,38596.84,QII87826,QLQQSMSSADS,405,358.0
74,HLA-A30:01,38621.39,QII87826,NTNSSPDDQIG,74,359.0
396,HLA-A30:01,38642.6,QII87826,AADLDDFSKQL,396,360.0
193,HLA-A30:01,38740.91,QII87826,SRNSTPGSSRG,193,361.0
267,HLA-A30:01,38803.68,QII87826,YNVTQAFGRRG,267,362.0
23,HLA-A30:01,38817.6,QII87826,TGSNQNGERSG,23,363.0
52,HLA-A30:01,38825.97,QII87826,FTALTQHGKED,52,364.0
338,HLA-A30:01,38863.87,QII87826,LDDKDPNFKDQ,338,365.0
242,HLA-A30:01,38869.7,QII87826,GQTVTKKSAAE,242,366.0
172,HLA-A30:01,38910.71,QII87826,AEGSRGGSQAS,172,367.0
206,HLA-A30:01,39021.56,QII87826,PARMAGNGGDA,206,368.0
165,HLA-A30:01,39056.48,QII87826,TLPKGFYAEGS,165,369.0
408,HLA-A30:01,39129.87,QII87826,QSMSSADSTQA,408,370.0
273,HLA-A30:01,39268.4,QII87826,FGRRGPEQTQG,273,371.0
15,HLA-A30:01,39464.03,QII87826,TFGGPSDSTGS,15,372.0
118,HLA-A30:01,39472.33,QII87826,AGLPYGANKDG,118,373.0
274,HLA-A30:01,39485.29,QII87826,GRRGPEQTQGN,274,374.0
16,HLA-A30:01,39560.26,QII87826,FGGPSDSTGSN,16,375.0
393,HLA-A30:01,39630.18,QII87826,LLPAADLDDFS,393,376.0
285,HLA-A30:01,39672.39,QII87826,FGDQELIRQGT,285,377.0
121,HLA-A30:01,39674.72,QII87826,PYGANKDGIIW,121,378.0
390,HLA-A30:01,39732.35,QII87826,TVTLLPAADLD,390,379.0
391,HLA-A30:01,39923.24,QII87826,VTLLPAADLDD,391,380.0
175,HLA-A30:01,39927.21,QII87826,SRGGSQASSRS,175,381.0
167,HLA-A30:01,39990.21,QII87826,PKGFYAEGSRG,167,382.0
231,HLA-A30:01,40025.54,QII87826,SKMSGKGQQQQ,231,383.0
397,HLA-A30:01,40116.68,QII87826,ADLDDFSKQLQ,397,384.0
126,HLA-A30:01,40341.24,QII87826,KDGIIWVATEG,126,385.0
375,HLA-A30:01,40363.77,QII87826,ADETQALPQRQ,375,386.0
18,HLA-A30:01,40399.67,QII87826,GPSDSTGSNQN,18,387.0
60,HLA-A30:01,40468.26,QII87826,KEDLKFPRGQG,60,388.0
19,HLA-A30:01,40554.3,QII87826,PSDSTGSNQNG,19,389.0
407,HLA-A30:01,40565.01,QII87826,QQSMSSADSTQ,407,390.0
406,HLA-A30:01,40608.82,QII87826,LQQSMSSADST,406,391.0
72,HLA-A30:01,40642.72,QII87826,PINTNSSPDDQ,72,392.0
398,HLA-A30:01,40717.45,QII87826,DLDDFSKQLQQ,398,393.0
284,HLA-A30:01,40789.05,QII87826,NFGDQELIRQG,284,394.0
275,HLA-A30:01,40849.19,QII87826,RRGPEQTQGNF,275,395.0
87,HLA-A30:01,40950.38,QII87826,RRATRRIRGGD,87,396.0
40,HLA-A30:01,41012.15,QII87826,RPQGLPNNTAS,40,397.0
234,HLA-A30:01,41089.75,QII87826,SGKGQQQQGQT,234,398.0
395,HLA-A30:01,41166.9,QII87826,PAADLDDFSKQ,395,399.0
207,HLA-A30:01,41254.24,QII87826,ARMAGNGGDAA,207,400.0
41,HLA-A30:01,41602.1,QII87826,PQGLPNNTASW,41,401.0
278,HLA-A30:01,41625.15,QII87826,PEQTQGNFGDQ,278,402.0
319,HLA-A30:01,41708.41,QII87826,IGMEVTPSGTW,319,403.0
17,HLA-A30:01,41746.07,QII87826,GGPSDSTGSNQ,17,404.0
205,HLA-A30:01,41996.91,QII87826,SPARMAGNGGD,205,405.0
20,HLA-A30:01,42134.35,QII87826,SDSTGSNQNGE,20,406.0
279,HLA-A30:01,42383.31,QII87826,EQTQGNFGDQE,279,407.0
286,HLA-A30:01,42948.47,QII87826,GDQELIRQGTD,286,408.0
277,HLA-A30:01,43068.63,QII87826,GPEQTQGNFGD,277,409.0
77,HLA-A31:01 ,4238.34,QII87826,SSPDDQIGYYR,77,1.0
265,HLA-A31:01 ,4366.09,QII87826,KAYNVTQAFGR,265,2.0
266,HLA-A31:01 ,4815.62,QII87826,AYNVTQAFGRR,266,3.0
358,HLA-A31:01 ,4851.85,QII87826,AYKTFPPTEPK,358,4.0
84,HLA-A31:01 ,5224.57,QII87826,GYYRRATRRIR,84,5.0
282,HLA-A31:01 ,5283.76,QII87826,QGNFGDQELIR,282,6.0
57,HLA-A31:01 ,5309.63,QII87826,QHGKEDLKFPR,57,7.0
158,HLA-A31:01 ,5380.21,QII87826,LQLPQGTTLPK,158,8.0
304,HLA-A31:01 ,5382.6,QII87826,AQFAPSASAFF,304,9.0
374,HLA-A31:01 ,5445.9,QII87826,KADETQALPQR,374,10.0
96,HLA-A31:01 ,5449.91,QII87826,GDGKMKDLSPR,96,11.0
156,HLA-A31:01 ,5450.16,QII87826,IVLQLPQGTTL,156,12.0
192,HLA-A31:01 ,5454.63,QII87826,SSRNSTPGSSR,192,13.0
344,HLA-A31:01 ,5459.03,QII87826,NFKDQVILLNK,344,14.0
327,HLA-A31:01 ,5478.3,QII87826,GTWLTYTGAIK,327,15.0
308,HLA-A31:01 ,5499.63,QII87826,PSASAFFGMSR,308,16.0
215,HLA-A31:01 ,5499.89,QII87826,DAALALLLLDR,215,17.0
50,HLA-A31:01 ,5512.33,QII87826,SWFTALTQHGK,50,18.0
238,HLA-A31:01 ,5517.45,QII87826,QQQQGQTVTKK,238,19.0
248,HLA-A31:01 ,5517.77,QII87826,KSAAEASKKPR,248,20.0
237,HLA-A31:01 ,5523.4,QII87826,GQQQQGQTVTK,237,21.0
178,HLA-A31:01 ,5524.24,QII87826,GSQASSRSSSR,178,22.0
132,HLA-A31:01 ,5525.67,QII87826,VATEGALNTPK,132,23.0
336,HLA-A31:01 ,5526.89,QII87826,IKLDDKDPNFK,336,24.0
25,HLA-A31:01 ,5529.14,QII87826,SNQNGERSGAR,25,25.0
99,HLA-A31:01 ,5529.97,QII87826,KMKDLSPRWYF,99,26.0
3,HLA-A31:01 ,5535.17,QII87826,NGPQNQRNAPR,3,27.0
174,HLA-A31:01 ,5541.05,QII87826,GSRGGSQASSR,174,28.0
394,HLA-A31:01 ,5542.97,QII87826,LPAADLDDFSK,394,29.0
78,HLA-A31:01 ,5544.17,QII87826,SPDDQIGYYRR,78,30.0
166,HLA-A31:01 ,5552.02,QII87826,LPKGFYAEGSR,166,31.0
138,HLA-A31:01 ,5556.38,QII87826,LNTPKDHIGTR,138,32.0
245,HLA-A31:01 ,5556.53,QII87826,VTKKSAAEASK,245,33.0
21,HLA-A31:01 ,5567.58,QII87826,DSTGSNQNGER,21,34.0
331,HLA-A31:01 ,5568.2,QII87826,TYTGAIKLDDK,331,35.0
89,HLA-A31:01 ,5572.97,QII87826,ATRRIRGGDGK,89,36.0
222,HLA-A31:01 ,5579.95,QII87826,LLDRLNQLESK,222,37.0
359,HLA-A31:01 ,5586.41,QII87826,YKTFPPTEPKK,359,38.0
91,HLA-A31:01 ,5587.98,QII87826,RRIRGGDGKMK,91,39.0
116,HLA-A31:01 ,5589.44,QII87826,PEAGLPYGANK,116,40.0
350,HLA-A31:01 ,5591.58,QII87826,ILLNKHIDAYK,350,41.0
82,HLA-A31:01 ,5591.76,QII87826,QIGYYRRATRR,82,42.0
354,HLA-A31:01 ,5593.85,QII87826,KHIDAYKTFPP,354,43.0
184,HLA-A31:01 ,5597.95,QII87826,RSSSRSRNSSR,184,44.0
263,HLA-A31:01 ,5603.89,QII87826,ATKAYNVTQAF,263,45.0
54,HLA-A31:01 ,5604.0,QII87826,ALTQHGKEDLK,54,46.0
384,HLA-A31:01 ,5604.31,QII87826,RQKKQQTVTLL,384,47.0
219,HLA-A31:01 ,5604.63,QII87826,ALLLLDRLNQL,219,48.0
216,HLA-A31:01 ,5605.19,QII87826,AALALLLLDRL,216,49.0
376,HLA-A31:01 ,5612.85,QII87826,DETQALPQRQK,376,50.0
67,HLA-A31:01 ,5613.83,QII87826,RGQGVPINTNS,67,51.0
309,HLA-A31:01 ,5618.88,QII87826,SASAFFGMSRI,309,52.0
288,HLA-A31:01 ,5620.11,QII87826,QELIRQGTDYK,288,53.0
362,HLA-A31:01 ,5622.86,QII87826,FPPTEPKKDKK,362,54.0
361,HLA-A31:01 ,5622.96,QII87826,TFPPTEPKKDK,361,55.0
226,HLA-A31:01 ,5627.68,QII87826,LNQLESKMSGK,226,56.0
349,HLA-A31:01 ,5632.32,QII87826,VILLNKHIDAY,349,57.0
198,HLA-A31:01 ,5639.9,QII87826,PGSSRGTSPAR,198,58.0
140,HLA-A31:01 ,5640.89,QII87826,TPKDHIGTRNP,140,59.0
110,HLA-A31:01 ,5645.02,QII87826,YYLGTGPEAGL,110,60.0
246,HLA-A31:01 ,5648.11,QII87826,TKKSAAEASKK,246,61.0
255,HLA-A31:01 ,5649.68,QII87826,KKPRQKRTATK,255,62.0
363,HLA-A31:01 ,5650.09,QII87826,PPTEPKKDKKK,363,63.0
81,HLA-A31:01 ,5651.75,QII87826,DQIGYYRRATR,81,64.0
316,HLA-A31:01 ,5657.01,QII87826,MSRIGMEVTPS,316,65.0
250,HLA-A31:01 ,5657.04,QII87826,AAEASKKPRQK,250,66.0
251,HLA-A31:01 ,5657.47,QII87826,AEASKKPRQKR,251,67.0
27,HLA-A31:01 ,5658.65,QII87826,QNGERSGARSK,27,68.0
322,HLA-A31:01 ,5660.33,QII87826,EVTPSGTWLTY,322,69.0
389,HLA-A31:01 ,5660.94,QII87826,QTVTLLPAADL,389,70.0
364,HLA-A31:01 ,5661.96,QII87826,PTEPKKDKKKK,364,71.0
253,HLA-A31:01 ,5668.62,QII87826,ASKKPRQKRTA,253,72.0
377,HLA-A31:01 ,5673.07,QII87826,ETQALPQRQKK,377,73.0
285,HLA-A31:01 ,5673.47,QII87826,FGDQELIRQGT,285,74.0
333,HLA-A31:01 ,5673.88,QII87826,TGAIKLDDKDP,333,75.0
208,HLA-A31:01 ,5674.41,QII87826,RMAGNGGDAAL,208,76.0
180,HLA-A31:01 ,5676.43,QII87826,QASSRSSSRSR,180,77.0
76,HLA-A31:01 ,5676.95,QII87826,NSSPDDQIGYY,76,78.0
334,HLA-A31:01 ,5677.7,QII87826,GAIKLDDKDPN,334,79.0
6,HLA-A31:01 ,5678.87,QII87826,QNQRNAPRITF,6,80.0
74,HLA-A31:01 ,5679.13,QII87826,NTNSSPDDQIG,74,81.0
161,HLA-A31:01 ,5679.44,QII87826,PQGTTLPKGFY,161,82.0
386,HLA-A31:01 ,5680.08,QII87826,KKQQTVTLLPA,386,83.0
112,HLA-A31:01 ,5680.53,QII87826,LGTGPEAGLPY,112,84.0
239,HLA-A31:01 ,5680.71,QII87826,QQQGQTVTKKS,239,85.0
199,HLA-A31:01 ,5682.32,QII87826,GSSRGTSPARM,199,86.0
75,HLA-A31:01 ,5684.23,QII87826,TNSSPDDQIGY,75,87.0
348,HLA-A31:01 ,5685.16,QII87826,QVILLNKHIDA,348,88.0
80,HLA-A31:01 ,5687.48,QII87826,DDQIGYYRRAT,80,89.0
380,HLA-A31:01 ,5688.19,QII87826,ALPQRQKKQQT,380,90.0
29,HLA-A31:01 ,5688.24,QII87826,GERSGARSKQR,29,91.0
355,HLA-A31:01 ,5688.6,QII87826,HIDAYKTFPPT,355,92.0
83,HLA-A31:01 ,5689.06,QII87826,IGYYRRATRRI,83,93.0
95,HLA-A31:01 ,5690.48,QII87826,GGDGKMKDLSP,95,94.0
378,HLA-A31:01 ,5691.87,QII87826,TQALPQRQKKQ,378,95.0
63,HLA-A31:01 ,5692.4,QII87826,LKFPRGQGVPI,63,96.0
388,HLA-A31:01 ,5693.0,QII87826,QQTVTLLPAAD,388,97.0
218,HLA-A31:01 ,5693.39,QII87826,LALLLLDRLNQ,218,98.0
5,HLA-A31:01 ,5693.58,QII87826,PQNQRNAPRIT,5,99.0
10,HLA-A31:01 ,5694.43,QII87826,NAPRITFGGPS,10,100.0
303,HLA-A31:01 ,5694.78,QII87826,IAQFAPSASAF,303,101.0
55,HLA-A31:01 ,5695.97,QII87826,LTQHGKEDLKF,55,102.0
299,HLA-A31:01 ,5696.33,QII87826,HWPQIAQFAPS,299,103.0
98,HLA-A31:01 ,5696.4,QII87826,GKMKDLSPRWY,98,104.0
101,HLA-A31:01 ,5696.41,QII87826,KDLSPRWYFYY,101,105.0
234,HLA-A31:01 ,5696.56,QII87826,SGKGQQQQGQT,234,106.0
257,HLA-A31:01 ,5697.33,QII87826,PRQKRTATKAY,257,107.0
151,HLA-A31:01 ,5697.44,QII87826,ANNAAIVLQLP,151,108.0
48,HLA-A31:01 ,5697.55,QII87826,TASWFTALTQH,48,109.0
47,HLA-A31:01 ,5697.79,QII87826,NTASWFTALTQ,47,110.0
396,HLA-A31:01 ,5698.08,QII87826,AADLDDFSKQL,396,111.0
4,HLA-A31:01 ,5698.59,QII87826,GPQNQRNAPRI,4,112.0
252,HLA-A31:01 ,5698.69,QII87826,EASKKPRQKRT,252,113.0
90,HLA-A31:01 ,5699.97,QII87826,TRRIRGGDGKM,90,114.0
320,HLA-A31:01 ,5700.07,QII87826,GMEVTPSGTWL,320,115.0
131,HLA-A31:01 ,5700.13,QII87826,WVATEGALNTP,131,116.0
0,HLA-A31:01 ,5700.28,QII87826,MSDNGPQNQRN,0,117.0
15,HLA-A31:01 ,5701.43,QII87826,TFGGPSDSTGS,15,118.0
254,HLA-A31:01 ,5701.92,QII87826,SKKPRQKRTAT,254,119.0
373,HLA-A31:01 ,5701.96,QII87826,KKADETQALPQ,373,120.0
224,HLA-A31:01 ,5702.34,QII87826,DRLNQLESKMS,224,121.0
152,HLA-A31:01 ,5703.25,QII87826,NNAAIVLQLPQ,152,122.0
335,HLA-A31:01 ,5704.66,QII87826,AIKLDDKDPNF,335,123.0
163,HLA-A31:01 ,5705.48,QII87826,GTTLPKGFYAE,163,124.0
337,HLA-A31:01 ,5705.59,QII87826,KLDDKDPNFKD,337,125.0
311,HLA-A31:01 ,5706.29,QII87826,SAFFGMSRIGM,311,126.0
169,HLA-A31:01 ,5706.47,QII87826,GFYAEGSRGGS,169,127.0
69,HLA-A31:01 ,5706.68,QII87826,QGVPINTNSSP,69,128.0
328,HLA-A31:01 ,5706.88,QII87826,TWLTYTGAIKL,328,129.0
397,HLA-A31:01 ,5707.19,QII87826,ADLDDFSKQLQ,397,130.0
40,HLA-A31:01 ,5707.2,QII87826,RPQGLPNNTAS,40,131.0
211,HLA-A31:01 ,5707.27,QII87826,GNGGDAALALL,211,132.0
408,HLA-A31:01 ,5707.31,QII87826,QSMSSADSTQA,408,133.0
385,HLA-A31:01 ,5707.74,QII87826,QKKQQTVTLLP,385,134.0
153,HLA-A31:01 ,5707.8,QII87826,NAAIVLQLPQG,153,135.0
379,HLA-A31:01 ,5708.19,QII87826,QALPQRQKKQQ,379,136.0
148,HLA-A31:01 ,5708.34,QII87826,RNPANNAAIVL,148,137.0
223,HLA-A31:01 ,5708.57,QII87826,LDRLNQLESKM,223,138.0
392,HLA-A31:01 ,5708.95,QII87826,TLLPAADLDDF,392,139.0
2,HLA-A31:01 ,5709.47,QII87826,DNGPQNQRNAP,2,140.0
213,HLA-A31:01 ,5709.77,QII87826,GGDAALALLLL,213,141.0
236,HLA-A31:01 ,5709.86,QII87826,KGQQQQGQTVT,236,142.0
187,HLA-A31:01 ,5710.11,QII87826,SRSRNSSRNST,187,143.0
345,HLA-A31:01 ,5710.13,QII87826,FKDQVILLNKH,345,144.0
102,HLA-A31:01 ,5710.53,QII87826,DLSPRWYFYYL,102,145.0
26,HLA-A31:01 ,5711.03,QII87826,NQNGERSGARS,26,146.0
325,HLA-A31:01 ,5711.88,QII87826,PSGTWLTYTGA,325,147.0
58,HLA-A31:01 ,5712.07,QII87826,HGKEDLKFPRG,58,148.0
372,HLA-A31:01 ,5712.11,QII87826,KKKADETQALP,372,149.0
247,HLA-A31:01 ,5712.21,QII87826,KKSAAEASKKP,247,150.0
352,HLA-A31:01 ,5712.93,QII87826,LNKHIDAYKTF,352,151.0
111,HLA-A31:01 ,5713.85,QII87826,YLGTGPEAGLP,111,152.0
16,HLA-A31:01 ,5713.92,QII87826,FGGPSDSTGSN,16,153.0
124,HLA-A31:01 ,5714.01,QII87826,ANKDGIIWVAT,124,154.0
133,HLA-A31:01 ,5714.13,QII87826,ATEGALNTPKD,133,155.0
136,HLA-A31:01 ,5714.21,QII87826,GALNTPKDHIG,136,156.0
106,HLA-A31:01 ,5714.39,QII87826,RWYFYYLGTGP,106,157.0
70,HLA-A31:01 ,5714.62,QII87826,GVPINTNSSPD,70,158.0
315,HLA-A31:01 ,5714.98,QII87826,GMSRIGMEVTP,315,159.0
407,HLA-A31:01 ,5715.04,QII87826,QQSMSSADSTQ,407,160.0
120,HLA-A31:01 ,5715.17,QII87826,LPYGANKDGII,120,161.0
105,HLA-A31:01 ,5715.98,QII87826,PRWYFYYLGTG,105,162.0
165,HLA-A31:01 ,5716.03,QII87826,TLPKGFYAEGS,165,163.0
323,HLA-A31:01 ,5716.18,QII87826,VTPSGTWLTYT,323,164.0
277,HLA-A31:01 ,5716.19,QII87826,GPEQTQGNFGD,277,165.0
190,HLA-A31:01 ,5716.24,QII87826,RNSSRNSTPGS,190,166.0
382,HLA-A31:01 ,5716.47,QII87826,PQRQKKQQTVT,382,167.0
271,HLA-A31:01 ,5716.54,QII87826,QAFGRRGPEQT,271,168.0
150,HLA-A31:01 ,5716.7,QII87826,PANNAAIVLQL,150,169.0
130,HLA-A31:01 ,5716.76,QII87826,IWVATEGALNT,130,170.0
179,HLA-A31:01 ,5717.32,QII87826,SQASSRSSSRS,179,171.0
175,HLA-A31:01 ,5717.41,QII87826,SRGGSQASSRS,175,172.0
280,HLA-A31:01 ,5717.45,QII87826,QTQGNFGDQEL,280,173.0
139,HLA-A31:01 ,5717.93,QII87826,NTPKDHIGTRN,139,174.0
141,HLA-A31:01 ,5718.62,QII87826,PKDHIGTRNPA,141,175.0
85,HLA-A31:01 ,5718.65,QII87826,YYRRATRRIRG,85,176.0
393,HLA-A31:01 ,5719.23,QII87826,LLPAADLDDFS,393,177.0
360,HLA-A31:01 ,5719.46,QII87826,KTFPPTEPKKD,360,178.0
398,HLA-A31:01 ,5719.89,QII87826,DLDDFSKQLQQ,398,179.0
338,HLA-A31:01 ,5719.95,QII87826,LDDKDPNFKDQ,338,180.0
212,HLA-A31:01 ,5720.23,QII87826,NGGDAALALLL,212,181.0
164,HLA-A31:01 ,5720.57,QII87826,TTLPKGFYAEG,164,182.0
395,HLA-A31:01 ,5720.66,QII87826,PAADLDDFSKQ,395,183.0
157,HLA-A31:01 ,5720.95,QII87826,VLQLPQGTTLP,157,184.0
13,HLA-A31:01 ,5721.19,QII87826,RITFGGPSDST,13,185.0
22,HLA-A31:01 ,5721.25,QII87826,STGSNQNGERS,22,186.0
341,HLA-A31:01 ,5721.35,QII87826,KDPNFKDQVIL,341,187.0
357,HLA-A31:01 ,5721.53,QII87826,DAYKTFPPTEP,357,188.0
7,HLA-A31:01 ,5721.7,QII87826,NQRNAPRITFG,7,189.0
291,HLA-A31:01 ,5721.85,QII87826,IRQGTDYKHWP,291,190.0
162,HLA-A31:01 ,5722.04,QII87826,QGTTLPKGFYA,162,191.0
103,HLA-A31:01 ,5722.68,QII87826,LSPRWYFYYLG,103,192.0
390,HLA-A31:01 ,5723.34,QII87826,TVTLLPAADLD,390,193.0
260,HLA-A31:01 ,5723.66,QII87826,KRTATKAYNVT,260,194.0
307,HLA-A31:01 ,5723.78,QII87826,APSASAFFGMS,307,195.0
194,HLA-A31:01 ,5723.9,QII87826,RNSTPGSSRGT,194,196.0
210,HLA-A31:01 ,5723.96,QII87826,AGNGGDAALAL,210,197.0
400,HLA-A31:01 ,5723.99,QII87826,DDFSKQLQQSM,400,198.0
317,HLA-A31:01 ,5724.25,QII87826,SRIGMEVTPSG,317,199.0
17,HLA-A31:01 ,5724.43,QII87826,GGPSDSTGSNQ,17,200.0
287,HLA-A31:01 ,5724.58,QII87826,DQELIRQGTDY,287,201.0
321,HLA-A31:01 ,5724.75,QII87826,MEVTPSGTWLT,321,202.0
62,HLA-A31:01 ,5724.86,QII87826,DLKFPRGQGVP,62,203.0
298,HLA-A31:01 ,5724.87,QII87826,KHWPQIAQFAP,298,204.0
292,HLA-A31:01 ,5724.89,QII87826,RQGTDYKHWPQ,292,205.0
100,HLA-A31:01 ,5724.9,QII87826,MKDLSPRWYFY,100,206.0
33,HLA-A31:01 ,5725.17,QII87826,GARSKQRRPQG,33,207.0
186,HLA-A31:01 ,5725.26,QII87826,SSRSRNSSRNS,186,208.0
401,HLA-A31:01 ,5725.29,QII87826,DFSKQLQQSMS,401,209.0
318,HLA-A31:01 ,5725.43,QII87826,RIGMEVTPSGT,318,210.0
244,HLA-A31:01 ,5725.72,QII87826,TVTKKSAAEAS,244,211.0
196,HLA-A31:01 ,5725.81,QII87826,STPGSSRGTSP,196,212.0
183,HLA-A31:01 ,5726.46,QII87826,SRSSSRSRNSS,183,213.0
68,HLA-A31:01 ,5726.47,QII87826,GQGVPINTNSS,68,214.0
273,HLA-A31:01 ,5726.63,QII87826,FGRRGPEQTQG,273,215.0
127,HLA-A31:01 ,5726.73,QII87826,DGIIWVATEGA,127,216.0
149,HLA-A31:01 ,5726.79,QII87826,NPANNAAIVLQ,149,217.0
45,HLA-A31:01 ,5726.89,QII87826,PNNTASWFTAL,45,218.0
268,HLA-A31:01 ,5727.22,QII87826,NVTQAFGRRGP,268,219.0
145,HLA-A31:01 ,5727.3,QII87826,IGTRNPANNAA,145,220.0
231,HLA-A31:01 ,5727.44,QII87826,SKMSGKGQQQQ,231,221.0
104,HLA-A31:01 ,5727.76,QII87826,SPRWYFYYLGT,104,222.0
314,HLA-A31:01 ,5727.86,QII87826,FGMSRIGMEVT,314,223.0
59,HLA-A31:01 ,5727.87,QII87826,GKEDLKFPRGQ,59,224.0
182,HLA-A31:01 ,5728.0,QII87826,SSRSSSRSRNS,182,225.0
64,HLA-A31:01 ,5728.61,QII87826,KFPRGQGVPIN,64,226.0
195,HLA-A31:01 ,5729.29,QII87826,NSTPGSSRGTS,195,227.0
296,HLA-A31:01 ,5729.41,QII87826,DYKHWPQIAQF,296,228.0
176,HLA-A31:01 ,5729.56,QII87826,RGGSQASSRSS,176,229.0
200,HLA-A31:01 ,5729.59,QII87826,SSRGTSPARMA,200,230.0
53,HLA-A31:01 ,5729.66,QII87826,TALTQHGKEDL,53,231.0
293,HLA-A31:01 ,5729.67,QII87826,QGTDYKHWPQI,293,232.0
18,HLA-A31:01 ,5729.7,QII87826,GPSDSTGSNQN,18,233.0
351,HLA-A31:01 ,5729.72,QII87826,LLNKHIDAYKT,351,234.0
189,HLA-A31:01 ,5729.95,QII87826,SRNSSRNSTPG,189,235.0
128,HLA-A31:01 ,5729.96,QII87826,GIIWVATEGAL,128,236.0
160,HLA-A31:01 ,5730.33,QII87826,LPQGTTLPKGF,160,237.0
375,HLA-A31:01 ,5730.38,QII87826,ADETQALPQRQ,375,238.0
261,HLA-A31:01 ,5730.76,QII87826,RTATKAYNVTQ,261,239.0
366,HLA-A31:01 ,5731.18,QII87826,EPKKDKKKKAD,366,240.0
332,HLA-A31:01 ,5731.42,QII87826,YTGAIKLDDKD,332,241.0
369,HLA-A31:01 ,5731.51,QII87826,KDKKKKADETQ,369,242.0
284,HLA-A31:01 ,5731.84,QII87826,NFGDQELIRQG,284,243.0
46,HLA-A31:01 ,5732.04,QII87826,NNTASWFTALT,46,244.0
264,HLA-A31:01 ,5732.09,QII87826,TKAYNVTQAFG,264,245.0
371,HLA-A31:01 ,5732.17,QII87826,KKKKADETQAL,371,246.0
170,HLA-A31:01 ,5732.3,QII87826,FYAEGSRGGSQ,170,247.0
147,HLA-A31:01 ,5732.49,QII87826,TRNPANNAAIV,147,248.0
259,HLA-A31:01 ,5732.7,QII87826,QKRTATKAYNV,259,249.0
313,HLA-A31:01 ,5733.43,QII87826,FFGMSRIGMEV,313,250.0
383,HLA-A31:01 ,5733.87,QII87826,QRQKKQQTVTL,383,251.0
38,HLA-A31:01 ,5734.21,QII87826,QRRPQGLPNNT,38,252.0
267,HLA-A31:01 ,5734.42,QII87826,YNVTQAFGRRG,267,253.0
283,HLA-A31:01 ,5735.53,QII87826,GNFGDQELIRQ,283,254.0
125,HLA-A31:01 ,5735.62,QII87826,NKDGIIWVATE,125,255.0
370,HLA-A31:01 ,5735.67,QII87826,DKKKKADETQA,370,256.0
347,HLA-A31:01 ,5735.93,QII87826,DQVILLNKHID,347,257.0
272,HLA-A31:01 ,5736.07,QII87826,AFGRRGPEQTQ,272,258.0
342,HLA-A31:01 ,5736.12,QII87826,DPNFKDQVILL,342,259.0
177,HLA-A31:01 ,5736.19,QII87826,GGSQASSRSSS,177,260.0
93,HLA-A31:01 ,5736.25,QII87826,IRGGDGKMKDL,93,261.0
188,HLA-A31:01 ,5736.42,QII87826,RSRNSSRNSTP,188,262.0
181,HLA-A31:01 ,5736.62,QII87826,ASSRSSSRSRN,181,263.0
295,HLA-A31:01 ,5736.75,QII87826,TDYKHWPQIAQ,295,264.0
310,HLA-A31:01 ,5736.82,QII87826,ASAFFGMSRIG,310,265.0
229,HLA-A31:01 ,5737.03,QII87826,LESKMSGKGQQ,229,266.0
233,HLA-A31:01 ,5737.29,QII87826,MSGKGQQQQGQ,233,267.0
262,HLA-A31:01 ,5737.36,QII87826,TATKAYNVTQA,262,268.0
191,HLA-A31:01 ,5737.45,QII87826,NSSRNSTPGSS,191,269.0
406,HLA-A31:01 ,5737.61,QII87826,LQQSMSSADST,406,270.0
117,HLA-A31:01 ,5737.97,QII87826,EAGLPYGANKD,117,271.0
92,HLA-A31:01 ,5738.01,QII87826,RIRGGDGKMKD,92,272.0
269,HLA-A31:01 ,5738.15,QII87826,VTQAFGRRGPE,269,273.0
367,HLA-A31:01 ,5738.81,QII87826,PKKDKKKKADE,367,274.0
256,HLA-A31:01 ,5738.99,QII87826,KPRQKRTATKA,256,275.0
209,HLA-A31:01 ,5739.18,QII87826,MAGNGGDAALA,209,276.0
197,HLA-A31:01 ,5739.38,QII87826,TPGSSRGTSPA,197,277.0
185,HLA-A31:01 ,5739.57,QII87826,SSSRSRNSSRN,185,278.0
44,HLA-A31:01 ,5739.95,QII87826,LPNNTASWFTA,44,279.0
159,HLA-A31:01 ,5739.99,QII87826,QLPQGTTLPKG,159,280.0
9,HLA-A31:01 ,5740.23,QII87826,RNAPRITFGGP,9,281.0
1,HLA-A31:01 ,5740.59,QII87826,SDNGPQNQRNA,1,282.0
94,HLA-A31:01 ,5741.03,QII87826,RGGDGKMKDLS,94,283.0
249,HLA-A31:01 ,5741.37,QII87826,SAAEASKKPRQ,249,284.0
391,HLA-A31:01 ,5741.38,QII87826,VTLLPAADLDD,391,285.0
241,HLA-A31:01 ,5741.52,QII87826,QGQTVTKKSAA,241,286.0
324,HLA-A31:01 ,5741.54,QII87826,TPSGTWLTYTG,324,287.0
30,HLA-A31:01 ,5741.67,QII87826,ERSGARSKQRR,30,288.0
339,HLA-A31:01 ,5741.87,QII87826,DDKDPNFKDQV,339,289.0
86,HLA-A31:01 ,5741.92,QII87826,YRRATRRIRGG,86,290.0
278,HLA-A31:01 ,5742.34,QII87826,PEQTQGNFGDQ,278,291.0
346,HLA-A31:01 ,5742.67,QII87826,KDQVILLNKHI,346,292.0
28,HLA-A31:01 ,5742.81,QII87826,NGERSGARSKQ,28,293.0
301,HLA-A31:01 ,5742.87,QII87826,PQIAQFAPSAS,301,294.0
155,HLA-A31:01 ,5743.14,QII87826,AIVLQLPQGTT,155,295.0
286,HLA-A31:01 ,5743.15,QII87826,GDQELIRQGTD,286,296.0
73,HLA-A31:01 ,5743.33,QII87826,INTNSSPDDQI,73,297.0
294,HLA-A31:01 ,5743.48,QII87826,GTDYKHWPQIA,294,298.0
20,HLA-A31:01 ,5743.75,QII87826,SDSTGSNQNGE,20,299.0
172,HLA-A31:01 ,5744.26,QII87826,AEGSRGGSQAS,172,300.0
87,HLA-A31:01 ,5744.32,QII87826,RRATRRIRGGD,87,301.0
340,HLA-A31:01 ,5744.38,QII87826,DKDPNFKDQVI,340,302.0
65,HLA-A31:01 ,5744.88,QII87826,FPRGQGVPINT,65,303.0
126,HLA-A31:01 ,5744.94,QII87826,KDGIIWVATEG,126,304.0
52,HLA-A31:01 ,5745.02,QII87826,FTALTQHGKED,52,305.0
36,HLA-A31:01 ,5745.03,QII87826,SKQRRPQGLPN,36,306.0
230,HLA-A31:01 ,5745.15,QII87826,ESKMSGKGQQQ,230,307.0
41,HLA-A31:01 ,5745.4,QII87826,PQGLPNNTASW,41,308.0
193,HLA-A31:01 ,5745.79,QII87826,SRNSTPGSSRG,193,309.0
24,HLA-A31:01 ,5746.3,QII87826,GSNQNGERSGA,24,310.0
353,HLA-A31:01 ,5746.5,QII87826,NKHIDAYKTFP,353,311.0
167,HLA-A31:01 ,5746.67,QII87826,PKGFYAEGSRG,167,312.0
227,HLA-A31:01 ,5747.27,QII87826,NQLESKMSGKG,227,313.0
32,HLA-A31:01 ,5747.29,QII87826,SGARSKQRRPQ,32,314.0
297,HLA-A31:01 ,5747.36,QII87826,YKHWPQIAQFA,297,315.0
134,HLA-A31:01 ,5747.37,QII87826,TEGALNTPKDH,134,316.0
281,HLA-A31:01 ,5747.66,QII87826,TQGNFGDQELI,281,317.0
23,HLA-A31:01 ,5748.35,QII87826,TGSNQNGERSG,23,318.0
228,HLA-A31:01 ,5748.87,QII87826,QLESKMSGKGQ,228,319.0
258,HLA-A31:01 ,5749.93,QII87826,RQKRTATKAYN,258,320.0
329,HLA-A31:01 ,5750.04,QII87826,WLTYTGAIKLD,329,321.0
381,HLA-A31:01 ,5750.79,QII87826,LPQRQKKQQTV,381,322.0
368,HLA-A31:01 ,5751.19,QII87826,KKDKKKKADET,368,323.0
42,HLA-A31:01 ,5751.49,QII87826,QGLPNNTASWF,42,324.0
109,HLA-A31:01 ,5751.81,QII87826,FYYLGTGPEAG,109,325.0
142,HLA-A31:01 ,5751.9,QII87826,KDHIGTRNPAN,142,326.0
79,HLA-A31:01 ,5751.91,QII87826,PDDQIGYYRRA,79,327.0
275,HLA-A31:01 ,5752.7,QII87826,RRGPEQTQGNF,275,328.0
119,HLA-A31:01 ,5752.8,QII87826,GLPYGANKDGI,119,329.0
221,HLA-A31:01 ,5753.17,QII87826,LLLDRLNQLES,221,330.0
326,HLA-A31:01 ,5753.29,QII87826,SGTWLTYTGAI,326,331.0
14,HLA-A31:01 ,5753.45,QII87826,ITFGGPSDSTG,14,332.0
88,HLA-A31:01 ,5754.06,QII87826,RATRRIRGGDG,88,333.0
399,HLA-A31:01 ,5754.18,QII87826,LDDFSKQLQQS,399,334.0
168,HLA-A31:01 ,5754.21,QII87826,KGFYAEGSRGG,168,335.0
289,HLA-A31:01 ,5754.85,QII87826,ELIRQGTDYKH,289,336.0
274,HLA-A31:01 ,5755.0,QII87826,GRRGPEQTQGN,274,337.0
39,HLA-A31:01 ,5755.13,QII87826,RRPQGLPNNTA,39,338.0
107,HLA-A31:01 ,5755.23,QII87826,WYFYYLGTGPE,107,339.0
173,HLA-A31:01 ,5755.41,QII87826,EGSRGGSQASS,173,340.0
217,HLA-A31:01 ,5756.11,QII87826,ALALLLLDRLN,217,341.0
235,HLA-A31:01 ,5756.52,QII87826,GKGQQQQGQTV,235,342.0
242,HLA-A31:01 ,5756.53,QII87826,GQTVTKKSAAE,242,343.0
97,HLA-A31:01 ,5757.01,QII87826,DGKMKDLSPRW,97,344.0
34,HLA-A31:01 ,5757.2,QII87826,ARSKQRRPQGL,34,345.0
214,HLA-A31:01 ,5757.3,QII87826,GDAALALLLLD,214,346.0
330,HLA-A31:01 ,5757.3,QII87826,LTYTGAIKLDD,330,346.0
405,HLA-A31:01 ,5758.84,QII87826,QLQQSMSSADS,405,348.0
343,HLA-A31:01 ,5759.03,QII87826,PNFKDQVILLN,343,349.0
19,HLA-A31:01 ,5759.44,QII87826,PSDSTGSNQNG,19,350.0
404,HLA-A31:01 ,5760.05,QII87826,KQLQQSMSSAD,404,351.0
51,HLA-A31:01 ,5760.13,QII87826,WFTALTQHGKE,51,352.0
11,HLA-A31:01 ,5760.6,QII87826,APRITFGGPSD,11,353.0
60,HLA-A31:01 ,5761.27,QII87826,KEDLKFPRGQG,60,354.0
61,HLA-A31:01 ,5761.4,QII87826,EDLKFPRGQGV,61,355.0
35,HLA-A31:01 ,5761.73,QII87826,RSKQRRPQGLP,35,356.0
43,HLA-A31:01 ,5761.9,QII87826,GLPNNTASWFT,43,357.0
201,HLA-A31:01 ,5762.04,QII87826,SRGTSPARMAG,201,358.0
240,HLA-A31:01 ,5762.14,QII87826,QQGQTVTKKSA,240,359.0
232,HLA-A31:01 ,5762.96,QII87826,KMSGKGQQQQG,232,360.0
276,HLA-A31:01 ,5763.08,QII87826,RGPEQTQGNFG,276,361.0
207,HLA-A31:01 ,5763.18,QII87826,ARMAGNGGDAA,207,362.0
115,HLA-A31:01 ,5763.33,QII87826,GPEAGLPYGAN,115,363.0
202,HLA-A31:01 ,5763.39,QII87826,RGTSPARMAGN,202,364.0
144,HLA-A31:01 ,5764.17,QII87826,HIGTRNPANNA,144,365.0
270,HLA-A31:01 ,5764.33,QII87826,TQAFGRRGPEQ,270,366.0
37,HLA-A31:01 ,5764.4,QII87826,KQRRPQGLPNN,37,367.0
403,HLA-A31:01 ,5764.66,QII87826,SKQLQQSMSSA,403,368.0
365,HLA-A31:01 ,5764.73,QII87826,TEPKKDKKKKA,365,369.0
206,HLA-A31:01 ,5766.56,QII87826,PARMAGNGGDA,206,370.0
71,HLA-A31:01 ,5766.8,QII87826,VPINTNSSPDD,71,371.0
306,HLA-A31:01 ,5767.13,QII87826,FAPSASAFFGM,306,372.0
66,HLA-A31:01 ,5767.27,QII87826,PRGQGVPINTN,66,373.0
220,HLA-A31:01 ,5768.38,QII87826,LLLLDRLNQLE,220,374.0
135,HLA-A31:01 ,5768.74,QII87826,EGALNTPKDHI,135,375.0
203,HLA-A31:01 ,5768.87,QII87826,GTSPARMAGNG,203,376.0
300,HLA-A31:01 ,5769.31,QII87826,WPQIAQFAPSA,300,377.0
205,HLA-A31:01 ,5769.52,QII87826,SPARMAGNGGD,205,378.0
225,HLA-A31:01 ,5770.93,QII87826,RLNQLESKMSG,225,379.0
402,HLA-A31:01 ,5771.05,QII87826,FSKQLQQSMSS,402,380.0
302,HLA-A31:01 ,5772.9,QII87826,QIAQFAPSASA,302,381.0
204,HLA-A31:01 ,5773.12,QII87826,TSPARMAGNGG,204,382.0
243,HLA-A31:01 ,5773.2,QII87826,QTVTKKSAAEA,243,383.0
72,HLA-A31:01 ,5773.49,QII87826,PINTNSSPDDQ,72,384.0
121,HLA-A31:01 ,5773.87,QII87826,PYGANKDGIIW,121,385.0
143,HLA-A31:01 ,5773.93,QII87826,DHIGTRNPANN,143,386.0
31,HLA-A31:01 ,5774.29,QII87826,RSGARSKQRRP,31,387.0
319,HLA-A31:01 ,5776.08,QII87826,IGMEVTPSGTW,319,388.0
8,HLA-A31:01 ,5778.25,QII87826,QRNAPRITFGG,8,389.0
56,HLA-A31:01 ,5778.38,QII87826,TQHGKEDLKFP,56,390.0
114,HLA-A31:01 ,5780.64,QII87826,TGPEAGLPYGA,114,391.0
129,HLA-A31:01 ,5781.81,QII87826,IIWVATEGALN,129,392.0
171,HLA-A31:01 ,5781.96,QII87826,YAEGSRGGSQA,171,393.0
122,HLA-A31:01 ,5784.91,QII87826,YGANKDGIIWV,122,394.0
154,HLA-A31:01 ,5788.0,QII87826,AAIVLQLPQGT,154,395.0
387,HLA-A31:01 ,5789.99,QII87826,KQQTVTLLPAA,387,396.0
279,HLA-A31:01 ,5790.13,QII87826,EQTQGNFGDQE,279,397.0
305,HLA-A31:01 ,5792.59,QII87826,QFAPSASAFFG,305,398.0
108,HLA-A31:01 ,5796.24,QII87826,YFYYLGTGPEA,108,399.0
356,HLA-A31:01 ,5796.33,QII87826,IDAYKTFPPTE,356,400.0
290,HLA-A31:01 ,5796.91,QII87826,LIRQGTDYKHW,290,401.0
49,HLA-A31:01 ,5797.81,QII87826,ASWFTALTQHG,49,402.0
12,HLA-A31:01 ,5802.7,QII87826,PRITFGGPSDS,12,403.0
113,HLA-A31:01 ,5810.07,QII87826,GTGPEAGLPYG,113,404.0
137,HLA-A31:01 ,5822.35,QII87826,ALNTPKDHIGT,137,405.0
118,HLA-A31:01 ,5833.58,QII87826,AGLPYGANKDG,118,406.0
312,HLA-A31:01 ,5840.19,QII87826,AFFGMSRIGME,312,407.0
146,HLA-A31:01 ,5890.86,QII87826,GTRNPANNAAI,146,408.0
123,HLA-A31:01 ,5900.63,QII87826,GANKDGIIWVA,123,409.0
81,HLA-A33:01 ,107.07,QII87826,DQIGYYRRATR,81,1.0
266,HLA-A33:01 ,248.63,QII87826,AYNVTQAFGRR,266,2.0
215,HLA-A33:01 ,251.19,QII87826,DAALALLLLDR,215,3.0
84,HLA-A33:01 ,397.32,QII87826,GYYRRATRRIR,84,4.0
57,HLA-A33:01 ,461.41,QII87826,QHGKEDLKFPR,57,5.0
107,HLA-A33:01 ,506.66,QII87826,WYFYYLGTGPE,107,6.0
180,HLA-A33:01 ,742.38,QII87826,QASSRSSSRSR,180,7.0
166,HLA-A33:01 ,878.16,QII87826,LPKGFYAEGSR,166,8.0
192,HLA-A33:01 ,1342.54,QII87826,SSRNSTPGSSR,192,9.0
102,HLA-A33:01 ,1441.34,QII87826,DLSPRWYFYYL,102,10.0
82,HLA-A33:01 ,1559.84,QII87826,QIGYYRRATRR,82,11.0
174,HLA-A33:01 ,1721.57,QII87826,GSRGGSQASSR,174,12.0
184,HLA-A33:01 ,1939.76,QII87826,RSSSRSRNSSR,184,13.0
129,HLA-A33:01 ,2068.0,QII87826,IIWVATEGALN,129,14.0
308,HLA-A33:01 ,2165.76,QII87826,PSASAFFGMSR,308,15.0
21,HLA-A33:01 ,2321.05,QII87826,DSTGSNQNGER,21,16.0
96,HLA-A33:01 ,2343.61,QII87826,GDGKMKDLSPR,96,17.0
350,HLA-A33:01 ,2626.05,QII87826,ILLNKHIDAYK,350,18.0
178,HLA-A33:01 ,2649.8,QII87826,GSQASSRSSSR,178,19.0
265,HLA-A33:01 ,2958.11,QII87826,KAYNVTQAFGR,265,20.0
25,HLA-A33:01 ,3110.39,QII87826,SNQNGERSGAR,25,21.0
85,HLA-A33:01 ,3246.79,QII87826,YYRRATRRIRG,85,22.0
77,HLA-A33:01 ,3521.28,QII87826,SSPDDQIGYYR,77,23.0
143,HLA-A33:01 ,3530.69,QII87826,DHIGTRNPANN,143,24.0
3,HLA-A33:01 ,3897.38,QII87826,NGPQNQRNAPR,3,25.0
30,HLA-A33:01 ,4123.04,QII87826,ERSGARSKQRR,30,26.0
138,HLA-A33:01 ,4277.58,QII87826,LNTPKDHIGTR,138,27.0
29,HLA-A33:01 ,4296.58,QII87826,GERSGARSKQR,29,28.0
299,HLA-A33:01 ,4704.97,QII87826,HWPQIAQFAPS,299,29.0
78,HLA-A33:01 ,4832.68,QII87826,SPDDQIGYYRR,78,30.0
354,HLA-A33:01 ,6069.26,QII87826,KHIDAYKTFPP,354,31.0
344,HLA-A33:01 ,6188.39,QII87826,NFKDQVILLNK,344,32.0
46,HLA-A33:01 ,6278.04,QII87826,NNTASWFTALT,46,33.0
353,HLA-A33:01 ,6727.02,QII87826,NKHIDAYKTFP,353,34.0
313,HLA-A33:01 ,7116.53,QII87826,FFGMSRIGMEV,313,35.0
357,HLA-A33:01 ,7309.05,QII87826,DAYKTFPPTEP,357,36.0
163,HLA-A33:01 ,7897.62,QII87826,GTTLPKGFYAE,163,37.0
358,HLA-A33:01 ,7939.09,QII87826,AYKTFPPTEPK,358,38.0
296,HLA-A33:01 ,8231.15,QII87826,DYKHWPQIAQF,296,39.0
198,HLA-A33:01 ,8687.95,QII87826,PGSSRGTSPAR,198,40.0
106,HLA-A33:01 ,9582.23,QII87826,RWYFYYLGTGP,106,41.0
374,HLA-A33:01 ,9932.96,QII87826,KADETQALPQR,374,42.0
164,HLA-A33:01 ,10334.64,QII87826,TTLPKGFYAEG,164,43.0
316,HLA-A33:01 ,10804.82,QII87826,MSRIGMEVTPS,316,44.0
328,HLA-A33:01 ,11292.39,QII87826,TWLTYTGAIKL,328,45.0
327,HLA-A33:01 ,11958.92,QII87826,GTWLTYTGAIK,327,46.0
245,HLA-A33:01 ,12270.3,QII87826,VTKKSAAEASK,245,47.0
356,HLA-A33:01 ,12553.52,QII87826,IDAYKTFPPTE,356,48.0
103,HLA-A33:01 ,13085.74,QII87826,LSPRWYFYYLG,103,49.0
100,HLA-A33:01 ,13319.85,QII87826,MKDLSPRWYFY,100,50.0
251,HLA-A33:01 ,13493.45,QII87826,AEASKKPRQKR,251,51.0
401,HLA-A33:01 ,13641.0,QII87826,DFSKQLQQSMS,401,52.0
298,HLA-A33:01 ,13747.25,QII87826,KHWPQIAQFAP,298,53.0
109,HLA-A33:01 ,14050.93,QII87826,FYYLGTGPEAG,109,54.0
139,HLA-A33:01 ,14585.88,QII87826,NTPKDHIGTRN,139,55.0
331,HLA-A33:01 ,14992.14,QII87826,TYTGAIKLDDK,331,56.0
125,HLA-A33:01 ,15081.34,QII87826,NKDGIIWVATE,125,57.0
312,HLA-A33:01 ,15226.27,QII87826,AFFGMSRIGME,312,58.0
50,HLA-A33:01 ,15244.96,QII87826,SWFTALTQHGK,50,59.0
282,HLA-A33:01 ,16275.98,QII87826,QGNFGDQELIR,282,60.0
48,HLA-A33:01 ,16610.01,QII87826,TASWFTALTQH,48,61.0
336,HLA-A33:01 ,16979.58,QII87826,IKLDDKDPNFK,336,62.0
132,HLA-A33:01 ,17981.77,QII87826,VATEGALNTPK,132,63.0
258,HLA-A33:01 ,18237.13,QII87826,RQKRTATKAYN,258,64.0
248,HLA-A33:01 ,18498.46,QII87826,KSAAEASKKPR,248,65.0
295,HLA-A33:01 ,18621.46,QII87826,TDYKHWPQIAQ,295,66.0
47,HLA-A33:01 ,18721.06,QII87826,NTASWFTALTQ,47,67.0
305,HLA-A33:01 ,19028.7,QII87826,QFAPSASAFFG,305,68.0
0,HLA-A33:01 ,19691.29,QII87826,MSDNGPQNQRN,0,69.0
246,HLA-A33:01 ,19765.67,QII87826,TKKSAAEASKK,246,70.0
151,HLA-A33:01 ,20060.03,QII87826,ANNAAIVLQLP,151,71.0
315,HLA-A33:01 ,20165.37,QII87826,GMSRIGMEVTP,315,72.0
185,HLA-A33:01 ,20231.23,QII87826,SSSRSRNSSRN,185,73.0
51,HLA-A33:01 ,20478.86,QII87826,WFTALTQHGKE,51,74.0
181,HLA-A33:01 ,21304.95,QII87826,ASSRSSSRSRN,181,75.0
202,HLA-A33:01 ,21411.87,QII87826,RGTSPARMAGN,202,76.0
311,HLA-A33:01 ,21582.94,QII87826,SAFFGMSRIGM,311,77.0
110,HLA-A33:01 ,22191.79,QII87826,YYLGTGPEAGL,110,78.0
220,HLA-A33:01 ,22287.85,QII87826,LLLLDRLNQLE,220,79.0
108,HLA-A33:01 ,22714.22,QII87826,YFYYLGTGPEA,108,80.0
127,HLA-A33:01 ,22987.63,QII87826,DGIIWVATEGA,127,81.0
306,HLA-A33:01 ,23208.92,QII87826,FAPSASAFFGM,306,82.0
288,HLA-A33:01 ,23267.89,QII87826,QELIRQGTDYK,288,83.0
376,HLA-A33:01 ,23320.02,QII87826,DETQALPQRQK,376,84.0
268,HLA-A33:01 ,23489.38,QII87826,NVTQAFGRRGP,268,85.0
104,HLA-A33:01 ,23972.64,QII87826,SPRWYFYYLGT,104,86.0
226,HLA-A33:01 ,23990.23,QII87826,LNQLESKMSGK,226,87.0
158,HLA-A33:01 ,24136.67,QII87826,LQLPQGTTLPK,158,88.0
399,HLA-A33:01 ,24269.08,QII87826,LDDFSKQLQQS,399,89.0
303,HLA-A33:01 ,24274.57,QII87826,IAQFAPSASAF,303,90.0
217,HLA-A33:01 ,24276.41,QII87826,ALALLLLDRLN,217,91.0
9,HLA-A33:01 ,24431.85,QII87826,RNAPRITFGGP,9,92.0
131,HLA-A33:01 ,24654.6,QII87826,WVATEGALNTP,131,93.0
2,HLA-A33:01 ,24713.54,QII87826,DNGPQNQRNAP,2,94.0
402,HLA-A33:01 ,24960.08,QII87826,FSKQLQQSMSS,402,95.0
124,HLA-A33:01 ,25189.99,QII87826,ANKDGIIWVAT,124,96.0
105,HLA-A33:01 ,25511.43,QII87826,PRWYFYYLGTG,105,97.0
44,HLA-A33:01 ,25656.04,QII87826,LPNNTASWFTA,44,98.0
302,HLA-A33:01 ,25769.51,QII87826,QIAQFAPSASA,302,99.0
309,HLA-A33:01 ,26016.9,QII87826,SASAFFGMSRI,309,100.0
289,HLA-A33:01 ,26042.5,QII87826,ELIRQGTDYKH,289,101.0
377,HLA-A33:01 ,26080.11,QII87826,ETQALPQRQKK,377,102.0
221,HLA-A33:01 ,26158.26,QII87826,LLLDRLNQLES,221,103.0
83,HLA-A33:01 ,26226.72,QII87826,IGYYRRATRRI,83,104.0
188,HLA-A33:01 ,26295.32,QII87826,RSRNSSRNSTP,188,105.0
372,HLA-A33:01 ,26485.37,QII87826,KKKADETQALP,372,106.0
18,HLA-A33:01 ,26530.45,QII87826,GPSDSTGSNQN,18,107.0
169,HLA-A33:01 ,26628.33,QII87826,GFYAEGSRGGS,169,108.0
149,HLA-A33:01 ,26931.38,QII87826,NPANNAAIVLQ,149,109.0
10,HLA-A33:01 ,27021.69,QII87826,NAPRITFGGPS,10,110.0
140,HLA-A33:01 ,27038.69,QII87826,TPKDHIGTRNP,140,111.0
173,HLA-A33:01 ,27101.34,QII87826,EGSRGGSQASS,173,112.0
45,HLA-A33:01 ,27201.03,QII87826,PNNTASWFTAL,45,113.0
264,HLA-A33:01 ,27214.14,QII87826,TKAYNVTQAFG,264,114.0
307,HLA-A33:01 ,27257.11,QII87826,APSASAFFGMS,307,115.0
352,HLA-A33:01 ,27596.32,QII87826,LNKHIDAYKTF,352,116.0
334,HLA-A33:01 ,27689.71,QII87826,GAIKLDDKDPN,334,117.0
15,HLA-A33:01 ,27759.26,QII87826,TFGGPSDSTGS,15,118.0
398,HLA-A33:01 ,27838.73,QII87826,DLDDFSKQLQQ,398,119.0
99,HLA-A33:01 ,27866.63,QII87826,KMKDLSPRWYF,99,120.0
301,HLA-A33:01 ,27900.49,QII87826,PQIAQFAPSAS,301,121.0
165,HLA-A33:01 ,27996.87,QII87826,TLPKGFYAEGS,165,122.0
400,HLA-A33:01 ,28053.54,QII87826,DDFSKQLQQSM,400,123.0
186,HLA-A33:01 ,28278.39,QII87826,SSRSRNSSRNS,186,124.0
16,HLA-A33:01 ,28446.03,QII87826,FGGPSDSTGSN,16,125.0
269,HLA-A33:01 ,28527.19,QII87826,VTQAFGRRGPE,269,126.0
310,HLA-A33:01 ,28601.97,QII87826,ASAFFGMSRIG,310,127.0
128,HLA-A33:01 ,29035.35,QII87826,GIIWVATEGAL,128,128.0
244,HLA-A33:01 ,29122.47,QII87826,TVTKKSAAEAS,244,129.0
339,HLA-A33:01 ,29126.09,QII87826,DDKDPNFKDQV,339,130.0
297,HLA-A33:01 ,29232.78,QII87826,YKHWPQIAQFA,297,131.0
182,HLA-A33:01 ,29314.2,QII87826,SSRSSSRSRNS,182,132.0
304,HLA-A33:01 ,29426.89,QII87826,AQFAPSASAFF,304,133.0
56,HLA-A33:01 ,29502.95,QII87826,TQHGKEDLKFP,56,134.0
183,HLA-A33:01 ,29516.77,QII87826,SRSSSRSRNSS,183,135.0
218,HLA-A33:01 ,29629.01,QII87826,LALLLLDRLNQ,218,136.0
219,HLA-A33:01 ,29658.71,QII87826,ALLLLDRLNQL,219,137.0
196,HLA-A33:01 ,29815.03,QII87826,STPGSSRGTSP,196,138.0
142,HLA-A33:01 ,29834.41,QII87826,KDHIGTRNPAN,142,139.0
267,HLA-A33:01 ,30035.78,QII87826,YNVTQAFGRRG,267,140.0
152,HLA-A33:01 ,30110.86,QII87826,NNAAIVLQLPQ,152,141.0
111,HLA-A33:01 ,30337.8,QII87826,YLGTGPEAGLP,111,142.0
389,HLA-A33:01 ,30494.14,QII87826,QTVTLLPAADL,389,143.0
351,HLA-A33:01 ,30584.55,QII87826,LLNKHIDAYKT,351,144.0
222,HLA-A33:01 ,30601.33,QII87826,LLDRLNQLESK,222,145.0
170,HLA-A33:01 ,30781.88,QII87826,FYAEGSRGGSQ,170,146.0
157,HLA-A33:01 ,30814.9,QII87826,VLQLPQGTTLP,157,147.0
284,HLA-A33:01 ,30919.27,QII87826,NFGDQELIRQG,284,148.0
242,HLA-A33:01 ,30940.64,QII87826,GQTVTKKSAAE,242,149.0
359,HLA-A33:01 ,31118.12,QII87826,YKTFPPTEPKK,359,150.0
62,HLA-A33:01 ,31353.58,QII87826,DLKFPRGQGVP,62,151.0
283,HLA-A33:01 ,31380.58,QII87826,GNFGDQELIRQ,283,152.0
26,HLA-A33:01 ,31548.51,QII87826,NQNGERSGARS,26,153.0
394,HLA-A33:01 ,32022.08,QII87826,LPAADLDDFSK,394,154.0
162,HLA-A33:01 ,32040.11,QII87826,QGTTLPKGFYA,162,155.0
153,HLA-A33:01 ,32062.3,QII87826,NAAIVLQLPQG,153,156.0
69,HLA-A33:01 ,32150.42,QII87826,QGVPINTNSSP,69,157.0
279,HLA-A33:01 ,32191.12,QII87826,EQTQGNFGDQE,279,158.0
68,HLA-A33:01 ,32238.05,QII87826,GQGVPINTNSS,68,159.0
291,HLA-A33:01 ,32284.37,QII87826,IRQGTDYKHWP,291,160.0
130,HLA-A33:01 ,32402.83,QII87826,IWVATEGALNT,130,161.0
116,HLA-A33:01 ,32427.39,QII87826,PEAGLPYGANK,116,162.0
177,HLA-A33:01 ,32429.99,QII87826,GGSQASSRSSS,177,163.0
345,HLA-A33:01 ,32545.71,QII87826,FKDQVILLNKH,345,164.0
343,HLA-A33:01 ,32551.16,QII87826,PNFKDQVILLN,343,165.0
224,HLA-A33:01 ,32784.31,QII87826,DRLNQLESKMS,224,166.0
115,HLA-A33:01 ,32901.66,QII87826,GPEAGLPYGAN,115,167.0
216,HLA-A33:01 ,32964.56,QII87826,AALALLLLDRL,216,168.0
322,HLA-A33:01 ,32995.2,QII87826,EVTPSGTWLTY,322,169.0
27,HLA-A33:01 ,33049.56,QII87826,QNGERSGARSK,27,170.0
263,HLA-A33:01 ,33081.88,QII87826,ATKAYNVTQAF,263,171.0
355,HLA-A33:01 ,33143.65,QII87826,HIDAYKTFPPT,355,172.0
250,HLA-A33:01 ,33217.36,QII87826,AAEASKKPRQK,250,173.0
323,HLA-A33:01 ,33359.36,QII87826,VTPSGTWLTYT,323,174.0
20,HLA-A33:01 ,33438.54,QII87826,SDSTGSNQNGE,20,175.0
390,HLA-A33:01 ,33532.01,QII87826,TVTLLPAADLD,390,176.0
230,HLA-A33:01 ,33640.95,QII87826,ESKMSGKGQQQ,230,177.0
89,HLA-A33:01 ,33667.24,QII87826,ATRRIRGGDGK,89,178.0
348,HLA-A33:01 ,33698.67,QII87826,QVILLNKHIDA,348,179.0
349,HLA-A33:01 ,33770.25,QII87826,VILLNKHIDAY,349,180.0
101,HLA-A33:01 ,33793.09,QII87826,KDLSPRWYFYY,101,181.0
36,HLA-A33:01 ,33911.75,QII87826,SKQRRPQGLPN,36,182.0
237,HLA-A33:01 ,33927.48,QII87826,GQQQQGQTVTK,237,183.0
405,HLA-A33:01 ,34142.26,QII87826,QLQQSMSSADS,405,184.0
167,HLA-A33:01 ,34207.7,QII87826,PKGFYAEGSRG,167,185.0
61,HLA-A33:01 ,34231.53,QII87826,EDLKFPRGQGV,61,186.0
243,HLA-A33:01 ,34242.34,QII87826,QTVTKKSAAEA,243,187.0
191,HLA-A33:01 ,34289.97,QII87826,NSSRNSTPGSS,191,188.0
326,HLA-A33:01 ,34307.25,QII87826,SGTWLTYTGAI,326,189.0
361,HLA-A33:01 ,34401.79,QII87826,TFPPTEPKKDK,361,190.0
175,HLA-A33:01 ,34438.27,QII87826,SRGGSQASSRS,175,191.0
14,HLA-A33:01 ,34456.98,QII87826,ITFGGPSDSTG,14,192.0
329,HLA-A33:01 ,34480.5,QII87826,WLTYTGAIKLD,329,193.0
259,HLA-A33:01 ,34623.16,QII87826,QKRTATKAYNV,259,194.0
117,HLA-A33:01 ,34777.2,QII87826,EAGLPYGANKD,117,195.0
67,HLA-A33:01 ,34809.73,QII87826,RGQGVPINTNS,67,196.0
395,HLA-A33:01 ,34899.59,QII87826,PAADLDDFSKQ,395,197.0
274,HLA-A33:01 ,35062.36,QII87826,GRRGPEQTQGN,274,198.0
31,HLA-A33:01 ,35088.26,QII87826,RSGARSKQRRP,31,199.0
393,HLA-A33:01 ,35161.56,QII87826,LLPAADLDDFS,393,200.0
144,HLA-A33:01 ,35220.17,QII87826,HIGTRNPANNA,144,201.0
80,HLA-A33:01 ,35250.37,QII87826,DDQIGYYRRAT,80,202.0
209,HLA-A33:01 ,35306.12,QII87826,MAGNGGDAALA,209,203.0
347,HLA-A33:01 ,35315.31,QII87826,DQVILLNKHID,347,204.0
262,HLA-A33:01 ,35362.91,QII87826,TATKAYNVTQA,262,205.0
8,HLA-A33:01 ,35364.58,QII87826,QRNAPRITFGG,8,206.0
330,HLA-A33:01 ,35410.66,QII87826,LTYTGAIKLDD,330,207.0
397,HLA-A33:01 ,35551.05,QII87826,ADLDDFSKQLQ,397,208.0
66,HLA-A33:01 ,35562.04,QII87826,PRGQGVPINTN,66,209.0
171,HLA-A33:01 ,35565.68,QII87826,YAEGSRGGSQA,171,210.0
22,HLA-A33:01 ,35605.27,QII87826,STGSNQNGERS,22,211.0
362,HLA-A33:01 ,35646.21,QII87826,FPPTEPKKDKK,362,212.0
255,HLA-A33:01 ,35664.01,QII87826,KKPRQKRTATK,255,213.0
214,HLA-A33:01 ,35675.57,QII87826,GDAALALLLLD,214,214.0
95,HLA-A33:01 ,35744.44,QII87826,GGDGKMKDLSP,95,215.0
195,HLA-A33:01 ,35844.98,QII87826,NSTPGSSRGTS,195,216.0
156,HLA-A33:01 ,35922.46,QII87826,IVLQLPQGTTL,156,217.0
54,HLA-A33:01 ,36049.26,QII87826,ALTQHGKEDLK,54,218.0
337,HLA-A33:01 ,36049.43,QII87826,KLDDKDPNFKD,337,219.0
367,HLA-A33:01 ,36083.93,QII87826,PKKDKKKKADE,367,220.0
370,HLA-A33:01 ,36186.33,QII87826,DKKKKADETQA,370,221.0
190,HLA-A33:01 ,36231.49,QII87826,RNSSRNSTPGS,190,222.0
231,HLA-A33:01 ,36243.05,QII87826,SKMSGKGQQQQ,231,223.0
43,HLA-A33:01 ,36250.52,QII87826,GLPNNTASWFT,43,224.0
261,HLA-A33:01 ,36316.32,QII87826,RTATKAYNVTQ,261,225.0
332,HLA-A33:01 ,36464.55,QII87826,YTGAIKLDDKD,332,226.0
179,HLA-A33:01 ,36475.74,QII87826,SQASSRSSSRS,179,227.0
223,HLA-A33:01 ,36490.52,QII87826,LDRLNQLESKM,223,228.0
388,HLA-A33:01 ,36515.52,QII87826,QQTVTLLPAAD,388,229.0
150,HLA-A33:01 ,36538.09,QII87826,PANNAAIVLQL,150,230.0
12,HLA-A33:01 ,36541.23,QII87826,PRITFGGPSDS,12,231.0
176,HLA-A33:01 ,36606.67,QII87826,RGGSQASSRSS,176,232.0
37,HLA-A33:01 ,36609.12,QII87826,KQRRPQGLPNN,37,233.0
64,HLA-A33:01 ,36677.45,QII87826,KFPRGQGVPIN,64,234.0
58,HLA-A33:01 ,36727.96,QII87826,HGKEDLKFPRG,58,235.0
238,HLA-A33:01 ,36807.22,QII87826,QQQQGQTVTKK,238,236.0
7,HLA-A33:01 ,36814.81,QII87826,NQRNAPRITFG,7,237.0
314,HLA-A33:01 ,36839.0,QII87826,FGMSRIGMEVT,314,238.0
91,HLA-A33:01 ,36878.39,QII87826,RRIRGGDGKMK,91,239.0
324,HLA-A33:01 ,36916.94,QII87826,TPSGTWLTYTG,324,240.0
145,HLA-A33:01 ,37140.8,QII87826,IGTRNPANNAA,145,241.0
213,HLA-A33:01 ,37180.95,QII87826,GGDAALALLLL,213,242.0
233,HLA-A33:01 ,37321.62,QII87826,MSGKGQQQQGQ,233,243.0
28,HLA-A33:01 ,37432.67,QII87826,NGERSGARSKQ,28,244.0
385,HLA-A33:01 ,37435.29,QII87826,QKKQQTVTLLP,385,245.0
403,HLA-A33:01 ,37457.54,QII87826,SKQLQQSMSSA,403,246.0
239,HLA-A33:01 ,37551.3,QII87826,QQQGQTVTKKS,239,247.0
172,HLA-A33:01 ,37642.01,QII87826,AEGSRGGSQAS,172,248.0
317,HLA-A33:01 ,37884.91,QII87826,SRIGMEVTPSG,317,249.0
408,HLA-A33:01 ,37916.12,QII87826,QSMSSADSTQA,408,250.0
52,HLA-A33:01 ,37990.89,QII87826,FTALTQHGKED,52,251.0
249,HLA-A33:01 ,38012.07,QII87826,SAAEASKKPRQ,249,252.0
123,HLA-A33:01 ,38027.31,QII87826,GANKDGIIWVA,123,253.0
32,HLA-A33:01 ,38049.54,QII87826,SGARSKQRRPQ,32,254.0
146,HLA-A33:01 ,38164.06,QII87826,GTRNPANNAAI,146,255.0
391,HLA-A33:01 ,38330.22,QII87826,VTLLPAADLDD,391,256.0
35,HLA-A33:01 ,38347.67,QII87826,RSKQRRPQGLP,35,257.0
229,HLA-A33:01 ,38442.55,QII87826,LESKMSGKGQQ,229,258.0
247,HLA-A33:01 ,38480.41,QII87826,KKSAAEASKKP,247,259.0
338,HLA-A33:01 ,38524.21,QII87826,LDDKDPNFKDQ,338,260.0
86,HLA-A33:01 ,38539.59,QII87826,YRRATRRIRGG,86,261.0
272,HLA-A33:01 ,38578.63,QII87826,AFGRRGPEQTQ,272,262.0
292,HLA-A33:01 ,38599.8,QII87826,RQGTDYKHWPQ,292,263.0
203,HLA-A33:01 ,38642.06,QII87826,GTSPARMAGNG,203,264.0
208,HLA-A33:01 ,38657.22,QII87826,RMAGNGGDAAL,208,265.0
225,HLA-A33:01 ,38693.66,QII87826,RLNQLESKMSG,225,266.0
379,HLA-A33:01 ,38723.52,QII87826,QALPQRQKKQQ,379,267.0
271,HLA-A33:01 ,38755.57,QII87826,QAFGRRGPEQT,271,268.0
300,HLA-A33:01 ,38786.96,QII87826,WPQIAQFAPSA,300,269.0
407,HLA-A33:01 ,38796.85,QII87826,QQSMSSADSTQ,407,270.0
321,HLA-A33:01 ,38933.28,QII87826,MEVTPSGTWLT,321,271.0
369,HLA-A33:01 ,38940.64,QII87826,KDKKKKADETQ,369,272.0
333,HLA-A33:01 ,39154.3,QII87826,TGAIKLDDKDP,333,273.0
325,HLA-A33:01 ,39197.33,QII87826,PSGTWLTYTGA,325,274.0
373,HLA-A33:01 ,39234.11,QII87826,KKADETQALPQ,373,275.0
290,HLA-A33:01 ,39248.95,QII87826,LIRQGTDYKHW,290,276.0
94,HLA-A33:01 ,39291.26,QII87826,RGGDGKMKDLS,94,277.0
364,HLA-A33:01 ,39346.19,QII87826,PTEPKKDKKKK,364,278.0
134,HLA-A33:01 ,39395.72,QII87826,TEGALNTPKDH,134,279.0
126,HLA-A33:01 ,39466.86,QII87826,KDGIIWVATEG,126,280.0
396,HLA-A33:01 ,39530.59,QII87826,AADLDDFSKQL,396,281.0
197,HLA-A33:01 ,39561.87,QII87826,TPGSSRGTSPA,197,282.0
147,HLA-A33:01 ,39570.02,QII87826,TRNPANNAAIV,147,283.0
90,HLA-A33:01 ,39578.29,QII87826,TRRIRGGDGKM,90,284.0
55,HLA-A33:01 ,39635.39,QII87826,LTQHGKEDLKF,55,285.0
11,HLA-A33:01 ,39635.71,QII87826,APRITFGGPSD,11,286.0
6,HLA-A33:01 ,39726.47,QII87826,QNQRNAPRITF,6,287.0
113,HLA-A33:01 ,39731.57,QII87826,GTGPEAGLPYG,113,288.0
252,HLA-A33:01 ,39741.96,QII87826,EASKKPRQKRT,252,289.0
375,HLA-A33:01 ,39799.89,QII87826,ADETQALPQRQ,375,290.0
59,HLA-A33:01 ,39840.89,QII87826,GKEDLKFPRGQ,59,291.0
122,HLA-A33:01 ,39881.26,QII87826,YGANKDGIIWV,122,292.0
199,HLA-A33:01 ,39937.31,QII87826,GSSRGTSPARM,199,293.0
293,HLA-A33:01 ,39944.48,QII87826,QGTDYKHWPQI,293,294.0
141,HLA-A33:01 ,39994.31,QII87826,PKDHIGTRNPA,141,295.0
49,HLA-A33:01 ,40019.3,QII87826,ASWFTALTQHG,49,296.0
97,HLA-A33:01 ,40024.32,QII87826,DGKMKDLSPRW,97,297.0
98,HLA-A33:01 ,40043.41,QII87826,GKMKDLSPRWY,98,298.0
133,HLA-A33:01 ,40097.8,QII87826,ATEGALNTPKD,133,299.0
228,HLA-A33:01 ,40113.95,QII87826,QLESKMSGKGQ,228,300.0
404,HLA-A33:01 ,40138.38,QII87826,KQLQQSMSSAD,404,301.0
273,HLA-A33:01 ,40255.67,QII87826,FGRRGPEQTQG,273,302.0
63,HLA-A33:01 ,40256.83,QII87826,LKFPRGQGVPI,63,303.0
73,HLA-A33:01 ,40268.34,QII87826,INTNSSPDDQI,73,304.0
187,HLA-A33:01 ,40273.71,QII87826,SRSRNSSRNST,187,305.0
201,HLA-A33:01 ,40322.22,QII87826,SRGTSPARMAG,201,306.0
294,HLA-A33:01 ,40340.82,QII87826,GTDYKHWPQIA,294,307.0
79,HLA-A33:01 ,40370.67,QII87826,PDDQIGYYRRA,79,308.0
137,HLA-A33:01 ,40490.45,QII87826,ALNTPKDHIGT,137,309.0
270,HLA-A33:01 ,40622.57,QII87826,TQAFGRRGPEQ,270,310.0
366,HLA-A33:01 ,40660.92,QII87826,EPKKDKKKKAD,366,311.0
33,HLA-A33:01 ,40823.17,QII87826,GARSKQRRPQG,33,312.0
363,HLA-A33:01 ,40859.78,QII87826,PPTEPKKDKKK,363,313.0
65,HLA-A33:01 ,40901.55,QII87826,FPRGQGVPINT,65,314.0
154,HLA-A33:01 ,40938.02,QII87826,AAIVLQLPQGT,154,315.0
148,HLA-A33:01 ,40967.6,QII87826,RNPANNAAIVL,148,316.0
371,HLA-A33:01 ,40982.42,QII87826,KKKKADETQAL,371,317.0
17,HLA-A33:01 ,41001.49,QII87826,GGPSDSTGSNQ,17,318.0
342,HLA-A33:01 ,41016.38,QII87826,DPNFKDQVILL,342,319.0
189,HLA-A33:01 ,41048.78,QII87826,SRNSSRNSTPG,189,320.0
92,HLA-A33:01 ,41062.59,QII87826,RIRGGDGKMKD,92,321.0
380,HLA-A33:01 ,41096.94,QII87826,ALPQRQKKQQT,380,322.0
381,HLA-A33:01 ,41105.47,QII87826,LPQRQKKQQTV,381,323.0
114,HLA-A33:01 ,41124.04,QII87826,TGPEAGLPYGA,114,324.0
319,HLA-A33:01 ,41144.76,QII87826,IGMEVTPSGTW,319,325.0
40,HLA-A33:01 ,41152.69,QII87826,RPQGLPNNTAS,40,326.0
70,HLA-A33:01 ,41310.67,QII87826,GVPINTNSSPD,70,327.0
212,HLA-A33:01 ,41339.56,QII87826,NGGDAALALLL,212,328.0
285,HLA-A33:01 ,41352.29,QII87826,FGDQELIRQGT,285,329.0
276,HLA-A33:01 ,41519.57,QII87826,RGPEQTQGNFG,276,330.0
232,HLA-A33:01 ,41520.99,QII87826,KMSGKGQQQQG,232,331.0
168,HLA-A33:01 ,41534.33,QII87826,KGFYAEGSRGG,168,332.0
60,HLA-A33:01 ,41540.48,QII87826,KEDLKFPRGQG,60,333.0
193,HLA-A33:01 ,41546.46,QII87826,SRNSTPGSSRG,193,334.0
227,HLA-A33:01 ,41654.19,QII87826,NQLESKMSGKG,227,335.0
260,HLA-A33:01 ,41657.49,QII87826,KRTATKAYNVT,260,336.0
280,HLA-A33:01 ,41728.89,QII87826,QTQGNFGDQEL,280,337.0
378,HLA-A33:01 ,41735.41,QII87826,TQALPQRQKKQ,378,338.0
335,HLA-A33:01 ,41788.5,QII87826,AIKLDDKDPNF,335,339.0
211,HLA-A33:01 ,41820.41,QII87826,GNGGDAALALL,211,340.0
204,HLA-A33:01 ,41858.66,QII87826,TSPARMAGNGG,204,341.0
13,HLA-A33:01 ,41859.18,QII87826,RITFGGPSDST,13,342.0
257,HLA-A33:01 ,41873.08,QII87826,PRQKRTATKAY,257,343.0
159,HLA-A33:01 ,41878.6,QII87826,QLPQGTTLPKG,159,344.0
320,HLA-A33:01 ,41883.1,QII87826,GMEVTPSGTWL,320,345.0
24,HLA-A33:01 ,41962.22,QII87826,GSNQNGERSGA,24,346.0
1,HLA-A33:01 ,41968.37,QII87826,SDNGPQNQRNA,1,347.0
387,HLA-A33:01 ,41969.86,QII87826,KQQTVTLLPAA,387,348.0
365,HLA-A33:01 ,42078.06,QII87826,TEPKKDKKKKA,365,349.0
318,HLA-A33:01 ,42103.42,QII87826,RIGMEVTPSGT,318,350.0
240,HLA-A33:01 ,42119.12,QII87826,QQGQTVTKKSA,240,351.0
76,HLA-A33:01 ,42179.58,QII87826,NSSPDDQIGYY,76,352.0
23,HLA-A33:01 ,42192.85,QII87826,TGSNQNGERSG,23,353.0
74,HLA-A33:01 ,42214.37,QII87826,NTNSSPDDQIG,74,354.0
53,HLA-A33:01 ,42224.63,QII87826,TALTQHGKEDL,53,355.0
360,HLA-A33:01 ,42241.62,QII87826,KTFPPTEPKKD,360,356.0
384,HLA-A33:01 ,42246.81,QII87826,RQKKQQTVTLL,384,357.0
241,HLA-A33:01 ,42251.14,QII87826,QGQTVTKKSAA,241,358.0
392,HLA-A33:01 ,42283.05,QII87826,TLLPAADLDDF,392,359.0
112,HLA-A33:01 ,42377.84,QII87826,LGTGPEAGLPY,112,360.0
87,HLA-A33:01 ,42380.85,QII87826,RRATRRIRGGD,87,361.0
42,HLA-A33:01 ,42405.44,QII87826,QGLPNNTASWF,42,362.0
39,HLA-A33:01 ,42476.55,QII87826,RRPQGLPNNTA,39,363.0
200,HLA-A33:01 ,42499.03,QII87826,SSRGTSPARMA,200,364.0
72,HLA-A33:01 ,42541.06,QII87826,PINTNSSPDDQ,72,365.0
341,HLA-A33:01 ,42553.48,QII87826,KDPNFKDQVIL,341,366.0
256,HLA-A33:01 ,42557.38,QII87826,KPRQKRTATKA,256,367.0
207,HLA-A33:01 ,42561.56,QII87826,ARMAGNGGDAA,207,368.0
41,HLA-A33:01 ,42646.66,QII87826,PQGLPNNTASW,41,369.0
406,HLA-A33:01 ,42648.52,QII87826,LQQSMSSADST,406,370.0
278,HLA-A33:01 ,42665.95,QII87826,PEQTQGNFGDQ,278,371.0
121,HLA-A33:01 ,42679.94,QII87826,PYGANKDGIIW,121,372.0
93,HLA-A33:01 ,42685.81,QII87826,IRGGDGKMKDL,93,373.0
75,HLA-A33:01 ,42712.34,QII87826,TNSSPDDQIGY,75,374.0
210,HLA-A33:01 ,42768.52,QII87826,AGNGGDAALAL,210,375.0
277,HLA-A33:01 ,42769.47,QII87826,GPEQTQGNFGD,277,376.0
194,HLA-A33:01 ,42779.14,QII87826,RNSTPGSSRGT,194,377.0
281,HLA-A33:01 ,42793.08,QII87826,TQGNFGDQELI,281,378.0
155,HLA-A33:01 ,42811.03,QII87826,AIVLQLPQGTT,155,379.0
275,HLA-A33:01 ,42829.91,QII87826,RRGPEQTQGNF,275,380.0
253,HLA-A33:01 ,42908.52,QII87826,ASKKPRQKRTA,253,381.0
19,HLA-A33:01 ,42908.94,QII87826,PSDSTGSNQNG,19,382.0
135,HLA-A33:01 ,42931.7,QII87826,EGALNTPKDHI,135,383.0
4,HLA-A33:01 ,43009.07,QII87826,GPQNQRNAPRI,4,384.0
386,HLA-A33:01 ,43052.52,QII87826,KKQQTVTLLPA,386,385.0
136,HLA-A33:01 ,43072.35,QII87826,GALNTPKDHIG,136,386.0
38,HLA-A33:01 ,43155.03,QII87826,QRRPQGLPNNT,38,387.0
340,HLA-A33:01 ,43175.73,QII87826,DKDPNFKDQVI,340,388.0
287,HLA-A33:01 ,43226.98,QII87826,DQELIRQGTDY,287,389.0
34,HLA-A33:01 ,43357.39,QII87826,ARSKQRRPQGL,34,390.0
161,HLA-A33:01 ,43455.04,QII87826,PQGTTLPKGFY,161,391.0
346,HLA-A33:01 ,43468.21,QII87826,KDQVILLNKHI,346,392.0
88,HLA-A33:01 ,43658.21,QII87826,RATRRIRGGDG,88,393.0
234,HLA-A33:01 ,43718.75,QII87826,SGKGQQQQGQT,234,394.0
383,HLA-A33:01 ,43731.16,QII87826,QRQKKQQTVTL,383,395.0
254,HLA-A33:01 ,43733.42,QII87826,SKKPRQKRTAT,254,396.0
160,HLA-A33:01 ,43752.41,QII87826,LPQGTTLPKGF,160,397.0
205,HLA-A33:01 ,43855.61,QII87826,SPARMAGNGGD,205,398.0
206,HLA-A33:01 ,43870.62,QII87826,PARMAGNGGDA,206,399.0
235,HLA-A33:01 ,43965.36,QII87826,GKGQQQQGQTV,235,400.0
119,HLA-A33:01 ,43993.38,QII87826,GLPYGANKDGI,119,401.0
118,HLA-A33:01 ,43996.33,QII87826,AGLPYGANKDG,118,402.0
286,HLA-A33:01 ,44046.64,QII87826,GDQELIRQGTD,286,403.0
120,HLA-A33:01 ,44116.47,QII87826,LPYGANKDGII,120,404.0
71,HLA-A33:01 ,44158.82,QII87826,VPINTNSSPDD,71,405.0
368,HLA-A33:01 ,44233.69,QII87826,KKDKKKKADET,368,406.0
5,HLA-A33:01 ,44576.86,QII87826,PQNQRNAPRIT,5,407.0
382,HLA-A33:01 ,45195.98,QII87826,PQRQKKQQTVT,382,408.0
236,HLA-A33:01 ,45340.33,QII87826,KGQQQQGQTVT,236,409.0
102,HLA-A68:01 ,2465.48,QII87826,DLSPRWYFYYL,102,1.0
389,HLA-A68:01 ,3704.48,QII87826,QTVTLLPAADL,389,2.0
322,HLA-A68:01 ,4866.77,QII87826,EVTPSGTWLTY,322,3.0
47,HLA-A68:01 ,4877.63,QII87826,NTASWFTALTQ,47,4.0
309,HLA-A68:01 ,4932.39,QII87826,SASAFFGMSRI,309,5.0
46,HLA-A68:01 ,5014.73,QII87826,NNTASWFTALT,46,6.0
360,HLA-A68:01 ,5089.12,QII87826,KTFPPTEPKKD,360,7.0
302,HLA-A68:01 ,5226.16,QII87826,QIAQFAPSASA,302,8.0
280,HLA-A68:01 ,5245.89,QII87826,QTQGNFGDQEL,280,9.0
332,HLA-A68:01 ,5279.11,QII87826,YTGAIKLDDKD,332,10.0
216,HLA-A68:01 ,5343.39,QII87826,AALALLLLDRL,216,11.0
122,HLA-A68:01 ,5396.24,QII87826,YGANKDGIIWV,122,12.0
313,HLA-A68:01 ,5402.11,QII87826,FFGMSRIGMEV,313,13.0
348,HLA-A68:01 ,5402.19,QII87826,QVILLNKHIDA,348,14.0
377,HLA-A68:01 ,5459.14,QII87826,ETQALPQRQKK,377,15.0
306,HLA-A68:01 ,5470.8,QII87826,FAPSASAFFGM,306,16.0
328,HLA-A68:01 ,5475.61,QII87826,TWLTYTGAIKL,328,17.0
61,HLA-A68:01 ,5476.04,QII87826,EDLKFPRGQGV,61,18.0
326,HLA-A68:01 ,5478.06,QII87826,SGTWLTYTGAI,326,19.0
84,HLA-A68:01 ,5486.7,QII87826,GYYRRATRRIR,84,20.0
390,HLA-A68:01 ,5490.05,QII87826,TVTLLPAADLD,390,21.0
52,HLA-A68:01 ,5490.6,QII87826,FTALTQHGKED,52,22.0
117,HLA-A68:01 ,5498.03,QII87826,EAGLPYGANKD,117,23.0
135,HLA-A68:01 ,5499.88,QII87826,EGALNTPKDHI,135,24.0
243,HLA-A68:01 ,5510.22,QII87826,QTVTKKSAAEA,243,25.0
282,HLA-A68:01 ,5519.0,QII87826,QGNFGDQELIR,282,26.0
311,HLA-A68:01 ,5526.62,QII87826,SAFFGMSRIGM,311,27.0
262,HLA-A68:01 ,5526.78,QII87826,TATKAYNVTQA,262,28.0
83,HLA-A68:01 ,5562.57,QII87826,IGYYRRATRRI,83,29.0
293,HLA-A68:01 ,5565.97,QII87826,QGTDYKHWPQI,293,30.0
131,HLA-A68:01 ,5577.14,QII87826,WVATEGALNTP,131,31.0
327,HLA-A68:01 ,5584.9,QII87826,GTWLTYTGAIK,327,32.0
342,HLA-A68:01 ,5588.31,QII87826,DPNFKDQVILL,342,33.0
263,HLA-A68:01 ,5595.52,QII87826,ATKAYNVTQAF,263,34.0
104,HLA-A68:01 ,5602.57,QII87826,SPRWYFYYLGT,104,35.0
259,HLA-A68:01 ,5603.22,QII87826,QKRTATKAYNV,259,36.0
29,HLA-A68:01 ,5608.35,QII87826,GERSGARSKQR,29,37.0
128,HLA-A68:01 ,5609.03,QII87826,GIIWVATEGAL,128,38.0
127,HLA-A68:01 ,5610.26,QII87826,DGIIWVATEGA,127,39.0
357,HLA-A68:01 ,5612.09,QII87826,DAYKTFPPTEP,357,40.0
150,HLA-A68:01 ,5612.94,QII87826,PANNAAIVLQL,150,41.0
139,HLA-A68:01 ,5618.95,QII87826,NTPKDHIGTRN,139,42.0
268,HLA-A68:01 ,5626.2,QII87826,NVTQAFGRRGP,268,43.0
14,HLA-A68:01 ,5632.78,QII87826,ITFGGPSDSTG,14,44.0
10,HLA-A68:01 ,5633.14,QII87826,NAPRITFGGPS,10,45.0
77,HLA-A68:01 ,5634.02,QII87826,SSPDDQIGYYR,77,46.0
296,HLA-A68:01 ,5635.64,QII87826,DYKHWPQIAQF,296,47.0
244,HLA-A68:01 ,5637.12,QII87826,TVTKKSAAEAS,244,48.0
74,HLA-A68:01 ,5638.87,QII87826,NTNSSPDDQIG,74,49.0
166,HLA-A68:01 ,5638.89,QII87826,LPKGFYAEGSR,166,50.0
147,HLA-A68:01 ,5641.11,QII87826,TRNPANNAAIV,147,51.0
129,HLA-A68:01 ,5643.2,QII87826,IIWVATEGALN,129,52.0
266,HLA-A68:01 ,5643.21,QII87826,AYNVTQAFGRR,266,53.0
344,HLA-A68:01 ,5651.92,QII87826,NFKDQVILLNK,344,54.0
400,HLA-A68:01 ,5652.13,QII87826,DDFSKQLQQSM,400,55.0
310,HLA-A68:01 ,5653.01,QII87826,ASAFFGMSRIG,310,56.0
148,HLA-A68:01 ,5656.29,QII87826,RNPANNAAIVL,148,57.0
103,HLA-A68:01 ,5657.22,QII87826,LSPRWYFYYLG,103,58.0
30,HLA-A68:01 ,5658.5,QII87826,ERSGARSKQRR,30,59.0
156,HLA-A68:01 ,5662.45,QII87826,IVLQLPQGTTL,156,60.0
69,HLA-A68:01 ,5665.01,QII87826,QGVPINTNSSP,69,61.0
246,HLA-A68:01 ,5669.22,QII87826,TKKSAAEASKK,246,62.0
374,HLA-A68:01 ,5672.89,QII87826,KADETQALPQR,374,63.0
138,HLA-A68:01 ,5672.93,QII87826,LNTPKDHIGTR,138,64.0
198,HLA-A68:01 ,5673.19,QII87826,PGSSRGTSPAR,198,65.0
110,HLA-A68:01 ,5674.35,QII87826,YYLGTGPEAGL,110,66.0
96,HLA-A68:01 ,5676.52,QII87826,GDGKMKDLSPR,96,67.0
76,HLA-A68:01 ,5680.16,QII87826,NSSPDDQIGYY,76,68.0
21,HLA-A68:01 ,5681.45,QII87826,DSTGSNQNGER,21,69.0
45,HLA-A68:01 ,5684.04,QII87826,PNNTASWFTAL,45,70.0
81,HLA-A68:01 ,5684.06,QII87826,DQIGYYRRATR,81,71.0
48,HLA-A68:01 ,5684.11,QII87826,TASWFTALTQH,48,72.0
124,HLA-A68:01 ,5684.53,QII87826,ANKDGIIWVAT,124,73.0
358,HLA-A68:01 ,5685.52,QII87826,AYKTFPPTEPK,358,74.0
78,HLA-A68:01 ,5685.98,QII87826,SPDDQIGYYRR,78,75.0
252,HLA-A68:01 ,5687.69,QII87826,EASKKPRQKRT,252,76.0
0,HLA-A68:01 ,5688.94,QII87826,MSDNGPQNQRN,0,77.0
359,HLA-A68:01 ,5689.64,QII87826,YKTFPPTEPKK,359,78.0
212,HLA-A68:01 ,5694.46,QII87826,NGGDAALALLL,212,79.0
116,HLA-A68:01 ,5694.64,QII87826,PEAGLPYGANK,116,80.0
308,HLA-A68:01 ,5695.79,QII87826,PSASAFFGMSR,308,81.0
192,HLA-A68:01 ,5696.36,QII87826,SSRNSTPGSSR,192,82.0
180,HLA-A68:01 ,5697.33,QII87826,QASSRSSSRSR,180,83.0
25,HLA-A68:01 ,5698.2,QII87826,SNQNGERSGAR,25,84.0
251,HLA-A68:01 ,5699.7,QII87826,AEASKKPRQKR,251,85.0
215,HLA-A68:01 ,5700.4,QII87826,DAALALLLLDR,215,86.0
323,HLA-A68:01 ,5701.22,QII87826,VTPSGTWLTYT,323,87.0
355,HLA-A68:01 ,5702.36,QII87826,HIDAYKTFPPT,355,88.0
314,HLA-A68:01 ,5705.15,QII87826,FGMSRIGMEVT,314,89.0
321,HLA-A68:01 ,5705.16,QII87826,MEVTPSGTWLT,321,90.0
178,HLA-A68:01 ,5705.48,QII87826,GSQASSRSSSR,178,91.0
339,HLA-A68:01 ,5706.29,QII87826,DDKDPNFKDQV,339,92.0
265,HLA-A68:01 ,5707.76,QII87826,KAYNVTQAFGR,265,93.0
181,HLA-A68:01 ,5709.11,QII87826,ASSRSSSRSRN,181,94.0
381,HLA-A68:01 ,5709.2,QII87826,LPQRQKKQQTV,381,95.0
329,HLA-A68:01 ,5709.78,QII87826,WLTYTGAIKLD,329,96.0
271,HLA-A68:01 ,5709.9,QII87826,QAFGRRGPEQT,271,97.0
408,HLA-A68:01 ,5709.94,QII87826,QSMSSADSTQA,408,98.0
165,HLA-A68:01 ,5710.96,QII87826,TLPKGFYAEGS,165,99.0
57,HLA-A68:01 ,5711.75,QII87826,QHGKEDLKFPR,57,100.0
237,HLA-A68:01 ,5714.13,QII87826,GQQQQGQTVTK,237,101.0
184,HLA-A68:01 ,5715.53,QII87826,RSSSRSRNSSR,184,102.0
146,HLA-A68:01 ,5716.86,QII87826,GTRNPANNAAI,146,103.0
158,HLA-A68:01 ,5717.61,QII87826,LQLPQGTTLPK,158,104.0
347,HLA-A68:01 ,5718.67,QII87826,DQVILLNKHID,347,105.0
195,HLA-A68:01 ,5721.0,QII87826,NSTPGSSRGTS,195,106.0
289,HLA-A68:01 ,5721.54,QII87826,ELIRQGTDYKH,289,107.0
304,HLA-A68:01 ,5721.85,QII87826,AQFAPSASAFF,304,108.0
185,HLA-A68:01 ,5722.19,QII87826,SSSRSRNSSRN,185,109.0
297,HLA-A68:01 ,5722.87,QII87826,YKHWPQIAQFA,297,110.0
364,HLA-A68:01 ,5722.93,QII87826,PTEPKKDKKKK,364,111.0
174,HLA-A68:01 ,5723.87,QII87826,GSRGGSQASSR,174,112.0
363,HLA-A68:01 ,5724.16,QII87826,PPTEPKKDKKK,363,113.0
107,HLA-A68:01 ,5724.41,QII87826,WYFYYLGTGPE,107,114.0
343,HLA-A68:01 ,5724.56,QII87826,PNFKDQVILLN,343,115.0
248,HLA-A68:01 ,5724.88,QII87826,KSAAEASKKPR,248,116.0
151,HLA-A68:01 ,5725.09,QII87826,ANNAAIVLQLP,151,117.0
153,HLA-A68:01 ,5725.29,QII87826,NAAIVLQLPQG,153,118.0
4,HLA-A68:01 ,5726.21,QII87826,GPQNQRNAPRI,4,119.0
3,HLA-A68:01 ,5729.32,QII87826,NGPQNQRNAPR,3,120.0
316,HLA-A68:01 ,5729.6,QII87826,MSRIGMEVTPS,316,121.0
43,HLA-A68:01 ,5729.74,QII87826,GLPNNTASWFT,43,122.0
65,HLA-A68:01 ,5729.91,QII87826,FPRGQGVPINT,65,123.0
132,HLA-A68:01 ,5730.69,QII87826,VATEGALNTPK,132,124.0
105,HLA-A68:01 ,5731.0,QII87826,PRWYFYYLGTG,105,125.0
336,HLA-A68:01 ,5733.4,QII87826,IKLDDKDPNFK,336,126.0
341,HLA-A68:01 ,5734.3,QII87826,KDPNFKDQVIL,341,127.0
42,HLA-A68:01 ,5734.83,QII87826,QGLPNNTASWF,42,128.0
108,HLA-A68:01 ,5736.54,QII87826,YFYYLGTGPEA,108,129.0
99,HLA-A68:01 ,5737.97,QII87826,KMKDLSPRWYF,99,130.0
303,HLA-A68:01 ,5737.99,QII87826,IAQFAPSASAF,303,131.0
63,HLA-A68:01 ,5738.06,QII87826,LKFPRGQGVPI,63,132.0
238,HLA-A68:01 ,5738.1,QII87826,QQQQGQTVTKK,238,133.0
163,HLA-A68:01 ,5738.94,QII87826,GTTLPKGFYAE,163,134.0
9,HLA-A68:01 ,5739.16,QII87826,RNAPRITFGGP,9,135.0
362,HLA-A68:01 ,5739.56,QII87826,FPPTEPKKDKK,362,136.0
260,HLA-A68:01 ,5739.87,QII87826,KRTATKAYNVT,260,137.0
82,HLA-A68:01 ,5740.96,QII87826,QIGYYRRATRR,82,138.0
70,HLA-A68:01 ,5741.85,QII87826,GVPINTNSSPD,70,139.0
226,HLA-A68:01 ,5742.88,QII87826,LNQLESKMSGK,226,140.0
396,HLA-A68:01 ,5743.12,QII87826,AADLDDFSKQL,396,141.0
222,HLA-A68:01 ,5743.38,QII87826,LLDRLNQLESK,222,142.0
50,HLA-A68:01 ,5743.95,QII87826,SWFTALTQHGK,50,143.0
149,HLA-A68:01 ,5744.29,QII87826,NPANNAAIVLQ,149,144.0
162,HLA-A68:01 ,5744.89,QII87826,QGTTLPKGFYA,162,145.0
305,HLA-A68:01 ,5745.05,QII87826,QFAPSASAFFG,305,146.0
330,HLA-A68:01 ,5747.06,QII87826,LTYTGAIKLDD,330,147.0
73,HLA-A68:01 ,5748.13,QII87826,INTNSSPDDQI,73,148.0
299,HLA-A68:01 ,5749.19,QII87826,HWPQIAQFAPS,299,149.0
255,HLA-A68:01 ,5749.75,QII87826,KKPRQKRTATK,255,150.0
250,HLA-A68:01 ,5750.98,QII87826,AAEASKKPRQK,250,151.0
100,HLA-A68:01 ,5751.31,QII87826,MKDLSPRWYFY,100,152.0
261,HLA-A68:01 ,5751.38,QII87826,RTATKAYNVTQ,261,153.0
44,HLA-A68:01 ,5751.4,QII87826,LPNNTASWFTA,44,154.0
191,HLA-A68:01 ,5752.01,QII87826,NSSRNSTPGSS,191,155.0
66,HLA-A68:01 ,5752.23,QII87826,PRGQGVPINTN,66,156.0
31,HLA-A68:01 ,5752.53,QII87826,RSGARSKQRRP,31,157.0
307,HLA-A68:01 ,5753.09,QII87826,APSASAFFGMS,307,158.0
288,HLA-A68:01 ,5756.44,QII87826,QELIRQGTDYK,288,159.0
106,HLA-A68:01 ,5756.94,QII87826,RWYFYYLGTGP,106,160.0
219,HLA-A68:01 ,5758.24,QII87826,ALLLLDRLNQL,219,161.0
247,HLA-A68:01 ,5758.75,QII87826,KKSAAEASKKP,247,162.0
213,HLA-A68:01 ,5759.54,QII87826,GGDAALALLLL,213,163.0
376,HLA-A68:01 ,5759.89,QII87826,DETQALPQRQK,376,164.0
109,HLA-A68:01 ,5761.17,QII87826,FYYLGTGPEAG,109,165.0
245,HLA-A68:01 ,5761.34,QII87826,VTKKSAAEASK,245,166.0
54,HLA-A68:01 ,5761.47,QII87826,ALTQHGKEDLK,54,167.0
217,HLA-A68:01 ,5762.21,QII87826,ALALLLLDRLN,217,168.0
371,HLA-A68:01 ,5762.76,QII87826,KKKKADETQAL,371,169.0
68,HLA-A68:01 ,5762.77,QII87826,GQGVPINTNSS,68,170.0
125,HLA-A68:01 ,5762.82,QII87826,NKDGIIWVATE,125,171.0
179,HLA-A68:01 ,5763.22,QII87826,SQASSRSSSRS,179,172.0
394,HLA-A68:01 ,5763.29,QII87826,LPAADLDDFSK,394,173.0
27,HLA-A68:01 ,5764.65,QII87826,QNGERSGARSK,27,174.0
324,HLA-A68:01 ,5766.86,QII87826,TPSGTWLTYTG,324,175.0
361,HLA-A68:01 ,5767.28,QII87826,TFPPTEPKKDK,361,176.0
75,HLA-A68:01 ,5768.8,QII87826,TNSSPDDQIGY,75,177.0
67,HLA-A68:01 ,5768.95,QII87826,RGQGVPINTNS,67,178.0
300,HLA-A68:01 ,5769.59,QII87826,WPQIAQFAPSA,300,179.0
160,HLA-A68:01 ,5769.82,QII87826,LPQGTTLPKGF,160,180.0
130,HLA-A68:01 ,5770.12,QII87826,IWVATEGALNT,130,181.0
354,HLA-A68:01 ,5772.17,QII87826,KHIDAYKTFPP,354,182.0
399,HLA-A68:01 ,5772.85,QII87826,LDDFSKQLQQS,399,183.0
264,HLA-A68:01 ,5774.14,QII87826,TKAYNVTQAFG,264,184.0
214,HLA-A68:01 ,5774.2,QII87826,GDAALALLLLD,214,185.0
36,HLA-A68:01 ,5774.53,QII87826,SKQRRPQGLPN,36,186.0
11,HLA-A68:01 ,5775.01,QII87826,APRITFGGPSD,11,187.0
112,HLA-A68:01 ,5775.29,QII87826,LGTGPEAGLPY,112,188.0
388,HLA-A68:01 ,5775.83,QII87826,QQTVTLLPAAD,388,189.0
196,HLA-A68:01 ,5775.89,QII87826,STPGSSRGTSP,196,190.0
91,HLA-A68:01 ,5776.32,QII87826,RRIRGGDGKMK,91,191.0
6,HLA-A68:01 ,5778.47,QII87826,QNQRNAPRITF,6,192.0
356,HLA-A68:01 ,5778.59,QII87826,IDAYKTFPPTE,356,193.0
115,HLA-A68:01 ,5778.97,QII87826,GPEAGLPYGAN,115,194.0
398,HLA-A68:01 ,5779.0,QII87826,DLDDFSKQLQQ,398,195.0
351,HLA-A68:01 ,5779.07,QII87826,LLNKHIDAYKT,351,196.0
401,HLA-A68:01 ,5779.55,QII87826,DFSKQLQQSMS,401,197.0
15,HLA-A68:01 ,5780.03,QII87826,TFGGPSDSTGS,15,198.0
301,HLA-A68:01 ,5781.26,QII87826,PQIAQFAPSAS,301,199.0
136,HLA-A68:01 ,5781.72,QII87826,GALNTPKDHIG,136,200.0
352,HLA-A68:01 ,5782.09,QII87826,LNKHIDAYKTF,352,201.0
123,HLA-A68:01 ,5782.57,QII87826,GANKDGIIWVA,123,202.0
199,HLA-A68:01 ,5782.57,QII87826,GSSRGTSPARM,199,202.0
142,HLA-A68:01 ,5782.77,QII87826,KDHIGTRNPAN,142,204.0
285,HLA-A68:01 ,5782.95,QII87826,FGDQELIRQGT,285,205.0
258,HLA-A68:01 ,5783.02,QII87826,RQKRTATKAYN,258,206.0
325,HLA-A68:01 ,5783.18,QII87826,PSGTWLTYTGA,325,207.0
182,HLA-A68:01 ,5783.43,QII87826,SSRSSSRSRNS,182,208.0
18,HLA-A68:01 ,5783.7,QII87826,GPSDSTGSNQN,18,209.0
40,HLA-A68:01 ,5783.93,QII87826,RPQGLPNNTAS,40,210.0
221,HLA-A68:01 ,5784.61,QII87826,LLLDRLNQLES,221,211.0
402,HLA-A68:01 ,5785.06,QII87826,FSKQLQQSMSS,402,212.0
210,HLA-A68:01 ,5785.3,QII87826,AGNGGDAALAL,210,213.0
154,HLA-A68:01 ,5785.36,QII87826,AAIVLQLPQGT,154,214.0
249,HLA-A68:01 ,5785.42,QII87826,SAAEASKKPRQ,249,215.0
366,HLA-A68:01 ,5785.51,QII87826,EPKKDKKKKAD,366,216.0
64,HLA-A68:01 ,5785.59,QII87826,KFPRGQGVPIN,64,217.0
16,HLA-A68:01 ,5785.66,QII87826,FGGPSDSTGSN,16,218.0
295,HLA-A68:01 ,5785.77,QII87826,TDYKHWPQIAQ,295,219.0
137,HLA-A68:01 ,5786.0,QII87826,ALNTPKDHIGT,137,220.0
41,HLA-A68:01 ,5786.38,QII87826,PQGLPNNTASW,41,221.0
294,HLA-A68:01 ,5786.43,QII87826,GTDYKHWPQIA,294,222.0
155,HLA-A68:01 ,5787.24,QII87826,AIVLQLPQGTT,155,223.0
7,HLA-A68:01 ,5787.34,QII87826,NQRNAPRITFG,7,224.0
239,HLA-A68:01 ,5787.38,QII87826,QQQGQTVTKKS,239,225.0
161,HLA-A68:01 ,5787.47,QII87826,PQGTTLPKGFY,161,226.0
337,HLA-A68:01 ,5787.65,QII87826,KLDDKDPNFKD,337,227.0
53,HLA-A68:01 ,5788.06,QII87826,TALTQHGKEDL,53,228.0
211,HLA-A68:01 ,5788.09,QII87826,GNGGDAALALL,211,229.0
169,HLA-A68:01 ,5788.93,QII87826,GFYAEGSRGGS,169,230.0
183,HLA-A68:01 ,5789.45,QII87826,SRSSSRSRNSS,183,231.0
315,HLA-A68:01 ,5789.71,QII87826,GMSRIGMEVTP,315,232.0
39,HLA-A68:01 ,5789.91,QII87826,RRPQGLPNNTA,39,233.0
143,HLA-A68:01 ,5790.17,QII87826,DHIGTRNPANN,143,234.0
26,HLA-A68:01 ,5790.38,QII87826,NQNGERSGARS,26,235.0
223,HLA-A68:01 ,5791.28,QII87826,LDRLNQLESKM,223,236.0
177,HLA-A68:01 ,5792.02,QII87826,GGSQASSRSSS,177,237.0
176,HLA-A68:01 ,5792.63,QII87826,RGGSQASSRSS,176,238.0
331,HLA-A68:01 ,5793.22,QII87826,TYTGAIKLDDK,331,239.0
37,HLA-A68:01 ,5793.33,QII87826,KQRRPQGLPNN,37,240.0
197,HLA-A68:01 ,5793.43,QII87826,TPGSSRGTSPA,197,241.0
283,HLA-A68:01 ,5793.73,QII87826,GNFGDQELIRQ,283,242.0
186,HLA-A68:01 ,5794.01,QII87826,SSRSRNSSRNS,186,243.0
62,HLA-A68:01 ,5794.04,QII87826,DLKFPRGQGVP,62,244.0
393,HLA-A68:01 ,5794.39,QII87826,LLPAADLDDFS,393,245.0
281,HLA-A68:01 ,5794.53,QII87826,TQGNFGDQELI,281,246.0
85,HLA-A68:01 ,5794.55,QII87826,YYRRATRRIRG,85,247.0
171,HLA-A68:01 ,5794.85,QII87826,YAEGSRGGSQA,171,248.0
395,HLA-A68:01 ,5796.04,QII87826,PAADLDDFSKQ,395,249.0
350,HLA-A68:01 ,5796.84,QII87826,ILLNKHIDAYK,350,250.0
80,HLA-A68:01 ,5797.74,QII87826,DDQIGYYRRAT,80,251.0
320,HLA-A68:01 ,5797.94,QII87826,GMEVTPSGTWL,320,252.0
97,HLA-A68:01 ,5798.11,QII87826,DGKMKDLSPRW,97,253.0
319,HLA-A68:01 ,5798.22,QII87826,IGMEVTPSGTW,319,254.0
98,HLA-A68:01 ,5798.35,QII87826,GKMKDLSPRWY,98,255.0
190,HLA-A68:01 ,5799.27,QII87826,RNSSRNSTPGS,190,256.0
119,HLA-A68:01 ,5799.36,QII87826,GLPYGANKDGI,119,257.0
133,HLA-A68:01 ,5799.66,QII87826,ATEGALNTPKD,133,258.0
346,HLA-A68:01 ,5799.66,QII87826,KDQVILLNKHI,346,258.0
164,HLA-A68:01 ,5800.23,QII87826,TTLPKGFYAEG,164,260.0
79,HLA-A68:01 ,5800.42,QII87826,PDDQIGYYRRA,79,261.0
386,HLA-A68:01 ,5800.75,QII87826,KKQQTVTLLPA,386,262.0
235,HLA-A68:01 ,5801.31,QII87826,GKGQQQQGQTV,235,263.0
141,HLA-A68:01 ,5801.98,QII87826,PKDHIGTRNPA,141,264.0
317,HLA-A68:01 ,5802.2,QII87826,SRIGMEVTPSG,317,265.0
173,HLA-A68:01 ,5802.87,QII87826,EGSRGGSQASS,173,266.0
241,HLA-A68:01 ,5803.07,QII87826,QGQTVTKKSAA,241,267.0
318,HLA-A68:01 ,5803.18,QII87826,RIGMEVTPSGT,318,268.0
34,HLA-A68:01 ,5803.2,QII87826,ARSKQRRPQGL,34,269.0
274,HLA-A68:01 ,5803.71,QII87826,GRRGPEQTQGN,274,270.0
224,HLA-A68:01 ,5804.19,QII87826,DRLNQLESKMS,224,271.0
383,HLA-A68:01 ,5805.37,QII87826,QRQKKQQTVTL,383,272.0
175,HLA-A68:01 ,5805.56,QII87826,SRGGSQASSRS,175,273.0
55,HLA-A68:01 ,5805.65,QII87826,LTQHGKEDLKF,55,274.0
272,HLA-A68:01 ,5806.15,QII87826,AFGRRGPEQTQ,272,275.0
38,HLA-A68:01 ,5806.29,QII87826,QRRPQGLPNNT,38,276.0
276,HLA-A68:01 ,5806.43,QII87826,RGPEQTQGNFG,276,277.0
375,HLA-A68:01 ,5807.82,QII87826,ADETQALPQRQ,375,278.0
140,HLA-A68:01 ,5808.04,QII87826,TPKDHIGTRNP,140,279.0
187,HLA-A68:01 ,5808.19,QII87826,SRSRNSSRNST,187,280.0
144,HLA-A68:01 ,5808.28,QII87826,HIGTRNPANNA,144,281.0
257,HLA-A68:01 ,5808.44,QII87826,PRQKRTATKAY,257,282.0
152,HLA-A68:01 ,5808.77,QII87826,NNAAIVLQLPQ,152,283.0
71,HLA-A68:01 ,5808.87,QII87826,VPINTNSSPDD,71,284.0
126,HLA-A68:01 ,5809.2,QII87826,KDGIIWVATEG,126,285.0
229,HLA-A68:01 ,5809.23,QII87826,LESKMSGKGQQ,229,286.0
292,HLA-A68:01 ,5809.83,QII87826,RQGTDYKHWPQ,292,287.0
13,HLA-A68:01 ,5809.97,QII87826,RITFGGPSDST,13,288.0
208,HLA-A68:01 ,5810.62,QII87826,RMAGNGGDAAL,208,289.0
370,HLA-A68:01 ,5810.71,QII87826,DKKKKADETQA,370,290.0
101,HLA-A68:01 ,5811.47,QII87826,KDLSPRWYFYY,101,291.0
172,HLA-A68:01 ,5811.62,QII87826,AEGSRGGSQAS,172,292.0
113,HLA-A68:01 ,5811.69,QII87826,GTGPEAGLPYG,113,293.0
22,HLA-A68:01 ,5811.81,QII87826,STGSNQNGERS,22,294.0
240,HLA-A68:01 ,5811.92,QII87826,QQGQTVTKKSA,240,295.0
89,HLA-A68:01 ,5812.58,QII87826,ATRRIRGGDGK,89,296.0
200,HLA-A68:01 ,5812.59,QII87826,SSRGTSPARMA,200,297.0
194,HLA-A68:01 ,5813.36,QII87826,RNSTPGSSRGT,194,298.0
312,HLA-A68:01 ,5814.3,QII87826,AFFGMSRIGME,312,299.0
1,HLA-A68:01 ,5814.74,QII87826,SDNGPQNQRNA,1,300.0
32,HLA-A68:01 ,5815.2,QII87826,SGARSKQRRPQ,32,301.0
345,HLA-A68:01 ,5815.5,QII87826,FKDQVILLNKH,345,302.0
111,HLA-A68:01 ,5815.51,QII87826,YLGTGPEAGLP,111,303.0
230,HLA-A68:01 ,5816.16,QII87826,ESKMSGKGQQQ,230,304.0
225,HLA-A68:01 ,5816.59,QII87826,RLNQLESKMSG,225,305.0
49,HLA-A68:01 ,5816.86,QII87826,ASWFTALTQHG,49,306.0
220,HLA-A68:01 ,5816.9,QII87826,LLLLDRLNQLE,220,307.0
170,HLA-A68:01 ,5816.97,QII87826,FYAEGSRGGSQ,170,308.0
5,HLA-A68:01 ,5817.39,QII87826,PQNQRNAPRIT,5,309.0
114,HLA-A68:01 ,5817.72,QII87826,TGPEAGLPYGA,114,310.0
334,HLA-A68:01 ,5818.5,QII87826,GAIKLDDKDPN,334,311.0
207,HLA-A68:01 ,5818.72,QII87826,ARMAGNGGDAA,207,312.0
202,HLA-A68:01 ,5818.77,QII87826,RGTSPARMAGN,202,313.0
145,HLA-A68:01 ,5819.23,QII87826,IGTRNPANNAA,145,314.0
253,HLA-A68:01 ,5819.32,QII87826,ASKKPRQKRTA,253,315.0
209,HLA-A68:01 ,5819.96,QII87826,MAGNGGDAALA,209,316.0
373,HLA-A68:01 ,5820.32,QII87826,KKADETQALPQ,373,317.0
385,HLA-A68:01 ,5820.38,QII87826,QKKQQTVTLLP,385,318.0
120,HLA-A68:01 ,5821.24,QII87826,LPYGANKDGII,120,319.0
275,HLA-A68:01 ,5821.55,QII87826,RRGPEQTQGNF,275,320.0
60,HLA-A68:01 ,5822.36,QII87826,KEDLKFPRGQG,60,321.0
406,HLA-A68:01 ,5822.73,QII87826,LQQSMSSADST,406,322.0
387,HLA-A68:01 ,5822.85,QII87826,KQQTVTLLPAA,387,323.0
33,HLA-A68:01 ,5822.91,QII87826,GARSKQRRPQG,33,324.0
284,HLA-A68:01 ,5823.17,QII87826,NFGDQELIRQG,284,325.0
256,HLA-A68:01 ,5823.45,QII87826,KPRQKRTATKA,256,326.0
242,HLA-A68:01 ,5823.83,QII87826,GQTVTKKSAAE,242,327.0
94,HLA-A68:01 ,5824.03,QII87826,RGGDGKMKDLS,94,328.0
201,HLA-A68:01 ,5824.04,QII87826,SRGTSPARMAG,201,329.0
218,HLA-A68:01 ,5824.2,QII87826,LALLLLDRLNQ,218,330.0
188,HLA-A68:01 ,5824.3,QII87826,RSRNSSRNSTP,188,331.0
167,HLA-A68:01 ,5825.3,QII87826,PKGFYAEGSRG,167,332.0
365,HLA-A68:01 ,5825.65,QII87826,TEPKKDKKKKA,365,333.0
12,HLA-A68:01 ,5825.91,QII87826,PRITFGGPSDS,12,334.0
392,HLA-A68:01 ,5825.91,QII87826,TLLPAADLDDF,392,334.0
157,HLA-A68:01 ,5826.09,QII87826,VLQLPQGTTLP,157,336.0
349,HLA-A68:01 ,5827.36,QII87826,VILLNKHIDAY,349,337.0
403,HLA-A68:01 ,5827.43,QII87826,SKQLQQSMSSA,403,338.0
159,HLA-A68:01 ,5827.46,QII87826,QLPQGTTLPKG,159,339.0
298,HLA-A68:01 ,5827.52,QII87826,KHWPQIAQFAP,298,340.0
24,HLA-A68:01 ,5827.66,QII87826,GSNQNGERSGA,24,341.0
277,HLA-A68:01 ,5827.84,QII87826,GPEQTQGNFGD,277,342.0
93,HLA-A68:01 ,5828.61,QII87826,IRGGDGKMKDL,93,343.0
404,HLA-A68:01 ,5829.43,QII87826,KQLQQSMSSAD,404,344.0
231,HLA-A68:01 ,5829.89,QII87826,SKMSGKGQQQQ,231,345.0
168,HLA-A68:01 ,5830.5,QII87826,KGFYAEGSRGG,168,346.0
189,HLA-A68:01 ,5830.74,QII87826,SRNSSRNSTPG,189,347.0
206,HLA-A68:01 ,5831.09,QII87826,PARMAGNGGDA,206,348.0
87,HLA-A68:01 ,5831.14,QII87826,RRATRRIRGGD,87,349.0
286,HLA-A68:01 ,5831.4,QII87826,GDQELIRQGTD,286,350.0
290,HLA-A68:01 ,5832.08,QII87826,LIRQGTDYKHW,290,351.0
380,HLA-A68:01 ,5832.63,QII87826,ALPQRQKKQQT,380,352.0
232,HLA-A68:01 ,5832.89,QII87826,KMSGKGQQQQG,232,353.0
407,HLA-A68:01 ,5833.71,QII87826,QQSMSSADSTQ,407,354.0
254,HLA-A68:01 ,5834.09,QII87826,SKKPRQKRTAT,254,355.0
19,HLA-A68:01 ,5834.13,QII87826,PSDSTGSNQNG,19,356.0
92,HLA-A68:01 ,5834.29,QII87826,RIRGGDGKMKD,92,357.0
95,HLA-A68:01 ,5834.46,QII87826,GGDGKMKDLSP,95,358.0
340,HLA-A68:01 ,5834.96,QII87826,DKDPNFKDQVI,340,359.0
391,HLA-A68:01 ,5835.34,QII87826,VTLLPAADLDD,391,360.0
193,HLA-A68:01 ,5835.41,QII87826,SRNSTPGSSRG,193,361.0
269,HLA-A68:01 ,5836.72,QII87826,VTQAFGRRGPE,269,362.0
23,HLA-A68:01 ,5837.91,QII87826,TGSNQNGERSG,23,363.0
58,HLA-A68:01 ,5838.05,QII87826,HGKEDLKFPRG,58,364.0
372,HLA-A68:01 ,5838.59,QII87826,KKKADETQALP,372,365.0
353,HLA-A68:01 ,5839.19,QII87826,NKHIDAYKTFP,353,366.0
205,HLA-A68:01 ,5839.47,QII87826,SPARMAGNGGD,205,367.0
287,HLA-A68:01 ,5841.75,QII87826,DQELIRQGTDY,287,368.0
28,HLA-A68:01 ,5842.0,QII87826,NGERSGARSKQ,28,369.0
8,HLA-A68:01 ,5843.16,QII87826,QRNAPRITFGG,8,370.0
35,HLA-A68:01 ,5843.53,QII87826,RSKQRRPQGLP,35,371.0
72,HLA-A68:01 ,5843.68,QII87826,PINTNSSPDDQ,72,372.0
56,HLA-A68:01 ,5843.7,QII87826,TQHGKEDLKFP,56,373.0
2,HLA-A68:01 ,5844.26,QII87826,DNGPQNQRNAP,2,374.0
368,HLA-A68:01 ,5844.48,QII87826,KKDKKKKADET,368,375.0
273,HLA-A68:01 ,5845.33,QII87826,FGRRGPEQTQG,273,376.0
86,HLA-A68:01 ,5845.35,QII87826,YRRATRRIRGG,86,377.0
270,HLA-A68:01 ,5846.74,QII87826,TQAFGRRGPEQ,270,378.0
17,HLA-A68:01 ,5847.12,QII87826,GGPSDSTGSNQ,17,379.0
384,HLA-A68:01 ,5847.78,QII87826,RQKKQQTVTLL,384,380.0
405,HLA-A68:01 ,5849.12,QII87826,QLQQSMSSADS,405,381.0
397,HLA-A68:01 ,5849.74,QII87826,ADLDDFSKQLQ,397,382.0
335,HLA-A68:01 ,5851.07,QII87826,AIKLDDKDPNF,335,383.0
279,HLA-A68:01 ,5851.71,QII87826,EQTQGNFGDQE,279,384.0
291,HLA-A68:01 ,5852.89,QII87826,IRQGTDYKHWP,291,385.0
382,HLA-A68:01 ,5852.94,QII87826,PQRQKKQQTVT,382,386.0
333,HLA-A68:01 ,5853.11,QII87826,TGAIKLDDKDP,333,387.0
379,HLA-A68:01 ,5853.36,QII87826,QALPQRQKKQQ,379,388.0
367,HLA-A68:01 ,5854.12,QII87826,PKKDKKKKADE,367,389.0
20,HLA-A68:01 ,5854.92,QII87826,SDSTGSNQNGE,20,390.0
233,HLA-A68:01 ,5856.63,QII87826,MSGKGQQQQGQ,233,391.0
378,HLA-A68:01 ,5856.89,QII87826,TQALPQRQKKQ,378,392.0
369,HLA-A68:01 ,5857.64,QII87826,KDKKKKADETQ,369,393.0
134,HLA-A68:01 ,5858.1,QII87826,TEGALNTPKDH,134,394.0
278,HLA-A68:01 ,5858.41,QII87826,PEQTQGNFGDQ,278,395.0
90,HLA-A68:01 ,5859.34,QII87826,TRRIRGGDGKM,90,396.0
234,HLA-A68:01 ,5860.97,QII87826,SGKGQQQQGQT,234,397.0
227,HLA-A68:01 ,5862.29,QII87826,NQLESKMSGKG,227,398.0
267,HLA-A68:01 ,5865.58,QII87826,YNVTQAFGRRG,267,399.0
228,HLA-A68:01 ,5866.3,QII87826,QLESKMSGKGQ,228,400.0
59,HLA-A68:01 ,5866.59,QII87826,GKEDLKFPRGQ,59,401.0
51,HLA-A68:01 ,5866.87,QII87826,WFTALTQHGKE,51,402.0
118,HLA-A68:01 ,5870.23,QII87826,AGLPYGANKDG,118,403.0
236,HLA-A68:01 ,5876.05,QII87826,KGQQQQGQTVT,236,404.0
338,HLA-A68:01 ,5879.63,QII87826,LDDKDPNFKDQ,338,405.0
121,HLA-A68:01 ,5883.84,QII87826,PYGANKDGIIW,121,406.0
203,HLA-A68:01 ,5892.77,QII87826,GTSPARMAGNG,203,407.0
204,HLA-A68:01 ,5914.87,QII87826,TSPARMAGNGG,204,408.0
88,HLA-A68:01 ,5926.78,QII87826,RATRRIRGGDG,88,409.0
320,HLA-B40:01 ,34.42,QII87826,GMEVTPSGTWL,320,1.0
384,HLA-B40:01 ,8296.96,QII87826,RQKKQQTVTLL,384,2.0
29,HLA-B40:01 ,8379.65,QII87826,GERSGARSKQR,29,3.0
321,HLA-B40:01 ,10921.64,QII87826,MEVTPSGTWLT,321,4.0
229,HLA-B40:01 ,11225.16,QII87826,LESKMSGKGQQ,229,5.0
251,HLA-B40:01 ,11458.35,QII87826,AEASKKPRQKR,251,6.0
45,HLA-B40:01 ,11506.36,QII87826,PNNTASWFTAL,45,7.0
172,HLA-B40:01 ,11531.98,QII87826,AEGSRGGSQAS,172,8.0
292,HLA-B40:01 ,12132.94,QII87826,RQGTDYKHWPQ,292,9.0
281,HLA-B40:01 ,12308.63,QII87826,TQGNFGDQELI,281,10.0
213,HLA-B40:01 ,12853.86,QII87826,GGDAALALLLL,213,11.0
134,HLA-B40:01 ,13188.46,QII87826,TEGALNTPKDH,134,12.0
304,HLA-B40:01 ,13865.09,QII87826,AQFAPSASAFF,304,13.0
328,HLA-B40:01 ,14423.27,QII87826,TWLTYTGAIKL,328,14.0
407,HLA-B40:01 ,15034.92,QII87826,QQSMSSADSTQ,407,15.0
128,HLA-B40:01 ,17239.94,QII87826,GIIWVATEGAL,128,16.0
326,HLA-B40:01 ,18759.2,QII87826,SGTWLTYTGAI,326,17.0
106,HLA-B40:01 ,20722.3,QII87826,RWYFYYLGTGP,106,18.0
211,HLA-B40:01 ,21111.07,QII87826,GNGGDAALALL,211,19.0
387,HLA-B40:01 ,22243.12,QII87826,KQQTVTLLPAA,387,20.0
212,HLA-B40:01 ,24073.49,QII87826,NGGDAALALLL,212,21.0
293,HLA-B40:01 ,24231.1,QII87826,QGTDYKHWPQI,293,22.0
60,HLA-B40:01 ,24532.2,QII87826,KEDLKFPRGQG,60,23.0
56,HLA-B40:01 ,26189.48,QII87826,TQHGKEDLKFP,56,24.0
389,HLA-B40:01 ,26957.99,QII87826,QTVTLLPAADL,389,25.0
208,HLA-B40:01 ,27281.28,QII87826,RMAGNGGDAAL,208,26.0
210,HLA-B40:01 ,27362.99,QII87826,AGNGGDAALAL,210,27.0
388,HLA-B40:01 ,27526.36,QII87826,QQTVTLLPAAD,388,28.0
270,HLA-B40:01 ,27760.11,QII87826,TQAFGRRGPEQ,270,29.0
148,HLA-B40:01 ,28261.15,QII87826,RNPANNAAIVL,148,30.0
295,HLA-B40:01 ,29012.69,QII87826,TDYKHWPQIAQ,295,31.0
352,HLA-B40:01 ,29757.52,QII87826,LNKHIDAYKTF,352,32.0
122,HLA-B40:01 ,29890.94,QII87826,YGANKDGIIWV,122,33.0
242,HLA-B40:01 ,30075.48,QII87826,GQTVTKKSAAE,242,34.0
216,HLA-B40:01 ,30148.75,QII87826,AALALLLLDRL,216,35.0
48,HLA-B40:01 ,30411.28,QII87826,TASWFTALTQH,48,36.0
383,HLA-B40:01 ,30445.44,QII87826,QRQKKQQTVTL,383,37.0
288,HLA-B40:01 ,30542.79,QII87826,QELIRQGTDYK,288,38.0
59,HLA-B40:01 ,30682.63,QII87826,GKEDLKFPRGQ,59,39.0
371,HLA-B40:01 ,30757.09,QII87826,KKKKADETQAL,371,40.0
6,HLA-B40:01 ,30849.4,QII87826,QNQRNAPRITF,6,41.0
375,HLA-B40:01 ,30946.11,QII87826,ADETQALPQRQ,375,42.0
214,HLA-B40:01 ,31202.71,QII87826,GDAALALLLLD,214,43.0
102,HLA-B40:01 ,31470.17,QII87826,DLSPRWYFYYL,102,44.0
313,HLA-B40:01 ,31628.72,QII87826,FFGMSRIGMEV,313,45.0
152,HLA-B40:01 ,31653.97,QII87826,NNAAIVLQLPQ,152,46.0
150,HLA-B40:01 ,31669.46,QII87826,PANNAAIVLQL,150,47.0
199,HLA-B40:01 ,31669.51,QII87826,GSSRGTSPARM,199,48.0
306,HLA-B40:01 ,31900.61,QII87826,FAPSASAFFGM,306,49.0
115,HLA-B40:01 ,32051.36,QII87826,GPEAGLPYGAN,115,50.0
278,HLA-B40:01 ,32112.32,QII87826,PEQTQGNFGDQ,278,51.0
279,HLA-B40:01 ,32535.81,QII87826,EQTQGNFGDQE,279,52.0
17,HLA-B40:01 ,32635.04,QII87826,GGPSDSTGSNQ,17,53.0
283,HLA-B40:01 ,32712.64,QII87826,GNFGDQELIRQ,283,54.0
263,HLA-B40:01 ,33053.8,QII87826,ATKAYNVTQAF,263,55.0
396,HLA-B40:01 ,33083.12,QII87826,AADLDDFSKQL,396,56.0
110,HLA-B40:01 ,33145.51,QII87826,YYLGTGPEAGL,110,57.0
63,HLA-B40:01 ,33350.7,QII87826,LKFPRGQGVPI,63,58.0
93,HLA-B40:01 ,33579.67,QII87826,IRGGDGKMKDL,93,59.0
147,HLA-B40:01 ,33752.57,QII87826,TRNPANNAAIV,147,60.0
146,HLA-B40:01 ,33764.51,QII87826,GTRNPANNAAI,146,61.0
373,HLA-B40:01 ,33774.66,QII87826,KKADETQALPQ,373,62.0
156,HLA-B40:01 ,33817.1,QII87826,IVLQLPQGTTL,156,63.0
341,HLA-B40:01 ,33830.85,QII87826,KDPNFKDQVIL,341,64.0
53,HLA-B40:01 ,34018.34,QII87826,TALTQHGKEDL,53,65.0
28,HLA-B40:01 ,34115.49,QII87826,NGERSGARSKQ,28,66.0
68,HLA-B40:01 ,34146.08,QII87826,GQGVPINTNSS,68,67.0
261,HLA-B40:01 ,34209.18,QII87826,RTATKAYNVTQ,261,68.0
378,HLA-B40:01 ,34371.48,QII87826,TQALPQRQKKQ,378,69.0
158,HLA-B40:01 ,34382.22,QII87826,LQLPQGTTLPK,158,70.0
151,HLA-B40:01 ,34432.68,QII87826,ANNAAIVLQLP,151,71.0
294,HLA-B40:01 ,34470.7,QII87826,GTDYKHWPQIA,294,72.0
237,HLA-B40:01 ,34484.62,QII87826,GQQQQGQTVTK,237,73.0
114,HLA-B40:01 ,34489.32,QII87826,TGPEAGLPYGA,114,74.0
123,HLA-B40:01 ,34519.32,QII87826,GANKDGIIWVA,123,75.0
345,HLA-B40:01 ,34566.39,QII87826,FKDQVILLNKH,345,76.0
73,HLA-B40:01 ,34609.57,QII87826,INTNSSPDDQI,73,77.0
404,HLA-B40:01 ,34670.51,QII87826,KQLQQSMSSAD,404,78.0
235,HLA-B40:01 ,34678.59,QII87826,GKGQQQQGQTV,235,79.0
96,HLA-B40:01 ,34683.03,QII87826,GDGKMKDLSPR,96,80.0
129,HLA-B40:01 ,34725.47,QII87826,IIWVATEGALN,129,81.0
408,HLA-B40:01 ,34822.25,QII87826,QSMSSADSTQA,408,82.0
400,HLA-B40:01 ,34831.84,QII87826,DDFSKQLQQSM,400,83.0
365,HLA-B40:01 ,34838.04,QII87826,TEPKKDKKKKA,365,84.0
346,HLA-B40:01 ,34885.18,QII87826,KDQVILLNKHI,346,85.0
311,HLA-B40:01 ,34909.98,QII87826,SAFFGMSRIGM,311,86.0
142,HLA-B40:01 ,35036.8,QII87826,KDHIGTRNPAN,142,87.0
342,HLA-B40:01 ,35053.12,QII87826,DPNFKDQVILL,342,88.0
34,HLA-B40:01 ,35054.44,QII87826,ARSKQRRPQGL,34,89.0
116,HLA-B40:01 ,35078.76,QII87826,PEAGLPYGANK,116,90.0
280,HLA-B40:01 ,35092.41,QII87826,QTQGNFGDQEL,280,91.0
309,HLA-B40:01 ,35186.68,QII87826,SASAFFGMSRI,309,92.0
37,HLA-B40:01 ,35211.96,QII87826,KQRRPQGLPNN,37,93.0
103,HLA-B40:01 ,35311.78,QII87826,LSPRWYFYYLG,103,94.0
381,HLA-B40:01 ,35328.17,QII87826,LPQRQKKQQTV,381,95.0
84,HLA-B40:01 ,35330.41,QII87826,GYYRRATRRIR,84,96.0
149,HLA-B40:01 ,35547.67,QII87826,NPANNAAIVLQ,149,97.0
99,HLA-B40:01 ,35556.78,QII87826,KMKDLSPRWYF,99,98.0
133,HLA-B40:01 ,35560.95,QII87826,ATEGALNTPKD,133,99.0
296,HLA-B40:01 ,35561.4,QII87826,DYKHWPQIAQF,296,100.0
219,HLA-B40:01 ,35626.34,QII87826,ALLLLDRLNQL,219,101.0
7,HLA-B40:01 ,35649.21,QII87826,NQRNAPRITFG,7,102.0
354,HLA-B40:01 ,35722.98,QII87826,KHIDAYKTFPP,354,103.0
64,HLA-B40:01 ,35754.49,QII87826,KFPRGQGVPIN,64,104.0
258,HLA-B40:01 ,35778.56,QII87826,RQKRTATKAYN,258,105.0
386,HLA-B40:01 ,35794.27,QII87826,KKQQTVTLLPA,386,106.0
36,HLA-B40:01 ,35794.29,QII87826,SKQRRPQGLPN,36,107.0
124,HLA-B40:01 ,35799.11,QII87826,ANKDGIIWVAT,124,108.0
135,HLA-B40:01 ,35847.18,QII87826,EGALNTPKDHI,135,109.0
223,HLA-B40:01 ,35921.15,QII87826,LDRLNQLESKM,223,110.0
120,HLA-B40:01 ,35964.23,QII87826,LPYGANKDGII,120,111.0
90,HLA-B40:01 ,35981.55,QII87826,TRRIRGGDGKM,90,112.0
230,HLA-B40:01 ,35986.32,QII87826,ESKMSGKGQQQ,230,113.0
66,HLA-B40:01 ,35989.93,QII87826,PRGQGVPINTN,66,114.0
228,HLA-B40:01 ,36094.93,QII87826,QLESKMSGKGQ,228,115.0
406,HLA-B40:01 ,36127.05,QII87826,LQQSMSSADST,406,116.0
282,HLA-B40:01 ,36178.32,QII87826,QGNFGDQELIR,282,117.0
83,HLA-B40:01 ,36208.17,QII87826,IGYYRRATRRI,83,118.0
369,HLA-B40:01 ,36223.14,QII87826,KDKKKKADETQ,369,119.0
77,HLA-B40:01 ,36234.91,QII87826,SSPDDQIGYYR,77,120.0
42,HLA-B40:01 ,36240.1,QII87826,QGLPNNTASWF,42,121.0
188,HLA-B40:01 ,36277.2,QII87826,RSRNSSRNSTP,188,122.0
3,HLA-B40:01 ,36305.83,QII87826,NGPQNQRNAPR,3,123.0
125,HLA-B40:01 ,36328.91,QII87826,NKDGIIWVATE,125,124.0
272,HLA-B40:01 ,36332.58,QII87826,AFGRRGPEQTQ,272,125.0
347,HLA-B40:01 ,36472.51,QII87826,DQVILLNKHID,347,126.0
107,HLA-B40:01 ,36474.45,QII87826,WYFYYLGTGPE,107,127.0
316,HLA-B40:01 ,36485.63,QII87826,MSRIGMEVTPS,316,128.0
170,HLA-B40:01 ,36509.61,QII87826,FYAEGSRGGSQ,170,129.0
61,HLA-B40:01 ,36512.65,QII87826,EDLKFPRGQGV,61,130.0
310,HLA-B40:01 ,36523.93,QII87826,ASAFFGMSRIG,310,131.0
291,HLA-B40:01 ,36640.13,QII87826,IRQGTDYKHWP,291,132.0
259,HLA-B40:01 ,36651.85,QII87826,QKRTATKAYNV,259,133.0
131,HLA-B40:01 ,36669.72,QII87826,WVATEGALNTP,131,134.0
303,HLA-B40:01 ,36678.92,QII87826,IAQFAPSASAF,303,135.0
339,HLA-B40:01 ,36683.82,QII87826,DDKDPNFKDQV,339,136.0
275,HLA-B40:01 ,36728.82,QII87826,RRGPEQTQGNF,275,137.0
286,HLA-B40:01 ,36733.65,QII87826,GDQELIRQGTD,286,138.0
340,HLA-B40:01 ,36750.07,QII87826,DKDPNFKDQVI,340,139.0
374,HLA-B40:01 ,36751.07,QII87826,KADETQALPQR,374,140.0
202,HLA-B40:01 ,36753.27,QII87826,RGTSPARMAGN,202,141.0
372,HLA-B40:01 ,36760.74,QII87826,KKKADETQALP,372,142.0
227,HLA-B40:01 ,36864.61,QII87826,NQLESKMSGKG,227,143.0
277,HLA-B40:01 ,36897.5,QII87826,GPEQTQGNFGD,277,144.0
314,HLA-B40:01 ,36911.39,QII87826,FGMSRIGMEVT,314,145.0
338,HLA-B40:01 ,36914.14,QII87826,LDDKDPNFKDQ,338,146.0
196,HLA-B40:01 ,36948.58,QII87826,STPGSSRGTSP,196,147.0
376,HLA-B40:01 ,36975.11,QII87826,DETQALPQRQK,376,148.0
127,HLA-B40:01 ,36997.08,QII87826,DGIIWVATEGA,127,149.0
130,HLA-B40:01 ,37007.71,QII87826,IWVATEGALNT,130,150.0
397,HLA-B40:01 ,37012.97,QII87826,ADLDDFSKQLQ,397,151.0
334,HLA-B40:01 ,37031.7,QII87826,GAIKLDDKDPN,334,152.0
69,HLA-B40:01 ,37061.44,QII87826,QGVPINTNSSP,69,153.0
162,HLA-B40:01 ,37101.75,QII87826,QGTTLPKGFYA,162,154.0
276,HLA-B40:01 ,37117.54,QII87826,RGPEQTQGNFG,276,155.0
343,HLA-B40:01 ,37118.34,QII87826,PNFKDQVILLN,343,156.0
299,HLA-B40:01 ,37152.71,QII87826,HWPQIAQFAPS,299,157.0
319,HLA-B40:01 ,37170.5,QII87826,IGMEVTPSGTW,319,158.0
9,HLA-B40:01 ,37170.66,QII87826,RNAPRITFGGP,9,159.0
160,HLA-B40:01 ,37195.85,QII87826,LPQGTTLPKGF,160,160.0
0,HLA-B40:01 ,37210.63,QII87826,MSDNGPQNQRN,0,161.0
47,HLA-B40:01 ,37213.82,QII87826,NTASWFTALTQ,47,162.0
233,HLA-B40:01 ,37267.2,QII87826,MSGKGQQQQGQ,233,163.0
108,HLA-B40:01 ,37285.64,QII87826,YFYYLGTGPEA,108,164.0
289,HLA-B40:01 ,37303.39,QII87826,ELIRQGTDYKH,289,165.0
209,HLA-B40:01 ,37324.84,QII87826,MAGNGGDAALA,209,166.0
249,HLA-B40:01 ,37348.96,QII87826,SAAEASKKPRQ,249,167.0
395,HLA-B40:01 ,37352.66,QII87826,PAADLDDFSKQ,395,168.0
16,HLA-B40:01 ,37387.97,QII87826,FGGPSDSTGSN,16,169.0
62,HLA-B40:01 ,37420.16,QII87826,DLKFPRGQGVP,62,170.0
231,HLA-B40:01 ,37432.86,QII87826,SKMSGKGQQQQ,231,171.0
141,HLA-B40:01 ,37487.11,QII87826,PKDHIGTRNPA,141,172.0
171,HLA-B40:01 ,37500.06,QII87826,YAEGSRGGSQA,171,173.0
145,HLA-B40:01 ,37514.93,QII87826,IGTRNPANNAA,145,174.0
287,HLA-B40:01 ,37578.64,QII87826,DQELIRQGTDY,287,175.0
126,HLA-B40:01 ,37636.51,QII87826,KDGIIWVATEG,126,176.0
32,HLA-B40:01 ,37645.13,QII87826,SGARSKQRRPQ,32,177.0
179,HLA-B40:01 ,37675.57,QII87826,SQASSRSSSRS,179,178.0
217,HLA-B40:01 ,37788.19,QII87826,ALALLLLDRLN,217,179.0
356,HLA-B40:01 ,37798.09,QII87826,IDAYKTFPPTE,356,180.0
198,HLA-B40:01 ,37802.6,QII87826,PGSSRGTSPAR,198,181.0
327,HLA-B40:01 ,37829.52,QII87826,GTWLTYTGAIK,327,182.0
398,HLA-B40:01 ,37838.22,QII87826,DLDDFSKQLQQ,398,183.0
78,HLA-B40:01 ,37849.43,QII87826,SPDDQIGYYRR,78,184.0
215,HLA-B40:01 ,37852.47,QII87826,DAALALLLLDR,215,185.0
181,HLA-B40:01 ,37871.76,QII87826,ASSRSSSRSRN,181,186.0
4,HLA-B40:01 ,37875.91,QII87826,GPQNQRNAPRI,4,187.0
297,HLA-B40:01 ,37904.28,QII87826,YKHWPQIAQFA,297,188.0
49,HLA-B40:01 ,37934.24,QII87826,ASWFTALTQHG,49,189.0
39,HLA-B40:01 ,37955.73,QII87826,RRPQGLPNNTA,39,190.0
284,HLA-B40:01 ,37959.55,QII87826,NFGDQELIRQG,284,191.0
109,HLA-B40:01 ,37988.75,QII87826,FYYLGTGPEAG,109,192.0
248,HLA-B40:01 ,38026.63,QII87826,KSAAEASKKPR,248,193.0
325,HLA-B40:01 ,38034.13,QII87826,PSGTWLTYTGA,325,194.0
136,HLA-B40:01 ,38034.47,QII87826,GALNTPKDHIG,136,195.0
105,HLA-B40:01 ,38046.06,QII87826,PRWYFYYLGTG,105,196.0
139,HLA-B40:01 ,38046.08,QII87826,NTPKDHIGTRN,139,197.0
57,HLA-B40:01 ,38047.86,QII87826,QHGKEDLKFPR,57,198.0
31,HLA-B40:01 ,38075.81,QII87826,RSGARSKQRRP,31,199.0
81,HLA-B40:01 ,38081.84,QII87826,DQIGYYRRATR,81,200.0
163,HLA-B40:01 ,38082.32,QII87826,GTTLPKGFYAE,163,201.0
82,HLA-B40:01 ,38086.95,QII87826,QIGYYRRATRR,82,202.0
138,HLA-B40:01 ,38101.01,QII87826,LNTPKDHIGTR,138,203.0
379,HLA-B40:01 ,38118.58,QII87826,QALPQRQKKQQ,379,204.0
385,HLA-B40:01 ,38128.91,QII87826,QKKQQTVTLLP,385,205.0
262,HLA-B40:01 ,38129.1,QII87826,TATKAYNVTQA,262,206.0
18,HLA-B40:01 ,38133.16,QII87826,GPSDSTGSNQN,18,207.0
298,HLA-B40:01 ,38152.84,QII87826,KHWPQIAQFAP,298,208.0
185,HLA-B40:01 ,38180.17,QII87826,SSSRSRNSSRN,185,209.0
44,HLA-B40:01 ,38186.42,QII87826,LPNNTASWFTA,44,210.0
206,HLA-B40:01 ,38190.82,QII87826,PARMAGNGGDA,206,211.0
333,HLA-B40:01 ,38221.54,QII87826,TGAIKLDDKDP,333,212.0
390,HLA-B40:01 ,38225.23,QII87826,TVTLLPAADLD,390,213.0
315,HLA-B40:01 ,38235.75,QII87826,GMSRIGMEVTP,315,214.0
353,HLA-B40:01 ,38265.72,QII87826,NKHIDAYKTFP,353,215.0
329,HLA-B40:01 ,38273.16,QII87826,WLTYTGAIKLD,329,216.0
238,HLA-B40:01 ,38294.34,QII87826,QQQQGQTVTKK,238,217.0
266,HLA-B40:01 ,38296.61,QII87826,AYNVTQAFGRR,266,218.0
241,HLA-B40:01 ,38310.95,QII87826,QGQTVTKKSAA,241,219.0
399,HLA-B40:01 ,38326.36,QII87826,LDDFSKQLQQS,399,220.0
308,HLA-B40:01 ,38398.25,QII87826,PSASAFFGMSR,308,221.0
218,HLA-B40:01 ,38436.51,QII87826,LALLLLDRLNQ,218,222.0
192,HLA-B40:01 ,38448.08,QII87826,SSRNSTPGSSR,192,223.0
201,HLA-B40:01 ,38458.94,QII87826,SRGTSPARMAG,201,224.0
132,HLA-B40:01 ,38462.62,QII87826,VATEGALNTPK,132,225.0
207,HLA-B40:01 ,38465.37,QII87826,ARMAGNGGDAA,207,226.0
239,HLA-B40:01 ,38474.7,QII87826,QQQGQTVTKKS,239,227.0
30,HLA-B40:01 ,38478.7,QII87826,ERSGARSKQRR,30,228.0
240,HLA-B40:01 ,38479.34,QII87826,QQGQTVTKKSA,240,229.0
166,HLA-B40:01 ,38480.37,QII87826,LPKGFYAEGSR,166,230.0
50,HLA-B40:01 ,38497.83,QII87826,SWFTALTQHGK,50,231.0
264,HLA-B40:01 ,38505.3,QII87826,TKAYNVTQAFG,264,232.0
117,HLA-B40:01 ,38524.66,QII87826,EAGLPYGANKD,117,233.0
260,HLA-B40:01 ,38540.62,QII87826,KRTATKAYNVT,260,234.0
67,HLA-B40:01 ,38542.07,QII87826,RGQGVPINTNS,67,235.0
119,HLA-B40:01 ,38558.61,QII87826,GLPYGANKDGI,119,236.0
273,HLA-B40:01 ,38567.85,QII87826,FGRRGPEQTQG,273,237.0
247,HLA-B40:01 ,38569.49,QII87826,KKSAAEASKKP,247,238.0
143,HLA-B40:01 ,38570.72,QII87826,DHIGTRNPANN,143,239.0
274,HLA-B40:01 ,38604.11,QII87826,GRRGPEQTQGN,274,240.0
330,HLA-B40:01 ,38611.59,QII87826,LTYTGAIKLDD,330,241.0
344,HLA-B40:01 ,38616.82,QII87826,NFKDQVILLNK,344,242.0
335,HLA-B40:01 ,38622.62,QII87826,AIKLDDKDPNF,335,243.0
95,HLA-B40:01 ,38627.37,QII87826,GGDGKMKDLSP,95,244.0
35,HLA-B40:01 ,38627.42,QII87826,RSKQRRPQGLP,35,245.0
348,HLA-B40:01 ,38628.88,QII87826,QVILLNKHIDA,348,246.0
269,HLA-B40:01 ,38642.02,QII87826,VTQAFGRRGPE,269,247.0
55,HLA-B40:01 ,38667.35,QII87826,LTQHGKEDLKF,55,248.0
357,HLA-B40:01 ,38674.16,QII87826,DAYKTFPPTEP,357,249.0
20,HLA-B40:01 ,38682.62,QII87826,SDSTGSNQNGE,20,250.0
25,HLA-B40:01 ,38689.04,QII87826,SNQNGERSGAR,25,251.0
79,HLA-B40:01 ,38705.12,QII87826,PDDQIGYYRRA,79,252.0
51,HLA-B40:01 ,38741.99,QII87826,WFTALTQHGKE,51,253.0
26,HLA-B40:01 ,38743.65,QII87826,NQNGERSGARS,26,254.0
250,HLA-B40:01 ,38752.41,QII87826,AAEASKKPRQK,250,255.0
189,HLA-B40:01 ,38754.45,QII87826,SRNSSRNSTPG,189,256.0
268,HLA-B40:01 ,38757.68,QII87826,NVTQAFGRRGP,268,257.0
360,HLA-B40:01 ,38777.54,QII87826,KTFPPTEPKKD,360,258.0
265,HLA-B40:01 ,38789.55,QII87826,KAYNVTQAFGR,265,259.0
21,HLA-B40:01 ,38789.64,QII87826,DSTGSNQNGER,21,260.0
178,HLA-B40:01 ,38793.25,QII87826,GSQASSRSSSR,178,261.0
332,HLA-B40:01 ,38798.34,QII87826,YTGAIKLDDKD,332,262.0
2,HLA-B40:01 ,38814.74,QII87826,DNGPQNQRNAP,2,263.0
140,HLA-B40:01 ,38815.01,QII87826,TPKDHIGTRNP,140,264.0
112,HLA-B40:01 ,38822.45,QII87826,LGTGPEAGLPY,112,265.0
153,HLA-B40:01 ,38827.05,QII87826,NAAIVLQLPQG,153,266.0
302,HLA-B40:01 ,38830.78,QII87826,QIAQFAPSASA,302,267.0
305,HLA-B40:01 ,38840.14,QII87826,QFAPSASAFFG,305,268.0
174,HLA-B40:01 ,38844.5,QII87826,GSRGGSQASSR,174,269.0
92,HLA-B40:01 ,38876.04,QII87826,RIRGGDGKMKD,92,270.0
317,HLA-B40:01 ,38882.26,QII87826,SRIGMEVTPSG,317,271.0
52,HLA-B40:01 ,38915.68,QII87826,FTALTQHGKED,52,272.0
14,HLA-B40:01 ,38917.06,QII87826,ITFGGPSDSTG,14,273.0
46,HLA-B40:01 ,38948.8,QII87826,NNTASWFTALT,46,274.0
300,HLA-B40:01 ,38958.0,QII87826,WPQIAQFAPSA,300,275.0
200,HLA-B40:01 ,38978.87,QII87826,SSRGTSPARMA,200,276.0
403,HLA-B40:01 ,38984.35,QII87826,SKQLQQSMSSA,403,277.0
205,HLA-B40:01 ,38991.55,QII87826,SPARMAGNGGD,205,278.0
94,HLA-B40:01 ,38998.03,QII87826,RGGDGKMKDLS,94,279.0
402,HLA-B40:01 ,38999.38,QII87826,FSKQLQQSMSS,402,280.0
72,HLA-B40:01 ,39016.73,QII87826,PINTNSSPDDQ,72,281.0
267,HLA-B40:01 ,39023.3,QII87826,YNVTQAFGRRG,267,282.0
180,HLA-B40:01 ,39024.3,QII87826,QASSRSSSRSR,180,283.0
74,HLA-B40:01 ,39040.01,QII87826,NTNSSPDDQIG,74,284.0
184,HLA-B40:01 ,39066.92,QII87826,RSSSRSRNSSR,184,285.0
164,HLA-B40:01 ,39071.08,QII87826,TTLPKGFYAEG,164,286.0
220,HLA-B40:01 ,39078.61,QII87826,LLLLDRLNQLE,220,287.0
23,HLA-B40:01 ,39079.0,QII87826,TGSNQNGERSG,23,288.0
324,HLA-B40:01 ,39079.87,QII87826,TPSGTWLTYTG,324,289.0
243,HLA-B40:01 ,39093.33,QII87826,QTVTKKSAAEA,243,290.0
392,HLA-B40:01 ,39103.64,QII87826,TLLPAADLDDF,392,291.0
197,HLA-B40:01 ,39107.48,QII87826,TPGSSRGTSPA,197,292.0
377,HLA-B40:01 ,39111.89,QII87826,ETQALPQRQKK,377,293.0
367,HLA-B40:01 ,39112.2,QII87826,PKKDKKKKADE,367,294.0
104,HLA-B40:01 ,39117.44,QII87826,SPRWYFYYLGT,104,295.0
312,HLA-B40:01 ,39130.11,QII87826,AFFGMSRIGME,312,296.0
118,HLA-B40:01 ,39156.19,QII87826,AGLPYGANKDG,118,297.0
19,HLA-B40:01 ,39157.09,QII87826,PSDSTGSNQNG,19,298.0
301,HLA-B40:01 ,39157.45,QII87826,PQIAQFAPSAS,301,299.0
361,HLA-B40:01 ,39184.69,QII87826,TFPPTEPKKDK,361,300.0
87,HLA-B40:01 ,39185.5,QII87826,RRATRRIRGGD,87,301.0
204,HLA-B40:01 ,39187.24,QII87826,TSPARMAGNGG,204,302.0
177,HLA-B40:01 ,39197.84,QII87826,GGSQASSRSSS,177,303.0
168,HLA-B40:01 ,39205.9,QII87826,KGFYAEGSRGG,168,304.0
85,HLA-B40:01 ,39214.5,QII87826,YYRRATRRIRG,85,305.0
203,HLA-B40:01 ,39214.91,QII87826,GTSPARMAGNG,203,306.0
88,HLA-B40:01 ,39218.49,QII87826,RATRRIRGGDG,88,307.0
33,HLA-B40:01 ,39260.57,QII87826,GARSKQRRPQG,33,308.0
1,HLA-B40:01 ,39261.78,QII87826,SDNGPQNQRNA,1,309.0
70,HLA-B40:01 ,39265.52,QII87826,GVPINTNSSPD,70,310.0
391,HLA-B40:01 ,39267.03,QII87826,VTLLPAADLDD,391,311.0
5,HLA-B40:01 ,39281.17,QII87826,PQNQRNAPRIT,5,312.0
337,HLA-B40:01 ,39289.15,QII87826,KLDDKDPNFKD,337,313.0
80,HLA-B40:01 ,39299.67,QII87826,DDQIGYYRRAT,80,314.0
11,HLA-B40:01 ,39300.49,QII87826,APRITFGGPSD,11,315.0
24,HLA-B40:01 ,39313.51,QII87826,GSNQNGERSGA,24,316.0
331,HLA-B40:01 ,39315.96,QII87826,TYTGAIKLDDK,331,317.0
71,HLA-B40:01 ,39321.62,QII87826,VPINTNSSPDD,71,318.0
169,HLA-B40:01 ,39344.81,QII87826,GFYAEGSRGGS,169,319.0
175,HLA-B40:01 ,39358.48,QII87826,SRGGSQASSRS,175,320.0
366,HLA-B40:01 ,39360.66,QII87826,EPKKDKKKKAD,366,321.0
161,HLA-B40:01 ,39373.46,QII87826,PQGTTLPKGFY,161,322.0
111,HLA-B40:01 ,39380.66,QII87826,YLGTGPEAGLP,111,323.0
176,HLA-B40:01 ,39387.06,QII87826,RGGSQASSRSS,176,324.0
12,HLA-B40:01 ,39387.19,QII87826,PRITFGGPSDS,12,325.0
359,HLA-B40:01 ,39414.48,QII87826,YKTFPPTEPKK,359,326.0
285,HLA-B40:01 ,39417.8,QII87826,FGDQELIRQGT,285,327.0
10,HLA-B40:01 ,39419.32,QII87826,NAPRITFGGPS,10,328.0
401,HLA-B40:01 ,39428.16,QII87826,DFSKQLQQSMS,401,329.0
232,HLA-B40:01 ,39439.14,QII87826,KMSGKGQQQQG,232,330.0
182,HLA-B40:01 ,39463.56,QII87826,SSRSSSRSRNS,182,331.0
101,HLA-B40:01 ,39471.8,QII87826,KDLSPRWYFYY,101,332.0
236,HLA-B40:01 ,39472.42,QII87826,KGQQQQGQTVT,236,333.0
358,HLA-B40:01 ,39473.65,QII87826,AYKTFPPTEPK,358,334.0
244,HLA-B40:01 ,39496.02,QII87826,TVTKKSAAEAS,244,335.0
257,HLA-B40:01 ,39497.57,QII87826,PRQKRTATKAY,257,336.0
27,HLA-B40:01 ,39506.39,QII87826,QNGERSGARSK,27,337.0
221,HLA-B40:01 ,39513.7,QII87826,LLLDRLNQLES,221,338.0
100,HLA-B40:01 ,39519.95,QII87826,MKDLSPRWYFY,100,339.0
58,HLA-B40:01 ,39528.65,QII87826,HGKEDLKFPRG,58,340.0
167,HLA-B40:01 ,39539.11,QII87826,PKGFYAEGSRG,167,341.0
113,HLA-B40:01 ,39540.56,QII87826,GTGPEAGLPYG,113,342.0
154,HLA-B40:01 ,39541.15,QII87826,AAIVLQLPQGT,154,343.0
253,HLA-B40:01 ,39542.38,QII87826,ASKKPRQKRTA,253,344.0
225,HLA-B40:01 ,39543.59,QII87826,RLNQLESKMSG,225,345.0
246,HLA-B40:01 ,39547.08,QII87826,TKKSAAEASKK,246,346.0
195,HLA-B40:01 ,39552.4,QII87826,NSTPGSSRGTS,195,347.0
370,HLA-B40:01 ,39560.61,QII87826,DKKKKADETQA,370,348.0
405,HLA-B40:01 ,39564.46,QII87826,QLQQSMSSADS,405,349.0
8,HLA-B40:01 ,39566.33,QII87826,QRNAPRITFGG,8,350.0
322,HLA-B40:01 ,39568.25,QII87826,EVTPSGTWLTY,322,351.0
40,HLA-B40:01 ,39581.7,QII87826,RPQGLPNNTAS,40,352.0
86,HLA-B40:01 ,39597.09,QII87826,YRRATRRIRGG,86,353.0
382,HLA-B40:01 ,39603.14,QII87826,PQRQKKQQTVT,382,354.0
186,HLA-B40:01 ,39603.29,QII87826,SSRSRNSSRNS,186,355.0
144,HLA-B40:01 ,39605.0,QII87826,HIGTRNPANNA,144,356.0
256,HLA-B40:01 ,39615.71,QII87826,KPRQKRTATKA,256,357.0
15,HLA-B40:01 ,39618.51,QII87826,TFGGPSDSTGS,15,358.0
98,HLA-B40:01 ,39619.41,QII87826,GKMKDLSPRWY,98,359.0
76,HLA-B40:01 ,39621.06,QII87826,NSSPDDQIGYY,76,360.0
234,HLA-B40:01 ,39645.24,QII87826,SGKGQQQQGQT,234,361.0
91,HLA-B40:01 ,39646.13,QII87826,RRIRGGDGKMK,91,362.0
307,HLA-B40:01 ,39663.35,QII87826,APSASAFFGMS,307,363.0
173,HLA-B40:01 ,39668.1,QII87826,EGSRGGSQASS,173,364.0
364,HLA-B40:01 ,39673.29,QII87826,PTEPKKDKKKK,364,365.0
318,HLA-B40:01 ,39674.22,QII87826,RIGMEVTPSGT,318,366.0
38,HLA-B40:01 ,39674.63,QII87826,QRRPQGLPNNT,38,367.0
355,HLA-B40:01 ,39677.68,QII87826,HIDAYKTFPPT,355,368.0
193,HLA-B40:01 ,39686.13,QII87826,SRNSTPGSSRG,193,369.0
363,HLA-B40:01 ,39699.18,QII87826,PPTEPKKDKKK,363,370.0
155,HLA-B40:01 ,39715.67,QII87826,AIVLQLPQGTT,155,371.0
183,HLA-B40:01 ,39717.39,QII87826,SRSSSRSRNSS,183,372.0
362,HLA-B40:01 ,39717.65,QII87826,FPPTEPKKDKK,362,373.0
157,HLA-B40:01 ,39737.65,QII87826,VLQLPQGTTLP,157,374.0
121,HLA-B40:01 ,39738.11,QII87826,PYGANKDGIIW,121,375.0
245,HLA-B40:01 ,39755.59,QII87826,VTKKSAAEASK,245,376.0
187,HLA-B40:01 ,39761.88,QII87826,SRSRNSSRNST,187,377.0
224,HLA-B40:01 ,39763.22,QII87826,DRLNQLESKMS,224,378.0
165,HLA-B40:01 ,39775.7,QII87826,TLPKGFYAEGS,165,379.0
75,HLA-B40:01 ,39808.08,QII87826,TNSSPDDQIGY,75,380.0
394,HLA-B40:01 ,39808.52,QII87826,LPAADLDDFSK,394,381.0
65,HLA-B40:01 ,39813.02,QII87826,FPRGQGVPINT,65,382.0
255,HLA-B40:01 ,39814.17,QII87826,KKPRQKRTATK,255,383.0
191,HLA-B40:01 ,39816.8,QII87826,NSSRNSTPGSS,191,384.0
226,HLA-B40:01 ,39838.1,QII87826,LNQLESKMSGK,226,385.0
271,HLA-B40:01 ,39841.9,QII87826,QAFGRRGPEQT,271,386.0
22,HLA-B40:01 ,39845.08,QII87826,STGSNQNGERS,22,387.0
190,HLA-B40:01 ,39855.03,QII87826,RNSSRNSTPGS,190,388.0
393,HLA-B40:01 ,39859.72,QII87826,LLPAADLDDFS,393,389.0
290,HLA-B40:01 ,39873.72,QII87826,LIRQGTDYKHW,290,390.0
222,HLA-B40:01 ,39886.45,QII87826,LLDRLNQLESK,222,391.0
349,HLA-B40:01 ,39889.48,QII87826,VILLNKHIDAY,349,392.0
336,HLA-B40:01 ,39908.12,QII87826,IKLDDKDPNFK,336,393.0
89,HLA-B40:01 ,39926.81,QII87826,ATRRIRGGDGK,89,394.0
54,HLA-B40:01 ,39928.29,QII87826,ALTQHGKEDLK,54,395.0
380,HLA-B40:01 ,39940.06,QII87826,ALPQRQKKQQT,380,396.0
13,HLA-B40:01 ,39940.85,QII87826,RITFGGPSDST,13,397.0
194,HLA-B40:01 ,39954.8,QII87826,RNSTPGSSRGT,194,398.0
254,HLA-B40:01 ,39966.58,QII87826,SKKPRQKRTAT,254,399.0
159,HLA-B40:01 ,40012.84,QII87826,QLPQGTTLPKG,159,400.0
323,HLA-B40:01 ,40017.87,QII87826,VTPSGTWLTYT,323,401.0
350,HLA-B40:01 ,40048.59,QII87826,ILLNKHIDAYK,350,402.0
41,HLA-B40:01 ,40067.96,QII87826,PQGLPNNTASW,41,403.0
97,HLA-B40:01 ,40105.93,QII87826,DGKMKDLSPRW,97,404.0
252,HLA-B40:01 ,40176.83,QII87826,EASKKPRQKRT,252,405.0
368,HLA-B40:01 ,40194.58,QII87826,KKDKKKKADET,368,406.0
43,HLA-B40:01 ,40207.09,QII87826,GLPNNTASWFT,43,407.0
351,HLA-B40:01 ,40250.65,QII87826,LLNKHIDAYKT,351,408.0
137,HLA-B40:01 ,40392.84,QII87826,ALNTPKDHIGT,137,409.0
288,HLA-B44:02 ,4560.57,QII87826,QELIRQGTDYK,288,1.0
251,HLA-B44:02 ,4695.28,QII87826,AEASKKPRQKR,251,2.0
321,HLA-B44:02 ,4754.82,QII87826,MEVTPSGTWLT,321,3.0
172,HLA-B44:02 ,4789.38,QII87826,AEGSRGGSQAS,172,4.0
134,HLA-B44:02 ,4832.29,QII87826,TEGALNTPKDH,134,5.0
97,HLA-B44:02 ,4880.59,QII87826,DGKMKDLSPRW,97,6.0
319,HLA-B44:02 ,4885.52,QII87826,IGMEVTPSGTW,319,7.0
121,HLA-B44:02 ,4887.92,QII87826,PYGANKDGIIW,121,8.0
376,HLA-B44:02 ,4901.46,QII87826,DETQALPQRQK,376,9.0
41,HLA-B44:02 ,4907.34,QII87826,PQGLPNNTASW,41,10.0
290,HLA-B44:02 ,4915.63,QII87826,LIRQGTDYKHW,290,11.0
1,HLA-B44:02 ,4932.33,QII87826,SDNGPQNQRNA,1,12.0
29,HLA-B44:02 ,4937.63,QII87826,GERSGARSKQR,29,13.0
346,HLA-B44:02 ,4939.48,QII87826,KDQVILLNKHI,346,14.0
151,HLA-B44:02 ,4941.35,QII87826,ANNAAIVLQLP,151,15.0
140,HLA-B44:02 ,4941.93,QII87826,TPKDHIGTRNP,140,16.0
69,HLA-B44:02 ,4941.95,QII87826,QGVPINTNSSP,69,17.0
385,HLA-B44:02 ,4942.09,QII87826,QKKQQTVTLLP,385,18.0
372,HLA-B44:02 ,4942.15,QII87826,KKKADETQALP,372,19.0
9,HLA-B44:02 ,4942.18,QII87826,RNAPRITFGGP,9,20.0
291,HLA-B44:02 ,4942.27,QII87826,IRQGTDYKHWP,291,21.0
357,HLA-B44:02 ,4942.33,QII87826,DAYKTFPPTEP,357,22.0
247,HLA-B44:02 ,4942.75,QII87826,KKSAAEASKKP,247,23.0
111,HLA-B44:02 ,4942.77,QII87826,YLGTGPEAGLP,111,24.0
196,HLA-B44:02 ,4942.82,QII87826,STPGSSRGTSP,196,25.0
35,HLA-B44:02 ,4943.22,QII87826,RSKQRRPQGLP,35,26.0
131,HLA-B44:02 ,4943.27,QII87826,WVATEGALNTP,131,27.0
95,HLA-B44:02 ,4943.41,QII87826,GGDGKMKDLSP,95,28.0
157,HLA-B44:02 ,4943.51,QII87826,VLQLPQGTTLP,157,29.0
2,HLA-B44:02 ,4943.61,QII87826,DNGPQNQRNAP,2,30.0
188,HLA-B44:02 ,4943.65,QII87826,RSRNSSRNSTP,188,31.0
315,HLA-B44:02 ,4943.82,QII87826,GMSRIGMEVTP,315,32.0
298,HLA-B44:02 ,4944.61,QII87826,KHWPQIAQFAP,298,33.0
268,HLA-B44:02 ,4945.0,QII87826,NVTQAFGRRGP,268,34.0
62,HLA-B44:02 ,4945.16,QII87826,DLKFPRGQGVP,62,35.0
341,HLA-B44:02 ,4945.27,QII87826,KDPNFKDQVIL,341,36.0
106,HLA-B44:02 ,4945.38,QII87826,RWYFYYLGTGP,106,37.0
354,HLA-B44:02 ,4945.58,QII87826,KHIDAYKTFPP,354,38.0
31,HLA-B44:02 ,4946.78,QII87826,RSGARSKQRRP,31,39.0
353,HLA-B44:02 ,4946.87,QII87826,NKHIDAYKTFP,353,40.0
56,HLA-B44:02 ,4947.09,QII87826,TQHGKEDLKFP,56,41.0
333,HLA-B44:02 ,4947.12,QII87826,TGAIKLDDKDP,333,42.0
60,HLA-B44:02 ,4948.87,QII87826,KEDLKFPRGQG,60,43.0
142,HLA-B44:02 ,4957.24,QII87826,KDHIGTRNPAN,142,44.0
126,HLA-B44:02 ,4958.59,QII87826,KDGIIWVATEG,126,45.0
320,HLA-B44:02 ,4960.05,QII87826,GMEVTPSGTWL,320,46.0
384,HLA-B44:02 ,4960.52,QII87826,RQKKQQTVTLL,384,47.0
211,HLA-B44:02 ,4961.04,QII87826,GNGGDAALALL,211,48.0
212,HLA-B44:02 ,4961.11,QII87826,NGGDAALALLL,212,49.0
383,HLA-B44:02 ,4961.12,QII87826,QRQKKQQTVTL,383,50.0
148,HLA-B44:02 ,4961.42,QII87826,RNPANNAAIVL,148,51.0
342,HLA-B44:02 ,4962.01,QII87826,DPNFKDQVILL,342,52.0
396,HLA-B44:02 ,4962.11,QII87826,AADLDDFSKQL,396,53.0
213,HLA-B44:02 ,4962.29,QII87826,GGDAALALLLL,213,54.0
150,HLA-B44:02 ,4962.45,QII87826,PANNAAIVLQL,150,55.0
45,HLA-B44:02 ,4962.75,QII87826,PNNTASWFTAL,45,56.0
219,HLA-B44:02 ,4962.88,QII87826,ALLLLDRLNQL,219,57.0
328,HLA-B44:02 ,4963.54,QII87826,TWLTYTGAIKL,328,58.0
280,HLA-B44:02 ,4963.81,QII87826,QTQGNFGDQEL,280,59.0
216,HLA-B44:02 ,4963.9,QII87826,AALALLLLDRL,216,60.0
156,HLA-B44:02 ,4964.0,QII87826,IVLQLPQGTTL,156,61.0
210,HLA-B44:02 ,4965.03,QII87826,AGNGGDAALAL,210,62.0
365,HLA-B44:02 ,4965.6,QII87826,TEPKKDKKKKA,365,63.0
128,HLA-B44:02 ,4965.61,QII87826,GIIWVATEGAL,128,64.0
102,HLA-B44:02 ,4965.63,QII87826,DLSPRWYFYYL,102,65.0
356,HLA-B44:02 ,4965.71,QII87826,IDAYKTFPPTE,356,66.0
371,HLA-B44:02 ,4965.83,QII87826,KKKKADETQAL,371,67.0
208,HLA-B44:02 ,4965.84,QII87826,RMAGNGGDAAL,208,68.0
389,HLA-B44:02 ,4965.89,QII87826,QTVTLLPAADL,389,69.0
223,HLA-B44:02 ,4965.96,QII87826,LDRLNQLESKM,223,70.0
53,HLA-B44:02 ,4966.22,QII87826,TALTQHGKEDL,53,71.0
110,HLA-B44:02 ,4966.72,QII87826,YYLGTGPEAGL,110,72.0
34,HLA-B44:02 ,4967.02,QII87826,ARSKQRRPQGL,34,73.0
93,HLA-B44:02 ,4967.21,QII87826,IRGGDGKMKDL,93,74.0
400,HLA-B44:02 ,4967.27,QII87826,DDFSKQLQQSM,400,75.0
63,HLA-B44:02 ,4967.72,QII87826,LKFPRGQGVPI,63,76.0
120,HLA-B44:02 ,4967.98,QII87826,LPYGANKDGII,120,77.0
73,HLA-B44:02 ,4968.38,QII87826,INTNSSPDDQI,73,78.0
281,HLA-B44:02 ,4968.59,QII87826,TQGNFGDQELI,281,79.0
146,HLA-B44:02 ,4968.69,QII87826,GTRNPANNAAI,146,80.0
326,HLA-B44:02 ,4968.7,QII87826,SGTWLTYTGAI,326,81.0
125,HLA-B44:02 ,4969.08,QII87826,NKDGIIWVATE,125,82.0
340,HLA-B44:02 ,4969.14,QII87826,DKDPNFKDQVI,340,83.0
135,HLA-B44:02 ,4969.34,QII87826,EGALNTPKDHI,135,84.0
293,HLA-B44:02 ,4969.41,QII87826,QGTDYKHWPQI,293,85.0
309,HLA-B44:02 ,4969.46,QII87826,SASAFFGMSRI,309,86.0
6,HLA-B44:02 ,4969.47,QII87826,QNQRNAPRITF,6,87.0
20,HLA-B44:02 ,4970.21,QII87826,SDSTGSNQNGE,20,88.0
119,HLA-B44:02 ,4970.39,QII87826,GLPYGANKDGI,119,89.0
4,HLA-B44:02 ,4970.91,QII87826,GPQNQRNAPRI,4,90.0
112,HLA-B44:02 ,4971.21,QII87826,LGTGPEAGLPY,112,91.0
322,HLA-B44:02 ,4971.38,QII87826,EVTPSGTWLTY,322,92.0
107,HLA-B44:02 ,4971.58,QII87826,WYFYYLGTGPE,107,93.0
180,HLA-B44:02 ,4971.74,QII87826,QASSRSSSRSR,180,94.0
178,HLA-B44:02 ,4971.93,QII87826,GSQASSRSSSR,178,95.0
269,HLA-B44:02 ,4972.29,QII87826,VTQAFGRRGPE,269,96.0
312,HLA-B44:02 ,4972.3,QII87826,AFFGMSRIGME,312,97.0
90,HLA-B44:02 ,4972.55,QII87826,TRRIRGGDGKM,90,98.0
83,HLA-B44:02 ,4972.6,QII87826,IGYYRRATRRI,83,99.0
220,HLA-B44:02 ,4972.73,QII87826,LLLLDRLNQLE,220,100.0
257,HLA-B44:02 ,4972.94,QII87826,PRQKRTATKAY,257,101.0
279,HLA-B44:02 ,4972.96,QII87826,EQTQGNFGDQE,279,102.0
367,HLA-B44:02 ,4973.01,QII87826,PKKDKKKKADE,367,103.0
304,HLA-B44:02 ,4973.5,QII87826,AQFAPSASAFF,304,104.0
311,HLA-B44:02 ,4973.6,QII87826,SAFFGMSRIGM,311,105.0
199,HLA-B44:02 ,4973.75,QII87826,GSSRGTSPARM,199,106.0
100,HLA-B44:02 ,4973.85,QII87826,MKDLSPRWYFY,100,107.0
123,HLA-B44:02 ,4973.99,QII87826,GANKDGIIWVA,123,108.0
184,HLA-B44:02 ,4974.28,QII87826,RSSSRSRNSSR,184,109.0
174,HLA-B44:02 ,4974.32,QII87826,GSRGGSQASSR,174,110.0
161,HLA-B44:02 ,4974.6,QII87826,PQGTTLPKGFY,161,111.0
98,HLA-B44:02 ,4974.71,QII87826,GKMKDLSPRWY,98,112.0
163,HLA-B44:02 ,4974.81,QII87826,GTTLPKGFYAE,163,113.0
145,HLA-B44:02 ,4974.9,QII87826,IGTRNPANNAA,145,114.0
242,HLA-B44:02 ,4975.14,QII87826,GQTVTKKSAAE,242,115.0
209,HLA-B44:02 ,4975.38,QII87826,MAGNGGDAALA,209,116.0
51,HLA-B44:02 ,4975.39,QII87826,WFTALTQHGKE,51,117.0
287,HLA-B44:02 ,4975.61,QII87826,DQELIRQGTDY,287,118.0
192,HLA-B44:02 ,4975.73,QII87826,SSRNSTPGSSR,192,119.0
306,HLA-B44:02 ,4975.85,QII87826,FAPSASAFFGM,306,120.0
349,HLA-B44:02 ,4975.99,QII87826,VILLNKHIDAY,349,121.0
44,HLA-B44:02 ,4976.0,QII87826,LPNNTASWFTA,44,122.0
303,HLA-B44:02 ,4976.1,QII87826,IAQFAPSASAF,303,123.0
42,HLA-B44:02 ,4976.17,QII87826,QGLPNNTASWF,42,124.0
79,HLA-B44:02 ,4976.2,QII87826,PDDQIGYYRRA,79,125.0
300,HLA-B44:02 ,4976.22,QII87826,WPQIAQFAPSA,300,126.0
84,HLA-B44:02 ,4976.27,QII87826,GYYRRATRRIR,84,127.0
387,HLA-B44:02 ,4976.28,QII87826,KQQTVTLLPAA,387,128.0
308,HLA-B44:02 ,4976.41,QII87826,PSASAFFGMSR,308,129.0
294,HLA-B44:02 ,4976.45,QII87826,GTDYKHWPQIA,294,130.0
162,HLA-B44:02 ,4976.91,QII87826,QGTTLPKGFYA,162,131.0
77,HLA-B44:02 ,4977.05,QII87826,SSPDDQIGYYR,77,132.0
215,HLA-B44:02 ,4977.05,QII87826,DAALALLLLDR,215,132.0
352,HLA-B44:02 ,4977.11,QII87826,LNKHIDAYKTF,352,134.0
408,HLA-B44:02 ,4977.61,QII87826,QSMSSADSTQA,408,135.0
171,HLA-B44:02 ,4977.63,QII87826,YAEGSRGGSQA,171,136.0
297,HLA-B44:02 ,4977.65,QII87826,YKHWPQIAQFA,297,137.0
256,HLA-B44:02 ,4977.66,QII87826,KPRQKRTATKA,256,138.0
241,HLA-B44:02 ,4977.74,QII87826,QGQTVTKKSAA,241,139.0
25,HLA-B44:02 ,4977.79,QII87826,SNQNGERSGAR,25,140.0
127,HLA-B44:02 ,4977.82,QII87826,DGIIWVATEGA,127,141.0
302,HLA-B44:02 ,4977.88,QII87826,QIAQFAPSASA,302,142.0
289,HLA-B44:02 ,4977.97,QII87826,ELIRQGTDYKH,289,143.0
253,HLA-B44:02 ,4978.11,QII87826,ASKKPRQKRTA,253,144.0
82,HLA-B44:02 ,4978.12,QII87826,QIGYYRRATRR,82,145.0
386,HLA-B44:02 ,4978.2,QII87826,KKQQTVTLLPA,386,146.0
114,HLA-B44:02 ,4978.22,QII87826,TGPEAGLPYGA,114,147.0
108,HLA-B44:02 ,4978.25,QII87826,YFYYLGTGPEA,108,148.0
403,HLA-B44:02 ,4978.27,QII87826,SKQLQQSMSSA,403,149.0
39,HLA-B44:02 ,4978.32,QII87826,RRPQGLPNNTA,39,150.0
141,HLA-B44:02 ,4978.34,QII87826,PKDHIGTRNPA,141,151.0
296,HLA-B44:02 ,4978.55,QII87826,DYKHWPQIAQF,296,152.0
197,HLA-B44:02 ,4978.63,QII87826,TPGSSRGTSPA,197,153.0
262,HLA-B44:02 ,4978.66,QII87826,TATKAYNVTQA,262,154.0
78,HLA-B44:02 ,4978.69,QII87826,SPDDQIGYYRR,78,155.0
325,HLA-B44:02 ,4978.73,QII87826,PSGTWLTYTGA,325,156.0
240,HLA-B44:02 ,4978.79,QII87826,QQGQTVTKKSA,240,157.0
243,HLA-B44:02 ,4978.8,QII87826,QTVTKKSAAEA,243,158.0
144,HLA-B44:02 ,4978.87,QII87826,HIGTRNPANNA,144,159.0
338,HLA-B44:02 ,4978.95,QII87826,LDDKDPNFKDQ,338,160.0
348,HLA-B44:02 ,4978.95,QII87826,QVILLNKHIDA,348,160.0
166,HLA-B44:02 ,4978.98,QII87826,LPKGFYAEGSR,166,162.0
75,HLA-B44:02 ,4979.02,QII87826,TNSSPDDQIGY,75,163.0
200,HLA-B44:02 ,4979.03,QII87826,SSRGTSPARMA,200,164.0
207,HLA-B44:02 ,4979.1,QII87826,ARMAGNGGDAA,207,165.0
345,HLA-B44:02 ,4979.13,QII87826,FKDQVILLNKH,345,166.0
282,HLA-B44:02 ,4979.31,QII87826,QGNFGDQELIR,282,167.0
370,HLA-B44:02 ,4979.63,QII87826,DKKKKADETQA,370,168.0
81,HLA-B44:02 ,4979.68,QII87826,DQIGYYRRATR,81,169.0
138,HLA-B44:02 ,4979.71,QII87826,LNTPKDHIGTR,138,170.0
96,HLA-B44:02 ,4980.29,QII87826,GDGKMKDLSPR,96,171.0
374,HLA-B44:02 ,4980.49,QII87826,KADETQALPQR,374,172.0
275,HLA-B44:02 ,4980.52,QII87826,RRGPEQTQGNF,275,173.0
57,HLA-B44:02 ,4980.58,QII87826,QHGKEDLKFPR,57,174.0
3,HLA-B44:02 ,4980.68,QII87826,NGPQNQRNAPR,3,175.0
24,HLA-B44:02 ,4980.78,QII87826,GSNQNGERSGA,24,176.0
48,HLA-B44:02 ,4980.78,QII87826,TASWFTALTQH,48,176.0
198,HLA-B44:02 ,4980.84,QII87826,PGSSRGTSPAR,198,178.0
206,HLA-B44:02 ,4981.11,QII87826,PARMAGNGGDA,206,179.0
375,HLA-B44:02 ,4981.32,QII87826,ADETQALPQRQ,375,180.0
335,HLA-B44:02 ,4981.39,QII87826,AIKLDDKDPNF,335,181.0
99,HLA-B44:02 ,4981.59,QII87826,KMKDLSPRWYF,99,182.0
248,HLA-B44:02 ,4982.18,QII87826,KSAAEASKKPR,248,183.0
295,HLA-B44:02 ,4982.19,QII87826,TDYKHWPQIAQ,295,184.0
266,HLA-B44:02 ,4982.46,QII87826,AYNVTQAFGRR,266,185.0
7,HLA-B44:02 ,4982.6,QII87826,NQRNAPRITFG,7,186.0
229,HLA-B44:02 ,4982.66,QII87826,LESKMSGKGQQ,229,187.0
149,HLA-B44:02 ,4982.94,QII87826,NPANNAAIVLQ,149,188.0
30,HLA-B44:02 ,4983.12,QII87826,ERSGARSKQRR,30,189.0
153,HLA-B44:02 ,4983.16,QII87826,NAAIVLQLPQG,153,190.0
116,HLA-B44:02 ,4983.19,QII87826,PEAGLPYGANK,116,191.0
263,HLA-B44:02 ,4983.28,QII87826,ATKAYNVTQAF,263,192.0
327,HLA-B44:02 ,4983.33,QII87826,GTWLTYTGAIK,327,193.0
392,HLA-B44:02 ,4983.5,QII87826,TLLPAADLDDF,392,194.0
278,HLA-B44:02 ,4983.58,QII87826,PEQTQGNFGDQ,278,195.0
339,HLA-B44:02 ,4983.86,QII87826,DDKDPNFKDQV,339,196.0
395,HLA-B44:02 ,4984.06,QII87826,PAADLDDFSKQ,395,197.0
369,HLA-B44:02 ,4984.22,QII87826,KDKKKKADETQ,369,198.0
177,HLA-B44:02 ,4984.25,QII87826,GGSQASSRSSS,177,199.0
28,HLA-B44:02 ,4984.26,QII87826,NGERSGARSKQ,28,200.0
344,HLA-B44:02 ,4984.32,QII87826,NFKDQVILLNK,344,201.0
255,HLA-B44:02 ,4984.4,QII87826,KKPRQKRTATK,255,202.0
55,HLA-B44:02 ,4984.56,QII87826,LTQHGKEDLKF,55,203.0
394,HLA-B44:02 ,4984.64,QII87826,LPAADLDDFSK,394,204.0
237,HLA-B44:02 ,4984.66,QII87826,GQQQQGQTVTK,237,205.0
239,HLA-B44:02 ,4984.73,QII87826,QQQGQTVTKKS,239,206.0
176,HLA-B44:02 ,4984.79,QII87826,RGGSQASSRSS,176,207.0
378,HLA-B44:02 ,4984.9,QII87826,TQALPQRQKKQ,378,208.0
235,HLA-B44:02 ,4984.92,QII87826,GKGQQQQGQTV,235,209.0
379,HLA-B44:02 ,4984.92,QII87826,QALPQRQKKQQ,379,209.0
402,HLA-B44:02 ,4984.99,QII87826,FSKQLQQSMSS,402,211.0
350,HLA-B44:02 ,4985.01,QII87826,ILLNKHIDAYK,350,212.0
76,HLA-B44:02 ,4985.02,QII87826,NSSPDDQIGYY,76,213.0
170,HLA-B44:02 ,4985.02,QII87826,FYAEGSRGGSQ,170,213.0
397,HLA-B44:02 ,4985.06,QII87826,ADLDDFSKQLQ,397,215.0
310,HLA-B44:02 ,4985.19,QII87826,ASAFFGMSRIG,310,216.0
68,HLA-B44:02 ,4985.22,QII87826,GQGVPINTNSS,68,217.0
160,HLA-B44:02 ,4985.23,QII87826,LPQGTTLPKGF,160,218.0
27,HLA-B44:02 ,4985.4,QII87826,QNGERSGARSK,27,219.0
72,HLA-B44:02 ,4985.59,QII87826,PINTNSSPDDQ,72,220.0
17,HLA-B44:02 ,4985.61,QII87826,GGPSDSTGSNQ,17,221.0
136,HLA-B44:02 ,4985.68,QII87826,GALNTPKDHIG,136,222.0
265,HLA-B44:02 ,4985.68,QII87826,KAYNVTQAFGR,265,222.0
217,HLA-B44:02 ,4985.83,QII87826,ALALLLLDRLN,217,224.0
47,HLA-B44:02 ,4985.86,QII87826,NTASWFTALTQ,47,225.0
238,HLA-B44:02 ,4985.87,QII87826,QQQQGQTVTKK,238,226.0
59,HLA-B44:02 ,4985.89,QII87826,GKEDLKFPRGQ,59,227.0
179,HLA-B44:02 ,4985.91,QII87826,SQASSRSSSRS,179,228.0
261,HLA-B44:02 ,4985.92,QII87826,RTATKAYNVTQ,261,229.0
336,HLA-B44:02 ,4985.93,QII87826,IKLDDKDPNFK,336,230.0
233,HLA-B44:02 ,4985.98,QII87826,MSGKGQQQQGQ,233,231.0
61,HLA-B44:02 ,4985.99,QII87826,EDLKFPRGQGV,61,232.0
399,HLA-B44:02 ,4985.99,QII87826,LDDFSKQLQQS,399,232.0
250,HLA-B44:02 ,4986.06,QII87826,AAEASKKPRQK,250,234.0
222,HLA-B44:02 ,4986.14,QII87826,LLDRLNQLESK,222,235.0
331,HLA-B44:02 ,4986.14,QII87826,TYTGAIKLDDK,331,235.0
228,HLA-B44:02 ,4986.16,QII87826,QLESKMSGKGQ,228,237.0
381,HLA-B44:02 ,4986.26,QII87826,LPQRQKKQQTV,381,238.0
218,HLA-B44:02 ,4986.27,QII87826,LALLLLDRLNQ,218,239.0
183,HLA-B44:02 ,4986.29,QII87826,SRSSSRSRNSS,183,240.0
54,HLA-B44:02 ,4986.31,QII87826,ALTQHGKEDLK,54,241.0
173,HLA-B44:02 ,4986.32,QII87826,EGSRGGSQASS,173,242.0
16,HLA-B44:02 ,4986.34,QII87826,FGGPSDSTGSN,16,243.0
21,HLA-B44:02 ,4986.4,QII87826,DSTGSNQNGER,21,244.0
122,HLA-B44:02 ,4986.48,QII87826,YGANKDGIIWV,122,245.0
363,HLA-B44:02 ,4986.5,QII87826,PPTEPKKDKKK,363,246.0
152,HLA-B44:02 ,4986.51,QII87826,NNAAIVLQLPQ,152,247.0
359,HLA-B44:02 ,4986.52,QII87826,YKTFPPTEPKK,359,248.0
283,HLA-B44:02 ,4986.53,QII87826,GNFGDQELIRQ,283,249.0
364,HLA-B44:02 ,4986.53,QII87826,PTEPKKDKKKK,364,249.0
361,HLA-B44:02 ,4986.55,QII87826,TFPPTEPKKDK,361,251.0
343,HLA-B44:02 ,4986.56,QII87826,PNFKDQVILLN,343,252.0
74,HLA-B44:02 ,4986.6,QII87826,NTNSSPDDQIG,74,253.0
181,HLA-B44:02 ,4986.66,QII87826,ASSRSSSRSRN,181,254.0
362,HLA-B44:02 ,4986.74,QII87826,FPPTEPKKDKK,362,255.0
398,HLA-B44:02 ,4986.76,QII87826,DLDDFSKQLQQ,398,256.0
407,HLA-B44:02 ,4986.83,QII87826,QQSMSSADSTQ,407,257.0
158,HLA-B44:02 ,4986.86,QII87826,LQLPQGTTLPK,158,258.0
12,HLA-B44:02 ,4986.91,QII87826,PRITFGGPSDS,12,259.0
272,HLA-B44:02 ,4986.91,QII87826,AFGRRGPEQTQ,272,259.0
377,HLA-B44:02 ,4986.93,QII87826,ETQALPQRQKK,377,261.0
373,HLA-B44:02 ,4987.01,QII87826,KKADETQALPQ,373,262.0
324,HLA-B44:02 ,4987.02,QII87826,TPSGTWLTYTG,324,263.0
245,HLA-B44:02 ,4987.05,QII87826,VTKKSAAEASK,245,264.0
154,HLA-B44:02 ,4987.06,QII87826,AAIVLQLPQGT,154,265.0
224,HLA-B44:02 ,4987.08,QII87826,DRLNQLESKMS,224,266.0
67,HLA-B44:02 ,4987.11,QII87826,RGQGVPINTNS,67,267.0
103,HLA-B44:02 ,4987.13,QII87826,LSPRWYFYYLG,103,268.0
401,HLA-B44:02 ,4987.14,QII87826,DFSKQLQQSMS,401,269.0
189,HLA-B44:02 ,4987.31,QII87826,SRNSSRNSTPG,189,270.0
115,HLA-B44:02 ,4987.41,QII87826,GPEAGLPYGAN,115,271.0
259,HLA-B44:02 ,4987.46,QII87826,QKRTATKAYNV,259,272.0
317,HLA-B44:02 ,4987.46,QII87826,SRIGMEVTPSG,317,272.0
284,HLA-B44:02 ,4987.48,QII87826,NFGDQELIRQG,284,274.0
292,HLA-B44:02 ,4987.48,QII87826,RQGTDYKHWPQ,292,274.0
301,HLA-B44:02 ,4987.5,QII87826,PQIAQFAPSAS,301,276.0
313,HLA-B44:02 ,4987.5,QII87826,FFGMSRIGMEV,313,276.0
129,HLA-B44:02 ,4987.51,QII87826,IIWVATEGALN,129,278.0
191,HLA-B44:02 ,4987.54,QII87826,NSSRNSTPGSS,191,279.0
147,HLA-B44:02 ,4987.59,QII87826,TRNPANNAAIV,147,280.0
66,HLA-B44:02 ,4987.6,QII87826,PRGQGVPINTN,66,281.0
139,HLA-B44:02 ,4987.73,QII87826,NTPKDHIGTRN,139,282.0
185,HLA-B44:02 ,4987.74,QII87826,SSSRSRNSSRN,185,283.0
276,HLA-B44:02 ,4987.74,QII87826,RGPEQTQGNFG,276,283.0
46,HLA-B44:02 ,4987.85,QII87826,NNTASWFTALT,46,285.0
246,HLA-B44:02 ,4987.85,QII87826,TKKSAAEASKK,246,285.0
195,HLA-B44:02 ,4987.87,QII87826,NSTPGSSRGTS,195,287.0
113,HLA-B44:02 ,4987.88,QII87826,GTGPEAGLPYG,113,288.0
118,HLA-B44:02 ,4987.98,QII87826,AGLPYGANKDG,118,289.0
258,HLA-B44:02 ,4988.0,QII87826,RQKRTATKAYN,258,290.0
14,HLA-B44:02 ,4988.02,QII87826,ITFGGPSDSTG,14,291.0
231,HLA-B44:02 ,4988.02,QII87826,SKMSGKGQQQQ,231,291.0
109,HLA-B44:02 ,4988.07,QII87826,FYYLGTGPEAG,109,293.0
10,HLA-B44:02 ,4988.12,QII87826,NAPRITFGGPS,10,294.0
8,HLA-B44:02 ,4988.13,QII87826,QRNAPRITFGG,8,295.0
50,HLA-B44:02 ,4988.13,QII87826,SWFTALTQHGK,50,295.0
91,HLA-B44:02 ,4988.16,QII87826,RRIRGGDGKMK,91,297.0
249,HLA-B44:02 ,4988.16,QII87826,SAAEASKKPRQ,249,297.0
13,HLA-B44:02 ,4988.18,QII87826,RITFGGPSDST,13,299.0
307,HLA-B44:02 ,4988.18,QII87826,APSASAFFGMS,307,299.0
230,HLA-B44:02 ,4988.33,QII87826,ESKMSGKGQQQ,230,301.0
405,HLA-B44:02 ,4988.4,QII87826,QLQQSMSSADS,405,302.0
64,HLA-B44:02 ,4988.43,QII87826,KFPRGQGVPIN,64,303.0
40,HLA-B44:02 ,4988.46,QII87826,RPQGLPNNTAS,40,304.0
323,HLA-B44:02 ,4988.48,QII87826,VTPSGTWLTYT,323,305.0
358,HLA-B44:02 ,4988.5,QII87826,AYKTFPPTEPK,358,306.0
226,HLA-B44:02 ,4988.57,QII87826,LNQLESKMSGK,226,307.0
159,HLA-B44:02 ,4988.58,QII87826,QLPQGTTLPKG,159,308.0
406,HLA-B44:02 ,4988.58,QII87826,LQQSMSSADST,406,308.0
32,HLA-B44:02 ,4988.59,QII87826,SGARSKQRRPQ,32,310.0
124,HLA-B44:02 ,4988.62,QII87826,ANKDGIIWVAT,124,311.0
143,HLA-B44:02 ,4988.67,QII87826,DHIGTRNPANN,143,312.0
182,HLA-B44:02 ,4988.67,QII87826,SSRSSSRSRNS,182,312.0
132,HLA-B44:02 ,4988.69,QII87826,VATEGALNTPK,132,314.0
155,HLA-B44:02 ,4988.69,QII87826,AIVLQLPQGTT,155,314.0
94,HLA-B44:02 ,4988.79,QII87826,RGGDGKMKDLS,94,316.0
164,HLA-B44:02 ,4988.83,QII87826,TTLPKGFYAEG,164,317.0
18,HLA-B44:02 ,4988.87,QII87826,GPSDSTGSNQN,18,318.0
273,HLA-B44:02 ,4988.87,QII87826,FGRRGPEQTQG,273,318.0
305,HLA-B44:02 ,4988.87,QII87826,QFAPSASAFFG,305,318.0
0,HLA-B44:02 ,4988.98,QII87826,MSDNGPQNQRN,0,321.0
355,HLA-B44:02 ,4989.03,QII87826,HIDAYKTFPPT,355,322.0
88,HLA-B44:02 ,4989.13,QII87826,RATRRIRGGDG,88,323.0
186,HLA-B44:02 ,4989.18,QII87826,SSRSRNSSRNS,186,324.0
232,HLA-B44:02 ,4989.26,QII87826,KMSGKGQQQQG,232,325.0
26,HLA-B44:02 ,4989.31,QII87826,NQNGERSGARS,26,326.0
270,HLA-B44:02 ,4989.31,QII87826,TQAFGRRGPEQ,270,326.0
36,HLA-B44:02 ,4989.5,QII87826,SKQRRPQGLPN,36,328.0
65,HLA-B44:02 ,4989.5,QII87826,FPRGQGVPINT,65,328.0
5,HLA-B44:02 ,4989.51,QII87826,PQNQRNAPRIT,5,330.0
202,HLA-B44:02 ,4989.57,QII87826,RGTSPARMAGN,202,331.0
175,HLA-B44:02 ,4989.64,QII87826,SRGGSQASSRS,175,332.0
37,HLA-B44:02 ,4989.72,QII87826,KQRRPQGLPNN,37,333.0
187,HLA-B44:02 ,4989.87,QII87826,SRSRNSSRNST,187,334.0
274,HLA-B44:02 ,4989.87,QII87826,GRRGPEQTQGN,274,334.0
227,HLA-B44:02 ,4989.89,QII87826,NQLESKMSGKG,227,336.0
351,HLA-B44:02 ,4989.99,QII87826,LLNKHIDAYKT,351,337.0
19,HLA-B44:02 ,4990.0,QII87826,PSDSTGSNQNG,19,338.0
299,HLA-B44:02 ,4990.03,QII87826,HWPQIAQFAPS,299,339.0
334,HLA-B44:02 ,4990.06,QII87826,GAIKLDDKDPN,334,340.0
43,HLA-B44:02 ,4990.09,QII87826,GLPNNTASWFT,43,341.0
264,HLA-B44:02 ,4990.11,QII87826,TKAYNVTQAFG,264,342.0
89,HLA-B44:02 ,4990.12,QII87826,ATRRIRGGDGK,89,343.0
225,HLA-B44:02 ,4990.14,QII87826,RLNQLESKMSG,225,344.0
221,HLA-B44:02 ,4990.26,QII87826,LLLDRLNQLES,221,345.0
380,HLA-B44:02 ,4990.36,QII87826,ALPQRQKKQQT,380,346.0
204,HLA-B44:02 ,4990.5,QII87826,TSPARMAGNGG,204,347.0
271,HLA-B44:02 ,4990.53,QII87826,QAFGRRGPEQT,271,348.0
393,HLA-B44:02 ,4990.53,QII87826,LLPAADLDDFS,393,348.0
244,HLA-B44:02 ,4990.57,QII87826,TVTKKSAAEAS,244,350.0
168,HLA-B44:02 ,4990.59,QII87826,KGFYAEGSRGG,168,351.0
236,HLA-B44:02 ,4990.61,QII87826,KGQQQQGQTVT,236,352.0
316,HLA-B44:02 ,4990.61,QII87826,MSRIGMEVTPS,316,352.0
190,HLA-B44:02 ,4990.82,QII87826,RNSSRNSTPGS,190,354.0
201,HLA-B44:02 ,4990.88,QII87826,SRGTSPARMAG,201,355.0
33,HLA-B44:02 ,4990.89,QII87826,GARSKQRRPQG,33,356.0
86,HLA-B44:02 ,4991.0,QII87826,YRRATRRIRGG,86,357.0
318,HLA-B44:02 ,4991.16,QII87826,RIGMEVTPSGT,318,358.0
130,HLA-B44:02 ,4991.22,QII87826,IWVATEGALNT,130,359.0
137,HLA-B44:02 ,4991.23,QII87826,ALNTPKDHIGT,137,360.0
203,HLA-B44:02 ,4991.37,QII87826,GTSPARMAGNG,203,361.0
368,HLA-B44:02 ,4991.37,QII87826,KKDKKKKADET,368,361.0
49,HLA-B44:02 ,4991.81,QII87826,ASWFTALTQHG,49,363.0
15,HLA-B44:02 ,4991.88,QII87826,TFGGPSDSTGS,15,364.0
165,HLA-B44:02 ,4991.89,QII87826,TLPKGFYAEGS,165,365.0
314,HLA-B44:02 ,4992.0,QII87826,FGMSRIGMEVT,314,366.0
382,HLA-B44:02 ,4992.09,QII87826,PQRQKKQQTVT,382,367.0
38,HLA-B44:02 ,4992.11,QII87826,QRRPQGLPNNT,38,368.0
194,HLA-B44:02 ,4992.13,QII87826,RNSTPGSSRGT,194,369.0
254,HLA-B44:02 ,4992.27,QII87826,SKKPRQKRTAT,254,370.0
23,HLA-B44:02 ,4992.33,QII87826,TGSNQNGERSG,23,371.0
80,HLA-B44:02 ,4992.41,QII87826,DDQIGYYRRAT,80,372.0
234,HLA-B44:02 ,4992.65,QII87826,SGKGQQQQGQT,234,373.0
286,HLA-B44:02 ,4992.71,QII87826,GDQELIRQGTD,286,374.0
22,HLA-B44:02 ,4992.8,QII87826,STGSNQNGERS,22,375.0
169,HLA-B44:02 ,4992.96,QII87826,GFYAEGSRGGS,169,376.0
285,HLA-B44:02 ,4993.4,QII87826,FGDQELIRQGT,285,377.0
260,HLA-B44:02 ,4993.61,QII87826,KRTATKAYNVT,260,378.0
11,HLA-B44:02 ,4994.32,QII87826,APRITFGGPSD,11,379.0
214,HLA-B44:02 ,4994.45,QII87826,GDAALALLLLD,214,380.0
252,HLA-B44:02 ,4995.01,QII87826,EASKKPRQKRT,252,381.0
347,HLA-B44:02 ,4995.14,QII87826,DQVILLNKHID,347,382.0
105,HLA-B44:02 ,4995.44,QII87826,PRWYFYYLGTG,105,383.0
71,HLA-B44:02 ,4995.47,QII87826,VPINTNSSPDD,71,384.0
70,HLA-B44:02 ,4995.67,QII87826,GVPINTNSSPD,70,385.0
193,HLA-B44:02 ,4995.83,QII87826,SRNSTPGSSRG,193,386.0
329,HLA-B44:02 ,4996.07,QII87826,WLTYTGAIKLD,329,387.0
330,HLA-B44:02 ,4996.31,QII87826,LTYTGAIKLDD,330,388.0
267,HLA-B44:02 ,4996.37,QII87826,YNVTQAFGRRG,267,389.0
167,HLA-B44:02 ,4996.62,QII87826,PKGFYAEGSRG,167,390.0
58,HLA-B44:02 ,4996.95,QII87826,HGKEDLKFPRG,58,391.0
117,HLA-B44:02 ,4996.96,QII87826,EAGLPYGANKD,117,392.0
391,HLA-B44:02 ,4997.28,QII87826,VTLLPAADLDD,391,393.0
337,HLA-B44:02 ,4997.35,QII87826,KLDDKDPNFKD,337,394.0
133,HLA-B44:02 ,4997.66,QII87826,ATEGALNTPKD,133,395.0
85,HLA-B44:02 ,4997.74,QII87826,YYRRATRRIRG,85,396.0
404,HLA-B44:02 ,4997.76,QII87826,KQLQQSMSSAD,404,397.0
92,HLA-B44:02 ,4997.95,QII87826,RIRGGDGKMKD,92,398.0
277,HLA-B44:02 ,4998.16,QII87826,GPEQTQGNFGD,277,399.0
360,HLA-B44:02 ,4998.41,QII87826,KTFPPTEPKKD,360,400.0
87,HLA-B44:02 ,4998.66,QII87826,RRATRRIRGGD,87,401.0
390,HLA-B44:02 ,4998.78,QII87826,TVTLLPAADLD,390,402.0
205,HLA-B44:02 ,4998.82,QII87826,SPARMAGNGGD,205,403.0
52,HLA-B44:02 ,4998.88,QII87826,FTALTQHGKED,52,404.0
388,HLA-B44:02 ,4998.93,QII87826,QQTVTLLPAAD,388,405.0
104,HLA-B44:02 ,4999.06,QII87826,SPRWYFYYLGT,104,406.0
332,HLA-B44:02 ,4999.18,QII87826,YTGAIKLDDKD,332,407.0
366,HLA-B44:02 ,5000.39,QII87826,EPKKDKKKKAD,366,408.0
101,HLA-B44:02 ,5016.97,QII87826,KDLSPRWYFYY,101,409.0
134,HLA-B44:03,5316.29,QII87826,TEGALNTPKDH,134,1.0
321,HLA-B44:03,5583.44,QII87826,MEVTPSGTWLT,321,2.0
288,HLA-B44:03,5791.83,QII87826,QELIRQGTDYK,288,3.0
41,HLA-B44:03,5800.3,QII87826,PQGLPNNTASW,41,4.0
172,HLA-B44:03,5804.84,QII87826,AEGSRGGSQAS,172,5.0
319,HLA-B44:03,5834.96,QII87826,IGMEVTPSGTW,319,6.0
101,HLA-B44:03,5915.16,QII87826,KDLSPRWYFYY,101,7.0
360,HLA-B44:03,5919.77,QII87826,KTFPPTEPKKD,360,8.0
121,HLA-B44:03,5919.81,QII87826,PYGANKDGIIW,121,9.0
290,HLA-B44:03,5923.55,QII87826,LIRQGTDYKHW,290,10.0
92,HLA-B44:03,5944.06,QII87826,RIRGGDGKMKD,92,11.0
97,HLA-B44:03,5946.18,QII87826,DGKMKDLSPRW,97,12.0
133,HLA-B44:03,5963.3,QII87826,ATEGALNTPKD,133,13.0
347,HLA-B44:03,5963.95,QII87826,DQVILLNKHID,347,14.0
251,HLA-B44:03,5971.64,QII87826,AEASKKPRQKR,251,15.0
287,HLA-B44:03,5977.22,QII87826,DQELIRQGTDY,287,16.0
216,HLA-B44:03,5978.91,QII87826,AALALLLLDRL,216,17.0
122,HLA-B44:03,5990.77,QII87826,YGANKDGIIWV,122,18.0
117,HLA-B44:03,5993.13,QII87826,EAGLPYGANKD,117,19.0
332,HLA-B44:03,5995.46,QII87826,YTGAIKLDDKD,332,20.0
135,HLA-B44:03,6006.08,QII87826,EGALNTPKDHI,135,21.0
239,HLA-B44:03,6008.79,QII87826,QQQGQTVTKKS,239,22.0
365,HLA-B44:03,6012.13,QII87826,TEPKKDKKKKA,365,23.0
330,HLA-B44:03,6015.46,QII87826,LTYTGAIKLDD,330,24.0
329,HLA-B44:03,6017.06,QII87826,WLTYTGAIKLD,329,25.0
102,HLA-B44:03,6017.31,QII87826,DLSPRWYFYYL,102,26.0
313,HLA-B44:03,6021.91,QII87826,FFGMSRIGMEV,313,27.0
6,HLA-B44:03,6025.71,QII87826,QNQRNAPRITF,6,28.0
322,HLA-B44:03,6026.22,QII87826,EVTPSGTWLTY,322,29.0
310,HLA-B44:03,6026.94,QII87826,ASAFFGMSRIG,310,30.0
309,HLA-B44:03,6028.37,QII87826,SASAFFGMSRI,309,31.0
346,HLA-B44:03,6034.37,QII87826,KDQVILLNKHI,346,32.0
52,HLA-B44:03,6034.91,QII87826,FTALTQHGKED,52,33.0
159,HLA-B44:03,6035.23,QII87826,QLPQGTTLPKG,159,34.0
49,HLA-B44:03,6039.13,QII87826,ASWFTALTQHG,49,35.0
328,HLA-B44:03,6039.14,QII87826,TWLTYTGAIKL,328,36.0
103,HLA-B44:03,6039.53,QII87826,LSPRWYFYYLG,103,37.0
106,HLA-B44:03,6039.64,QII87826,RWYFYYLGTGP,106,38.0
337,HLA-B44:03,6041.94,QII87826,KLDDKDPNFKD,337,39.0
82,HLA-B44:03,6043.3,QII87826,QIGYYRRATRR,82,40.0
320,HLA-B44:03,6045.46,QII87826,GMEVTPSGTWL,320,41.0
119,HLA-B44:03,6045.99,QII87826,GLPYGANKDGI,119,42.0
128,HLA-B44:03,6046.42,QII87826,GIIWVATEGAL,128,43.0
214,HLA-B44:03,6046.46,QII87826,GDAALALLLLD,214,44.0
268,HLA-B44:03,6046.48,QII87826,NVTQAFGRRGP,268,45.0
388,HLA-B44:03,6046.9,QII87826,QQTVTLLPAAD,388,46.0
73,HLA-B44:03,6049.25,QII87826,INTNSSPDDQI,73,47.0
169,HLA-B44:03,6050.07,QII87826,GFYAEGSRGGS,169,48.0
76,HLA-B44:03,6050.2,QII87826,NSSPDDQIGYY,76,49.0
391,HLA-B44:03,6050.26,QII87826,VTLLPAADLDD,391,50.0
123,HLA-B44:03,6050.77,QII87826,GANKDGIIWVA,123,51.0
147,HLA-B44:03,6050.84,QII87826,TRNPANNAAIV,147,52.0
161,HLA-B44:03,6052.45,QII87826,PQGTTLPKGFY,161,53.0
289,HLA-B44:03,6052.68,QII87826,ELIRQGTDYKH,289,54.0
113,HLA-B44:03,6053.19,QII87826,GTGPEAGLPYG,113,55.0
105,HLA-B44:03,6053.99,QII87826,PRWYFYYLGTG,105,56.0
131,HLA-B44:03,6054.99,QII87826,WVATEGALNTP,131,57.0
127,HLA-B44:03,6055.59,QII87826,DGIIWVATEGA,127,58.0
339,HLA-B44:03,6056.16,QII87826,DDKDPNFKDQV,339,59.0
311,HLA-B44:03,6057.9,QII87826,SAFFGMSRIGM,311,60.0
83,HLA-B44:03,6057.98,QII87826,IGYYRRATRRI,83,61.0
156,HLA-B44:03,6058.28,QII87826,IVLQLPQGTTL,156,62.0
168,HLA-B44:03,6058.5,QII87826,KGFYAEGSRGG,168,63.0
366,HLA-B44:03,6059.04,QII87826,EPKKDKKKKAD,366,64.0
390,HLA-B44:03,6059.16,QII87826,TVTLLPAADLD,390,65.0
81,HLA-B44:03,6059.28,QII87826,DQIGYYRRATR,81,66.0
303,HLA-B44:03,6059.78,QII87826,IAQFAPSASAF,303,67.0
153,HLA-B44:03,6059.86,QII87826,NAAIVLQLPQG,153,68.0
85,HLA-B44:03,6060.42,QII87826,YYRRATRRIRG,85,69.0
154,HLA-B44:03,6060.75,QII87826,AAIVLQLPQGT,154,70.0
61,HLA-B44:03,6061.66,QII87826,EDLKFPRGQGV,61,71.0
31,HLA-B44:03,6063.22,QII87826,RSGARSKQRRP,31,72.0
70,HLA-B44:03,6063.51,QII87826,GVPINTNSSPD,70,73.0
345,HLA-B44:03,6063.53,QII87826,FKDQVILLNKH,345,74.0
302,HLA-B44:03,6063.76,QII87826,QIAQFAPSASA,302,75.0
396,HLA-B44:03,6063.78,QII87826,AADLDDFSKQL,396,76.0
286,HLA-B44:03,6064.58,QII87826,GDQELIRQGTD,286,77.0
326,HLA-B44:03,6064.87,QII87826,SGTWLTYTGAI,326,78.0
269,HLA-B44:03,6065.66,QII87826,VTQAFGRRGPE,269,79.0
150,HLA-B44:03,6065.75,QII87826,PANNAAIVLQL,150,80.0
155,HLA-B44:03,6065.87,QII87826,AIVLQLPQGTT,155,81.0
215,HLA-B44:03,6065.96,QII87826,DAALALLLLDR,215,82.0
148,HLA-B44:03,6066.01,QII87826,RNPANNAAIVL,148,83.0
151,HLA-B44:03,6067.14,QII87826,ANNAAIVLQLP,151,84.0
217,HLA-B44:03,6067.21,QII87826,ALALLLLDRLN,217,85.0
171,HLA-B44:03,6067.43,QII87826,YAEGSRGGSQA,171,86.0
285,HLA-B44:03,6067.62,QII87826,FGDQELIRQGT,285,87.0
381,HLA-B44:03,6067.85,QII87826,LPQRQKKQQTV,381,88.0
111,HLA-B44:03,6068.67,QII87826,YLGTGPEAGLP,111,89.0
77,HLA-B44:03,6068.81,QII87826,SSPDDQIGYYR,77,90.0
282,HLA-B44:03,6068.91,QII87826,QGNFGDQELIR,282,91.0
130,HLA-B44:03,6069.19,QII87826,IWVATEGALNT,130,92.0
235,HLA-B44:03,6069.25,QII87826,GKGQQQQGQTV,235,93.0
110,HLA-B44:03,6069.46,QII87826,YYLGTGPEAGL,110,94.0
211,HLA-B44:03,6069.57,QII87826,GNGGDAALALL,211,95.0
26,HLA-B44:03,6070.23,QII87826,NQNGERSGARS,26,96.0
213,HLA-B44:03,6070.7,QII87826,GGDAALALLLL,213,97.0
304,HLA-B44:03,6071.09,QII87826,AQFAPSASAFF,304,98.0
210,HLA-B44:03,6071.15,QII87826,AGNGGDAALAL,210,99.0
281,HLA-B44:03,6071.53,QII87826,TQGNFGDQELI,281,100.0
208,HLA-B44:03,6072.22,QII87826,RMAGNGGDAAL,208,101.0
14,HLA-B44:03,6073.07,QII87826,ITFGGPSDSTG,14,102.0
219,HLA-B44:03,6073.11,QII87826,ALLLLDRLNQL,219,103.0
51,HLA-B44:03,6073.35,QII87826,WFTALTQHGKE,51,104.0
165,HLA-B44:03,6073.65,QII87826,TLPKGFYAEGS,165,105.0
22,HLA-B44:03,6073.93,QII87826,STGSNQNGERS,22,106.0
84,HLA-B44:03,6073.96,QII87826,GYYRRATRRIR,84,107.0
48,HLA-B44:03,6074.14,QII87826,TASWFTALTQH,48,108.0
46,HLA-B44:03,6074.65,QII87826,NNTASWFTALT,46,109.0
164,HLA-B44:03,6075.13,QII87826,TTLPKGFYAEG,164,110.0
247,HLA-B44:03,6075.59,QII87826,KKSAAEASKKP,247,111.0
203,HLA-B44:03,6075.6,QII87826,GTSPARMAGNG,203,112.0
136,HLA-B44:03,6076.27,QII87826,GALNTPKDHIG,136,113.0
144,HLA-B44:03,6076.43,QII87826,HIGTRNPANNA,144,114.0
352,HLA-B44:03,6077.05,QII87826,LNKHIDAYKTF,352,115.0
212,HLA-B44:03,6077.61,QII87826,NGGDAALALLL,212,116.0
318,HLA-B44:03,6077.62,QII87826,RIGMEVTPSGT,318,117.0
204,HLA-B44:03,6077.68,QII87826,TSPARMAGNGG,204,118.0
335,HLA-B44:03,6078.44,QII87826,AIKLDDKDPNF,335,119.0
227,HLA-B44:03,6078.69,QII87826,NQLESKMSGKG,227,120.0
265,HLA-B44:03,6079.16,QII87826,KAYNVTQAFGR,265,121.0
306,HLA-B44:03,6079.29,QII87826,FAPSASAFFGM,306,122.0
24,HLA-B44:03,6080.27,QII87826,GSNQNGERSGA,24,123.0
100,HLA-B44:03,6080.51,QII87826,MKDLSPRWYFY,100,124.0
109,HLA-B44:03,6080.58,QII87826,FYYLGTGPEAG,109,125.0
256,HLA-B44:03,6080.76,QII87826,KPRQKRTATKA,256,126.0
351,HLA-B44:03,6080.81,QII87826,LLNKHIDAYKT,351,127.0
404,HLA-B44:03,6080.86,QII87826,KQLQQSMSSAD,404,128.0
408,HLA-B44:03,6081.0,QII87826,QSMSSADSTQA,408,129.0
259,HLA-B44:03,6081.2,QII87826,QKRTATKAYNV,259,130.0
35,HLA-B44:03,6081.31,QII87826,RSKQRRPQGLP,35,131.0
99,HLA-B44:03,6081.42,QII87826,KMKDLSPRWYF,99,132.0
279,HLA-B44:03,6083.04,QII87826,EQTQGNFGDQE,279,133.0
389,HLA-B44:03,6083.25,QII87826,QTVTLLPAADL,389,134.0
107,HLA-B44:03,6083.29,QII87826,WYFYYLGTGPE,107,135.0
374,HLA-B44:03,6083.5,QII87826,KADETQALPQR,374,136.0
324,HLA-B44:03,6084.09,QII87826,TPSGTWLTYTG,324,137.0
87,HLA-B44:03,6085.16,QII87826,RRATRRIRGGD,87,138.0
108,HLA-B44:03,6085.89,QII87826,YFYYLGTGPEA,108,139.0
188,HLA-B44:03,6086.11,QII87826,RSRNSSRNSTP,188,140.0
266,HLA-B44:03,6086.35,QII87826,AYNVTQAFGRR,266,141.0
348,HLA-B44:03,6086.48,QII87826,QVILLNKHIDA,348,142.0
233,HLA-B44:03,6086.5,QII87826,MSGKGQQQQGQ,233,143.0
62,HLA-B44:03,6086.54,QII87826,DLKFPRGQGVP,62,144.0
129,HLA-B44:03,6086.74,QII87826,IIWVATEGALN,129,145.0
44,HLA-B44:03,6086.99,QII87826,LPNNTASWFTA,44,146.0
139,HLA-B44:03,6087.1,QII87826,NTPKDHIGTRN,139,147.0
195,HLA-B44:03,6087.1,QII87826,NSTPGSSRGTS,195,147.0
45,HLA-B44:03,6087.21,QII87826,PNNTASWFTAL,45,149.0
341,HLA-B44:03,6087.33,QII87826,KDPNFKDQVIL,341,150.0
357,HLA-B44:03,6088.24,QII87826,DAYKTFPPTEP,357,151.0
39,HLA-B44:03,6088.98,QII87826,RRPQGLPNNTA,39,152.0
114,HLA-B44:03,6088.99,QII87826,TGPEAGLPYGA,114,153.0
236,HLA-B44:03,6089.41,QII87826,KGQQQQGQTVT,236,154.0
15,HLA-B44:03,6089.77,QII87826,TFGGPSDSTGS,15,155.0
273,HLA-B44:03,6089.85,QII87826,FGRRGPEQTQG,273,156.0
181,HLA-B44:03,6090.04,QII87826,ASSRSSSRSRN,181,157.0
405,HLA-B44:03,6090.29,QII87826,QLQQSMSSADS,405,158.0
340,HLA-B44:03,6090.94,QII87826,DKDPNFKDQVI,340,159.0
13,HLA-B44:03,6091.0,QII87826,RITFGGPSDST,13,160.0
209,HLA-B44:03,6091.22,QII87826,MAGNGGDAALA,209,161.0
179,HLA-B44:03,6091.39,QII87826,SQASSRSSSRS,179,162.0
314,HLA-B44:03,6091.5,QII87826,FGMSRIGMEVT,314,163.0
225,HLA-B44:03,6091.58,QII87826,RLNQLESKMSG,225,164.0
260,HLA-B44:03,6091.6,QII87826,KRTATKAYNVT,260,165.0
182,HLA-B44:03,6091.75,QII87826,SSRSSSRSRNS,182,166.0
43,HLA-B44:03,6091.79,QII87826,GLPNNTASWFT,43,167.0
262,HLA-B44:03,6091.85,QII87826,TATKAYNVTQA,262,168.0
362,HLA-B44:03,6092.03,QII87826,FPPTEPKKDKK,362,169.0
80,HLA-B44:03,6092.4,QII87826,DDQIGYYRRAT,80,170.0
387,HLA-B44:03,6092.58,QII87826,KQQTVTLLPAA,387,171.0
145,HLA-B44:03,6092.67,QII87826,IGTRNPANNAA,145,172.0
28,HLA-B44:03,6092.74,QII87826,NGERSGARSKQ,28,173.0
384,HLA-B44:03,6092.93,QII87826,RQKKQQTVTLL,384,174.0
184,HLA-B44:03,6092.97,QII87826,RSSSRSRNSSR,184,175.0
75,HLA-B44:03,6093.03,QII87826,TNSSPDDQIGY,75,176.0
74,HLA-B44:03,6093.1,QII87826,NTNSSPDDQIG,74,177.0
67,HLA-B44:03,6093.28,QII87826,RGQGVPINTNS,67,178.0
280,HLA-B44:03,6093.31,QII87826,QTQGNFGDQEL,280,179.0
86,HLA-B44:03,6093.8,QII87826,YRRATRRIRGG,86,180.0
399,HLA-B44:03,6094.14,QII87826,LDDFSKQLQQS,399,181.0
9,HLA-B44:03,6094.51,QII87826,RNAPRITFGGP,9,182.0
185,HLA-B44:03,6094.67,QII87826,SSSRSRNSSRN,185,183.0
372,HLA-B44:03,6094.72,QII87826,KKKADETQALP,372,184.0
402,HLA-B44:03,6094.73,QII87826,FSKQLQQSMSS,402,185.0
253,HLA-B44:03,6094.74,QII87826,ASKKPRQKRTA,253,186.0
267,HLA-B44:03,6094.75,QII87826,YNVTQAFGRRG,267,187.0
263,HLA-B44:03,6094.76,QII87826,ATKAYNVTQAF,263,188.0
162,HLA-B44:03,6094.86,QII87826,QGTTLPKGFYA,162,189.0
359,HLA-B44:03,6095.24,QII87826,YKTFPPTEPKK,359,190.0
53,HLA-B44:03,6095.33,QII87826,TALTQHGKEDL,53,191.0
378,HLA-B44:03,6095.39,QII87826,TQALPQRQKKQ,378,192.0
7,HLA-B44:03,6095.42,QII87826,NQRNAPRITFG,7,193.0
386,HLA-B44:03,6095.75,QII87826,KKQQTVTLLPA,386,194.0
65,HLA-B44:03,6095.9,QII87826,FPRGQGVPINT,65,195.0
21,HLA-B44:03,6096.49,QII87826,DSTGSNQNGER,21,196.0
0,HLA-B44:03,6096.6,QII87826,MSDNGPQNQRN,0,197.0
380,HLA-B44:03,6096.77,QII87826,ALPQRQKKQQT,380,198.0
276,HLA-B44:03,6096.83,QII87826,RGPEQTQGNFG,276,199.0
33,HLA-B44:03,6096.94,QII87826,GARSKQRRPQG,33,200.0
342,HLA-B44:03,6096.95,QII87826,DPNFKDQVILL,342,201.0
392,HLA-B44:03,6096.95,QII87826,TLLPAADLDDF,392,201.0
4,HLA-B44:03,6097.08,QII87826,GPQNQRNAPRI,4,203.0
199,HLA-B44:03,6097.53,QII87826,GSSRGTSPARM,199,204.0
88,HLA-B44:03,6097.9,QII87826,RATRRIRGGDG,88,205.0
20,HLA-B44:03,6097.99,QII87826,SDSTGSNQNGE,20,206.0
34,HLA-B44:03,6098.11,QII87826,ARSKQRRPQGL,34,207.0
377,HLA-B44:03,6098.28,QII87826,ETQALPQRQKK,377,208.0
94,HLA-B44:03,6098.62,QII87826,RGGDGKMKDLS,94,209.0
364,HLA-B44:03,6098.76,QII87826,PTEPKKDKKKK,364,210.0
194,HLA-B44:03,6098.87,QII87826,RNSTPGSSRGT,194,211.0
55,HLA-B44:03,6098.95,QII87826,LTQHGKEDLKF,55,212.0
244,HLA-B44:03,6099.34,QII87826,TVTKKSAAEAS,244,213.0
300,HLA-B44:03,6099.37,QII87826,WPQIAQFAPSA,300,214.0
166,HLA-B44:03,6099.43,QII87826,LPKGFYAEGSR,166,215.0
125,HLA-B44:03,6099.53,QII87826,NKDGIIWVATE,125,216.0
234,HLA-B44:03,6099.67,QII87826,SGKGQQQQGQT,234,217.0
228,HLA-B44:03,6099.7,QII87826,QLESKMSGKGQ,228,218.0
138,HLA-B44:03,6099.77,QII87826,LNTPKDHIGTR,138,219.0
37,HLA-B44:03,6099.99,QII87826,KQRRPQGLPNN,37,220.0
296,HLA-B44:03,6100.0,QII87826,DYKHWPQIAQF,296,221.0
89,HLA-B44:03,6100.11,QII87826,ATRRIRGGDGK,89,222.0
157,HLA-B44:03,6100.11,QII87826,VLQLPQGTTLP,157,222.0
308,HLA-B44:03,6100.21,QII87826,PSASAFFGMSR,308,224.0
232,HLA-B44:03,6100.5,QII87826,KMSGKGQQQQG,232,225.0
229,HLA-B44:03,6100.64,QII87826,LESKMSGKGQQ,229,226.0
3,HLA-B44:03,6100.86,QII87826,NGPQNQRNAPR,3,227.0
248,HLA-B44:03,6101.07,QII87826,KSAAEASKKPR,248,228.0
190,HLA-B44:03,6101.32,QII87826,RNSSRNSTPGS,190,229.0
301,HLA-B44:03,6101.6,QII87826,PQIAQFAPSAS,301,230.0
401,HLA-B44:03,6101.64,QII87826,DFSKQLQQSMS,401,231.0
189,HLA-B44:03,6101.7,QII87826,SRNSSRNSTPG,189,232.0
143,HLA-B44:03,6101.87,QII87826,DHIGTRNPANN,143,233.0
196,HLA-B44:03,6101.97,QII87826,STPGSSRGTSP,196,234.0
385,HLA-B44:03,6102.15,QII87826,QKKQQTVTLLP,385,235.0
186,HLA-B44:03,6102.32,QII87826,SSRSRNSSRNS,186,236.0
96,HLA-B44:03,6102.38,QII87826,GDGKMKDLSPR,96,237.0
47,HLA-B44:03,6102.51,QII87826,NTASWFTALTQ,47,238.0
93,HLA-B44:03,6102.71,QII87826,IRGGDGKMKDL,93,239.0
200,HLA-B44:03,6102.71,QII87826,SSRGTSPARMA,200,239.0
224,HLA-B44:03,6102.73,QII87826,DRLNQLESKMS,224,241.0
305,HLA-B44:03,6102.91,QII87826,QFAPSASAFFG,305,242.0
8,HLA-B44:03,6103.23,QII87826,QRNAPRITFGG,8,243.0
277,HLA-B44:03,6103.28,QII87826,GPEQTQGNFGD,277,244.0
58,HLA-B44:03,6103.41,QII87826,HGKEDLKFPRG,58,245.0
78,HLA-B44:03,6104.02,QII87826,SPDDQIGYYRR,78,246.0
261,HLA-B44:03,6104.02,QII87826,RTATKAYNVTQ,261,246.0
140,HLA-B44:03,6104.13,QII87826,TPKDHIGTRNP,140,248.0
243,HLA-B44:03,6104.47,QII87826,QTVTKKSAAEA,243,249.0
284,HLA-B44:03,6104.76,QII87826,NFGDQELIRQG,284,250.0
2,HLA-B44:03,6105.17,QII87826,DNGPQNQRNAP,2,251.0
132,HLA-B44:03,6105.26,QII87826,VATEGALNTPK,132,252.0
350,HLA-B44:03,6105.45,QII87826,ILLNKHIDAYK,350,253.0
325,HLA-B44:03,6105.63,QII87826,PSGTWLTYTGA,325,254.0
315,HLA-B44:03,6105.67,QII87826,GMSRIGMEVTP,315,255.0
191,HLA-B44:03,6105.9,QII87826,NSSRNSTPGSS,191,256.0
1,HLA-B44:03,6105.98,QII87826,SDNGPQNQRNA,1,257.0
202,HLA-B44:03,6106.05,QII87826,RGTSPARMAGN,202,258.0
198,HLA-B44:03,6106.19,QII87826,PGSSRGTSPAR,198,259.0
299,HLA-B44:03,6106.28,QII87826,HWPQIAQFAPS,299,260.0
146,HLA-B44:03,6106.53,QII87826,GTRNPANNAAI,146,261.0
283,HLA-B44:03,6106.71,QII87826,GNFGDQELIRQ,283,262.0
207,HLA-B44:03,6107.02,QII87826,ARMAGNGGDAA,207,263.0
158,HLA-B44:03,6107.03,QII87826,LQLPQGTTLPK,158,264.0
323,HLA-B44:03,6107.25,QII87826,VTPSGTWLTYT,323,265.0
40,HLA-B44:03,6107.27,QII87826,RPQGLPNNTAS,40,266.0
272,HLA-B44:03,6107.31,QII87826,AFGRRGPEQTQ,272,267.0
23,HLA-B44:03,6107.45,QII87826,TGSNQNGERSG,23,268.0
205,HLA-B44:03,6107.59,QII87826,SPARMAGNGGD,205,269.0
79,HLA-B44:03,6107.79,QII87826,PDDQIGYYRRA,79,270.0
252,HLA-B44:03,6107.79,QII87826,EASKKPRQKRT,252,270.0
395,HLA-B44:03,6107.98,QII87826,PAADLDDFSKQ,395,272.0
382,HLA-B44:03,6108.0,QII87826,PQRQKKQQTVT,382,273.0
393,HLA-B44:03,6108.07,QII87826,LLPAADLDDFS,393,274.0
246,HLA-B44:03,6108.18,QII87826,TKKSAAEASKK,246,275.0
371,HLA-B44:03,6108.37,QII87826,KKKKADETQAL,371,276.0
356,HLA-B44:03,6108.65,QII87826,IDAYKTFPPTE,356,277.0
238,HLA-B44:03,6108.69,QII87826,QQQQGQTVTKK,238,278.0
406,HLA-B44:03,6108.86,QII87826,LQQSMSSADST,406,279.0
63,HLA-B44:03,6108.99,QII87826,LKFPRGQGVPI,63,280.0
271,HLA-B44:03,6109.04,QII87826,QAFGRRGPEQT,271,281.0
383,HLA-B44:03,6109.13,QII87826,QRQKKQQTVTL,383,282.0
160,HLA-B44:03,6109.35,QII87826,LPQGTTLPKGF,160,283.0
118,HLA-B44:03,6109.38,QII87826,AGLPYGANKDG,118,284.0
112,HLA-B44:03,6109.58,QII87826,LGTGPEAGLPY,112,285.0
379,HLA-B44:03,6109.62,QII87826,QALPQRQKKQQ,379,286.0
245,HLA-B44:03,6109.66,QII87826,VTKKSAAEASK,245,287.0
180,HLA-B44:03,6109.82,QII87826,QASSRSSSRSR,180,288.0
141,HLA-B44:03,6109.87,QII87826,PKDHIGTRNPA,141,289.0
38,HLA-B44:03,6109.88,QII87826,QRRPQGLPNNT,38,290.0
42,HLA-B44:03,6110.03,QII87826,QGLPNNTASWF,42,291.0
30,HLA-B44:03,6110.04,QII87826,ERSGARSKQRR,30,292.0
175,HLA-B44:03,6110.16,QII87826,SRGGSQASSRS,175,293.0
353,HLA-B44:03,6110.23,QII87826,NKHIDAYKTFP,353,294.0
298,HLA-B44:03,6110.52,QII87826,KHWPQIAQFAP,298,295.0
258,HLA-B44:03,6110.72,QII87826,RQKRTATKAYN,258,296.0
398,HLA-B44:03,6111.13,QII87826,DLDDFSKQLQQ,398,297.0
363,HLA-B44:03,6111.48,QII87826,PPTEPKKDKKK,363,298.0
10,HLA-B44:03,6111.98,QII87826,NAPRITFGGPS,10,299.0
98,HLA-B44:03,6112.19,QII87826,GKMKDLSPRWY,98,300.0
176,HLA-B44:03,6112.48,QII87826,RGGSQASSRSS,176,301.0
237,HLA-B44:03,6112.65,QII87826,GQQQQGQTVTK,237,302.0
163,HLA-B44:03,6112.75,QII87826,GTTLPKGFYAE,163,303.0
354,HLA-B44:03,6113.08,QII87826,KHIDAYKTFPP,354,304.0
197,HLA-B44:03,6113.31,QII87826,TPGSSRGTSPA,197,305.0
291,HLA-B44:03,6113.31,QII87826,IRQGTDYKHWP,291,305.0
54,HLA-B44:03,6113.35,QII87826,ALTQHGKEDLK,54,307.0
368,HLA-B44:03,6113.35,QII87826,KKDKKKKADET,368,307.0
358,HLA-B44:03,6113.45,QII87826,AYKTFPPTEPK,358,309.0
56,HLA-B44:03,6113.59,QII87826,TQHGKEDLKFP,56,310.0
230,HLA-B44:03,6113.84,QII87826,ESKMSGKGQQQ,230,311.0
220,HLA-B44:03,6113.85,QII87826,LLLLDRLNQLE,220,312.0
91,HLA-B44:03,6114.11,QII87826,RRIRGGDGKMK,91,313.0
375,HLA-B44:03,6114.33,QII87826,ADETQALPQRQ,375,314.0
370,HLA-B44:03,6114.48,QII87826,DKKKKADETQA,370,315.0
104,HLA-B44:03,6114.58,QII87826,SPRWYFYYLGT,104,316.0
249,HLA-B44:03,6114.58,QII87826,SAAEASKKPRQ,249,316.0
240,HLA-B44:03,6115.23,QII87826,QQGQTVTKKSA,240,318.0
5,HLA-B44:03,6115.42,QII87826,PQNQRNAPRIT,5,319.0
400,HLA-B44:03,6115.5,QII87826,DDFSKQLQQSM,400,320.0
376,HLA-B44:03,6115.55,QII87826,DETQALPQRQK,376,321.0
297,HLA-B44:03,6116.02,QII87826,YKHWPQIAQFA,297,322.0
231,HLA-B44:03,6116.07,QII87826,SKMSGKGQQQQ,231,323.0
178,HLA-B44:03,6116.1,QII87826,GSQASSRSSSR,178,324.0
19,HLA-B44:03,6116.14,QII87826,PSDSTGSNQNG,19,325.0
12,HLA-B44:03,6116.17,QII87826,PRITFGGPSDS,12,326.0
68,HLA-B44:03,6116.18,QII87826,GQGVPINTNSS,68,327.0
255,HLA-B44:03,6116.23,QII87826,KKPRQKRTATK,255,328.0
173,HLA-B44:03,6116.25,QII87826,EGSRGGSQASS,173,329.0
167,HLA-B44:03,6116.32,QII87826,PKGFYAEGSRG,167,330.0
242,HLA-B44:03,6117.15,QII87826,GQTVTKKSAAE,242,331.0
206,HLA-B44:03,6117.38,QII87826,PARMAGNGGDA,206,332.0
201,HLA-B44:03,6117.49,QII87826,SRGTSPARMAG,201,333.0
327,HLA-B44:03,6117.54,QII87826,GTWLTYTGAIK,327,334.0
149,HLA-B44:03,6117.73,QII87826,NPANNAAIVLQ,149,335.0
174,HLA-B44:03,6117.9,QII87826,GSRGGSQASSR,174,336.0
275,HLA-B44:03,6118.26,QII87826,RRGPEQTQGNF,275,337.0
25,HLA-B44:03,6118.61,QII87826,SNQNGERSGAR,25,338.0
264,HLA-B44:03,6119.38,QII87826,TKAYNVTQAFG,264,339.0
29,HLA-B44:03,6119.56,QII87826,GERSGARSKQR,29,340.0
274,HLA-B44:03,6119.57,QII87826,GRRGPEQTQGN,274,341.0
32,HLA-B44:03,6119.65,QII87826,SGARSKQRRPQ,32,342.0
57,HLA-B44:03,6119.75,QII87826,QHGKEDLKFPR,57,343.0
355,HLA-B44:03,6120.04,QII87826,HIDAYKTFPPT,355,344.0
294,HLA-B44:03,6120.12,QII87826,GTDYKHWPQIA,294,345.0
222,HLA-B44:03,6120.64,QII87826,LLDRLNQLESK,222,346.0
192,HLA-B44:03,6120.73,QII87826,SSRNSTPGSSR,192,347.0
317,HLA-B44:03,6121.12,QII87826,SRIGMEVTPSG,317,348.0
221,HLA-B44:03,6121.34,QII87826,LLLDRLNQLES,221,349.0
307,HLA-B44:03,6121.93,QII87826,APSASAFFGMS,307,350.0
254,HLA-B44:03,6122.01,QII87826,SKKPRQKRTAT,254,351.0
270,HLA-B44:03,6122.08,QII87826,TQAFGRRGPEQ,270,352.0
338,HLA-B44:03,6122.2,QII87826,LDDKDPNFKDQ,338,353.0
137,HLA-B44:03,6122.67,QII87826,ALNTPKDHIGT,137,354.0
312,HLA-B44:03,6122.71,QII87826,AFFGMSRIGME,312,355.0
241,HLA-B44:03,6122.82,QII87826,QGQTVTKKSAA,241,356.0
344,HLA-B44:03,6123.09,QII87826,NFKDQVILLNK,344,357.0
349,HLA-B44:03,6123.21,QII87826,VILLNKHIDAY,349,358.0
223,HLA-B44:03,6123.35,QII87826,LDRLNQLESKM,223,359.0
226,HLA-B44:03,6123.62,QII87826,LNQLESKMSGK,226,360.0
115,HLA-B44:03,6123.78,QII87826,GPEAGLPYGAN,115,361.0
407,HLA-B44:03,6124.46,QII87826,QQSMSSADSTQ,407,362.0
170,HLA-B44:03,6124.64,QII87826,FYAEGSRGGSQ,170,363.0
369,HLA-B44:03,6124.88,QII87826,KDKKKKADETQ,369,364.0
293,HLA-B44:03,6125.12,QII87826,QGTDYKHWPQI,293,365.0
126,HLA-B44:03,6125.74,QII87826,KDGIIWVATEG,126,366.0
257,HLA-B44:03,6125.83,QII87826,PRQKRTATKAY,257,367.0
50,HLA-B44:03,6125.93,QII87826,SWFTALTQHGK,50,368.0
90,HLA-B44:03,6126.11,QII87826,TRRIRGGDGKM,90,369.0
27,HLA-B44:03,6126.13,QII87826,QNGERSGARSK,27,370.0
59,HLA-B44:03,6126.27,QII87826,GKEDLKFPRGQ,59,371.0
367,HLA-B44:03,6126.86,QII87826,PKKDKKKKADE,367,372.0
36,HLA-B44:03,6127.07,QII87826,SKQRRPQGLPN,36,373.0
95,HLA-B44:03,6127.94,QII87826,GGDGKMKDLSP,95,374.0
17,HLA-B44:03,6129.68,QII87826,GGPSDSTGSNQ,17,375.0
120,HLA-B44:03,6129.79,QII87826,LPYGANKDGII,120,376.0
250,HLA-B44:03,6129.83,QII87826,AAEASKKPRQK,250,377.0
11,HLA-B44:03,6129.99,QII87826,APRITFGGPSD,11,378.0
152,HLA-B44:03,6130.44,QII87826,NNAAIVLQLPQ,152,379.0
187,HLA-B44:03,6130.47,QII87826,SRSRNSSRNST,187,380.0
403,HLA-B44:03,6131.19,QII87826,SKQLQQSMSSA,403,381.0
373,HLA-B44:03,6131.54,QII87826,KKADETQALPQ,373,382.0
16,HLA-B44:03,6131.69,QII87826,FGGPSDSTGSN,16,383.0
193,HLA-B44:03,6132.3,QII87826,SRNSTPGSSRG,193,384.0
343,HLA-B44:03,6132.55,QII87826,PNFKDQVILLN,343,385.0
333,HLA-B44:03,6132.6,QII87826,TGAIKLDDKDP,333,386.0
394,HLA-B44:03,6132.65,QII87826,LPAADLDDFSK,394,387.0
336,HLA-B44:03,6132.74,QII87826,IKLDDKDPNFK,336,388.0
218,HLA-B44:03,6132.76,QII87826,LALLLLDRLNQ,218,389.0
64,HLA-B44:03,6132.98,QII87826,KFPRGQGVPIN,64,390.0
142,HLA-B44:03,6133.76,QII87826,KDHIGTRNPAN,142,391.0
331,HLA-B44:03,6135.05,QII87826,TYTGAIKLDDK,331,392.0
72,HLA-B44:03,6135.46,QII87826,PINTNSSPDDQ,72,393.0
361,HLA-B44:03,6136.17,QII87826,TFPPTEPKKDK,361,394.0
397,HLA-B44:03,6136.93,QII87826,ADLDDFSKQLQ,397,395.0
18,HLA-B44:03,6137.83,QII87826,GPSDSTGSNQN,18,396.0
292,HLA-B44:03,6138.33,QII87826,RQGTDYKHWPQ,292,397.0
124,HLA-B44:03,6138.5,QII87826,ANKDGIIWVAT,124,398.0
334,HLA-B44:03,6138.67,QII87826,GAIKLDDKDPN,334,399.0
183,HLA-B44:03,6138.71,QII87826,SRSSSRSRNSS,183,400.0
316,HLA-B44:03,6139.18,QII87826,MSRIGMEVTPS,316,401.0
295,HLA-B44:03,6141.32,QII87826,TDYKHWPQIAQ,295,402.0
177,HLA-B44:03,6141.73,QII87826,GGSQASSRSSS,177,403.0
60,HLA-B44:03,6142.42,QII87826,KEDLKFPRGQG,60,404.0
69,HLA-B44:03,6143.64,QII87826,QGVPINTNSSP,69,405.0
66,HLA-B44:03,6144.72,QII87826,PRGQGVPINTN,66,406.0
71,HLA-B44:03,6145.95,QII87826,VPINTNSSPDD,71,407.0
278,HLA-B44:03,6174.98,QII87826,PEQTQGNFGDQ,278,408.0
116,HLA-B44:03,6191.45,QII87826,PEAGLPYGANK,116,409.0
319,HLA-B57:01,2285.83,QII87826,IGMEVTPSGTW,319,1.0
263,HLA-B57:01,4255.02,QII87826,ATKAYNVTQAF,263,2.0
76,HLA-B57:01,4717.46,QII87826,NSSPDDQIGYY,76,3.0
360,HLA-B57:01,5437.97,QII87826,KTFPPTEPKKD,360,4.0
156,HLA-B57:01,5526.1,QII87826,IVLQLPQGTTL,156,5.0
261,HLA-B57:01,5551.94,QII87826,RTATKAYNVTQ,261,6.0
290,HLA-B57:01,5568.82,QII87826,LIRQGTDYKHW,290,7.0
164,HLA-B57:01,5579.96,QII87826,TTLPKGFYAEG,164,8.0
265,HLA-B57:01,5589.57,QII87826,KAYNVTQAFGR,265,9.0
55,HLA-B57:01,5671.83,QII87826,LTQHGKEDLKF,55,10.0
188,HLA-B57:01,5678.6,QII87826,RSRNSSRNSTP,188,11.0
174,HLA-B57:01,5690.81,QII87826,GSRGGSQASSR,174,12.0
374,HLA-B57:01,5698.12,QII87826,KADETQALPQR,374,13.0
184,HLA-B57:01,5724.59,QII87826,RSSSRSRNSSR,184,14.0
77,HLA-B57:01,5726.84,QII87826,SSPDDQIGYYR,77,15.0
248,HLA-B57:01,5727.34,QII87826,KSAAEASKKPR,248,16.0
138,HLA-B57:01,5738.9,QII87826,LNTPKDHIGTR,138,17.0
14,HLA-B57:01,5742.71,QII87826,ITFGGPSDSTG,14,18.0
215,HLA-B57:01,5746.68,QII87826,DAALALLLLDR,215,19.0
282,HLA-B57:01,5749.73,QII87826,QGNFGDQELIR,282,20.0
57,HLA-B57:01,5771.61,QII87826,QHGKEDLKFPR,57,21.0
192,HLA-B57:01,5774.62,QII87826,SSRNSTPGSSR,192,22.0
84,HLA-B57:01,5778.09,QII87826,GYYRRATRRIR,84,23.0
180,HLA-B57:01,5779.27,QII87826,QASSRSSSRSR,180,24.0
96,HLA-B57:01,5783.91,QII87826,GDGKMKDLSPR,96,25.0
31,HLA-B57:01,5784.86,QII87826,RSGARSKQRRP,31,26.0
309,HLA-B57:01,5788.47,QII87826,SASAFFGMSRI,309,27.0
81,HLA-B57:01,5792.17,QII87826,DQIGYYRRATR,81,28.0
21,HLA-B57:01,5795.84,QII87826,DSTGSNQNGER,21,29.0
166,HLA-B57:01,5797.8,QII87826,LPKGFYAEGSR,166,30.0
394,HLA-B57:01,5802.17,QII87826,LPAADLDDFSK,394,31.0
331,HLA-B57:01,5802.27,QII87826,TYTGAIKLDDK,331,32.0
178,HLA-B57:01,5808.79,QII87826,GSQASSRSSSR,178,33.0
78,HLA-B57:01,5809.36,QII87826,SPDDQIGYYRR,78,34.0
3,HLA-B57:01,5810.2,QII87826,NGPQNQRNAPR,3,35.0
25,HLA-B57:01,5810.86,QII87826,SNQNGERSGAR,25,36.0
344,HLA-B57:01,5814.28,QII87826,NFKDQVILLNK,344,37.0
41,HLA-B57:01,5820.32,QII87826,PQGLPNNTASW,41,38.0
336,HLA-B57:01,5825.02,QII87826,IKLDDKDPNFK,336,39.0
327,HLA-B57:01,5826.18,QII87826,GTWLTYTGAIK,327,40.0
358,HLA-B57:01,5827.15,QII87826,AYKTFPPTEPK,358,41.0
99,HLA-B57:01,5830.29,QII87826,KMKDLSPRWYF,99,42.0
350,HLA-B57:01,5834.34,QII87826,ILLNKHIDAYK,350,43.0
29,HLA-B57:01,5835.99,QII87826,GERSGARSKQR,29,44.0
237,HLA-B57:01,5838.05,QII87826,GQQQQGQTVTK,237,45.0
361,HLA-B57:01,5838.84,QII87826,TFPPTEPKKDK,361,46.0
245,HLA-B57:01,5841.02,QII87826,VTKKSAAEASK,245,47.0
266,HLA-B57:01,5841.6,QII87826,AYNVTQAFGRR,266,48.0
97,HLA-B57:01,5845.56,QII87826,DGKMKDLSPRW,97,49.0
288,HLA-B57:01,5845.85,QII87826,QELIRQGTDYK,288,50.0
82,HLA-B57:01,5846.26,QII87826,QIGYYRRATRR,82,51.0
158,HLA-B57:01,5847.79,QII87826,LQLPQGTTLPK,158,52.0
251,HLA-B57:01,5852.06,QII87826,AEASKKPRQKR,251,53.0
116,HLA-B57:01,5854.5,QII87826,PEAGLPYGANK,116,54.0
54,HLA-B57:01,5855.83,QII87826,ALTQHGKEDLK,54,55.0
315,HLA-B57:01,5856.51,QII87826,GMSRIGMEVTP,315,56.0
216,HLA-B57:01,5856.95,QII87826,AALALLLLDRL,216,57.0
198,HLA-B57:01,5861.28,QII87826,PGSSRGTSPAR,198,58.0
253,HLA-B57:01,5861.66,QII87826,ASKKPRQKRTA,253,59.0
163,HLA-B57:01,5862.26,QII87826,GTTLPKGFYAE,163,60.0
255,HLA-B57:01,5865.57,QII87826,KKPRQKRTATK,255,61.0
35,HLA-B57:01,5867.65,QII87826,RSKQRRPQGLP,35,62.0
250,HLA-B57:01,5868.27,QII87826,AAEASKKPRQK,250,63.0
30,HLA-B57:01,5871.08,QII87826,ERSGARSKQRR,30,64.0
185,HLA-B57:01,5871.49,QII87826,SSSRSRNSSRN,185,65.0
181,HLA-B57:01,5873.32,QII87826,ASSRSSSRSRN,181,66.0
42,HLA-B57:01,5875.01,QII87826,QGLPNNTASWF,42,67.0
377,HLA-B57:01,5877.02,QII87826,ETQALPQRQKK,377,68.0
89,HLA-B57:01,5879.97,QII87826,ATRRIRGGDGK,89,69.0
308,HLA-B57:01,5880.21,QII87826,PSASAFFGMSR,308,70.0
50,HLA-B57:01,5881.74,QII87826,SWFTALTQHGK,50,71.0
222,HLA-B57:01,5887.58,QII87826,LLDRLNQLESK,222,72.0
238,HLA-B57:01,5887.79,QII87826,QQQQGQTVTKK,238,73.0
376,HLA-B57:01,5897.89,QII87826,DETQALPQRQK,376,74.0
359,HLA-B57:01,5898.67,QII87826,YKTFPPTEPKK,359,75.0
131,HLA-B57:01,5901.86,QII87826,WVATEGALNTP,131,76.0
363,HLA-B57:01,5903.73,QII87826,PPTEPKKDKKK,363,77.0
132,HLA-B57:01,5904.65,QII87826,VATEGALNTPK,132,78.0
246,HLA-B57:01,5909.22,QII87826,TKKSAAEASKK,246,79.0
362,HLA-B57:01,5914.53,QII87826,FPPTEPKKDKK,362,80.0
91,HLA-B57:01,5915.76,QII87826,RRIRGGDGKMK,91,81.0
330,HLA-B57:01,5920.89,QII87826,LTYTGAIKLDD,330,82.0
154,HLA-B57:01,5928.88,QII87826,AAIVLQLPQGT,154,83.0
364,HLA-B57:01,5929.87,QII87826,PTEPKKDKKKK,364,84.0
226,HLA-B57:01,5931.87,QII87826,LNQLESKMSGK,226,85.0
123,HLA-B57:01,5931.95,QII87826,GANKDGIIWVA,123,86.0
392,HLA-B57:01,5934.57,QII87826,TLLPAADLDDF,392,87.0
402,HLA-B57:01,5938.93,QII87826,FSKQLQQSMSS,402,88.0
408,HLA-B57:01,5939.46,QII87826,QSMSSADSTQA,408,89.0
92,HLA-B57:01,5944.02,QII87826,RIRGGDGKMKD,92,90.0
44,HLA-B57:01,5944.22,QII87826,LPNNTASWFTA,44,91.0
155,HLA-B57:01,5945.29,QII87826,AIVLQLPQGTT,155,92.0
332,HLA-B57:01,5945.48,QII87826,YTGAIKLDDKD,332,93.0
0,HLA-B57:01,5945.93,QII87826,MSDNGPQNQRN,0,94.0
391,HLA-B57:01,5946.21,QII87826,VTLLPAADLDD,391,95.0
335,HLA-B57:01,5947.19,QII87826,AIKLDDKDPNF,335,96.0
323,HLA-B57:01,5947.45,QII87826,VTPSGTWLTYT,323,97.0
196,HLA-B57:01,5948.88,QII87826,STPGSSRGTSP,196,98.0
146,HLA-B57:01,5950.05,QII87826,GTRNPANNAAI,146,99.0
379,HLA-B57:01,5951.22,QII87826,QALPQRQKKQQ,379,100.0
121,HLA-B57:01,5951.65,QII87826,PYGANKDGIIW,121,101.0
27,HLA-B57:01,5952.44,QII87826,QNGERSGARSK,27,102.0
130,HLA-B57:01,5953.39,QII87826,IWVATEGALNT,130,103.0
113,HLA-B57:01,5953.84,QII87826,GTGPEAGLPYG,113,104.0
83,HLA-B57:01,5958.23,QII87826,IGYYRRATRRI,83,105.0
124,HLA-B57:01,5958.4,QII87826,ANKDGIIWVAT,124,106.0
249,HLA-B57:01,5958.86,QII87826,SAAEASKKPRQ,249,107.0
52,HLA-B57:01,5959.25,QII87826,FTALTQHGKED,52,108.0
243,HLA-B57:01,5960.16,QII87826,QTVTKKSAAEA,243,109.0
388,HLA-B57:01,5960.47,QII87826,QQTVTLLPAAD,388,110.0
285,HLA-B57:01,5961.59,QII87826,FGDQELIRQGT,285,111.0
203,HLA-B57:01,5961.67,QII87826,GTSPARMAGNG,203,112.0
199,HLA-B57:01,5961.69,QII87826,GSSRGTSPARM,199,113.0
38,HLA-B57:01,5962.34,QII87826,QRRPQGLPNNT,38,114.0
272,HLA-B57:01,5964.82,QII87826,AFGRRGPEQTQ,272,115.0
386,HLA-B57:01,5966.05,QII87826,KKQQTVTLLPA,386,116.0
294,HLA-B57:01,5966.32,QII87826,GTDYKHWPQIA,294,117.0
5,HLA-B57:01,5966.76,QII87826,PQNQRNAPRIT,5,118.0
22,HLA-B57:01,5966.83,QII87826,STGSNQNGERS,22,119.0
254,HLA-B57:01,5967.8,QII87826,SKKPRQKRTAT,254,120.0
328,HLA-B57:01,5968.34,QII87826,TWLTYTGAIKL,328,121.0
141,HLA-B57:01,5969.0,QII87826,PKDHIGTRNPA,141,122.0
171,HLA-B57:01,5970.51,QII87826,YAEGSRGGSQA,171,123.0
318,HLA-B57:01,5971.2,QII87826,RIGMEVTPSGT,318,124.0
370,HLA-B57:01,5971.59,QII87826,DKKKKADETQA,370,125.0
51,HLA-B57:01,5972.1,QII87826,WFTALTQHGKE,51,126.0
260,HLA-B57:01,5972.4,QII87826,KRTATKAYNVT,260,127.0
303,HLA-B57:01,5972.46,QII87826,IAQFAPSASAF,303,128.0
297,HLA-B57:01,5972.49,QII87826,YKHWPQIAQFA,297,129.0
80,HLA-B57:01,5973.54,QII87826,DDQIGYYRRAT,80,130.0
47,HLA-B57:01,5974.53,QII87826,NTASWFTALTQ,47,131.0
347,HLA-B57:01,5974.99,QII87826,DQVILLNKHID,347,132.0
39,HLA-B57:01,5975.18,QII87826,RRPQGLPNNTA,39,133.0
234,HLA-B57:01,5975.33,QII87826,SGKGQQQQGQT,234,134.0
63,HLA-B57:01,5975.97,QII87826,LKFPRGQGVPI,63,135.0
241,HLA-B57:01,5976.42,QII87826,QGQTVTKKSAA,241,136.0
16,HLA-B57:01,5976.44,QII87826,FGGPSDSTGSN,16,137.0
348,HLA-B57:01,5976.93,QII87826,QVILLNKHIDA,348,138.0
191,HLA-B57:01,5977.56,QII87826,NSSRNSTPGSS,191,139.0
134,HLA-B57:01,5979.41,QII87826,TEGALNTPKDH,134,140.0
195,HLA-B57:01,5979.42,QII87826,NSTPGSSRGTS,195,141.0
162,HLA-B57:01,5979.87,QII87826,QGTTLPKGFYA,162,142.0
371,HLA-B57:01,5980.31,QII87826,KKKKADETQAL,371,143.0
304,HLA-B57:01,5980.34,QII87826,AQFAPSASAFF,304,144.0
65,HLA-B57:01,5980.44,QII87826,FPRGQGVPINT,65,145.0
74,HLA-B57:01,5980.49,QII87826,NTNSSPDDQIG,74,146.0
256,HLA-B57:01,5980.95,QII87826,KPRQKRTATKA,256,147.0
380,HLA-B57:01,5981.06,QII87826,ALPQRQKKQQT,380,148.0
136,HLA-B57:01,5981.34,QII87826,GALNTPKDHIG,136,149.0
24,HLA-B57:01,5981.94,QII87826,GSNQNGERSGA,24,150.0
182,HLA-B57:01,5982.4,QII87826,SSRSSSRSRNS,182,151.0
349,HLA-B57:01,5983.0,QII87826,VILLNKHIDAY,349,152.0
242,HLA-B57:01,5983.19,QII87826,GQTVTKKSAAE,242,153.0
233,HLA-B57:01,5983.59,QII87826,MSGKGQQQQGQ,233,154.0
367,HLA-B57:01,5984.43,QII87826,PKKDKKKKADE,367,155.0
289,HLA-B57:01,5984.48,QII87826,ELIRQGTDYKH,289,156.0
369,HLA-B57:01,5986.56,QII87826,KDKKKKADETQ,369,157.0
407,HLA-B57:01,5986.96,QII87826,QQSMSSADSTQ,407,158.0
352,HLA-B57:01,5987.07,QII87826,LNKHIDAYKTF,352,159.0
43,HLA-B57:01,5987.26,QII87826,GLPNNTASWFT,43,160.0
45,HLA-B57:01,5987.33,QII87826,PNNTASWFTAL,45,161.0
133,HLA-B57:01,5987.96,QII87826,ATEGALNTPKD,133,162.0
197,HLA-B57:01,5988.1,QII87826,TPGSSRGTSPA,197,163.0
286,HLA-B57:01,5988.66,QII87826,GDQELIRQGTD,286,164.0
98,HLA-B57:01,5989.37,QII87826,GKMKDLSPRWY,98,165.0
252,HLA-B57:01,5989.56,QII87826,EASKKPRQKRT,252,166.0
240,HLA-B57:01,5989.57,QII87826,QQGQTVTKKSA,240,167.0
314,HLA-B57:01,5989.97,QII87826,FGMSRIGMEVT,314,168.0
19,HLA-B57:01,5990.54,QII87826,PSDSTGSNQNG,19,169.0
48,HLA-B57:01,5990.63,QII87826,TASWFTALTQH,48,170.0
218,HLA-B57:01,5990.85,QII87826,LALLLLDRLNQ,218,171.0
105,HLA-B57:01,5991.45,QII87826,PRWYFYYLGTG,105,172.0
383,HLA-B57:01,5991.72,QII87826,QRQKKQQTVTL,383,173.0
375,HLA-B57:01,5992.32,QII87826,ADETQALPQRQ,375,174.0
104,HLA-B57:01,5992.99,QII87826,SPRWYFYYLGT,104,175.0
404,HLA-B57:01,5994.01,QII87826,KQLQQSMSSAD,404,176.0
139,HLA-B57:01,5994.1,QII87826,NTPKDHIGTRN,139,177.0
406,HLA-B57:01,5994.98,QII87826,LQQSMSSADST,406,178.0
160,HLA-B57:01,5995.11,QII87826,LPQGTTLPKGF,160,179.0
262,HLA-B57:01,5995.71,QII87826,TATKAYNVTQA,262,180.0
326,HLA-B57:01,5996.71,QII87826,SGTWLTYTGAI,326,181.0
60,HLA-B57:01,5997.46,QII87826,KEDLKFPRGQG,60,182.0
295,HLA-B57:01,5997.63,QII87826,TDYKHWPQIAQ,295,183.0
194,HLA-B57:01,5997.75,QII87826,RNSTPGSSRGT,194,184.0
49,HLA-B57:01,5997.8,QII87826,ASWFTALTQHG,49,185.0
321,HLA-B57:01,5998.32,QII87826,MEVTPSGTWLT,321,186.0
128,HLA-B57:01,5998.65,QII87826,GIIWVATEGAL,128,187.0
137,HLA-B57:01,5999.17,QII87826,ALNTPKDHIGT,137,188.0
148,HLA-B57:01,5999.77,QII87826,RNPANNAAIVL,148,189.0
186,HLA-B57:01,5999.84,QII87826,SSRSRNSSRNS,186,190.0
324,HLA-B57:01,6000.65,QII87826,TPSGTWLTYTG,324,191.0
283,HLA-B57:01,6000.78,QII87826,GNFGDQELIRQ,283,192.0
187,HLA-B57:01,6001.06,QII87826,SRSRNSSRNST,187,193.0
58,HLA-B57:01,6001.57,QII87826,HGKEDLKFPRG,58,194.0
345,HLA-B57:01,6002.71,QII87826,FKDQVILLNKH,345,195.0
46,HLA-B57:01,6003.21,QII87826,NNTASWFTALT,46,196.0
301,HLA-B57:01,6003.37,QII87826,PQIAQFAPSAS,301,197.0
6,HLA-B57:01,6003.83,QII87826,QNQRNAPRITF,6,198.0
107,HLA-B57:01,6004.05,QII87826,WYFYYLGTGPE,107,199.0
365,HLA-B57:01,6004.1,QII87826,TEPKKDKKKKA,365,200.0
143,HLA-B57:01,6005.27,QII87826,DHIGTRNPANN,143,201.0
214,HLA-B57:01,6005.93,QII87826,GDAALALLLLD,214,202.0
206,HLA-B57:01,6006.2,QII87826,PARMAGNGGDA,206,203.0
36,HLA-B57:01,6006.36,QII87826,SKQRRPQGLPN,36,204.0
72,HLA-B57:01,6006.85,QII87826,PINTNSSPDDQ,72,205.0
390,HLA-B57:01,6006.99,QII87826,TVTLLPAADLD,390,206.0
70,HLA-B57:01,6007.33,QII87826,GVPINTNSSPD,70,207.0
338,HLA-B57:01,6007.46,QII87826,LDDKDPNFKDQ,338,208.0
403,HLA-B57:01,6007.73,QII87826,SKQLQQSMSSA,403,209.0
17,HLA-B57:01,6007.9,QII87826,GGPSDSTGSNQ,17,210.0
129,HLA-B57:01,6008.12,QII87826,IIWVATEGALN,129,211.0
207,HLA-B57:01,6008.26,QII87826,ARMAGNGGDAA,207,212.0
209,HLA-B57:01,6008.37,QII87826,MAGNGGDAALA,209,213.0
382,HLA-B57:01,6008.5,QII87826,PQRQKKQQTVT,382,214.0
125,HLA-B57:01,6009.18,QII87826,NKDGIIWVATE,125,215.0
79,HLA-B57:01,6009.41,QII87826,PDDQIGYYRRA,79,216.0
40,HLA-B57:01,6009.78,QII87826,RPQGLPNNTAS,40,217.0
311,HLA-B57:01,6010.16,QII87826,SAFFGMSRIGM,311,218.0
145,HLA-B57:01,6010.38,QII87826,IGTRNPANNAA,145,219.0
244,HLA-B57:01,6010.44,QII87826,TVTKKSAAEAS,244,220.0
280,HLA-B57:01,6010.75,QII87826,QTQGNFGDQEL,280,221.0
172,HLA-B57:01,6011.53,QII87826,AEGSRGGSQAS,172,222.0
398,HLA-B57:01,6011.71,QII87826,DLDDFSKQLQQ,398,223.0
167,HLA-B57:01,6011.98,QII87826,PKGFYAEGSRG,167,224.0
396,HLA-B57:01,6012.02,QII87826,AADLDDFSKQL,396,225.0
269,HLA-B57:01,6012.09,QII87826,VTQAFGRRGPE,269,226.0
366,HLA-B57:01,6012.16,QII87826,EPKKDKKKKAD,366,227.0
150,HLA-B57:01,6012.41,QII87826,PANNAAIVLQL,150,228.0
152,HLA-B57:01,6012.6,QII87826,NNAAIVLQLPQ,152,229.0
115,HLA-B57:01,6012.99,QII87826,GPEAGLPYGAN,115,230.0
405,HLA-B57:01,6013.23,QII87826,QLQQSMSSADS,405,231.0
69,HLA-B57:01,6013.41,QII87826,QGVPINTNSSP,69,232.0
320,HLA-B57:01,6013.56,QII87826,GMEVTPSGTWL,320,233.0
387,HLA-B57:01,6013.56,QII87826,KQQTVTLLPAA,387,233.0
316,HLA-B57:01,6013.68,QII87826,MSRIGMEVTPS,316,235.0
395,HLA-B57:01,6013.73,QII87826,PAADLDDFSKQ,395,236.0
208,HLA-B57:01,6014.56,QII87826,RMAGNGGDAAL,208,237.0
400,HLA-B57:01,6014.63,QII87826,DDFSKQLQQSM,400,238.0
257,HLA-B57:01,6014.92,QII87826,PRQKRTATKAY,257,239.0
300,HLA-B57:01,6015.02,QII87826,WPQIAQFAPSA,300,240.0
101,HLA-B57:01,6015.65,QII87826,KDLSPRWYFYY,101,241.0
373,HLA-B57:01,6015.83,QII87826,KKADETQALPQ,373,242.0
271,HLA-B57:01,6015.99,QII87826,QAFGRRGPEQT,271,243.0
177,HLA-B57:01,6016.03,QII87826,GGSQASSRSSS,177,244.0
170,HLA-B57:01,6016.37,QII87826,FYAEGSRGGSQ,170,245.0
157,HLA-B57:01,6016.41,QII87826,VLQLPQGTTLP,157,246.0
127,HLA-B57:01,6016.66,QII87826,DGIIWVATEGA,127,247.0
179,HLA-B57:01,6016.8,QII87826,SQASSRSSSRS,179,248.0
325,HLA-B57:01,6017.19,QII87826,PSGTWLTYTGA,325,249.0
8,HLA-B57:01,6017.32,QII87826,QRNAPRITFGG,8,250.0
71,HLA-B57:01,6017.49,QII87826,VPINTNSSPDD,71,251.0
85,HLA-B57:01,6017.63,QII87826,YYRRATRRIRG,85,252.0
351,HLA-B57:01,6017.63,QII87826,LLNKHIDAYKT,351,252.0
109,HLA-B57:01,6017.88,QII87826,FYYLGTGPEAG,109,254.0
292,HLA-B57:01,6017.88,QII87826,RQGTDYKHWPQ,292,254.0
126,HLA-B57:01,6018.02,QII87826,KDGIIWVATEG,126,256.0
142,HLA-B57:01,6018.52,QII87826,KDHIGTRNPAN,142,257.0
4,HLA-B57:01,6018.9,QII87826,GPQNQRNAPRI,4,258.0
230,HLA-B57:01,6019.75,QII87826,ESKMSGKGQQQ,230,259.0
337,HLA-B57:01,6020.24,QII87826,KLDDKDPNFKD,337,260.0
368,HLA-B57:01,6020.38,QII87826,KKDKKKKADET,368,261.0
135,HLA-B57:01,6020.46,QII87826,EGALNTPKDHI,135,262.0
114,HLA-B57:01,6020.77,QII87826,TGPEAGLPYGA,114,263.0
247,HLA-B57:01,6020.82,QII87826,KKSAAEASKKP,247,264.0
277,HLA-B57:01,6021.36,QII87826,GPEQTQGNFGD,277,265.0
389,HLA-B57:01,6021.49,QII87826,QTVTLLPAADL,389,266.0
144,HLA-B57:01,6021.59,QII87826,HIGTRNPANNA,144,267.0
397,HLA-B57:01,6022.24,QII87826,ADLDDFSKQLQ,397,268.0
66,HLA-B57:01,6022.45,QII87826,PRGQGVPINTN,66,269.0
340,HLA-B57:01,6022.9,QII87826,DKDPNFKDQVI,340,270.0
102,HLA-B57:01,6023.15,QII87826,DLSPRWYFYYL,102,271.0
333,HLA-B57:01,6023.26,QII87826,TGAIKLDDKDP,333,272.0
117,HLA-B57:01,6023.52,QII87826,EAGLPYGANKD,117,273.0
356,HLA-B57:01,6023.94,QII87826,IDAYKTFPPTE,356,274.0
322,HLA-B57:01,6024.18,QII87826,EVTPSGTWLTY,322,275.0
149,HLA-B57:01,6024.19,QII87826,NPANNAAIVLQ,149,276.0
90,HLA-B57:01,6024.53,QII87826,TRRIRGGDGKM,90,277.0
399,HLA-B57:01,6024.99,QII87826,LDDFSKQLQQS,399,278.0
12,HLA-B57:01,6025.41,QII87826,PRITFGGPSDS,12,279.0
346,HLA-B57:01,6026.05,QII87826,KDQVILLNKHI,346,280.0
235,HLA-B57:01,6026.06,QII87826,GKGQQQQGQTV,235,281.0
231,HLA-B57:01,6026.37,QII87826,SKMSGKGQQQQ,231,282.0
110,HLA-B57:01,6026.56,QII87826,YYLGTGPEAGL,110,283.0
100,HLA-B57:01,6027.0,QII87826,MKDLSPRWYFY,100,284.0
87,HLA-B57:01,6027.08,QII87826,RRATRRIRGGD,87,285.0
381,HLA-B57:01,6027.15,QII87826,LPQRQKKQQTV,381,286.0
13,HLA-B57:01,6027.25,QII87826,RITFGGPSDST,13,287.0
212,HLA-B57:01,6027.64,QII87826,NGGDAALALLL,212,288.0
236,HLA-B57:01,6027.7,QII87826,KGQQQQGQTVT,236,289.0
73,HLA-B57:01,6027.84,QII87826,INTNSSPDDQI,73,290.0
223,HLA-B57:01,6027.89,QII87826,LDRLNQLESKM,223,291.0
108,HLA-B57:01,6027.97,QII87826,YFYYLGTGPEA,108,292.0
201,HLA-B57:01,6028.16,QII87826,SRGTSPARMAG,201,293.0
296,HLA-B57:01,6028.35,QII87826,DYKHWPQIAQF,296,294.0
210,HLA-B57:01,6028.5,QII87826,AGNGGDAALAL,210,295.0
211,HLA-B57:01,6028.53,QII87826,GNGGDAALALL,211,296.0
140,HLA-B57:01,6028.74,QII87826,TPKDHIGTRNP,140,297.0
274,HLA-B57:01,6028.87,QII87826,GRRGPEQTQGN,274,298.0
32,HLA-B57:01,6028.93,QII87826,SGARSKQRRPQ,32,299.0
64,HLA-B57:01,6029.23,QII87826,KFPRGQGVPIN,64,300.0
275,HLA-B57:01,6029.43,QII87826,RRGPEQTQGNF,275,301.0
205,HLA-B57:01,6029.76,QII87826,SPARMAGNGGD,205,302.0
259,HLA-B57:01,6029.77,QII87826,QKRTATKAYNV,259,303.0
18,HLA-B57:01,6030.15,QII87826,GPSDSTGSNQN,18,304.0
176,HLA-B57:01,6030.31,QII87826,RGGSQASSRSS,176,305.0
342,HLA-B57:01,6030.49,QII87826,DPNFKDQVILL,342,306.0
213,HLA-B57:01,6030.6,QII87826,GGDAALALLLL,213,307.0
93,HLA-B57:01,6030.83,QII87826,IRGGDGKMKDL,93,308.0
202,HLA-B57:01,6031.12,QII87826,RGTSPARMAGN,202,309.0
298,HLA-B57:01,6031.36,QII87826,KHWPQIAQFAP,298,310.0
193,HLA-B57:01,6031.39,QII87826,SRNSTPGSSRG,193,311.0
75,HLA-B57:01,6031.97,QII87826,TNSSPDDQIGY,75,312.0
343,HLA-B57:01,6032.32,QII87826,PNFKDQVILLN,343,313.0
173,HLA-B57:01,6032.54,QII87826,EGSRGGSQASS,173,314.0
264,HLA-B57:01,6032.64,QII87826,TKAYNVTQAFG,264,315.0
20,HLA-B57:01,6032.91,QII87826,SDSTGSNQNGE,20,316.0
310,HLA-B57:01,6033.2,QII87826,ASAFFGMSRIG,310,317.0
278,HLA-B57:01,6033.64,QII87826,PEQTQGNFGDQ,278,318.0
302,HLA-B57:01,6034.17,QII87826,QIAQFAPSASA,302,319.0
112,HLA-B57:01,6034.37,QII87826,LGTGPEAGLPY,112,320.0
200,HLA-B57:01,6034.44,QII87826,SSRGTSPARMA,200,321.0
305,HLA-B57:01,6034.92,QII87826,QFAPSASAFFG,305,322.0
95,HLA-B57:01,6035.24,QII87826,GGDGKMKDLSP,95,323.0
169,HLA-B57:01,6035.64,QII87826,GFYAEGSRGGS,169,324.0
227,HLA-B57:01,6036.09,QII87826,NQLESKMSGKG,227,325.0
26,HLA-B57:01,6036.62,QII87826,NQNGERSGARS,26,326.0
151,HLA-B57:01,6036.8,QII87826,ANNAAIVLQLP,151,327.0
122,HLA-B57:01,6037.17,QII87826,YGANKDGIIWV,122,328.0
329,HLA-B57:01,6037.18,QII87826,WLTYTGAIKLD,329,329.0
67,HLA-B57:01,6037.45,QII87826,RGQGVPINTNS,67,330.0
372,HLA-B57:01,6037.58,QII87826,KKKADETQALP,372,331.0
119,HLA-B57:01,6037.76,QII87826,GLPYGANKDGI,119,332.0
299,HLA-B57:01,6037.85,QII87826,HWPQIAQFAPS,299,333.0
334,HLA-B57:01,6037.86,QII87826,GAIKLDDKDPN,334,334.0
34,HLA-B57:01,6038.21,QII87826,ARSKQRRPQGL,34,335.0
378,HLA-B57:01,6038.28,QII87826,TQALPQRQKKQ,378,336.0
175,HLA-B57:01,6038.43,QII87826,SRGGSQASSRS,175,337.0
1,HLA-B57:01,6039.23,QII87826,SDNGPQNQRNA,1,338.0
118,HLA-B57:01,6039.33,QII87826,AGLPYGANKDG,118,339.0
37,HLA-B57:01,6039.57,QII87826,KQRRPQGLPNN,37,340.0
220,HLA-B57:01,6039.87,QII87826,LLLLDRLNQLE,220,341.0
354,HLA-B57:01,6040.18,QII87826,KHIDAYKTFPP,354,342.0
339,HLA-B57:01,6041.46,QII87826,DDKDPNFKDQV,339,343.0
56,HLA-B57:01,6041.93,QII87826,TQHGKEDLKFP,56,344.0
355,HLA-B57:01,6042.31,QII87826,HIDAYKTFPPT,355,345.0
279,HLA-B57:01,6042.36,QII87826,EQTQGNFGDQE,279,346.0
165,HLA-B57:01,6042.44,QII87826,TLPKGFYAEGS,165,347.0
147,HLA-B57:01,6043.47,QII87826,TRNPANNAAIV,147,348.0
284,HLA-B57:01,6043.63,QII87826,NFGDQELIRQG,284,349.0
15,HLA-B57:01,6043.66,QII87826,TFGGPSDSTGS,15,350.0
2,HLA-B57:01,6044.07,QII87826,DNGPQNQRNAP,2,351.0
267,HLA-B57:01,6044.46,QII87826,YNVTQAFGRRG,267,352.0
287,HLA-B57:01,6045.04,QII87826,DQELIRQGTDY,287,353.0
341,HLA-B57:01,6045.67,QII87826,KDPNFKDQVIL,341,354.0
293,HLA-B57:01,6045.83,QII87826,QGTDYKHWPQI,293,355.0
7,HLA-B57:01,6046.42,QII87826,NQRNAPRITFG,7,356.0
239,HLA-B57:01,6046.6,QII87826,QQQGQTVTKKS,239,357.0
68,HLA-B57:01,6046.97,QII87826,GQGVPINTNSS,68,358.0
219,HLA-B57:01,6047.64,QII87826,ALLLLDRLNQL,219,359.0
33,HLA-B57:01,6048.07,QII87826,GARSKQRRPQG,33,360.0
28,HLA-B57:01,6049.05,QII87826,NGERSGARSKQ,28,361.0
306,HLA-B57:01,6050.76,QII87826,FAPSASAFFGM,306,362.0
229,HLA-B57:01,6051.37,QII87826,LESKMSGKGQQ,229,363.0
189,HLA-B57:01,6051.59,QII87826,SRNSSRNSTPG,189,364.0
94,HLA-B57:01,6052.81,QII87826,RGGDGKMKDLS,94,365.0
313,HLA-B57:01,6052.95,QII87826,FFGMSRIGMEV,313,366.0
393,HLA-B57:01,6052.97,QII87826,LLPAADLDDFS,393,367.0
10,HLA-B57:01,6053.08,QII87826,NAPRITFGGPS,10,368.0
312,HLA-B57:01,6053.16,QII87826,AFFGMSRIGME,312,369.0
384,HLA-B57:01,6053.2,QII87826,RQKKQQTVTLL,384,370.0
88,HLA-B57:01,6053.95,QII87826,RATRRIRGGDG,88,371.0
258,HLA-B57:01,6054.38,QII87826,RQKRTATKAYN,258,372.0
161,HLA-B57:01,6055.35,QII87826,PQGTTLPKGFY,161,373.0
120,HLA-B57:01,6055.74,QII87826,LPYGANKDGII,120,374.0
9,HLA-B57:01,6055.93,QII87826,RNAPRITFGGP,9,375.0
273,HLA-B57:01,6056.96,QII87826,FGRRGPEQTQG,273,376.0
281,HLA-B57:01,6057.12,QII87826,TQGNFGDQELI,281,377.0
86,HLA-B57:01,6057.66,QII87826,YRRATRRIRGG,86,378.0
270,HLA-B57:01,6057.7,QII87826,TQAFGRRGPEQ,270,379.0
357,HLA-B57:01,6057.75,QII87826,DAYKTFPPTEP,357,380.0
217,HLA-B57:01,6060.59,QII87826,ALALLLLDRLN,217,381.0
268,HLA-B57:01,6060.83,QII87826,NVTQAFGRRGP,268,382.0
221,HLA-B57:01,6061.38,QII87826,LLLDRLNQLES,221,383.0
183,HLA-B57:01,6061.58,QII87826,SRSSSRSRNSS,183,384.0
159,HLA-B57:01,6062.18,QII87826,QLPQGTTLPKG,159,385.0
103,HLA-B57:01,6064.88,QII87826,LSPRWYFYYLG,103,386.0
61,HLA-B57:01,6066.71,QII87826,EDLKFPRGQGV,61,387.0
353,HLA-B57:01,6067.93,QII87826,NKHIDAYKTFP,353,388.0
291,HLA-B57:01,6068.39,QII87826,IRQGTDYKHWP,291,389.0
190,HLA-B57:01,6068.74,QII87826,RNSSRNSTPGS,190,390.0
62,HLA-B57:01,6070.57,QII87826,DLKFPRGQGVP,62,391.0
204,HLA-B57:01,6070.82,QII87826,TSPARMAGNGG,204,392.0
225,HLA-B57:01,6070.88,QII87826,RLNQLESKMSG,225,393.0
228,HLA-B57:01,6071.96,QII87826,QLESKMSGKGQ,228,394.0
11,HLA-B57:01,6072.87,QII87826,APRITFGGPSD,11,395.0
401,HLA-B57:01,6073.45,QII87826,DFSKQLQQSMS,401,396.0
276,HLA-B57:01,6074.58,QII87826,RGPEQTQGNFG,276,397.0
168,HLA-B57:01,6075.11,QII87826,KGFYAEGSRGG,168,398.0
111,HLA-B57:01,6075.16,QII87826,YLGTGPEAGLP,111,399.0
224,HLA-B57:01,6076.37,QII87826,DRLNQLESKMS,224,400.0
23,HLA-B57:01,6077.41,QII87826,TGSNQNGERSG,23,401.0
385,HLA-B57:01,6078.41,QII87826,QKKQQTVTLLP,385,402.0
53,HLA-B57:01,6078.77,QII87826,TALTQHGKEDL,53,403.0
59,HLA-B57:01,6084.53,QII87826,GKEDLKFPRGQ,59,404.0
307,HLA-B57:01,6089.05,QII87826,APSASAFFGMS,307,405.0
106,HLA-B57:01,6095.62,QII87826,RWYFYYLGTGP,106,406.0
317,HLA-B57:01,6095.84,QII87826,SRIGMEVTPSG,317,407.0
153,HLA-B57:01,6100.78,QII87826,NAAIVLQLPQG,153,408.0
232,HLA-B57:01,6120.46,QII87826,KMSGKGQQQQG,232,409.0
319,HLA-B58:01,8.11,QII87826,IGMEVTPSGTW,319,1.0
76,HLA-B58:01,184.44,QII87826,NSSPDDQIGYY,76,2.0
99,HLA-B58:01,422.43,QII87826,KMKDLSPRWYF,99,3.0
55,HLA-B58:01,1791.91,QII87826,LTQHGKEDLKF,55,4.0
184,HLA-B58:01,2042.85,QII87826,RSSSRSRNSSR,184,5.0
248,HLA-B58:01,2308.9,QII87826,KSAAEASKKPR,248,6.0
309,HLA-B58:01,3203.76,QII87826,SASAFFGMSRI,309,7.0
185,HLA-B58:01,3331.46,QII87826,SSSRSRNSSRN,185,8.0
181,HLA-B58:01,3342.62,QII87826,ASSRSSSRSRN,181,9.0
360,HLA-B58:01,3656.36,QII87826,KTFPPTEPKKD,360,10.0
48,HLA-B58:01,3866.57,QII87826,TASWFTALTQH,48,11.0
265,HLA-B58:01,4031.13,QII87826,KAYNVTQAFGR,265,12.0
290,HLA-B58:01,4290.56,QII87826,LIRQGTDYKHW,290,13.0
261,HLA-B58:01,5047.56,QII87826,RTATKAYNVTQ,261,14.0
0,HLA-B58:01,5758.23,QII87826,MSDNGPQNQRN,0,15.0
121,HLA-B58:01,6485.59,QII87826,PYGANKDGIIW,121,16.0
83,HLA-B58:01,6750.73,QII87826,IGYYRRATRRI,83,17.0
180,HLA-B58:01,8430.86,QII87826,QASSRSSSRSR,180,18.0
41,HLA-B58:01,8490.12,QII87826,PQGLPNNTASW,41,19.0
330,HLA-B58:01,9844.37,QII87826,LTYTGAIKLDD,330,20.0
123,HLA-B58:01,10232.18,QII87826,GANKDGIIWVA,123,21.0
135,HLA-B58:01,11060.38,QII87826,EGALNTPKDHI,135,22.0
67,HLA-B58:01,11137.14,QII87826,RGQGVPINTNS,67,23.0
213,HLA-B58:01,11326.46,QII87826,GGDAALALLLL,213,24.0
209,HLA-B58:01,11353.9,QII87826,MAGNGGDAALA,209,25.0
311,HLA-B58:01,11736.81,QII87826,SAFFGMSRIGM,311,26.0
216,HLA-B58:01,11768.0,QII87826,AALALLLLDRL,216,27.0
14,HLA-B58:01,11796.64,QII87826,ITFGGPSDSTG,14,28.0
263,HLA-B58:01,12046.35,QII87826,ATKAYNVTQAF,263,29.0
262,HLA-B58:01,12835.99,QII87826,TATKAYNVTQA,262,30.0
73,HLA-B58:01,12953.38,QII87826,INTNSSPDDQI,73,31.0
156,HLA-B58:01,14038.9,QII87826,IVLQLPQGTTL,156,32.0
199,HLA-B58:01,14172.5,QII87826,GSSRGTSPARM,199,33.0
408,HLA-B58:01,14786.3,QII87826,QSMSSADSTQA,408,34.0
47,HLA-B58:01,14817.83,QII87826,NTASWFTALTQ,47,35.0
52,HLA-B58:01,15024.29,QII87826,FTALTQHGKED,52,36.0
146,HLA-B58:01,15788.89,QII87826,GTRNPANNAAI,146,37.0
208,HLA-B58:01,16161.29,QII87826,RMAGNGGDAAL,208,38.0
315,HLA-B58:01,16218.77,QII87826,GMSRIGMEVTP,315,39.0
332,HLA-B58:01,16344.91,QII87826,YTGAIKLDDKD,332,40.0
129,HLA-B58:01,16348.44,QII87826,IIWVATEGALN,129,41.0
303,HLA-B58:01,16369.69,QII87826,IAQFAPSASAF,303,42.0
46,HLA-B58:01,16491.13,QII87826,NNTASWFTALT,46,43.0
122,HLA-B58:01,17151.34,QII87826,YGANKDGIIWV,122,44.0
97,HLA-B58:01,17639.92,QII87826,DGKMKDLSPRW,97,45.0
374,HLA-B58:01,18177.86,QII87826,KADETQALPQR,374,46.0
302,HLA-B58:01,18194.2,QII87826,QIAQFAPSASA,302,47.0
323,HLA-B58:01,19339.73,QII87826,VTPSGTWLTYT,323,48.0
42,HLA-B58:01,19746.52,QII87826,QGLPNNTASWF,42,49.0
305,HLA-B58:01,19920.31,QII87826,QFAPSASAFFG,305,50.0
24,HLA-B58:01,20083.11,QII87826,GSNQNGERSGA,24,51.0
35,HLA-B58:01,20314.43,QII87826,RSKQRRPQGLP,35,52.0
218,HLA-B58:01,20569.78,QII87826,LALLLLDRLNQ,218,53.0
31,HLA-B58:01,20808.14,QII87826,RSGARSKQRRP,31,54.0
316,HLA-B58:01,21094.21,QII87826,MSRIGMEVTPS,316,55.0
236,HLA-B58:01,21137.06,QII87826,KGQQQQGQTVT,236,56.0
49,HLA-B58:01,21137.99,QII87826,ASWFTALTQHG,49,57.0
191,HLA-B58:01,21252.25,QII87826,NSSRNSTPGSS,191,58.0
163,HLA-B58:01,21488.74,QII87826,GTTLPKGFYAE,163,59.0
203,HLA-B58:01,21679.79,QII87826,GTSPARMAGNG,203,60.0
202,HLA-B58:01,22475.11,QII87826,RGTSPARMAGN,202,61.0
348,HLA-B58:01,23279.26,QII87826,QVILLNKHIDA,348,62.0
174,HLA-B58:01,23407.8,QII87826,GSRGGSQASSR,174,63.0
225,HLA-B58:01,23544.09,QII87826,RLNQLESKMSG,225,64.0
150,HLA-B58:01,23568.92,QII87826,PANNAAIVLQL,150,65.0
145,HLA-B58:01,23960.47,QII87826,IGTRNPANNAA,145,66.0
281,HLA-B58:01,24601.52,QII87826,TQGNFGDQELI,281,67.0
308,HLA-B58:01,24646.08,QII87826,PSASAFFGMSR,308,68.0
188,HLA-B58:01,25090.3,QII87826,RSRNSSRNSTP,188,69.0
310,HLA-B58:01,25347.56,QII87826,ASAFFGMSRIG,310,70.0
306,HLA-B58:01,25434.9,QII87826,FAPSASAFFGM,306,71.0
389,HLA-B58:01,25503.32,QII87826,QTVTLLPAADL,389,72.0
75,HLA-B58:01,25604.33,QII87826,TNSSPDDQIGY,75,73.0
391,HLA-B58:01,25820.38,QII87826,VTLLPAADLDD,391,74.0
177,HLA-B58:01,26040.7,QII87826,GGSQASSRSSS,177,75.0
294,HLA-B58:01,26197.54,QII87826,GTDYKHWPQIA,294,76.0
131,HLA-B58:01,26518.06,QII87826,WVATEGALNTP,131,77.0
136,HLA-B58:01,26773.07,QII87826,GALNTPKDHIG,136,78.0
82,HLA-B58:01,26845.82,QII87826,QIGYYRRATRR,82,79.0
327,HLA-B58:01,26879.94,QII87826,GTWLTYTGAIK,327,80.0
243,HLA-B58:01,26972.18,QII87826,QTVTKKSAAEA,243,81.0
212,HLA-B58:01,27106.52,QII87826,NGGDAALALLL,212,82.0
282,HLA-B58:01,27428.65,QII87826,QGNFGDQELIR,282,83.0
334,HLA-B58:01,27518.3,QII87826,GAIKLDDKDPN,334,84.0
233,HLA-B58:01,27559.07,QII87826,MSGKGQQQQGQ,233,85.0
405,HLA-B58:01,27645.21,QII87826,QLQQSMSSADS,405,86.0
289,HLA-B58:01,27700.78,QII87826,ELIRQGTDYKH,289,87.0
144,HLA-B58:01,27768.97,QII87826,HIGTRNPANNA,144,88.0
314,HLA-B58:01,27792.84,QII87826,FGMSRIGMEVT,314,89.0
186,HLA-B58:01,27820.53,QII87826,SSRSRNSSRNS,186,90.0
103,HLA-B58:01,27924.95,QII87826,LSPRWYFYYLG,103,91.0
293,HLA-B58:01,27956.92,QII87826,QGTDYKHWPQI,293,92.0
280,HLA-B58:01,28099.49,QII87826,QTQGNFGDQEL,280,93.0
102,HLA-B58:01,28287.65,QII87826,DLSPRWYFYYL,102,94.0
269,HLA-B58:01,28379.26,QII87826,VTQAFGRRGPE,269,95.0
6,HLA-B58:01,28652.76,QII87826,QNQRNAPRITF,6,96.0
322,HLA-B58:01,28663.76,QII87826,EVTPSGTWLTY,322,97.0
101,HLA-B58:01,28909.95,QII87826,KDLSPRWYFYY,101,98.0
149,HLA-B58:01,28915.65,QII87826,NPANNAAIVLQ,149,99.0
182,HLA-B58:01,29017.72,QII87826,SSRSSSRSRNS,182,100.0
351,HLA-B58:01,29045.78,QII87826,LLNKHIDAYKT,351,101.0
345,HLA-B58:01,29117.14,QII87826,FKDQVILLNKH,345,102.0
210,HLA-B58:01,29231.74,QII87826,AGNGGDAALAL,210,103.0
178,HLA-B58:01,29271.53,QII87826,GSQASSRSSSR,178,104.0
124,HLA-B58:01,29358.3,QII87826,ANKDGIIWVAT,124,105.0
148,HLA-B58:01,29410.81,QII87826,RNPANNAAIVL,148,106.0
318,HLA-B58:01,29424.76,QII87826,RIGMEVTPSGT,318,107.0
151,HLA-B58:01,29587.62,QII87826,ANNAAIVLQLP,151,108.0
214,HLA-B58:01,29622.02,QII87826,GDAALALLLLD,214,109.0
296,HLA-B58:01,29712.17,QII87826,DYKHWPQIAQF,296,110.0
164,HLA-B58:01,29774.99,QII87826,TTLPKGFYAEG,164,111.0
249,HLA-B58:01,29912.77,QII87826,SAAEASKKPRQ,249,112.0
100,HLA-B58:01,29948.94,QII87826,MKDLSPRWYFY,100,113.0
260,HLA-B58:01,30094.49,QII87826,KRTATKAYNVT,260,114.0
162,HLA-B58:01,30113.05,QII87826,QGTTLPKGFYA,162,115.0
325,HLA-B58:01,30156.04,QII87826,PSGTWLTYTGA,325,116.0
64,HLA-B58:01,30190.88,QII87826,KFPRGQGVPIN,64,117.0
390,HLA-B58:01,30224.03,QII87826,TVTLLPAADLD,390,118.0
326,HLA-B58:01,30230.22,QII87826,SGTWLTYTGAI,326,119.0
349,HLA-B58:01,30358.47,QII87826,VILLNKHIDAY,349,120.0
392,HLA-B58:01,30373.84,QII87826,TLLPAADLDDF,392,121.0
220,HLA-B58:01,30377.43,QII87826,LLLLDRLNQLE,220,122.0
154,HLA-B58:01,30522.1,QII87826,AAIVLQLPQGT,154,123.0
127,HLA-B58:01,30623.59,QII87826,DGIIWVATEGA,127,124.0
119,HLA-B58:01,30651.16,QII87826,GLPYGANKDGI,119,125.0
346,HLA-B58:01,30660.03,QII87826,KDQVILLNKHI,346,126.0
198,HLA-B58:01,30687.73,QII87826,PGSSRGTSPAR,198,127.0
152,HLA-B58:01,30858.86,QII87826,NNAAIVLQLPQ,152,128.0
113,HLA-B58:01,30979.53,QII87826,GTGPEAGLPYG,113,129.0
23,HLA-B58:01,31131.08,QII87826,TGSNQNGERSG,23,130.0
195,HLA-B58:01,31287.04,QII87826,NSTPGSSRGTS,195,131.0
347,HLA-B58:01,31340.82,QII87826,DQVILLNKHID,347,132.0
112,HLA-B58:01,31359.1,QII87826,LGTGPEAGLPY,112,133.0
321,HLA-B58:01,31380.69,QII87826,MEVTPSGTWLT,321,134.0
108,HLA-B58:01,31414.45,QII87826,YFYYLGTGPEA,108,135.0
125,HLA-B58:01,31490.52,QII87826,NKDGIIWVATE,125,136.0
379,HLA-B58:01,31661.33,QII87826,QALPQRQKKQQ,379,137.0
396,HLA-B58:01,31666.73,QII87826,AADLDDFSKQL,396,138.0
304,HLA-B58:01,31696.41,QII87826,AQFAPSASAFF,304,139.0
329,HLA-B58:01,31768.52,QII87826,WLTYTGAIKLD,329,140.0
74,HLA-B58:01,31785.27,QII87826,NTNSSPDDQIG,74,141.0
53,HLA-B58:01,31924.57,QII87826,TALTQHGKEDL,53,142.0
4,HLA-B58:01,32226.19,QII87826,GPQNQRNAPRI,4,143.0
44,HLA-B58:01,32262.0,QII87826,LPNNTASWFTA,44,144.0
328,HLA-B58:01,32304.25,QII87826,TWLTYTGAIKL,328,145.0
200,HLA-B58:01,32360.07,QII87826,SSRGTSPARMA,200,146.0
88,HLA-B58:01,32452.7,QII87826,RATRRIRGGDG,88,147.0
69,HLA-B58:01,32518.86,QII87826,QGVPINTNSSP,69,148.0
192,HLA-B58:01,32540.67,QII87826,SSRNSTPGSSR,192,149.0
219,HLA-B58:01,32695.89,QII87826,ALLLLDRLNQL,219,150.0
132,HLA-B58:01,32710.55,QII87826,VATEGALNTPK,132,151.0
352,HLA-B58:01,32931.96,QII87826,LNKHIDAYKTF,352,152.0
264,HLA-B58:01,32979.25,QII87826,TKAYNVTQAFG,264,153.0
215,HLA-B58:01,32996.93,QII87826,DAALALLLLDR,215,154.0
404,HLA-B58:01,33012.23,QII87826,KQLQQSMSSAD,404,155.0
190,HLA-B58:01,33045.12,QII87826,RNSSRNSTPGS,190,156.0
402,HLA-B58:01,33179.9,QII87826,FSKQLQQSMSS,402,157.0
153,HLA-B58:01,33278.19,QII87826,NAAIVLQLPQG,153,158.0
217,HLA-B58:01,33329.06,QII87826,ALALLLLDRLN,217,159.0
194,HLA-B58:01,33340.26,QII87826,RNSTPGSSRGT,194,160.0
77,HLA-B58:01,33366.12,QII87826,SSPDDQIGYYR,77,161.0
133,HLA-B58:01,33398.39,QII87826,ATEGALNTPKD,133,162.0
45,HLA-B58:01,33436.44,QII87826,PNNTASWFTAL,45,163.0
37,HLA-B58:01,33500.94,QII87826,KQRRPQGLPNN,37,164.0
130,HLA-B58:01,33513.08,QII87826,IWVATEGALNT,130,165.0
16,HLA-B58:01,33525.68,QII87826,FGGPSDSTGSN,16,166.0
337,HLA-B58:01,33535.58,QII87826,KLDDKDPNFKD,337,167.0
232,HLA-B58:01,33554.21,QII87826,KMSGKGQQQQG,232,168.0
128,HLA-B58:01,33667.82,QII87826,GIIWVATEGAL,128,169.0
384,HLA-B58:01,33723.56,QII87826,RQKKQQTVTLL,384,170.0
111,HLA-B58:01,33729.98,QII87826,YLGTGPEAGLP,111,171.0
247,HLA-B58:01,33748.28,QII87826,KKSAAEASKKP,247,172.0
320,HLA-B58:01,33771.7,QII87826,GMEVTPSGTWL,320,173.0
104,HLA-B58:01,33825.92,QII87826,SPRWYFYYLGT,104,174.0
51,HLA-B58:01,33826.07,QII87826,WFTALTQHGKE,51,175.0
211,HLA-B58:01,33837.38,QII87826,GNGGDAALALL,211,176.0
356,HLA-B58:01,34070.92,QII87826,IDAYKTFPPTE,356,177.0
176,HLA-B58:01,34072.16,QII87826,RGGSQASSRSS,176,178.0
253,HLA-B58:01,34073.38,QII87826,ASKKPRQKRTA,253,179.0
21,HLA-B58:01,34162.1,QII87826,DSTGSNQNGER,21,180.0
13,HLA-B58:01,34243.97,QII87826,RITFGGPSDST,13,181.0
341,HLA-B58:01,34252.55,QII87826,KDPNFKDQVIL,341,182.0
98,HLA-B58:01,34254.8,QII87826,GKMKDLSPRWY,98,183.0
138,HLA-B58:01,34289.39,QII87826,LNTPKDHIGTR,138,184.0
63,HLA-B58:01,34353.0,QII87826,LKFPRGQGVPI,63,185.0
385,HLA-B58:01,34416.17,QII87826,QKKQQTVTLLP,385,186.0
354,HLA-B58:01,34467.5,QII87826,KHIDAYKTFPP,354,187.0
43,HLA-B58:01,34523.54,QII87826,GLPNNTASWFT,43,188.0
298,HLA-B58:01,34573.83,QII87826,KHWPQIAQFAP,298,189.0
147,HLA-B58:01,34618.01,QII87826,TRNPANNAAIV,147,190.0
297,HLA-B58:01,34732.87,QII87826,YKHWPQIAQFA,297,191.0
271,HLA-B58:01,34802.74,QII87826,QAFGRRGPEQT,271,192.0
373,HLA-B58:01,34821.5,QII87826,KKADETQALPQ,373,193.0
245,HLA-B58:01,34986.35,QII87826,VTKKSAAEASK,245,194.0
395,HLA-B58:01,34988.23,QII87826,PAADLDDFSKQ,395,195.0
94,HLA-B58:01,35008.62,QII87826,RGGDGKMKDLS,94,196.0
313,HLA-B58:01,35086.97,QII87826,FFGMSRIGMEV,313,197.0
387,HLA-B58:01,35105.2,QII87826,KQQTVTLLPAA,387,198.0
353,HLA-B58:01,35118.87,QII87826,NKHIDAYKTFP,353,199.0
406,HLA-B58:01,35289.09,QII87826,LQQSMSSADST,406,200.0
32,HLA-B58:01,35291.75,QII87826,SGARSKQRRPQ,32,201.0
95,HLA-B58:01,35362.21,QII87826,GGDGKMKDLSP,95,202.0
137,HLA-B58:01,35370.46,QII87826,ALNTPKDHIGT,137,203.0
259,HLA-B58:01,35374.3,QII87826,QKRTATKAYNV,259,204.0
87,HLA-B58:01,35377.12,QII87826,RRATRRIRGGD,87,205.0
342,HLA-B58:01,35404.09,QII87826,DPNFKDQVILL,342,206.0
106,HLA-B58:01,35411.93,QII87826,RWYFYYLGTGP,106,207.0
84,HLA-B58:01,35428.31,QII87826,GYYRRATRRIR,84,208.0
157,HLA-B58:01,35440.5,QII87826,VLQLPQGTTLP,157,209.0
155,HLA-B58:01,35450.36,QII87826,AIVLQLPQGTT,155,210.0
340,HLA-B58:01,35458.77,QII87826,DKDPNFKDQVI,340,211.0
386,HLA-B58:01,35498.53,QII87826,KKQQTVTLLPA,386,212.0
168,HLA-B58:01,35525.46,QII87826,KGFYAEGSRGG,168,213.0
22,HLA-B58:01,35579.02,QII87826,STGSNQNGERS,22,214.0
268,HLA-B58:01,35643.69,QII87826,NVTQAFGRRGP,268,215.0
292,HLA-B58:01,35708.55,QII87826,RQGTDYKHWPQ,292,216.0
283,HLA-B58:01,35711.87,QII87826,GNFGDQELIRQ,283,217.0
400,HLA-B58:01,35712.75,QII87826,DDFSKQLQQSM,400,218.0
372,HLA-B58:01,35777.44,QII87826,KKKADETQALP,372,219.0
355,HLA-B58:01,35834.86,QII87826,HIDAYKTFPPT,355,220.0
343,HLA-B58:01,35876.84,QII87826,PNFKDQVILLN,343,221.0
223,HLA-B58:01,35977.4,QII87826,LDRLNQLESKM,223,222.0
383,HLA-B58:01,36015.56,QII87826,QRQKKQQTVTL,383,223.0
139,HLA-B58:01,36143.4,QII87826,NTPKDHIGTRN,139,224.0
407,HLA-B58:01,36149.5,QII87826,QQSMSSADSTQ,407,225.0
235,HLA-B58:01,36222.0,QII87826,GKGQQQQGQTV,235,226.0
68,HLA-B58:01,36236.04,QII87826,GQGVPINTNSS,68,227.0
275,HLA-B58:01,36262.35,QII87826,RRGPEQTQGNF,275,228.0
143,HLA-B58:01,36262.89,QII87826,DHIGTRNPANN,143,229.0
160,HLA-B58:01,36361.56,QII87826,LPQGTTLPKGF,160,230.0
126,HLA-B58:01,36367.86,QII87826,KDGIIWVATEG,126,231.0
120,HLA-B58:01,36393.69,QII87826,LPYGANKDGII,120,232.0
30,HLA-B58:01,36447.82,QII87826,ERSGARSKQRR,30,233.0
171,HLA-B58:01,36464.28,QII87826,YAEGSRGGSQA,171,234.0
117,HLA-B58:01,36547.13,QII87826,EAGLPYGANKD,117,235.0
285,HLA-B58:01,36602.98,QII87826,FGDQELIRQGT,285,236.0
92,HLA-B58:01,36611.75,QII87826,RIRGGDGKMKD,92,237.0
393,HLA-B58:01,36680.51,QII87826,LLPAADLDDFS,393,238.0
142,HLA-B58:01,36686.16,QII87826,KDHIGTRNPAN,142,239.0
244,HLA-B58:01,36773.13,QII87826,TVTKKSAAEAS,244,240.0
295,HLA-B58:01,36802.06,QII87826,TDYKHWPQIAQ,295,241.0
371,HLA-B58:01,36851.14,QII87826,KKKKADETQAL,371,242.0
161,HLA-B58:01,36907.29,QII87826,PQGTTLPKGFY,161,243.0
357,HLA-B58:01,36907.78,QII87826,DAYKTFPPTEP,357,244.0
251,HLA-B58:01,36965.17,QII87826,AEASKKPRQKR,251,245.0
279,HLA-B58:01,36996.1,QII87826,EQTQGNFGDQE,279,246.0
276,HLA-B58:01,37019.36,QII87826,RGPEQTQGNFG,276,247.0
252,HLA-B58:01,37031.92,QII87826,EASKKPRQKRT,252,248.0
18,HLA-B58:01,37128.4,QII87826,GPSDSTGSNQN,18,249.0
324,HLA-B58:01,37134.81,QII87826,TPSGTWLTYTG,324,250.0
5,HLA-B58:01,37158.22,QII87826,PQNQRNAPRIT,5,251.0
286,HLA-B58:01,37159.44,QII87826,GDQELIRQGTD,286,252.0
398,HLA-B58:01,37163.02,QII87826,DLDDFSKQLQQ,398,253.0
266,HLA-B58:01,37170.26,QII87826,AYNVTQAFGRR,266,254.0
70,HLA-B58:01,37174.32,QII87826,GVPINTNSSPD,70,255.0
397,HLA-B58:01,37235.47,QII87826,ADLDDFSKQLQ,397,256.0
17,HLA-B58:01,37257.95,QII87826,GGPSDSTGSNQ,17,257.0
196,HLA-B58:01,37258.71,QII87826,STPGSSRGTSP,196,258.0
291,HLA-B58:01,37352.62,QII87826,IRQGTDYKHWP,291,259.0
307,HLA-B58:01,37359.55,QII87826,APSASAFFGMS,307,260.0
312,HLA-B58:01,37425.73,QII87826,AFFGMSRIGME,312,261.0
258,HLA-B58:01,37433.13,QII87826,RQKRTATKAYN,258,262.0
335,HLA-B58:01,37440.27,QII87826,AIKLDDKDPNF,335,263.0
3,HLA-B58:01,37483.19,QII87826,NGPQNQRNAPR,3,264.0
388,HLA-B58:01,37510.92,QII87826,QQTVTLLPAAD,388,265.0
66,HLA-B58:01,37524.82,QII87826,PRGQGVPINTN,66,266.0
239,HLA-B58:01,37525.6,QII87826,QQQGQTVTKKS,239,267.0
378,HLA-B58:01,37556.36,QII87826,TQALPQRQKKQ,378,268.0
339,HLA-B58:01,37699.61,QII87826,DDKDPNFKDQV,339,269.0
57,HLA-B58:01,37700.88,QII87826,QHGKEDLKFPR,57,270.0
242,HLA-B58:01,37732.64,QII87826,GQTVTKKSAAE,242,271.0
110,HLA-B58:01,37757.59,QII87826,YYLGTGPEAGL,110,272.0
29,HLA-B58:01,37790.31,QII87826,GERSGARSKQR,29,273.0
241,HLA-B58:01,37803.46,QII87826,QGQTVTKKSAA,241,274.0
56,HLA-B58:01,37834.45,QII87826,TQHGKEDLKFP,56,275.0
287,HLA-B58:01,37852.53,QII87826,DQELIRQGTDY,287,276.0
240,HLA-B58:01,37916.51,QII87826,QQGQTVTKKSA,240,277.0
300,HLA-B58:01,37961.57,QII87826,WPQIAQFAPSA,300,278.0
173,HLA-B58:01,38014.25,QII87826,EGSRGGSQASS,173,279.0
401,HLA-B58:01,38017.32,QII87826,DFSKQLQQSMS,401,280.0
257,HLA-B58:01,38035.26,QII87826,PRQKRTATKAY,257,281.0
96,HLA-B58:01,38075.54,QII87826,GDGKMKDLSPR,96,282.0
333,HLA-B58:01,38095.77,QII87826,TGAIKLDDKDP,333,283.0
7,HLA-B58:01,38175.57,QII87826,NQRNAPRITFG,7,284.0
344,HLA-B58:01,38202.84,QII87826,NFKDQVILLNK,344,285.0
382,HLA-B58:01,38232.76,QII87826,PQRQKKQQTVT,382,286.0
368,HLA-B58:01,38262.64,QII87826,KKDKKKKADET,368,287.0
81,HLA-B58:01,38272.26,QII87826,DQIGYYRRATR,81,288.0
206,HLA-B58:01,38326.89,QII87826,PARMAGNGGDA,206,289.0
11,HLA-B58:01,38347.15,QII87826,APRITFGGPSD,11,290.0
107,HLA-B58:01,38360.14,QII87826,WYFYYLGTGPE,107,291.0
338,HLA-B58:01,38365.96,QII87826,LDDKDPNFKDQ,338,292.0
9,HLA-B58:01,38396.58,QII87826,RNAPRITFGGP,9,293.0
365,HLA-B58:01,38449.56,QII87826,TEPKKDKKKKA,365,294.0
65,HLA-B58:01,38475.71,QII87826,FPRGQGVPINT,65,295.0
369,HLA-B58:01,38495.92,QII87826,KDKKKKADETQ,369,296.0
90,HLA-B58:01,38504.55,QII87826,TRRIRGGDGKM,90,297.0
403,HLA-B58:01,38512.56,QII87826,SKQLQQSMSSA,403,298.0
350,HLA-B58:01,38521.9,QII87826,ILLNKHIDAYK,350,299.0
79,HLA-B58:01,38537.57,QII87826,PDDQIGYYRRA,79,300.0
166,HLA-B58:01,38547.72,QII87826,LPKGFYAEGSR,166,301.0
381,HLA-B58:01,38550.28,QII87826,LPQRQKKQQTV,381,302.0
179,HLA-B58:01,38598.89,QII87826,SQASSRSSSRS,179,303.0
205,HLA-B58:01,38600.37,QII87826,SPARMAGNGGD,205,304.0
221,HLA-B58:01,38604.51,QII87826,LLLDRLNQLES,221,305.0
366,HLA-B58:01,38623.6,QII87826,EPKKDKKKKAD,366,306.0
299,HLA-B58:01,38644.53,QII87826,HWPQIAQFAPS,299,307.0
1,HLA-B58:01,38645.45,QII87826,SDNGPQNQRNA,1,308.0
237,HLA-B58:01,38650.32,QII87826,GQQQQGQTVTK,237,309.0
234,HLA-B58:01,38655.43,QII87826,SGKGQQQQGQT,234,310.0
19,HLA-B58:01,38656.0,QII87826,PSDSTGSNQNG,19,311.0
78,HLA-B58:01,38658.04,QII87826,SPDDQIGYYRR,78,312.0
114,HLA-B58:01,38663.87,QII87826,TGPEAGLPYGA,114,313.0
115,HLA-B58:01,38699.11,QII87826,GPEAGLPYGAN,115,314.0
187,HLA-B58:01,38737.58,QII87826,SRSRNSSRNST,187,315.0
39,HLA-B58:01,38759.23,QII87826,RRPQGLPNNTA,39,316.0
367,HLA-B58:01,38773.46,QII87826,PKKDKKKKADE,367,317.0
25,HLA-B58:01,38790.57,QII87826,SNQNGERSGAR,25,318.0
301,HLA-B58:01,38803.41,QII87826,PQIAQFAPSAS,301,319.0
228,HLA-B58:01,38828.18,QII87826,QLESKMSGKGQ,228,320.0
169,HLA-B58:01,38844.0,QII87826,GFYAEGSRGGS,169,321.0
272,HLA-B58:01,38849.6,QII87826,AFGRRGPEQTQ,272,322.0
134,HLA-B58:01,38910.83,QII87826,TEGALNTPKDH,134,323.0
230,HLA-B58:01,38911.36,QII87826,ESKMSGKGQQQ,230,324.0
38,HLA-B58:01,38935.05,QII87826,QRRPQGLPNNT,38,325.0
231,HLA-B58:01,38968.69,QII87826,SKMSGKGQQQQ,231,326.0
370,HLA-B58:01,38978.94,QII87826,DKKKKADETQA,370,327.0
89,HLA-B58:01,39011.9,QII87826,ATRRIRGGDGK,89,328.0
183,HLA-B58:01,39020.9,QII87826,SRSSSRSRNSS,183,329.0
28,HLA-B58:01,39022.93,QII87826,NGERSGARSKQ,28,330.0
8,HLA-B58:01,39065.52,QII87826,QRNAPRITFGG,8,331.0
61,HLA-B58:01,39086.48,QII87826,EDLKFPRGQGV,61,332.0
20,HLA-B58:01,39093.47,QII87826,SDSTGSNQNGE,20,333.0
256,HLA-B58:01,39096.52,QII87826,KPRQKRTATKA,256,334.0
36,HLA-B58:01,39108.73,QII87826,SKQRRPQGLPN,36,335.0
238,HLA-B58:01,39125.11,QII87826,QQQQGQTVTKK,238,336.0
277,HLA-B58:01,39145.01,QII87826,GPEQTQGNFGD,277,337.0
105,HLA-B58:01,39159.41,QII87826,PRWYFYYLGTG,105,338.0
71,HLA-B58:01,39162.05,QII87826,VPINTNSSPDD,71,339.0
15,HLA-B58:01,39182.64,QII87826,TFGGPSDSTGS,15,340.0
93,HLA-B58:01,39195.44,QII87826,IRGGDGKMKDL,93,341.0
399,HLA-B58:01,39195.87,QII87826,LDDFSKQLQQS,399,342.0
288,HLA-B58:01,39197.33,QII87826,QELIRQGTDYK,288,343.0
224,HLA-B58:01,39222.16,QII87826,DRLNQLESKMS,224,344.0
72,HLA-B58:01,39261.17,QII87826,PINTNSSPDDQ,72,345.0
375,HLA-B58:01,39267.56,QII87826,ADETQALPQRQ,375,346.0
80,HLA-B58:01,39286.62,QII87826,DDQIGYYRRAT,80,347.0
140,HLA-B58:01,39327.07,QII87826,TPKDHIGTRNP,140,348.0
118,HLA-B58:01,39347.4,QII87826,AGLPYGANKDG,118,349.0
207,HLA-B58:01,39356.3,QII87826,ARMAGNGGDAA,207,350.0
141,HLA-B58:01,39357.49,QII87826,PKDHIGTRNPA,141,351.0
229,HLA-B58:01,39369.18,QII87826,LESKMSGKGQQ,229,352.0
33,HLA-B58:01,39391.96,QII87826,GARSKQRRPQG,33,353.0
165,HLA-B58:01,39431.44,QII87826,TLPKGFYAEGS,165,354.0
278,HLA-B58:01,39437.77,QII87826,PEQTQGNFGDQ,278,355.0
267,HLA-B58:01,39446.51,QII87826,YNVTQAFGRRG,267,356.0
254,HLA-B58:01,39488.4,QII87826,SKKPRQKRTAT,254,357.0
40,HLA-B58:01,39578.04,QII87826,RPQGLPNNTAS,40,358.0
336,HLA-B58:01,39610.49,QII87826,IKLDDKDPNFK,336,359.0
380,HLA-B58:01,39620.65,QII87826,ALPQRQKKQQT,380,360.0
59,HLA-B58:01,39626.43,QII87826,GKEDLKFPRGQ,59,361.0
197,HLA-B58:01,39639.51,QII87826,TPGSSRGTSPA,197,362.0
273,HLA-B58:01,39679.66,QII87826,FGRRGPEQTQG,273,363.0
158,HLA-B58:01,39711.77,QII87826,LQLPQGTTLPK,158,364.0
62,HLA-B58:01,39730.17,QII87826,DLKFPRGQGVP,62,365.0
170,HLA-B58:01,39746.25,QII87826,FYAEGSRGGSQ,170,366.0
270,HLA-B58:01,39748.76,QII87826,TQAFGRRGPEQ,270,367.0
58,HLA-B58:01,39750.48,QII87826,HGKEDLKFPRG,58,368.0
394,HLA-B58:01,39790.45,QII87826,LPAADLDDFSK,394,369.0
34,HLA-B58:01,39805.03,QII87826,ARSKQRRPQGL,34,370.0
85,HLA-B58:01,39861.42,QII87826,YYRRATRRIRG,85,371.0
54,HLA-B58:01,39905.13,QII87826,ALTQHGKEDLK,54,372.0
26,HLA-B58:01,39913.61,QII87826,NQNGERSGARS,26,373.0
284,HLA-B58:01,39927.16,QII87826,NFGDQELIRQG,284,374.0
10,HLA-B58:01,39952.12,QII87826,NAPRITFGGPS,10,375.0
12,HLA-B58:01,40011.42,QII87826,PRITFGGPSDS,12,376.0
361,HLA-B58:01,40023.42,QII87826,TFPPTEPKKDK,361,377.0
250,HLA-B58:01,40094.65,QII87826,AAEASKKPRQK,250,378.0
331,HLA-B58:01,40130.04,QII87826,TYTGAIKLDDK,331,379.0
2,HLA-B58:01,40199.6,QII87826,DNGPQNQRNAP,2,380.0
274,HLA-B58:01,40246.79,QII87826,GRRGPEQTQGN,274,381.0
255,HLA-B58:01,40305.19,QII87826,KKPRQKRTATK,255,382.0
222,HLA-B58:01,40353.69,QII87826,LLDRLNQLESK,222,383.0
358,HLA-B58:01,40361.08,QII87826,AYKTFPPTEPK,358,384.0
359,HLA-B58:01,40410.27,QII87826,YKTFPPTEPKK,359,385.0
109,HLA-B58:01,40440.87,QII87826,FYYLGTGPEAG,109,386.0
175,HLA-B58:01,40478.74,QII87826,SRGGSQASSRS,175,387.0
246,HLA-B58:01,40479.01,QII87826,TKKSAAEASKK,246,388.0
189,HLA-B58:01,40481.18,QII87826,SRNSSRNSTPG,189,389.0
159,HLA-B58:01,40511.2,QII87826,QLPQGTTLPKG,159,390.0
50,HLA-B58:01,40549.56,QII87826,SWFTALTQHGK,50,391.0
116,HLA-B58:01,40559.21,QII87826,PEAGLPYGANK,116,392.0
172,HLA-B58:01,40592.18,QII87826,AEGSRGGSQAS,172,393.0
364,HLA-B58:01,40657.02,QII87826,PTEPKKDKKKK,364,394.0
27,HLA-B58:01,40657.14,QII87826,QNGERSGARSK,27,395.0
91,HLA-B58:01,40700.97,QII87826,RRIRGGDGKMK,91,396.0
377,HLA-B58:01,40746.68,QII87826,ETQALPQRQKK,377,397.0
363,HLA-B58:01,40756.12,QII87826,PPTEPKKDKKK,363,398.0
226,HLA-B58:01,40758.89,QII87826,LNQLESKMSGK,226,399.0
201,HLA-B58:01,40774.16,QII87826,SRGTSPARMAG,201,400.0
60,HLA-B58:01,40836.61,QII87826,KEDLKFPRGQG,60,401.0
193,HLA-B58:01,40846.64,QII87826,SRNSTPGSSRG,193,402.0
204,HLA-B58:01,40862.23,QII87826,TSPARMAGNGG,204,403.0
376,HLA-B58:01,40868.44,QII87826,DETQALPQRQK,376,404.0
167,HLA-B58:01,40935.04,QII87826,PKGFYAEGSRG,167,405.0
227,HLA-B58:01,40935.49,QII87826,NQLESKMSGKG,227,406.0
317,HLA-B58:01,40990.9,QII87826,SRIGMEVTPSG,317,407.0
86,HLA-B58:01,41246.67,QII87826,YRRATRRIRGG,86,408.0
362,HLA-B58:01,41300.45,QII87826,FPPTEPKKDKK,362,409.0
99,HLA-B15:01,9.91,QII87826,KMKDLSPRWYF,99,1.0
304,HLA-B15:01,13.05,QII87826,AQFAPSASAFF,304,2.0
208,HLA-B15:01,18.66,QII87826,RMAGNGGDAAL,208,3.0
384,HLA-B15:01,29.2,QII87826,RQKKQQTVTLL,384,4.0
263,HLA-B15:01,34.79,QII87826,ATKAYNVTQAF,263,5.0
303,HLA-B15:01,47.04,QII87826,IAQFAPSASAF,303,6.0
292,HLA-B15:01,194.58,QII87826,RQGTDYKHWPQ,292,7.0
387,HLA-B15:01,210.76,QII87826,KQQTVTLLPAA,387,8.0
311,HLA-B15:01,267.74,QII87826,SAFFGMSRIGM,311,9.0
335,HLA-B15:01,277.53,QII87826,AIKLDDKDPNF,335,10.0
316,HLA-B15:01,420.51,QII87826,MSRIGMEVTPS,316,11.0
161,HLA-B15:01,501.95,QII87826,PQGTTLPKGFY,161,12.0
232,HLA-B15:01,600.96,QII87826,KMSGKGQQQQG,232,13.0
225,HLA-B15:01,742.69,QII87826,RLNQLESKMSG,225,14.0
349,HLA-B15:01,891.03,QII87826,VILLNKHIDAY,349,15.0
7,HLA-B15:01,1103.06,QII87826,NQRNAPRITFG,7,16.0
188,HLA-B15:01,1374.18,QII87826,RSRNSSRNSTP,188,17.0
407,HLA-B15:01,1424.83,QII87826,QQSMSSADSTQ,407,18.0
261,HLA-B15:01,1499.9,QII87826,RTATKAYNVTQ,261,19.0
258,HLA-B15:01,1557.84,QII87826,RQKRTATKAYN,258,20.0
112,HLA-B15:01,1628.02,QII87826,LGTGPEAGLPY,112,21.0
301,HLA-B15:01,1755.35,QII87826,PQIAQFAPSAS,301,22.0
270,HLA-B15:01,1811.84,QII87826,TQAFGRRGPEQ,270,23.0
128,HLA-B15:01,1869.07,QII87826,GIIWVATEGAL,128,24.0
131,HLA-B15:01,2009.22,QII87826,WVATEGALNTP,131,25.0
37,HLA-B15:01,2300.6,QII87826,KQRRPQGLPNN,37,26.0
68,HLA-B15:01,2436.63,QII87826,GQGVPINTNSS,68,27.0
49,HLA-B15:01,2629.87,QII87826,ASWFTALTQHG,49,28.0
406,HLA-B15:01,3108.38,QII87826,LQQSMSSADST,406,29.0
76,HLA-B15:01,3788.72,QII87826,NSSPDDQIGYY,76,30.0
146,HLA-B15:01,3873.73,QII87826,GTRNPANNAAI,146,31.0
158,HLA-B15:01,3903.78,QII87826,LQLPQGTTLPK,158,32.0
352,HLA-B15:01,4212.45,QII87826,LNKHIDAYKTF,352,33.0
302,HLA-B15:01,4340.73,QII87826,QIAQFAPSASA,302,34.0
402,HLA-B15:01,4549.49,QII87826,FSKQLQQSMSS,402,35.0
315,HLA-B15:01,4791.12,QII87826,GMSRIGMEVTP,315,36.0
408,HLA-B15:01,4972.81,QII87826,QSMSSADSTQA,408,37.0
35,HLA-B15:01,5123.29,QII87826,RSKQRRPQGLP,35,38.0
6,HLA-B15:01,5197.18,QII87826,QNQRNAPRITF,6,39.0
314,HLA-B15:01,5538.36,QII87826,FGMSRIGMEVT,314,40.0
219,HLA-B15:01,5586.57,QII87826,ALLLLDRLNQL,219,41.0
75,HLA-B15:01,5661.29,QII87826,TNSSPDDQIGY,75,42.0
48,HLA-B15:01,5802.58,QII87826,TASWFTALTQH,48,43.0
43,HLA-B15:01,5932.95,QII87826,GLPNNTASWFT,43,44.0
300,HLA-B15:01,6075.85,QII87826,WPQIAQFAPSA,300,45.0
63,HLA-B15:01,6145.83,QII87826,LKFPRGQGVPI,63,46.0
322,HLA-B15:01,6353.54,QII87826,EVTPSGTWLTY,322,47.0
290,HLA-B15:01,6699.2,QII87826,LIRQGTDYKHW,290,48.0
179,HLA-B15:01,6901.55,QII87826,SQASSRSSSRS,179,49.0
42,HLA-B15:01,6972.2,QII87826,QGLPNNTASWF,42,50.0
111,HLA-B15:01,7081.52,QII87826,YLGTGPEAGLP,111,51.0
210,HLA-B15:01,7308.83,QII87826,AGNGGDAALAL,210,52.0
154,HLA-B15:01,7352.03,QII87826,AAIVLQLPQGT,154,53.0
318,HLA-B15:01,7902.19,QII87826,RIGMEVTPSGT,318,54.0
240,HLA-B15:01,8169.43,QII87826,QQGQTVTKKSA,240,55.0
257,HLA-B15:01,8405.25,QII87826,PRQKRTATKAY,257,56.0
156,HLA-B15:01,8588.92,QII87826,IVLQLPQGTTL,156,57.0
192,HLA-B15:01,8616.09,QII87826,SSRNSTPGSSR,192,58.0
230,HLA-B15:01,8705.75,QII87826,ESKMSGKGQQQ,230,59.0
124,HLA-B15:01,8784.84,QII87826,ANKDGIIWVAT,124,60.0
184,HLA-B15:01,9154.84,QII87826,RSSSRSRNSSR,184,61.0
392,HLA-B15:01,9259.91,QII87826,TLLPAADLDDF,392,62.0
157,HLA-B15:01,9317.58,QII87826,VLQLPQGTTLP,157,63.0
248,HLA-B15:01,9333.89,QII87826,KSAAEASKKPR,248,64.0
55,HLA-B15:01,9367.06,QII87826,LTQHGKEDLKF,55,65.0
148,HLA-B15:01,9722.08,QII87826,RNPANNAAIVL,148,66.0
47,HLA-B15:01,9821.4,QII87826,NTASWFTALTQ,47,67.0
209,HLA-B15:01,9938.29,QII87826,MAGNGGDAALA,209,68.0
14,HLA-B15:01,10006.77,QII87826,ITFGGPSDSTG,14,69.0
310,HLA-B15:01,10740.05,QII87826,ASAFFGMSRIG,310,70.0
378,HLA-B15:01,10865.49,QII87826,TQALPQRQKKQ,378,71.0
56,HLA-B15:01,10940.8,QII87826,TQHGKEDLKFP,56,72.0
404,HLA-B15:01,10996.65,QII87826,KQLQQSMSSAD,404,73.0
123,HLA-B15:01,11268.48,QII87826,GANKDGIIWVA,123,74.0
380,HLA-B15:01,11314.76,QII87826,ALPQRQKKQQT,380,75.0
233,HLA-B15:01,11351.38,QII87826,MSGKGQQQQGQ,233,76.0
242,HLA-B15:01,11421.87,QII87826,GQTVTKKSAAE,242,77.0
382,HLA-B15:01,11456.91,QII87826,PQRQKKQQTVT,382,78.0
203,HLA-B15:01,11800.8,QII87826,GTSPARMAGNG,203,79.0
386,HLA-B15:01,11832.41,QII87826,KKQQTVTLLPA,386,80.0
41,HLA-B15:01,11968.53,QII87826,PQGLPNNTASW,41,81.0
221,HLA-B15:01,12125.61,QII87826,LLLDRLNQLES,221,82.0
98,HLA-B15:01,12207.85,QII87826,GKMKDLSPRWY,98,83.0
281,HLA-B15:01,12213.26,QII87826,TQGNFGDQELI,281,84.0
9,HLA-B15:01,12237.11,QII87826,RNAPRITFGGP,9,85.0
190,HLA-B15:01,12282.98,QII87826,RNSSRNSTPGS,190,86.0
26,HLA-B15:01,12491.38,QII87826,NQNGERSGARS,26,87.0
151,HLA-B15:01,12566.93,QII87826,ANNAAIVLQLP,151,88.0
24,HLA-B15:01,12903.95,QII87826,GSNQNGERSGA,24,89.0
199,HLA-B15:01,12990.8,QII87826,GSSRGTSPARM,199,90.0
348,HLA-B15:01,13305.65,QII87826,QVILLNKHIDA,348,91.0
309,HLA-B15:01,13570.13,QII87826,SASAFFGMSRI,309,92.0
82,HLA-B15:01,13622.33,QII87826,QIGYYRRATRR,82,93.0
13,HLA-B15:01,13767.27,QII87826,RITFGGPSDST,13,94.0
305,HLA-B15:01,13880.15,QII87826,QFAPSASAFFG,305,95.0
5,HLA-B15:01,14014.73,QII87826,PQNQRNAPRIT,5,96.0
178,HLA-B15:01,14217.25,QII87826,GSQASSRSSSR,178,97.0
200,HLA-B15:01,14607.27,QII87826,SSRGTSPARMA,200,98.0
403,HLA-B15:01,14674.89,QII87826,SKQLQQSMSSA,403,99.0
306,HLA-B15:01,14980.14,QII87826,FAPSASAFFGM,306,100.0
231,HLA-B15:01,15024.82,QII87826,SKMSGKGQQQQ,231,101.0
351,HLA-B15:01,15184.11,QII87826,LLNKHIDAYKT,351,102.0
191,HLA-B15:01,15453.67,QII87826,NSSRNSTPGSS,191,103.0
106,HLA-B15:01,15507.43,QII87826,RWYFYYLGTGP,106,104.0
405,HLA-B15:01,16046.08,QII87826,QLQQSMSSADS,405,105.0
273,HLA-B15:01,16074.25,QII87826,FGRRGPEQTQG,273,106.0
69,HLA-B15:01,16473.49,QII87826,QGVPINTNSSP,69,107.0
253,HLA-B15:01,16517.06,QII87826,ASKKPRQKRTA,253,108.0
174,HLA-B15:01,16615.71,QII87826,GSRGGSQASSR,174,109.0
299,HLA-B15:01,16740.15,QII87826,HWPQIAQFAPS,299,110.0
323,HLA-B15:01,17029.76,QII87826,VTPSGTWLTYT,323,111.0
153,HLA-B15:01,17101.77,QII87826,NAAIVLQLPQG,153,112.0
271,HLA-B15:01,17124.53,QII87826,QAFGRRGPEQT,271,113.0
319,HLA-B15:01,17135.87,QII87826,IGMEVTPSGTW,319,114.0
177,HLA-B15:01,17315.2,QII87826,GGSQASSRSSS,177,115.0
229,HLA-B15:01,17329.01,QII87826,LESKMSGKGQQ,229,116.0
262,HLA-B15:01,17591.24,QII87826,TATKAYNVTQA,262,117.0
32,HLA-B15:01,17637.38,QII87826,SGARSKQRRPQ,32,118.0
130,HLA-B15:01,17787.82,QII87826,IWVATEGALNT,130,119.0
218,HLA-B15:01,17795.58,QII87826,LALLLLDRLNQ,218,120.0
237,HLA-B15:01,18038.68,QII87826,GQQQQGQTVTK,237,121.0
152,HLA-B15:01,18132.72,QII87826,NNAAIVLQLPQ,152,122.0
236,HLA-B15:01,18601.98,QII87826,KGQQQQGQTVT,236,123.0
100,HLA-B15:01,18865.04,QII87826,MKDLSPRWYFY,100,124.0
144,HLA-B15:01,18866.72,QII87826,HIGTRNPANNA,144,125.0
170,HLA-B15:01,19148.56,QII87826,FYAEGSRGGSQ,170,126.0
287,HLA-B15:01,19159.4,QII87826,DQELIRQGTDY,287,127.0
113,HLA-B15:01,19370.14,QII87826,GTGPEAGLPYG,113,128.0
108,HLA-B15:01,19380.29,QII87826,YFYYLGTGPEA,108,129.0
326,HLA-B15:01,19479.58,QII87826,SGTWLTYTGAI,326,130.0
176,HLA-B15:01,19741.49,QII87826,RGGSQASSRSS,176,131.0
173,HLA-B15:01,20043.24,QII87826,EGSRGGSQASS,173,132.0
355,HLA-B15:01,20220.42,QII87826,HIDAYKTFPPT,355,133.0
67,HLA-B15:01,20238.59,QII87826,RGQGVPINTNS,67,134.0
197,HLA-B15:01,20256.95,QII87826,TPGSSRGTSPA,197,135.0
243,HLA-B15:01,20279.52,QII87826,QTVTKKSAAEA,243,136.0
182,HLA-B15:01,20362.14,QII87826,SSRSSSRSRNS,182,137.0
321,HLA-B15:01,20427.44,QII87826,MEVTPSGTWLT,321,138.0
389,HLA-B15:01,20564.79,QII87826,QTVTLLPAADL,389,139.0
150,HLA-B15:01,20707.39,QII87826,PANNAAIVLQL,150,140.0
171,HLA-B15:01,20739.21,QII87826,YAEGSRGGSQA,171,141.0
122,HLA-B15:01,20788.28,QII87826,YGANKDGIIWV,122,142.0
275,HLA-B15:01,20800.56,QII87826,RRGPEQTQGNF,275,143.0
379,HLA-B15:01,21049.49,QII87826,QALPQRQKKQQ,379,144.0
159,HLA-B15:01,21141.71,QII87826,QLPQGTTLPKG,159,145.0
269,HLA-B15:01,21201.73,QII87826,VTQAFGRRGPE,269,146.0
186,HLA-B15:01,21233.75,QII87826,SSRSRNSSRNS,186,147.0
239,HLA-B15:01,21299.13,QII87826,QQQGQTVTKKS,239,148.0
165,HLA-B15:01,21639.25,QII87826,TLPKGFYAEGS,165,149.0
244,HLA-B15:01,21725.74,QII87826,TVTKKSAAEAS,244,150.0
320,HLA-B15:01,21757.84,QII87826,GMEVTPSGTWL,320,151.0
136,HLA-B15:01,21897.67,QII87826,GALNTPKDHIG,136,152.0
272,HLA-B15:01,22026.06,QII87826,AFGRRGPEQTQ,272,153.0
129,HLA-B15:01,22075.71,QII87826,IIWVATEGALN,129,154.0
103,HLA-B15:01,22260.17,QII87826,LSPRWYFYYLG,103,155.0
393,HLA-B15:01,22322.6,QII87826,LLPAADLDDFS,393,156.0
220,HLA-B15:01,22333.0,QII87826,LLLLDRLNQLE,220,157.0
280,HLA-B15:01,22425.95,QII87826,QTQGNFGDQEL,280,158.0
196,HLA-B15:01,22429.92,QII87826,STPGSSRGTSP,196,159.0
313,HLA-B15:01,22435.59,QII87826,FFGMSRIGMEV,313,160.0
249,HLA-B15:01,22539.65,QII87826,SAAEASKKPRQ,249,161.0
172,HLA-B15:01,22662.22,QII87826,AEGSRGGSQAS,172,162.0
241,HLA-B15:01,22666.87,QII87826,QGQTVTKKSAA,241,163.0
385,HLA-B15:01,22731.77,QII87826,QKKQQTVTLLP,385,164.0
312,HLA-B15:01,22800.57,QII87826,AFFGMSRIGME,312,165.0
168,HLA-B15:01,22821.83,QII87826,KGFYAEGSRGG,168,166.0
44,HLA-B15:01,22836.5,QII87826,LPNNTASWFTA,44,167.0
155,HLA-B15:01,23032.55,QII87826,AIVLQLPQGTT,155,168.0
46,HLA-B15:01,23062.14,QII87826,NNTASWFTALT,46,169.0
85,HLA-B15:01,23350.74,QII87826,YYRRATRRIRG,85,170.0
119,HLA-B15:01,23462.36,QII87826,GLPYGANKDGI,119,171.0
374,HLA-B15:01,23791.42,QII87826,KADETQALPQR,374,172.0
149,HLA-B15:01,23802.63,QII87826,NPANNAAIVLQ,149,173.0
293,HLA-B15:01,23845.99,QII87826,QGTDYKHWPQI,293,174.0
83,HLA-B15:01,23852.88,QII87826,IGYYRRATRRI,83,175.0
283,HLA-B15:01,23896.98,QII87826,GNFGDQELIRQ,283,176.0
29,HLA-B15:01,23928.29,QII87826,GERSGARSKQR,29,177.0
373,HLA-B15:01,24033.77,QII87826,KKADETQALPQ,373,178.0
31,HLA-B15:01,24043.63,QII87826,RSGARSKQRRP,31,179.0
202,HLA-B15:01,24071.36,QII87826,RGTSPARMAGN,202,180.0
381,HLA-B15:01,24198.83,QII87826,LPQRQKKQQTV,381,181.0
84,HLA-B15:01,24361.03,QII87826,GYYRRATRRIR,84,182.0
16,HLA-B15:01,24587.97,QII87826,FGGPSDSTGSN,16,183.0
194,HLA-B15:01,24602.05,QII87826,RNSTPGSSRGT,194,184.0
33,HLA-B15:01,24649.56,QII87826,GARSKQRRPQG,33,185.0
189,HLA-B15:01,24667.19,QII87826,SRNSSRNSTPG,189,186.0
137,HLA-B15:01,24685.59,QII87826,ALNTPKDHIGT,137,187.0
180,HLA-B15:01,24737.27,QII87826,QASSRSSSRSR,180,188.0
234,HLA-B15:01,24754.98,QII87826,SGKGQQQQGQT,234,189.0
371,HLA-B15:01,24755.0,QII87826,KKKKADETQAL,371,190.0
195,HLA-B15:01,24918.66,QII87826,NSTPGSSRGTS,195,191.0
107,HLA-B15:01,25060.72,QII87826,WYFYYLGTGPE,107,192.0
164,HLA-B15:01,25068.55,QII87826,TTLPKGFYAEG,164,193.0
25,HLA-B15:01,25177.79,QII87826,SNQNGERSGAR,25,194.0
45,HLA-B15:01,25207.46,QII87826,PNNTASWFTAL,45,195.0
3,HLA-B15:01,25335.65,QII87826,NGPQNQRNAPR,3,196.0
92,HLA-B15:01,25380.14,QII87826,RIRGGDGKMKD,92,197.0
383,HLA-B15:01,25503.67,QII87826,QRQKKQQTVTL,383,198.0
10,HLA-B15:01,25635.75,QII87826,NAPRITFGGPS,10,199.0
388,HLA-B15:01,25645.08,QII87826,QQTVTLLPAAD,388,200.0
181,HLA-B15:01,25694.46,QII87826,ASSRSSSRSRN,181,201.0
264,HLA-B15:01,25773.31,QII87826,TKAYNVTQAFG,264,202.0
88,HLA-B15:01,25860.98,QII87826,RATRRIRGGDG,88,203.0
227,HLA-B15:01,25904.78,QII87826,NQLESKMSGKG,227,204.0
185,HLA-B15:01,25924.5,QII87826,SSSRSRNSSRN,185,205.0
138,HLA-B15:01,26060.49,QII87826,LNTPKDHIGTR,138,206.0
23,HLA-B15:01,26108.29,QII87826,TGSNQNGERSG,23,207.0
110,HLA-B15:01,26143.5,QII87826,YYLGTGPEAGL,110,208.0
160,HLA-B15:01,26198.34,QII87826,LPQGTTLPKGF,160,209.0
289,HLA-B15:01,26224.59,QII87826,ELIRQGTDYKH,289,210.0
169,HLA-B15:01,26347.45,QII87826,GFYAEGSRGGS,169,211.0
145,HLA-B15:01,26399.73,QII87826,IGTRNPANNAA,145,212.0
298,HLA-B15:01,26527.64,QII87826,KHWPQIAQFAP,298,213.0
118,HLA-B15:01,26529.46,QII87826,AGLPYGANKDG,118,214.0
296,HLA-B15:01,26558.06,QII87826,DYKHWPQIAQF,296,215.0
211,HLA-B15:01,26691.71,QII87826,GNGGDAALALL,211,216.0
360,HLA-B15:01,26694.75,QII87826,KTFPPTEPKKD,360,217.0
101,HLA-B15:01,26716.67,QII87826,KDLSPRWYFYY,101,218.0
132,HLA-B15:01,26864.85,QII87826,VATEGALNTPK,132,219.0
297,HLA-B15:01,26922.26,QII87826,YKHWPQIAQFA,297,220.0
127,HLA-B15:01,26941.41,QII87826,DGIIWVATEGA,127,221.0
109,HLA-B15:01,26981.65,QII87826,FYYLGTGPEAG,109,222.0
354,HLA-B15:01,26995.71,QII87826,KHIDAYKTFPP,354,223.0
120,HLA-B15:01,27032.46,QII87826,LPYGANKDGII,120,224.0
238,HLA-B15:01,27072.03,QII87826,QQQQGQTVTKK,238,225.0
334,HLA-B15:01,27087.5,QII87826,GAIKLDDKDPN,334,226.0
328,HLA-B15:01,27218.2,QII87826,TWLTYTGAIKL,328,227.0
372,HLA-B15:01,27238.87,QII87826,KKKADETQALP,372,228.0
207,HLA-B15:01,27254.18,QII87826,ARMAGNGGDAA,207,229.0
400,HLA-B15:01,27322.48,QII87826,DDFSKQLQQSM,400,230.0
147,HLA-B15:01,27372.53,QII87826,TRNPANNAAIV,147,231.0
30,HLA-B15:01,27523.92,QII87826,ERSGARSKQRR,30,232.0
216,HLA-B15:01,27534.42,QII87826,AALALLLLDRL,216,233.0
329,HLA-B15:01,27564.27,QII87826,WLTYTGAIKLD,329,234.0
134,HLA-B15:01,27580.07,QII87826,TEGALNTPKDH,134,235.0
70,HLA-B15:01,27656.14,QII87826,GVPINTNSSPD,70,236.0
206,HLA-B15:01,27693.33,QII87826,PARMAGNGGDA,206,237.0
62,HLA-B15:01,27834.4,QII87826,DLKFPRGQGVP,62,238.0
353,HLA-B15:01,27854.27,QII87826,NKHIDAYKTFP,353,239.0
198,HLA-B15:01,27869.71,QII87826,PGSSRGTSPAR,198,240.0
276,HLA-B15:01,27894.97,QII87826,RGPEQTQGNFG,276,241.0
58,HLA-B15:01,27933.49,QII87826,HGKEDLKFPRG,58,242.0
346,HLA-B15:01,28021.92,QII87826,KDQVILLNKHI,346,243.0
222,HLA-B15:01,28116.4,QII87826,LLDRLNQLESK,222,244.0
141,HLA-B15:01,28152.12,QII87826,PKDHIGTRNPA,141,245.0
53,HLA-B15:01,28263.16,QII87826,TALTQHGKEDL,53,246.0
4,HLA-B15:01,28281.4,QII87826,GPQNQRNAPRI,4,247.0
217,HLA-B15:01,28379.46,QII87826,ALALLLLDRLN,217,248.0
17,HLA-B15:01,28403.96,QII87826,GGPSDSTGSNQ,17,249.0
330,HLA-B15:01,28412.42,QII87826,LTYTGAIKLDD,330,250.0
268,HLA-B15:01,28476.51,QII87826,NVTQAFGRRGP,268,251.0
265,HLA-B15:01,28561.92,QII87826,KAYNVTQAFGR,265,252.0
254,HLA-B15:01,28684.59,QII87826,SKKPRQKRTAT,254,253.0
294,HLA-B15:01,28702.25,QII87826,GTDYKHWPQIA,294,254.0
340,HLA-B15:01,28765.69,QII87826,DKDPNFKDQVI,340,255.0
73,HLA-B15:01,28824.63,QII87826,INTNSSPDDQI,73,256.0
40,HLA-B15:01,28831.29,QII87826,RPQGLPNNTAS,40,257.0
74,HLA-B15:01,28893.87,QII87826,NTNSSPDDQIG,74,258.0
135,HLA-B15:01,28898.06,QII87826,EGALNTPKDHI,135,259.0
162,HLA-B15:01,28958.0,QII87826,QGTTLPKGFYA,162,260.0
356,HLA-B15:01,28958.52,QII87826,IDAYKTFPPTE,356,261.0
325,HLA-B15:01,29197.48,QII87826,PSGTWLTYTGA,325,262.0
259,HLA-B15:01,29249.12,QII87826,QKRTATKAYNV,259,263.0
22,HLA-B15:01,29278.04,QII87826,STGSNQNGERS,22,264.0
357,HLA-B15:01,29305.03,QII87826,DAYKTFPPTEP,357,265.0
228,HLA-B15:01,29335.9,QII87826,QLESKMSGKGQ,228,266.0
187,HLA-B15:01,29359.17,QII87826,SRSRNSSRNST,187,267.0
212,HLA-B15:01,29452.32,QII87826,NGGDAALALLL,212,268.0
166,HLA-B15:01,29482.09,QII87826,LPKGFYAEGSR,166,269.0
370,HLA-B15:01,29485.83,QII87826,DKKKKADETQA,370,270.0
282,HLA-B15:01,29489.06,QII87826,QGNFGDQELIR,282,271.0
359,HLA-B15:01,29646.35,QII87826,YKTFPPTEPKK,359,272.0
81,HLA-B15:01,29668.72,QII87826,DQIGYYRRATR,81,273.0
64,HLA-B15:01,29681.77,QII87826,KFPRGQGVPIN,64,274.0
105,HLA-B15:01,29712.05,QII87826,PRWYFYYLGTG,105,275.0
327,HLA-B15:01,29745.47,QII87826,GTWLTYTGAIK,327,276.0
245,HLA-B15:01,29770.76,QII87826,VTKKSAAEASK,245,277.0
308,HLA-B15:01,29810.85,QII87826,PSASAFFGMSR,308,278.0
183,HLA-B15:01,29840.18,QII87826,SRSSSRSRNSS,183,279.0
39,HLA-B15:01,29871.68,QII87826,RRPQGLPNNTA,39,280.0
317,HLA-B15:01,29919.72,QII87826,SRIGMEVTPSG,317,281.0
401,HLA-B15:01,29923.28,QII87826,DFSKQLQQSMS,401,282.0
36,HLA-B15:01,30113.42,QII87826,SKQRRPQGLPN,36,283.0
15,HLA-B15:01,30131.4,QII87826,TFGGPSDSTGS,15,284.0
295,HLA-B15:01,30136.89,QII87826,TDYKHWPQIAQ,295,285.0
213,HLA-B15:01,30223.03,QII87826,GGDAALALLLL,213,286.0
260,HLA-B15:01,30247.28,QII87826,KRTATKAYNVT,260,287.0
369,HLA-B15:01,30289.35,QII87826,KDKKKKADETQ,369,288.0
333,HLA-B15:01,30308.1,QII87826,TGAIKLDDKDP,333,289.0
163,HLA-B15:01,30339.6,QII87826,GTTLPKGFYAE,163,290.0
12,HLA-B15:01,30382.16,QII87826,PRITFGGPSDS,12,291.0
350,HLA-B15:01,30497.47,QII87826,ILLNKHIDAYK,350,292.0
226,HLA-B15:01,30501.59,QII87826,LNQLESKMSGK,226,293.0
251,HLA-B15:01,30643.01,QII87826,AEASKKPRQKR,251,294.0
114,HLA-B15:01,30697.6,QII87826,TGPEAGLPYGA,114,295.0
94,HLA-B15:01,30739.72,QII87826,RGGDGKMKDLS,94,296.0
235,HLA-B15:01,30794.81,QII87826,GKGQQQQGQTV,235,297.0
102,HLA-B15:01,30842.7,QII87826,DLSPRWYFYYL,102,298.0
86,HLA-B15:01,30890.33,QII87826,YRRATRRIRGG,86,299.0
93,HLA-B15:01,30989.93,QII87826,IRGGDGKMKDL,93,300.0
104,HLA-B15:01,31075.94,QII87826,SPRWYFYYLGT,104,301.0
50,HLA-B15:01,31098.24,QII87826,SWFTALTQHGK,50,302.0
247,HLA-B15:01,31157.05,QII87826,KKSAAEASKKP,247,303.0
96,HLA-B15:01,31185.76,QII87826,GDGKMKDLSPR,96,304.0
125,HLA-B15:01,31270.41,QII87826,NKDGIIWVATE,125,305.0
396,HLA-B15:01,31287.27,QII87826,AADLDDFSKQL,396,306.0
397,HLA-B15:01,31306.2,QII87826,ADLDDFSKQLQ,397,307.0
65,HLA-B15:01,31341.25,QII87826,FPRGQGVPINT,65,308.0
347,HLA-B15:01,31423.82,QII87826,DQVILLNKHID,347,309.0
201,HLA-B15:01,31466.05,QII87826,SRGTSPARMAG,201,310.0
204,HLA-B15:01,31487.51,QII87826,TSPARMAGNGG,204,311.0
342,HLA-B15:01,31522.95,QII87826,DPNFKDQVILL,342,312.0
291,HLA-B15:01,31552.02,QII87826,IRQGTDYKHWP,291,313.0
267,HLA-B15:01,31562.57,QII87826,YNVTQAFGRRG,267,314.0
266,HLA-B15:01,31596.4,QII87826,AYNVTQAFGRR,266,315.0
52,HLA-B15:01,31625.71,QII87826,FTALTQHGKED,52,316.0
345,HLA-B15:01,31645.43,QII87826,FKDQVILLNKH,345,317.0
223,HLA-B15:01,31662.53,QII87826,LDRLNQLESKM,223,318.0
167,HLA-B15:01,31677.83,QII87826,PKGFYAEGSRG,167,319.0
307,HLA-B15:01,31754.0,QII87826,APSASAFFGMS,307,320.0
57,HLA-B15:01,31798.24,QII87826,QHGKEDLKFPR,57,321.0
398,HLA-B15:01,31953.04,QII87826,DLDDFSKQLQQ,398,322.0
77,HLA-B15:01,31964.17,QII87826,SSPDDQIGYYR,77,323.0
95,HLA-B15:01,32028.97,QII87826,GGDGKMKDLSP,95,324.0
256,HLA-B15:01,32037.28,QII87826,KPRQKRTATKA,256,325.0
193,HLA-B15:01,32050.24,QII87826,SRNSTPGSSRG,193,326.0
126,HLA-B15:01,32094.38,QII87826,KDGIIWVATEG,126,327.0
279,HLA-B15:01,32106.19,QII87826,EQTQGNFGDQE,279,328.0
38,HLA-B15:01,32152.16,QII87826,QRRPQGLPNNT,38,329.0
285,HLA-B15:01,32154.0,QII87826,FGDQELIRQGT,285,330.0
395,HLA-B15:01,32260.33,QII87826,PAADLDDFSKQ,395,331.0
2,HLA-B15:01,32349.73,QII87826,DNGPQNQRNAP,2,332.0
343,HLA-B15:01,32415.17,QII87826,PNFKDQVILLN,343,333.0
175,HLA-B15:01,32455.08,QII87826,SRGGSQASSRS,175,334.0
140,HLA-B15:01,32508.63,QII87826,TPKDHIGTRNP,140,335.0
19,HLA-B15:01,32531.38,QII87826,PSDSTGSNQNG,19,336.0
8,HLA-B15:01,32534.55,QII87826,QRNAPRITFGG,8,337.0
341,HLA-B15:01,32586.53,QII87826,KDPNFKDQVIL,341,338.0
391,HLA-B15:01,32638.13,QII87826,VTLLPAADLDD,391,339.0
399,HLA-B15:01,32800.73,QII87826,LDDFSKQLQQS,399,340.0
375,HLA-B15:01,32937.73,QII87826,ADETQALPQRQ,375,341.0
284,HLA-B15:01,32938.67,QII87826,NFGDQELIRQG,284,342.0
72,HLA-B15:01,32946.37,QII87826,PINTNSSPDDQ,72,343.0
90,HLA-B15:01,32990.16,QII87826,TRRIRGGDGKM,90,344.0
358,HLA-B15:01,33037.89,QII87826,AYKTFPPTEPK,358,345.0
139,HLA-B15:01,33041.5,QII87826,NTPKDHIGTRN,139,346.0
28,HLA-B15:01,33096.22,QII87826,NGERSGARSKQ,28,347.0
255,HLA-B15:01,33112.73,QII87826,KKPRQKRTATK,255,348.0
34,HLA-B15:01,33114.96,QII87826,ARSKQRRPQGL,34,349.0
390,HLA-B15:01,33117.93,QII87826,TVTLLPAADLD,390,350.0
215,HLA-B15:01,33122.1,QII87826,DAALALLLLDR,215,351.0
278,HLA-B15:01,33316.74,QII87826,PEQTQGNFGDQ,278,352.0
324,HLA-B15:01,33329.09,QII87826,TPSGTWLTYTG,324,353.0
51,HLA-B15:01,33339.93,QII87826,WFTALTQHGKE,51,354.0
368,HLA-B15:01,33457.32,QII87826,KKDKKKKADET,368,355.0
252,HLA-B15:01,33480.28,QII87826,EASKKPRQKRT,252,356.0
59,HLA-B15:01,33489.72,QII87826,GKEDLKFPRGQ,59,357.0
367,HLA-B15:01,33549.92,QII87826,PKKDKKKKADE,367,358.0
224,HLA-B15:01,33600.19,QII87826,DRLNQLESKMS,224,359.0
0,HLA-B15:01,33605.3,QII87826,MSDNGPQNQRN,0,360.0
71,HLA-B15:01,33633.34,QII87826,VPINTNSSPDD,71,361.0
344,HLA-B15:01,33639.46,QII87826,NFKDQVILLNK,344,362.0
121,HLA-B15:01,33722.65,QII87826,PYGANKDGIIW,121,363.0
142,HLA-B15:01,33807.35,QII87826,KDHIGTRNPAN,142,364.0
365,HLA-B15:01,33857.63,QII87826,TEPKKDKKKKA,365,365.0
339,HLA-B15:01,33962.15,QII87826,DDKDPNFKDQV,339,366.0
115,HLA-B15:01,33986.64,QII87826,GPEAGLPYGAN,115,367.0
89,HLA-B15:01,34093.84,QII87826,ATRRIRGGDGK,89,368.0
78,HLA-B15:01,34099.79,QII87826,SPDDQIGYYRR,78,369.0
332,HLA-B15:01,34225.06,QII87826,YTGAIKLDDKD,332,370.0
361,HLA-B15:01,34227.71,QII87826,TFPPTEPKKDK,361,371.0
80,HLA-B15:01,34233.63,QII87826,DDQIGYYRRAT,80,372.0
21,HLA-B15:01,34251.05,QII87826,DSTGSNQNGER,21,373.0
143,HLA-B15:01,34265.3,QII87826,DHIGTRNPANN,143,374.0
27,HLA-B15:01,34268.4,QII87826,QNGERSGARSK,27,375.0
1,HLA-B15:01,34335.57,QII87826,SDNGPQNQRNA,1,376.0
66,HLA-B15:01,34405.17,QII87826,PRGQGVPINTN,66,377.0
338,HLA-B15:01,34442.97,QII87826,LDDKDPNFKDQ,338,378.0
87,HLA-B15:01,34459.65,QII87826,RRATRRIRGGD,87,379.0
60,HLA-B15:01,34513.34,QII87826,KEDLKFPRGQG,60,380.0
79,HLA-B15:01,34542.84,QII87826,PDDQIGYYRRA,79,381.0
11,HLA-B15:01,34564.4,QII87826,APRITFGGPSD,11,382.0
18,HLA-B15:01,34604.8,QII87826,GPSDSTGSNQN,18,383.0
214,HLA-B15:01,34666.71,QII87826,GDAALALLLLD,214,384.0
54,HLA-B15:01,34730.2,QII87826,ALTQHGKEDLK,54,385.0
366,HLA-B15:01,34921.6,QII87826,EPKKDKKKKAD,366,386.0
61,HLA-B15:01,35023.96,QII87826,EDLKFPRGQGV,61,387.0
337,HLA-B15:01,35188.59,QII87826,KLDDKDPNFKD,337,388.0
205,HLA-B15:01,35378.71,QII87826,SPARMAGNGGD,205,389.0
20,HLA-B15:01,35424.12,QII87826,SDSTGSNQNGE,20,390.0
336,HLA-B15:01,35525.66,QII87826,IKLDDKDPNFK,336,391.0
364,HLA-B15:01,35539.29,QII87826,PTEPKKDKKKK,364,392.0
97,HLA-B15:01,35635.47,QII87826,DGKMKDLSPRW,97,393.0
133,HLA-B15:01,35687.37,QII87826,ATEGALNTPKD,133,394.0
363,HLA-B15:01,35712.95,QII87826,PPTEPKKDKKK,363,395.0
250,HLA-B15:01,35720.79,QII87826,AAEASKKPRQK,250,396.0
362,HLA-B15:01,35815.14,QII87826,FPPTEPKKDKK,362,397.0
394,HLA-B15:01,35967.57,QII87826,LPAADLDDFSK,394,398.0
117,HLA-B15:01,36066.81,QII87826,EAGLPYGANKD,117,399.0
377,HLA-B15:01,36179.41,QII87826,ETQALPQRQKK,377,400.0
331,HLA-B15:01,36185.25,QII87826,TYTGAIKLDDK,331,401.0
91,HLA-B15:01,36212.11,QII87826,RRIRGGDGKMK,91,402.0
274,HLA-B15:01,36212.93,QII87826,GRRGPEQTQGN,274,403.0
288,HLA-B15:01,36329.42,QII87826,QELIRQGTDYK,288,404.0
286,HLA-B15:01,36370.68,QII87826,GDQELIRQGTD,286,405.0
116,HLA-B15:01,36657.28,QII87826,PEAGLPYGANK,116,406.0
277,HLA-B15:01,36716.63,QII87826,GPEQTQGNFGD,277,407.0
246,HLA-B15:01,36795.39,QII87826,TKKSAAEASKK,246,408.0
376,HLA-B15:01,37020.41,QII87826,DETQALPQRQK,376,409.0
208,HLA-B07:02,121.27,QII87826,RMAGNGGDAAL,208,1.0
197,HLA-B07:02,129.82,QII87826,TPGSSRGTSPA,197,2.0
256,HLA-B07:02,189.85,QII87826,KPRQKRTATKA,256,3.0
11,HLA-B07:02,262.39,QII87826,APRITFGGPSD,11,4.0
40,HLA-B07:02,320.74,QII87826,RPQGLPNNTAS,40,5.0
104,HLA-B07:02,330.27,QII87826,SPRWYFYYLGT,104,6.0
148,HLA-B07:02,399.27,QII87826,RNPANNAAIVL,148,7.0
171,HLA-B07:02,484.75,QII87826,YAEGSRGGSQA,171,8.0
303,HLA-B07:02,486.0,QII87826,IAQFAPSASAF,303,9.0
205,HLA-B07:02,547.59,QII87826,SPARMAGNGGD,205,10.0
146,HLA-B07:02,589.1,QII87826,GTRNPANNAAI,146,11.0
156,HLA-B07:02,833.98,QII87826,IVLQLPQGTTL,156,12.0
65,HLA-B07:02,1078.88,QII87826,FPRGQGVPINT,65,13.0
4,HLA-B07:02,1138.28,QII87826,GPQNQRNAPRI,4,14.0
381,HLA-B07:02,1477.61,QII87826,LPQRQKKQQTV,381,15.0
194,HLA-B07:02,1639.57,QII87826,RNSTPGSSRGT,194,16.0
300,HLA-B07:02,1815.86,QII87826,WPQIAQFAPSA,300,17.0
44,HLA-B07:02,1833.28,QII87826,LPNNTASWFTA,44,18.0
10,HLA-B07:02,2084.59,QII87826,NAPRITFGGPS,10,19.0
120,HLA-B07:02,3186.07,QII87826,LPYGANKDGII,120,20.0
324,HLA-B07:02,3928.85,QII87826,TPSGTWLTYTG,324,21.0
202,HLA-B07:02,3991.15,QII87826,RGTSPARMAGN,202,22.0
39,HLA-B07:02,4090.2,QII87826,RRPQGLPNNTA,39,23.0
302,HLA-B07:02,4158.76,QII87826,QIAQFAPSASA,302,24.0
309,HLA-B07:02,4395.78,QII87826,SASAFFGMSRI,309,25.0
263,HLA-B07:02,4406.55,QII87826,ATKAYNVTQAF,263,26.0
45,HLA-B07:02,4417.74,QII87826,PNNTASWFTAL,45,27.0
166,HLA-B07:02,4423.95,QII87826,LPKGFYAEGSR,166,28.0
9,HLA-B07:02,4718.33,QII87826,RNAPRITFGGP,9,29.0
306,HLA-B07:02,5141.0,QII87826,FAPSASAFFGM,306,30.0
176,HLA-B07:02,5263.64,QII87826,RGGSQASSRSS,176,31.0
63,HLA-B07:02,5410.19,QII87826,LKFPRGQGVPI,63,32.0
299,HLA-B07:02,5650.3,QII87826,HWPQIAQFAPS,299,33.0
190,HLA-B07:02,5743.91,QII87826,RNSSRNSTPGS,190,34.0
384,HLA-B07:02,5747.46,QII87826,RQKKQQTVTLL,384,35.0
71,HLA-B07:02,5755.3,QII87826,VPINTNSSPDD,71,36.0
160,HLA-B07:02,5910.63,QII87826,LPQGTTLPKGF,160,37.0
219,HLA-B07:02,5931.38,QII87826,ALLLLDRLNQL,219,38.0
184,HLA-B07:02,6199.72,QII87826,RSSSRSRNSSR,184,39.0
70,HLA-B07:02,6511.62,QII87826,GVPINTNSSPD,70,40.0
200,HLA-B07:02,6715.84,QII87826,SSRGTSPARMA,200,41.0
196,HLA-B07:02,6799.96,QII87826,STPGSSRGTSP,196,42.0
210,HLA-B07:02,7091.06,QII87826,AGNGGDAALAL,210,43.0
83,HLA-B07:02,7306.24,QII87826,IGYYRRATRRI,83,44.0
187,HLA-B07:02,8032.66,QII87826,SRSRNSSRNST,187,45.0
311,HLA-B07:02,8184.74,QII87826,SAFFGMSRIGM,311,46.0
199,HLA-B07:02,8671.26,QII87826,GSSRGTSPARM,199,47.0
128,HLA-B07:02,9184.1,QII87826,GIIWVATEGAL,128,48.0
249,HLA-B07:02,9252.34,QII87826,SAAEASKKPRQ,249,49.0
149,HLA-B07:02,9336.32,QII87826,NPANNAAIVLQ,149,50.0
150,HLA-B07:02,9406.41,QII87826,PANNAAIVLQL,150,51.0
188,HLA-B07:02,9843.59,QII87826,RSRNSSRNSTP,188,52.0
147,HLA-B07:02,10103.39,QII87826,TRNPANNAAIV,147,53.0
18,HLA-B07:02,10168.66,QII87826,GPSDSTGSNQN,18,54.0
92,HLA-B07:02,10242.34,QII87826,RIRGGDGKMKD,92,55.0
254,HLA-B07:02,10571.72,QII87826,SKKPRQKRTAT,254,56.0
203,HLA-B07:02,10692.64,QII87826,GTSPARMAGNG,203,57.0
307,HLA-B07:02,10861.86,QII87826,APSASAFFGMS,307,58.0
32,HLA-B07:02,11564.9,QII87826,SGARSKQRRPQ,32,59.0
115,HLA-B07:02,11636.25,QII87826,GPEAGLPYGAN,115,60.0
48,HLA-B07:02,11704.92,QII87826,TASWFTALTQH,48,61.0
13,HLA-B07:02,11906.57,QII87826,RITFGGPSDST,13,62.0
53,HLA-B07:02,11989.5,QII87826,TALTQHGKEDL,53,63.0
64,HLA-B07:02,12042.05,QII87826,KFPRGQGVPIN,64,64.0
326,HLA-B07:02,12416.57,QII87826,SGTWLTYTGAI,326,65.0
145,HLA-B07:02,12427.96,QII87826,IGTRNPANNAA,145,66.0
255,HLA-B07:02,12628.74,QII87826,KKPRQKRTATK,255,67.0
88,HLA-B07:02,12642.92,QII87826,RATRRIRGGDG,88,68.0
382,HLA-B07:02,12932.58,QII87826,PQRQKKQQTVT,382,69.0
6,HLA-B07:02,12934.54,QII87826,QNQRNAPRITF,6,70.0
318,HLA-B07:02,13153.45,QII87826,RIGMEVTPSGT,318,71.0
236,HLA-B07:02,13231.46,QII87826,KGQQQQGQTVT,236,72.0
209,HLA-B07:02,13474.19,QII87826,MAGNGGDAALA,209,73.0
33,HLA-B07:02,14140.09,QII87826,GARSKQRRPQG,33,74.0
314,HLA-B07:02,14371.01,QII87826,FGMSRIGMEVT,314,75.0
140,HLA-B07:02,14841.55,QII87826,TPKDHIGTRNP,140,76.0
316,HLA-B07:02,15423.64,QII87826,MSRIGMEVTPS,316,77.0
3,HLA-B07:02,15738.67,QII87826,NGPQNQRNAPR,3,78.0
189,HLA-B07:02,15828.69,QII87826,SRNSSRNSTPG,189,79.0
275,HLA-B07:02,15893.52,QII87826,RRGPEQTQGNF,275,80.0
144,HLA-B07:02,15935.1,QII87826,HIGTRNPANNA,144,81.0
124,HLA-B07:02,16070.36,QII87826,ANKDGIIWVAT,124,82.0
320,HLA-B07:02,16359.98,QII87826,GMEVTPSGTWL,320,83.0
244,HLA-B07:02,16388.38,QII87826,TVTKKSAAEAS,244,84.0
213,HLA-B07:02,16663.8,QII87826,GGDAALALLLL,213,85.0
374,HLA-B07:02,16735.07,QII87826,KADETQALPQR,374,86.0
38,HLA-B07:02,16839.85,QII87826,QRRPQGLPNNT,38,87.0
198,HLA-B07:02,17049.93,QII87826,PGSSRGTSPAR,198,88.0
37,HLA-B07:02,17421.87,QII87826,KQRRPQGLPNN,37,89.0
371,HLA-B07:02,17592.53,QII87826,KKKKADETQAL,371,90.0
183,HLA-B07:02,17597.28,QII87826,SRSSSRSRNSS,183,91.0
225,HLA-B07:02,17606.38,QII87826,RLNQLESKMSG,225,92.0
383,HLA-B07:02,17614.2,QII87826,QRQKKQQTVTL,383,93.0
270,HLA-B07:02,17636.24,QII87826,TQAFGRRGPEQ,270,94.0
87,HLA-B07:02,18075.84,QII87826,RRATRRIRGGD,87,95.0
261,HLA-B07:02,18104.18,QII87826,RTATKAYNVTQ,261,96.0
216,HLA-B07:02,18290.37,QII87826,AALALLLLDRL,216,97.0
355,HLA-B07:02,18349.37,QII87826,HIDAYKTFPPT,355,98.0
186,HLA-B07:02,18616.69,QII87826,SSRSRNSSRNS,186,99.0
406,HLA-B07:02,18765.9,QII87826,LQQSMSSADST,406,100.0
154,HLA-B07:02,18790.63,QII87826,AAIVLQLPQGT,154,101.0
323,HLA-B07:02,18841.97,QII87826,VTPSGTWLTYT,323,102.0
206,HLA-B07:02,19414.72,QII87826,PARMAGNGGDA,206,103.0
192,HLA-B07:02,19529.55,QII87826,SSRNSTPGSSR,192,104.0
141,HLA-B07:02,19533.05,QII87826,PKDHIGTRNPA,141,105.0
269,HLA-B07:02,19551.86,QII87826,VTQAFGRRGPE,269,106.0
5,HLA-B07:02,19917.96,QII87826,PQNQRNAPRIT,5,107.0
250,HLA-B07:02,19956.5,QII87826,AAEASKKPRQK,250,108.0
34,HLA-B07:02,20270.97,QII87826,ARSKQRRPQGL,34,109.0
271,HLA-B07:02,20274.2,QII87826,QAFGRRGPEQT,271,110.0
108,HLA-B07:02,20368.04,QII87826,YFYYLGTGPEA,108,111.0
180,HLA-B07:02,20614.79,QII87826,QASSRSSSRSR,180,112.0
262,HLA-B07:02,20754.36,QII87826,TATKAYNVTQA,262,113.0
242,HLA-B07:02,20793.66,QII87826,GQTVTKKSAAE,242,114.0
182,HLA-B07:02,21064.18,QII87826,SSRSSSRSRNS,182,115.0
389,HLA-B07:02,21081.13,QII87826,QTVTLLPAADL,389,116.0
36,HLA-B07:02,21157.36,QII87826,SKQRRPQGLPN,36,117.0
207,HLA-B07:02,21211.75,QII87826,ARMAGNGGDAA,207,118.0
373,HLA-B07:02,21230.44,QII87826,KKADETQALPQ,373,119.0
313,HLA-B07:02,21305.43,QII87826,FFGMSRIGMEV,313,120.0
55,HLA-B07:02,21505.81,QII87826,LTQHGKEDLKF,55,121.0
35,HLA-B07:02,21567.51,QII87826,RSKQRRPQGLP,35,122.0
272,HLA-B07:02,21626.92,QII87826,AFGRRGPEQTQ,272,123.0
386,HLA-B07:02,21661.34,QII87826,KKQQTVTLLPA,386,124.0
46,HLA-B07:02,21796.52,QII87826,NNTASWFTALT,46,125.0
157,HLA-B07:02,21919.07,QII87826,VLQLPQGTTLP,157,126.0
223,HLA-B07:02,22161.51,QII87826,LDRLNQLESKM,223,127.0
179,HLA-B07:02,22223.13,QII87826,SQASSRSSSRS,179,128.0
304,HLA-B07:02,22259.17,QII87826,AQFAPSASAFF,304,129.0
159,HLA-B07:02,22342.87,QII87826,QLPQGTTLPKG,159,130.0
201,HLA-B07:02,22409.3,QII87826,SRGTSPARMAG,201,131.0
177,HLA-B07:02,22822.78,QII87826,GGSQASSRSSS,177,132.0
90,HLA-B07:02,22934.04,QII87826,TRRIRGGDGKM,90,133.0
151,HLA-B07:02,22988.24,QII87826,ANNAAIVLQLP,151,134.0
273,HLA-B07:02,23037.29,QII87826,FGRRGPEQTQG,273,135.0
103,HLA-B07:02,23059.91,QII87826,LSPRWYFYYLG,103,136.0
131,HLA-B07:02,23127.98,QII87826,WVATEGALNTP,131,137.0
276,HLA-B07:02,23129.51,QII87826,RGPEQTQGNFG,276,138.0
152,HLA-B07:02,23152.94,QII87826,NNAAIVLQLPQ,152,139.0
173,HLA-B07:02,23157.27,QII87826,EGSRGGSQASS,173,140.0
366,HLA-B07:02,23224.04,QII87826,EPKKDKKKKAD,366,141.0
212,HLA-B07:02,23240.99,QII87826,NGGDAALALLL,212,142.0
329,HLA-B07:02,23469.63,QII87826,WLTYTGAIKLD,329,143.0
396,HLA-B07:02,23785.48,QII87826,AADLDDFSKQL,396,144.0
185,HLA-B07:02,23834.71,QII87826,SSSRSRNSSRN,185,145.0
129,HLA-B07:02,23843.58,QII87826,IIWVATEGALN,129,146.0
259,HLA-B07:02,23856.99,QII87826,QKRTATKAYNV,259,147.0
204,HLA-B07:02,23865.6,QII87826,TSPARMAGNGG,204,148.0
277,HLA-B07:02,23915.23,QII87826,GPEQTQGNFGD,277,149.0
241,HLA-B07:02,23933.37,QII87826,QGQTVTKKSAA,241,150.0
243,HLA-B07:02,23944.37,QII87826,QTVTKKSAAEA,243,151.0
380,HLA-B07:02,24067.87,QII87826,ALPQRQKKQQT,380,152.0
94,HLA-B07:02,24121.01,QII87826,RGGDGKMKDLS,94,153.0
174,HLA-B07:02,24287.41,QII87826,GSRGGSQASSR,174,154.0
319,HLA-B07:02,24366.75,QII87826,IGMEVTPSGTW,319,155.0
222,HLA-B07:02,24375.88,QII87826,LLDRLNQLESK,222,156.0
290,HLA-B07:02,24493.76,QII87826,LIRQGTDYKHW,290,157.0
28,HLA-B07:02,24604.66,QII87826,NGERSGARSKQ,28,158.0
211,HLA-B07:02,24785.98,QII87826,GNGGDAALALL,211,159.0
301,HLA-B07:02,24878.14,QII87826,PQIAQFAPSAS,301,160.0
404,HLA-B07:02,24934.4,QII87826,KQLQQSMSSAD,404,161.0
172,HLA-B07:02,25004.64,QII87826,AEGSRGGSQAS,172,162.0
142,HLA-B07:02,25007.13,QII87826,KDHIGTRNPAN,142,163.0
122,HLA-B07:02,25194.23,QII87826,YGANKDGIIWV,122,164.0
110,HLA-B07:02,25311.12,QII87826,YYLGTGPEAGL,110,165.0
387,HLA-B07:02,25473.93,QII87826,KQQTVTLLPAA,387,166.0
405,HLA-B07:02,25480.9,QII87826,QLQQSMSSADS,405,167.0
260,HLA-B07:02,25514.7,QII87826,KRTATKAYNVT,260,168.0
325,HLA-B07:02,25621.2,QII87826,PSGTWLTYTGA,325,169.0
158,HLA-B07:02,25657.03,QII87826,LQLPQGTTLPK,158,170.0
26,HLA-B07:02,25721.67,QII87826,NQNGERSGARS,26,171.0
252,HLA-B07:02,25806.22,QII87826,EASKKPRQKRT,252,172.0
78,HLA-B07:02,25889.57,QII87826,SPDDQIGYYRR,78,173.0
388,HLA-B07:02,25912.7,QII87826,QQTVTLLPAAD,388,174.0
31,HLA-B07:02,25969.28,QII87826,RSGARSKQRRP,31,175.0
67,HLA-B07:02,26154.61,QII87826,RGQGVPINTNS,67,176.0
268,HLA-B07:02,26200.14,QII87826,NVTQAFGRRGP,268,177.0
170,HLA-B07:02,26203.0,QII87826,FYAEGSRGGSQ,170,178.0
280,HLA-B07:02,26240.38,QII87826,QTQGNFGDQEL,280,179.0
232,HLA-B07:02,26472.12,QII87826,KMSGKGQQQQG,232,180.0
123,HLA-B07:02,26531.59,QII87826,GANKDGIIWVA,123,181.0
155,HLA-B07:02,26745.28,QII87826,AIVLQLPQGTT,155,182.0
86,HLA-B07:02,26916.74,QII87826,YRRATRRIRGG,86,183.0
132,HLA-B07:02,27233.7,QII87826,VATEGALNTPK,132,184.0
85,HLA-B07:02,27280.66,QII87826,YYRRATRRIRG,85,185.0
41,HLA-B07:02,27340.94,QII87826,PQGLPNNTASW,41,186.0
130,HLA-B07:02,27361.14,QII87826,IWVATEGALNT,130,187.0
335,HLA-B07:02,27399.52,QII87826,AIKLDDKDPNF,335,188.0
178,HLA-B07:02,27498.41,QII87826,GSQASSRSSSR,178,189.0
69,HLA-B07:02,27542.85,QII87826,QGVPINTNSSP,69,190.0
394,HLA-B07:02,27612.13,QII87826,LPAADLDDFSK,394,191.0
107,HLA-B07:02,27642.0,QII87826,WYFYYLGTGPE,107,192.0
362,HLA-B07:02,27717.02,QII87826,FPPTEPKKDKK,362,193.0
341,HLA-B07:02,27754.16,QII87826,KDPNFKDQVIL,341,194.0
153,HLA-B07:02,27871.36,QII87826,NAAIVLQLPQG,153,195.0
193,HLA-B07:02,27948.23,QII87826,SRNSTPGSSRG,193,196.0
93,HLA-B07:02,28014.32,QII87826,IRGGDGKMKDL,93,197.0
42,HLA-B07:02,28068.66,QII87826,QGLPNNTASWF,42,198.0
258,HLA-B07:02,28088.07,QII87826,RQKRTATKAYN,258,199.0
237,HLA-B07:02,28131.89,QII87826,GQQQQGQTVTK,237,200.0
102,HLA-B07:02,28143.02,QII87826,DLSPRWYFYYL,102,201.0
47,HLA-B07:02,28195.89,QII87826,NTASWFTALTQ,47,202.0
342,HLA-B07:02,28256.39,QII87826,DPNFKDQVILL,342,203.0
191,HLA-B07:02,28340.63,QII87826,NSSRNSTPGSS,191,204.0
7,HLA-B07:02,28371.91,QII87826,NQRNAPRITFG,7,205.0
218,HLA-B07:02,28590.5,QII87826,LALLLLDRLNQ,218,206.0
25,HLA-B07:02,28655.7,QII87826,SNQNGERSGAR,25,207.0
328,HLA-B07:02,28747.82,QII87826,TWLTYTGAIKL,328,208.0
400,HLA-B07:02,28862.79,QII87826,DDFSKQLQQSM,400,209.0
257,HLA-B07:02,28931.93,QII87826,PRQKRTATKAY,257,210.0
352,HLA-B07:02,29270.53,QII87826,LNKHIDAYKTF,352,211.0
327,HLA-B07:02,29387.18,QII87826,GTWLTYTGAIK,327,212.0
181,HLA-B07:02,29403.68,QII87826,ASSRSSSRSRN,181,213.0
356,HLA-B07:02,29475.57,QII87826,IDAYKTFPPTE,356,214.0
119,HLA-B07:02,29496.86,QII87826,GLPYGANKDGI,119,215.0
109,HLA-B07:02,29497.7,QII87826,FYYLGTGPEAG,109,216.0
133,HLA-B07:02,29840.53,QII87826,ATEGALNTPKD,133,217.0
29,HLA-B07:02,29881.46,QII87826,GERSGARSKQR,29,218.0
221,HLA-B07:02,29972.44,QII87826,LLLDRLNQLES,221,219.0
253,HLA-B07:02,29980.93,QII87826,ASKKPRQKRTA,253,220.0
17,HLA-B07:02,30074.64,QII87826,GGPSDSTGSNQ,17,221.0
308,HLA-B07:02,30078.11,QII87826,PSASAFFGMSR,308,222.0
52,HLA-B07:02,30325.51,QII87826,FTALTQHGKED,52,223.0
235,HLA-B07:02,30333.54,QII87826,GKGQQQQGQTV,235,224.0
99,HLA-B07:02,30351.9,QII87826,KMKDLSPRWYF,99,225.0
111,HLA-B07:02,30457.91,QII87826,YLGTGPEAGLP,111,226.0
8,HLA-B07:02,30475.65,QII87826,QRNAPRITFGG,8,227.0
91,HLA-B07:02,30615.15,QII87826,RRIRGGDGKMK,91,228.0
82,HLA-B07:02,30684.43,QII87826,QIGYYRRATRR,82,229.0
330,HLA-B07:02,30748.44,QII87826,LTYTGAIKLDD,330,230.0
310,HLA-B07:02,30763.62,QII87826,ASAFFGMSRIG,310,231.0
16,HLA-B07:02,30930.88,QII87826,FGGPSDSTGSN,16,232.0
220,HLA-B07:02,31038.21,QII87826,LLLLDRLNQLE,220,233.0
390,HLA-B07:02,31070.47,QII87826,TVTLLPAADLD,390,234.0
61,HLA-B07:02,31077.25,QII87826,EDLKFPRGQGV,61,235.0
408,HLA-B07:02,31106.3,QII87826,QSMSSADSTQA,408,236.0
285,HLA-B07:02,31145.73,QII87826,FGDQELIRQGT,285,237.0
12,HLA-B07:02,31276.35,QII87826,PRITFGGPSDS,12,238.0
175,HLA-B07:02,31280.8,QII87826,SRGGSQASSRS,175,239.0
49,HLA-B07:02,31290.67,QII87826,ASWFTALTQHG,49,240.0
234,HLA-B07:02,31341.68,QII87826,SGKGQQQQGQT,234,241.0
312,HLA-B07:02,31410.6,QII87826,AFFGMSRIGME,312,242.0
84,HLA-B07:02,31477.08,QII87826,GYYRRATRRIR,84,243.0
106,HLA-B07:02,31503.8,QII87826,RWYFYYLGTGP,106,244.0
139,HLA-B07:02,31630.16,QII87826,NTPKDHIGTRN,139,245.0
113,HLA-B07:02,31643.54,QII87826,GTGPEAGLPYG,113,246.0
321,HLA-B07:02,31683.72,QII87826,MEVTPSGTWLT,321,247.0
334,HLA-B07:02,31788.31,QII87826,GAIKLDDKDPN,334,248.0
403,HLA-B07:02,31835.52,QII87826,SKQLQQSMSSA,403,249.0
407,HLA-B07:02,31876.65,QII87826,QQSMSSADSTQ,407,250.0
43,HLA-B07:02,31965.45,QII87826,GLPNNTASWFT,43,251.0
68,HLA-B07:02,32009.53,QII87826,GQGVPINTNSS,68,252.0
89,HLA-B07:02,32096.05,QII87826,ATRRIRGGDGK,89,253.0
105,HLA-B07:02,32146.23,QII87826,PRWYFYYLGTG,105,254.0
294,HLA-B07:02,32170.54,QII87826,GTDYKHWPQIA,294,255.0
19,HLA-B07:02,32303.55,QII87826,PSDSTGSNQNG,19,256.0
66,HLA-B07:02,32364.68,QII87826,PRGQGVPINTN,66,257.0
22,HLA-B07:02,32370.98,QII87826,STGSNQNGERS,22,258.0
121,HLA-B07:02,32373.82,QII87826,PYGANKDGIIW,121,259.0
214,HLA-B07:02,32379.33,QII87826,GDAALALLLLD,214,260.0
345,HLA-B07:02,32380.13,QII87826,FKDQVILLNKH,345,261.0
315,HLA-B07:02,32452.0,QII87826,GMSRIGMEVTP,315,262.0
245,HLA-B07:02,32492.41,QII87826,VTKKSAAEASK,245,263.0
367,HLA-B07:02,32499.67,QII87826,PKKDKKKKADE,367,264.0
392,HLA-B07:02,32589.9,QII87826,TLLPAADLDDF,392,265.0
30,HLA-B07:02,32613.14,QII87826,ERSGARSKQRR,30,266.0
348,HLA-B07:02,32619.69,QII87826,QVILLNKHIDA,348,267.0
23,HLA-B07:02,32755.95,QII87826,TGSNQNGERSG,23,268.0
73,HLA-B07:02,32838.1,QII87826,INTNSSPDDQI,73,269.0
136,HLA-B07:02,32942.08,QII87826,GALNTPKDHIG,136,270.0
195,HLA-B07:02,32963.89,QII87826,NSTPGSSRGTS,195,271.0
267,HLA-B07:02,33060.52,QII87826,YNVTQAFGRRG,267,272.0
27,HLA-B07:02,33252.95,QII87826,QNGERSGARSK,27,273.0
229,HLA-B07:02,33265.3,QII87826,LESKMSGKGQQ,229,274.0
80,HLA-B07:02,33401.72,QII87826,DDQIGYYRRAT,80,275.0
248,HLA-B07:02,33420.93,QII87826,KSAAEASKKPR,248,276.0
399,HLA-B07:02,33455.43,QII87826,LDDFSKQLQQS,399,277.0
135,HLA-B07:02,33479.22,QII87826,EGALNTPKDHI,135,278.0
251,HLA-B07:02,33504.81,QII87826,AEASKKPRQKR,251,279.0
289,HLA-B07:02,33569.65,QII87826,ELIRQGTDYKH,289,280.0
24,HLA-B07:02,33581.63,QII87826,GSNQNGERSGA,24,281.0
379,HLA-B07:02,33597.47,QII87826,QALPQRQKKQQ,379,282.0
375,HLA-B07:02,33614.0,QII87826,ADETQALPQRQ,375,283.0
351,HLA-B07:02,33704.41,QII87826,LLNKHIDAYKT,351,284.0
332,HLA-B07:02,33747.83,QII87826,YTGAIKLDDKD,332,285.0
116,HLA-B07:02,33849.59,QII87826,PEAGLPYGANK,116,286.0
117,HLA-B07:02,33854.33,QII87826,EAGLPYGANKD,117,287.0
167,HLA-B07:02,33884.54,QII87826,PKGFYAEGSRG,167,288.0
274,HLA-B07:02,33895.51,QII87826,GRRGPEQTQGN,274,289.0
2,HLA-B07:02,33906.84,QII87826,DNGPQNQRNAP,2,290.0
137,HLA-B07:02,33919.32,QII87826,ALNTPKDHIGT,137,291.0
143,HLA-B07:02,33966.97,QII87826,DHIGTRNPANN,143,292.0
228,HLA-B07:02,33997.08,QII87826,QLESKMSGKGQ,228,293.0
97,HLA-B07:02,34004.69,QII87826,DGKMKDLSPRW,97,294.0
364,HLA-B07:02,34005.39,QII87826,PTEPKKDKKKK,364,295.0
58,HLA-B07:02,34069.73,QII87826,HGKEDLKFPRG,58,296.0
51,HLA-B07:02,34080.85,QII87826,WFTALTQHGKE,51,297.0
265,HLA-B07:02,34089.48,QII87826,KAYNVTQAFGR,265,298.0
163,HLA-B07:02,34090.8,QII87826,GTTLPKGFYAE,163,299.0
79,HLA-B07:02,34102.74,QII87826,PDDQIGYYRRA,79,300.0
215,HLA-B07:02,34177.13,QII87826,DAALALLLLDR,215,301.0
361,HLA-B07:02,34225.58,QII87826,TFPPTEPKKDK,361,302.0
96,HLA-B07:02,34247.49,QII87826,GDGKMKDLSPR,96,303.0
365,HLA-B07:02,34257.12,QII87826,TEPKKDKKKKA,365,304.0
138,HLA-B07:02,34296.02,QII87826,LNTPKDHIGTR,138,305.0
346,HLA-B07:02,34329.43,QII87826,KDQVILLNKHI,346,306.0
54,HLA-B07:02,34405.85,QII87826,ALTQHGKEDLK,54,307.0
402,HLA-B07:02,34450.96,QII87826,FSKQLQQSMSS,402,308.0
363,HLA-B07:02,34476.09,QII87826,PPTEPKKDKKK,363,309.0
347,HLA-B07:02,34485.3,QII87826,DQVILLNKHID,347,310.0
295,HLA-B07:02,34506.15,QII87826,TDYKHWPQIAQ,295,311.0
305,HLA-B07:02,34535.26,QII87826,QFAPSASAFFG,305,312.0
72,HLA-B07:02,34539.18,QII87826,PINTNSSPDDQ,72,313.0
293,HLA-B07:02,34555.06,QII87826,QGTDYKHWPQI,293,314.0
20,HLA-B07:02,34599.71,QII87826,SDSTGSNQNGE,20,315.0
298,HLA-B07:02,34683.54,QII87826,KHWPQIAQFAP,298,316.0
391,HLA-B07:02,34686.62,QII87826,VTLLPAADLDD,391,317.0
317,HLA-B07:02,34725.83,QII87826,SRIGMEVTPSG,317,318.0
360,HLA-B07:02,34739.65,QII87826,KTFPPTEPKKD,360,319.0
112,HLA-B07:02,34739.79,QII87826,LGTGPEAGLPY,112,320.0
114,HLA-B07:02,34793.78,QII87826,TGPEAGLPYGA,114,321.0
286,HLA-B07:02,34858.17,QII87826,GDQELIRQGTD,286,322.0
0,HLA-B07:02,34878.56,QII87826,MSDNGPQNQRN,0,323.0
296,HLA-B07:02,34899.64,QII87826,DYKHWPQIAQF,296,324.0
238,HLA-B07:02,34927.07,QII87826,QQQQGQTVTKK,238,325.0
279,HLA-B07:02,34962.17,QII87826,EQTQGNFGDQE,279,326.0
297,HLA-B07:02,34967.54,QII87826,YKHWPQIAQFA,297,327.0
264,HLA-B07:02,35065.04,QII87826,TKAYNVTQAFG,264,328.0
358,HLA-B07:02,35104.56,QII87826,AYKTFPPTEPK,358,329.0
278,HLA-B07:02,35150.42,QII87826,PEQTQGNFGDQ,278,330.0
217,HLA-B07:02,35163.97,QII87826,ALALLLLDRLN,217,331.0
368,HLA-B07:02,35253.89,QII87826,KKDKKKKADET,368,332.0
226,HLA-B07:02,35295.51,QII87826,LNQLESKMSGK,226,333.0
240,HLA-B07:02,35301.04,QII87826,QQGQTVTKKSA,240,334.0
395,HLA-B07:02,35369.88,QII87826,PAADLDDFSKQ,395,335.0
95,HLA-B07:02,35421.36,QII87826,GGDGKMKDLSP,95,336.0
322,HLA-B07:02,35454.42,QII87826,EVTPSGTWLTY,322,337.0
168,HLA-B07:02,35496.95,QII87826,KGFYAEGSRGG,168,338.0
227,HLA-B07:02,35583.55,QII87826,NQLESKMSGKG,227,339.0
165,HLA-B07:02,35606.97,QII87826,TLPKGFYAEGS,165,340.0
230,HLA-B07:02,35637.7,QII87826,ESKMSGKGQQQ,230,341.0
340,HLA-B07:02,35644.74,QII87826,DKDPNFKDQVI,340,342.0
164,HLA-B07:02,35648.68,QII87826,TTLPKGFYAEG,164,343.0
81,HLA-B07:02,35670.07,QII87826,DQIGYYRRATR,81,344.0
354,HLA-B07:02,35692.56,QII87826,KHIDAYKTFPP,354,345.0
337,HLA-B07:02,35706.22,QII87826,KLDDKDPNFKD,337,346.0
14,HLA-B07:02,35787.8,QII87826,ITFGGPSDSTG,14,347.0
74,HLA-B07:02,35851.07,QII87826,NTNSSPDDQIG,74,348.0
169,HLA-B07:02,35857.01,QII87826,GFYAEGSRGGS,169,349.0
357,HLA-B07:02,35880.15,QII87826,DAYKTFPPTEP,357,350.0
377,HLA-B07:02,35900.44,QII87826,ETQALPQRQKK,377,351.0
127,HLA-B07:02,35925.96,QII87826,DGIIWVATEGA,127,352.0
231,HLA-B07:02,35985.68,QII87826,SKMSGKGQQQQ,231,353.0
233,HLA-B07:02,36002.87,QII87826,MSGKGQQQQGQ,233,354.0
266,HLA-B07:02,36024.04,QII87826,AYNVTQAFGRR,266,355.0
246,HLA-B07:02,36031.06,QII87826,TKKSAAEASKK,246,356.0
349,HLA-B07:02,36048.02,QII87826,VILLNKHIDAY,349,357.0
125,HLA-B07:02,36074.11,QII87826,NKDGIIWVATE,125,358.0
339,HLA-B07:02,36081.68,QII87826,DDKDPNFKDQV,339,359.0
162,HLA-B07:02,36092.97,QII87826,QGTTLPKGFYA,162,360.0
378,HLA-B07:02,36119.74,QII87826,TQALPQRQKKQ,378,361.0
393,HLA-B07:02,36271.15,QII87826,LLPAADLDDFS,393,362.0
385,HLA-B07:02,36287.12,QII87826,QKKQQTVTLLP,385,363.0
57,HLA-B07:02,36331.33,QII87826,QHGKEDLKFPR,57,364.0
344,HLA-B07:02,36398.6,QII87826,NFKDQVILLNK,344,365.0
126,HLA-B07:02,36445.16,QII87826,KDGIIWVATEG,126,366.0
331,HLA-B07:02,36477.7,QII87826,TYTGAIKLDDK,331,367.0
134,HLA-B07:02,36484.92,QII87826,TEGALNTPKDH,134,368.0
372,HLA-B07:02,36485.79,QII87826,KKKADETQALP,372,369.0
292,HLA-B07:02,36504.07,QII87826,RQGTDYKHWPQ,292,370.0
77,HLA-B07:02,36513.4,QII87826,SSPDDQIGYYR,77,371.0
398,HLA-B07:02,36551.72,QII87826,DLDDFSKQLQQ,398,372.0
376,HLA-B07:02,36581.59,QII87826,DETQALPQRQK,376,373.0
282,HLA-B07:02,36657.25,QII87826,QGNFGDQELIR,282,374.0
161,HLA-B07:02,36774.17,QII87826,PQGTTLPKGFY,161,375.0
118,HLA-B07:02,36788.93,QII87826,AGLPYGANKDG,118,376.0
333,HLA-B07:02,36793.66,QII87826,TGAIKLDDKDP,333,377.0
239,HLA-B07:02,36821.16,QII87826,QQQGQTVTKKS,239,378.0
343,HLA-B07:02,36821.81,QII87826,PNFKDQVILLN,343,379.0
350,HLA-B07:02,36900.42,QII87826,ILLNKHIDAYK,350,380.0
288,HLA-B07:02,36902.82,QII87826,QELIRQGTDYK,288,381.0
60,HLA-B07:02,36962.02,QII87826,KEDLKFPRGQG,60,382.0
62,HLA-B07:02,36973.06,QII87826,DLKFPRGQGVP,62,383.0
1,HLA-B07:02,36998.24,QII87826,SDNGPQNQRNA,1,384.0
369,HLA-B07:02,37045.23,QII87826,KDKKKKADETQ,369,385.0
247,HLA-B07:02,37189.87,QII87826,KKSAAEASKKP,247,386.0
50,HLA-B07:02,37197.96,QII87826,SWFTALTQHGK,50,387.0
283,HLA-B07:02,37214.4,QII87826,GNFGDQELIRQ,283,388.0
21,HLA-B07:02,37291.77,QII87826,DSTGSNQNGER,21,389.0
284,HLA-B07:02,37387.92,QII87826,NFGDQELIRQG,284,390.0
370,HLA-B07:02,37407.43,QII87826,DKKKKADETQA,370,391.0
291,HLA-B07:02,37449.02,QII87826,IRQGTDYKHWP,291,392.0
15,HLA-B07:02,37499.8,QII87826,TFGGPSDSTGS,15,393.0
98,HLA-B07:02,37503.89,QII87826,GKMKDLSPRWY,98,394.0
359,HLA-B07:02,37638.68,QII87826,YKTFPPTEPKK,359,395.0
401,HLA-B07:02,37723.91,QII87826,DFSKQLQQSMS,401,396.0
338,HLA-B07:02,37780.13,QII87826,LDDKDPNFKDQ,338,397.0
397,HLA-B07:02,37781.76,QII87826,ADLDDFSKQLQ,397,398.0
281,HLA-B07:02,37816.39,QII87826,TQGNFGDQELI,281,399.0
353,HLA-B07:02,37863.67,QII87826,NKHIDAYKTFP,353,400.0
59,HLA-B07:02,37880.87,QII87826,GKEDLKFPRGQ,59,401.0
287,HLA-B07:02,37991.81,QII87826,DQELIRQGTDY,287,402.0
336,HLA-B07:02,38007.67,QII87826,IKLDDKDPNFK,336,403.0
224,HLA-B07:02,38172.86,QII87826,DRLNQLESKMS,224,404.0
75,HLA-B07:02,38215.05,QII87826,TNSSPDDQIGY,75,405.0
56,HLA-B07:02,38217.11,QII87826,TQHGKEDLKFP,56,406.0
76,HLA-B07:02,38363.58,QII87826,NSSPDDQIGYY,76,407.0
100,HLA-B07:02,38386.35,QII87826,MKDLSPRWYFY,100,408.0
101,HLA-B07:02,38529.96,QII87826,KDLSPRWYFYY,101,409.0
160,HLA-B35:01,3157.64,QII87826,LPQGTTLPKGF,160,1.0
44,HLA-B35:01,4064.33,QII87826,LPNNTASWFTA,44,2.0
306,HLA-B35:01,4431.95,QII87826,FAPSASAFFGM,306,3.0
303,HLA-B35:01,4546.92,QII87826,IAQFAPSASAF,303,4.0
300,HLA-B35:01,4624.69,QII87826,WPQIAQFAPSA,300,5.0
166,HLA-B35:01,4868.15,QII87826,LPKGFYAEGSR,166,6.0
149,HLA-B35:01,4875.54,QII87826,NPANNAAIVLQ,149,7.0
324,HLA-B35:01,4889.43,QII87826,TPSGTWLTYTG,324,8.0
120,HLA-B35:01,5017.39,QII87826,LPYGANKDGII,120,9.0
71,HLA-B35:01,5045.31,QII87826,VPINTNSSPDD,71,10.0
65,HLA-B35:01,5062.45,QII87826,FPRGQGVPINT,65,11.0
100,HLA-B35:01,5158.55,QII87826,MKDLSPRWYFY,100,12.0
48,HLA-B35:01,5224.12,QII87826,TASWFTALTQH,48,13.0
362,HLA-B35:01,5324.28,QII87826,FPPTEPKKDKK,362,14.0
311,HLA-B35:01,5341.17,QII87826,SAFFGMSRIGM,311,15.0
394,HLA-B35:01,5409.18,QII87826,LPAADLDDFSK,394,16.0
349,HLA-B35:01,5458.38,QII87826,VILLNKHIDAY,349,17.0
299,HLA-B35:01,5517.25,QII87826,HWPQIAQFAPS,299,18.0
322,HLA-B35:01,5557.25,QII87826,EVTPSGTWLTY,322,19.0
381,HLA-B35:01,5561.26,QII87826,LPQRQKKQQTV,381,20.0
75,HLA-B35:01,5571.64,QII87826,TNSSPDDQIGY,75,21.0
76,HLA-B35:01,5673.62,QII87826,NSSPDDQIGYY,76,22.0
112,HLA-B35:01,5726.59,QII87826,LGTGPEAGLPY,112,23.0
40,HLA-B35:01,5748.75,QII87826,RPQGLPNNTAS,40,24.0
78,HLA-B35:01,5768.95,QII87826,SPDDQIGYYRR,78,25.0
392,HLA-B35:01,5772.76,QII87826,TLLPAADLDDF,392,26.0
161,HLA-B35:01,5789.81,QII87826,PQGTTLPKGFY,161,27.0
150,HLA-B35:01,5790.19,QII87826,PANNAAIVLQL,150,28.0
45,HLA-B35:01,5839.45,QII87826,PNNTASWFTAL,45,29.0
153,HLA-B35:01,5861.85,QII87826,NAAIVLQLPQG,153,30.0
129,HLA-B35:01,5879.65,QII87826,IIWVATEGALN,129,31.0
342,HLA-B35:01,5903.41,QII87826,DPNFKDQVILL,342,32.0
257,HLA-B35:01,5924.14,QII87826,PRQKRTATKAY,257,33.0
102,HLA-B35:01,5952.16,QII87826,DLSPRWYFYYL,102,34.0
209,HLA-B35:01,6021.48,QII87826,MAGNGGDAALA,209,35.0
128,HLA-B35:01,6030.92,QII87826,GIIWVATEGAL,128,36.0
197,HLA-B35:01,6053.63,QII87826,TPGSSRGTSPA,197,37.0
263,HLA-B35:01,6066.08,QII87826,ATKAYNVTQAF,263,38.0
216,HLA-B35:01,6071.17,QII87826,AALALLLLDRL,216,39.0
3,HLA-B35:01,6123.86,QII87826,NGPQNQRNAPR,3,40.0
115,HLA-B35:01,6141.61,QII87826,GPEAGLPYGAN,115,41.0
198,HLA-B35:01,6144.88,QII87826,PGSSRGTSPAR,198,42.0
389,HLA-B35:01,6150.51,QII87826,QTVTLLPAADL,389,43.0
53,HLA-B35:01,6161.68,QII87826,TALTQHGKEDL,53,44.0
131,HLA-B35:01,6162.71,QII87826,WVATEGALNTP,131,45.0
180,HLA-B35:01,6190.57,QII87826,QASSRSSSRSR,180,46.0
4,HLA-B35:01,6198.2,QII87826,GPQNQRNAPRI,4,47.0
215,HLA-B35:01,6229.07,QII87826,DAALALLLLDR,215,48.0
103,HLA-B35:01,6233.56,QII87826,LSPRWYFYYLG,103,49.0
208,HLA-B35:01,6245.04,QII87826,RMAGNGGDAAL,208,50.0
210,HLA-B35:01,6248.93,QII87826,AGNGGDAALAL,210,51.0
148,HLA-B35:01,6271.89,QII87826,RNPANNAAIVL,148,52.0
140,HLA-B35:01,6278.88,QII87826,TPKDHIGTRNP,140,53.0
159,HLA-B35:01,6294.53,QII87826,QLPQGTTLPKG,159,54.0
265,HLA-B35:01,6303.5,QII87826,KAYNVTQAFGR,265,55.0
77,HLA-B35:01,6304.24,QII87826,SSPDDQIGYYR,77,56.0
218,HLA-B35:01,6311.12,QII87826,LALLLLDRLNQ,218,57.0
6,HLA-B35:01,6315.31,QII87826,QNQRNAPRITF,6,58.0
304,HLA-B35:01,6319.55,QII87826,AQFAPSASAFF,304,59.0
352,HLA-B35:01,6319.84,QII87826,LNKHIDAYKTF,352,60.0
11,HLA-B35:01,6321.73,QII87826,APRITFGGPSD,11,61.0
199,HLA-B35:01,6337.19,QII87826,GSSRGTSPARM,199,62.0
104,HLA-B35:01,6340.75,QII87826,SPRWYFYYLGT,104,63.0
305,HLA-B35:01,6344.95,QII87826,QFAPSASAFFG,305,64.0
70,HLA-B35:01,6356.87,QII87826,GVPINTNSSPD,70,65.0
393,HLA-B35:01,6358.48,QII87826,LLPAADLDDFS,393,66.0
151,HLA-B35:01,6359.41,QII87826,ANNAAIVLQLP,151,67.0
357,HLA-B35:01,6367.69,QII87826,DAYKTFPPTEP,357,68.0
296,HLA-B35:01,6373.26,QII87826,DYKHWPQIAQF,296,69.0
0,HLA-B35:01,6379.86,QII87826,MSDNGPQNQRN,0,70.0
84,HLA-B35:01,6386.49,QII87826,GYYRRATRRIR,84,71.0
49,HLA-B35:01,6386.88,QII87826,ASWFTALTQHG,49,72.0
374,HLA-B35:01,6397.02,QII87826,KADETQALPQR,374,73.0
152,HLA-B35:01,6400.44,QII87826,NNAAIVLQLPQ,152,74.0
297,HLA-B35:01,6407.36,QII87826,YKHWPQIAQFA,297,75.0
309,HLA-B35:01,6413.49,QII87826,SASAFFGMSRI,309,76.0
136,HLA-B35:01,6417.21,QII87826,GALNTPKDHIG,136,77.0
287,HLA-B35:01,6421.49,QII87826,DQELIRQGTDY,287,78.0
205,HLA-B35:01,6425.81,QII87826,SPARMAGNGGD,205,79.0
343,HLA-B35:01,6426.32,QII87826,PNFKDQVILLN,343,80.0
25,HLA-B35:01,6432.34,QII87826,SNQNGERSGAR,25,81.0
19,HLA-B35:01,6434.37,QII87826,PSDSTGSNQNG,19,82.0
99,HLA-B35:01,6437.05,QII87826,KMKDLSPRWYF,99,83.0
105,HLA-B35:01,6461.58,QII87826,PRWYFYYLGTG,105,84.0
316,HLA-B35:01,6464.35,QII87826,MSRIGMEVTPS,316,85.0
192,HLA-B35:01,6464.49,QII87826,SSRNSTPGSSR,192,86.0
156,HLA-B35:01,6464.5,QII87826,IVLQLPQGTTL,156,87.0
66,HLA-B35:01,6468.65,QII87826,PRGQGVPINTN,66,88.0
18,HLA-B35:01,6475.61,QII87826,GPSDSTGSNQN,18,89.0
282,HLA-B35:01,6479.0,QII87826,QGNFGDQELIR,282,90.0
164,HLA-B35:01,6481.37,QII87826,TTLPKGFYAEG,164,91.0
72,HLA-B35:01,6485.0,QII87826,PINTNSSPDDQ,72,92.0
308,HLA-B35:01,6490.0,QII87826,PSASAFFGMSR,308,93.0
302,HLA-B35:01,6490.73,QII87826,QIAQFAPSASA,302,94.0
301,HLA-B35:01,6496.7,QII87826,PQIAQFAPSAS,301,95.0
101,HLA-B35:01,6513.5,QII87826,KDLSPRWYFYY,101,96.0
47,HLA-B35:01,6515.15,QII87826,NTASWFTALTQ,47,97.0
23,HLA-B35:01,6518.98,QII87826,TGSNQNGERSG,23,98.0
118,HLA-B35:01,6520.24,QII87826,AGLPYGANKDG,118,99.0
310,HLA-B35:01,6522.54,QII87826,ASAFFGMSRIG,310,100.0
108,HLA-B35:01,6524.79,QII87826,YFYYLGTGPEA,108,101.0
273,HLA-B35:01,6529.19,QII87826,FGRRGPEQTQG,273,102.0
249,HLA-B35:01,6533.27,QII87826,SAAEASKKPRQ,249,103.0
138,HLA-B35:01,6533.88,QII87826,LNTPKDHIGTR,138,104.0
42,HLA-B35:01,6534.53,QII87826,QGLPNNTASWF,42,105.0
203,HLA-B35:01,6536.84,QII87826,GTSPARMAGNG,203,106.0
206,HLA-B35:01,6541.65,QII87826,PARMAGNGGDA,206,107.0
262,HLA-B35:01,6544.91,QII87826,TATKAYNVTQA,262,108.0
81,HLA-B35:01,6545.97,QII87826,DQIGYYRRATR,81,109.0
132,HLA-B35:01,6546.88,QII87826,VATEGALNTPK,132,110.0
64,HLA-B35:01,6550.22,QII87826,KFPRGQGVPIN,64,111.0
388,HLA-B35:01,6550.56,QII87826,QQTVTLLPAAD,388,112.0
268,HLA-B35:01,6556.34,QII87826,NVTQAFGRRGP,268,113.0
2,HLA-B35:01,6556.87,QII87826,DNGPQNQRNAP,2,114.0
201,HLA-B35:01,6556.98,QII87826,SRGTSPARMAG,201,115.0
21,HLA-B35:01,6557.21,QII87826,DSTGSNQNGER,21,116.0
390,HLA-B35:01,6561.25,QII87826,TVTLLPAADLD,390,117.0
307,HLA-B35:01,6561.91,QII87826,APSASAFFGMS,307,118.0
30,HLA-B35:01,6562.76,QII87826,ERSGARSKQRR,30,119.0
109,HLA-B35:01,6562.96,QII87826,FYYLGTGPEAG,109,120.0
204,HLA-B35:01,6566.19,QII87826,TSPARMAGNGG,204,121.0
184,HLA-B35:01,6566.43,QII87826,RSSSRSRNSSR,184,122.0
114,HLA-B35:01,6566.59,QII87826,TGPEAGLPYGA,114,123.0
123,HLA-B35:01,6570.07,QII87826,GANKDGIIWVA,123,124.0
98,HLA-B35:01,6571.6,QII87826,GKMKDLSPRWY,98,125.0
142,HLA-B35:01,6572.12,QII87826,KDHIGTRNPAN,142,126.0
327,HLA-B35:01,6575.18,QII87826,GTWLTYTGAIK,327,127.0
276,HLA-B35:01,6575.3,QII87826,RGPEQTQGNFG,276,128.0
74,HLA-B35:01,6575.95,QII87826,NTNSSPDDQIG,74,129.0
110,HLA-B35:01,6578.17,QII87826,YYLGTGPEAGL,110,130.0
178,HLA-B35:01,6578.48,QII87826,GSQASSRSSSR,178,131.0
395,HLA-B35:01,6581.13,QII87826,PAADLDDFSKQ,395,132.0
130,HLA-B35:01,6582.2,QII87826,IWVATEGALNT,130,133.0
214,HLA-B35:01,6584.33,QII87826,GDAALALLLLD,214,134.0
298,HLA-B35:01,6584.6,QII87826,KHWPQIAQFAP,298,135.0
58,HLA-B35:01,6584.79,QII87826,HGKEDLKFPRG,58,136.0
16,HLA-B35:01,6586.23,QII87826,FGGPSDSTGSN,16,137.0
266,HLA-B35:01,6586.74,QII87826,AYNVTQAFGRR,266,138.0
264,HLA-B35:01,6587.76,QII87826,TKAYNVTQAFG,264,139.0
366,HLA-B35:01,6588.67,QII87826,EPKKDKKKKAD,366,140.0
251,HLA-B35:01,6589.04,QII87826,AEASKKPRQKR,251,141.0
174,HLA-B35:01,6593.95,QII87826,GSRGGSQASSR,174,142.0
407,HLA-B35:01,6594.28,QII87826,QQSMSSADSTQ,407,143.0
348,HLA-B35:01,6596.6,QII87826,QVILLNKHIDA,348,144.0
335,HLA-B35:01,6598.66,QII87826,AIKLDDKDPNF,335,145.0
317,HLA-B35:01,6600.64,QII87826,SRIGMEVTPSG,317,146.0
167,HLA-B35:01,6604.87,QII87826,PKGFYAEGSRG,167,147.0
400,HLA-B35:01,6606.16,QII87826,DDFSKQLQQSM,400,148.0
82,HLA-B35:01,6611.23,QII87826,QIGYYRRATRR,82,149.0
270,HLA-B35:01,6611.77,QII87826,TQAFGRRGPEQ,270,150.0
196,HLA-B35:01,6612.43,QII87826,STPGSSRGTSP,196,151.0
391,HLA-B35:01,6614.3,QII87826,VTLLPAADLDD,391,152.0
223,HLA-B35:01,6615.88,QII87826,LDRLNQLESKM,223,153.0
212,HLA-B35:01,6616.88,QII87826,NGGDAALALLL,212,154.0
221,HLA-B35:01,6619.42,QII87826,LLLDRLNQLES,221,155.0
211,HLA-B35:01,6622.98,QII87826,GNGGDAALALL,211,156.0
154,HLA-B35:01,6627.05,QII87826,AAIVLQLPQGT,154,157.0
355,HLA-B35:01,6628.55,QII87826,HIDAYKTFPPT,355,158.0
147,HLA-B35:01,6629.52,QII87826,TRNPANNAAIV,147,159.0
7,HLA-B35:01,6630.83,QII87826,NQRNAPRITFG,7,160.0
122,HLA-B35:01,6632.16,QII87826,YGANKDGIIWV,122,161.0
256,HLA-B35:01,6635.7,QII87826,KPRQKRTATKA,256,162.0
328,HLA-B35:01,6637.5,QII87826,TWLTYTGAIKL,328,163.0
29,HLA-B35:01,6639.33,QII87826,GERSGARSKQR,29,164.0
14,HLA-B35:01,6642.84,QII87826,ITFGGPSDSTG,14,165.0
181,HLA-B35:01,6642.89,QII87826,ASSRSSSRSRN,181,166.0
62,HLA-B35:01,6642.95,QII87826,DLKFPRGQGVP,62,167.0
284,HLA-B35:01,6645.16,QII87826,NFGDQELIRQG,284,168.0
116,HLA-B35:01,6647.83,QII87826,PEAGLPYGANK,116,169.0
143,HLA-B35:01,6647.98,QII87826,DHIGTRNPANN,143,170.0
55,HLA-B35:01,6649.34,QII87826,LTQHGKEDLKF,55,171.0
220,HLA-B35:01,6649.66,QII87826,LLLLDRLNQLE,220,172.0
396,HLA-B35:01,6649.95,QII87826,AADLDDFSKQL,396,173.0
69,HLA-B35:01,6651.17,QII87826,QGVPINTNSSP,69,174.0
106,HLA-B35:01,6651.27,QII87826,RWYFYYLGTGP,106,175.0
163,HLA-B35:01,6652.32,QII87826,GTTLPKGFYAE,163,176.0
126,HLA-B35:01,6656.47,QII87826,KDGIIWVATEG,126,177.0
267,HLA-B35:01,6657.54,QII87826,YNVTQAFGRRG,267,178.0
172,HLA-B35:01,6660.33,QII87826,AEGSRGGSQAS,172,179.0
171,HLA-B35:01,6661.11,QII87826,YAEGSRGGSQA,171,180.0
320,HLA-B35:01,6666.16,QII87826,GMEVTPSGTWL,320,181.0
363,HLA-B35:01,6666.7,QII87826,PPTEPKKDKKK,363,182.0
244,HLA-B35:01,6667.05,QII87826,TVTKKSAAEAS,244,183.0
5,HLA-B35:01,6668.87,QII87826,PQNQRNAPRIT,5,184.0
321,HLA-B35:01,6668.94,QII87826,MEVTPSGTWLT,321,185.0
145,HLA-B35:01,6670.02,QII87826,IGTRNPANNAA,145,186.0
272,HLA-B35:01,6670.21,QII87826,AFGRRGPEQTQ,272,187.0
165,HLA-B35:01,6670.81,QII87826,TLPKGFYAEGS,165,188.0
79,HLA-B35:01,6671.73,QII87826,PDDQIGYYRRA,79,189.0
125,HLA-B35:01,6674.22,QII87826,NKDGIIWVATE,125,190.0
213,HLA-B35:01,6675.27,QII87826,GGDAALALLLL,213,191.0
157,HLA-B35:01,6676.68,QII87826,VLQLPQGTTLP,157,192.0
85,HLA-B35:01,6680.64,QII87826,YYRRATRRIRG,85,193.0
134,HLA-B35:01,6681.83,QII87826,TEGALNTPKDH,134,194.0
31,HLA-B35:01,6683.68,QII87826,RSGARSKQRRP,31,195.0
185,HLA-B35:01,6683.79,QII87826,SSSRSRNSSRN,185,196.0
341,HLA-B35:01,6685.77,QII87826,KDPNFKDQVIL,341,197.0
248,HLA-B35:01,6685.79,QII87826,KSAAEASKKPR,248,198.0
326,HLA-B35:01,6687.24,QII87826,SGTWLTYTGAI,326,199.0
127,HLA-B35:01,6687.77,QII87826,DGIIWVATEGA,127,200.0
57,HLA-B35:01,6688.47,QII87826,QHGKEDLKFPR,57,201.0
60,HLA-B35:01,6689.31,QII87826,KEDLKFPRGQG,60,202.0
207,HLA-B35:01,6689.54,QII87826,ARMAGNGGDAA,207,203.0
139,HLA-B35:01,6691.05,QII87826,NTPKDHIGTRN,139,204.0
344,HLA-B35:01,6694.65,QII87826,NFKDQVILLNK,344,205.0
50,HLA-B35:01,6695.44,QII87826,SWFTALTQHGK,50,206.0
144,HLA-B35:01,6697.21,QII87826,HIGTRNPANNA,144,207.0
217,HLA-B35:01,6698.68,QII87826,ALALLLLDRLN,217,208.0
405,HLA-B35:01,6701.38,QII87826,QLQQSMSSADS,405,209.0
313,HLA-B35:01,6701.73,QII87826,FFGMSRIGMEV,313,210.0
227,HLA-B35:01,6702.03,QII87826,NQLESKMSGKG,227,211.0
15,HLA-B35:01,6706.81,QII87826,TFGGPSDSTGS,15,212.0
385,HLA-B35:01,6708.12,QII87826,QKKQQTVTLLP,385,213.0
133,HLA-B35:01,6708.14,QII87826,ATEGALNTPKD,133,214.0
295,HLA-B35:01,6708.42,QII87826,TDYKHWPQIAQ,295,215.0
280,HLA-B35:01,6710.0,QII87826,QTQGNFGDQEL,280,216.0
189,HLA-B35:01,6710.02,QII87826,SRNSSRNSTPG,189,217.0
195,HLA-B35:01,6710.84,QII87826,NSTPGSSRGTS,195,218.0
277,HLA-B35:01,6710.95,QII87826,GPEQTQGNFGD,277,219.0
387,HLA-B35:01,6713.6,QII87826,KQQTVTLLPAA,387,220.0
169,HLA-B35:01,6714.76,QII87826,GFYAEGSRGGS,169,221.0
361,HLA-B35:01,6717.36,QII87826,TFPPTEPKKDK,361,222.0
146,HLA-B35:01,6717.77,QII87826,GTRNPANNAAI,146,223.0
379,HLA-B35:01,6720.82,QII87826,QALPQRQKKQQ,379,224.0
111,HLA-B35:01,6720.92,QII87826,YLGTGPEAGLP,111,225.0
222,HLA-B35:01,6720.93,QII87826,LLDRLNQLESK,222,226.0
289,HLA-B35:01,6721.92,QII87826,ELIRQGTDYKH,289,227.0
325,HLA-B35:01,6722.0,QII87826,PSGTWLTYTGA,325,228.0
8,HLA-B35:01,6722.3,QII87826,QRNAPRITFGG,8,229.0
141,HLA-B35:01,6722.43,QII87826,PKDHIGTRNPA,141,230.0
52,HLA-B35:01,6723.0,QII87826,FTALTQHGKED,52,231.0
33,HLA-B35:01,6723.02,QII87826,GARSKQRRPQG,33,232.0
158,HLA-B35:01,6723.3,QII87826,LQLPQGTTLPK,158,233.0
371,HLA-B35:01,6723.56,QII87826,KKKKADETQAL,371,234.0
168,HLA-B35:01,6724.56,QII87826,KGFYAEGSRGG,168,235.0
96,HLA-B35:01,6727.69,QII87826,GDGKMKDLSPR,96,236.0
275,HLA-B35:01,6727.98,QII87826,RRGPEQTQGNF,275,237.0
117,HLA-B35:01,6728.8,QII87826,EAGLPYGANKD,117,238.0
347,HLA-B35:01,6731.01,QII87826,DQVILLNKHID,347,239.0
191,HLA-B35:01,6731.27,QII87826,NSSRNSTPGSS,191,240.0
404,HLA-B35:01,6733.01,QII87826,KQLQQSMSSAD,404,241.0
46,HLA-B35:01,6733.23,QII87826,NNTASWFTALT,46,242.0
107,HLA-B35:01,6734.0,QII87826,WYFYYLGTGPE,107,243.0
124,HLA-B35:01,6736.35,QII87826,ANKDGIIWVAT,124,244.0
86,HLA-B35:01,6736.77,QII87826,YRRATRRIRGG,86,245.0
226,HLA-B35:01,6736.82,QII87826,LNQLESKMSGK,226,246.0
179,HLA-B35:01,6739.29,QII87826,SQASSRSSSRS,179,247.0
356,HLA-B35:01,6740.68,QII87826,IDAYKTFPPTE,356,248.0
271,HLA-B35:01,6741.08,QII87826,QAFGRRGPEQT,271,249.0
330,HLA-B35:01,6741.88,QII87826,LTYTGAIKLDD,330,250.0
41,HLA-B35:01,6742.12,QII87826,PQGLPNNTASW,41,251.0
278,HLA-B35:01,6742.57,QII87826,PEQTQGNFGDQ,278,252.0
88,HLA-B35:01,6747.21,QII87826,RATRRIRGGDG,88,253.0
353,HLA-B35:01,6749.79,QII87826,NKHIDAYKTFP,353,254.0
193,HLA-B35:01,6751.67,QII87826,SRNSTPGSSRG,193,255.0
173,HLA-B35:01,6751.69,QII87826,EGSRGGSQASS,173,256.0
397,HLA-B35:01,6752.64,QII87826,ADLDDFSKQLQ,397,257.0
10,HLA-B35:01,6755.17,QII87826,NAPRITFGGPS,10,258.0
243,HLA-B35:01,6755.54,QII87826,QTVTKKSAAEA,243,259.0
113,HLA-B35:01,6756.17,QII87826,GTGPEAGLPYG,113,260.0
73,HLA-B35:01,6757.64,QII87826,INTNSSPDDQI,73,261.0
228,HLA-B35:01,6757.96,QII87826,QLESKMSGKGQ,228,262.0
261,HLA-B35:01,6759.45,QII87826,RTATKAYNVTQ,261,263.0
202,HLA-B35:01,6759.76,QII87826,RGTSPARMAGN,202,264.0
43,HLA-B35:01,6760.59,QII87826,GLPNNTASWFT,43,265.0
34,HLA-B35:01,6761.14,QII87826,ARSKQRRPQGL,34,266.0
63,HLA-B35:01,6762.88,QII87826,LKFPRGQGVPI,63,267.0
35,HLA-B35:01,6763.38,QII87826,RSKQRRPQGLP,35,268.0
9,HLA-B35:01,6764.14,QII87826,RNAPRITFGGP,9,269.0
162,HLA-B35:01,6764.8,QII87826,QGTTLPKGFYA,162,270.0
87,HLA-B35:01,6764.98,QII87826,RRATRRIRGGD,87,271.0
323,HLA-B35:01,6765.87,QII87826,VTPSGTWLTYT,323,272.0
274,HLA-B35:01,6766.15,QII87826,GRRGPEQTQGN,274,273.0
350,HLA-B35:01,6767.1,QII87826,ILLNKHIDAYK,350,274.0
331,HLA-B35:01,6768.99,QII87826,TYTGAIKLDDK,331,275.0
27,HLA-B35:01,6769.05,QII87826,QNGERSGARSK,27,276.0
225,HLA-B35:01,6769.13,QII87826,RLNQLESKMSG,225,277.0
233,HLA-B35:01,6769.4,QII87826,MSGKGQQQQGQ,233,278.0
375,HLA-B35:01,6769.9,QII87826,ADETQALPQRQ,375,279.0
406,HLA-B35:01,6770.68,QII87826,LQQSMSSADST,406,280.0
245,HLA-B35:01,6772.63,QII87826,VTKKSAAEASK,245,281.0
190,HLA-B35:01,6773.21,QII87826,RNSSRNSTPGS,190,282.0
338,HLA-B35:01,6776.27,QII87826,LDDKDPNFKDQ,338,283.0
402,HLA-B35:01,6778.18,QII87826,FSKQLQQSMSS,402,284.0
399,HLA-B35:01,6778.77,QII87826,LDDFSKQLQQS,399,285.0
242,HLA-B35:01,6779.14,QII87826,GQTVTKKSAAE,242,286.0
372,HLA-B35:01,6779.18,QII87826,KKKADETQALP,372,287.0
61,HLA-B35:01,6779.83,QII87826,EDLKFPRGQGV,61,288.0
286,HLA-B35:01,6783.23,QII87826,GDQELIRQGTD,286,289.0
255,HLA-B35:01,6784.35,QII87826,KKPRQKRTATK,255,290.0
219,HLA-B35:01,6786.37,QII87826,ALLLLDRLNQL,219,291.0
177,HLA-B35:01,6788.37,QII87826,GGSQASSRSSS,177,292.0
408,HLA-B35:01,6788.85,QII87826,QSMSSADSTQA,408,293.0
359,HLA-B35:01,6789.66,QII87826,YKTFPPTEPKK,359,294.0
250,HLA-B35:01,6789.71,QII87826,AAEASKKPRQK,250,295.0
336,HLA-B35:01,6790.36,QII87826,IKLDDKDPNFK,336,296.0
135,HLA-B35:01,6791.29,QII87826,EGALNTPKDHI,135,297.0
360,HLA-B35:01,6791.34,QII87826,KTFPPTEPKKD,360,298.0
54,HLA-B35:01,6794.19,QII87826,ALTQHGKEDLK,54,299.0
377,HLA-B35:01,6795.31,QII87826,ETQALPQRQKK,377,300.0
373,HLA-B35:01,6796.0,QII87826,KKADETQALPQ,373,301.0
176,HLA-B35:01,6797.86,QII87826,RGGSQASSRSS,176,302.0
26,HLA-B35:01,6798.43,QII87826,NQNGERSGARS,26,303.0
89,HLA-B35:01,6799.09,QII87826,ATRRIRGGDGK,89,304.0
333,HLA-B35:01,6799.97,QII87826,TGAIKLDDKDP,333,305.0
175,HLA-B35:01,6800.3,QII87826,SRGGSQASSRS,175,306.0
170,HLA-B35:01,6801.0,QII87826,FYAEGSRGGSQ,170,307.0
364,HLA-B35:01,6801.83,QII87826,PTEPKKDKKKK,364,308.0
28,HLA-B35:01,6802.35,QII87826,NGERSGARSKQ,28,309.0
319,HLA-B35:01,6804.14,QII87826,IGMEVTPSGTW,319,310.0
186,HLA-B35:01,6805.68,QII87826,SSRSRNSSRNS,186,311.0
182,HLA-B35:01,6805.69,QII87826,SSRSSSRSRNS,182,312.0
401,HLA-B35:01,6807.13,QII87826,DFSKQLQQSMS,401,313.0
238,HLA-B35:01,6807.85,QII87826,QQQQGQTVTKK,238,314.0
285,HLA-B35:01,6808.19,QII87826,FGDQELIRQGT,285,315.0
93,HLA-B35:01,6809.6,QII87826,IRGGDGKMKDL,93,316.0
12,HLA-B35:01,6810.85,QII87826,PRITFGGPSDS,12,317.0
39,HLA-B35:01,6810.89,QII87826,RRPQGLPNNTA,39,318.0
119,HLA-B35:01,6811.8,QII87826,GLPYGANKDGI,119,319.0
59,HLA-B35:01,6812.58,QII87826,GKEDLKFPRGQ,59,320.0
188,HLA-B35:01,6814.63,QII87826,RSRNSSRNSTP,188,321.0
24,HLA-B35:01,6815.12,QII87826,GSNQNGERSGA,24,322.0
398,HLA-B35:01,6815.6,QII87826,DLDDFSKQLQQ,398,323.0
20,HLA-B35:01,6816.46,QII87826,SDSTGSNQNGE,20,324.0
329,HLA-B35:01,6816.98,QII87826,WLTYTGAIKLD,329,325.0
334,HLA-B35:01,6819.74,QII87826,GAIKLDDKDPN,334,326.0
376,HLA-B35:01,6823.54,QII87826,DETQALPQRQK,376,327.0
269,HLA-B35:01,6825.54,QII87826,VTQAFGRRGPE,269,328.0
314,HLA-B35:01,6826.12,QII87826,FGMSRIGMEVT,314,329.0
17,HLA-B35:01,6826.52,QII87826,GGPSDSTGSNQ,17,330.0
288,HLA-B35:01,6827.98,QII87826,QELIRQGTDYK,288,331.0
378,HLA-B35:01,6828.34,QII87826,TQALPQRQKKQ,378,332.0
237,HLA-B35:01,6829.4,QII87826,GQQQQGQTVTK,237,333.0
1,HLA-B35:01,6829.72,QII87826,SDNGPQNQRNA,1,334.0
56,HLA-B35:01,6830.9,QII87826,TQHGKEDLKFP,56,335.0
345,HLA-B35:01,6833.21,QII87826,FKDQVILLNKH,345,336.0
283,HLA-B35:01,6833.57,QII87826,GNFGDQELIRQ,283,337.0
91,HLA-B35:01,6833.6,QII87826,RRIRGGDGKMK,91,338.0
83,HLA-B35:01,6834.45,QII87826,IGYYRRATRRI,83,339.0
252,HLA-B35:01,6834.61,QII87826,EASKKPRQKRT,252,340.0
315,HLA-B35:01,6834.75,QII87826,GMSRIGMEVTP,315,341.0
90,HLA-B35:01,6834.93,QII87826,TRRIRGGDGKM,90,342.0
383,HLA-B35:01,6835.44,QII87826,QRQKKQQTVTL,383,343.0
337,HLA-B35:01,6836.81,QII87826,KLDDKDPNFKD,337,344.0
194,HLA-B35:01,6837.25,QII87826,RNSTPGSSRGT,194,345.0
36,HLA-B35:01,6838.03,QII87826,SKQRRPQGLPN,36,346.0
369,HLA-B35:01,6841.97,QII87826,KDKKKKADETQ,369,347.0
68,HLA-B35:01,6842.22,QII87826,GQGVPINTNSS,68,348.0
37,HLA-B35:01,6843.67,QII87826,KQRRPQGLPNN,37,349.0
235,HLA-B35:01,6845.62,QII87826,GKGQQQQGQTV,235,350.0
346,HLA-B35:01,6846.32,QII87826,KDQVILLNKHI,346,351.0
230,HLA-B35:01,6846.62,QII87826,ESKMSGKGQQQ,230,352.0
259,HLA-B35:01,6848.21,QII87826,QKRTATKAYNV,259,353.0
229,HLA-B35:01,6848.41,QII87826,LESKMSGKGQQ,229,354.0
32,HLA-B35:01,6849.2,QII87826,SGARSKQRRPQ,32,355.0
183,HLA-B35:01,6849.58,QII87826,SRSSSRSRNSS,183,356.0
200,HLA-B35:01,6852.04,QII87826,SSRGTSPARMA,200,357.0
155,HLA-B35:01,6856.75,QII87826,AIVLQLPQGTT,155,358.0
121,HLA-B35:01,6857.24,QII87826,PYGANKDGIIW,121,359.0
294,HLA-B35:01,6857.58,QII87826,GTDYKHWPQIA,294,360.0
386,HLA-B35:01,6862.17,QII87826,KKQQTVTLLPA,386,361.0
246,HLA-B35:01,6862.39,QII87826,TKKSAAEASKK,246,362.0
312,HLA-B35:01,6866.28,QII87826,AFFGMSRIGME,312,363.0
258,HLA-B35:01,6866.48,QII87826,RQKRTATKAYN,258,364.0
332,HLA-B35:01,6867.09,QII87826,YTGAIKLDDKD,332,365.0
67,HLA-B35:01,6867.77,QII87826,RGQGVPINTNS,67,366.0
97,HLA-B35:01,6869.04,QII87826,DGKMKDLSPRW,97,367.0
403,HLA-B35:01,6869.22,QII87826,SKQLQQSMSSA,403,368.0
239,HLA-B35:01,6869.46,QII87826,QQQGQTVTKKS,239,369.0
231,HLA-B35:01,6869.78,QII87826,SKMSGKGQQQQ,231,370.0
51,HLA-B35:01,6871.7,QII87826,WFTALTQHGKE,51,371.0
247,HLA-B35:01,6871.85,QII87826,KKSAAEASKKP,247,372.0
95,HLA-B35:01,6872.24,QII87826,GGDGKMKDLSP,95,373.0
260,HLA-B35:01,6872.87,QII87826,KRTATKAYNVT,260,374.0
340,HLA-B35:01,6881.33,QII87826,DKDPNFKDQVI,340,375.0
354,HLA-B35:01,6884.83,QII87826,KHIDAYKTFPP,354,376.0
92,HLA-B35:01,6885.05,QII87826,RIRGGDGKMKD,92,377.0
279,HLA-B35:01,6887.68,QII87826,EQTQGNFGDQE,279,378.0
281,HLA-B35:01,6888.89,QII87826,TQGNFGDQELI,281,379.0
318,HLA-B35:01,6890.93,QII87826,RIGMEVTPSGT,318,380.0
224,HLA-B35:01,6891.22,QII87826,DRLNQLESKMS,224,381.0
367,HLA-B35:01,6894.31,QII87826,PKKDKKKKADE,367,382.0
384,HLA-B35:01,6894.64,QII87826,RQKKQQTVTLL,384,383.0
365,HLA-B35:01,6894.79,QII87826,TEPKKDKKKKA,365,384.0
351,HLA-B35:01,6895.02,QII87826,LLNKHIDAYKT,351,385.0
80,HLA-B35:01,6896.93,QII87826,DDQIGYYRRAT,80,386.0
94,HLA-B35:01,6901.43,QII87826,RGGDGKMKDLS,94,387.0
22,HLA-B35:01,6905.23,QII87826,STGSNQNGERS,22,388.0
187,HLA-B35:01,6909.18,QII87826,SRSRNSSRNST,187,389.0
241,HLA-B35:01,6913.19,QII87826,QGQTVTKKSAA,241,390.0
292,HLA-B35:01,6917.22,QII87826,RQGTDYKHWPQ,292,391.0
253,HLA-B35:01,6918.09,QII87826,ASKKPRQKRTA,253,392.0
234,HLA-B35:01,6923.83,QII87826,SGKGQQQQGQT,234,393.0
13,HLA-B35:01,6926.03,QII87826,RITFGGPSDST,13,394.0
291,HLA-B35:01,6927.4,QII87826,IRQGTDYKHWP,291,395.0
382,HLA-B35:01,6929.48,QII87826,PQRQKKQQTVT,382,396.0
339,HLA-B35:01,6931.03,QII87826,DDKDPNFKDQV,339,397.0
38,HLA-B35:01,6935.18,QII87826,QRRPQGLPNNT,38,398.0
137,HLA-B35:01,6936.92,QII87826,ALNTPKDHIGT,137,399.0
232,HLA-B35:01,6939.09,QII87826,KMSGKGQQQQG,232,400.0
254,HLA-B35:01,6943.13,QII87826,SKKPRQKRTAT,254,401.0
358,HLA-B35:01,6949.69,QII87826,AYKTFPPTEPK,358,402.0
293,HLA-B35:01,6961.1,QII87826,QGTDYKHWPQI,293,403.0
370,HLA-B35:01,6962.51,QII87826,DKKKKADETQA,370,404.0
368,HLA-B35:01,6963.01,QII87826,KKDKKKKADET,368,405.0
240,HLA-B35:01,6969.51,QII87826,QQGQTVTKKSA,240,406.0
290,HLA-B35:01,6971.78,QII87826,LIRQGTDYKHW,290,407.0
236,HLA-B35:01,6981.61,QII87826,KGQQQQGQTVT,236,408.0
380,HLA-B35:01,7029.22,QII87826,ALPQRQKKQQT,380,409.0
120,HLA-B51:01,1845.25,QII87826,LPYGANKDGII,120,1.0
381,HLA-B51:01,4835.6,QII87826,LPQRQKKQQTV,381,2.0
83,HLA-B51:01,5140.45,QII87826,IGYYRRATRRI,83,3.0
122,HLA-B51:01,5596.44,QII87826,YGANKDGIIWV,122,4.0
309,HLA-B51:01,5624.33,QII87826,SASAFFGMSRI,309,5.0
357,HLA-B51:01,5654.77,QII87826,DAYKTFPPTEP,357,6.0
282,HLA-B51:01,5671.52,QII87826,QGNFGDQELIR,282,7.0
340,HLA-B51:01,5674.06,QII87826,DKDPNFKDQVI,340,8.0
135,HLA-B51:01,5679.16,QII87826,EGALNTPKDHI,135,9.0
84,HLA-B51:01,5687.05,QII87826,GYYRRATRRIR,84,10.0
21,HLA-B51:01,5687.14,QII87826,DSTGSNQNGER,21,11.0
29,HLA-B51:01,5697.04,QII87826,GERSGARSKQR,29,12.0
342,HLA-B51:01,5699.94,QII87826,DPNFKDQVILL,342,13.0
180,HLA-B51:01,5702.72,QII87826,QASSRSSSRSR,180,14.0
308,HLA-B51:01,5703.19,QII87826,PSASAFFGMSR,308,15.0
394,HLA-B51:01,5703.3,QII87826,LPAADLDDFSK,394,16.0
160,HLA-B51:01,5704.05,QII87826,LPQGTTLPKGF,160,17.0
30,HLA-B51:01,5704.72,QII87826,ERSGARSKQRR,30,18.0
82,HLA-B51:01,5706.58,QII87826,QIGYYRRATRR,82,19.0
198,HLA-B51:01,5707.86,QII87826,PGSSRGTSPAR,198,20.0
184,HLA-B51:01,5710.15,QII87826,RSSSRSRNSSR,184,21.0
77,HLA-B51:01,5710.43,QII87826,SSPDDQIGYYR,77,22.0
266,HLA-B51:01,5711.34,QII87826,AYNVTQAFGRR,266,23.0
178,HLA-B51:01,5713.56,QII87826,GSQASSRSSSR,178,24.0
192,HLA-B51:01,5714.42,QII87826,SSRNSTPGSSR,192,25.0
81,HLA-B51:01,5714.43,QII87826,DQIGYYRRATR,81,26.0
57,HLA-B51:01,5716.34,QII87826,QHGKEDLKFPR,57,27.0
174,HLA-B51:01,5716.78,QII87826,GSRGGSQASSR,174,28.0
25,HLA-B51:01,5718.61,QII87826,SNQNGERSGAR,25,29.0
331,HLA-B51:01,5719.28,QII87826,TYTGAIKLDDK,331,30.0
288,HLA-B51:01,5720.38,QII87826,QELIRQGTDYK,288,31.0
91,HLA-B51:01,5720.73,QII87826,RRIRGGDGKMK,91,32.0
138,HLA-B51:01,5720.93,QII87826,LNTPKDHIGTR,138,33.0
96,HLA-B51:01,5721.78,QII87826,GDGKMKDLSPR,96,34.0
3,HLA-B51:01,5723.07,QII87826,NGPQNQRNAPR,3,35.0
374,HLA-B51:01,5723.13,QII87826,KADETQALPQR,374,36.0
248,HLA-B51:01,5724.08,QII87826,KSAAEASKKPR,248,37.0
54,HLA-B51:01,5724.75,QII87826,ALTQHGKEDLK,54,38.0
251,HLA-B51:01,5727.6,QII87826,AEASKKPRQKR,251,39.0
119,HLA-B51:01,5728.09,QII87826,GLPYGANKDGI,119,40.0
327,HLA-B51:01,5728.17,QII87826,GTWLTYTGAIK,327,41.0
116,HLA-B51:01,5730.02,QII87826,PEAGLPYGANK,116,42.0
306,HLA-B51:01,5731.08,QII87826,FAPSASAFFGM,306,43.0
78,HLA-B51:01,5735.69,QII87826,SPDDQIGYYRR,78,44.0
303,HLA-B51:01,5736.13,QII87826,IAQFAPSASAF,303,45.0
89,HLA-B51:01,5737.07,QII87826,ATRRIRGGDGK,89,46.0
361,HLA-B51:01,5737.25,QII87826,TFPPTEPKKDK,361,47.0
105,HLA-B51:01,5740.05,QII87826,PRWYFYYLGTG,105,48.0
235,HLA-B51:01,5741.34,QII87826,GKGQQQQGQTV,235,49.0
149,HLA-B51:01,5745.54,QII87826,NPANNAAIVLQ,149,50.0
222,HLA-B51:01,5747.86,QII87826,LLDRLNQLESK,222,51.0
250,HLA-B51:01,5749.82,QII87826,AAEASKKPRQK,250,52.0
245,HLA-B51:01,5752.14,QII87826,VTKKSAAEASK,245,53.0
344,HLA-B51:01,5754.35,QII87826,NFKDQVILLNK,344,54.0
50,HLA-B51:01,5755.07,QII87826,SWFTALTQHGK,50,55.0
376,HLA-B51:01,5755.25,QII87826,DETQALPQRQK,376,56.0
255,HLA-B51:01,5755.35,QII87826,KKPRQKRTATK,255,57.0
216,HLA-B51:01,5755.48,QII87826,AALALLLLDRL,216,58.0
27,HLA-B51:01,5756.01,QII87826,QNGERSGARSK,27,59.0
293,HLA-B51:01,5757.87,QII87826,QGTDYKHWPQI,293,60.0
346,HLA-B51:01,5758.22,QII87826,KDQVILLNKHI,346,61.0
63,HLA-B51:01,5758.55,QII87826,LKFPRGQGVPI,63,62.0
350,HLA-B51:01,5758.73,QII87826,ILLNKHIDAYK,350,63.0
400,HLA-B51:01,5761.06,QII87826,DDFSKQLQQSM,400,64.0
237,HLA-B51:01,5762.53,QII87826,GQQQQGQTVTK,237,65.0
281,HLA-B51:01,5762.62,QII87826,TQGNFGDQELI,281,66.0
393,HLA-B51:01,5764.56,QII87826,LLPAADLDDFS,393,67.0
147,HLA-B51:01,5764.8,QII87826,TRNPANNAAIV,147,68.0
363,HLA-B51:01,5765.98,QII87826,PPTEPKKDKKK,363,69.0
150,HLA-B51:01,5766.56,QII87826,PANNAAIVLQL,150,70.0
262,HLA-B51:01,5767.0,QII87826,TATKAYNVTQA,262,71.0
359,HLA-B51:01,5767.42,QII87826,YKTFPPTEPKK,359,72.0
224,HLA-B51:01,5768.07,QII87826,DRLNQLESKMS,224,73.0
246,HLA-B51:01,5768.67,QII87826,TKKSAAEASKK,246,74.0
265,HLA-B51:01,5769.19,QII87826,KAYNVTQAFGR,265,75.0
102,HLA-B51:01,5770.23,QII87826,DLSPRWYFYYL,102,76.0
61,HLA-B51:01,5770.78,QII87826,EDLKFPRGQGV,61,77.0
4,HLA-B51:01,5771.3,QII87826,GPQNQRNAPRI,4,78.0
148,HLA-B51:01,5771.52,QII87826,RNPANNAAIVL,148,79.0
336,HLA-B51:01,5771.8,QII87826,IKLDDKDPNFK,336,80.0
377,HLA-B51:01,5772.14,QII87826,ETQALPQRQKK,377,81.0
226,HLA-B51:01,5772.76,QII87826,LNQLESKMSGK,226,82.0
69,HLA-B51:01,5772.9,QII87826,QGVPINTNSSP,69,83.0
258,HLA-B51:01,5772.93,QII87826,RQKRTATKAYN,258,84.0
347,HLA-B51:01,5773.54,QII87826,DQVILLNKHID,347,85.0
364,HLA-B51:01,5775.46,QII87826,PTEPKKDKKKK,364,86.0
129,HLA-B51:01,5776.99,QII87826,IIWVATEGALN,129,87.0
146,HLA-B51:01,5778.8,QII87826,GTRNPANNAAI,146,88.0
158,HLA-B51:01,5779.0,QII87826,LQLPQGTTLPK,158,89.0
166,HLA-B51:01,5779.5,QII87826,LPKGFYAEGSR,166,90.0
362,HLA-B51:01,5780.54,QII87826,FPPTEPKKDKK,362,91.0
307,HLA-B51:01,5780.69,QII87826,APSASAFFGMS,307,92.0
238,HLA-B51:01,5782.08,QII87826,QQQQGQTVTKK,238,93.0
300,HLA-B51:01,5782.25,QII87826,WPQIAQFAPSA,300,94.0
136,HLA-B51:01,5782.89,QII87826,GALNTPKDHIG,136,95.0
104,HLA-B51:01,5785.74,QII87826,SPRWYFYYLGT,104,96.0
200,HLA-B51:01,5786.77,QII87826,SSRGTSPARMA,200,97.0
64,HLA-B51:01,5787.14,QII87826,KFPRGQGVPIN,64,98.0
358,HLA-B51:01,5787.34,QII87826,AYKTFPPTEPK,358,99.0
341,HLA-B51:01,5788.77,QII87826,KDPNFKDQVIL,341,100.0
213,HLA-B51:01,5788.96,QII87826,GGDAALALLLL,213,101.0
320,HLA-B51:01,5789.63,QII87826,GMEVTPSGTWL,320,102.0
16,HLA-B51:01,5789.88,QII87826,FGGPSDSTGSN,16,103.0
123,HLA-B51:01,5790.39,QII87826,GANKDGIIWVA,123,104.0
121,HLA-B51:01,5791.02,QII87826,PYGANKDGIIW,121,105.0
401,HLA-B51:01,5791.16,QII87826,DFSKQLQQSMS,401,106.0
214,HLA-B51:01,5791.62,QII87826,GDAALALLLLD,214,107.0
71,HLA-B51:01,5791.8,QII87826,VPINTNSSPDD,71,108.0
217,HLA-B51:01,5791.94,QII87826,ALALLLLDRLN,217,109.0
117,HLA-B51:01,5792.54,QII87826,EAGLPYGANKD,117,110.0
259,HLA-B51:01,5793.31,QII87826,QKRTATKAYNV,259,111.0
18,HLA-B51:01,5793.45,QII87826,GPSDSTGSNQN,18,112.0
212,HLA-B51:01,5794.8,QII87826,NGGDAALALLL,212,113.0
74,HLA-B51:01,5794.81,QII87826,NTNSSPDDQIG,74,114.0
202,HLA-B51:01,5795.25,QII87826,RGTSPARMAGN,202,115.0
389,HLA-B51:01,5795.73,QII87826,QTVTLLPAADL,389,116.0
232,HLA-B51:01,5796.1,QII87826,KMSGKGQQQQG,232,117.0
219,HLA-B51:01,5796.66,QII87826,ALLLLDRLNQL,219,118.0
73,HLA-B51:01,5797.43,QII87826,INTNSSPDDQI,73,119.0
19,HLA-B51:01,5797.56,QII87826,PSDSTGSNQNG,19,120.0
143,HLA-B51:01,5797.58,QII87826,DHIGTRNPANN,143,121.0
6,HLA-B51:01,5797.79,QII87826,QNQRNAPRITF,6,122.0
126,HLA-B51:01,5798.27,QII87826,KDGIIWVATEG,126,123.0
7,HLA-B51:01,5798.49,QII87826,NQRNAPRITFG,7,124.0
99,HLA-B51:01,5798.56,QII87826,KMKDLSPRWYF,99,125.0
356,HLA-B51:01,5798.89,QII87826,IDAYKTFPPTE,356,126.0
225,HLA-B51:01,5799.61,QII87826,RLNQLESKMSG,225,127.0
326,HLA-B51:01,5799.91,QII87826,SGTWLTYTGAI,326,128.0
11,HLA-B51:01,5800.25,QII87826,APRITFGGPSD,11,129.0
405,HLA-B51:01,5800.79,QII87826,QLQQSMSSADS,405,130.0
311,HLA-B51:01,5801.03,QII87826,SAFFGMSRIGM,311,131.0
397,HLA-B51:01,5801.11,QII87826,ADLDDFSKQLQ,397,132.0
182,HLA-B51:01,5801.41,QII87826,SSRSSSRSRNS,182,133.0
186,HLA-B51:01,5802.11,QII87826,SSRSRNSSRNS,186,134.0
297,HLA-B51:01,5802.32,QII87826,YKHWPQIAQFA,297,135.0
33,HLA-B51:01,5802.45,QII87826,GARSKQRRPQG,33,136.0
183,HLA-B51:01,5802.71,QII87826,SRSSSRSRNSS,183,137.0
37,HLA-B51:01,5802.83,QII87826,KQRRPQGLPNN,37,138.0
106,HLA-B51:01,5803.04,QII87826,RWYFYYLGTGP,106,139.0
113,HLA-B51:01,5803.18,QII87826,GTGPEAGLPYG,113,140.0
396,HLA-B51:01,5803.3,QII87826,AADLDDFSKQL,396,141.0
218,HLA-B51:01,5803.41,QII87826,LALLLLDRLNQ,218,142.0
98,HLA-B51:01,5803.6,QII87826,GKMKDLSPRWY,98,143.0
45,HLA-B51:01,5803.88,QII87826,PNNTASWFTAL,45,144.0
211,HLA-B51:01,5803.89,QII87826,GNGGDAALALL,211,145.0
312,HLA-B51:01,5803.91,QII87826,AFFGMSRIGME,312,146.0
103,HLA-B51:01,5804.02,QII87826,LSPRWYFYYLG,103,147.0
118,HLA-B51:01,5804.12,QII87826,AGLPYGANKDG,118,148.0
317,HLA-B51:01,5804.63,QII87826,SRIGMEVTPSG,317,149.0
284,HLA-B51:01,5804.64,QII87826,NFGDQELIRQG,284,150.0
20,HLA-B51:01,5804.89,QII87826,SDSTGSNQNGE,20,151.0
161,HLA-B51:01,5805.05,QII87826,PQGTTLPKGFY,161,152.0
274,HLA-B51:01,5805.2,QII87826,GRRGPEQTQGN,274,153.0
12,HLA-B51:01,5805.29,QII87826,PRITFGGPSDS,12,154.0
94,HLA-B51:01,5805.52,QII87826,RGGDGKMKDLS,94,155.0
66,HLA-B51:01,5805.74,QII87826,PRGQGVPINTN,66,156.0
323,HLA-B51:01,5806.19,QII87826,VTPSGTWLTYT,323,157.0
46,HLA-B51:01,5806.35,QII87826,NNTASWFTALT,46,158.0
276,HLA-B51:01,5806.36,QII87826,RGPEQTQGNFG,276,159.0
310,HLA-B51:01,5806.39,QII87826,ASAFFGMSRIG,310,160.0
335,HLA-B51:01,5806.9,QII87826,AIKLDDKDPNF,335,161.0
177,HLA-B51:01,5807.15,QII87826,GGSQASSRSSS,177,162.0
264,HLA-B51:01,5808.24,QII87826,TKAYNVTQAFG,264,163.0
203,HLA-B51:01,5808.44,QII87826,GTSPARMAGNG,203,164.0
173,HLA-B51:01,5808.62,QII87826,EGSRGGSQASS,173,165.0
325,HLA-B51:01,5808.81,QII87826,PSGTWLTYTGA,325,166.0
279,HLA-B51:01,5808.89,QII87826,EQTQGNFGDQE,279,167.0
302,HLA-B51:01,5809.08,QII87826,QIAQFAPSASA,302,168.0
153,HLA-B51:01,5809.22,QII87826,NAAIVLQLPQG,153,169.0
14,HLA-B51:01,5809.75,QII87826,ITFGGPSDSTG,14,170.0
68,HLA-B51:01,5809.87,QII87826,GQGVPINTNSS,68,171.0
339,HLA-B51:01,5809.92,QII87826,DDKDPNFKDQV,339,172.0
88,HLA-B51:01,5809.97,QII87826,RATRRIRGGDG,88,173.0
133,HLA-B51:01,5810.0,QII87826,ATEGALNTPKD,133,174.0
0,HLA-B51:01,5810.38,QII87826,MSDNGPQNQRN,0,175.0
392,HLA-B51:01,5810.39,QII87826,TLLPAADLDDF,392,176.0
221,HLA-B51:01,5810.41,QII87826,LLLDRLNQLES,221,177.0
367,HLA-B51:01,5810.45,QII87826,PKKDKKKKADE,367,178.0
287,HLA-B51:01,5810.54,QII87826,DQELIRQGTDY,287,179.0
60,HLA-B51:01,5811.07,QII87826,KEDLKFPRGQG,60,180.0
47,HLA-B51:01,5811.15,QII87826,NTASWFTALTQ,47,181.0
185,HLA-B51:01,5811.26,QII87826,SSSRSRNSSRN,185,182.0
242,HLA-B51:01,5811.26,QII87826,GQTVTKKSAAE,242,182.0
305,HLA-B51:01,5811.41,QII87826,QFAPSASAFFG,305,184.0
379,HLA-B51:01,5811.44,QII87826,QALPQRQKKQQ,379,185.0
181,HLA-B51:01,5811.82,QII87826,ASSRSSSRSRN,181,186.0
139,HLA-B51:01,5812.02,QII87826,NTPKDHIGTRN,139,187.0
209,HLA-B51:01,5812.06,QII87826,MAGNGGDAALA,209,188.0
176,HLA-B51:01,5812.09,QII87826,RGGSQASSRSS,176,189.0
384,HLA-B51:01,5812.38,QII87826,RQKKQQTVTLL,384,190.0
159,HLA-B51:01,5812.61,QII87826,QLPQGTTLPKG,159,191.0
67,HLA-B51:01,5812.69,QII87826,RGQGVPINTNS,67,192.0
165,HLA-B51:01,5812.77,QII87826,TLPKGFYAEGS,165,193.0
51,HLA-B51:01,5812.85,QII87826,WFTALTQHGKE,51,194.0
144,HLA-B51:01,5813.16,QII87826,HIGTRNPANNA,144,195.0
23,HLA-B51:01,5814.01,QII87826,TGSNQNGERSG,23,196.0
408,HLA-B51:01,5814.24,QII87826,QSMSSADSTQA,408,197.0
390,HLA-B51:01,5814.41,QII87826,TVTLLPAADLD,390,198.0
162,HLA-B51:01,5814.54,QII87826,QGTTLPKGFYA,162,199.0
52,HLA-B51:01,5814.63,QII87826,FTALTQHGKED,52,200.0
289,HLA-B51:01,5815.63,QII87826,ELIRQGTDYKH,289,201.0
41,HLA-B51:01,5815.7,QII87826,PQGLPNNTASW,41,202.0
395,HLA-B51:01,5815.77,QII87826,PAADLDDFSKQ,395,203.0
142,HLA-B51:01,5815.99,QII87826,KDHIGTRNPAN,142,204.0
313,HLA-B51:01,5816.03,QII87826,FFGMSRIGMEV,313,205.0
97,HLA-B51:01,5816.3,QII87826,DGKMKDLSPRW,97,206.0
321,HLA-B51:01,5816.39,QII87826,MEVTPSGTWLT,321,207.0
190,HLA-B51:01,5817.29,QII87826,RNSSRNSTPGS,190,208.0
398,HLA-B51:01,5817.39,QII87826,DLDDFSKQLQQ,398,209.0
132,HLA-B51:01,5818.04,QII87826,VATEGALNTPK,132,210.0
391,HLA-B51:01,5818.08,QII87826,VTLLPAADLDD,391,211.0
53,HLA-B51:01,5818.57,QII87826,TALTQHGKEDL,53,212.0
164,HLA-B51:01,5818.67,QII87826,TTLPKGFYAEG,164,213.0
34,HLA-B51:01,5819.0,QII87826,ARSKQRRPQGL,34,214.0
86,HLA-B51:01,5819.01,QII87826,YRRATRRIRGG,86,215.0
140,HLA-B51:01,5819.33,QII87826,TPKDHIGTRNP,140,216.0
230,HLA-B51:01,5819.61,QII87826,ESKMSGKGQQQ,230,217.0
26,HLA-B51:01,5820.0,QII87826,NQNGERSGARS,26,218.0
100,HLA-B51:01,5820.02,QII87826,MKDLSPRWYFY,100,219.0
169,HLA-B51:01,5820.09,QII87826,GFYAEGSRGGS,169,220.0
332,HLA-B51:01,5820.09,QII87826,YTGAIKLDDKD,332,220.0
204,HLA-B51:01,5820.19,QII87826,TSPARMAGNGG,204,222.0
261,HLA-B51:01,5820.27,QII87826,RTATKAYNVTQ,261,223.0
370,HLA-B51:01,5820.28,QII87826,DKKKKADETQA,370,224.0
93,HLA-B51:01,5820.56,QII87826,IRGGDGKMKDL,93,225.0
131,HLA-B51:01,5820.81,QII87826,WVATEGALNTP,131,226.0
72,HLA-B51:01,5820.84,QII87826,PINTNSSPDDQ,72,227.0
17,HLA-B51:01,5820.86,QII87826,GGPSDSTGSNQ,17,228.0
76,HLA-B51:01,5820.86,QII87826,NSSPDDQIGYY,76,228.0
231,HLA-B51:01,5820.99,QII87826,SKMSGKGQQQQ,231,230.0
191,HLA-B51:01,5821.12,QII87826,NSSRNSTPGSS,191,231.0
128,HLA-B51:01,5821.38,QII87826,GIIWVATEGAL,128,232.0
206,HLA-B51:01,5821.38,QII87826,PARMAGNGGDA,206,232.0
286,HLA-B51:01,5821.41,QII87826,GDQELIRQGTD,286,234.0
22,HLA-B51:01,5821.67,QII87826,STGSNQNGERS,22,235.0
240,HLA-B51:01,5821.73,QII87826,QQGQTVTKKSA,240,236.0
208,HLA-B51:01,5821.74,QII87826,RMAGNGGDAAL,208,237.0
228,HLA-B51:01,5821.82,QII87826,QLESKMSGKGQ,228,238.0
39,HLA-B51:01,5822.0,QII87826,RRPQGLPNNTA,39,239.0
195,HLA-B51:01,5822.21,QII87826,NSTPGSSRGTS,195,240.0
179,HLA-B51:01,5822.24,QII87826,SQASSRSSSRS,179,241.0
196,HLA-B51:01,5822.8,QII87826,STPGSSRGTSP,196,242.0
42,HLA-B51:01,5822.91,QII87826,QGLPNNTASWF,42,243.0
294,HLA-B51:01,5822.94,QII87826,GTDYKHWPQIA,294,244.0
273,HLA-B51:01,5823.06,QII87826,FGRRGPEQTQG,273,245.0
272,HLA-B51:01,5823.16,QII87826,AFGRRGPEQTQ,272,246.0
345,HLA-B51:01,5823.19,QII87826,FKDQVILLNKH,345,247.0
172,HLA-B51:01,5823.21,QII87826,AEGSRGGSQAS,172,248.0
168,HLA-B51:01,5823.37,QII87826,KGFYAEGSRGG,168,249.0
125,HLA-B51:01,5823.46,QII87826,NKDGIIWVATE,125,250.0
334,HLA-B51:01,5823.48,QII87826,GAIKLDDKDPN,334,251.0
156,HLA-B51:01,5823.52,QII87826,IVLQLPQGTTL,156,252.0
249,HLA-B51:01,5824.02,QII87826,SAAEASKKPRQ,249,253.0
48,HLA-B51:01,5824.1,QII87826,TASWFTALTQH,48,254.0
15,HLA-B51:01,5824.92,QII87826,TFGGPSDSTGS,15,255.0
44,HLA-B51:01,5824.96,QII87826,LPNNTASWFTA,44,256.0
278,HLA-B51:01,5825.05,QII87826,PEQTQGNFGDQ,278,257.0
171,HLA-B51:01,5825.13,QII87826,YAEGSRGGSQA,171,258.0
210,HLA-B51:01,5825.19,QII87826,AGNGGDAALAL,210,259.0
207,HLA-B51:01,5825.28,QII87826,ARMAGNGGDAA,207,260.0
59,HLA-B51:01,5825.77,QII87826,GKEDLKFPRGQ,59,261.0
337,HLA-B51:01,5825.96,QII87826,KLDDKDPNFKD,337,262.0
220,HLA-B51:01,5826.33,QII87826,LLLLDRLNQLE,220,263.0
58,HLA-B51:01,5826.46,QII87826,HGKEDLKFPRG,58,264.0
403,HLA-B51:01,5826.47,QII87826,SKQLQQSMSSA,403,265.0
49,HLA-B51:01,5826.71,QII87826,ASWFTALTQHG,49,266.0
301,HLA-B51:01,5826.9,QII87826,PQIAQFAPSAS,301,267.0
378,HLA-B51:01,5827.13,QII87826,TQALPQRQKKQ,378,268.0
267,HLA-B51:01,5827.25,QII87826,YNVTQAFGRRG,267,269.0
79,HLA-B51:01,5827.46,QII87826,PDDQIGYYRRA,79,270.0
257,HLA-B51:01,5827.46,QII87826,PRQKRTATKAY,257,270.0
134,HLA-B51:01,5827.59,QII87826,TEGALNTPKDH,134,272.0
299,HLA-B51:01,5827.77,QII87826,HWPQIAQFAPS,299,273.0
75,HLA-B51:01,5827.85,QII87826,TNSSPDDQIGY,75,274.0
175,HLA-B51:01,5827.9,QII87826,SRGGSQASSRS,175,275.0
243,HLA-B51:01,5828.0,QII87826,QTVTKKSAAEA,243,276.0
324,HLA-B51:01,5828.1,QII87826,TPSGTWLTYTG,324,277.0
115,HLA-B51:01,5828.26,QII87826,GPEAGLPYGAN,115,278.0
348,HLA-B51:01,5828.28,QII87826,QVILLNKHIDA,348,279.0
280,HLA-B51:01,5828.36,QII87826,QTQGNFGDQEL,280,280.0
244,HLA-B51:01,5828.56,QII87826,TVTKKSAAEAS,244,281.0
24,HLA-B51:01,5828.66,QII87826,GSNQNGERSGA,24,282.0
31,HLA-B51:01,5828.71,QII87826,RSGARSKQRRP,31,283.0
253,HLA-B51:01,5828.72,QII87826,ASKKPRQKRTA,253,284.0
227,HLA-B51:01,5828.76,QII87826,NQLESKMSGKG,227,285.0
256,HLA-B51:01,5828.85,QII87826,KPRQKRTATKA,256,286.0
375,HLA-B51:01,5829.09,QII87826,ADETQALPQRQ,375,287.0
388,HLA-B51:01,5829.6,QII87826,QQTVTLLPAAD,388,288.0
328,HLA-B51:01,5829.63,QII87826,TWLTYTGAIKL,328,289.0
407,HLA-B51:01,5829.63,QII87826,QQSMSSADSTQ,407,289.0
92,HLA-B51:01,5829.88,QII87826,RIRGGDGKMKD,92,291.0
43,HLA-B51:01,5830.38,QII87826,GLPNNTASWFT,43,292.0
152,HLA-B51:01,5830.47,QII87826,NNAAIVLQLPQ,152,293.0
229,HLA-B51:01,5830.59,QII87826,LESKMSGKGQQ,229,294.0
316,HLA-B51:01,5831.4,QII87826,MSRIGMEVTPS,316,295.0
343,HLA-B51:01,5831.58,QII87826,PNFKDQVILLN,343,296.0
270,HLA-B51:01,5831.92,QII87826,TQAFGRRGPEQ,270,297.0
87,HLA-B51:01,5831.97,QII87826,RRATRRIRGGD,87,298.0
296,HLA-B51:01,5832.02,QII87826,DYKHWPQIAQF,296,299.0
399,HLA-B51:01,5832.45,QII87826,LDDFSKQLQQS,399,300.0
28,HLA-B51:01,5832.46,QII87826,NGERSGARSKQ,28,301.0
383,HLA-B51:01,5832.51,QII87826,QRQKKQQTVTL,383,302.0
330,HLA-B51:01,5833.17,QII87826,LTYTGAIKLDD,330,303.0
205,HLA-B51:01,5833.18,QII87826,SPARMAGNGGD,205,304.0
366,HLA-B51:01,5833.37,QII87826,EPKKDKKKKAD,366,305.0
239,HLA-B51:01,5833.46,QII87826,QQQGQTVTKKS,239,306.0
404,HLA-B51:01,5833.57,QII87826,KQLQQSMSSAD,404,307.0
329,HLA-B51:01,5834.14,QII87826,WLTYTGAIKLD,329,308.0
101,HLA-B51:01,5834.2,QII87826,KDLSPRWYFYY,101,309.0
277,HLA-B51:01,5834.24,QII87826,GPEQTQGNFGD,277,310.0
1,HLA-B51:01,5834.8,QII87826,SDNGPQNQRNA,1,311.0
189,HLA-B51:01,5835.16,QII87826,SRNSSRNSTPG,189,312.0
338,HLA-B51:01,5835.48,QII87826,LDDKDPNFKDQ,338,313.0
201,HLA-B51:01,5835.58,QII87826,SRGTSPARMAG,201,314.0
163,HLA-B51:01,5835.8,QII87826,GTTLPKGFYAE,163,315.0
365,HLA-B51:01,5836.15,QII87826,TEPKKDKKKKA,365,316.0
167,HLA-B51:01,5836.46,QII87826,PKGFYAEGSRG,167,317.0
322,HLA-B51:01,5836.85,QII87826,EVTPSGTWLTY,322,318.0
371,HLA-B51:01,5836.87,QII87826,KKKKADETQAL,371,319.0
352,HLA-B51:01,5837.04,QII87826,LNKHIDAYKTF,352,320.0
382,HLA-B51:01,5837.5,QII87826,PQRQKKQQTVT,382,321.0
369,HLA-B51:01,5837.52,QII87826,KDKKKKADETQ,369,322.0
360,HLA-B51:01,5837.79,QII87826,KTFPPTEPKKD,360,323.0
387,HLA-B51:01,5838.6,QII87826,KQQTVTLLPAA,387,324.0
32,HLA-B51:01,5838.68,QII87826,SGARSKQRRPQ,32,325.0
315,HLA-B51:01,5838.84,QII87826,GMSRIGMEVTP,315,326.0
40,HLA-B51:01,5838.89,QII87826,RPQGLPNNTAS,40,327.0
236,HLA-B51:01,5839.49,QII87826,KGQQQQGQTVT,236,328.0
283,HLA-B51:01,5839.62,QII87826,GNFGDQELIRQ,283,329.0
275,HLA-B51:01,5839.74,QII87826,RRGPEQTQGNF,275,330.0
247,HLA-B51:01,5840.2,QII87826,KKSAAEASKKP,247,331.0
107,HLA-B51:01,5841.09,QII87826,WYFYYLGTGPE,107,332.0
233,HLA-B51:01,5841.96,QII87826,MSGKGQQQQGQ,233,333.0
8,HLA-B51:01,5842.04,QII87826,QRNAPRITFGG,8,334.0
292,HLA-B51:01,5842.05,QII87826,RQGTDYKHWPQ,292,335.0
291,HLA-B51:01,5842.46,QII87826,IRQGTDYKHWP,291,336.0
260,HLA-B51:01,5842.68,QII87826,KRTATKAYNVT,260,337.0
193,HLA-B51:01,5842.79,QII87826,SRNSTPGSSRG,193,338.0
314,HLA-B51:01,5843.18,QII87826,FGMSRIGMEVT,314,339.0
188,HLA-B51:01,5843.27,QII87826,RSRNSSRNSTP,188,340.0
353,HLA-B51:01,5843.55,QII87826,NKHIDAYKTFP,353,341.0
333,HLA-B51:01,5844.75,QII87826,TGAIKLDDKDP,333,342.0
295,HLA-B51:01,5845.24,QII87826,TDYKHWPQIAQ,295,343.0
304,HLA-B51:01,5845.51,QII87826,AQFAPSASAFF,304,344.0
241,HLA-B51:01,5845.96,QII87826,QGQTVTKKSAA,241,345.0
263,HLA-B51:01,5846.11,QII87826,ATKAYNVTQAF,263,346.0
290,HLA-B51:01,5846.32,QII87826,LIRQGTDYKHW,290,347.0
62,HLA-B51:01,5847.4,QII87826,DLKFPRGQGVP,62,348.0
170,HLA-B51:01,5847.48,QII87826,FYAEGSRGGSQ,170,349.0
268,HLA-B51:01,5847.65,QII87826,NVTQAFGRRGP,268,350.0
154,HLA-B51:01,5847.7,QII87826,AAIVLQLPQGT,154,351.0
271,HLA-B51:01,5848.17,QII87826,QAFGRRGPEQT,271,352.0
402,HLA-B51:01,5849.55,QII87826,FSKQLQQSMSS,402,353.0
130,HLA-B51:01,5849.68,QII87826,IWVATEGALNT,130,354.0
9,HLA-B51:01,5850.35,QII87826,RNAPRITFGGP,9,355.0
373,HLA-B51:01,5850.73,QII87826,KKADETQALPQ,373,356.0
112,HLA-B51:01,5852.27,QII87826,LGTGPEAGLPY,112,357.0
114,HLA-B51:01,5852.73,QII87826,TGPEAGLPYGA,114,358.0
85,HLA-B51:01,5853.32,QII87826,YYRRATRRIRG,85,359.0
110,HLA-B51:01,5853.53,QII87826,YYLGTGPEAGL,110,360.0
13,HLA-B51:01,5854.29,QII87826,RITFGGPSDST,13,361.0
187,HLA-B51:01,5854.42,QII87826,SRSRNSSRNST,187,362.0
406,HLA-B51:01,5854.73,QII87826,LQQSMSSADST,406,363.0
269,HLA-B51:01,5854.96,QII87826,VTQAFGRRGPE,269,364.0
2,HLA-B51:01,5855.56,QII87826,DNGPQNQRNAP,2,365.0
70,HLA-B51:01,5856.17,QII87826,GVPINTNSSPD,70,366.0
56,HLA-B51:01,5856.56,QII87826,TQHGKEDLKFP,56,367.0
155,HLA-B51:01,5856.87,QII87826,AIVLQLPQGTT,155,368.0
108,HLA-B51:01,5856.93,QII87826,YFYYLGTGPEA,108,369.0
349,HLA-B51:01,5858.34,QII87826,VILLNKHIDAY,349,370.0
355,HLA-B51:01,5858.67,QII87826,HIDAYKTFPPT,355,371.0
194,HLA-B51:01,5858.91,QII87826,RNSTPGSSRGT,194,372.0
141,HLA-B51:01,5859.62,QII87826,PKDHIGTRNPA,141,373.0
234,HLA-B51:01,5860.15,QII87826,SGKGQQQQGQT,234,374.0
252,HLA-B51:01,5860.32,QII87826,EASKKPRQKRT,252,375.0
36,HLA-B51:01,5861.59,QII87826,SKQRRPQGLPN,36,376.0
124,HLA-B51:01,5861.65,QII87826,ANKDGIIWVAT,124,377.0
5,HLA-B51:01,5861.78,QII87826,PQNQRNAPRIT,5,378.0
137,HLA-B51:01,5861.81,QII87826,ALNTPKDHIGT,137,379.0
157,HLA-B51:01,5862.67,QII87826,VLQLPQGTTLP,157,380.0
380,HLA-B51:01,5863.01,QII87826,ALPQRQKKQQT,380,381.0
95,HLA-B51:01,5863.12,QII87826,GGDGKMKDLSP,95,382.0
368,HLA-B51:01,5863.26,QII87826,KKDKKKKADET,368,383.0
90,HLA-B51:01,5863.94,QII87826,TRRIRGGDGKM,90,384.0
223,HLA-B51:01,5864.85,QII87826,LDRLNQLESKM,223,385.0
199,HLA-B51:01,5865.27,QII87826,GSSRGTSPARM,199,386.0
38,HLA-B51:01,5865.8,QII87826,QRRPQGLPNNT,38,387.0
151,HLA-B51:01,5866.06,QII87826,ANNAAIVLQLP,151,388.0
318,HLA-B51:01,5866.62,QII87826,RIGMEVTPSGT,318,389.0
298,HLA-B51:01,5871.81,QII87826,KHWPQIAQFAP,298,390.0
197,HLA-B51:01,5873.23,QII87826,TPGSSRGTSPA,197,391.0
285,HLA-B51:01,5873.51,QII87826,FGDQELIRQGT,285,392.0
386,HLA-B51:01,5876.34,QII87826,KKQQTVTLLPA,386,393.0
351,HLA-B51:01,5876.78,QII87826,LLNKHIDAYKT,351,394.0
354,HLA-B51:01,5877.43,QII87826,KHIDAYKTFPP,354,395.0
145,HLA-B51:01,5878.82,QII87826,IGTRNPANNAA,145,396.0
254,HLA-B51:01,5879.62,QII87826,SKKPRQKRTAT,254,397.0
109,HLA-B51:01,5880.96,QII87826,FYYLGTGPEAG,109,398.0
65,HLA-B51:01,5881.26,QII87826,FPRGQGVPINT,65,399.0
55,HLA-B51:01,5882.59,QII87826,LTQHGKEDLKF,55,400.0
319,HLA-B51:01,5882.95,QII87826,IGMEVTPSGTW,319,401.0
372,HLA-B51:01,5887.64,QII87826,KKKADETQALP,372,402.0
80,HLA-B51:01,5891.31,QII87826,DDQIGYYRRAT,80,403.0
385,HLA-B51:01,5892.69,QII87826,QKKQQTVTLLP,385,404.0
111,HLA-B51:01,5893.49,QII87826,YLGTGPEAGLP,111,405.0
35,HLA-B51:01,5899.0,QII87826,RSKQRRPQGLP,35,406.0
10,HLA-B51:01,5904.59,QII87826,NAPRITFGGPS,10,407.0
127,HLA-B51:01,5925.98,QII87826,DGIIWVATEGA,127,408.0
215,HLA-B51:01,6137.4,QII87826,DAALALLLLDR,215,409.0
306,HLA-B53:01,185.51,QII87826,FAPSASAFFGM,306,1.0
319,HLA-B53:01,1529.25,QII87826,IGMEVTPSGTW,319,2.0
160,HLA-B53:01,1736.61,QII87826,LPQGTTLPKGF,160,3.0
65,HLA-B53:01,2701.31,QII87826,FPRGQGVPINT,65,4.0
44,HLA-B53:01,3667.63,QII87826,LPNNTASWFTA,44,5.0
41,HLA-B53:01,5019.22,QII87826,PQGLPNNTASW,41,6.0
121,HLA-B53:01,6477.12,QII87826,PYGANKDGIIW,121,7.0
303,HLA-B53:01,8173.42,QII87826,IAQFAPSASAF,303,8.0
45,HLA-B53:01,9612.88,QII87826,PNNTASWFTAL,45,9.0
313,HLA-B53:01,9872.95,QII87826,FFGMSRIGMEV,313,10.0
120,HLA-B53:01,10256.51,QII87826,LPYGANKDGII,120,11.0
46,HLA-B53:01,10702.36,QII87826,NNTASWFTALT,46,12.0
149,HLA-B53:01,11053.37,QII87826,NPANNAAIVLQ,149,13.0
309,HLA-B53:01,12070.01,QII87826,SASAFFGMSRI,309,14.0
102,HLA-B53:01,13579.39,QII87826,DLSPRWYFYYL,102,15.0
321,HLA-B53:01,13805.11,QII87826,MEVTPSGTWLT,321,16.0
328,HLA-B53:01,14589.46,QII87826,TWLTYTGAIKL,328,17.0
314,HLA-B53:01,14931.44,QII87826,FGMSRIGMEVT,314,18.0
322,HLA-B53:01,15073.21,QII87826,EVTPSGTWLTY,322,19.0
320,HLA-B53:01,15294.39,QII87826,GMEVTPSGTWL,320,20.0
130,HLA-B53:01,15531.78,QII87826,IWVATEGALNT,130,21.0
326,HLA-B53:01,15670.73,QII87826,SGTWLTYTGAI,326,22.0
324,HLA-B53:01,15947.8,QII87826,TPSGTWLTYTG,324,23.0
100,HLA-B53:01,16115.2,QII87826,MKDLSPRWYFY,100,24.0
352,HLA-B53:01,16380.58,QII87826,LNKHIDAYKTF,352,25.0
342,HLA-B53:01,17275.13,QII87826,DPNFKDQVILL,342,26.0
150,HLA-B53:01,17359.19,QII87826,PANNAAIVLQL,150,27.0
216,HLA-B53:01,18000.42,QII87826,AALALLLLDRL,216,28.0
311,HLA-B53:01,18298.93,QII87826,SAFFGMSRIGM,311,29.0
304,HLA-B53:01,18859.41,QII87826,AQFAPSASAFF,304,30.0
75,HLA-B53:01,19023.38,QII87826,TNSSPDDQIGY,75,31.0
223,HLA-B53:01,19528.97,QII87826,LDRLNQLESKM,223,32.0
362,HLA-B53:01,20168.48,QII87826,FPPTEPKKDKK,362,33.0
212,HLA-B53:01,20423.73,QII87826,NGGDAALALLL,212,34.0
263,HLA-B53:01,20869.97,QII87826,ATKAYNVTQAF,263,35.0
71,HLA-B53:01,21244.93,QII87826,VPINTNSSPDD,71,36.0
152,HLA-B53:01,21466.68,QII87826,NNAAIVLQLPQ,152,37.0
73,HLA-B53:01,21545.84,QII87826,INTNSSPDDQI,73,38.0
290,HLA-B53:01,22074.5,QII87826,LIRQGTDYKHW,290,39.0
300,HLA-B53:01,22120.63,QII87826,WPQIAQFAPSA,300,40.0
299,HLA-B53:01,22575.87,QII87826,HWPQIAQFAPS,299,41.0
122,HLA-B53:01,22707.59,QII87826,YGANKDGIIWV,122,42.0
161,HLA-B53:01,22863.46,QII87826,PQGTTLPKGFY,161,43.0
109,HLA-B53:01,23033.34,QII87826,FYYLGTGPEAG,109,44.0
112,HLA-B53:01,23112.28,QII87826,LGTGPEAGLPY,112,45.0
48,HLA-B53:01,23201.66,QII87826,TASWFTALTQH,48,46.0
323,HLA-B53:01,23249.4,QII87826,VTPSGTWLTYT,323,47.0
307,HLA-B53:01,23564.07,QII87826,APSASAFFGMS,307,48.0
129,HLA-B53:01,23846.8,QII87826,IIWVATEGALN,129,49.0
55,HLA-B53:01,23891.37,QII87826,LTQHGKEDLKF,55,50.0
16,HLA-B53:01,24527.64,QII87826,FGGPSDSTGSN,16,51.0
394,HLA-B53:01,24678.19,QII87826,LPAADLDDFSK,394,52.0
135,HLA-B53:01,24822.56,QII87826,EGALNTPKDHI,135,53.0
166,HLA-B53:01,25475.03,QII87826,LPKGFYAEGSR,166,54.0
76,HLA-B53:01,25612.73,QII87826,NSSPDDQIGYY,76,55.0
124,HLA-B53:01,25767.88,QII87826,ANKDGIIWVAT,124,56.0
47,HLA-B53:01,26220.76,QII87826,NTASWFTALTQ,47,57.0
18,HLA-B53:01,26430.74,QII87826,GPSDSTGSNQN,18,58.0
97,HLA-B53:01,26445.23,QII87826,DGKMKDLSPRW,97,59.0
296,HLA-B53:01,26633.94,QII87826,DYKHWPQIAQF,296,60.0
316,HLA-B53:01,27025.86,QII87826,MSRIGMEVTPS,316,61.0
218,HLA-B53:01,27172.87,QII87826,LALLLLDRLNQ,218,62.0
128,HLA-B53:01,27361.57,QII87826,GIIWVATEGAL,128,63.0
209,HLA-B53:01,27622.44,QII87826,MAGNGGDAALA,209,64.0
6,HLA-B53:01,27674.21,QII87826,QNQRNAPRITF,6,65.0
214,HLA-B53:01,28116.37,QII87826,GDAALALLLLD,214,66.0
293,HLA-B53:01,28164.64,QII87826,QGTDYKHWPQI,293,67.0
110,HLA-B53:01,28547.42,QII87826,YYLGTGPEAGL,110,68.0
400,HLA-B53:01,28603.15,QII87826,DDFSKQLQQSM,400,69.0
343,HLA-B53:01,28963.69,QII87826,PNFKDQVILLN,343,70.0
392,HLA-B53:01,28995.89,QII87826,TLLPAADLDDF,392,71.0
389,HLA-B53:01,29125.45,QII87826,QTVTLLPAADL,389,72.0
125,HLA-B53:01,29148.68,QII87826,NKDGIIWVATE,125,73.0
103,HLA-B53:01,29199.37,QII87826,LSPRWYFYYLG,103,74.0
42,HLA-B53:01,29305.3,QII87826,QGLPNNTASWF,42,75.0
53,HLA-B53:01,29320.04,QII87826,TALTQHGKEDL,53,76.0
335,HLA-B53:01,29339.77,QII87826,AIKLDDKDPNF,335,77.0
104,HLA-B53:01,29483.55,QII87826,SPRWYFYYLGT,104,78.0
78,HLA-B53:01,29563.89,QII87826,SPDDQIGYYRR,78,79.0
0,HLA-B53:01,29866.82,QII87826,MSDNGPQNQRN,0,80.0
115,HLA-B53:01,29949.79,QII87826,GPEAGLPYGAN,115,81.0
297,HLA-B53:01,30131.23,QII87826,YKHWPQIAQFA,297,82.0
170,HLA-B53:01,30169.34,QII87826,FYAEGSRGGSQ,170,83.0
156,HLA-B53:01,30445.06,QII87826,IVLQLPQGTTL,156,84.0
148,HLA-B53:01,30449.3,QII87826,RNPANNAAIVL,148,85.0
325,HLA-B53:01,30469.53,QII87826,PSGTWLTYTGA,325,86.0
153,HLA-B53:01,30572.57,QII87826,NAAIVLQLPQG,153,87.0
143,HLA-B53:01,30619.22,QII87826,DHIGTRNPANN,143,88.0
4,HLA-B53:01,30702.38,QII87826,GPQNQRNAPRI,4,89.0
396,HLA-B53:01,30736.9,QII87826,AADLDDFSKQL,396,90.0
107,HLA-B53:01,31021.5,QII87826,WYFYYLGTGPE,107,91.0
108,HLA-B53:01,31121.77,QII87826,YFYYLGTGPEA,108,92.0
349,HLA-B53:01,31161.92,QII87826,VILLNKHIDAY,349,93.0
208,HLA-B53:01,31171.09,QII87826,RMAGNGGDAAL,208,94.0
393,HLA-B53:01,31202.03,QII87826,LLPAADLDDFS,393,95.0
70,HLA-B53:01,31445.39,QII87826,GVPINTNSSPD,70,96.0
213,HLA-B53:01,31508.24,QII87826,GGDAALALLLL,213,97.0
390,HLA-B53:01,31543.33,QII87826,TVTLLPAADLD,390,98.0
43,HLA-B53:01,31675.6,QII87826,GLPNNTASWFT,43,99.0
19,HLA-B53:01,32020.31,QII87826,PSDSTGSNQNG,19,100.0
151,HLA-B53:01,32034.28,QII87826,ANNAAIVLQLP,151,101.0
356,HLA-B53:01,32115.48,QII87826,IDAYKTFPPTE,356,102.0
40,HLA-B53:01,32115.64,QII87826,RPQGLPNNTAS,40,103.0
99,HLA-B53:01,32281.51,QII87826,KMKDLSPRWYF,99,104.0
220,HLA-B53:01,32310.15,QII87826,LLLLDRLNQLE,220,105.0
281,HLA-B53:01,32572.82,QII87826,TQGNFGDQELI,281,106.0
308,HLA-B53:01,33298.96,QII87826,PSASAFFGMSR,308,107.0
219,HLA-B53:01,33361.57,QII87826,ALLLLDRLNQL,219,108.0
20,HLA-B53:01,33431.64,QII87826,SDSTGSNQNGE,20,109.0
395,HLA-B53:01,33517.85,QII87826,PAADLDDFSKQ,395,110.0
123,HLA-B53:01,33925.62,QII87826,GANKDGIIWVA,123,111.0
302,HLA-B53:01,34102.92,QII87826,QIAQFAPSASA,302,112.0
72,HLA-B53:01,34201.62,QII87826,PINTNSSPDDQ,72,113.0
101,HLA-B53:01,34207.07,QII87826,KDLSPRWYFYY,101,114.0
317,HLA-B53:01,34307.4,QII87826,SRIGMEVTPSG,317,115.0
10,HLA-B53:01,34311.27,QII87826,NAPRITFGGPS,10,116.0
162,HLA-B53:01,34377.97,QII87826,QGTTLPKGFYA,162,117.0
197,HLA-B53:01,34378.45,QII87826,TPGSSRGTSPA,197,118.0
49,HLA-B53:01,34425.95,QII87826,ASWFTALTQHG,49,119.0
381,HLA-B53:01,34445.57,QII87826,LPQRQKKQQTV,381,120.0
301,HLA-B53:01,34766.53,QII87826,PQIAQFAPSAS,301,121.0
341,HLA-B53:01,34806.86,QII87826,KDPNFKDQVIL,341,122.0
140,HLA-B53:01,34854.3,QII87826,TPKDHIGTRNP,140,123.0
310,HLA-B53:01,34860.82,QII87826,ASAFFGMSRIG,310,124.0
127,HLA-B53:01,34996.37,QII87826,DGIIWVATEGA,127,125.0
215,HLA-B53:01,35003.11,QII87826,DAALALLLLDR,215,126.0
11,HLA-B53:01,35018.36,QII87826,APRITFGGPSD,11,127.0
295,HLA-B53:01,35046.45,QII87826,TDYKHWPQIAQ,295,128.0
399,HLA-B53:01,35106.76,QII87826,LDDFSKQLQQS,399,129.0
305,HLA-B53:01,35251.06,QII87826,QFAPSASAFFG,305,130.0
221,HLA-B53:01,35273.46,QII87826,LLLDRLNQLES,221,131.0
345,HLA-B53:01,35406.79,QII87826,FKDQVILLNKH,345,132.0
144,HLA-B53:01,35427.58,QII87826,HIGTRNPANNA,144,133.0
77,HLA-B53:01,35438.72,QII87826,SSPDDQIGYYR,77,134.0
79,HLA-B53:01,35548.55,QII87826,PDDQIGYYRRA,79,135.0
138,HLA-B53:01,35623.56,QII87826,LNTPKDHIGTR,138,136.0
199,HLA-B53:01,35762.41,QII87826,GSSRGTSPARM,199,137.0
353,HLA-B53:01,35775.71,QII87826,NKHIDAYKTFP,353,138.0
210,HLA-B53:01,35789.85,QII87826,AGNGGDAALAL,210,139.0
312,HLA-B53:01,35798.41,QII87826,AFFGMSRIGME,312,140.0
211,HLA-B53:01,35908.1,QII87826,GNGGDAALALL,211,141.0
406,HLA-B53:01,35909.15,QII87826,LQQSMSSADST,406,142.0
63,HLA-B53:01,35910.41,QII87826,LKFPRGQGVPI,63,143.0
154,HLA-B53:01,35926.14,QII87826,AAIVLQLPQGT,154,144.0
294,HLA-B53:01,35946.99,QII87826,GTDYKHWPQIA,294,145.0
191,HLA-B53:01,35973.25,QII87826,NSSRNSTPGSS,191,146.0
98,HLA-B53:01,36044.8,QII87826,GKMKDLSPRWY,98,147.0
105,HLA-B53:01,36105.22,QII87826,PRWYFYYLGTG,105,148.0
139,HLA-B53:01,36116.72,QII87826,NTPKDHIGTRN,139,149.0
347,HLA-B53:01,36119.71,QII87826,DQVILLNKHID,347,150.0
264,HLA-B53:01,36185.54,QII87826,TKAYNVTQAFG,264,151.0
287,HLA-B53:01,36318.34,QII87826,DQELIRQGTDY,287,152.0
136,HLA-B53:01,36389.42,QII87826,GALNTPKDHIG,136,153.0
262,HLA-B53:01,36428.45,QII87826,TATKAYNVTQA,262,154.0
146,HLA-B53:01,36502.8,QII87826,GTRNPANNAAI,146,155.0
126,HLA-B53:01,36532.3,QII87826,KDGIIWVATEG,126,156.0
275,HLA-B53:01,36670.49,QII87826,RRGPEQTQGNF,275,157.0
171,HLA-B53:01,36678.32,QII87826,YAEGSRGGSQA,171,158.0
346,HLA-B53:01,36718.29,QII87826,KDQVILLNKHI,346,159.0
147,HLA-B53:01,36793.8,QII87826,TRNPANNAAIV,147,160.0
12,HLA-B53:01,36804.5,QII87826,PRITFGGPSDS,12,161.0
163,HLA-B53:01,36831.58,QII87826,GTTLPKGFYAE,163,162.0
195,HLA-B53:01,37007.85,QII87826,NSTPGSSRGTS,195,163.0
355,HLA-B53:01,37012.74,QII87826,HIDAYKTFPPT,355,164.0
330,HLA-B53:01,37072.85,QII87826,LTYTGAIKLDD,330,165.0
15,HLA-B53:01,37136.03,QII87826,TFGGPSDSTGS,15,166.0
405,HLA-B53:01,37188.26,QII87826,QLQQSMSSADS,405,167.0
217,HLA-B53:01,37218.33,QII87826,ALALLLLDRLN,217,168.0
159,HLA-B53:01,37365.71,QII87826,QLPQGTTLPKG,159,169.0
83,HLA-B53:01,37489.49,QII87826,IGYYRRATRRI,83,170.0
119,HLA-B53:01,37509.92,QII87826,GLPYGANKDGI,119,171.0
164,HLA-B53:01,37515.48,QII87826,TTLPKGFYAEG,164,172.0
329,HLA-B53:01,37535.78,QII87826,WLTYTGAIKLD,329,173.0
131,HLA-B53:01,37583.25,QII87826,WVATEGALNTP,131,174.0
74,HLA-B53:01,37653.37,QII87826,NTNSSPDDQIG,74,175.0
348,HLA-B53:01,37707.32,QII87826,QVILLNKHIDA,348,176.0
375,HLA-B53:01,37775.53,QII87826,ADETQALPQRQ,375,177.0
408,HLA-B53:01,37788.4,QII87826,QSMSSADSTQA,408,178.0
133,HLA-B53:01,37816.24,QII87826,ATEGALNTPKD,133,179.0
374,HLA-B53:01,37838.42,QII87826,KADETQALPQR,374,180.0
181,HLA-B53:01,37841.29,QII87826,ASSRSSSRSRN,181,181.0
344,HLA-B53:01,37870.04,QII87826,NFKDQVILLNK,344,182.0
227,HLA-B53:01,37880.36,QII87826,NQLESKMSGKG,227,183.0
337,HLA-B53:01,37945.36,QII87826,KLDDKDPNFKD,337,184.0
114,HLA-B53:01,37991.49,QII87826,TGPEAGLPYGA,114,185.0
388,HLA-B53:01,37996.19,QII87826,QQTVTLLPAAD,388,186.0
340,HLA-B53:01,38024.05,QII87826,DKDPNFKDQVI,340,187.0
142,HLA-B53:01,38090.23,QII87826,KDHIGTRNPAN,142,188.0
397,HLA-B53:01,38147.48,QII87826,ADLDDFSKQLQ,397,189.0
14,HLA-B53:01,38168.86,QII87826,ITFGGPSDSTG,14,190.0
267,HLA-B53:01,38232.95,QII87826,YNVTQAFGRRG,267,191.0
226,HLA-B53:01,38236.53,QII87826,LNQLESKMSGK,226,192.0
198,HLA-B53:01,38236.82,QII87826,PGSSRGTSPAR,198,193.0
391,HLA-B53:01,38241.55,QII87826,VTLLPAADLDD,391,194.0
66,HLA-B53:01,38244.03,QII87826,PRGQGVPINTN,66,195.0
285,HLA-B53:01,38246.23,QII87826,FGDQELIRQGT,285,196.0
180,HLA-B53:01,38313.4,QII87826,QASSRSSSRSR,180,197.0
402,HLA-B53:01,38364.24,QII87826,FSKQLQQSMSS,402,198.0
179,HLA-B53:01,38420.02,QII87826,SQASSRSSSRS,179,199.0
280,HLA-B53:01,38430.27,QII87826,QTQGNFGDQEL,280,200.0
315,HLA-B53:01,38440.45,QII87826,GMSRIGMEVTP,315,201.0
205,HLA-B53:01,38521.5,QII87826,SPARMAGNGGD,205,202.0
282,HLA-B53:01,38547.95,QII87826,QGNFGDQELIR,282,203.0
69,HLA-B53:01,38564.05,QII87826,QGVPINTNSSP,69,204.0
155,HLA-B53:01,38578.92,QII87826,AIVLQLPQGTT,155,205.0
134,HLA-B53:01,38601.73,QII87826,TEGALNTPKDH,134,206.0
64,HLA-B53:01,38662.85,QII87826,KFPRGQGVPIN,64,207.0
132,HLA-B53:01,38674.17,QII87826,VATEGALNTPK,132,208.0
68,HLA-B53:01,38697.52,QII87826,GQGVPINTNSS,68,209.0
165,HLA-B53:01,38697.8,QII87826,TLPKGFYAEGS,165,210.0
111,HLA-B53:01,38705.48,QII87826,YLGTGPEAGLP,111,211.0
327,HLA-B53:01,38719.43,QII87826,GTWLTYTGAIK,327,212.0
22,HLA-B53:01,38774.19,QII87826,STGSNQNGERS,22,213.0
185,HLA-B53:01,38788.27,QII87826,SSSRSRNSSRN,185,214.0
167,HLA-B53:01,38818.17,QII87826,PKGFYAEGSRG,167,215.0
277,HLA-B53:01,38840.49,QII87826,GPEQTQGNFGD,277,216.0
318,HLA-B53:01,38874.06,QII87826,RIGMEVTPSGT,318,217.0
244,HLA-B53:01,38894.82,QII87826,TVTKKSAAEAS,244,218.0
298,HLA-B53:01,38935.48,QII87826,KHWPQIAQFAP,298,219.0
351,HLA-B53:01,38962.27,QII87826,LLNKHIDAYKT,351,220.0
338,HLA-B53:01,39032.97,QII87826,LDDKDPNFKDQ,338,221.0
7,HLA-B53:01,39158.42,QII87826,NQRNAPRITFG,7,222.0
51,HLA-B53:01,39158.62,QII87826,WFTALTQHGKE,51,223.0
261,HLA-B53:01,39242.16,QII87826,RTATKAYNVTQ,261,224.0
116,HLA-B53:01,39293.69,QII87826,PEAGLPYGANK,116,225.0
407,HLA-B53:01,39309.8,QII87826,QQSMSSADSTQ,407,226.0
145,HLA-B53:01,39392.72,QII87826,IGTRNPANNAA,145,227.0
225,HLA-B53:01,39401.05,QII87826,RLNQLESKMSG,225,228.0
67,HLA-B53:01,39438.39,QII87826,RGQGVPINTNS,67,229.0
23,HLA-B53:01,39530.65,QII87826,TGSNQNGERSG,23,230.0
141,HLA-B53:01,39538.7,QII87826,PKDHIGTRNPA,141,231.0
158,HLA-B53:01,39543.0,QII87826,LQLPQGTTLPK,158,232.0
192,HLA-B53:01,39573.71,QII87826,SSRNSTPGSSR,192,233.0
279,HLA-B53:01,39702.92,QII87826,EQTQGNFGDQE,279,234.0
82,HLA-B53:01,39716.53,QII87826,QIGYYRRATRR,82,235.0
387,HLA-B53:01,39788.58,QII87826,KQQTVTLLPAA,387,236.0
398,HLA-B53:01,39790.47,QII87826,DLDDFSKQLQQ,398,237.0
1,HLA-B53:01,39833.73,QII87826,SDNGPQNQRNA,1,238.0
52,HLA-B53:01,39850.29,QII87826,FTALTQHGKED,52,239.0
182,HLA-B53:01,39860.08,QII87826,SSRSSSRSRNS,182,240.0
404,HLA-B53:01,40051.76,QII87826,KQLQQSMSSAD,404,241.0
5,HLA-B53:01,40084.81,QII87826,PQNQRNAPRIT,5,242.0
224,HLA-B53:01,40113.14,QII87826,DRLNQLESKMS,224,243.0
90,HLA-B53:01,40118.44,QII87826,TRRIRGGDGKM,90,244.0
117,HLA-B53:01,40138.97,QII87826,EAGLPYGANKD,117,245.0
3,HLA-B53:01,40142.8,QII87826,NGPQNQRNAPR,3,246.0
249,HLA-B53:01,40143.89,QII87826,SAAEASKKPRQ,249,247.0
84,HLA-B53:01,40163.41,QII87826,GYYRRATRRIR,84,248.0
186,HLA-B53:01,40189.95,QII87826,SSRSRNSSRNS,186,249.0
361,HLA-B53:01,40247.98,QII87826,TFPPTEPKKDK,361,250.0
17,HLA-B53:01,40253.41,QII87826,GGPSDSTGSNQ,17,251.0
331,HLA-B53:01,40277.35,QII87826,TYTGAIKLDDK,331,252.0
172,HLA-B53:01,40333.74,QII87826,AEGSRGGSQAS,172,253.0
243,HLA-B53:01,40402.96,QII87826,QTVTKKSAAEA,243,254.0
57,HLA-B53:01,40435.31,QII87826,QHGKEDLKFPR,57,255.0
401,HLA-B53:01,40452.95,QII87826,DFSKQLQQSMS,401,256.0
266,HLA-B53:01,40489.33,QII87826,AYNVTQAFGRR,266,257.0
334,HLA-B53:01,40505.27,QII87826,GAIKLDDKDPN,334,258.0
332,HLA-B53:01,40519.5,QII87826,YTGAIKLDDKD,332,259.0
207,HLA-B53:01,40528.12,QII87826,ARMAGNGGDAA,207,260.0
251,HLA-B53:01,40563.02,QII87826,AEASKKPRQKR,251,261.0
56,HLA-B53:01,40585.31,QII87826,TQHGKEDLKFP,56,262.0
200,HLA-B53:01,40605.81,QII87826,SSRGTSPARMA,200,263.0
96,HLA-B53:01,40614.54,QII87826,GDGKMKDLSPR,96,264.0
206,HLA-B53:01,40645.22,QII87826,PARMAGNGGDA,206,265.0
339,HLA-B53:01,40648.71,QII87826,DDKDPNFKDQV,339,266.0
173,HLA-B53:01,40705.44,QII87826,EGSRGGSQASS,173,267.0
26,HLA-B53:01,40729.51,QII87826,NQNGERSGARS,26,268.0
358,HLA-B53:01,40744.49,QII87826,AYKTFPPTEPK,358,269.0
21,HLA-B53:01,40775.1,QII87826,DSTGSNQNGER,21,270.0
278,HLA-B53:01,40782.57,QII87826,PEQTQGNFGDQ,278,271.0
81,HLA-B53:01,40792.93,QII87826,DQIGYYRRATR,81,272.0
289,HLA-B53:01,40812.99,QII87826,ELIRQGTDYKH,289,273.0
175,HLA-B53:01,40834.25,QII87826,SRGGSQASSRS,175,274.0
30,HLA-B53:01,40843.29,QII87826,ERSGARSKQRR,30,275.0
193,HLA-B53:01,40861.53,QII87826,SRNSTPGSSRG,193,276.0
13,HLA-B53:01,40865.36,QII87826,RITFGGPSDST,13,277.0
354,HLA-B53:01,40893.11,QII87826,KHIDAYKTFPP,354,278.0
257,HLA-B53:01,40917.2,QII87826,PRQKRTATKAY,257,279.0
50,HLA-B53:01,40919.61,QII87826,SWFTALTQHGK,50,280.0
80,HLA-B53:01,40931.36,QII87826,DDQIGYYRRAT,80,281.0
85,HLA-B53:01,40959.5,QII87826,YYRRATRRIRG,85,282.0
270,HLA-B53:01,40968.91,QII87826,TQAFGRRGPEQ,270,283.0
242,HLA-B53:01,40988.96,QII87826,GQTVTKKSAAE,242,284.0
196,HLA-B53:01,41001.97,QII87826,STPGSSRGTSP,196,285.0
283,HLA-B53:01,41007.79,QII87826,GNFGDQELIRQ,283,286.0
269,HLA-B53:01,41013.18,QII87826,VTQAFGRRGPE,269,287.0
357,HLA-B53:01,41016.85,QII87826,DAYKTFPPTEP,357,288.0
61,HLA-B53:01,41108.59,QII87826,EDLKFPRGQGV,61,289.0
137,HLA-B53:01,41138.16,QII87826,ALNTPKDHIGT,137,290.0
178,HLA-B53:01,41142.3,QII87826,GSQASSRSSSR,178,291.0
157,HLA-B53:01,41142.66,QII87826,VLQLPQGTTLP,157,292.0
350,HLA-B53:01,41143.28,QII87826,ILLNKHIDAYK,350,293.0
284,HLA-B53:01,41147.45,QII87826,NFGDQELIRQG,284,294.0
265,HLA-B53:01,41168.12,QII87826,KAYNVTQAFGR,265,295.0
222,HLA-B53:01,41215.98,QII87826,LLDRLNQLESK,222,296.0
260,HLA-B53:01,41234.62,QII87826,KRTATKAYNVT,260,297.0
28,HLA-B53:01,41277.31,QII87826,NGERSGARSKQ,28,298.0
177,HLA-B53:01,41297.12,QII87826,GGSQASSRSSS,177,299.0
189,HLA-B53:01,41320.32,QII87826,SRNSSRNSTPG,189,300.0
359,HLA-B53:01,41387.56,QII87826,YKTFPPTEPKK,359,301.0
248,HLA-B53:01,41424.77,QII87826,KSAAEASKKPR,248,302.0
203,HLA-B53:01,41439.92,QII87826,GTSPARMAGNG,203,303.0
233,HLA-B53:01,41455.3,QII87826,MSGKGQQQQGQ,233,304.0
276,HLA-B53:01,41500.99,QII87826,RGPEQTQGNFG,276,305.0
201,HLA-B53:01,41505.27,QII87826,SRGTSPARMAG,201,306.0
363,HLA-B53:01,41508.15,QII87826,PPTEPKKDKKK,363,307.0
183,HLA-B53:01,41517.4,QII87826,SRSSSRSRNSS,183,308.0
384,HLA-B53:01,41535.41,QII87826,RQKKQQTVTLL,384,309.0
58,HLA-B53:01,41535.84,QII87826,HGKEDLKFPRG,58,310.0
228,HLA-B53:01,41560.01,QII87826,QLESKMSGKGQ,228,311.0
371,HLA-B53:01,41560.84,QII87826,KKKKADETQAL,371,312.0
292,HLA-B53:01,41563.53,QII87826,RQGTDYKHWPQ,292,313.0
241,HLA-B53:01,41592.07,QII87826,QGQTVTKKSAA,241,314.0
113,HLA-B53:01,41618.68,QII87826,GTGPEAGLPYG,113,315.0
25,HLA-B53:01,41632.78,QII87826,SNQNGERSGAR,25,316.0
366,HLA-B53:01,41644.08,QII87826,EPKKDKKKKAD,366,317.0
202,HLA-B53:01,41678.57,QII87826,RGTSPARMAGN,202,318.0
273,HLA-B53:01,41764.68,QII87826,FGRRGPEQTQG,273,319.0
240,HLA-B53:01,41777.33,QII87826,QQGQTVTKKSA,240,320.0
169,HLA-B53:01,41845.33,QII87826,GFYAEGSRGGS,169,321.0
187,HLA-B53:01,41846.07,QII87826,SRSRNSSRNST,187,322.0
93,HLA-B53:01,41884.82,QII87826,IRGGDGKMKDL,93,323.0
291,HLA-B53:01,41904.96,QII87826,IRQGTDYKHWP,291,324.0
118,HLA-B53:01,41911.3,QII87826,AGLPYGANKDG,118,325.0
259,HLA-B53:01,41916.78,QII87826,QKRTATKAYNV,259,326.0
204,HLA-B53:01,41947.41,QII87826,TSPARMAGNGG,204,327.0
272,HLA-B53:01,41951.75,QII87826,AFGRRGPEQTQ,272,328.0
256,HLA-B53:01,42010.77,QII87826,KPRQKRTATKA,256,329.0
106,HLA-B53:01,42095.34,QII87826,RWYFYYLGTGP,106,330.0
403,HLA-B53:01,42151.65,QII87826,SKQLQQSMSSA,403,331.0
39,HLA-B53:01,42184.74,QII87826,RRPQGLPNNTA,39,332.0
239,HLA-B53:01,42190.0,QII87826,QQQGQTVTKKS,239,333.0
174,HLA-B53:01,42224.21,QII87826,GSRGGSQASSR,174,334.0
288,HLA-B53:01,42225.95,QII87826,QELIRQGTDYK,288,335.0
268,HLA-B53:01,42252.98,QII87826,NVTQAFGRRGP,268,336.0
336,HLA-B53:01,42284.01,QII87826,IKLDDKDPNFK,336,337.0
190,HLA-B53:01,42296.05,QII87826,RNSSRNSTPGS,190,338.0
271,HLA-B53:01,42346.71,QII87826,QAFGRRGPEQT,271,339.0
229,HLA-B53:01,42349.06,QII87826,LESKMSGKGQQ,229,340.0
360,HLA-B53:01,42350.37,QII87826,KTFPPTEPKKD,360,341.0
386,HLA-B53:01,42359.29,QII87826,KKQQTVTLLPA,386,342.0
250,HLA-B53:01,42362.28,QII87826,AAEASKKPRQK,250,343.0
333,HLA-B53:01,42434.11,QII87826,TGAIKLDDKDP,333,344.0
184,HLA-B53:01,42434.43,QII87826,RSSSRSRNSSR,184,345.0
286,HLA-B53:01,42439.85,QII87826,GDQELIRQGTD,286,346.0
383,HLA-B53:01,42456.99,QII87826,QRQKKQQTVTL,383,347.0
8,HLA-B53:01,42487.91,QII87826,QRNAPRITFGG,8,348.0
176,HLA-B53:01,42559.16,QII87826,RGGSQASSRSS,176,349.0
37,HLA-B53:01,42585.89,QII87826,KQRRPQGLPNN,37,350.0
2,HLA-B53:01,42595.99,QII87826,DNGPQNQRNAP,2,351.0
373,HLA-B53:01,42688.89,QII87826,KKADETQALPQ,373,352.0
38,HLA-B53:01,42712.08,QII87826,QRRPQGLPNNT,38,353.0
379,HLA-B53:01,42726.15,QII87826,QALPQRQKKQQ,379,354.0
194,HLA-B53:01,42755.33,QII87826,RNSTPGSSRGT,194,355.0
94,HLA-B53:01,42779.28,QII87826,RGGDGKMKDLS,94,356.0
376,HLA-B53:01,42779.92,QII87826,DETQALPQRQK,376,357.0
252,HLA-B53:01,42810.34,QII87826,EASKKPRQKRT,252,358.0
364,HLA-B53:01,42835.33,QII87826,PTEPKKDKKKK,364,359.0
32,HLA-B53:01,42839.27,QII87826,SGARSKQRRPQ,32,360.0
378,HLA-B53:01,42885.16,QII87826,TQALPQRQKKQ,378,361.0
54,HLA-B53:01,42945.87,QII87826,ALTQHGKEDLK,54,362.0
258,HLA-B53:01,42975.53,QII87826,RQKRTATKAYN,258,363.0
29,HLA-B53:01,42996.99,QII87826,GERSGARSKQR,29,364.0
95,HLA-B53:01,43000.07,QII87826,GGDGKMKDLSP,95,365.0
367,HLA-B53:01,43004.25,QII87826,PKKDKKKKADE,367,366.0
365,HLA-B53:01,43046.49,QII87826,TEPKKDKKKKA,365,367.0
36,HLA-B53:01,43055.54,QII87826,SKQRRPQGLPN,36,368.0
188,HLA-B53:01,43068.06,QII87826,RSRNSSRNSTP,188,369.0
60,HLA-B53:01,43087.06,QII87826,KEDLKFPRGQG,60,370.0
88,HLA-B53:01,43123.81,QII87826,RATRRIRGGDG,88,371.0
27,HLA-B53:01,43182.84,QII87826,QNGERSGARSK,27,372.0
382,HLA-B53:01,43219.99,QII87826,PQRQKKQQTVT,382,373.0
168,HLA-B53:01,43237.83,QII87826,KGFYAEGSRGG,168,374.0
232,HLA-B53:01,43239.56,QII87826,KMSGKGQQQQG,232,375.0
24,HLA-B53:01,43252.93,QII87826,GSNQNGERSGA,24,376.0
34,HLA-B53:01,43302.16,QII87826,ARSKQRRPQGL,34,377.0
9,HLA-B53:01,43343.43,QII87826,RNAPRITFGGP,9,378.0
369,HLA-B53:01,43361.98,QII87826,KDKKKKADETQ,369,379.0
237,HLA-B53:01,43468.34,QII87826,GQQQQGQTVTK,237,380.0
31,HLA-B53:01,43474.67,QII87826,RSGARSKQRRP,31,381.0
380,HLA-B53:01,43481.22,QII87826,ALPQRQKKQQT,380,382.0
253,HLA-B53:01,43489.38,QII87826,ASKKPRQKRTA,253,383.0
238,HLA-B53:01,43537.4,QII87826,QQQQGQTVTKK,238,384.0
59,HLA-B53:01,43563.06,QII87826,GKEDLKFPRGQ,59,385.0
33,HLA-B53:01,43563.75,QII87826,GARSKQRRPQG,33,386.0
370,HLA-B53:01,43567.01,QII87826,DKKKKADETQA,370,387.0
236,HLA-B53:01,43610.4,QII87826,KGQQQQGQTVT,236,388.0
245,HLA-B53:01,43611.1,QII87826,VTKKSAAEASK,245,389.0
86,HLA-B53:01,43663.42,QII87826,YRRATRRIRGG,86,390.0
274,HLA-B53:01,43673.02,QII87826,GRRGPEQTQGN,274,391.0
92,HLA-B53:01,43698.93,QII87826,RIRGGDGKMKD,92,392.0
235,HLA-B53:01,43728.62,QII87826,GKGQQQQGQTV,235,393.0
62,HLA-B53:01,43735.69,QII87826,DLKFPRGQGVP,62,394.0
377,HLA-B53:01,43739.93,QII87826,ETQALPQRQKK,377,395.0
246,HLA-B53:01,43758.64,QII87826,TKKSAAEASKK,246,396.0
230,HLA-B53:01,43782.54,QII87826,ESKMSGKGQQQ,230,397.0
385,HLA-B53:01,43805.62,QII87826,QKKQQTVTLLP,385,398.0
368,HLA-B53:01,43823.62,QII87826,KKDKKKKADET,368,399.0
231,HLA-B53:01,43865.61,QII87826,SKMSGKGQQQQ,231,400.0
254,HLA-B53:01,43871.36,QII87826,SKKPRQKRTAT,254,401.0
247,HLA-B53:01,44036.46,QII87826,KKSAAEASKKP,247,402.0
234,HLA-B53:01,44254.81,QII87826,SGKGQQQQGQT,234,403.0
372,HLA-B53:01,44315.43,QII87826,KKKADETQALP,372,404.0
87,HLA-B53:01,44330.15,QII87826,RRATRRIRGGD,87,405.0
91,HLA-B53:01,44427.11,QII87826,RRIRGGDGKMK,91,406.0
35,HLA-B53:01,44518.13,QII87826,RSKQRRPQGLP,35,407.0
89,HLA-B53:01,44586.78,QII87826,ATRRIRGGDGK,89,408.0
255,HLA-B53:01,44645.93,QII87826,KKPRQKRTATK,255,409.0
386,HLA-B08:01,128.34,QII87826,KKQQTVTLLPA,386,1.0
402,HLA-B08:01,174.69,QII87826,FSKQLQQSMSS,402,2.0
381,HLA-B08:01,238.23,QII87826,LPQRQKKQQTV,381,3.0
313,HLA-B08:01,332.81,QII87826,FFGMSRIGMEV,313,4.0
219,HLA-B08:01,569.17,QII87826,ALLLLDRLNQL,219,5.0
400,HLA-B08:01,631.82,QII87826,DDFSKQLQQSM,400,6.0
102,HLA-B08:01,923.08,QII87826,DLSPRWYFYYL,102,7.0
34,HLA-B08:01,956.68,QII87826,ARSKQRRPQGL,34,8.0
254,HLA-B08:01,995.84,QII87826,SKKPRQKRTAT,254,9.0
86,HLA-B08:01,997.57,QII87826,YRRATRRIRGG,86,10.0
383,HLA-B08:01,1009.19,QII87826,QRQKKQQTVTL,383,11.0
371,HLA-B08:01,1815.06,QII87826,KKKKADETQAL,371,12.0
182,HLA-B08:01,2019.81,QII87826,SSRSSSRSRNS,182,13.0
197,HLA-B08:01,2070.04,QII87826,TPGSSRGTSPA,197,14.0
183,HLA-B08:01,2094.87,QII87826,SRSSSRSRNSS,183,15.0
384,HLA-B08:01,2830.31,QII87826,RQKKQQTVTLL,384,16.0
387,HLA-B08:01,3019.28,QII87826,KQQTVTLLPAA,387,17.0
85,HLA-B08:01,3411.42,QII87826,YYRRATRRIRG,85,18.0
45,HLA-B08:01,3704.59,QII87826,PNNTASWFTAL,45,19.0
403,HLA-B08:01,3777.19,QII87826,SKQLQQSMSSA,403,20.0
241,HLA-B08:01,3912.48,QII87826,QGQTVTKKSAA,241,21.0
340,HLA-B08:01,4085.83,QII87826,DKDPNFKDQVI,340,22.0
220,HLA-B08:01,4090.56,QII87826,LLLLDRLNQLE,220,23.0
104,HLA-B08:01,4191.03,QII87826,SPRWYFYYLGT,104,24.0
243,HLA-B08:01,4386.64,QII87826,QTVTKKSAAEA,243,25.0
103,HLA-B08:01,4520.92,QII87826,LSPRWYFYYLG,103,26.0
367,HLA-B08:01,4562.39,QII87826,PKKDKKKKADE,367,27.0
33,HLA-B08:01,4648.11,QII87826,GARSKQRRPQG,33,28.0
187,HLA-B08:01,4700.48,QII87826,SRSRNSSRNST,187,29.0
189,HLA-B08:01,4918.47,QII87826,SRNSSRNSTPG,189,30.0
63,HLA-B08:01,5113.67,QII87826,LKFPRGQGVPI,63,31.0
253,HLA-B08:01,5250.29,QII87826,ASKKPRQKRTA,253,32.0
341,HLA-B08:01,5854.01,QII87826,KDPNFKDQVIL,341,33.0
225,HLA-B08:01,6242.44,QII87826,RLNQLESKMSG,225,34.0
61,HLA-B08:01,6597.51,QII87826,EDLKFPRGQGV,61,35.0
256,HLA-B08:01,7030.37,QII87826,KPRQKRTATKA,256,36.0
208,HLA-B08:01,7160.06,QII87826,RMAGNGGDAAL,208,37.0
242,HLA-B08:01,7294.24,QII87826,GQTVTKKSAAE,242,38.0
342,HLA-B08:01,7301.81,QII87826,DPNFKDQVILL,342,39.0
188,HLA-B08:01,7537.89,QII87826,RSRNSSRNSTP,188,40.0
348,HLA-B08:01,7623.09,QII87826,QVILLNKHIDA,348,41.0
300,HLA-B08:01,7647.36,QII87826,WPQIAQFAPSA,300,42.0
259,HLA-B08:01,8004.02,QII87826,QKRTATKAYNV,259,43.0
366,HLA-B08:01,8391.65,QII87826,EPKKDKKKKAD,366,44.0
83,HLA-B08:01,9209.06,QII87826,IGYYRRATRRI,83,45.0
163,HLA-B08:01,9296.6,QII87826,GTTLPKGFYAE,163,46.0
401,HLA-B08:01,9358.22,QII87826,DFSKQLQQSMS,401,47.0
385,HLA-B08:01,9600.85,QII87826,QKKQQTVTLLP,385,48.0
389,HLA-B08:01,9761.01,QII87826,QTVTLLPAADL,389,49.0
230,HLA-B08:01,9865.51,QII87826,ESKMSGKGQQQ,230,50.0
148,HLA-B08:01,10179.33,QII87826,RNPANNAAIVL,148,51.0
382,HLA-B08:01,10452.19,QII87826,PQRQKKQQTVT,382,52.0
231,HLA-B08:01,10692.95,QII87826,SKMSGKGQQQQ,231,53.0
213,HLA-B08:01,10777.4,QII87826,GGDAALALLLL,213,54.0
150,HLA-B08:01,10848.02,QII87826,PANNAAIVLQL,150,55.0
46,HLA-B08:01,11010.86,QII87826,NNTASWFTALT,46,56.0
302,HLA-B08:01,11776.01,QII87826,QIAQFAPSASA,302,57.0
314,HLA-B08:01,12676.14,QII87826,FGMSRIGMEVT,314,58.0
311,HLA-B08:01,12944.86,QII87826,SAFFGMSRIGM,311,59.0
380,HLA-B08:01,13392.58,QII87826,ALPQRQKKQQT,380,60.0
58,HLA-B08:01,13647.91,QII87826,HGKEDLKFPRG,58,61.0
212,HLA-B08:01,13647.93,QII87826,NGGDAALALLL,212,62.0
351,HLA-B08:01,13685.94,QII87826,LLNKHIDAYKT,351,63.0
316,HLA-B08:01,14116.01,QII87826,MSRIGMEVTPS,316,64.0
252,HLA-B08:01,14584.35,QII87826,EASKKPRQKRT,252,65.0
303,HLA-B08:01,14654.72,QII87826,IAQFAPSASAF,303,66.0
186,HLA-B08:01,14681.63,QII87826,SSRSRNSSRNS,186,67.0
293,HLA-B08:01,14689.36,QII87826,QGTDYKHWPQI,293,68.0
355,HLA-B08:01,14881.35,QII87826,HIDAYKTFPPT,355,69.0
306,HLA-B08:01,14920.06,QII87826,FAPSASAFFGM,306,70.0
312,HLA-B08:01,15198.81,QII87826,AFFGMSRIGME,312,71.0
299,HLA-B08:01,15417.11,QII87826,HWPQIAQFAPS,299,72.0
216,HLA-B08:01,15905.35,QII87826,AALALLLLDRL,216,73.0
177,HLA-B08:01,15997.72,QII87826,GGSQASSRSSS,177,74.0
201,HLA-B08:01,16169.51,QII87826,SRGTSPARMAG,201,75.0
144,HLA-B08:01,16177.53,QII87826,HIGTRNPANNA,144,76.0
136,HLA-B08:01,16331.8,QII87826,GALNTPKDHIG,136,77.0
7,HLA-B08:01,16332.62,QII87826,NQRNAPRITFG,7,78.0
32,HLA-B08:01,16382.26,QII87826,SGARSKQRRPQ,32,79.0
233,HLA-B08:01,16407.19,QII87826,MSGKGQQQQGQ,233,80.0
368,HLA-B08:01,16627.87,QII87826,KKDKKKKADET,368,81.0
147,HLA-B08:01,16687.22,QII87826,TRNPANNAAIV,147,82.0
62,HLA-B08:01,16837.35,QII87826,DLKFPRGQGVP,62,83.0
210,HLA-B08:01,16869.81,QII87826,AGNGGDAALAL,210,84.0
179,HLA-B08:01,17354.89,QII87826,SQASSRSSSRS,179,85.0
36,HLA-B08:01,17403.85,QII87826,SKQRRPQGLPN,36,86.0
263,HLA-B08:01,17615.37,QII87826,ATKAYNVTQAF,263,87.0
65,HLA-B08:01,17680.11,QII87826,FPRGQGVPINT,65,88.0
152,HLA-B08:01,17813.18,QII87826,NNAAIVLQLPQ,152,89.0
44,HLA-B08:01,17969.81,QII87826,LPNNTASWFTA,44,90.0
185,HLA-B08:01,18019.95,QII87826,SSSRSRNSSRN,185,91.0
240,HLA-B08:01,18093.91,QII87826,QQGQTVTKKSA,240,92.0
234,HLA-B08:01,18302.38,QII87826,SGKGQQQQGQT,234,93.0
269,HLA-B08:01,18362.04,QII87826,VTQAFGRRGPE,269,94.0
352,HLA-B08:01,18369.08,QII87826,LNKHIDAYKTF,352,95.0
35,HLA-B08:01,18436.07,QII87826,RSKQRRPQGLP,35,96.0
235,HLA-B08:01,18491.42,QII87826,GKGQQQQGQTV,235,97.0
120,HLA-B08:01,18651.99,QII87826,LPYGANKDGII,120,98.0
292,HLA-B08:01,18664.7,QII87826,RQGTDYKHWPQ,292,99.0
90,HLA-B08:01,18758.09,QII87826,TRRIRGGDGKM,90,100.0
181,HLA-B08:01,18801.39,QII87826,ASSRSSSRSRN,181,101.0
309,HLA-B08:01,18849.51,QII87826,SASAFFGMSRI,309,102.0
110,HLA-B08:01,19007.49,QII87826,YYLGTGPEAGL,110,103.0
350,HLA-B08:01,19020.57,QII87826,ILLNKHIDAYK,350,104.0
209,HLA-B08:01,19043.79,QII87826,MAGNGGDAALA,209,105.0
199,HLA-B08:01,19168.09,QII87826,GSSRGTSPARM,199,106.0
221,HLA-B08:01,19187.19,QII87826,LLLDRLNQLES,221,107.0
141,HLA-B08:01,19204.02,QII87826,PKDHIGTRNPA,141,108.0
328,HLA-B08:01,19766.88,QII87826,TWLTYTGAIKL,328,109.0
326,HLA-B08:01,19830.23,QII87826,SGTWLTYTGAI,326,110.0
370,HLA-B08:01,19893.49,QII87826,DKKKKADETQA,370,111.0
4,HLA-B08:01,20211.4,QII87826,GPQNQRNAPRI,4,112.0
84,HLA-B08:01,20261.38,QII87826,GYYRRATRRIR,84,113.0
53,HLA-B08:01,20632.58,QII87826,TALTQHGKEDL,53,114.0
223,HLA-B08:01,20689.77,QII87826,LDRLNQLESKM,223,115.0
354,HLA-B08:01,20702.47,QII87826,KHIDAYKTFPP,354,116.0
310,HLA-B08:01,21076.32,QII87826,ASAFFGMSRIG,310,117.0
405,HLA-B08:01,21207.0,QII87826,QLQQSMSSADS,405,118.0
260,HLA-B08:01,21218.92,QII87826,KRTATKAYNVT,260,119.0
99,HLA-B08:01,21282.22,QII87826,KMKDLSPRWYF,99,120.0
5,HLA-B08:01,21311.24,QII87826,PQNQRNAPRIT,5,121.0
343,HLA-B08:01,21506.94,QII87826,PNFKDQVILLN,343,122.0
339,HLA-B08:01,21601.31,QII87826,DDKDPNFKDQV,339,123.0
171,HLA-B08:01,21696.0,QII87826,YAEGSRGGSQA,171,124.0
399,HLA-B08:01,21737.98,QII87826,LDDFSKQLQQS,399,125.0
398,HLA-B08:01,21759.17,QII87826,DLDDFSKQLQQ,398,126.0
162,HLA-B08:01,21767.78,QII87826,QGTTLPKGFYA,162,127.0
218,HLA-B08:01,21890.81,QII87826,LALLLLDRLNQ,218,128.0
128,HLA-B08:01,22062.57,QII87826,GIIWVATEGAL,128,129.0
379,HLA-B08:01,22091.36,QII87826,QALPQRQKKQQ,379,130.0
229,HLA-B08:01,22123.75,QII87826,LESKMSGKGQQ,229,131.0
372,HLA-B08:01,22375.67,QII87826,KKKADETQALP,372,132.0
255,HLA-B08:01,22405.03,QII87826,KKPRQKRTATK,255,133.0
47,HLA-B08:01,22414.61,QII87826,NTASWFTALTQ,47,134.0
93,HLA-B08:01,22545.14,QII87826,IRGGDGKMKDL,93,135.0
317,HLA-B08:01,22710.71,QII87826,SRIGMEVTPSG,317,136.0
191,HLA-B08:01,22943.32,QII87826,NSSRNSTPGSS,191,137.0
95,HLA-B08:01,22987.24,QII87826,GGDGKMKDLSP,95,138.0
365,HLA-B08:01,23165.27,QII87826,TEPKKDKKKKA,365,139.0
347,HLA-B08:01,23198.13,QII87826,DQVILLNKHID,347,140.0
211,HLA-B08:01,23264.94,QII87826,GNGGDAALALL,211,141.0
178,HLA-B08:01,23356.11,QII87826,GSQASSRSSSR,178,142.0
135,HLA-B08:01,23379.44,QII87826,EGALNTPKDHI,135,143.0
170,HLA-B08:01,23413.62,QII87826,FYAEGSRGGSQ,170,144.0
335,HLA-B08:01,23553.66,QII87826,AIKLDDKDPNF,335,145.0
262,HLA-B08:01,23671.57,QII87826,TATKAYNVTQA,262,146.0
64,HLA-B08:01,23702.57,QII87826,KFPRGQGVPIN,64,147.0
244,HLA-B08:01,23714.4,QII87826,TVTKKSAAEAS,244,148.0
146,HLA-B08:01,23751.08,QII87826,GTRNPANNAAI,146,149.0
396,HLA-B08:01,23947.5,QII87826,AADLDDFSKQL,396,150.0
404,HLA-B08:01,24071.39,QII87826,KQLQQSMSSAD,404,151.0
160,HLA-B08:01,24316.3,QII87826,LPQGTTLPKGF,160,152.0
156,HLA-B08:01,24340.32,QII87826,IVLQLPQGTTL,156,153.0
196,HLA-B08:01,24487.76,QII87826,STPGSSRGTSP,196,154.0
172,HLA-B08:01,24730.2,QII87826,AEGSRGGSQAS,172,155.0
42,HLA-B08:01,24754.01,QII87826,QGLPNNTASWF,42,156.0
105,HLA-B08:01,24757.31,QII87826,PRWYFYYLGTG,105,157.0
294,HLA-B08:01,24896.56,QII87826,GTDYKHWPQIA,294,158.0
142,HLA-B08:01,24992.98,QII87826,KDHIGTRNPAN,142,159.0
107,HLA-B08:01,25030.87,QII87826,WYFYYLGTGPE,107,160.0
369,HLA-B08:01,25364.22,QII87826,KDKKKKADETQ,369,161.0
267,HLA-B08:01,25427.95,QII87826,YNVTQAFGRRG,267,162.0
164,HLA-B08:01,25457.51,QII87826,TTLPKGFYAEG,164,163.0
406,HLA-B08:01,25481.35,QII87826,LQQSMSSADST,406,164.0
301,HLA-B08:01,25577.09,QII87826,PQIAQFAPSAS,301,165.0
217,HLA-B08:01,25725.67,QII87826,ALALLLLDRLN,217,166.0
123,HLA-B08:01,25833.43,QII87826,GANKDGIIWVA,123,167.0
176,HLA-B08:01,25837.54,QII87826,RGGSQASSRSS,176,168.0
149,HLA-B08:01,25898.62,QII87826,NPANNAAIVLQ,149,169.0
173,HLA-B08:01,25936.5,QII87826,EGSRGGSQASS,173,170.0
31,HLA-B08:01,25964.1,QII87826,RSGARSKQRRP,31,171.0
153,HLA-B08:01,25970.81,QII87826,NAAIVLQLPQG,153,172.0
200,HLA-B08:01,26046.49,QII87826,SSRGTSPARMA,200,173.0
228,HLA-B08:01,26076.72,QII87826,QLESKMSGKGQ,228,174.0
87,HLA-B08:01,26083.07,QII87826,RRATRRIRGGD,87,175.0
198,HLA-B08:01,26290.2,QII87826,PGSSRGTSPAR,198,176.0
137,HLA-B08:01,26314.26,QII87826,ALNTPKDHIGT,137,177.0
324,HLA-B08:01,26415.17,QII87826,TPSGTWLTYTG,324,178.0
357,HLA-B08:01,26418.28,QII87826,DAYKTFPPTEP,357,179.0
80,HLA-B08:01,26581.77,QII87826,DDQIGYYRRAT,80,180.0
124,HLA-B08:01,26634.54,QII87826,ANKDGIIWVAT,124,181.0
273,HLA-B08:01,26639.23,QII87826,FGRRGPEQTQG,273,182.0
280,HLA-B08:01,26691.63,QII87826,QTQGNFGDQEL,280,183.0
145,HLA-B08:01,26764.04,QII87826,IGTRNPANNAA,145,184.0
408,HLA-B08:01,26890.99,QII87826,QSMSSADSTQA,408,185.0
320,HLA-B08:01,26918.71,QII87826,GMEVTPSGTWL,320,186.0
8,HLA-B08:01,26941.37,QII87826,QRNAPRITFGG,8,187.0
232,HLA-B08:01,26954.58,QII87826,KMSGKGQQQQG,232,188.0
258,HLA-B08:01,26969.42,QII87826,RQKRTATKAYN,258,189.0
82,HLA-B08:01,27080.21,QII87826,QIGYYRRATRR,82,190.0
60,HLA-B08:01,27188.48,QII87826,KEDLKFPRGQG,60,191.0
270,HLA-B08:01,27314.37,QII87826,TQAFGRRGPEQ,270,192.0
271,HLA-B08:01,27378.87,QII87826,QAFGRRGPEQT,271,193.0
26,HLA-B08:01,27521.46,QII87826,NQNGERSGARS,26,194.0
184,HLA-B08:01,27530.45,QII87826,RSSSRSRNSSR,184,195.0
175,HLA-B08:01,27535.5,QII87826,SRGGSQASSRS,175,196.0
236,HLA-B08:01,27596.81,QII87826,KGQQQQGQTVT,236,197.0
388,HLA-B08:01,27604.73,QII87826,QQTVTLLPAAD,388,198.0
249,HLA-B08:01,27644.46,QII87826,SAAEASKKPRQ,249,199.0
6,HLA-B08:01,27832.06,QII87826,QNQRNAPRITF,6,200.0
215,HLA-B08:01,27834.06,QII87826,DAALALLLLDR,215,201.0
125,HLA-B08:01,27944.06,QII87826,NKDGIIWVATE,125,202.0
329,HLA-B08:01,27969.7,QII87826,WLTYTGAIKLD,329,203.0
30,HLA-B08:01,28060.29,QII87826,ERSGARSKQRR,30,204.0
10,HLA-B08:01,28112.09,QII87826,NAPRITFGGPS,10,205.0
9,HLA-B08:01,28123.17,QII87826,RNAPRITFGGP,9,206.0
334,HLA-B08:01,28130.2,QII87826,GAIKLDDKDPN,334,207.0
151,HLA-B08:01,28165.41,QII87826,ANNAAIVLQLP,151,208.0
224,HLA-B08:01,28172.18,QII87826,DRLNQLESKMS,224,209.0
180,HLA-B08:01,28229.87,QII87826,QASSRSSSRSR,180,210.0
96,HLA-B08:01,28247.65,QII87826,GDGKMKDLSPR,96,211.0
106,HLA-B08:01,28288.73,QII87826,RWYFYYLGTGP,106,212.0
51,HLA-B08:01,28320.75,QII87826,WFTALTQHGKE,51,213.0
257,HLA-B08:01,28326.72,QII87826,PRQKRTATKAY,257,214.0
122,HLA-B08:01,28338.94,QII87826,YGANKDGIIWV,122,215.0
202,HLA-B08:01,28419.69,QII87826,RGTSPARMAGN,202,216.0
373,HLA-B08:01,28585.38,QII87826,KKADETQALPQ,373,217.0
43,HLA-B08:01,28620.58,QII87826,GLPNNTASWFT,43,218.0
227,HLA-B08:01,28637.44,QII87826,NQLESKMSGKG,227,219.0
356,HLA-B08:01,28691.77,QII87826,IDAYKTFPPTE,356,220.0
40,HLA-B08:01,28696.42,QII87826,RPQGLPNNTAS,40,221.0
378,HLA-B08:01,28732.12,QII87826,TQALPQRQKKQ,378,222.0
346,HLA-B08:01,28832.85,QII87826,KDQVILLNKHI,346,223.0
59,HLA-B08:01,28944.02,QII87826,GKEDLKFPRGQ,59,224.0
100,HLA-B08:01,28987.86,QII87826,MKDLSPRWYFY,100,225.0
3,HLA-B08:01,29115.81,QII87826,NGPQNQRNAPR,3,226.0
190,HLA-B08:01,29278.69,QII87826,RNSSRNSTPGS,190,227.0
264,HLA-B08:01,29519.76,QII87826,TKAYNVTQAFG,264,228.0
222,HLA-B08:01,29572.54,QII87826,LLDRLNQLESK,222,229.0
88,HLA-B08:01,29593.12,QII87826,RATRRIRGGDG,88,230.0
290,HLA-B08:01,29654.11,QII87826,LIRQGTDYKHW,290,231.0
139,HLA-B08:01,30017.53,QII87826,NTPKDHIGTRN,139,232.0
353,HLA-B08:01,30029.26,QII87826,NKHIDAYKTFP,353,233.0
261,HLA-B08:01,30078.17,QII87826,RTATKAYNVTQ,261,234.0
239,HLA-B08:01,30122.7,QII87826,QQQGQTVTKKS,239,235.0
192,HLA-B08:01,30142.1,QII87826,SSRNSTPGSSR,192,236.0
245,HLA-B08:01,30171.16,QII87826,VTKKSAAEASK,245,237.0
297,HLA-B08:01,30171.42,QII87826,YKHWPQIAQFA,297,238.0
344,HLA-B08:01,30186.47,QII87826,NFKDQVILLNK,344,239.0
318,HLA-B08:01,30190.2,QII87826,RIGMEVTPSGT,318,240.0
349,HLA-B08:01,30217.26,QII87826,VILLNKHIDAY,349,241.0
70,HLA-B08:01,30337.04,QII87826,GVPINTNSSPD,70,242.0
154,HLA-B08:01,30406.65,QII87826,AAIVLQLPQGT,154,243.0
214,HLA-B08:01,30456.82,QII87826,GDAALALLLLD,214,244.0
284,HLA-B08:01,30548.71,QII87826,NFGDQELIRQG,284,245.0
165,HLA-B08:01,30702.64,QII87826,TLPKGFYAEGS,165,246.0
108,HLA-B08:01,30800.51,QII87826,YFYYLGTGPEA,108,247.0
397,HLA-B08:01,30856.71,QII87826,ADLDDFSKQLQ,397,248.0
94,HLA-B08:01,30893.91,QII87826,RGGDGKMKDLS,94,249.0
166,HLA-B08:01,30959.57,QII87826,LPKGFYAEGSR,166,250.0
2,HLA-B08:01,31064.49,QII87826,DNGPQNQRNAP,2,251.0
143,HLA-B08:01,31225.99,QII87826,DHIGTRNPANN,143,252.0
304,HLA-B08:01,31272.6,QII87826,AQFAPSASAFF,304,253.0
285,HLA-B08:01,31470.94,QII87826,FGDQELIRQGT,285,254.0
407,HLA-B08:01,31521.12,QII87826,QQSMSSADSTQ,407,255.0
109,HLA-B08:01,31531.91,QII87826,FYYLGTGPEAG,109,256.0
81,HLA-B08:01,31643.48,QII87826,DQIGYYRRATR,81,257.0
272,HLA-B08:01,31646.83,QII87826,AFGRRGPEQTQ,272,258.0
23,HLA-B08:01,31870.8,QII87826,TGSNQNGERSG,23,259.0
194,HLA-B08:01,31878.94,QII87826,RNSTPGSSRGT,194,260.0
281,HLA-B08:01,31897.96,QII87826,TQGNFGDQELI,281,261.0
321,HLA-B08:01,32089.43,QII87826,MEVTPSGTWLT,321,262.0
206,HLA-B08:01,32173.96,QII87826,PARMAGNGGDA,206,263.0
305,HLA-B08:01,32174.49,QII87826,QFAPSASAFFG,305,264.0
195,HLA-B08:01,32305.01,QII87826,NSTPGSSRGTS,195,265.0
193,HLA-B08:01,32318.21,QII87826,SRNSTPGSSRG,193,266.0
29,HLA-B08:01,32384.85,QII87826,GERSGARSKQR,29,267.0
155,HLA-B08:01,32409.67,QII87826,AIVLQLPQGTT,155,268.0
97,HLA-B08:01,32430.52,QII87826,DGKMKDLSPRW,97,269.0
52,HLA-B08:01,32514.1,QII87826,FTALTQHGKED,52,270.0
0,HLA-B08:01,32522.39,QII87826,MSDNGPQNQRN,0,271.0
168,HLA-B08:01,32526.54,QII87826,KGFYAEGSRGG,168,272.0
325,HLA-B08:01,32539.43,QII87826,PSGTWLTYTGA,325,273.0
204,HLA-B08:01,32663.87,QII87826,TSPARMAGNGG,204,274.0
129,HLA-B08:01,32673.31,QII87826,IIWVATEGALN,129,275.0
37,HLA-B08:01,32858.87,QII87826,KQRRPQGLPNN,37,276.0
38,HLA-B08:01,32859.82,QII87826,QRRPQGLPNNT,38,277.0
169,HLA-B08:01,32890.45,QII87826,GFYAEGSRGGS,169,278.0
57,HLA-B08:01,32900.04,QII87826,QHGKEDLKFPR,57,279.0
296,HLA-B08:01,32942.62,QII87826,DYKHWPQIAQF,296,280.0
330,HLA-B08:01,32956.11,QII87826,LTYTGAIKLDD,330,281.0
68,HLA-B08:01,33003.09,QII87826,GQGVPINTNSS,68,282.0
226,HLA-B08:01,33007.35,QII87826,LNQLESKMSGK,226,283.0
392,HLA-B08:01,33113.78,QII87826,TLLPAADLDDF,392,284.0
159,HLA-B08:01,33169.86,QII87826,QLPQGTTLPKG,159,285.0
247,HLA-B08:01,33211.53,QII87826,KKSAAEASKKP,247,286.0
279,HLA-B08:01,33248.58,QII87826,EQTQGNFGDQE,279,287.0
345,HLA-B08:01,33298.34,QII87826,FKDQVILLNKH,345,288.0
131,HLA-B08:01,33323.89,QII87826,WVATEGALNTP,131,289.0
48,HLA-B08:01,33340.14,QII87826,TASWFTALTQH,48,290.0
307,HLA-B08:01,33369.65,QII87826,APSASAFFGMS,307,291.0
69,HLA-B08:01,33378.65,QII87826,QGVPINTNSSP,69,292.0
203,HLA-B08:01,33390.61,QII87826,GTSPARMAGNG,203,293.0
98,HLA-B08:01,33404.66,QII87826,GKMKDLSPRWY,98,294.0
119,HLA-B08:01,33454.88,QII87826,GLPYGANKDGI,119,295.0
323,HLA-B08:01,33467.69,QII87826,VTPSGTWLTYT,323,296.0
338,HLA-B08:01,33484.42,QII87826,LDDKDPNFKDQ,338,297.0
25,HLA-B08:01,33579.09,QII87826,SNQNGERSGAR,25,298.0
49,HLA-B08:01,33582.74,QII87826,ASWFTALTQHG,49,299.0
73,HLA-B08:01,33782.78,QII87826,INTNSSPDDQI,73,300.0
11,HLA-B08:01,33794.01,QII87826,APRITFGGPSD,11,301.0
16,HLA-B08:01,33805.16,QII87826,FGGPSDSTGSN,16,302.0
289,HLA-B08:01,33829.13,QII87826,ELIRQGTDYKH,289,303.0
115,HLA-B08:01,33836.54,QII87826,GPEAGLPYGAN,115,304.0
167,HLA-B08:01,33976.84,QII87826,PKGFYAEGSRG,167,305.0
24,HLA-B08:01,34015.94,QII87826,GSNQNGERSGA,24,306.0
56,HLA-B08:01,34037.37,QII87826,TQHGKEDLKFP,56,307.0
28,HLA-B08:01,34176.27,QII87826,NGERSGARSKQ,28,308.0
71,HLA-B08:01,34198.75,QII87826,VPINTNSSPDD,71,309.0
79,HLA-B08:01,34328.21,QII87826,PDDQIGYYRRA,79,310.0
207,HLA-B08:01,34387.44,QII87826,ARMAGNGGDAA,207,311.0
315,HLA-B08:01,34396.67,QII87826,GMSRIGMEVTP,315,312.0
246,HLA-B08:01,34477.04,QII87826,TKKSAAEASKK,246,313.0
158,HLA-B08:01,34515.34,QII87826,LQLPQGTTLPK,158,314.0
327,HLA-B08:01,34534.54,QII87826,GTWLTYTGAIK,327,315.0
138,HLA-B08:01,34535.84,QII87826,LNTPKDHIGTR,138,316.0
174,HLA-B08:01,34625.88,QII87826,GSRGGSQASSR,174,317.0
55,HLA-B08:01,34644.39,QII87826,LTQHGKEDLKF,55,318.0
140,HLA-B08:01,34658.87,QII87826,TPKDHIGTRNP,140,319.0
291,HLA-B08:01,34664.48,QII87826,IRQGTDYKHWP,291,320.0
308,HLA-B08:01,34668.81,QII87826,PSASAFFGMSR,308,321.0
89,HLA-B08:01,34683.74,QII87826,ATRRIRGGDGK,89,322.0
111,HLA-B08:01,34688.94,QII87826,YLGTGPEAGLP,111,323.0
27,HLA-B08:01,34749.39,QII87826,QNGERSGARSK,27,324.0
130,HLA-B08:01,34772.14,QII87826,IWVATEGALNT,130,325.0
121,HLA-B08:01,34803.25,QII87826,PYGANKDGIIW,121,326.0
282,HLA-B08:01,34812.07,QII87826,QGNFGDQELIR,282,327.0
295,HLA-B08:01,34938.15,QII87826,TDYKHWPQIAQ,295,328.0
127,HLA-B08:01,34988.78,QII87826,DGIIWVATEGA,127,329.0
250,HLA-B08:01,35015.62,QII87826,AAEASKKPRQK,250,330.0
157,HLA-B08:01,35042.66,QII87826,VLQLPQGTTLP,157,331.0
20,HLA-B08:01,35091.34,QII87826,SDSTGSNQNGE,20,332.0
134,HLA-B08:01,35126.19,QII87826,TEGALNTPKDH,134,333.0
92,HLA-B08:01,35152.79,QII87826,RIRGGDGKMKD,92,334.0
39,HLA-B08:01,35156.07,QII87826,RRPQGLPNNTA,39,335.0
41,HLA-B08:01,35192.03,QII87826,PQGLPNNTASW,41,336.0
276,HLA-B08:01,35367.04,QII87826,RGPEQTQGNFG,276,337.0
54,HLA-B08:01,35407.23,QII87826,ALTQHGKEDLK,54,338.0
13,HLA-B08:01,35447.03,QII87826,RITFGGPSDST,13,339.0
22,HLA-B08:01,35451.58,QII87826,STGSNQNGERS,22,340.0
66,HLA-B08:01,35455.49,QII87826,PRGQGVPINTN,66,341.0
364,HLA-B08:01,35470.83,QII87826,PTEPKKDKKKK,364,342.0
118,HLA-B08:01,35489.03,QII87826,AGLPYGANKDG,118,343.0
1,HLA-B08:01,35517.25,QII87826,SDNGPQNQRNA,1,344.0
18,HLA-B08:01,35590.45,QII87826,GPSDSTGSNQN,18,345.0
274,HLA-B08:01,35747.8,QII87826,GRRGPEQTQGN,274,346.0
275,HLA-B08:01,35758.26,QII87826,RRGPEQTQGNF,275,347.0
78,HLA-B08:01,35773.76,QII87826,SPDDQIGYYRR,78,348.0
91,HLA-B08:01,35779.16,QII87826,RRIRGGDGKMK,91,349.0
268,HLA-B08:01,35790.27,QII87826,NVTQAFGRRGP,268,350.0
319,HLA-B08:01,35850.96,QII87826,IGMEVTPSGTW,319,351.0
332,HLA-B08:01,35923.77,QII87826,YTGAIKLDDKD,332,352.0
114,HLA-B08:01,35942.56,QII87826,TGPEAGLPYGA,114,353.0
205,HLA-B08:01,35955.55,QII87826,SPARMAGNGGD,205,354.0
390,HLA-B08:01,36096.28,QII87826,TVTLLPAADLD,390,355.0
362,HLA-B08:01,36109.66,QII87826,FPPTEPKKDKK,362,356.0
286,HLA-B08:01,36138.17,QII87826,GDQELIRQGTD,286,357.0
251,HLA-B08:01,36217.63,QII87826,AEASKKPRQKR,251,358.0
336,HLA-B08:01,36249.45,QII87826,IKLDDKDPNFK,336,359.0
287,HLA-B08:01,36319.2,QII87826,DQELIRQGTDY,287,360.0
331,HLA-B08:01,36332.94,QII87826,TYTGAIKLDDK,331,361.0
74,HLA-B08:01,36345.82,QII87826,NTNSSPDDQIG,74,362.0
298,HLA-B08:01,36478.08,QII87826,KHWPQIAQFAP,298,363.0
333,HLA-B08:01,36590.61,QII87826,TGAIKLDDKDP,333,364.0
112,HLA-B08:01,36705.59,QII87826,LGTGPEAGLPY,112,365.0
391,HLA-B08:01,36770.6,QII87826,VTLLPAADLDD,391,366.0
67,HLA-B08:01,36774.6,QII87826,RGQGVPINTNS,67,367.0
283,HLA-B08:01,36808.43,QII87826,GNFGDQELIRQ,283,368.0
361,HLA-B08:01,36822.11,QII87826,TFPPTEPKKDK,361,369.0
288,HLA-B08:01,36836.98,QII87826,QELIRQGTDYK,288,370.0
126,HLA-B08:01,36852.56,QII87826,KDGIIWVATEG,126,371.0
72,HLA-B08:01,36860.01,QII87826,PINTNSSPDDQ,72,372.0
375,HLA-B08:01,36863.54,QII87826,ADETQALPQRQ,375,373.0
248,HLA-B08:01,36921.1,QII87826,KSAAEASKKPR,248,374.0
15,HLA-B08:01,36938.11,QII87826,TFGGPSDSTGS,15,375.0
363,HLA-B08:01,36948.95,QII87826,PPTEPKKDKKK,363,376.0
161,HLA-B08:01,36971.55,QII87826,PQGTTLPKGFY,161,377.0
117,HLA-B08:01,36995.97,QII87826,EAGLPYGANKD,117,378.0
21,HLA-B08:01,37025.93,QII87826,DSTGSNQNGER,21,379.0
266,HLA-B08:01,37078.69,QII87826,AYNVTQAFGRR,266,380.0
393,HLA-B08:01,37087.82,QII87826,LLPAADLDDFS,393,381.0
337,HLA-B08:01,37105.01,QII87826,KLDDKDPNFKD,337,382.0
12,HLA-B08:01,37126.36,QII87826,PRITFGGPSDS,12,383.0
358,HLA-B08:01,37180.65,QII87826,AYKTFPPTEPK,358,384.0
376,HLA-B08:01,37265.17,QII87826,DETQALPQRQK,376,385.0
360,HLA-B08:01,37279.05,QII87826,KTFPPTEPKKD,360,386.0
19,HLA-B08:01,37461.52,QII87826,PSDSTGSNQNG,19,387.0
395,HLA-B08:01,37484.71,QII87826,PAADLDDFSKQ,395,388.0
113,HLA-B08:01,37518.4,QII87826,GTGPEAGLPYG,113,389.0
132,HLA-B08:01,37532.72,QII87826,VATEGALNTPK,132,390.0
374,HLA-B08:01,37550.12,QII87826,KADETQALPQR,374,391.0
278,HLA-B08:01,37551.38,QII87826,PEQTQGNFGDQ,278,392.0
50,HLA-B08:01,37572.84,QII87826,SWFTALTQHGK,50,393.0
14,HLA-B08:01,37623.01,QII87826,ITFGGPSDSTG,14,394.0
238,HLA-B08:01,37641.74,QII87826,QQQQGQTVTKK,238,395.0
277,HLA-B08:01,37741.76,QII87826,GPEQTQGNFGD,277,396.0
77,HLA-B08:01,37930.0,QII87826,SSPDDQIGYYR,77,397.0
101,HLA-B08:01,38056.51,QII87826,KDLSPRWYFYY,101,398.0
237,HLA-B08:01,38218.07,QII87826,GQQQQGQTVTK,237,399.0
377,HLA-B08:01,38241.44,QII87826,ETQALPQRQKK,377,400.0
133,HLA-B08:01,38266.3,QII87826,ATEGALNTPKD,133,401.0
265,HLA-B08:01,38399.28,QII87826,KAYNVTQAFGR,265,402.0
394,HLA-B08:01,38596.53,QII87826,LPAADLDDFSK,394,403.0
116,HLA-B08:01,38783.6,QII87826,PEAGLPYGANK,116,404.0
359,HLA-B08:01,38784.21,QII87826,YKTFPPTEPKK,359,405.0
17,HLA-B08:01,38856.73,QII87826,GGPSDSTGSNQ,17,406.0
322,HLA-B08:01,38907.21,QII87826,EVTPSGTWLTY,322,407.0
75,HLA-B08:01,38954.47,QII87826,TNSSPDDQIGY,75,408.0
76,HLA-B08:01,39626.0,QII87826,NSSPDDQIGYY,76,409.0
109,HLA-DRB101:01,42.93,QII87826,FYYLGTGPEAG,109,1.0
130,HLA-DRB101:01,99.88,QII87826,IWVATEGALNT,130,2.0
330,HLA-DRB101:01,117.55,QII87826,LTYTGAIKLDD,330,3.0
347,HLA-DRB101:01,158.74,QII87826,DQVILLNKHID,347,4.0
84,HLA-DRB101:01,216.3,QII87826,GYYRRATRRIR,84,5.0
128,HLA-DRB101:01,317.24,QII87826,GIIWVATEGAL,128,6.0
311,HLA-DRB101:01,369.76,QII87826,SAFFGMSRIGM,311,7.0
329,HLA-DRB101:01,378.98,QII87826,WLTYTGAIKLD,329,8.0
214,HLA-DRB101:01,415.5,QII87826,GDAALALLLLD,214,9.0
110,HLA-DRB101:01,532.29,QII87826,YYLGTGPEAGL,110,10.0
51,HLA-DRB101:01,549.4,QII87826,WFTALTQHGKE,51,11.0
85,HLA-DRB101:01,620.94,QII87826,YYRRATRRIRG,85,12.0
216,HLA-DRB101:01,622.73,QII87826,AALALLLLDRL,216,13.0
124,HLA-DRB101:01,622.87,QII87826,ANKDGIIWVAT,124,14.0
348,HLA-DRB101:01,630.62,QII87826,QVILLNKHIDA,348,15.0
387,HLA-DRB101:01,676.05,QII87826,KQQTVTLLPAA,387,16.0
120,HLA-DRB101:01,685.3,QII87826,LPYGANKDGII,120,17.0
170,HLA-DRB101:01,685.43,QII87826,FYAEGSRGGSQ,170,18.0
313,HLA-DRB101:01,715.81,QII87826,FFGMSRIGMEV,313,19.0
312,HLA-DRB101:01,728.13,QII87826,AFFGMSRIGME,312,20.0
303,HLA-DRB101:01,730.72,QII87826,IAQFAPSASAF,303,21.0
45,HLA-DRB101:01,751.39,QII87826,PNNTASWFTAL,45,22.0
123,HLA-DRB101:01,758.23,QII87826,GANKDGIIWVA,123,23.0
346,HLA-DRB101:01,779.08,QII87826,KDQVILLNKHI,346,24.0
391,HLA-DRB101:01,911.97,QII87826,VTLLPAADLDD,391,25.0
304,HLA-DRB101:01,941.13,QII87826,AQFAPSASAFF,304,26.0
108,HLA-DRB101:01,941.83,QII87826,YFYYLGTGPEA,108,27.0
217,HLA-DRB101:01,964.62,QII87826,ALALLLLDRLN,217,28.0
48,HLA-DRB101:01,972.07,QII87826,TASWFTALTQH,48,29.0
52,HLA-DRB101:01,988.49,QII87826,FTALTQHGKED,52,30.0
218,HLA-DRB101:01,1004.23,QII87826,LALLLLDRLNQ,218,31.0
160,HLA-DRB101:01,1023.42,QII87826,LPQGTTLPKGF,160,32.0
49,HLA-DRB101:01,1039.23,QII87826,ASWFTALTQHG,49,33.0
314,HLA-DRB101:01,1049.19,QII87826,FGMSRIGMEVT,314,34.0
129,HLA-DRB101:01,1108.3,QII87826,IIWVATEGALN,129,35.0
168,HLA-DRB101:01,1121.69,QII87826,KGFYAEGSRGG,168,36.0
83,HLA-DRB101:01,1145.99,QII87826,IGYYRRATRRI,83,37.0
318,HLA-DRB101:01,1148.17,QII87826,RIGMEVTPSGT,318,38.0
406,HLA-DRB101:01,1185.96,QII87826,LQQSMSSADST,406,39.0
50,HLA-DRB101:01,1188.06,QII87826,SWFTALTQHGK,50,40.0
46,HLA-DRB101:01,1212.27,QII87826,NNTASWFTALT,46,41.0
392,HLA-DRB101:01,1270.57,QII87826,TLLPAADLDDF,392,42.0
306,HLA-DRB101:01,1274.2,QII87826,FAPSASAFFGM,306,43.0
297,HLA-DRB101:01,1287.9,QII87826,YKHWPQIAQFA,297,44.0
390,HLA-DRB101:01,1364.68,QII87826,TVTLLPAADLD,390,45.0
131,HLA-DRB101:01,1396.89,QII87826,WVATEGALNTP,131,46.0
302,HLA-DRB101:01,1465.49,QII87826,QIAQFAPSASA,302,47.0
331,HLA-DRB101:01,1484.95,QII87826,TYTGAIKLDDK,331,48.0
380,HLA-DRB101:01,1534.23,QII87826,ALPQRQKKQQT,380,49.0
342,HLA-DRB101:01,1585.49,QII87826,DPNFKDQVILL,342,50.0
326,HLA-DRB101:01,1635.83,QII87826,SGTWLTYTGAI,326,51.0
215,HLA-DRB101:01,1639.39,QII87826,DAALALLLLDR,215,52.0
119,HLA-DRB101:01,1647.58,QII87826,GLPYGANKDGI,119,53.0
400,HLA-DRB101:01,1690.86,QII87826,DDFSKQLQQSM,400,54.0
213,HLA-DRB101:01,1706.81,QII87826,GGDAALALLLL,213,55.0
121,HLA-DRB101:01,1821.34,QII87826,PYGANKDGIIW,121,56.0
150,HLA-DRB101:01,1871.72,QII87826,PANNAAIVLQL,150,57.0
154,HLA-DRB101:01,2011.92,QII87826,AAIVLQLPQGT,154,58.0
44,HLA-DRB101:01,2034.29,QII87826,LPNNTASWFTA,44,59.0
127,HLA-DRB101:01,2065.6,QII87826,DGIIWVATEGA,127,60.0
332,HLA-DRB101:01,2115.42,QII87826,YTGAIKLDDKD,332,61.0
47,HLA-DRB101:01,2130.07,QII87826,NTASWFTALTQ,47,62.0
111,HLA-DRB101:01,2208.51,QII87826,YLGTGPEAGLP,111,63.0
63,HLA-DRB101:01,2221.3,QII87826,LKFPRGQGVPI,63,64.0
159,HLA-DRB101:01,2383.26,QII87826,QLPQGTTLPKG,159,65.0
321,HLA-DRB101:01,2531.7,QII87826,MEVTPSGTWLT,321,66.0
219,HLA-DRB101:01,2628.15,QII87826,ALLLLDRLNQL,219,67.0
388,HLA-DRB101:01,2628.25,QII87826,QQTVTLLPAAD,388,68.0
169,HLA-DRB101:01,2701.4,QII87826,GFYAEGSRGGS,169,69.0
305,HLA-DRB101:01,2702.41,QII87826,QFAPSASAFFG,305,70.0
399,HLA-DRB101:01,2845.1,QII87826,LDDFSKQLQQS,399,71.0
13,HLA-DRB101:01,2911.39,QII87826,RITFGGPSDST,13,72.0
212,HLA-DRB101:01,2935.13,QII87826,NGGDAALALLL,212,73.0
310,HLA-DRB101:01,2967.44,QII87826,ASAFFGMSRIG,310,74.0
343,HLA-DRB101:01,3199.08,QII87826,PNFKDQVILLN,343,75.0
265,HLA-DRB101:01,3300.73,QII87826,KAYNVTQAFGR,265,76.0
161,HLA-DRB101:01,3368.52,QII87826,PQGTTLPKGFY,161,77.0
294,HLA-DRB101:01,3462.82,QII87826,GTDYKHWPQIA,294,78.0
102,HLA-DRB101:01,3505.59,QII87826,DLSPRWYFYYL,102,79.0
229,HLA-DRB101:01,3533.96,QII87826,LESKMSGKGQQ,229,80.0
153,HLA-DRB101:01,3617.03,QII87826,NAAIVLQLPQG,153,81.0
86,HLA-DRB101:01,3720.34,QII87826,YRRATRRIRGG,86,82.0
152,HLA-DRB101:01,3791.72,QII87826,NNAAIVLQLPQ,152,83.0
155,HLA-DRB101:01,3807.32,QII87826,AIVLQLPQGTT,155,84.0
259,HLA-DRB101:01,3858.83,QII87826,QKRTATKAYNV,259,85.0
282,HLA-DRB101:01,4019.85,QII87826,QGNFGDQELIR,282,86.0
401,HLA-DRB101:01,4024.66,QII87826,DFSKQLQQSMS,401,87.0
228,HLA-DRB101:01,4082.41,QII87826,QLESKMSGKGQ,228,88.0
55,HLA-DRB101:01,4090.3,QII87826,LTQHGKEDLKF,55,89.0
65,HLA-DRB101:01,4128.69,QII87826,FPRGQGVPINT,65,90.0
271,HLA-DRB101:01,4162.24,QII87826,QAFGRRGPEQT,271,91.0
262,HLA-DRB101:01,4240.78,QII87826,TATKAYNVTQA,262,92.0
386,HLA-DRB101:01,4262.69,QII87826,KKQQTVTLLPA,386,93.0
64,HLA-DRB101:01,4270.88,QII87826,KFPRGQGVPIN,64,94.0
231,HLA-DRB101:01,4365.97,QII87826,SKMSGKGQQQQ,231,95.0
281,HLA-DRB101:01,4373.41,QII87826,TQGNFGDQELI,281,96.0
162,HLA-DRB101:01,4377.66,QII87826,QGTTLPKGFYA,162,97.0
389,HLA-DRB101:01,4418.51,QII87826,QTVTLLPAADL,389,98.0
315,HLA-DRB101:01,4462.19,QII87826,GMSRIGMEVTP,315,99.0
402,HLA-DRB101:01,4547.45,QII87826,FSKQLQQSMSS,402,100.0
99,HLA-DRB101:01,4610.33,QII87826,KMKDLSPRWYF,99,101.0
6,HLA-DRB101:01,4611.84,QII87826,QNQRNAPRITF,6,102.0
137,HLA-DRB101:01,4674.17,QII87826,ALNTPKDHIGT,137,103.0
322,HLA-DRB101:01,4729.92,QII87826,EVTPSGTWLTY,322,104.0
267,HLA-DRB101:01,4731.28,QII87826,YNVTQAFGRRG,267,105.0
264,HLA-DRB101:01,4749.08,QII87826,TKAYNVTQAFG,264,106.0
167,HLA-DRB101:01,4765.24,QII87826,PKGFYAEGSRG,167,107.0
122,HLA-DRB101:01,4840.69,QII87826,YGANKDGIIWV,122,108.0
341,HLA-DRB101:01,4848.88,QII87826,KDPNFKDQVIL,341,109.0
319,HLA-DRB101:01,4929.37,QII87826,IGMEVTPSGTW,319,110.0
14,HLA-DRB101:01,5031.24,QII87826,ITFGGPSDSTG,14,111.0
125,HLA-DRB101:01,5067.12,QII87826,NKDGIIWVATE,125,112.0
353,HLA-DRB101:01,5180.74,QII87826,NKHIDAYKTFP,353,113.0
230,HLA-DRB101:01,5327.38,QII87826,ESKMSGKGQQQ,230,114.0
381,HLA-DRB101:01,5362.52,QII87826,LPQRQKKQQTV,381,115.0
393,HLA-DRB101:01,5385.97,QII87826,LLPAADLDDFS,393,116.0
220,HLA-DRB101:01,5445.54,QII87826,LLLLDRLNQLE,220,117.0
379,HLA-DRB101:01,5552.43,QII87826,QALPQRQKKQQ,379,118.0
301,HLA-DRB101:01,5565.35,QII87826,PQIAQFAPSAS,301,119.0
158,HLA-DRB101:01,5742.21,QII87826,LQLPQGTTLPK,158,120.0
352,HLA-DRB101:01,5969.25,QII87826,LNKHIDAYKTF,352,121.0
100,HLA-DRB101:01,6049.42,QII87826,MKDLSPRWYFY,100,122.0
285,HLA-DRB101:01,6052.3,QII87826,FGDQELIRQGT,285,123.0
296,HLA-DRB101:01,6060.61,QII87826,DYKHWPQIAQF,296,124.0
378,HLA-DRB101:01,6065.41,QII87826,TQALPQRQKKQ,378,125.0
126,HLA-DRB101:01,6138.46,QII87826,KDGIIWVATEG,126,126.0
5,HLA-DRB101:01,6148.96,QII87826,PQNQRNAPRIT,5,127.0
263,HLA-DRB101:01,6201.27,QII87826,ATKAYNVTQAF,263,128.0
317,HLA-DRB101:01,6478.23,QII87826,SRIGMEVTPSG,317,129.0
211,HLA-DRB101:01,6481.97,QII87826,GNGGDAALALL,211,130.0
298,HLA-DRB101:01,6583.29,QII87826,KHWPQIAQFAP,298,131.0
316,HLA-DRB101:01,6586.56,QII87826,MSRIGMEVTPS,316,132.0
103,HLA-DRB101:01,6648.22,QII87826,LSPRWYFYYLG,103,133.0
403,HLA-DRB101:01,6733.54,QII87826,SKQLQQSMSSA,403,134.0
151,HLA-DRB101:01,6942.45,QII87826,ANNAAIVLQLP,151,135.0
407,HLA-DRB101:01,7013.84,QII87826,QQSMSSADSTQ,407,136.0
43,HLA-DRB101:01,7131.21,QII87826,GLPNNTASWFT,43,137.0
357,HLA-DRB101:01,7147.84,QII87826,DAYKTFPPTEP,357,138.0
101,HLA-DRB101:01,7202.41,QII87826,KDLSPRWYFYY,101,139.0
257,HLA-DRB101:01,7261.44,QII87826,PRQKRTATKAY,257,140.0
272,HLA-DRB101:01,7261.66,QII87826,AFGRRGPEQTQ,272,141.0
344,HLA-DRB101:01,7322.06,QII87826,NFKDQVILLNK,344,142.0
300,HLA-DRB101:01,7347.47,QII87826,WPQIAQFAPSA,300,143.0
241,HLA-DRB101:01,7347.72,QII87826,QGQTVTKKSAA,241,144.0
320,HLA-DRB101:01,7395.9,QII87826,GMEVTPSGTWL,320,145.0
290,HLA-DRB101:01,7455.09,QII87826,LIRQGTDYKHW,290,146.0
260,HLA-DRB101:01,7709.61,QII87826,KRTATKAYNVT,260,147.0
324,HLA-DRB101:01,8122.42,QII87826,TPSGTWLTYTG,324,148.0
182,HLA-DRB101:01,8151.82,QII87826,SSRSSSRSRNS,182,149.0
384,HLA-DRB101:01,8212.88,QII87826,RQKKQQTVTLL,384,150.0
358,HLA-DRB101:01,8270.33,QII87826,AYKTFPPTEPK,358,151.0
266,HLA-DRB101:01,8340.35,QII87826,AYNVTQAFGRR,266,152.0
136,HLA-DRB101:01,8385.92,QII87826,GALNTPKDHIG,136,153.0
268,HLA-DRB101:01,8560.96,QII87826,NVTQAFGRRGP,268,154.0
408,HLA-DRB101:01,8596.41,QII87826,QSMSSADSTQA,408,155.0
144,HLA-DRB101:01,8630.7,QII87826,HIGTRNPANNA,144,156.0
295,HLA-DRB101:01,8693.82,QII87826,TDYKHWPQIAQ,295,157.0
309,HLA-DRB101:01,8730.97,QII87826,SASAFFGMSRI,309,158.0
221,HLA-DRB101:01,8731.55,QII87826,LLLDRLNQLES,221,159.0
340,HLA-DRB101:01,8833.88,QII87826,DKDPNFKDQVI,340,160.0
359,HLA-DRB101:01,8860.22,QII87826,YKTFPPTEPKK,359,161.0
90,HLA-DRB101:01,8873.8,QII87826,TRRIRGGDGKM,90,162.0
261,HLA-DRB101:01,8881.31,QII87826,RTATKAYNVTQ,261,163.0
135,HLA-DRB101:01,8917.83,QII87826,EGALNTPKDHI,135,164.0
104,HLA-DRB101:01,8999.06,QII87826,SPRWYFYYLGT,104,165.0
232,HLA-DRB101:01,9044.72,QII87826,KMSGKGQQQQG,232,166.0
225,HLA-DRB101:01,9045.35,QII87826,RLNQLESKMSG,225,167.0
325,HLA-DRB101:01,9073.32,QII87826,PSGTWLTYTGA,325,168.0
293,HLA-DRB101:01,9144.69,QII87826,QGTDYKHWPQI,293,169.0
404,HLA-DRB101:01,9158.5,QII87826,KQLQQSMSSAD,404,170.0
199,HLA-DRB101:01,9357.58,QII87826,GSSRGTSPARM,199,171.0
157,HLA-DRB101:01,9401.21,QII87826,VLQLPQGTTLP,157,172.0
284,HLA-DRB101:01,9510.84,QII87826,NFGDQELIRQG,284,173.0
227,HLA-DRB101:01,9659.17,QII87826,NQLESKMSGKG,227,174.0
166,HLA-DRB101:01,9687.95,QII87826,LPKGFYAEGSR,166,175.0
210,HLA-DRB101:01,9771.73,QII87826,AGNGGDAALAL,210,176.0
53,HLA-DRB101:01,9892.71,QII87826,TALTQHGKEDL,53,177.0
323,HLA-DRB101:01,9961.76,QII87826,VTPSGTWLTYT,323,178.0
62,HLA-DRB101:01,10166.67,QII87826,DLKFPRGQGVP,62,179.0
79,HLA-DRB101:01,10180.84,QII87826,PDDQIGYYRRA,79,180.0
236,HLA-DRB101:01,10232.99,QII87826,KGQQQQGQTVT,236,181.0
7,HLA-DRB101:01,10277.58,QII87826,NQRNAPRITFG,7,182.0
289,HLA-DRB101:01,10320.41,QII87826,ELIRQGTDYKH,289,183.0
183,HLA-DRB101:01,10320.48,QII87826,SRSSSRSRNSS,183,184.0
223,HLA-DRB101:01,10371.2,QII87826,LDRLNQLESKM,223,185.0
141,HLA-DRB101:01,10499.62,QII87826,PKDHIGTRNPA,141,186.0
114,HLA-DRB101:01,10578.15,QII87826,TGPEAGLPYGA,114,187.0
328,HLA-DRB101:01,10611.33,QII87826,TWLTYTGAIKL,328,188.0
273,HLA-DRB101:01,10671.16,QII87826,FGRRGPEQTQG,273,189.0
208,HLA-DRB101:01,10729.02,QII87826,RMAGNGGDAAL,208,190.0
171,HLA-DRB101:01,10856.03,QII87826,YAEGSRGGSQA,171,191.0
54,HLA-DRB101:01,10883.94,QII87826,ALTQHGKEDLK,54,192.0
163,HLA-DRB101:01,10897.96,QII87826,GTTLPKGFYAE,163,193.0
97,HLA-DRB101:01,10922.53,QII87826,DGKMKDLSPRW,97,194.0
132,HLA-DRB101:01,11037.9,QII87826,VATEGALNTPK,132,195.0
112,HLA-DRB101:01,11089.92,QII87826,LGTGPEAGLPY,112,196.0
382,HLA-DRB101:01,11281.89,QII87826,PQRQKKQQTVT,382,197.0
240,HLA-DRB101:01,11286.09,QII87826,QQGQTVTKKSA,240,198.0
180,HLA-DRB101:01,11332.46,QII87826,QASSRSSSRSR,180,199.0
38,HLA-DRB101:01,11462.16,QII87826,QRRPQGLPNNT,38,200.0
164,HLA-DRB101:01,11579.68,QII87826,TTLPKGFYAEG,164,201.0
148,HLA-DRB101:01,11673.5,QII87826,RNPANNAAIVL,148,202.0
235,HLA-DRB101:01,11813.19,QII87826,GKGQQQQGQTV,235,203.0
75,HLA-DRB101:01,11818.94,QII87826,TNSSPDDQIGY,75,204.0
283,HLA-DRB101:01,11889.33,QII87826,GNFGDQELIRQ,283,205.0
146,HLA-DRB101:01,11947.79,QII87826,GTRNPANNAAI,146,206.0
385,HLA-DRB101:01,12124.16,QII87826,QKKQQTVTLLP,385,207.0
233,HLA-DRB101:01,12126.51,QII87826,MSGKGQQQQGQ,233,208.0
98,HLA-DRB101:01,12175.23,QII87826,GKMKDLSPRWY,98,209.0
244,HLA-DRB101:01,12190.4,QII87826,TVTKKSAAEAS,244,210.0
187,HLA-DRB101:01,12205.85,QII87826,SRSRNSSRNST,187,211.0
207,HLA-DRB101:01,12219.44,QII87826,ARMAGNGGDAA,207,212.0
200,HLA-DRB101:01,12427.5,QII87826,SSRGTSPARMA,200,213.0
360,HLA-DRB101:01,12473.89,QII87826,KTFPPTEPKKD,360,214.0
258,HLA-DRB101:01,12591.17,QII87826,RQKRTATKAYN,258,215.0
165,HLA-DRB101:01,12665.1,QII87826,TLPKGFYAEGS,165,216.0
156,HLA-DRB101:01,12686.76,QII87826,IVLQLPQGTTL,156,217.0
42,HLA-DRB101:01,12719.39,QII87826,QGLPNNTASWF,42,218.0
82,HLA-DRB101:01,12783.27,QII87826,QIGYYRRATRR,82,219.0
349,HLA-DRB101:01,12899.45,QII87826,VILLNKHIDAY,349,220.0
87,HLA-DRB101:01,13028.23,QII87826,RRATRRIRGGD,87,221.0
239,HLA-DRB101:01,13108.21,QII87826,QQQGQTVTKKS,239,222.0
133,HLA-DRB101:01,13217.85,QII87826,ATEGALNTPKD,133,223.0
234,HLA-DRB101:01,13438.02,QII87826,SGKGQQQQGQT,234,224.0
181,HLA-DRB101:01,13486.13,QII87826,ASSRSSSRSRN,181,225.0
405,HLA-DRB101:01,13667.27,QII87826,QLQQSMSSADS,405,226.0
398,HLA-DRB101:01,13807.03,QII87826,DLDDFSKQLQQ,398,227.0
383,HLA-DRB101:01,13890.26,QII87826,QRQKKQQTVTL,383,228.0
8,HLA-DRB101:01,13896.23,QII87826,QRNAPRITFGG,8,229.0
81,HLA-DRB101:01,13998.6,QII87826,DQIGYYRRATR,81,230.0
186,HLA-DRB101:01,14044.15,QII87826,SSRSRNSSRNS,186,231.0
179,HLA-DRB101:01,14209.66,QII87826,SQASSRSSSRS,179,232.0
73,HLA-DRB101:01,14295.0,QII87826,INTNSSPDDQI,73,233.0
80,HLA-DRB101:01,14306.02,QII87826,DDQIGYYRRAT,80,234.0
362,HLA-DRB101:01,14343.85,QII87826,FPPTEPKKDKK,362,235.0
149,HLA-DRB101:01,14450.3,QII87826,NPANNAAIVLQ,149,236.0
354,HLA-DRB101:01,14525.91,QII87826,KHIDAYKTFPP,354,237.0
377,HLA-DRB101:01,14558.57,QII87826,ETQALPQRQKK,377,238.0
194,HLA-DRB101:01,14594.28,QII87826,RNSTPGSSRGT,194,239.0
209,HLA-DRB101:01,14598.78,QII87826,MAGNGGDAALA,209,240.0
280,HLA-DRB101:01,14622.79,QII87826,QTQGNFGDQEL,280,241.0
29,HLA-DRB101:01,14624.5,QII87826,GERSGARSKQR,29,242.0
9,HLA-DRB101:01,14819.95,QII87826,RNAPRITFGGP,9,243.0
88,HLA-DRB101:01,14836.93,QII87826,RATRRIRGGDG,88,244.0
145,HLA-DRB101:01,14845.55,QII87826,IGTRNPANNAA,145,245.0
299,HLA-DRB101:01,15016.95,QII87826,HWPQIAQFAPS,299,246.0
243,HLA-DRB101:01,15225.6,QII87826,QTVTKKSAAEA,243,247.0
147,HLA-DRB101:01,15256.12,QII87826,TRNPANNAAIV,147,248.0
118,HLA-DRB101:01,15356.61,QII87826,AGLPYGANKDG,118,249.0
238,HLA-DRB101:01,15499.34,QII87826,QQQQGQTVTKK,238,250.0
178,HLA-DRB101:01,15571.57,QII87826,GSQASSRSSSR,178,251.0
61,HLA-DRB101:01,15816.16,QII87826,EDLKFPRGQGV,61,252.0
34,HLA-DRB101:01,15961.04,QII87826,ARSKQRRPQGL,34,253.0
204,HLA-DRB101:01,16051.08,QII87826,TSPARMAGNGG,204,254.0
355,HLA-DRB101:01,16088.85,QII87826,HIDAYKTFPPT,355,255.0
76,HLA-DRB101:01,16262.67,QII87826,NSSPDDQIGYY,76,256.0
206,HLA-DRB101:01,16379.57,QII87826,PARMAGNGGDA,206,257.0
245,HLA-DRB101:01,16528.04,QII87826,VTKKSAAEASK,245,258.0
173,HLA-DRB101:01,16695.2,QII87826,EGSRGGSQASS,173,259.0
308,HLA-DRB101:01,16754.86,QII87826,PSASAFFGMSR,308,260.0
270,HLA-DRB101:01,16868.31,QII87826,TQAFGRRGPEQ,270,261.0
91,HLA-DRB101:01,16900.44,QII87826,RRIRGGDGKMK,91,262.0
269,HLA-DRB101:01,17187.21,QII87826,VTQAFGRRGPE,269,263.0
15,HLA-DRB101:01,17203.6,QII87826,TFGGPSDSTGS,15,264.0
172,HLA-DRB101:01,17278.03,QII87826,AEGSRGGSQAS,172,265.0
345,HLA-DRB101:01,17358.89,QII87826,FKDQVILLNKH,345,266.0
256,HLA-DRB101:01,17473.91,QII87826,KPRQKRTATKA,256,267.0
4,HLA-DRB101:01,17524.22,QII87826,GPQNQRNAPRI,4,268.0
30,HLA-DRB101:01,17720.01,QII87826,ERSGARSKQRR,30,269.0
74,HLA-DRB101:01,17774.29,QII87826,NTNSSPDDQIG,74,270.0
106,HLA-DRB101:01,17897.78,QII87826,RWYFYYLGTGP,106,271.0
335,HLA-DRB101:01,18447.41,QII87826,AIKLDDKDPNF,335,272.0
275,HLA-DRB101:01,18448.23,QII87826,RRGPEQTQGNF,275,273.0
205,HLA-DRB101:01,18681.84,QII87826,SPARMAGNGGD,205,274.0
201,HLA-DRB101:01,18715.5,QII87826,SRGTSPARMAG,201,275.0
39,HLA-DRB101:01,18733.27,QII87826,RRPQGLPNNTA,39,276.0
226,HLA-DRB101:01,18777.33,QII87826,LNQLESKMSGK,226,277.0
361,HLA-DRB101:01,18804.29,QII87826,TFPPTEPKKDK,361,278.0
23,HLA-DRB101:01,19128.5,QII87826,TGSNQNGERSG,23,279.0
28,HLA-DRB101:01,19257.65,QII87826,NGERSGARSKQ,28,280.0
143,HLA-DRB101:01,19294.57,QII87826,DHIGTRNPANN,143,281.0
142,HLA-DRB101:01,19303.33,QII87826,KDHIGTRNPAN,142,282.0
113,HLA-DRB101:01,19330.83,QII87826,GTGPEAGLPYG,113,283.0
37,HLA-DRB101:01,19457.67,QII87826,KQRRPQGLPNN,37,284.0
237,HLA-DRB101:01,19477.46,QII87826,GQQQQGQTVTK,237,285.0
307,HLA-DRB101:01,19619.52,QII87826,APSASAFFGMS,307,286.0
396,HLA-DRB101:01,19623.13,QII87826,AADLDDFSKQL,396,287.0
333,HLA-DRB101:01,19690.62,QII87826,TGAIKLDDKDP,333,288.0
288,HLA-DRB101:01,19899.01,QII87826,QELIRQGTDYK,288,289.0
276,HLA-DRB101:01,19901.8,QII87826,RGPEQTQGNFG,276,290.0
185,HLA-DRB101:01,19927.15,QII87826,SSSRSRNSSRN,185,291.0
279,HLA-DRB101:01,19931.58,QII87826,EQTQGNFGDQE,279,292.0
327,HLA-DRB101:01,20011.48,QII87826,GTWLTYTGAIK,327,293.0
138,HLA-DRB101:01,20086.07,QII87826,LNTPKDHIGTR,138,294.0
107,HLA-DRB101:01,20090.32,QII87826,WYFYYLGTGPE,107,295.0
78,HLA-DRB101:01,20131.09,QII87826,SPDDQIGYYRR,78,296.0
203,HLA-DRB101:01,20295.94,QII87826,GTSPARMAGNG,203,297.0
93,HLA-DRB101:01,20308.83,QII87826,IRGGDGKMKDL,93,298.0
351,HLA-DRB101:01,20390.92,QII87826,LLNKHIDAYKT,351,299.0
394,HLA-DRB101:01,20391.61,QII87826,LPAADLDDFSK,394,300.0
57,HLA-DRB101:01,20554.76,QII87826,QHGKEDLKFPR,57,301.0
254,HLA-DRB101:01,20659.68,QII87826,SKKPRQKRTAT,254,302.0
56,HLA-DRB101:01,20734.51,QII87826,TQHGKEDLKFP,56,303.0
35,HLA-DRB101:01,20747.8,QII87826,RSKQRRPQGLP,35,304.0
224,HLA-DRB101:01,20813.18,QII87826,DRLNQLESKMS,224,305.0
176,HLA-DRB101:01,20855.54,QII87826,RGGSQASSRSS,176,306.0
184,HLA-DRB101:01,21012.86,QII87826,RSSSRSRNSSR,184,307.0
251,HLA-DRB101:01,21135.97,QII87826,AEASKKPRQKR,251,308.0
198,HLA-DRB101:01,21213.31,QII87826,PGSSRGTSPAR,198,309.0
27,HLA-DRB101:01,21285.64,QII87826,QNGERSGARSK,27,310.0
140,HLA-DRB101:01,21389.29,QII87826,TPKDHIGTRNP,140,311.0
375,HLA-DRB101:01,21448.81,QII87826,ADETQALPQRQ,375,312.0
397,HLA-DRB101:01,21554.08,QII87826,ADLDDFSKQLQ,397,313.0
395,HLA-DRB101:01,21566.38,QII87826,PAADLDDFSKQ,395,314.0
202,HLA-DRB101:01,21573.41,QII87826,RGTSPARMAGN,202,315.0
177,HLA-DRB101:01,21580.7,QII87826,GGSQASSRSSS,177,316.0
278,HLA-DRB101:01,21614.75,QII87826,PEQTQGNFGDQ,278,317.0
242,HLA-DRB101:01,21623.28,QII87826,GQTVTKKSAAE,242,318.0
96,HLA-DRB101:01,21658.82,QII87826,GDGKMKDLSPR,96,319.0
36,HLA-DRB101:01,21666.52,QII87826,SKQRRPQGLPN,36,320.0
376,HLA-DRB101:01,22165.17,QII87826,DETQALPQRQK,376,321.0
287,HLA-DRB101:01,22219.73,QII87826,DQELIRQGTDY,287,322.0
248,HLA-DRB101:01,22276.44,QII87826,KSAAEASKKPR,248,323.0
77,HLA-DRB101:01,22355.09,QII87826,SSPDDQIGYYR,77,324.0
356,HLA-DRB101:01,22385.76,QII87826,IDAYKTFPPTE,356,325.0
24,HLA-DRB101:01,22500.41,QII87826,GSNQNGERSGA,24,326.0
337,HLA-DRB101:01,22510.8,QII87826,KLDDKDPNFKD,337,327.0
11,HLA-DRB101:01,22649.78,QII87826,APRITFGGPSD,11,328.0
195,HLA-DRB101:01,22767.35,QII87826,NSTPGSSRGTS,195,329.0
246,HLA-DRB101:01,22769.59,QII87826,TKKSAAEASKK,246,330.0
374,HLA-DRB101:01,22866.06,QII87826,KADETQALPQR,374,331.0
33,HLA-DRB101:01,22970.21,QII87826,GARSKQRRPQG,33,332.0
40,HLA-DRB101:01,23087.84,QII87826,RPQGLPNNTAS,40,333.0
277,HLA-DRB101:01,23105.26,QII87826,GPEQTQGNFGD,277,334.0
291,HLA-DRB101:01,23160.58,QII87826,IRQGTDYKHWP,291,335.0
134,HLA-DRB101:01,23206.08,QII87826,TEGALNTPKDH,134,336.0
92,HLA-DRB101:01,23220.95,QII87826,RIRGGDGKMKD,92,337.0
58,HLA-DRB101:01,23430.12,QII87826,HGKEDLKFPRG,58,338.0
19,HLA-DRB101:01,23441.03,QII87826,PSDSTGSNQNG,19,339.0
89,HLA-DRB101:01,23476.25,QII87826,ATRRIRGGDGK,89,340.0
67,HLA-DRB101:01,23927.72,QII87826,RGQGVPINTNS,67,341.0
189,HLA-DRB101:01,23964.01,QII87826,SRNSSRNSTPG,189,342.0
363,HLA-DRB101:01,24038.95,QII87826,PPTEPKKDKKK,363,343.0
286,HLA-DRB101:01,24281.97,QII87826,GDQELIRQGTD,286,344.0
26,HLA-DRB101:01,24404.65,QII87826,NQNGERSGARS,26,345.0
249,HLA-DRB101:01,24425.58,QII87826,SAAEASKKPRQ,249,346.0
190,HLA-DRB101:01,24453.11,QII87826,RNSSRNSTPGS,190,347.0
339,HLA-DRB101:01,24577.81,QII87826,DDKDPNFKDQV,339,348.0
274,HLA-DRB101:01,24660.51,QII87826,GRRGPEQTQGN,274,349.0
41,HLA-DRB101:01,24766.59,QII87826,PQGLPNNTASW,41,350.0
222,HLA-DRB101:01,24772.47,QII87826,LLDRLNQLESK,222,351.0
60,HLA-DRB101:01,24872.71,QII87826,KEDLKFPRGQG,60,352.0
253,HLA-DRB101:01,24995.41,QII87826,ASKKPRQKRTA,253,353.0
117,HLA-DRB101:01,25057.34,QII87826,EAGLPYGANKD,117,354.0
174,HLA-DRB101:01,25100.25,QII87826,GSRGGSQASSR,174,355.0
193,HLA-DRB101:01,25199.18,QII87826,SRNSTPGSSRG,193,356.0
175,HLA-DRB101:01,25464.35,QII87826,SRGGSQASSRS,175,357.0
196,HLA-DRB101:01,25501.17,QII87826,STPGSSRGTSP,196,358.0
191,HLA-DRB101:01,25531.6,QII87826,NSSRNSTPGSS,191,359.0
197,HLA-DRB101:01,25585.26,QII87826,TPGSSRGTSPA,197,360.0
250,HLA-DRB101:01,25806.91,QII87826,AAEASKKPRQK,250,361.0
1,HLA-DRB101:01,25864.2,QII87826,SDNGPQNQRNA,1,362.0
32,HLA-DRB101:01,25961.37,QII87826,SGARSKQRRPQ,32,363.0
10,HLA-DRB101:01,25970.47,QII87826,NAPRITFGGPS,10,364.0
105,HLA-DRB101:01,26205.32,QII87826,PRWYFYYLGTG,105,365.0
31,HLA-DRB101:01,26511.99,QII87826,RSGARSKQRRP,31,366.0
336,HLA-DRB101:01,26516.06,QII87826,IKLDDKDPNFK,336,367.0
247,HLA-DRB101:01,26576.82,QII87826,KKSAAEASKKP,247,368.0
252,HLA-DRB101:01,26606.83,QII87826,EASKKPRQKRT,252,369.0
192,HLA-DRB101:01,26910.73,QII87826,SSRNSTPGSSR,192,370.0
69,HLA-DRB101:01,26924.36,QII87826,QGVPINTNSSP,69,371.0
66,HLA-DRB101:01,27456.29,QII87826,PRGQGVPINTN,66,372.0
365,HLA-DRB101:01,27677.45,QII87826,TEPKKDKKKKA,365,373.0
334,HLA-DRB101:01,28046.23,QII87826,GAIKLDDKDPN,334,374.0
364,HLA-DRB101:01,28610.73,QII87826,PTEPKKDKKKK,364,375.0
95,HLA-DRB101:01,28797.86,QII87826,GGDGKMKDLSP,95,376.0
25,HLA-DRB101:01,28895.42,QII87826,SNQNGERSGAR,25,377.0
12,HLA-DRB101:01,28946.51,QII87826,PRITFGGPSDS,12,378.0
59,HLA-DRB101:01,29227.73,QII87826,GKEDLKFPRGQ,59,379.0
371,HLA-DRB101:01,29231.95,QII87826,KKKKADETQAL,371,380.0
94,HLA-DRB101:01,29410.64,QII87826,RGGDGKMKDLS,94,381.0
139,HLA-DRB101:01,29419.43,QII87826,NTPKDHIGTRN,139,382.0
72,HLA-DRB101:01,29489.89,QII87826,PINTNSSPDDQ,72,383.0
20,HLA-DRB101:01,29554.39,QII87826,SDSTGSNQNGE,20,384.0
338,HLA-DRB101:01,29742.41,QII87826,LDDKDPNFKDQ,338,385.0
68,HLA-DRB101:01,29827.55,QII87826,GQGVPINTNSS,68,386.0
372,HLA-DRB101:01,30061.2,QII87826,KKKADETQALP,372,387.0
373,HLA-DRB101:01,30416.53,QII87826,KKADETQALPQ,373,388.0
188,HLA-DRB101:01,31033.59,QII87826,RSRNSSRNSTP,188,389.0
0,HLA-DRB101:01,31112.88,QII87826,MSDNGPQNQRN,0,390.0
18,HLA-DRB101:01,31383.48,QII87826,GPSDSTGSNQN,18,391.0
16,HLA-DRB101:01,31437.34,QII87826,FGGPSDSTGSN,16,392.0
292,HLA-DRB101:01,31618.53,QII87826,RQGTDYKHWPQ,292,393.0
115,HLA-DRB101:01,31930.04,QII87826,GPEAGLPYGAN,115,394.0
255,HLA-DRB101:01,32442.04,QII87826,KKPRQKRTATK,255,395.0
21,HLA-DRB101:01,32748.86,QII87826,DSTGSNQNGER,21,396.0
2,HLA-DRB101:01,32934.88,QII87826,DNGPQNQRNAP,2,397.0
350,HLA-DRB101:01,33042.11,QII87826,ILLNKHIDAYK,350,398.0
22,HLA-DRB101:01,33048.34,QII87826,STGSNQNGERS,22,399.0
366,HLA-DRB101:01,33057.4,QII87826,EPKKDKKKKAD,366,400.0
70,HLA-DRB101:01,33058.62,QII87826,GVPINTNSSPD,70,401.0
71,HLA-DRB101:01,33387.75,QII87826,VPINTNSSPDD,71,402.0
17,HLA-DRB101:01,33741.37,QII87826,GGPSDSTGSNQ,17,403.0
3,HLA-DRB101:01,34905.74,QII87826,NGPQNQRNAPR,3,404.0
116,HLA-DRB101:01,35053.27,QII87826,PEAGLPYGANK,116,405.0
370,HLA-DRB101:01,35227.1,QII87826,DKKKKADETQA,370,406.0
367,HLA-DRB101:01,37271.5,QII87826,PKKDKKKKADE,367,407.0
369,HLA-DRB101:01,38893.31,QII87826,KDKKKKADETQ,369,408.0
368,HLA-DRB101:01,39871.59,QII87826,KKDKKKKADET,368,409.0
102,HLA-DRB115:01,36.2,QII87826,DLSPRWYFYYL,102,1.0
348,HLA-DRB115:01,164.07,QII87826,QVILLNKHIDA,348,2.0
347,HLA-DRB115:01,204.21,QII87826,DQVILLNKHID,347,3.0
219,HLA-DRB115:01,215.21,QII87826,ALLLLDRLNQL,219,4.0
326,HLA-DRB115:01,279.96,QII87826,SGTWLTYTGAI,326,5.0
101,HLA-DRB115:01,287.6,QII87826,KDLSPRWYFYY,101,6.0
217,HLA-DRB115:01,296.81,QII87826,ALALLLLDRLN,217,7.0
84,HLA-DRB115:01,309.52,QII87826,GYYRRATRRIR,84,8.0
218,HLA-DRB115:01,367.65,QII87826,LALLLLDRLNQ,218,9.0
103,HLA-DRB115:01,388.93,QII87826,LSPRWYFYYLG,103,10.0
312,HLA-DRB115:01,399.27,QII87826,AFFGMSRIGME,312,11.0
100,HLA-DRB115:01,565.95,QII87826,MKDLSPRWYFY,100,12.0
311,HLA-DRB115:01,591.32,QII87826,SAFFGMSRIGM,311,13.0
81,HLA-DRB115:01,977.26,QII87826,DQIGYYRRATR,81,14.0
346,HLA-DRB115:01,987.67,QII87826,KDQVILLNKHI,346,15.0
216,HLA-DRB115:01,1063.5,QII87826,AALALLLLDRL,216,16.0
349,HLA-DRB115:01,1084.6,QII87826,VILLNKHIDAY,349,17.0
231,HLA-DRB115:01,1092.98,QII87826,SKMSGKGQQQQ,231,18.0
309,HLA-DRB115:01,1173.31,QII87826,SASAFFGMSRI,309,19.0
83,HLA-DRB115:01,1227.18,QII87826,IGYYRRATRRI,83,20.0
99,HLA-DRB115:01,1323.12,QII87826,KMKDLSPRWYF,99,21.0
48,HLA-DRB115:01,1329.59,QII87826,TASWFTALTQH,48,22.0
79,HLA-DRB115:01,1359.55,QII87826,PDDQIGYYRRA,79,23.0
49,HLA-DRB115:01,1371.69,QII87826,ASWFTALTQHG,49,24.0
380,HLA-DRB115:01,1425.27,QII87826,ALPQRQKKQQT,380,25.0
128,HLA-DRB115:01,1448.4,QII87826,GIIWVATEGAL,128,26.0
104,HLA-DRB115:01,1502.63,QII87826,SPRWYFYYLGT,104,27.0
220,HLA-DRB115:01,1522.18,QII87826,LLLLDRLNQLE,220,28.0
229,HLA-DRB115:01,1706.34,QII87826,LESKMSGKGQQ,229,29.0
230,HLA-DRB115:01,1816.02,QII87826,ESKMSGKGQQQ,230,30.0
352,HLA-DRB115:01,2095.8,QII87826,LNKHIDAYKTF,352,31.0
215,HLA-DRB115:01,2275.07,QII87826,DAALALLLLDR,215,32.0
214,HLA-DRB115:01,2386.64,QII87826,GDAALALLLLD,214,33.0
310,HLA-DRB115:01,2440.62,QII87826,ASAFFGMSRIG,310,34.0
325,HLA-DRB115:01,2614.57,QII87826,PSGTWLTYTGA,325,35.0
129,HLA-DRB115:01,2715.74,QII87826,IIWVATEGALN,129,36.0
314,HLA-DRB115:01,2717.29,QII87826,FGMSRIGMEVT,314,37.0
313,HLA-DRB115:01,2975.34,QII87826,FFGMSRIGMEV,313,38.0
14,HLA-DRB115:01,2988.97,QII87826,ITFGGPSDSTG,14,39.0
85,HLA-DRB115:01,3112.31,QII87826,YYRRATRRIRG,85,40.0
82,HLA-DRB115:01,3295.86,QII87826,QIGYYRRATRR,82,41.0
353,HLA-DRB115:01,3601.16,QII87826,NKHIDAYKTFP,353,42.0
379,HLA-DRB115:01,3784.73,QII87826,QALPQRQKKQQ,379,43.0
228,HLA-DRB115:01,3971.66,QII87826,QLESKMSGKGQ,228,44.0
50,HLA-DRB115:01,4011.21,QII87826,SWFTALTQHGK,50,45.0
162,HLA-DRB115:01,4039.79,QII87826,QGTTLPKGFYA,162,46.0
343,HLA-DRB115:01,4261.29,QII87826,PNFKDQVILLN,343,47.0
45,HLA-DRB115:01,4453.87,QII87826,PNNTASWFTAL,45,48.0
47,HLA-DRB115:01,4772.46,QII87826,NTASWFTALTQ,47,49.0
78,HLA-DRB115:01,4785.52,QII87826,SPDDQIGYYRR,78,50.0
221,HLA-DRB115:01,4878.81,QII87826,LLLDRLNQLES,221,51.0
109,HLA-DRB115:01,4888.24,QII87826,FYYLGTGPEAG,109,52.0
271,HLA-DRB115:01,4952.74,QII87826,QAFGRRGPEQT,271,53.0
120,HLA-DRB115:01,4966.46,QII87826,LPYGANKDGII,120,54.0
155,HLA-DRB115:01,5013.79,QII87826,AIVLQLPQGTT,155,55.0
233,HLA-DRB115:01,5045.13,QII87826,MSGKGQQQQGQ,233,56.0
324,HLA-DRB115:01,5063.14,QII87826,TPSGTWLTYTG,324,57.0
213,HLA-DRB115:01,5161.16,QII87826,GGDAALALLLL,213,58.0
105,HLA-DRB115:01,5177.84,QII87826,PRWYFYYLGTG,105,59.0
166,HLA-DRB115:01,5221.81,QII87826,LPKGFYAEGSR,166,60.0
153,HLA-DRB115:01,5287.18,QII87826,NAAIVLQLPQG,153,61.0
150,HLA-DRB115:01,5317.08,QII87826,PANNAAIVLQL,150,62.0
297,HLA-DRB115:01,5330.53,QII87826,YKHWPQIAQFA,297,63.0
227,HLA-DRB115:01,5447.59,QII87826,NQLESKMSGKG,227,64.0
303,HLA-DRB115:01,5488.15,QII87826,IAQFAPSASAF,303,65.0
272,HLA-DRB115:01,5684.59,QII87826,AFGRRGPEQTQ,272,66.0
51,HLA-DRB115:01,5835.62,QII87826,WFTALTQHGKE,51,67.0
319,HLA-DRB115:01,6014.98,QII87826,IGMEVTPSGTW,319,68.0
121,HLA-DRB115:01,6043.57,QII87826,PYGANKDGIIW,121,69.0
154,HLA-DRB115:01,6076.53,QII87826,AAIVLQLPQGT,154,70.0
44,HLA-DRB115:01,6177.91,QII87826,LPNNTASWFTA,44,71.0
86,HLA-DRB115:01,6204.87,QII87826,YRRATRRIRGG,86,72.0
130,HLA-DRB115:01,6219.47,QII87826,IWVATEGALNT,130,73.0
399,HLA-DRB115:01,6259.51,QII87826,LDDFSKQLQQS,399,74.0
161,HLA-DRB115:01,6337.92,QII87826,PQGTTLPKGFY,161,75.0
342,HLA-DRB115:01,6461.51,QII87826,DPNFKDQVILL,342,76.0
80,HLA-DRB115:01,6516.0,QII87826,DDQIGYYRRAT,80,77.0
64,HLA-DRB115:01,6660.4,QII87826,KFPRGQGVPIN,64,78.0
327,HLA-DRB115:01,7073.15,QII87826,GTWLTYTGAIK,327,79.0
77,HLA-DRB115:01,7119.55,QII87826,SSPDDQIGYYR,77,80.0
163,HLA-DRB115:01,7420.19,QII87826,GTTLPKGFYAE,163,81.0
160,HLA-DRB115:01,7481.86,QII87826,LPQGTTLPKGF,160,82.0
341,HLA-DRB115:01,7682.07,QII87826,KDPNFKDQVIL,341,83.0
329,HLA-DRB115:01,7838.09,QII87826,WLTYTGAIKLD,329,84.0
127,HLA-DRB115:01,7850.74,QII87826,DGIIWVATEGA,127,85.0
159,HLA-DRB115:01,8087.64,QII87826,QLPQGTTLPKG,159,86.0
167,HLA-DRB115:01,8145.68,QII87826,PKGFYAEGSRG,167,87.0
321,HLA-DRB115:01,8745.08,QII87826,MEVTPSGTWLT,321,88.0
9,HLA-DRB115:01,8834.44,QII87826,RNAPRITFGGP,9,89.0
315,HLA-DRB115:01,8921.52,QII87826,GMSRIGMEVTP,315,90.0
232,HLA-DRB115:01,8935.75,QII87826,KMSGKGQQQQG,232,91.0
88,HLA-DRB115:01,9175.3,QII87826,RATRRIRGGDG,88,92.0
340,HLA-DRB115:01,9196.04,QII87826,DKDPNFKDQVI,340,93.0
354,HLA-DRB115:01,9266.95,QII87826,KHIDAYKTFPP,354,94.0
156,HLA-DRB115:01,9480.32,QII87826,IVLQLPQGTTL,156,95.0
330,HLA-DRB115:01,9542.28,QII87826,LTYTGAIKLDD,330,96.0
63,HLA-DRB115:01,9670.72,QII87826,LKFPRGQGVPI,63,97.0
158,HLA-DRB115:01,9673.62,QII87826,LQLPQGTTLPK,158,98.0
46,HLA-DRB115:01,9748.99,QII87826,NNTASWFTALT,46,99.0
142,HLA-DRB115:01,9862.38,QII87826,KDHIGTRNPAN,142,100.0
52,HLA-DRB115:01,9926.82,QII87826,FTALTQHGKED,52,101.0
170,HLA-DRB115:01,9927.7,QII87826,FYAEGSRGGSQ,170,102.0
350,HLA-DRB115:01,9935.63,QII87826,ILLNKHIDAYK,350,103.0
107,HLA-DRB115:01,9948.66,QII87826,WYFYYLGTGPE,107,104.0
181,HLA-DRB115:01,10022.07,QII87826,ASSRSSSRSRN,181,105.0
289,HLA-DRB115:01,10037.42,QII87826,ELIRQGTDYKH,289,106.0
308,HLA-DRB115:01,10142.2,QII87826,PSASAFFGMSR,308,107.0
87,HLA-DRB115:01,10242.88,QII87826,RRATRRIRGGD,87,108.0
302,HLA-DRB115:01,10496.11,QII87826,QIAQFAPSASA,302,109.0
288,HLA-DRB115:01,10499.8,QII87826,QELIRQGTDYK,288,110.0
304,HLA-DRB115:01,10531.17,QII87826,AQFAPSASAFF,304,111.0
168,HLA-DRB115:01,10638.13,QII87826,KGFYAEGSRGG,168,112.0
171,HLA-DRB115:01,10756.77,QII87826,YAEGSRGGSQA,171,113.0
43,HLA-DRB115:01,10781.38,QII87826,GLPNNTASWFT,43,114.0
164,HLA-DRB115:01,10891.42,QII87826,TTLPKGFYAEG,164,115.0
151,HLA-DRB115:01,10909.17,QII87826,ANNAAIVLQLP,151,116.0
378,HLA-DRB115:01,10961.46,QII87826,TQALPQRQKKQ,378,117.0
62,HLA-DRB115:01,11250.8,QII87826,DLKFPRGQGVP,62,118.0
298,HLA-DRB115:01,11319.35,QII87826,KHWPQIAQFAP,298,119.0
89,HLA-DRB115:01,11325.3,QII87826,ATRRIRGGDGK,89,120.0
392,HLA-DRB115:01,11391.59,QII87826,TLLPAADLDDF,392,121.0
126,HLA-DRB115:01,11453.75,QII87826,KDGIIWVATEG,126,122.0
306,HLA-DRB115:01,11531.46,QII87826,FAPSASAFFGM,306,123.0
265,HLA-DRB115:01,11546.88,QII87826,KAYNVTQAFGR,265,124.0
143,HLA-DRB115:01,11578.49,QII87826,DHIGTRNPANN,143,125.0
226,HLA-DRB115:01,11617.8,QII87826,LNQLESKMSGK,226,126.0
328,HLA-DRB115:01,11805.73,QII87826,TWLTYTGAIKL,328,127.0
76,HLA-DRB115:01,12150.6,QII87826,NSSPDDQIGYY,76,128.0
322,HLA-DRB115:01,12229.92,QII87826,EVTPSGTWLTY,322,129.0
267,HLA-DRB115:01,12554.97,QII87826,YNVTQAFGRRG,267,130.0
119,HLA-DRB115:01,12557.54,QII87826,GLPYGANKDGI,119,131.0
222,HLA-DRB115:01,12562.06,QII87826,LLDRLNQLESK,222,132.0
8,HLA-DRB115:01,12795.76,QII87826,QRNAPRITFGG,8,133.0
110,HLA-DRB115:01,12946.12,QII87826,YYLGTGPEAGL,110,134.0
207,HLA-DRB115:01,13111.17,QII87826,ARMAGNGGDAA,207,135.0
263,HLA-DRB115:01,13127.14,QII87826,ATKAYNVTQAF,263,136.0
351,HLA-DRB115:01,13273.6,QII87826,LLNKHIDAYKT,351,137.0
152,HLA-DRB115:01,13316.43,QII87826,NNAAIVLQLPQ,152,138.0
286,HLA-DRB115:01,13406.58,QII87826,GDQELIRQGTD,286,139.0
270,HLA-DRB115:01,13469.5,QII87826,TQAFGRRGPEQ,270,140.0
13,HLA-DRB115:01,13526.06,QII87826,RITFGGPSDST,13,141.0
400,HLA-DRB115:01,13537.86,QII87826,DDFSKQLQQSM,400,142.0
406,HLA-DRB115:01,13594.84,QII87826,LQQSMSSADST,406,143.0
398,HLA-DRB115:01,13598.72,QII87826,DLDDFSKQLQQ,398,144.0
296,HLA-DRB115:01,13675.9,QII87826,DYKHWPQIAQF,296,145.0
18,HLA-DRB115:01,13776.05,QII87826,GPSDSTGSNQN,18,146.0
123,HLA-DRB115:01,13823.62,QII87826,GANKDGIIWVA,123,147.0
185,HLA-DRB115:01,13916.22,QII87826,SSSRSRNSSRN,185,148.0
108,HLA-DRB115:01,13979.27,QII87826,YFYYLGTGPEA,108,149.0
234,HLA-DRB115:01,14014.21,QII87826,SGKGQQQQGQT,234,150.0
305,HLA-DRB115:01,14068.32,QII87826,QFAPSASAFFG,305,151.0
205,HLA-DRB115:01,14090.95,QII87826,SPARMAGNGGD,205,152.0
391,HLA-DRB115:01,14106.3,QII87826,VTLLPAADLDD,391,153.0
301,HLA-DRB115:01,14111.31,QII87826,PQIAQFAPSAS,301,154.0
316,HLA-DRB115:01,14305.6,QII87826,MSRIGMEVTPS,316,155.0
225,HLA-DRB115:01,14355.23,QII87826,RLNQLESKMSG,225,156.0
381,HLA-DRB115:01,14369.27,QII87826,LPQRQKKQQTV,381,157.0
136,HLA-DRB115:01,14590.33,QII87826,GALNTPKDHIG,136,158.0
388,HLA-DRB115:01,14793.01,QII87826,QQTVTLLPAAD,388,159.0
182,HLA-DRB115:01,14834.33,QII87826,SSRSSSRSRNS,182,160.0
290,HLA-DRB115:01,14849.26,QII87826,LIRQGTDYKHW,290,161.0
266,HLA-DRB115:01,14902.25,QII87826,AYNVTQAFGRR,266,162.0
284,HLA-DRB115:01,14918.62,QII87826,NFGDQELIRQG,284,163.0
65,HLA-DRB115:01,15008.06,QII87826,FPRGQGVPINT,65,164.0
206,HLA-DRB115:01,15037.33,QII87826,PARMAGNGGDA,206,165.0
320,HLA-DRB115:01,15042.57,QII87826,GMEVTPSGTWL,320,166.0
258,HLA-DRB115:01,15222.86,QII87826,RQKRTATKAYN,258,167.0
261,HLA-DRB115:01,15294.8,QII87826,RTATKAYNVTQ,261,168.0
204,HLA-DRB115:01,15341.84,QII87826,TSPARMAGNGG,204,169.0
212,HLA-DRB115:01,15349.4,QII87826,NGGDAALALLL,212,170.0
55,HLA-DRB115:01,15626.92,QII87826,LTQHGKEDLKF,55,171.0
262,HLA-DRB115:01,15723.12,QII87826,TATKAYNVTQA,262,172.0
337,HLA-DRB115:01,15812.95,QII87826,KLDDKDPNFKD,337,173.0
264,HLA-DRB115:01,15920.37,QII87826,TKAYNVTQAFG,264,174.0
385,HLA-DRB115:01,16000.05,QII87826,QKKQQTVTLLP,385,175.0
269,HLA-DRB115:01,16099.42,QII87826,VTQAFGRRGPE,269,176.0
165,HLA-DRB115:01,16147.16,QII87826,TLPKGFYAEGS,165,177.0
323,HLA-DRB115:01,16158.59,QII87826,VTPSGTWLTYT,323,178.0
336,HLA-DRB115:01,16225.91,QII87826,IKLDDKDPNFK,336,179.0
42,HLA-DRB115:01,16274.37,QII87826,QGLPNNTASWF,42,180.0
98,HLA-DRB115:01,16297.95,QII87826,GKMKDLSPRWY,98,181.0
300,HLA-DRB115:01,16310.95,QII87826,WPQIAQFAPSA,300,182.0
332,HLA-DRB115:01,16442.88,QII87826,YTGAIKLDDKD,332,183.0
287,HLA-DRB115:01,16460.47,QII87826,DQELIRQGTDY,287,184.0
90,HLA-DRB115:01,16476.83,QII87826,TRRIRGGDGKM,90,185.0
257,HLA-DRB115:01,16491.78,QII87826,PRQKRTATKAY,257,186.0
66,HLA-DRB115:01,16517.6,QII87826,PRGQGVPINTN,66,187.0
273,HLA-DRB115:01,16621.24,QII87826,FGRRGPEQTQG,273,188.0
146,HLA-DRB115:01,16849.63,QII87826,GTRNPANNAAI,146,189.0
148,HLA-DRB115:01,16945.4,QII87826,RNPANNAAIVL,148,190.0
223,HLA-DRB115:01,17071.36,QII87826,LDRLNQLESKM,223,191.0
157,HLA-DRB115:01,17260.67,QII87826,VLQLPQGTTLP,157,192.0
317,HLA-DRB115:01,17392.65,QII87826,SRIGMEVTPSG,317,193.0
294,HLA-DRB115:01,17508.72,QII87826,GTDYKHWPQIA,294,194.0
144,HLA-DRB115:01,17527.01,QII87826,HIGTRNPANNA,144,195.0
404,HLA-DRB115:01,17552.63,QII87826,KQLQQSMSSAD,404,196.0
283,HLA-DRB115:01,17736.86,QII87826,GNFGDQELIRQ,283,197.0
282,HLA-DRB115:01,17765.95,QII87826,QGNFGDQELIR,282,198.0
180,HLA-DRB115:01,17791.84,QII87826,QASSRSSSRSR,180,199.0
384,HLA-DRB115:01,18012.49,QII87826,RQKKQQTVTLL,384,200.0
377,HLA-DRB115:01,18057.69,QII87826,ETQALPQRQKK,377,201.0
275,HLA-DRB115:01,18103.57,QII87826,RRGPEQTQGNF,275,202.0
362,HLA-DRB115:01,18134.87,QII87826,FPPTEPKKDKK,362,203.0
29,HLA-DRB115:01,18260.45,QII87826,GERSGARSKQR,29,204.0
75,HLA-DRB115:01,18263.45,QII87826,TNSSPDDQIGY,75,205.0
92,HLA-DRB115:01,18561.42,QII87826,RIRGGDGKMKD,92,206.0
16,HLA-DRB115:01,18645.61,QII87826,FGGPSDSTGSN,16,207.0
366,HLA-DRB115:01,18850.35,QII87826,EPKKDKKKKAD,366,208.0
390,HLA-DRB115:01,18927.01,QII87826,TVTLLPAADLD,390,209.0
149,HLA-DRB115:01,18973.61,QII87826,NPANNAAIVLQ,149,210.0
7,HLA-DRB115:01,19001.51,QII87826,NQRNAPRITFG,7,211.0
285,HLA-DRB115:01,19062.15,QII87826,FGDQELIRQGT,285,212.0
359,HLA-DRB115:01,19123.37,QII87826,YKTFPPTEPKK,359,213.0
295,HLA-DRB115:01,19440.47,QII87826,TDYKHWPQIAQ,295,214.0
91,HLA-DRB115:01,19598.58,QII87826,RRIRGGDGKMK,91,215.0
169,HLA-DRB115:01,19613.12,QII87826,GFYAEGSRGGS,169,216.0
118,HLA-DRB115:01,19710.96,QII87826,AGLPYGANKDG,118,217.0
335,HLA-DRB115:01,19827.07,QII87826,AIKLDDKDPNF,335,218.0
54,HLA-DRB115:01,19864.32,QII87826,ALTQHGKEDLK,54,219.0
106,HLA-DRB115:01,20058.53,QII87826,RWYFYYLGTGP,106,220.0
241,HLA-DRB115:01,20143.53,QII87826,QGQTVTKKSAA,241,221.0
276,HLA-DRB115:01,20265.08,QII87826,RGPEQTQGNFG,276,222.0
11,HLA-DRB115:01,20265.31,QII87826,APRITFGGPSD,11,223.0
331,HLA-DRB115:01,20382.05,QII87826,TYTGAIKLDDK,331,224.0
122,HLA-DRB115:01,20386.74,QII87826,YGANKDGIIWV,122,225.0
202,HLA-DRB115:01,20472.9,QII87826,RGTSPARMAGN,202,226.0
397,HLA-DRB115:01,20514.61,QII87826,ADLDDFSKQLQ,397,227.0
274,HLA-DRB115:01,20604.83,QII87826,GRRGPEQTQGN,274,228.0
383,HLA-DRB115:01,20748.5,QII87826,QRQKKQQTVTL,383,229.0
268,HLA-DRB115:01,20776.51,QII87826,NVTQAFGRRGP,268,230.0
318,HLA-DRB115:01,20865.76,QII87826,RIGMEVTPSGT,318,231.0
172,HLA-DRB115:01,20888.8,QII87826,AEGSRGGSQAS,172,232.0
141,HLA-DRB115:01,20965.73,QII87826,PKDHIGTRNPA,141,233.0
135,HLA-DRB115:01,21006.77,QII87826,EGALNTPKDHI,135,234.0
23,HLA-DRB115:01,21067.76,QII87826,TGSNQNGERSG,23,235.0
387,HLA-DRB115:01,21130.3,QII87826,KQQTVTLLPAA,387,236.0
307,HLA-DRB115:01,21179.49,QII87826,APSASAFFGMS,307,237.0
137,HLA-DRB115:01,21271.51,QII87826,ALNTPKDHIGT,137,238.0
355,HLA-DRB115:01,21337.05,QII87826,HIDAYKTFPPT,355,239.0
111,HLA-DRB115:01,21362.24,QII87826,YLGTGPEAGLP,111,240.0
131,HLA-DRB115:01,21373.39,QII87826,WVATEGALNTP,131,241.0
389,HLA-DRB115:01,21504.08,QII87826,QTVTLLPAADL,389,242.0
193,HLA-DRB115:01,21770.49,QII87826,SRNSTPGSSRG,193,243.0
145,HLA-DRB115:01,21772.27,QII87826,IGTRNPANNAA,145,244.0
178,HLA-DRB115:01,21812.86,QII87826,GSQASSRSSSR,178,245.0
281,HLA-DRB115:01,21831.64,QII87826,TQGNFGDQELI,281,246.0
401,HLA-DRB115:01,21843.72,QII87826,DFSKQLQQSMS,401,247.0
34,HLA-DRB115:01,21884.98,QII87826,ARSKQRRPQGL,34,248.0
299,HLA-DRB115:01,21942.43,QII87826,HWPQIAQFAPS,299,249.0
209,HLA-DRB115:01,21975.36,QII87826,MAGNGGDAALA,209,250.0
186,HLA-DRB115:01,22163.85,QII87826,SSRSRNSSRNS,186,251.0
393,HLA-DRB115:01,22267.92,QII87826,LLPAADLDDFS,393,252.0
356,HLA-DRB115:01,22381.2,QII87826,IDAYKTFPPTE,356,253.0
177,HLA-DRB115:01,22481.1,QII87826,GGSQASSRSSS,177,254.0
53,HLA-DRB115:01,22520.9,QII87826,TALTQHGKEDL,53,255.0
407,HLA-DRB115:01,22654.82,QII87826,QQSMSSADSTQ,407,256.0
60,HLA-DRB115:01,22674.81,QII87826,KEDLKFPRGQG,60,257.0
403,HLA-DRB115:01,22715.16,QII87826,SKQLQQSMSSA,403,258.0
278,HLA-DRB115:01,22729.96,QII87826,PEQTQGNFGDQ,278,259.0
242,HLA-DRB115:01,22936.3,QII87826,GQTVTKKSAAE,242,260.0
179,HLA-DRB115:01,23077.03,QII87826,SQASSRSSSRS,179,261.0
61,HLA-DRB115:01,23122.29,QII87826,EDLKFPRGQGV,61,262.0
183,HLA-DRB115:01,23145.01,QII87826,SRSSSRSRNSS,183,263.0
173,HLA-DRB115:01,23454.19,QII87826,EGSRGGSQASS,173,264.0
402,HLA-DRB115:01,23506.52,QII87826,FSKQLQQSMSS,402,265.0
115,HLA-DRB115:01,23568.88,QII87826,GPEAGLPYGAN,115,266.0
279,HLA-DRB115:01,23652.08,QII87826,EQTQGNFGDQE,279,267.0
211,HLA-DRB115:01,23732.63,QII87826,GNGGDAALALL,211,268.0
138,HLA-DRB115:01,23965.06,QII87826,LNTPKDHIGTR,138,269.0
277,HLA-DRB115:01,24031.72,QII87826,GPEQTQGNFGD,277,270.0
344,HLA-DRB115:01,24124.15,QII87826,NFKDQVILLNK,344,271.0
396,HLA-DRB115:01,24180.03,QII87826,AADLDDFSKQL,396,272.0
36,HLA-DRB115:01,24188.81,QII87826,SKQRRPQGLPN,36,273.0
19,HLA-DRB115:01,24267.21,QII87826,PSDSTGSNQNG,19,274.0
260,HLA-DRB115:01,24269.3,QII87826,KRTATKAYNVT,260,275.0
208,HLA-DRB115:01,24273.14,QII87826,RMAGNGGDAAL,208,276.0
360,HLA-DRB115:01,24402.65,QII87826,KTFPPTEPKKD,360,277.0
338,HLA-DRB115:01,24484.92,QII87826,LDDKDPNFKDQ,338,278.0
97,HLA-DRB115:01,24590.61,QII87826,DGKMKDLSPRW,97,279.0
117,HLA-DRB115:01,24661.08,QII87826,EAGLPYGANKD,117,280.0
5,HLA-DRB115:01,24708.48,QII87826,PQNQRNAPRIT,5,281.0
4,HLA-DRB115:01,24719.09,QII87826,GPQNQRNAPRI,4,282.0
405,HLA-DRB115:01,24820.18,QII87826,QLQQSMSSADS,405,283.0
139,HLA-DRB115:01,24910.09,QII87826,NTPKDHIGTRN,139,284.0
176,HLA-DRB115:01,24940.81,QII87826,RGGSQASSRSS,176,285.0
124,HLA-DRB115:01,24963.33,QII87826,ANKDGIIWVAT,124,286.0
0,HLA-DRB115:01,25081.79,QII87826,MSDNGPQNQRN,0,287.0
203,HLA-DRB115:01,25136.2,QII87826,GTSPARMAGNG,203,288.0
10,HLA-DRB115:01,25251.97,QII87826,NAPRITFGGPS,10,289.0
189,HLA-DRB115:01,25356.81,QII87826,SRNSSRNSTPG,189,290.0
26,HLA-DRB115:01,25379.34,QII87826,NQNGERSGARS,26,291.0
250,HLA-DRB115:01,25400.51,QII87826,AAEASKKPRQK,250,292.0
125,HLA-DRB115:01,25540.04,QII87826,NKDGIIWVATE,125,293.0
375,HLA-DRB115:01,25566.95,QII87826,ADETQALPQRQ,375,294.0
364,HLA-DRB115:01,25612.9,QII87826,PTEPKKDKKKK,364,295.0
367,HLA-DRB115:01,25643.37,QII87826,PKKDKKKKADE,367,296.0
386,HLA-DRB115:01,25708.83,QII87826,KKQQTVTLLPA,386,297.0
361,HLA-DRB115:01,25969.05,QII87826,TFPPTEPKKDK,361,298.0
114,HLA-DRB115:01,25985.1,QII87826,TGPEAGLPYGA,114,299.0
363,HLA-DRB115:01,26016.0,QII87826,PPTEPKKDKKK,363,300.0
187,HLA-DRB115:01,26056.61,QII87826,SRSRNSSRNST,187,301.0
255,HLA-DRB115:01,26109.08,QII87826,KKPRQKRTATK,255,302.0
236,HLA-DRB115:01,26168.85,QII87826,KGQQQQGQTVT,236,303.0
334,HLA-DRB115:01,26171.78,QII87826,GAIKLDDKDPN,334,304.0
382,HLA-DRB115:01,26330.22,QII87826,PQRQKKQQTVT,382,305.0
37,HLA-DRB115:01,26449.07,QII87826,KQRRPQGLPNN,37,306.0
6,HLA-DRB115:01,26508.35,QII87826,QNQRNAPRITF,6,307.0
184,HLA-DRB115:01,26513.57,QII87826,RSSSRSRNSSR,184,308.0
293,HLA-DRB115:01,26520.84,QII87826,QGTDYKHWPQI,293,309.0
254,HLA-DRB115:01,26635.73,QII87826,SKKPRQKRTAT,254,310.0
38,HLA-DRB115:01,26722.53,QII87826,QRRPQGLPNNT,38,311.0
15,HLA-DRB115:01,26725.11,QII87826,TFGGPSDSTGS,15,312.0
20,HLA-DRB115:01,26768.0,QII87826,SDSTGSNQNGE,20,313.0
174,HLA-DRB115:01,26822.51,QII87826,GSRGGSQASSR,174,314.0
30,HLA-DRB115:01,26837.07,QII87826,ERSGARSKQRR,30,315.0
33,HLA-DRB115:01,26895.75,QII87826,GARSKQRRPQG,33,316.0
201,HLA-DRB115:01,26905.61,QII87826,SRGTSPARMAG,201,317.0
345,HLA-DRB115:01,27177.86,QII87826,FKDQVILLNKH,345,318.0
358,HLA-DRB115:01,27411.17,QII87826,AYKTFPPTEPK,358,319.0
58,HLA-DRB115:01,27439.52,QII87826,HGKEDLKFPRG,58,320.0
395,HLA-DRB115:01,27586.48,QII87826,PAADLDDFSKQ,395,321.0
27,HLA-DRB115:01,27631.72,QII87826,QNGERSGARSK,27,322.0
28,HLA-DRB115:01,27865.18,QII87826,NGERSGARSKQ,28,323.0
376,HLA-DRB115:01,27945.72,QII87826,DETQALPQRQK,376,324.0
195,HLA-DRB115:01,28092.93,QII87826,NSTPGSSRGTS,195,325.0
249,HLA-DRB115:01,28190.98,QII87826,SAAEASKKPRQ,249,326.0
25,HLA-DRB115:01,28269.77,QII87826,SNQNGERSGAR,25,327.0
194,HLA-DRB115:01,28324.8,QII87826,RNSTPGSSRGT,194,328.0
244,HLA-DRB115:01,28365.17,QII87826,TVTKKSAAEAS,244,329.0
200,HLA-DRB115:01,28390.91,QII87826,SSRGTSPARMA,200,330.0
39,HLA-DRB115:01,28513.28,QII87826,RRPQGLPNNTA,39,331.0
22,HLA-DRB115:01,28684.57,QII87826,STGSNQNGERS,22,332.0
280,HLA-DRB115:01,28687.45,QII87826,QTQGNFGDQEL,280,333.0
408,HLA-DRB115:01,28726.86,QII87826,QSMSSADSTQA,408,334.0
243,HLA-DRB115:01,29211.66,QII87826,QTVTKKSAAEA,243,335.0
357,HLA-DRB115:01,29265.29,QII87826,DAYKTFPPTEP,357,336.0
259,HLA-DRB115:01,29357.03,QII87826,QKRTATKAYNV,259,337.0
252,HLA-DRB115:01,29570.81,QII87826,EASKKPRQKRT,252,338.0
35,HLA-DRB115:01,29804.73,QII87826,RSKQRRPQGLP,35,339.0
112,HLA-DRB115:01,29885.73,QII87826,LGTGPEAGLPY,112,340.0
70,HLA-DRB115:01,29960.44,QII87826,GVPINTNSSPD,70,341.0
239,HLA-DRB115:01,30014.77,QII87826,QQQGQTVTKKS,239,342.0
240,HLA-DRB115:01,30052.54,QII87826,QQGQTVTKKSA,240,343.0
251,HLA-DRB115:01,30165.01,QII87826,AEASKKPRQKR,251,344.0
147,HLA-DRB115:01,30169.82,QII87826,TRNPANNAAIV,147,345.0
191,HLA-DRB115:01,30213.68,QII87826,NSSRNSTPGSS,191,346.0
224,HLA-DRB115:01,30236.75,QII87826,DRLNQLESKMS,224,347.0
394,HLA-DRB115:01,30329.4,QII87826,LPAADLDDFSK,394,348.0
256,HLA-DRB115:01,30335.31,QII87826,KPRQKRTATKA,256,349.0
59,HLA-DRB115:01,30356.17,QII87826,GKEDLKFPRGQ,59,350.0
41,HLA-DRB115:01,30430.02,QII87826,PQGLPNNTASW,41,351.0
113,HLA-DRB115:01,30453.08,QII87826,GTGPEAGLPYG,113,352.0
175,HLA-DRB115:01,30456.72,QII87826,SRGGSQASSRS,175,353.0
73,HLA-DRB115:01,30549.24,QII87826,INTNSSPDDQI,73,354.0
210,HLA-DRB115:01,30599.69,QII87826,AGNGGDAALAL,210,355.0
40,HLA-DRB115:01,30803.77,QII87826,RPQGLPNNTAS,40,356.0
71,HLA-DRB115:01,30841.79,QII87826,VPINTNSSPDD,71,357.0
190,HLA-DRB115:01,30983.74,QII87826,RNSSRNSTPGS,190,358.0
237,HLA-DRB115:01,31001.99,QII87826,GQQQQGQTVTK,237,359.0
24,HLA-DRB115:01,31093.11,QII87826,GSNQNGERSGA,24,360.0
235,HLA-DRB115:01,31145.55,QII87826,GKGQQQQGQTV,235,361.0
57,HLA-DRB115:01,31238.33,QII87826,QHGKEDLKFPR,57,362.0
133,HLA-DRB115:01,31254.16,QII87826,ATEGALNTPKD,133,363.0
32,HLA-DRB115:01,31266.18,QII87826,SGARSKQRRPQ,32,364.0
192,HLA-DRB115:01,31361.56,QII87826,SSRNSTPGSSR,192,365.0
248,HLA-DRB115:01,31448.7,QII87826,KSAAEASKKPR,248,366.0
93,HLA-DRB115:01,31497.1,QII87826,IRGGDGKMKDL,93,367.0
21,HLA-DRB115:01,31794.96,QII87826,DSTGSNQNGER,21,368.0
134,HLA-DRB115:01,31810.39,QII87826,TEGALNTPKDH,134,369.0
238,HLA-DRB115:01,32019.84,QII87826,QQQQGQTVTKK,238,370.0
69,HLA-DRB115:01,32039.88,QII87826,QGVPINTNSSP,69,371.0
74,HLA-DRB115:01,32104.58,QII87826,NTNSSPDDQIG,74,372.0
198,HLA-DRB115:01,32132.45,QII87826,PGSSRGTSPAR,198,373.0
365,HLA-DRB115:01,32637.43,QII87826,TEPKKDKKKKA,365,374.0
374,HLA-DRB115:01,32645.5,QII87826,KADETQALPQR,374,375.0
72,HLA-DRB115:01,32723.34,QII87826,PINTNSSPDDQ,72,376.0
12,HLA-DRB115:01,32753.03,QII87826,PRITFGGPSDS,12,377.0
339,HLA-DRB115:01,32844.76,QII87826,DDKDPNFKDQV,339,378.0
67,HLA-DRB115:01,32845.53,QII87826,RGQGVPINTNS,67,379.0
17,HLA-DRB115:01,32893.72,QII87826,GGPSDSTGSNQ,17,380.0
56,HLA-DRB115:01,33028.78,QII87826,TQHGKEDLKFP,56,381.0
253,HLA-DRB115:01,33213.06,QII87826,ASKKPRQKRTA,253,382.0
140,HLA-DRB115:01,33285.11,QII87826,TPKDHIGTRNP,140,383.0
31,HLA-DRB115:01,33296.54,QII87826,RSGARSKQRRP,31,384.0
199,HLA-DRB115:01,33447.53,QII87826,GSSRGTSPARM,199,385.0
132,HLA-DRB115:01,33904.67,QII87826,VATEGALNTPK,132,386.0
245,HLA-DRB115:01,33992.32,QII87826,VTKKSAAEASK,245,387.0
373,HLA-DRB115:01,34846.42,QII87826,KKADETQALPQ,373,388.0
372,HLA-DRB115:01,34902.82,QII87826,KKKADETQALP,372,389.0
3,HLA-DRB115:01,35298.55,QII87826,NGPQNQRNAPR,3,390.0
197,HLA-DRB115:01,35582.09,QII87826,TPGSSRGTSPA,197,391.0
116,HLA-DRB115:01,35587.71,QII87826,PEAGLPYGANK,116,392.0
291,HLA-DRB115:01,35698.82,QII87826,IRQGTDYKHWP,291,393.0
1,HLA-DRB115:01,36015.52,QII87826,SDNGPQNQRNA,1,394.0
196,HLA-DRB115:01,36163.49,QII87826,STPGSSRGTSP,196,395.0
371,HLA-DRB115:01,36207.86,QII87826,KKKKADETQAL,371,396.0
94,HLA-DRB115:01,36382.07,QII87826,RGGDGKMKDLS,94,397.0
333,HLA-DRB115:01,36448.2,QII87826,TGAIKLDDKDP,333,398.0
246,HLA-DRB115:01,36483.66,QII87826,TKKSAAEASKK,246,399.0
247,HLA-DRB115:01,36628.17,QII87826,KKSAAEASKKP,247,400.0
96,HLA-DRB115:01,36652.21,QII87826,GDGKMKDLSPR,96,401.0
188,HLA-DRB115:01,37316.01,QII87826,RSRNSSRNSTP,188,402.0
292,HLA-DRB115:01,37527.79,QII87826,RQGTDYKHWPQ,292,403.0
369,HLA-DRB115:01,38162.15,QII87826,KDKKKKADETQ,369,404.0
68,HLA-DRB115:01,38534.33,QII87826,GQGVPINTNSS,68,405.0
370,HLA-DRB115:01,38627.58,QII87826,DKKKKADETQA,370,406.0
2,HLA-DRB115:01,39023.42,QII87826,DNGPQNQRNAP,2,407.0
368,HLA-DRB115:01,39704.45,QII87826,KKDKKKKADET,368,408.0
95,HLA-DRB115:01,40339.96,QII87826,GGDGKMKDLSP,95,409.0
84,HLA-DRB103:01,375.28,QII87826,GYYRRATRRIR,84,1.0
220,HLA-DRB103:01,580.61,QII87826,LLLLDRLNQLE,220,2.0
349,HLA-DRB103:01,790.45,QII87826,VILLNKHIDAY,349,3.0
217,HLA-DRB103:01,805.69,QII87826,ALALLLLDRLN,217,4.0
85,HLA-DRB103:01,830.55,QII87826,YYRRATRRIRG,85,5.0
347,HLA-DRB103:01,867.21,QII87826,DQVILLNKHID,347,6.0
335,HLA-DRB103:01,1118.11,QII87826,AIKLDDKDPNF,335,7.0
333,HLA-DRB103:01,1676.15,QII87826,TGAIKLDDKDP,333,8.0
312,HLA-DRB103:01,2343.76,QII87826,AFFGMSRIGME,312,9.0
334,HLA-DRB103:01,2532.61,QII87826,GAIKLDDKDPN,334,10.0
350,HLA-DRB103:01,2711.73,QII87826,ILLNKHIDAYK,350,11.0
329,HLA-DRB103:01,2713.99,QII87826,WLTYTGAIKLD,329,12.0
97,HLA-DRB103:01,2886.29,QII87826,DGKMKDLSPRW,97,13.0
221,HLA-DRB103:01,3193.46,QII87826,LLLDRLNQLES,221,14.0
352,HLA-DRB103:01,3295.81,QII87826,LNKHIDAYKTF,352,15.0
336,HLA-DRB103:01,3709.6,QII87826,IKLDDKDPNFK,336,16.0
86,HLA-DRB103:01,3925.83,QII87826,YRRATRRIRGG,86,17.0
348,HLA-DRB103:01,3945.73,QII87826,QVILLNKHIDA,348,18.0
9,HLA-DRB103:01,4536.3,QII87826,RNAPRITFGGP,9,19.0
353,HLA-DRB103:01,4977.71,QII87826,NKHIDAYKTFP,353,20.0
408,HLA-DRB103:01,4986.38,QII87826,QSMSSADSTQA,408,21.0
406,HLA-DRB103:01,5059.75,QII87826,LQQSMSSADST,406,22.0
219,HLA-DRB103:01,5187.04,QII87826,ALLLLDRLNQL,219,23.0
351,HLA-DRB103:01,5231.33,QII87826,LLNKHIDAYKT,351,24.0
91,HLA-DRB103:01,5327.52,QII87826,RRIRGGDGKMK,91,25.0
399,HLA-DRB103:01,5546.8,QII87826,LDDFSKQLQQS,399,26.0
96,HLA-DRB103:01,5560.61,QII87826,GDGKMKDLSPR,96,27.0
93,HLA-DRB103:01,5590.44,QII87826,IRGGDGKMKDL,93,28.0
218,HLA-DRB103:01,6118.85,QII87826,LALLLLDRLNQ,218,29.0
318,HLA-DRB103:01,6136.1,QII87826,RIGMEVTPSGT,318,30.0
342,HLA-DRB103:01,6158.58,QII87826,DPNFKDQVILL,342,31.0
169,HLA-DRB103:01,6209.45,QII87826,GFYAEGSRGGS,169,32.0
282,HLA-DRB103:01,6551.05,QII87826,QGNFGDQELIR,282,33.0
332,HLA-DRB103:01,6632.17,QII87826,YTGAIKLDDKD,332,34.0
281,HLA-DRB103:01,6696.8,QII87826,TQGNFGDQELI,281,35.0
330,HLA-DRB103:01,7078.75,QII87826,LTYTGAIKLDD,330,36.0
402,HLA-DRB103:01,7373.09,QII87826,FSKQLQQSMSS,402,37.0
313,HLA-DRB103:01,7453.05,QII87826,FFGMSRIGMEV,313,38.0
314,HLA-DRB103:01,7475.75,QII87826,FGMSRIGMEVT,314,39.0
225,HLA-DRB103:01,7511.56,QII87826,RLNQLESKMSG,225,40.0
285,HLA-DRB103:01,7681.83,QII87826,FGDQELIRQGT,285,41.0
170,HLA-DRB103:01,8010.06,QII87826,FYAEGSRGGSQ,170,42.0
123,HLA-DRB103:01,8054.18,QII87826,GANKDGIIWVA,123,43.0
121,HLA-DRB103:01,8066.7,QII87826,PYGANKDGIIW,121,44.0
265,HLA-DRB103:01,8597.4,QII87826,KAYNVTQAFGR,265,45.0
341,HLA-DRB103:01,8624.09,QII87826,KDPNFKDQVIL,341,46.0
87,HLA-DRB103:01,8689.06,QII87826,RRATRRIRGGD,87,47.0
404,HLA-DRB103:01,8715.77,QII87826,KQLQQSMSSAD,404,48.0
82,HLA-DRB103:01,8944.06,QII87826,QIGYYRRATRR,82,49.0
354,HLA-DRB103:01,9147.29,QII87826,KHIDAYKTFPP,354,50.0
337,HLA-DRB103:01,9403.17,QII87826,KLDDKDPNFKD,337,51.0
393,HLA-DRB103:01,9489.06,QII87826,LLPAADLDDFS,393,52.0
346,HLA-DRB103:01,9724.54,QII87826,KDQVILLNKHI,346,53.0
343,HLA-DRB103:01,9749.19,QII87826,PNFKDQVILLN,343,54.0
99,HLA-DRB103:01,10094.91,QII87826,KMKDLSPRWYF,99,55.0
98,HLA-DRB103:01,10126.44,QII87826,GKMKDLSPRWY,98,56.0
166,HLA-DRB103:01,10174.51,QII87826,LPKGFYAEGSR,166,57.0
403,HLA-DRB103:01,10270.35,QII87826,SKQLQQSMSSA,403,58.0
215,HLA-DRB103:01,10439.48,QII87826,DAALALLLLDR,215,59.0
311,HLA-DRB103:01,10484.54,QII87826,SAFFGMSRIGM,311,60.0
168,HLA-DRB103:01,10841.29,QII87826,KGFYAEGSRGG,168,61.0
298,HLA-DRB103:01,10932.03,QII87826,KHWPQIAQFAP,298,62.0
154,HLA-DRB103:01,11011.79,QII87826,AAIVLQLPQGT,154,63.0
94,HLA-DRB103:01,11210.01,QII87826,RGGDGKMKDLS,94,64.0
150,HLA-DRB103:01,11543.15,QII87826,PANNAAIVLQL,150,65.0
308,HLA-DRB103:01,11802.85,QII87826,PSASAFFGMSR,308,66.0
120,HLA-DRB103:01,11892.54,QII87826,LPYGANKDGII,120,67.0
124,HLA-DRB103:01,11956.51,QII87826,ANKDGIIWVAT,124,68.0
151,HLA-DRB103:01,11971.99,QII87826,ANNAAIVLQLP,151,69.0
95,HLA-DRB103:01,12085.75,QII87826,GGDGKMKDLSP,95,70.0
165,HLA-DRB103:01,12207.63,QII87826,TLPKGFYAEGS,165,71.0
216,HLA-DRB103:01,12245.87,QII87826,AALALLLLDRL,216,72.0
395,HLA-DRB103:01,12268.87,QII87826,PAADLDDFSKQ,395,73.0
128,HLA-DRB103:01,12315.66,QII87826,GIIWVATEGAL,128,74.0
126,HLA-DRB103:01,12395.66,QII87826,KDGIIWVATEG,126,75.0
104,HLA-DRB103:01,12467.57,QII87826,SPRWYFYYLGT,104,76.0
310,HLA-DRB103:01,12693.54,QII87826,ASAFFGMSRIG,310,77.0
109,HLA-DRB103:01,13260.69,QII87826,FYYLGTGPEAG,109,78.0
340,HLA-DRB103:01,13685.93,QII87826,DKDPNFKDQVI,340,79.0
315,HLA-DRB103:01,13958.28,QII87826,GMSRIGMEVTP,315,80.0
214,HLA-DRB103:01,13973.59,QII87826,GDAALALLLLD,214,81.0
90,HLA-DRB103:01,14218.2,QII87826,TRRIRGGDGKM,90,82.0
396,HLA-DRB103:01,14288.34,QII87826,AADLDDFSKQL,396,83.0
92,HLA-DRB103:01,14313.93,QII87826,RIRGGDGKMKD,92,84.0
127,HLA-DRB103:01,14400.37,QII87826,DGIIWVATEGA,127,85.0
182,HLA-DRB103:01,14438.24,QII87826,SSRSSSRSRNS,182,86.0
400,HLA-DRB103:01,14545.83,QII87826,DDFSKQLQQSM,400,87.0
155,HLA-DRB103:01,14786.12,QII87826,AIVLQLPQGTT,155,88.0
83,HLA-DRB103:01,15074.04,QII87826,IGYYRRATRRI,83,89.0
129,HLA-DRB103:01,15196.76,QII87826,IIWVATEGALN,129,90.0
397,HLA-DRB103:01,15206.81,QII87826,ADLDDFSKQLQ,397,91.0
407,HLA-DRB103:01,15213.63,QII87826,QQSMSSADSTQ,407,92.0
162,HLA-DRB103:01,15424.45,QII87826,QGTTLPKGFYA,162,93.0
64,HLA-DRB103:01,15425.74,QII87826,KFPRGQGVPIN,64,94.0
317,HLA-DRB103:01,15443.5,QII87826,SRIGMEVTPSG,317,95.0
88,HLA-DRB103:01,15473.75,QII87826,RATRRIRGGDG,88,96.0
390,HLA-DRB103:01,15489.22,QII87826,TVTLLPAADLD,390,97.0
401,HLA-DRB103:01,15630.4,QII87826,DFSKQLQQSMS,401,98.0
307,HLA-DRB103:01,15669.02,QII87826,APSASAFFGMS,307,99.0
266,HLA-DRB103:01,15681.79,QII87826,AYNVTQAFGRR,266,100.0
51,HLA-DRB103:01,16017.35,QII87826,WFTALTQHGKE,51,101.0
100,HLA-DRB103:01,16079.84,QII87826,MKDLSPRWYFY,100,102.0
108,HLA-DRB103:01,16081.16,QII87826,YFYYLGTGPEA,108,103.0
283,HLA-DRB103:01,16083.61,QII87826,GNFGDQELIRQ,283,104.0
269,HLA-DRB103:01,16142.37,QII87826,VTQAFGRRGPE,269,105.0
223,HLA-DRB103:01,16323.57,QII87826,LDRLNQLESKM,223,106.0
398,HLA-DRB103:01,16417.76,QII87826,DLDDFSKQLQQ,398,107.0
181,HLA-DRB103:01,16797.63,QII87826,ASSRSSSRSRN,181,108.0
48,HLA-DRB103:01,16802.71,QII87826,TASWFTALTQH,48,109.0
153,HLA-DRB103:01,16816.98,QII87826,NAAIVLQLPQG,153,110.0
229,HLA-DRB103:01,17248.11,QII87826,LESKMSGKGQQ,229,111.0
392,HLA-DRB103:01,17296.37,QII87826,TLLPAADLDDF,392,112.0
227,HLA-DRB103:01,17364.38,QII87826,NQLESKMSGKG,227,113.0
49,HLA-DRB103:01,17413.1,QII87826,ASWFTALTQHG,49,114.0
394,HLA-DRB103:01,17458.87,QII87826,LPAADLDDFSK,394,115.0
294,HLA-DRB103:01,17478.85,QII87826,GTDYKHWPQIA,294,116.0
355,HLA-DRB103:01,17535.99,QII87826,HIDAYKTFPPT,355,117.0
202,HLA-DRB103:01,17536.41,QII87826,RGTSPARMAGN,202,118.0
224,HLA-DRB103:01,17928.4,QII87826,DRLNQLESKMS,224,119.0
228,HLA-DRB103:01,18207.66,QII87826,QLESKMSGKGQ,228,120.0
385,HLA-DRB103:01,18329.98,QII87826,QKKQQTVTLLP,385,121.0
290,HLA-DRB103:01,18538.25,QII87826,LIRQGTDYKHW,290,122.0
56,HLA-DRB103:01,18553.95,QII87826,TQHGKEDLKFP,56,123.0
405,HLA-DRB103:01,18714.39,QII87826,QLQQSMSSADS,405,124.0
316,HLA-DRB103:01,18789.46,QII87826,MSRIGMEVTPS,316,125.0
57,HLA-DRB103:01,18808.98,QII87826,QHGKEDLKFPR,57,126.0
286,HLA-DRB103:01,19000.85,QII87826,GDQELIRQGTD,286,127.0
222,HLA-DRB103:01,19192.98,QII87826,LLDRLNQLESK,222,128.0
268,HLA-DRB103:01,19556.13,QII87826,NVTQAFGRRGP,268,129.0
328,HLA-DRB103:01,19574.2,QII87826,TWLTYTGAIKL,328,130.0
44,HLA-DRB103:01,19643.11,QII87826,LPNNTASWFTA,44,131.0
101,HLA-DRB103:01,19719.22,QII87826,KDLSPRWYFYY,101,132.0
309,HLA-DRB103:01,19738.92,QII87826,SASAFFGMSRI,309,133.0
391,HLA-DRB103:01,19786.55,QII87826,VTLLPAADLDD,391,134.0
163,HLA-DRB103:01,19811.62,QII87826,GTTLPKGFYAE,163,135.0
231,HLA-DRB103:01,19832.05,QII87826,SKMSGKGQQQQ,231,136.0
331,HLA-DRB103:01,19879.49,QII87826,TYTGAIKLDDK,331,137.0
295,HLA-DRB103:01,19885.04,QII87826,TDYKHWPQIAQ,295,138.0
288,HLA-DRB103:01,20064.86,QII87826,QELIRQGTDYK,288,139.0
230,HLA-DRB103:01,20174.51,QII87826,ESKMSGKGQQQ,230,140.0
284,HLA-DRB103:01,20375.0,QII87826,NFGDQELIRQG,284,141.0
339,HLA-DRB103:01,20410.93,QII87826,DDKDPNFKDQV,339,142.0
161,HLA-DRB103:01,20497.02,QII87826,PQGTTLPKGFY,161,143.0
326,HLA-DRB103:01,20539.89,QII87826,SGTWLTYTGAI,326,144.0
167,HLA-DRB103:01,20624.32,QII87826,PKGFYAEGSRG,167,145.0
267,HLA-DRB103:01,20706.87,QII87826,YNVTQAFGRRG,267,146.0
106,HLA-DRB103:01,20841.71,QII87826,RWYFYYLGTGP,106,147.0
110,HLA-DRB103:01,20961.06,QII87826,YYLGTGPEAGL,110,148.0
63,HLA-DRB103:01,20994.85,QII87826,LKFPRGQGVPI,63,149.0
47,HLA-DRB103:01,21007.43,QII87826,NTASWFTALTQ,47,150.0
52,HLA-DRB103:01,21129.2,QII87826,FTALTQHGKED,52,151.0
75,HLA-DRB103:01,21205.94,QII87826,TNSSPDDQIGY,75,152.0
8,HLA-DRB103:01,21207.5,QII87826,QRNAPRITFGG,8,153.0
13,HLA-DRB103:01,21319.1,QII87826,RITFGGPSDST,13,154.0
125,HLA-DRB103:01,21348.8,QII87826,NKDGIIWVATE,125,155.0
296,HLA-DRB103:01,21401.32,QII87826,DYKHWPQIAQF,296,156.0
11,HLA-DRB103:01,21415.31,QII87826,APRITFGGPSD,11,157.0
185,HLA-DRB103:01,21422.41,QII87826,SSSRSRNSSRN,185,158.0
81,HLA-DRB103:01,21583.11,QII87826,DQIGYYRRATR,81,159.0
183,HLA-DRB103:01,21649.95,QII87826,SRSSSRSRNSS,183,160.0
289,HLA-DRB103:01,21680.99,QII87826,ELIRQGTDYKH,289,161.0
171,HLA-DRB103:01,21921.61,QII87826,YAEGSRGGSQA,171,162.0
319,HLA-DRB103:01,21963.84,QII87826,IGMEVTPSGTW,319,163.0
304,HLA-DRB103:01,22018.25,QII87826,AQFAPSASAFF,304,164.0
119,HLA-DRB103:01,22032.05,QII87826,GLPYGANKDGI,119,165.0
360,HLA-DRB103:01,22178.92,QII87826,KTFPPTEPKKD,360,166.0
302,HLA-DRB103:01,22321.01,QII87826,QIAQFAPSASA,302,167.0
305,HLA-DRB103:01,22335.11,QII87826,QFAPSASAFFG,305,168.0
58,HLA-DRB103:01,22372.99,QII87826,HGKEDLKFPRG,58,169.0
264,HLA-DRB103:01,22532.63,QII87826,TKAYNVTQAFG,264,170.0
297,HLA-DRB103:01,22722.25,QII87826,YKHWPQIAQFA,297,171.0
45,HLA-DRB103:01,22835.75,QII87826,PNNTASWFTAL,45,172.0
180,HLA-DRB103:01,22860.85,QII87826,QASSRSSSRSR,180,173.0
271,HLA-DRB103:01,22947.31,QII87826,QAFGRRGPEQT,271,174.0
14,HLA-DRB103:01,23058.42,QII87826,ITFGGPSDSTG,14,175.0
178,HLA-DRB103:01,23151.38,QII87826,GSQASSRSSSR,178,176.0
105,HLA-DRB103:01,23284.79,QII87826,PRWYFYYLGTG,105,177.0
263,HLA-DRB103:01,23288.12,QII87826,ATKAYNVTQAF,263,178.0
303,HLA-DRB103:01,23341.15,QII87826,IAQFAPSASAF,303,179.0
291,HLA-DRB103:01,23393.85,QII87826,IRQGTDYKHWP,291,180.0
179,HLA-DRB103:01,23529.83,QII87826,SQASSRSSSRS,179,181.0
55,HLA-DRB103:01,23603.82,QII87826,LTQHGKEDLKF,55,182.0
60,HLA-DRB103:01,23628.97,QII87826,KEDLKFPRGQG,60,183.0
338,HLA-DRB103:01,23705.88,QII87826,LDDKDPNFKDQ,338,184.0
262,HLA-DRB103:01,23743.24,QII87826,TATKAYNVTQA,262,185.0
325,HLA-DRB103:01,23793.19,QII87826,PSGTWLTYTGA,325,186.0
122,HLA-DRB103:01,23821.53,QII87826,YGANKDGIIWV,122,187.0
261,HLA-DRB103:01,23886.1,QII87826,RTATKAYNVTQ,261,188.0
65,HLA-DRB103:01,23914.32,QII87826,FPRGQGVPINT,65,189.0
212,HLA-DRB103:01,24032.3,QII87826,NGGDAALALLL,212,190.0
274,HLA-DRB103:01,24035.58,QII87826,GRRGPEQTQGN,274,191.0
143,HLA-DRB103:01,24130.29,QII87826,DHIGTRNPANN,143,192.0
138,HLA-DRB103:01,24200.86,QII87826,LNTPKDHIGTR,138,193.0
272,HLA-DRB103:01,24274.87,QII87826,AFGRRGPEQTQ,272,194.0
277,HLA-DRB103:01,24406.7,QII87826,GPEQTQGNFGD,277,195.0
164,HLA-DRB103:01,24409.91,QII87826,TTLPKGFYAEG,164,196.0
137,HLA-DRB103:01,24421.7,QII87826,ALNTPKDHIGT,137,197.0
301,HLA-DRB103:01,24806.51,QII87826,PQIAQFAPSAS,301,198.0
356,HLA-DRB103:01,24847.99,QII87826,IDAYKTFPPTE,356,199.0
176,HLA-DRB103:01,24994.99,QII87826,RGGSQASSRSS,176,200.0
232,HLA-DRB103:01,25041.87,QII87826,KMSGKGQQQQG,232,201.0
172,HLA-DRB103:01,25116.32,QII87826,AEGSRGGSQAS,172,202.0
29,HLA-DRB103:01,25419.88,QII87826,GERSGARSKQR,29,203.0
359,HLA-DRB103:01,25459.15,QII87826,YKTFPPTEPKK,359,204.0
184,HLA-DRB103:01,25509.81,QII87826,RSSSRSRNSSR,184,205.0
142,HLA-DRB103:01,25520.03,QII87826,KDHIGTRNPAN,142,206.0
50,HLA-DRB103:01,25538.94,QII87826,SWFTALTQHGK,50,207.0
280,HLA-DRB103:01,25563.8,QII87826,QTQGNFGDQEL,280,208.0
34,HLA-DRB103:01,25645.77,QII87826,ARSKQRRPQGL,34,209.0
388,HLA-DRB103:01,25713.52,QII87826,QQTVTLLPAAD,388,210.0
306,HLA-DRB103:01,25782.32,QII87826,FAPSASAFFGM,306,211.0
258,HLA-DRB103:01,25962.3,QII87826,RQKRTATKAYN,258,212.0
273,HLA-DRB103:01,25984.4,QII87826,FGRRGPEQTQG,273,213.0
357,HLA-DRB103:01,26029.02,QII87826,DAYKTFPPTEP,357,214.0
177,HLA-DRB103:01,26100.37,QII87826,GGSQASSRSSS,177,215.0
89,HLA-DRB103:01,26284.83,QII87826,ATRRIRGGDGK,89,216.0
0,HLA-DRB103:01,26385.84,QII87826,MSDNGPQNQRN,0,217.0
59,HLA-DRB103:01,26571.22,QII87826,GKEDLKFPRGQ,59,218.0
43,HLA-DRB103:01,26847.06,QII87826,GLPNNTASWFT,43,219.0
16,HLA-DRB103:01,26930.47,QII87826,FGGPSDSTGSN,16,220.0
173,HLA-DRB103:01,26942.51,QII87826,EGSRGGSQASS,173,221.0
37,HLA-DRB103:01,27019.45,QII87826,KQRRPQGLPNN,37,222.0
35,HLA-DRB103:01,27066.75,QII87826,RSKQRRPQGLP,35,223.0
53,HLA-DRB103:01,27083.48,QII87826,TALTQHGKEDL,53,224.0
208,HLA-DRB103:01,27526.96,QII87826,RMAGNGGDAAL,208,225.0
15,HLA-DRB103:01,27535.88,QII87826,TFGGPSDSTGS,15,226.0
226,HLA-DRB103:01,27536.11,QII87826,LNQLESKMSGK,226,227.0
36,HLA-DRB103:01,27588.87,QII87826,SKQRRPQGLPN,36,228.0
148,HLA-DRB103:01,27589.29,QII87826,RNPANNAAIVL,148,229.0
74,HLA-DRB103:01,27737.67,QII87826,NTNSSPDDQIG,74,230.0
73,HLA-DRB103:01,27750.56,QII87826,INTNSSPDDQI,73,231.0
62,HLA-DRB103:01,27777.94,QII87826,DLKFPRGQGVP,62,232.0
324,HLA-DRB103:01,27892.84,QII87826,TPSGTWLTYTG,324,233.0
103,HLA-DRB103:01,27896.45,QII87826,LSPRWYFYYLG,103,234.0
160,HLA-DRB103:01,27922.74,QII87826,LPQGTTLPKGF,160,235.0
292,HLA-DRB103:01,27943.03,QII87826,RQGTDYKHWPQ,292,236.0
46,HLA-DRB103:01,28001.3,QII87826,NNTASWFTALT,46,237.0
365,HLA-DRB103:01,28083.55,QII87826,TEPKKDKKKKA,365,238.0
157,HLA-DRB103:01,28102.63,QII87826,VLQLPQGTTLP,157,239.0
205,HLA-DRB103:01,28152.35,QII87826,SPARMAGNGGD,205,240.0
61,HLA-DRB103:01,28200.6,QII87826,EDLKFPRGQGV,61,241.0
206,HLA-DRB103:01,28215.62,QII87826,PARMAGNGGDA,206,242.0
114,HLA-DRB103:01,28242.95,QII87826,TGPEAGLPYGA,114,243.0
279,HLA-DRB103:01,28266.44,QII87826,EQTQGNFGDQE,279,244.0
374,HLA-DRB103:01,28273.52,QII87826,KADETQALPQR,374,245.0
78,HLA-DRB103:01,28298.03,QII87826,SPDDQIGYYRR,78,246.0
207,HLA-DRB103:01,28313.51,QII87826,ARMAGNGGDAA,207,247.0
136,HLA-DRB103:01,28352.07,QII87826,GALNTPKDHIG,136,248.0
31,HLA-DRB103:01,28473.57,QII87826,RSGARSKQRRP,31,249.0
141,HLA-DRB103:01,28512.19,QII87826,PKDHIGTRNPA,141,250.0
213,HLA-DRB103:01,28532.07,QII87826,GGDAALALLLL,213,251.0
186,HLA-DRB103:01,28611.78,QII87826,SSRSRNSSRNS,186,252.0
30,HLA-DRB103:01,28625.56,QII87826,ERSGARSKQRR,30,253.0
130,HLA-DRB103:01,28705.28,QII87826,IWVATEGALNT,130,254.0
149,HLA-DRB103:01,28852.14,QII87826,NPANNAAIVLQ,149,255.0
260,HLA-DRB103:01,28888.63,QII87826,KRTATKAYNVT,260,256.0
366,HLA-DRB103:01,29083.16,QII87826,EPKKDKKKKAD,366,257.0
322,HLA-DRB103:01,29262.53,QII87826,EVTPSGTWLTY,322,258.0
54,HLA-DRB103:01,29295.19,QII87826,ALTQHGKEDLK,54,259.0
380,HLA-DRB103:01,29333.63,QII87826,ALPQRQKKQQT,380,260.0
327,HLA-DRB103:01,29348.66,QII87826,GTWLTYTGAIK,327,261.0
259,HLA-DRB103:01,29362.34,QII87826,QKRTATKAYNV,259,262.0
102,HLA-DRB103:01,29366.69,QII87826,DLSPRWYFYYL,102,263.0
233,HLA-DRB103:01,29421.09,QII87826,MSGKGQQQQGQ,233,264.0
156,HLA-DRB103:01,29532.46,QII87826,IVLQLPQGTTL,156,265.0
18,HLA-DRB103:01,29538.27,QII87826,GPSDSTGSNQN,18,266.0
381,HLA-DRB103:01,29623.86,QII87826,LPQRQKKQQTV,381,267.0
76,HLA-DRB103:01,29712.21,QII87826,NSSPDDQIGYY,76,268.0
66,HLA-DRB103:01,29801.64,QII87826,PRGQGVPINTN,66,269.0
358,HLA-DRB103:01,30128.94,QII87826,AYKTFPPTEPK,358,270.0
187,HLA-DRB103:01,30185.58,QII87826,SRSRNSSRNST,187,271.0
270,HLA-DRB103:01,30294.96,QII87826,TQAFGRRGPEQ,270,272.0
152,HLA-DRB103:01,30306.86,QII87826,NNAAIVLQLPQ,152,273.0
364,HLA-DRB103:01,30390.5,QII87826,PTEPKKDKKKK,364,274.0
7,HLA-DRB103:01,30405.27,QII87826,NQRNAPRITFG,7,275.0
320,HLA-DRB103:01,30464.69,QII87826,GMEVTPSGTWL,320,276.0
79,HLA-DRB103:01,30508.2,QII87826,PDDQIGYYRRA,79,277.0
211,HLA-DRB103:01,30556.7,QII87826,GNGGDAALALL,211,278.0
293,HLA-DRB103:01,30590.09,QII87826,QGTDYKHWPQI,293,279.0
117,HLA-DRB103:01,30593.41,QII87826,EAGLPYGANKD,117,280.0
133,HLA-DRB103:01,30689.45,QII87826,ATEGALNTPKD,133,281.0
159,HLA-DRB103:01,30697.32,QII87826,QLPQGTTLPKG,159,282.0
200,HLA-DRB103:01,30715.18,QII87826,SSRGTSPARMA,200,283.0
144,HLA-DRB103:01,30810.1,QII87826,HIGTRNPANNA,144,284.0
234,HLA-DRB103:01,30881.0,QII87826,SGKGQQQQGQT,234,285.0
384,HLA-DRB103:01,31021.84,QII87826,RQKKQQTVTLL,384,286.0
111,HLA-DRB103:01,31201.37,QII87826,YLGTGPEAGLP,111,287.0
251,HLA-DRB103:01,31245.0,QII87826,AEASKKPRQKR,251,288.0
190,HLA-DRB103:01,31266.55,QII87826,RNSSRNSTPGS,190,289.0
375,HLA-DRB103:01,31375.39,QII87826,ADETQALPQRQ,375,290.0
107,HLA-DRB103:01,31391.54,QII87826,WYFYYLGTGPE,107,291.0
10,HLA-DRB103:01,31431.9,QII87826,NAPRITFGGPS,10,292.0
174,HLA-DRB103:01,31433.35,QII87826,GSRGGSQASSR,174,293.0
77,HLA-DRB103:01,31474.57,QII87826,SSPDDQIGYYR,77,294.0
389,HLA-DRB103:01,31482.91,QII87826,QTVTLLPAADL,389,295.0
241,HLA-DRB103:01,31557.57,QII87826,QGQTVTKKSAA,241,296.0
372,HLA-DRB103:01,31560.81,QII87826,KKKADETQALP,372,297.0
377,HLA-DRB103:01,31571.6,QII87826,ETQALPQRQKK,377,298.0
135,HLA-DRB103:01,31659.37,QII87826,EGALNTPKDHI,135,299.0
245,HLA-DRB103:01,31672.58,QII87826,VTKKSAAEASK,245,300.0
378,HLA-DRB103:01,31674.03,QII87826,TQALPQRQKKQ,378,301.0
12,HLA-DRB103:01,31718.51,QII87826,PRITFGGPSDS,12,302.0
382,HLA-DRB103:01,31738.64,QII87826,PQRQKKQQTVT,382,303.0
300,HLA-DRB103:01,31979.9,QII87826,WPQIAQFAPSA,300,304.0
80,HLA-DRB103:01,31999.02,QII87826,DDQIGYYRRAT,80,305.0
367,HLA-DRB103:01,32026.46,QII87826,PKKDKKKKADE,367,306.0
299,HLA-DRB103:01,32147.63,QII87826,HWPQIAQFAPS,299,307.0
345,HLA-DRB103:01,32170.81,QII87826,FKDQVILLNKH,345,308.0
344,HLA-DRB103:01,32200.17,QII87826,NFKDQVILLNK,344,309.0
210,HLA-DRB103:01,32218.49,QII87826,AGNGGDAALAL,210,310.0
363,HLA-DRB103:01,32346.91,QII87826,PPTEPKKDKKK,363,311.0
321,HLA-DRB103:01,32386.25,QII87826,MEVTPSGTWLT,321,312.0
175,HLA-DRB103:01,32425.54,QII87826,SRGGSQASSRS,175,313.0
70,HLA-DRB103:01,32539.23,QII87826,GVPINTNSSPD,70,314.0
71,HLA-DRB103:01,32558.55,QII87826,VPINTNSSPDD,71,315.0
158,HLA-DRB103:01,32708.2,QII87826,LQLPQGTTLPK,158,316.0
379,HLA-DRB103:01,32824.68,QII87826,QALPQRQKKQQ,379,317.0
139,HLA-DRB103:01,32831.34,QII87826,NTPKDHIGTRN,139,318.0
140,HLA-DRB103:01,32839.16,QII87826,TPKDHIGTRNP,140,319.0
69,HLA-DRB103:01,32960.57,QII87826,QGVPINTNSSP,69,320.0
21,HLA-DRB103:01,32966.57,QII87826,DSTGSNQNGER,21,321.0
199,HLA-DRB103:01,33062.26,QII87826,GSSRGTSPARM,199,322.0
5,HLA-DRB103:01,33136.67,QII87826,PQNQRNAPRIT,5,323.0
204,HLA-DRB103:01,33164.17,QII87826,TSPARMAGNGG,204,324.0
362,HLA-DRB103:01,33200.7,QII87826,FPPTEPKKDKK,362,325.0
287,HLA-DRB103:01,33313.96,QII87826,DQELIRQGTDY,287,326.0
242,HLA-DRB103:01,33436.25,QII87826,GQTVTKKSAAE,242,327.0
387,HLA-DRB103:01,33473.99,QII87826,KQQTVTLLPAA,387,328.0
23,HLA-DRB103:01,33618.84,QII87826,TGSNQNGERSG,23,329.0
240,HLA-DRB103:01,33662.93,QII87826,QQGQTVTKKSA,240,330.0
248,HLA-DRB103:01,33715.03,QII87826,KSAAEASKKPR,248,331.0
256,HLA-DRB103:01,33743.42,QII87826,KPRQKRTATKA,256,332.0
376,HLA-DRB103:01,33906.74,QII87826,DETQALPQRQK,376,333.0
115,HLA-DRB103:01,33930.14,QII87826,GPEAGLPYGAN,115,334.0
131,HLA-DRB103:01,33946.0,QII87826,WVATEGALNTP,131,335.0
368,HLA-DRB103:01,33952.34,QII87826,KKDKKKKADET,368,336.0
188,HLA-DRB103:01,33953.07,QII87826,RSRNSSRNSTP,188,337.0
192,HLA-DRB103:01,34019.34,QII87826,SSRNSTPGSSR,192,338.0
112,HLA-DRB103:01,34128.47,QII87826,LGTGPEAGLPY,112,339.0
250,HLA-DRB103:01,34151.33,QII87826,AAEASKKPRQK,250,340.0
383,HLA-DRB103:01,34189.93,QII87826,QRQKKQQTVTL,383,341.0
191,HLA-DRB103:01,34268.75,QII87826,NSSRNSTPGSS,191,342.0
244,HLA-DRB103:01,34279.27,QII87826,TVTKKSAAEAS,244,343.0
257,HLA-DRB103:01,34354.12,QII87826,PRQKRTATKAY,257,344.0
323,HLA-DRB103:01,34476.88,QII87826,VTPSGTWLTYT,323,345.0
189,HLA-DRB103:01,34496.63,QII87826,SRNSSRNSTPG,189,346.0
118,HLA-DRB103:01,34550.04,QII87826,AGLPYGANKDG,118,347.0
22,HLA-DRB103:01,34559.45,QII87826,STGSNQNGERS,22,348.0
252,HLA-DRB103:01,34579.15,QII87826,EASKKPRQKRT,252,349.0
278,HLA-DRB103:01,34667.74,QII87826,PEQTQGNFGDQ,278,350.0
209,HLA-DRB103:01,34960.43,QII87826,MAGNGGDAALA,209,351.0
239,HLA-DRB103:01,34981.58,QII87826,QQQGQTVTKKS,239,352.0
6,HLA-DRB103:01,35038.29,QII87826,QNQRNAPRITF,6,353.0
38,HLA-DRB103:01,35039.61,QII87826,QRRPQGLPNNT,38,354.0
33,HLA-DRB103:01,35059.65,QII87826,GARSKQRRPQG,33,355.0
201,HLA-DRB103:01,35095.79,QII87826,SRGTSPARMAG,201,356.0
72,HLA-DRB103:01,35182.12,QII87826,PINTNSSPDDQ,72,357.0
275,HLA-DRB103:01,35273.6,QII87826,RRGPEQTQGNF,275,358.0
370,HLA-DRB103:01,35338.65,QII87826,DKKKKADETQA,370,359.0
249,HLA-DRB103:01,35546.9,QII87826,SAAEASKKPRQ,249,360.0
28,HLA-DRB103:01,35798.66,QII87826,NGERSGARSKQ,28,361.0
276,HLA-DRB103:01,36006.25,QII87826,RGPEQTQGNFG,276,362.0
19,HLA-DRB103:01,36033.66,QII87826,PSDSTGSNQNG,19,363.0
254,HLA-DRB103:01,36083.94,QII87826,SKKPRQKRTAT,254,364.0
386,HLA-DRB103:01,36105.2,QII87826,KKQQTVTLLPA,386,365.0
32,HLA-DRB103:01,36161.67,QII87826,SGARSKQRRPQ,32,366.0
243,HLA-DRB103:01,36205.0,QII87826,QTVTKKSAAEA,243,367.0
253,HLA-DRB103:01,36388.83,QII87826,ASKKPRQKRTA,253,368.0
194,HLA-DRB103:01,36413.52,QII87826,RNSTPGSSRGT,194,369.0
39,HLA-DRB103:01,36466.57,QII87826,RRPQGLPNNTA,39,370.0
42,HLA-DRB103:01,36499.87,QII87826,QGLPNNTASWF,42,371.0
246,HLA-DRB103:01,36705.38,QII87826,TKKSAAEASKK,246,372.0
67,HLA-DRB103:01,36712.12,QII87826,RGQGVPINTNS,67,373.0
193,HLA-DRB103:01,36743.45,QII87826,SRNSTPGSSRG,193,374.0
113,HLA-DRB103:01,36748.66,QII87826,GTGPEAGLPYG,113,375.0
203,HLA-DRB103:01,36806.43,QII87826,GTSPARMAGNG,203,376.0
132,HLA-DRB103:01,36842.99,QII87826,VATEGALNTPK,132,377.0
371,HLA-DRB103:01,36961.01,QII87826,KKKKADETQAL,371,378.0
195,HLA-DRB103:01,37038.9,QII87826,NSTPGSSRGTS,195,379.0
235,HLA-DRB103:01,37043.73,QII87826,GKGQQQQGQTV,235,380.0
24,HLA-DRB103:01,37076.81,QII87826,GSNQNGERSGA,24,381.0
26,HLA-DRB103:01,37375.78,QII87826,NQNGERSGARS,26,382.0
369,HLA-DRB103:01,37503.6,QII87826,KDKKKKADETQ,369,383.0
25,HLA-DRB103:01,37660.62,QII87826,SNQNGERSGAR,25,384.0
236,HLA-DRB103:01,37752.04,QII87826,KGQQQQGQTVT,236,385.0
198,HLA-DRB103:01,37757.4,QII87826,PGSSRGTSPAR,198,386.0
373,HLA-DRB103:01,37877.53,QII87826,KKADETQALPQ,373,387.0
196,HLA-DRB103:01,37919.78,QII87826,STPGSSRGTSP,196,388.0
4,HLA-DRB103:01,37951.06,QII87826,GPQNQRNAPRI,4,389.0
361,HLA-DRB103:01,38200.05,QII87826,TFPPTEPKKDK,361,390.0
27,HLA-DRB103:01,38299.91,QII87826,QNGERSGARSK,27,391.0
68,HLA-DRB103:01,38514.69,QII87826,GQGVPINTNSS,68,392.0
1,HLA-DRB103:01,38533.86,QII87826,SDNGPQNQRNA,1,393.0
247,HLA-DRB103:01,38583.37,QII87826,KKSAAEASKKP,247,394.0
147,HLA-DRB103:01,38680.78,QII87826,TRNPANNAAIV,147,395.0
255,HLA-DRB103:01,38959.59,QII87826,KKPRQKRTATK,255,396.0
145,HLA-DRB103:01,38967.29,QII87826,IGTRNPANNAA,145,397.0
20,HLA-DRB103:01,39311.4,QII87826,SDSTGSNQNGE,20,398.0
17,HLA-DRB103:01,39569.25,QII87826,GGPSDSTGSNQ,17,399.0
134,HLA-DRB103:01,39961.4,QII87826,TEGALNTPKDH,134,400.0
40,HLA-DRB103:01,40172.12,QII87826,RPQGLPNNTAS,40,401.0
3,HLA-DRB103:01,40201.32,QII87826,NGPQNQRNAPR,3,402.0
41,HLA-DRB103:01,40403.61,QII87826,PQGLPNNTASW,41,403.0
197,HLA-DRB103:01,41123.9,QII87826,TPGSSRGTSPA,197,404.0
238,HLA-DRB103:01,41124.28,QII87826,QQQQGQTVTKK,238,405.0
237,HLA-DRB103:01,41278.72,QII87826,GQQQQGQTVTK,237,406.0
2,HLA-DRB103:01,41523.36,QII87826,DNGPQNQRNAP,2,407.0
146,HLA-DRB103:01,41676.77,QII87826,GTRNPANNAAI,146,408.0
116,HLA-DRB103:01,42143.18,QII87826,PEAGLPYGANK,116,409.0
51,HLA-DRB104:01,63.18,QII87826,WFTALTQHGKE,51,1.0
109,HLA-DRB104:01,81.84,QII87826,FYYLGTGPEAG,109,2.0
50,HLA-DRB104:01,111.28,QII87826,SWFTALTQHGK,50,3.0
312,HLA-DRB104:01,127.47,QII87826,AFFGMSRIGME,312,4.0
48,HLA-DRB104:01,143.95,QII87826,TASWFTALTQH,48,5.0
49,HLA-DRB104:01,163.76,QII87826,ASWFTALTQHG,49,6.0
313,HLA-DRB104:01,176.15,QII87826,FFGMSRIGMEV,313,7.0
311,HLA-DRB104:01,196.63,QII87826,SAFFGMSRIGM,311,8.0
326,HLA-DRB104:01,216.02,QII87826,SGTWLTYTGAI,326,9.0
310,HLA-DRB104:01,224.2,QII87826,ASAFFGMSRIG,310,10.0
47,HLA-DRB104:01,226.19,QII87826,NTASWFTALTQ,47,11.0
108,HLA-DRB104:01,237.43,QII87826,YFYYLGTGPEA,108,12.0
130,HLA-DRB104:01,332.19,QII87826,IWVATEGALNT,130,13.0
402,HLA-DRB104:01,347.87,QII87826,FSKQLQQSMSS,402,14.0
319,HLA-DRB104:01,376.71,QII87826,IGMEVTPSGTW,319,15.0
128,HLA-DRB104:01,574.67,QII87826,GIIWVATEGAL,128,16.0
318,HLA-DRB104:01,672.27,QII87826,RIGMEVTPSGT,318,17.0
401,HLA-DRB104:01,752.01,QII87826,DFSKQLQQSMS,401,18.0
46,HLA-DRB104:01,762.38,QII87826,NNTASWFTALT,46,19.0
129,HLA-DRB104:01,779.76,QII87826,IIWVATEGALN,129,20.0
317,HLA-DRB104:01,789.95,QII87826,SRIGMEVTPSG,317,21.0
170,HLA-DRB104:01,857.84,QII87826,FYAEGSRGGSQ,170,22.0
404,HLA-DRB104:01,943.0,QII87826,KQLQQSMSSAD,404,23.0
306,HLA-DRB104:01,982.05,QII87826,FAPSASAFFGM,306,24.0
131,HLA-DRB104:01,997.88,QII87826,WVATEGALNTP,131,25.0
320,HLA-DRB104:01,1032.2,QII87826,GMEVTPSGTWL,320,26.0
400,HLA-DRB104:01,1041.57,QII87826,DDFSKQLQQSM,400,27.0
262,HLA-DRB104:01,1106.87,QII87826,TATKAYNVTQA,262,28.0
168,HLA-DRB104:01,1110.46,QII87826,KGFYAEGSRGG,168,29.0
322,HLA-DRB104:01,1113.81,QII87826,EVTPSGTWLTY,322,30.0
327,HLA-DRB104:01,1140.97,QII87826,GTWLTYTGAIK,327,31.0
303,HLA-DRB104:01,1146.52,QII87826,IAQFAPSASAF,303,32.0
344,HLA-DRB104:01,1151.74,QII87826,NFKDQVILLNK,344,33.0
329,HLA-DRB104:01,1203.45,QII87826,WLTYTGAIKLD,329,34.0
308,HLA-DRB104:01,1217.12,QII87826,PSASAFFGMSR,308,35.0
323,HLA-DRB104:01,1220.31,QII87826,VTPSGTWLTYT,323,36.0
316,HLA-DRB104:01,1270.66,QII87826,MSRIGMEVTPS,316,37.0
403,HLA-DRB104:01,1285.44,QII87826,SKQLQQSMSSA,403,38.0
152,HLA-DRB104:01,1302.86,QII87826,NNAAIVLQLPQ,152,39.0
302,HLA-DRB104:01,1336.84,QII87826,QIAQFAPSASA,302,40.0
126,HLA-DRB104:01,1352.04,QII87826,KDGIIWVATEG,126,41.0
314,HLA-DRB104:01,1355.55,QII87826,FGMSRIGMEVT,314,42.0
305,HLA-DRB104:01,1357.12,QII87826,QFAPSASAFFG,305,43.0
121,HLA-DRB104:01,1397.1,QII87826,PYGANKDGIIW,121,44.0
321,HLA-DRB104:01,1417.21,QII87826,MEVTPSGTWLT,321,45.0
110,HLA-DRB104:01,1459.3,QII87826,YYLGTGPEAGL,110,46.0
325,HLA-DRB104:01,1463.37,QII87826,PSGTWLTYTGA,325,47.0
52,HLA-DRB104:01,1487.38,QII87826,FTALTQHGKED,52,48.0
343,HLA-DRB104:01,1592.22,QII87826,PNFKDQVILLN,343,49.0
387,HLA-DRB104:01,1675.29,QII87826,KQQTVTLLPAA,387,50.0
304,HLA-DRB104:01,1679.81,QII87826,AQFAPSASAFF,304,51.0
348,HLA-DRB104:01,1704.81,QII87826,QVILLNKHIDA,348,52.0
297,HLA-DRB104:01,1726.64,QII87826,YKHWPQIAQFA,297,53.0
84,HLA-DRB104:01,1731.22,QII87826,GYYRRATRRIR,84,54.0
300,HLA-DRB104:01,1756.4,QII87826,WPQIAQFAPSA,300,55.0
120,HLA-DRB104:01,1784.6,QII87826,LPYGANKDGII,120,56.0
124,HLA-DRB104:01,1857.21,QII87826,ANKDGIIWVAT,124,57.0
169,HLA-DRB104:01,1911.3,QII87826,GFYAEGSRGGS,169,58.0
63,HLA-DRB104:01,1975.72,QII87826,LKFPRGQGVPI,63,59.0
309,HLA-DRB104:01,1982.06,QII87826,SASAFFGMSRI,309,60.0
346,HLA-DRB104:01,2002.25,QII87826,KDQVILLNKHI,346,61.0
264,HLA-DRB104:01,2083.43,QII87826,TKAYNVTQAFG,264,62.0
154,HLA-DRB104:01,2129.32,QII87826,AAIVLQLPQGT,154,63.0
263,HLA-DRB104:01,2138.78,QII87826,ATKAYNVTQAF,263,64.0
153,HLA-DRB104:01,2202.92,QII87826,NAAIVLQLPQG,153,65.0
107,HLA-DRB104:01,2228.49,QII87826,WYFYYLGTGPE,107,66.0
406,HLA-DRB104:01,2229.29,QII87826,LQQSMSSADST,406,67.0
127,HLA-DRB104:01,2254.27,QII87826,DGIIWVATEGA,127,68.0
408,HLA-DRB104:01,2407.36,QII87826,QSMSSADSTQA,408,69.0
83,HLA-DRB104:01,2457.59,QII87826,IGYYRRATRRI,83,70.0
44,HLA-DRB104:01,2478.25,QII87826,LPNNTASWFTA,44,71.0
158,HLA-DRB104:01,2548.5,QII87826,LQLPQGTTLPK,158,72.0
125,HLA-DRB104:01,2561.9,QII87826,NKDGIIWVATE,125,73.0
301,HLA-DRB104:01,2640.78,QII87826,PQIAQFAPSAS,301,74.0
388,HLA-DRB104:01,2716.94,QII87826,QQTVTLLPAAD,388,75.0
160,HLA-DRB104:01,2730.53,QII87826,LPQGTTLPKGF,160,76.0
347,HLA-DRB104:01,2757.44,QII87826,DQVILLNKHID,347,77.0
389,HLA-DRB104:01,2777.64,QII87826,QTVTLLPAADL,389,78.0
392,HLA-DRB104:01,2863.02,QII87826,TLLPAADLDDF,392,79.0
330,HLA-DRB104:01,2891.47,QII87826,LTYTGAIKLDD,330,80.0
119,HLA-DRB104:01,3053.4,QII87826,GLPYGANKDGI,119,81.0
155,HLA-DRB104:01,3252.35,QII87826,AIVLQLPQGTT,155,82.0
324,HLA-DRB104:01,3458.31,QII87826,TPSGTWLTYTG,324,83.0
220,HLA-DRB104:01,3462.94,QII87826,LLLLDRLNQLE,220,84.0
43,HLA-DRB104:01,3487.8,QII87826,GLPNNTASWFT,43,85.0
97,HLA-DRB104:01,3640.17,QII87826,DGKMKDLSPRW,97,86.0
150,HLA-DRB104:01,3653.8,QII87826,PANNAAIVLQL,150,87.0
156,HLA-DRB104:01,3675.15,QII87826,IVLQLPQGTTL,156,88.0
45,HLA-DRB104:01,3687.47,QII87826,PNNTASWFTAL,45,89.0
219,HLA-DRB104:01,3753.75,QII87826,ALLLLDRLNQL,219,90.0
285,HLA-DRB104:01,3764.73,QII87826,FGDQELIRQGT,285,91.0
390,HLA-DRB104:01,3770.25,QII87826,TVTLLPAADLD,390,92.0
261,HLA-DRB104:01,3796.63,QII87826,RTATKAYNVTQ,261,93.0
331,HLA-DRB104:01,3984.32,QII87826,TYTGAIKLDDK,331,94.0
405,HLA-DRB104:01,4111.69,QII87826,QLQQSMSSADS,405,95.0
75,HLA-DRB104:01,4116.74,QII87826,TNSSPDDQIGY,75,96.0
299,HLA-DRB104:01,4120.34,QII87826,HWPQIAQFAPS,299,97.0
157,HLA-DRB104:01,4195.71,QII87826,VLQLPQGTTLP,157,98.0
349,HLA-DRB104:01,4225.1,QII87826,VILLNKHIDAY,349,99.0
123,HLA-DRB104:01,4245.37,QII87826,GANKDGIIWVA,123,100.0
167,HLA-DRB104:01,4247.7,QII87826,PKGFYAEGSRG,167,101.0
265,HLA-DRB104:01,4267.73,QII87826,KAYNVTQAFGR,265,102.0
298,HLA-DRB104:01,4273.8,QII87826,KHWPQIAQFAP,298,103.0
151,HLA-DRB104:01,4280.66,QII87826,ANNAAIVLQLP,151,104.0
161,HLA-DRB104:01,4500.69,QII87826,PQGTTLPKGFY,161,105.0
345,HLA-DRB104:01,4627.8,QII87826,FKDQVILLNKH,345,106.0
342,HLA-DRB104:01,4789.13,QII87826,DPNFKDQVILL,342,107.0
162,HLA-DRB104:01,4825.4,QII87826,QGTTLPKGFYA,162,108.0
359,HLA-DRB104:01,4918.66,QII87826,YKTFPPTEPKK,359,109.0
315,HLA-DRB104:01,5031.78,QII87826,GMSRIGMEVTP,315,110.0
85,HLA-DRB104:01,5075.94,QII87826,YYRRATRRIRG,85,111.0
76,HLA-DRB104:01,5208.56,QII87826,NSSPDDQIGYY,76,112.0
185,HLA-DRB104:01,5233.14,QII87826,SSSRSRNSSRN,185,113.0
407,HLA-DRB104:01,5237.56,QII87826,QQSMSSADSTQ,407,114.0
164,HLA-DRB104:01,5269.6,QII87826,TTLPKGFYAEG,164,115.0
53,HLA-DRB104:01,5297.37,QII87826,TALTQHGKEDL,53,116.0
358,HLA-DRB104:01,5331.87,QII87826,AYKTFPPTEPK,358,117.0
282,HLA-DRB104:01,5348.09,QII87826,QGNFGDQELIR,282,118.0
163,HLA-DRB104:01,5423.03,QII87826,GTTLPKGFYAE,163,119.0
353,HLA-DRB104:01,5616.71,QII87826,NKHIDAYKTFP,353,120.0
328,HLA-DRB104:01,5746.12,QII87826,TWLTYTGAIKL,328,121.0
399,HLA-DRB104:01,5762.42,QII87826,LDDFSKQLQQS,399,122.0
166,HLA-DRB104:01,5828.94,QII87826,LPKGFYAEGSR,166,123.0
391,HLA-DRB104:01,5985.74,QII87826,VTLLPAADLDD,391,124.0
384,HLA-DRB104:01,5988.01,QII87826,RQKKQQTVTLL,384,125.0
159,HLA-DRB104:01,6042.48,QII87826,QLPQGTTLPKG,159,126.0
307,HLA-DRB104:01,6081.25,QII87826,APSASAFFGMS,307,127.0
380,HLA-DRB104:01,6212.43,QII87826,ALPQRQKKQQT,380,128.0
98,HLA-DRB104:01,6430.68,QII87826,GKMKDLSPRWY,98,129.0
65,HLA-DRB104:01,6655.38,QII87826,FPRGQGVPINT,65,130.0
86,HLA-DRB104:01,6664.93,QII87826,YRRATRRIRGG,86,131.0
64,HLA-DRB104:01,6700.8,QII87826,KFPRGQGVPIN,64,132.0
165,HLA-DRB104:01,6980.76,QII87826,TLPKGFYAEGS,165,133.0
146,HLA-DRB104:01,6995.74,QII87826,GTRNPANNAAI,146,134.0
218,HLA-DRB104:01,7059.1,QII87826,LALLLLDRLNQ,218,135.0
281,HLA-DRB104:01,7154.85,QII87826,TQGNFGDQELI,281,136.0
352,HLA-DRB104:01,7178.68,QII87826,LNKHIDAYKTF,352,137.0
332,HLA-DRB104:01,7354.38,QII87826,YTGAIKLDDKD,332,138.0
377,HLA-DRB104:01,7374.83,QII87826,ETQALPQRQKK,377,139.0
99,HLA-DRB104:01,7402.89,QII87826,KMKDLSPRWYF,99,140.0
11,HLA-DRB104:01,7450.92,QII87826,APRITFGGPSD,11,141.0
137,HLA-DRB104:01,7453.42,QII87826,ALNTPKDHIGT,137,142.0
96,HLA-DRB104:01,7548.93,QII87826,GDGKMKDLSPR,96,143.0
181,HLA-DRB104:01,7563.54,QII87826,ASSRSSSRSRN,181,144.0
394,HLA-DRB104:01,7596.45,QII87826,LPAADLDDFSK,394,145.0
132,HLA-DRB104:01,7612.64,QII87826,VATEGALNTPK,132,146.0
78,HLA-DRB104:01,7650.03,QII87826,SPDDQIGYYRR,78,147.0
356,HLA-DRB104:01,7660.45,QII87826,IDAYKTFPPTE,356,148.0
13,HLA-DRB104:01,7775.79,QII87826,RITFGGPSDST,13,149.0
41,HLA-DRB104:01,7776.35,QII87826,PQGLPNNTASW,41,150.0
393,HLA-DRB104:01,7932.57,QII87826,LLPAADLDDFS,393,151.0
82,HLA-DRB104:01,8103.42,QII87826,QIGYYRRATRR,82,152.0
229,HLA-DRB104:01,8113.26,QII87826,LESKMSGKGQQ,229,153.0
111,HLA-DRB104:01,8174.11,QII87826,YLGTGPEAGLP,111,154.0
79,HLA-DRB104:01,8180.76,QII87826,PDDQIGYYRRA,79,155.0
142,HLA-DRB104:01,8187.57,QII87826,KDHIGTRNPAN,142,156.0
354,HLA-DRB104:01,8212.65,QII87826,KHIDAYKTFPP,354,157.0
284,HLA-DRB104:01,8248.54,QII87826,NFGDQELIRQG,284,158.0
62,HLA-DRB104:01,8265.0,QII87826,DLKFPRGQGVP,62,159.0
81,HLA-DRB104:01,8267.73,QII87826,DQIGYYRRATR,81,160.0
378,HLA-DRB104:01,8272.58,QII87826,TQALPQRQKKQ,378,161.0
341,HLA-DRB104:01,8331.38,QII87826,KDPNFKDQVIL,341,162.0
340,HLA-DRB104:01,8382.24,QII87826,DKDPNFKDQVI,340,163.0
288,HLA-DRB104:01,8452.45,QII87826,QELIRQGTDYK,288,164.0
362,HLA-DRB104:01,8507.17,QII87826,FPPTEPKKDKK,362,165.0
283,HLA-DRB104:01,8536.63,QII87826,GNFGDQELIRQ,283,166.0
61,HLA-DRB104:01,8612.36,QII87826,EDLKFPRGQGV,61,167.0
385,HLA-DRB104:01,8632.77,QII87826,QKKQQTVTLLP,385,168.0
217,HLA-DRB104:01,8705.04,QII87826,ALALLLLDRLN,217,169.0
379,HLA-DRB104:01,8731.82,QII87826,QALPQRQKKQQ,379,170.0
289,HLA-DRB104:01,8752.49,QII87826,ELIRQGTDYKH,289,171.0
386,HLA-DRB104:01,8828.33,QII87826,KKQQTVTLLPA,386,172.0
216,HLA-DRB104:01,8842.49,QII87826,AALALLLLDRL,216,173.0
80,HLA-DRB104:01,8882.99,QII87826,DDQIGYYRRAT,80,174.0
106,HLA-DRB104:01,8929.68,QII87826,RWYFYYLGTGP,106,175.0
100,HLA-DRB104:01,9001.54,QII87826,MKDLSPRWYFY,100,176.0
272,HLA-DRB104:01,9157.21,QII87826,AFGRRGPEQTQ,272,177.0
77,HLA-DRB104:01,9217.61,QII87826,SSPDDQIGYYR,77,178.0
187,HLA-DRB104:01,9228.65,QII87826,SRSRNSSRNST,187,179.0
355,HLA-DRB104:01,9315.23,QII87826,HIDAYKTFPPT,355,180.0
244,HLA-DRB104:01,9323.03,QII87826,TVTKKSAAEAS,244,181.0
241,HLA-DRB104:01,9326.45,QII87826,QGQTVTKKSAA,241,182.0
182,HLA-DRB104:01,9327.15,QII87826,SSRSSSRSRNS,182,183.0
383,HLA-DRB104:01,9344.71,QII87826,QRQKKQQTVTL,383,184.0
381,HLA-DRB104:01,9378.65,QII87826,LPQRQKKQQTV,381,185.0
114,HLA-DRB104:01,9378.86,QII87826,TGPEAGLPYGA,114,186.0
287,HLA-DRB104:01,9394.99,QII87826,DQELIRQGTDY,287,187.0
133,HLA-DRB104:01,9540.36,QII87826,ATEGALNTPKD,133,188.0
360,HLA-DRB104:01,9541.06,QII87826,KTFPPTEPKKD,360,189.0
260,HLA-DRB104:01,9549.16,QII87826,KRTATKAYNVT,260,190.0
112,HLA-DRB104:01,9771.12,QII87826,LGTGPEAGLPY,112,191.0
361,HLA-DRB104:01,9773.47,QII87826,TFPPTEPKKDK,361,192.0
148,HLA-DRB104:01,9833.68,QII87826,RNPANNAAIVL,148,193.0
122,HLA-DRB104:01,9842.56,QII87826,YGANKDGIIWV,122,194.0
143,HLA-DRB104:01,9869.95,QII87826,DHIGTRNPANN,143,195.0
228,HLA-DRB104:01,9940.63,QII87826,QLESKMSGKGQ,228,196.0
186,HLA-DRB104:01,9991.13,QII87826,SSRSRNSSRNS,186,197.0
231,HLA-DRB104:01,10012.07,QII87826,SKMSGKGQQQQ,231,198.0
54,HLA-DRB104:01,10094.6,QII87826,ALTQHGKEDLK,54,199.0
149,HLA-DRB104:01,10124.66,QII87826,NPANNAAIVLQ,149,200.0
376,HLA-DRB104:01,10184.5,QII87826,DETQALPQRQK,376,201.0
278,HLA-DRB104:01,10291.07,QII87826,PEQTQGNFGDQ,278,202.0
279,HLA-DRB104:01,10327.79,QII87826,EQTQGNFGDQE,279,203.0
271,HLA-DRB104:01,10405.4,QII87826,QAFGRRGPEQT,271,204.0
104,HLA-DRB104:01,10454.91,QII87826,SPRWYFYYLGT,104,205.0
258,HLA-DRB104:01,10457.77,QII87826,RQKRTATKAYN,258,206.0
176,HLA-DRB104:01,10468.7,QII87826,RGGSQASSRSS,176,207.0
269,HLA-DRB104:01,10509.28,QII87826,VTQAFGRRGPE,269,208.0
175,HLA-DRB104:01,10552.53,QII87826,SRGGSQASSRS,175,209.0
226,HLA-DRB104:01,10638.8,QII87826,LNQLESKMSGK,226,210.0
259,HLA-DRB104:01,10981.26,QII87826,QKRTATKAYNV,259,211.0
135,HLA-DRB104:01,10981.3,QII87826,EGALNTPKDHI,135,212.0
55,HLA-DRB104:01,10999.74,QII87826,LTQHGKEDLKF,55,213.0
294,HLA-DRB104:01,11005.74,QII87826,GTDYKHWPQIA,294,214.0
221,HLA-DRB104:01,11025.77,QII87826,LLLDRLNQLES,221,215.0
144,HLA-DRB104:01,11033.75,QII87826,HIGTRNPANNA,144,216.0
296,HLA-DRB104:01,11041.27,QII87826,DYKHWPQIAQF,296,217.0
230,HLA-DRB104:01,11173.56,QII87826,ESKMSGKGQQQ,230,218.0
266,HLA-DRB104:01,11343.35,QII87826,AYNVTQAFGRR,266,219.0
290,HLA-DRB104:01,11532.76,QII87826,LIRQGTDYKHW,290,220.0
177,HLA-DRB104:01,11661.91,QII87826,GGSQASSRSSS,177,221.0
89,HLA-DRB104:01,11738.74,QII87826,ATRRIRGGDGK,89,222.0
351,HLA-DRB104:01,11774.99,QII87826,LLNKHIDAYKT,351,223.0
267,HLA-DRB104:01,11902.55,QII87826,YNVTQAFGRRG,267,224.0
280,HLA-DRB104:01,11927.71,QII87826,QTQGNFGDQEL,280,225.0
242,HLA-DRB104:01,11930.16,QII87826,GQTVTKKSAAE,242,226.0
179,HLA-DRB104:01,11962.87,QII87826,SQASSRSSSRS,179,227.0
117,HLA-DRB104:01,12013.63,QII87826,EAGLPYGANKD,117,228.0
243,HLA-DRB104:01,12078.24,QII87826,QTVTKKSAAEA,243,229.0
183,HLA-DRB104:01,12078.68,QII87826,SRSSSRSRNSS,183,230.0
227,HLA-DRB104:01,12297.69,QII87826,NQLESKMSGKG,227,231.0
141,HLA-DRB104:01,12347.3,QII87826,PKDHIGTRNPA,141,232.0
145,HLA-DRB104:01,12438.28,QII87826,IGTRNPANNAA,145,233.0
395,HLA-DRB104:01,12469.01,QII87826,PAADLDDFSKQ,395,234.0
335,HLA-DRB104:01,12504.56,QII87826,AIKLDDKDPNF,335,235.0
357,HLA-DRB104:01,12511.6,QII87826,DAYKTFPPTEP,357,236.0
180,HLA-DRB104:01,12512.38,QII87826,QASSRSSSRSR,180,237.0
270,HLA-DRB104:01,12584.51,QII87826,TQAFGRRGPEQ,270,238.0
215,HLA-DRB104:01,12662.99,QII87826,DAALALLLLDR,215,239.0
14,HLA-DRB104:01,12718.8,QII87826,ITFGGPSDSTG,14,240.0
245,HLA-DRB104:01,12821.04,QII87826,VTKKSAAEASK,245,241.0
223,HLA-DRB104:01,12989.55,QII87826,LDRLNQLESKM,223,242.0
105,HLA-DRB104:01,13002.88,QII87826,PRWYFYYLGTG,105,243.0
333,HLA-DRB104:01,13007.13,QII87826,TGAIKLDDKDP,333,244.0
286,HLA-DRB104:01,13019.74,QII87826,GDQELIRQGTD,286,245.0
42,HLA-DRB104:01,13112.93,QII87826,QGLPNNTASWF,42,246.0
138,HLA-DRB104:01,13121.45,QII87826,LNTPKDHIGTR,138,247.0
90,HLA-DRB104:01,13299.78,QII87826,TRRIRGGDGKM,90,248.0
101,HLA-DRB104:01,13439.9,QII87826,KDLSPRWYFYY,101,249.0
222,HLA-DRB104:01,13536.2,QII87826,LLDRLNQLESK,222,250.0
95,HLA-DRB104:01,13573.16,QII87826,GGDGKMKDLSP,95,251.0
225,HLA-DRB104:01,13594.23,QII87826,RLNQLESKMSG,225,252.0
208,HLA-DRB104:01,13947.91,QII87826,RMAGNGGDAAL,208,253.0
173,HLA-DRB104:01,14007.73,QII87826,EGSRGGSQASS,173,254.0
147,HLA-DRB104:01,14231.95,QII87826,TRNPANNAAIV,147,255.0
398,HLA-DRB104:01,14239.05,QII87826,DLDDFSKQLQQ,398,256.0
336,HLA-DRB104:01,14429.73,QII87826,IKLDDKDPNFK,336,257.0
134,HLA-DRB104:01,14957.22,QII87826,TEGALNTPKDH,134,258.0
67,HLA-DRB104:01,15100.1,QII87826,RGQGVPINTNS,67,259.0
4,HLA-DRB104:01,15116.28,QII87826,GPQNQRNAPRI,4,260.0
118,HLA-DRB104:01,15225.79,QII87826,AGLPYGANKDG,118,261.0
171,HLA-DRB104:01,15300.98,QII87826,YAEGSRGGSQA,171,262.0
295,HLA-DRB104:01,15388.23,QII87826,TDYKHWPQIAQ,295,263.0
277,HLA-DRB104:01,15548.39,QII87826,GPEQTQGNFGD,277,264.0
268,HLA-DRB104:01,15630.11,QII87826,NVTQAFGRRGP,268,265.0
350,HLA-DRB104:01,15839.15,QII87826,ILLNKHIDAYK,350,266.0
212,HLA-DRB104:01,15900.22,QII87826,NGGDAALALLL,212,267.0
235,HLA-DRB104:01,15902.71,QII87826,GKGQQQQGQTV,235,268.0
337,HLA-DRB104:01,15926.09,QII87826,KLDDKDPNFKD,337,269.0
205,HLA-DRB104:01,15933.23,QII87826,SPARMAGNGGD,205,270.0
275,HLA-DRB104:01,15955.09,QII87826,RRGPEQTQGNF,275,271.0
200,HLA-DRB104:01,15978.31,QII87826,SSRGTSPARMA,200,272.0
5,HLA-DRB104:01,15997.39,QII87826,PQNQRNAPRIT,5,273.0
9,HLA-DRB104:01,16019.12,QII87826,RNAPRITFGGP,9,274.0
233,HLA-DRB104:01,16129.9,QII87826,MSGKGQQQQGQ,233,275.0
363,HLA-DRB104:01,16141.03,QII87826,PPTEPKKDKKK,363,276.0
276,HLA-DRB104:01,16251.41,QII87826,RGPEQTQGNFG,276,277.0
210,HLA-DRB104:01,16274.77,QII87826,AGNGGDAALAL,210,278.0
273,HLA-DRB104:01,16412.52,QII87826,FGRRGPEQTQG,273,279.0
113,HLA-DRB104:01,16449.99,QII87826,GTGPEAGLPYG,113,280.0
178,HLA-DRB104:01,16517.27,QII87826,GSQASSRSSSR,178,281.0
240,HLA-DRB104:01,16765.75,QII87826,QQGQTVTKKSA,240,282.0
136,HLA-DRB104:01,16769.34,QII87826,GALNTPKDHIG,136,283.0
7,HLA-DRB104:01,16846.22,QII87826,NQRNAPRITFG,7,284.0
211,HLA-DRB104:01,16925.97,QII87826,GNGGDAALALL,211,285.0
8,HLA-DRB104:01,17003.58,QII87826,QRNAPRITFGG,8,286.0
375,HLA-DRB104:01,17167.55,QII87826,ADETQALPQRQ,375,287.0
94,HLA-DRB104:01,17210.22,QII87826,RGGDGKMKDLS,94,288.0
56,HLA-DRB104:01,17266.25,QII87826,TQHGKEDLKFP,56,289.0
214,HLA-DRB104:01,17327.78,QII87826,GDAALALLLLD,214,290.0
38,HLA-DRB104:01,17594.3,QII87826,QRRPQGLPNNT,38,291.0
88,HLA-DRB104:01,17735.94,QII87826,RATRRIRGGDG,88,292.0
70,HLA-DRB104:01,17762.79,QII87826,GVPINTNSSPD,70,293.0
234,HLA-DRB104:01,17857.33,QII87826,SGKGQQQQGQT,234,294.0
372,HLA-DRB104:01,17881.94,QII87826,KKKADETQALP,372,295.0
34,HLA-DRB104:01,18003.1,QII87826,ARSKQRRPQGL,34,296.0
382,HLA-DRB104:01,18025.05,QII87826,PQRQKKQQTVT,382,297.0
334,HLA-DRB104:01,18145.05,QII87826,GAIKLDDKDPN,334,298.0
204,HLA-DRB104:01,18300.24,QII87826,TSPARMAGNGG,204,299.0
66,HLA-DRB104:01,18309.06,QII87826,PRGQGVPINTN,66,300.0
116,HLA-DRB104:01,18339.32,QII87826,PEAGLPYGANK,116,301.0
257,HLA-DRB104:01,18430.3,QII87826,PRQKRTATKAY,257,302.0
140,HLA-DRB104:01,18558.59,QII87826,TPKDHIGTRNP,140,303.0
199,HLA-DRB104:01,18598.6,QII87826,GSSRGTSPARM,199,304.0
213,HLA-DRB104:01,18648.87,QII87826,GGDAALALLLL,213,305.0
10,HLA-DRB104:01,18652.71,QII87826,NAPRITFGGPS,10,306.0
238,HLA-DRB104:01,18672.22,QII87826,QQQQGQTVTKK,238,307.0
87,HLA-DRB104:01,18702.27,QII87826,RRATRRIRGGD,87,308.0
397,HLA-DRB104:01,19114.37,QII87826,ADLDDFSKQLQ,397,309.0
339,HLA-DRB104:01,19509.89,QII87826,DDKDPNFKDQV,339,310.0
237,HLA-DRB104:01,19548.41,QII87826,GQQQQGQTVTK,237,311.0
338,HLA-DRB104:01,19667.2,QII87826,LDDKDPNFKDQ,338,312.0
40,HLA-DRB104:01,19708.66,QII87826,RPQGLPNNTAS,40,313.0
236,HLA-DRB104:01,19774.0,QII87826,KGQQQQGQTVT,236,314.0
68,HLA-DRB104:01,20168.72,QII87826,GQGVPINTNSS,68,315.0
12,HLA-DRB104:01,20232.79,QII87826,PRITFGGPSDS,12,316.0
207,HLA-DRB104:01,20234.74,QII87826,ARMAGNGGDAA,207,317.0
102,HLA-DRB104:01,20298.81,QII87826,DLSPRWYFYYL,102,318.0
239,HLA-DRB104:01,20359.15,QII87826,QQQGQTVTKKS,239,319.0
39,HLA-DRB104:01,20359.3,QII87826,RRPQGLPNNTA,39,320.0
139,HLA-DRB104:01,20368.64,QII87826,NTPKDHIGTRN,139,321.0
73,HLA-DRB104:01,20404.18,QII87826,INTNSSPDDQI,73,322.0
293,HLA-DRB104:01,20615.35,QII87826,QGTDYKHWPQI,293,323.0
206,HLA-DRB104:01,20632.75,QII87826,PARMAGNGGDA,206,324.0
18,HLA-DRB104:01,20886.09,QII87826,GPSDSTGSNQN,18,325.0
246,HLA-DRB104:01,20955.14,QII87826,TKKSAAEASKK,246,326.0
91,HLA-DRB104:01,21117.91,QII87826,RRIRGGDGKMK,91,327.0
6,HLA-DRB104:01,21187.77,QII87826,QNQRNAPRITF,6,328.0
115,HLA-DRB104:01,21211.49,QII87826,GPEAGLPYGAN,115,329.0
224,HLA-DRB104:01,21238.23,QII87826,DRLNQLESKMS,224,330.0
374,HLA-DRB104:01,21540.44,QII87826,KADETQALPQR,374,331.0
184,HLA-DRB104:01,21751.17,QII87826,RSSSRSRNSSR,184,332.0
172,HLA-DRB104:01,21775.51,QII87826,AEGSRGGSQAS,172,333.0
57,HLA-DRB104:01,21793.67,QII87826,QHGKEDLKFPR,57,334.0
71,HLA-DRB104:01,21818.52,QII87826,VPINTNSSPDD,71,335.0
16,HLA-DRB104:01,21889.17,QII87826,FGGPSDSTGSN,16,336.0
194,HLA-DRB104:01,21923.4,QII87826,RNSTPGSSRGT,194,337.0
69,HLA-DRB104:01,22085.62,QII87826,QGVPINTNSSP,69,338.0
19,HLA-DRB104:01,22236.66,QII87826,PSDSTGSNQNG,19,339.0
59,HLA-DRB104:01,22318.68,QII87826,GKEDLKFPRGQ,59,340.0
23,HLA-DRB104:01,22411.63,QII87826,TGSNQNGERSG,23,341.0
36,HLA-DRB104:01,22423.18,QII87826,SKQRRPQGLPN,36,342.0
203,HLA-DRB104:01,22515.43,QII87826,GTSPARMAGNG,203,343.0
174,HLA-DRB104:01,22526.52,QII87826,GSRGGSQASSR,174,344.0
202,HLA-DRB104:01,22669.24,QII87826,RGTSPARMAGN,202,345.0
1,HLA-DRB104:01,22800.39,QII87826,SDNGPQNQRNA,1,346.0
60,HLA-DRB104:01,22887.93,QII87826,KEDLKFPRGQG,60,347.0
291,HLA-DRB104:01,23014.35,QII87826,IRQGTDYKHWP,291,348.0
15,HLA-DRB104:01,23128.19,QII87826,TFGGPSDSTGS,15,349.0
248,HLA-DRB104:01,23249.58,QII87826,KSAAEASKKPR,248,350.0
20,HLA-DRB104:01,23282.95,QII87826,SDSTGSNQNGE,20,351.0
190,HLA-DRB104:01,23593.99,QII87826,RNSSRNSTPGS,190,352.0
373,HLA-DRB104:01,23665.14,QII87826,KKADETQALPQ,373,353.0
364,HLA-DRB104:01,23708.11,QII87826,PTEPKKDKKKK,364,354.0
191,HLA-DRB104:01,23790.4,QII87826,NSSRNSTPGSS,191,355.0
27,HLA-DRB104:01,23813.3,QII87826,QNGERSGARSK,27,356.0
28,HLA-DRB104:01,23993.62,QII87826,NGERSGARSKQ,28,357.0
197,HLA-DRB104:01,24174.7,QII87826,TPGSSRGTSPA,197,358.0
37,HLA-DRB104:01,24292.37,QII87826,KQRRPQGLPNN,37,359.0
21,HLA-DRB104:01,24380.08,QII87826,DSTGSNQNGER,21,360.0
371,HLA-DRB104:01,24679.36,QII87826,KKKKADETQAL,371,361.0
365,HLA-DRB104:01,24705.39,QII87826,TEPKKDKKKKA,365,362.0
189,HLA-DRB104:01,24974.91,QII87826,SRNSSRNSTPG,189,363.0
250,HLA-DRB104:01,25072.23,QII87826,AAEASKKPRQK,250,364.0
93,HLA-DRB104:01,25101.17,QII87826,IRGGDGKMKDL,93,365.0
29,HLA-DRB104:01,25168.54,QII87826,GERSGARSKQR,29,366.0
74,HLA-DRB104:01,25189.74,QII87826,NTNSSPDDQIG,74,367.0
24,HLA-DRB104:01,25407.01,QII87826,GSNQNGERSGA,24,368.0
396,HLA-DRB104:01,25551.36,QII87826,AADLDDFSKQL,396,369.0
249,HLA-DRB104:01,25646.85,QII87826,SAAEASKKPRQ,249,370.0
92,HLA-DRB104:01,25703.81,QII87826,RIRGGDGKMKD,92,371.0
192,HLA-DRB104:01,25790.52,QII87826,SSRNSTPGSSR,192,372.0
22,HLA-DRB104:01,25882.6,QII87826,STGSNQNGERS,22,373.0
201,HLA-DRB104:01,26053.77,QII87826,SRGTSPARMAG,201,374.0
251,HLA-DRB104:01,26174.24,QII87826,AEASKKPRQKR,251,375.0
30,HLA-DRB104:01,26216.92,QII87826,ERSGARSKQRR,30,376.0
25,HLA-DRB104:01,26256.39,QII87826,SNQNGERSGAR,25,377.0
103,HLA-DRB104:01,26264.83,QII87826,LSPRWYFYYLG,103,378.0
58,HLA-DRB104:01,26317.4,QII87826,HGKEDLKFPRG,58,379.0
3,HLA-DRB104:01,26496.37,QII87826,NGPQNQRNAPR,3,380.0
32,HLA-DRB104:01,26505.74,QII87826,SGARSKQRRPQ,32,381.0
35,HLA-DRB104:01,26677.98,QII87826,RSKQRRPQGLP,35,382.0
17,HLA-DRB104:01,26743.9,QII87826,GGPSDSTGSNQ,17,383.0
0,HLA-DRB104:01,27023.13,QII87826,MSDNGPQNQRN,0,384.0
195,HLA-DRB104:01,27300.47,QII87826,NSTPGSSRGTS,195,385.0
247,HLA-DRB104:01,27366.06,QII87826,KKSAAEASKKP,247,386.0
254,HLA-DRB104:01,27591.41,QII87826,SKKPRQKRTAT,254,387.0
26,HLA-DRB104:01,27593.12,QII87826,NQNGERSGARS,26,388.0
274,HLA-DRB104:01,27781.22,QII87826,GRRGPEQTQGN,274,389.0
232,HLA-DRB104:01,27947.73,QII87826,KMSGKGQQQQG,232,390.0
196,HLA-DRB104:01,28233.09,QII87826,STPGSSRGTSP,196,391.0
72,HLA-DRB104:01,29230.11,QII87826,PINTNSSPDDQ,72,392.0
209,HLA-DRB104:01,29362.34,QII87826,MAGNGGDAALA,209,393.0
256,HLA-DRB104:01,29911.0,QII87826,KPRQKRTATKA,256,394.0
366,HLA-DRB104:01,30050.55,QII87826,EPKKDKKKKAD,366,395.0
2,HLA-DRB104:01,30226.95,QII87826,DNGPQNQRNAP,2,396.0
193,HLA-DRB104:01,30325.86,QII87826,SRNSTPGSSRG,193,397.0
188,HLA-DRB104:01,30751.95,QII87826,RSRNSSRNSTP,188,398.0
198,HLA-DRB104:01,31030.27,QII87826,PGSSRGTSPAR,198,399.0
33,HLA-DRB104:01,31218.93,QII87826,GARSKQRRPQG,33,400.0
252,HLA-DRB104:01,31384.84,QII87826,EASKKPRQKRT,252,401.0
292,HLA-DRB104:01,31717.16,QII87826,RQGTDYKHWPQ,292,402.0
31,HLA-DRB104:01,31837.19,QII87826,RSGARSKQRRP,31,403.0
370,HLA-DRB104:01,32096.5,QII87826,DKKKKADETQA,370,404.0
255,HLA-DRB104:01,32335.54,QII87826,KKPRQKRTATK,255,405.0
253,HLA-DRB104:01,32869.0,QII87826,ASKKPRQKRTA,253,406.0
367,HLA-DRB104:01,33251.63,QII87826,PKKDKKKKADE,367,407.0
369,HLA-DRB104:01,36730.13,QII87826,KDKKKKADETQ,369,408.0
368,HLA-DRB104:01,38466.65,QII87826,KKDKKKKADET,368,409.0
347,HLA-DRB104:04,233.68,QII87826,DQVILLNKHID,347,1.0
348,HLA-DRB104:04,329.7,QII87826,QVILLNKHIDA,348,2.0
346,HLA-DRB104:04,567.7,QII87826,KDQVILLNKHI,346,3.0
214,HLA-DRB104:04,627.12,QII87826,GDAALALLLLD,214,4.0
318,HLA-DRB104:04,789.03,QII87826,RIGMEVTPSGT,318,5.0
303,HLA-DRB104:04,862.2,QII87826,IAQFAPSASAF,303,6.0
130,HLA-DRB104:04,941.11,QII87826,IWVATEGALNT,130,7.0
128,HLA-DRB104:04,964.84,QII87826,GIIWVATEGAL,128,8.0
313,HLA-DRB104:04,1024.08,QII87826,FFGMSRIGMEV,313,9.0
50,HLA-DRB104:04,1232.01,QII87826,SWFTALTQHGK,50,10.0
127,HLA-DRB104:04,1285.75,QII87826,DGIIWVATEGA,127,11.0
314,HLA-DRB104:04,1296.84,QII87826,FGMSRIGMEVT,314,12.0
47,HLA-DRB104:04,1392.43,QII87826,NTASWFTALTQ,47,13.0
150,HLA-DRB104:04,1424.83,QII87826,PANNAAIVLQL,150,14.0
329,HLA-DRB104:04,1428.91,QII87826,WLTYTGAIKLD,329,15.0
108,HLA-DRB104:04,1643.18,QII87826,YFYYLGTGPEA,108,16.0
51,HLA-DRB104:04,1666.5,QII87826,WFTALTQHGKE,51,17.0
326,HLA-DRB104:04,1720.96,QII87826,SGTWLTYTGAI,326,18.0
319,HLA-DRB104:04,1769.76,QII87826,IGMEVTPSGTW,319,19.0
121,HLA-DRB104:04,1775.0,QII87826,PYGANKDGIIW,121,20.0
129,HLA-DRB104:04,1786.12,QII87826,IIWVATEGALN,129,21.0
302,HLA-DRB104:04,1819.49,QII87826,QIAQFAPSASA,302,22.0
83,HLA-DRB104:04,2094.38,QII87826,IGYYRRATRRI,83,23.0
304,HLA-DRB104:04,2109.18,QII87826,AQFAPSASAFF,304,24.0
170,HLA-DRB104:04,2114.37,QII87826,FYAEGSRGGSQ,170,25.0
120,HLA-DRB104:04,2272.61,QII87826,LPYGANKDGII,120,26.0
312,HLA-DRB104:04,2283.57,QII87826,AFFGMSRIGME,312,27.0
305,HLA-DRB104:04,2447.82,QII87826,QFAPSASAFFG,305,28.0
49,HLA-DRB104:04,2544.23,QII87826,ASWFTALTQHG,49,29.0
387,HLA-DRB104:04,2730.51,QII87826,KQQTVTLLPAA,387,30.0
297,HLA-DRB104:04,2759.44,QII87826,YKHWPQIAQFA,297,31.0
119,HLA-DRB104:04,2870.14,QII87826,GLPYGANKDGI,119,32.0
400,HLA-DRB104:04,3076.92,QII87826,DDFSKQLQQSM,400,33.0
84,HLA-DRB104:04,3101.27,QII87826,GYYRRATRRIR,84,34.0
46,HLA-DRB104:04,3139.45,QII87826,NNTASWFTALT,46,35.0
282,HLA-DRB104:04,3199.31,QII87826,QGNFGDQELIR,282,36.0
215,HLA-DRB104:04,3266.32,QII87826,DAALALLLLDR,215,37.0
327,HLA-DRB104:04,3384.85,QII87826,GTWLTYTGAIK,327,38.0
322,HLA-DRB104:04,3400.49,QII87826,EVTPSGTWLTY,322,39.0
160,HLA-DRB104:04,3407.5,QII87826,LPQGTTLPKGF,160,40.0
406,HLA-DRB104:04,3671.57,QII87826,LQQSMSSADST,406,41.0
265,HLA-DRB104:04,3703.23,QII87826,KAYNVTQAFGR,265,42.0
392,HLA-DRB104:04,3796.4,QII87826,TLLPAADLDDF,392,43.0
155,HLA-DRB104:04,4071.74,QII87826,AIVLQLPQGTT,155,44.0
229,HLA-DRB104:04,4149.6,QII87826,LESKMSGKGQQ,229,45.0
290,HLA-DRB104:04,4420.5,QII87826,LIRQGTDYKHW,290,46.0
91,HLA-DRB104:04,4421.83,QII87826,RRIRGGDGKMK,91,47.0
64,HLA-DRB104:04,4442.27,QII87826,KFPRGQGVPIN,64,48.0
342,HLA-DRB104:04,4460.16,QII87826,DPNFKDQVILL,342,49.0
13,HLA-DRB104:04,4486.74,QII87826,RITFGGPSDST,13,50.0
48,HLA-DRB104:04,4506.34,QII87826,TASWFTALTQH,48,51.0
213,HLA-DRB104:04,4565.92,QII87826,GGDAALALLLL,213,52.0
154,HLA-DRB104:04,4598.24,QII87826,AAIVLQLPQGT,154,53.0
45,HLA-DRB104:04,4658.32,QII87826,PNNTASWFTAL,45,54.0
109,HLA-DRB104:04,4706.76,QII87826,FYYLGTGPEAG,109,55.0
300,HLA-DRB104:04,4816.26,QII87826,WPQIAQFAPSA,300,56.0
153,HLA-DRB104:04,4852.07,QII87826,NAAIVLQLPQG,153,57.0
152,HLA-DRB104:04,4908.72,QII87826,NNAAIVLQLPQ,152,58.0
330,HLA-DRB104:04,4934.84,QII87826,LTYTGAIKLDD,330,59.0
401,HLA-DRB104:04,5059.9,QII87826,DFSKQLQQSMS,401,60.0
311,HLA-DRB104:04,5099.42,QII87826,SAFFGMSRIGM,311,61.0
212,HLA-DRB104:04,5159.82,QII87826,NGGDAALALLL,212,62.0
226,HLA-DRB104:04,5201.12,QII87826,LNQLESKMSGK,226,63.0
168,HLA-DRB104:04,5213.18,QII87826,KGFYAEGSRGG,168,64.0
151,HLA-DRB104:04,5223.33,QII87826,ANNAAIVLQLP,151,65.0
135,HLA-DRB104:04,5312.6,QII87826,EGALNTPKDHI,135,66.0
328,HLA-DRB104:04,5588.69,QII87826,TWLTYTGAIKL,328,67.0
301,HLA-DRB104:04,5643.7,QII87826,PQIAQFAPSAS,301,68.0
169,HLA-DRB104:04,6016.29,QII87826,GFYAEGSRGGS,169,69.0
281,HLA-DRB104:04,6036.69,QII87826,TQGNFGDQELI,281,70.0
344,HLA-DRB104:04,6450.17,QII87826,NFKDQVILLNK,344,71.0
159,HLA-DRB104:04,6543.45,QII87826,QLPQGTTLPKG,159,72.0
315,HLA-DRB104:04,6740.93,QII87826,GMSRIGMEVTP,315,73.0
220,HLA-DRB104:04,6756.69,QII87826,LLLLDRLNQLE,220,74.0
320,HLA-DRB104:04,7110.35,QII87826,GMEVTPSGTWL,320,75.0
97,HLA-DRB104:04,7277.32,QII87826,DGKMKDLSPRW,97,76.0
283,HLA-DRB104:04,7355.04,QII87826,GNFGDQELIRQ,283,77.0
167,HLA-DRB104:04,7406.41,QII87826,PKGFYAEGSRG,167,78.0
110,HLA-DRB104:04,7444.19,QII87826,YYLGTGPEAGL,110,79.0
391,HLA-DRB104:04,7475.44,QII87826,VTLLPAADLDD,391,80.0
6,HLA-DRB104:04,7513.91,QII87826,QNQRNAPRITF,6,81.0
166,HLA-DRB104:04,7552.26,QII87826,LPKGFYAEGSR,166,82.0
264,HLA-DRB104:04,7585.81,QII87826,TKAYNVTQAFG,264,83.0
146,HLA-DRB104:04,7627.43,QII87826,GTRNPANNAAI,146,84.0
85,HLA-DRB104:04,7683.38,QII87826,YYRRATRRIRG,85,85.0
288,HLA-DRB104:04,7722.76,QII87826,QELIRQGTDYK,288,86.0
228,HLA-DRB104:04,7755.72,QII87826,QLESKMSGKGQ,228,87.0
294,HLA-DRB104:04,7880.18,QII87826,GTDYKHWPQIA,294,88.0
158,HLA-DRB104:04,8037.24,QII87826,LQLPQGTTLPK,158,89.0
148,HLA-DRB104:04,8099.68,QII87826,RNPANNAAIVL,148,90.0
317,HLA-DRB104:04,8183.14,QII87826,SRIGMEVTPSG,317,91.0
341,HLA-DRB104:04,8393.57,QII87826,KDPNFKDQVIL,341,92.0
230,HLA-DRB104:04,8429.13,QII87826,ESKMSGKGQQQ,230,93.0
131,HLA-DRB104:04,8456.51,QII87826,WVATEGALNTP,131,94.0
306,HLA-DRB104:04,8485.51,QII87826,FAPSASAFFGM,306,95.0
52,HLA-DRB104:04,8557.43,QII87826,FTALTQHGKED,52,96.0
180,HLA-DRB104:04,8614.52,QII87826,QASSRSSSRSR,180,97.0
390,HLA-DRB104:04,8796.02,QII87826,TVTLLPAADLD,390,98.0
144,HLA-DRB104:04,8895.34,QII87826,HIGTRNPANNA,144,99.0
289,HLA-DRB104:04,8919.6,QII87826,ELIRQGTDYKH,289,100.0
284,HLA-DRB104:04,9206.19,QII87826,NFGDQELIRQG,284,101.0
5,HLA-DRB104:04,9384.21,QII87826,PQNQRNAPRIT,5,102.0
399,HLA-DRB104:04,9416.15,QII87826,LDDFSKQLQQS,399,103.0
321,HLA-DRB104:04,9551.77,QII87826,MEVTPSGTWLT,321,104.0
353,HLA-DRB104:04,9846.79,QII87826,NKHIDAYKTFP,353,105.0
231,HLA-DRB104:04,9917.64,QII87826,SKMSGKGQQQQ,231,106.0
136,HLA-DRB104:04,9919.6,QII87826,GALNTPKDHIG,136,107.0
393,HLA-DRB104:04,9947.83,QII87826,LLPAADLDDFS,393,108.0
223,HLA-DRB104:04,10027.84,QII87826,LDRLNQLESKM,223,109.0
298,HLA-DRB104:04,10084.76,QII87826,KHWPQIAQFAP,298,110.0
147,HLA-DRB104:04,10124.68,QII87826,TRNPANNAAIV,147,111.0
343,HLA-DRB104:04,10304.22,QII87826,PNFKDQVILLN,343,112.0
44,HLA-DRB104:04,10310.49,QII87826,LPNNTASWFTA,44,113.0
352,HLA-DRB104:04,10396.44,QII87826,LNKHIDAYKTF,352,114.0
73,HLA-DRB104:04,10412.23,QII87826,INTNSSPDDQI,73,115.0
137,HLA-DRB104:04,10549.43,QII87826,ALNTPKDHIGT,137,116.0
227,HLA-DRB104:04,10590.62,QII87826,NQLESKMSGKG,227,117.0
161,HLA-DRB104:04,10617.38,QII87826,PQGTTLPKGFY,161,118.0
222,HLA-DRB104:04,10732.15,QII87826,LLDRLNQLESK,222,119.0
181,HLA-DRB104:04,10762.27,QII87826,ASSRSSSRSRN,181,120.0
29,HLA-DRB104:04,11165.13,QII87826,GERSGARSKQR,29,121.0
316,HLA-DRB104:04,11241.46,QII87826,MSRIGMEVTPS,316,122.0
388,HLA-DRB104:04,11323.74,QII87826,QQTVTLLPAAD,388,123.0
149,HLA-DRB104:04,11433.11,QII87826,NPANNAAIVLQ,149,124.0
211,HLA-DRB104:04,11528.31,QII87826,GNGGDAALALL,211,125.0
92,HLA-DRB104:04,11558.6,QII87826,RIRGGDGKMKD,92,126.0
340,HLA-DRB104:04,11602.65,QII87826,DKDPNFKDQVI,340,127.0
354,HLA-DRB104:04,11688.71,QII87826,KHIDAYKTFPP,354,128.0
267,HLA-DRB104:04,11689.25,QII87826,YNVTQAFGRRG,267,129.0
261,HLA-DRB104:04,11704.85,QII87826,RTATKAYNVTQ,261,130.0
336,HLA-DRB104:04,11874.89,QII87826,IKLDDKDPNFK,336,131.0
111,HLA-DRB104:04,11889.67,QII87826,YLGTGPEAGLP,111,132.0
263,HLA-DRB104:04,11914.27,QII87826,ATKAYNVTQAF,263,133.0
123,HLA-DRB104:04,11929.89,QII87826,GANKDGIIWVA,123,134.0
349,HLA-DRB104:04,11978.51,QII87826,VILLNKHIDAY,349,135.0
260,HLA-DRB104:04,11992.53,QII87826,KRTATKAYNVT,260,136.0
225,HLA-DRB104:04,12057.73,QII87826,RLNQLESKMSG,225,137.0
90,HLA-DRB104:04,12091.13,QII87826,TRRIRGGDGKM,90,138.0
62,HLA-DRB104:04,12121.31,QII87826,DLKFPRGQGVP,62,139.0
143,HLA-DRB104:04,12291.54,QII87826,DHIGTRNPANN,143,140.0
216,HLA-DRB104:04,12389.57,QII87826,AALALLLLDRL,216,141.0
325,HLA-DRB104:04,12409.94,QII87826,PSGTWLTYTGA,325,142.0
359,HLA-DRB104:04,12480.73,QII87826,YKTFPPTEPKK,359,143.0
55,HLA-DRB104:04,12560.22,QII87826,LTQHGKEDLKF,55,144.0
156,HLA-DRB104:04,12570.63,QII87826,IVLQLPQGTTL,156,145.0
126,HLA-DRB104:04,12682.0,QII87826,KDGIIWVATEG,126,146.0
162,HLA-DRB104:04,12876.71,QII87826,QGTTLPKGFYA,162,147.0
310,HLA-DRB104:04,13039.47,QII87826,ASAFFGMSRIG,310,148.0
100,HLA-DRB104:04,13135.11,QII87826,MKDLSPRWYFY,100,149.0
99,HLA-DRB104:04,13290.97,QII87826,KMKDLSPRWYF,99,150.0
141,HLA-DRB104:04,13316.6,QII87826,PKDHIGTRNPA,141,151.0
386,HLA-DRB104:04,13369.73,QII87826,KKQQTVTLLPA,386,152.0
407,HLA-DRB104:04,13372.72,QII87826,QQSMSSADSTQ,407,153.0
287,HLA-DRB104:04,13399.2,QII87826,DQELIRQGTDY,287,154.0
182,HLA-DRB104:04,13408.41,QII87826,SSRSSSRSRNS,182,155.0
262,HLA-DRB104:04,13466.43,QII87826,TATKAYNVTQA,262,156.0
285,HLA-DRB104:04,13467.12,QII87826,FGDQELIRQGT,285,157.0
266,HLA-DRB104:04,13602.06,QII87826,AYNVTQAFGRR,266,158.0
384,HLA-DRB104:04,13825.19,QII87826,RQKKQQTVTLL,384,159.0
272,HLA-DRB104:04,13827.36,QII87826,AFGRRGPEQTQ,272,160.0
379,HLA-DRB104:04,13885.41,QII87826,QALPQRQKKQQ,379,161.0
309,HLA-DRB104:04,13906.0,QII87826,SASAFFGMSRI,309,162.0
380,HLA-DRB104:04,13928.19,QII87826,ALPQRQKKQQT,380,163.0
65,HLA-DRB104:04,13971.33,QII87826,FPRGQGVPINT,65,164.0
389,HLA-DRB104:04,14340.58,QII87826,QTVTLLPAADL,389,165.0
378,HLA-DRB104:04,14464.84,QII87826,TQALPQRQKKQ,378,166.0
75,HLA-DRB104:04,14665.87,QII87826,TNSSPDDQIGY,75,167.0
408,HLA-DRB104:04,14840.8,QII87826,QSMSSADSTQA,408,168.0
402,HLA-DRB104:04,14868.86,QII87826,FSKQLQQSMSS,402,169.0
30,HLA-DRB104:04,14988.58,QII87826,ERSGARSKQRR,30,170.0
404,HLA-DRB104:04,15012.46,QII87826,KQLQQSMSSAD,404,171.0
4,HLA-DRB104:04,15203.02,QII87826,GPQNQRNAPRI,4,172.0
43,HLA-DRB104:04,15235.62,QII87826,GLPNNTASWFT,43,173.0
218,HLA-DRB104:04,15303.17,QII87826,LALLLLDRLNQ,218,174.0
221,HLA-DRB104:04,15382.3,QII87826,LLLDRLNQLES,221,175.0
61,HLA-DRB104:04,15437.02,QII87826,EDLKFPRGQGV,61,176.0
7,HLA-DRB104:04,15509.57,QII87826,NQRNAPRITFG,7,177.0
403,HLA-DRB104:04,15565.98,QII87826,SKQLQQSMSSA,403,178.0
271,HLA-DRB104:04,15598.81,QII87826,QAFGRRGPEQT,271,179.0
199,HLA-DRB104:04,15657.26,QII87826,GSSRGTSPARM,199,180.0
122,HLA-DRB104:04,15863.76,QII87826,YGANKDGIIWV,122,181.0
63,HLA-DRB104:04,16018.6,QII87826,LKFPRGQGVPI,63,182.0
236,HLA-DRB104:04,16039.68,QII87826,KGQQQQGQTVT,236,183.0
259,HLA-DRB104:04,16131.96,QII87826,QKRTATKAYNV,259,184.0
14,HLA-DRB104:04,16233.65,QII87826,ITFGGPSDSTG,14,185.0
12,HLA-DRB104:04,16411.16,QII87826,PRITFGGPSDS,12,186.0
142,HLA-DRB104:04,16419.35,QII87826,KDHIGTRNPAN,142,187.0
224,HLA-DRB104:04,16479.03,QII87826,DRLNQLESKMS,224,188.0
377,HLA-DRB104:04,16615.34,QII87826,ETQALPQRQKK,377,189.0
42,HLA-DRB104:04,16977.23,QII87826,QGLPNNTASWF,42,190.0
293,HLA-DRB104:04,16997.54,QII87826,QGTDYKHWPQI,293,191.0
206,HLA-DRB104:04,17320.36,QII87826,PARMAGNGGDA,206,192.0
187,HLA-DRB104:04,17360.43,QII87826,SRSRNSSRNST,187,193.0
145,HLA-DRB104:04,17414.15,QII87826,IGTRNPANNAA,145,194.0
375,HLA-DRB104:04,17510.27,QII87826,ADETQALPQRQ,375,195.0
184,HLA-DRB104:04,17512.37,QII87826,RSSSRSRNSSR,184,196.0
54,HLA-DRB104:04,17586.67,QII87826,ALTQHGKEDLK,54,197.0
273,HLA-DRB104:04,17854.14,QII87826,FGRRGPEQTQG,273,198.0
118,HLA-DRB104:04,17859.56,QII87826,AGLPYGANKDG,118,199.0
200,HLA-DRB104:04,18009.92,QII87826,SSRGTSPARMA,200,200.0
186,HLA-DRB104:04,18117.73,QII87826,SSRSRNSSRNS,186,201.0
356,HLA-DRB104:04,18263.93,QII87826,IDAYKTFPPTE,356,202.0
183,HLA-DRB104:04,18299.95,QII87826,SRSSSRSRNSS,183,203.0
324,HLA-DRB104:04,18477.88,QII87826,TPSGTWLTYTG,324,204.0
134,HLA-DRB104:04,18529.09,QII87826,TEGALNTPKDH,134,205.0
210,HLA-DRB104:04,18556.07,QII87826,AGNGGDAALAL,210,206.0
38,HLA-DRB104:04,18556.63,QII87826,QRRPQGLPNNT,38,207.0
323,HLA-DRB104:04,18560.02,QII87826,VTPSGTWLTYT,323,208.0
207,HLA-DRB104:04,18742.91,QII87826,ARMAGNGGDAA,207,209.0
107,HLA-DRB104:04,18997.31,QII87826,WYFYYLGTGPE,107,210.0
98,HLA-DRB104:04,19205.06,QII87826,GKMKDLSPRWY,98,211.0
296,HLA-DRB104:04,19348.92,QII87826,DYKHWPQIAQF,296,212.0
383,HLA-DRB104:04,19355.21,QII87826,QRQKKQQTVTL,383,213.0
56,HLA-DRB104:04,19357.3,QII87826,TQHGKEDLKFP,56,214.0
274,HLA-DRB104:04,19454.44,QII87826,GRRGPEQTQGN,274,215.0
219,HLA-DRB104:04,19511.87,QII87826,ALLLLDRLNQL,219,216.0
172,HLA-DRB104:04,19661.93,QII87826,AEGSRGGSQAS,172,217.0
112,HLA-DRB104:04,19733.13,QII87826,LGTGPEAGLPY,112,218.0
194,HLA-DRB104:04,19908.15,QII87826,RNSTPGSSRGT,194,219.0
394,HLA-DRB104:04,20011.55,QII87826,LPAADLDDFSK,394,220.0
89,HLA-DRB104:04,20075.2,QII87826,ATRRIRGGDGK,89,221.0
102,HLA-DRB104:04,20148.49,QII87826,DLSPRWYFYYL,102,222.0
58,HLA-DRB104:04,20423.88,QII87826,HGKEDLKFPRG,58,223.0
37,HLA-DRB104:04,20536.86,QII87826,KQRRPQGLPNN,37,224.0
185,HLA-DRB104:04,20588.47,QII87826,SSSRSRNSSRN,185,225.0
171,HLA-DRB104:04,20653.29,QII87826,YAEGSRGGSQA,171,226.0
355,HLA-DRB104:04,20687.19,QII87826,HIDAYKTFPPT,355,227.0
157,HLA-DRB104:04,20701.36,QII87826,VLQLPQGTTLP,157,228.0
331,HLA-DRB104:04,20807.69,QII87826,TYTGAIKLDDK,331,229.0
28,HLA-DRB104:04,20813.02,QII87826,NGERSGARSKQ,28,230.0
332,HLA-DRB104:04,20844.72,QII87826,YTGAIKLDDKD,332,231.0
41,HLA-DRB104:04,20951.86,QII87826,PQGLPNNTASW,41,232.0
307,HLA-DRB104:04,21103.63,QII87826,APSASAFFGMS,307,233.0
396,HLA-DRB104:04,21122.56,QII87826,AADLDDFSKQL,396,234.0
258,HLA-DRB104:04,21174.4,QII87826,RQKRTATKAYN,258,235.0
0,HLA-DRB104:04,21218.86,QII87826,MSDNGPQNQRN,0,236.0
106,HLA-DRB104:04,21279.49,QII87826,RWYFYYLGTGP,106,237.0
398,HLA-DRB104:04,21405.12,QII87826,DLDDFSKQLQQ,398,238.0
124,HLA-DRB104:04,21529.89,QII87826,ANKDGIIWVAT,124,239.0
114,HLA-DRB104:04,21539.77,QII87826,TGPEAGLPYGA,114,240.0
299,HLA-DRB104:04,21641.27,QII87826,HWPQIAQFAPS,299,241.0
82,HLA-DRB104:04,21706.51,QII87826,QIGYYRRATRR,82,242.0
81,HLA-DRB104:04,21749.96,QII87826,DQIGYYRRATR,81,243.0
405,HLA-DRB104:04,21857.89,QII87826,QLQQSMSSADS,405,244.0
208,HLA-DRB104:04,21910.16,QII87826,RMAGNGGDAAL,208,245.0
357,HLA-DRB104:04,21947.64,QII87826,DAYKTFPPTEP,357,246.0
376,HLA-DRB104:04,21950.92,QII87826,DETQALPQRQK,376,247.0
11,HLA-DRB104:04,21988.68,QII87826,APRITFGGPSD,11,248.0
179,HLA-DRB104:04,22072.32,QII87826,SQASSRSSSRS,179,249.0
385,HLA-DRB104:04,22094.73,QII87826,QKKQQTVTLLP,385,250.0
358,HLA-DRB104:04,22096.85,QII87826,AYKTFPPTEPK,358,251.0
291,HLA-DRB104:04,22173.26,QII87826,IRQGTDYKHWP,291,252.0
101,HLA-DRB104:04,22194.53,QII87826,KDLSPRWYFYY,101,253.0
88,HLA-DRB104:04,22215.48,QII87826,RATRRIRGGDG,88,254.0
76,HLA-DRB104:04,22246.72,QII87826,NSSPDDQIGYY,76,255.0
173,HLA-DRB104:04,22278.21,QII87826,EGSRGGSQASS,173,256.0
138,HLA-DRB104:04,22353.23,QII87826,LNTPKDHIGTR,138,257.0
195,HLA-DRB104:04,22764.75,QII87826,NSTPGSSRGTS,195,258.0
36,HLA-DRB104:04,22787.66,QII87826,SKQRRPQGLPN,36,259.0
133,HLA-DRB104:04,22798.41,QII87826,ATEGALNTPKD,133,260.0
257,HLA-DRB104:04,22824.41,QII87826,PRQKRTATKAY,257,261.0
57,HLA-DRB104:04,22907.18,QII87826,QHGKEDLKFPR,57,262.0
382,HLA-DRB104:04,23007.59,QII87826,PQRQKKQQTVT,382,263.0
117,HLA-DRB104:04,23025.11,QII87826,EAGLPYGANKD,117,264.0
178,HLA-DRB104:04,23116.17,QII87826,GSQASSRSSSR,178,265.0
53,HLA-DRB104:04,23414.07,QII87826,TALTQHGKEDL,53,266.0
234,HLA-DRB104:04,23507.68,QII87826,SGKGQQQQGQT,234,267.0
308,HLA-DRB104:04,23678.5,QII87826,PSASAFFGMSR,308,268.0
9,HLA-DRB104:04,23685.77,QII87826,RNAPRITFGGP,9,269.0
395,HLA-DRB104:04,23737.65,QII87826,PAADLDDFSKQ,395,270.0
8,HLA-DRB104:04,23769.49,QII87826,QRNAPRITFGG,8,271.0
276,HLA-DRB104:04,23776.16,QII87826,RGPEQTQGNFG,276,272.0
163,HLA-DRB104:04,23830.21,QII87826,GTTLPKGFYAE,163,273.0
397,HLA-DRB104:04,23855.27,QII87826,ADLDDFSKQLQ,397,274.0
337,HLA-DRB104:04,23993.56,QII87826,KLDDKDPNFKD,337,275.0
125,HLA-DRB104:04,24041.93,QII87826,NKDGIIWVATE,125,276.0
205,HLA-DRB104:04,24174.72,QII87826,SPARMAGNGGD,205,277.0
87,HLA-DRB104:04,24186.44,QII87826,RRATRRIRGGD,87,278.0
132,HLA-DRB104:04,24322.12,QII87826,VATEGALNTPK,132,279.0
286,HLA-DRB104:04,24343.21,QII87826,GDQELIRQGTD,286,280.0
10,HLA-DRB104:04,24490.09,QII87826,NAPRITFGGPS,10,281.0
74,HLA-DRB104:04,24513.66,QII87826,NTNSSPDDQIG,74,282.0
27,HLA-DRB104:04,24633.77,QII87826,QNGERSGARSK,27,283.0
72,HLA-DRB104:04,24686.58,QII87826,PINTNSSPDDQ,72,284.0
241,HLA-DRB104:04,24720.52,QII87826,QGQTVTKKSAA,241,285.0
86,HLA-DRB104:04,24734.35,QII87826,YRRATRRIRGG,86,286.0
176,HLA-DRB104:04,24759.88,QII87826,RGGSQASSRSS,176,287.0
245,HLA-DRB104:04,24798.95,QII87826,VTKKSAAEASK,245,288.0
217,HLA-DRB104:04,24810.43,QII87826,ALALLLLDRLN,217,289.0
15,HLA-DRB104:04,24827.08,QII87826,TFGGPSDSTGS,15,290.0
278,HLA-DRB104:04,25176.86,QII87826,PEQTQGNFGDQ,278,291.0
295,HLA-DRB104:04,25192.5,QII87826,TDYKHWPQIAQ,295,292.0
93,HLA-DRB104:04,25228.01,QII87826,IRGGDGKMKDL,93,293.0
235,HLA-DRB104:04,25427.08,QII87826,GKGQQQQGQTV,235,294.0
165,HLA-DRB104:04,25555.76,QII87826,TLPKGFYAEGS,165,295.0
251,HLA-DRB104:04,25565.03,QII87826,AEASKKPRQKR,251,296.0
39,HLA-DRB104:04,25614.89,QII87826,RRPQGLPNNTA,39,297.0
164,HLA-DRB104:04,25715.22,QII87826,TTLPKGFYAEG,164,298.0
374,HLA-DRB104:04,25935.79,QII87826,KADETQALPQR,374,299.0
34,HLA-DRB104:04,26199.19,QII87826,ARSKQRRPQGL,34,300.0
198,HLA-DRB104:04,26475.23,QII87826,PGSSRGTSPAR,198,301.0
175,HLA-DRB104:04,26547.54,QII87826,SRGGSQASSRS,175,302.0
335,HLA-DRB104:04,26579.2,QII87826,AIKLDDKDPNF,335,303.0
270,HLA-DRB104:04,26675.49,QII87826,TQAFGRRGPEQ,270,304.0
96,HLA-DRB104:04,26828.76,QII87826,GDGKMKDLSPR,96,305.0
26,HLA-DRB104:04,26868.58,QII87826,NQNGERSGARS,26,306.0
35,HLA-DRB104:04,26876.0,QII87826,RSKQRRPQGLP,35,307.0
246,HLA-DRB104:04,27198.6,QII87826,TKKSAAEASKK,246,308.0
275,HLA-DRB104:04,27206.68,QII87826,RRGPEQTQGNF,275,309.0
70,HLA-DRB104:04,27546.11,QII87826,GVPINTNSSPD,70,310.0
338,HLA-DRB104:04,27861.4,QII87826,LDDKDPNFKDQ,338,311.0
115,HLA-DRB104:04,27959.78,QII87826,GPEAGLPYGAN,115,312.0
202,HLA-DRB104:04,27985.5,QII87826,RGTSPARMAGN,202,313.0
177,HLA-DRB104:04,28071.6,QII87826,GGSQASSRSSS,177,314.0
233,HLA-DRB104:04,28141.01,QII87826,MSGKGQQQQGQ,233,315.0
18,HLA-DRB104:04,28211.48,QII87826,GPSDSTGSNQN,18,316.0
232,HLA-DRB104:04,28214.99,QII87826,KMSGKGQQQQG,232,317.0
79,HLA-DRB104:04,28572.94,QII87826,PDDQIGYYRRA,79,318.0
249,HLA-DRB104:04,28608.13,QII87826,SAAEASKKPRQ,249,319.0
381,HLA-DRB104:04,28850.95,QII87826,LPQRQKKQQTV,381,320.0
280,HLA-DRB104:04,28852.09,QII87826,QTQGNFGDQEL,280,321.0
71,HLA-DRB104:04,29022.56,QII87826,VPINTNSSPDD,71,322.0
192,HLA-DRB104:04,29156.97,QII87826,SSRNSTPGSSR,192,323.0
209,HLA-DRB104:04,29253.3,QII87826,MAGNGGDAALA,209,324.0
103,HLA-DRB104:04,29444.9,QII87826,LSPRWYFYYLG,103,325.0
240,HLA-DRB104:04,29480.65,QII87826,QQGQTVTKKSA,240,326.0
345,HLA-DRB104:04,29517.69,QII87826,FKDQVILLNKH,345,327.0
66,HLA-DRB104:04,29518.68,QII87826,PRGQGVPINTN,66,328.0
197,HLA-DRB104:04,29553.08,QII87826,TPGSSRGTSPA,197,329.0
237,HLA-DRB104:04,29573.94,QII87826,GQQQQGQTVTK,237,330.0
139,HLA-DRB104:04,29675.72,QII87826,NTPKDHIGTRN,139,331.0
250,HLA-DRB104:04,29804.91,QII87826,AAEASKKPRQK,250,332.0
94,HLA-DRB104:04,30080.81,QII87826,RGGDGKMKDLS,94,333.0
174,HLA-DRB104:04,30220.49,QII87826,GSRGGSQASSR,174,334.0
269,HLA-DRB104:04,30270.88,QII87826,VTQAFGRRGPE,269,335.0
59,HLA-DRB104:04,30369.07,QII87826,GKEDLKFPRGQ,59,336.0
350,HLA-DRB104:04,30440.58,QII87826,ILLNKHIDAYK,350,337.0
190,HLA-DRB104:04,30611.54,QII87826,RNSSRNSTPGS,190,338.0
334,HLA-DRB104:04,30697.39,QII87826,GAIKLDDKDPN,334,339.0
16,HLA-DRB104:04,30820.1,QII87826,FGGPSDSTGSN,16,340.0
191,HLA-DRB104:04,30843.87,QII87826,NSSRNSTPGSS,191,341.0
351,HLA-DRB104:04,30967.0,QII87826,LLNKHIDAYKT,351,342.0
60,HLA-DRB104:04,30972.56,QII87826,KEDLKFPRGQG,60,343.0
333,HLA-DRB104:04,31033.67,QII87826,TGAIKLDDKDP,333,344.0
113,HLA-DRB104:04,31058.87,QII87826,GTGPEAGLPYG,113,345.0
204,HLA-DRB104:04,31126.89,QII87826,TSPARMAGNGG,204,346.0
372,HLA-DRB104:04,31152.29,QII87826,KKKADETQALP,372,347.0
69,HLA-DRB104:04,31180.96,QII87826,QGVPINTNSSP,69,348.0
239,HLA-DRB104:04,31187.13,QII87826,QQQGQTVTKKS,239,349.0
277,HLA-DRB104:04,31204.68,QII87826,GPEQTQGNFGD,277,350.0
31,HLA-DRB104:04,31353.84,QII87826,RSGARSKQRRP,31,351.0
238,HLA-DRB104:04,31658.3,QII87826,QQQQGQTVTKK,238,352.0
40,HLA-DRB104:04,31963.23,QII87826,RPQGLPNNTAS,40,353.0
339,HLA-DRB104:04,31963.84,QII87826,DDKDPNFKDQV,339,354.0
256,HLA-DRB104:04,32025.03,QII87826,KPRQKRTATKA,256,355.0
252,HLA-DRB104:04,32324.78,QII87826,EASKKPRQKRT,252,356.0
360,HLA-DRB104:04,32407.82,QII87826,KTFPPTEPKKD,360,357.0
95,HLA-DRB104:04,32602.91,QII87826,GGDGKMKDLSP,95,358.0
33,HLA-DRB104:04,32667.3,QII87826,GARSKQRRPQG,33,359.0
140,HLA-DRB104:04,32714.03,QII87826,TPKDHIGTRNP,140,360.0
201,HLA-DRB104:04,32760.57,QII87826,SRGTSPARMAG,201,361.0
248,HLA-DRB104:04,32834.5,QII87826,KSAAEASKKPR,248,362.0
254,HLA-DRB104:04,33203.51,QII87826,SKKPRQKRTAT,254,363.0
80,HLA-DRB104:04,33240.08,QII87826,DDQIGYYRRAT,80,364.0
104,HLA-DRB104:04,33267.57,QII87826,SPRWYFYYLGT,104,365.0
268,HLA-DRB104:04,33280.37,QII87826,NVTQAFGRRGP,268,366.0
373,HLA-DRB104:04,33390.65,QII87826,KKADETQALPQ,373,367.0
25,HLA-DRB104:04,33503.3,QII87826,SNQNGERSGAR,25,368.0
279,HLA-DRB104:04,33786.46,QII87826,EQTQGNFGDQE,279,369.0
67,HLA-DRB104:04,33791.19,QII87826,RGQGVPINTNS,67,370.0
189,HLA-DRB104:04,33877.94,QII87826,SRNSSRNSTPG,189,371.0
188,HLA-DRB104:04,33906.03,QII87826,RSRNSSRNSTP,188,372.0
77,HLA-DRB104:04,33932.08,QII87826,SSPDDQIGYYR,77,373.0
23,HLA-DRB104:04,34155.82,QII87826,TGSNQNGERSG,23,374.0
292,HLA-DRB104:04,34212.42,QII87826,RQGTDYKHWPQ,292,375.0
244,HLA-DRB104:04,34372.53,QII87826,TVTKKSAAEAS,244,376.0
1,HLA-DRB104:04,34460.28,QII87826,SDNGPQNQRNA,1,377.0
196,HLA-DRB104:04,34530.19,QII87826,STPGSSRGTSP,196,378.0
24,HLA-DRB104:04,34568.56,QII87826,GSNQNGERSGA,24,379.0
371,HLA-DRB104:04,34599.87,QII87826,KKKKADETQAL,371,380.0
253,HLA-DRB104:04,34764.42,QII87826,ASKKPRQKRTA,253,381.0
193,HLA-DRB104:04,34768.62,QII87826,SRNSTPGSSRG,193,382.0
242,HLA-DRB104:04,34832.41,QII87826,GQTVTKKSAAE,242,383.0
68,HLA-DRB104:04,35139.35,QII87826,GQGVPINTNSS,68,384.0
17,HLA-DRB104:04,35340.24,QII87826,GGPSDSTGSNQ,17,385.0
32,HLA-DRB104:04,35583.2,QII87826,SGARSKQRRPQ,32,386.0
19,HLA-DRB104:04,35630.08,QII87826,PSDSTGSNQNG,19,387.0
362,HLA-DRB104:04,35690.61,QII87826,FPPTEPKKDKK,362,388.0
361,HLA-DRB104:04,35851.02,QII87826,TFPPTEPKKDK,361,389.0
116,HLA-DRB104:04,36054.59,QII87826,PEAGLPYGANK,116,390.0
78,HLA-DRB104:04,36158.11,QII87826,SPDDQIGYYRR,78,391.0
243,HLA-DRB104:04,36527.5,QII87826,QTVTKKSAAEA,243,392.0
203,HLA-DRB104:04,36594.43,QII87826,GTSPARMAGNG,203,393.0
22,HLA-DRB104:04,36857.25,QII87826,STGSNQNGERS,22,394.0
247,HLA-DRB104:04,37798.09,QII87826,KKSAAEASKKP,247,395.0
105,HLA-DRB104:04,37881.02,QII87826,PRWYFYYLGTG,105,396.0
2,HLA-DRB104:04,39287.23,QII87826,DNGPQNQRNAP,2,397.0
20,HLA-DRB104:04,39519.71,QII87826,SDSTGSNQNGE,20,398.0
21,HLA-DRB104:04,39573.84,QII87826,DSTGSNQNGER,21,399.0
255,HLA-DRB104:04,39899.84,QII87826,KKPRQKRTATK,255,400.0
370,HLA-DRB104:04,40622.23,QII87826,DKKKKADETQA,370,401.0
367,HLA-DRB104:04,40738.3,QII87826,PKKDKKKKADE,367,402.0
363,HLA-DRB104:04,42443.61,QII87826,PPTEPKKDKKK,363,403.0
3,HLA-DRB104:04,42523.47,QII87826,NGPQNQRNAPR,3,404.0
369,HLA-DRB104:04,42939.5,QII87826,KDKKKKADETQ,369,405.0
364,HLA-DRB104:04,43401.76,QII87826,PTEPKKDKKKK,364,406.0
368,HLA-DRB104:04,43487.0,QII87826,KKDKKKKADET,368,407.0
366,HLA-DRB104:04,43561.93,QII87826,EPKKDKKKKAD,366,408.0
365,HLA-DRB104:04,43660.73,QII87826,TEPKKDKKKKA,365,409.0
326,HLA-DRB107:01,157.16,QII87826,SGTWLTYTGAI,326,1.0
48,HLA-DRB107:01,167.67,QII87826,TASWFTALTQH,48,2.0
329,HLA-DRB107:01,221.63,QII87826,WLTYTGAIKLD,329,3.0
128,HLA-DRB107:01,292.82,QII87826,GIIWVATEGAL,128,4.0
346,HLA-DRB107:01,346.19,QII87826,KDQVILLNKHI,346,5.0
312,HLA-DRB107:01,361.62,QII87826,AFFGMSRIGME,312,6.0
304,HLA-DRB107:01,379.41,QII87826,AQFAPSASAFF,304,7.0
328,HLA-DRB107:01,424.8,QII87826,TWLTYTGAIKL,328,8.0
347,HLA-DRB107:01,554.52,QII87826,DQVILLNKHID,347,9.0
305,HLA-DRB107:01,585.52,QII87826,QFAPSASAFFG,305,10.0
406,HLA-DRB107:01,762.76,QII87826,LQQSMSSADST,406,11.0
313,HLA-DRB107:01,874.08,QII87826,FFGMSRIGMEV,313,12.0
99,HLA-DRB107:01,875.75,QII87826,KMKDLSPRWYF,99,13.0
45,HLA-DRB107:01,962.28,QII87826,PNNTASWFTAL,45,14.0
314,HLA-DRB107:01,1015.62,QII87826,FGMSRIGMEVT,314,15.0
303,HLA-DRB107:01,1232.81,QII87826,IAQFAPSASAF,303,16.0
127,HLA-DRB107:01,1599.93,QII87826,DGIIWVATEGA,127,17.0
318,HLA-DRB107:01,1769.33,QII87826,RIGMEVTPSGT,318,18.0
353,HLA-DRB107:01,1795.81,QII87826,NKHIDAYKTFP,353,19.0
327,HLA-DRB107:01,1817.62,QII87826,GTWLTYTGAIK,327,20.0
160,HLA-DRB107:01,1990.12,QII87826,LPQGTTLPKGF,160,21.0
330,HLA-DRB107:01,2016.24,QII87826,LTYTGAIKLDD,330,22.0
44,HLA-DRB107:01,2017.85,QII87826,LPNNTASWFTA,44,23.0
306,HLA-DRB107:01,2037.27,QII87826,FAPSASAFFGM,306,24.0
49,HLA-DRB107:01,2118.39,QII87826,ASWFTALTQHG,49,25.0
302,HLA-DRB107:01,2146.37,QII87826,QIAQFAPSASA,302,26.0
83,HLA-DRB107:01,2189.54,QII87826,IGYYRRATRRI,83,27.0
389,HLA-DRB107:01,2241.12,QII87826,QTVTLLPAADL,389,28.0
404,HLA-DRB107:01,2251.77,QII87826,KQLQQSMSSAD,404,29.0
120,HLA-DRB107:01,2259.61,QII87826,LPYGANKDGII,120,30.0
388,HLA-DRB107:01,2523.76,QII87826,QQTVTLLPAAD,388,31.0
297,HLA-DRB107:01,2552.28,QII87826,YKHWPQIAQFA,297,32.0
387,HLA-DRB107:01,2666.2,QII87826,KQQTVTLLPAA,387,33.0
259,HLA-DRB107:01,2675.19,QII87826,QKRTATKAYNV,259,34.0
47,HLA-DRB107:01,2676.65,QII87826,NTASWFTALTQ,47,35.0
130,HLA-DRB107:01,2751.25,QII87826,IWVATEGALNT,130,36.0
51,HLA-DRB107:01,2788.82,QII87826,WFTALTQHGKE,51,37.0
352,HLA-DRB107:01,2846.9,QII87826,LNKHIDAYKTF,352,38.0
50,HLA-DRB107:01,2927.0,QII87826,SWFTALTQHGK,50,39.0
311,HLA-DRB107:01,3048.4,QII87826,SAFFGMSRIGM,311,40.0
129,HLA-DRB107:01,3131.88,QII87826,IIWVATEGALN,129,41.0
46,HLA-DRB107:01,3154.43,QII87826,NNTASWFTALT,46,42.0
342,HLA-DRB107:01,3176.93,QII87826,DPNFKDQVILL,342,43.0
84,HLA-DRB107:01,3307.5,QII87826,GYYRRATRRIR,84,44.0
263,HLA-DRB107:01,3321.08,QII87826,ATKAYNVTQAF,263,45.0
380,HLA-DRB107:01,3394.57,QII87826,ALPQRQKKQQT,380,46.0
343,HLA-DRB107:01,3543.7,QII87826,PNFKDQVILLN,343,47.0
121,HLA-DRB107:01,3560.42,QII87826,PYGANKDGIIW,121,48.0
216,HLA-DRB107:01,3562.84,QII87826,AALALLLLDRL,216,49.0
386,HLA-DRB107:01,3596.56,QII87826,KKQQTVTLLPA,386,50.0
348,HLA-DRB107:01,3879.67,QII87826,QVILLNKHIDA,348,51.0
354,HLA-DRB107:01,3913.25,QII87826,KHIDAYKTFPP,354,52.0
85,HLA-DRB107:01,3925.56,QII87826,YYRRATRRIRG,85,53.0
345,HLA-DRB107:01,3932.33,QII87826,FKDQVILLNKH,345,54.0
52,HLA-DRB107:01,3959.95,QII87826,FTALTQHGKED,52,55.0
385,HLA-DRB107:01,4147.75,QII87826,QKKQQTVTLLP,385,56.0
241,HLA-DRB107:01,4243.59,QII87826,QGQTVTKKSAA,241,57.0
322,HLA-DRB107:01,4351.48,QII87826,EVTPSGTWLTY,322,58.0
109,HLA-DRB107:01,4405.91,QII87826,FYYLGTGPEAG,109,59.0
320,HLA-DRB107:01,4470.38,QII87826,GMEVTPSGTWL,320,60.0
321,HLA-DRB107:01,4490.33,QII87826,MEVTPSGTWLT,321,61.0
408,HLA-DRB107:01,4496.52,QII87826,QSMSSADSTQA,408,62.0
298,HLA-DRB107:01,4591.32,QII87826,KHWPQIAQFAP,298,63.0
119,HLA-DRB107:01,4819.01,QII87826,GLPYGANKDGI,119,64.0
150,HLA-DRB107:01,4865.98,QII87826,PANNAAIVLQL,150,65.0
264,HLA-DRB107:01,4953.04,QII87826,TKAYNVTQAFG,264,66.0
265,HLA-DRB107:01,4958.69,QII87826,KAYNVTQAFGR,265,67.0
376,HLA-DRB107:01,5338.26,QII87826,DETQALPQRQK,376,68.0
162,HLA-DRB107:01,5468.06,QII87826,QGTTLPKGFYA,162,69.0
390,HLA-DRB107:01,5553.69,QII87826,TVTLLPAADLD,390,70.0
260,HLA-DRB107:01,5722.75,QII87826,KRTATKAYNVT,260,71.0
392,HLA-DRB107:01,5814.54,QII87826,TLLPAADLDDF,392,72.0
258,HLA-DRB107:01,5968.23,QII87826,RQKRTATKAYN,258,73.0
325,HLA-DRB107:01,5976.33,QII87826,PSGTWLTYTGA,325,74.0
262,HLA-DRB107:01,6211.29,QII87826,TATKAYNVTQA,262,75.0
161,HLA-DRB107:01,6290.77,QII87826,PQGTTLPKGFY,161,76.0
377,HLA-DRB107:01,6361.42,QII87826,ETQALPQRQKK,377,77.0
215,HLA-DRB107:01,6420.15,QII87826,DAALALLLLDR,215,78.0
384,HLA-DRB107:01,6480.13,QII87826,RQKKQQTVTLL,384,79.0
151,HLA-DRB107:01,6490.93,QII87826,ANNAAIVLQLP,151,80.0
391,HLA-DRB107:01,6696.64,QII87826,VTLLPAADLDD,391,81.0
407,HLA-DRB107:01,6789.21,QII87826,QQSMSSADSTQ,407,82.0
257,HLA-DRB107:01,7003.61,QII87826,PRQKRTATKAY,257,83.0
403,HLA-DRB107:01,7048.02,QII87826,SKQLQQSMSSA,403,84.0
126,HLA-DRB107:01,7091.1,QII87826,KDGIIWVATEG,126,85.0
214,HLA-DRB107:01,7284.51,QII87826,GDAALALLLLD,214,86.0
281,HLA-DRB107:01,7296.48,QII87826,TQGNFGDQELI,281,87.0
217,HLA-DRB107:01,7405.2,QII87826,ALALLLLDRLN,217,88.0
319,HLA-DRB107:01,7417.75,QII87826,IGMEVTPSGTW,319,89.0
269,HLA-DRB107:01,7471.06,QII87826,VTQAFGRRGPE,269,90.0
340,HLA-DRB107:01,7473.51,QII87826,DKDPNFKDQVI,340,91.0
309,HLA-DRB107:01,7509.0,QII87826,SASAFFGMSRI,309,92.0
300,HLA-DRB107:01,7543.6,QII87826,WPQIAQFAPSA,300,93.0
240,HLA-DRB107:01,7592.02,QII87826,QQGQTVTKKSA,240,94.0
294,HLA-DRB107:01,7748.93,QII87826,GTDYKHWPQIA,294,95.0
282,HLA-DRB107:01,7850.77,QII87826,QGNFGDQELIR,282,96.0
243,HLA-DRB107:01,7953.38,QII87826,QTVTKKSAAEA,243,97.0
401,HLA-DRB107:01,8163.71,QII87826,DFSKQLQQSMS,401,98.0
124,HLA-DRB107:01,8193.52,QII87826,ANKDGIIWVAT,124,99.0
63,HLA-DRB107:01,8381.86,QII87826,LKFPRGQGVPI,63,100.0
148,HLA-DRB107:01,8489.15,QII87826,RNPANNAAIVL,148,101.0
141,HLA-DRB107:01,8593.7,QII87826,PKDHIGTRNPA,141,102.0
43,HLA-DRB107:01,8629.99,QII87826,GLPNNTASWFT,43,103.0
331,HLA-DRB107:01,8843.52,QII87826,TYTGAIKLDDK,331,104.0
86,HLA-DRB107:01,9047.84,QII87826,YRRATRRIRGG,86,105.0
382,HLA-DRB107:01,9086.11,QII87826,PQRQKKQQTVT,382,106.0
137,HLA-DRB107:01,9115.09,QII87826,ALNTPKDHIGT,137,107.0
399,HLA-DRB107:01,9123.21,QII87826,LDDFSKQLQQS,399,108.0
344,HLA-DRB107:01,9324.72,QII87826,NFKDQVILLNK,344,109.0
267,HLA-DRB107:01,9418.09,QII87826,YNVTQAFGRRG,267,110.0
310,HLA-DRB107:01,9597.89,QII87826,ASAFFGMSRIG,310,111.0
75,HLA-DRB107:01,9737.53,QII87826,TNSSPDDQIGY,75,112.0
142,HLA-DRB107:01,9745.61,QII87826,KDHIGTRNPAN,142,113.0
135,HLA-DRB107:01,9773.63,QII87826,EGALNTPKDHI,135,114.0
181,HLA-DRB107:01,9866.14,QII87826,ASSRSSSRSRN,181,115.0
108,HLA-DRB107:01,9998.76,QII87826,YFYYLGTGPEA,108,116.0
146,HLA-DRB107:01,10004.59,QII87826,GTRNPANNAAI,146,117.0
285,HLA-DRB107:01,10166.36,QII87826,FGDQELIRQGT,285,118.0
98,HLA-DRB107:01,10210.12,QII87826,GKMKDLSPRWY,98,119.0
261,HLA-DRB107:01,10225.36,QII87826,RTATKAYNVTQ,261,120.0
244,HLA-DRB107:01,10482.53,QII87826,TVTKKSAAEAS,244,121.0
101,HLA-DRB107:01,10520.59,QII87826,KDLSPRWYFYY,101,122.0
172,HLA-DRB107:01,10687.78,QII87826,AEGSRGGSQAS,172,123.0
266,HLA-DRB107:01,10871.73,QII87826,AYNVTQAFGRR,266,124.0
154,HLA-DRB107:01,10895.77,QII87826,AAIVLQLPQGT,154,125.0
5,HLA-DRB107:01,10920.08,QII87826,PQNQRNAPRIT,5,126.0
179,HLA-DRB107:01,10958.49,QII87826,SQASSRSSSRS,179,127.0
251,HLA-DRB107:01,10985.95,QII87826,AEASKKPRQKR,251,128.0
402,HLA-DRB107:01,11016.61,QII87826,FSKQLQQSMSS,402,129.0
65,HLA-DRB107:01,11130.13,QII87826,FPRGQGVPINT,65,130.0
268,HLA-DRB107:01,11294.79,QII87826,NVTQAFGRRGP,268,131.0
194,HLA-DRB107:01,11406.64,QII87826,RNSTPGSSRGT,194,132.0
173,HLA-DRB107:01,11408.5,QII87826,EGSRGGSQASS,173,133.0
315,HLA-DRB107:01,11533.72,QII87826,GMSRIGMEVTP,315,134.0
323,HLA-DRB107:01,11697.92,QII87826,VTPSGTWLTYT,323,135.0
73,HLA-DRB107:01,11713.22,QII87826,INTNSSPDDQI,73,136.0
351,HLA-DRB107:01,11821.2,QII87826,LLNKHIDAYKT,351,137.0
100,HLA-DRB107:01,11824.23,QII87826,MKDLSPRWYFY,100,138.0
147,HLA-DRB107:01,11840.21,QII87826,TRNPANNAAIV,147,139.0
355,HLA-DRB107:01,11849.75,QII87826,HIDAYKTFPPT,355,140.0
87,HLA-DRB107:01,11858.77,QII87826,RRATRRIRGGD,87,141.0
64,HLA-DRB107:01,11919.17,QII87826,KFPRGQGVPIN,64,142.0
271,HLA-DRB107:01,12179.86,QII87826,QAFGRRGPEQT,271,143.0
381,HLA-DRB107:01,12288.34,QII87826,LPQRQKKQQTV,381,144.0
125,HLA-DRB107:01,12335.39,QII87826,NKDGIIWVATE,125,145.0
293,HLA-DRB107:01,12359.73,QII87826,QGTDYKHWPQI,293,146.0
349,HLA-DRB107:01,12437.95,QII87826,VILLNKHIDAY,349,147.0
170,HLA-DRB107:01,12459.41,QII87826,FYAEGSRGGSQ,170,148.0
42,HLA-DRB107:01,12590.89,QII87826,QGLPNNTASWF,42,149.0
182,HLA-DRB107:01,12654.07,QII87826,SSRSSSRSRNS,182,150.0
187,HLA-DRB107:01,12759.77,QII87826,SRSRNSSRNST,187,151.0
123,HLA-DRB107:01,12776.92,QII87826,GANKDGIIWVA,123,152.0
301,HLA-DRB107:01,12796.37,QII87826,PQIAQFAPSAS,301,153.0
405,HLA-DRB107:01,12931.83,QII87826,QLQQSMSSADS,405,154.0
374,HLA-DRB107:01,12999.19,QII87826,KADETQALPQR,374,155.0
97,HLA-DRB107:01,13066.1,QII87826,DGKMKDLSPRW,97,156.0
290,HLA-DRB107:01,13120.83,QII87826,LIRQGTDYKHW,290,157.0
13,HLA-DRB107:01,13227.67,QII87826,RITFGGPSDST,13,158.0
341,HLA-DRB107:01,13277.78,QII87826,KDPNFKDQVIL,341,159.0
242,HLA-DRB107:01,13321.34,QII87826,GQTVTKKSAAE,242,160.0
307,HLA-DRB107:01,13482.18,QII87826,APSASAFFGMS,307,161.0
110,HLA-DRB107:01,13497.85,QII87826,YYLGTGPEAGL,110,162.0
324,HLA-DRB107:01,14024.49,QII87826,TPSGTWLTYTG,324,163.0
177,HLA-DRB107:01,14138.24,QII87826,GGSQASSRSSS,177,164.0
136,HLA-DRB107:01,14216.18,QII87826,GALNTPKDHIG,136,165.0
378,HLA-DRB107:01,14232.74,QII87826,TQALPQRQKKQ,378,166.0
152,HLA-DRB107:01,14289.71,QII87826,NNAAIVLQLPQ,152,167.0
317,HLA-DRB107:01,14377.54,QII87826,SRIGMEVTPSG,317,168.0
90,HLA-DRB107:01,14394.06,QII87826,TRRIRGGDGKM,90,169.0
183,HLA-DRB107:01,14514.35,QII87826,SRSSSRSRNSS,183,170.0
171,HLA-DRB107:01,14616.7,QII87826,YAEGSRGGSQA,171,171.0
185,HLA-DRB107:01,14733.85,QII87826,SSSRSRNSSRN,185,172.0
131,HLA-DRB107:01,14815.07,QII87826,WVATEGALNTP,131,173.0
299,HLA-DRB107:01,15047.59,QII87826,HWPQIAQFAPS,299,174.0
79,HLA-DRB107:01,15150.3,QII87826,PDDQIGYYRRA,79,175.0
289,HLA-DRB107:01,15174.66,QII87826,ELIRQGTDYKH,289,176.0
332,HLA-DRB107:01,15339.4,QII87826,YTGAIKLDDKD,332,177.0
250,HLA-DRB107:01,15643.34,QII87826,AAEASKKPRQK,250,178.0
176,HLA-DRB107:01,15647.34,QII87826,RGGSQASSRSS,176,179.0
400,HLA-DRB107:01,15749.54,QII87826,DDFSKQLQQSM,400,180.0
234,HLA-DRB107:01,15750.46,QII87826,SGKGQQQQGQT,234,181.0
296,HLA-DRB107:01,15787.15,QII87826,DYKHWPQIAQF,296,182.0
375,HLA-DRB107:01,15906.82,QII87826,ADETQALPQRQ,375,183.0
6,HLA-DRB107:01,16169.59,QII87826,QNQRNAPRITF,6,184.0
195,HLA-DRB107:01,16457.86,QII87826,NSTPGSSRGTS,195,185.0
168,HLA-DRB107:01,16834.3,QII87826,KGFYAEGSRGG,168,186.0
111,HLA-DRB107:01,16834.4,QII87826,YLGTGPEAGLP,111,187.0
153,HLA-DRB107:01,16855.78,QII87826,NAAIVLQLPQG,153,188.0
308,HLA-DRB107:01,17008.15,QII87826,PSASAFFGMSR,308,189.0
4,HLA-DRB107:01,17026.44,QII87826,GPQNQRNAPRI,4,190.0
200,HLA-DRB107:01,17274.61,QII87826,SSRGTSPARMA,200,191.0
159,HLA-DRB107:01,17497.29,QII87826,QLPQGTTLPKG,159,192.0
76,HLA-DRB107:01,17536.76,QII87826,NSSPDDQIGYY,76,193.0
212,HLA-DRB107:01,17639.87,QII87826,NGGDAALALLL,212,194.0
394,HLA-DRB107:01,17650.59,QII87826,LPAADLDDFSK,394,195.0
163,HLA-DRB107:01,17720.47,QII87826,GTTLPKGFYAE,163,196.0
245,HLA-DRB107:01,17722.29,QII87826,VTKKSAAEASK,245,197.0
140,HLA-DRB107:01,17733.26,QII87826,TPKDHIGTRNP,140,198.0
316,HLA-DRB107:01,17749.35,QII87826,MSRIGMEVTPS,316,199.0
38,HLA-DRB107:01,17821.51,QII87826,QRRPQGLPNNT,38,200.0
18,HLA-DRB107:01,17826.74,QII87826,GPSDSTGSNQN,18,201.0
143,HLA-DRB107:01,18178.78,QII87826,DHIGTRNPANN,143,202.0
229,HLA-DRB107:01,18195.44,QII87826,LESKMSGKGQQ,229,203.0
133,HLA-DRB107:01,18216.75,QII87826,ATEGALNTPKD,133,204.0
186,HLA-DRB107:01,18303.28,QII87826,SSRSRNSSRNS,186,205.0
395,HLA-DRB107:01,18315.28,QII87826,PAADLDDFSKQ,395,206.0
280,HLA-DRB107:01,18399.68,QII87826,QTQGNFGDQEL,280,207.0
231,HLA-DRB107:01,18620.58,QII87826,SKMSGKGQQQQ,231,208.0
219,HLA-DRB107:01,18720.88,QII87826,ALLLLDRLNQL,219,209.0
211,HLA-DRB107:01,18764.35,QII87826,GNGGDAALALL,211,210.0
53,HLA-DRB107:01,19102.58,QII87826,TALTQHGKEDL,53,211.0
236,HLA-DRB107:01,19153.98,QII87826,KGQQQQGQTVT,236,212.0
393,HLA-DRB107:01,19163.58,QII87826,LLPAADLDDFS,393,213.0
157,HLA-DRB107:01,19231.34,QII87826,VLQLPQGTTLP,157,214.0
275,HLA-DRB107:01,19444.1,QII87826,RRGPEQTQGNF,275,215.0
180,HLA-DRB107:01,19542.32,QII87826,QASSRSSSRSR,180,216.0
122,HLA-DRB107:01,19603.96,QII87826,YGANKDGIIWV,122,217.0
218,HLA-DRB107:01,19651.29,QII87826,LALLLLDRLNQ,218,218.0
379,HLA-DRB107:01,19710.41,QII87826,QALPQRQKKQQ,379,219.0
228,HLA-DRB107:01,19813.14,QII87826,QLESKMSGKGQ,228,220.0
287,HLA-DRB107:01,19878.76,QII87826,DQELIRQGTDY,287,221.0
114,HLA-DRB107:01,19891.83,QII87826,TGPEAGLPYGA,114,222.0
14,HLA-DRB107:01,19963.6,QII87826,ITFGGPSDSTG,14,223.0
270,HLA-DRB107:01,20040.19,QII87826,TQAFGRRGPEQ,270,224.0
30,HLA-DRB107:01,20327.03,QII87826,ERSGARSKQRR,30,225.0
288,HLA-DRB107:01,20334.58,QII87826,QELIRQGTDYK,288,226.0
335,HLA-DRB107:01,20338.54,QII87826,AIKLDDKDPNF,335,227.0
55,HLA-DRB107:01,20401.52,QII87826,LTQHGKEDLKF,55,228.0
15,HLA-DRB107:01,20554.03,QII87826,TFGGPSDSTGS,15,229.0
337,HLA-DRB107:01,20559.08,QII87826,KLDDKDPNFKD,337,230.0
169,HLA-DRB107:01,20699.79,QII87826,GFYAEGSRGGS,169,231.0
102,HLA-DRB107:01,20703.29,QII87826,DLSPRWYFYYL,102,232.0
277,HLA-DRB107:01,20727.51,QII87826,GPEQTQGNFGD,277,233.0
383,HLA-DRB107:01,20856.07,QII87826,QRQKKQQTVTL,383,234.0
235,HLA-DRB107:01,20866.17,QII87826,GKGQQQQGQTV,235,235.0
29,HLA-DRB107:01,21185.28,QII87826,GERSGARSKQR,29,236.0
291,HLA-DRB107:01,21605.4,QII87826,IRQGTDYKHWP,291,237.0
279,HLA-DRB107:01,21660.51,QII87826,EQTQGNFGDQE,279,238.0
202,HLA-DRB107:01,21670.01,QII87826,RGTSPARMAGN,202,239.0
213,HLA-DRB107:01,21755.67,QII87826,GGDAALALLLL,213,240.0
77,HLA-DRB107:01,21775.16,QII87826,SSPDDQIGYYR,77,241.0
91,HLA-DRB107:01,21777.0,QII87826,RRIRGGDGKMK,91,242.0
155,HLA-DRB107:01,21898.53,QII87826,AIVLQLPQGTT,155,243.0
207,HLA-DRB107:01,21914.96,QII87826,ARMAGNGGDAA,207,244.0
199,HLA-DRB107:01,21981.13,QII87826,GSSRGTSPARM,199,245.0
357,HLA-DRB107:01,22008.62,QII87826,DAYKTFPPTEP,357,246.0
333,HLA-DRB107:01,22027.32,QII87826,TGAIKLDDKDP,333,247.0
284,HLA-DRB107:01,22149.78,QII87826,NFGDQELIRQG,284,248.0
178,HLA-DRB107:01,22172.01,QII87826,GSQASSRSSSR,178,249.0
167,HLA-DRB107:01,22186.36,QII87826,PKGFYAEGSRG,167,250.0
88,HLA-DRB107:01,22220.46,QII87826,RATRRIRGGDG,88,251.0
208,HLA-DRB107:01,22279.07,QII87826,RMAGNGGDAAL,208,252.0
248,HLA-DRB107:01,22320.36,QII87826,KSAAEASKKPR,248,253.0
149,HLA-DRB107:01,22334.35,QII87826,NPANNAAIVLQ,149,254.0
372,HLA-DRB107:01,22409.66,QII87826,KKKADETQALP,372,255.0
367,HLA-DRB107:01,22635.93,QII87826,PKKDKKKKADE,367,256.0
221,HLA-DRB107:01,22706.55,QII87826,LLLDRLNQLES,221,257.0
158,HLA-DRB107:01,22726.49,QII87826,LQLPQGTTLPK,158,258.0
247,HLA-DRB107:01,22858.02,QII87826,KKSAAEASKKP,247,259.0
9,HLA-DRB107:01,23216.54,QII87826,RNAPRITFGGP,9,260.0
276,HLA-DRB107:01,23362.11,QII87826,RGPEQTQGNFG,276,261.0
227,HLA-DRB107:01,23493.09,QII87826,NQLESKMSGKG,227,262.0
78,HLA-DRB107:01,23514.68,QII87826,SPDDQIGYYRR,78,263.0
256,HLA-DRB107:01,23564.93,QII87826,KPRQKRTATKA,256,264.0
233,HLA-DRB107:01,23725.19,QII87826,MSGKGQQQQGQ,233,265.0
7,HLA-DRB107:01,23787.35,QII87826,NQRNAPRITFG,7,266.0
360,HLA-DRB107:01,23885.71,QII87826,KTFPPTEPKKD,360,267.0
144,HLA-DRB107:01,23936.35,QII87826,HIGTRNPANNA,144,268.0
230,HLA-DRB107:01,24036.16,QII87826,ESKMSGKGQQQ,230,269.0
232,HLA-DRB107:01,24201.57,QII87826,KMSGKGQQQQG,232,270.0
350,HLA-DRB107:01,24221.19,QII87826,ILLNKHIDAYK,350,271.0
191,HLA-DRB107:01,24285.51,QII87826,NSSRNSTPGSS,191,272.0
239,HLA-DRB107:01,24299.77,QII87826,QQQGQTVTKKS,239,273.0
174,HLA-DRB107:01,24306.64,QII87826,GSRGGSQASSR,174,274.0
196,HLA-DRB107:01,24403.88,QII87826,STPGSSRGTSP,196,275.0
74,HLA-DRB107:01,24464.28,QII87826,NTNSSPDDQIG,74,276.0
89,HLA-DRB107:01,24522.41,QII87826,ATRRIRGGDGK,89,277.0
35,HLA-DRB107:01,24537.33,QII87826,RSKQRRPQGLP,35,278.0
11,HLA-DRB107:01,24566.57,QII87826,APRITFGGPSD,11,279.0
69,HLA-DRB107:01,24577.21,QII87826,QGVPINTNSSP,69,280.0
19,HLA-DRB107:01,24703.94,QII87826,PSDSTGSNQNG,19,281.0
206,HLA-DRB107:01,25055.35,QII87826,PARMAGNGGDA,206,282.0
210,HLA-DRB107:01,25133.37,QII87826,AGNGGDAALAL,210,283.0
164,HLA-DRB107:01,25197.6,QII87826,TTLPKGFYAEG,164,284.0
0,HLA-DRB107:01,25270.89,QII87826,MSDNGPQNQRN,0,285.0
190,HLA-DRB107:01,25355.68,QII87826,RNSSRNSTPGS,190,286.0
175,HLA-DRB107:01,25453.29,QII87826,SRGGSQASSRS,175,287.0
254,HLA-DRB107:01,25463.56,QII87826,SKKPRQKRTAT,254,288.0
283,HLA-DRB107:01,25544.21,QII87826,GNFGDQELIRQ,283,289.0
205,HLA-DRB107:01,25580.38,QII87826,SPARMAGNGGD,205,290.0
134,HLA-DRB107:01,25586.14,QII87826,TEGALNTPKDH,134,291.0
356,HLA-DRB107:01,25719.87,QII87826,IDAYKTFPPTE,356,292.0
112,HLA-DRB107:01,25741.98,QII87826,LGTGPEAGLPY,112,293.0
204,HLA-DRB107:01,25765.47,QII87826,TSPARMAGNGG,204,294.0
246,HLA-DRB107:01,25831.16,QII87826,TKKSAAEASKK,246,295.0
16,HLA-DRB107:01,25947.4,QII87826,FGGPSDSTGSN,16,296.0
62,HLA-DRB107:01,26001.24,QII87826,DLKFPRGQGVP,62,297.0
225,HLA-DRB107:01,26156.02,QII87826,RLNQLESKMSG,225,298.0
118,HLA-DRB107:01,26226.4,QII87826,AGLPYGANKDG,118,299.0
70,HLA-DRB107:01,26441.55,QII87826,GVPINTNSSPD,70,300.0
8,HLA-DRB107:01,26461.57,QII87826,QRNAPRITFGG,8,301.0
398,HLA-DRB107:01,26495.9,QII87826,DLDDFSKQLQQ,398,302.0
201,HLA-DRB107:01,26507.04,QII87826,SRGTSPARMAG,201,303.0
138,HLA-DRB107:01,26675.52,QII87826,LNTPKDHIGTR,138,304.0
37,HLA-DRB107:01,26681.87,QII87826,KQRRPQGLPNN,37,305.0
220,HLA-DRB107:01,26808.01,QII87826,LLLLDRLNQLE,220,306.0
165,HLA-DRB107:01,26821.52,QII87826,TLPKGFYAEGS,165,307.0
278,HLA-DRB107:01,26826.33,QII87826,PEQTQGNFGDQ,278,308.0
1,HLA-DRB107:01,26873.78,QII87826,SDNGPQNQRNA,1,309.0
104,HLA-DRB107:01,26931.2,QII87826,SPRWYFYYLGT,104,310.0
21,HLA-DRB107:01,26957.74,QII87826,DSTGSNQNGER,21,311.0
366,HLA-DRB107:01,27092.67,QII87826,EPKKDKKKKAD,366,312.0
132,HLA-DRB107:01,27127.51,QII87826,VATEGALNTPK,132,313.0
54,HLA-DRB107:01,27144.07,QII87826,ALTQHGKEDLK,54,314.0
249,HLA-DRB107:01,27176.64,QII87826,SAAEASKKPRQ,249,315.0
197,HLA-DRB107:01,27263.49,QII87826,TPGSSRGTSPA,197,316.0
82,HLA-DRB107:01,27296.57,QII87826,QIGYYRRATRR,82,317.0
209,HLA-DRB107:01,27367.11,QII87826,MAGNGGDAALA,209,318.0
80,HLA-DRB107:01,27386.76,QII87826,DDQIGYYRRAT,80,319.0
56,HLA-DRB107:01,27512.7,QII87826,TQHGKEDLKFP,56,320.0
252,HLA-DRB107:01,27628.83,QII87826,EASKKPRQKRT,252,321.0
286,HLA-DRB107:01,27727.25,QII87826,GDQELIRQGTD,286,322.0
274,HLA-DRB107:01,27754.32,QII87826,GRRGPEQTQGN,274,323.0
34,HLA-DRB107:01,27897.33,QII87826,ARSKQRRPQGL,34,324.0
117,HLA-DRB107:01,27913.76,QII87826,EAGLPYGANKD,117,325.0
295,HLA-DRB107:01,28038.08,QII87826,TDYKHWPQIAQ,295,326.0
36,HLA-DRB107:01,28259.61,QII87826,SKQRRPQGLPN,36,327.0
334,HLA-DRB107:01,28284.51,QII87826,GAIKLDDKDPN,334,328.0
361,HLA-DRB107:01,28413.91,QII87826,TFPPTEPKKDK,361,329.0
339,HLA-DRB107:01,28448.81,QII87826,DDKDPNFKDQV,339,330.0
203,HLA-DRB107:01,28565.64,QII87826,GTSPARMAGNG,203,331.0
39,HLA-DRB107:01,28741.38,QII87826,RRPQGLPNNTA,39,332.0
24,HLA-DRB107:01,28759.99,QII87826,GSNQNGERSGA,24,333.0
71,HLA-DRB107:01,28849.45,QII87826,VPINTNSSPDD,71,334.0
96,HLA-DRB107:01,28887.9,QII87826,GDGKMKDLSPR,96,335.0
223,HLA-DRB107:01,29129.27,QII87826,LDRLNQLESKM,223,336.0
113,HLA-DRB107:01,29161.32,QII87826,GTGPEAGLPYG,113,337.0
338,HLA-DRB107:01,29250.12,QII87826,LDDKDPNFKDQ,338,338.0
61,HLA-DRB107:01,29430.68,QII87826,EDLKFPRGQGV,61,339.0
41,HLA-DRB107:01,29621.65,QII87826,PQGLPNNTASW,41,340.0
81,HLA-DRB107:01,29702.41,QII87826,DQIGYYRRATR,81,341.0
363,HLA-DRB107:01,29816.01,QII87826,PPTEPKKDKKK,363,342.0
224,HLA-DRB107:01,29991.45,QII87826,DRLNQLESKMS,224,343.0
166,HLA-DRB107:01,29994.35,QII87826,LPKGFYAEGSR,166,344.0
27,HLA-DRB107:01,30021.51,QII87826,QNGERSGARSK,27,345.0
107,HLA-DRB107:01,30087.46,QII87826,WYFYYLGTGPE,107,346.0
66,HLA-DRB107:01,30098.84,QII87826,PRGQGVPINTN,66,347.0
193,HLA-DRB107:01,30147.81,QII87826,SRNSTPGSSRG,193,348.0
272,HLA-DRB107:01,30165.35,QII87826,AFGRRGPEQTQ,272,349.0
103,HLA-DRB107:01,30267.41,QII87826,LSPRWYFYYLG,103,350.0
362,HLA-DRB107:01,30309.5,QII87826,FPPTEPKKDKK,362,351.0
198,HLA-DRB107:01,30694.13,QII87826,PGSSRGTSPAR,198,352.0
397,HLA-DRB107:01,30825.18,QII87826,ADLDDFSKQLQ,397,353.0
238,HLA-DRB107:01,30841.93,QII87826,QQQQGQTVTKK,238,354.0
273,HLA-DRB107:01,30869.26,QII87826,FGRRGPEQTQG,273,355.0
23,HLA-DRB107:01,30919.34,QII87826,TGSNQNGERSG,23,356.0
139,HLA-DRB107:01,31070.59,QII87826,NTPKDHIGTRN,139,357.0
92,HLA-DRB107:01,31124.34,QII87826,RIRGGDGKMKD,92,358.0
145,HLA-DRB107:01,31151.12,QII87826,IGTRNPANNAA,145,359.0
358,HLA-DRB107:01,31298.09,QII87826,AYKTFPPTEPK,358,360.0
31,HLA-DRB107:01,31464.18,QII87826,RSGARSKQRRP,31,361.0
371,HLA-DRB107:01,31478.59,QII87826,KKKKADETQAL,371,362.0
237,HLA-DRB107:01,31507.71,QII87826,GQQQQGQTVTK,237,363.0
253,HLA-DRB107:01,31560.83,QII87826,ASKKPRQKRTA,253,364.0
94,HLA-DRB107:01,31782.73,QII87826,RGGDGKMKDLS,94,365.0
26,HLA-DRB107:01,31793.4,QII87826,NQNGERSGARS,26,366.0
396,HLA-DRB107:01,31906.69,QII87826,AADLDDFSKQL,396,367.0
57,HLA-DRB107:01,31930.62,QII87826,QHGKEDLKFPR,57,368.0
359,HLA-DRB107:01,31942.52,QII87826,YKTFPPTEPKK,359,369.0
20,HLA-DRB107:01,32126.09,QII87826,SDSTGSNQNGE,20,370.0
10,HLA-DRB107:01,32166.2,QII87826,NAPRITFGGPS,10,371.0
67,HLA-DRB107:01,32352.29,QII87826,RGQGVPINTNS,67,372.0
184,HLA-DRB107:01,32361.52,QII87826,RSSSRSRNSSR,184,373.0
93,HLA-DRB107:01,32371.07,QII87826,IRGGDGKMKDL,93,374.0
40,HLA-DRB107:01,32517.94,QII87826,RPQGLPNNTAS,40,375.0
60,HLA-DRB107:01,32599.21,QII87826,KEDLKFPRGQG,60,376.0
192,HLA-DRB107:01,32688.31,QII87826,SSRNSTPGSSR,192,377.0
364,HLA-DRB107:01,32720.26,QII87826,PTEPKKDKKKK,364,378.0
189,HLA-DRB107:01,32786.48,QII87826,SRNSSRNSTPG,189,379.0
17,HLA-DRB107:01,32824.64,QII87826,GGPSDSTGSNQ,17,380.0
22,HLA-DRB107:01,33018.39,QII87826,STGSNQNGERS,22,381.0
226,HLA-DRB107:01,33111.77,QII87826,LNQLESKMSGK,226,382.0
95,HLA-DRB107:01,33371.1,QII87826,GGDGKMKDLSP,95,383.0
188,HLA-DRB107:01,33419.51,QII87826,RSRNSSRNSTP,188,384.0
336,HLA-DRB107:01,33858.01,QII87826,IKLDDKDPNFK,336,385.0
373,HLA-DRB107:01,34273.64,QII87826,KKADETQALPQ,373,386.0
12,HLA-DRB107:01,34311.62,QII87826,PRITFGGPSDS,12,387.0
365,HLA-DRB107:01,34323.99,QII87826,TEPKKDKKKKA,365,388.0
25,HLA-DRB107:01,34492.65,QII87826,SNQNGERSGAR,25,389.0
33,HLA-DRB107:01,34688.16,QII87826,GARSKQRRPQG,33,390.0
255,HLA-DRB107:01,35442.14,QII87826,KKPRQKRTATK,255,391.0
28,HLA-DRB107:01,35672.69,QII87826,NGERSGARSKQ,28,392.0
58,HLA-DRB107:01,36325.96,QII87826,HGKEDLKFPRG,58,393.0
370,HLA-DRB107:01,36330.36,QII87826,DKKKKADETQA,370,394.0
3,HLA-DRB107:01,36432.13,QII87826,NGPQNQRNAPR,3,395.0
72,HLA-DRB107:01,36503.2,QII87826,PINTNSSPDDQ,72,396.0
2,HLA-DRB107:01,37211.38,QII87826,DNGPQNQRNAP,2,397.0
68,HLA-DRB107:01,37227.77,QII87826,GQGVPINTNSS,68,398.0
115,HLA-DRB107:01,37383.11,QII87826,GPEAGLPYGAN,115,399.0
222,HLA-DRB107:01,37572.35,QII87826,LLDRLNQLESK,222,400.0
368,HLA-DRB107:01,37577.86,QII87826,KKDKKKKADET,368,401.0
292,HLA-DRB107:01,38315.93,QII87826,RQGTDYKHWPQ,292,402.0
32,HLA-DRB107:01,38402.42,QII87826,SGARSKQRRPQ,32,403.0
59,HLA-DRB107:01,39012.16,QII87826,GKEDLKFPRGQ,59,404.0
156,HLA-DRB107:01,39331.07,QII87826,IVLQLPQGTTL,156,405.0
116,HLA-DRB107:01,39336.88,QII87826,PEAGLPYGANK,116,406.0
106,HLA-DRB107:01,39800.44,QII87826,RWYFYYLGTGP,106,407.0
369,HLA-DRB107:01,40413.21,QII87826,KDKKKKADETQ,369,408.0
105,HLA-DRB107:01,41301.89,QII87826,PRWYFYYLGTG,105,409.0
330,HLA-DRB108:01,1319.19,QII87826,LTYTGAIKLDD,330,1.0
216,HLA-DRB108:01,1438.94,QII87826,AALALLLLDRL,216,2.0
214,HLA-DRB108:01,1458.87,QII87826,GDAALALLLLD,214,3.0
348,HLA-DRB108:01,1645.77,QII87826,QVILLNKHIDA,348,4.0
347,HLA-DRB108:01,1739.05,QII87826,DQVILLNKHID,347,5.0
391,HLA-DRB108:01,1782.61,QII87826,VTLLPAADLDD,391,6.0
84,HLA-DRB108:01,1883.53,QII87826,GYYRRATRRIR,84,7.0
392,HLA-DRB108:01,1993.84,QII87826,TLLPAADLDDF,392,8.0
120,HLA-DRB108:01,2280.06,QII87826,LPYGANKDGII,120,9.0
380,HLA-DRB108:01,2362.17,QII87826,ALPQRQKKQQT,380,10.0
215,HLA-DRB108:01,2645.5,QII87826,DAALALLLLDR,215,11.0
390,HLA-DRB108:01,2780.73,QII87826,TVTLLPAADLD,390,12.0
332,HLA-DRB108:01,2945.65,QII87826,YTGAIKLDDKD,332,13.0
85,HLA-DRB108:01,3028.66,QII87826,YYRRATRRIRG,85,14.0
217,HLA-DRB108:01,3069.27,QII87826,ALALLLLDRLN,217,15.0
346,HLA-DRB108:01,3084.87,QII87826,KDQVILLNKHI,346,16.0
51,HLA-DRB108:01,3136.51,QII87826,WFTALTQHGKE,51,17.0
128,HLA-DRB108:01,3192.61,QII87826,GIIWVATEGAL,128,18.0
52,HLA-DRB108:01,3256.78,QII87826,FTALTQHGKED,52,19.0
45,HLA-DRB108:01,3279.54,QII87826,PNNTASWFTAL,45,20.0
48,HLA-DRB108:01,3352.32,QII87826,TASWFTALTQH,48,21.0
329,HLA-DRB108:01,3502.26,QII87826,WLTYTGAIKLD,329,22.0
130,HLA-DRB108:01,3520.81,QII87826,IWVATEGALNT,130,23.0
83,HLA-DRB108:01,3612.5,QII87826,IGYYRRATRRI,83,24.0
150,HLA-DRB108:01,3670.29,QII87826,PANNAAIVLQL,150,25.0
311,HLA-DRB108:01,3712.34,QII87826,SAFFGMSRIGM,311,26.0
213,HLA-DRB108:01,3776.37,QII87826,GGDAALALLLL,213,27.0
102,HLA-DRB108:01,3884.28,QII87826,DLSPRWYFYYL,102,28.0
331,HLA-DRB108:01,3956.55,QII87826,TYTGAIKLDDK,331,29.0
119,HLA-DRB108:01,3959.96,QII87826,GLPYGANKDGI,119,30.0
121,HLA-DRB108:01,4012.39,QII87826,PYGANKDGIIW,121,31.0
393,HLA-DRB108:01,4154.4,QII87826,LLPAADLDDFS,393,32.0
123,HLA-DRB108:01,4219.36,QII87826,GANKDGIIWVA,123,33.0
218,HLA-DRB108:01,4235.8,QII87826,LALLLLDRLNQ,218,34.0
160,HLA-DRB108:01,4294.7,QII87826,LPQGTTLPKGF,160,35.0
50,HLA-DRB108:01,4403.84,QII87826,SWFTALTQHGK,50,36.0
326,HLA-DRB108:01,4467.46,QII87826,SGTWLTYTGAI,326,37.0
400,HLA-DRB108:01,4662.82,QII87826,DDFSKQLQQSM,400,38.0
212,HLA-DRB108:01,4666.69,QII87826,NGGDAALALLL,212,39.0
49,HLA-DRB108:01,4864.04,QII87826,ASWFTALTQHG,49,40.0
342,HLA-DRB108:01,4877.92,QII87826,DPNFKDQVILL,342,41.0
124,HLA-DRB108:01,4885.65,QII87826,ANKDGIIWVAT,124,42.0
318,HLA-DRB108:01,4995.22,QII87826,RIGMEVTPSGT,318,43.0
55,HLA-DRB108:01,5064.87,QII87826,LTQHGKEDLKF,55,44.0
306,HLA-DRB108:01,5139.81,QII87826,FAPSASAFFGM,306,45.0
219,HLA-DRB108:01,5257.99,QII87826,ALLLLDRLNQL,219,46.0
322,HLA-DRB108:01,5289.6,QII87826,EVTPSGTWLTY,322,47.0
304,HLA-DRB108:01,5302.41,QII87826,AQFAPSASAFF,304,48.0
297,HLA-DRB108:01,5316.54,QII87826,YKHWPQIAQFA,297,49.0
154,HLA-DRB108:01,5333.34,QII87826,AAIVLQLPQGT,154,50.0
137,HLA-DRB108:01,5456.6,QII87826,ALNTPKDHIGT,137,51.0
46,HLA-DRB108:01,5483.59,QII87826,NNTASWFTALT,46,52.0
86,HLA-DRB108:01,5487.75,QII87826,YRRATRRIRGG,86,53.0
101,HLA-DRB108:01,5509.83,QII87826,KDLSPRWYFYY,101,54.0
170,HLA-DRB108:01,5544.74,QII87826,FYAEGSRGGSQ,170,55.0
262,HLA-DRB108:01,5558.38,QII87826,TATKAYNVTQA,262,56.0
313,HLA-DRB108:01,5706.99,QII87826,FFGMSRIGMEV,313,57.0
303,HLA-DRB108:01,5860.55,QII87826,IAQFAPSASAF,303,58.0
47,HLA-DRB108:01,5977.33,QII87826,NTASWFTALTQ,47,59.0
285,HLA-DRB108:01,6016.55,QII87826,FGDQELIRQGT,285,60.0
399,HLA-DRB108:01,6044.6,QII87826,LDDFSKQLQQS,399,61.0
63,HLA-DRB108:01,6065.58,QII87826,LKFPRGQGVPI,63,62.0
161,HLA-DRB108:01,6081.26,QII87826,PQGTTLPKGFY,161,63.0
314,HLA-DRB108:01,6122.16,QII87826,FGMSRIGMEVT,314,64.0
44,HLA-DRB108:01,6175.81,QII87826,LPNNTASWFTA,44,65.0
182,HLA-DRB108:01,6237.71,QII87826,SSRSSSRSRNS,182,66.0
389,HLA-DRB108:01,6251.03,QII87826,QTVTLLPAADL,389,67.0
135,HLA-DRB108:01,6424.76,QII87826,EGALNTPKDHI,135,68.0
281,HLA-DRB108:01,6501.57,QII87826,TQGNFGDQELI,281,69.0
282,HLA-DRB108:01,6541.04,QII87826,QGNFGDQELIR,282,70.0
387,HLA-DRB108:01,6575.12,QII87826,KQQTVTLLPAA,387,71.0
129,HLA-DRB108:01,6577.27,QII87826,IIWVATEGALN,129,72.0
340,HLA-DRB108:01,6593.14,QII87826,DKDPNFKDQVI,340,73.0
257,HLA-DRB108:01,6622.43,QII87826,PRQKRTATKAY,257,74.0
146,HLA-DRB108:01,6726.32,QII87826,GTRNPANNAAI,146,75.0
381,HLA-DRB108:01,6901.9,QII87826,LPQRQKKQQTV,381,76.0
144,HLA-DRB108:01,6911.5,QII87826,HIGTRNPANNA,144,77.0
312,HLA-DRB108:01,6934.61,QII87826,AFFGMSRIGME,312,78.0
100,HLA-DRB108:01,6949.93,QII87826,MKDLSPRWYFY,100,79.0
263,HLA-DRB108:01,6980.63,QII87826,ATKAYNVTQAF,263,80.0
341,HLA-DRB108:01,7038.4,QII87826,KDPNFKDQVIL,341,81.0
259,HLA-DRB108:01,7082.79,QII87826,QKRTATKAYNV,259,82.0
162,HLA-DRB108:01,7111.39,QII87826,QGTTLPKGFYA,162,83.0
109,HLA-DRB108:01,7120.63,QII87826,FYYLGTGPEAG,109,84.0
388,HLA-DRB108:01,7189.56,QII87826,QQTVTLLPAAD,388,85.0
406,HLA-DRB108:01,7225.6,QII87826,LQQSMSSADST,406,86.0
75,HLA-DRB108:01,7231.64,QII87826,TNSSPDDQIGY,75,87.0
6,HLA-DRB108:01,7254.31,QII87826,QNQRNAPRITF,6,88.0
211,HLA-DRB108:01,7275.86,QII87826,GNGGDAALALL,211,89.0
99,HLA-DRB108:01,7301.97,QII87826,KMKDLSPRWYF,99,90.0
349,HLA-DRB108:01,7332.3,QII87826,VILLNKHIDAY,349,91.0
379,HLA-DRB108:01,7339.03,QII87826,QALPQRQKKQQ,379,92.0
378,HLA-DRB108:01,7374.94,QII87826,TQALPQRQKKQ,378,93.0
79,HLA-DRB108:01,7464.94,QII87826,PDDQIGYYRRA,79,94.0
183,HLA-DRB108:01,7618.02,QII87826,SRSSSRSRNSS,183,95.0
294,HLA-DRB108:01,7666.1,QII87826,GTDYKHWPQIA,294,96.0
131,HLA-DRB108:01,7735.3,QII87826,WVATEGALNTP,131,97.0
168,HLA-DRB108:01,7778.95,QII87826,KGFYAEGSRGG,168,98.0
87,HLA-DRB108:01,7801.39,QII87826,RRATRRIRGGD,87,99.0
319,HLA-DRB108:01,7814.25,QII87826,IGMEVTPSGTW,319,100.0
127,HLA-DRB108:01,7901.77,QII87826,DGIIWVATEGA,127,101.0
220,HLA-DRB108:01,8002.66,QII87826,LLLLDRLNQLE,220,102.0
353,HLA-DRB108:01,8038.21,QII87826,NKHIDAYKTFP,353,103.0
265,HLA-DRB108:01,8133.45,QII87826,KAYNVTQAFGR,265,104.0
261,HLA-DRB108:01,8140.21,QII87826,RTATKAYNVTQ,261,105.0
103,HLA-DRB108:01,8180.96,QII87826,LSPRWYFYYLG,103,106.0
53,HLA-DRB108:01,8304.49,QII87826,TALTQHGKEDL,53,107.0
352,HLA-DRB108:01,8330.71,QII87826,LNKHIDAYKTF,352,108.0
290,HLA-DRB108:01,8383.22,QII87826,LIRQGTDYKHW,290,109.0
148,HLA-DRB108:01,8485.94,QII87826,RNPANNAAIVL,148,110.0
159,HLA-DRB108:01,8493.8,QII87826,QLPQGTTLPKG,159,111.0
305,HLA-DRB108:01,8517.43,QII87826,QFAPSASAFFG,305,112.0
38,HLA-DRB108:01,8603.54,QII87826,QRRPQGLPNNT,38,113.0
34,HLA-DRB108:01,8640.56,QII87826,ARSKQRRPQGL,34,114.0
187,HLA-DRB108:01,8684.07,QII87826,SRSRNSSRNST,187,115.0
136,HLA-DRB108:01,8717.57,QII87826,GALNTPKDHIG,136,116.0
260,HLA-DRB108:01,8734.86,QII87826,KRTATKAYNVT,260,117.0
169,HLA-DRB108:01,8850.57,QII87826,GFYAEGSRGGS,169,118.0
293,HLA-DRB108:01,8877.23,QII87826,QGTDYKHWPQI,293,119.0
110,HLA-DRB108:01,8911.18,QII87826,YYLGTGPEAGL,110,120.0
241,HLA-DRB108:01,8942.3,QII87826,QGQTVTKKSAA,241,121.0
223,HLA-DRB108:01,8954.39,QII87826,LDRLNQLESKM,223,122.0
320,HLA-DRB108:01,9058.67,QII87826,GMEVTPSGTWL,320,123.0
186,HLA-DRB108:01,9090.73,QII87826,SSRSRNSSRNS,186,124.0
229,HLA-DRB108:01,9121.46,QII87826,LESKMSGKGQQ,229,125.0
104,HLA-DRB108:01,9209.09,QII87826,SPRWYFYYLGT,104,126.0
321,HLA-DRB108:01,9222.55,QII87826,MEVTPSGTWLT,321,127.0
151,HLA-DRB108:01,9223.5,QII87826,ANNAAIVLQLP,151,128.0
228,HLA-DRB108:01,9267.08,QII87826,QLESKMSGKGQ,228,129.0
309,HLA-DRB108:01,9299.4,QII87826,SASAFFGMSRI,309,130.0
384,HLA-DRB108:01,9308.56,QII87826,RQKKQQTVTLL,384,131.0
394,HLA-DRB108:01,9339.91,QII87826,LPAADLDDFSK,394,132.0
343,HLA-DRB108:01,9342.85,QII87826,PNFKDQVILLN,343,133.0
152,HLA-DRB108:01,9382.55,QII87826,NNAAIVLQLPQ,152,134.0
76,HLA-DRB108:01,9407.51,QII87826,NSSPDDQIGYY,76,135.0
5,HLA-DRB108:01,9409.77,QII87826,PQNQRNAPRIT,5,136.0
210,HLA-DRB108:01,9434.77,QII87826,AGNGGDAALAL,210,137.0
65,HLA-DRB108:01,9462.3,QII87826,FPRGQGVPINT,65,138.0
122,HLA-DRB108:01,9501.82,QII87826,YGANKDGIIWV,122,139.0
153,HLA-DRB108:01,9585.08,QII87826,NAAIVLQLPQG,153,140.0
155,HLA-DRB108:01,9807.91,QII87826,AIVLQLPQGTT,155,141.0
54,HLA-DRB108:01,9831.34,QII87826,ALTQHGKEDLK,54,142.0
13,HLA-DRB108:01,9858.55,QII87826,RITFGGPSDST,13,143.0
315,HLA-DRB108:01,9867.94,QII87826,GMSRIGMEVTP,315,144.0
267,HLA-DRB108:01,9882.06,QII87826,YNVTQAFGRRG,267,145.0
302,HLA-DRB108:01,9902.99,QII87826,QIAQFAPSASA,302,146.0
163,HLA-DRB108:01,9903.54,QII87826,GTTLPKGFYAE,163,147.0
284,HLA-DRB108:01,9908.27,QII87826,NFGDQELIRQG,284,148.0
43,HLA-DRB108:01,9935.19,QII87826,GLPNNTASWFT,43,149.0
401,HLA-DRB108:01,10000.44,QII87826,DFSKQLQQSMS,401,150.0
133,HLA-DRB108:01,10033.49,QII87826,ATEGALNTPKD,133,151.0
289,HLA-DRB108:01,10057.5,QII87826,ELIRQGTDYKH,289,152.0
271,HLA-DRB108:01,10127.7,QII87826,QAFGRRGPEQT,271,153.0
268,HLA-DRB108:01,10200.97,QII87826,NVTQAFGRRGP,268,154.0
90,HLA-DRB108:01,10226.42,QII87826,TRRIRGGDGKM,90,155.0
333,HLA-DRB108:01,10230.97,QII87826,TGAIKLDDKDP,333,156.0
382,HLA-DRB108:01,10250.85,QII87826,PQRQKKQQTVT,382,157.0
141,HLA-DRB108:01,10337.48,QII87826,PKDHIGTRNPA,141,158.0
383,HLA-DRB108:01,10376.81,QII87826,QRQKKQQTVTL,383,159.0
377,HLA-DRB108:01,10400.33,QII87826,ETQALPQRQKK,377,160.0
114,HLA-DRB108:01,10414.88,QII87826,TGPEAGLPYGA,114,161.0
264,HLA-DRB108:01,10445.45,QII87826,TKAYNVTQAFG,264,162.0
145,HLA-DRB108:01,10452.44,QII87826,IGTRNPANNAA,145,163.0
221,HLA-DRB108:01,10481.8,QII87826,LLLDRLNQLES,221,164.0
231,HLA-DRB108:01,10508.98,QII87826,SKMSGKGQQQQ,231,165.0
199,HLA-DRB108:01,10522.97,QII87826,GSSRGTSPARM,199,166.0
64,HLA-DRB108:01,10623.07,QII87826,KFPRGQGVPIN,64,167.0
298,HLA-DRB108:01,10649.04,QII87826,KHWPQIAQFAP,298,168.0
230,HLA-DRB108:01,10649.43,QII87826,ESKMSGKGQQQ,230,169.0
7,HLA-DRB108:01,10656.49,QII87826,NQRNAPRITFG,7,170.0
82,HLA-DRB108:01,10823.05,QII87826,QIGYYRRATRR,82,171.0
147,HLA-DRB108:01,10831.56,QII87826,TRNPANNAAIV,147,172.0
266,HLA-DRB108:01,10844.63,QII87826,AYNVTQAFGRR,266,173.0
181,HLA-DRB108:01,10845.71,QII87826,ASSRSSSRSRN,181,174.0
328,HLA-DRB108:01,10911.91,QII87826,TWLTYTGAIKL,328,175.0
296,HLA-DRB108:01,11044.08,QII87826,DYKHWPQIAQF,296,176.0
108,HLA-DRB108:01,11056.86,QII87826,YFYYLGTGPEA,108,177.0
386,HLA-DRB108:01,11058.98,QII87826,KKQQTVTLLPA,386,178.0
408,HLA-DRB108:01,11085.17,QII87826,QSMSSADSTQA,408,179.0
132,HLA-DRB108:01,11109.11,QII87826,VATEGALNTPK,132,180.0
9,HLA-DRB108:01,11319.17,QII87826,RNAPRITFGGP,9,181.0
208,HLA-DRB108:01,11368.38,QII87826,RMAGNGGDAAL,208,182.0
324,HLA-DRB108:01,11402.44,QII87826,TPSGTWLTYTG,324,183.0
88,HLA-DRB108:01,11409.13,QII87826,RATRRIRGGDG,88,184.0
158,HLA-DRB108:01,11411.3,QII87826,LQLPQGTTLPK,158,185.0
225,HLA-DRB108:01,11412.69,QII87826,RLNQLESKMSG,225,186.0
112,HLA-DRB108:01,11428.83,QII87826,LGTGPEAGLPY,112,187.0
78,HLA-DRB108:01,11468.29,QII87826,SPDDQIGYYRR,78,188.0
395,HLA-DRB108:01,11511.26,QII87826,PAADLDDFSKQ,395,189.0
73,HLA-DRB108:01,11549.22,QII87826,INTNSSPDDQI,73,190.0
126,HLA-DRB108:01,11575.11,QII87826,KDGIIWVATEG,126,191.0
335,HLA-DRB108:01,11583.34,QII87826,AIKLDDKDPNF,335,192.0
360,HLA-DRB108:01,11644.62,QII87826,KTFPPTEPKKD,360,193.0
258,HLA-DRB108:01,11704.56,QII87826,RQKRTATKAYN,258,194.0
97,HLA-DRB108:01,11726.87,QII87826,DGKMKDLSPRW,97,195.0
317,HLA-DRB108:01,11739.8,QII87826,SRIGMEVTPSG,317,196.0
98,HLA-DRB108:01,11772.04,QII87826,GKMKDLSPRWY,98,197.0
354,HLA-DRB108:01,11813.88,QII87826,KHIDAYKTFPP,354,198.0
407,HLA-DRB108:01,11896.45,QII87826,QQSMSSADSTQ,407,199.0
125,HLA-DRB108:01,11964.79,QII87826,NKDGIIWVATE,125,200.0
402,HLA-DRB108:01,11967.64,QII87826,FSKQLQQSMSS,402,201.0
164,HLA-DRB108:01,11975.57,QII87826,TTLPKGFYAEG,164,202.0
8,HLA-DRB108:01,12136.13,QII87826,QRNAPRITFGG,8,203.0
81,HLA-DRB108:01,12160.49,QII87826,DQIGYYRRATR,81,204.0
77,HLA-DRB108:01,12206.99,QII87826,SSPDDQIGYYR,77,205.0
323,HLA-DRB108:01,12278.34,QII87826,VTPSGTWLTYT,323,206.0
194,HLA-DRB108:01,12310.67,QII87826,RNSTPGSSRGT,194,207.0
30,HLA-DRB108:01,12339.11,QII87826,ERSGARSKQRR,30,208.0
316,HLA-DRB108:01,12356.29,QII87826,MSRIGMEVTPS,316,209.0
180,HLA-DRB108:01,12356.51,QII87826,QASSRSSSRSR,180,210.0
254,HLA-DRB108:01,12402.29,QII87826,SKKPRQKRTAT,254,211.0
325,HLA-DRB108:01,12407.79,QII87826,PSGTWLTYTGA,325,212.0
240,HLA-DRB108:01,12408.53,QII87826,QQGQTVTKKSA,240,213.0
227,HLA-DRB108:01,12598.2,QII87826,NQLESKMSGKG,227,214.0
403,HLA-DRB108:01,12598.27,QII87826,SKQLQQSMSSA,403,215.0
80,HLA-DRB108:01,12642.57,QII87826,DDQIGYYRRAT,80,216.0
283,HLA-DRB108:01,12684.43,QII87826,GNFGDQELIRQ,283,217.0
287,HLA-DRB108:01,12688.79,QII87826,DQELIRQGTDY,287,218.0
362,HLA-DRB108:01,12693.48,QII87826,FPPTEPKKDKK,362,219.0
167,HLA-DRB108:01,12713.85,QII87826,PKGFYAEGSRG,167,220.0
42,HLA-DRB108:01,12721.37,QII87826,QGLPNNTASWF,42,221.0
179,HLA-DRB108:01,12778.6,QII87826,SQASSRSSSRS,179,222.0
29,HLA-DRB108:01,12793.24,QII87826,GERSGARSKQR,29,223.0
239,HLA-DRB108:01,12813.46,QII87826,QQQGQTVTKKS,239,224.0
200,HLA-DRB108:01,12831.85,QII87826,SSRGTSPARMA,200,225.0
57,HLA-DRB108:01,12840.48,QII87826,QHGKEDLKFPR,57,226.0
251,HLA-DRB108:01,12928.71,QII87826,AEASKKPRQKR,251,227.0
310,HLA-DRB108:01,12941.87,QII87826,ASAFFGMSRIG,310,228.0
138,HLA-DRB108:01,12958.67,QII87826,LNTPKDHIGTR,138,229.0
236,HLA-DRB108:01,12961.34,QII87826,KGQQQQGQTVT,236,230.0
39,HLA-DRB108:01,12983.86,QII87826,RRPQGLPNNTA,39,231.0
14,HLA-DRB108:01,13161.19,QII87826,ITFGGPSDSTG,14,232.0
244,HLA-DRB108:01,13261.04,QII87826,TVTKKSAAEAS,244,233.0
280,HLA-DRB108:01,13326.94,QII87826,QTQGNFGDQEL,280,234.0
185,HLA-DRB108:01,13345.09,QII87826,SSSRSRNSSRN,185,235.0
308,HLA-DRB108:01,13403.99,QII87826,PSASAFFGMSR,308,236.0
143,HLA-DRB108:01,13407.46,QII87826,DHIGTRNPANN,143,237.0
396,HLA-DRB108:01,13414.45,QII87826,AADLDDFSKQL,396,238.0
295,HLA-DRB108:01,13486.65,QII87826,TDYKHWPQIAQ,295,239.0
275,HLA-DRB108:01,13557.47,QII87826,RRGPEQTQGNF,275,240.0
56,HLA-DRB108:01,13725.07,QII87826,TQHGKEDLKFP,56,241.0
361,HLA-DRB108:01,13743.32,QII87826,TFPPTEPKKDK,361,242.0
344,HLA-DRB108:01,13754.03,QII87826,NFKDQVILLNK,344,243.0
232,HLA-DRB108:01,13801.44,QII87826,KMSGKGQQQQG,232,244.0
4,HLA-DRB108:01,13826.65,QII87826,GPQNQRNAPRI,4,245.0
184,HLA-DRB108:01,13843.21,QII87826,RSSSRSRNSSR,184,246.0
165,HLA-DRB108:01,13907.06,QII87826,TLPKGFYAEGS,165,247.0
359,HLA-DRB108:01,13909.9,QII87826,YKTFPPTEPKK,359,248.0
166,HLA-DRB108:01,13918.76,QII87826,LPKGFYAEGSR,166,249.0
385,HLA-DRB108:01,13952.03,QII87826,QKKQQTVTLLP,385,250.0
355,HLA-DRB108:01,13964.64,QII87826,HIDAYKTFPPT,355,251.0
272,HLA-DRB108:01,13999.11,QII87826,AFGRRGPEQTQ,272,252.0
62,HLA-DRB108:01,14008.16,QII87826,DLKFPRGQGVP,62,253.0
256,HLA-DRB108:01,14063.03,QII87826,KPRQKRTATKA,256,254.0
398,HLA-DRB108:01,14137.82,QII87826,DLDDFSKQLQQ,398,255.0
37,HLA-DRB108:01,14173.99,QII87826,KQRRPQGLPNN,37,256.0
301,HLA-DRB108:01,14175.67,QII87826,PQIAQFAPSAS,301,257.0
61,HLA-DRB108:01,14251.31,QII87826,EDLKFPRGQGV,61,258.0
35,HLA-DRB108:01,14335.53,QII87826,RSKQRRPQGLP,35,259.0
74,HLA-DRB108:01,14376.55,QII87826,NTNSSPDDQIG,74,260.0
300,HLA-DRB108:01,14451.87,QII87826,WPQIAQFAPSA,300,261.0
142,HLA-DRB108:01,14483.99,QII87826,KDHIGTRNPAN,142,262.0
288,HLA-DRB108:01,14547.32,QII87826,QELIRQGTDYK,288,263.0
307,HLA-DRB108:01,14563.34,QII87826,APSASAFFGMS,307,264.0
207,HLA-DRB108:01,14599.45,QII87826,ARMAGNGGDAA,207,265.0
233,HLA-DRB108:01,14615.39,QII87826,MSGKGQQQQGQ,233,266.0
243,HLA-DRB108:01,14631.7,QII87826,QTVTKKSAAEA,243,267.0
111,HLA-DRB108:01,14654.35,QII87826,YLGTGPEAGLP,111,268.0
238,HLA-DRB108:01,14703.46,QII87826,QQQQGQTVTKK,238,269.0
157,HLA-DRB108:01,14717.64,QII87826,VLQLPQGTTLP,157,270.0
286,HLA-DRB108:01,14844.17,QII87826,GDQELIRQGTD,286,271.0
273,HLA-DRB108:01,14919.82,QII87826,FGRRGPEQTQG,273,272.0
248,HLA-DRB108:01,15032.76,QII87826,KSAAEASKKPR,248,273.0
235,HLA-DRB108:01,15091.19,QII87826,GKGQQQQGQTV,235,274.0
156,HLA-DRB108:01,15125.0,QII87826,IVLQLPQGTTL,156,275.0
190,HLA-DRB108:01,15174.26,QII87826,RNSSRNSTPGS,190,276.0
337,HLA-DRB108:01,15196.43,QII87826,KLDDKDPNFKD,337,277.0
134,HLA-DRB108:01,15217.07,QII87826,TEGALNTPKDH,134,278.0
234,HLA-DRB108:01,15245.14,QII87826,SGKGQQQQGQT,234,279.0
58,HLA-DRB108:01,15246.62,QII87826,HGKEDLKFPRG,58,280.0
374,HLA-DRB108:01,15312.83,QII87826,KADETQALPQR,374,281.0
206,HLA-DRB108:01,15322.08,QII87826,PARMAGNGGDA,206,282.0
365,HLA-DRB108:01,15366.26,QII87826,TEPKKDKKKKA,365,283.0
253,HLA-DRB108:01,15403.59,QII87826,ASKKPRQKRTA,253,284.0
269,HLA-DRB108:01,15438.88,QII87826,VTQAFGRRGPE,269,285.0
149,HLA-DRB108:01,15438.9,QII87826,NPANNAAIVLQ,149,286.0
404,HLA-DRB108:01,15510.98,QII87826,KQLQQSMSSAD,404,287.0
36,HLA-DRB108:01,15623.22,QII87826,SKQRRPQGLPN,36,288.0
242,HLA-DRB108:01,15637.31,QII87826,GQTVTKKSAAE,242,289.0
375,HLA-DRB108:01,15650.29,QII87826,ADETQALPQRQ,375,290.0
334,HLA-DRB108:01,15735.67,QII87826,GAIKLDDKDPN,334,291.0
118,HLA-DRB108:01,15783.42,QII87826,AGLPYGANKDG,118,292.0
171,HLA-DRB108:01,15808.13,QII87826,YAEGSRGGSQA,171,293.0
339,HLA-DRB108:01,15818.56,QII87826,DDKDPNFKDQV,339,294.0
195,HLA-DRB108:01,15831.95,QII87826,NSTPGSSRGTS,195,295.0
250,HLA-DRB108:01,15884.3,QII87826,AAEASKKPRQK,250,296.0
327,HLA-DRB108:01,15978.99,QII87826,GTWLTYTGAIK,327,297.0
40,HLA-DRB108:01,15987.66,QII87826,RPQGLPNNTAS,40,298.0
140,HLA-DRB108:01,15990.48,QII87826,TPKDHIGTRNP,140,299.0
376,HLA-DRB108:01,15998.87,QII87826,DETQALPQRQK,376,300.0
279,HLA-DRB108:01,16020.34,QII87826,EQTQGNFGDQE,279,301.0
189,HLA-DRB108:01,16023.55,QII87826,SRNSSRNSTPG,189,302.0
1,HLA-DRB108:01,16051.55,QII87826,SDNGPQNQRNA,1,303.0
178,HLA-DRB108:01,16052.33,QII87826,GSQASSRSSSR,178,304.0
276,HLA-DRB108:01,16054.32,QII87826,RGPEQTQGNFG,276,305.0
351,HLA-DRB108:01,16074.47,QII87826,LLNKHIDAYKT,351,306.0
363,HLA-DRB108:01,16088.97,QII87826,PPTEPKKDKKK,363,307.0
226,HLA-DRB108:01,16093.48,QII87826,LNQLESKMSGK,226,308.0
252,HLA-DRB108:01,16137.72,QII87826,EASKKPRQKRT,252,309.0
291,HLA-DRB108:01,16164.39,QII87826,IRQGTDYKHWP,291,310.0
270,HLA-DRB108:01,16240.63,QII87826,TQAFGRRGPEQ,270,311.0
249,HLA-DRB108:01,16252.05,QII87826,SAAEASKKPRQ,249,312.0
274,HLA-DRB108:01,16383.79,QII87826,GRRGPEQTQGN,274,313.0
202,HLA-DRB108:01,16400.08,QII87826,RGTSPARMAGN,202,314.0
31,HLA-DRB108:01,16428.42,QII87826,RSGARSKQRRP,31,315.0
93,HLA-DRB108:01,16504.06,QII87826,IRGGDGKMKDL,93,316.0
173,HLA-DRB108:01,16592.16,QII87826,EGSRGGSQASS,173,317.0
245,HLA-DRB108:01,16637.35,QII87826,VTKKSAAEASK,245,318.0
15,HLA-DRB108:01,16682.14,QII87826,TFGGPSDSTGS,15,319.0
205,HLA-DRB108:01,16683.78,QII87826,SPARMAGNGGD,205,320.0
357,HLA-DRB108:01,16853.74,QII87826,DAYKTFPPTEP,357,321.0
67,HLA-DRB108:01,16865.65,QII87826,RGQGVPINTNS,67,322.0
89,HLA-DRB108:01,16883.92,QII87826,ATRRIRGGDGK,89,323.0
172,HLA-DRB108:01,16963.59,QII87826,AEGSRGGSQAS,172,324.0
405,HLA-DRB108:01,16985.35,QII87826,QLQQSMSSADS,405,325.0
23,HLA-DRB108:01,17025.26,QII87826,TGSNQNGERSG,23,326.0
299,HLA-DRB108:01,17033.73,QII87826,HWPQIAQFAPS,299,327.0
277,HLA-DRB108:01,17046.61,QII87826,GPEQTQGNFGD,277,328.0
201,HLA-DRB108:01,17063.97,QII87826,SRGTSPARMAG,201,329.0
33,HLA-DRB108:01,17108.22,QII87826,GARSKQRRPQG,33,330.0
19,HLA-DRB108:01,17113.27,QII87826,PSDSTGSNQNG,19,331.0
204,HLA-DRB108:01,17148.22,QII87826,TSPARMAGNGG,204,332.0
113,HLA-DRB108:01,17180.36,QII87826,GTGPEAGLPYG,113,333.0
32,HLA-DRB108:01,17204.46,QII87826,SGARSKQRRPQ,32,334.0
191,HLA-DRB108:01,17239.88,QII87826,NSSRNSTPGSS,191,335.0
358,HLA-DRB108:01,17247.28,QII87826,AYKTFPPTEPK,358,336.0
11,HLA-DRB108:01,17293.44,QII87826,APRITFGGPSD,11,337.0
278,HLA-DRB108:01,17412.88,QII87826,PEQTQGNFGDQ,278,338.0
345,HLA-DRB108:01,17480.55,QII87826,FKDQVILLNKH,345,339.0
224,HLA-DRB108:01,17714.26,QII87826,DRLNQLESKMS,224,340.0
397,HLA-DRB108:01,17765.82,QII87826,ADLDDFSKQLQ,397,341.0
246,HLA-DRB108:01,17771.57,QII87826,TKKSAAEASKK,246,342.0
66,HLA-DRB108:01,17787.5,QII87826,PRGQGVPINTN,66,343.0
27,HLA-DRB108:01,17803.79,QII87826,QNGERSGARSK,27,344.0
364,HLA-DRB108:01,17891.98,QII87826,PTEPKKDKKKK,364,345.0
192,HLA-DRB108:01,17923.9,QII87826,SSRNSTPGSSR,192,346.0
336,HLA-DRB108:01,17963.82,QII87826,IKLDDKDPNFK,336,347.0
91,HLA-DRB108:01,17967.41,QII87826,RRIRGGDGKMK,91,348.0
176,HLA-DRB108:01,18321.76,QII87826,RGGSQASSRSS,176,349.0
117,HLA-DRB108:01,18401.76,QII87826,EAGLPYGANKD,117,350.0
198,HLA-DRB108:01,18418.01,QII87826,PGSSRGTSPAR,198,351.0
26,HLA-DRB108:01,18442.54,QII87826,NQNGERSGARS,26,352.0
237,HLA-DRB108:01,18482.53,QII87826,GQQQQGQTVTK,237,353.0
96,HLA-DRB108:01,18524.93,QII87826,GDGKMKDLSPR,96,354.0
60,HLA-DRB108:01,18530.72,QII87826,KEDLKFPRGQG,60,355.0
366,HLA-DRB108:01,18669.49,QII87826,EPKKDKKKKAD,366,356.0
203,HLA-DRB108:01,18692.53,QII87826,GTSPARMAGNG,203,357.0
92,HLA-DRB108:01,18736.3,QII87826,RIRGGDGKMKD,92,358.0
41,HLA-DRB108:01,18772.93,QII87826,PQGLPNNTASW,41,359.0
222,HLA-DRB108:01,18786.24,QII87826,LLDRLNQLESK,222,360.0
139,HLA-DRB108:01,18855.05,QII87826,NTPKDHIGTRN,139,361.0
28,HLA-DRB108:01,18925.01,QII87826,NGERSGARSKQ,28,362.0
10,HLA-DRB108:01,19139.16,QII87826,NAPRITFGGPS,10,363.0
106,HLA-DRB108:01,19316.58,QII87826,RWYFYYLGTGP,106,364.0
175,HLA-DRB108:01,19338.35,QII87826,SRGGSQASSRS,175,365.0
24,HLA-DRB108:01,19383.9,QII87826,GSNQNGERSGA,24,366.0
209,HLA-DRB108:01,19571.58,QII87826,MAGNGGDAALA,209,367.0
196,HLA-DRB108:01,19841.11,QII87826,STPGSSRGTSP,196,368.0
193,HLA-DRB108:01,19907.05,QII87826,SRNSTPGSSRG,193,369.0
59,HLA-DRB108:01,19952.43,QII87826,GKEDLKFPRGQ,59,370.0
247,HLA-DRB108:01,20141.35,QII87826,KKSAAEASKKP,247,371.0
371,HLA-DRB108:01,20161.61,QII87826,KKKKADETQAL,371,372.0
20,HLA-DRB108:01,20245.19,QII87826,SDSTGSNQNGE,20,373.0
338,HLA-DRB108:01,20305.44,QII87826,LDDKDPNFKDQ,338,374.0
25,HLA-DRB108:01,20666.21,QII87826,SNQNGERSGAR,25,375.0
12,HLA-DRB108:01,20735.9,QII87826,PRITFGGPSDS,12,376.0
188,HLA-DRB108:01,20796.34,QII87826,RSRNSSRNSTP,188,377.0
255,HLA-DRB108:01,20799.54,QII87826,KKPRQKRTATK,255,378.0
177,HLA-DRB108:01,21082.83,QII87826,GGSQASSRSSS,177,379.0
174,HLA-DRB108:01,21174.57,QII87826,GSRGGSQASSR,174,380.0
372,HLA-DRB108:01,21317.43,QII87826,KKKADETQALP,372,381.0
197,HLA-DRB108:01,21719.97,QII87826,TPGSSRGTSPA,197,382.0
373,HLA-DRB108:01,21730.65,QII87826,KKADETQALPQ,373,383.0
0,HLA-DRB108:01,21844.69,QII87826,MSDNGPQNQRN,0,384.0
105,HLA-DRB108:01,21979.32,QII87826,PRWYFYYLGTG,105,385.0
356,HLA-DRB108:01,22008.34,QII87826,IDAYKTFPPTE,356,386.0
72,HLA-DRB108:01,22025.97,QII87826,PINTNSSPDDQ,72,387.0
94,HLA-DRB108:01,22210.17,QII87826,RGGDGKMKDLS,94,388.0
95,HLA-DRB108:01,22430.76,QII87826,GGDGKMKDLSP,95,389.0
115,HLA-DRB108:01,22485.41,QII87826,GPEAGLPYGAN,115,390.0
68,HLA-DRB108:01,22591.26,QII87826,GQGVPINTNSS,68,391.0
69,HLA-DRB108:01,22734.45,QII87826,QGVPINTNSSP,69,392.0
350,HLA-DRB108:01,22857.93,QII87826,ILLNKHIDAYK,350,393.0
21,HLA-DRB108:01,22928.3,QII87826,DSTGSNQNGER,21,394.0
22,HLA-DRB108:01,23181.68,QII87826,STGSNQNGERS,22,395.0
292,HLA-DRB108:01,23190.58,QII87826,RQGTDYKHWPQ,292,396.0
18,HLA-DRB108:01,23396.83,QII87826,GPSDSTGSNQN,18,397.0
2,HLA-DRB108:01,23850.13,QII87826,DNGPQNQRNAP,2,398.0
107,HLA-DRB108:01,23877.48,QII87826,WYFYYLGTGPE,107,399.0
367,HLA-DRB108:01,24312.51,QII87826,PKKDKKKKADE,367,400.0
71,HLA-DRB108:01,24481.26,QII87826,VPINTNSSPDD,71,401.0
16,HLA-DRB108:01,24653.85,QII87826,FGGPSDSTGSN,16,402.0
370,HLA-DRB108:01,25122.91,QII87826,DKKKKADETQA,370,403.0
116,HLA-DRB108:01,25316.37,QII87826,PEAGLPYGANK,116,404.0
3,HLA-DRB108:01,25597.98,QII87826,NGPQNQRNAPR,3,405.0
17,HLA-DRB108:01,26023.96,QII87826,GGPSDSTGSNQ,17,406.0
70,HLA-DRB108:01,26451.98,QII87826,GVPINTNSSPD,70,407.0
369,HLA-DRB108:01,28068.31,QII87826,KDKKKKADETQ,369,408.0
368,HLA-DRB108:01,28663.57,QII87826,KKDKKKKADET,368,409.0
311,HLA-DRB111:01,41.54,QII87826,SAFFGMSRIGM,311,1.0
312,HLA-DRB111:01,49.91,QII87826,AFFGMSRIGME,312,2.0
87,HLA-DRB111:01,105.56,QII87826,RRATRRIRGGD,87,3.0
313,HLA-DRB111:01,224.21,QII87826,FFGMSRIGMEV,313,4.0
85,HLA-DRB111:01,287.56,QII87826,YYRRATRRIRG,85,5.0
49,HLA-DRB111:01,309.06,QII87826,ASWFTALTQHG,49,6.0
86,HLA-DRB111:01,370.33,QII87826,YRRATRRIRGG,86,7.0
216,HLA-DRB111:01,412.94,QII87826,AALALLLLDRL,216,8.0
218,HLA-DRB111:01,426.78,QII87826,LALLLLDRLNQ,218,9.0
232,HLA-DRB111:01,440.31,QII87826,KMSGKGQQQQG,232,10.0
310,HLA-DRB111:01,453.57,QII87826,ASAFFGMSRIG,310,11.0
47,HLA-DRB111:01,508.13,QII87826,NTASWFTALTQ,47,12.0
380,HLA-DRB111:01,540.79,QII87826,ALPQRQKKQQT,380,13.0
126,HLA-DRB111:01,570.57,QII87826,KDGIIWVATEG,126,14.0
51,HLA-DRB111:01,823.61,QII87826,WFTALTQHGKE,51,15.0
88,HLA-DRB111:01,882.2,QII87826,RATRRIRGGDG,88,16.0
109,HLA-DRB111:01,958.55,QII87826,FYYLGTGPEAG,109,17.0
229,HLA-DRB111:01,1052.53,QII87826,LESKMSGKGQQ,229,18.0
176,HLA-DRB111:01,1200.8,QII87826,RGGSQASSRSS,176,19.0
182,HLA-DRB111:01,1290.51,QII87826,SSRSSSRSRNS,182,20.0
231,HLA-DRB111:01,1294.76,QII87826,SKMSGKGQQQQ,231,21.0
269,HLA-DRB111:01,1316.46,QII87826,VTQAFGRRGPE,269,22.0
50,HLA-DRB111:01,1419.03,QII87826,SWFTALTQHGK,50,23.0
48,HLA-DRB111:01,1429.74,QII87826,TASWFTALTQH,48,24.0
30,HLA-DRB111:01,1517.79,QII87826,ERSGARSKQRR,30,25.0
348,HLA-DRB111:01,1527.28,QII87826,QVILLNKHIDA,348,26.0
285,HLA-DRB111:01,1533.42,QII87826,FGDQELIRQGT,285,27.0
318,HLA-DRB111:01,1587.74,QII87826,RIGMEVTPSGT,318,28.0
52,HLA-DRB111:01,1593.87,QII87826,FTALTQHGKED,52,29.0
183,HLA-DRB111:01,1598.92,QII87826,SRSSSRSRNSS,183,30.0
230,HLA-DRB111:01,1634.16,QII87826,ESKMSGKGQQQ,230,31.0
219,HLA-DRB111:01,1709.85,QII87826,ALLLLDRLNQL,219,32.0
330,HLA-DRB111:01,1735.6,QII87826,LTYTGAIKLDD,330,33.0
170,HLA-DRB111:01,1745.3,QII87826,FYAEGSRGGSQ,170,34.0
228,HLA-DRB111:01,1748.01,QII87826,QLESKMSGKGQ,228,35.0
405,HLA-DRB111:01,1758.26,QII87826,QLQQSMSSADS,405,36.0
347,HLA-DRB111:01,1758.96,QII87826,DQVILLNKHID,347,37.0
84,HLA-DRB111:01,1772.6,QII87826,GYYRRATRRIR,84,38.0
406,HLA-DRB111:01,1822.73,QII87826,LQQSMSSADST,406,39.0
127,HLA-DRB111:01,1837.26,QII87826,DGIIWVATEGA,127,40.0
404,HLA-DRB111:01,1915.34,QII87826,KQLQQSMSSAD,404,41.0
314,HLA-DRB111:01,2112.17,QII87826,FGMSRIGMEVT,314,42.0
29,HLA-DRB111:01,2131.21,QII87826,GERSGARSKQR,29,43.0
179,HLA-DRB111:01,2143.71,QII87826,SQASSRSSSRS,179,44.0
317,HLA-DRB111:01,2266.17,QII87826,SRIGMEVTPSG,317,45.0
298,HLA-DRB111:01,2307.35,QII87826,KHWPQIAQFAP,298,46.0
125,HLA-DRB111:01,2336.87,QII87826,NKDGIIWVATE,125,47.0
233,HLA-DRB111:01,2432.52,QII87826,MSGKGQQQQGQ,233,48.0
207,HLA-DRB111:01,2437.08,QII87826,ARMAGNGGDAA,207,49.0
309,HLA-DRB111:01,2449.5,QII87826,SASAFFGMSRI,309,50.0
175,HLA-DRB111:01,2557.24,QII87826,SRGGSQASSRS,175,51.0
220,HLA-DRB111:01,2709.96,QII87826,LLLLDRLNQLE,220,52.0
31,HLA-DRB111:01,2710.24,QII87826,RSGARSKQRRP,31,53.0
234,HLA-DRB111:01,3065.55,QII87826,SGKGQQQQGQT,234,54.0
177,HLA-DRB111:01,3089.14,QII87826,GGSQASSRSSS,177,55.0
379,HLA-DRB111:01,3117.39,QII87826,QALPQRQKKQQ,379,56.0
388,HLA-DRB111:01,3208.33,QII87826,QQTVTLLPAAD,388,57.0
284,HLA-DRB111:01,3235.05,QII87826,NFGDQELIRQG,284,58.0
153,HLA-DRB111:01,3262.4,QII87826,NAAIVLQLPQG,153,59.0
181,HLA-DRB111:01,3295.95,QII87826,ASSRSSSRSRN,181,60.0
215,HLA-DRB111:01,3302.34,QII87826,DAALALLLLDR,215,61.0
173,HLA-DRB111:01,3303.1,QII87826,EGSRGGSQASS,173,62.0
316,HLA-DRB111:01,3303.49,QII87826,MSRIGMEVTPS,316,63.0
180,HLA-DRB111:01,3340.19,QII87826,QASSRSSSRSR,180,64.0
329,HLA-DRB111:01,3351.12,QII87826,WLTYTGAIKLD,329,65.0
268,HLA-DRB111:01,3359.52,QII87826,NVTQAFGRRGP,268,66.0
225,HLA-DRB111:01,3432.84,QII87826,RLNQLESKMSG,225,67.0
33,HLA-DRB111:01,3441.63,QII87826,GARSKQRRPQG,33,68.0
326,HLA-DRB111:01,3505.32,QII87826,SGTWLTYTGAI,326,69.0
108,HLA-DRB111:01,3576.96,QII87826,YFYYLGTGPEA,108,70.0
267,HLA-DRB111:01,3659.53,QII87826,YNVTQAFGRRG,267,71.0
227,HLA-DRB111:01,3685.37,QII87826,NQLESKMSGKG,227,72.0
271,HLA-DRB111:01,3711.04,QII87826,QAFGRRGPEQT,271,73.0
83,HLA-DRB111:01,3752.72,QII87826,IGYYRRATRRI,83,74.0
214,HLA-DRB111:01,3773.19,QII87826,GDAALALLLLD,214,75.0
208,HLA-DRB111:01,3773.53,QII87826,RMAGNGGDAAL,208,76.0
213,HLA-DRB111:01,3803.71,QII87826,GGDAALALLLL,213,77.0
174,HLA-DRB111:01,3999.96,QII87826,GSRGGSQASSR,174,78.0
332,HLA-DRB111:01,4016.7,QII87826,YTGAIKLDDKD,332,79.0
124,HLA-DRB111:01,4037.8,QII87826,ANKDGIIWVAT,124,80.0
172,HLA-DRB111:01,4041.75,QII87826,AEGSRGGSQAS,172,81.0
217,HLA-DRB111:01,4091.29,QII87826,ALALLLLDRLN,217,82.0
184,HLA-DRB111:01,4167.06,QII87826,RSSSRSRNSSR,184,83.0
325,HLA-DRB111:01,4204.0,QII87826,PSGTWLTYTGA,325,84.0
46,HLA-DRB111:01,4298.17,QII87826,NNTASWFTALT,46,85.0
206,HLA-DRB111:01,4360.84,QII87826,PARMAGNGGDA,206,86.0
187,HLA-DRB111:01,4528.13,QII87826,SRSRNSSRNST,187,87.0
274,HLA-DRB111:01,4553.87,QII87826,GRRGPEQTQGN,274,88.0
387,HLA-DRB111:01,4645.62,QII87826,KQQTVTLLPAA,387,89.0
171,HLA-DRB111:01,4670.91,QII87826,YAEGSRGGSQA,171,90.0
381,HLA-DRB111:01,4750.17,QII87826,LPQRQKKQQTV,381,91.0
123,HLA-DRB111:01,4775.21,QII87826,GANKDGIIWVA,123,92.0
186,HLA-DRB111:01,4867.37,QII87826,SSRSRNSSRNS,186,93.0
346,HLA-DRB111:01,4887.75,QII87826,KDQVILLNKHI,346,94.0
146,HLA-DRB111:01,4939.39,QII87826,GTRNPANNAAI,146,95.0
349,HLA-DRB111:01,4975.76,QII87826,VILLNKHIDAY,349,96.0
297,HLA-DRB111:01,5098.4,QII87826,YKHWPQIAQFA,297,97.0
128,HLA-DRB111:01,5104.1,QII87826,GIIWVATEGAL,128,98.0
324,HLA-DRB111:01,5222.71,QII87826,TPSGTWLTYTG,324,99.0
150,HLA-DRB111:01,5228.76,QII87826,PANNAAIVLQL,150,100.0
154,HLA-DRB111:01,5360.07,QII87826,AAIVLQLPQGT,154,101.0
363,HLA-DRB111:01,5445.11,QII87826,PPTEPKKDKKK,363,102.0
152,HLA-DRB111:01,5461.07,QII87826,NNAAIVLQLPQ,152,103.0
273,HLA-DRB111:01,5624.2,QII87826,FGRRGPEQTQG,273,104.0
45,HLA-DRB111:01,5649.72,QII87826,PNNTASWFTAL,45,105.0
315,HLA-DRB111:01,5665.4,QII87826,GMSRIGMEVTP,315,106.0
103,HLA-DRB111:01,5793.28,QII87826,LSPRWYFYYLG,103,107.0
106,HLA-DRB111:01,5865.74,QII87826,RWYFYYLGTGP,106,108.0
168,HLA-DRB111:01,5940.09,QII87826,KGFYAEGSRGG,168,109.0
212,HLA-DRB111:01,6073.6,QII87826,NGGDAALALLL,212,110.0
205,HLA-DRB111:01,6269.51,QII87826,SPARMAGNGGD,205,111.0
185,HLA-DRB111:01,6391.73,QII87826,SSSRSRNSSRN,185,112.0
210,HLA-DRB111:01,6391.95,QII87826,AGNGGDAALAL,210,113.0
44,HLA-DRB111:01,6469.13,QII87826,LPNNTASWFTA,44,114.0
178,HLA-DRB111:01,6614.52,QII87826,GSQASSRSSSR,178,115.0
99,HLA-DRB111:01,6823.06,QII87826,KMKDLSPRWYF,99,116.0
286,HLA-DRB111:01,6841.9,QII87826,GDQELIRQGTD,286,117.0
211,HLA-DRB111:01,6952.53,QII87826,GNGGDAALALL,211,118.0
89,HLA-DRB111:01,6982.59,QII87826,ATRRIRGGDGK,89,119.0
399,HLA-DRB111:01,7044.96,QII87826,LDDFSKQLQQS,399,120.0
331,HLA-DRB111:01,7052.04,QII87826,TYTGAIKLDDK,331,121.0
163,HLA-DRB111:01,7071.62,QII87826,GTTLPKGFYAE,163,122.0
258,HLA-DRB111:01,7076.36,QII87826,RQKRTATKAYN,258,123.0
159,HLA-DRB111:01,7169.59,QII87826,QLPQGTTLPKG,159,124.0
378,HLA-DRB111:01,7173.54,QII87826,TQALPQRQKKQ,378,125.0
270,HLA-DRB111:01,7209.94,QII87826,TQAFGRRGPEQ,270,126.0
221,HLA-DRB111:01,7210.42,QII87826,LLLDRLNQLES,221,127.0
201,HLA-DRB111:01,7240.72,QII87826,SRGTSPARMAG,201,128.0
142,HLA-DRB111:01,7250.89,QII87826,KDHIGTRNPAN,142,129.0
130,HLA-DRB111:01,7391.37,QII87826,IWVATEGALNT,130,130.0
169,HLA-DRB111:01,7400.76,QII87826,GFYAEGSRGGS,169,131.0
13,HLA-DRB111:01,7434.81,QII87826,RITFGGPSDST,13,132.0
110,HLA-DRB111:01,7627.06,QII87826,YYLGTGPEAGL,110,133.0
160,HLA-DRB111:01,7758.66,QII87826,LPQGTTLPKGF,160,134.0
119,HLA-DRB111:01,7841.53,QII87826,GLPYGANKDGI,119,135.0
65,HLA-DRB111:01,7896.0,QII87826,FPRGQGVPINT,65,136.0
151,HLA-DRB111:01,7933.58,QII87826,ANNAAIVLQLP,151,137.0
53,HLA-DRB111:01,7973.44,QII87826,TALTQHGKEDL,53,138.0
209,HLA-DRB111:01,8358.67,QII87826,MAGNGGDAALA,209,139.0
28,HLA-DRB111:01,8657.46,QII87826,NGERSGARSKQ,28,140.0
39,HLA-DRB111:01,8726.84,QII87826,RRPQGLPNNTA,39,141.0
391,HLA-DRB111:01,8756.67,QII87826,VTLLPAADLDD,391,142.0
236,HLA-DRB111:01,8943.51,QII87826,KGQQQQGQTVT,236,143.0
241,HLA-DRB111:01,8978.23,QII87826,QGQTVTKKSAA,241,144.0
283,HLA-DRB111:01,9128.27,QII87826,GNFGDQELIRQ,283,145.0
386,HLA-DRB111:01,9259.26,QII87826,KKQQTVTLLPA,386,146.0
26,HLA-DRB111:01,9421.22,QII87826,NQNGERSGARS,26,147.0
92,HLA-DRB111:01,9485.28,QII87826,RIRGGDGKMKD,92,148.0
144,HLA-DRB111:01,9621.25,QII87826,HIGTRNPANNA,144,149.0
322,HLA-DRB111:01,9629.21,QII87826,EVTPSGTWLTY,322,150.0
266,HLA-DRB111:01,9640.96,QII87826,AYNVTQAFGRR,266,151.0
143,HLA-DRB111:01,9712.54,QII87826,DHIGTRNPANN,143,152.0
306,HLA-DRB111:01,9762.38,QII87826,FAPSASAFFGM,306,153.0
333,HLA-DRB111:01,9925.68,QII87826,TGAIKLDDKDP,333,154.0
265,HLA-DRB111:01,10071.48,QII87826,KAYNVTQAFGR,265,155.0
362,HLA-DRB111:01,10077.74,QII87826,FPPTEPKKDKK,362,156.0
98,HLA-DRB111:01,10136.12,QII87826,GKMKDLSPRWY,98,157.0
164,HLA-DRB111:01,10141.63,QII87826,TTLPKGFYAEG,164,158.0
63,HLA-DRB111:01,10166.44,QII87826,LKFPRGQGVPI,63,159.0
257,HLA-DRB111:01,10211.85,QII87826,PRQKRTATKAY,257,160.0
226,HLA-DRB111:01,10254.41,QII87826,LNQLESKMSGK,226,161.0
204,HLA-DRB111:01,10255.29,QII87826,TSPARMAGNGG,204,162.0
377,HLA-DRB111:01,10286.82,QII87826,ETQALPQRQKK,377,163.0
141,HLA-DRB111:01,10518.41,QII87826,PKDHIGTRNPA,141,164.0
235,HLA-DRB111:01,10535.03,QII87826,GKGQQQQGQTV,235,165.0
120,HLA-DRB111:01,10575.53,QII87826,LPYGANKDGII,120,166.0
32,HLA-DRB111:01,10653.25,QII87826,SGARSKQRRPQ,32,167.0
100,HLA-DRB111:01,10781.05,QII87826,MKDLSPRWYFY,100,168.0
66,HLA-DRB111:01,10784.99,QII87826,PRGQGVPINTN,66,169.0
203,HLA-DRB111:01,10815.11,QII87826,GTSPARMAGNG,203,170.0
400,HLA-DRB111:01,10953.2,QII87826,DDFSKQLQQSM,400,171.0
382,HLA-DRB111:01,11053.26,QII87826,PQRQKKQQTVT,382,172.0
91,HLA-DRB111:01,11096.6,QII87826,RRIRGGDGKMK,91,173.0
408,HLA-DRB111:01,11108.46,QII87826,QSMSSADSTQA,408,174.0
344,HLA-DRB111:01,11116.61,QII87826,NFKDQVILLNK,344,175.0
194,HLA-DRB111:01,11149.55,QII87826,RNSTPGSSRGT,194,176.0
202,HLA-DRB111:01,11225.12,QII87826,RGTSPARMAGN,202,177.0
364,HLA-DRB111:01,11251.01,QII87826,PTEPKKDKKKK,364,178.0
38,HLA-DRB111:01,11324.73,QII87826,QRRPQGLPNNT,38,179.0
308,HLA-DRB111:01,11394.56,QII87826,PSASAFFGMSR,308,180.0
7,HLA-DRB111:01,11402.35,QII87826,NQRNAPRITFG,7,181.0
90,HLA-DRB111:01,11579.93,QII87826,TRRIRGGDGKM,90,182.0
104,HLA-DRB111:01,11617.12,QII87826,SPRWYFYYLGT,104,183.0
305,HLA-DRB111:01,11731.32,QII87826,QFAPSASAFFG,305,184.0
272,HLA-DRB111:01,11743.92,QII87826,AFGRRGPEQTQ,272,185.0
8,HLA-DRB111:01,11768.04,QII87826,QRNAPRITFGG,8,186.0
6,HLA-DRB111:01,11839.69,QII87826,QNQRNAPRITF,6,187.0
403,HLA-DRB111:01,11941.64,QII87826,SKQLQQSMSSA,403,188.0
279,HLA-DRB111:01,12065.54,QII87826,EQTQGNFGDQE,279,189.0
193,HLA-DRB111:01,12135.07,QII87826,SRNSTPGSSRG,193,190.0
392,HLA-DRB111:01,12203.16,QII87826,TLLPAADLDDF,392,191.0
188,HLA-DRB111:01,12276.29,QII87826,RSRNSSRNSTP,188,192.0
43,HLA-DRB111:01,12312.44,QII87826,GLPNNTASWFT,43,193.0
135,HLA-DRB111:01,12399.95,QII87826,EGALNTPKDHI,135,194.0
366,HLA-DRB111:01,12401.33,QII87826,EPKKDKKKKAD,366,195.0
264,HLA-DRB111:01,12468.86,QII87826,TKAYNVTQAFG,264,196.0
105,HLA-DRB111:01,12516.06,QII87826,PRWYFYYLGTG,105,197.0
23,HLA-DRB111:01,12527.23,QII87826,TGSNQNGERSG,23,198.0
64,HLA-DRB111:01,12597.55,QII87826,KFPRGQGVPIN,64,199.0
155,HLA-DRB111:01,12721.04,QII87826,AIVLQLPQGTT,155,200.0
118,HLA-DRB111:01,12882.12,QII87826,AGLPYGANKDG,118,201.0
162,HLA-DRB111:01,12909.99,QII87826,QGTTLPKGFYA,162,202.0
239,HLA-DRB111:01,12993.48,QII87826,QQQGQTVTKKS,239,203.0
240,HLA-DRB111:01,12997.27,QII87826,QQGQTVTKKSA,240,204.0
27,HLA-DRB111:01,13004.68,QII87826,QNGERSGARSK,27,205.0
256,HLA-DRB111:01,13010.84,QII87826,KPRQKRTATKA,256,206.0
275,HLA-DRB111:01,13128.57,QII87826,RRGPEQTQGNF,275,207.0
37,HLA-DRB111:01,13132.07,QII87826,KQRRPQGLPNN,37,208.0
131,HLA-DRB111:01,13331.18,QII87826,WVATEGALNTP,131,209.0
402,HLA-DRB111:01,13370.33,QII87826,FSKQLQQSMSS,402,210.0
161,HLA-DRB111:01,13370.84,QII87826,PQGTTLPKGFY,161,211.0
40,HLA-DRB111:01,13475.75,QII87826,RPQGLPNNTAS,40,212.0
55,HLA-DRB111:01,13517.22,QII87826,LTQHGKEDLKF,55,213.0
385,HLA-DRB111:01,13554.31,QII87826,QKKQQTVTLLP,385,214.0
280,HLA-DRB111:01,13680.03,QII87826,QTQGNFGDQEL,280,215.0
167,HLA-DRB111:01,13761.67,QII87826,PKGFYAEGSRG,167,216.0
352,HLA-DRB111:01,13851.14,QII87826,LNKHIDAYKTF,352,217.0
9,HLA-DRB111:01,13900.3,QII87826,RNAPRITFGGP,9,218.0
321,HLA-DRB111:01,13900.64,QII87826,MEVTPSGTWLT,321,219.0
262,HLA-DRB111:01,13960.23,QII87826,TATKAYNVTQA,262,220.0
252,HLA-DRB111:01,14466.78,QII87826,EASKKPRQKRT,252,221.0
189,HLA-DRB111:01,14533.56,QII87826,SRNSSRNSTPG,189,222.0
287,HLA-DRB111:01,14539.68,QII87826,DQELIRQGTDY,287,223.0
367,HLA-DRB111:01,14551.88,QII87826,PKKDKKKKADE,367,224.0
54,HLA-DRB111:01,14782.57,QII87826,ALTQHGKEDLK,54,225.0
165,HLA-DRB111:01,14915.95,QII87826,TLPKGFYAEGS,165,226.0
319,HLA-DRB111:01,15064.86,QII87826,IGMEVTPSGTW,319,227.0
4,HLA-DRB111:01,15115.03,QII87826,GPQNQRNAPRI,4,228.0
19,HLA-DRB111:01,15145.43,QII87826,PSDSTGSNQNG,19,229.0
251,HLA-DRB111:01,15157.44,QII87826,AEASKKPRQKR,251,230.0
42,HLA-DRB111:01,15268.37,QII87826,QGLPNNTASWF,42,231.0
73,HLA-DRB111:01,15270.55,QII87826,INTNSSPDDQI,73,232.0
140,HLA-DRB111:01,15384.93,QII87826,TPKDHIGTRNP,140,233.0
34,HLA-DRB111:01,15425.29,QII87826,ARSKQRRPQGL,34,234.0
158,HLA-DRB111:01,15533.22,QII87826,LQLPQGTTLPK,158,235.0
24,HLA-DRB111:01,15543.04,QII87826,GSNQNGERSGA,24,236.0
97,HLA-DRB111:01,15552.45,QII87826,DGKMKDLSPRW,97,237.0
343,HLA-DRB111:01,15625.4,QII87826,PNFKDQVILLN,343,238.0
323,HLA-DRB111:01,15639.46,QII87826,VTPSGTWLTYT,323,239.0
14,HLA-DRB111:01,15690.83,QII87826,ITFGGPSDSTG,14,240.0
102,HLA-DRB111:01,15724.67,QII87826,DLSPRWYFYYL,102,241.0
129,HLA-DRB111:01,15729.89,QII87826,IIWVATEGALN,129,242.0
58,HLA-DRB111:01,15733.0,QII87826,HGKEDLKFPRG,58,243.0
18,HLA-DRB111:01,15742.39,QII87826,GPSDSTGSNQN,18,244.0
281,HLA-DRB111:01,15794.2,QII87826,TQGNFGDQELI,281,245.0
261,HLA-DRB111:01,15841.96,QII87826,RTATKAYNVTQ,261,246.0
67,HLA-DRB111:01,15991.62,QII87826,RGQGVPINTNS,67,247.0
5,HLA-DRB111:01,16071.14,QII87826,PQNQRNAPRIT,5,248.0
145,HLA-DRB111:01,16118.16,QII87826,IGTRNPANNAA,145,249.0
302,HLA-DRB111:01,16144.9,QII87826,QIAQFAPSASA,302,250.0
277,HLA-DRB111:01,16297.17,QII87826,GPEQTQGNFGD,277,251.0
304,HLA-DRB111:01,16332.61,QII87826,AQFAPSASAFF,304,252.0
195,HLA-DRB111:01,16466.62,QII87826,NSTPGSSRGTS,195,253.0
112,HLA-DRB111:01,16496.74,QII87826,LGTGPEAGLPY,112,254.0
398,HLA-DRB111:01,16556.41,QII87826,DLDDFSKQLQQ,398,255.0
407,HLA-DRB111:01,16606.47,QII87826,QQSMSSADSTQ,407,256.0
282,HLA-DRB111:01,16916.74,QII87826,QGNFGDQELIR,282,257.0
390,HLA-DRB111:01,17006.72,QII87826,TVTLLPAADLD,390,258.0
75,HLA-DRB111:01,17014.98,QII87826,TNSSPDDQIGY,75,259.0
114,HLA-DRB111:01,17066.2,QII87826,TGPEAGLPYGA,114,260.0
136,HLA-DRB111:01,17170.99,QII87826,GALNTPKDHIG,136,261.0
328,HLA-DRB111:01,17230.66,QII87826,TWLTYTGAIKL,328,262.0
263,HLA-DRB111:01,17350.17,QII87826,ATKAYNVTQAF,263,263.0
276,HLA-DRB111:01,17444.57,QII87826,RGPEQTQGNFG,276,264.0
303,HLA-DRB111:01,17501.68,QII87826,IAQFAPSASAF,303,265.0
200,HLA-DRB111:01,17539.26,QII87826,SSRGTSPARMA,200,266.0
254,HLA-DRB111:01,17724.45,QII87826,SKKPRQKRTAT,254,267.0
82,HLA-DRB111:01,17899.24,QII87826,QIGYYRRATRR,82,268.0
288,HLA-DRB111:01,17908.78,QII87826,QELIRQGTDYK,288,269.0
296,HLA-DRB111:01,17937.96,QII87826,DYKHWPQIAQF,296,270.0
101,HLA-DRB111:01,18086.88,QII87826,KDLSPRWYFYY,101,271.0
345,HLA-DRB111:01,18225.96,QII87826,FKDQVILLNKH,345,272.0
59,HLA-DRB111:01,18347.98,QII87826,GKEDLKFPRGQ,59,273.0
259,HLA-DRB111:01,18358.69,QII87826,QKRTATKAYNV,259,274.0
389,HLA-DRB111:01,18460.51,QII87826,QTVTLLPAADL,389,275.0
121,HLA-DRB111:01,18484.1,QII87826,PYGANKDGIIW,121,276.0
393,HLA-DRB111:01,18556.33,QII87826,LLPAADLDDFS,393,277.0
196,HLA-DRB111:01,18681.96,QII87826,STPGSSRGTSP,196,278.0
78,HLA-DRB111:01,18819.08,QII87826,SPDDQIGYYRR,78,279.0
137,HLA-DRB111:01,18908.63,QII87826,ALNTPKDHIGT,137,280.0
57,HLA-DRB111:01,18926.39,QII87826,QHGKEDLKFPR,57,281.0
22,HLA-DRB111:01,18933.26,QII87826,STGSNQNGERS,22,282.0
60,HLA-DRB111:01,18962.97,QII87826,KEDLKFPRGQG,60,283.0
111,HLA-DRB111:01,19060.74,QII87826,YLGTGPEAGLP,111,284.0
342,HLA-DRB111:01,19180.04,QII87826,DPNFKDQVILL,342,285.0
122,HLA-DRB111:01,19277.31,QII87826,YGANKDGIIWV,122,286.0
139,HLA-DRB111:01,19299.03,QII87826,NTPKDHIGTRN,139,287.0
253,HLA-DRB111:01,19339.52,QII87826,ASKKPRQKRTA,253,288.0
107,HLA-DRB111:01,19340.18,QII87826,WYFYYLGTGPE,107,289.0
290,HLA-DRB111:01,19433.12,QII87826,LIRQGTDYKHW,290,290.0
190,HLA-DRB111:01,19444.62,QII87826,RNSSRNSTPGS,190,291.0
25,HLA-DRB111:01,19505.66,QII87826,SNQNGERSGAR,25,292.0
255,HLA-DRB111:01,19590.13,QII87826,KKPRQKRTATK,255,293.0
79,HLA-DRB111:01,19626.61,QII87826,PDDQIGYYRRA,79,294.0
260,HLA-DRB111:01,19645.13,QII87826,KRTATKAYNVT,260,295.0
294,HLA-DRB111:01,19645.31,QII87826,GTDYKHWPQIA,294,296.0
350,HLA-DRB111:01,19666.6,QII87826,ILLNKHIDAYK,350,297.0
56,HLA-DRB111:01,19787.83,QII87826,TQHGKEDLKFP,56,298.0
133,HLA-DRB111:01,20071.32,QII87826,ATEGALNTPKD,133,299.0
376,HLA-DRB111:01,20085.93,QII87826,DETQALPQRQK,376,300.0
138,HLA-DRB111:01,20244.5,QII87826,LNTPKDHIGTR,138,301.0
242,HLA-DRB111:01,20300.91,QII87826,GQTVTKKSAAE,242,302.0
198,HLA-DRB111:01,20387.79,QII87826,PGSSRGTSPAR,198,303.0
61,HLA-DRB111:01,20607.52,QII87826,EDLKFPRGQGV,61,304.0
62,HLA-DRB111:01,20674.51,QII87826,DLKFPRGQGVP,62,305.0
395,HLA-DRB111:01,20793.05,QII87826,PAADLDDFSKQ,395,306.0
289,HLA-DRB111:01,20933.7,QII87826,ELIRQGTDYKH,289,307.0
237,HLA-DRB111:01,20992.56,QII87826,GQQQQGQTVTK,237,308.0
337,HLA-DRB111:01,21127.81,QII87826,KLDDKDPNFKD,337,309.0
20,HLA-DRB111:01,21199.53,QII87826,SDSTGSNQNGE,20,310.0
365,HLA-DRB111:01,21217.71,QII87826,TEPKKDKKKKA,365,311.0
320,HLA-DRB111:01,21292.06,QII87826,GMEVTPSGTWL,320,312.0
357,HLA-DRB111:01,21343.04,QII87826,DAYKTFPPTEP,357,313.0
383,HLA-DRB111:01,21365.85,QII87826,QRQKKQQTVTL,383,314.0
401,HLA-DRB111:01,21463.41,QII87826,DFSKQLQQSMS,401,315.0
353,HLA-DRB111:01,21479.44,QII87826,NKHIDAYKTFP,353,316.0
384,HLA-DRB111:01,21612.94,QII87826,RQKKQQTVTLL,384,317.0
199,HLA-DRB111:01,21709.42,QII87826,GSSRGTSPARM,199,318.0
11,HLA-DRB111:01,21738.39,QII87826,APRITFGGPSD,11,319.0
223,HLA-DRB111:01,21838.4,QII87826,LDRLNQLESKM,223,320.0
250,HLA-DRB111:01,21952.49,QII87826,AAEASKKPRQK,250,321.0
361,HLA-DRB111:01,22063.26,QII87826,TFPPTEPKKDK,361,322.0
81,HLA-DRB111:01,22113.36,QII87826,DQIGYYRRATR,81,323.0
93,HLA-DRB111:01,22135.77,QII87826,IRGGDGKMKDL,93,324.0
71,HLA-DRB111:01,22186.72,QII87826,VPINTNSSPDD,71,325.0
351,HLA-DRB111:01,22205.09,QII87826,LLNKHIDAYKT,351,326.0
278,HLA-DRB111:01,22271.5,QII87826,PEQTQGNFGDQ,278,327.0
197,HLA-DRB111:01,22464.09,QII87826,TPGSSRGTSPA,197,328.0
327,HLA-DRB111:01,22737.14,QII87826,GTWLTYTGAIK,327,329.0
15,HLA-DRB111:01,22886.51,QII87826,TFGGPSDSTGS,15,330.0
166,HLA-DRB111:01,23064.67,QII87826,LPKGFYAEGSR,166,331.0
394,HLA-DRB111:01,23082.41,QII87826,LPAADLDDFSK,394,332.0
300,HLA-DRB111:01,23316.56,QII87826,WPQIAQFAPSA,300,333.0
12,HLA-DRB111:01,23362.87,QII87826,PRITFGGPSDS,12,334.0
340,HLA-DRB111:01,23434.48,QII87826,DKDPNFKDQVI,340,335.0
360,HLA-DRB111:01,23468.28,QII87826,KTFPPTEPKKD,360,336.0
21,HLA-DRB111:01,23607.0,QII87826,DSTGSNQNGER,21,337.0
41,HLA-DRB111:01,23624.73,QII87826,PQGLPNNTASW,41,338.0
238,HLA-DRB111:01,23643.2,QII87826,QQQQGQTVTKK,238,339.0
149,HLA-DRB111:01,23866.73,QII87826,NPANNAAIVLQ,149,340.0
295,HLA-DRB111:01,24245.37,QII87826,TDYKHWPQIAQ,295,341.0
0,HLA-DRB111:01,24336.32,QII87826,MSDNGPQNQRN,0,342.0
293,HLA-DRB111:01,24565.89,QII87826,QGTDYKHWPQI,293,343.0
94,HLA-DRB111:01,24773.87,QII87826,RGGDGKMKDLS,94,344.0
3,HLA-DRB111:01,24871.19,QII87826,NGPQNQRNAPR,3,345.0
299,HLA-DRB111:01,25004.15,QII87826,HWPQIAQFAPS,299,346.0
76,HLA-DRB111:01,25085.57,QII87826,NSSPDDQIGYY,76,347.0
117,HLA-DRB111:01,25184.23,QII87826,EAGLPYGANKD,117,348.0
1,HLA-DRB111:01,25204.19,QII87826,SDNGPQNQRNA,1,349.0
147,HLA-DRB111:01,25403.23,QII87826,TRNPANNAAIV,147,350.0
224,HLA-DRB111:01,25520.57,QII87826,DRLNQLESKMS,224,351.0
113,HLA-DRB111:01,25829.52,QII87826,GTGPEAGLPYG,113,352.0
356,HLA-DRB111:01,25861.84,QII87826,IDAYKTFPPTE,356,353.0
80,HLA-DRB111:01,25881.37,QII87826,DDQIGYYRRAT,80,354.0
243,HLA-DRB111:01,26165.15,QII87826,QTVTKKSAAEA,243,355.0
157,HLA-DRB111:01,26239.91,QII87826,VLQLPQGTTLP,157,356.0
35,HLA-DRB111:01,26462.71,QII87826,RSKQRRPQGLP,35,357.0
69,HLA-DRB111:01,26481.91,QII87826,QGVPINTNSSP,69,358.0
397,HLA-DRB111:01,26626.97,QII87826,ADLDDFSKQLQ,397,359.0
148,HLA-DRB111:01,26677.19,QII87826,RNPANNAAIVL,148,360.0
70,HLA-DRB111:01,26708.95,QII87826,GVPINTNSSPD,70,361.0
36,HLA-DRB111:01,26785.58,QII87826,SKQRRPQGLPN,36,362.0
96,HLA-DRB111:01,27127.02,QII87826,GDGKMKDLSPR,96,363.0
354,HLA-DRB111:01,27132.63,QII87826,KHIDAYKTFPP,354,364.0
192,HLA-DRB111:01,27141.42,QII87826,SSRNSTPGSSR,192,365.0
2,HLA-DRB111:01,27157.99,QII87826,DNGPQNQRNAP,2,366.0
374,HLA-DRB111:01,27263.92,QII87826,KADETQALPQR,374,367.0
95,HLA-DRB111:01,27435.92,QII87826,GGDGKMKDLSP,95,368.0
307,HLA-DRB111:01,27442.8,QII87826,APSASAFFGMS,307,369.0
375,HLA-DRB111:01,27634.81,QII87826,ADETQALPQRQ,375,370.0
244,HLA-DRB111:01,28112.68,QII87826,TVTKKSAAEAS,244,371.0
77,HLA-DRB111:01,28299.45,QII87826,SSPDDQIGYYR,77,372.0
16,HLA-DRB111:01,28564.43,QII87826,FGGPSDSTGSN,16,373.0
358,HLA-DRB111:01,28627.0,QII87826,AYKTFPPTEPK,358,374.0
338,HLA-DRB111:01,28634.68,QII87826,LDDKDPNFKDQ,338,375.0
291,HLA-DRB111:01,28700.53,QII87826,IRQGTDYKHWP,291,376.0
191,HLA-DRB111:01,28760.72,QII87826,NSSRNSTPGSS,191,377.0
72,HLA-DRB111:01,28915.51,QII87826,PINTNSSPDDQ,72,378.0
222,HLA-DRB111:01,29020.07,QII87826,LLDRLNQLESK,222,379.0
248,HLA-DRB111:01,29062.57,QII87826,KSAAEASKKPR,248,380.0
301,HLA-DRB111:01,29529.17,QII87826,PQIAQFAPSAS,301,381.0
341,HLA-DRB111:01,29597.54,QII87826,KDPNFKDQVIL,341,382.0
339,HLA-DRB111:01,29764.06,QII87826,DDKDPNFKDQV,339,383.0
115,HLA-DRB111:01,29962.39,QII87826,GPEAGLPYGAN,115,384.0
247,HLA-DRB111:01,30787.27,QII87826,KKSAAEASKKP,247,385.0
249,HLA-DRB111:01,30873.39,QII87826,SAAEASKKPRQ,249,386.0
74,HLA-DRB111:01,31235.63,QII87826,NTNSSPDDQIG,74,387.0
396,HLA-DRB111:01,31677.65,QII87826,AADLDDFSKQL,396,388.0
68,HLA-DRB111:01,31862.36,QII87826,GQGVPINTNSS,68,389.0
336,HLA-DRB111:01,31929.35,QII87826,IKLDDKDPNFK,336,390.0
134,HLA-DRB111:01,31935.82,QII87826,TEGALNTPKDH,134,391.0
17,HLA-DRB111:01,31956.56,QII87826,GGPSDSTGSNQ,17,392.0
334,HLA-DRB111:01,32003.52,QII87826,GAIKLDDKDPN,334,393.0
132,HLA-DRB111:01,32475.0,QII87826,VATEGALNTPK,132,394.0
292,HLA-DRB111:01,32615.35,QII87826,RQGTDYKHWPQ,292,395.0
355,HLA-DRB111:01,32685.65,QII87826,HIDAYKTFPPT,355,396.0
359,HLA-DRB111:01,33153.47,QII87826,YKTFPPTEPKK,359,397.0
335,HLA-DRB111:01,33167.8,QII87826,AIKLDDKDPNF,335,398.0
245,HLA-DRB111:01,33495.76,QII87826,VTKKSAAEASK,245,399.0
372,HLA-DRB111:01,33510.03,QII87826,KKKADETQALP,372,400.0
246,HLA-DRB111:01,33641.39,QII87826,TKKSAAEASKK,246,401.0
10,HLA-DRB111:01,34118.37,QII87826,NAPRITFGGPS,10,402.0
368,HLA-DRB111:01,34441.48,QII87826,KKDKKKKADET,368,403.0
156,HLA-DRB111:01,35960.89,QII87826,IVLQLPQGTTL,156,404.0
370,HLA-DRB111:01,37508.2,QII87826,DKKKKADETQA,370,405.0
373,HLA-DRB111:01,38377.27,QII87826,KKADETQALPQ,373,406.0
369,HLA-DRB111:01,38959.97,QII87826,KDKKKKADETQ,369,407.0
371,HLA-DRB111:01,39022.83,QII87826,KKKKADETQAL,371,408.0
116,HLA-DRB111:01,40362.57,QII87826,PEAGLPYGANK,116,409.0
347,HLA-DRB112:01,188.49,QII87826,DQVILLNKHID,347,1.0
348,HLA-DRB112:01,231.43,QII87826,QVILLNKHIDA,348,2.0
404,HLA-DRB112:01,289.57,QII87826,KQLQQSMSSAD,404,3.0
403,HLA-DRB112:01,390.67,QII87826,SKQLQQSMSSA,403,4.0
349,HLA-DRB112:01,460.29,QII87826,VILLNKHIDAY,349,5.0
214,HLA-DRB112:01,472.57,QII87826,GDAALALLLLD,214,6.0
385,HLA-DRB112:01,596.27,QII87826,QKKQQTVTLLP,385,7.0
103,HLA-DRB112:01,658.85,QII87826,LSPRWYFYYLG,103,8.0
406,HLA-DRB112:01,739.36,QII87826,LQQSMSSADST,406,9.0
330,HLA-DRB112:01,765.94,QII87826,LTYTGAIKLDD,330,10.0
346,HLA-DRB112:01,800.66,QII87826,KDQVILLNKHI,346,11.0
102,HLA-DRB112:01,810.77,QII87826,DLSPRWYFYYL,102,12.0
400,HLA-DRB112:01,923.37,QII87826,DDFSKQLQQSM,400,13.0
220,HLA-DRB112:01,1045.5,QII87826,LLLLDRLNQLE,220,14.0
219,HLA-DRB112:01,1123.34,QII87826,ALLLLDRLNQL,219,15.0
155,HLA-DRB112:01,1260.72,QII87826,AIVLQLPQGTT,155,16.0
154,HLA-DRB112:01,1327.73,QII87826,AAIVLQLPQGT,154,17.0
215,HLA-DRB112:01,1419.65,QII87826,DAALALLLLDR,215,18.0
217,HLA-DRB112:01,1442.25,QII87826,ALALLLLDRLN,217,19.0
405,HLA-DRB112:01,1466.55,QII87826,QLQQSMSSADS,405,20.0
392,HLA-DRB112:01,1608.4,QII87826,TLLPAADLDDF,392,21.0
401,HLA-DRB112:01,1875.82,QII87826,DFSKQLQQSMS,401,22.0
101,HLA-DRB112:01,1954.27,QII87826,KDLSPRWYFYY,101,23.0
399,HLA-DRB112:01,1972.14,QII87826,LDDFSKQLQQS,399,24.0
150,HLA-DRB112:01,1976.22,QII87826,PANNAAIVLQL,150,25.0
332,HLA-DRB112:01,1993.17,QII87826,YTGAIKLDDKD,332,26.0
380,HLA-DRB112:01,2110.19,QII87826,ALPQRQKKQQT,380,27.0
216,HLA-DRB112:01,2184.07,QII87826,AALALLLLDRL,216,28.0
153,HLA-DRB112:01,2202.63,QII87826,NAAIVLQLPQG,153,29.0
402,HLA-DRB112:01,2233.29,QII87826,FSKQLQQSMSS,402,30.0
303,HLA-DRB112:01,2241.36,QII87826,IAQFAPSASAF,303,31.0
100,HLA-DRB112:01,2390.16,QII87826,MKDLSPRWYFY,100,32.0
262,HLA-DRB112:01,2400.58,QII87826,TATKAYNVTQA,262,33.0
302,HLA-DRB112:01,2404.46,QII87826,QIAQFAPSASA,302,34.0
312,HLA-DRB112:01,2770.71,QII87826,AFFGMSRIGME,312,35.0
151,HLA-DRB112:01,2810.03,QII87826,ANNAAIVLQLP,151,36.0
351,HLA-DRB112:01,2871.33,QII87826,LLNKHIDAYKT,351,37.0
383,HLA-DRB112:01,3024.93,QII87826,QRQKKQQTVTL,383,38.0
304,HLA-DRB112:01,3125.55,QII87826,AQFAPSASAFF,304,39.0
381,HLA-DRB112:01,3383.75,QII87826,LPQRQKKQQTV,381,40.0
331,HLA-DRB112:01,3463.88,QII87826,TYTGAIKLDDK,331,41.0
352,HLA-DRB112:01,3490.07,QII87826,LNKHIDAYKTF,352,42.0
160,HLA-DRB112:01,3495.01,QII87826,LPQGTTLPKGF,160,43.0
313,HLA-DRB112:01,3576.14,QII87826,FFGMSRIGMEV,313,44.0
387,HLA-DRB112:01,3670.83,QII87826,KQQTVTLLPAA,387,45.0
314,HLA-DRB112:01,3786.91,QII87826,FGMSRIGMEVT,314,46.0
221,HLA-DRB112:01,3871.41,QII87826,LLLDRLNQLES,221,47.0
213,HLA-DRB112:01,3893.86,QII87826,GGDAALALLLL,213,48.0
311,HLA-DRB112:01,4054.91,QII87826,SAFFGMSRIGM,311,49.0
379,HLA-DRB112:01,4059.35,QII87826,QALPQRQKKQQ,379,50.0
236,HLA-DRB112:01,4141.59,QII87826,KGQQQQGQTVT,236,51.0
99,HLA-DRB112:01,4180.94,QII87826,KMKDLSPRWYF,99,52.0
228,HLA-DRB112:01,4185.94,QII87826,QLESKMSGKGQ,228,53.0
306,HLA-DRB112:01,4313.22,QII87826,FAPSASAFFGM,306,54.0
165,HLA-DRB112:01,4496.13,QII87826,TLPKGFYAEGS,165,55.0
161,HLA-DRB112:01,4518.69,QII87826,PQGTTLPKGFY,161,56.0
163,HLA-DRB112:01,4694.77,QII87826,GTTLPKGFYAE,163,57.0
297,HLA-DRB112:01,4704.91,QII87826,YKHWPQIAQFA,297,58.0
353,HLA-DRB112:01,4720.54,QII87826,NKHIDAYKTFP,353,59.0
350,HLA-DRB112:01,4774.42,QII87826,ILLNKHIDAYK,350,60.0
388,HLA-DRB112:01,4784.43,QII87826,QQTVTLLPAAD,388,61.0
223,HLA-DRB112:01,4787.24,QII87826,LDRLNQLESKM,223,62.0
229,HLA-DRB112:01,4939.26,QII87826,LESKMSGKGQQ,229,63.0
119,HLA-DRB112:01,5063.65,QII87826,GLPYGANKDGI,119,64.0
158,HLA-DRB112:01,5128.55,QII87826,LQLPQGTTLPK,158,65.0
53,HLA-DRB112:01,5140.89,QII87826,TALTQHGKEDL,53,66.0
305,HLA-DRB112:01,5222.34,QII87826,QFAPSASAFFG,305,67.0
382,HLA-DRB112:01,5313.5,QII87826,PQRQKKQQTVT,382,68.0
308,HLA-DRB112:01,5329.31,QII87826,PSASAFFGMSR,308,69.0
298,HLA-DRB112:01,5356.8,QII87826,KHWPQIAQFAP,298,70.0
285,HLA-DRB112:01,5381.88,QII87826,FGDQELIRQGT,285,71.0
386,HLA-DRB112:01,5444.24,QII87826,KKQQTVTLLPA,386,72.0
378,HLA-DRB112:01,5502.36,QII87826,TQALPQRQKKQ,378,73.0
226,HLA-DRB112:01,5529.93,QII87826,LNQLESKMSGK,226,74.0
289,HLA-DRB112:01,5537.34,QII87826,ELIRQGTDYKH,289,75.0
81,HLA-DRB112:01,5622.26,QII87826,DQIGYYRRATR,81,76.0
287,HLA-DRB112:01,5677.33,QII87826,DQELIRQGTDY,287,77.0
156,HLA-DRB112:01,5851.86,QII87826,IVLQLPQGTTL,156,78.0
164,HLA-DRB112:01,6029.24,QII87826,TTLPKGFYAEG,164,79.0
391,HLA-DRB112:01,6093.44,QII87826,VTLLPAADLDD,391,80.0
231,HLA-DRB112:01,6102.09,QII87826,SKMSGKGQQQQ,231,81.0
393,HLA-DRB112:01,6114.95,QII87826,LLPAADLDDFS,393,82.0
212,HLA-DRB112:01,6172.54,QII87826,NGGDAALALLL,212,83.0
288,HLA-DRB112:01,6175.32,QII87826,QELIRQGTDYK,288,84.0
162,HLA-DRB112:01,6322.07,QII87826,QGTTLPKGFYA,162,85.0
384,HLA-DRB112:01,6481.72,QII87826,RQKKQQTVTLL,384,86.0
390,HLA-DRB112:01,6633.45,QII87826,TVTLLPAADLD,390,87.0
152,HLA-DRB112:01,6725.21,QII87826,NNAAIVLQLPQ,152,88.0
79,HLA-DRB112:01,6815.75,QII87826,PDDQIGYYRRA,79,89.0
301,HLA-DRB112:01,7082.25,QII87826,PQIAQFAPSAS,301,90.0
318,HLA-DRB112:01,7162.31,QII87826,RIGMEVTPSGT,318,91.0
55,HLA-DRB112:01,7173.44,QII87826,LTQHGKEDLKF,55,92.0
265,HLA-DRB112:01,7181.64,QII87826,KAYNVTQAFGR,265,93.0
48,HLA-DRB112:01,7265.06,QII87826,TASWFTALTQH,48,94.0
218,HLA-DRB112:01,7322.24,QII87826,LALLLLDRLNQ,218,95.0
157,HLA-DRB112:01,7428.75,QII87826,VLQLPQGTTLP,157,96.0
309,HLA-DRB112:01,7559.15,QII87826,SASAFFGMSRI,309,97.0
225,HLA-DRB112:01,7575.36,QII87826,RLNQLESKMSG,225,98.0
104,HLA-DRB112:01,7591.06,QII87826,SPRWYFYYLGT,104,99.0
166,HLA-DRB112:01,7709.18,QII87826,LPKGFYAEGSR,166,100.0
76,HLA-DRB112:01,7891.07,QII87826,NSSPDDQIGYY,76,101.0
230,HLA-DRB112:01,8037.17,QII87826,ESKMSGKGQQQ,230,102.0
300,HLA-DRB112:01,8055.96,QII87826,WPQIAQFAPSA,300,103.0
82,HLA-DRB112:01,8105.16,QII87826,QIGYYRRATRR,82,104.0
51,HLA-DRB112:01,8393.61,QII87826,WFTALTQHGKE,51,105.0
263,HLA-DRB112:01,8401.12,QII87826,ATKAYNVTQAF,263,106.0
342,HLA-DRB112:01,8403.15,QII87826,DPNFKDQVILL,342,107.0
268,HLA-DRB112:01,8432.43,QII87826,NVTQAFGRRGP,268,108.0
284,HLA-DRB112:01,8526.18,QII87826,NFGDQELIRQG,284,109.0
282,HLA-DRB112:01,8627.82,QII87826,QGNFGDQELIR,282,110.0
159,HLA-DRB112:01,8702.37,QII87826,QLPQGTTLPKG,159,111.0
52,HLA-DRB112:01,8745.99,QII87826,FTALTQHGKED,52,112.0
77,HLA-DRB112:01,8809.11,QII87826,SSPDDQIGYYR,77,113.0
307,HLA-DRB112:01,8867.18,QII87826,APSASAFFGMS,307,114.0
389,HLA-DRB112:01,8910.03,QII87826,QTVTLLPAADL,389,115.0
83,HLA-DRB112:01,8982.32,QII87826,IGYYRRATRRI,83,116.0
261,HLA-DRB112:01,8999.04,QII87826,RTATKAYNVTQ,261,117.0
354,HLA-DRB112:01,9005.95,QII87826,KHIDAYKTFPP,354,118.0
120,HLA-DRB112:01,9095.09,QII87826,LPYGANKDGII,120,119.0
80,HLA-DRB112:01,9201.81,QII87826,DDQIGYYRRAT,80,120.0
98,HLA-DRB112:01,9317.71,QII87826,GKMKDLSPRWY,98,121.0
235,HLA-DRB112:01,9401.56,QII87826,GKGQQQQGQTV,235,122.0
329,HLA-DRB112:01,9514.22,QII87826,WLTYTGAIKLD,329,123.0
340,HLA-DRB112:01,9514.97,QII87826,DKDPNFKDQVI,340,124.0
227,HLA-DRB112:01,9669.17,QII87826,NQLESKMSGKG,227,125.0
341,HLA-DRB112:01,9825.3,QII87826,KDPNFKDQVIL,341,126.0
344,HLA-DRB112:01,9945.22,QII87826,NFKDQVILLNK,344,127.0
234,HLA-DRB112:01,10009.1,QII87826,SGKGQQQQGQT,234,128.0
310,HLA-DRB112:01,10009.1,QII87826,ASAFFGMSRIG,310,128.0
49,HLA-DRB112:01,10021.35,QII87826,ASWFTALTQHG,49,130.0
54,HLA-DRB112:01,10133.81,QII87826,ALTQHGKEDLK,54,131.0
78,HLA-DRB112:01,10170.75,QII87826,SPDDQIGYYRR,78,132.0
63,HLA-DRB112:01,10319.95,QII87826,LKFPRGQGVPI,63,133.0
326,HLA-DRB112:01,10390.79,QII87826,SGTWLTYTGAI,326,134.0
398,HLA-DRB112:01,10550.5,QII87826,DLDDFSKQLQQ,398,135.0
267,HLA-DRB112:01,10978.16,QII87826,YNVTQAFGRRG,267,136.0
266,HLA-DRB112:01,11072.5,QII87826,AYNVTQAFGRR,266,137.0
84,HLA-DRB112:01,11204.38,QII87826,GYYRRATRRIR,84,138.0
377,HLA-DRB112:01,11373.59,QII87826,ETQALPQRQKK,377,139.0
299,HLA-DRB112:01,11400.52,QII87826,HWPQIAQFAPS,299,140.0
290,HLA-DRB112:01,11465.54,QII87826,LIRQGTDYKHW,290,141.0
128,HLA-DRB112:01,11474.83,QII87826,GIIWVATEGAL,128,142.0
50,HLA-DRB112:01,11567.62,QII87826,SWFTALTQHGK,50,143.0
42,HLA-DRB112:01,11728.25,QII87826,QGLPNNTASWF,42,144.0
315,HLA-DRB112:01,11894.54,QII87826,GMSRIGMEVTP,315,145.0
293,HLA-DRB112:01,11919.77,QII87826,QGTDYKHWPQI,293,146.0
211,HLA-DRB112:01,11971.32,QII87826,GNGGDAALALL,211,147.0
43,HLA-DRB112:01,12017.12,QII87826,GLPNNTASWFT,43,148.0
75,HLA-DRB112:01,12089.49,QII87826,TNSSPDDQIGY,75,149.0
296,HLA-DRB112:01,12093.56,QII87826,DYKHWPQIAQF,296,150.0
264,HLA-DRB112:01,12127.02,QII87826,TKAYNVTQAFG,264,151.0
45,HLA-DRB112:01,12245.04,QII87826,PNNTASWFTAL,45,152.0
394,HLA-DRB112:01,12315.65,QII87826,LPAADLDDFSK,394,153.0
260,HLA-DRB112:01,12348.57,QII87826,KRTATKAYNVT,260,154.0
322,HLA-DRB112:01,12365.46,QII87826,EVTPSGTWLTY,322,155.0
233,HLA-DRB112:01,12440.61,QII87826,MSGKGQQQQGQ,233,156.0
222,HLA-DRB112:01,12544.07,QII87826,LLDRLNQLESK,222,157.0
109,HLA-DRB112:01,12728.14,QII87826,FYYLGTGPEAG,109,158.0
47,HLA-DRB112:01,12743.36,QII87826,NTASWFTALTQ,47,159.0
238,HLA-DRB112:01,12834.44,QII87826,QQQQGQTVTKK,238,160.0
112,HLA-DRB112:01,12841.4,QII87826,LGTGPEAGLPY,112,161.0
345,HLA-DRB112:01,12941.65,QII87826,FKDQVILLNKH,345,162.0
110,HLA-DRB112:01,13098.79,QII87826,YYLGTGPEAGL,110,163.0
281,HLA-DRB112:01,13135.78,QII87826,TQGNFGDQELI,281,164.0
376,HLA-DRB112:01,13218.0,QII87826,DETQALPQRQK,376,165.0
123,HLA-DRB112:01,13373.22,QII87826,GANKDGIIWVA,123,166.0
269,HLA-DRB112:01,13442.25,QII87826,VTQAFGRRGPE,269,167.0
183,HLA-DRB112:01,13583.75,QII87826,SRSSSRSRNSS,183,168.0
343,HLA-DRB112:01,13757.43,QII87826,PNFKDQVILLN,343,169.0
333,HLA-DRB112:01,13847.27,QII87826,TGAIKLDDKDP,333,170.0
317,HLA-DRB112:01,13864.51,QII87826,SRIGMEVTPSG,317,171.0
232,HLA-DRB112:01,14054.02,QII87826,KMSGKGQQQQG,232,172.0
124,HLA-DRB112:01,14126.65,QII87826,ANKDGIIWVAT,124,173.0
180,HLA-DRB112:01,14164.88,QII87826,QASSRSSSRSR,180,174.0
286,HLA-DRB112:01,14304.53,QII87826,GDQELIRQGTD,286,175.0
355,HLA-DRB112:01,14451.89,QII87826,HIDAYKTFPPT,355,176.0
407,HLA-DRB112:01,14520.45,QII87826,QQSMSSADSTQ,407,177.0
170,HLA-DRB112:01,14606.17,QII87826,FYAEGSRGGSQ,170,178.0
237,HLA-DRB112:01,14679.18,QII87826,GQQQQGQTVTK,237,179.0
168,HLA-DRB112:01,15105.11,QII87826,KGFYAEGSRGG,168,180.0
9,HLA-DRB112:01,15196.86,QII87826,RNAPRITFGGP,9,181.0
280,HLA-DRB112:01,15531.75,QII87826,QTQGNFGDQEL,280,182.0
257,HLA-DRB112:01,15692.62,QII87826,PRQKRTATKAY,257,183.0
408,HLA-DRB112:01,15750.52,QII87826,QSMSSADSTQA,408,184.0
182,HLA-DRB112:01,15875.22,QII87826,SSRSSSRSRNS,182,185.0
34,HLA-DRB112:01,16659.49,QII87826,ARSKQRRPQGL,34,186.0
169,HLA-DRB112:01,16713.68,QII87826,GFYAEGSRGGS,169,187.0
283,HLA-DRB112:01,16745.55,QII87826,GNFGDQELIRQ,283,188.0
240,HLA-DRB112:01,16800.76,QII87826,QQGQTVTKKSA,240,189.0
125,HLA-DRB112:01,16898.46,QII87826,NKDGIIWVATE,125,190.0
13,HLA-DRB112:01,16933.86,QII87826,RITFGGPSDST,13,191.0
44,HLA-DRB112:01,17018.34,QII87826,LPNNTASWFTA,44,192.0
291,HLA-DRB112:01,17160.57,QII87826,IRQGTDYKHWP,291,193.0
46,HLA-DRB112:01,17236.31,QII87826,NNTASWFTALT,46,194.0
127,HLA-DRB112:01,17278.3,QII87826,DGIIWVATEGA,127,195.0
241,HLA-DRB112:01,17435.65,QII87826,QGQTVTKKSAA,241,196.0
137,HLA-DRB112:01,17506.1,QII87826,ALNTPKDHIGT,137,197.0
319,HLA-DRB112:01,17527.74,QII87826,IGMEVTPSGTW,319,198.0
323,HLA-DRB112:01,17679.43,QII87826,VTPSGTWLTYT,323,199.0
73,HLA-DRB112:01,17720.83,QII87826,INTNSSPDDQI,73,200.0
325,HLA-DRB112:01,17749.28,QII87826,PSGTWLTYTGA,325,201.0
239,HLA-DRB112:01,17781.41,QII87826,QQQGQTVTKKS,239,202.0
328,HLA-DRB112:01,17797.83,QII87826,TWLTYTGAIKL,328,203.0
335,HLA-DRB112:01,17798.28,QII87826,AIKLDDKDPNF,335,204.0
38,HLA-DRB112:01,18018.49,QII87826,QRRPQGLPNNT,38,205.0
179,HLA-DRB112:01,18143.15,QII87826,SQASSRSSSRS,179,206.0
130,HLA-DRB112:01,18219.75,QII87826,IWVATEGALNT,130,207.0
185,HLA-DRB112:01,18225.48,QII87826,SSSRSRNSSRN,185,208.0
56,HLA-DRB112:01,18400.52,QII87826,TQHGKEDLKFP,56,209.0
62,HLA-DRB112:01,18449.91,QII87826,DLKFPRGQGVP,62,210.0
148,HLA-DRB112:01,18455.9,QII87826,RNPANNAAIVL,148,211.0
396,HLA-DRB112:01,18884.76,QII87826,AADLDDFSKQL,396,212.0
279,HLA-DRB112:01,19031.79,QII87826,EQTQGNFGDQE,279,213.0
114,HLA-DRB112:01,19099.2,QII87826,TGPEAGLPYGA,114,214.0
184,HLA-DRB112:01,19187.76,QII87826,RSSSRSRNSSR,184,215.0
316,HLA-DRB112:01,19302.47,QII87826,MSRIGMEVTPS,316,216.0
210,HLA-DRB112:01,19344.93,QII87826,AGNGGDAALAL,210,217.0
181,HLA-DRB112:01,19535.14,QII87826,ASSRSSSRSRN,181,218.0
187,HLA-DRB112:01,19618.67,QII87826,SRSRNSSRNST,187,219.0
224,HLA-DRB112:01,19635.65,QII87826,DRLNQLESKMS,224,220.0
186,HLA-DRB112:01,19637.41,QII87826,SSRSRNSSRNS,186,221.0
138,HLA-DRB112:01,19652.48,QII87826,LNTPKDHIGTR,138,222.0
294,HLA-DRB112:01,19701.88,QII87826,GTDYKHWPQIA,294,223.0
118,HLA-DRB112:01,19718.84,QII87826,AGLPYGANKDG,118,224.0
8,HLA-DRB112:01,19790.63,QII87826,QRNAPRITFGG,8,225.0
90,HLA-DRB112:01,19809.18,QII87826,TRRIRGGDGKM,90,226.0
121,HLA-DRB112:01,19852.47,QII87826,PYGANKDGIIW,121,227.0
259,HLA-DRB112:01,19880.6,QII87826,QKRTATKAYNV,259,228.0
135,HLA-DRB112:01,19995.78,QII87826,EGALNTPKDHI,135,229.0
85,HLA-DRB112:01,20096.04,QII87826,YYRRATRRIRG,85,230.0
374,HLA-DRB112:01,20291.55,QII87826,KADETQALPQR,374,231.0
61,HLA-DRB112:01,20368.97,QII87826,EDLKFPRGQGV,61,232.0
278,HLA-DRB112:01,20699.65,QII87826,PEQTQGNFGDQ,278,233.0
108,HLA-DRB112:01,20988.47,QII87826,YFYYLGTGPEA,108,234.0
395,HLA-DRB112:01,21017.86,QII87826,PAADLDDFSKQ,395,235.0
375,HLA-DRB112:01,21053.71,QII87826,ADETQALPQRQ,375,236.0
324,HLA-DRB112:01,21393.08,QII87826,TPSGTWLTYTG,324,237.0
167,HLA-DRB112:01,21488.68,QII87826,PKGFYAEGSRG,167,238.0
339,HLA-DRB112:01,21884.9,QII87826,DDKDPNFKDQV,339,239.0
35,HLA-DRB112:01,21934.7,QII87826,RSKQRRPQGLP,35,240.0
105,HLA-DRB112:01,22019.8,QII87826,PRWYFYYLGTG,105,241.0
397,HLA-DRB112:01,22093.74,QII87826,ADLDDFSKQLQ,397,242.0
295,HLA-DRB112:01,22101.18,QII87826,TDYKHWPQIAQ,295,243.0
60,HLA-DRB112:01,22161.61,QII87826,KEDLKFPRGQG,60,244.0
86,HLA-DRB112:01,22171.88,QII87826,YRRATRRIRGG,86,245.0
97,HLA-DRB112:01,22261.78,QII87826,DGKMKDLSPRW,97,246.0
65,HLA-DRB112:01,22289.69,QII87826,FPRGQGVPINT,65,247.0
178,HLA-DRB112:01,22314.89,QII87826,GSQASSRSSSR,178,248.0
149,HLA-DRB112:01,22339.46,QII87826,NPANNAAIVLQ,149,249.0
95,HLA-DRB112:01,22383.48,QII87826,GGDGKMKDLSP,95,250.0
106,HLA-DRB112:01,22786.09,QII87826,RWYFYYLGTGP,106,251.0
337,HLA-DRB112:01,22830.41,QII87826,KLDDKDPNFKD,337,252.0
57,HLA-DRB112:01,22900.18,QII87826,QHGKEDLKFPR,57,253.0
93,HLA-DRB112:01,22965.75,QII87826,IRGGDGKMKDL,93,254.0
117,HLA-DRB112:01,23295.61,QII87826,EAGLPYGANKD,117,255.0
111,HLA-DRB112:01,23445.92,QII87826,YLGTGPEAGLP,111,256.0
136,HLA-DRB112:01,23546.69,QII87826,GALNTPKDHIG,136,257.0
276,HLA-DRB112:01,23581.64,QII87826,RGPEQTQGNFG,276,258.0
91,HLA-DRB112:01,23689.08,QII87826,RRIRGGDGKMK,91,259.0
126,HLA-DRB112:01,23794.38,QII87826,KDGIIWVATEG,126,260.0
7,HLA-DRB112:01,23799.85,QII87826,NQRNAPRITFG,7,261.0
122,HLA-DRB112:01,23813.3,QII87826,YGANKDGIIWV,122,262.0
275,HLA-DRB112:01,23828.38,QII87826,RRGPEQTQGNF,275,263.0
334,HLA-DRB112:01,23842.94,QII87826,GAIKLDDKDPN,334,264.0
320,HLA-DRB112:01,24183.25,QII87826,GMEVTPSGTWL,320,265.0
336,HLA-DRB112:01,24310.17,QII87826,IKLDDKDPNFK,336,266.0
6,HLA-DRB112:01,24325.33,QII87826,QNQRNAPRITF,6,267.0
87,HLA-DRB112:01,24405.93,QII87826,RRATRRIRGGD,87,268.0
72,HLA-DRB112:01,24449.2,QII87826,PINTNSSPDDQ,72,269.0
277,HLA-DRB112:01,24522.24,QII87826,GPEQTQGNFGD,277,270.0
71,HLA-DRB112:01,24988.51,QII87826,VPINTNSSPDD,71,271.0
64,HLA-DRB112:01,25043.93,QII87826,KFPRGQGVPIN,64,272.0
69,HLA-DRB112:01,25053.32,QII87826,QGVPINTNSSP,69,273.0
144,HLA-DRB112:01,25290.64,QII87826,HIGTRNPANNA,144,274.0
12,HLA-DRB112:01,25346.72,QII87826,PRITFGGPSDS,12,275.0
131,HLA-DRB112:01,25373.0,QII87826,WVATEGALNTP,131,276.0
208,HLA-DRB112:01,25494.07,QII87826,RMAGNGGDAAL,208,277.0
207,HLA-DRB112:01,25513.5,QII87826,ARMAGNGGDAA,207,278.0
92,HLA-DRB112:01,25565.71,QII87826,RIRGGDGKMKD,92,279.0
338,HLA-DRB112:01,25652.38,QII87826,LDDKDPNFKDQ,338,280.0
39,HLA-DRB112:01,25733.76,QII87826,RRPQGLPNNTA,39,281.0
245,HLA-DRB112:01,25779.21,QII87826,VTKKSAAEASK,245,282.0
11,HLA-DRB112:01,25812.3,QII87826,APRITFGGPSD,11,283.0
242,HLA-DRB112:01,25915.91,QII87826,GQTVTKKSAAE,242,284.0
327,HLA-DRB112:01,26396.02,QII87826,GTWLTYTGAIK,327,285.0
206,HLA-DRB112:01,26547.07,QII87826,PARMAGNGGDA,206,286.0
96,HLA-DRB112:01,26561.76,QII87826,GDGKMKDLSPR,96,287.0
205,HLA-DRB112:01,26581.48,QII87826,SPARMAGNGGD,205,288.0
59,HLA-DRB112:01,26946.17,QII87826,GKEDLKFPRGQ,59,289.0
271,HLA-DRB112:01,27119.11,QII87826,QAFGRRGPEQT,271,290.0
356,HLA-DRB112:01,27374.51,QII87826,IDAYKTFPPTE,356,291.0
29,HLA-DRB112:01,27450.76,QII87826,GERSGARSKQR,29,292.0
36,HLA-DRB112:01,27473.35,QII87826,SKQRRPQGLPN,36,293.0
321,HLA-DRB112:01,27612.98,QII87826,MEVTPSGTWLT,321,294.0
5,HLA-DRB112:01,27618.36,QII87826,PQNQRNAPRIT,5,295.0
270,HLA-DRB112:01,27767.94,QII87826,TQAFGRRGPEQ,270,296.0
74,HLA-DRB112:01,28102.67,QII87826,NTNSSPDDQIG,74,297.0
129,HLA-DRB112:01,28254.01,QII87826,IIWVATEGALN,129,298.0
58,HLA-DRB112:01,28261.37,QII87826,HGKEDLKFPRG,58,299.0
33,HLA-DRB112:01,28440.62,QII87826,GARSKQRRPQG,33,300.0
37,HLA-DRB112:01,28581.18,QII87826,KQRRPQGLPNN,37,301.0
243,HLA-DRB112:01,28582.11,QII87826,QTVTKKSAAEA,243,302.0
41,HLA-DRB112:01,28874.91,QII87826,PQGLPNNTASW,41,303.0
88,HLA-DRB112:01,28985.3,QII87826,RATRRIRGGDG,88,304.0
244,HLA-DRB112:01,29024.19,QII87826,TVTKKSAAEAS,244,305.0
94,HLA-DRB112:01,29098.79,QII87826,RGGDGKMKDLS,94,306.0
258,HLA-DRB112:01,29253.62,QII87826,RQKRTATKAYN,258,307.0
251,HLA-DRB112:01,29517.61,QII87826,AEASKKPRQKR,251,308.0
132,HLA-DRB112:01,29670.01,QII87826,VATEGALNTPK,132,309.0
292,HLA-DRB112:01,29716.49,QII87826,RQGTDYKHWPQ,292,310.0
67,HLA-DRB112:01,29843.7,QII87826,RGQGVPINTNS,67,311.0
192,HLA-DRB112:01,29942.5,QII87826,SSRNSTPGSSR,192,312.0
70,HLA-DRB112:01,30078.89,QII87826,GVPINTNSSPD,70,313.0
89,HLA-DRB112:01,30162.63,QII87826,ATRRIRGGDGK,89,314.0
204,HLA-DRB112:01,30166.72,QII87826,TSPARMAGNGG,204,315.0
189,HLA-DRB112:01,30296.37,QII87826,SRNSSRNSTPG,189,316.0
209,HLA-DRB112:01,30308.11,QII87826,MAGNGGDAALA,209,317.0
250,HLA-DRB112:01,30311.68,QII87826,AAEASKKPRQK,250,318.0
4,HLA-DRB112:01,30328.54,QII87826,GPQNQRNAPRI,4,319.0
141,HLA-DRB112:01,30355.41,QII87826,PKDHIGTRNPA,141,320.0
113,HLA-DRB112:01,30404.11,QII87826,GTGPEAGLPYG,113,321.0
200,HLA-DRB112:01,30440.74,QII87826,SSRGTSPARMA,200,322.0
40,HLA-DRB112:01,30444.38,QII87826,RPQGLPNNTAS,40,323.0
30,HLA-DRB112:01,30613.91,QII87826,ERSGARSKQRR,30,324.0
253,HLA-DRB112:01,30620.7,QII87826,ASKKPRQKRTA,253,325.0
254,HLA-DRB112:01,30714.08,QII87826,SKKPRQKRTAT,254,326.0
32,HLA-DRB112:01,30721.09,QII87826,SGARSKQRRPQ,32,327.0
171,HLA-DRB112:01,30757.16,QII87826,YAEGSRGGSQA,171,328.0
10,HLA-DRB112:01,30757.79,QII87826,NAPRITFGGPS,10,329.0
20,HLA-DRB112:01,30785.72,QII87826,SDSTGSNQNGE,20,330.0
23,HLA-DRB112:01,31136.73,QII87826,TGSNQNGERSG,23,331.0
147,HLA-DRB112:01,31194.89,QII87826,TRNPANNAAIV,147,332.0
191,HLA-DRB112:01,31216.51,QII87826,NSSRNSTPGSS,191,333.0
133,HLA-DRB112:01,31305.67,QII87826,ATEGALNTPKD,133,334.0
68,HLA-DRB112:01,31336.06,QII87826,GQGVPINTNSS,68,335.0
145,HLA-DRB112:01,31498.15,QII87826,IGTRNPANNAA,145,336.0
146,HLA-DRB112:01,31537.36,QII87826,GTRNPANNAAI,146,337.0
143,HLA-DRB112:01,31582.38,QII87826,DHIGTRNPANN,143,338.0
201,HLA-DRB112:01,31710.83,QII87826,SRGTSPARMAG,201,339.0
134,HLA-DRB112:01,31743.46,QII87826,TEGALNTPKDH,134,340.0
142,HLA-DRB112:01,31748.14,QII87826,KDHIGTRNPAN,142,341.0
116,HLA-DRB112:01,31823.77,QII87826,PEAGLPYGANK,116,342.0
177,HLA-DRB112:01,32069.05,QII87826,GGSQASSRSSS,177,343.0
173,HLA-DRB112:01,32114.9,QII87826,EGSRGGSQASS,173,344.0
252,HLA-DRB112:01,32161.44,QII87826,EASKKPRQKRT,252,345.0
246,HLA-DRB112:01,32177.45,QII87826,TKKSAAEASKK,246,346.0
272,HLA-DRB112:01,32179.14,QII87826,AFGRRGPEQTQ,272,347.0
357,HLA-DRB112:01,32220.42,QII87826,DAYKTFPPTEP,357,348.0
248,HLA-DRB112:01,32226.93,QII87826,KSAAEASKKPR,248,349.0
66,HLA-DRB112:01,32265.05,QII87826,PRGQGVPINTN,66,350.0
176,HLA-DRB112:01,32528.83,QII87826,RGGSQASSRSS,176,351.0
19,HLA-DRB112:01,32543.34,QII87826,PSDSTGSNQNG,19,352.0
365,HLA-DRB112:01,32614.14,QII87826,TEPKKDKKKKA,365,353.0
115,HLA-DRB112:01,32828.76,QII87826,GPEAGLPYGAN,115,354.0
172,HLA-DRB112:01,32832.84,QII87826,AEGSRGGSQAS,172,355.0
190,HLA-DRB112:01,32835.57,QII87826,RNSSRNSTPGS,190,356.0
256,HLA-DRB112:01,32882.87,QII87826,KPRQKRTATKA,256,357.0
359,HLA-DRB112:01,32970.87,QII87826,YKTFPPTEPKK,359,358.0
107,HLA-DRB112:01,33015.75,QII87826,WYFYYLGTGPE,107,359.0
31,HLA-DRB112:01,33032.11,QII87826,RSGARSKQRRP,31,360.0
273,HLA-DRB112:01,33113.98,QII87826,FGRRGPEQTQG,273,361.0
1,HLA-DRB112:01,33179.1,QII87826,SDNGPQNQRNA,1,362.0
358,HLA-DRB112:01,33232.89,QII87826,AYKTFPPTEPK,358,363.0
199,HLA-DRB112:01,33322.42,QII87826,GSSRGTSPARM,199,364.0
373,HLA-DRB112:01,33583.39,QII87826,KKADETQALPQ,373,365.0
202,HLA-DRB112:01,33649.07,QII87826,RGTSPARMAGN,202,366.0
24,HLA-DRB112:01,33885.64,QII87826,GSNQNGERSGA,24,367.0
174,HLA-DRB112:01,34002.55,QII87826,GSRGGSQASSR,174,368.0
188,HLA-DRB112:01,34356.59,QII87826,RSRNSSRNSTP,188,369.0
140,HLA-DRB112:01,34426.68,QII87826,TPKDHIGTRNP,140,370.0
249,HLA-DRB112:01,34439.89,QII87826,SAAEASKKPRQ,249,371.0
366,HLA-DRB112:01,34473.85,QII87826,EPKKDKKKKAD,366,372.0
274,HLA-DRB112:01,34528.08,QII87826,GRRGPEQTQGN,274,373.0
14,HLA-DRB112:01,34597.26,QII87826,ITFGGPSDSTG,14,374.0
21,HLA-DRB112:01,34812.02,QII87826,DSTGSNQNGER,21,375.0
175,HLA-DRB112:01,35122.55,QII87826,SRGGSQASSRS,175,376.0
362,HLA-DRB112:01,35361.95,QII87826,FPPTEPKKDKK,362,377.0
194,HLA-DRB112:01,35626.49,QII87826,RNSTPGSSRGT,194,378.0
203,HLA-DRB112:01,35669.97,QII87826,GTSPARMAGNG,203,379.0
28,HLA-DRB112:01,35689.33,QII87826,NGERSGARSKQ,28,380.0
360,HLA-DRB112:01,35773.8,QII87826,KTFPPTEPKKD,360,381.0
193,HLA-DRB112:01,35782.16,QII87826,SRNSTPGSSRG,193,382.0
2,HLA-DRB112:01,36003.92,QII87826,DNGPQNQRNAP,2,383.0
247,HLA-DRB112:01,36085.29,QII87826,KKSAAEASKKP,247,384.0
255,HLA-DRB112:01,36178.51,QII87826,KKPRQKRTATK,255,385.0
361,HLA-DRB112:01,36188.45,QII87826,TFPPTEPKKDK,361,386.0
25,HLA-DRB112:01,36297.32,QII87826,SNQNGERSGAR,25,387.0
22,HLA-DRB112:01,36406.52,QII87826,STGSNQNGERS,22,388.0
196,HLA-DRB112:01,36472.19,QII87826,STPGSSRGTSP,196,389.0
364,HLA-DRB112:01,36528.34,QII87826,PTEPKKDKKKK,364,390.0
371,HLA-DRB112:01,36573.33,QII87826,KKKKADETQAL,371,391.0
370,HLA-DRB112:01,36715.19,QII87826,DKKKKADETQA,370,392.0
15,HLA-DRB112:01,37077.94,QII87826,TFGGPSDSTGS,15,393.0
139,HLA-DRB112:01,37113.83,QII87826,NTPKDHIGTRN,139,394.0
372,HLA-DRB112:01,37141.28,QII87826,KKKADETQALP,372,395.0
0,HLA-DRB112:01,37224.09,QII87826,MSDNGPQNQRN,0,396.0
3,HLA-DRB112:01,37667.79,QII87826,NGPQNQRNAPR,3,397.0
27,HLA-DRB112:01,37693.81,QII87826,QNGERSGARSK,27,398.0
18,HLA-DRB112:01,37714.17,QII87826,GPSDSTGSNQN,18,399.0
363,HLA-DRB112:01,38083.77,QII87826,PPTEPKKDKKK,363,400.0
195,HLA-DRB112:01,38201.25,QII87826,NSTPGSSRGTS,195,401.0
17,HLA-DRB112:01,38537.91,QII87826,GGPSDSTGSNQ,17,402.0
367,HLA-DRB112:01,38546.29,QII87826,PKKDKKKKADE,367,403.0
368,HLA-DRB112:01,38715.64,QII87826,KKDKKKKADET,368,404.0
369,HLA-DRB112:01,38808.24,QII87826,KDKKKKADETQ,369,405.0
26,HLA-DRB112:01,38814.52,QII87826,NQNGERSGARS,26,406.0
198,HLA-DRB112:01,38830.81,QII87826,PGSSRGTSPAR,198,407.0
16,HLA-DRB112:01,39155.69,QII87826,FGGPSDSTGSN,16,408.0
197,HLA-DRB112:01,39178.72,QII87826,TPGSSRGTSPA,197,409.0
155,HLA-DRB112:02,97.72,QII87826,AIVLQLPQGTT,155,1.0
329,HLA-DRB112:02,206.82,QII87826,WLTYTGAIKLD,329,2.0
81,HLA-DRB112:02,228.66,QII87826,DQIGYYRRATR,81,3.0
130,HLA-DRB112:02,283.34,QII87826,IWVATEGALNT,130,4.0
348,HLA-DRB112:02,304.12,QII87826,QVILLNKHIDA,348,5.0
156,HLA-DRB112:02,321.31,QII87826,IVLQLPQGTTL,156,6.0
154,HLA-DRB112:02,332.12,QII87826,AAIVLQLPQGT,154,7.0
347,HLA-DRB112:02,411.16,QII87826,DQVILLNKHID,347,8.0
103,HLA-DRB112:02,426.53,QII87826,LSPRWYFYYLG,103,9.0
129,HLA-DRB112:02,461.68,QII87826,IIWVATEGALN,129,10.0
267,HLA-DRB112:02,463.32,QII87826,YNVTQAFGRRG,267,11.0
265,HLA-DRB112:02,535.41,QII87826,KAYNVTQAFGR,265,12.0
153,HLA-DRB112:02,539.03,QII87826,NAAIVLQLPQG,153,13.0
50,HLA-DRB112:02,558.3,QII87826,SWFTALTQHGK,50,14.0
158,HLA-DRB112:02,585.66,QII87826,LQLPQGTTLPK,158,15.0
302,HLA-DRB112:02,618.64,QII87826,QIAQFAPSASA,302,16.0
319,HLA-DRB112:02,671.12,QII87826,IGMEVTPSGTW,319,17.0
82,HLA-DRB112:02,710.53,QII87826,QIGYYRRATRR,82,18.0
349,HLA-DRB112:02,713.43,QII87826,VILLNKHIDAY,349,19.0
266,HLA-DRB112:02,729.04,QII87826,AYNVTQAFGRR,266,20.0
157,HLA-DRB112:02,731.91,QII87826,VLQLPQGTTLP,157,21.0
303,HLA-DRB112:02,753.87,QII87826,IAQFAPSASAF,303,22.0
350,HLA-DRB112:02,772.16,QII87826,ILLNKHIDAYK,350,23.0
51,HLA-DRB112:02,798.02,QII87826,WFTALTQHGKE,51,24.0
268,HLA-DRB112:02,803.95,QII87826,NVTQAFGRRGP,268,25.0
220,HLA-DRB112:02,905.58,QII87826,LLLLDRLNQLE,220,26.0
301,HLA-DRB112:02,999.86,QII87826,PQIAQFAPSAS,301,27.0
160,HLA-DRB112:02,1018.3,QII87826,LPQGTTLPKGF,160,28.0
221,HLA-DRB112:02,1059.54,QII87826,LLLDRLNQLES,221,29.0
219,HLA-DRB112:02,1065.87,QII87826,ALLLLDRLNQL,219,30.0
264,HLA-DRB112:02,1110.2,QII87826,TKAYNVTQAFG,264,31.0
79,HLA-DRB112:02,1128.24,QII87826,PDDQIGYYRRA,79,32.0
269,HLA-DRB112:02,1130.19,QII87826,VTQAFGRRGPE,269,33.0
330,HLA-DRB112:02,1149.4,QII87826,LTYTGAIKLDD,330,34.0
391,HLA-DRB112:02,1161.21,QII87826,VTLLPAADLDD,391,35.0
318,HLA-DRB112:02,1185.62,QII87826,RIGMEVTPSGT,318,36.0
166,HLA-DRB112:02,1194.38,QII87826,LPKGFYAEGSR,166,37.0
138,HLA-DRB112:02,1324.45,QII87826,LNTPKDHIGTR,138,38.0
390,HLA-DRB112:02,1402.89,QII87826,TVTLLPAADLD,390,39.0
131,HLA-DRB112:02,1449.09,QII87826,WVATEGALNTP,131,40.0
217,HLA-DRB112:02,1453.65,QII87826,ALALLLLDRLN,217,41.0
159,HLA-DRB112:02,1464.87,QII87826,QLPQGTTLPKG,159,42.0
352,HLA-DRB112:02,1537.84,QII87826,LNKHIDAYKTF,352,43.0
80,HLA-DRB112:02,1579.32,QII87826,DDQIGYYRRAT,80,44.0
48,HLA-DRB112:02,1585.17,QII87826,TASWFTALTQH,48,45.0
353,HLA-DRB112:02,1586.7,QII87826,NKHIDAYKTFP,353,46.0
226,HLA-DRB112:02,1587.49,QII87826,LNQLESKMSGK,226,47.0
44,HLA-DRB112:02,1592.32,QII87826,LPNNTASWFTA,44,48.0
78,HLA-DRB112:02,1599.27,QII87826,SPDDQIGYYRR,78,49.0
346,HLA-DRB112:02,1613.68,QII87826,KDQVILLNKHI,346,50.0
102,HLA-DRB112:02,1622.01,QII87826,DLSPRWYFYYL,102,51.0
406,HLA-DRB112:02,1641.73,QII87826,LQQSMSSADST,406,52.0
215,HLA-DRB112:02,1706.92,QII87826,DAALALLLLDR,215,53.0
227,HLA-DRB112:02,1716.81,QII87826,NQLESKMSGKG,227,54.0
161,HLA-DRB112:02,1791.66,QII87826,PQGTTLPKGFY,161,55.0
43,HLA-DRB112:02,1933.72,QII87826,GLPNNTASWFT,43,56.0
218,HLA-DRB112:02,1941.55,QII87826,LALLLLDRLNQ,218,57.0
225,HLA-DRB112:02,1983.49,QII87826,RLNQLESKMSG,225,58.0
49,HLA-DRB112:02,1986.6,QII87826,ASWFTALTQHG,49,59.0
151,HLA-DRB112:02,1989.75,QII87826,ANNAAIVLQLP,151,60.0
52,HLA-DRB112:02,1994.53,QII87826,FTALTQHGKED,52,61.0
300,HLA-DRB112:02,1998.07,QII87826,WPQIAQFAPSA,300,62.0
327,HLA-DRB112:02,2031.97,QII87826,GTWLTYTGAIK,327,63.0
128,HLA-DRB112:02,2074.28,QII87826,GIIWVATEGAL,128,64.0
351,HLA-DRB112:02,2290.07,QII87826,LLNKHIDAYKT,351,65.0
389,HLA-DRB112:02,2303.66,QII87826,QTVTLLPAADL,389,66.0
216,HLA-DRB112:02,2327.71,QII87826,AALALLLLDRL,216,67.0
355,HLA-DRB112:02,2490.62,QII87826,HIDAYKTFPPT,355,68.0
150,HLA-DRB112:02,2493.22,QII87826,PANNAAIVLQL,150,69.0
119,HLA-DRB112:02,2530.41,QII87826,GLPYGANKDGI,119,70.0
308,HLA-DRB112:02,2538.36,QII87826,PSASAFFGMSR,308,71.0
263,HLA-DRB112:02,2544.21,QII87826,ATKAYNVTQAF,263,72.0
164,HLA-DRB112:02,2553.1,QII87826,TTLPKGFYAEG,164,73.0
222,HLA-DRB112:02,2564.21,QII87826,LLDRLNQLESK,222,74.0
392,HLA-DRB112:02,2595.05,QII87826,TLLPAADLDDF,392,75.0
229,HLA-DRB112:02,2598.01,QII87826,LESKMSGKGQQ,229,76.0
298,HLA-DRB112:02,2693.7,QII87826,KHWPQIAQFAP,298,77.0
165,HLA-DRB112:02,2720.34,QII87826,TLPKGFYAEGS,165,78.0
288,HLA-DRB112:02,2727.66,QII87826,QELIRQGTDYK,288,79.0
45,HLA-DRB112:02,2764.83,QII87826,PNNTASWFTAL,45,80.0
354,HLA-DRB112:02,2856.9,QII87826,KHIDAYKTFPP,354,81.0
120,HLA-DRB112:02,2864.15,QII87826,LPYGANKDGII,120,82.0
83,HLA-DRB112:02,2886.95,QII87826,IGYYRRATRRI,83,83.0
162,HLA-DRB112:02,2915.6,QII87826,QGTTLPKGFYA,162,84.0
61,HLA-DRB112:02,3005.8,QII87826,EDLKFPRGQGV,61,85.0
378,HLA-DRB112:02,3013.2,QII87826,TQALPQRQKKQ,378,86.0
63,HLA-DRB112:02,3022.32,QII87826,LKFPRGQGVPI,63,87.0
228,HLA-DRB112:02,3036.31,QII87826,QLESKMSGKGQ,228,88.0
297,HLA-DRB112:02,3038.16,QII87826,YKHWPQIAQFA,297,89.0
328,HLA-DRB112:02,3048.2,QII87826,TWLTYTGAIKL,328,90.0
126,HLA-DRB112:02,3124.7,QII87826,KDGIIWVATEG,126,91.0
321,HLA-DRB112:02,3223.42,QII87826,MEVTPSGTWLT,321,92.0
62,HLA-DRB112:02,3341.12,QII87826,DLKFPRGQGVP,62,93.0
137,HLA-DRB112:02,3353.83,QII87826,ALNTPKDHIGT,137,94.0
136,HLA-DRB112:02,3361.49,QII87826,GALNTPKDHIG,136,95.0
47,HLA-DRB112:02,3377.79,QII87826,NTASWFTALTQ,47,96.0
377,HLA-DRB112:02,3380.81,QII87826,ETQALPQRQKK,377,97.0
101,HLA-DRB112:02,3560.42,QII87826,KDLSPRWYFYY,101,98.0
100,HLA-DRB112:02,3658.94,QII87826,MKDLSPRWYFY,100,99.0
144,HLA-DRB112:02,3701.72,QII87826,HIGTRNPANNA,144,100.0
5,HLA-DRB112:02,3717.51,QII87826,PQNQRNAPRIT,5,101.0
141,HLA-DRB112:02,3794.38,QII87826,PKDHIGTRNPA,141,102.0
152,HLA-DRB112:02,3813.91,QII87826,NNAAIVLQLPQ,152,103.0
9,HLA-DRB112:02,3918.14,QII87826,RNAPRITFGGP,9,104.0
204,HLA-DRB112:02,3963.18,QII87826,TSPARMAGNGG,204,105.0
290,HLA-DRB112:02,3996.45,QII87826,LIRQGTDYKHW,290,106.0
340,HLA-DRB112:02,4025.46,QII87826,DKDPNFKDQVI,340,107.0
99,HLA-DRB112:02,4050.48,QII87826,KMKDLSPRWYF,99,108.0
163,HLA-DRB112:02,4079.15,QII87826,GTTLPKGFYAE,163,109.0
356,HLA-DRB112:02,4224.05,QII87826,IDAYKTFPPTE,356,110.0
299,HLA-DRB112:02,4394.04,QII87826,HWPQIAQFAPS,299,111.0
127,HLA-DRB112:02,4395.2,QII87826,DGIIWVATEGA,127,112.0
404,HLA-DRB112:02,4449.19,QII87826,KQLQQSMSSAD,404,113.0
341,HLA-DRB112:02,4464.04,QII87826,KDPNFKDQVIL,341,114.0
317,HLA-DRB112:02,4484.57,QII87826,SRIGMEVTPSG,317,115.0
8,HLA-DRB112:02,4597.66,QII87826,QRNAPRITFGG,8,116.0
294,HLA-DRB112:02,4600.06,QII87826,GTDYKHWPQIA,294,117.0
399,HLA-DRB112:02,4633.64,QII87826,LDDFSKQLQQS,399,118.0
77,HLA-DRB112:02,4719.45,QII87826,SSPDDQIGYYR,77,119.0
380,HLA-DRB112:02,4817.65,QII87826,ALPQRQKKQQT,380,120.0
54,HLA-DRB112:02,4838.17,QII87826,ALTQHGKEDLK,54,121.0
289,HLA-DRB112:02,4877.66,QII87826,ELIRQGTDYKH,289,122.0
223,HLA-DRB112:02,4878.15,QII87826,LDRLNQLESKM,223,123.0
123,HLA-DRB112:02,4884.52,QII87826,GANKDGIIWVA,123,124.0
168,HLA-DRB112:02,4907.6,QII87826,KGFYAEGSRGG,168,125.0
7,HLA-DRB112:02,4982.3,QII87826,NQRNAPRITFG,7,126.0
403,HLA-DRB112:02,5242.27,QII87826,SKQLQQSMSSA,403,127.0
118,HLA-DRB112:02,5245.18,QII87826,AGLPYGANKDG,118,128.0
306,HLA-DRB112:02,5324.55,QII87826,FAPSASAFFGM,306,129.0
110,HLA-DRB112:02,5392.73,QII87826,YYLGTGPEAGL,110,130.0
4,HLA-DRB112:02,5406.06,QII87826,GPQNQRNAPRI,4,131.0
53,HLA-DRB112:02,5586.04,QII87826,TALTQHGKEDL,53,132.0
296,HLA-DRB112:02,5602.89,QII87826,DYKHWPQIAQF,296,133.0
25,HLA-DRB112:02,5624.13,QII87826,SNQNGERSGAR,25,134.0
379,HLA-DRB112:02,5639.98,QII87826,QALPQRQKKQQ,379,135.0
405,HLA-DRB112:02,5681.53,QII87826,QLQQSMSSADS,405,136.0
23,HLA-DRB112:02,5688.08,QII87826,TGSNQNGERSG,23,137.0
262,HLA-DRB112:02,5699.01,QII87826,TATKAYNVTQA,262,138.0
143,HLA-DRB112:02,5716.44,QII87826,DHIGTRNPANN,143,139.0
358,HLA-DRB112:02,5795.84,QII87826,AYKTFPPTEPK,358,140.0
320,HLA-DRB112:02,5958.91,QII87826,GMEVTPSGTWL,320,141.0
401,HLA-DRB112:02,5993.47,QII87826,DFSKQLQQSMS,401,142.0
316,HLA-DRB112:02,6014.93,QII87826,MSRIGMEVTPS,316,143.0
60,HLA-DRB112:02,6017.14,QII87826,KEDLKFPRGQG,60,144.0
42,HLA-DRB112:02,6050.11,QII87826,QGLPNNTASWF,42,145.0
285,HLA-DRB112:02,6076.53,QII87826,FGDQELIRQGT,285,146.0
400,HLA-DRB112:02,6138.48,QII87826,DDFSKQLQQSM,400,147.0
132,HLA-DRB112:02,6138.49,QII87826,VATEGALNTPK,132,148.0
307,HLA-DRB112:02,6176.7,QII87826,APSASAFFGMS,307,149.0
142,HLA-DRB112:02,6250.79,QII87826,KDHIGTRNPAN,142,150.0
186,HLA-DRB112:02,6258.83,QII87826,SSRSRNSSRNS,186,151.0
46,HLA-DRB112:02,6529.29,QII87826,NNTASWFTALT,46,152.0
167,HLA-DRB112:02,6599.5,QII87826,PKGFYAEGSRG,167,153.0
305,HLA-DRB112:02,6621.6,QII87826,QFAPSASAFFG,305,154.0
282,HLA-DRB112:02,6650.37,QII87826,QGNFGDQELIR,282,155.0
10,HLA-DRB112:02,6738.58,QII87826,NAPRITFGGPS,10,156.0
322,HLA-DRB112:02,6775.85,QII87826,EVTPSGTWLTY,322,157.0
55,HLA-DRB112:02,6836.96,QII87826,LTQHGKEDLKF,55,158.0
84,HLA-DRB112:02,6846.28,QII87826,GYYRRATRRIR,84,159.0
135,HLA-DRB112:02,6948.36,QII87826,EGALNTPKDHI,135,160.0
109,HLA-DRB112:02,6982.46,QII87826,FYYLGTGPEAG,109,161.0
187,HLA-DRB112:02,7019.19,QII87826,SRSRNSSRNST,187,162.0
393,HLA-DRB112:02,7105.56,QII87826,LLPAADLDDFS,393,163.0
189,HLA-DRB112:02,7151.06,QII87826,SRNSSRNSTPG,189,164.0
230,HLA-DRB112:02,7295.43,QII87826,ESKMSGKGQQQ,230,165.0
124,HLA-DRB112:02,7302.94,QII87826,ANKDGIIWVAT,124,166.0
315,HLA-DRB112:02,7374.58,QII87826,GMSRIGMEVTP,315,167.0
357,HLA-DRB112:02,7420.19,QII87826,DAYKTFPPTEP,357,168.0
342,HLA-DRB112:02,7472.28,QII87826,DPNFKDQVILL,342,169.0
13,HLA-DRB112:02,7526.46,QII87826,RITFGGPSDST,13,170.0
388,HLA-DRB112:02,7554.1,QII87826,QQTVTLLPAAD,388,171.0
244,HLA-DRB112:02,7610.81,QII87826,TVTKKSAAEAS,244,172.0
70,HLA-DRB112:02,7611.13,QII87826,GVPINTNSSPD,70,173.0
376,HLA-DRB112:02,7701.33,QII87826,DETQALPQRQK,376,174.0
125,HLA-DRB112:02,7779.95,QII87826,NKDGIIWVATE,125,175.0
26,HLA-DRB112:02,7875.2,QII87826,NQNGERSGARS,26,176.0
6,HLA-DRB112:02,7915.12,QII87826,QNQRNAPRITF,6,177.0
245,HLA-DRB112:02,7926.95,QII87826,VTKKSAAEASK,245,178.0
304,HLA-DRB112:02,7934.98,QII87826,AQFAPSASAFF,304,179.0
97,HLA-DRB112:02,7945.66,QII87826,DGKMKDLSPRW,97,180.0
214,HLA-DRB112:02,7946.51,QII87826,GDAALALLLLD,214,181.0
224,HLA-DRB112:02,7997.56,QII87826,DRLNQLESKMS,224,182.0
71,HLA-DRB112:02,8073.84,QII87826,VPINTNSSPDD,71,183.0
149,HLA-DRB112:02,8240.49,QII87826,NPANNAAIVLQ,149,184.0
98,HLA-DRB112:02,8278.19,QII87826,GKMKDLSPRWY,98,185.0
287,HLA-DRB112:02,8429.8,QII87826,DQELIRQGTDY,287,186.0
121,HLA-DRB112:02,8468.11,QII87826,PYGANKDGIIW,121,187.0
14,HLA-DRB112:02,8562.46,QII87826,ITFGGPSDSTG,14,188.0
402,HLA-DRB112:02,8576.6,QII87826,FSKQLQQSMSS,402,189.0
182,HLA-DRB112:02,8606.39,QII87826,SSRSSSRSRNS,182,190.0
3,HLA-DRB112:02,8761.38,QII87826,NGPQNQRNAPR,3,191.0
281,HLA-DRB112:02,8868.6,QII87826,TQGNFGDQELI,281,192.0
309,HLA-DRB112:02,8900.42,QII87826,SASAFFGMSRI,309,193.0
69,HLA-DRB112:02,9165.98,QII87826,QGVPINTNSSP,69,194.0
140,HLA-DRB112:02,9191.6,QII87826,TPKDHIGTRNP,140,195.0
359,HLA-DRB112:02,9192.75,QII87826,YKTFPPTEPKK,359,196.0
203,HLA-DRB112:02,9241.89,QII87826,GTSPARMAGNG,203,197.0
397,HLA-DRB112:02,9585.82,QII87826,ADLDDFSKQLQ,397,198.0
76,HLA-DRB112:02,9633.08,QII87826,NSSPDDQIGYY,76,199.0
145,HLA-DRB112:02,9726.81,QII87826,IGTRNPANNAA,145,200.0
108,HLA-DRB112:02,9733.05,QII87826,YFYYLGTGPEA,108,201.0
407,HLA-DRB112:02,9755.53,QII87826,QQSMSSADSTQ,407,202.0
387,HLA-DRB112:02,9814.27,QII87826,KQQTVTLLPAA,387,203.0
1,HLA-DRB112:02,9846.18,QII87826,SDNGPQNQRNA,1,204.0
314,HLA-DRB112:02,9950.2,QII87826,FGMSRIGMEVT,314,205.0
381,HLA-DRB112:02,10024.77,QII87826,LPQRQKKQQTV,381,206.0
41,HLA-DRB112:02,10122.2,QII87826,PQGLPNNTASW,41,207.0
324,HLA-DRB112:02,10221.76,QII87826,TPSGTWLTYTG,324,208.0
231,HLA-DRB112:02,10254.16,QII87826,SKMSGKGQQQQ,231,209.0
73,HLA-DRB112:02,10304.57,QII87826,INTNSSPDDQI,73,210.0
284,HLA-DRB112:02,10308.5,QII87826,NFGDQELIRQG,284,211.0
191,HLA-DRB112:02,10491.9,QII87826,NSSRNSTPGSS,191,212.0
326,HLA-DRB112:02,10517.38,QII87826,SGTWLTYTGAI,326,213.0
261,HLA-DRB112:02,10692.28,QII87826,RTATKAYNVTQ,261,214.0
336,HLA-DRB112:02,10710.92,QII87826,IKLDDKDPNFK,336,215.0
396,HLA-DRB112:02,10781.16,QII87826,AADLDDFSKQL,396,216.0
117,HLA-DRB112:02,10855.97,QII87826,EAGLPYGANKD,117,217.0
148,HLA-DRB112:02,10923.71,QII87826,RNPANNAAIVL,148,218.0
194,HLA-DRB112:02,10934.79,QII87826,RNSTPGSSRGT,194,219.0
276,HLA-DRB112:02,11041.37,QII87826,RGPEQTQGNFG,276,220.0
185,HLA-DRB112:02,11055.49,QII87826,SSSRSRNSSRN,185,221.0
72,HLA-DRB112:02,11077.88,QII87826,PINTNSSPDDQ,72,222.0
183,HLA-DRB112:02,11115.72,QII87826,SRSSSRSRNSS,183,223.0
205,HLA-DRB112:02,11194.79,QII87826,SPARMAGNGGD,205,224.0
104,HLA-DRB112:02,11266.96,QII87826,SPRWYFYYLGT,104,225.0
192,HLA-DRB112:02,11472.87,QII87826,SSRNSTPGSSR,192,226.0
169,HLA-DRB112:02,11489.82,QII87826,GFYAEGSRGGS,169,227.0
139,HLA-DRB112:02,11573.8,QII87826,NTPKDHIGTRN,139,228.0
323,HLA-DRB112:02,11673.25,QII87826,VTPSGTWLTYT,323,229.0
236,HLA-DRB112:02,11767.02,QII87826,KGQQQQGQTVT,236,230.0
286,HLA-DRB112:02,11898.31,QII87826,GDQELIRQGTD,286,231.0
116,HLA-DRB112:02,11960.65,QII87826,PEAGLPYGANK,116,232.0
180,HLA-DRB112:02,11990.4,QII87826,QASSRSSSRSR,180,233.0
398,HLA-DRB112:02,12103.35,QII87826,DLDDFSKQLQQ,398,234.0
90,HLA-DRB112:02,12149.19,QII87826,TRRIRGGDGKM,90,235.0
206,HLA-DRB112:02,12160.03,QII87826,PARMAGNGGDA,206,236.0
111,HLA-DRB112:02,12258.85,QII87826,YLGTGPEAGLP,111,237.0
170,HLA-DRB112:02,12533.69,QII87826,FYAEGSRGGSQ,170,238.0
195,HLA-DRB112:02,12693.76,QII87826,NSTPGSSRGTS,195,239.0
114,HLA-DRB112:02,12749.33,QII87826,TGPEAGLPYGA,114,240.0
193,HLA-DRB112:02,12796.82,QII87826,SRNSTPGSSRG,193,241.0
295,HLA-DRB112:02,12902.81,QII87826,TDYKHWPQIAQ,295,242.0
38,HLA-DRB112:02,13220.69,QII87826,QRRPQGLPNNT,38,243.0
181,HLA-DRB112:02,13280.6,QII87826,ASSRSSSRSRN,181,244.0
335,HLA-DRB112:02,13409.08,QII87826,AIKLDDKDPNF,335,245.0
408,HLA-DRB112:02,13485.76,QII87826,QSMSSADSTQA,408,246.0
74,HLA-DRB112:02,13512.66,QII87826,NTNSSPDDQIG,74,247.0
293,HLA-DRB112:02,13587.51,QII87826,QGTDYKHWPQI,293,248.0
11,HLA-DRB112:02,13642.26,QII87826,APRITFGGPSD,11,249.0
179,HLA-DRB112:02,13682.29,QII87826,SQASSRSSSRS,179,250.0
34,HLA-DRB112:02,13931.1,QII87826,ARSKQRRPQGL,34,251.0
24,HLA-DRB112:02,13983.9,QII87826,GSNQNGERSGA,24,252.0
190,HLA-DRB112:02,13989.32,QII87826,RNSSRNSTPGS,190,253.0
251,HLA-DRB112:02,14121.71,QII87826,AEASKKPRQKR,251,254.0
331,HLA-DRB112:02,14128.99,QII87826,TYTGAIKLDDK,331,255.0
122,HLA-DRB112:02,14163.46,QII87826,YGANKDGIIWV,122,256.0
75,HLA-DRB112:02,14342.96,QII87826,TNSSPDDQIGY,75,257.0
382,HLA-DRB112:02,14427.28,QII87826,PQRQKKQQTVT,382,258.0
147,HLA-DRB112:02,14428.49,QII87826,TRNPANNAAIV,147,259.0
58,HLA-DRB112:02,14527.51,QII87826,HGKEDLKFPRG,58,260.0
270,HLA-DRB112:02,14596.62,QII87826,TQAFGRRGPEQ,270,261.0
271,HLA-DRB112:02,14665.54,QII87826,QAFGRRGPEQT,271,262.0
88,HLA-DRB112:02,14677.49,QII87826,RATRRIRGGDG,88,263.0
375,HLA-DRB112:02,14693.05,QII87826,ADETQALPQRQ,375,264.0
384,HLA-DRB112:02,14813.46,QII87826,RQKKQQTVTLL,384,265.0
243,HLA-DRB112:02,14896.26,QII87826,QTVTKKSAAEA,243,266.0
19,HLA-DRB112:02,15016.05,QII87826,PSDSTGSNQNG,19,267.0
89,HLA-DRB112:02,15040.83,QII87826,ATRRIRGGDGK,89,268.0
343,HLA-DRB112:02,15089.9,QII87826,PNFKDQVILLN,343,269.0
248,HLA-DRB112:02,15093.23,QII87826,KSAAEASKKPR,248,270.0
310,HLA-DRB112:02,15156.38,QII87826,ASAFFGMSRIG,310,271.0
133,HLA-DRB112:02,15184.71,QII87826,ATEGALNTPKD,133,272.0
112,HLA-DRB112:02,15211.41,QII87826,LGTGPEAGLPY,112,273.0
184,HLA-DRB112:02,15236.06,QII87826,RSSSRSRNSSR,184,274.0
313,HLA-DRB112:02,15440.52,QII87826,FFGMSRIGMEV,313,275.0
0,HLA-DRB112:02,15457.81,QII87826,MSDNGPQNQRN,0,276.0
200,HLA-DRB112:02,15514.66,QII87826,SSRGTSPARMA,200,277.0
260,HLA-DRB112:02,15576.0,QII87826,KRTATKAYNVT,260,278.0
59,HLA-DRB112:02,15611.84,QII87826,GKEDLKFPRGQ,59,279.0
291,HLA-DRB112:02,15624.48,QII87826,IRQGTDYKHWP,291,280.0
374,HLA-DRB112:02,15728.11,QII87826,KADETQALPQR,374,281.0
394,HLA-DRB112:02,15838.7,QII87826,LPAADLDDFSK,394,282.0
207,HLA-DRB112:02,15845.94,QII87826,ARMAGNGGDAA,207,283.0
107,HLA-DRB112:02,15934.94,QII87826,WYFYYLGTGPE,107,284.0
280,HLA-DRB112:02,16111.23,QII87826,QTQGNFGDQEL,280,285.0
383,HLA-DRB112:02,16457.48,QII87826,QRQKKQQTVTL,383,286.0
362,HLA-DRB112:02,16591.37,QII87826,FPPTEPKKDKK,362,287.0
146,HLA-DRB112:02,16655.94,QII87826,GTRNPANNAAI,146,288.0
106,HLA-DRB112:02,16805.35,QII87826,RWYFYYLGTGP,106,289.0
311,HLA-DRB112:02,16896.54,QII87826,SAFFGMSRIGM,311,290.0
199,HLA-DRB112:02,17048.12,QII87826,GSSRGTSPARM,199,291.0
339,HLA-DRB112:02,17177.62,QII87826,DDKDPNFKDQV,339,292.0
232,HLA-DRB112:02,17210.67,QII87826,KMSGKGQQQQG,232,293.0
57,HLA-DRB112:02,17245.41,QII87826,QHGKEDLKFPR,57,294.0
178,HLA-DRB112:02,17382.82,QII87826,GSQASSRSSSR,178,295.0
27,HLA-DRB112:02,17459.73,QII87826,QNGERSGARSK,27,296.0
242,HLA-DRB112:02,17495.16,QII87826,GQTVTKKSAAE,242,297.0
278,HLA-DRB112:02,17573.56,QII87826,PEQTQGNFGDQ,278,298.0
201,HLA-DRB112:02,17593.07,QII87826,SRGTSPARMAG,201,299.0
275,HLA-DRB112:02,17691.48,QII87826,RRGPEQTQGNF,275,300.0
277,HLA-DRB112:02,17719.21,QII87826,GPEQTQGNFGD,277,301.0
12,HLA-DRB112:02,17737.58,QII87826,PRITFGGPSDS,12,302.0
39,HLA-DRB112:02,17773.72,QII87826,RRPQGLPNNTA,39,303.0
235,HLA-DRB112:02,17846.4,QII87826,GKGQQQQGQTV,235,304.0
325,HLA-DRB112:02,17927.62,QII87826,PSGTWLTYTGA,325,305.0
96,HLA-DRB112:02,17930.28,QII87826,GDGKMKDLSPR,96,306.0
22,HLA-DRB112:02,17982.25,QII87826,STGSNQNGERS,22,307.0
279,HLA-DRB112:02,18049.34,QII87826,EQTQGNFGDQE,279,308.0
198,HLA-DRB112:02,18180.99,QII87826,PGSSRGTSPAR,198,309.0
386,HLA-DRB112:02,18259.03,QII87826,KKQQTVTLLPA,386,310.0
208,HLA-DRB112:02,18401.24,QII87826,RMAGNGGDAAL,208,311.0
385,HLA-DRB112:02,18443.69,QII87826,QKKQQTVTLLP,385,312.0
241,HLA-DRB112:02,18446.05,QII87826,QGQTVTKKSAA,241,313.0
35,HLA-DRB112:02,18724.22,QII87826,RSKQRRPQGLP,35,314.0
332,HLA-DRB112:02,18730.95,QII87826,YTGAIKLDDKD,332,315.0
344,HLA-DRB112:02,18746.5,QII87826,NFKDQVILLNK,344,316.0
134,HLA-DRB112:02,18801.65,QII87826,TEGALNTPKDH,134,317.0
86,HLA-DRB112:02,18875.33,QII87826,YRRATRRIRGG,86,318.0
2,HLA-DRB112:02,18949.95,QII87826,DNGPQNQRNAP,2,319.0
213,HLA-DRB112:02,19019.08,QII87826,GGDAALALLLL,213,320.0
259,HLA-DRB112:02,19129.91,QII87826,QKRTATKAYNV,259,321.0
36,HLA-DRB112:02,19362.08,QII87826,SKQRRPQGLPN,36,322.0
21,HLA-DRB112:02,19753.32,QII87826,DSTGSNQNGER,21,323.0
212,HLA-DRB112:02,19788.74,QII87826,NGGDAALALLL,212,324.0
113,HLA-DRB112:02,19893.95,QII87826,GTGPEAGLPYG,113,325.0
395,HLA-DRB112:02,20034.66,QII87826,PAADLDDFSKQ,395,326.0
361,HLA-DRB112:02,20086.38,QII87826,TFPPTEPKKDK,361,327.0
196,HLA-DRB112:02,20199.79,QII87826,STPGSSRGTSP,196,328.0
85,HLA-DRB112:02,20377.85,QII87826,YYRRATRRIRG,85,329.0
20,HLA-DRB112:02,20568.85,QII87826,SDSTGSNQNGE,20,330.0
40,HLA-DRB112:02,20740.78,QII87826,RPQGLPNNTAS,40,331.0
312,HLA-DRB112:02,20750.76,QII87826,AFFGMSRIGME,312,332.0
249,HLA-DRB112:02,20914.2,QII87826,SAAEASKKPRQ,249,333.0
234,HLA-DRB112:02,20935.24,QII87826,SGKGQQQQGQT,234,334.0
30,HLA-DRB112:02,21418.16,QII87826,ERSGARSKQRR,30,335.0
237,HLA-DRB112:02,21456.78,QII87826,GQQQQGQTVTK,237,336.0
233,HLA-DRB112:02,21555.82,QII87826,MSGKGQQQQGQ,233,337.0
345,HLA-DRB112:02,21674.17,QII87826,FKDQVILLNKH,345,338.0
250,HLA-DRB112:02,21703.71,QII87826,AAEASKKPRQK,250,339.0
209,HLA-DRB112:02,21723.93,QII87826,MAGNGGDAALA,209,340.0
29,HLA-DRB112:02,21831.32,QII87826,GERSGARSKQR,29,341.0
363,HLA-DRB112:02,21943.54,QII87826,PPTEPKKDKKK,363,342.0
238,HLA-DRB112:02,22002.98,QII87826,QQQQGQTVTKK,238,343.0
246,HLA-DRB112:02,22008.33,QII87826,TKKSAAEASKK,246,344.0
360,HLA-DRB112:02,22237.09,QII87826,KTFPPTEPKKD,360,345.0
87,HLA-DRB112:02,22239.34,QII87826,RRATRRIRGGD,87,346.0
239,HLA-DRB112:02,22252.83,QII87826,QQQGQTVTKKS,239,347.0
105,HLA-DRB112:02,22511.47,QII87826,PRWYFYYLGTG,105,348.0
171,HLA-DRB112:02,22860.88,QII87826,YAEGSRGGSQA,171,349.0
240,HLA-DRB112:02,22872.07,QII87826,QQGQTVTKKSA,240,350.0
64,HLA-DRB112:02,23250.52,QII87826,KFPRGQGVPIN,64,351.0
202,HLA-DRB112:02,23350.16,QII87826,RGTSPARMAGN,202,352.0
56,HLA-DRB112:02,23675.09,QII87826,TQHGKEDLKFP,56,353.0
333,HLA-DRB112:02,23874.87,QII87826,TGAIKLDDKDP,333,354.0
257,HLA-DRB112:02,24034.44,QII87826,PRQKRTATKAY,257,355.0
337,HLA-DRB112:02,24331.75,QII87826,KLDDKDPNFKD,337,356.0
115,HLA-DRB112:02,24670.59,QII87826,GPEAGLPYGAN,115,357.0
188,HLA-DRB112:02,24955.58,QII87826,RSRNSSRNSTP,188,358.0
211,HLA-DRB112:02,25189.34,QII87826,GNGGDAALALL,211,359.0
338,HLA-DRB112:02,25354.19,QII87826,LDDKDPNFKDQ,338,360.0
283,HLA-DRB112:02,25360.43,QII87826,GNFGDQELIRQ,283,361.0
210,HLA-DRB112:02,25366.43,QII87826,AGNGGDAALAL,210,362.0
37,HLA-DRB112:02,25377.88,QII87826,KQRRPQGLPNN,37,363.0
197,HLA-DRB112:02,25584.1,QII87826,TPGSSRGTSPA,197,364.0
252,HLA-DRB112:02,25833.39,QII87826,EASKKPRQKRT,252,365.0
93,HLA-DRB112:02,25913.48,QII87826,IRGGDGKMKDL,93,366.0
28,HLA-DRB112:02,25985.78,QII87826,NGERSGARSKQ,28,367.0
33,HLA-DRB112:02,26054.27,QII87826,GARSKQRRPQG,33,368.0
65,HLA-DRB112:02,26118.75,QII87826,FPRGQGVPINT,65,369.0
272,HLA-DRB112:02,26168.35,QII87826,AFGRRGPEQTQ,272,370.0
273,HLA-DRB112:02,26219.3,QII87826,FGRRGPEQTQG,273,371.0
371,HLA-DRB112:02,26238.56,QII87826,KKKKADETQAL,371,372.0
177,HLA-DRB112:02,26355.86,QII87826,GGSQASSRSSS,177,373.0
334,HLA-DRB112:02,26451.81,QII87826,GAIKLDDKDPN,334,374.0
68,HLA-DRB112:02,26748.97,QII87826,GQGVPINTNSS,68,375.0
67,HLA-DRB112:02,27736.95,QII87826,RGQGVPINTNS,67,376.0
256,HLA-DRB112:02,27902.31,QII87826,KPRQKRTATKA,256,377.0
253,HLA-DRB112:02,27919.87,QII87826,ASKKPRQKRTA,253,378.0
176,HLA-DRB112:02,28215.74,QII87826,RGGSQASSRSS,176,379.0
15,HLA-DRB112:02,28294.11,QII87826,TFGGPSDSTGS,15,380.0
172,HLA-DRB112:02,28421.39,QII87826,AEGSRGGSQAS,172,381.0
247,HLA-DRB112:02,28521.88,QII87826,KKSAAEASKKP,247,382.0
254,HLA-DRB112:02,28589.75,QII87826,SKKPRQKRTAT,254,383.0
32,HLA-DRB112:02,29097.42,QII87826,SGARSKQRRPQ,32,384.0
274,HLA-DRB112:02,29555.34,QII87826,GRRGPEQTQGN,274,385.0
18,HLA-DRB112:02,29788.57,QII87826,GPSDSTGSNQN,18,386.0
372,HLA-DRB112:02,29895.9,QII87826,KKKADETQALP,372,387.0
95,HLA-DRB112:02,30189.26,QII87826,GGDGKMKDLSP,95,388.0
91,HLA-DRB112:02,30402.13,QII87826,RRIRGGDGKMK,91,389.0
173,HLA-DRB112:02,30662.08,QII87826,EGSRGGSQASS,173,390.0
175,HLA-DRB112:02,30863.21,QII87826,SRGGSQASSRS,175,391.0
31,HLA-DRB112:02,30867.19,QII87826,RSGARSKQRRP,31,392.0
17,HLA-DRB112:02,30988.01,QII87826,GGPSDSTGSNQ,17,393.0
364,HLA-DRB112:02,31362.65,QII87826,PTEPKKDKKKK,364,394.0
174,HLA-DRB112:02,31676.71,QII87826,GSRGGSQASSR,174,395.0
258,HLA-DRB112:02,31969.62,QII87826,RQKRTATKAYN,258,396.0
66,HLA-DRB112:02,32648.0,QII87826,PRGQGVPINTN,66,397.0
92,HLA-DRB112:02,33198.33,QII87826,RIRGGDGKMKD,92,398.0
292,HLA-DRB112:02,33327.15,QII87826,RQGTDYKHWPQ,292,399.0
373,HLA-DRB112:02,33532.93,QII87826,KKADETQALPQ,373,400.0
16,HLA-DRB112:02,33864.78,QII87826,FGGPSDSTGSN,16,401.0
94,HLA-DRB112:02,34037.69,QII87826,RGGDGKMKDLS,94,402.0
255,HLA-DRB112:02,34308.79,QII87826,KKPRQKRTATK,255,403.0
365,HLA-DRB112:02,35163.75,QII87826,TEPKKDKKKKA,365,404.0
370,HLA-DRB112:02,35854.92,QII87826,DKKKKADETQA,370,405.0
369,HLA-DRB112:02,37448.45,QII87826,KDKKKKADETQ,369,406.0
368,HLA-DRB112:02,38690.91,QII87826,KKDKKKKADET,368,407.0
366,HLA-DRB112:02,39554.04,QII87826,EPKKDKKKKAD,366,408.0
367,HLA-DRB112:02,40001.42,QII87826,PKKDKKKKADE,367,409.0
84,HLA-DRB113:01,122.82,QII87826,GYYRRATRRIR,84,1.0
85,HLA-DRB113:01,169.96,QII87826,YYRRATRRIRG,85,2.0
86,HLA-DRB113:01,236.14,QII87826,YRRATRRIRGG,86,3.0
87,HLA-DRB113:01,287.18,QII87826,RRATRRIRGGD,87,4.0
318,HLA-DRB113:01,421.75,QII87826,RIGMEVTPSGT,318,5.0
311,HLA-DRB113:01,464.6,QII87826,SAFFGMSRIGM,311,6.0
348,HLA-DRB113:01,498.95,QII87826,QVILLNKHIDA,348,7.0
347,HLA-DRB113:01,505.16,QII87826,DQVILLNKHID,347,8.0
330,HLA-DRB113:01,513.17,QII87826,LTYTGAIKLDD,330,9.0
83,HLA-DRB113:01,654.44,QII87826,IGYYRRATRRI,83,10.0
88,HLA-DRB113:01,780.42,QII87826,RATRRIRGGDG,88,11.0
181,HLA-DRB113:01,789.94,QII87826,ASSRSSSRSRN,181,12.0
182,HLA-DRB113:01,1037.02,QII87826,SSRSSSRSRNS,182,13.0
312,HLA-DRB113:01,1087.69,QII87826,AFFGMSRIGME,312,14.0
349,HLA-DRB113:01,1144.3,QII87826,VILLNKHIDAY,349,15.0
380,HLA-DRB113:01,1182.67,QII87826,ALPQRQKKQQT,380,16.0
187,HLA-DRB113:01,1414.47,QII87826,SRSRNSSRNST,187,17.0
314,HLA-DRB113:01,1494.17,QII87826,FGMSRIGMEVT,314,18.0
346,HLA-DRB113:01,1568.19,QII87826,KDQVILLNKHI,346,19.0
101,HLA-DRB113:01,1584.47,QII87826,KDLSPRWYFYY,101,20.0
184,HLA-DRB113:01,1612.35,QII87826,RSSSRSRNSSR,184,21.0
185,HLA-DRB113:01,1716.26,QII87826,SSSRSRNSSRN,185,22.0
392,HLA-DRB113:01,1778.22,QII87826,TLLPAADLDDF,392,23.0
257,HLA-DRB113:01,1950.31,QII87826,PRQKRTATKAY,257,24.0
180,HLA-DRB113:01,2058.64,QII87826,QASSRSSSRSR,180,25.0
183,HLA-DRB113:01,2074.5,QII87826,SRSSSRSRNSS,183,26.0
51,HLA-DRB113:01,2101.49,QII87826,WFTALTQHGKE,51,27.0
170,HLA-DRB113:01,2136.82,QII87826,FYAEGSRGGSQ,170,28.0
297,HLA-DRB113:01,2163.54,QII87826,YKHWPQIAQFA,297,29.0
406,HLA-DRB113:01,2225.39,QII87826,LQQSMSSADST,406,30.0
265,HLA-DRB113:01,2360.41,QII87826,KAYNVTQAFGR,265,31.0
267,HLA-DRB113:01,2543.44,QII87826,YNVTQAFGRRG,267,32.0
400,HLA-DRB113:01,2636.29,QII87826,DDFSKQLQQSM,400,33.0
231,HLA-DRB113:01,2648.5,QII87826,SKMSGKGQQQQ,231,34.0
130,HLA-DRB113:01,2700.99,QII87826,IWVATEGALNT,130,35.0
102,HLA-DRB113:01,2890.82,QII87826,DLSPRWYFYYL,102,36.0
313,HLA-DRB113:01,2918.58,QII87826,FFGMSRIGMEV,313,37.0
178,HLA-DRB113:01,2920.96,QII87826,GSQASSRSSSR,178,38.0
204,HLA-DRB113:01,3033.41,QII87826,TSPARMAGNGG,204,39.0
119,HLA-DRB113:01,3187.41,QII87826,GLPYGANKDGI,119,40.0
202,HLA-DRB113:01,3392.1,QII87826,RGTSPARMAGN,202,41.0
317,HLA-DRB113:01,3607.76,QII87826,SRIGMEVTPSG,317,42.0
332,HLA-DRB113:01,3625.22,QII87826,YTGAIKLDDKD,332,43.0
266,HLA-DRB113:01,3672.1,QII87826,AYNVTQAFGRR,266,44.0
261,HLA-DRB113:01,3698.6,QII87826,RTATKAYNVTQ,261,45.0
342,HLA-DRB113:01,3721.0,QII87826,DPNFKDQVILL,342,46.0
285,HLA-DRB113:01,3789.9,QII87826,FGDQELIRQGT,285,47.0
150,HLA-DRB113:01,4085.74,QII87826,PANNAAIVLQL,150,48.0
200,HLA-DRB113:01,4094.77,QII87826,SSRGTSPARMA,200,49.0
161,HLA-DRB113:01,4286.4,QII87826,PQGTTLPKGFY,161,50.0
168,HLA-DRB113:01,4436.67,QII87826,KGFYAEGSRGG,168,51.0
186,HLA-DRB113:01,4545.0,QII87826,SSRSRNSSRNS,186,52.0
229,HLA-DRB113:01,4622.95,QII87826,LESKMSGKGQQ,229,53.0
228,HLA-DRB113:01,4818.21,QII87826,QLESKMSGKGQ,228,54.0
203,HLA-DRB113:01,4876.87,QII87826,GTSPARMAGNG,203,55.0
230,HLA-DRB113:01,5007.42,QII87826,ESKMSGKGQQQ,230,56.0
81,HLA-DRB113:01,5082.71,QII87826,DQIGYYRRATR,81,57.0
198,HLA-DRB113:01,5172.75,QII87826,PGSSRGTSPAR,198,58.0
109,HLA-DRB113:01,5378.8,QII87826,FYYLGTGPEAG,109,59.0
262,HLA-DRB113:01,5407.65,QII87826,TATKAYNVTQA,262,60.0
48,HLA-DRB113:01,5440.42,QII87826,TASWFTALTQH,48,61.0
326,HLA-DRB113:01,5466.02,QII87826,SGTWLTYTGAI,326,62.0
199,HLA-DRB113:01,5498.03,QII87826,GSSRGTSPARM,199,63.0
205,HLA-DRB113:01,5562.52,QII87826,SPARMAGNGGD,205,64.0
271,HLA-DRB113:01,5590.75,QII87826,QAFGRRGPEQT,271,65.0
100,HLA-DRB113:01,5652.4,QII87826,MKDLSPRWYFY,100,66.0
329,HLA-DRB113:01,5721.95,QII87826,WLTYTGAIKLD,329,67.0
379,HLA-DRB113:01,5902.38,QII87826,QALPQRQKKQQ,379,68.0
268,HLA-DRB113:01,5904.93,QII87826,NVTQAFGRRGP,268,69.0
128,HLA-DRB113:01,6335.81,QII87826,GIIWVATEGAL,128,70.0
63,HLA-DRB113:01,6469.29,QII87826,LKFPRGQGVPI,63,71.0
124,HLA-DRB113:01,6479.23,QII87826,ANKDGIIWVAT,124,72.0
163,HLA-DRB113:01,6605.42,QII87826,GTTLPKGFYAE,163,73.0
378,HLA-DRB113:01,6836.57,QII87826,TQALPQRQKKQ,378,74.0
127,HLA-DRB113:01,6862.23,QII87826,DGIIWVATEGA,127,75.0
315,HLA-DRB113:01,6912.29,QII87826,GMSRIGMEVTP,315,76.0
50,HLA-DRB113:01,7043.35,QII87826,SWFTALTQHGK,50,77.0
160,HLA-DRB113:01,7166.37,QII87826,LPQGTTLPKGF,160,78.0
219,HLA-DRB113:01,7215.08,QII87826,ALLLLDRLNQL,219,79.0
316,HLA-DRB113:01,7357.85,QII87826,MSRIGMEVTPS,316,80.0
263,HLA-DRB113:01,7453.93,QII87826,ATKAYNVTQAF,263,81.0
216,HLA-DRB113:01,7463.61,QII87826,AALALLLLDRL,216,82.0
82,HLA-DRB113:01,7537.47,QII87826,QIGYYRRATRR,82,83.0
154,HLA-DRB113:01,7570.31,QII87826,AAIVLQLPQGT,154,84.0
52,HLA-DRB113:01,7896.74,QII87826,FTALTQHGKED,52,85.0
179,HLA-DRB113:01,7907.04,QII87826,SQASSRSSSRS,179,86.0
322,HLA-DRB113:01,8014.67,QII87826,EVTPSGTWLTY,322,87.0
331,HLA-DRB113:01,8041.01,QII87826,TYTGAIKLDDK,331,88.0
399,HLA-DRB113:01,8091.06,QII87826,LDDFSKQLQQS,399,89.0
393,HLA-DRB113:01,8192.69,QII87826,LLPAADLDDFS,393,90.0
38,HLA-DRB113:01,8196.65,QII87826,QRRPQGLPNNT,38,91.0
319,HLA-DRB113:01,8250.61,QII87826,IGMEVTPSGTW,319,92.0
389,HLA-DRB113:01,8608.08,QII87826,QTVTLLPAADL,389,93.0
129,HLA-DRB113:01,8674.07,QII87826,IIWVATEGALN,129,94.0
112,HLA-DRB113:01,8903.31,QII87826,LGTGPEAGLPY,112,95.0
44,HLA-DRB113:01,9068.65,QII87826,LPNNTASWFTA,44,96.0
341,HLA-DRB113:01,9186.21,QII87826,KDPNFKDQVIL,341,97.0
233,HLA-DRB113:01,9307.02,QII87826,MSGKGQQQQGQ,233,98.0
120,HLA-DRB113:01,9312.12,QII87826,LPYGANKDGII,120,99.0
220,HLA-DRB113:01,9362.66,QII87826,LLLLDRLNQLE,220,100.0
303,HLA-DRB113:01,9409.74,QII87826,IAQFAPSASAF,303,101.0
99,HLA-DRB113:01,9459.13,QII87826,KMKDLSPRWYF,99,102.0
234,HLA-DRB113:01,9471.6,QII87826,SGKGQQQQGQT,234,103.0
43,HLA-DRB113:01,9511.92,QII87826,GLPNNTASWFT,43,104.0
293,HLA-DRB113:01,9586.51,QII87826,QGTDYKHWPQI,293,105.0
343,HLA-DRB113:01,9604.89,QII87826,PNFKDQVILLN,343,106.0
304,HLA-DRB113:01,9792.02,QII87826,AQFAPSASAFF,304,107.0
29,HLA-DRB113:01,9797.14,QII87826,GERSGARSKQR,29,108.0
126,HLA-DRB113:01,9887.68,QII87826,KDGIIWVATEG,126,109.0
164,HLA-DRB113:01,9929.95,QII87826,TTLPKGFYAEG,164,110.0
78,HLA-DRB113:01,10033.87,QII87826,SPDDQIGYYRR,78,111.0
309,HLA-DRB113:01,10064.54,QII87826,SASAFFGMSRI,309,112.0
388,HLA-DRB113:01,10189.65,QII87826,QQTVTLLPAAD,388,113.0
80,HLA-DRB113:01,10426.25,QII87826,DDQIGYYRRAT,80,114.0
104,HLA-DRB113:01,10613.74,QII87826,SPRWYFYYLGT,104,115.0
232,HLA-DRB113:01,10651.82,QII87826,KMSGKGQQQQG,232,116.0
221,HLA-DRB113:01,10881.58,QII87826,LLLDRLNQLES,221,117.0
79,HLA-DRB113:01,11087.31,QII87826,PDDQIGYYRRA,79,118.0
23,HLA-DRB113:01,11298.38,QII87826,TGSNQNGERSG,23,119.0
169,HLA-DRB113:01,11308.27,QII87826,GFYAEGSRGGS,169,120.0
352,HLA-DRB113:01,11417.59,QII87826,LNKHIDAYKTF,352,121.0
110,HLA-DRB113:01,11446.16,QII87826,YYLGTGPEAGL,110,122.0
340,HLA-DRB113:01,11683.95,QII87826,DKDPNFKDQVI,340,123.0
310,HLA-DRB113:01,11714.28,QII87826,ASAFFGMSRIG,310,124.0
144,HLA-DRB113:01,11793.2,QII87826,HIGTRNPANNA,144,125.0
269,HLA-DRB113:01,11797.69,QII87826,VTQAFGRRGPE,269,126.0
387,HLA-DRB113:01,11858.69,QII87826,KQQTVTLLPAA,387,127.0
201,HLA-DRB113:01,11879.84,QII87826,SRGTSPARMAG,201,128.0
143,HLA-DRB113:01,12170.71,QII87826,DHIGTRNPANN,143,129.0
290,HLA-DRB113:01,12336.22,QII87826,LIRQGTDYKHW,290,130.0
174,HLA-DRB113:01,12343.25,QII87826,GSRGGSQASSR,174,131.0
89,HLA-DRB113:01,12377.96,QII87826,ATRRIRGGDGK,89,132.0
189,HLA-DRB113:01,12437.89,QII87826,SRNSSRNSTPG,189,133.0
273,HLA-DRB113:01,12451.39,QII87826,FGRRGPEQTQG,273,134.0
166,HLA-DRB113:01,12455.02,QII87826,LPKGFYAEGSR,166,135.0
390,HLA-DRB113:01,12512.57,QII87826,TVTLLPAADLD,390,136.0
306,HLA-DRB113:01,12699.43,QII87826,FAPSASAFFGM,306,137.0
395,HLA-DRB113:01,12753.14,QII87826,PAADLDDFSKQ,395,138.0
284,HLA-DRB113:01,12865.16,QII87826,NFGDQELIRQG,284,139.0
33,HLA-DRB113:01,12887.22,QII87826,GARSKQRRPQG,33,140.0
401,HLA-DRB113:01,12932.68,QII87826,DFSKQLQQSMS,401,141.0
294,HLA-DRB113:01,12954.08,QII87826,GTDYKHWPQIA,294,142.0
8,HLA-DRB113:01,12994.1,QII87826,QRNAPRITFGG,8,143.0
30,HLA-DRB113:01,12997.22,QII87826,ERSGARSKQRR,30,144.0
206,HLA-DRB113:01,13018.55,QII87826,PARMAGNGGDA,206,145.0
97,HLA-DRB113:01,13129.46,QII87826,DGKMKDLSPRW,97,146.0
162,HLA-DRB113:01,13156.72,QII87826,QGTTLPKGFYA,162,147.0
351,HLA-DRB113:01,13207.31,QII87826,LLNKHIDAYKT,351,148.0
76,HLA-DRB113:01,13391.83,QII87826,NSSPDDQIGYY,76,149.0
254,HLA-DRB113:01,13466.65,QII87826,SKKPRQKRTAT,254,150.0
13,HLA-DRB113:01,13507.5,QII87826,RITFGGPSDST,13,151.0
49,HLA-DRB113:01,13519.5,QII87826,ASWFTALTQHG,49,152.0
5,HLA-DRB113:01,13618.93,QII87826,PQNQRNAPRIT,5,153.0
308,HLA-DRB113:01,13628.65,QII87826,PSASAFFGMSR,308,154.0
287,HLA-DRB113:01,13811.93,QII87826,DQELIRQGTDY,287,155.0
111,HLA-DRB113:01,13893.03,QII87826,YLGTGPEAGLP,111,156.0
155,HLA-DRB113:01,13965.11,QII87826,AIVLQLPQGTT,155,157.0
289,HLA-DRB113:01,14184.19,QII87826,ELIRQGTDYKH,289,158.0
47,HLA-DRB113:01,14214.45,QII87826,NTASWFTALTQ,47,159.0
274,HLA-DRB113:01,14218.17,QII87826,GRRGPEQTQGN,274,160.0
103,HLA-DRB113:01,14249.0,QII87826,LSPRWYFYYLG,103,161.0
298,HLA-DRB113:01,14383.61,QII87826,KHWPQIAQFAP,298,162.0
381,HLA-DRB113:01,14423.59,QII87826,LPQRQKKQQTV,381,163.0
213,HLA-DRB113:01,14530.76,QII87826,GGDAALALLLL,213,164.0
177,HLA-DRB113:01,14803.82,QII87826,GGSQASSRSSS,177,165.0
45,HLA-DRB113:01,14806.05,QII87826,PNNTASWFTAL,45,166.0
391,HLA-DRB113:01,14869.34,QII87826,VTLLPAADLDD,391,167.0
227,HLA-DRB113:01,14946.98,QII87826,NQLESKMSGKG,227,168.0
123,HLA-DRB113:01,14951.6,QII87826,GANKDGIIWVA,123,169.0
403,HLA-DRB113:01,15049.98,QII87826,SKQLQQSMSSA,403,170.0
281,HLA-DRB113:01,15072.23,QII87826,TQGNFGDQELI,281,171.0
295,HLA-DRB113:01,15212.9,QII87826,TDYKHWPQIAQ,295,172.0
264,HLA-DRB113:01,15260.92,QII87826,TKAYNVTQAFG,264,173.0
382,HLA-DRB113:01,15300.87,QII87826,PQRQKKQQTVT,382,174.0
225,HLA-DRB113:01,15358.83,QII87826,RLNQLESKMSG,225,175.0
146,HLA-DRB113:01,15434.71,QII87826,GTRNPANNAAI,146,176.0
270,HLA-DRB113:01,15608.08,QII87826,TQAFGRRGPEQ,270,177.0
167,HLA-DRB113:01,15901.03,QII87826,PKGFYAEGSRG,167,178.0
402,HLA-DRB113:01,15965.84,QII87826,FSKQLQQSMSS,402,179.0
64,HLA-DRB113:01,15967.89,QII87826,KFPRGQGVPIN,64,180.0
194,HLA-DRB113:01,15983.57,QII87826,RNSTPGSSRGT,194,181.0
407,HLA-DRB113:01,16148.54,QII87826,QQSMSSADSTQ,407,182.0
75,HLA-DRB113:01,16213.24,QII87826,TNSSPDDQIGY,75,183.0
296,HLA-DRB113:01,16298.97,QII87826,DYKHWPQIAQF,296,184.0
114,HLA-DRB113:01,16331.86,QII87826,TGPEAGLPYGA,114,185.0
90,HLA-DRB113:01,16348.92,QII87826,TRRIRGGDGKM,90,186.0
244,HLA-DRB113:01,16367.19,QII87826,TVTKKSAAEAS,244,187.0
305,HLA-DRB113:01,16371.44,QII87826,QFAPSASAFFG,305,188.0
165,HLA-DRB113:01,16375.66,QII87826,TLPKGFYAEGS,165,189.0
259,HLA-DRB113:01,16566.25,QII87826,QKRTATKAYNV,259,190.0
142,HLA-DRB113:01,16694.48,QII87826,KDHIGTRNPAN,142,191.0
32,HLA-DRB113:01,16832.51,QII87826,SGARSKQRRPQ,32,192.0
260,HLA-DRB113:01,16968.88,QII87826,KRTATKAYNVT,260,193.0
408,HLA-DRB113:01,17000.42,QII87826,QSMSSADSTQA,408,194.0
7,HLA-DRB113:01,17018.1,QII87826,NQRNAPRITFG,7,195.0
176,HLA-DRB113:01,17128.97,QII87826,RGGSQASSRSS,176,196.0
65,HLA-DRB113:01,17175.41,QII87826,FPRGQGVPINT,65,197.0
282,HLA-DRB113:01,17395.38,QII87826,QGNFGDQELIR,282,198.0
77,HLA-DRB113:01,17413.19,QII87826,SSPDDQIGYYR,77,199.0
141,HLA-DRB113:01,17455.9,QII87826,PKDHIGTRNPA,141,200.0
137,HLA-DRB113:01,17487.0,QII87826,ALNTPKDHIGT,137,201.0
272,HLA-DRB113:01,17887.16,QII87826,AFGRRGPEQTQ,272,202.0
159,HLA-DRB113:01,17922.66,QII87826,QLPQGTTLPKG,159,203.0
121,HLA-DRB113:01,17965.79,QII87826,PYGANKDGIIW,121,204.0
386,HLA-DRB113:01,17976.0,QII87826,KKQQTVTLLPA,386,205.0
31,HLA-DRB113:01,18353.59,QII87826,RSGARSKQRRP,31,206.0
223,HLA-DRB113:01,18451.96,QII87826,LDRLNQLESKM,223,207.0
283,HLA-DRB113:01,18537.13,QII87826,GNFGDQELIRQ,283,208.0
256,HLA-DRB113:01,18843.24,QII87826,KPRQKRTATKA,256,209.0
302,HLA-DRB113:01,19343.63,QII87826,QIAQFAPSASA,302,210.0
66,HLA-DRB113:01,19379.0,QII87826,PRGQGVPINTN,66,211.0
46,HLA-DRB113:01,19628.31,QII87826,NNTASWFTALT,46,212.0
258,HLA-DRB113:01,19677.78,QII87826,RQKRTATKAYN,258,213.0
325,HLA-DRB113:01,20022.17,QII87826,PSGTWLTYTGA,325,214.0
243,HLA-DRB113:01,20074.22,QII87826,QTVTKKSAAEA,243,215.0
405,HLA-DRB113:01,20211.74,QII87826,QLQQSMSSADS,405,216.0
145,HLA-DRB113:01,20298.1,QII87826,IGTRNPANNAA,145,217.0
42,HLA-DRB113:01,20570.98,QII87826,QGLPNNTASWF,42,218.0
193,HLA-DRB113:01,20733.96,QII87826,SRNSTPGSSRG,193,219.0
394,HLA-DRB113:01,20764.38,QII87826,LPAADLDDFSK,394,220.0
34,HLA-DRB113:01,20848.84,QII87826,ARSKQRRPQGL,34,221.0
324,HLA-DRB113:01,21010.93,QII87826,TPSGTWLTYTG,324,222.0
4,HLA-DRB113:01,21047.68,QII87826,GPQNQRNAPRI,4,223.0
136,HLA-DRB113:01,21326.54,QII87826,GALNTPKDHIG,136,224.0
138,HLA-DRB113:01,21330.34,QII87826,LNTPKDHIGTR,138,225.0
98,HLA-DRB113:01,21387.44,QII87826,GKMKDLSPRWY,98,226.0
14,HLA-DRB113:01,21490.76,QII87826,ITFGGPSDSTG,14,227.0
279,HLA-DRB113:01,21501.76,QII87826,EQTQGNFGDQE,279,228.0
278,HLA-DRB113:01,21526.75,QII87826,PEQTQGNFGDQ,278,229.0
323,HLA-DRB113:01,21739.83,QII87826,VTPSGTWLTYT,323,230.0
9,HLA-DRB113:01,21754.08,QII87826,RNAPRITFGGP,9,231.0
192,HLA-DRB113:01,21903.49,QII87826,SSRNSTPGSSR,192,232.0
328,HLA-DRB113:01,21947.29,QII87826,TWLTYTGAIKL,328,233.0
276,HLA-DRB113:01,22139.63,QII87826,RGPEQTQGNFG,276,234.0
92,HLA-DRB113:01,22145.45,QII87826,RIRGGDGKMKD,92,235.0
301,HLA-DRB113:01,22181.48,QII87826,PQIAQFAPSAS,301,236.0
113,HLA-DRB113:01,22314.12,QII87826,GTGPEAGLPYG,113,237.0
55,HLA-DRB113:01,22687.98,QII87826,LTQHGKEDLKF,55,238.0
215,HLA-DRB113:01,22718.56,QII87826,DAALALLLLDR,215,239.0
241,HLA-DRB113:01,22831.49,QII87826,QGQTVTKKSAA,241,240.0
156,HLA-DRB113:01,22845.27,QII87826,IVLQLPQGTTL,156,241.0
242,HLA-DRB113:01,22856.72,QII87826,GQTVTKKSAAE,242,242.0
404,HLA-DRB113:01,22956.23,QII87826,KQLQQSMSSAD,404,243.0
175,HLA-DRB113:01,22969.17,QII87826,SRGGSQASSRS,175,244.0
6,HLA-DRB113:01,22987.75,QII87826,QNQRNAPRITF,6,245.0
118,HLA-DRB113:01,22991.27,QII87826,AGLPYGANKDG,118,246.0
125,HLA-DRB113:01,23045.45,QII87826,NKDGIIWVATE,125,247.0
190,HLA-DRB113:01,23114.49,QII87826,RNSSRNSTPGS,190,248.0
353,HLA-DRB113:01,23130.39,QII87826,NKHIDAYKTFP,353,249.0
218,HLA-DRB113:01,23755.82,QII87826,LALLLLDRLNQ,218,250.0
36,HLA-DRB113:01,24023.88,QII87826,SKQRRPQGLPN,36,251.0
384,HLA-DRB113:01,24036.87,QII87826,RQKKQQTVTLL,384,252.0
39,HLA-DRB113:01,24249.11,QII87826,RRPQGLPNNTA,39,253.0
173,HLA-DRB113:01,24297.27,QII87826,EGSRGGSQASS,173,254.0
280,HLA-DRB113:01,24347.9,QII87826,QTQGNFGDQEL,280,255.0
383,HLA-DRB113:01,24502.18,QII87826,QRQKKQQTVTL,383,256.0
157,HLA-DRB113:01,24539.2,QII87826,VLQLPQGTTLP,157,257.0
135,HLA-DRB113:01,24730.93,QII87826,EGALNTPKDHI,135,258.0
53,HLA-DRB113:01,24849.82,QII87826,TALTQHGKEDL,53,259.0
140,HLA-DRB113:01,24862.22,QII87826,TPKDHIGTRNP,140,260.0
212,HLA-DRB113:01,25021.51,QII87826,NGGDAALALLL,212,261.0
131,HLA-DRB113:01,25233.45,QII87826,WVATEGALNTP,131,262.0
385,HLA-DRB113:01,25657.1,QII87826,QKKQQTVTLLP,385,263.0
277,HLA-DRB113:01,25710.2,QII87826,GPEQTQGNFGD,277,264.0
62,HLA-DRB113:01,25780.69,QII87826,DLKFPRGQGVP,62,265.0
207,HLA-DRB113:01,25801.73,QII87826,ARMAGNGGDAA,207,266.0
275,HLA-DRB113:01,25938.39,QII87826,RRGPEQTQGNF,275,267.0
24,HLA-DRB113:01,26163.08,QII87826,GSNQNGERSGA,24,268.0
355,HLA-DRB113:01,26414.59,QII87826,HIDAYKTFPPT,355,269.0
115,HLA-DRB113:01,26496.33,QII87826,GPEAGLPYGAN,115,270.0
236,HLA-DRB113:01,26522.69,QII87826,KGQQQQGQTVT,236,271.0
171,HLA-DRB113:01,26690.32,QII87826,YAEGSRGGSQA,171,272.0
197,HLA-DRB113:01,26787.13,QII87826,TPGSSRGTSPA,197,273.0
61,HLA-DRB113:01,26797.15,QII87826,EDLKFPRGQGV,61,274.0
37,HLA-DRB113:01,26863.03,QII87826,KQRRPQGLPNN,37,275.0
35,HLA-DRB113:01,27212.48,QII87826,RSKQRRPQGLP,35,276.0
172,HLA-DRB113:01,27283.17,QII87826,AEGSRGGSQAS,172,277.0
139,HLA-DRB113:01,27467.0,QII87826,NTPKDHIGTRN,139,278.0
153,HLA-DRB113:01,27660.73,QII87826,NAAIVLQLPQG,153,279.0
158,HLA-DRB113:01,27737.42,QII87826,LQLPQGTTLPK,158,280.0
19,HLA-DRB113:01,27791.84,QII87826,PSDSTGSNQNG,19,281.0
288,HLA-DRB113:01,27823.8,QII87826,QELIRQGTDYK,288,282.0
214,HLA-DRB113:01,27900.7,QII87826,GDAALALLLLD,214,283.0
286,HLA-DRB113:01,28047.9,QII87826,GDQELIRQGTD,286,284.0
211,HLA-DRB113:01,28135.2,QII87826,GNGGDAALALL,211,285.0
210,HLA-DRB113:01,28213.81,QII87826,AGNGGDAALAL,210,286.0
25,HLA-DRB113:01,28315.69,QII87826,SNQNGERSGAR,25,287.0
67,HLA-DRB113:01,28420.38,QII87826,RGQGVPINTNS,67,288.0
307,HLA-DRB113:01,28623.13,QII87826,APSASAFFGMS,307,289.0
195,HLA-DRB113:01,28630.97,QII87826,NSTPGSSRGTS,195,290.0
377,HLA-DRB113:01,28662.92,QII87826,ETQALPQRQKK,377,291.0
93,HLA-DRB113:01,28685.9,QII87826,IRGGDGKMKDL,93,292.0
152,HLA-DRB113:01,28995.81,QII87826,NNAAIVLQLPQ,152,293.0
58,HLA-DRB113:01,29196.47,QII87826,HGKEDLKFPRG,58,294.0
148,HLA-DRB113:01,29219.83,QII87826,RNPANNAAIVL,148,295.0
398,HLA-DRB113:01,29226.1,QII87826,DLDDFSKQLQQ,398,296.0
239,HLA-DRB113:01,29317.06,QII87826,QQQGQTVTKKS,239,297.0
300,HLA-DRB113:01,29438.39,QII87826,WPQIAQFAPSA,300,298.0
96,HLA-DRB113:01,29455.55,QII87826,GDGKMKDLSPR,96,299.0
41,HLA-DRB113:01,29460.02,QII87826,PQGLPNNTASW,41,300.0
11,HLA-DRB113:01,29486.82,QII87826,APRITFGGPSD,11,301.0
117,HLA-DRB113:01,29637.83,QII87826,EAGLPYGANKD,117,302.0
196,HLA-DRB113:01,29918.36,QII87826,STPGSSRGTSP,196,303.0
28,HLA-DRB113:01,30004.88,QII87826,NGERSGARSKQ,28,304.0
253,HLA-DRB113:01,30347.31,QII87826,ASKKPRQKRTA,253,305.0
217,HLA-DRB113:01,30422.13,QII87826,ALALLLLDRLN,217,306.0
60,HLA-DRB113:01,30523.34,QII87826,KEDLKFPRGQG,60,307.0
122,HLA-DRB113:01,30642.33,QII87826,YGANKDGIIWV,122,308.0
20,HLA-DRB113:01,30756.66,QII87826,SDSTGSNQNGE,20,309.0
59,HLA-DRB113:01,30890.93,QII87826,GKEDLKFPRGQ,59,310.0
344,HLA-DRB113:01,30974.66,QII87826,NFKDQVILLNK,344,311.0
226,HLA-DRB113:01,31031.92,QII87826,LNQLESKMSGK,226,312.0
188,HLA-DRB113:01,31123.38,QII87826,RSRNSSRNSTP,188,313.0
238,HLA-DRB113:01,31294.49,QII87826,QQQQGQTVTKK,238,314.0
235,HLA-DRB113:01,31296.91,QII87826,GKGQQQQGQTV,235,315.0
108,HLA-DRB113:01,31350.46,QII87826,YFYYLGTGPEA,108,316.0
354,HLA-DRB113:01,31415.36,QII87826,KHIDAYKTFPP,354,317.0
91,HLA-DRB113:01,31618.61,QII87826,RRIRGGDGKMK,91,318.0
208,HLA-DRB113:01,31726.61,QII87826,RMAGNGGDAAL,208,319.0
21,HLA-DRB113:01,31776.82,QII87826,DSTGSNQNGER,21,320.0
191,HLA-DRB113:01,31861.67,QII87826,NSSRNSTPGSS,191,321.0
40,HLA-DRB113:01,32300.51,QII87826,RPQGLPNNTAS,40,322.0
396,HLA-DRB113:01,32967.13,QII87826,AADLDDFSKQL,396,323.0
149,HLA-DRB113:01,33143.12,QII87826,NPANNAAIVLQ,149,324.0
147,HLA-DRB113:01,33222.99,QII87826,TRNPANNAAIV,147,325.0
73,HLA-DRB113:01,33295.55,QII87826,INTNSSPDDQI,73,326.0
333,HLA-DRB113:01,33312.93,QII87826,TGAIKLDDKDP,333,327.0
299,HLA-DRB113:01,33353.16,QII87826,HWPQIAQFAPS,299,328.0
237,HLA-DRB113:01,33726.59,QII87826,GQQQQGQTVTK,237,329.0
345,HLA-DRB113:01,34286.31,QII87826,FKDQVILLNKH,345,330.0
95,HLA-DRB113:01,34585.02,QII87826,GGDGKMKDLSP,95,331.0
320,HLA-DRB113:01,34679.01,QII87826,GMEVTPSGTWL,320,332.0
132,HLA-DRB113:01,34945.71,QII87826,VATEGALNTPK,132,333.0
22,HLA-DRB113:01,35140.42,QII87826,STGSNQNGERS,22,334.0
57,HLA-DRB113:01,35172.47,QII87826,QHGKEDLKFPR,57,335.0
94,HLA-DRB113:01,35197.28,QII87826,RGGDGKMKDLS,94,336.0
10,HLA-DRB113:01,35233.44,QII87826,NAPRITFGGPS,10,337.0
27,HLA-DRB113:01,35404.85,QII87826,QNGERSGARSK,27,338.0
357,HLA-DRB113:01,35416.77,QII87826,DAYKTFPPTEP,357,339.0
252,HLA-DRB113:01,35417.34,QII87826,EASKKPRQKRT,252,340.0
240,HLA-DRB113:01,35673.85,QII87826,QQGQTVTKKSA,240,341.0
321,HLA-DRB113:01,35974.56,QII87826,MEVTPSGTWLT,321,342.0
18,HLA-DRB113:01,36007.8,QII87826,GPSDSTGSNQN,18,343.0
15,HLA-DRB113:01,36064.48,QII87826,TFGGPSDSTGS,15,344.0
3,HLA-DRB113:01,36069.52,QII87826,NGPQNQRNAPR,3,345.0
74,HLA-DRB113:01,36158.38,QII87826,NTNSSPDDQIG,74,346.0
54,HLA-DRB113:01,36326.22,QII87826,ALTQHGKEDLK,54,347.0
151,HLA-DRB113:01,36341.72,QII87826,ANNAAIVLQLP,151,348.0
133,HLA-DRB113:01,36863.89,QII87826,ATEGALNTPKD,133,349.0
69,HLA-DRB113:01,36976.2,QII87826,QGVPINTNSSP,69,350.0
245,HLA-DRB113:01,37252.07,QII87826,VTKKSAAEASK,245,351.0
222,HLA-DRB113:01,37291.69,QII87826,LLDRLNQLESK,222,352.0
327,HLA-DRB113:01,37464.3,QII87826,GTWLTYTGAIK,327,353.0
255,HLA-DRB113:01,37610.3,QII87826,KKPRQKRTATK,255,354.0
224,HLA-DRB113:01,37611.65,QII87826,DRLNQLESKMS,224,355.0
17,HLA-DRB113:01,37768.44,QII87826,GGPSDSTGSNQ,17,356.0
12,HLA-DRB113:01,37775.1,QII87826,PRITFGGPSDS,12,357.0
397,HLA-DRB113:01,37893.87,QII87826,ADLDDFSKQLQ,397,358.0
26,HLA-DRB113:01,37905.29,QII87826,NQNGERSGARS,26,359.0
105,HLA-DRB113:01,38007.58,QII87826,PRWYFYYLGTG,105,360.0
335,HLA-DRB113:01,38130.88,QII87826,AIKLDDKDPNF,335,361.0
358,HLA-DRB113:01,38207.26,QII87826,AYKTFPPTEPK,358,362.0
56,HLA-DRB113:01,38322.93,QII87826,TQHGKEDLKFP,56,363.0
350,HLA-DRB113:01,38422.15,QII87826,ILLNKHIDAYK,350,364.0
356,HLA-DRB113:01,38621.41,QII87826,IDAYKTFPPTE,356,365.0
359,HLA-DRB113:01,38798.48,QII87826,YKTFPPTEPKK,359,366.0
291,HLA-DRB113:01,39012.22,QII87826,IRQGTDYKHWP,291,367.0
68,HLA-DRB113:01,39034.63,QII87826,GQGVPINTNSS,68,368.0
116,HLA-DRB113:01,39086.04,QII87826,PEAGLPYGANK,116,369.0
360,HLA-DRB113:01,39400.88,QII87826,KTFPPTEPKKD,360,370.0
70,HLA-DRB113:01,39542.63,QII87826,GVPINTNSSPD,70,371.0
376,HLA-DRB113:01,40071.57,QII87826,DETQALPQRQK,376,372.0
134,HLA-DRB113:01,40341.06,QII87826,TEGALNTPKDH,134,373.0
72,HLA-DRB113:01,40476.65,QII87826,PINTNSSPDDQ,72,374.0
1,HLA-DRB113:01,40534.78,QII87826,SDNGPQNQRNA,1,375.0
209,HLA-DRB113:01,40605.65,QII87826,MAGNGGDAALA,209,376.0
16,HLA-DRB113:01,40654.26,QII87826,FGGPSDSTGSN,16,377.0
71,HLA-DRB113:01,40985.83,QII87826,VPINTNSSPDD,71,378.0
292,HLA-DRB113:01,41058.43,QII87826,RQGTDYKHWPQ,292,379.0
363,HLA-DRB113:01,41373.95,QII87826,PPTEPKKDKKK,363,380.0
0,HLA-DRB113:01,41639.51,QII87826,MSDNGPQNQRN,0,381.0
251,HLA-DRB113:01,41753.95,QII87826,AEASKKPRQKR,251,382.0
375,HLA-DRB113:01,41870.47,QII87826,ADETQALPQRQ,375,383.0
334,HLA-DRB113:01,42502.4,QII87826,GAIKLDDKDPN,334,384.0
361,HLA-DRB113:01,42855.83,QII87826,TFPPTEPKKDK,361,385.0
106,HLA-DRB113:01,43120.63,QII87826,RWYFYYLGTGP,106,386.0
2,HLA-DRB113:01,43345.66,QII87826,DNGPQNQRNAP,2,387.0
339,HLA-DRB113:01,43585.24,QII87826,DDKDPNFKDQV,339,388.0
362,HLA-DRB113:01,44022.65,QII87826,FPPTEPKKDKK,362,389.0
107,HLA-DRB113:01,44144.59,QII87826,WYFYYLGTGPE,107,390.0
336,HLA-DRB113:01,44156.12,QII87826,IKLDDKDPNFK,336,391.0
249,HLA-DRB113:01,44788.29,QII87826,SAAEASKKPRQ,249,392.0
364,HLA-DRB113:01,44959.46,QII87826,PTEPKKDKKKK,364,393.0
248,HLA-DRB113:01,45032.06,QII87826,KSAAEASKKPR,248,394.0
338,HLA-DRB113:01,45140.69,QII87826,LDDKDPNFKDQ,338,395.0
337,HLA-DRB113:01,45362.53,QII87826,KLDDKDPNFKD,337,396.0
246,HLA-DRB113:01,45574.41,QII87826,TKKSAAEASKK,246,397.0
374,HLA-DRB113:01,46084.14,QII87826,KADETQALPQR,374,398.0
250,HLA-DRB113:01,46225.58,QII87826,AAEASKKPRQK,250,399.0
365,HLA-DRB113:01,46466.99,QII87826,TEPKKDKKKKA,365,400.0
247,HLA-DRB113:01,46907.77,QII87826,KKSAAEASKKP,247,401.0
367,HLA-DRB113:01,46991.84,QII87826,PKKDKKKKADE,367,402.0
366,HLA-DRB113:01,47109.94,QII87826,EPKKDKKKKAD,366,403.0
371,HLA-DRB113:01,47388.27,QII87826,KKKKADETQAL,371,404.0
373,HLA-DRB113:01,47455.11,QII87826,KKADETQALPQ,373,405.0
372,HLA-DRB113:01,48031.69,QII87826,KKKADETQALP,372,406.0
369,HLA-DRB113:01,48107.77,QII87826,KDKKKKADETQ,369,407.0
370,HLA-DRB113:01,48174.31,QII87826,DKKKKADETQA,370,408.0
368,HLA-DRB113:01,48214.24,QII87826,KKDKKKKADET,368,409.0
