,allele,ic50,name,peptide,pos,rank
48,HLA-A01:01,5398.08,QIS30087,VSLVKPSFYVY,48,1.0
49,HLA-A01:01,5415.61,QIS30087,SLVKPSFYVYS,49,2.0
1,HLA-A01:01,5418.56,QIS30087,YSFVSEETGTL,1,3.0
58,HLA-A01:01,5426.6,QIS30087,YSRVKNLNSSR,58,4.0
39,HLA-A01:01,5429.78,QIS30087,CAYCCNIVNVS,39,5.0
42,HLA-A01:01,5431.17,QIS30087,CCNIVNVSLVK,42,6.0
56,HLA-A01:01,5432.22,QIS30087,YVYSRVKNLNS,56,7.0
52,HLA-A01:01,5433.34,QIS30087,KPSFYVYSRVK,52,8.0
57,HLA-A01:01,5433.64,QIS30087,VYSRVKNLNSS,57,9.0
35,HLA-A01:01,5433.76,QIS30087,ALRLCAYCCNI,35,10.0
44,HLA-A01:01,5434.58,QIS30087,NIVNVSLVKPS,44,11.0
59,HLA-A01:01,5434.9,QIS30087,SRVKNLNSSRV,59,12.0
62,HLA-A01:01,5435.07,QIS30087,KNLNSSRVPDL,62,13.0
5,HLA-A01:01,5435.17,QIS30087,SEETGTLIVNS,5,14.0
40,HLA-A01:01,5435.75,QIS30087,AYCCNIVNVSL,40,15.0
15,HLA-A01:01,5436.02,QIS30087,SVLLFLAFVVF,15,16.0
26,HLA-A01:01,5436.95,QIS30087,LLVTLAILTAL,26,17.0
50,HLA-A01:01,5437.85,QIS30087,LVKPSFYVYSR,50,18.0
0,HLA-A01:01,5437.86,QIS30087,MYSFVSEETGT,0,19.0
12,HLA-A01:01,5438.41,QIS30087,IVNSVLLFLAF,12,20.0
54,HLA-A01:01,5438.55,QIS30087,SFYVYSRVKNL,54,21.0
63,HLA-A01:01,5439.36,QIS30087,NLNSSRVPDLL,63,22.0
33,HLA-A01:01,5439.37,QIS30087,LTALRLCAYCC,33,23.0
43,HLA-A01:01,5439.69,QIS30087,CNIVNVSLVKP,43,24.0
34,HLA-A01:01,5440.22,QIS30087,TALRLCAYCCN,34,25.0
36,HLA-A01:01,5440.97,QIS30087,LRLCAYCCNIV,36,26.0
28,HLA-A01:01,5442.08,QIS30087,VTLAILTALRL,28,27.0
53,HLA-A01:01,5442.81,QIS30087,PSFYVYSRVKN,53,28.0
16,HLA-A01:01,5443.23,QIS30087,VLLFLAFVVFL,16,29.0
23,HLA-A01:01,5443.41,QIS30087,VVFLLVTLAIL,23,30.0
51,HLA-A01:01,5444.16,QIS30087,VKPSFYVYSRV,51,31.0
20,HLA-A01:01,5444.26,QIS30087,LAFVVFLLVTL,20,32.0
27,HLA-A01:01,5444.26,QIS30087,LVTLAILTALR,27,32.0
22,HLA-A01:01,5444.57,QIS30087,FVVFLLVTLAI,22,34.0
2,HLA-A01:01,5444.98,QIS30087,SFVSEETGTLI,2,35.0
45,HLA-A01:01,5445.44,QIS30087,IVNVSLVKPSF,45,36.0
24,HLA-A01:01,5445.88,QIS30087,VFLLVTLAILT,24,37.0
19,HLA-A01:01,5446.12,QIS30087,FLAFVVFLLVT,19,38.0
32,HLA-A01:01,5446.14,QIS30087,ILTALRLCAYC,32,39.0
55,HLA-A01:01,5446.87,QIS30087,FYVYSRVKNLN,55,40.0
30,HLA-A01:01,5447.43,QIS30087,LAILTALRLCA,30,41.0
38,HLA-A01:01,5447.68,QIS30087,LCAYCCNIVNV,38,42.0
10,HLA-A01:01,5449.1,QIS30087,TLIVNSVLLFL,10,43.0
37,HLA-A01:01,5449.45,QIS30087,RLCAYCCNIVN,37,44.0
13,HLA-A01:01,5450.4,QIS30087,VNSVLLFLAFV,13,45.0
25,HLA-A01:01,5450.45,QIS30087,FLLVTLAILTA,25,46.0
7,HLA-A01:01,5451.15,QIS30087,ETGTLIVNSVL,7,47.0
8,HLA-A01:01,5452.04,QIS30087,TGTLIVNSVLL,8,48.0
29,HLA-A01:01,5454.34,QIS30087,TLAILTALRLC,29,49.0
21,HLA-A01:01,5455.4,QIS30087,AFVVFLLVTLA,21,50.0
31,HLA-A01:01,5455.65,QIS30087,AILTALRLCAY,31,51.0
9,HLA-A01:01,5456.43,QIS30087,GTLIVNSVLLF,9,52.0
18,HLA-A01:01,5456.49,QIS30087,LFLAFVVFLLV,18,53.0
6,HLA-A01:01,5457.32,QIS30087,EETGTLIVNSV,6,54.0
61,HLA-A01:01,5457.76,QIS30087,VKNLNSSRVPD,61,55.0
3,HLA-A01:01,5458.21,QIS30087,FVSEETGTLIV,3,56.0
47,HLA-A01:01,5458.21,QIS30087,NVSLVKPSFYV,47,56.0
46,HLA-A01:01,5458.87,QIS30087,VNVSLVKPSFY,46,58.0
64,HLA-A01:01,5460.54,QIS30087,LNSSRVPDLLV,64,59.0
60,HLA-A01:01,5460.83,QIS30087,RVKNLNSSRVP,60,60.0
11,HLA-A01:01,5462.48,QIS30087,LIVNSVLLFLA,11,61.0
14,HLA-A01:01,5466.93,QIS30087,NSVLLFLAFVV,14,62.0
17,HLA-A01:01,5467.28,QIS30087,LLFLAFVVFLL,17,63.0
41,HLA-A01:01,5468.92,QIS30087,YCCNIVNVSLV,41,64.0
4,HLA-A01:01,5526.05,QIS30087,VSEETGTLIVN,4,65.0
25,HLA-A26:01,2289.84,QIS30087,FLLVTLAILTA,25,1.0
19,HLA-A26:01,2402.17,QIS30087,FLAFVVFLLVT,19,2.0
14,HLA-A26:01,2672.87,QIS30087,NSVLLFLAFVV,14,3.0
16,HLA-A26:01,3433.98,QIS30087,VLLFLAFVVFL,16,4.0
17,HLA-A26:01,3497.99,QIS30087,LLFLAFVVFLL,17,5.0
10,HLA-A26:01,3554.4,QIS30087,TLIVNSVLLFL,10,6.0
24,HLA-A26:01,3928.91,QIS30087,VFLLVTLAILT,24,7.0
13,HLA-A26:01,4333.19,QIS30087,VNSVLLFLAFV,13,8.0
11,HLA-A26:01,4741.98,QIS30087,LIVNSVLLFLA,11,9.0
26,HLA-A26:01,4952.25,QIS30087,LLVTLAILTAL,26,10.0
3,HLA-A26:01,5075.26,QIS30087,FVSEETGTLIV,3,11.0
15,HLA-A26:01,5362.21,QIS30087,SVLLFLAFVVF,15,12.0
23,HLA-A26:01,5384.23,QIS30087,VVFLLVTLAIL,23,13.0
22,HLA-A26:01,5882.15,QIS30087,FVVFLLVTLAI,22,14.0
18,HLA-A26:01,5906.45,QIS30087,LFLAFVVFLLV,18,15.0
9,HLA-A26:01,6026.0,QIS30087,GTLIVNSVLLF,9,16.0
32,HLA-A26:01,6148.33,QIS30087,ILTALRLCAYC,32,17.0
21,HLA-A26:01,6373.5,QIS30087,AFVVFLLVTLA,21,18.0
47,HLA-A26:01,6664.39,QIS30087,NVSLVKPSFYV,47,19.0
20,HLA-A26:01,6870.67,QIS30087,LAFVVFLLVTL,20,20.0
8,HLA-A26:01,7179.18,QIS30087,TGTLIVNSVLL,8,21.0
12,HLA-A26:01,7414.44,QIS30087,IVNSVLLFLAF,12,22.0
49,HLA-A26:01,7549.15,QIS30087,SLVKPSFYVYS,49,23.0
29,HLA-A26:01,7742.93,QIS30087,TLAILTALRLC,29,24.0
28,HLA-A26:01,8058.47,QIS30087,VTLAILTALRL,28,25.0
48,HLA-A26:01,8074.65,QIS30087,VSLVKPSFYVY,48,26.0
27,HLA-A26:01,8208.95,QIS30087,LVTLAILTALR,27,27.0
31,HLA-A26:01,8278.89,QIS30087,AILTALRLCAY,31,28.0
41,HLA-A26:01,8527.02,QIS30087,YCCNIVNVSLV,41,29.0
30,HLA-A26:01,8812.97,QIS30087,LAILTALRLCA,30,30.0
37,HLA-A26:01,8913.72,QIS30087,RLCAYCCNIVN,37,31.0
38,HLA-A26:01,9005.84,QIS30087,LCAYCCNIVNV,38,32.0
56,HLA-A26:01,9127.84,QIS30087,YVYSRVKNLNS,56,33.0
33,HLA-A26:01,9315.96,QIS30087,LTALRLCAYCC,33,34.0
45,HLA-A26:01,9425.53,QIS30087,IVNVSLVKPSF,45,35.0
40,HLA-A26:01,9460.01,QIS30087,AYCCNIVNVSL,40,36.0
36,HLA-A26:01,9575.8,QIS30087,LRLCAYCCNIV,36,37.0
46,HLA-A26:01,9590.24,QIS30087,VNVSLVKPSFY,46,38.0
43,HLA-A26:01,9742.07,QIS30087,CNIVNVSLVKP,43,39.0
2,HLA-A26:01,9750.25,QIS30087,SFVSEETGTLI,2,40.0
6,HLA-A26:01,9901.61,QIS30087,EETGTLIVNSV,6,41.0
39,HLA-A26:01,10205.02,QIS30087,CAYCCNIVNVS,39,42.0
35,HLA-A26:01,10222.13,QIS30087,ALRLCAYCCNI,35,43.0
51,HLA-A26:01,10341.1,QIS30087,VKPSFYVYSRV,51,44.0
55,HLA-A26:01,10355.39,QIS30087,FYVYSRVKNLN,55,45.0
57,HLA-A26:01,10718.01,QIS30087,VYSRVKNLNSS,57,46.0
50,HLA-A26:01,10727.3,QIS30087,LVKPSFYVYSR,50,47.0
54,HLA-A26:01,10786.03,QIS30087,SFYVYSRVKNL,54,48.0
58,HLA-A26:01,10861.19,QIS30087,YSRVKNLNSSR,58,49.0
1,HLA-A26:01,10880.19,QIS30087,YSFVSEETGTL,1,50.0
44,HLA-A26:01,10889.36,QIS30087,NIVNVSLVKPS,44,51.0
5,HLA-A26:01,11274.16,QIS30087,SEETGTLIVNS,5,52.0
4,HLA-A26:01,11274.33,QIS30087,VSEETGTLIVN,4,53.0
7,HLA-A26:01,11433.18,QIS30087,ETGTLIVNSVL,7,54.0
59,HLA-A26:01,11590.04,QIS30087,SRVKNLNSSRV,59,55.0
53,HLA-A26:01,11873.18,QIS30087,PSFYVYSRVKN,53,56.0
0,HLA-A26:01,12042.32,QIS30087,MYSFVSEETGT,0,57.0
64,HLA-A26:01,12154.15,QIS30087,LNSSRVPDLLV,64,58.0
34,HLA-A26:01,12155.43,QIS30087,TALRLCAYCCN,34,59.0
60,HLA-A26:01,12424.54,QIS30087,RVKNLNSSRVP,60,60.0
62,HLA-A26:01,12682.66,QIS30087,KNLNSSRVPDL,62,61.0
42,HLA-A26:01,12728.47,QIS30087,CCNIVNVSLVK,42,62.0
63,HLA-A26:01,12917.43,QIS30087,NLNSSRVPDLL,63,63.0
52,HLA-A26:01,13122.53,QIS30087,KPSFYVYSRVK,52,64.0
61,HLA-A26:01,13523.71,QIS30087,VKNLNSSRVPD,61,65.0
15,HLA-A32:01 ,134.82,QIS30087,SVLLFLAFVVF,15,1.0
9,HLA-A32:01 ,421.13,QIS30087,GTLIVNSVLLF,9,2.0
23,HLA-A32:01 ,2547.56,QIS30087,VVFLLVTLAIL,23,3.0
28,HLA-A32:01 ,3684.41,QIS30087,VTLAILTALRL,28,4.0
12,HLA-A32:01 ,4881.53,QIS30087,IVNSVLLFLAF,12,5.0
16,HLA-A32:01 ,6748.58,QIS30087,VLLFLAFVVFL,16,6.0
17,HLA-A32:01 ,8534.74,QIS30087,LLFLAFVVFLL,17,7.0
22,HLA-A32:01 ,9071.17,QIS30087,FVVFLLVTLAI,22,8.0
19,HLA-A32:01 ,10952.14,QIS30087,FLAFVVFLLVT,19,9.0
25,HLA-A32:01 ,11568.95,QIS30087,FLLVTLAILTA,25,10.0
33,HLA-A32:01 ,11707.11,QIS30087,LTALRLCAYCC,33,11.0
31,HLA-A32:01 ,11846.62,QIS30087,AILTALRLCAY,31,12.0
14,HLA-A32:01 ,11925.97,QIS30087,NSVLLFLAFVV,14,13.0
26,HLA-A32:01 ,12346.78,QIS30087,LLVTLAILTAL,26,14.0
8,HLA-A32:01 ,12508.7,QIS30087,TGTLIVNSVLL,8,15.0
20,HLA-A32:01 ,13940.85,QIS30087,LAFVVFLLVTL,20,16.0
29,HLA-A32:01 ,14111.4,QIS30087,TLAILTALRLC,29,17.0
32,HLA-A32:01 ,14216.04,QIS30087,ILTALRLCAYC,32,18.0
24,HLA-A32:01 ,16663.39,QIS30087,VFLLVTLAILT,24,19.0
3,HLA-A32:01 ,17067.6,QIS30087,FVSEETGTLIV,3,20.0
48,HLA-A32:01 ,17231.89,QIS30087,VSLVKPSFYVY,48,21.0
35,HLA-A32:01 ,19325.19,QIS30087,ALRLCAYCCNI,35,22.0
10,HLA-A32:01 ,20140.17,QIS30087,TLIVNSVLLFL,10,23.0
45,HLA-A32:01 ,20345.37,QIS30087,IVNVSLVKPSF,45,24.0
40,HLA-A32:01 ,20906.93,QIS30087,AYCCNIVNVSL,40,25.0
11,HLA-A32:01 ,21946.32,QIS30087,LIVNSVLLFLA,11,26.0
37,HLA-A32:01 ,22082.68,QIS30087,RLCAYCCNIVN,37,27.0
18,HLA-A32:01 ,23100.21,QIS30087,LFLAFVVFLLV,18,28.0
4,HLA-A32:01 ,23574.52,QIS30087,VSEETGTLIVN,4,29.0
44,HLA-A32:01 ,23892.58,QIS30087,NIVNVSLVKPS,44,30.0
50,HLA-A32:01 ,24906.13,QIS30087,LVKPSFYVYSR,50,31.0
49,HLA-A32:01 ,25029.53,QIS30087,SLVKPSFYVYS,49,32.0
21,HLA-A32:01 ,25296.54,QIS30087,AFVVFLLVTLA,21,33.0
6,HLA-A32:01 ,25553.54,QIS30087,EETGTLIVNSV,6,34.0
27,HLA-A32:01 ,25614.19,QIS30087,LVTLAILTALR,27,35.0
30,HLA-A32:01 ,25852.01,QIS30087,LAILTALRLCA,30,36.0
39,HLA-A32:01 ,26379.83,QIS30087,CAYCCNIVNVS,39,37.0
47,HLA-A32:01 ,26778.11,QIS30087,NVSLVKPSFYV,47,38.0
2,HLA-A32:01 ,27086.26,QIS30087,SFVSEETGTLI,2,39.0
53,HLA-A32:01 ,29074.34,QIS30087,PSFYVYSRVKN,53,40.0
36,HLA-A32:01 ,29830.96,QIS30087,LRLCAYCCNIV,36,41.0
38,HLA-A32:01 ,29988.96,QIS30087,LCAYCCNIVNV,38,42.0
13,HLA-A32:01 ,30399.06,QIS30087,VNSVLLFLAFV,13,43.0
56,HLA-A32:01 ,30476.76,QIS30087,YVYSRVKNLNS,56,44.0
43,HLA-A32:01 ,30547.94,QIS30087,CNIVNVSLVKP,43,45.0
62,HLA-A32:01 ,31152.36,QIS30087,KNLNSSRVPDL,62,46.0
60,HLA-A32:01 ,31152.97,QIS30087,RVKNLNSSRVP,60,47.0
41,HLA-A32:01 ,31186.16,QIS30087,YCCNIVNVSLV,41,48.0
42,HLA-A32:01 ,31516.06,QIS30087,CCNIVNVSLVK,42,49.0
51,HLA-A32:01 ,31731.37,QIS30087,VKPSFYVYSRV,51,50.0
61,HLA-A32:01 ,31937.41,QIS30087,VKNLNSSRVPD,61,51.0
54,HLA-A32:01 ,33762.86,QIS30087,SFYVYSRVKNL,54,52.0
52,HLA-A32:01 ,34407.61,QIS30087,KPSFYVYSRVK,52,53.0
55,HLA-A32:01 ,34442.01,QIS30087,FYVYSRVKNLN,55,54.0
7,HLA-A32:01 ,34661.65,QIS30087,ETGTLIVNSVL,7,55.0
5,HLA-A32:01 ,34670.71,QIS30087,SEETGTLIVNS,5,56.0
63,HLA-A32:01 ,35431.16,QIS30087,NLNSSRVPDLL,63,57.0
57,HLA-A32:01 ,35745.78,QIS30087,VYSRVKNLNSS,57,58.0
64,HLA-A32:01 ,36789.44,QIS30087,LNSSRVPDLLV,64,59.0
59,HLA-A32:01 ,37100.58,QIS30087,SRVKNLNSSRV,59,60.0
58,HLA-A32:01 ,37195.95,QIS30087,YSRVKNLNSSR,58,61.0
0,HLA-A32:01 ,37813.2,QIS30087,MYSFVSEETGT,0,62.0
1,HLA-A32:01 ,37876.19,QIS30087,YSFVSEETGTL,1,63.0
34,HLA-A32:01 ,39393.28,QIS30087,TALRLCAYCCN,34,64.0
46,HLA-A32:01 ,40207.27,QIS30087,VNVSLVKPSFY,46,65.0
3,HLA-A02:01,4252.94,QIS30087,FVSEETGTLIV,3,1.0
10,HLA-A02:01,5235.74,QIS30087,TLIVNSVLLFL,10,2.0
25,HLA-A02:01,5273.61,QIS30087,FLLVTLAILTA,25,3.0
26,HLA-A02:01,5337.26,QIS30087,LLVTLAILTAL,26,4.0
16,HLA-A02:01,5440.7,QIS30087,VLLFLAFVVFL,16,5.0
28,HLA-A02:01,5510.89,QIS30087,VTLAILTALRL,28,6.0
20,HLA-A02:01,5515.12,QIS30087,LAFVVFLLVTL,20,7.0
47,HLA-A02:01,5516.31,QIS30087,NVSLVKPSFYV,47,8.0
59,HLA-A02:01,5547.12,QIS30087,SRVKNLNSSRV,59,9.0
27,HLA-A02:01,5549.69,QIS30087,LVTLAILTALR,27,10.0
64,HLA-A02:01,5553.24,QIS30087,LNSSRVPDLLV,64,11.0
21,HLA-A02:01,5558.29,QIS30087,AFVVFLLVTLA,21,12.0
18,HLA-A02:01,5559.58,QIS30087,LFLAFVVFLLV,18,13.0
6,HLA-A02:01,5560.05,QIS30087,EETGTLIVNSV,6,14.0
17,HLA-A02:01,5560.16,QIS30087,LLFLAFVVFLL,17,15.0
38,HLA-A02:01,5562.89,QIS30087,LCAYCCNIVNV,38,16.0
11,HLA-A02:01,5568.5,QIS30087,LIVNSVLLFLA,11,17.0
42,HLA-A02:01,5569.91,QIS30087,CCNIVNVSLVK,42,18.0
52,HLA-A02:01,5571.16,QIS30087,KPSFYVYSRVK,52,19.0
53,HLA-A02:01,5572.61,QIS30087,PSFYVYSRVKN,53,20.0
51,HLA-A02:01,5573.16,QIS30087,VKPSFYVYSRV,51,21.0
22,HLA-A02:01,5574.6,QIS30087,FVVFLLVTLAI,22,22.0
41,HLA-A02:01,5574.7,QIS30087,YCCNIVNVSLV,41,23.0
23,HLA-A02:01,5576.73,QIS30087,VVFLLVTLAIL,23,24.0
58,HLA-A02:01,5576.97,QIS30087,YSRVKNLNSSR,58,25.0
55,HLA-A02:01,5580.17,QIS30087,FYVYSRVKNLN,55,26.0
30,HLA-A02:01,5580.23,QIS30087,LAILTALRLCA,30,27.0
34,HLA-A02:01,5581.15,QIS30087,TALRLCAYCCN,34,28.0
13,HLA-A02:01,5581.18,QIS30087,VNSVLLFLAFV,13,29.0
61,HLA-A02:01,5584.14,QIS30087,VKNLNSSRVPD,61,30.0
57,HLA-A02:01,5585.53,QIS30087,VYSRVKNLNSS,57,31.0
62,HLA-A02:01,5586.98,QIS30087,KNLNSSRVPDL,62,32.0
12,HLA-A02:01,5588.04,QIS30087,IVNSVLLFLAF,12,33.0
1,HLA-A02:01,5589.19,QIS30087,YSFVSEETGTL,1,34.0
50,HLA-A02:01,5589.92,QIS30087,LVKPSFYVYSR,50,35.0
8,HLA-A02:01,5590.18,QIS30087,TGTLIVNSVLL,8,36.0
4,HLA-A02:01,5590.76,QIS30087,VSEETGTLIVN,4,37.0
40,HLA-A02:01,5593.92,QIS30087,AYCCNIVNVSL,40,38.0
0,HLA-A02:01,5595.05,QIS30087,MYSFVSEETGT,0,39.0
5,HLA-A02:01,5596.51,QIS30087,SEETGTLIVNS,5,40.0
39,HLA-A02:01,5596.85,QIS30087,CAYCCNIVNVS,39,41.0
14,HLA-A02:01,5597.15,QIS30087,NSVLLFLAFVV,14,42.0
24,HLA-A02:01,5597.59,QIS30087,VFLLVTLAILT,24,43.0
43,HLA-A02:01,5598.07,QIS30087,CNIVNVSLVKP,43,44.0
33,HLA-A02:01,5601.79,QIS30087,LTALRLCAYCC,33,45.0
7,HLA-A02:01,5603.42,QIS30087,ETGTLIVNSVL,7,46.0
2,HLA-A02:01,5604.52,QIS30087,SFVSEETGTLI,2,47.0
45,HLA-A02:01,5607.74,QIS30087,IVNVSLVKPSF,45,48.0
48,HLA-A02:01,5608.01,QIS30087,VSLVKPSFYVY,48,49.0
44,HLA-A02:01,5614.94,QIS30087,NIVNVSLVKPS,44,50.0
60,HLA-A02:01,5616.84,QIS30087,RVKNLNSSRVP,60,51.0
54,HLA-A02:01,5617.1,QIS30087,SFYVYSRVKNL,54,52.0
46,HLA-A02:01,5622.11,QIS30087,VNVSLVKPSFY,46,53.0
35,HLA-A02:01,5622.51,QIS30087,ALRLCAYCCNI,35,54.0
36,HLA-A02:01,5622.64,QIS30087,LRLCAYCCNIV,36,55.0
31,HLA-A02:01,5623.3,QIS30087,AILTALRLCAY,31,56.0
37,HLA-A02:01,5625.84,QIS30087,RLCAYCCNIVN,37,57.0
15,HLA-A02:01,5632.12,QIS30087,SVLLFLAFVVF,15,58.0
63,HLA-A02:01,5633.81,QIS30087,NLNSSRVPDLL,63,59.0
9,HLA-A02:01,5634.68,QIS30087,GTLIVNSVLLF,9,60.0
29,HLA-A02:01,5640.63,QIS30087,TLAILTALRLC,29,61.0
32,HLA-A02:01,5659.59,QIS30087,ILTALRLCAYC,32,62.0
56,HLA-A02:01,5697.47,QIS30087,YVYSRVKNLNS,56,63.0
19,HLA-A02:01,5732.11,QIS30087,FLAFVVFLLVT,19,64.0
49,HLA-A02:01,5842.67,QIS30087,SLVKPSFYVYS,49,65.0
3,HLA-A02:03 ,4252.94,QIS30087,FVSEETGTLIV,3,1.0
10,HLA-A02:03 ,5235.74,QIS30087,TLIVNSVLLFL,10,2.0
25,HLA-A02:03 ,5273.61,QIS30087,FLLVTLAILTA,25,3.0
26,HLA-A02:03 ,5337.26,QIS30087,LLVTLAILTAL,26,4.0
16,HLA-A02:03 ,5440.7,QIS30087,VLLFLAFVVFL,16,5.0
28,HLA-A02:03 ,5510.89,QIS30087,VTLAILTALRL,28,6.0
20,HLA-A02:03 ,5515.12,QIS30087,LAFVVFLLVTL,20,7.0
47,HLA-A02:03 ,5516.31,QIS30087,NVSLVKPSFYV,47,8.0
59,HLA-A02:03 ,5547.12,QIS30087,SRVKNLNSSRV,59,9.0
27,HLA-A02:03 ,5549.69,QIS30087,LVTLAILTALR,27,10.0
64,HLA-A02:03 ,5553.24,QIS30087,LNSSRVPDLLV,64,11.0
21,HLA-A02:03 ,5558.29,QIS30087,AFVVFLLVTLA,21,12.0
18,HLA-A02:03 ,5559.58,QIS30087,LFLAFVVFLLV,18,13.0
6,HLA-A02:03 ,5560.05,QIS30087,EETGTLIVNSV,6,14.0
17,HLA-A02:03 ,5560.16,QIS30087,LLFLAFVVFLL,17,15.0
38,HLA-A02:03 ,5562.89,QIS30087,LCAYCCNIVNV,38,16.0
11,HLA-A02:03 ,5568.5,QIS30087,LIVNSVLLFLA,11,17.0
42,HLA-A02:03 ,5569.91,QIS30087,CCNIVNVSLVK,42,18.0
52,HLA-A02:03 ,5571.16,QIS30087,KPSFYVYSRVK,52,19.0
53,HLA-A02:03 ,5572.61,QIS30087,PSFYVYSRVKN,53,20.0
51,HLA-A02:03 ,5573.16,QIS30087,VKPSFYVYSRV,51,21.0
22,HLA-A02:03 ,5574.6,QIS30087,FVVFLLVTLAI,22,22.0
41,HLA-A02:03 ,5574.7,QIS30087,YCCNIVNVSLV,41,23.0
23,HLA-A02:03 ,5576.73,QIS30087,VVFLLVTLAIL,23,24.0
58,HLA-A02:03 ,5576.97,QIS30087,YSRVKNLNSSR,58,25.0
55,HLA-A02:03 ,5580.17,QIS30087,FYVYSRVKNLN,55,26.0
30,HLA-A02:03 ,5580.23,QIS30087,LAILTALRLCA,30,27.0
34,HLA-A02:03 ,5581.15,QIS30087,TALRLCAYCCN,34,28.0
13,HLA-A02:03 ,5581.18,QIS30087,VNSVLLFLAFV,13,29.0
61,HLA-A02:03 ,5584.14,QIS30087,VKNLNSSRVPD,61,30.0
57,HLA-A02:03 ,5585.53,QIS30087,VYSRVKNLNSS,57,31.0
62,HLA-A02:03 ,5586.98,QIS30087,KNLNSSRVPDL,62,32.0
12,HLA-A02:03 ,5588.04,QIS30087,IVNSVLLFLAF,12,33.0
1,HLA-A02:03 ,5589.19,QIS30087,YSFVSEETGTL,1,34.0
50,HLA-A02:03 ,5589.92,QIS30087,LVKPSFYVYSR,50,35.0
8,HLA-A02:03 ,5590.18,QIS30087,TGTLIVNSVLL,8,36.0
4,HLA-A02:03 ,5590.76,QIS30087,VSEETGTLIVN,4,37.0
40,HLA-A02:03 ,5593.92,QIS30087,AYCCNIVNVSL,40,38.0
0,HLA-A02:03 ,5595.05,QIS30087,MYSFVSEETGT,0,39.0
5,HLA-A02:03 ,5596.51,QIS30087,SEETGTLIVNS,5,40.0
39,HLA-A02:03 ,5596.85,QIS30087,CAYCCNIVNVS,39,41.0
14,HLA-A02:03 ,5597.15,QIS30087,NSVLLFLAFVV,14,42.0
24,HLA-A02:03 ,5597.59,QIS30087,VFLLVTLAILT,24,43.0
43,HLA-A02:03 ,5598.07,QIS30087,CNIVNVSLVKP,43,44.0
33,HLA-A02:03 ,5601.79,QIS30087,LTALRLCAYCC,33,45.0
7,HLA-A02:03 ,5603.42,QIS30087,ETGTLIVNSVL,7,46.0
2,HLA-A02:03 ,5604.52,QIS30087,SFVSEETGTLI,2,47.0
45,HLA-A02:03 ,5607.74,QIS30087,IVNVSLVKPSF,45,48.0
48,HLA-A02:03 ,5608.01,QIS30087,VSLVKPSFYVY,48,49.0
44,HLA-A02:03 ,5614.94,QIS30087,NIVNVSLVKPS,44,50.0
60,HLA-A02:03 ,5616.84,QIS30087,RVKNLNSSRVP,60,51.0
54,HLA-A02:03 ,5617.1,QIS30087,SFYVYSRVKNL,54,52.0
46,HLA-A02:03 ,5622.11,QIS30087,VNVSLVKPSFY,46,53.0
35,HLA-A02:03 ,5622.51,QIS30087,ALRLCAYCCNI,35,54.0
36,HLA-A02:03 ,5622.64,QIS30087,LRLCAYCCNIV,36,55.0
31,HLA-A02:03 ,5623.3,QIS30087,AILTALRLCAY,31,56.0
37,HLA-A02:03 ,5625.84,QIS30087,RLCAYCCNIVN,37,57.0
15,HLA-A02:03 ,5632.12,QIS30087,SVLLFLAFVVF,15,58.0
63,HLA-A02:03 ,5633.81,QIS30087,NLNSSRVPDLL,63,59.0
9,HLA-A02:03 ,5634.68,QIS30087,GTLIVNSVLLF,9,60.0
29,HLA-A02:03 ,5640.63,QIS30087,TLAILTALRLC,29,61.0
32,HLA-A02:03 ,5659.59,QIS30087,ILTALRLCAYC,32,62.0
56,HLA-A02:03 ,5697.47,QIS30087,YVYSRVKNLNS,56,63.0
19,HLA-A02:03 ,5732.11,QIS30087,FLAFVVFLLVT,19,64.0
49,HLA-A02:03 ,5842.67,QIS30087,SLVKPSFYVYS,49,65.0
25,HLA-A02:06,42.16,QIS30087,FLLVTLAILTA,25,1.0
47,HLA-A02:06,101.93,QIS30087,NVSLVKPSFYV,47,2.0
3,HLA-A02:06,118.66,QIS30087,FVSEETGTLIV,3,3.0
14,HLA-A02:06,276.41,QIS30087,NSVLLFLAFVV,14,4.0
28,HLA-A02:06,355.17,QIS30087,VTLAILTALRL,28,5.0
26,HLA-A02:06,528.37,QIS30087,LLVTLAILTAL,26,6.0
13,HLA-A02:06,573.48,QIS30087,VNSVLLFLAFV,13,7.0
22,HLA-A02:06,618.25,QIS30087,FVVFLLVTLAI,22,8.0
20,HLA-A02:06,666.69,QIS30087,LAFVVFLLVTL,20,9.0
10,HLA-A02:06,820.93,QIS30087,TLIVNSVLLFL,10,10.0
23,HLA-A02:06,839.77,QIS30087,VVFLLVTLAIL,23,11.0
11,HLA-A02:06,900.29,QIS30087,LIVNSVLLFLA,11,12.0
16,HLA-A02:06,963.11,QIS30087,VLLFLAFVVFL,16,13.0
33,HLA-A02:06,1218.26,QIS30087,LTALRLCAYCC,33,14.0
8,HLA-A02:06,1219.19,QIS30087,TGTLIVNSVLL,8,15.0
30,HLA-A02:06,1393.95,QIS30087,LAILTALRLCA,30,16.0
24,HLA-A02:06,1486.42,QIS30087,VFLLVTLAILT,24,17.0
21,HLA-A02:06,1829.88,QIS30087,AFVVFLLVTLA,21,18.0
17,HLA-A02:06,1956.06,QIS30087,LLFLAFVVFLL,17,19.0
19,HLA-A02:06,2123.44,QIS30087,FLAFVVFLLVT,19,20.0
32,HLA-A02:06,2542.87,QIS30087,ILTALRLCAYC,32,21.0
38,HLA-A02:06,2844.38,QIS30087,LCAYCCNIVNV,38,22.0
41,HLA-A02:06,3820.96,QIS30087,YCCNIVNVSLV,41,23.0
36,HLA-A02:06,3821.53,QIS30087,LRLCAYCCNIV,36,24.0
6,HLA-A02:06,4382.18,QIS30087,EETGTLIVNSV,6,25.0
15,HLA-A02:06,5010.73,QIS30087,SVLLFLAFVVF,15,26.0
9,HLA-A02:06,5488.37,QIS30087,GTLIVNSVLLF,9,27.0
51,HLA-A02:06,5889.04,QIS30087,VKPSFYVYSRV,51,28.0
18,HLA-A02:06,7301.96,QIS30087,LFLAFVVFLLV,18,29.0
37,HLA-A02:06,7338.23,QIS30087,RLCAYCCNIVN,37,30.0
49,HLA-A02:06,7784.02,QIS30087,SLVKPSFYVYS,49,31.0
35,HLA-A02:06,7880.91,QIS30087,ALRLCAYCCNI,35,32.0
29,HLA-A02:06,8848.12,QIS30087,TLAILTALRLC,29,33.0
12,HLA-A02:06,9349.87,QIS30087,IVNSVLLFLAF,12,34.0
39,HLA-A02:06,9611.43,QIS30087,CAYCCNIVNVS,39,35.0
56,HLA-A02:06,10946.13,QIS30087,YVYSRVKNLNS,56,36.0
1,HLA-A02:06,11141.11,QIS30087,YSFVSEETGTL,1,37.0
59,HLA-A02:06,12004.67,QIS30087,SRVKNLNSSRV,59,38.0
44,HLA-A02:06,12021.48,QIS30087,NIVNVSLVKPS,44,39.0
48,HLA-A02:06,12767.33,QIS30087,VSLVKPSFYVY,48,40.0
0,HLA-A02:06,13654.95,QIS30087,MYSFVSEETGT,0,41.0
27,HLA-A02:06,14143.88,QIS30087,LVTLAILTALR,27,42.0
43,HLA-A02:06,14280.65,QIS30087,CNIVNVSLVKP,43,43.0
50,HLA-A02:06,14350.73,QIS30087,LVKPSFYVYSR,50,44.0
2,HLA-A02:06,14462.01,QIS30087,SFVSEETGTLI,2,45.0
31,HLA-A02:06,15303.66,QIS30087,AILTALRLCAY,31,46.0
4,HLA-A02:06,15397.83,QIS30087,VSEETGTLIVN,4,47.0
40,HLA-A02:06,15749.19,QIS30087,AYCCNIVNVSL,40,48.0
64,HLA-A02:06,15919.78,QIS30087,LNSSRVPDLLV,64,49.0
55,HLA-A02:06,16824.68,QIS30087,FYVYSRVKNLN,55,50.0
63,HLA-A02:06,17550.6,QIS30087,NLNSSRVPDLL,63,51.0
54,HLA-A02:06,17920.51,QIS30087,SFYVYSRVKNL,54,52.0
7,HLA-A02:06,20968.85,QIS30087,ETGTLIVNSVL,7,53.0
60,HLA-A02:06,21277.8,QIS30087,RVKNLNSSRVP,60,54.0
61,HLA-A02:06,22048.82,QIS30087,VKNLNSSRVPD,61,55.0
45,HLA-A02:06,22157.33,QIS30087,IVNVSLVKPSF,45,56.0
57,HLA-A02:06,22807.59,QIS30087,VYSRVKNLNSS,57,57.0
62,HLA-A02:06,22821.7,QIS30087,KNLNSSRVPDL,62,58.0
5,HLA-A02:06,23847.34,QIS30087,SEETGTLIVNS,5,59.0
34,HLA-A02:06,23918.72,QIS30087,TALRLCAYCCN,34,60.0
58,HLA-A02:06,24220.3,QIS30087,YSRVKNLNSSR,58,61.0
46,HLA-A02:06,28232.06,QIS30087,VNVSLVKPSFY,46,62.0
53,HLA-A02:06,28712.65,QIS30087,PSFYVYSRVKN,53,63.0
42,HLA-A02:06,31353.69,QIS30087,CCNIVNVSLVK,42,64.0
52,HLA-A02:06,34310.04,QIS30087,KPSFYVYSRVK,52,65.0
47,HLA-A68:02,2860.42,QIS30087,NVSLVKPSFYV,47,1.0
22,HLA-A68:02,4023.96,QIS30087,FVVFLLVTLAI,22,2.0
14,HLA-A68:02,4078.16,QIS30087,NSVLLFLAFVV,14,3.0
7,HLA-A68:02,4828.45,QIS30087,ETGTLIVNSVL,7,4.0
6,HLA-A68:02,4848.39,QIS30087,EETGTLIVNSV,6,5.0
51,HLA-A68:02,4935.76,QIS30087,VKPSFYVYSRV,51,6.0
19,HLA-A68:02,5035.4,QIS30087,FLAFVVFLLVT,19,7.0
3,HLA-A68:02,5110.46,QIS30087,FVSEETGTLIV,3,8.0
17,HLA-A68:02,5133.42,QIS30087,LLFLAFVVFLL,17,9.0
23,HLA-A68:02,5135.97,QIS30087,VVFLLVTLAIL,23,10.0
20,HLA-A68:02,5219.65,QIS30087,LAFVVFLLVTL,20,11.0
18,HLA-A68:02,5237.24,QIS30087,LFLAFVVFLLV,18,12.0
11,HLA-A68:02,5244.9,QIS30087,LIVNSVLLFLA,11,13.0
10,HLA-A68:02,5268.64,QIS30087,TLIVNSVLLFL,10,14.0
56,HLA-A68:02,5280.57,QIS30087,YVYSRVKNLNS,56,15.0
28,HLA-A68:02,5296.33,QIS30087,VTLAILTALRL,28,16.0
44,HLA-A68:02,5325.81,QIS30087,NIVNVSLVKPS,44,17.0
13,HLA-A68:02,5334.04,QIS30087,VNSVLLFLAFV,13,18.0
59,HLA-A68:02,5364.78,QIS30087,SRVKNLNSSRV,59,19.0
1,HLA-A68:02,5384.62,QIS30087,YSFVSEETGTL,1,20.0
21,HLA-A68:02,5425.56,QIS30087,AFVVFLLVTLA,21,21.0
38,HLA-A68:02,5436.05,QIS30087,LCAYCCNIVNV,38,22.0
15,HLA-A68:02,5443.45,QIS30087,SVLLFLAFVVF,15,23.0
16,HLA-A68:02,5454.42,QIS30087,VLLFLAFVVFL,16,24.0
0,HLA-A68:02,5482.17,QIS30087,MYSFVSEETGT,0,25.0
24,HLA-A68:02,5503.82,QIS30087,VFLLVTLAILT,24,26.0
39,HLA-A68:02,5528.14,QIS30087,CAYCCNIVNVS,39,27.0
27,HLA-A68:02,5538.35,QIS30087,LVTLAILTALR,27,28.0
52,HLA-A68:02,5555.92,QIS30087,KPSFYVYSRVK,52,29.0
8,HLA-A68:02,5568.58,QIS30087,TGTLIVNSVLL,8,30.0
12,HLA-A68:02,5572.79,QIS30087,IVNSVLLFLAF,12,31.0
26,HLA-A68:02,5578.72,QIS30087,LLVTLAILTAL,26,32.0
41,HLA-A68:02,5581.08,QIS30087,YCCNIVNVSLV,41,33.0
42,HLA-A68:02,5582.08,QIS30087,CCNIVNVSLVK,42,34.0
29,HLA-A68:02,5612.68,QIS30087,TLAILTALRLC,29,35.0
64,HLA-A68:02,5618.1,QIS30087,LNSSRVPDLLV,64,36.0
2,HLA-A68:02,5625.24,QIS30087,SFVSEETGTLI,2,37.0
53,HLA-A68:02,5640.73,QIS30087,PSFYVYSRVKN,53,38.0
49,HLA-A68:02,5645.86,QIS30087,SLVKPSFYVYS,49,39.0
50,HLA-A68:02,5648.23,QIS30087,LVKPSFYVYSR,50,40.0
54,HLA-A68:02,5650.76,QIS30087,SFYVYSRVKNL,54,41.0
36,HLA-A68:02,5656.64,QIS30087,LRLCAYCCNIV,36,42.0
9,HLA-A68:02,5659.43,QIS30087,GTLIVNSVLLF,9,43.0
43,HLA-A68:02,5662.07,QIS30087,CNIVNVSLVKP,43,44.0
33,HLA-A68:02,5675.67,QIS30087,LTALRLCAYCC,33,45.0
55,HLA-A68:02,5678.8,QIS30087,FYVYSRVKNLN,55,46.0
63,HLA-A68:02,5678.89,QIS30087,NLNSSRVPDLL,63,47.0
37,HLA-A68:02,5681.78,QIS30087,RLCAYCCNIVN,37,48.0
40,HLA-A68:02,5682.51,QIS30087,AYCCNIVNVSL,40,49.0
58,HLA-A68:02,5683.65,QIS30087,YSRVKNLNSSR,58,50.0
48,HLA-A68:02,5689.29,QIS30087,VSLVKPSFYVY,48,51.0
4,HLA-A68:02,5698.29,QIS30087,VSEETGTLIVN,4,52.0
5,HLA-A68:02,5717.97,QIS30087,SEETGTLIVNS,5,53.0
25,HLA-A68:02,5721.62,QIS30087,FLLVTLAILTA,25,54.0
45,HLA-A68:02,5723.51,QIS30087,IVNVSLVKPSF,45,55.0
35,HLA-A68:02,5742.82,QIS30087,ALRLCAYCCNI,35,56.0
30,HLA-A68:02,5747.84,QIS30087,LAILTALRLCA,30,57.0
32,HLA-A68:02,5760.69,QIS30087,ILTALRLCAYC,32,58.0
57,HLA-A68:02,5760.93,QIS30087,VYSRVKNLNSS,57,59.0
46,HLA-A68:02,5764.62,QIS30087,VNVSLVKPSFY,46,60.0
61,HLA-A68:02,5767.86,QIS30087,VKNLNSSRVPD,61,61.0
60,HLA-A68:02,5773.95,QIS30087,RVKNLNSSRVP,60,62.0
62,HLA-A68:02,5808.61,QIS30087,KNLNSSRVPDL,62,63.0
34,HLA-A68:02,5814.7,QIS30087,TALRLCAYCCN,34,64.0
31,HLA-A68:02,5817.6,QIS30087,AILTALRLCAY,31,65.0
15,HLA-A23:01,129.32,QIS30087,SVLLFLAFVVF,15,1.0
9,HLA-A23:01,361.71,QIS30087,GTLIVNSVLLF,9,2.0
54,HLA-A23:01,578.4,QIS30087,SFYVYSRVKNL,54,3.0
23,HLA-A23:01,950.03,QIS30087,VVFLLVTLAIL,23,4.0
24,HLA-A23:01,2602.43,QIS30087,VFLLVTLAILT,24,5.0
40,HLA-A23:01,2998.43,QIS30087,AYCCNIVNVSL,40,6.0
17,HLA-A23:01,3164.22,QIS30087,LLFLAFVVFLL,17,7.0
12,HLA-A23:01,4281.31,QIS30087,IVNSVLLFLAF,12,8.0
2,HLA-A23:01,4286.55,QIS30087,SFVSEETGTLI,2,9.0
10,HLA-A23:01,4851.95,QIS30087,TLIVNSVLLFL,10,10.0
16,HLA-A23:01,5287.86,QIS30087,VLLFLAFVVFL,16,11.0
1,HLA-A23:01,6214.76,QIS30087,YSFVSEETGTL,1,12.0
55,HLA-A23:01,7876.51,QIS30087,FYVYSRVKNLN,55,13.0
45,HLA-A23:01,8147.13,QIS30087,IVNVSLVKPSF,45,14.0
22,HLA-A23:01,9133.68,QIS30087,FVVFLLVTLAI,22,15.0
20,HLA-A23:01,10047.8,QIS30087,LAFVVFLLVTL,20,16.0
35,HLA-A23:01,13467.07,QIS30087,ALRLCAYCCNI,35,17.0
14,HLA-A23:01,14171.69,QIS30087,NSVLLFLAFVV,14,18.0
8,HLA-A23:01,15136.27,QIS30087,TGTLIVNSVLL,8,19.0
57,HLA-A23:01,15717.76,QIS30087,VYSRVKNLNSS,57,20.0
48,HLA-A23:01,18428.8,QIS30087,VSLVKPSFYVY,48,21.0
3,HLA-A23:01,19146.4,QIS30087,FVSEETGTLIV,3,22.0
26,HLA-A23:01,19597.67,QIS30087,LLVTLAILTAL,26,23.0
18,HLA-A23:01,20075.36,QIS30087,LFLAFVVFLLV,18,24.0
41,HLA-A23:01,20493.68,QIS30087,YCCNIVNVSLV,41,25.0
47,HLA-A23:01,20649.8,QIS30087,NVSLVKPSFYV,47,26.0
36,HLA-A23:01,20796.47,QIS30087,LRLCAYCCNIV,36,27.0
63,HLA-A23:01,22099.78,QIS30087,NLNSSRVPDLL,63,28.0
13,HLA-A23:01,23967.61,QIS30087,VNSVLLFLAFV,13,29.0
53,HLA-A23:01,24304.49,QIS30087,PSFYVYSRVKN,53,30.0
19,HLA-A23:01,24656.01,QIS30087,FLAFVVFLLVT,19,31.0
25,HLA-A23:01,24875.17,QIS30087,FLLVTLAILTA,25,32.0
64,HLA-A23:01,26152.17,QIS30087,LNSSRVPDLLV,64,33.0
28,HLA-A23:01,26634.6,QIS30087,VTLAILTALRL,28,34.0
56,HLA-A23:01,27228.02,QIS30087,YVYSRVKNLNS,56,35.0
62,HLA-A23:01,27455.21,QIS30087,KNLNSSRVPDL,62,36.0
39,HLA-A23:01,27585.77,QIS30087,CAYCCNIVNVS,39,37.0
52,HLA-A23:01,28824.69,QIS30087,KPSFYVYSRVK,52,38.0
51,HLA-A23:01,28835.56,QIS30087,VKPSFYVYSRV,51,39.0
0,HLA-A23:01,29388.88,QIS30087,MYSFVSEETGT,0,40.0
49,HLA-A23:01,29421.93,QIS30087,SLVKPSFYVYS,49,41.0
21,HLA-A23:01,29570.09,QIS30087,AFVVFLLVTLA,21,42.0
50,HLA-A23:01,29622.63,QIS30087,LVKPSFYVYSR,50,43.0
4,HLA-A23:01,30074.29,QIS30087,VSEETGTLIVN,4,44.0
7,HLA-A23:01,31300.7,QIS30087,ETGTLIVNSVL,7,45.0
38,HLA-A23:01,31362.46,QIS30087,LCAYCCNIVNV,38,46.0
59,HLA-A23:01,31861.64,QIS30087,SRVKNLNSSRV,59,47.0
43,HLA-A23:01,32348.43,QIS30087,CNIVNVSLVKP,43,48.0
6,HLA-A23:01,32382.63,QIS30087,EETGTLIVNSV,6,49.0
11,HLA-A23:01,32520.91,QIS30087,LIVNSVLLFLA,11,50.0
44,HLA-A23:01,33719.89,QIS30087,NIVNVSLVKPS,44,51.0
60,HLA-A23:01,34257.12,QIS30087,RVKNLNSSRVP,60,52.0
5,HLA-A23:01,34629.83,QIS30087,SEETGTLIVNS,5,53.0
58,HLA-A23:01,35214.62,QIS30087,YSRVKNLNSSR,58,54.0
32,HLA-A23:01,35280.29,QIS30087,ILTALRLCAYC,32,55.0
33,HLA-A23:01,35538.5,QIS30087,LTALRLCAYCC,33,56.0
30,HLA-A23:01,35628.33,QIS30087,LAILTALRLCA,30,57.0
29,HLA-A23:01,36846.05,QIS30087,TLAILTALRLC,29,58.0
37,HLA-A23:01,37451.5,QIS30087,RLCAYCCNIVN,37,59.0
31,HLA-A23:01,37651.12,QIS30087,AILTALRLCAY,31,60.0
46,HLA-A23:01,38171.25,QIS30087,VNVSLVKPSFY,46,61.0
34,HLA-A23:01,38228.83,QIS30087,TALRLCAYCCN,34,62.0
27,HLA-A23:01,39564.02,QIS30087,LVTLAILTALR,27,63.0
61,HLA-A23:01,40738.38,QIS30087,VKNLNSSRVPD,61,64.0
42,HLA-A23:01,41223.25,QIS30087,CCNIVNVSLVK,42,65.0
9,HLA-A24:02,5184.12,QIS30087,GTLIVNSVLLF,9,1.0
15,HLA-A24:02,5192.21,QIS30087,SVLLFLAFVVF,15,2.0
12,HLA-A24:02,5193.21,QIS30087,IVNSVLLFLAF,12,3.0
10,HLA-A24:02,5247.01,QIS30087,TLIVNSVLLFL,10,4.0
45,HLA-A24:02,5258.68,QIS30087,IVNVSLVKPSF,45,5.0
16,HLA-A24:02,5277.85,QIS30087,VLLFLAFVVFL,16,6.0
17,HLA-A24:02,5301.06,QIS30087,LLFLAFVVFLL,17,7.0
23,HLA-A24:02,5317.99,QIS30087,VVFLLVTLAIL,23,8.0
20,HLA-A24:02,5322.0,QIS30087,LAFVVFLLVTL,20,9.0
0,HLA-A24:02,5324.49,QIS30087,MYSFVSEETGT,0,10.0
47,HLA-A24:02,5328.45,QIS30087,NVSLVKPSFYV,47,11.0
2,HLA-A24:02,5331.74,QIS30087,SFVSEETGTLI,2,12.0
24,HLA-A24:02,5333.63,QIS30087,VFLLVTLAILT,24,13.0
40,HLA-A24:02,5333.97,QIS30087,AYCCNIVNVSL,40,14.0
54,HLA-A24:02,5338.95,QIS30087,SFYVYSRVKNL,54,15.0
13,HLA-A24:02,5341.89,QIS30087,VNSVLLFLAFV,13,16.0
48,HLA-A24:02,5344.67,QIS30087,VSLVKPSFYVY,48,17.0
28,HLA-A24:02,5346.56,QIS30087,VTLAILTALRL,28,18.0
19,HLA-A24:02,5350.93,QIS30087,FLAFVVFLLVT,19,19.0
63,HLA-A24:02,5360.08,QIS30087,NLNSSRVPDLL,63,20.0
8,HLA-A24:02,5360.32,QIS30087,TGTLIVNSVLL,8,21.0
62,HLA-A24:02,5362.55,QIS30087,KNLNSSRVPDL,62,22.0
14,HLA-A24:02,5363.81,QIS30087,NSVLLFLAFVV,14,23.0
3,HLA-A24:02,5365.82,QIS30087,FVSEETGTLIV,3,24.0
1,HLA-A24:02,5367.59,QIS30087,YSFVSEETGTL,1,25.0
60,HLA-A24:02,5373.41,QIS30087,RVKNLNSSRVP,60,26.0
7,HLA-A24:02,5379.28,QIS30087,ETGTLIVNSVL,7,27.0
31,HLA-A24:02,5382.0,QIS30087,AILTALRLCAY,31,28.0
26,HLA-A24:02,5382.44,QIS30087,LLVTLAILTAL,26,29.0
46,HLA-A24:02,5384.59,QIS30087,VNVSLVKPSFY,46,30.0
43,HLA-A24:02,5384.64,QIS30087,CNIVNVSLVKP,43,31.0
61,HLA-A24:02,5384.84,QIS30087,VKNLNSSRVPD,61,32.0
55,HLA-A24:02,5385.0,QIS30087,FYVYSRVKNLN,55,33.0
64,HLA-A24:02,5385.3,QIS30087,LNSSRVPDLLV,64,34.0
6,HLA-A24:02,5389.56,QIS30087,EETGTLIVNSV,6,35.0
50,HLA-A24:02,5390.21,QIS30087,LVKPSFYVYSR,50,36.0
53,HLA-A24:02,5391.7,QIS30087,PSFYVYSRVKN,53,37.0
51,HLA-A24:02,5391.73,QIS30087,VKPSFYVYSRV,51,38.0
49,HLA-A24:02,5396.48,QIS30087,SLVKPSFYVYS,49,39.0
41,HLA-A24:02,5398.83,QIS30087,YCCNIVNVSLV,41,40.0
38,HLA-A24:02,5399.67,QIS30087,LCAYCCNIVNV,38,41.0
52,HLA-A24:02,5401.47,QIS30087,KPSFYVYSRVK,52,42.0
36,HLA-A24:02,5402.67,QIS30087,LRLCAYCCNIV,36,43.0
59,HLA-A24:02,5403.06,QIS30087,SRVKNLNSSRV,59,44.0
58,HLA-A24:02,5403.73,QIS30087,YSRVKNLNSSR,58,45.0
37,HLA-A24:02,5404.39,QIS30087,RLCAYCCNIVN,37,46.0
4,HLA-A24:02,5407.07,QIS30087,VSEETGTLIVN,4,47.0
21,HLA-A24:02,5407.45,QIS30087,AFVVFLLVTLA,21,48.0
56,HLA-A24:02,5408.75,QIS30087,YVYSRVKNLNS,56,49.0
27,HLA-A24:02,5409.94,QIS30087,LVTLAILTALR,27,50.0
35,HLA-A24:02,5410.64,QIS30087,ALRLCAYCCNI,35,51.0
22,HLA-A24:02,5412.36,QIS30087,FVVFLLVTLAI,22,52.0
11,HLA-A24:02,5414.06,QIS30087,LIVNSVLLFLA,11,53.0
44,HLA-A24:02,5417.38,QIS30087,NIVNVSLVKPS,44,54.0
29,HLA-A24:02,5417.44,QIS30087,TLAILTALRLC,29,55.0
5,HLA-A24:02,5419.1,QIS30087,SEETGTLIVNS,5,56.0
42,HLA-A24:02,5421.3,QIS30087,CCNIVNVSLVK,42,57.0
25,HLA-A24:02,5423.28,QIS30087,FLLVTLAILTA,25,58.0
34,HLA-A24:02,5423.42,QIS30087,TALRLCAYCCN,34,59.0
39,HLA-A24:02,5428.63,QIS30087,CAYCCNIVNVS,39,60.0
32,HLA-A24:02,5437.13,QIS30087,ILTALRLCAYC,32,61.0
30,HLA-A24:02,5440.24,QIS30087,LAILTALRLCA,30,62.0
33,HLA-A24:02,5461.79,QIS30087,LTALRLCAYCC,33,63.0
18,HLA-A24:02,5473.95,QIS30087,LFLAFVVFLLV,18,64.0
57,HLA-A24:02,5798.65,QIS30087,VYSRVKNLNSS,57,65.0
28,HLA-A03:01,4346.21,QIS30087,VTLAILTALRL,28,1.0
12,HLA-A03:01,5378.63,QIS30087,IVNSVLLFLAF,12,2.0
26,HLA-A03:01,5489.8,QIS30087,LLVTLAILTAL,26,3.0
20,HLA-A03:01,5502.23,QIS30087,LAFVVFLLVTL,20,4.0
27,HLA-A03:01,5502.38,QIS30087,LVTLAILTALR,27,5.0
19,HLA-A03:01,5515.36,QIS30087,FLAFVVFLLVT,19,6.0
8,HLA-A03:01,5558.87,QIS30087,TGTLIVNSVLL,8,7.0
7,HLA-A03:01,5575.61,QIS30087,ETGTLIVNSVL,7,8.0
54,HLA-A03:01,5578.59,QIS30087,SFYVYSRVKNL,54,9.0
18,HLA-A03:01,5584.74,QIS30087,LFLAFVVFLLV,18,10.0
11,HLA-A03:01,5586.16,QIS30087,LIVNSVLLFLA,11,11.0
40,HLA-A03:01,5586.16,QIS30087,AYCCNIVNVSL,40,11.0
9,HLA-A03:01,5589.04,QIS30087,GTLIVNSVLLF,9,13.0
63,HLA-A03:01,5591.56,QIS30087,NLNSSRVPDLL,63,14.0
17,HLA-A03:01,5593.81,QIS30087,LLFLAFVVFLL,17,15.0
29,HLA-A03:01,5594.41,QIS30087,TLAILTALRLC,29,16.0
23,HLA-A03:01,5595.98,QIS30087,VVFLLVTLAIL,23,17.0
24,HLA-A03:01,5600.15,QIS30087,VFLLVTLAILT,24,18.0
38,HLA-A03:01,5600.82,QIS30087,LCAYCCNIVNV,38,19.0
1,HLA-A03:01,5602.77,QIS30087,YSFVSEETGTL,1,20.0
62,HLA-A03:01,5604.52,QIS30087,KNLNSSRVPDL,62,21.0
25,HLA-A03:01,5608.52,QIS30087,FLLVTLAILTA,25,22.0
21,HLA-A03:01,5610.19,QIS30087,AFVVFLLVTLA,21,23.0
3,HLA-A03:01,5610.96,QIS30087,FVSEETGTLIV,3,24.0
33,HLA-A03:01,5614.13,QIS30087,LTALRLCAYCC,33,25.0
41,HLA-A03:01,5614.46,QIS30087,YCCNIVNVSLV,41,26.0
13,HLA-A03:01,5614.62,QIS30087,VNSVLLFLAFV,13,27.0
42,HLA-A03:01,5618.81,QIS30087,CCNIVNVSLVK,42,28.0
30,HLA-A03:01,5619.74,QIS30087,LAILTALRLCA,30,29.0
14,HLA-A03:01,5622.76,QIS30087,NSVLLFLAFVV,14,30.0
56,HLA-A03:01,5624.49,QIS30087,YVYSRVKNLNS,56,31.0
6,HLA-A03:01,5626.05,QIS30087,EETGTLIVNSV,6,32.0
5,HLA-A03:01,5626.36,QIS30087,SEETGTLIVNS,5,33.0
22,HLA-A03:01,5626.45,QIS30087,FVVFLLVTLAI,22,34.0
0,HLA-A03:01,5626.64,QIS30087,MYSFVSEETGT,0,35.0
52,HLA-A03:01,5627.14,QIS30087,KPSFYVYSRVK,52,36.0
39,HLA-A03:01,5627.24,QIS30087,CAYCCNIVNVS,39,37.0
59,HLA-A03:01,5628.87,QIS30087,SRVKNLNSSRV,59,38.0
4,HLA-A03:01,5629.23,QIS30087,VSEETGTLIVN,4,39.0
64,HLA-A03:01,5630.2,QIS30087,LNSSRVPDLLV,64,40.0
34,HLA-A03:01,5630.7,QIS30087,TALRLCAYCCN,34,41.0
55,HLA-A03:01,5630.74,QIS30087,FYVYSRVKNLN,55,42.0
16,HLA-A03:01,5632.08,QIS30087,VLLFLAFVVFL,16,43.0
43,HLA-A03:01,5632.88,QIS30087,CNIVNVSLVKP,43,44.0
36,HLA-A03:01,5632.97,QIS30087,LRLCAYCCNIV,36,45.0
61,HLA-A03:01,5634.75,QIS30087,VKNLNSSRVPD,61,46.0
51,HLA-A03:01,5637.9,QIS30087,VKPSFYVYSRV,51,47.0
57,HLA-A03:01,5638.15,QIS30087,VYSRVKNLNSS,57,48.0
31,HLA-A03:01,5640.83,QIS30087,AILTALRLCAY,31,49.0
44,HLA-A03:01,5641.73,QIS30087,NIVNVSLVKPS,44,50.0
53,HLA-A03:01,5643.1,QIS30087,PSFYVYSRVKN,53,51.0
32,HLA-A03:01,5647.67,QIS30087,ILTALRLCAYC,32,52.0
2,HLA-A03:01,5658.44,QIS30087,SFVSEETGTLI,2,53.0
47,HLA-A03:01,5658.66,QIS30087,NVSLVKPSFYV,47,54.0
46,HLA-A03:01,5661.06,QIS30087,VNVSLVKPSFY,46,55.0
15,HLA-A03:01,5665.54,QIS30087,SVLLFLAFVVF,15,56.0
49,HLA-A03:01,5665.57,QIS30087,SLVKPSFYVYS,49,57.0
48,HLA-A03:01,5666.35,QIS30087,VSLVKPSFYVY,48,58.0
58,HLA-A03:01,5666.37,QIS30087,YSRVKNLNSSR,58,59.0
10,HLA-A03:01,5667.1,QIS30087,TLIVNSVLLFL,10,60.0
35,HLA-A03:01,5668.96,QIS30087,ALRLCAYCCNI,35,61.0
50,HLA-A03:01,5672.45,QIS30087,LVKPSFYVYSR,50,62.0
45,HLA-A03:01,5685.17,QIS30087,IVNVSLVKPSF,45,63.0
37,HLA-A03:01,5685.21,QIS30087,RLCAYCCNIVN,37,64.0
60,HLA-A03:01,5686.84,QIS30087,RVKNLNSSRVP,60,65.0
31,HLA-A11:01,317.65,QIS30087,AILTALRLCAY,31,1.0
50,HLA-A11:01,483.57,QIS30087,LVKPSFYVYSR,50,2.0
48,HLA-A11:01,830.92,QIS30087,VSLVKPSFYVY,48,3.0
27,HLA-A11:01,1656.52,QIS30087,LVTLAILTALR,27,4.0
42,HLA-A11:01,3096.69,QIS30087,CCNIVNVSLVK,42,5.0
52,HLA-A11:01,3280.01,QIS30087,KPSFYVYSRVK,52,6.0
11,HLA-A11:01,4291.96,QIS30087,LIVNSVLLFLA,11,7.0
56,HLA-A11:01,7085.22,QIS30087,YVYSRVKNLNS,56,8.0
28,HLA-A11:01,7703.31,QIS30087,VTLAILTALRL,28,9.0
47,HLA-A11:01,8926.52,QIS30087,NVSLVKPSFYV,47,10.0
49,HLA-A11:01,9030.07,QIS30087,SLVKPSFYVYS,49,11.0
53,HLA-A11:01,9682.68,QIS30087,PSFYVYSRVKN,53,12.0
46,HLA-A11:01,10302.35,QIS30087,VNVSLVKPSFY,46,13.0
4,HLA-A11:01,11356.22,QIS30087,VSEETGTLIVN,4,14.0
24,HLA-A11:01,12666.14,QIS30087,VFLLVTLAILT,24,15.0
37,HLA-A11:01,13154.93,QIS30087,RLCAYCCNIVN,37,16.0
30,HLA-A11:01,13880.47,QIS30087,LAILTALRLCA,30,17.0
34,HLA-A11:01,14828.15,QIS30087,TALRLCAYCCN,34,18.0
43,HLA-A11:01,15844.7,QIS30087,CNIVNVSLVKP,43,19.0
58,HLA-A11:01,16402.3,QIS30087,YSRVKNLNSSR,58,20.0
10,HLA-A11:01,16698.97,QIS30087,TLIVNSVLLFL,10,21.0
17,HLA-A11:01,17460.88,QIS30087,LLFLAFVVFLL,17,22.0
21,HLA-A11:01,17565.71,QIS30087,AFVVFLLVTLA,21,23.0
9,HLA-A11:01,18070.04,QIS30087,GTLIVNSVLLF,9,24.0
39,HLA-A11:01,18267.31,QIS30087,CAYCCNIVNVS,39,25.0
18,HLA-A11:01,18873.87,QIS30087,LFLAFVVFLLV,18,26.0
23,HLA-A11:01,19512.72,QIS30087,VVFLLVTLAIL,23,27.0
5,HLA-A11:01,19622.55,QIS30087,SEETGTLIVNS,5,28.0
44,HLA-A11:01,20197.84,QIS30087,NIVNVSLVKPS,44,29.0
55,HLA-A11:01,20683.64,QIS30087,FYVYSRVKNLN,55,30.0
25,HLA-A11:01,20853.32,QIS30087,FLLVTLAILTA,25,31.0
13,HLA-A11:01,21110.69,QIS30087,VNSVLLFLAFV,13,32.0
16,HLA-A11:01,21810.12,QIS30087,VLLFLAFVVFL,16,33.0
19,HLA-A11:01,21855.89,QIS30087,FLAFVVFLLVT,19,34.0
14,HLA-A11:01,22238.76,QIS30087,NSVLLFLAFVV,14,35.0
3,HLA-A11:01,22546.44,QIS30087,FVSEETGTLIV,3,36.0
35,HLA-A11:01,22566.88,QIS30087,ALRLCAYCCNI,35,37.0
8,HLA-A11:01,22958.16,QIS30087,TGTLIVNSVLL,8,38.0
61,HLA-A11:01,23700.53,QIS30087,VKNLNSSRVPD,61,39.0
12,HLA-A11:01,24530.08,QIS30087,IVNSVLLFLAF,12,40.0
32,HLA-A11:01,24551.39,QIS30087,ILTALRLCAYC,32,41.0
33,HLA-A11:01,24634.74,QIS30087,LTALRLCAYCC,33,42.0
22,HLA-A11:01,24813.19,QIS30087,FVVFLLVTLAI,22,43.0
20,HLA-A11:01,24865.72,QIS30087,LAFVVFLLVTL,20,44.0
60,HLA-A11:01,25110.55,QIS30087,RVKNLNSSRVP,60,45.0
2,HLA-A11:01,25779.1,QIS30087,SFVSEETGTLI,2,46.0
51,HLA-A11:01,25963.12,QIS30087,VKPSFYVYSRV,51,47.0
54,HLA-A11:01,26099.05,QIS30087,SFYVYSRVKNL,54,48.0
57,HLA-A11:01,26131.34,QIS30087,VYSRVKNLNSS,57,49.0
0,HLA-A11:01,27857.94,QIS30087,MYSFVSEETGT,0,50.0
45,HLA-A11:01,27921.01,QIS30087,IVNVSLVKPSF,45,51.0
7,HLA-A11:01,27958.85,QIS30087,ETGTLIVNSVL,7,52.0
64,HLA-A11:01,28579.9,QIS30087,LNSSRVPDLLV,64,53.0
59,HLA-A11:01,28948.77,QIS30087,SRVKNLNSSRV,59,54.0
15,HLA-A11:01,29008.31,QIS30087,SVLLFLAFVVF,15,55.0
6,HLA-A11:01,29101.9,QIS30087,EETGTLIVNSV,6,56.0
38,HLA-A11:01,29183.09,QIS30087,LCAYCCNIVNV,38,57.0
41,HLA-A11:01,30959.78,QIS30087,YCCNIVNVSLV,41,58.0
26,HLA-A11:01,31132.21,QIS30087,LLVTLAILTAL,26,59.0
29,HLA-A11:01,31476.45,QIS30087,TLAILTALRLC,29,60.0
40,HLA-A11:01,32042.18,QIS30087,AYCCNIVNVSL,40,61.0
1,HLA-A11:01,32416.78,QIS30087,YSFVSEETGTL,1,62.0
36,HLA-A11:01,32445.89,QIS30087,LRLCAYCCNIV,36,63.0
63,HLA-A11:01,32656.75,QIS30087,NLNSSRVPDLL,63,64.0
62,HLA-A11:01,32704.17,QIS30087,KNLNSSRVPDL,62,65.0
35,HLA-A30:01,200.51,QIS30087,ALRLCAYCCNI,35,1.0
60,HLA-A30:01,214.81,QIS30087,RVKNLNSSRVP,60,2.0
50,HLA-A30:01,664.84,QIS30087,LVKPSFYVYSR,50,3.0
58,HLA-A30:01,1261.61,QIS30087,YSRVKNLNSSR,58,4.0
54,HLA-A30:01,1763.89,QIS30087,SFYVYSRVKNL,54,5.0
20,HLA-A30:01,3500.53,QIS30087,LAFVVFLLVTL,20,6.0
28,HLA-A30:01,3736.43,QIS30087,VTLAILTALRL,28,7.0
16,HLA-A30:01,4041.59,QIS30087,VLLFLAFVVFL,16,8.0
62,HLA-A30:01,4318.66,QIS30087,KNLNSSRVPDL,62,9.0
11,HLA-A30:01,4578.23,QIS30087,LIVNSVLLFLA,11,10.0
23,HLA-A30:01,4960.84,QIS30087,VVFLLVTLAIL,23,11.0
42,HLA-A30:01,5317.0,QIS30087,CCNIVNVSLVK,42,12.0
10,HLA-A30:01,5366.12,QIS30087,TLIVNSVLLFL,10,13.0
25,HLA-A30:01,5554.31,QIS30087,FLLVTLAILTA,25,14.0
52,HLA-A30:01,6322.68,QIS30087,KPSFYVYSRVK,52,15.0
18,HLA-A30:01,6396.81,QIS30087,LFLAFVVFLLV,18,16.0
17,HLA-A30:01,6734.12,QIS30087,LLFLAFVVFLL,17,17.0
22,HLA-A30:01,6990.59,QIS30087,FVVFLLVTLAI,22,18.0
21,HLA-A30:01,7401.1,QIS30087,AFVVFLLVTLA,21,19.0
36,HLA-A30:01,8787.79,QIS30087,LRLCAYCCNIV,36,20.0
38,HLA-A30:01,8816.77,QIS30087,LCAYCCNIVNV,38,21.0
19,HLA-A30:01,9559.41,QIS30087,FLAFVVFLLVT,19,22.0
30,HLA-A30:01,9584.46,QIS30087,LAILTALRLCA,30,23.0
24,HLA-A30:01,9910.3,QIS30087,VFLLVTLAILT,24,24.0
45,HLA-A30:01,10565.72,QIS30087,IVNVSLVKPSF,45,25.0
27,HLA-A30:01,10591.08,QIS30087,LVTLAILTALR,27,26.0
33,HLA-A30:01,11515.29,QIS30087,LTALRLCAYCC,33,27.0
59,HLA-A30:01,11733.75,QIS30087,SRVKNLNSSRV,59,28.0
31,HLA-A30:01,12112.42,QIS30087,AILTALRLCAY,31,29.0
6,HLA-A30:01,12605.84,QIS30087,EETGTLIVNSV,6,30.0
14,HLA-A30:01,12685.07,QIS30087,NSVLLFLAFVV,14,31.0
48,HLA-A30:01,13243.01,QIS30087,VSLVKPSFYVY,48,32.0
13,HLA-A30:01,14203.13,QIS30087,VNSVLLFLAFV,13,33.0
49,HLA-A30:01,14367.26,QIS30087,SLVKPSFYVYS,49,34.0
32,HLA-A30:01,15175.66,QIS30087,ILTALRLCAYC,32,35.0
40,HLA-A30:01,15290.88,QIS30087,AYCCNIVNVSL,40,36.0
9,HLA-A30:01,17079.29,QIS30087,GTLIVNSVLLF,9,37.0
47,HLA-A30:01,17221.0,QIS30087,NVSLVKPSFYV,47,38.0
46,HLA-A30:01,17998.87,QIS30087,VNVSLVKPSFY,46,39.0
15,HLA-A30:01,18187.02,QIS30087,SVLLFLAFVVF,15,40.0
12,HLA-A30:01,18269.65,QIS30087,IVNSVLLFLAF,12,41.0
55,HLA-A30:01,18399.19,QIS30087,FYVYSRVKNLN,55,42.0
29,HLA-A30:01,18768.56,QIS30087,TLAILTALRLC,29,43.0
57,HLA-A30:01,18854.83,QIS30087,VYSRVKNLNSS,57,44.0
34,HLA-A30:01,19133.02,QIS30087,TALRLCAYCCN,34,45.0
26,HLA-A30:01,19321.66,QIS30087,LLVTLAILTAL,26,46.0
64,HLA-A30:01,19555.95,QIS30087,LNSSRVPDLLV,64,47.0
37,HLA-A30:01,20256.39,QIS30087,RLCAYCCNIVN,37,48.0
56,HLA-A30:01,20570.52,QIS30087,YVYSRVKNLNS,56,49.0
61,HLA-A30:01,20753.06,QIS30087,VKNLNSSRVPD,61,50.0
8,HLA-A30:01,21063.57,QIS30087,TGTLIVNSVLL,8,51.0
53,HLA-A30:01,21119.55,QIS30087,PSFYVYSRVKN,53,52.0
39,HLA-A30:01,21943.09,QIS30087,CAYCCNIVNVS,39,53.0
51,HLA-A30:01,22137.67,QIS30087,VKPSFYVYSRV,51,54.0
43,HLA-A30:01,22495.89,QIS30087,CNIVNVSLVKP,43,55.0
2,HLA-A30:01,23290.8,QIS30087,SFVSEETGTLI,2,56.0
44,HLA-A30:01,23465.44,QIS30087,NIVNVSLVKPS,44,57.0
3,HLA-A30:01,25599.4,QIS30087,FVSEETGTLIV,3,58.0
63,HLA-A30:01,26009.21,QIS30087,NLNSSRVPDLL,63,59.0
4,HLA-A30:01,27126.64,QIS30087,VSEETGTLIVN,4,60.0
41,HLA-A30:01,27416.42,QIS30087,YCCNIVNVSLV,41,61.0
7,HLA-A30:01,29131.69,QIS30087,ETGTLIVNSVL,7,62.0
5,HLA-A30:01,30543.46,QIS30087,SEETGTLIVNS,5,63.0
1,HLA-A30:01,31092.58,QIS30087,YSFVSEETGTL,1,64.0
0,HLA-A30:01,38402.65,QIS30087,MYSFVSEETGT,0,65.0
50,HLA-A31:01 ,632.18,QIS30087,LVKPSFYVYSR,50,1.0
28,HLA-A31:01 ,3771.24,QIS30087,VTLAILTALRL,28,2.0
15,HLA-A31:01 ,5345.56,QIS30087,SVLLFLAFVVF,15,3.0
27,HLA-A31:01 ,5368.75,QIS30087,LVTLAILTALR,27,4.0
12,HLA-A31:01 ,5452.45,QIS30087,IVNSVLLFLAF,12,5.0
58,HLA-A31:01 ,5460.52,QIS30087,YSRVKNLNSSR,58,6.0
54,HLA-A31:01 ,5580.82,QIS30087,SFYVYSRVKNL,54,7.0
52,HLA-A31:01 ,5603.34,QIS30087,KPSFYVYSRVK,52,8.0
9,HLA-A31:01 ,5645.22,QIS30087,GTLIVNSVLLF,9,9.0
42,HLA-A31:01 ,5656.48,QIS30087,CCNIVNVSLVK,42,10.0
51,HLA-A31:01 ,5658.06,QIS30087,VKPSFYVYSRV,51,11.0
44,HLA-A31:01 ,5662.23,QIS30087,NIVNVSLVKPS,44,12.0
47,HLA-A31:01 ,5672.38,QIS30087,NVSLVKPSFYV,47,13.0
31,HLA-A31:01 ,5677.43,QIS30087,AILTALRLCAY,31,14.0
49,HLA-A31:01 ,5677.43,QIS30087,SLVKPSFYVYS,49,14.0
13,HLA-A31:01 ,5689.51,QIS30087,VNSVLLFLAFV,13,16.0
5,HLA-A31:01 ,5691.06,QIS30087,SEETGTLIVNS,5,17.0
46,HLA-A31:01 ,5693.87,QIS30087,VNVSLVKPSFY,46,18.0
40,HLA-A31:01 ,5697.98,QIS30087,AYCCNIVNVSL,40,19.0
43,HLA-A31:01 ,5699.38,QIS30087,CNIVNVSLVKP,43,20.0
45,HLA-A31:01 ,5702.34,QIS30087,IVNVSLVKPSF,45,21.0
20,HLA-A31:01 ,5702.53,QIS30087,LAFVVFLLVTL,20,22.0
62,HLA-A31:01 ,5703.44,QIS30087,KNLNSSRVPDL,62,23.0
2,HLA-A31:01 ,5704.52,QIS30087,SFVSEETGTLI,2,24.0
8,HLA-A31:01 ,5711.13,QIS30087,TGTLIVNSVLL,8,25.0
59,HLA-A31:01 ,5711.58,QIS30087,SRVKNLNSSRV,59,26.0
56,HLA-A31:01 ,5712.45,QIS30087,YVYSRVKNLNS,56,27.0
57,HLA-A31:01 ,5712.57,QIS30087,VYSRVKNLNSS,57,28.0
1,HLA-A31:01 ,5713.93,QIS30087,YSFVSEETGTL,1,29.0
61,HLA-A31:01 ,5715.16,QIS30087,VKNLNSSRVPD,61,30.0
32,HLA-A31:01 ,5717.59,QIS30087,ILTALRLCAYC,32,31.0
39,HLA-A31:01 ,5718.57,QIS30087,CAYCCNIVNVS,39,32.0
21,HLA-A31:01 ,5719.51,QIS30087,AFVVFLLVTLA,21,33.0
25,HLA-A31:01 ,5721.01,QIS30087,FLLVTLAILTA,25,34.0
0,HLA-A31:01 ,5722.13,QIS30087,MYSFVSEETGT,0,35.0
6,HLA-A31:01 ,5723.99,QIS30087,EETGTLIVNSV,6,36.0
7,HLA-A31:01 ,5725.41,QIS30087,ETGTLIVNSVL,7,37.0
10,HLA-A31:01 ,5727.29,QIS30087,TLIVNSVLLFL,10,38.0
24,HLA-A31:01 ,5730.09,QIS30087,VFLLVTLAILT,24,39.0
17,HLA-A31:01 ,5731.61,QIS30087,LLFLAFVVFLL,17,40.0
37,HLA-A31:01 ,5731.81,QIS30087,RLCAYCCNIVN,37,41.0
3,HLA-A31:01 ,5733.21,QIS30087,FVSEETGTLIV,3,42.0
16,HLA-A31:01 ,5734.72,QIS30087,VLLFLAFVVFL,16,43.0
18,HLA-A31:01 ,5736.44,QIS30087,LFLAFVVFLLV,18,44.0
33,HLA-A31:01 ,5738.91,QIS30087,LTALRLCAYCC,33,45.0
60,HLA-A31:01 ,5740.06,QIS30087,RVKNLNSSRVP,60,46.0
48,HLA-A31:01 ,5740.66,QIS30087,VSLVKPSFYVY,48,47.0
35,HLA-A31:01 ,5745.73,QIS30087,ALRLCAYCCNI,35,48.0
38,HLA-A31:01 ,5749.25,QIS30087,LCAYCCNIVNV,38,49.0
41,HLA-A31:01 ,5750.64,QIS30087,YCCNIVNVSLV,41,50.0
63,HLA-A31:01 ,5750.71,QIS30087,NLNSSRVPDLL,63,51.0
53,HLA-A31:01 ,5752.13,QIS30087,PSFYVYSRVKN,53,52.0
64,HLA-A31:01 ,5752.16,QIS30087,LNSSRVPDLLV,64,53.0
26,HLA-A31:01 ,5753.42,QIS30087,LLVTLAILTAL,26,54.0
34,HLA-A31:01 ,5755.01,QIS30087,TALRLCAYCCN,34,55.0
23,HLA-A31:01 ,5755.45,QIS30087,VVFLLVTLAIL,23,56.0
19,HLA-A31:01 ,5755.49,QIS30087,FLAFVVFLLVT,19,57.0
11,HLA-A31:01 ,5755.79,QIS30087,LIVNSVLLFLA,11,58.0
36,HLA-A31:01 ,5756.3,QIS30087,LRLCAYCCNIV,36,59.0
55,HLA-A31:01 ,5759.35,QIS30087,FYVYSRVKNLN,55,60.0
14,HLA-A31:01 ,5761.48,QIS30087,NSVLLFLAFVV,14,61.0
22,HLA-A31:01 ,5770.43,QIS30087,FVVFLLVTLAI,22,62.0
4,HLA-A31:01 ,5770.7,QIS30087,VSEETGTLIVN,4,63.0
29,HLA-A31:01 ,5792.51,QIS30087,TLAILTALRLC,29,64.0
30,HLA-A31:01 ,5822.75,QIS30087,LAILTALRLCA,30,65.0
50,HLA-A33:01 ,20.48,QIS30087,LVKPSFYVYSR,50,1.0
27,HLA-A33:01 ,541.55,QIS30087,LVTLAILTALR,27,2.0
58,HLA-A33:01 ,930.49,QIS30087,YSRVKNLNSSR,58,3.0
55,HLA-A33:01 ,1166.88,QIS30087,FYVYSRVKNLN,55,4.0
53,HLA-A33:01 ,2370.3,QIS30087,PSFYVYSRVKN,53,5.0
43,HLA-A33:01 ,2696.4,QIS30087,CNIVNVSLVKP,43,6.0
18,HLA-A33:01 ,3799.18,QIS30087,LFLAFVVFLLV,18,7.0
17,HLA-A33:01 ,4207.54,QIS30087,LLFLAFVVFLL,17,8.0
47,HLA-A33:01 ,4636.28,QIS30087,NVSLVKPSFYV,47,9.0
24,HLA-A33:01 ,6014.83,QIS30087,VFLLVTLAILT,24,10.0
11,HLA-A33:01 ,6164.97,QIS30087,LIVNSVLLFLA,11,11.0
32,HLA-A33:01 ,6726.76,QIS30087,ILTALRLCAYC,32,12.0
34,HLA-A33:01 ,7187.23,QIS30087,TALRLCAYCCN,34,13.0
12,HLA-A33:01 ,7453.59,QIS30087,IVNSVLLFLAF,12,14.0
9,HLA-A33:01 ,8735.73,QIS30087,GTLIVNSVLLF,9,15.0
23,HLA-A33:01 ,8915.81,QIS30087,VVFLLVTLAIL,23,16.0
49,HLA-A33:01 ,8929.35,QIS30087,SLVKPSFYVYS,49,17.0
16,HLA-A33:01 ,9826.77,QIS30087,VLLFLAFVVFL,16,18.0
10,HLA-A33:01 ,10291.23,QIS30087,TLIVNSVLLFL,10,19.0
33,HLA-A33:01 ,10644.95,QIS30087,LTALRLCAYCC,33,20.0
14,HLA-A33:01 ,11016.05,QIS30087,NSVLLFLAFVV,14,21.0
54,HLA-A33:01 ,11099.6,QIS30087,SFYVYSRVKNL,54,22.0
37,HLA-A33:01 ,11748.33,QIS30087,RLCAYCCNIVN,37,23.0
28,HLA-A33:01 ,11860.4,QIS30087,VTLAILTALRL,28,24.0
19,HLA-A33:01 ,12164.78,QIS30087,FLAFVVFLLVT,19,25.0
15,HLA-A33:01 ,14258.71,QIS30087,SVLLFLAFVVF,15,26.0
57,HLA-A33:01 ,15213.67,QIS30087,VYSRVKNLNSS,57,27.0
13,HLA-A33:01 ,15252.88,QIS30087,VNSVLLFLAFV,13,28.0
21,HLA-A33:01 ,15488.03,QIS30087,AFVVFLLVTLA,21,29.0
40,HLA-A33:01 ,15910.33,QIS30087,AYCCNIVNVSL,40,30.0
39,HLA-A33:01 ,18278.32,QIS30087,CAYCCNIVNVS,39,31.0
22,HLA-A33:01 ,18644.89,QIS30087,FVVFLLVTLAI,22,32.0
26,HLA-A33:01 ,18745.06,QIS30087,LLVTLAILTAL,26,33.0
36,HLA-A33:01 ,19207.54,QIS30087,LRLCAYCCNIV,36,34.0
20,HLA-A33:01 ,19415.96,QIS30087,LAFVVFLLVTL,20,35.0
25,HLA-A33:01 ,19542.7,QIS30087,FLLVTLAILTA,25,36.0
31,HLA-A33:01 ,20092.07,QIS30087,AILTALRLCAY,31,37.0
56,HLA-A33:01 ,20116.99,QIS30087,YVYSRVKNLNS,56,38.0
30,HLA-A33:01 ,21537.19,QIS30087,LAILTALRLCA,30,39.0
48,HLA-A33:01 ,21951.15,QIS30087,VSLVKPSFYVY,48,40.0
41,HLA-A33:01 ,22047.44,QIS30087,YCCNIVNVSLV,41,41.0
29,HLA-A33:01 ,22301.42,QIS30087,TLAILTALRLC,29,42.0
38,HLA-A33:01 ,22558.73,QIS30087,LCAYCCNIVNV,38,43.0
42,HLA-A33:01 ,22827.36,QIS30087,CCNIVNVSLVK,42,44.0
0,HLA-A33:01 ,23475.1,QIS30087,MYSFVSEETGT,0,45.0
45,HLA-A33:01 ,23895.48,QIS30087,IVNVSLVKPSF,45,46.0
5,HLA-A33:01 ,24791.13,QIS30087,SEETGTLIVNS,5,47.0
44,HLA-A33:01 ,25293.67,QIS30087,NIVNVSLVKPS,44,48.0
8,HLA-A33:01 ,27305.2,QIS30087,TGTLIVNSVLL,8,49.0
4,HLA-A33:01 ,27635.31,QIS30087,VSEETGTLIVN,4,50.0
51,HLA-A33:01 ,27699.07,QIS30087,VKPSFYVYSRV,51,51.0
7,HLA-A33:01 ,28126.97,QIS30087,ETGTLIVNSVL,7,52.0
46,HLA-A33:01 ,29081.75,QIS30087,VNVSLVKPSFY,46,53.0
52,HLA-A33:01 ,29408.4,QIS30087,KPSFYVYSRVK,52,54.0
35,HLA-A33:01 ,29909.95,QIS30087,ALRLCAYCCNI,35,55.0
6,HLA-A33:01 ,31160.7,QIS30087,EETGTLIVNSV,6,56.0
60,HLA-A33:01 ,34406.76,QIS30087,RVKNLNSSRVP,60,57.0
1,HLA-A33:01 ,35194.61,QIS30087,YSFVSEETGTL,1,58.0
59,HLA-A33:01 ,35420.17,QIS30087,SRVKNLNSSRV,59,59.0
2,HLA-A33:01 ,35870.93,QIS30087,SFVSEETGTLI,2,60.0
3,HLA-A33:01 ,36452.07,QIS30087,FVSEETGTLIV,3,61.0
61,HLA-A33:01 ,36824.36,QIS30087,VKNLNSSRVPD,61,62.0
64,HLA-A33:01 ,40016.27,QIS30087,LNSSRVPDLLV,64,63.0
63,HLA-A33:01 ,40788.98,QIS30087,NLNSSRVPDLL,63,64.0
62,HLA-A33:01 ,43498.61,QIS30087,KNLNSSRVPDL,62,65.0
47,HLA-A68:01 ,2860.42,QIS30087,NVSLVKPSFYV,47,1.0
22,HLA-A68:01 ,4023.96,QIS30087,FVVFLLVTLAI,22,2.0
14,HLA-A68:01 ,4078.16,QIS30087,NSVLLFLAFVV,14,3.0
7,HLA-A68:01 ,4828.45,QIS30087,ETGTLIVNSVL,7,4.0
6,HLA-A68:01 ,4848.39,QIS30087,EETGTLIVNSV,6,5.0
51,HLA-A68:01 ,4935.76,QIS30087,VKPSFYVYSRV,51,6.0
19,HLA-A68:01 ,5035.4,QIS30087,FLAFVVFLLVT,19,7.0
3,HLA-A68:01 ,5110.46,QIS30087,FVSEETGTLIV,3,8.0
17,HLA-A68:01 ,5133.42,QIS30087,LLFLAFVVFLL,17,9.0
23,HLA-A68:01 ,5135.97,QIS30087,VVFLLVTLAIL,23,10.0
20,HLA-A68:01 ,5219.65,QIS30087,LAFVVFLLVTL,20,11.0
18,HLA-A68:01 ,5237.24,QIS30087,LFLAFVVFLLV,18,12.0
11,HLA-A68:01 ,5244.9,QIS30087,LIVNSVLLFLA,11,13.0
10,HLA-A68:01 ,5268.64,QIS30087,TLIVNSVLLFL,10,14.0
56,HLA-A68:01 ,5280.57,QIS30087,YVYSRVKNLNS,56,15.0
28,HLA-A68:01 ,5296.33,QIS30087,VTLAILTALRL,28,16.0
44,HLA-A68:01 ,5325.81,QIS30087,NIVNVSLVKPS,44,17.0
13,HLA-A68:01 ,5334.04,QIS30087,VNSVLLFLAFV,13,18.0
59,HLA-A68:01 ,5364.78,QIS30087,SRVKNLNSSRV,59,19.0
1,HLA-A68:01 ,5384.62,QIS30087,YSFVSEETGTL,1,20.0
21,HLA-A68:01 ,5425.56,QIS30087,AFVVFLLVTLA,21,21.0
38,HLA-A68:01 ,5436.05,QIS30087,LCAYCCNIVNV,38,22.0
15,HLA-A68:01 ,5443.45,QIS30087,SVLLFLAFVVF,15,23.0
16,HLA-A68:01 ,5454.42,QIS30087,VLLFLAFVVFL,16,24.0
0,HLA-A68:01 ,5482.17,QIS30087,MYSFVSEETGT,0,25.0
24,HLA-A68:01 ,5503.82,QIS30087,VFLLVTLAILT,24,26.0
39,HLA-A68:01 ,5528.14,QIS30087,CAYCCNIVNVS,39,27.0
27,HLA-A68:01 ,5538.35,QIS30087,LVTLAILTALR,27,28.0
52,HLA-A68:01 ,5555.92,QIS30087,KPSFYVYSRVK,52,29.0
8,HLA-A68:01 ,5568.58,QIS30087,TGTLIVNSVLL,8,30.0
12,HLA-A68:01 ,5572.79,QIS30087,IVNSVLLFLAF,12,31.0
26,HLA-A68:01 ,5578.72,QIS30087,LLVTLAILTAL,26,32.0
41,HLA-A68:01 ,5581.08,QIS30087,YCCNIVNVSLV,41,33.0
42,HLA-A68:01 ,5582.08,QIS30087,CCNIVNVSLVK,42,34.0
29,HLA-A68:01 ,5612.68,QIS30087,TLAILTALRLC,29,35.0
64,HLA-A68:01 ,5618.1,QIS30087,LNSSRVPDLLV,64,36.0
2,HLA-A68:01 ,5625.24,QIS30087,SFVSEETGTLI,2,37.0
53,HLA-A68:01 ,5640.73,QIS30087,PSFYVYSRVKN,53,38.0
49,HLA-A68:01 ,5645.86,QIS30087,SLVKPSFYVYS,49,39.0
50,HLA-A68:01 ,5648.23,QIS30087,LVKPSFYVYSR,50,40.0
54,HLA-A68:01 ,5650.76,QIS30087,SFYVYSRVKNL,54,41.0
36,HLA-A68:01 ,5656.64,QIS30087,LRLCAYCCNIV,36,42.0
9,HLA-A68:01 ,5659.43,QIS30087,GTLIVNSVLLF,9,43.0
43,HLA-A68:01 ,5662.07,QIS30087,CNIVNVSLVKP,43,44.0
33,HLA-A68:01 ,5675.67,QIS30087,LTALRLCAYCC,33,45.0
55,HLA-A68:01 ,5678.8,QIS30087,FYVYSRVKNLN,55,46.0
63,HLA-A68:01 ,5678.89,QIS30087,NLNSSRVPDLL,63,47.0
37,HLA-A68:01 ,5681.78,QIS30087,RLCAYCCNIVN,37,48.0
40,HLA-A68:01 ,5682.51,QIS30087,AYCCNIVNVSL,40,49.0
58,HLA-A68:01 ,5683.65,QIS30087,YSRVKNLNSSR,58,50.0
48,HLA-A68:01 ,5689.29,QIS30087,VSLVKPSFYVY,48,51.0
4,HLA-A68:01 ,5698.29,QIS30087,VSEETGTLIVN,4,52.0
5,HLA-A68:01 ,5717.97,QIS30087,SEETGTLIVNS,5,53.0
25,HLA-A68:01 ,5721.62,QIS30087,FLLVTLAILTA,25,54.0
45,HLA-A68:01 ,5723.51,QIS30087,IVNVSLVKPSF,45,55.0
35,HLA-A68:01 ,5742.82,QIS30087,ALRLCAYCCNI,35,56.0
30,HLA-A68:01 ,5747.84,QIS30087,LAILTALRLCA,30,57.0
32,HLA-A68:01 ,5760.69,QIS30087,ILTALRLCAYC,32,58.0
57,HLA-A68:01 ,5760.93,QIS30087,VYSRVKNLNSS,57,59.0
46,HLA-A68:01 ,5764.62,QIS30087,VNVSLVKPSFY,46,60.0
61,HLA-A68:01 ,5767.86,QIS30087,VKNLNSSRVPD,61,61.0
60,HLA-A68:01 ,5773.95,QIS30087,RVKNLNSSRVP,60,62.0
62,HLA-A68:01 ,5808.61,QIS30087,KNLNSSRVPDL,62,63.0
34,HLA-A68:01 ,5814.7,QIS30087,TALRLCAYCCN,34,64.0
31,HLA-A68:01 ,5817.6,QIS30087,AILTALRLCAY,31,65.0
5,HLA-B40:01 ,4225.48,QIS30087,SEETGTLIVNS,5,1.0
6,HLA-B40:01 ,6698.58,QIS30087,EETGTLIVNSV,6,2.0
41,HLA-B40:01 ,7016.28,QIS30087,YCCNIVNVSLV,41,3.0
38,HLA-B40:01 ,17879.63,QIS30087,LCAYCCNIVNV,38,4.0
14,HLA-B40:01 ,24054.11,QIS30087,NSVLLFLAFVV,14,5.0
8,HLA-B40:01 ,24241.7,QIS30087,TGTLIVNSVLL,8,6.0
20,HLA-B40:01 ,24830.15,QIS30087,LAFVVFLLVTL,20,7.0
1,HLA-B40:01 ,25001.43,QIS30087,YSFVSEETGTL,1,8.0
23,HLA-B40:01 ,27012.2,QIS30087,VVFLLVTLAIL,23,9.0
40,HLA-B40:01 ,27212.0,QIS30087,AYCCNIVNVSL,40,10.0
4,HLA-B40:01 ,27212.55,QIS30087,VSEETGTLIVN,4,11.0
22,HLA-B40:01 ,28282.48,QIS30087,FVVFLLVTLAI,22,12.0
18,HLA-B40:01 ,28721.44,QIS30087,LFLAFVVFLLV,18,13.0
7,HLA-B40:01 ,30110.45,QIS30087,ETGTLIVNSVL,7,14.0
54,HLA-B40:01 ,31153.06,QIS30087,SFYVYSRVKNL,54,15.0
26,HLA-B40:01 ,31404.15,QIS30087,LLVTLAILTAL,26,16.0
28,HLA-B40:01 ,31555.58,QIS30087,VTLAILTALRL,28,17.0
43,HLA-B40:01 ,31576.9,QIS30087,CNIVNVSLVKP,43,18.0
13,HLA-B40:01 ,32035.08,QIS30087,VNSVLLFLAFV,13,19.0
64,HLA-B40:01 ,32816.84,QIS30087,LNSSRVPDLLV,64,20.0
21,HLA-B40:01 ,33482.14,QIS30087,AFVVFLLVTLA,21,21.0
62,HLA-B40:01 ,34002.16,QIS30087,KNLNSSRVPDL,62,22.0
36,HLA-B40:01 ,34009.39,QIS30087,LRLCAYCCNIV,36,23.0
42,HLA-B40:01 ,34029.41,QIS30087,CCNIVNVSLVK,42,24.0
2,HLA-B40:01 ,34045.23,QIS30087,SFVSEETGTLI,2,25.0
17,HLA-B40:01 ,34140.08,QIS30087,LLFLAFVVFLL,17,26.0
19,HLA-B40:01 ,35288.82,QIS30087,FLAFVVFLLVT,19,27.0
15,HLA-B40:01 ,35312.38,QIS30087,SVLLFLAFVVF,15,28.0
11,HLA-B40:01 ,35447.4,QIS30087,LIVNSVLLFLA,11,29.0
3,HLA-B40:01 ,35496.4,QIS30087,FVSEETGTLIV,3,30.0
10,HLA-B40:01 ,35559.27,QIS30087,TLIVNSVLLFL,10,31.0
47,HLA-B40:01 ,36054.86,QIS30087,NVSLVKPSFYV,47,32.0
16,HLA-B40:01 ,36200.49,QIS30087,VLLFLAFVVFL,16,33.0
59,HLA-B40:01 ,36278.53,QIS30087,SRVKNLNSSRV,59,34.0
63,HLA-B40:01 ,36348.65,QIS30087,NLNSSRVPDLL,63,35.0
51,HLA-B40:01 ,36462.92,QIS30087,VKPSFYVYSRV,51,36.0
9,HLA-B40:01 ,36745.89,QIS30087,GTLIVNSVLLF,9,37.0
29,HLA-B40:01 ,36910.17,QIS30087,TLAILTALRLC,29,38.0
55,HLA-B40:01 ,37008.77,QIS30087,FYVYSRVKNLN,55,39.0
37,HLA-B40:01 ,37053.52,QIS30087,RLCAYCCNIVN,37,40.0
60,HLA-B40:01 ,37206.4,QIS30087,RVKNLNSSRVP,60,41.0
33,HLA-B40:01 ,37325.29,QIS30087,LTALRLCAYCC,33,42.0
35,HLA-B40:01 ,37493.94,QIS30087,ALRLCAYCCNI,35,43.0
50,HLA-B40:01 ,37632.13,QIS30087,LVKPSFYVYSR,50,44.0
32,HLA-B40:01 ,37648.1,QIS30087,ILTALRLCAYC,32,45.0
27,HLA-B40:01 ,37673.61,QIS30087,LVTLAILTALR,27,46.0
53,HLA-B40:01 ,37776.53,QIS30087,PSFYVYSRVKN,53,47.0
48,HLA-B40:01 ,37849.32,QIS30087,VSLVKPSFYVY,48,48.0
12,HLA-B40:01 ,37916.6,QIS30087,IVNSVLLFLAF,12,49.0
44,HLA-B40:01 ,38117.09,QIS30087,NIVNVSLVKPS,44,50.0
52,HLA-B40:01 ,38120.34,QIS30087,KPSFYVYSRVK,52,51.0
45,HLA-B40:01 ,38286.49,QIS30087,IVNVSLVKPSF,45,52.0
34,HLA-B40:01 ,38303.94,QIS30087,TALRLCAYCCN,34,53.0
30,HLA-B40:01 ,38449.69,QIS30087,LAILTALRLCA,30,54.0
39,HLA-B40:01 ,38496.58,QIS30087,CAYCCNIVNVS,39,55.0
24,HLA-B40:01 ,38551.2,QIS30087,VFLLVTLAILT,24,56.0
58,HLA-B40:01 ,38586.43,QIS30087,YSRVKNLNSSR,58,57.0
25,HLA-B40:01 ,38598.15,QIS30087,FLLVTLAILTA,25,58.0
61,HLA-B40:01 ,38938.05,QIS30087,VKNLNSSRVPD,61,59.0
56,HLA-B40:01 ,39298.15,QIS30087,YVYSRVKNLNS,56,60.0
57,HLA-B40:01 ,39377.91,QIS30087,VYSRVKNLNSS,57,61.0
46,HLA-B40:01 ,39498.83,QIS30087,VNVSLVKPSFY,46,62.0
49,HLA-B40:01 ,39817.06,QIS30087,SLVKPSFYVYS,49,63.0
0,HLA-B40:01 ,39828.02,QIS30087,MYSFVSEETGT,0,64.0
31,HLA-B40:01 ,39956.6,QIS30087,AILTALRLCAY,31,65.0
5,HLA-B44:02 ,4852.03,QIS30087,SEETGTLIVNS,5,1.0
6,HLA-B44:02 ,4868.7,QIS30087,EETGTLIVNSV,6,2.0
43,HLA-B44:02 ,4941.42,QIS30087,CNIVNVSLVKP,43,3.0
60,HLA-B44:02 ,4945.07,QIS30087,RVKNLNSSRVP,60,4.0
40,HLA-B44:02 ,4961.37,QIS30087,AYCCNIVNVSL,40,5.0
8,HLA-B44:02 ,4961.57,QIS30087,TGTLIVNSVLL,8,6.0
20,HLA-B44:02 ,4961.86,QIS30087,LAFVVFLLVTL,20,7.0
17,HLA-B44:02 ,4962.48,QIS30087,LLFLAFVVFLL,17,8.0
1,HLA-B44:02 ,4962.67,QIS30087,YSFVSEETGTL,1,9.0
23,HLA-B44:02 ,4962.72,QIS30087,VVFLLVTLAIL,23,10.0
7,HLA-B44:02 ,4964.18,QIS30087,ETGTLIVNSVL,7,11.0
63,HLA-B44:02 ,4964.23,QIS30087,NLNSSRVPDLL,63,12.0
26,HLA-B44:02 ,4964.31,QIS30087,LLVTLAILTAL,26,13.0
54,HLA-B44:02 ,4964.59,QIS30087,SFYVYSRVKNL,54,14.0
16,HLA-B44:02 ,4965.01,QIS30087,VLLFLAFVVFL,16,15.0
10,HLA-B44:02 ,4965.33,QIS30087,TLIVNSVLLFL,10,16.0
28,HLA-B44:02 ,4966.3,QIS30087,VTLAILTALRL,28,17.0
62,HLA-B44:02 ,4966.66,QIS30087,KNLNSSRVPDL,62,18.0
2,HLA-B44:02 ,4967.55,QIS30087,SFVSEETGTLI,2,19.0
22,HLA-B44:02 ,4968.53,QIS30087,FVVFLLVTLAI,22,20.0
35,HLA-B44:02 ,4970.38,QIS30087,ALRLCAYCCNI,35,21.0
46,HLA-B44:02 ,4973.78,QIS30087,VNVSLVKPSFY,46,22.0
9,HLA-B44:02 ,4974.04,QIS30087,GTLIVNSVLLF,9,23.0
21,HLA-B44:02 ,4974.6,QIS30087,AFVVFLLVTLA,21,24.0
11,HLA-B44:02 ,4974.81,QIS30087,LIVNSVLLFLA,11,25.0
25,HLA-B44:02 ,4975.5,QIS30087,FLLVTLAILTA,25,26.0
50,HLA-B44:02 ,4976.27,QIS30087,LVKPSFYVYSR,50,27.0
48,HLA-B44:02 ,4976.44,QIS30087,VSLVKPSFYVY,48,28.0
27,HLA-B44:02 ,4977.34,QIS30087,LVTLAILTALR,27,29.0
58,HLA-B44:02 ,4977.42,QIS30087,YSRVKNLNSSR,58,30.0
45,HLA-B44:02 ,4977.65,QIS30087,IVNVSLVKPSF,45,31.0
15,HLA-B44:02 ,4978.09,QIS30087,SVLLFLAFVVF,15,32.0
12,HLA-B44:02 ,4979.4,QIS30087,IVNSVLLFLAF,12,33.0
30,HLA-B44:02 ,4980.06,QIS30087,LAILTALRLCA,30,34.0
31,HLA-B44:02 ,4980.77,QIS30087,AILTALRLCAY,31,35.0
29,HLA-B44:02 ,4983.03,QIS30087,TLAILTALRLC,29,36.0
32,HLA-B44:02 ,4983.64,QIS30087,ILTALRLCAYC,32,37.0
33,HLA-B44:02 ,4984.7,QIS30087,LTALRLCAYCC,33,38.0
42,HLA-B44:02 ,4984.74,QIS30087,CCNIVNVSLVK,42,39.0
3,HLA-B44:02 ,4985.83,QIS30087,FVSEETGTLIV,3,40.0
4,HLA-B44:02 ,4985.94,QIS30087,VSEETGTLIVN,4,41.0
18,HLA-B44:02 ,4986.11,QIS30087,LFLAFVVFLLV,18,42.0
52,HLA-B44:02 ,4986.22,QIS30087,KPSFYVYSRVK,52,43.0
41,HLA-B44:02 ,4986.34,QIS30087,YCCNIVNVSLV,41,44.0
49,HLA-B44:02 ,4986.47,QIS30087,SLVKPSFYVYS,49,45.0
14,HLA-B44:02 ,4986.49,QIS30087,NSVLLFLAFVV,14,46.0
38,HLA-B44:02 ,4986.51,QIS30087,LCAYCCNIVNV,38,47.0
64,HLA-B44:02 ,4986.65,QIS30087,LNSSRVPDLLV,64,48.0
13,HLA-B44:02 ,4986.81,QIS30087,VNSVLLFLAFV,13,49.0
47,HLA-B44:02 ,4986.95,QIS30087,NVSLVKPSFYV,47,50.0
51,HLA-B44:02 ,4987.43,QIS30087,VKPSFYVYSRV,51,51.0
24,HLA-B44:02 ,4987.72,QIS30087,VFLLVTLAILT,24,52.0
57,HLA-B44:02 ,4987.84,QIS30087,VYSRVKNLNSS,57,53.0
53,HLA-B44:02 ,4987.89,QIS30087,PSFYVYSRVKN,53,54.0
59,HLA-B44:02 ,4988.22,QIS30087,SRVKNLNSSRV,59,55.0
44,HLA-B44:02 ,4988.39,QIS30087,NIVNVSLVKPS,44,56.0
36,HLA-B44:02 ,4988.55,QIS30087,LRLCAYCCNIV,36,57.0
55,HLA-B44:02 ,4988.7,QIS30087,FYVYSRVKNLN,55,58.0
37,HLA-B44:02 ,4989.41,QIS30087,RLCAYCCNIVN,37,59.0
56,HLA-B44:02 ,4990.18,QIS30087,YVYSRVKNLNS,56,60.0
39,HLA-B44:02 ,4990.19,QIS30087,CAYCCNIVNVS,39,61.0
19,HLA-B44:02 ,4990.86,QIS30087,FLAFVVFLLVT,19,62.0
34,HLA-B44:02 ,4991.22,QIS30087,TALRLCAYCCN,34,63.0
0,HLA-B44:02 ,4992.24,QIS30087,MYSFVSEETGT,0,64.0
61,HLA-B44:02 ,4997.65,QIS30087,VKNLNSSRVPD,61,65.0
6,HLA-B44:03,2983.38,QIS30087,EETGTLIVNSV,6,1.0
5,HLA-B44:03,4359.02,QIS30087,SEETGTLIVNS,5,2.0
14,HLA-B44:03,5872.7,QIS30087,NSVLLFLAFVV,14,3.0
15,HLA-B44:03,5880.55,QIS30087,SVLLFLAFVVF,15,4.0
48,HLA-B44:03,5961.36,QIS30087,VSLVKPSFYVY,48,5.0
47,HLA-B44:03,5990.1,QIS30087,NVSLVKPSFYV,47,6.0
20,HLA-B44:03,6006.24,QIS30087,LAFVVFLLVTL,20,7.0
22,HLA-B44:03,6008.91,QIS30087,FVVFLLVTLAI,22,8.0
13,HLA-B44:03,6013.24,QIS30087,VNSVLLFLAFV,13,9.0
19,HLA-B44:03,6014.84,QIS30087,FLAFVVFLLVT,19,10.0
21,HLA-B44:03,6015.53,QIS30087,AFVVFLLVTLA,21,11.0
18,HLA-B44:03,6024.27,QIS30087,LFLAFVVFLLV,18,12.0
54,HLA-B44:03,6025.59,QIS30087,SFYVYSRVKNL,54,13.0
53,HLA-B44:03,6029.81,QIS30087,PSFYVYSRVKN,53,14.0
25,HLA-B44:03,6032.94,QIS30087,FLLVTLAILTA,25,15.0
3,HLA-B44:03,6039.88,QIS30087,FVSEETGTLIV,3,16.0
44,HLA-B44:03,6041.62,QIS30087,NIVNVSLVKPS,44,17.0
43,HLA-B44:03,6044.76,QIS30087,CNIVNVSLVKP,43,18.0
38,HLA-B44:03,6045.37,QIS30087,LCAYCCNIVNV,38,19.0
31,HLA-B44:03,6049.3,QIS30087,AILTALRLCAY,31,20.0
36,HLA-B44:03,6052.66,QIS30087,LRLCAYCCNIV,36,21.0
45,HLA-B44:03,6053.98,QIS30087,IVNVSLVKPSF,45,22.0
1,HLA-B44:03,6057.59,QIS30087,YSFVSEETGTL,1,23.0
37,HLA-B44:03,6057.73,QIS30087,RLCAYCCNIVN,37,24.0
41,HLA-B44:03,6063.38,QIS30087,YCCNIVNVSLV,41,25.0
17,HLA-B44:03,6064.21,QIS30087,LLFLAFVVFLL,17,26.0
7,HLA-B44:03,6066.8,QIS30087,ETGTLIVNSVL,7,27.0
12,HLA-B44:03,6068.29,QIS30087,IVNSVLLFLAF,12,28.0
28,HLA-B44:03,6068.43,QIS30087,VTLAILTALRL,28,29.0
10,HLA-B44:03,6068.69,QIS30087,TLIVNSVLLFL,10,30.0
30,HLA-B44:03,6069.32,QIS30087,LAILTALRLCA,30,31.0
46,HLA-B44:03,6070.65,QIS30087,VNVSLVKPSFY,46,32.0
23,HLA-B44:03,6070.75,QIS30087,VVFLLVTLAIL,23,33.0
11,HLA-B44:03,6070.98,QIS30087,LIVNSVLLFLA,11,34.0
42,HLA-B44:03,6071.97,QIS30087,CCNIVNVSLVK,42,35.0
51,HLA-B44:03,6073.12,QIS30087,VKPSFYVYSRV,51,36.0
27,HLA-B44:03,6076.47,QIS30087,LVTLAILTALR,27,37.0
8,HLA-B44:03,6076.51,QIS30087,TGTLIVNSVLL,8,38.0
64,HLA-B44:03,6076.9,QIS30087,LNSSRVPDLLV,64,39.0
59,HLA-B44:03,6080.4,QIS30087,SRVKNLNSSRV,59,40.0
16,HLA-B44:03,6082.09,QIS30087,VLLFLAFVVFL,16,41.0
40,HLA-B44:03,6083.87,QIS30087,AYCCNIVNVSL,40,42.0
35,HLA-B44:03,6084.38,QIS30087,ALRLCAYCCNI,35,43.0
26,HLA-B44:03,6084.63,QIS30087,LLVTLAILTAL,26,44.0
62,HLA-B44:03,6085.76,QIS30087,KNLNSSRVPDL,62,45.0
50,HLA-B44:03,6086.35,QIS30087,LVKPSFYVYSR,50,46.0
9,HLA-B44:03,6086.97,QIS30087,GTLIVNSVLLF,9,47.0
61,HLA-B44:03,6091.65,QIS30087,VKNLNSSRVPD,61,48.0
63,HLA-B44:03,6091.9,QIS30087,NLNSSRVPDLL,63,49.0
39,HLA-B44:03,6093.91,QIS30087,CAYCCNIVNVS,39,50.0
0,HLA-B44:03,6095.18,QIS30087,MYSFVSEETGT,0,51.0
56,HLA-B44:03,6099.85,QIS30087,YVYSRVKNLNS,56,52.0
55,HLA-B44:03,6102.34,QIS30087,FYVYSRVKNLN,55,53.0
60,HLA-B44:03,6103.03,QIS30087,RVKNLNSSRVP,60,54.0
29,HLA-B44:03,6107.93,QIS30087,TLAILTALRLC,29,55.0
2,HLA-B44:03,6108.69,QIS30087,SFVSEETGTLI,2,56.0
32,HLA-B44:03,6110.05,QIS30087,ILTALRLCAYC,32,57.0
52,HLA-B44:03,6110.55,QIS30087,KPSFYVYSRVK,52,58.0
24,HLA-B44:03,6111.73,QIS30087,VFLLVTLAILT,24,59.0
58,HLA-B44:03,6116.16,QIS30087,YSRVKNLNSSR,58,60.0
4,HLA-B44:03,6121.22,QIS30087,VSEETGTLIVN,4,61.0
34,HLA-B44:03,6126.04,QIS30087,TALRLCAYCCN,34,62.0
49,HLA-B44:03,6127.6,QIS30087,SLVKPSFYVYS,49,63.0
33,HLA-B44:03,6147.2,QIS30087,LTALRLCAYCC,33,64.0
57,HLA-B44:03,6147.2,QIS30087,VYSRVKNLNSS,57,64.0
9,HLA-B57:01,1661.71,QIS30087,GTLIVNSVLLF,9,1.0
28,HLA-B57:01,4385.26,QIS30087,VTLAILTALRL,28,2.0
48,HLA-B57:01,4698.53,QIS30087,VSLVKPSFYVY,48,3.0
15,HLA-B57:01,5248.07,QIS30087,SVLLFLAFVVF,15,4.0
12,HLA-B57:01,5342.7,QIS30087,IVNSVLLFLAF,12,5.0
20,HLA-B57:01,5509.15,QIS30087,LAFVVFLLVTL,20,6.0
45,HLA-B57:01,5585.86,QIS30087,IVNVSLVKPSF,45,7.0
27,HLA-B57:01,5620.6,QIS30087,LVTLAILTALR,27,8.0
50,HLA-B57:01,5678.87,QIS30087,LVKPSFYVYSR,50,9.0
1,HLA-B57:01,5706.13,QIS30087,YSFVSEETGTL,1,10.0
58,HLA-B57:01,5747.93,QIS30087,YSRVKNLNSSR,58,11.0
60,HLA-B57:01,5789.48,QIS30087,RVKNLNSSRVP,60,12.0
42,HLA-B57:01,5858.08,QIS30087,CCNIVNVSLVK,42,13.0
52,HLA-B57:01,5881.64,QIS30087,KPSFYVYSRVK,52,14.0
25,HLA-B57:01,5933.34,QIS30087,FLLVTLAILTA,25,15.0
31,HLA-B57:01,5934.19,QIS30087,AILTALRLCAY,31,16.0
23,HLA-B57:01,5939.51,QIS30087,VVFLLVTLAIL,23,17.0
19,HLA-B57:01,5943.07,QIS30087,FLAFVVFLLVT,19,18.0
14,HLA-B57:01,5960.79,QIS30087,NSVLLFLAFVV,14,19.0
24,HLA-B57:01,5982.31,QIS30087,VFLLVTLAILT,24,20.0
4,HLA-B57:01,5984.44,QIS30087,VSEETGTLIVN,4,21.0
0,HLA-B57:01,5984.58,QIS30087,MYSFVSEETGT,0,22.0
7,HLA-B57:01,5988.07,QIS30087,ETGTLIVNSVL,7,23.0
26,HLA-B57:01,5988.85,QIS30087,LLVTLAILTAL,26,24.0
8,HLA-B57:01,5990.13,QIS30087,TGTLIVNSVLL,8,25.0
54,HLA-B57:01,5994.51,QIS30087,SFYVYSRVKNL,54,26.0
56,HLA-B57:01,5995.15,QIS30087,YVYSRVKNLNS,56,27.0
11,HLA-B57:01,6001.47,QIS30087,LIVNSVLLFLA,11,28.0
61,HLA-B57:01,6006.31,QIS30087,VKNLNSSRVPD,61,29.0
22,HLA-B57:01,6006.41,QIS30087,FVVFLLVTLAI,22,30.0
44,HLA-B57:01,6008.62,QIS30087,NIVNVSLVKPS,44,31.0
10,HLA-B57:01,6010.77,QIS30087,TLIVNSVLLFL,10,32.0
51,HLA-B57:01,6011.43,QIS30087,VKPSFYVYSRV,51,33.0
33,HLA-B57:01,6012.45,QIS30087,LTALRLCAYCC,33,34.0
40,HLA-B57:01,6017.1,QIS30087,AYCCNIVNVSL,40,35.0
39,HLA-B57:01,6017.81,QIS30087,CAYCCNIVNVS,39,36.0
5,HLA-B57:01,6017.95,QIS30087,SEETGTLIVNS,5,37.0
30,HLA-B57:01,6018.28,QIS30087,LAILTALRLCA,30,38.0
53,HLA-B57:01,6025.58,QIS30087,PSFYVYSRVKN,53,39.0
21,HLA-B57:01,6028.65,QIS30087,AFVVFLLVTLA,21,40.0
59,HLA-B57:01,6029.23,QIS30087,SRVKNLNSSRV,59,41.0
2,HLA-B57:01,6031.54,QIS30087,SFVSEETGTLI,2,42.0
62,HLA-B57:01,6032.25,QIS30087,KNLNSSRVPDL,62,43.0
17,HLA-B57:01,6036.48,QIS30087,LLFLAFVVFLL,17,44.0
46,HLA-B57:01,6037.73,QIS30087,VNVSLVKPSFY,46,45.0
38,HLA-B57:01,6039.73,QIS30087,LCAYCCNIVNV,38,46.0
6,HLA-B57:01,6040.2,QIS30087,EETGTLIVNSV,6,47.0
64,HLA-B57:01,6040.3,QIS30087,LNSSRVPDLLV,64,48.0
16,HLA-B57:01,6040.39,QIS30087,VLLFLAFVVFL,16,49.0
29,HLA-B57:01,6042.39,QIS30087,TLAILTALRLC,29,50.0
57,HLA-B57:01,6042.56,QIS30087,VYSRVKNLNSS,57,51.0
47,HLA-B57:01,6043.48,QIS30087,NVSLVKPSFYV,47,52.0
37,HLA-B57:01,6043.55,QIS30087,RLCAYCCNIVN,37,53.0
13,HLA-B57:01,6046.67,QIS30087,VNSVLLFLAFV,13,54.0
63,HLA-B57:01,6047.8,QIS30087,NLNSSRVPDLL,63,55.0
35,HLA-B57:01,6057.61,QIS30087,ALRLCAYCCNI,35,56.0
49,HLA-B57:01,6064.4,QIS30087,SLVKPSFYVYS,49,57.0
36,HLA-B57:01,6066.03,QIS30087,LRLCAYCCNIV,36,58.0
18,HLA-B57:01,6066.62,QIS30087,LFLAFVVFLLV,18,59.0
41,HLA-B57:01,6066.89,QIS30087,YCCNIVNVSLV,41,60.0
3,HLA-B57:01,6069.4,QIS30087,FVSEETGTLIV,3,61.0
34,HLA-B57:01,6069.97,QIS30087,TALRLCAYCCN,34,62.0
32,HLA-B57:01,6075.25,QIS30087,ILTALRLCAYC,32,63.0
43,HLA-B57:01,6078.46,QIS30087,CNIVNVSLVKP,43,64.0
55,HLA-B57:01,6085.66,QIS30087,FYVYSRVKNLN,55,65.0
1,HLA-B58:01,573.61,QIS30087,YSFVSEETGTL,1,1.0
48,HLA-B58:01,626.68,QIS30087,VSLVKPSFYVY,48,2.0
12,HLA-B58:01,1069.25,QIS30087,IVNSVLLFLAF,12,3.0
28,HLA-B58:01,1182.25,QIS30087,VTLAILTALRL,28,4.0
9,HLA-B58:01,1252.84,QIS30087,GTLIVNSVLLF,9,5.0
33,HLA-B58:01,2177.9,QIS30087,LTALRLCAYCC,33,6.0
34,HLA-B58:01,6490.32,QIS30087,TALRLCAYCCN,34,7.0
32,HLA-B58:01,8615.8,QIS30087,ILTALRLCAYC,32,8.0
30,HLA-B58:01,9330.61,QIS30087,LAILTALRLCA,30,9.0
64,HLA-B58:01,10370.63,QIS30087,LNSSRVPDLLV,64,10.0
20,HLA-B58:01,11756.76,QIS30087,LAFVVFLLVTL,20,11.0
15,HLA-B58:01,12400.37,QIS30087,SVLLFLAFVVF,15,12.0
39,HLA-B58:01,12653.29,QIS30087,CAYCCNIVNVS,39,13.0
23,HLA-B58:01,13113.67,QIS30087,VVFLLVTLAIL,23,14.0
2,HLA-B58:01,13544.83,QIS30087,SFVSEETGTLI,2,15.0
58,HLA-B58:01,14949.2,QIS30087,YSRVKNLNSSR,58,16.0
24,HLA-B58:01,15215.31,QIS30087,VFLLVTLAILT,24,17.0
56,HLA-B58:01,15231.07,QIS30087,YVYSRVKNLNS,56,18.0
31,HLA-B58:01,15723.87,QIS30087,AILTALRLCAY,31,19.0
3,HLA-B58:01,15968.79,QIS30087,FVSEETGTLIV,3,20.0
45,HLA-B58:01,16392.34,QIS30087,IVNVSLVKPSF,45,21.0
8,HLA-B58:01,18373.24,QIS30087,TGTLIVNSVLL,8,22.0
19,HLA-B58:01,19347.01,QIS30087,FLAFVVFLLVT,19,23.0
4,HLA-B58:01,19543.49,QIS30087,VSEETGTLIVN,4,24.0
53,HLA-B58:01,19614.28,QIS30087,PSFYVYSRVKN,53,25.0
22,HLA-B58:01,19721.19,QIS30087,FVVFLLVTLAI,22,26.0
10,HLA-B58:01,21449.8,QIS30087,TLIVNSVLLFL,10,27.0
25,HLA-B58:01,23225.6,QIS30087,FLLVTLAILTA,25,28.0
21,HLA-B58:01,23318.21,QIS30087,AFVVFLLVTLA,21,29.0
11,HLA-B58:01,23597.29,QIS30087,LIVNSVLLFLA,11,30.0
14,HLA-B58:01,23932.14,QIS30087,NSVLLFLAFVV,14,31.0
29,HLA-B58:01,24733.35,QIS30087,TLAILTALRLC,29,32.0
17,HLA-B58:01,25284.08,QIS30087,LLFLAFVVFLL,17,33.0
37,HLA-B58:01,25654.2,QIS30087,RLCAYCCNIVN,37,34.0
47,HLA-B58:01,25908.89,QIS30087,NVSLVKPSFYV,47,35.0
18,HLA-B58:01,26593.64,QIS30087,LFLAFVVFLLV,18,36.0
16,HLA-B58:01,26607.41,QIS30087,VLLFLAFVVFL,16,37.0
27,HLA-B58:01,28670.62,QIS30087,LVTLAILTALR,27,38.0
13,HLA-B58:01,29310.23,QIS30087,VNSVLLFLAFV,13,39.0
7,HLA-B58:01,29411.43,QIS30087,ETGTLIVNSVL,7,40.0
54,HLA-B58:01,30053.95,QIS30087,SFYVYSRVKNL,54,41.0
26,HLA-B58:01,30179.81,QIS30087,LLVTLAILTAL,26,42.0
35,HLA-B58:01,30743.51,QIS30087,ALRLCAYCCNI,35,43.0
41,HLA-B58:01,30940.1,QIS30087,YCCNIVNVSLV,41,44.0
0,HLA-B58:01,30994.61,QIS30087,MYSFVSEETGT,0,45.0
43,HLA-B58:01,31449.35,QIS30087,CNIVNVSLVKP,43,46.0
60,HLA-B58:01,31724.0,QIS30087,RVKNLNSSRVP,60,47.0
38,HLA-B58:01,32300.2,QIS30087,LCAYCCNIVNV,38,48.0
46,HLA-B58:01,32883.39,QIS30087,VNVSLVKPSFY,46,49.0
63,HLA-B58:01,33983.37,QIS30087,NLNSSRVPDLL,63,50.0
40,HLA-B58:01,34035.54,QIS30087,AYCCNIVNVSL,40,51.0
44,HLA-B58:01,34081.21,QIS30087,NIVNVSLVKPS,44,52.0
55,HLA-B58:01,34497.59,QIS30087,FYVYSRVKNLN,55,53.0
49,HLA-B58:01,34663.84,QIS30087,SLVKPSFYVYS,49,54.0
36,HLA-B58:01,35148.88,QIS30087,LRLCAYCCNIV,36,55.0
62,HLA-B58:01,35497.76,QIS30087,KNLNSSRVPDL,62,56.0
6,HLA-B58:01,35781.84,QIS30087,EETGTLIVNSV,6,57.0
50,HLA-B58:01,35938.62,QIS30087,LVKPSFYVYSR,50,58.0
5,HLA-B58:01,35961.65,QIS30087,SEETGTLIVNS,5,59.0
51,HLA-B58:01,36622.29,QIS30087,VKPSFYVYSRV,51,60.0
42,HLA-B58:01,36987.54,QIS30087,CCNIVNVSLVK,42,61.0
61,HLA-B58:01,37322.54,QIS30087,VKNLNSSRVPD,61,62.0
59,HLA-B58:01,37543.43,QIS30087,SRVKNLNSSRV,59,63.0
57,HLA-B58:01,37907.97,QIS30087,VYSRVKNLNSS,57,64.0
52,HLA-B58:01,39168.74,QIS30087,KPSFYVYSRVK,52,65.0
12,HLA-B15:01,12.88,QIS30087,IVNSVLLFLAF,12,1.0
15,HLA-B15:01,37.48,QIS30087,SVLLFLAFVVF,15,2.0
31,HLA-B15:01,42.09,QIS30087,AILTALRLCAY,31,3.0
9,HLA-B15:01,118.88,QIS30087,GTLIVNSVLLF,9,4.0
45,HLA-B15:01,142.54,QIS30087,IVNVSLVKPSF,45,5.0
1,HLA-B15:01,356.87,QIS30087,YSFVSEETGTL,1,6.0
46,HLA-B15:01,494.29,QIS30087,VNVSLVKPSFY,46,7.0
48,HLA-B15:01,518.47,QIS30087,VSLVKPSFYVY,48,8.0
25,HLA-B15:01,561.99,QIS30087,FLLVTLAILTA,25,9.0
10,HLA-B15:01,673.38,QIS30087,TLIVNSVLLFL,10,10.0
26,HLA-B15:01,720.2,QIS30087,LLVTLAILTAL,26,11.0
3,HLA-B15:01,1002.79,QIS30087,FVSEETGTLIV,3,12.0
22,HLA-B15:01,1897.6,QIS30087,FVVFLLVTLAI,22,13.0
20,HLA-B15:01,2591.1,QIS30087,LAFVVFLLVTL,20,14.0
60,HLA-B15:01,2759.0,QIS30087,RVKNLNSSRVP,60,15.0
23,HLA-B15:01,2886.63,QIS30087,VVFLLVTLAIL,23,16.0
37,HLA-B15:01,3108.29,QIS30087,RLCAYCCNIVN,37,17.0
19,HLA-B15:01,3124.2,QIS30087,FLAFVVFLLVT,19,18.0
16,HLA-B15:01,3463.72,QIS30087,VLLFLAFVVFL,16,19.0
17,HLA-B15:01,3713.12,QIS30087,LLFLAFVVFLL,17,20.0
56,HLA-B15:01,4465.34,QIS30087,YVYSRVKNLNS,56,21.0
11,HLA-B15:01,6364.54,QIS30087,LIVNSVLLFLA,11,22.0
30,HLA-B15:01,9748.17,QIS30087,LAILTALRLCA,30,23.0
35,HLA-B15:01,9854.63,QIS30087,ALRLCAYCCNI,35,24.0
39,HLA-B15:01,10056.13,QIS30087,CAYCCNIVNVS,39,25.0
49,HLA-B15:01,10778.09,QIS30087,SLVKPSFYVYS,49,26.0
58,HLA-B15:01,11038.04,QIS30087,YSRVKNLNSSR,58,27.0
32,HLA-B15:01,11805.39,QIS30087,ILTALRLCAYC,32,28.0
14,HLA-B15:01,13891.56,QIS30087,NSVLLFLAFVV,14,29.0
44,HLA-B15:01,15014.76,QIS30087,NIVNVSLVKPS,44,30.0
8,HLA-B15:01,15119.93,QIS30087,TGTLIVNSVLL,8,31.0
2,HLA-B15:01,16272.76,QIS30087,SFVSEETGTLI,2,32.0
24,HLA-B15:01,16603.35,QIS30087,VFLLVTLAILT,24,33.0
21,HLA-B15:01,17316.38,QIS30087,AFVVFLLVTLA,21,34.0
50,HLA-B15:01,17457.44,QIS30087,LVKPSFYVYSR,50,35.0
13,HLA-B15:01,17787.55,QIS30087,VNSVLLFLAFV,13,36.0
7,HLA-B15:01,18222.28,QIS30087,ETGTLIVNSVL,7,37.0
18,HLA-B15:01,18424.47,QIS30087,LFLAFVVFLLV,18,38.0
47,HLA-B15:01,18678.59,QIS30087,NVSLVKPSFYV,47,39.0
27,HLA-B15:01,19170.56,QIS30087,LVTLAILTALR,27,40.0
28,HLA-B15:01,20131.87,QIS30087,VTLAILTALRL,28,41.0
43,HLA-B15:01,21601.1,QIS30087,CNIVNVSLVKP,43,42.0
63,HLA-B15:01,21613.03,QIS30087,NLNSSRVPDLL,63,43.0
29,HLA-B15:01,21641.75,QIS30087,TLAILTALRLC,29,44.0
40,HLA-B15:01,22213.78,QIS30087,AYCCNIVNVSL,40,45.0
41,HLA-B15:01,22501.64,QIS30087,YCCNIVNVSLV,41,46.0
33,HLA-B15:01,22827.88,QIS30087,LTALRLCAYCC,33,47.0
62,HLA-B15:01,24179.5,QIS30087,KNLNSSRVPDL,62,48.0
57,HLA-B15:01,24710.59,QIS30087,VYSRVKNLNSS,57,49.0
54,HLA-B15:01,24728.18,QIS30087,SFYVYSRVKNL,54,50.0
34,HLA-B15:01,25562.31,QIS30087,TALRLCAYCCN,34,51.0
36,HLA-B15:01,26073.32,QIS30087,LRLCAYCCNIV,36,52.0
38,HLA-B15:01,26140.45,QIS30087,LCAYCCNIVNV,38,53.0
4,HLA-B15:01,27662.49,QIS30087,VSEETGTLIVN,4,54.0
6,HLA-B15:01,27905.34,QIS30087,EETGTLIVNSV,6,55.0
51,HLA-B15:01,29089.92,QIS30087,VKPSFYVYSRV,51,56.0
55,HLA-B15:01,29844.19,QIS30087,FYVYSRVKNLN,55,57.0
64,HLA-B15:01,29924.3,QIS30087,LNSSRVPDLLV,64,58.0
0,HLA-B15:01,30340.8,QIS30087,MYSFVSEETGT,0,59.0
59,HLA-B15:01,30491.97,QIS30087,SRVKNLNSSRV,59,60.0
5,HLA-B15:01,31823.97,QIS30087,SEETGTLIVNS,5,61.0
53,HLA-B15:01,32070.45,QIS30087,PSFYVYSRVKN,53,62.0
61,HLA-B15:01,32205.79,QIS30087,VKNLNSSRVPD,61,63.0
42,HLA-B15:01,33627.13,QIS30087,CCNIVNVSLVK,42,64.0
52,HLA-B15:01,33786.15,QIS30087,KPSFYVYSRVK,52,65.0
12,HLA-B07:02,709.52,QIS30087,IVNSVLLFLAF,12,1.0
26,HLA-B07:02,2975.15,QIS30087,LLVTLAILTAL,26,2.0
22,HLA-B07:02,3152.8,QIS30087,FVVFLLVTLAI,22,3.0
45,HLA-B07:02,3211.42,QIS30087,IVNVSLVKPSF,45,4.0
52,HLA-B07:02,4601.46,QIS30087,KPSFYVYSRVK,52,5.0
3,HLA-B07:02,7565.62,QIS30087,FVSEETGTLIV,3,6.0
51,HLA-B07:02,8414.05,QIS30087,VKPSFYVYSRV,51,7.0
30,HLA-B07:02,8764.47,QIS30087,LAILTALRLCA,30,8.0
62,HLA-B07:02,10522.95,QIS30087,KNLNSSRVPDL,62,9.0
28,HLA-B07:02,10885.84,QIS30087,VTLAILTALRL,28,10.0
56,HLA-B07:02,12462.05,QIS30087,YVYSRVKNLNS,56,11.0
60,HLA-B07:02,13382.84,QIS30087,RVKNLNSSRVP,60,12.0
32,HLA-B07:02,14616.02,QIS30087,ILTALRLCAYC,32,13.0
63,HLA-B07:02,14638.37,QIS30087,NLNSSRVPDLL,63,14.0
15,HLA-B07:02,15204.98,QIS30087,SVLLFLAFVVF,15,15.0
33,HLA-B07:02,15729.17,QIS30087,LTALRLCAYCC,33,16.0
38,HLA-B07:02,15862.82,QIS30087,LCAYCCNIVNV,38,17.0
35,HLA-B07:02,16626.99,QIS30087,ALRLCAYCCNI,35,18.0
64,HLA-B07:02,16659.29,QIS30087,LNSSRVPDLLV,64,19.0
20,HLA-B07:02,16971.36,QIS30087,LAFVVFLLVTL,20,20.0
25,HLA-B07:02,17134.37,QIS30087,FLLVTLAILTA,25,21.0
27,HLA-B07:02,17631.59,QIS30087,LVTLAILTALR,27,22.0
36,HLA-B07:02,20368.79,QIS30087,LRLCAYCCNIV,36,23.0
10,HLA-B07:02,20664.44,QIS30087,TLIVNSVLLFL,10,24.0
61,HLA-B07:02,22804.25,QIS30087,VKNLNSSRVPD,61,25.0
59,HLA-B07:02,23299.04,QIS30087,SRVKNLNSSRV,59,26.0
47,HLA-B07:02,23316.64,QIS30087,NVSLVKPSFYV,47,27.0
23,HLA-B07:02,23590.56,QIS30087,VVFLLVTLAIL,23,28.0
16,HLA-B07:02,24247.84,QIS30087,VLLFLAFVVFL,16,29.0
58,HLA-B07:02,25097.54,QIS30087,YSRVKNLNSSR,58,30.0
19,HLA-B07:02,25121.36,QIS30087,FLAFVVFLLVT,19,31.0
7,HLA-B07:02,25521.84,QIS30087,ETGTLIVNSVL,7,32.0
40,HLA-B07:02,25529.86,QIS30087,AYCCNIVNVSL,40,33.0
54,HLA-B07:02,25960.31,QIS30087,SFYVYSRVKNL,54,34.0
31,HLA-B07:02,25987.46,QIS30087,AILTALRLCAY,31,35.0
9,HLA-B07:02,26398.7,QIS30087,GTLIVNSVLLF,9,36.0
50,HLA-B07:02,27067.81,QIS30087,LVKPSFYVYSR,50,37.0
29,HLA-B07:02,27413.17,QIS30087,TLAILTALRLC,29,38.0
8,HLA-B07:02,27578.78,QIS30087,TGTLIVNSVLL,8,39.0
1,HLA-B07:02,27839.06,QIS30087,YSFVSEETGTL,1,40.0
11,HLA-B07:02,28255.7,QIS30087,LIVNSVLLFLA,11,41.0
37,HLA-B07:02,28518.91,QIS30087,RLCAYCCNIVN,37,42.0
13,HLA-B07:02,28530.8,QIS30087,VNSVLLFLAFV,13,43.0
6,HLA-B07:02,28607.17,QIS30087,EETGTLIVNSV,6,44.0
41,HLA-B07:02,29140.08,QIS30087,YCCNIVNVSLV,41,45.0
17,HLA-B07:02,29241.45,QIS30087,LLFLAFVVFLL,17,46.0
57,HLA-B07:02,29860.78,QIS30087,VYSRVKNLNSS,57,47.0
34,HLA-B07:02,31059.61,QIS30087,TALRLCAYCCN,34,48.0
44,HLA-B07:02,31187.58,QIS30087,NIVNVSLVKPS,44,49.0
2,HLA-B07:02,31767.87,QIS30087,SFVSEETGTLI,2,50.0
0,HLA-B07:02,32158.12,QIS30087,MYSFVSEETGT,0,51.0
24,HLA-B07:02,32928.11,QIS30087,VFLLVTLAILT,24,52.0
55,HLA-B07:02,33351.67,QIS30087,FYVYSRVKNLN,55,53.0
39,HLA-B07:02,33486.64,QIS30087,CAYCCNIVNVS,39,54.0
4,HLA-B07:02,33615.65,QIS30087,VSEETGTLIVN,4,55.0
21,HLA-B07:02,33731.43,QIS30087,AFVVFLLVTLA,21,56.0
18,HLA-B07:02,33915.1,QIS30087,LFLAFVVFLLV,18,57.0
14,HLA-B07:02,34426.43,QIS30087,NSVLLFLAFVV,14,58.0
53,HLA-B07:02,34610.92,QIS30087,PSFYVYSRVKN,53,59.0
42,HLA-B07:02,34960.79,QIS30087,CCNIVNVSLVK,42,60.0
49,HLA-B07:02,35170.54,QIS30087,SLVKPSFYVYS,49,61.0
43,HLA-B07:02,35339.02,QIS30087,CNIVNVSLVKP,43,62.0
5,HLA-B07:02,36593.59,QIS30087,SEETGTLIVNS,5,63.0
46,HLA-B07:02,36818.88,QIS30087,VNVSLVKPSFY,46,64.0
48,HLA-B07:02,38168.45,QIS30087,VSLVKPSFYVY,48,65.0
12,HLA-B35:01,4030.97,QIS30087,IVNSVLLFLAF,12,1.0
15,HLA-B35:01,4762.11,QIS30087,SVLLFLAFVVF,15,2.0
20,HLA-B35:01,4814.3,QIS30087,LAFVVFLLVTL,20,3.0
31,HLA-B35:01,4999.71,QIS30087,AILTALRLCAY,31,4.0
48,HLA-B35:01,5685.2,QIS30087,VSLVKPSFYVY,48,5.0
45,HLA-B35:01,5685.22,QIS30087,IVNVSLVKPSF,45,6.0
22,HLA-B35:01,5804.73,QIS30087,FVVFLLVTLAI,22,7.0
38,HLA-B35:01,5810.87,QIS30087,LCAYCCNIVNV,38,8.0
19,HLA-B35:01,5823.44,QIS30087,FLAFVVFLLVT,19,9.0
41,HLA-B35:01,5844.78,QIS30087,YCCNIVNVSLV,41,10.0
39,HLA-B35:01,5862.55,QIS30087,CAYCCNIVNVS,39,11.0
23,HLA-B35:01,5881.93,QIS30087,VVFLLVTLAIL,23,12.0
30,HLA-B35:01,5883.83,QIS30087,LAILTALRLCA,30,13.0
3,HLA-B35:01,5961.84,QIS30087,FVSEETGTLIV,3,14.0
9,HLA-B35:01,6058.22,QIS30087,GTLIVNSVLLF,9,15.0
34,HLA-B35:01,6108.31,QIS30087,TALRLCAYCCN,34,16.0
46,HLA-B35:01,6131.24,QIS30087,VNVSLVKPSFY,46,17.0
17,HLA-B35:01,6159.01,QIS30087,LLFLAFVVFLL,17,18.0
27,HLA-B35:01,6173.07,QIS30087,LVTLAILTALR,27,19.0
18,HLA-B35:01,6173.74,QIS30087,LFLAFVVFLLV,18,20.0
21,HLA-B35:01,6224.14,QIS30087,AFVVFLLVTLA,21,21.0
14,HLA-B35:01,6228.32,QIS30087,NSVLLFLAFVV,14,22.0
25,HLA-B35:01,6244.19,QIS30087,FLLVTLAILTA,25,23.0
28,HLA-B35:01,6248.97,QIS30087,VTLAILTALRL,28,24.0
11,HLA-B35:01,6307.22,QIS30087,LIVNSVLLFLA,11,25.0
10,HLA-B35:01,6312.2,QIS30087,TLIVNSVLLFL,10,26.0
40,HLA-B35:01,6334.24,QIS30087,AYCCNIVNVSL,40,27.0
1,HLA-B35:01,6360.27,QIS30087,YSFVSEETGTL,1,28.0
4,HLA-B35:01,6363.01,QIS30087,VSEETGTLIVN,4,29.0
52,HLA-B35:01,6386.45,QIS30087,KPSFYVYSRVK,52,30.0
42,HLA-B35:01,6408.22,QIS30087,CCNIVNVSLVK,42,31.0
24,HLA-B35:01,6452.83,QIS30087,VFLLVTLAILT,24,32.0
26,HLA-B35:01,6456.58,QIS30087,LLVTLAILTAL,26,33.0
50,HLA-B35:01,6461.13,QIS30087,LVKPSFYVYSR,50,34.0
33,HLA-B35:01,6480.51,QIS30087,LTALRLCAYCC,33,35.0
16,HLA-B35:01,6488.59,QIS30087,VLLFLAFVVFL,16,36.0
58,HLA-B35:01,6495.44,QIS30087,YSRVKNLNSSR,58,37.0
47,HLA-B35:01,6510.67,QIS30087,NVSLVKPSFYV,47,38.0
62,HLA-B35:01,6513.66,QIS30087,KNLNSSRVPDL,62,39.0
43,HLA-B35:01,6554.92,QIS30087,CNIVNVSLVKP,43,40.0
63,HLA-B35:01,6577.14,QIS30087,NLNSSRVPDLL,63,41.0
55,HLA-B35:01,6585.16,QIS30087,FYVYSRVKNLN,55,42.0
53,HLA-B35:01,6588.27,QIS30087,PSFYVYSRVKN,53,43.0
13,HLA-B35:01,6590.65,QIS30087,VNSVLLFLAFV,13,44.0
32,HLA-B35:01,6591.03,QIS30087,ILTALRLCAYC,32,45.0
44,HLA-B35:01,6599.76,QIS30087,NIVNVSLVKPS,44,46.0
60,HLA-B35:01,6603.6,QIS30087,RVKNLNSSRVP,60,47.0
29,HLA-B35:01,6604.45,QIS30087,TLAILTALRLC,29,48.0
7,HLA-B35:01,6617.46,QIS30087,ETGTLIVNSVL,7,49.0
2,HLA-B35:01,6623.17,QIS30087,SFVSEETGTLI,2,50.0
56,HLA-B35:01,6624.79,QIS30087,YVYSRVKNLNS,56,51.0
36,HLA-B35:01,6630.09,QIS30087,LRLCAYCCNIV,36,52.0
6,HLA-B35:01,6632.35,QIS30087,EETGTLIVNSV,6,53.0
64,HLA-B35:01,6657.91,QIS30087,LNSSRVPDLLV,64,54.0
54,HLA-B35:01,6659.52,QIS30087,SFYVYSRVKNL,54,55.0
5,HLA-B35:01,6665.24,QIS30087,SEETGTLIVNS,5,56.0
35,HLA-B35:01,6679.41,QIS30087,ALRLCAYCCNI,35,57.0
37,HLA-B35:01,6692.48,QIS30087,RLCAYCCNIVN,37,58.0
61,HLA-B35:01,6728.73,QIS30087,VKNLNSSRVPD,61,59.0
8,HLA-B35:01,6753.45,QIS30087,TGTLIVNSVLL,8,60.0
49,HLA-B35:01,6757.14,QIS30087,SLVKPSFYVYS,49,61.0
0,HLA-B35:01,6769.94,QIS30087,MYSFVSEETGT,0,62.0
57,HLA-B35:01,6771.31,QIS30087,VYSRVKNLNSS,57,63.0
59,HLA-B35:01,6784.36,QIS30087,SRVKNLNSSRV,59,64.0
51,HLA-B35:01,6801.49,QIS30087,VKPSFYVYSRV,51,65.0
20,HLA-B51:01,4108.82,QIS30087,LAFVVFLLVTL,20,1.0
2,HLA-B51:01,5672.15,QIS30087,SFVSEETGTLI,2,2.0
27,HLA-B51:01,5689.1,QIS30087,LVTLAILTALR,27,3.0
42,HLA-B51:01,5705.58,QIS30087,CCNIVNVSLVK,42,4.0
22,HLA-B51:01,5709.11,QIS30087,FVVFLLVTLAI,22,5.0
18,HLA-B51:01,5720.95,QIS30087,LFLAFVVFLLV,18,6.0
58,HLA-B51:01,5721.13,QIS30087,YSRVKNLNSSR,58,7.0
15,HLA-B51:01,5725.25,QIS30087,SVLLFLAFVVF,15,8.0
52,HLA-B51:01,5727.13,QIS30087,KPSFYVYSRVK,52,9.0
23,HLA-B51:01,5727.48,QIS30087,VVFLLVTLAIL,23,10.0
6,HLA-B51:01,5727.67,QIS30087,EETGTLIVNSV,6,11.0
37,HLA-B51:01,5729.73,QIS30087,RLCAYCCNIVN,37,12.0
35,HLA-B51:01,5736.48,QIS30087,ALRLCAYCCNI,35,13.0
14,HLA-B51:01,5739.39,QIS30087,NSVLLFLAFVV,14,14.0
50,HLA-B51:01,5740.24,QIS30087,LVKPSFYVYSR,50,15.0
39,HLA-B51:01,5746.69,QIS30087,CAYCCNIVNVS,39,16.0
47,HLA-B51:01,5754.01,QIS30087,NVSLVKPSFYV,47,17.0
8,HLA-B51:01,5755.98,QIS30087,TGTLIVNSVLL,8,18.0
7,HLA-B51:01,5758.12,QIS30087,ETGTLIVNSVL,7,19.0
38,HLA-B51:01,5767.77,QIS30087,LCAYCCNIVNV,38,20.0
49,HLA-B51:01,5777.25,QIS30087,SLVKPSFYVYS,49,21.0
51,HLA-B51:01,5779.36,QIS30087,VKPSFYVYSRV,51,22.0
36,HLA-B51:01,5780.15,QIS30087,LRLCAYCCNIV,36,23.0
64,HLA-B51:01,5782.3,QIS30087,LNSSRVPDLLV,64,24.0
40,HLA-B51:01,5783.3,QIS30087,AYCCNIVNVSL,40,25.0
9,HLA-B51:01,5784.1,QIS30087,GTLIVNSVLLF,9,26.0
41,HLA-B51:01,5785.97,QIS30087,YCCNIVNVSLV,41,27.0
4,HLA-B51:01,5788.45,QIS30087,VSEETGTLIVN,4,28.0
17,HLA-B51:01,5789.98,QIS30087,LLFLAFVVFLL,17,29.0
13,HLA-B51:01,5791.9,QIS30087,VNSVLLFLAFV,13,30.0
21,HLA-B51:01,5794.11,QIS30087,AFVVFLLVTLA,21,31.0
16,HLA-B51:01,5796.29,QIS30087,VLLFLAFVVFL,16,32.0
5,HLA-B51:01,5796.41,QIS30087,SEETGTLIVNS,5,33.0
29,HLA-B51:01,5798.51,QIS30087,TLAILTALRLC,29,34.0
31,HLA-B51:01,5799.24,QIS30087,AILTALRLCAY,31,35.0
33,HLA-B51:01,5802.35,QIS30087,LTALRLCAYCC,33,36.0
32,HLA-B51:01,5802.7,QIS30087,ILTALRLCAYC,32,37.0
24,HLA-B51:01,5803.94,QIS30087,VFLLVTLAILT,24,38.0
59,HLA-B51:01,5804.72,QIS30087,SRVKNLNSSRV,59,39.0
55,HLA-B51:01,5807.18,QIS30087,FYVYSRVKNLN,55,40.0
56,HLA-B51:01,5807.97,QIS30087,YVYSRVKNLNS,56,41.0
34,HLA-B51:01,5808.18,QIS30087,TALRLCAYCCN,34,42.0
28,HLA-B51:01,5809.4,QIS30087,VTLAILTALRL,28,43.0
3,HLA-B51:01,5811.92,QIS30087,FVSEETGTLIV,3,44.0
54,HLA-B51:01,5812.3,QIS30087,SFYVYSRVKNL,54,45.0
43,HLA-B51:01,5815.95,QIS30087,CNIVNVSLVKP,43,46.0
45,HLA-B51:01,5816.5,QIS30087,IVNVSLVKPSF,45,47.0
53,HLA-B51:01,5816.55,QIS30087,PSFYVYSRVKN,53,48.0
62,HLA-B51:01,5819.49,QIS30087,KNLNSSRVPDL,62,49.0
63,HLA-B51:01,5822.09,QIS30087,NLNSSRVPDLL,63,50.0
12,HLA-B51:01,5822.78,QIS30087,IVNSVLLFLAF,12,51.0
57,HLA-B51:01,5824.0,QIS30087,VYSRVKNLNSS,57,52.0
48,HLA-B51:01,5828.86,QIS30087,VSLVKPSFYVY,48,53.0
26,HLA-B51:01,5830.19,QIS30087,LLVTLAILTAL,26,54.0
46,HLA-B51:01,5830.91,QIS30087,VNVSLVKPSFY,46,55.0
10,HLA-B51:01,5837.19,QIS30087,TLIVNSVLLFL,10,56.0
44,HLA-B51:01,5841.14,QIS30087,NIVNVSLVKPS,44,57.0
61,HLA-B51:01,5847.58,QIS30087,VKNLNSSRVPD,61,58.0
1,HLA-B51:01,5851.67,QIS30087,YSFVSEETGTL,1,59.0
60,HLA-B51:01,5851.71,QIS30087,RVKNLNSSRVP,60,60.0
30,HLA-B51:01,5859.4,QIS30087,LAILTALRLCA,30,61.0
0,HLA-B51:01,5864.14,QIS30087,MYSFVSEETGT,0,62.0
25,HLA-B51:01,5864.72,QIS30087,FLLVTLAILTA,25,63.0
11,HLA-B51:01,5879.94,QIS30087,LIVNSVLLFLA,11,64.0
19,HLA-B51:01,5882.52,QIS30087,FLAFVVFLLVT,19,65.0
12,HLA-B53:01,2609.37,QIS30087,IVNSVLLFLAF,12,1.0
3,HLA-B53:01,5325.45,QIS30087,FVSEETGTLIV,3,2.0
22,HLA-B53:01,7918.74,QIS30087,FVVFLLVTLAI,22,3.0
41,HLA-B53:01,8043.07,QIS30087,YCCNIVNVSLV,41,4.0
19,HLA-B53:01,9025.13,QIS30087,FLAFVVFLLVT,19,5.0
38,HLA-B53:01,9157.18,QIS30087,LCAYCCNIVNV,38,6.0
46,HLA-B53:01,9998.66,QIS30087,VNVSLVKPSFY,46,7.0
20,HLA-B53:01,10785.09,QIS30087,LAFVVFLLVTL,20,8.0
15,HLA-B53:01,11789.97,QIS30087,SVLLFLAFVVF,15,9.0
9,HLA-B53:01,12410.86,QIS30087,GTLIVNSVLLF,9,10.0
18,HLA-B53:01,15364.57,QIS30087,LFLAFVVFLLV,18,11.0
13,HLA-B53:01,15410.78,QIS30087,VNSVLLFLAFV,13,12.0
8,HLA-B53:01,16223.63,QIS30087,TGTLIVNSVLL,8,13.0
45,HLA-B53:01,16440.76,QIS30087,IVNVSLVKPSF,45,14.0
14,HLA-B53:01,16932.6,QIS30087,NSVLLFLAFVV,14,15.0
2,HLA-B53:01,18169.1,QIS30087,SFVSEETGTLI,2,16.0
5,HLA-B53:01,18885.34,QIS30087,SEETGTLIVNS,5,17.0
64,HLA-B53:01,18927.6,QIS30087,LNSSRVPDLLV,64,18.0
42,HLA-B53:01,19002.27,QIS30087,CCNIVNVSLVK,42,19.0
43,HLA-B53:01,19386.99,QIS30087,CNIVNVSLVKP,43,20.0
55,HLA-B53:01,19550.33,QIS30087,FYVYSRVKNLN,55,21.0
30,HLA-B53:01,19888.86,QIS30087,LAILTALRLCA,30,22.0
31,HLA-B53:01,20020.58,QIS30087,AILTALRLCAY,31,23.0
39,HLA-B53:01,20178.63,QIS30087,CAYCCNIVNVS,39,24.0
10,HLA-B53:01,20183.06,QIS30087,TLIVNSVLLFL,10,25.0
47,HLA-B53:01,21011.59,QIS30087,NVSLVKPSFYV,47,26.0
26,HLA-B53:01,21071.02,QIS30087,LLVTLAILTAL,26,27.0
4,HLA-B53:01,21657.35,QIS30087,VSEETGTLIVN,4,28.0
11,HLA-B53:01,23189.29,QIS30087,LIVNSVLLFLA,11,29.0
17,HLA-B53:01,23393.65,QIS30087,LLFLAFVVFLL,17,30.0
6,HLA-B53:01,23926.98,QIS30087,EETGTLIVNSV,6,31.0
0,HLA-B53:01,24007.97,QIS30087,MYSFVSEETGT,0,32.0
40,HLA-B53:01,24141.89,QIS30087,AYCCNIVNVSL,40,33.0
48,HLA-B53:01,24671.18,QIS30087,VSLVKPSFYVY,48,34.0
1,HLA-B53:01,24975.11,QIS30087,YSFVSEETGTL,1,35.0
16,HLA-B53:01,25210.42,QIS30087,VLLFLAFVVFL,16,36.0
25,HLA-B53:01,25535.71,QIS30087,FLLVTLAILTA,25,37.0
33,HLA-B53:01,27333.31,QIS30087,LTALRLCAYCC,33,38.0
7,HLA-B53:01,28339.84,QIS30087,ETGTLIVNSVL,7,39.0
24,HLA-B53:01,28486.22,QIS30087,VFLLVTLAILT,24,40.0
35,HLA-B53:01,29419.16,QIS30087,ALRLCAYCCNI,35,41.0
56,HLA-B53:01,29481.44,QIS30087,YVYSRVKNLNS,56,42.0
21,HLA-B53:01,29490.78,QIS30087,AFVVFLLVTLA,21,43.0
34,HLA-B53:01,30093.71,QIS30087,TALRLCAYCCN,34,44.0
29,HLA-B53:01,30199.56,QIS30087,TLAILTALRLC,29,45.0
28,HLA-B53:01,30258.45,QIS30087,VTLAILTALRL,28,46.0
36,HLA-B53:01,30465.36,QIS30087,LRLCAYCCNIV,36,47.0
63,HLA-B53:01,31526.25,QIS30087,NLNSSRVPDLL,63,48.0
23,HLA-B53:01,32266.14,QIS30087,VVFLLVTLAIL,23,49.0
32,HLA-B53:01,32356.05,QIS30087,ILTALRLCAYC,32,50.0
27,HLA-B53:01,32903.73,QIS30087,LVTLAILTALR,27,51.0
44,HLA-B53:01,33305.05,QIS30087,NIVNVSLVKPS,44,52.0
37,HLA-B53:01,34589.49,QIS30087,RLCAYCCNIVN,37,53.0
49,HLA-B53:01,34896.3,QIS30087,SLVKPSFYVYS,49,54.0
54,HLA-B53:01,35552.03,QIS30087,SFYVYSRVKNL,54,55.0
51,HLA-B53:01,36061.11,QIS30087,VKPSFYVYSRV,51,56.0
53,HLA-B53:01,36094.09,QIS30087,PSFYVYSRVKN,53,57.0
50,HLA-B53:01,37416.58,QIS30087,LVKPSFYVYSR,50,58.0
52,HLA-B53:01,37858.87,QIS30087,KPSFYVYSRVK,52,59.0
57,HLA-B53:01,38147.6,QIS30087,VYSRVKNLNSS,57,60.0
59,HLA-B53:01,39221.18,QIS30087,SRVKNLNSSRV,59,61.0
62,HLA-B53:01,39548.72,QIS30087,KNLNSSRVPDL,62,62.0
58,HLA-B53:01,40031.54,QIS30087,YSRVKNLNSSR,58,63.0
61,HLA-B53:01,41709.27,QIS30087,VKNLNSSRVPD,61,64.0
60,HLA-B53:01,42944.69,QIS30087,RVKNLNSSRVP,60,65.0
54,HLA-B08:01,53.8,QIS30087,SFYVYSRVKNL,54,1.0
26,HLA-B08:01,528.18,QIS30087,LLVTLAILTAL,26,2.0
30,HLA-B08:01,531.27,QIS30087,LAILTALRLCA,30,3.0
14,HLA-B08:01,1162.42,QIS30087,NSVLLFLAFVV,14,4.0
35,HLA-B08:01,1345.73,QIS30087,ALRLCAYCCNI,35,5.0
25,HLA-B08:01,2167.23,QIS30087,FLLVTLAILTA,25,6.0
16,HLA-B08:01,2407.97,QIS30087,VLLFLAFVVFL,16,7.0
15,HLA-B08:01,2815.36,QIS30087,SVLLFLAFVVF,15,8.0
62,HLA-B08:01,3454.6,QIS30087,KNLNSSRVPDL,62,9.0
22,HLA-B08:01,3611.6,QIS30087,FVVFLLVTLAI,22,10.0
13,HLA-B08:01,4200.16,QIS30087,VNSVLLFLAFV,13,11.0
12,HLA-B08:01,4532.14,QIS30087,IVNSVLLFLAF,12,12.0
36,HLA-B08:01,5540.54,QIS30087,LRLCAYCCNIV,36,13.0
10,HLA-B08:01,7313.9,QIS30087,TLIVNSVLLFL,10,14.0
47,HLA-B08:01,7367.27,QIS30087,NVSLVKPSFYV,47,15.0
64,HLA-B08:01,7405.45,QIS30087,LNSSRVPDLLV,64,16.0
41,HLA-B08:01,7608.94,QIS30087,YCCNIVNVSLV,41,17.0
20,HLA-B08:01,7610.54,QIS30087,LAFVVFLLVTL,20,18.0
23,HLA-B08:01,8276.55,QIS30087,VVFLLVTLAIL,23,19.0
17,HLA-B08:01,8475.6,QIS30087,LLFLAFVVFLL,17,20.0
49,HLA-B08:01,8649.0,QIS30087,SLVKPSFYVYS,49,21.0
63,HLA-B08:01,9590.51,QIS30087,NLNSSRVPDLL,63,22.0
19,HLA-B08:01,9646.52,QIS30087,FLAFVVFLLVT,19,23.0
33,HLA-B08:01,10659.19,QIS30087,LTALRLCAYCC,33,24.0
11,HLA-B08:01,11030.47,QIS30087,LIVNSVLLFLA,11,25.0
18,HLA-B08:01,11530.62,QIS30087,LFLAFVVFLLV,18,26.0
59,HLA-B08:01,12343.86,QIS30087,SRVKNLNSSRV,59,27.0
57,HLA-B08:01,12555.56,QIS30087,VYSRVKNLNSS,57,28.0
28,HLA-B08:01,12645.16,QIS30087,VTLAILTALRL,28,29.0
45,HLA-B08:01,12958.51,QIS30087,IVNVSLVKPSF,45,30.0
55,HLA-B08:01,13127.72,QIS30087,FYVYSRVKNLN,55,31.0
8,HLA-B08:01,13559.42,QIS30087,TGTLIVNSVLL,8,32.0
32,HLA-B08:01,13730.41,QIS30087,ILTALRLCAYC,32,33.0
44,HLA-B08:01,14017.89,QIS30087,NIVNVSLVKPS,44,34.0
7,HLA-B08:01,14364.44,QIS30087,ETGTLIVNSVL,7,35.0
40,HLA-B08:01,15778.3,QIS30087,AYCCNIVNVSL,40,36.0
58,HLA-B08:01,15966.63,QIS30087,YSRVKNLNSSR,58,37.0
51,HLA-B08:01,16190.66,QIS30087,VKPSFYVYSRV,51,38.0
34,HLA-B08:01,16574.56,QIS30087,TALRLCAYCCN,34,39.0
56,HLA-B08:01,17474.31,QIS30087,YVYSRVKNLNS,56,40.0
24,HLA-B08:01,17522.82,QIS30087,VFLLVTLAILT,24,41.0
21,HLA-B08:01,18919.14,QIS30087,AFVVFLLVTLA,21,42.0
31,HLA-B08:01,19223.2,QIS30087,AILTALRLCAY,31,43.0
52,HLA-B08:01,19456.35,QIS30087,KPSFYVYSRVK,52,44.0
60,HLA-B08:01,20671.52,QIS30087,RVKNLNSSRVP,60,45.0
61,HLA-B08:01,20860.98,QIS30087,VKNLNSSRVPD,61,46.0
43,HLA-B08:01,20952.33,QIS30087,CNIVNVSLVKP,43,47.0
53,HLA-B08:01,21030.32,QIS30087,PSFYVYSRVKN,53,48.0
39,HLA-B08:01,21767.87,QIS30087,CAYCCNIVNVS,39,49.0
38,HLA-B08:01,21819.06,QIS30087,LCAYCCNIVNV,38,50.0
9,HLA-B08:01,22208.99,QIS30087,GTLIVNSVLLF,9,51.0
48,HLA-B08:01,22411.9,QIS30087,VSLVKPSFYVY,48,52.0
3,HLA-B08:01,24134.34,QIS30087,FVSEETGTLIV,3,53.0
6,HLA-B08:01,24374.7,QIS30087,EETGTLIVNSV,6,54.0
37,HLA-B08:01,24449.77,QIS30087,RLCAYCCNIVN,37,55.0
1,HLA-B08:01,25561.23,QIS30087,YSFVSEETGTL,1,56.0
29,HLA-B08:01,26378.88,QIS30087,TLAILTALRLC,29,57.0
50,HLA-B08:01,26505.32,QIS30087,LVKPSFYVYSR,50,58.0
42,HLA-B08:01,29381.56,QIS30087,CCNIVNVSLVK,42,59.0
27,HLA-B08:01,29404.76,QIS30087,LVTLAILTALR,27,60.0
4,HLA-B08:01,31587.13,QIS30087,VSEETGTLIVN,4,61.0
0,HLA-B08:01,33332.94,QIS30087,MYSFVSEETGT,0,62.0
2,HLA-B08:01,33834.24,QIS30087,SFVSEETGTLI,2,63.0
46,HLA-B08:01,35885.97,QIS30087,VNVSLVKPSFY,46,64.0
5,HLA-B08:01,36432.96,QIS30087,SEETGTLIVNS,5,65.0
28,HLA-DRB101:01,156.96,QIS30087,VTLAILTALRL,28,1.0
55,HLA-DRB101:01,219.84,QIS30087,FYVYSRVKNLN,55,2.0
22,HLA-DRB101:01,308.23,QIS30087,FVVFLLVTLAI,22,3.0
45,HLA-DRB101:01,405.57,QIS30087,IVNVSLVKPSF,45,4.0
29,HLA-DRB101:01,434.65,QIS30087,TLAILTALRLC,29,5.0
56,HLA-DRB101:01,476.09,QIS30087,YVYSRVKNLNS,56,6.0
30,HLA-DRB101:01,479.75,QIS30087,LAILTALRLCA,30,7.0
17,HLA-DRB101:01,529.89,QIS30087,LLFLAFVVFLL,17,8.0
16,HLA-DRB101:01,615.42,QIS30087,VLLFLAFVVFL,16,9.0
3,HLA-DRB101:01,669.55,QIS30087,FVSEETGTLIV,3,10.0
23,HLA-DRB101:01,677.84,QIS30087,VVFLLVTLAIL,23,11.0
41,HLA-DRB101:01,704.72,QIS30087,YCCNIVNVSLV,41,12.0
27,HLA-DRB101:01,801.63,QIS30087,LVTLAILTALR,27,13.0
18,HLA-DRB101:01,839.91,QIS30087,LFLAFVVFLLV,18,14.0
20,HLA-DRB101:01,1141.14,QIS30087,LAFVVFLLVTL,20,15.0
26,HLA-DRB101:01,1145.43,QIS30087,LLVTLAILTAL,26,16.0
32,HLA-DRB101:01,1178.61,QIS30087,ILTALRLCAYC,32,17.0
64,HLA-DRB101:01,1185.56,QIS30087,LNSSRVPDLLV,64,18.0
31,HLA-DRB101:01,1205.19,QIS30087,AILTALRLCAY,31,19.0
35,HLA-DRB101:01,1771.95,QIS30087,ALRLCAYCCNI,35,20.0
47,HLA-DRB101:01,1911.39,QIS30087,NVSLVKPSFYV,47,21.0
46,HLA-DRB101:01,2035.0,QIS30087,VNVSLVKPSFY,46,22.0
54,HLA-DRB101:01,2040.2,QIS30087,SFYVYSRVKNL,54,23.0
25,HLA-DRB101:01,2197.21,QIS30087,FLLVTLAILTA,25,24.0
9,HLA-DRB101:01,2504.46,QIS30087,GTLIVNSVLLF,9,25.0
40,HLA-DRB101:01,2607.91,QIS30087,AYCCNIVNVSL,40,26.0
15,HLA-DRB101:01,2721.49,QIS30087,SVLLFLAFVVF,15,27.0
33,HLA-DRB101:01,2795.01,QIS30087,LTALRLCAYCC,33,28.0
50,HLA-DRB101:01,2822.85,QIS30087,LVKPSFYVYSR,50,29.0
2,HLA-DRB101:01,2967.88,QIS30087,SFVSEETGTLI,2,30.0
51,HLA-DRB101:01,3001.65,QIS30087,VKPSFYVYSRV,51,31.0
21,HLA-DRB101:01,3068.42,QIS30087,AFVVFLLVTLA,21,32.0
12,HLA-DRB101:01,3099.59,QIS30087,IVNSVLLFLAF,12,33.0
0,HLA-DRB101:01,3218.46,QIS30087,MYSFVSEETGT,0,34.0
10,HLA-DRB101:01,3480.86,QIS30087,TLIVNSVLLFL,10,35.0
11,HLA-DRB101:01,3585.28,QIS30087,LIVNSVLLFLA,11,36.0
24,HLA-DRB101:01,3677.55,QIS30087,VFLLVTLAILT,24,37.0
13,HLA-DRB101:01,3773.15,QIS30087,VNSVLLFLAFV,13,38.0
42,HLA-DRB101:01,3894.42,QIS30087,CCNIVNVSLVK,42,39.0
39,HLA-DRB101:01,4125.48,QIS30087,CAYCCNIVNVS,39,40.0
4,HLA-DRB101:01,4170.28,QIS30087,VSEETGTLIVN,4,41.0
14,HLA-DRB101:01,4368.85,QIS30087,NSVLLFLAFVV,14,42.0
63,HLA-DRB101:01,4378.57,QIS30087,NLNSSRVPDLL,63,43.0
8,HLA-DRB101:01,4761.25,QIS30087,TGTLIVNSVLL,8,44.0
38,HLA-DRB101:01,4820.09,QIS30087,LCAYCCNIVNV,38,45.0
44,HLA-DRB101:01,4914.73,QIS30087,NIVNVSLVKPS,44,46.0
19,HLA-DRB101:01,5031.27,QIS30087,FLAFVVFLLVT,19,47.0
5,HLA-DRB101:01,5159.68,QIS30087,SEETGTLIVNS,5,48.0
48,HLA-DRB101:01,5196.82,QIS30087,VSLVKPSFYVY,48,49.0
49,HLA-DRB101:01,6850.3,QIS30087,SLVKPSFYVYS,49,50.0
6,HLA-DRB101:01,7130.69,QIS30087,EETGTLIVNSV,6,51.0
1,HLA-DRB101:01,7265.08,QIS30087,YSFVSEETGTL,1,52.0
43,HLA-DRB101:01,8232.39,QIS30087,CNIVNVSLVKP,43,53.0
34,HLA-DRB101:01,8988.54,QIS30087,TALRLCAYCCN,34,54.0
7,HLA-DRB101:01,9031.47,QIS30087,ETGTLIVNSVL,7,55.0
36,HLA-DRB101:01,9228.6,QIS30087,LRLCAYCCNIV,36,56.0
57,HLA-DRB101:01,13494.38,QIS30087,VYSRVKNLNSS,57,57.0
62,HLA-DRB101:01,13545.79,QIS30087,KNLNSSRVPDL,62,58.0
61,HLA-DRB101:01,14077.93,QIS30087,VKNLNSSRVPD,61,59.0
37,HLA-DRB101:01,15011.81,QIS30087,RLCAYCCNIVN,37,60.0
52,HLA-DRB101:01,16526.61,QIS30087,KPSFYVYSRVK,52,61.0
60,HLA-DRB101:01,18631.84,QIS30087,RVKNLNSSRVP,60,62.0
53,HLA-DRB101:01,22000.79,QIS30087,PSFYVYSRVKN,53,63.0
59,HLA-DRB101:01,25016.93,QIS30087,SRVKNLNSSRV,59,64.0
58,HLA-DRB101:01,26164.42,QIS30087,YSRVKNLNSSR,58,65.0
45,HLA-DRB115:01,201.53,QIS30087,IVNVSLVKPSF,45,1.0
49,HLA-DRB115:01,209.12,QIS30087,SLVKPSFYVYS,49,2.0
48,HLA-DRB115:01,248.38,QIS30087,VSLVKPSFYVY,48,3.0
50,HLA-DRB115:01,256.69,QIS30087,LVKPSFYVYSR,50,4.0
28,HLA-DRB115:01,257.4,QIS30087,VTLAILTALRL,28,5.0
54,HLA-DRB115:01,293.11,QIS30087,SFYVYSRVKNL,54,6.0
35,HLA-DRB115:01,364.44,QIS30087,ALRLCAYCCNI,35,7.0
51,HLA-DRB115:01,376.68,QIS30087,VKPSFYVYSRV,51,8.0
55,HLA-DRB115:01,386.97,QIS30087,FYVYSRVKNLN,55,9.0
31,HLA-DRB115:01,405.55,QIS30087,AILTALRLCAY,31,10.0
47,HLA-DRB115:01,449.99,QIS30087,NVSLVKPSFYV,47,11.0
30,HLA-DRB115:01,578.0,QIS30087,LAILTALRLCA,30,12.0
46,HLA-DRB115:01,623.49,QIS30087,VNVSLVKPSFY,46,13.0
29,HLA-DRB115:01,1160.98,QIS30087,TLAILTALRLC,29,14.0
27,HLA-DRB115:01,1373.67,QIS30087,LVTLAILTALR,27,15.0
53,HLA-DRB115:01,1650.24,QIS30087,PSFYVYSRVKN,53,16.0
56,HLA-DRB115:01,1840.09,QIS30087,YVYSRVKNLNS,56,17.0
52,HLA-DRB115:01,1943.17,QIS30087,KPSFYVYSRVK,52,18.0
18,HLA-DRB115:01,1981.04,QIS30087,LFLAFVVFLLV,18,19.0
17,HLA-DRB115:01,2149.61,QIS30087,LLFLAFVVFLL,17,20.0
12,HLA-DRB115:01,2346.87,QIS30087,IVNSVLLFLAF,12,21.0
16,HLA-DRB115:01,2352.95,QIS30087,VLLFLAFVVFL,16,22.0
15,HLA-DRB115:01,2500.44,QIS30087,SVLLFLAFVVF,15,23.0
37,HLA-DRB115:01,2743.72,QIS30087,RLCAYCCNIVN,37,24.0
22,HLA-DRB115:01,2849.13,QIS30087,FVVFLLVTLAI,22,25.0
32,HLA-DRB115:01,2904.17,QIS30087,ILTALRLCAYC,32,26.0
9,HLA-DRB115:01,3226.51,QIS30087,GTLIVNSVLLF,9,27.0
26,HLA-DRB115:01,3489.67,QIS30087,LLVTLAILTAL,26,28.0
34,HLA-DRB115:01,3606.8,QIS30087,TALRLCAYCCN,34,29.0
11,HLA-DRB115:01,4250.72,QIS30087,LIVNSVLLFLA,11,30.0
13,HLA-DRB115:01,4779.37,QIS30087,VNSVLLFLAFV,13,31.0
44,HLA-DRB115:01,4841.71,QIS30087,NIVNVSLVKPS,44,32.0
36,HLA-DRB115:01,5016.73,QIS30087,LRLCAYCCNIV,36,33.0
23,HLA-DRB115:01,5896.39,QIS30087,VVFLLVTLAIL,23,34.0
14,HLA-DRB115:01,6574.64,QIS30087,NSVLLFLAFVV,14,35.0
10,HLA-DRB115:01,6866.1,QIS30087,TLIVNSVLLFL,10,36.0
8,HLA-DRB115:01,7067.28,QIS30087,TGTLIVNSVLL,8,37.0
33,HLA-DRB115:01,7484.57,QIS30087,LTALRLCAYCC,33,38.0
4,HLA-DRB115:01,7917.37,QIS30087,VSEETGTLIVN,4,39.0
38,HLA-DRB115:01,8815.07,QIS30087,LCAYCCNIVNV,38,40.0
2,HLA-DRB115:01,9688.96,QIS30087,SFVSEETGTLI,2,41.0
41,HLA-DRB115:01,9820.03,QIS30087,YCCNIVNVSLV,41,42.0
42,HLA-DRB115:01,9828.07,QIS30087,CCNIVNVSLVK,42,43.0
40,HLA-DRB115:01,10350.42,QIS30087,AYCCNIVNVSL,40,44.0
19,HLA-DRB115:01,10473.38,QIS30087,FLAFVVFLLVT,19,45.0
7,HLA-DRB115:01,10711.54,QIS30087,ETGTLIVNSVL,7,46.0
25,HLA-DRB115:01,10783.0,QIS30087,FLLVTLAILTA,25,47.0
24,HLA-DRB115:01,11103.99,QIS30087,VFLLVTLAILT,24,48.0
20,HLA-DRB115:01,11361.59,QIS30087,LAFVVFLLVTL,20,49.0
63,HLA-DRB115:01,12201.16,QIS30087,NLNSSRVPDLL,63,50.0
61,HLA-DRB115:01,12519.51,QIS30087,VKNLNSSRVPD,61,51.0
43,HLA-DRB115:01,12735.18,QIS30087,CNIVNVSLVKP,43,52.0
21,HLA-DRB115:01,13472.54,QIS30087,AFVVFLLVTLA,21,53.0
39,HLA-DRB115:01,14074.18,QIS30087,CAYCCNIVNVS,39,54.0
64,HLA-DRB115:01,14324.09,QIS30087,LNSSRVPDLLV,64,55.0
5,HLA-DRB115:01,14326.57,QIS30087,SEETGTLIVNS,5,56.0
3,HLA-DRB115:01,15518.26,QIS30087,FVSEETGTLIV,3,57.0
57,HLA-DRB115:01,16220.19,QIS30087,VYSRVKNLNSS,57,58.0
1,HLA-DRB115:01,17483.69,QIS30087,YSFVSEETGTL,1,59.0
0,HLA-DRB115:01,18403.22,QIS30087,MYSFVSEETGT,0,60.0
62,HLA-DRB115:01,19947.52,QIS30087,KNLNSSRVPDL,62,61.0
6,HLA-DRB115:01,22012.0,QIS30087,EETGTLIVNSV,6,62.0
60,HLA-DRB115:01,27910.3,QIS30087,RVKNLNSSRVP,60,63.0
58,HLA-DRB115:01,33009.34,QIS30087,YSRVKNLNSSR,58,64.0
59,HLA-DRB115:01,33635.61,QIS30087,SRVKNLNSSRV,59,65.0
22,HLA-DRB103:01,3279.89,QIS30087,FVVFLLVTLAI,22,1.0
55,HLA-DRB103:01,3352.53,QIS30087,FYVYSRVKNLN,55,2.0
27,HLA-DRB103:01,3627.63,QIS30087,LVTLAILTALR,27,3.0
42,HLA-DRB103:01,4333.21,QIS30087,CCNIVNVSLVK,42,4.0
0,HLA-DRB103:01,4339.76,QIS30087,MYSFVSEETGT,0,5.0
45,HLA-DRB103:01,4560.08,QIS30087,IVNVSLVKPSF,45,6.0
32,HLA-DRB103:01,4693.83,QIS30087,ILTALRLCAYC,32,7.0
29,HLA-DRB103:01,5241.67,QIS30087,TLAILTALRLC,29,8.0
28,HLA-DRB103:01,5448.65,QIS30087,VTLAILTALRL,28,9.0
41,HLA-DRB103:01,5562.98,QIS30087,YCCNIVNVSLV,41,10.0
9,HLA-DRB103:01,5973.69,QIS30087,GTLIVNSVLLF,9,11.0
54,HLA-DRB103:01,7036.58,QIS30087,SFYVYSRVKNL,54,12.0
46,HLA-DRB103:01,7357.46,QIS30087,VNVSLVKPSFY,46,13.0
37,HLA-DRB103:01,7715.64,QIS30087,RLCAYCCNIVN,37,14.0
61,HLA-DRB103:01,8249.96,QIS30087,VKNLNSSRVPD,61,15.0
26,HLA-DRB103:01,8937.48,QIS30087,LLVTLAILTAL,26,16.0
44,HLA-DRB103:01,9182.87,QIS30087,NIVNVSLVKPS,44,17.0
43,HLA-DRB103:01,9837.36,QIS30087,CNIVNVSLVKP,43,18.0
11,HLA-DRB103:01,9887.64,QIS30087,LIVNSVLLFLA,11,19.0
8,HLA-DRB103:01,9995.96,QIS30087,TGTLIVNSVLL,8,20.0
31,HLA-DRB103:01,10005.87,QIS30087,AILTALRLCAY,31,21.0
48,HLA-DRB103:01,10225.2,QIS30087,VSLVKPSFYVY,48,22.0
62,HLA-DRB103:01,10628.96,QIS30087,KNLNSSRVPDL,62,23.0
64,HLA-DRB103:01,10646.22,QIS30087,LNSSRVPDLLV,64,24.0
60,HLA-DRB103:01,10727.4,QIS30087,RVKNLNSSRVP,60,25.0
12,HLA-DRB103:01,10932.9,QIS30087,IVNSVLLFLAF,12,26.0
47,HLA-DRB103:01,11376.41,QIS30087,NVSLVKPSFYV,47,27.0
4,HLA-DRB103:01,11519.33,QIS30087,VSEETGTLIVN,4,28.0
63,HLA-DRB103:01,11930.88,QIS30087,NLNSSRVPDLL,63,29.0
3,HLA-DRB103:01,12137.6,QIS30087,FVSEETGTLIV,3,30.0
38,HLA-DRB103:01,12465.84,QIS30087,LCAYCCNIVNV,38,31.0
5,HLA-DRB103:01,12838.73,QIS30087,SEETGTLIVNS,5,32.0
30,HLA-DRB103:01,12942.54,QIS30087,LAILTALRLCA,30,33.0
56,HLA-DRB103:01,13258.82,QIS30087,YVYSRVKNLNS,56,34.0
39,HLA-DRB103:01,13395.26,QIS30087,CAYCCNIVNVS,39,35.0
49,HLA-DRB103:01,13691.79,QIS30087,SLVKPSFYVYS,49,36.0
2,HLA-DRB103:01,13999.94,QIS30087,SFVSEETGTLI,2,37.0
35,HLA-DRB103:01,14025.4,QIS30087,ALRLCAYCCNI,35,38.0
40,HLA-DRB103:01,14304.28,QIS30087,AYCCNIVNVSL,40,39.0
23,HLA-DRB103:01,15685.96,QIS30087,VVFLLVTLAIL,23,40.0
33,HLA-DRB103:01,15848.03,QIS30087,LTALRLCAYCC,33,41.0
53,HLA-DRB103:01,16077.77,QIS30087,PSFYVYSRVKN,53,42.0
7,HLA-DRB103:01,16814.69,QIS30087,ETGTLIVNSVL,7,43.0
52,HLA-DRB103:01,17281.66,QIS30087,KPSFYVYSRVK,52,44.0
50,HLA-DRB103:01,17814.58,QIS30087,LVKPSFYVYSR,50,45.0
10,HLA-DRB103:01,18072.62,QIS30087,TLIVNSVLLFL,10,46.0
15,HLA-DRB103:01,18408.68,QIS30087,SVLLFLAFVVF,15,47.0
36,HLA-DRB103:01,18501.83,QIS30087,LRLCAYCCNIV,36,48.0
16,HLA-DRB103:01,19135.51,QIS30087,VLLFLAFVVFL,16,49.0
21,HLA-DRB103:01,19263.09,QIS30087,AFVVFLLVTLA,21,50.0
20,HLA-DRB103:01,20237.87,QIS30087,LAFVVFLLVTL,20,51.0
34,HLA-DRB103:01,20695.43,QIS30087,TALRLCAYCCN,34,52.0
6,HLA-DRB103:01,21533.33,QIS30087,EETGTLIVNSV,6,53.0
58,HLA-DRB103:01,24642.38,QIS30087,YSRVKNLNSSR,58,54.0
17,HLA-DRB103:01,24839.74,QIS30087,LLFLAFVVFLL,17,55.0
24,HLA-DRB103:01,25457.42,QIS30087,VFLLVTLAILT,24,56.0
59,HLA-DRB103:01,25911.21,QIS30087,SRVKNLNSSRV,59,57.0
25,HLA-DRB103:01,26601.48,QIS30087,FLLVTLAILTA,25,58.0
13,HLA-DRB103:01,27032.24,QIS30087,VNSVLLFLAFV,13,59.0
51,HLA-DRB103:01,27410.65,QIS30087,VKPSFYVYSRV,51,60.0
57,HLA-DRB103:01,28039.05,QIS30087,VYSRVKNLNSS,57,61.0
1,HLA-DRB103:01,28425.74,QIS30087,YSFVSEETGTL,1,62.0
14,HLA-DRB103:01,28452.19,QIS30087,NSVLLFLAFVV,14,63.0
19,HLA-DRB103:01,34205.43,QIS30087,FLAFVVFLLVT,19,64.0
18,HLA-DRB103:01,35242.31,QIS30087,LFLAFVVFLLV,18,65.0
55,HLA-DRB104:01,152.75,QIS30087,FYVYSRVKNLN,55,1.0
56,HLA-DRB104:01,232.86,QIS30087,YVYSRVKNLNS,56,2.0
28,HLA-DRB104:01,445.22,QIS30087,VTLAILTALRL,28,3.0
32,HLA-DRB104:01,488.22,QIS30087,ILTALRLCAYC,32,4.0
3,HLA-DRB104:01,537.58,QIS30087,FVSEETGTLIV,3,5.0
22,HLA-DRB104:01,560.14,QIS30087,FVVFLLVTLAI,22,6.0
2,HLA-DRB104:01,661.96,QIS30087,SFVSEETGTLI,2,7.0
45,HLA-DRB104:01,767.39,QIS30087,IVNVSLVKPSF,45,8.0
21,HLA-DRB104:01,779.17,QIS30087,AFVVFLLVTLA,21,9.0
29,HLA-DRB104:01,850.7,QIS30087,TLAILTALRLC,29,10.0
50,HLA-DRB104:01,971.79,QIS30087,LVKPSFYVYSR,50,11.0
1,HLA-DRB104:01,1283.16,QIS30087,YSFVSEETGTL,1,12.0
0,HLA-DRB104:01,1332.71,QIS30087,MYSFVSEETGT,0,13.0
54,HLA-DRB104:01,1445.31,QIS30087,SFYVYSRVKNL,54,14.0
6,HLA-DRB104:01,1489.61,QIS30087,EETGTLIVNSV,6,15.0
5,HLA-DRB104:01,1527.15,QIS30087,SEETGTLIVNS,5,16.0
49,HLA-DRB104:01,1541.75,QIS30087,SLVKPSFYVYS,49,17.0
42,HLA-DRB104:01,1597.67,QIS30087,CCNIVNVSLVK,42,18.0
41,HLA-DRB104:01,1787.92,QIS30087,YCCNIVNVSLV,41,19.0
44,HLA-DRB104:01,1958.35,QIS30087,NIVNVSLVKPS,44,20.0
46,HLA-DRB104:01,2035.29,QIS30087,VNVSLVKPSFY,46,21.0
33,HLA-DRB104:01,2144.41,QIS30087,LTALRLCAYCC,33,22.0
31,HLA-DRB104:01,2230.42,QIS30087,AILTALRLCAY,31,23.0
39,HLA-DRB104:01,2313.67,QIS30087,CAYCCNIVNVS,39,24.0
30,HLA-DRB104:01,2350.46,QIS30087,LAILTALRLCA,30,25.0
25,HLA-DRB104:01,2355.54,QIS30087,FLLVTLAILTA,25,26.0
9,HLA-DRB104:01,2360.62,QIS30087,GTLIVNSVLLF,9,27.0
27,HLA-DRB104:01,2380.98,QIS30087,LVTLAILTALR,27,28.0
16,HLA-DRB104:01,2648.23,QIS30087,VLLFLAFVVFL,16,29.0
19,HLA-DRB104:01,2694.42,QIS30087,FLAFVVFLLVT,19,30.0
10,HLA-DRB104:01,2724.12,QIS30087,TLIVNSVLLFL,10,31.0
40,HLA-DRB104:01,2749.82,QIS30087,AYCCNIVNVSL,40,32.0
57,HLA-DRB104:01,2789.79,QIS30087,VYSRVKNLNSS,57,33.0
12,HLA-DRB104:01,2956.2,QIS30087,IVNSVLLFLAF,12,34.0
58,HLA-DRB104:01,3135.57,QIS30087,YSRVKNLNSSR,58,35.0
17,HLA-DRB104:01,3249.8,QIS30087,LLFLAFVVFLL,17,36.0
51,HLA-DRB104:01,3256.15,QIS30087,VKPSFYVYSRV,51,37.0
26,HLA-DRB104:01,3373.19,QIS30087,LLVTLAILTAL,26,38.0
35,HLA-DRB104:01,3480.26,QIS30087,ALRLCAYCCNI,35,39.0
20,HLA-DRB104:01,3578.94,QIS30087,LAFVVFLLVTL,20,40.0
8,HLA-DRB104:01,3849.34,QIS30087,TGTLIVNSVLL,8,41.0
47,HLA-DRB104:01,3926.99,QIS30087,NVSLVKPSFYV,47,42.0
7,HLA-DRB104:01,3977.72,QIS30087,ETGTLIVNSVL,7,43.0
24,HLA-DRB104:01,4017.26,QIS30087,VFLLVTLAILT,24,44.0
15,HLA-DRB104:01,4165.79,QIS30087,SVLLFLAFVVF,15,45.0
11,HLA-DRB104:01,4500.12,QIS30087,LIVNSVLLFLA,11,46.0
48,HLA-DRB104:01,4871.95,QIS30087,VSLVKPSFYVY,48,47.0
52,HLA-DRB104:01,5214.21,QIS30087,KPSFYVYSRVK,52,48.0
23,HLA-DRB104:01,5248.12,QIS30087,VVFLLVTLAIL,23,49.0
18,HLA-DRB104:01,5262.21,QIS30087,LFLAFVVFLLV,18,50.0
64,HLA-DRB104:01,5480.66,QIS30087,LNSSRVPDLLV,64,51.0
63,HLA-DRB104:01,5953.48,QIS30087,NLNSSRVPDLL,63,52.0
4,HLA-DRB104:01,7040.69,QIS30087,VSEETGTLIVN,4,53.0
37,HLA-DRB104:01,8279.42,QIS30087,RLCAYCCNIVN,37,54.0
43,HLA-DRB104:01,9863.21,QIS30087,CNIVNVSLVKP,43,55.0
53,HLA-DRB104:01,10160.35,QIS30087,PSFYVYSRVKN,53,56.0
34,HLA-DRB104:01,10364.15,QIS30087,TALRLCAYCCN,34,57.0
62,HLA-DRB104:01,10670.31,QIS30087,KNLNSSRVPDL,62,58.0
38,HLA-DRB104:01,11329.65,QIS30087,LCAYCCNIVNV,38,59.0
14,HLA-DRB104:01,11369.53,QIS30087,NSVLLFLAFVV,14,60.0
59,HLA-DRB104:01,11877.99,QIS30087,SRVKNLNSSRV,59,61.0
13,HLA-DRB104:01,13044.54,QIS30087,VNSVLLFLAFV,13,62.0
60,HLA-DRB104:01,14667.81,QIS30087,RVKNLNSSRVP,60,63.0
36,HLA-DRB104:01,14935.81,QIS30087,LRLCAYCCNIV,36,64.0
61,HLA-DRB104:01,16039.37,QIS30087,VKNLNSSRVPD,61,65.0
45,HLA-DRB104:04,207.13,QIS30087,IVNVSLVKPSF,45,1.0
56,HLA-DRB104:04,581.04,QIS30087,YVYSRVKNLNS,56,2.0
42,HLA-DRB104:04,848.01,QIS30087,CCNIVNVSLVK,42,3.0
55,HLA-DRB104:04,920.14,QIS30087,FYVYSRVKNLN,55,4.0
28,HLA-DRB104:04,1145.01,QIS30087,VTLAILTALRL,28,5.0
22,HLA-DRB104:04,1293.78,QIS30087,FVVFLLVTLAI,22,6.0
54,HLA-DRB104:04,1414.55,QIS30087,SFYVYSRVKNL,54,7.0
29,HLA-DRB104:04,1626.27,QIS30087,TLAILTALRLC,29,8.0
44,HLA-DRB104:04,2031.65,QIS30087,NIVNVSLVKPS,44,9.0
11,HLA-DRB104:04,2420.62,QIS30087,LIVNSVLLFLA,11,10.0
12,HLA-DRB104:04,2560.92,QIS30087,IVNSVLLFLAF,12,11.0
31,HLA-DRB104:04,2569.45,QIS30087,AILTALRLCAY,31,12.0
30,HLA-DRB104:04,2727.15,QIS30087,LAILTALRLCA,30,13.0
41,HLA-DRB104:04,3169.45,QIS30087,YCCNIVNVSLV,41,14.0
13,HLA-DRB104:04,4210.77,QIS30087,VNSVLLFLAFV,13,15.0
64,HLA-DRB104:04,4397.48,QIS30087,LNSSRVPDLLV,64,16.0
46,HLA-DRB104:04,4441.48,QIS30087,VNVSLVKPSFY,46,17.0
4,HLA-DRB104:04,4619.07,QIS30087,VSEETGTLIVN,4,18.0
9,HLA-DRB104:04,4654.71,QIS30087,GTLIVNSVLLF,9,19.0
14,HLA-DRB104:04,4708.35,QIS30087,NSVLLFLAFVV,14,20.0
32,HLA-DRB104:04,4749.62,QIS30087,ILTALRLCAYC,32,21.0
3,HLA-DRB104:04,5756.05,QIS30087,FVSEETGTLIV,3,22.0
5,HLA-DRB104:04,5855.03,QIS30087,SEETGTLIVNS,5,23.0
52,HLA-DRB104:04,6188.52,QIS30087,KPSFYVYSRVK,52,24.0
0,HLA-DRB104:04,6534.48,QIS30087,MYSFVSEETGT,0,25.0
47,HLA-DRB104:04,6658.81,QIS30087,NVSLVKPSFYV,47,26.0
8,HLA-DRB104:04,7403.39,QIS30087,TGTLIVNSVLL,8,27.0
16,HLA-DRB104:04,7707.57,QIS30087,VLLFLAFVVFL,16,28.0
2,HLA-DRB104:04,7765.1,QIS30087,SFVSEETGTLI,2,29.0
10,HLA-DRB104:04,7807.21,QIS30087,TLIVNSVLLFL,10,30.0
33,HLA-DRB104:04,8019.74,QIS30087,LTALRLCAYCC,33,31.0
27,HLA-DRB104:04,8162.41,QIS30087,LVTLAILTALR,27,32.0
18,HLA-DRB104:04,8232.76,QIS30087,LFLAFVVFLLV,18,33.0
63,HLA-DRB104:04,8440.59,QIS30087,NLNSSRVPDLL,63,34.0
17,HLA-DRB104:04,8560.98,QIS30087,LLFLAFVVFLL,17,35.0
20,HLA-DRB104:04,8826.92,QIS30087,LAFVVFLLVTL,20,36.0
38,HLA-DRB104:04,10188.44,QIS30087,LCAYCCNIVNV,38,37.0
21,HLA-DRB104:04,10305.73,QIS30087,AFVVFLLVTLA,21,38.0
43,HLA-DRB104:04,10778.56,QIS30087,CNIVNVSLVKP,43,39.0
7,HLA-DRB104:04,10784.62,QIS30087,ETGTLIVNSVL,7,40.0
40,HLA-DRB104:04,10817.46,QIS30087,AYCCNIVNVSL,40,41.0
1,HLA-DRB104:04,11111.3,QIS30087,YSFVSEETGTL,1,42.0
15,HLA-DRB104:04,11186.76,QIS30087,SVLLFLAFVVF,15,43.0
25,HLA-DRB104:04,12543.62,QIS30087,FLLVTLAILTA,25,44.0
37,HLA-DRB104:04,13086.11,QIS30087,RLCAYCCNIVN,37,45.0
36,HLA-DRB104:04,13154.93,QIS30087,LRLCAYCCNIV,36,46.0
19,HLA-DRB104:04,13643.25,QIS30087,FLAFVVFLLVT,19,47.0
53,HLA-DRB104:04,14216.05,QIS30087,PSFYVYSRVKN,53,48.0
39,HLA-DRB104:04,14969.16,QIS30087,CAYCCNIVNVS,39,49.0
62,HLA-DRB104:04,15025.65,QIS30087,KNLNSSRVPDL,62,50.0
26,HLA-DRB104:04,15635.36,QIS30087,LLVTLAILTAL,26,51.0
35,HLA-DRB104:04,16175.87,QIS30087,ALRLCAYCCNI,35,52.0
48,HLA-DRB104:04,16708.24,QIS30087,VSLVKPSFYVY,48,53.0
50,HLA-DRB104:04,17561.2,QIS30087,LVKPSFYVYSR,50,54.0
61,HLA-DRB104:04,17599.2,QIS30087,VKNLNSSRVPD,61,55.0
51,HLA-DRB104:04,18739.65,QIS30087,VKPSFYVYSRV,51,56.0
34,HLA-DRB104:04,19645.11,QIS30087,TALRLCAYCCN,34,57.0
24,HLA-DRB104:04,20485.27,QIS30087,VFLLVTLAILT,24,58.0
23,HLA-DRB104:04,20910.89,QIS30087,VVFLLVTLAIL,23,59.0
58,HLA-DRB104:04,20991.4,QIS30087,YSRVKNLNSSR,58,60.0
60,HLA-DRB104:04,21851.23,QIS30087,RVKNLNSSRVP,60,61.0
57,HLA-DRB104:04,22229.29,QIS30087,VYSRVKNLNSS,57,62.0
6,HLA-DRB104:04,24072.94,QIS30087,EETGTLIVNSV,6,63.0
59,HLA-DRB104:04,24572.34,QIS30087,SRVKNLNSSRV,59,64.0
49,HLA-DRB104:04,26209.36,QIS30087,SLVKPSFYVYS,49,65.0
28,HLA-DRB107:01,41.98,QIS30087,VTLAILTALRL,28,1.0
29,HLA-DRB107:01,76.91,QIS30087,TLAILTALRLC,29,2.0
30,HLA-DRB107:01,169.05,QIS30087,LAILTALRLCA,30,3.0
23,HLA-DRB107:01,280.39,QIS30087,VVFLLVTLAIL,23,4.0
22,HLA-DRB107:01,355.04,QIS30087,FVVFLLVTLAI,22,5.0
3,HLA-DRB107:01,371.45,QIS30087,FVSEETGTLIV,3,6.0
47,HLA-DRB107:01,373.86,QIS30087,NVSLVKPSFYV,47,7.0
32,HLA-DRB107:01,426.04,QIS30087,ILTALRLCAYC,32,8.0
45,HLA-DRB107:01,872.8,QIS30087,IVNVSLVKPSF,45,9.0
33,HLA-DRB107:01,1005.52,QIS30087,LTALRLCAYCC,33,10.0
24,HLA-DRB107:01,1067.82,QIS30087,VFLLVTLAILT,24,11.0
35,HLA-DRB107:01,1090.09,QIS30087,ALRLCAYCCNI,35,12.0
46,HLA-DRB107:01,1230.38,QIS30087,VNVSLVKPSFY,46,13.0
41,HLA-DRB107:01,1338.48,QIS30087,YCCNIVNVSLV,41,14.0
26,HLA-DRB107:01,1364.7,QIS30087,LLVTLAILTAL,26,15.0
25,HLA-DRB107:01,1529.38,QIS30087,FLLVTLAILTA,25,16.0
31,HLA-DRB107:01,1562.67,QIS30087,AILTALRLCAY,31,17.0
27,HLA-DRB107:01,1764.52,QIS30087,LVTLAILTALR,27,18.0
48,HLA-DRB107:01,2306.33,QIS30087,VSLVKPSFYVY,48,19.0
42,HLA-DRB107:01,2389.07,QIS30087,CCNIVNVSLVK,42,20.0
17,HLA-DRB107:01,2416.54,QIS30087,LLFLAFVVFLL,17,21.0
9,HLA-DRB107:01,2443.06,QIS30087,GTLIVNSVLLF,9,22.0
2,HLA-DRB107:01,2521.2,QIS30087,SFVSEETGTLI,2,23.0
54,HLA-DRB107:01,2606.08,QIS30087,SFYVYSRVKNL,54,24.0
51,HLA-DRB107:01,2712.24,QIS30087,VKPSFYVYSRV,51,25.0
16,HLA-DRB107:01,3121.07,QIS30087,VLLFLAFVVFL,16,26.0
20,HLA-DRB107:01,3350.53,QIS30087,LAFVVFLLVTL,20,27.0
8,HLA-DRB107:01,3446.42,QIS30087,TGTLIVNSVLL,8,28.0
7,HLA-DRB107:01,4157.05,QIS30087,ETGTLIVNSVL,7,29.0
55,HLA-DRB107:01,4211.4,QIS30087,FYVYSRVKNLN,55,30.0
61,HLA-DRB107:01,4364.49,QIS30087,VKNLNSSRVPD,61,31.0
43,HLA-DRB107:01,4473.64,QIS30087,CNIVNVSLVKP,43,32.0
40,HLA-DRB107:01,4627.42,QIS30087,AYCCNIVNVSL,40,33.0
4,HLA-DRB107:01,5430.61,QIS30087,VSEETGTLIVN,4,34.0
60,HLA-DRB107:01,5787.52,QIS30087,RVKNLNSSRVP,60,35.0
50,HLA-DRB107:01,5920.43,QIS30087,LVKPSFYVYSR,50,36.0
21,HLA-DRB107:01,5933.61,QIS30087,AFVVFLLVTLA,21,37.0
34,HLA-DRB107:01,5963.39,QIS30087,TALRLCAYCCN,34,38.0
63,HLA-DRB107:01,6346.9,QIS30087,NLNSSRVPDLL,63,39.0
62,HLA-DRB107:01,6515.8,QIS30087,KNLNSSRVPDL,62,40.0
64,HLA-DRB107:01,6800.71,QIS30087,LNSSRVPDLLV,64,41.0
44,HLA-DRB107:01,6972.9,QIS30087,NIVNVSLVKPS,44,42.0
18,HLA-DRB107:01,7706.76,QIS30087,LFLAFVVFLLV,18,43.0
49,HLA-DRB107:01,8869.64,QIS30087,SLVKPSFYVYS,49,44.0
11,HLA-DRB107:01,8986.68,QIS30087,LIVNSVLLFLA,11,45.0
10,HLA-DRB107:01,9406.04,QIS30087,TLIVNSVLLFL,10,46.0
15,HLA-DRB107:01,9930.45,QIS30087,SVLLFLAFVVF,15,47.0
0,HLA-DRB107:01,10115.07,QIS30087,MYSFVSEETGT,0,48.0
56,HLA-DRB107:01,10249.33,QIS30087,YVYSRVKNLNS,56,49.0
19,HLA-DRB107:01,10299.33,QIS30087,FLAFVVFLLVT,19,50.0
6,HLA-DRB107:01,10644.43,QIS30087,EETGTLIVNSV,6,51.0
5,HLA-DRB107:01,12715.7,QIS30087,SEETGTLIVNS,5,52.0
12,HLA-DRB107:01,12818.95,QIS30087,IVNSVLLFLAF,12,53.0
52,HLA-DRB107:01,13931.11,QIS30087,KPSFYVYSRVK,52,54.0
13,HLA-DRB107:01,14659.17,QIS30087,VNSVLLFLAFV,13,55.0
36,HLA-DRB107:01,15027.57,QIS30087,LRLCAYCCNIV,36,56.0
59,HLA-DRB107:01,15622.89,QIS30087,SRVKNLNSSRV,59,57.0
39,HLA-DRB107:01,17505.77,QIS30087,CAYCCNIVNVS,39,58.0
14,HLA-DRB107:01,17592.52,QIS30087,NSVLLFLAFVV,14,59.0
57,HLA-DRB107:01,20251.02,QIS30087,VYSRVKNLNSS,57,60.0
37,HLA-DRB107:01,20326.26,QIS30087,RLCAYCCNIVN,37,61.0
53,HLA-DRB107:01,20525.74,QIS30087,PSFYVYSRVKN,53,62.0
38,HLA-DRB107:01,23778.32,QIS30087,LCAYCCNIVNV,38,63.0
1,HLA-DRB107:01,24560.38,QIS30087,YSFVSEETGTL,1,64.0
58,HLA-DRB107:01,34780.64,QIS30087,YSRVKNLNSSR,58,65.0
28,HLA-DRB108:01,704.02,QIS30087,VTLAILTALRL,28,1.0
29,HLA-DRB108:01,1370.44,QIS30087,TLAILTALRLC,29,2.0
35,HLA-DRB108:01,1622.37,QIS30087,ALRLCAYCCNI,35,3.0
32,HLA-DRB108:01,1791.26,QIS30087,ILTALRLCAYC,32,4.0
30,HLA-DRB108:01,2121.88,QIS30087,LAILTALRLCA,30,5.0
33,HLA-DRB108:01,2160.65,QIS30087,LTALRLCAYCC,33,6.0
27,HLA-DRB108:01,2198.19,QIS30087,LVTLAILTALR,27,7.0
31,HLA-DRB108:01,2212.84,QIS30087,AILTALRLCAY,31,8.0
50,HLA-DRB108:01,2904.92,QIS30087,LVKPSFYVYSR,50,9.0
22,HLA-DRB108:01,3013.52,QIS30087,FVVFLLVTLAI,22,10.0
64,HLA-DRB108:01,3152.6,QIS30087,LNSSRVPDLLV,64,11.0
26,HLA-DRB108:01,3363.34,QIS30087,LLVTLAILTAL,26,12.0
23,HLA-DRB108:01,3527.41,QIS30087,VVFLLVTLAIL,23,13.0
3,HLA-DRB108:01,3740.92,QIS30087,FVSEETGTLIV,3,14.0
55,HLA-DRB108:01,3886.73,QIS30087,FYVYSRVKNLN,55,15.0
45,HLA-DRB108:01,4126.46,QIS30087,IVNVSLVKPSF,45,16.0
56,HLA-DRB108:01,4266.05,QIS30087,YVYSRVKNLNS,56,17.0
16,HLA-DRB108:01,4608.65,QIS30087,VLLFLAFVVFL,16,18.0
4,HLA-DRB108:01,4732.85,QIS30087,VSEETGTLIVN,4,19.0
48,HLA-DRB108:01,4932.58,QIS30087,VSLVKPSFYVY,48,20.0
5,HLA-DRB108:01,4954.58,QIS30087,SEETGTLIVNS,5,21.0
51,HLA-DRB108:01,5037.12,QIS30087,VKPSFYVYSRV,51,22.0
2,HLA-DRB108:01,5089.44,QIS30087,SFVSEETGTLI,2,23.0
17,HLA-DRB108:01,5280.8,QIS30087,LLFLAFVVFLL,17,24.0
47,HLA-DRB108:01,5339.01,QIS30087,NVSLVKPSFYV,47,25.0
20,HLA-DRB108:01,5463.87,QIS30087,LAFVVFLLVTL,20,26.0
34,HLA-DRB108:01,5464.38,QIS30087,TALRLCAYCCN,34,27.0
46,HLA-DRB108:01,5589.64,QIS30087,VNVSLVKPSFY,46,28.0
36,HLA-DRB108:01,5672.14,QIS30087,LRLCAYCCNIV,36,29.0
49,HLA-DRB108:01,5897.45,QIS30087,SLVKPSFYVYS,49,30.0
63,HLA-DRB108:01,5923.52,QIS30087,NLNSSRVPDLL,63,31.0
15,HLA-DRB108:01,5926.07,QIS30087,SVLLFLAFVVF,15,32.0
54,HLA-DRB108:01,6135.18,QIS30087,SFYVYSRVKNL,54,33.0
18,HLA-DRB108:01,6152.71,QIS30087,LFLAFVVFLLV,18,34.0
9,HLA-DRB108:01,6362.0,QIS30087,GTLIVNSVLLF,9,35.0
41,HLA-DRB108:01,6499.98,QIS30087,YCCNIVNVSLV,41,36.0
38,HLA-DRB108:01,6560.24,QIS30087,LCAYCCNIVNV,38,37.0
10,HLA-DRB108:01,7114.01,QIS30087,TLIVNSVLLFL,10,38.0
6,HLA-DRB108:01,7317.19,QIS30087,EETGTLIVNSV,6,39.0
12,HLA-DRB108:01,7369.41,QIS30087,IVNSVLLFLAF,12,40.0
25,HLA-DRB108:01,7544.68,QIS30087,FLLVTLAILTA,25,41.0
8,HLA-DRB108:01,7659.16,QIS30087,TGTLIVNSVLL,8,42.0
24,HLA-DRB108:01,8091.91,QIS30087,VFLLVTLAILT,24,43.0
39,HLA-DRB108:01,8098.66,QIS30087,CAYCCNIVNVS,39,44.0
40,HLA-DRB108:01,8326.75,QIS30087,AYCCNIVNVSL,40,45.0
37,HLA-DRB108:01,8392.52,QIS30087,RLCAYCCNIVN,37,46.0
14,HLA-DRB108:01,8557.46,QIS30087,NSVLLFLAFVV,14,47.0
7,HLA-DRB108:01,8914.5,QIS30087,ETGTLIVNSVL,7,48.0
13,HLA-DRB108:01,8953.65,QIS30087,VNSVLLFLAFV,13,49.0
42,HLA-DRB108:01,9310.75,QIS30087,CCNIVNVSLVK,42,50.0
11,HLA-DRB108:01,9451.69,QIS30087,LIVNSVLLFLA,11,51.0
0,HLA-DRB108:01,9737.91,QIS30087,MYSFVSEETGT,0,52.0
1,HLA-DRB108:01,10031.65,QIS30087,YSFVSEETGTL,1,53.0
21,HLA-DRB108:01,10842.12,QIS30087,AFVVFLLVTLA,21,54.0
43,HLA-DRB108:01,11383.39,QIS30087,CNIVNVSLVKP,43,55.0
19,HLA-DRB108:01,11491.92,QIS30087,FLAFVVFLLVT,19,56.0
57,HLA-DRB108:01,11681.36,QIS30087,VYSRVKNLNSS,57,57.0
62,HLA-DRB108:01,11904.31,QIS30087,KNLNSSRVPDL,62,58.0
44,HLA-DRB108:01,13082.5,QIS30087,NIVNVSLVKPS,44,59.0
52,HLA-DRB108:01,14219.62,QIS30087,KPSFYVYSRVK,52,60.0
61,HLA-DRB108:01,15063.38,QIS30087,VKNLNSSRVPD,61,61.0
60,HLA-DRB108:01,17039.26,QIS30087,RVKNLNSSRVP,60,62.0
53,HLA-DRB108:01,17396.0,QIS30087,PSFYVYSRVKN,53,63.0
59,HLA-DRB108:01,18824.94,QIS30087,SRVKNLNSSRV,59,64.0
58,HLA-DRB108:01,20663.39,QIS30087,YSRVKNLNSSR,58,65.0
20,HLA-DRB111:01,864.3,QIS30087,LAFVVFLLVTL,20,1.0
22,HLA-DRB111:01,961.99,QIS30087,FVVFLLVTLAI,22,2.0
28,HLA-DRB111:01,1049.45,QIS30087,VTLAILTALRL,28,3.0
31,HLA-DRB111:01,1154.63,QIS30087,AILTALRLCAY,31,4.0
26,HLA-DRB111:01,1789.69,QIS30087,LLVTLAILTAL,26,5.0
54,HLA-DRB111:01,1834.46,QIS30087,SFYVYSRVKNL,54,6.0
50,HLA-DRB111:01,2027.7,QIS30087,LVKPSFYVYSR,50,7.0
27,HLA-DRB111:01,2316.82,QIS30087,LVTLAILTALR,27,8.0
23,HLA-DRB111:01,2974.17,QIS30087,VVFLLVTLAIL,23,9.0
32,HLA-DRB111:01,3673.48,QIS30087,ILTALRLCAYC,32,10.0
56,HLA-DRB111:01,3972.87,QIS30087,YVYSRVKNLNS,56,11.0
29,HLA-DRB111:01,4602.5,QIS30087,TLAILTALRLC,29,12.0
24,HLA-DRB111:01,4613.07,QIS30087,VFLLVTLAILT,24,13.0
45,HLA-DRB111:01,4885.66,QIS30087,IVNVSLVKPSF,45,14.0
17,HLA-DRB111:01,5812.61,QIS30087,LLFLAFVVFLL,17,15.0
19,HLA-DRB111:01,5928.17,QIS30087,FLAFVVFLLVT,19,16.0
0,HLA-DRB111:01,6012.14,QIS30087,MYSFVSEETGT,0,17.0
14,HLA-DRB111:01,6030.57,QIS30087,NSVLLFLAFVV,14,18.0
30,HLA-DRB111:01,6361.52,QIS30087,LAILTALRLCA,30,19.0
18,HLA-DRB111:01,6553.18,QIS30087,LFLAFVVFLLV,18,20.0
55,HLA-DRB111:01,6579.6,QIS30087,FYVYSRVKNLN,55,21.0
25,HLA-DRB111:01,6693.45,QIS30087,FLLVTLAILTA,25,22.0
21,HLA-DRB111:01,6832.73,QIS30087,AFVVFLLVTLA,21,23.0
12,HLA-DRB111:01,6880.58,QIS30087,IVNSVLLFLAF,12,24.0
13,HLA-DRB111:01,8451.33,QIS30087,VNSVLLFLAFV,13,25.0
47,HLA-DRB111:01,8758.92,QIS30087,NVSLVKPSFYV,47,26.0
51,HLA-DRB111:01,9280.98,QIS30087,VKPSFYVYSRV,51,27.0
5,HLA-DRB111:01,9343.05,QIS30087,SEETGTLIVNS,5,28.0
62,HLA-DRB111:01,9690.91,QIS30087,KNLNSSRVPDL,62,29.0
63,HLA-DRB111:01,10432.02,QIS30087,NLNSSRVPDLL,63,30.0
16,HLA-DRB111:01,10625.81,QIS30087,VLLFLAFVVFL,16,31.0
33,HLA-DRB111:01,11013.97,QIS30087,LTALRLCAYCC,33,32.0
61,HLA-DRB111:01,11434.37,QIS30087,VKNLNSSRVPD,61,33.0
44,HLA-DRB111:01,11632.98,QIS30087,NIVNVSLVKPS,44,34.0
64,HLA-DRB111:01,11976.59,QIS30087,LNSSRVPDLLV,64,35.0
15,HLA-DRB111:01,12055.55,QIS30087,SVLLFLAFVVF,15,36.0
41,HLA-DRB111:01,12570.4,QIS30087,YCCNIVNVSLV,41,37.0
40,HLA-DRB111:01,12939.53,QIS30087,AYCCNIVNVSL,40,38.0
39,HLA-DRB111:01,14093.52,QIS30087,CAYCCNIVNVS,39,39.0
42,HLA-DRB111:01,14204.04,QIS30087,CCNIVNVSLVK,42,40.0
53,HLA-DRB111:01,14679.56,QIS30087,PSFYVYSRVKN,53,41.0
4,HLA-DRB111:01,15934.53,QIS30087,VSEETGTLIVN,4,42.0
11,HLA-DRB111:01,16059.93,QIS30087,LIVNSVLLFLA,11,43.0
46,HLA-DRB111:01,16177.03,QIS30087,VNVSLVKPSFY,46,44.0
43,HLA-DRB111:01,16681.76,QIS30087,CNIVNVSLVKP,43,45.0
57,HLA-DRB111:01,16820.08,QIS30087,VYSRVKNLNSS,57,46.0
6,HLA-DRB111:01,18050.41,QIS30087,EETGTLIVNSV,6,47.0
9,HLA-DRB111:01,18285.82,QIS30087,GTLIVNSVLLF,9,48.0
48,HLA-DRB111:01,19232.22,QIS30087,VSLVKPSFYVY,48,49.0
3,HLA-DRB111:01,19439.48,QIS30087,FVSEETGTLIV,3,50.0
49,HLA-DRB111:01,21935.34,QIS30087,SLVKPSFYVYS,49,51.0
58,HLA-DRB111:01,22338.24,QIS30087,YSRVKNLNSSR,58,52.0
60,HLA-DRB111:01,23551.67,QIS30087,RVKNLNSSRVP,60,53.0
35,HLA-DRB111:01,24271.81,QIS30087,ALRLCAYCCNI,35,54.0
2,HLA-DRB111:01,24285.13,QIS30087,SFVSEETGTLI,2,55.0
52,HLA-DRB111:01,24541.53,QIS30087,KPSFYVYSRVK,52,56.0
38,HLA-DRB111:01,24574.12,QIS30087,LCAYCCNIVNV,38,57.0
7,HLA-DRB111:01,24749.36,QIS30087,ETGTLIVNSVL,7,58.0
34,HLA-DRB111:01,24964.57,QIS30087,TALRLCAYCCN,34,59.0
10,HLA-DRB111:01,25929.72,QIS30087,TLIVNSVLLFL,10,60.0
37,HLA-DRB111:01,26761.4,QIS30087,RLCAYCCNIVN,37,61.0
8,HLA-DRB111:01,27559.16,QIS30087,TGTLIVNSVLL,8,62.0
59,HLA-DRB111:01,30226.53,QIS30087,SRVKNLNSSRV,59,63.0
36,HLA-DRB111:01,31472.18,QIS30087,LRLCAYCCNIV,36,64.0
1,HLA-DRB111:01,32130.44,QIS30087,YSFVSEETGTL,1,65.0
31,HLA-DRB112:01,361.32,QIS30087,AILTALRLCAY,31,1.0
32,HLA-DRB112:01,674.27,QIS30087,ILTALRLCAYC,32,2.0
22,HLA-DRB112:01,801.9,QIS30087,FVVFLLVTLAI,22,3.0
46,HLA-DRB112:01,845.65,QIS30087,VNVSLVKPSFY,46,4.0
33,HLA-DRB112:01,1086.71,QIS30087,LTALRLCAYCC,33,5.0
45,HLA-DRB112:01,1087.01,QIS30087,IVNVSLVKPSF,45,6.0
50,HLA-DRB112:01,1112.3,QIS30087,LVKPSFYVYSR,50,7.0
30,HLA-DRB112:01,1145.33,QIS30087,LAILTALRLCA,30,8.0
48,HLA-DRB112:01,1436.9,QIS30087,VSLVKPSFYVY,48,9.0
28,HLA-DRB112:01,1612.94,QIS30087,VTLAILTALRL,28,10.0
49,HLA-DRB112:01,1688.09,QIS30087,SLVKPSFYVYS,49,11.0
12,HLA-DRB112:01,1706.4,QIS30087,IVNSVLLFLAF,12,12.0
15,HLA-DRB112:01,2127.05,QIS30087,SVLLFLAFVVF,15,13.0
35,HLA-DRB112:01,2391.65,QIS30087,ALRLCAYCCNI,35,14.0
19,HLA-DRB112:01,2501.16,QIS30087,FLAFVVFLLVT,19,15.0
9,HLA-DRB112:01,2603.16,QIS30087,GTLIVNSVLLF,9,16.0
18,HLA-DRB112:01,2675.04,QIS30087,LFLAFVVFLLV,18,17.0
14,HLA-DRB112:01,2759.27,QIS30087,NSVLLFLAFVV,14,18.0
24,HLA-DRB112:01,2789.77,QIS30087,VFLLVTLAILT,24,19.0
13,HLA-DRB112:01,3005.24,QIS30087,VNSVLLFLAFV,13,20.0
29,HLA-DRB112:01,3487.5,QIS30087,TLAILTALRLC,29,21.0
27,HLA-DRB112:01,3620.09,QIS30087,LVTLAILTALR,27,22.0
16,HLA-DRB112:01,3683.86,QIS30087,VLLFLAFVVFL,16,23.0
11,HLA-DRB112:01,3723.72,QIS30087,LIVNSVLLFLA,11,24.0
36,HLA-DRB112:01,4191.34,QIS30087,LRLCAYCCNIV,36,25.0
47,HLA-DRB112:01,4416.91,QIS30087,NVSLVKPSFYV,47,26.0
26,HLA-DRB112:01,4749.0,QIS30087,LLVTLAILTAL,26,27.0
10,HLA-DRB112:01,4773.67,QIS30087,TLIVNSVLLFL,10,28.0
51,HLA-DRB112:01,4915.41,QIS30087,VKPSFYVYSRV,51,29.0
17,HLA-DRB112:01,5259.76,QIS30087,LLFLAFVVFLL,17,30.0
34,HLA-DRB112:01,5550.1,QIS30087,TALRLCAYCCN,34,31.0
21,HLA-DRB112:01,5750.3,QIS30087,AFVVFLLVTLA,21,32.0
25,HLA-DRB112:01,5837.4,QIS30087,FLLVTLAILTA,25,33.0
20,HLA-DRB112:01,6486.18,QIS30087,LAFVVFLLVTL,20,34.0
23,HLA-DRB112:01,6629.88,QIS30087,VVFLLVTLAIL,23,35.0
64,HLA-DRB112:01,6836.0,QIS30087,LNSSRVPDLLV,64,36.0
8,HLA-DRB112:01,8953.84,QIS30087,TGTLIVNSVLL,8,37.0
41,HLA-DRB112:01,9640.66,QIS30087,YCCNIVNVSLV,41,38.0
40,HLA-DRB112:01,9875.71,QIS30087,AYCCNIVNVSL,40,39.0
43,HLA-DRB112:01,10220.54,QIS30087,CNIVNVSLVKP,43,40.0
7,HLA-DRB112:01,11274.65,QIS30087,ETGTLIVNSVL,7,41.0
42,HLA-DRB112:01,11495.64,QIS30087,CCNIVNVSLVK,42,42.0
38,HLA-DRB112:01,11737.58,QIS30087,LCAYCCNIVNV,38,43.0
57,HLA-DRB112:01,13787.61,QIS30087,VYSRVKNLNSS,57,44.0
63,HLA-DRB112:01,14034.69,QIS30087,NLNSSRVPDLL,63,45.0
52,HLA-DRB112:01,14351.78,QIS30087,KPSFYVYSRVK,52,46.0
54,HLA-DRB112:01,14909.29,QIS30087,SFYVYSRVKNL,54,47.0
56,HLA-DRB112:01,15500.39,QIS30087,YVYSRVKNLNS,56,48.0
44,HLA-DRB112:01,16345.94,QIS30087,NIVNVSLVKPS,44,49.0
6,HLA-DRB112:01,16740.92,QIS30087,EETGTLIVNSV,6,50.0
39,HLA-DRB112:01,17339.17,QIS30087,CAYCCNIVNVS,39,51.0
3,HLA-DRB112:01,17696.62,QIS30087,FVSEETGTLIV,3,52.0
0,HLA-DRB112:01,17911.14,QIS30087,MYSFVSEETGT,0,53.0
58,HLA-DRB112:01,19419.88,QIS30087,YSRVKNLNSSR,58,54.0
2,HLA-DRB112:01,21543.19,QIS30087,SFVSEETGTLI,2,55.0
62,HLA-DRB112:01,22864.94,QIS30087,KNLNSSRVPDL,62,56.0
37,HLA-DRB112:01,22918.44,QIS30087,RLCAYCCNIVN,37,57.0
53,HLA-DRB112:01,23189.95,QIS30087,PSFYVYSRVKN,53,58.0
61,HLA-DRB112:01,23653.86,QIS30087,VKNLNSSRVPD,61,59.0
1,HLA-DRB112:01,25124.56,QIS30087,YSFVSEETGTL,1,60.0
55,HLA-DRB112:01,25385.28,QIS30087,FYVYSRVKNLN,55,61.0
59,HLA-DRB112:01,25701.13,QIS30087,SRVKNLNSSRV,59,62.0
4,HLA-DRB112:01,26046.23,QIS30087,VSEETGTLIVN,4,63.0
5,HLA-DRB112:01,26348.18,QIS30087,SEETGTLIVNS,5,64.0
60,HLA-DRB112:01,26908.89,QIS30087,RVKNLNSSRVP,60,65.0
50,HLA-DRB112:02,106.27,QIS30087,LVKPSFYVYSR,50,1.0
45,HLA-DRB112:02,324.89,QIS30087,IVNVSLVKPSF,45,2.0
51,HLA-DRB112:02,359.04,QIS30087,VKPSFYVYSRV,51,3.0
47,HLA-DRB112:02,451.14,QIS30087,NVSLVKPSFYV,47,4.0
49,HLA-DRB112:02,552.5,QIS30087,SLVKPSFYVYS,49,5.0
46,HLA-DRB112:02,673.9,QIS30087,VNVSLVKPSFY,46,6.0
44,HLA-DRB112:02,712.96,QIS30087,NIVNVSLVKPS,44,7.0
61,HLA-DRB112:02,869.36,QIS30087,VKNLNSSRVPD,61,8.0
36,HLA-DRB112:02,956.21,QIS30087,LRLCAYCCNIV,36,9.0
42,HLA-DRB112:02,1059.73,QIS30087,CCNIVNVSLVK,42,10.0
43,HLA-DRB112:02,1080.29,QIS30087,CNIVNVSLVKP,43,11.0
48,HLA-DRB112:02,1101.17,QIS30087,VSLVKPSFYVY,48,12.0
30,HLA-DRB112:02,1793.88,QIS30087,LAILTALRLCA,30,13.0
31,HLA-DRB112:02,1916.41,QIS30087,AILTALRLCAY,31,14.0
38,HLA-DRB112:02,2037.77,QIS30087,LCAYCCNIVNV,38,15.0
60,HLA-DRB112:02,2314.24,QIS30087,RVKNLNSSRVP,60,16.0
0,HLA-DRB112:02,2315.51,QIS30087,MYSFVSEETGT,0,17.0
27,HLA-DRB112:02,2341.79,QIS30087,LVTLAILTALR,27,18.0
32,HLA-DRB112:02,2342.41,QIS30087,ILTALRLCAYC,32,19.0
35,HLA-DRB112:02,2431.36,QIS30087,ALRLCAYCCNI,35,20.0
28,HLA-DRB112:02,2636.6,QIS30087,VTLAILTALRL,28,21.0
34,HLA-DRB112:02,2678.6,QIS30087,TALRLCAYCCN,34,22.0
64,HLA-DRB112:02,2924.13,QIS30087,LNSSRVPDLLV,64,23.0
54,HLA-DRB112:02,3576.55,QIS30087,SFYVYSRVKNL,54,24.0
63,HLA-DRB112:02,3717.4,QIS30087,NLNSSRVPDLL,63,25.0
33,HLA-DRB112:02,3991.07,QIS30087,LTALRLCAYCC,33,26.0
37,HLA-DRB112:02,4121.25,QIS30087,RLCAYCCNIVN,37,27.0
62,HLA-DRB112:02,4361.87,QIS30087,KNLNSSRVPDL,62,28.0
55,HLA-DRB112:02,4745.93,QIS30087,FYVYSRVKNLN,55,29.0
7,HLA-DRB112:02,5364.48,QIS30087,ETGTLIVNSVL,7,30.0
29,HLA-DRB112:02,5422.17,QIS30087,TLAILTALRLC,29,31.0
6,HLA-DRB112:02,5446.89,QIS30087,EETGTLIVNSV,6,32.0
41,HLA-DRB112:02,5736.45,QIS30087,YCCNIVNVSLV,41,33.0
12,HLA-DRB112:02,5812.65,QIS30087,IVNSVLLFLAF,12,34.0
26,HLA-DRB112:02,5814.47,QIS30087,LLVTLAILTAL,26,35.0
40,HLA-DRB112:02,5854.36,QIS30087,AYCCNIVNVSL,40,36.0
1,HLA-DRB112:02,6067.26,QIS30087,YSFVSEETGTL,1,37.0
11,HLA-DRB112:02,6157.46,QIS30087,LIVNSVLLFLA,11,38.0
56,HLA-DRB112:02,6178.32,QIS30087,YVYSRVKNLNS,56,39.0
23,HLA-DRB112:02,6368.14,QIS30087,VVFLLVTLAIL,23,40.0
20,HLA-DRB112:02,6377.85,QIS30087,LAFVVFLLVTL,20,41.0
9,HLA-DRB112:02,6429.0,QIS30087,GTLIVNSVLLF,9,42.0
2,HLA-DRB112:02,6536.74,QIS30087,SFVSEETGTLI,2,43.0
8,HLA-DRB112:02,6680.64,QIS30087,TGTLIVNSVLL,8,44.0
52,HLA-DRB112:02,7114.6,QIS30087,KPSFYVYSRVK,52,45.0
39,HLA-DRB112:02,7506.05,QIS30087,CAYCCNIVNVS,39,46.0
16,HLA-DRB112:02,7768.47,QIS30087,VLLFLAFVVFL,16,47.0
10,HLA-DRB112:02,7805.91,QIS30087,TLIVNSVLLFL,10,48.0
13,HLA-DRB112:02,7902.76,QIS30087,VNSVLLFLAFV,13,49.0
59,HLA-DRB112:02,8128.5,QIS30087,SRVKNLNSSRV,59,50.0
3,HLA-DRB112:02,8782.34,QIS30087,FVSEETGTLIV,3,51.0
17,HLA-DRB112:02,10592.78,QIS30087,LLFLAFVVFLL,17,52.0
15,HLA-DRB112:02,10676.53,QIS30087,SVLLFLAFVVF,15,53.0
5,HLA-DRB112:02,11628.34,QIS30087,SEETGTLIVNS,5,54.0
22,HLA-DRB112:02,11890.66,QIS30087,FVVFLLVTLAI,22,55.0
25,HLA-DRB112:02,13025.19,QIS30087,FLLVTLAILTA,25,56.0
53,HLA-DRB112:02,13148.4,QIS30087,PSFYVYSRVKN,53,57.0
21,HLA-DRB112:02,13485.67,QIS30087,AFVVFLLVTLA,21,58.0
18,HLA-DRB112:02,13515.46,QIS30087,LFLAFVVFLLV,18,59.0
14,HLA-DRB112:02,14010.99,QIS30087,NSVLLFLAFVV,14,60.0
4,HLA-DRB112:02,14619.5,QIS30087,VSEETGTLIVN,4,61.0
24,HLA-DRB112:02,17021.96,QIS30087,VFLLVTLAILT,24,62.0
19,HLA-DRB112:02,18854.6,QIS30087,FLAFVVFLLVT,19,63.0
58,HLA-DRB112:02,21147.82,QIS30087,YSRVKNLNSSR,58,64.0
57,HLA-DRB112:02,21912.7,QIS30087,VYSRVKNLNSS,57,65.0
35,HLA-DRB113:01,257.65,QIS30087,ALRLCAYCCNI,35,1.0
48,HLA-DRB113:01,461.5,QIS30087,VSLVKPSFYVY,48,2.0
33,HLA-DRB113:01,567.19,QIS30087,LTALRLCAYCC,33,3.0
22,HLA-DRB113:01,586.3,QIS30087,FVVFLLVTLAI,22,4.0
28,HLA-DRB113:01,617.64,QIS30087,VTLAILTALRL,28,5.0
32,HLA-DRB113:01,733.79,QIS30087,ILTALRLCAYC,32,6.0
45,HLA-DRB113:01,1023.61,QIS30087,IVNVSLVKPSF,45,7.0
31,HLA-DRB113:01,1093.77,QIS30087,AILTALRLCAY,31,8.0
50,HLA-DRB113:01,1119.6,QIS30087,LVKPSFYVYSR,50,9.0
34,HLA-DRB113:01,1948.05,QIS30087,TALRLCAYCCN,34,10.0
46,HLA-DRB113:01,2037.08,QIS30087,VNVSLVKPSFY,46,11.0
47,HLA-DRB113:01,2079.96,QIS30087,NVSLVKPSFYV,47,12.0
23,HLA-DRB113:01,2098.97,QIS30087,VVFLLVTLAIL,23,13.0
55,HLA-DRB113:01,3181.62,QIS30087,FYVYSRVKNLN,55,14.0
10,HLA-DRB113:01,3727.11,QIS30087,TLIVNSVLLFL,10,15.0
9,HLA-DRB113:01,4514.93,QIS30087,GTLIVNSVLLF,9,16.0
29,HLA-DRB113:01,4854.76,QIS30087,TLAILTALRLC,29,17.0
49,HLA-DRB113:01,4973.41,QIS30087,SLVKPSFYVYS,49,18.0
27,HLA-DRB113:01,5609.78,QIS30087,LVTLAILTALR,27,19.0
0,HLA-DRB113:01,5987.11,QIS30087,MYSFVSEETGT,0,20.0
26,HLA-DRB113:01,5992.0,QIS30087,LLVTLAILTAL,26,21.0
51,HLA-DRB113:01,6020.56,QIS30087,VKPSFYVYSRV,51,22.0
12,HLA-DRB113:01,6678.63,QIS30087,IVNSVLLFLAF,12,23.0
24,HLA-DRB113:01,8473.67,QIS30087,VFLLVTLAILT,24,24.0
64,HLA-DRB113:01,8652.25,QIS30087,LNSSRVPDLLV,64,25.0
56,HLA-DRB113:01,9141.56,QIS30087,YVYSRVKNLNS,56,26.0
20,HLA-DRB113:01,9227.67,QIS30087,LAFVVFLLVTL,20,27.0
30,HLA-DRB113:01,9942.96,QIS30087,LAILTALRLCA,30,28.0
54,HLA-DRB113:01,11043.87,QIS30087,SFYVYSRVKNL,54,29.0
15,HLA-DRB113:01,11178.85,QIS30087,SVLLFLAFVVF,15,30.0
16,HLA-DRB113:01,11592.27,QIS30087,VLLFLAFVVFL,16,31.0
41,HLA-DRB113:01,11709.49,QIS30087,YCCNIVNVSLV,41,32.0
39,HLA-DRB113:01,12465.24,QIS30087,CAYCCNIVNVS,39,33.0
42,HLA-DRB113:01,13253.96,QIS30087,CCNIVNVSLVK,42,34.0
2,HLA-DRB113:01,14385.49,QIS30087,SFVSEETGTLI,2,35.0
38,HLA-DRB113:01,14762.35,QIS30087,LCAYCCNIVNV,38,36.0
36,HLA-DRB113:01,14944.98,QIS30087,LRLCAYCCNIV,36,37.0
37,HLA-DRB113:01,16506.96,QIS30087,RLCAYCCNIVN,37,38.0
40,HLA-DRB113:01,16590.59,QIS30087,AYCCNIVNVSL,40,39.0
5,HLA-DRB113:01,17484.53,QIS30087,SEETGTLIVNS,5,40.0
63,HLA-DRB113:01,18436.48,QIS30087,NLNSSRVPDLL,63,41.0
8,HLA-DRB113:01,19007.7,QIS30087,TGTLIVNSVLL,8,42.0
25,HLA-DRB113:01,19471.73,QIS30087,FLLVTLAILTA,25,43.0
3,HLA-DRB113:01,20186.01,QIS30087,FVSEETGTLIV,3,44.0
44,HLA-DRB113:01,20877.82,QIS30087,NIVNVSLVKPS,44,45.0
14,HLA-DRB113:01,20912.51,QIS30087,NSVLLFLAFVV,14,46.0
6,HLA-DRB113:01,21848.67,QIS30087,EETGTLIVNSV,6,47.0
4,HLA-DRB113:01,22263.87,QIS30087,VSEETGTLIVN,4,48.0
11,HLA-DRB113:01,22450.36,QIS30087,LIVNSVLLFLA,11,49.0
61,HLA-DRB113:01,23059.17,QIS30087,VKNLNSSRVPD,61,50.0
21,HLA-DRB113:01,23851.3,QIS30087,AFVVFLLVTLA,21,51.0
62,HLA-DRB113:01,24197.31,QIS30087,KNLNSSRVPDL,62,52.0
17,HLA-DRB113:01,24631.34,QIS30087,LLFLAFVVFLL,17,53.0
13,HLA-DRB113:01,24854.67,QIS30087,VNSVLLFLAFV,13,54.0
7,HLA-DRB113:01,25389.65,QIS30087,ETGTLIVNSVL,7,55.0
1,HLA-DRB113:01,25398.14,QIS30087,YSFVSEETGTL,1,56.0
57,HLA-DRB113:01,25724.59,QIS30087,VYSRVKNLNSS,57,57.0
43,HLA-DRB113:01,26016.27,QIS30087,CNIVNVSLVKP,43,58.0
53,HLA-DRB113:01,26055.66,QIS30087,PSFYVYSRVKN,53,59.0
59,HLA-DRB113:01,26893.82,QIS30087,SRVKNLNSSRV,59,60.0
52,HLA-DRB113:01,27022.15,QIS30087,KPSFYVYSRVK,52,61.0
58,HLA-DRB113:01,27699.49,QIS30087,YSRVKNLNSSR,58,62.0
60,HLA-DRB113:01,29095.02,QIS30087,RVKNLNSSRVP,60,63.0
19,HLA-DRB113:01,35136.47,QIS30087,FLAFVVFLLVT,19,64.0
18,HLA-DRB113:01,36659.42,QIS30087,LFLAFVVFLLV,18,65.0
